id,symbol,ts,split,side,achg,eff,rng,risk,spike,alpha,gap,v6,v12,v24,ladder,btc4h,btc_reg,alt_reg,win,R,tb,idx,streak,photo_split
s0,XPLUSDT,1779942600000,train,-1,-4.22,0.462,6.73,4.65,2.28,-2.35,2.16,0.0,0.0,0.0,0,-1.87,neutral,neutral,0,-1.0,24,41,0,train
s1,PUMPUSDT,1779942600000,train,-1,-4.9,0.543,7.96,5.68,2.82,-3.03,2.6,0.0,0.0,0.0,0,-1.87,neutral,neutral,0,0.649,32,41,0,train
s2,WLDUSDT,1779942600000,train,-1,-3.28,0.357,5.74,3.77,1.93,-1.41,1.75,0.0,0.0,0.0,0,-1.87,neutral,neutral,1,2.0,23,41,0,train
s3,ENAUSDT,1779942600000,train,-1,-3.81,0.508,5.74,3.95,2.14,-1.94,1.76,0.0,0.0,0.0,0,-1.87,neutral,neutral,0,0.59,32,41,0,train
s4,ARBUSDT,1779942600000,train,-1,-4.19,0.495,5.93,4.47,2.29,-2.32,2.07,0.0,0.0,0.0,0,-1.87,neutral,neutral,0,0.13,32,41,0,train
s5,OPUSDT,1779942600000,train,-1,-4.62,0.613,6.63,4.93,3.72,-2.74,2.54,0.0,0.0,0.0,0,-1.87,neutral,neutral,0,0.19,32,41,0,train
s6,SUIUSDT,1779942600000,train,-1,-3.93,0.574,5.88,4.12,2.43,-2.05,2.03,0.0,0.0,0.0,0,-1.87,neutral,neutral,0,0.171,32,41,0,train
s7,TIAUSDT,1779942600000,train,-1,-5.08,0.53,7.24,5.35,1.77,-3.2,2.4,0.0,0.0,0.0,0,-1.87,neutral,neutral,0,0.242,32,41,0,train
s8,JUPUSDT,1779942600000,train,-1,-5.19,0.636,7.71,5.53,1.11,-3.31,2.22,0.0,0.0,0.0,0,-1.87,neutral,neutral,0,0.192,32,41,0,train
s9,XPLUSDT,1779943500000,train,-1,-4.46,0.475,6.76,5.04,1.86,-2.59,2.21,0.0,0.0,0.0,0,-1.87,neutral,neutral,0,-1.0,23,42,1,train
s10,PUMPUSDT,1779943500000,train,-1,-4.52,0.509,7.95,5.56,2.04,-2.65,2.3,0.0,0.0,0.0,0,-1.87,neutral,neutral,0,0.6,32,42,0,train
s11,ENAUSDT,1779943500000,train,-1,-3.63,0.488,5.73,3.89,1.45,-1.76,1.52,0.0,0.0,0.0,0,-1.87,neutral,neutral,0,0.593,32,42,0,train
s12,ARBUSDT,1779943500000,train,-1,-3.92,0.477,5.64,4.18,1.85,-2.05,1.84,0.0,0.0,0.0,0,-1.87,neutral,neutral,0,0.116,32,42,1,train
s13,OPUSDT,1779943500000,train,-1,-4.39,0.6,6.46,4.76,2.07,-2.51,2.24,0.0,0.0,0.0,0,-1.87,neutral,neutral,0,0.125,32,42,0,train
s14,SUIUSDT,1779943500000,train,-1,-3.82,0.563,5.88,4.1,1.59,-1.94,1.8,0.0,0.0,0.0,0,-1.87,neutral,neutral,0,0.103,32,42,0,train
s15,TIAUSDT,1779943500000,train,-1,-4.42,0.489,6.83,4.89,1.55,-2.55,2.16,0.0,0.0,0.0,0,-1.87,neutral,neutral,0,0.26,32,42,0,train
s16,JUPUSDT,1779943500000,train,-1,-4.84,0.619,7.48,5.3,0.91,-2.96,1.92,0.0,0.0,0.0,0,-1.87,neutral,neutral,0,0.168,32,42,0,train
s17,PENDLEUSDT,1779943500000,train,-1,-2.23,0.385,4.22,2.43,1.03,-0.36,0.4,0.0,0.0,0.0,0,-1.87,neutral,neutral,0,0.496,32,42,1,train
s18,ONDOUSDT,1779943500000,train,-1,-6.69,0.853,8.98,7.25,3.06,-4.81,3.08,0.0,0.0,0.0,0,-1.87,neutral,neutral,0,-0.015,32,41,0,train
s19,STXUSDT,1779943500000,testB,-1,-4.06,0.543,5.43,4.36,1.58,-2.18,1.94,0.0,0.0,0.0,0,-1.87,neutral,neutral,0,-0.235,32,41,1,testB
s20,GRTUSDT,1779943500000,testB,-1,-2.55,0.445,4.14,2.92,1.49,-0.68,1.2,0.0,0.0,0.0,0,-1.87,neutral,neutral,0,0.26,32,41,0,testB
s21,LDOUSDT,1779943500000,testB,-1,-4.11,0.504,6.04,4.44,1.65,-2.23,1.77,0.0,0.0,0.0,0,-1.87,neutral,neutral,0,0.035,32,41,0,testB
s22,SANDUSDT,1779943500000,testB,-1,-3.96,0.572,6.19,4.28,3.01,-2.08,2.0,0.0,0.0,0.0,0,-1.87,neutral,neutral,0,-0.042,32,41,0,testB
s23,MANAUSDT,1779943500000,testB,-1,-2.14,0.375,4.01,2.55,1.52,-0.27,0.95,0.0,0.0,0.0,0,-1.87,neutral,neutral,0,-0.095,32,41,0,testB
s24,AXSUSDT,1779943500000,testB,-1,-5.42,0.775,7.39,5.91,2.35,-3.55,2.54,0.0,0.0,0.0,0,-1.87,neutral,neutral,0,-0.156,32,41,1,testB
s25,APEUSDT,1779943500000,testB,-1,-4.47,0.522,6.11,4.84,1.02,-2.6,2.12,0.0,0.0,0.0,0,-1.87,neutral,neutral,0,0.246,32,41,0,testB
s26,XPLUSDT,1779944400000,train,-1,-5.06,0.506,6.7,5.96,0.62,-3.11,2.95,0.0,0.0,0.0,0,-1.96,neutral,bajista,0,-1.0,19,43,2,train
s27,PUMPUSDT,1779944400000,train,-1,-4.93,0.53,8.02,6.43,0.62,-2.98,2.78,0.0,0.0,0.0,0,-1.96,neutral,neutral,0,0.431,32,43,1,train
s28,ENAUSDT,1779944400000,train,-1,-4.22,0.524,5.1,4.44,0.59,-2.26,2.42,0.0,0.0,0.0,0,-1.96,neutral,neutral,0,0.341,32,43,1,train
s29,ARBUSDT,1779944400000,train,-1,-3.94,0.477,5.37,4.29,0.85,-1.98,2.03,0.0,0.0,0.0,0,-1.96,neutral,bajista,0,0.114,32,43,2,train
s30,OPUSDT,1779944400000,train,-1,-5.2,0.64,6.26,5.49,0.68,-3.25,2.86,0.0,0.0,0.0,0,-1.96,neutral,neutral,0,-0.031,32,43,1,train
s31,SUIUSDT,1779944400000,train,-1,-4.11,0.581,5.53,4.39,0.79,-2.16,2.19,0.0,0.0,0.0,0,-1.96,neutral,neutral,0,-0.01,32,43,1,train
s32,TIAUSDT,1779944400000,train,-1,-4.83,0.51,6.57,5.41,0.9,-2.87,2.67,0.0,0.0,0.0,0,-1.96,neutral,neutral,0,0.058,32,43,1,train
s33,JUPUSDT,1779944400000,train,-1,-5.47,0.648,7.36,5.85,0.42,-3.52,2.37,0.0,0.0,0.0,0,-1.96,neutral,neutral,0,0.096,32,43,1,train
s34,ONDOUSDT,1779944400000,train,-1,-6.03,0.839,8.04,6.42,1.19,-4.07,2.95,0.0,0.0,0.0,0,-1.96,neutral,neutral,0,0.039,32,42,1,train
s35,STXUSDT,1779944400000,testB,-1,-4.45,0.565,5.19,4.75,0.78,-2.49,2.36,0.0,0.0,0.0,0,-1.96,neutral,bajista,0,-0.283,32,42,2,testB
s36,GRTUSDT,1779944400000,testB,-1,-3.01,0.485,4.17,3.83,0.88,-1.05,1.88,0.0,0.0,0.0,0,-1.96,neutral,neutral,0,0.06,32,42,1,testB
s37,LDOUSDT,1779944400000,testB,-1,-4.57,0.53,5.77,4.82,0.9,-2.61,2.22,0.0,0.0,0.0,0,-1.96,neutral,neutral,0,-0.086,32,42,1,testB
s38,SANDUSDT,1779944400000,testB,-1,-4.79,0.62,6.16,5.11,1.0,-2.83,2.61,0.0,0.0,0.0,0,-1.96,neutral,neutral,0,-0.166,32,42,1,testB
s39,MANAUSDT,1779944400000,testB,-1,-2.74,0.434,3.92,3.06,0.76,-0.78,1.42,0.0,0.0,0.0,0,-1.96,neutral,neutral,0,-0.36,32,42,1,testB
s40,AXSUSDT,1779944400000,testB,-1,-5.69,0.783,7.05,5.94,0.53,-3.73,2.69,0.0,0.0,0.0,0,-1.96,neutral,bajista,0,-0.234,32,42,2,testB
s41,APEUSDT,1779944400000,testB,-1,-5.54,0.575,6.27,6.11,0.63,-3.59,3.12,0.0,0.0,0.0,0,-1.96,neutral,neutral,0,0.013,32,42,1,testB
s42,XPLUSDT,1779945300000,train,-1,-4.86,0.494,6.86,6.48,0.57,-3.06,3.2,0.0,0.0,0.0,0,-1.8,neutral,bajista,0,-1.0,18,44,3,train
s43,PUMPUSDT,1779945300000,train,-1,-5.01,0.533,8.07,7.06,0.54,-3.21,3.08,0.0,0.0,0.0,0,-1.8,neutral,bajista,0,0.244,32,44,2,train
s44,ENAUSDT,1779945300000,train,-1,-3.78,0.494,5.13,4.96,0.54,-1.97,2.67,0.0,0.0,0.0,0,-1.8,neutral,bajista,0,0.217,32,44,2,train
s45,ARBUSDT,1779945300000,train,-1,-3.5,0.446,5.4,4.91,0.62,-1.7,2.41,0.0,0.0,0.0,0,-1.8,neutral,bajista,0,-0.04,32,44,3,train
s46,OPUSDT,1779945300000,train,-1,-4.92,0.625,6.3,6.13,0.48,-3.12,3.16,0.0,0.0,0.0,0,-1.8,neutral,bajista,0,-0.141,32,44,2,train
s47,SUIUSDT,1779945300000,train,-1,-4.07,0.576,5.57,5.11,0.54,-2.27,2.63,0.0,0.0,0.0,0,-1.8,neutral,bajista,0,-0.159,32,44,2,train
s48,TIAUSDT,1779945300000,train,-1,-3.9,0.444,6.56,5.31,0.75,-2.09,2.37,0.0,0.0,0.0,0,-1.8,neutral,neutral,0,-0.05,32,44,0,train
s49,JUPUSDT,1779945300000,train,-1,-4.43,0.594,6.5,5.54,0.33,-2.63,2.7,0.0,0.0,0.0,0,-1.8,neutral,bajista,0,0.01,32,44,2,train
s50,ONDOUSDT,1779945300000,train,-1,-5.49,0.825,7.72,6.29,0.47,-3.69,2.89,0.0,0.0,0.0,0,-1.8,neutral,bajista,0,-0.049,32,43,2,train
s51,ARUSDT,1779945300000,testB,-1,-6.35,0.507,8.77,7.07,0.54,-4.55,2.78,0.0,0.0,0.0,0,-1.8,neutral,bajista,0,0.26,32,43,3,testB
s52,STXUSDT,1779945300000,testB,-1,-3.8,0.524,5.21,5.03,0.51,-2.0,2.45,0.0,0.0,0.0,0,-1.8,neutral,bajista,0,-0.339,32,43,3,testB
s53,GRTUSDT,1779945300000,testB,-1,-2.8,0.466,4.57,4.19,0.74,-1.0,2.07,0.0,0.0,0.0,0,-1.8,neutral,bajista,0,-0.083,32,43,2,testB
s54,LDOUSDT,1779945300000,testB,-1,-4.31,0.513,5.52,5.33,0.53,-2.5,2.72,0.0,0.0,0.0,0,-1.8,neutral,bajista,0,-0.251,32,43,2,testB
s55,SANDUSDT,1779945300000,testB,-1,-4.52,0.605,6.19,5.52,0.73,-2.71,2.75,0.0,0.0,0.0,0,-1.8,neutral,bajista,0,-0.261,32,43,2,testB
s56,MANAUSDT,1779945300000,testB,-1,-2.52,0.412,3.94,3.57,0.62,-0.71,1.78,0.0,0.0,0.0,0,-1.8,neutral,bajista,0,-0.552,32,43,2,testB
s57,AXSUSDT,1779945300000,testB,-1,-4.96,0.757,6.15,5.5,0.39,-3.16,2.86,0.0,0.0,0.0,0,-1.8,neutral,bajista,0,-0.39,32,43,3,testB
s58,APEUSDT,1779945300000,testB,-1,-4.7,0.53,6.7,6.62,0.54,-2.89,3.29,0.0,0.0,0.0,0,-1.8,neutral,bajista,0,-0.061,32,43,2,testB
s59,PUMPUSDT,1779946200000,train,-1,-4.65,0.48,8.0,6.11,0.48,-2.99,1.97,0.0,0.0,0.0,0,-1.66,neutral,neutral,0,0.51,32,45,0,train
s60,ENAUSDT,1779946200000,train,-1,-3.79,0.501,5.1,4.33,0.55,-2.13,1.88,0.0,0.0,0.0,0,-1.66,neutral,neutral,0,0.664,32,45,0,train
s61,ARBUSDT,1779946200000,train,-1,-3.77,0.5,5.39,4.8,0.64,-2.11,2.06,0.0,0.0,0.0,0,-1.66,neutral,neutral,0,0.082,32,45,0,train
s62,OPUSDT,1779946200000,train,-1,-4.67,0.576,6.27,5.67,0.41,-3.01,2.45,0.0,0.0,0.0,0,-1.66,neutral,neutral,0,-0.015,32,45,0,train
s63,SUIUSDT,1779946200000,train,-1,-4.12,0.593,5.55,4.69,0.54,-2.46,2.01,0.0,0.0,0.0,0,-1.66,neutral,neutral,0,0.075,32,45,0,train
s64,TIAUSDT,1779946200000,train,-1,-4.28,0.517,6.55,5.03,0.76,-2.62,1.83,0.0,0.0,0.0,0,-1.66,neutral,neutral,0,0.172,32,45,0,train
s65,JUPUSDT,1779946200000,train,-1,-3.88,0.486,6.45,4.77,0.37,-2.22,1.74,0.0,0.0,0.0,0,-1.66,neutral,neutral,0,0.294,32,45,0,train
s66,PENDLEUSDT,1779946200000,train,-1,-2.05,0.375,3.25,2.47,0.71,-0.39,1.17,0.0,0.0,0.0,0,-1.66,neutral,neutral,0,-1.0,17,45,0,train
s67,ONDOUSDT,1779946200000,train,-1,-4.99,0.696,7.68,5.7,0.35,-3.33,2.09,0.0,0.0,0.0,0,-1.66,neutral,neutral,0,0.127,32,44,0,train
s68,FETUSDT,1779946200000,train,-1,-6.98,0.629,9.67,7.95,0.47,-5.32,2.55,0.0,0.0,0.0,0,-1.66,neutral,neutral,0,0.114,32,44,0,train
s69,STXUSDT,1779946200000,testB,-1,-3.57,0.48,5.18,4.37,0.47,-1.91,1.66,0.0,0.0,0.0,0,-1.66,neutral,neutral,0,-0.184,32,44,0,testB
s70,LDOUSDT,1779946200000,testB,-1,-4.02,0.465,5.5,4.8,0.48,-2.36,1.99,0.0,0.0,0.0,0,-1.66,neutral,neutral,0,-0.079,32,44,0,testB
s71,SANDUSDT,1779946200000,testB,-1,-4.23,0.545,6.17,5.12,0.61,-2.56,2.14,0.0,0.0,0.0,0,-1.66,neutral,neutral,0,-0.204,32,44,0,testB
s72,AXSUSDT,1779946200000,testB,-1,-4.35,0.636,6.12,5.01,0.33,-2.69,2.15,0.0,0.0,0.0,0,-1.66,neutral,neutral,0,-0.333,32,44,0,testB
s73,APEUSDT,1779946200000,testB,-1,-4.68,0.53,6.68,6.19,0.55,-3.02,2.61,0.0,0.0,0.0,0,-1.66,neutral,neutral,0,-0.0,32,44,0,testB
s74,PUMPUSDT,1779947100000,train,-1,-5.45,0.605,7.65,5.89,0.43,-3.63,1.84,0.0,0.0,0.0,0,-1.82,neutral,neutral,0,0.54,32,46,1,train
s75,ENAUSDT,1779947100000,train,-1,-4.17,0.538,5.11,4.65,0.61,-2.35,1.89,0.0,0.0,0.0,0,-1.82,neutral,neutral,0,0.516,32,46,1,train
s76,ARBUSDT,1779947100000,train,-1,-3.95,0.538,5.38,4.6,0.56,-2.13,1.64,0.0,0.0,0.0,0,-1.82,neutral,neutral,0,0.106,32,46,0,train
s77,OPUSDT,1779947100000,train,-1,-4.98,0.642,6.27,5.67,0.37,-3.16,2.21,0.0,0.0,0.0,0,-1.82,neutral,neutral,0,-0.03,32,46,0,train
s78,SUIUSDT,1779947100000,train,-1,-4.33,0.605,5.46,4.82,0.52,-2.51,1.97,0.0,0.0,0.0,0,-1.82,neutral,neutral,0,-0.009,32,46,1,train
s79,TIAUSDT,1779947100000,train,-1,-4.82,0.59,6.54,5.26,0.69,-3.0,1.82,0.0,0.0,0.0,0,-1.82,neutral,neutral,0,0.083,32,46,1,train
s80,JUPUSDT,1779947100000,train,-1,-4.25,0.552,6.46,4.83,0.34,-2.43,1.63,0.0,0.0,0.0,0,-1.82,neutral,neutral,0,0.512,32,46,1,train
s81,PENDLEUSDT,1779947100000,train,-1,-2.55,0.441,3.26,2.89,0.69,-0.73,1.34,0.0,0.0,0.0,0,-1.82,neutral,neutral,0,-1.0,16,46,1,train
s82,ONDOUSDT,1779947100000,train,-1,-4.95,0.69,7.53,5.38,0.34,-3.13,1.63,0.0,0.0,0.0,0,-1.82,neutral,neutral,0,0.078,32,45,0,train
s83,FETUSDT,1779947100000,train,-1,-6.74,0.615,9.49,7.72,0.42,-4.92,2.23,0.0,0.0,0.0,0,-1.82,neutral,neutral,0,0.199,32,45,0,train
s84,ARUSDT,1779947100000,testB,-1,-5.26,0.449,8.64,6.02,0.53,-3.44,1.56,0.0,0.0,0.0,0,-1.82,neutral,neutral,0,0.69,32,45,1,testB
s85,STXUSDT,1779947100000,testB,-1,-3.9,0.552,5.17,4.33,0.51,-2.08,1.43,0.0,0.0,0.0,0,-1.82,neutral,neutral,0,-0.186,32,45,0,testB
s86,LDOUSDT,1779947100000,testB,-1,-4.32,0.511,5.5,4.86,0.34,-2.5,1.84,0.0,0.0,0.0,0,-1.82,neutral,neutral,0,-0.176,32,45,1,testB
s87,SANDUSDT,1779947100000,testB,-1,-4.44,0.592,6.16,5.01,0.49,-2.62,1.85,0.0,0.0,0.0,0,-1.82,neutral,neutral,0,-0.175,32,45,0,testB
s88,AXSUSDT,1779947100000,testB,-1,-4.0,0.57,5.83,4.44,0.33,-2.18,1.69,0.0,0.0,0.0,0,-1.82,neutral,neutral,0,-0.375,32,45,0,testB
s89,APEUSDT,1779947100000,testB,-1,-5.13,0.583,6.69,6.45,0.53,-3.31,2.55,0.0,0.0,0.0,0,-1.82,neutral,neutral,0,0.087,32,45,1,testB
s90,XPLUSDT,1779948000000,train,-1,-5.05,0.417,6.8,5.56,0.67,-3.21,1.77,0.0,0.0,0.0,0,-1.84,neutral,bajista,0,-1.0,15,47,2,train
s91,PUMPUSDT,1779948000000,train,-1,-5.79,0.619,7.68,6.26,0.37,-3.95,1.91,0.0,0.0,0.0,0,-1.84,neutral,bajista,0,0.415,32,47,2,train
s92,0GUSDT,1779948000000,train,-1,-2.97,0.386,4.41,4.0,0.53,-1.13,0.93,0.0,0.0,0.0,0,-1.84,neutral,neutral,0,-0.066,32,47,0,train
s93,ENAUSDT,1779948000000,train,-1,-3.99,0.505,5.06,4.24,0.51,-2.15,1.26,0.0,0.0,0.0,0,-1.84,neutral,neutral,0,0.407,32,47,0,train
s94,ARBUSDT,1779948000000,train,-1,-4.31,0.622,5.38,4.6,0.5,-2.47,1.34,0.0,0.0,0.0,0,-1.84,neutral,neutral,0,-0.0,32,47,1,train
s95,OPUSDT,1779948000000,train,-1,-5.37,0.717,6.19,5.67,0.3,-3.53,1.96,0.0,0.0,0.0,0,-1.84,neutral,neutral,0,-0.015,32,47,1,train
s96,SUIUSDT,1779948000000,train,-1,-4.39,0.619,5.46,4.66,0.42,-2.55,1.55,0.0,0.0,0.0,0,-1.84,neutral,neutral,0,-0.087,32,47,0,train
s97,TIAUSDT,1779948000000,train,-1,-5.08,0.602,6.27,5.4,0.63,-3.24,1.9,0.0,0.0,0.0,0,-1.84,neutral,bajista,0,0.036,32,47,2,train
s98,JUPUSDT,1779948000000,train,-1,-4.61,0.606,6.41,4.95,0.28,-2.77,1.4,0.0,0.0,0.0,0,-1.84,neutral,bajista,0,0.659,32,47,2,train
s99,PENDLEUSDT,1779948000000,train,-1,-2.02,0.358,2.88,2.33,0.54,-0.18,0.93,0.0,0.0,0.0,0,-1.84,neutral,neutral,0,-1.0,15,47,0,train
s100,ONDOUSDT,1779948000000,train,-1,-4.4,0.663,6.87,4.86,0.35,-2.56,1.5,0.0,0.0,0.0,0,-1.84,neutral,neutral,0,-0.155,32,46,1,train
s101,ARUSDT,1779948000000,testB,-1,-6.42,0.498,8.19,6.96,0.69,-4.58,2.38,0.0,0.0,0.0,0,-1.84,neutral,bajista,0,0.245,32,46,2,testB
s102,STXUSDT,1779948000000,testB,-1,-4.07,0.59,5.17,4.33,0.42,-2.22,1.17,0.0,0.0,0.0,0,-1.84,neutral,neutral,0,-0.165,32,46,0,testB
s103,GRTUSDT,1779948000000,testB,-1,-2.74,0.425,4.54,3.47,0.46,-0.9,0.92,0.0,0.0,0.0,0,-1.84,neutral,bajista,0,0.264,32,46,2,testB
s104,LDOUSDT,1779948000000,testB,-1,-4.58,0.557,5.5,4.9,0.3,-2.74,1.55,0.0,0.0,0.0,0,-1.84,neutral,bajista,0,-0.221,32,46,2,testB
s105,SANDUSDT,1779948000000,testB,-1,-4.64,0.64,6.14,4.9,0.36,-2.8,1.5,0.0,0.0,0.0,0,-1.84,neutral,neutral,0,-0.114,32,46,0,testB
s106,MANAUSDT,1779948000000,testB,-1,-2.61,0.44,3.9,2.68,0.5,-0.77,0.56,0.0,0.0,0.0,0,-1.84,neutral,neutral,0,-0.273,32,46,0,testB
s107,AXSUSDT,1779948000000,testB,-1,-3.9,0.55,5.82,4.25,0.25,-2.06,1.2,0.0,0.0,0.0,0,-1.84,neutral,neutral,0,-0.37,32,46,0,testB
s108,APEUSDT,1779948000000,testB,-1,-5.48,0.655,6.28,5.88,0.44,-3.64,1.98,0.0,0.0,0.0,0,-1.84,neutral,neutral,0,0.068,32,46,0,testB
s109,XPLUSDT,1779948900000,train,-1,-4.49,0.388,6.81,5.69,0.63,-2.77,1.8,0.0,0.0,0.0,0,-1.72,neutral,bajista,0,-1.0,14,48,3,train
s110,PUMPUSDT,1779948900000,train,-1,-5.2,0.578,7.14,5.6,0.25,-3.48,1.7,0.0,0.0,0.0,0,-1.72,neutral,neutral,0,0.516,32,48,0,train
s111,0GUSDT,1779948900000,train,-1,-3.49,0.482,4.48,4.05,0.98,-1.77,0.97,0.0,0.0,0.0,0,-1.72,neutral,neutral,0,-0.036,32,48,1,train
s112,WLDUSDT,1779948900000,train,-1,-7.11,0.564,9.18,7.91,0.53,-5.39,3.79,0.0,0.0,0.0,0,-1.72,neutral,bajista,0,0.802,32,48,3,train
s113,ENAUSDT,1779948900000,train,-1,-3.89,0.498,4.97,4.17,0.38,-2.17,1.25,0.0,0.0,0.0,0,-1.72,neutral,neutral,0,0.47,32,48,1,train
s114,ARBUSDT,1779948900000,train,-1,-4.51,0.632,5.7,5.11,0.78,-2.79,1.71,0.0,0.0,0.0,0,-1.72,neutral,bajista,0,-0.019,32,48,2,train
s115,OPUSDT,1779948900000,train,-1,-4.9,0.682,5.84,5.24,0.22,-3.18,1.72,0.0,0.0,0.0,0,-1.72,neutral,neutral,0,0.082,32,48,0,train
s116,SUIUSDT,1779948900000,train,-1,-4.13,0.604,5.32,4.62,0.3,-2.41,1.56,0.0,0.0,0.0,0,-1.72,neutral,neutral,0,-0.154,32,48,1,train
s117,TIAUSDT,1779948900000,train,-1,-4.18,0.493,6.08,4.73,0.53,-2.46,1.38,0.0,0.0,0.0,0,-1.72,neutral,neutral,0,0.066,32,48,0,train
s118,JUPUSDT,1779948900000,train,-1,-4.09,0.559,6.01,4.44,0.23,-2.38,1.19,0.0,0.0,0.0,0,-1.72,neutral,neutral,0,0.722,32,48,0,train
s119,ONDOUSDT,1779948900000,train,-1,-4.3,0.647,6.69,4.63,0.3,-2.58,1.31,0.0,0.0,0.0,0,-1.72,neutral,neutral,0,-0.193,32,47,0,train
s120,FETUSDT,1779948900000,train,-1,-6.45,0.589,8.35,7.08,0.35,-4.74,2.17,0.0,0.0,0.0,0,-1.72,neutral,neutral,0,-0.244,32,47,0,train
s121,ARUSDT,1779948900000,testB,-1,-5.51,0.457,7.44,6.35,0.65,-3.79,2.1,0.0,0.0,0.0,0,-1.72,neutral,bajista,0,0.261,32,47,3,testB
s122,STXUSDT,1779948900000,testB,-1,-3.52,0.519,4.98,3.92,0.36,-1.8,0.91,0.0,0.0,0.0,0,-1.72,neutral,neutral,0,-0.114,32,47,0,testB
s123,GRTUSDT,1779948900000,testB,-1,-2.92,0.467,4.54,3.39,0.37,-1.2,0.81,0.0,0.0,0.0,0,-1.72,neutral,neutral,0,0.213,32,47,0,testB
s124,LDOUSDT,1779948900000,testB,-1,-4.17,0.521,5.5,4.8,0.25,-2.45,1.35,0.0,0.0,0.0,0,-1.72,neutral,neutral,0,-0.205,32,47,0,testB
s125,SANDUSDT,1779948900000,testB,-1,-4.4,0.626,5.87,4.74,0.17,-2.68,1.46,0.0,0.0,0.0,0,-1.72,neutral,neutral,0,-0.131,32,47,1,testB
s126,MANAUSDT,1779948900000,testB,-1,-2.15,0.375,3.78,2.44,0.37,-0.43,0.43,0.0,0.0,0.0,0,-1.72,neutral,neutral,0,-0.35,32,47,0,testB
s127,AXSUSDT,1779948900000,testB,-1,-3.47,0.494,5.81,4.06,0.21,-1.75,0.89,0.0,0.0,0.0,0,-1.72,neutral,neutral,0,-0.341,32,47,0,testB
s128,APEUSDT,1779948900000,testB,-1,-5.03,0.6,6.02,5.38,0.34,-3.32,1.63,0.0,0.0,0.0,0,-1.72,neutral,neutral,0,0.119,32,47,0,testB
s129,ASTERUSDT,1779949800000,train,-1,-2.0,0.437,2.65,2.31,1.18,-0.18,0.99,0.0,0.0,0.0,0,-1.82,neutral,bajista,0,-0.333,32,49,3,train
s130,XPLUSDT,1779949800000,train,-1,-5.18,0.458,6.82,5.96,0.38,-3.36,1.88,0.0,0.0,0.0,0,-1.82,neutral,bajista,0,-1.0,13,49,4,train
s131,PUMPUSDT,1779949800000,train,-1,-6.38,0.626,7.72,7.06,0.53,-4.56,2.85,0.0,0.0,0.0,0,-1.82,neutral,neutral,0,0.288,32,49,1,train
s132,0GUSDT,1779949800000,train,-1,-4.13,0.561,4.6,4.48,0.98,-2.31,1.33,0.0,0.0,0.0,0,-1.82,neutral,bajista,0,-0.07,32,49,2,train
s133,ENAUSDT,1779949800000,train,-1,-3.89,0.498,5.02,4.19,0.44,-2.07,1.26,0.0,0.0,0.0,0,-1.82,neutral,bajista,0,0.485,32,49,2,train
s134,ARBUSDT,1779949800000,train,-1,-4.87,0.684,5.62,5.22,0.72,-3.05,1.77,0.0,0.0,0.0,0,-1.82,neutral,bajista,0,-0.0,32,49,3,train
s135,OPUSDT,1779949800000,train,-1,-4.66,0.655,5.75,5.06,0.21,-2.84,1.53,0.0,0.0,0.0,0,-1.82,neutral,neutral,0,0.169,32,49,0,train
s136,SUIUSDT,1779949800000,train,-1,-4.29,0.636,5.29,4.63,0.24,-2.47,1.45,0.0,0.0,0.0,0,-1.82,neutral,bajista,0,-0.159,32,49,2,train
s137,TIAUSDT,1779949800000,train,-1,-5.01,0.555,5.9,5.27,0.49,-3.19,1.94,0.0,0.0,0.0,0,-1.82,neutral,neutral,0,-0.083,32,49,1,train
s138,JUPUSDT,1779949800000,train,-1,-3.95,0.549,5.63,4.22,0.24,-2.13,1.27,0.0,0.0,0.0,0,-1.82,neutral,neutral,0,0.907,32,49,1,train
s139,ONDOUSDT,1779949800000,train,-1,-4.91,0.676,6.71,5.31,0.28,-3.09,1.81,0.0,0.0,0.0,0,-1.82,neutral,neutral,0,-0.333,32,48,1,train
s140,FETUSDT,1779949800000,train,-1,-5.58,0.551,7.18,6.05,0.35,-3.76,2.06,0.0,0.0,0.0,0,-1.82,neutral,neutral,0,-0.135,32,48,1,train
s141,ARUSDT,1779949800000,testB,-1,-5.99,0.493,7.28,6.52,0.63,-4.17,2.35,0.0,0.0,0.0,0,-1.82,neutral,bajista,0,0.285,32,48,4,testB
s142,STXUSDT,1779949800000,testB,-1,-3.9,0.558,5.0,4.24,0.37,-2.08,1.16,0.0,0.0,0.0,0,-1.82,neutral,neutral,0,-0.105,32,48,1,testB
s143,GRTUSDT,1779949800000,testB,-1,-3.54,0.558,4.55,3.79,0.29,-1.72,1.07,0.0,0.0,0.0,0,-1.82,neutral,neutral,0,0.232,32,48,1,testB
s144,LDOUSDT,1779949800000,testB,-1,-4.56,0.577,5.5,4.96,0.25,-2.73,1.4,0.0,0.0,0.0,0,-1.82,neutral,neutral,0,-0.224,32,48,1,testB
s145,SANDUSDT,1779949800000,testB,-1,-4.63,0.638,5.86,5.01,0.16,-2.81,1.63,0.0,0.0,0.0,0,-1.82,neutral,bajista,0,-0.142,32,48,2,testB
s146,MANAUSDT,1779949800000,testB,-1,-2.26,0.388,3.78,2.56,0.28,-0.44,0.53,0.0,0.0,0.0,0,-1.82,neutral,neutral,0,-0.333,32,48,1,testB
s147,AXSUSDT,1779949800000,testB,-1,-3.83,0.518,5.83,4.44,0.22,-2.01,1.13,0.0,0.0,0.0,0,-1.82,neutral,neutral,0,-0.292,32,48,1,testB
s148,APEUSDT,1779949800000,testB,-1,-5.42,0.617,6.13,5.81,0.34,-3.6,1.87,0.0,0.0,0.0,0,-1.82,neutral,neutral,0,0.056,32,48,1,
s149,XPLUSDT,1779950700000,train,-1,-4.47,0.373,6.77,5.17,0.39,-3.01,1.08,0.0,0.0,0.0,0,-1.46,neutral,neutral,0,-1.0,12,50,0,train
s150,PUMPUSDT,1779950700000,train,-1,-5.99,0.572,7.69,6.67,0.62,-4.53,2.27,0.0,0.0,0.0,0,-1.46,neutral,neutral,0,0.286,32,50,0,train
s151,0GUSDT,1779950700000,train,-1,-3.63,0.48,4.36,3.88,0.99,-2.17,0.96,0.0,0.0,0.0,0,-1.46,neutral,neutral,0,-0.099,32,50,0,train
s152,WLDUSDT,1779950700000,train,-1,-6.27,0.519,9.02,7.05,0.45,-4.81,2.37,0.0,0.0,0.0,0,-1.46,neutral,neutral,0,1.023,32,50,0,train
s153,ENAUSDT,1779950700000,train,-1,-3.42,0.419,4.83,3.59,0.46,-1.96,0.8,0.0,0.0,0.0,0,-1.46,neutral,neutral,0,0.605,32,50,0,train
s154,ARBUSDT,1779950700000,train,-1,-4.23,0.584,5.3,4.51,0.75,-2.77,1.31,0.0,0.0,0.0,0,-1.46,neutral,neutral,0,0.022,32,50,0,train
s155,OPUSDT,1779950700000,train,-1,-4.26,0.591,5.57,4.62,0.24,-2.8,1.2,0.0,0.0,0.0,0,-1.46,neutral,neutral,0,0.185,32,50,0,train
s156,SUIUSDT,1779950700000,train,-1,-3.82,0.548,5.07,4.06,0.31,-2.35,1.02,0.0,0.0,0.0,0,-1.46,neutral,neutral,0,-0.143,32,50,0,train
s157,TIAUSDT,1779950700000,train,-1,-3.7,0.383,5.75,4.11,0.6,-2.24,0.83,0.0,0.0,0.0,0,-1.46,neutral,neutral,0,0.123,32,50,0,train
s158,ONDOUSDT,1779950700000,train,-1,-4.3,0.561,6.45,4.53,0.26,-2.84,1.06,0.0,0.0,0.0,0,-1.46,neutral,neutral,0,-0.401,32,49,0,train
s159,FETUSDT,1779950700000,train,-1,-3.93,0.363,6.65,4.31,0.4,-2.46,0.8,0.0,0.0,0.0,0,-1.46,neutral,neutral,0,-0.0,32,49,0,train
s160,STXUSDT,1779950700000,testB,-1,-3.35,0.448,4.84,3.55,0.47,-1.89,0.59,0.0,0.0,0.0,0,-1.46,neutral,neutral,0,-0.037,32,49,0,
s161,GRTUSDT,1779950700000,testB,-1,-2.81,0.413,4.3,2.93,0.31,-1.35,0.47,0.0,0.0,0.0,0,-1.46,neutral,neutral,0,0.455,32,49,0,
s162,LDOUSDT,1779950700000,testB,-1,-3.98,0.48,5.22,4.18,0.3,-2.52,0.85,0.0,0.0,0.0,0,-1.46,neutral,neutral,0,-0.159,32,49,0,
s163,SANDUSDT,1779950700000,testB,-1,-3.99,0.529,5.54,4.22,0.32,-2.53,1.09,0.0,0.0,0.0,0,-1.46,neutral,neutral,0,-0.05,32,49,0,
s164,AXSUSDT,1779950700000,testB,-1,-3.56,0.465,5.71,3.96,0.24,-2.09,0.7,0.0,0.0,0.0,0,-1.46,neutral,neutral,0,-0.209,32,49,0,
s165,APEUSDT,1779950700000,testB,-1,-4.67,0.53,5.86,5.14,0.39,-3.21,1.41,0.0,0.0,0.0,0,-1.46,neutral,neutral,0,0.156,32,49,0,
s166,PUMPUSDT,1779951600000,train,-1,-5.34,0.508,7.01,5.64,0.66,-3.99,1.67,0.0,0.0,0.0,0,-1.35,neutral,neutral,0,0.432,32,51,0,train
s167,0GUSDT,1779951600000,train,-1,-3.48,0.469,3.87,3.65,0.88,-2.13,1.18,0.0,0.0,0.0,0,-1.35,neutral,neutral,0,-0.072,32,51,1,train
s168,WLDUSDT,1779951600000,train,-1,-6.14,0.504,8.99,6.7,0.42,-4.79,1.84,0.0,0.0,0.0,0,-1.35,neutral,neutral,0,1.197,32,51,0,train
s169,ENAUSDT,1779951600000,train,-1,-3.33,0.412,4.68,3.52,0.48,-1.98,0.78,0.0,0.0,0.0,0,-1.35,neutral,neutral,0,0.696,32,51,1,train
s170,ARBUSDT,1779951600000,train,-1,-3.58,0.487,4.89,3.71,0.74,-2.23,0.8,0.0,0.0,0.0,0,-1.35,neutral,neutral,0,0.211,32,51,0,train
s171,OPUSDT,1779951600000,train,-1,-3.94,0.545,5.21,4.1,0.24,-2.59,0.88,0.0,0.0,0.0,0,-1.35,neutral,neutral,0,0.5,32,51,0,train
s172,SUIUSDT,1779951600000,train,-1,-3.23,0.455,4.78,3.4,0.38,-1.89,0.54,0.0,0.0,0.0,0,-1.35,neutral,neutral,0,0.157,32,51,0,train
s173,ONDOUSDT,1779951600000,train,-1,-3.51,0.444,6.2,3.75,0.25,-2.16,0.48,0.0,0.0,0.0,0,-1.35,neutral,neutral,0,-0.074,32,50,0,train
s174,STXUSDT,1779951600000,testB,-1,-2.84,0.379,4.61,3.06,0.48,-1.49,0.25,0.0,0.0,0.0,0,-1.35,neutral,neutral,0,0.232,32,50,0,
s175,GRTUSDT,1779951600000,testB,-1,-2.48,0.366,4.18,2.66,0.28,-1.13,0.32,0.0,0.0,0.0,0,-1.35,neutral,neutral,0,0.757,32,50,0,
s176,LDOUSDT,1779951600000,testB,-1,-3.24,0.402,4.74,3.44,0.38,-1.89,0.49,0.0,0.0,0.0,0,-1.35,neutral,neutral,0,-0.009,32,50,0,
s177,SANDUSDT,1779951600000,testB,-1,-3.72,0.491,5.39,3.91,0.34,-2.37,0.8,0.0,0.0,0.0,0,-1.35,neutral,neutral,0,0.1,32,50,0,
s178,AXSUSDT,1779951600000,testB,-1,-3.29,0.435,5.34,3.5,0.24,-1.95,0.52,0.0,0.0,0.0,0,-1.35,neutral,neutral,0,-0.132,32,50,0,
s179,APEUSDT,1779951600000,testB,-1,-4.58,0.517,5.76,4.72,0.36,-3.24,0.96,0.0,0.0,0.0,0,-1.35,neutral,neutral,0,0.39,32,50,0,
s180,PUMPUSDT,1779952500000,train,-1,-3.32,0.363,5.39,3.73,0.74,-2.67,1.23,0.0,0.0,0.0,0,-0.65,neutral,neutral,0,0.651,32,52,0,train
s181,WLDUSDT,1779952500000,train,-1,-6.72,0.526,8.92,7.23,0.45,-6.06,2.08,0.0,0.0,0.0,0,-0.65,neutral,neutral,0,0.969,32,52,1,train
s182,OPUSDT,1779952500000,train,-1,-2.33,0.389,4.01,2.73,0.26,-1.68,0.62,0.0,0.0,0.0,0,-0.65,neutral,neutral,0,0.813,32,52,0,train
s183,ONDOUSDT,1779952500000,train,-1,-3.18,0.418,5.51,3.29,0.32,-2.53,0.63,0.0,0.0,0.0,0,-0.65,neutral,neutral,0,-0.119,32,51,1,train
s184,APEUSDT,1779952500000,testB,-1,-2.96,0.404,4.09,3.21,0.37,-2.3,1.01,0.0,0.0,0.0,0,-0.65,neutral,neutral,0,0.4,32,51,1,
s185,STBLUSDT,1779953400000,train,-1,-6.64,0.697,9.4,7.32,0.23,-6.73,2.16,0.0,0.0,0.0,0,0.09,neutral,neutral,0,-1.0,25,53,0,train
s186,WLDUSDT,1779953400000,train,-1,-4.49,0.371,7.4,4.95,0.48,-4.57,1.3,0.0,0.0,0.0,0,0.09,neutral,neutral,0,1.636,32,53,0,train
s187,INJUSDT,1779953400000,train,1,3.6,0.382,6.05,4.75,2.37,3.51,2.39,0.0,0.0,0.0,0,0.09,neutral,neutral,0,-1.0,26,53,0,train
s188,STBLUSDT,1779954300000,train,-1,-4.93,0.626,7.9,5.92,0.25,-5.26,2.02,0.0,0.0,0.0,0,0.33,neutral,neutral,0,-1.0,24,54,1,train
s189,STBLUSDT,1779955200000,train,-1,-4.64,0.611,7.05,5.08,0.3,-5.14,1.62,0.0,0.0,0.0,0,0.5,neutral,bajista,0,-1.0,23,55,2,train
s190,WLDUSDT,1779955200000,train,-1,-3.89,0.387,7.19,4.49,0.43,-4.39,0.88,0.0,0.0,0.0,0,0.5,neutral,neutral,1,2.0,31,55,0,train
s191,STBLUSDT,1779956100000,train,-1,-2.86,0.485,4.69,3.41,0.28,-3.22,1.94,0.0,0.0,0.0,0,0.36,neutral,bajista,0,-1.0,22,56,3,train
s192,WLDUSDT,1779956100000,train,-1,-4.71,0.432,7.28,5.82,0.53,-5.07,1.7,0.0,0.0,0.0,0,0.36,neutral,neutral,0,1.14,32,56,1,train
s193,WLDUSDT,1779957000000,train,-1,-4.97,0.469,7.28,5.78,0.56,-5.12,1.33,0.0,0.0,0.0,0,0.15,neutral,neutral,0,1.298,32,57,0,train
s194,PENDLEUSDT,1779957000000,train,-1,-2.12,0.364,2.83,2.65,1.01,-2.27,1.16,0.0,0.0,0.0,0,0.15,neutral,bajista,0,-1.0,4,57,5,train
s195,PUMPUSDT,1779957900000,train,-1,-2.75,0.382,3.13,3.01,0.85,-2.95,1.24,0.0,0.0,0.0,0,0.2,neutral,bajista,0,-0.44,32,58,5,train
s196,STBLUSDT,1779957900000,train,-1,-2.44,0.364,4.62,2.79,0.22,-2.65,0.87,0.0,0.0,0.0,0,0.2,neutral,neutral,0,-1.0,20,58,1,train
s197,WLDUSDT,1779957900000,train,-1,-5.5,0.494,6.8,5.92,0.61,-5.7,1.89,0.0,0.0,0.0,0,0.2,neutral,neutral,0,1.337,32,58,1,train
s198,APEUSDT,1779957900000,testB,-1,-2.14,0.391,2.51,2.35,1.0,-2.34,0.94,0.0,0.0,0.0,0,0.2,neutral,bajista,0,-1.0,31,57,4,testB
s199,XPLUSDT,1779959700000,train,1,5.61,0.455,5.79,5.31,0.49,4.99,2.22,0.0,0.0,0.0,0,0.62,neutral,alcista,0,1.311,32,60,2,train
s200,STXUSDT,1779959700000,testB,1,2.02,0.542,2.11,1.98,0.56,1.4,0.65,0.0,0.0,0.0,0,0.62,neutral,alcista,0,-1.0,19,59,2,testB
s201,XPLUSDT,1779960600000,train,1,3.66,0.357,5.53,5.41,0.56,3.03,2.38,0.0,0.0,0.0,0,0.62,neutral,alcista,0,1.522,32,61,3,train
s202,XPLUSDT,1779961500000,train,1,4.17,0.425,5.88,5.41,0.67,3.41,2.28,0.0,0.0,0.0,0,0.76,neutral,neutral,0,1.783,32,62,0,train
s203,XPLUSDT,1779962400000,train,1,5.07,0.562,5.88,5.41,0.65,4.27,2.13,0.0,0.0,0.0,0,0.8,neutral,neutral,1,2.0,32,63,0,train
s204,XPLUSDT,1779963300000,train,1,4.7,0.5,5.91,4.96,0.66,4.02,1.19,0.0,0.0,0.0,0,0.68,neutral,neutral,1,2.0,29,64,0,train
s205,XPLUSDT,1779964200000,train,1,5.96,0.585,5.74,5.62,0.65,5.12,2.01,0.0,0.0,0.0,0,0.83,neutral,neutral,1,2.0,30,65,1,train
s206,XPLUSDT,1779965100000,train,1,3.82,0.356,5.46,4.03,0.63,3.54,0.74,0.0,0.0,0.0,0,0.28,neutral,neutral,1,2.0,27,66,0,train
s207,WLDUSDT,1779965100000,train,-1,-4.24,0.487,6.31,5.33,2.85,-4.51,2.94,0.0,0.0,0.0,0,0.28,neutral,neutral,0,0.608,32,66,1,train
s208,XPLUSDT,1779966000000,train,1,4.03,0.371,4.35,3.88,0.7,3.72,1.55,0.0,0.0,0.0,0,0.32,neutral,neutral,1,2.0,26,67,1,train
s209,WLDUSDT,1779966000000,train,-1,-4.35,0.509,6.54,5.12,2.89,-4.67,2.46,0.0,0.0,0.0,0,0.32,neutral,neutral,0,0.836,32,67,0,train
s210,INJUSDT,1779966000000,train,-1,-3.52,0.444,5.61,5.29,0.53,-3.84,0.92,0.0,0.0,0.0,0,0.32,neutral,neutral,0,-0.481,32,67,1,train
s211,PUMPUSDT,1779966900000,train,-1,-2.43,0.414,3.22,2.97,1.18,-2.57,1.07,0.0,0.0,0.0,0,0.14,neutral,neutral,0,-1.0,25,68,1,train
s212,STBLUSDT,1779966900000,train,-1,-3.06,0.521,5.09,3.96,3.89,-3.21,2.05,0.0,0.0,0.0,0,0.14,neutral,bajista,0,-1.0,7,68,6,train
s213,WLDUSDT,1779966900000,train,-1,-4.38,0.509,6.58,5.8,1.35,-4.52,2.77,0.0,0.0,0.0,0,0.14,neutral,neutral,0,0.532,32,68,1,train
s214,ENAUSDT,1779966900000,train,-1,-2.03,0.483,2.83,2.51,1.58,-2.17,0.88,0.0,0.0,0.0,0,0.14,neutral,neutral,0,-1.0,27,68,1,train
s215,INJUSDT,1779966900000,train,-1,-4.2,0.576,5.95,5.35,0.48,-4.34,0.88,0.0,0.0,0.0,0,0.14,neutral,bajista,0,-0.671,32,68,2,train
s216,SEIUSDT,1779966900000,train,-1,-2.81,0.359,4.14,3.35,1.06,-2.95,1.33,0.0,0.0,0.0,0,0.14,neutral,neutral,0,-1.0,6,68,0,train
s217,JUPUSDT,1779966900000,train,-1,-2.33,0.568,3.19,3.07,1.51,-2.48,1.31,0.0,0.0,0.0,0,0.14,neutral,bajista,0,-0.204,32,68,6,train
s218,PUMPUSDT,1779967800000,train,-1,-2.95,0.5,3.65,3.04,1.38,-2.94,1.29,0.0,0.0,0.0,0,-0.01,neutral,bajista,0,-1.0,21,69,2,train
s219,STBLUSDT,1779967800000,train,-1,-3.35,0.549,5.1,4.23,4.13,-3.33,2.08,0.0,0.0,0.0,0,-0.01,neutral,bajista,0,-1.0,6,69,7,train
s220,WLDUSDT,1779967800000,train,-1,-5.02,0.639,6.54,5.66,1.24,-5.01,2.55,0.0,0.0,0.0,0,-0.01,neutral,neutral,0,0.617,32,69,0,train
s221,ENAUSDT,1779967800000,train,-1,-2.02,0.479,2.82,2.37,1.73,-2.0,0.73,0.0,0.0,0.0,0,-0.01,neutral,neutral,0,-1.0,26,69,0,train
s222,INJUSDT,1779967800000,train,-1,-3.81,0.546,4.62,3.98,0.53,-3.8,0.96,0.0,0.0,0.0,0,-0.01,neutral,neutral,0,-1.0,27,69,0,train
s223,JUPUSDT,1779967800000,train,-1,-2.49,0.634,2.9,2.67,1.22,-2.48,1.2,0.0,0.0,0.0,0,-0.01,neutral,neutral,0,-0.043,32,69,0,train
s224,GRTUSDT,1779967800000,testB,-1,-2.37,0.417,3.13,2.55,1.75,-2.36,1.14,0.0,0.0,0.0,0,-0.01,neutral,neutral,0,-1.0,24,68,0,
s225,PUMPUSDT,1779968700000,train,-1,-3.13,0.515,3.6,3.3,1.26,-3.15,1.49,0.0,0.0,0.0,0,0.02,neutral,bajista,0,-1.0,20,70,3,train
s226,STBLUSDT,1779968700000,train,-1,-3.28,0.544,5.1,4.26,4.03,-3.29,1.93,0.0,0.0,0.0,0,0.02,neutral,bajista,0,-1.0,5,70,8,train
s227,WLDUSDT,1779968700000,train,-1,-5.94,0.72,6.76,6.38,0.97,-5.95,2.98,0.0,0.0,0.0,0,0.02,neutral,neutral,0,0.524,32,70,1,train
s228,ENAUSDT,1779968700000,train,-1,-2.28,0.564,2.8,2.4,1.19,-2.3,0.7,0.0,0.0,0.0,0,0.02,neutral,neutral,0,-1.0,25,70,1,train
s229,INJUSDT,1779968700000,train,-1,-2.36,0.423,3.3,2.85,0.58,-2.38,1.29,0.0,0.0,0.0,0,0.02,neutral,neutral,0,-1.0,24,70,1,
s230,JUPUSDT,1779968700000,train,-1,-2.38,0.589,2.89,2.44,1.09,-2.4,0.89,0.0,0.0,0.0,0,0.02,neutral,neutral,0,0.163,32,70,0,
s231,GRTUSDT,1779968700000,testB,-1,-2.15,0.377,3.12,2.43,1.72,-2.17,0.95,0.0,0.0,0.0,0,0.02,neutral,neutral,0,-1.0,23,69,0,
s232,PUMPUSDT,1779969600000,train,-1,-2.97,0.5,3.31,3.13,1.08,-2.91,1.77,0.0,0.0,0.0,0,-0.06,neutral,bajista,0,-1.0,18,71,4,train
s233,STBLUSDT,1779969600000,train,-1,-3.77,0.578,5.13,4.8,1.47,-3.71,2.28,0.0,0.0,0.0,0,-0.06,neutral,bajista,0,-1.0,4,71,8,train
s234,WLDUSDT,1779969600000,train,-1,-6.1,0.725,6.97,6.53,0.63,-6.03,2.77,0.0,0.0,0.0,0,-0.06,neutral,bajista,0,0.518,32,71,2,train
s235,ENAUSDT,1779969600000,train,-1,-2.43,0.579,2.69,2.48,0.99,-2.37,1.03,0.0,0.0,0.0,0,-0.06,neutral,bajista,0,-1.0,24,71,2,train
s236,INJUSDT,1779969600000,train,-1,-2.47,0.452,3.3,2.77,0.71,-2.4,1.19,0.0,0.0,0.0,0,-0.06,neutral,neutral,0,-1.0,23,71,0,
s237,TIAUSDT,1779969600000,train,-1,-2.8,0.393,2.98,2.9,0.68,-2.74,1.51,0.0,0.0,0.0,0,-0.06,neutral,bajista,0,-1.0,23,71,2,train
s238,JUPUSDT,1779969600000,train,-1,-2.55,0.605,2.73,2.62,0.97,-2.49,1.15,0.0,0.0,0.0,0,-0.06,neutral,neutral,0,0.065,32,71,1,
s239,FETUSDT,1779969600000,train,-1,-4.33,0.551,4.61,4.57,0.95,-4.26,2.19,0.0,0.0,0.0,0,-0.06,neutral,bajista,0,-1.0,17,70,2,train
s240,ARUSDT,1779969600000,testB,-1,-3.77,0.37,6.29,4.98,4.75,-3.71,2.98,0.0,0.0,0.0,0,-0.06,neutral,bajista,0,-1.0,20,70,2,testB
s241,GRTUSDT,1779969600000,testB,-1,-2.71,0.444,3.06,2.87,1.63,-2.65,1.33,0.0,0.0,0.0,0,-0.06,neutral,neutral,0,-1.0,22,70,1,
s242,PUMPUSDT,1779970500000,train,-1,-2.22,0.407,3.0,2.69,1.14,-2.36,1.53,0.0,0.0,0.0,0,0.15,neutral,neutral,0,-1.0,17,72,0,
s243,STBLUSDT,1779970500000,train,-1,-2.73,0.44,5.18,4.42,0.76,-2.88,1.75,0.0,0.0,0.0,0,0.15,neutral,neutral,0,-1.0,3,72,0,
s244,WLDUSDT,1779970500000,train,-1,-5.0,0.681,6.53,5.92,0.67,-5.15,2.71,0.0,0.0,0.0,0,0.15,neutral,bajista,0,0.416,32,72,3,train
s245,FETUSDT,1779970500000,train,-1,-2.89,0.363,4.21,3.3,1.21,-3.04,1.28,0.0,0.0,0.0,0,0.15,neutral,neutral,0,-1.0,16,71,0,
s246,ARUSDT,1779970500000,testB,-1,-3.71,0.364,7.02,5.8,5,-3.86,3.48,0.0,0.0,0.0,0,0.15,neutral,bajista,0,-1.0,19,71,3,testB
s247,STBLUSDT,1779971400000,train,-1,-2.92,0.491,5.15,3.81,0.71,-3.19,1.05,0.0,0.0,0.0,0,0.27,neutral,neutral,0,-1.0,2,73,0,
s248,WLDUSDT,1779971400000,train,-1,-3.7,0.429,6.44,4.45,0.91,-3.97,1.26,0.0,0.0,0.0,0,0.27,neutral,neutral,0,0.856,32,73,0,
s249,XPLUSDT,1779972300000,train,1,4.2,0.354,4.6,4.03,1.38,3.92,2.01,0.0,0.0,0.0,0,0.28,neutral,alcista,1,2.0,21,74,2,train
s250,STBLUSDT,1779972300000,train,-1,-2.51,0.42,5.14,3.58,0.55,-2.78,0.76,0.0,0.0,0.0,0,0.28,neutral,neutral,0,-1.0,1,74,0,
s251,WLDUSDT,1779972300000,train,-1,-3.66,0.424,6.48,5.06,0.9,-3.94,1.65,0.0,0.0,0.0,0,0.28,neutral,neutral,0,0.799,32,74,1,
s252,WLDUSDT,1779973200000,train,-1,-4.72,0.535,6.53,5.77,0.93,-4.75,1.93,0.0,0.0,0.0,0,0.03,neutral,bajista,0,0.414,32,75,2,train
s253,WLDUSDT,1779974100000,train,-1,-5.84,0.621,8.0,6.76,1.27,-5.51,2.58,0.0,0.0,0.0,0,-0.33,neutral,bajista,0,0.087,32,76,3,train
s254,WLDUSDT,1779975000000,train,-1,-5.52,0.57,7.98,6.43,0.99,-4.56,1.98,0.0,0.0,0.0,0,-0.96,neutral,neutral,0,0.246,32,77,0,
s255,ENAUSDT,1779975000000,train,-1,-2.29,0.443,3.19,2.9,1.7,-1.33,1.47,0.0,0.0,0.0,0,-0.96,neutral,bajista,0,-1.0,12,77,3,train
s256,PENDLEUSDT,1779975000000,train,-1,-4.62,0.657,6.34,6.08,2.03,-3.66,2.72,0.0,0.0,0.0,0,-0.96,neutral,bajista,0,0.021,32,77,4,train
s257,WLDUSDT,1779975900000,train,-1,-6.23,0.619,8.02,7.05,1.05,-5.51,2.37,0.0,0.0,0.0,0,-0.71,neutral,neutral,0,0.23,32,78,1,
s258,ENAUSDT,1779975900000,train,-1,-2.12,0.397,3.19,2.71,2.11,-1.41,1.15,0.0,0.0,0.0,0,-0.71,neutral,neutral,0,-1.0,11,78,0,
s259,JUPUSDT,1779975900000,train,-1,-3.18,0.543,3.57,3.4,2.47,-2.46,1.73,0.0,0.0,0.0,0,-0.71,neutral,bajista,0,-0.508,32,78,2,train
s260,PENDLEUSDT,1779975900000,train,-1,-5.19,0.785,6.36,6.05,2.97,-4.47,2.55,0.0,0.0,0.0,0,-0.71,neutral,bajista,0,0.067,32,78,5,train
s261,ARUSDT,1779975900000,testB,-1,-4.73,0.411,7.01,5.7,0.46,-4.02,2.21,0.0,0.0,0.0,0,-0.71,neutral,bajista,0,-1.0,13,77,2,testB
s262,WLDUSDT,1779976800000,train,-1,-4.24,0.437,6.45,4.66,1.22,-3.88,1.45,0.0,0.0,0.0,0,-0.36,neutral,neutral,0,0.61,32,79,0,
s263,JUPUSDT,1779976800000,train,-1,-3.75,0.583,6.22,4.01,5,-3.39,2.48,0.0,0.0,0.0,0,-0.36,neutral,bajista,0,-0.638,32,79,3,train
s264,PENDLEUSDT,1779976800000,train,-1,-4.42,0.643,6.49,4.85,2.88,-4.06,1.94,0.0,0.0,0.0,0,-0.36,neutral,neutral,0,0.26,32,79,0,
s265,WLDUSDT,1779977700000,train,-1,-3.52,0.387,5.29,4.21,1.12,-2.89,2.54,0.0,0.0,0.0,0,-0.63,neutral,neutral,0,0.959,32,80,1,
s266,JUPUSDT,1779977700000,train,-1,-3.04,0.5,5.63,3.25,5,-2.41,2.11,0.0,0.0,0.0,0,-0.63,neutral,neutral,0,-0.5,32,80,0,
s267,PENDLEUSDT,1779977700000,train,-1,-4.19,0.629,6.49,5.08,2.36,-3.56,2.2,0.0,0.0,0.0,0,-0.63,neutral,neutral,0,0.264,32,80,1,
s268,WLDUSDT,1779978600000,train,-1,-4.46,0.445,5.66,5.27,1.59,-3.57,3.22,0.0,0.0,0.0,0,-0.89,neutral,bajista,0,0.533,32,81,2,train
s269,JUPUSDT,1779978600000,train,-1,-3.72,0.55,5.68,4.1,5,-2.82,2.65,0.0,0.0,0.0,0,-0.89,neutral,neutral,0,-0.471,32,81,1,
s270,PENDLEUSDT,1779978600000,train,-1,-4.05,0.616,5.77,4.34,1.88,-3.16,2.03,0.0,0.0,0.0,0,-0.89,neutral,neutral,0,0.359,32,81,0,
s271,PENDLEUSDT,1779979500000,train,-1,-2.6,0.377,5.38,3.05,1.29,-2.09,0.99,0.0,0.0,0.0,0,-0.51,neutral,neutral,0,0.787,32,82,0,
s272,WLDUSDT,1779980400000,train,-1,-3.84,0.363,5.01,4.38,1.43,-3.05,2.05,0.0,0.0,0.0,0,-0.79,neutral,neutral,0,0.656,32,83,1,
s273,JUPUSDT,1779980400000,train,-1,-2.95,0.382,5.66,3.85,1.14,-2.16,1.92,0.0,0.0,0.0,0,-0.79,neutral,neutral,0,-0.652,32,83,1,
s274,PENDLEUSDT,1779980400000,train,-1,-3.37,0.471,5.41,3.6,0.71,-2.58,1.31,0.0,0.0,0.0,0,-0.79,neutral,neutral,0,0.41,32,83,1,
s275,PENDLEUSDT,1779981300000,train,-1,-3.0,0.437,5.41,3.57,0.52,-2.45,1.15,0.0,0.0,0.0,0,-0.54,neutral,neutral,0,0.487,32,84,0,
s276,PENDLEUSDT,1779982200000,train,-1,-3.28,0.459,5.42,3.92,0.44,-2.64,1.26,0.0,0.0,0.0,0,-0.63,neutral,neutral,0,0.384,32,85,1,
s277,AXSUSDT,1779982200000,testB,1,2.13,0.535,2.9,2.45,0.69,2.77,0.96,0.0,0.0,0.0,0,-0.63,neutral,alcista,1,2.0,22,84,2,testB
s278,PENDLEUSDT,1779983100000,train,-1,-3.15,0.433,5.15,3.46,0.37,-2.36,1.01,0.0,0.0,0.0,0,-0.79,neutral,neutral,0,0.573,32,86,0,
s279,AXSUSDT,1779983100000,testB,1,2.32,0.556,2.9,2.63,0.61,3.11,0.99,0.0,0.0,0.0,0,-0.79,neutral,alcista,1,2.0,21,85,3,testB
s280,PENDLEUSDT,1779984000000,train,-1,-2.79,0.403,5.17,3.8,0.4,-2.38,1.15,0.0,0.0,0.0,0,-0.41,neutral,neutral,0,0.405,32,87,1,
s281,LDOUSDT,1779984000000,testB,1,2.07,0.52,2.53,2.34,0.45,2.49,1.02,0.0,0.0,0.0,0,-0.41,neutral,alcista,0,0.813,32,86,4,testB
s282,AXSUSDT,1779984000000,testB,1,3.06,0.647,3.51,3.24,0.64,3.47,1.54,0.0,0.0,0.0,0,-0.41,neutral,alcista,0,1.306,32,86,4,testB
s283,PUMPUSDT,1779984900000,train,1,2.14,0.361,3.54,3.36,0.55,2.45,1.18,0.0,0.0,0.0,0,-0.31,neutral,alcista,0,0.75,32,88,2,train
s284,0GUSDT,1779984900000,train,1,2.22,0.467,2.64,2.17,0.42,2.52,0.96,0.0,0.0,0.0,0,-0.31,neutral,alcista,0,1.055,32,88,3,train
s285,PENDLEUSDT,1779984900000,train,-1,-2.92,0.431,5.16,3.51,0.41,-2.61,0.79,0.0,0.0,0.0,0,-0.31,neutral,neutral,0,0.471,32,88,0,
s286,LDOUSDT,1779984900000,testB,1,2.1,0.524,2.99,2.52,0.52,2.41,1.07,0.0,0.0,0.0,0,-0.31,neutral,alcista,0,0.593,32,87,5,testB
s287,MANAUSDT,1779984900000,testB,1,2.56,0.538,2.86,2.74,1.26,2.87,1.56,0.0,0.0,0.0,0,-0.31,neutral,alcista,0,-0.043,32,87,2,testB
s288,AXSUSDT,1779984900000,testB,1,3.71,0.69,3.76,3.49,0.77,4.02,1.94,0.0,0.0,0.0,0,-0.31,neutral,alcista,0,0.949,32,87,5,testB
s289,APEUSDT,1779984900000,testB,1,2.44,0.385,3.65,3.42,0.71,2.75,1.79,0.0,0.0,0.0,0,-0.31,neutral,alcista,0,0.628,32,87,3,testB
s290,PUMPUSDT,1779985800000,train,1,2.37,0.386,4.57,4.28,0.76,2.54,1.98,0.0,0.0,0.0,0,-0.17,neutral,alcista,0,0.431,32,89,3,train
s291,JUPUSDT,1779985800000,train,-1,-2.6,0.371,5.62,3.07,0.32,-2.43,0.45,0.0,0.0,0.0,0,-0.17,neutral,neutral,0,-0.811,32,89,0,
s292,PENDLEUSDT,1779985800000,train,-1,-2.61,0.368,4.75,2.77,0.54,-2.44,0.42,0.0,0.0,0.0,0,-0.17,neutral,neutral,0,0.46,32,89,0,
s293,ONDOUSDT,1779985800000,train,1,3.38,0.397,4.45,4.32,1.04,3.54,2.52,0.0,0.0,0.0,0,-0.17,neutral,alcista,0,0.119,32,88,3,train
s294,AXSUSDT,1779985800000,testB,1,2.94,0.64,3.66,3.3,1.04,3.11,2.0,0.0,0.0,0.0,0,-0.17,neutral,alcista,0,0.946,32,88,6,testB
s295,WLDUSDT,1779986700000,train,-1,-4.41,0.371,5.22,4.97,0.9,-4.3,1.98,0.0,0.0,0.0,0,-0.11,neutral,bajista,0,-0.486,32,90,2,train
s296,JUPUSDT,1779986700000,train,-1,-2.54,0.36,5.61,2.83,0.31,-2.42,0.15,0.0,0.0,0.0,0,-0.11,neutral,neutral,0,-0.796,32,90,0,
s297,ONDOUSDT,1779986700000,train,1,3.55,0.425,4.45,4.27,1.18,3.66,2.27,0.0,0.0,0.0,0,-0.11,neutral,neutral,0,0.019,32,89,0,
s298,AXSUSDT,1779986700000,testB,1,3.02,0.647,4.0,3.64,1.26,3.13,2.15,0.0,0.0,0.0,0,-0.11,neutral,alcista,0,0.634,32,89,7,testB
s299,APEUSDT,1779986700000,testB,1,2.17,0.36,4.71,4.48,1.1,2.28,2.41,0.0,0.0,0.0,0,-0.11,neutral,alcista,0,0.228,32,89,5,testB
s300,XPLUSDT,1779987600000,train,1,4.78,0.363,7.91,6.68,2.73,4.58,4.2,0.0,0.0,0.0,0,0.2,neutral,neutral,0,0.95,32,91,1,
s301,PUMPUSDT,1779987600000,train,1,2.3,0.413,4.8,4.45,1.04,2.1,1.81,0.0,0.0,0.0,0,0.2,neutral,alcista,0,0.24,32,91,5,train
s302,ONDOUSDT,1779987600000,train,1,4.24,0.522,4.5,4.45,1.15,4.04,2.3,0.0,0.0,0.0,0,0.2,neutral,neutral,0,0.0,32,90,1,
s303,ARUSDT,1779987600000,testB,1,5.32,0.482,6.88,6.75,1.55,5.11,4.16,0.0,0.0,0.0,0,0.2,neutral,alcista,0,1.313,32,90,5,testB
s304,LDOUSDT,1779987600000,testB,1,2.34,0.578,3.61,3.58,0.76,2.13,1.7,0.0,0.0,0.0,0,0.2,neutral,alcista,0,0.086,32,90,8,testB
s305,AXSUSDT,1779987600000,testB,1,3.75,0.695,4.59,4.41,1.49,3.55,2.67,0.0,0.0,0.0,0,0.2,neutral,alcista,0,0.32,32,90,8,testB
s306,APEUSDT,1779987600000,testB,1,3.62,0.517,5.59,5.59,1.31,3.42,3.26,0.0,0.0,0.0,0,0.2,neutral,alcista,0,-0.028,32,90,6,testB
s307,ASTERUSDT,1779988500000,train,1,2.02,0.615,2.52,2.35,0.91,1.74,0.83,0.0,0.0,0.0,0,0.28,neutral,neutral,0,0.057,32,92,0,
s308,XPLUSDT,1779988500000,train,1,5.23,0.385,7.95,7.51,1.37,4.94,4.31,0.0,0.0,0.0,0,0.28,neutral,alcista,0,0.647,32,92,2,train
s309,ONDOUSDT,1779988500000,train,1,3.27,0.394,4.53,3.9,1.24,2.99,1.44,0.0,0.0,0.0,0,0.28,neutral,neutral,0,0.021,32,91,0,
s310,ARUSDT,1779988500000,testB,1,4.27,0.403,6.91,6.45,1.42,3.99,3.32,0.0,0.0,0.0,0,0.28,neutral,neutral,0,1.229,32,91,0,
s311,AXSUSDT,1779988500000,testB,1,2.92,0.516,4.61,3.9,1.35,2.64,1.79,0.0,0.0,0.0,0,0.28,neutral,neutral,0,0.455,32,91,0,
s312,APEUSDT,1779988500000,testB,1,3.22,0.435,5.69,5.22,1.35,2.94,2.44,0.0,0.0,0.0,0,0.28,neutral,neutral,0,-0.015,32,91,0,
s313,ASTERUSDT,1779989400000,train,1,2.39,0.76,2.53,2.44,0.64,1.44,0.82,0.0,0.0,0.0,0,0.95,neutral,neutral,0,0.055,32,93,1,
s314,PUMPUSDT,1779989400000,train,1,2.73,0.437,5.08,4.78,0.93,1.78,1.71,0.0,0.0,0.0,0,0.95,neutral,neutral,0,0.062,32,93,1,
s315,0GUSDT,1779989400000,train,1,2.47,0.548,2.88,2.6,0.68,1.52,1.29,0.0,0.0,0.0,0,0.95,neutral,alcista,0,0.218,32,93,3,train
s316,ENAUSDT,1779989400000,train,1,2.77,0.435,4.28,3.48,0.49,1.83,0.84,0.0,0.0,0.0,0,0.95,neutral,neutral,0,-0.029,32,93,1,
s317,ARBUSDT,1779989400000,train,1,2.66,0.491,3.74,3.64,0.58,1.71,1.53,0.0,0.0,0.0,0,0.95,neutral,neutral,0,0.026,32,93,1,
s318,INJUSDT,1779989400000,train,1,2.97,0.439,4.39,4.08,0.6,2.02,1.68,0.0,0.0,0.0,0,0.95,neutral,neutral,0,0.543,32,93,1,
s319,SUIUSDT,1779989400000,train,1,2.53,0.507,3.48,3.35,0.73,1.58,1.3,0.0,0.0,0.0,0,0.95,neutral,neutral,0,-0.112,32,93,1,
s320,SEIUSDT,1779989400000,train,1,4.34,0.368,6.29,6.06,1.25,3.39,2.6,0.0,0.0,0.0,0,0.95,neutral,neutral,0,-0.834,32,93,1,
s321,ONDOUSDT,1779989400000,train,1,4.53,0.524,4.95,4.6,0.85,3.58,2.0,0.0,0.0,0.0,0,0.95,neutral,neutral,0,-0.105,32,92,1,
s322,FETUSDT,1779989400000,train,1,4.97,0.424,6.08,5.82,0.79,4.02,2.37,0.0,0.0,0.0,0,0.95,neutral,neutral,0,0.918,32,92,1,
s323,ARUSDT,1779989400000,testB,1,6.0,0.549,7.66,7.3,1.45,5.05,3.77,0.0,0.0,0.0,0,0.95,neutral,neutral,0,1.019,32,92,1,
s324,LDOUSDT,1779989400000,testB,1,2.72,0.642,3.91,3.67,0.7,1.77,1.38,0.0,0.0,0.0,0,0.95,neutral,neutral,0,-0.017,32,92,1,
s325,AXSUSDT,1779989400000,testB,1,3.47,0.559,4.67,4.41,1.03,2.52,2.06,0.0,0.0,0.0,0,0.95,neutral,neutral,0,0.28,32,92,1,
s326,APEUSDT,1779989400000,testB,1,3.38,0.447,5.68,5.37,1.34,2.43,2.3,0.0,0.0,0.0,0,0.95,neutral,neutral,0,0.029,32,92,1,
s327,ASTERUSDT,1779990300000,train,1,2.19,0.744,2.69,2.64,0.99,1.46,0.96,0.0,0.0,0.0,0,0.73,neutral,alcista,0,-0.022,32,94,2,train
s328,PUMPUSDT,1779990300000,train,1,3.95,0.556,6.2,5.73,1.32,3.23,2.5,0.0,0.0,0.0,0,0.73,neutral,alcista,0,-0.041,32,94,2,train
s329,0GUSDT,1779990300000,train,1,2.05,0.503,2.95,2.6,0.73,1.32,1.16,0.0,0.0,0.0,0,0.73,neutral,neutral,0,0.118,32,94,0,
s330,ENAUSDT,1779990300000,train,1,3.02,0.457,4.26,3.89,0.47,2.3,1.2,0.0,0.0,0.0,0,0.73,neutral,alcista,0,-0.142,32,94,2,train
s331,ARBUSDT,1779990300000,train,1,3.15,0.533,4.19,4.19,0.51,2.42,1.96,0.0,0.0,0.0,0,0.73,neutral,alcista,0,-0.068,32,94,2,train
s332,INJUSDT,1779990300000,train,1,2.43,0.392,4.79,4.08,0.68,1.71,1.53,0.0,0.0,0.0,0,0.73,neutral,neutral,0,0.991,32,94,0,
s333,SUIUSDT,1779990300000,train,1,2.6,0.514,3.99,3.59,0.7,1.87,1.42,0.0,0.0,0.0,0,0.73,neutral,alcista,0,-0.182,32,94,2,train
s334,SEIUSDT,1779990300000,train,1,5.16,0.463,6.58,5.87,0.94,4.43,2.4,0.0,0.0,0.0,0,0.73,neutral,neutral,0,-0.899,32,94,0,
s335,ONDOUSDT,1779990300000,train,1,3.36,0.382,5.17,3.98,0.8,2.63,1.28,0.0,0.0,0.0,0,0.73,neutral,neutral,0,0.15,32,93,0,
s336,FETUSDT,1779990300000,train,1,6.33,0.531,7.16,6.47,0.93,5.6,2.88,0.0,0.0,0.0,0,0.73,neutral,alcista,0,0.887,32,93,2,train
s337,STXUSDT,1779990300000,testB,1,2.04,0.46,3.56,3.51,0.62,1.31,1.42,0.0,0.0,0.0,0,0.73,neutral,alcista,0,0.728,32,93,2,testB
s338,LDOUSDT,1779990300000,testB,1,2.58,0.631,4.18,3.93,0.73,1.86,1.52,0.0,0.0,0.0,0,0.73,neutral,alcista,0,-0.109,32,93,2,testB
s339,MANAUSDT,1779990300000,testB,1,2.06,0.395,3.2,3.08,0.74,1.33,1.13,0.0,0.0,0.0,0,0.73,neutral,alcista,0,-0.231,32,93,2,testB
s340,AXSUSDT,1779990300000,testB,1,3.28,0.545,4.76,4.49,0.96,2.55,1.93,0.0,0.0,0.0,0,0.73,neutral,alcista,0,0.255,32,93,2,testB
s341,APEUSDT,1779990300000,testB,1,5.03,0.66,6.25,6.1,1.22,4.3,2.83,0.0,0.0,0.0,0,0.73,neutral,alcista,0,-0.215,32,93,2,testB
s342,ASTERUSDT,1779991200000,train,1,2.22,0.747,2.35,2.22,1.48,1.78,1.29,0.0,0.0,0.0,0,0.44,neutral,alcista,0,-0.192,32,95,3,train
s343,PUMPUSDT,1779991200000,train,1,4.37,0.581,5.81,5.46,1.35,3.93,2.78,0.0,0.0,0.0,0,0.44,neutral,alcista,0,-0.17,32,95,3,train
s344,ENAUSDT,1779991200000,train,1,2.45,0.408,3.55,3.23,0.51,2.01,1.54,0.0,0.0,0.0,0,0.44,neutral,alcista,0,-0.412,32,95,3,train
s345,ARBUSDT,1779991200000,train,1,3.33,0.548,4.64,4.36,0.6,2.89,2.37,0.0,0.0,0.0,0,0.44,neutral,alcista,0,-0.152,32,95,3,train
s346,OPUSDT,1779991200000,train,1,3.61,0.467,5.97,5.72,0.53,3.17,2.87,0.0,0.0,0.0,0,0.44,neutral,alcista,0,-0.275,32,95,3,train
s347,INJUSDT,1779991200000,train,1,3.27,0.464,5.43,4.9,0.79,2.83,2.35,0.0,0.0,0.0,0,0.44,neutral,neutral,0,0.661,32,95,1,
s348,SUIUSDT,1779991200000,train,1,2.86,0.539,3.88,3.75,0.92,2.42,1.98,0.0,0.0,0.0,0,0.44,neutral,alcista,0,-0.37,32,95,3,train
s349,TIAUSDT,1779991200000,train,1,2.45,0.43,3.67,3.39,0.57,2.01,1.42,0.0,0.0,0.0,0,0.44,neutral,alcista,0,0.063,32,95,3,train
s350,SEIUSDT,1779991200000,train,1,4.0,0.404,5.65,4.96,0.88,3.56,2.16,0.0,0.0,0.0,0,0.44,neutral,neutral,0,-1.0,29,95,1,
s351,JUPUSDT,1779991200000,train,1,2.56,0.4,3.4,3.34,0.34,2.12,1.41,0.0,0.0,0.0,0,0.44,neutral,neutral,0,0.169,32,95,1,
s352,ONDOUSDT,1779991200000,train,1,3.3,0.38,4.0,3.78,0.81,2.86,2.0,0.0,0.0,0.0,0,0.44,neutral,neutral,0,-0.128,32,94,1,
s353,FETUSDT,1779991200000,train,1,4.95,0.474,6.26,5.49,1.26,4.51,3.16,0.0,0.0,0.0,0,0.44,neutral,alcista,0,1.102,32,94,3,train
s354,STXUSDT,1779991200000,testB,1,2.79,0.558,3.83,3.71,0.66,2.35,1.87,0.0,0.0,0.0,0,0.44,neutral,alcista,0,0.465,32,94,3,testB
s355,GRTUSDT,1779991200000,testB,1,2.93,0.494,4.04,3.89,0.86,2.49,1.85,0.0,0.0,0.0,0,0.44,neutral,alcista,0,0.596,32,94,3,testB
s356,LDOUSDT,1779991200000,testB,1,2.83,0.652,3.76,3.61,0.63,2.39,1.74,0.0,0.0,0.0,0,0.44,neutral,alcista,0,-0.263,32,94,3,testB
s357,SANDUSDT,1779991200000,testB,1,2.25,0.56,3.24,3.2,0.49,1.81,1.37,0.0,0.0,0.0,0,0.44,neutral,alcista,0,-0.069,32,94,3,testB
s358,MANAUSDT,1779991200000,testB,1,2.42,0.435,2.96,2.84,0.85,1.98,1.29,0.0,0.0,0.0,0,0.44,neutral,alcista,0,-0.375,32,94,3,testB
s359,AXSUSDT,1779991200000,testB,1,3.64,0.571,4.74,4.74,0.71,3.2,2.11,0.0,0.0,0.0,0,0.44,neutral,alcista,0,0.222,32,94,3,testB
s360,APEUSDT,1779991200000,testB,1,5.17,0.667,6.15,6.07,1.06,4.73,2.98,0.0,0.0,0.0,0,0.44,neutral,alcista,0,-0.19,32,94,3,testB
s361,PUMPUSDT,1779992100000,train,1,4.07,0.519,5.9,5.02,1.78,3.22,2.15,0.0,0.0,0.0,0,0.85,neutral,neutral,0,-0.244,32,96,0,
s362,ENAUSDT,1779992100000,train,1,2.64,0.453,3.66,3.16,0.63,1.8,1.49,0.0,0.0,0.0,0,0.85,neutral,neutral,0,-0.613,32,96,0,
s363,ARBUSDT,1779992100000,train,1,3.83,0.661,4.82,4.45,0.93,2.98,2.3,0.0,0.0,0.0,0,0.85,neutral,neutral,0,-0.34,32,96,0,
s364,OPUSDT,1779992100000,train,1,3.71,0.483,6.07,5.41,0.84,2.86,2.33,0.0,0.0,0.0,0,0.85,neutral,neutral,0,-0.338,32,96,0,
s365,INJUSDT,1779992100000,train,1,4.42,0.63,5.6,5.38,1.0,3.57,2.91,0.0,0.0,0.0,0,0.85,neutral,alcista,0,0.03,32,96,2,train
s366,SUIUSDT,1779992100000,train,1,2.41,0.452,4.11,3.53,1.13,1.56,1.67,0.0,0.0,0.0,0,0.85,neutral,neutral,0,-0.515,32,96,0,
s367,TIAUSDT,1779992100000,train,1,2.2,0.404,3.74,3.5,0.74,1.35,1.51,0.0,0.0,0.0,0,0.85,neutral,alcista,0,-0.439,32,96,4,train
s368,SEIUSDT,1779992100000,train,1,3.9,0.387,5.68,4.52,0.93,3.05,1.55,0.0,0.0,0.0,0,0.85,neutral,neutral,0,-1.0,28,96,0,
s369,STXUSDT,1779992100000,testB,1,2.48,0.467,3.98,3.37,1.0,1.63,1.4,0.0,0.0,0.0,0,0.85,neutral,neutral,0,0.346,32,95,0,
s370,LDOUSDT,1779992100000,testB,1,2.77,0.629,3.92,3.55,0.68,1.92,1.58,0.0,0.0,0.0,0,0.85,neutral,neutral,0,-0.371,32,95,0,
s371,SANDUSDT,1779992100000,testB,1,2.07,0.493,3.51,2.98,0.66,1.22,1.04,0.0,0.0,0.0,0,0.85,neutral,neutral,0,-0.163,32,95,0,
s372,MANAUSDT,1779992100000,testB,1,2.05,0.378,3.2,2.72,0.86,1.2,1.11,0.0,0.0,0.0,0,0.85,neutral,neutral,0,-0.478,32,95,0,
s373,AXSUSDT,1779992100000,testB,1,3.55,0.549,5.09,4.65,0.79,2.7,1.83,0.0,0.0,0.0,0,0.85,neutral,neutral,0,0.151,32,95,0,
s374,APEUSDT,1779992100000,testB,1,4.53,0.538,6.26,5.49,1.02,3.68,2.12,0.0,0.0,0.0,0,0.85,neutral,neutral,0,-0.155,32,95,0,
s375,PUMPUSDT,1779993000000,train,1,4.88,0.635,5.59,5.01,1.62,3.86,2.24,0.0,0.0,0.0,0,1.02,neutral,neutral,0,-0.221,32,97,1,
s376,ENAUSDT,1779993000000,train,1,2.66,0.456,3.67,2.97,0.7,1.64,1.15,0.0,0.0,0.0,0,1.02,neutral,neutral,0,-0.63,32,97,0,
s377,ARBUSDT,1779993000000,train,1,4.04,0.719,4.83,4.36,0.98,3.02,1.97,0.0,0.0,0.0,0,1.02,neutral,neutral,0,-0.37,32,97,0,
s378,OPUSDT,1779993000000,train,1,3.9,0.517,6.08,5.25,0.91,2.87,1.94,0.0,0.0,0.0,0,1.02,neutral,neutral,0,-0.317,32,97,0,
s379,INJUSDT,1779993000000,train,1,5.55,0.758,6.1,6.01,1.12,4.53,3.17,0.0,0.0,0.0,0,1.02,neutral,alcista,0,-0.134,32,97,3,train
s380,SUIUSDT,1779993000000,train,1,2.33,0.431,4.12,3.44,1.06,1.31,1.4,0.0,0.0,0.0,0,1.02,neutral,neutral,0,-0.489,32,97,0,
s381,TIAUSDT,1779993000000,train,1,2.13,0.389,3.74,3.46,0.81,1.11,1.29,0.0,0.0,0.0,0,1.02,neutral,neutral,0,-0.527,32,97,0,
s382,JUPUSDT,1779993000000,train,1,3.1,0.546,3.86,3.23,0.87,2.08,1.3,0.0,0.0,0.0,0,1.02,neutral,neutral,0,0.053,32,97,0,
s383,ONDOUSDT,1779993000000,train,1,3.5,0.354,4.43,4.35,0.93,2.48,2.21,0.0,0.0,0.0,0,1.02,neutral,neutral,0,-0.429,32,96,1,
s384,FETUSDT,1779993000000,train,1,4.42,0.454,6.3,4.88,1.56,3.4,2.23,0.0,0.0,0.0,0,1.02,neutral,neutral,0,0.947,32,96,1,
s385,STXUSDT,1779993000000,testB,1,2.8,0.558,3.98,3.37,1.06,1.78,1.26,0.0,0.0,0.0,0,1.02,neutral,neutral,0,0.269,32,96,0,
s386,GRTUSDT,1779993000000,testB,1,2.62,0.459,4.1,3.35,0.88,1.6,1.04,0.0,0.0,0.0,0,1.02,neutral,neutral,0,0.36,32,96,0,
s387,LDOUSDT,1779993000000,testB,1,2.55,0.551,3.93,3.31,0.8,1.53,1.15,0.0,0.0,0.0,0,1.02,neutral,neutral,0,-0.389,32,96,0,
s388,SANDUSDT,1779993000000,testB,1,2.16,0.526,3.52,2.88,0.81,1.14,0.85,0.0,0.0,0.0,0,1.02,neutral,neutral,0,-0.173,32,96,0,
s389,AXSUSDT,1779993000000,testB,1,4.11,0.672,5.09,4.74,0.77,3.09,1.69,0.0,0.0,0.0,0,1.02,neutral,neutral,0,0.167,32,96,1,
s390,APEUSDT,1779993000000,testB,1,4.45,0.524,6.27,5.34,0.96,3.43,1.88,0.0,0.0,0.0,0,1.02,neutral,neutral,0,-0.13,32,96,0,
s391,PUMPUSDT,1779993900000,train,1,4.8,0.632,5.45,5.22,0.63,3.94,2.36,0.0,0.0,0.0,0,0.86,neutral,alcista,0,-0.389,32,98,2,train
s392,ENAUSDT,1779993900000,train,1,2.46,0.437,3.49,2.87,0.58,1.6,0.97,0.0,0.0,0.0,0,0.86,neutral,neutral,0,-0.809,32,98,1,
s393,ARBUSDT,1779993900000,train,1,4.03,0.719,4.82,4.63,1.08,3.17,1.98,0.0,0.0,0.0,0,0.86,neutral,neutral,0,-0.449,32,98,1,
s394,OPUSDT,1779993900000,train,1,4.15,0.533,6.05,5.72,0.82,3.28,2.23,0.0,0.0,0.0,0,0.86,neutral,neutral,0,-0.464,32,98,1,
s395,INJUSDT,1779993900000,train,1,4.35,0.544,6.35,5.16,1.26,3.49,2.0,0.0,0.0,0.0,0,0.86,neutral,neutral,0,0.049,32,98,0,
s396,TIAUSDT,1779993900000,train,1,2.3,0.408,3.73,3.68,0.73,1.43,1.41,0.0,0.0,0.0,0,0.86,neutral,neutral,0,-0.654,32,98,1,
s397,FETUSDT,1779993900000,train,1,4.18,0.441,6.12,4.87,1.28,3.31,1.93,0.0,0.0,0.0,0,0.86,neutral,alcista,0,0.708,32,97,2,train
s398,ARUSDT,1779993900000,testB,1,6.94,0.537,10.64,7.75,2.11,6.08,2.7,0.0,0.0,0.0,0,0.86,neutral,neutral,0,0.785,32,97,0,
s399,STXUSDT,1779993900000,testB,1,2.44,0.495,3.98,3.25,0.94,1.58,1.03,0.0,0.0,0.0,0,0.86,neutral,neutral,0,0.227,32,97,0,
s400,GRTUSDT,1779993900000,testB,1,2.24,0.387,4.11,3.13,0.84,1.37,0.81,0.0,0.0,0.0,0,0.86,neutral,neutral,0,0.0,32,97,0,
s401,LDOUSDT,1779993900000,testB,1,2.67,0.563,3.92,3.49,0.67,1.81,1.18,0.0,0.0,0.0,0,0.86,neutral,neutral,0,-0.456,32,97,1,
s402,SANDUSDT,1779993900000,testB,1,2.01,0.472,3.52,2.73,0.76,1.15,0.65,0.0,0.0,0.0,0,0.86,neutral,neutral,0,-0.259,32,97,0,
s403,AXSUSDT,1779993900000,testB,1,3.66,0.556,5.11,4.23,0.73,2.79,1.04,0.0,0.0,0.0,0,0.86,neutral,neutral,0,0.188,32,97,0,
s404,APEUSDT,1779993900000,testB,1,4.62,0.543,6.27,5.42,0.79,3.75,1.72,0.0,0.0,0.0,0,0.86,neutral,neutral,0,-0.343,32,97,1,
s405,PUMPUSDT,1779994800000,train,1,4.08,0.489,5.5,4.39,0.5,3.23,1.35,0.0,0.0,0.0,0,0.85,neutral,neutral,0,-0.067,32,99,0,
s406,ARBUSDT,1779994800000,train,1,3.65,0.607,4.85,3.99,0.85,2.8,1.23,0.0,0.0,0.0,0,0.85,neutral,neutral,0,-0.238,32,99,0,
s407,OPUSDT,1779994800000,train,1,4.45,0.586,6.1,5.01,0.72,3.6,1.39,0.0,0.0,0.0,0,0.85,neutral,neutral,0,-0.267,32,99,0,
s408,INJUSDT,1779994800000,train,1,3.34,0.37,6.42,4.12,1.09,2.49,0.89,0.0,0.0,0.0,0,0.85,neutral,neutral,0,0.593,32,99,0,
s409,SUIUSDT,1779994800000,train,1,2.12,0.406,4.15,2.72,0.81,1.28,0.4,0.0,0.0,0.0,0,0.85,neutral,neutral,0,-0.24,32,99,0,
s410,TIAUSDT,1779994800000,train,1,2.24,0.39,3.76,2.97,0.62,1.39,0.55,0.0,0.0,0.0,0,0.85,neutral,neutral,0,-0.256,32,99,0,
s411,JUPUSDT,1779994800000,train,1,2.63,0.6,3.87,3.01,1.02,1.78,0.97,0.0,0.0,0.0,0,0.85,neutral,neutral,0,0.264,32,99,0,
s412,ONDOUSDT,1779994800000,train,1,3.24,0.358,4.48,3.7,0.76,2.4,1.06,0.0,0.0,0.0,0,0.85,neutral,neutral,0,-0.196,32,98,0,
s413,ARUSDT,1779994800000,testB,1,7.82,0.631,10.63,7.84,1.79,6.97,2.53,0.0,0.0,0.0,0,0.85,neutral,neutral,0,0.793,32,98,1,
s414,STXUSDT,1779994800000,testB,1,2.72,0.581,3.99,2.95,0.85,1.88,0.66,0.0,0.0,0.0,0,0.85,neutral,neutral,0,0.456,32,98,0,
s415,GRTUSDT,1779994800000,testB,1,2.09,0.351,4.14,2.47,0.8,1.25,0.08,0.0,0.0,0.0,0,0.85,neutral,neutral,0,0.508,32,98,0,
s416,LDOUSDT,1779994800000,testB,1,2.53,0.513,3.94,2.99,0.6,1.68,0.59,0.0,0.0,0.0,0,0.85,neutral,neutral,0,-0.093,32,98,0,
s417,SANDUSDT,1779994800000,testB,1,2.24,0.548,3.53,2.5,0.6,1.39,0.38,0.0,0.0,0.0,0,0.85,neutral,neutral,0,0.047,32,98,0,
s418,MANAUSDT,1779994800000,testB,1,2.07,0.395,3.21,2.14,0.4,1.22,0.31,0.0,0.0,0.0,0,0.85,neutral,neutral,0,-0.222,32,98,0,
s419,AXSUSDT,1779994800000,testB,1,3.85,0.6,5.12,4.15,0.61,3.0,0.86,0.0,0.0,0.0,0,0.85,neutral,neutral,0,0.383,32,98,0,
s420,APEUSDT,1779994800000,testB,1,4.73,0.558,6.31,4.83,0.57,3.89,0.99,0.0,0.0,0.0,0,0.85,neutral,neutral,0,-0.097,32,98,0,
s421,PUMPUSDT,1779995700000,train,1,4.55,0.517,5.28,4.93,0.36,3.72,1.98,0.0,0.0,0.0,0,0.83,neutral,neutral,0,-0.282,32,100,1,
s422,ARBUSDT,1779995700000,train,1,3.73,0.613,4.83,4.36,0.62,2.91,1.5,0.0,0.0,0.0,0,0.83,neutral,neutral,0,-0.304,32,100,1,
s423,OPUSDT,1779995700000,train,1,5.06,0.617,5.73,5.23,0.66,4.23,1.83,0.0,0.0,0.0,0,0.83,neutral,neutral,0,-0.397,32,100,1,
s424,INJUSDT,1779995700000,train,1,3.73,0.397,6.36,5.04,0.96,2.9,1.74,0.0,0.0,0.0,0,0.83,neutral,neutral,0,0.136,32,100,1,
s425,SUIUSDT,1779995700000,train,1,2.5,0.445,3.79,2.78,0.74,1.67,0.73,0.0,0.0,0.0,0,0.83,neutral,neutral,0,-0.488,32,100,1,
s426,TIAUSDT,1779995700000,train,1,2.55,0.422,3.53,3.27,0.48,1.72,0.97,0.0,0.0,0.0,0,0.83,neutral,neutral,0,-0.616,32,100,1,
s427,JUPUSDT,1779995700000,train,1,3.03,0.634,3.9,3.56,0.88,2.2,1.51,0.0,0.0,0.0,0,0.83,neutral,neutral,0,-0.032,32,100,1,
s428,ONDOUSDT,1779995700000,train,1,3.69,0.397,4.47,4.01,0.7,2.86,1.23,0.0,0.0,0.0,0,0.83,neutral,neutral,0,-0.433,32,99,1,
s429,STXUSDT,1779995700000,testB,1,2.71,0.581,3.55,2.94,0.77,1.88,1.04,0.0,0.0,0.0,0,0.83,neutral,neutral,0,0.265,32,99,1,
s430,GRTUSDT,1779995700000,testB,1,2.27,0.371,3.92,2.98,0.89,1.45,0.8,0.0,0.0,0.0,0,0.83,neutral,neutral,0,-0.025,32,99,1,
s431,LDOUSDT,1779995700000,testB,1,2.77,0.537,3.4,2.94,0.5,1.94,0.98,0.0,0.0,0.0,0,0.83,neutral,neutral,0,-0.375,32,99,1,
s432,SANDUSDT,1779995700000,testB,1,2.15,0.54,2.97,2.4,0.51,1.32,0.79,0.0,0.0,0.0,0,0.83,neutral,neutral,0,-0.252,32,99,1,
s433,AXSUSDT,1779995700000,testB,1,4.38,0.632,4.37,4.37,0.57,3.55,1.8,0.0,0.0,0.0,0,0.83,neutral,neutral,0,0.16,32,99,1,
s434,APEUSDT,1779995700000,testB,1,5.04,0.574,5.96,5.18,0.45,4.21,1.54,0.0,0.0,0.0,0,0.83,neutral,neutral,0,-0.269,32,99,1,
s435,PUMPUSDT,1779996600000,train,1,3.94,0.436,5.3,4.55,0.31,3.36,1.35,0.0,0.0,0.0,0,0.58,neutral,neutral,0,-0.321,32,101,0,
s436,ARBUSDT,1779996600000,train,1,2.94,0.469,4.85,3.9,0.6,2.36,0.88,0.0,0.0,0.0,0,0.58,neutral,neutral,0,-0.22,32,101,0,
s437,OPUSDT,1779996600000,train,1,4.36,0.51,5.76,4.76,0.63,3.78,1.16,0.0,0.0,0.0,0,0.58,neutral,neutral,0,-0.368,32,101,0,
s438,JUPUSDT,1779996600000,train,1,2.26,0.47,3.92,3.18,0.84,1.68,0.88,0.0,0.0,0.0,0,0.58,neutral,neutral,0,-0.089,32,101,0,
s439,ARUSDT,1779996600000,testB,1,8.11,0.583,9.82,7.95,0.97,7.53,2.75,0.0,0.0,0.0,0,0.58,neutral,neutral,0,0.697,32,100,0,
s440,STXUSDT,1779996600000,testB,1,2.26,0.468,3.56,2.65,0.71,1.68,0.63,0.0,0.0,0.0,0,0.58,neutral,neutral,0,0.344,32,100,0,
s441,LDOUSDT,1779996600000,testB,1,2.1,0.396,3.2,2.34,0.45,1.52,0.52,0.0,0.0,0.0,0,0.58,neutral,neutral,0,-0.316,32,100,0,
s442,AXSUSDT,1779996600000,testB,1,3.36,0.481,4.13,3.42,0.71,2.78,1.16,0.0,0.0,0.0,0,0.58,neutral,neutral,0,0.308,32,100,0,
s443,APEUSDT,1779996600000,testB,1,4.39,0.466,5.76,4.36,0.37,3.81,0.84,0.0,0.0,0.0,0,0.58,neutral,neutral,0,-0.071,32,100,0,
s444,PUMPUSDT,1779997500000,train,1,3.7,0.399,5.32,4.27,0.32,3.02,0.98,0.0,0.0,0.0,0,0.68,neutral,neutral,0,-0.356,32,102,0,
s445,ARBUSDT,1779997500000,train,1,2.75,0.424,4.87,3.63,0.53,2.07,0.57,0.0,0.0,0.0,0,0.68,neutral,neutral,0,-0.316,32,102,0,
s446,OPUSDT,1779997500000,train,1,3.92,0.446,5.78,4.44,0.57,3.24,0.88,0.0,0.0,0.0,0,0.68,neutral,neutral,0,-0.377,32,102,0,
s447,JUPUSDT,1779997500000,train,1,2.21,0.452,3.93,2.9,0.81,1.53,0.62,0.0,0.0,0.0,0,0.68,neutral,neutral,0,-0.02,32,102,0,
s448,STXUSDT,1779997500000,testB,1,2.13,0.429,3.56,2.48,0.96,1.45,0.49,0.0,0.0,0.0,0,0.68,neutral,neutral,0,0.386,32,101,0,
s449,AXSUSDT,1779997500000,testB,1,2.81,0.392,4.14,3.08,0.75,2.13,0.76,0.0,0.0,0.0,0,0.68,neutral,neutral,0,0.514,32,101,0,
s450,APEUSDT,1779997500000,testB,1,3.89,0.414,5.69,4.06,0.32,3.21,0.64,0.0,0.0,0.0,0,0.68,neutral,neutral,0,-0.077,32,101,0,
s451,ARBUSDT,1779998400000,train,1,2.65,0.403,4.11,2.77,0.73,2.18,0.39,0.0,0.0,0.0,0,0.47,neutral,neutral,0,-0.552,32,103,0,
s452,ARUSDT,1779998400000,testB,1,6.52,0.498,8.17,6.25,0.55,6.05,2.22,0.0,0.0,0.0,0,0.47,neutral,neutral,0,0.65,32,102,0,
s453,AXSUSDT,1779998400000,testB,1,2.52,0.368,3.25,2.55,0.85,2.05,0.93,0.0,0.0,0.0,0,0.47,neutral,neutral,0,0.552,32,102,1,
s454,ARBUSDT,1779999300000,train,1,3.22,0.452,3.6,3.22,0.95,2.54,1.18,0.0,0.0,0.0,0,0.68,neutral,neutral,0,-0.588,32,104,1,
s455,JUPUSDT,1779999300000,train,1,2.73,0.495,3.17,2.77,1.25,2.05,1.02,0.0,0.0,0.0,0,0.68,neutral,neutral,0,-0.286,32,104,1,
s456,ARUSDT,1779999300000,testB,1,8.34,0.561,8.05,7.96,0.63,7.66,3.92,0.0,0.0,0.0,0,0.68,neutral,neutral,0,0.319,32,103,1,
s457,ARBUSDT,1780000200000,train,1,2.72,0.412,3.02,2.74,0.99,2.25,1.17,0.0,0.0,0.0,0,0.46,neutral,alcista,0,-1.0,30,105,2,train
s458,JUPUSDT,1780000200000,train,1,2.55,0.478,2.77,2.54,1.17,2.09,1.11,0.0,0.0,0.0,0,0.46,neutral,alcista,0,-0.378,32,105,2,train
s459,PENDLEUSDT,1780001100000,train,-1,-3.27,0.372,5.23,5.16,0.76,-3.45,1.75,0.0,0.0,0.0,0,0.19,neutral,neutral,0,-0.198,32,106,1,
s460,ARUSDT,1780001100000,testB,1,6.7,0.412,8.57,6.55,1.09,6.52,2.46,0.0,0.0,0.0,0,0.19,neutral,neutral,0,0.725,32,105,0,
s461,AXSUSDT,1780002000000,testB,1,3.35,0.396,4.27,4.01,2.53,3.06,2.98,0.0,0.0,0.0,0,0.29,neutral,neutral,0,0.043,32,106,1,
s462,JUPUSDT,1780002900000,train,1,2.13,0.381,2.37,2.14,0.74,1.68,0.91,0.0,0.0,0.0,0,0.45,neutral,alcista,0,-0.421,32,108,2,train
s463,AXSUSDT,1780002900000,testB,1,4.43,0.521,4.58,4.33,3.31,3.98,3.13,0.0,0.0,0.0,0,0.45,neutral,alcista,0,-0.137,32,107,2,testB
s464,SEIUSDT,1780003800000,train,-1,-2.75,0.418,3.69,3.38,0.67,-3.34,1.13,0.0,0.0,0.0,0,0.59,neutral,bajista,0,1.245,32,109,4,train
s465,SEIUSDT,1780004700000,train,-1,-2.7,0.413,3.69,3.53,0.74,-3.08,1.25,0.0,0.0,0.0,0,0.38,neutral,bajista,0,1.074,32,110,5,train
s466,STBLUSDT,1780005600000,train,-1,-2.2,0.697,3.0,2.64,0.47,-2.31,0.37,0.0,0.0,0.0,0,0.11,neutral,neutral,0,0.123,32,111,0,
s467,SEIUSDT,1780005600000,train,-1,-2.88,0.434,3.23,3.13,0.71,-2.99,1.21,0.0,0.0,0.0,0,0.11,neutral,bajista,0,1.056,32,111,6,train
s468,PENDLEUSDT,1780005600000,train,-1,-3.58,0.422,4.91,3.81,0.71,-3.69,0.72,0.0,0.0,0.0,0,0.11,neutral,bajista,0,0.066,32,111,2,train
s469,SEIUSDT,1780006500000,train,-1,-3.08,0.449,3.36,3.3,0.85,-3.12,1.86,0.0,0.0,0.0,0,0.04,neutral,bajista,0,0.747,32,112,7,train
s470,PENDLEUSDT,1780006500000,train,-1,-3.0,0.378,4.05,3.27,0.84,-3.04,1.09,0.0,0.0,0.0,0,0.04,neutral,bajista,0,-0.111,32,112,3,train
s471,SEIUSDT,1780007400000,train,-1,-3.0,0.441,3.93,3.85,0.82,-2.86,2.13,0.0,0.0,0.0,0,-0.14,neutral,bajista,0,0.506,32,113,8,train
s472,PENDLEUSDT,1780007400000,train,-1,-3.05,0.381,3.78,3.19,0.86,-2.91,1.06,0.0,0.0,0.0,0,-0.14,neutral,bajista,0,-0.165,32,113,4,train
s473,ONDOUSDT,1780007400000,train,-1,-2.4,0.421,2.59,2.57,0.74,-2.26,1.17,0.0,0.0,0.0,0,-0.14,neutral,bajista,0,-0.255,32,112,2,train
s474,TIAUSDT,1780008300000,train,-1,-2.86,0.357,3.4,2.97,1.07,-2.62,1.42,0.0,0.0,0.0,0,-0.24,neutral,neutral,0,-1.0,9,114,0,
s475,SEIUSDT,1780008300000,train,-1,-3.12,0.469,3.88,3.45,0.86,-2.87,1.63,0.0,0.0,0.0,0,-0.24,neutral,neutral,0,0.502,32,114,0,
s476,SEIUSDT,1780009200000,train,-1,-2.71,0.409,3.87,3.25,0.73,-2.87,1.25,0.0,0.0,0.0,0,0.16,neutral,neutral,0,0.604,32,115,0,
s477,SEIUSDT,1780010100000,train,-1,-2.88,0.433,3.55,3.04,0.61,-3.05,1.14,0.0,0.0,0.0,0,0.17,neutral,neutral,0,0.652,32,116,1,
s478,SEIUSDT,1780011000000,train,-1,-2.66,0.413,3.4,3.1,0.55,-2.89,1.35,0.0,0.0,0.0,0,0.23,neutral,bajista,0,0.891,32,117,2,train
s479,SEIUSDT,1780011900000,train,-1,-2.36,0.383,3.52,3.3,0.63,-2.63,1.37,0.0,0.0,0.0,0,0.27,neutral,bajista,0,0.558,32,118,3,train
s480,STXUSDT,1780012800000,testB,1,2.05,0.465,2.39,2.05,1.95,1.62,0.91,0.0,0.0,0.0,0,0.42,neutral,alcista,0,-0.146,32,118,2,testB
s481,SEIUSDT,1780014600000,train,-1,-2.73,0.515,3.46,2.82,1.48,-2.94,0.56,0.0,0.0,0.0,0,0.21,neutral,neutral,0,0.24,32,121,0,
s482,GRTUSDT,1780014600000,testB,1,2.47,0.351,3.07,3.0,1.87,2.26,1.8,0.0,0.0,0.0,0,0.21,neutral,alcista,0,-1.0,14,120,4,testB
s483,SEIUSDT,1780015500000,train,-1,-2.67,0.508,3.34,2.95,1.62,-2.86,0.97,0.0,0.0,0.0,0,0.19,neutral,neutral,0,-0.145,32,122,1,
s484,FETUSDT,1780015500000,train,1,3.97,0.453,4.99,4.95,3.07,3.78,3.13,0.0,0.0,0.0,0,0.19,neutral,alcista,0,0.254,32,121,4,train
s485,STXUSDT,1780015500000,testB,1,2.59,0.526,3.15,3.15,2.7,2.4,2.07,0.0,0.0,0.0,0,0.19,neutral,alcista,0,-1.0,13,121,5,testB
s486,GRTUSDT,1780015500000,testB,1,2.86,0.429,3.26,2.93,2.18,2.67,1.58,0.0,0.0,0.0,0,0.19,neutral,neutral,0,-1.0,13,121,0,
s487,SEIUSDT,1780016400000,train,-1,-2.47,0.462,3.33,2.8,1.51,-2.59,0.8,0.0,0.0,0.0,0,0.12,neutral,neutral,0,-0.079,32,123,0,
s488,FETUSDT,1780016400000,train,1,3.75,0.434,5.63,4.91,3.54,3.62,2.68,0.0,0.0,0.0,0,0.12,neutral,neutral,0,0.308,32,122,0,
s489,ARUSDT,1780016400000,testB,1,4.77,0.415,7.93,6.79,4.39,4.65,3.96,0.0,0.0,0.0,0,0.12,neutral,alcista,0,-0.174,32,122,5,testB
s490,GRTUSDT,1780016400000,testB,1,2.42,0.39,3.73,3.21,2.11,2.3,1.72,0.0,0.0,0.0,0,0.12,neutral,neutral,0,-1.0,12,122,1,
s491,SEIUSDT,1780017300000,train,-1,-2.42,0.455,3.14,2.8,1.25,-2.28,1.4,0.0,0.0,0.0,0,-0.14,neutral,neutral,0,-0.397,32,124,1,
s492,FETUSDT,1780017300000,train,1,3.03,0.38,5.75,4.87,3.68,3.17,2.27,0.0,0.0,0.0,0,-0.14,neutral,neutral,0,0.457,32,123,0,
s493,AXSUSDT,1780017300000,testB,-1,-2.55,0.405,3.05,2.79,0.62,-2.41,0.45,0.0,0.0,0.0,0,-0.14,neutral,bajista,0,-1.0,19,123,3,testB
s494,SEIUSDT,1780018200000,train,-1,-2.37,0.449,2.9,2.54,1.25,-1.85,1.37,0.0,0.0,0.0,0,-0.51,neutral,bajista,0,-0.327,32,125,2,train
s495,PENDLEUSDT,1780018200000,train,-1,-2.19,0.428,3.01,2.38,1.54,-1.67,0.92,0.0,0.0,0.0,0,-0.51,neutral,bajista,0,0.453,32,125,4,train
s496,FETUSDT,1780018200000,train,1,4.71,0.489,6.8,6.6,3.61,5.22,3.87,0.0,0.0,0.0,0,-0.51,neutral,neutral,0,-0.094,32,124,1,
s497,GRTUSDT,1780018200000,testB,1,2.76,0.417,3.72,3.57,1.64,3.27,1.77,0.0,0.0,0.0,0,-0.51,neutral,neutral,0,-1.0,10,124,1,
s498,SEIUSDT,1780019100000,train,-1,-2.65,0.476,3.27,2.99,1.19,-2.32,1.62,0.0,0.0,0.0,0,-0.32,neutral,bajista,0,-0.305,32,126,3,train
s499,FETUSDT,1780019100000,train,1,6.15,0.587,8.36,7.59,3.58,6.47,4.47,0.0,0.0,0.0,0,-0.32,neutral,alcista,0,-0.306,32,125,2,train
s500,GRTUSDT,1780019100000,testB,1,3.48,0.479,4.42,4.2,1.65,3.8,2.1,0.0,0.0,0.0,0,-0.32,neutral,alcista,0,-1.0,9,125,2,testB
s501,INJUSDT,1780020000000,train,1,3.69,0.402,5.52,5.08,2.31,3.81,2.6,0.0,0.0,0.0,0,-0.12,neutral,alcista,1,2.0,21,127,3,train
s502,SEIUSDT,1780020000000,train,-1,-2.74,0.485,2.96,2.92,0.99,-2.62,1.59,0.0,0.0,0.0,0,-0.12,neutral,bajista,0,-0.421,32,127,4,train
s503,ARUSDT,1780020000000,testB,1,5.34,0.394,7.88,7.37,2.03,5.46,3.55,0.0,0.0,0.0,0,-0.12,neutral,alcista,0,-0.017,32,126,3,testB
s504,GRTUSDT,1780020000000,testB,1,2.93,0.438,4.79,4.24,1.3,3.05,1.91,0.0,0.0,0.0,0,-0.12,neutral,alcista,0,-1.0,8,126,3,testB
s505,WLDUSDT,1780020900000,train,1,4.89,0.429,7.25,4.87,0.77,5.2,0.71,0.0,0.0,0.0,0,-0.31,neutral,neutral,0,0.794,32,128,0,
s506,SEIUSDT,1780020900000,train,-1,-3.12,0.516,3.6,3.55,1.14,-2.82,2.35,0.0,0.0,0.0,0,-0.31,neutral,bajista,0,-1.0,28,128,5,train
s507,ARUSDT,1780020900000,testB,1,4.95,0.35,7.99,5.99,1.58,5.26,1.75,0.0,0.0,0.0,0,-0.31,neutral,neutral,0,-0.035,32,127,0,
s508,GRTUSDT,1780020900000,testB,1,2.7,0.384,4.84,3.11,1.76,3.0,0.67,0.0,0.0,0.0,0,-0.31,neutral,neutral,0,-1.0,7,127,0,
s509,WLDUSDT,1780021800000,train,1,5.06,0.437,7.02,5.06,0.77,5.27,1.1,0.0,0.0,0.0,0,-0.21,neutral,neutral,0,0.687,32,129,1,
s510,SEIUSDT,1780021800000,train,-1,-2.95,0.5,4.04,3.92,1.25,-2.73,2.42,0.0,0.0,0.0,0,-0.21,neutral,bajista,0,-1.0,27,129,6,train
s511,FETUSDT,1780021800000,train,1,6.55,0.516,9.0,6.15,2.64,6.76,2.2,0.0,0.0,0.0,0,-0.21,neutral,neutral,0,-0.161,32,128,1,
s512,ARUSDT,1780021800000,testB,1,5.8,0.387,7.93,6.79,1.32,6.01,2.37,0.0,0.0,0.0,0,-0.21,neutral,neutral,0,-0.186,32,128,1,
s513,GRTUSDT,1780021800000,testB,1,2.63,0.369,4.76,2.53,1.95,2.84,0.17,0.0,0.0,0.0,0,-0.21,neutral,neutral,0,-1.0,6,128,0,
s514,WLDUSDT,1780022700000,train,1,4.73,0.411,7.03,4.93,0.73,5.06,0.93,0.0,0.0,0.0,0,-0.34,neutral,neutral,0,0.657,32,130,0,
s515,SEIUSDT,1780022700000,train,-1,-3.92,0.634,4.81,4.61,1.43,-3.58,2.77,0.0,0.0,0.0,0,-0.34,neutral,bajista,0,-1.0,26,130,7,train
s516,WLDUSDT,1780023600000,train,1,4.91,0.42,6.84,4.92,0.64,5.11,1.34,0.0,0.0,0.0,0,-0.2,neutral,neutral,0,0.427,32,131,1,
s517,SEIUSDT,1780023600000,train,-1,-2.84,0.393,4.75,3.26,1.76,-2.64,1.26,0.0,0.0,0.0,0,-0.2,neutral,neutral,0,-1.0,25,131,0,
s518,ARUSDT,1780023600000,testB,1,5.69,0.393,7.97,6.23,1.03,5.9,1.62,0.0,0.0,0.0,0,-0.2,neutral,neutral,0,-0.041,32,130,1,
s519,SEIUSDT,1780024500000,train,-1,-2.7,0.376,4.66,3.12,1.54,-2.29,1.03,0.0,0.0,0.0,0,-0.41,neutral,neutral,0,-1.0,24,132,0,
s520,ARUSDT,1780024500000,testB,1,6.17,0.413,7.92,6.91,0.95,6.57,2.12,0.0,0.0,0.0,0,-0.41,neutral,alcista,0,-0.22,32,131,2,testB
s521,SEIUSDT,1780025400000,train,-1,-2.53,0.36,4.66,3.25,1.48,-2.2,1.09,0.0,0.0,0.0,0,-0.33,neutral,neutral,0,-1.0,23,133,1,
s522,ARUSDT,1780025400000,testB,1,6.25,0.417,7.95,6.47,0.93,6.58,1.41,0.0,0.0,0.0,0,-0.33,neutral,neutral,0,-0.222,32,132,0,
s523,SEIUSDT,1780026300000,train,-1,-2.87,0.389,4.69,3.81,1.18,-2.44,1.5,0.0,0.0,0.0,0,-0.44,neutral,bajista,0,-1.0,22,134,2,train
s524,ARUSDT,1780026300000,testB,1,5.9,0.384,7.57,5.57,0.69,6.34,0.95,0.0,0.0,0.0,0,-0.44,neutral,neutral,0,-0.16,32,133,0,
s525,SEIUSDT,1780027200000,train,-1,-4.03,0.536,4.72,4.54,1.0,-3.32,1.97,0.0,0.0,0.0,0,-0.71,neutral,bajista,0,-1.0,21,135,3,train
s526,GRTUSDT,1780029000000,testB,-1,-2.96,0.367,5.8,5.0,0.71,-2.36,1.49,0.0,0.0,0.0,0,-0.6,neutral,neutral,0,0.489,32,136,1,
s527,STXUSDT,1780029900000,testB,-1,-2.02,0.407,3.56,2.27,0.91,-1.71,0.18,0.0,0.0,0.0,0,-0.31,neutral,neutral,0,-1.0,23,137,0,
s528,GRTUSDT,1780030800000,testB,-1,-2.99,0.38,5.79,4.76,0.49,-2.74,1.12,0.0,0.0,0.0,0,-0.25,neutral,neutral,0,0.624,32,138,1,
s529,AXSUSDT,1780030800000,testB,1,2.09,0.444,3.07,2.81,1.5,2.34,1.49,0.0,0.0,0.0,0,-0.25,neutral,alcista,0,-1.0,27,138,2,testB
s530,GRTUSDT,1780031700000,testB,-1,-2.89,0.371,5.79,4.84,0.56,-2.86,1.2,0.0,0.0,0.0,0,-0.03,neutral,bajista,0,0.614,32,139,2,testB
s531,AXSUSDT,1780031700000,testB,1,2.0,0.418,3.07,2.56,1.82,2.03,1.1,0.0,0.0,0.0,0,-0.03,neutral,neutral,0,-1.0,26,139,0,
s532,INJUSDT,1780032600000,train,1,4.7,0.352,6.13,5.64,1.61,4.73,3.17,0.0,0.0,0.0,0,-0.03,neutral,alcista,0,0.509,32,141,4,train
s533,GRTUSDT,1780032600000,testB,-1,-3.53,0.485,5.8,4.96,0.7,-3.51,1.18,0.0,0.0,0.0,0,-0.03,neutral,bajista,0,0.531,32,140,3,testB
s534,AXSUSDT,1780032600000,testB,1,2.26,0.448,3.07,2.81,1.98,2.29,1.29,0.0,0.0,0.0,0,-0.03,neutral,neutral,0,-1.0,25,140,1,
s535,TIAUSDT,1780033500000,train,-1,-2.4,0.372,4.18,2.56,0.76,-2.54,0.31,0.0,0.0,0.0,0,0.14,neutral,neutral,0,0.613,32,142,0,
s536,GRTUSDT,1780033500000,testB,-1,-4.1,0.615,5.79,4.88,0.75,-4.24,1.04,0.0,0.0,0.0,0,0.14,neutral,neutral,0,0.531,32,141,0,
s537,AXSUSDT,1780033500000,testB,1,2.09,0.4,3.07,2.65,1.55,1.95,1.02,0.0,0.0,0.0,0,0.14,neutral,neutral,0,-1.0,24,141,0,
s538,WLDUSDT,1780034400000,train,1,4.68,0.393,8.44,7.65,1.64,4.59,4.39,0.0,0.0,0.0,0,0.09,neutral,neutral,0,-0.3,32,143,1,
s539,INJUSDT,1780034400000,train,1,5.01,0.371,7.89,7.83,1.58,4.93,4.84,0.0,0.0,0.0,0,0.09,neutral,alcista,0,0.546,32,143,6,train
s540,GRTUSDT,1780034400000,testB,-1,-3.91,0.572,5.44,4.3,0.77,-4.0,0.71,0.0,0.0,0.0,0,0.09,neutral,neutral,0,0.708,32,142,0,
s541,AXSUSDT,1780034400000,testB,1,2.52,0.446,3.56,3.39,1.45,2.43,1.65,0.0,0.0,0.0,0,0.09,neutral,neutral,0,-1.0,23,142,1,
s542,WLDUSDT,1780035300000,train,1,4.59,0.381,8.49,7.13,1.85,4.08,3.33,0.0,0.0,0.0,0,0.51,neutral,neutral,0,-0.25,32,144,0,
s543,GRTUSDT,1780035300000,testB,-1,-3.0,0.503,4.77,3.85,0.88,-3.51,0.93,0.0,0.0,0.0,0,0.51,neutral,neutral,0,0.911,32,143,1,
s544,AXSUSDT,1780035300000,testB,1,3.4,0.6,4.38,3.79,1.42,2.89,1.87,0.0,0.0,0.0,0,0.51,neutral,alcista,0,-1.0,22,143,2,testB
s545,GRTUSDT,1780036200000,testB,-1,-2.71,0.477,3.82,3.09,0.87,-3.2,1.1,0.0,0.0,0.0,0,0.48,neutral,bajista,0,1.21,32,144,2,testB
s546,AXSUSDT,1780036200000,testB,1,2.79,0.471,4.4,3.39,1.47,2.3,1.31,0.0,0.0,0.0,0,0.48,neutral,neutral,0,-1.0,21,144,0,
s547,SEIUSDT,1780037100000,train,1,2.28,0.359,2.58,2.38,0.81,1.52,0.83,0.0,0.0,0.0,0,0.75,neutral,neutral,0,-1.0,23,146,1,
s548,AXSUSDT,1780037100000,testB,1,3.06,0.538,4.16,2.89,1.57,2.31,0.9,0.0,0.0,0.0,0,0.75,neutral,neutral,0,-1.0,19,145,0,
s549,APEUSDT,1780037100000,testB,1,3.08,0.549,3.06,2.91,2.03,2.32,1.53,0.0,0.0,0.0,0,0.75,neutral,alcista,0,-0.237,32,145,2,testB
s550,AXSUSDT,1780038000000,testB,1,2.87,0.524,3.89,3.12,1.01,2.37,1.34,0.0,0.0,0.0,0,0.5,neutral,neutral,0,-1.0,14,146,1,
s551,APEUSDT,1780038000000,testB,1,2.9,0.536,3.57,3.42,2.87,2.4,1.99,0.0,0.0,0.0,0,0.5,neutral,alcista,0,0.133,32,146,3,
s552,APEUSDT,1780038900000,testB,1,2.9,0.536,3.58,3.2,3.18,2.4,1.58,0.0,0.0,0.0,0,0.51,neutral,neutral,0,0.262,32,147,0,
s553,APEUSDT,1780040700000,testB,1,3.05,0.494,3.64,3.57,2.15,2.75,1.72,0.0,0.0,0.0,0,0.3,neutral,neutral,0,0.404,32,149,1,
s554,SEIUSDT,1780041600000,train,1,2.25,0.367,2.84,2.33,1.12,1.59,0.66,0.0,0.0,0.0,0,0.66,neutral,alcista,0,-1.0,18,151,2,train
s555,ONDOUSDT,1780041600000,train,1,2.59,0.359,3.22,2.77,1.86,1.93,1.03,0.0,0.0,0.0,0,0.66,neutral,alcista,0,-1.0,16,150,2,train
s556,FETUSDT,1780041600000,train,1,4.3,0.373,5.88,4.2,1.7,3.64,1.48,0.0,0.0,0.0,0,0.66,neutral,alcista,0,-1.0,16,150,2,train
s557,APEUSDT,1780041600000,testB,1,3.14,0.513,3.65,3.12,1.68,2.48,1.44,0.0,0.0,0.0,0,0.66,neutral,neutral,0,-1.0,18,150,0,
s558,WLDUSDT,1780042500000,train,1,7.61,0.396,10.11,7.26,1.02,7.04,1.99,0.0,0.0,0.0,0,0.57,neutral,neutral,0,-0.369,32,152,0,
s559,SEIUSDT,1780042500000,train,1,2.21,0.365,3.17,2.75,1.43,1.64,1.47,0.0,0.0,0.0,0,0.57,neutral,alcista,0,-1.0,16,152,3,train
s560,SEIUSDT,1780043400000,train,1,2.17,0.362,3.16,2.96,1.34,1.64,1.59,0.0,0.0,0.0,0,0.54,neutral,alcista,0,-1.0,15,153,4,train
s561,APEUSDT,1780043400000,testB,1,2.27,0.367,3.29,2.22,1.15,1.73,0.72,0.0,0.0,0.0,0,0.54,neutral,neutral,0,-1.0,16,152,1,
s562,SEIUSDT,1780044300000,train,1,2.81,0.439,3.59,3.44,1.52,2.6,1.99,0.0,0.0,0.0,0,0.22,neutral,alcista,0,-1.0,14,154,5,train
s563,PENDLEUSDT,1780044300000,train,-1,-2.32,0.372,3.11,3.02,0.63,-2.54,0.82,0.0,0.0,0.0,0,0.22,neutral,bajista,0,-0.336,32,154,2,train
s564,SEIUSDT,1780045200000,train,1,2.44,0.397,3.78,3.38,1.79,2.15,1.61,0.0,0.0,0.0,0,0.29,neutral,neutral,0,-1.0,13,155,0,
s565,SEIUSDT,1780046100000,train,1,2.98,0.479,4.14,3.65,1.45,2.56,1.68,0.0,0.0,0.0,0,0.41,neutral,neutral,0,-1.0,12,156,1,
s566,APEUSDT,1780046100000,testB,1,2.64,0.415,3.1,3.03,0.75,2.23,1.39,0.0,0.0,0.0,0,0.41,neutral,alcista,0,-1.0,11,155,4,
s567,SEIUSDT,1780047000000,train,1,2.77,0.431,3.7,2.73,1.28,2.34,1.09,0.0,0.0,0.0,0,0.43,neutral,neutral,0,-1.0,9,157,0,
s568,PENDLEUSDT,1780047000000,train,-1,-2.63,0.439,4.31,3.41,1.57,-3.06,1.22,0.0,0.0,0.0,0,0.43,neutral,neutral,0,-0.666,32,157,1,
s569,APEUSDT,1780047000000,testB,1,2.42,0.365,3.12,2.51,0.67,1.99,0.67,0.0,0.0,0.0,0,0.43,neutral,neutral,0,-1.0,10,156,0,
s570,PENDLEUSDT,1780047900000,train,-1,-2.44,0.418,4.52,4.36,1.81,-2.51,1.85,0.0,0.0,0.0,0,0.06,neutral,bajista,0,-0.505,32,158,2,train
s571,APEUSDT,1780047900000,testB,1,2.65,0.386,2.96,2.66,0.63,2.59,0.89,0.0,0.0,0.0,0,0.06,neutral,neutral,0,-1.0,9,157,1,
s572,PENDLEUSDT,1780048800000,train,-1,-3.58,0.662,4.88,4.78,2.08,-3.59,2.05,0.0,0.0,0.0,0,0.01,neutral,bajista,0,-0.565,32,159,3,train
s573,AXSUSDT,1780048800000,testB,-1,-2.46,0.377,3.56,3.56,0.43,-2.47,1.04,0.0,0.0,0.0,0,0.01,neutral,bajista,0,-1.0,22,158,2,testB
s574,PENDLEUSDT,1780049700000,train,-1,-4.51,0.783,5.04,4.94,2.43,-4.33,2.51,0.0,0.0,0.0,0,-0.18,neutral,bajista,0,-1.0,29,160,4,train
s575,AXSUSDT,1780049700000,testB,-1,-2.95,0.479,3.48,3.3,0.59,-2.77,1.05,0.0,0.0,0.0,0,-0.18,neutral,bajista,0,-1.0,21,159,3,testB
s576,PENDLEUSDT,1780050600000,train,-1,-4.65,0.788,5.38,4.99,1.96,-4.52,2.28,0.0,0.0,0.0,0,-0.13,neutral,bajista,0,-1.0,27,161,5,train
s577,AXSUSDT,1780050600000,testB,-1,-2.37,0.4,3.38,2.86,0.65,-2.24,0.78,0.0,0.0,0.0,0,-0.13,neutral,neutral,0,-1.0,20,160,0,
s578,PENDLEUSDT,1780051500000,train,-1,-4.04,0.699,5.15,4.51,1.97,-3.83,1.95,0.0,0.0,0.0,0,-0.2,neutral,neutral,0,-1.0,26,162,0,
s579,XPLUSDT,1780052400000,train,-1,-5.88,0.403,8.5,7.86,1.01,-5.64,3.56,0.0,0.0,0.0,0,-0.24,neutral,bajista,0,0.164,32,163,3,train
s580,ENAUSDT,1780052400000,train,-1,-2.0,0.423,2.55,2.19,1.27,-1.76,0.89,0.0,0.0,0.0,0,-0.24,neutral,neutral,0,-1.0,17,163,0,
s581,AXSUSDT,1780052400000,testB,-1,-2.87,0.5,3.22,2.96,0.71,-2.64,1.04,0.0,0.0,0.0,0,-0.24,neutral,neutral,0,-1.0,18,162,1,
s582,STBLUSDT,1780053300000,train,1,3.82,0.509,6.31,4.53,5,4.08,3.41,0.0,0.0,0.0,0,-0.26,neutral,neutral,0,0.762,32,164,1,
s583,WLDUSDT,1780053300000,train,-1,-5.09,0.495,6.28,5.57,0.73,-4.83,1.74,0.0,0.0,0.0,0,-0.26,neutral,bajista,0,-0.067,32,164,3,train
s584,STXUSDT,1780053300000,testB,1,2.13,0.417,3.13,3.13,1.76,2.4,1.6,0.0,0.0,0.0,0,-0.26,neutral,neutral,0,-1.0,9,163,1,
s585,AXSUSDT,1780053300000,testB,-1,-2.3,0.443,2.7,2.44,0.72,-2.03,1.04,0.0,0.0,0.0,0,-0.26,neutral,bajista,0,-1.0,16,163,2,testB
s586,STBLUSDT,1780054200000,train,1,3.48,0.439,6.37,3.62,5,3.36,2.22,0.0,0.0,0.0,0,0.12,neutral,neutral,0,0.956,32,165,0,
s587,WLDUSDT,1780054200000,train,-1,-3.03,0.362,6.65,6.21,1.09,-3.15,2.12,0.0,0.0,0.0,0,0.12,neutral,bajista,0,-0.284,32,165,4,train
s588,STXUSDT,1780054200000,testB,1,3.06,0.717,3.59,3.01,1.47,2.94,1.36,0.0,0.0,0.0,0,0.12,neutral,neutral,0,-1.0,8,164,0,
s589,WLDUSDT,1780055100000,train,-1,-4.92,0.717,7.52,6.54,2.18,-4.87,2.41,0.0,0.0,0.0,0,-0.05,neutral,bajista,0,-0.26,32,166,5,train
s590,STXUSDT,1780055100000,testB,1,2.62,0.67,3.39,2.76,1.49,2.67,1.16,0.0,0.0,0.0,0,-0.05,neutral,neutral,0,-1.0,5,165,0,
s591,WLDUSDT,1780056000000,train,-1,-6.13,0.812,7.05,6.57,1.94,-5.66,3.34,0.0,0.0,0.0,0,-0.47,neutral,bajista,0,-1.0,13,167,6,train
s592,ENAUSDT,1780056000000,train,-1,-2.01,0.575,3.06,2.36,2.0,-1.54,1.03,0.0,0.0,0.0,0,-0.47,neutral,neutral,0,-1.0,13,167,1,
s593,TIAUSDT,1780056000000,train,-1,-3.2,0.411,5.04,4.81,1.6,-2.73,2.44,0.0,0.0,0.0,0,-0.47,neutral,bajista,0,-1.0,13,167,3,train
s594,ONDOUSDT,1780056000000,train,-1,-2.71,0.571,3.62,3.45,1.04,-2.24,1.63,0.0,0.0,0.0,0,-0.47,neutral,neutral,0,-0.04,32,166,1,
s595,FETUSDT,1780056000000,train,-1,-3.92,0.41,5.4,4.84,1.1,-3.45,1.89,0.0,0.0,0.0,0,-0.47,neutral,neutral,0,-1.0,16,166,1,
s596,GRTUSDT,1780056000000,testB,-1,-2.09,0.359,4.0,3.62,3.35,-1.62,2.11,0.0,0.0,0.0,0,-0.47,neutral,bajista,0,-0.301,32,166,5,testB
s597,WLDUSDT,1780056900000,train,-1,-2.95,0.357,5.7,3.24,2.49,-2.33,0.87,0.0,0.0,0.0,0,-0.61,neutral,neutral,0,-1.0,12,168,0,
s598,TIAUSDT,1780056900000,train,-1,-3.31,0.433,5.02,4.56,1.65,-2.69,1.7,0.0,0.0,0.0,0,-0.61,neutral,neutral,0,-1.0,12,168,0,
s599,SEIUSDT,1780056900000,train,-1,-2.58,0.5,4.29,4.1,1.18,-1.96,1.46,0.0,0.0,0.0,0,-0.61,neutral,bajista,0,0.067,32,168,5,train
s600,PENDLEUSDT,1780056900000,train,-1,-3.8,0.446,6.09,4.2,2.83,-3.18,2.26,0.0,0.0,0.0,0,-0.61,neutral,bajista,0,-1.0,13,168,2,train
s601,ONDOUSDT,1780056900000,train,-1,-2.79,0.598,3.64,3.37,1.19,-2.18,1.18,0.0,0.0,0.0,0,-0.61,neutral,neutral,0,-0.049,32,167,0,
s602,GRTUSDT,1780056900000,testB,-1,-2.28,0.405,4.0,3.54,3.28,-1.66,1.66,0.0,0.0,0.0,0,-0.61,neutral,neutral,0,-0.363,32,167,0,
s603,PUMPUSDT,1780057800000,train,-1,-2.06,0.432,3.72,3.42,1.64,-1.34,1.47,0.0,0.0,0.0,0,-0.72,neutral,bajista,0,-1.0,11,169,3,train
s604,WLDUSDT,1780057800000,train,-1,-3.98,0.428,6.31,4.97,2.4,-3.27,2.5,0.0,0.0,0.0,0,-0.72,neutral,neutral,0,-1.0,11,169,1,
s605,ARBUSDT,1780057800000,train,-1,-2.19,0.59,3.31,3.02,1.67,-1.47,1.41,0.0,0.0,0.0,0,-0.72,neutral,neutral,0,-1.0,12,169,1,
s606,SUIUSDT,1780057800000,train,-1,-2.16,0.601,3.62,2.81,5,-1.44,1.32,0.0,0.0,0.0,0,-0.72,neutral,neutral,0,-1.0,11,169,1,
s607,TIAUSDT,1780057800000,train,-1,-3.41,0.44,5.41,4.97,1.75,-2.7,2.02,0.0,0.0,0.0,0,-0.72,neutral,neutral,0,-1.0,11,169,1,
s608,SEIUSDT,1780057800000,train,-1,-3.43,0.614,5.07,4.8,1.44,-2.71,2.02,0.0,0.0,0.0,0,-0.72,neutral,bajista,0,-0.086,32,169,6,train
s609,PENDLEUSDT,1780057800000,train,-1,-4.71,0.499,5.97,5.14,3.03,-4.0,3.05,0.0,0.0,0.0,0,-0.72,neutral,bajista,0,-1.0,12,169,3,train
s610,ONDOUSDT,1780057800000,train,-1,-3.56,0.727,4.19,3.91,1.19,-2.84,1.63,0.0,0.0,0.0,0,-0.72,neutral,neutral,0,-0.142,32,168,1,
s611,FETUSDT,1780057800000,train,-1,-3.85,0.405,4.56,4.09,1.28,-3.13,1.69,0.0,0.0,0.0,0,-0.72,neutral,neutral,0,-1.0,12,168,1,
s612,GRTUSDT,1780057800000,testB,-1,-3.07,0.497,4.5,4.26,3.12,-2.35,2.24,0.0,0.0,0.0,0,-0.72,neutral,neutral,0,-0.505,32,168,1,
s613,PUMPUSDT,1780058700000,train,-1,-2.06,0.432,3.72,3.48,1.3,-1.56,1.39,0.0,0.0,0.0,0,-0.5,neutral,neutral,0,-1.0,10,170,0,
s614,WLDUSDT,1780058700000,train,-1,-3.5,0.373,6.29,4.68,1.3,-3.0,2.06,0.0,0.0,0.0,0,-0.5,neutral,neutral,0,-1.0,10,170,0,
s615,ARBUSDT,1780058700000,train,-1,-2.38,0.61,3.41,3.32,1.52,-1.88,1.57,0.0,0.0,0.0,0,-0.5,neutral,bajista,0,-1.0,11,170,2,train
s616,TIAUSDT,1780058700000,train,-1,-3.47,0.443,5.43,5.31,1.53,-2.98,2.24,0.0,0.0,0.0,0,-0.5,neutral,bajista,0,-1.0,10,170,2,train
s617,SEIUSDT,1780058700000,train,-1,-4.62,0.801,5.64,5.58,1.15,-4.12,2.54,0.0,0.0,0.0,0,-0.5,neutral,bajista,0,-0.146,32,170,7,train
s618,PENDLEUSDT,1780058700000,train,-1,-4.79,0.503,6.04,5.25,3.11,-4.29,3.01,0.0,0.0,0.0,0,-0.5,neutral,bajista,0,-1.0,11,170,4,train
s619,ONDOUSDT,1780058700000,train,-1,-3.33,0.713,4.23,3.98,1.17,-2.84,1.81,0.0,0.0,0.0,0,-0.5,neutral,bajista,0,-0.147,32,169,2,train
s620,FETUSDT,1780058700000,train,-1,-3.44,0.376,5.41,4.85,1.72,-2.94,2.36,0.0,0.0,0.0,0,-0.5,neutral,bajista,0,-1.0,11,169,2,train
s621,GRTUSDT,1780058700000,testB,-1,-2.81,0.435,4.64,3.98,1.17,-2.31,1.79,0.0,0.0,0.0,0,-0.5,neutral,neutral,0,-0.353,32,169,0,
s622,PUMPUSDT,1780059600000,train,-1,-3.15,0.73,4.1,3.86,1.37,-2.22,1.61,0.0,0.0,0.0,0,-0.93,neutral,neutral,0,-1.0,9,171,1,
s623,WLDUSDT,1780059600000,train,-1,-4.3,0.48,6.31,4.93,1.07,-3.37,1.9,0.0,0.0,0.0,0,-0.93,neutral,neutral,0,-1.0,9,171,1,
s624,ENAUSDT,1780059600000,train,-1,-2.42,0.779,3.3,2.92,1.59,-1.49,1.25,0.0,0.0,0.0,0,-0.93,neutral,bajista,0,-1.0,9,171,3,train
s625,ARBUSDT,1780059600000,train,-1,-3.04,0.8,3.91,3.62,1.84,-2.11,1.7,0.0,0.0,0.0,0,-0.93,neutral,bajista,0,-1.0,10,171,3,train
s626,SUIUSDT,1780059600000,train,-1,-2.65,0.718,3.63,3.15,1.03,-1.72,1.42,0.0,0.0,0.0,0,-0.93,neutral,neutral,0,-1.0,9,171,1,
s627,TIAUSDT,1780059600000,train,-1,-4.05,0.545,5.91,5.44,0.96,-3.12,2.19,0.0,0.0,0.0,0,-0.93,neutral,bajista,0,-1.0,9,171,3,train
s628,SEIUSDT,1780059600000,train,-1,-5.86,0.836,7.44,7.03,2.61,-4.93,3.63,0.0,0.0,0.0,0,-0.93,neutral,bajista,0,-0.364,32,171,8,train
s629,PENDLEUSDT,1780059600000,train,-1,-5.24,0.525,6.52,5.88,3.46,-4.31,3.28,0.0,0.0,0.0,0,-0.93,neutral,bajista,0,-1.0,10,171,5,train
s630,ONDOUSDT,1780059600000,train,-1,-4.08,0.792,5.15,4.56,1.57,-3.15,2.23,0.0,0.0,0.0,0,-0.93,neutral,bajista,0,-0.393,32,170,3,train
s631,FETUSDT,1780059600000,train,-1,-4.05,0.434,5.82,5.3,1.55,-3.12,2.43,0.0,0.0,0.0,0,-0.93,neutral,bajista,0,-1.0,10,170,3,train
s632,GRTUSDT,1780059600000,testB,-1,-3.52,0.514,4.83,4.59,1.17,-2.59,2.18,0.0,0.0,0.0,0,-0.93,neutral,neutral,0,-0.487,32,170,1,
s633,LDOUSDT,1780059600000,testB,-1,-2.83,0.821,3.57,3.19,2.22,-1.9,1.68,0.0,0.0,0.0,0,-0.93,neutral,bajista,0,-1.0,10,170,3,testB
s634,PUMPUSDT,1780060500000,train,-1,-3.2,0.753,3.85,3.37,1.46,-2.1,1.21,0.0,0.0,0.0,0,-1.1,neutral,neutral,0,-1.0,8,172,0,
s635,WLDUSDT,1780060500000,train,-1,-3.4,0.398,5.33,3.73,0.72,-2.3,1.42,0.0,0.0,0.0,0,-1.1,neutral,neutral,0,-1.0,7,172,0,
s636,ENAUSDT,1780060500000,train,-1,-2.22,0.674,2.95,2.3,1.78,-1.12,0.84,0.0,0.0,0.0,0,-1.1,neutral,neutral,0,-1.0,7,172,0,
s637,ARBUSDT,1780060500000,train,-1,-2.93,0.756,3.7,3.02,1.78,-1.84,1.16,0.0,0.0,0.0,0,-1.1,neutral,neutral,0,-1.0,9,172,0,
s638,OPUSDT,1780060500000,train,-1,-2.44,0.744,2.93,2.67,2.68,-1.34,1.12,0.0,0.0,0.0,0,-1.1,neutral,bajista,0,-1.0,8,172,4,train
s639,SUIUSDT,1780060500000,train,-1,-2.76,0.776,3.55,2.88,0.89,-1.66,1.13,0.0,0.0,0.0,0,-1.1,neutral,neutral,0,-1.0,8,172,0,
s640,TIAUSDT,1780060500000,train,-1,-5.0,0.785,5.91,5.36,0.79,-3.9,1.88,0.0,0.0,0.0,0,-1.1,neutral,neutral,0,-1.0,8,172,0,
s641,SEIUSDT,1780060500000,train,-1,-6.5,0.917,7.09,6.95,3.21,-5.4,3.68,0.0,0.0,0.0,0,-1.1,neutral,bajista,0,-0.298,32,172,8,train
s642,PENDLEUSDT,1780060500000,train,-1,-5.11,0.507,6.44,5.48,0.97,-4.01,2.68,0.0,0.0,0.0,0,-1.1,neutral,neutral,0,-1.0,9,172,0,
s643,ONDOUSDT,1780060500000,train,-1,-3.84,0.733,4.86,4.11,2.04,-2.74,1.91,0.0,0.0,0.0,0,-1.1,neutral,neutral,0,-1.0,9,171,0,
s644,FETUSDT,1780060500000,train,-1,-5.01,0.56,5.45,5.28,1.77,-3.91,2.55,0.0,0.0,0.0,0,-1.1,neutral,bajista,0,-1.0,9,171,4,train
s645,ARUSDT,1780060500000,testB,-1,-4.38,0.441,7.89,6.53,1.08,-3.29,2.23,0.0,0.0,0.0,0,-1.1,neutral,neutral,0,-1.0,7,171,0,
s646,GRTUSDT,1780060500000,testB,-1,-4.03,0.626,5.07,4.67,1.25,-2.94,2.06,0.0,0.0,0.0,0,-1.1,neutral,bajista,0,-0.303,32,171,2,testB
s647,LDOUSDT,1780060500000,testB,-1,-2.79,0.805,3.5,2.87,2.3,-1.69,1.25,0.0,0.0,0.0,0,-1.1,neutral,neutral,0,-1.0,9,171,0,
s648,APEUSDT,1780060500000,testB,-1,-2.8,0.389,4.21,3.27,1.05,-1.7,0.98,0.0,0.0,0.0,0,-1.1,neutral,neutral,0,-1.0,8,171,0,
s649,XPLUSDT,1780061400000,train,-1,-6.19,0.616,8.97,6.7,0.68,-5.43,1.41,0.0,0.0,0.0,0,-0.76,neutral,neutral,0,0.097,32,173,0,
s650,PUMPUSDT,1780061400000,train,-1,-2.57,0.564,3.77,2.63,1.47,-1.81,0.66,0.0,0.0,0.0,0,-0.76,neutral,neutral,0,-1.0,6,173,0,
s651,WLDUSDT,1780061400000,train,-1,-3.11,0.364,5.33,3.58,0.59,-2.35,1.14,0.0,0.0,0.0,0,-0.76,neutral,neutral,0,-1.0,6,173,0,
s652,ARBUSDT,1780061400000,train,-1,-2.75,0.744,3.61,3.02,1.62,-1.99,1.13,0.0,0.0,0.0,0,-0.76,neutral,neutral,0,-1.0,8,173,0,
s653,OPUSDT,1780061400000,train,-1,-2.69,0.8,3.37,2.85,2.52,-1.93,1.15,0.0,0.0,0.0,0,-0.76,neutral,bajista,0,-1.0,7,173,5,train
s654,SUIUSDT,1780061400000,train,-1,-2.52,0.684,3.44,2.59,1.0,-1.76,0.84,0.0,0.0,0.0,0,-0.76,neutral,neutral,0,-1.0,7,173,0,
s655,TIAUSDT,1780061400000,train,-1,-4.06,0.585,5.69,4.21,0.71,-3.3,0.96,0.0,0.0,0.0,0,-0.76,neutral,neutral,0,-1.0,7,173,0,
s656,SEIUSDT,1780061400000,train,-1,-6.03,0.907,6.97,6.42,3.31,-5.27,3.4,0.0,0.0,0.0,0,-0.76,neutral,neutral,0,-0.433,32,173,0,
s657,PENDLEUSDT,1780061400000,train,-1,-4.23,0.416,6.18,4.72,1.02,-3.47,1.95,0.0,0.0,0.0,0,-0.76,neutral,neutral,0,-1.0,8,173,0,
s658,ONDOUSDT,1780061400000,train,-1,-2.65,0.505,4.11,2.75,1.91,-1.89,1.12,0.0,0.0,0.0,0,-0.76,neutral,neutral,0,-1.0,7,172,0,
s659,FETUSDT,1780061400000,train,-1,-3.65,0.431,5.34,4.31,1.72,-2.89,1.77,0.0,0.0,0.0,0,-0.76,neutral,neutral,0,-1.0,8,172,0,
s660,ARUSDT,1780061400000,testB,-1,-4.7,0.491,7.89,6.48,0.96,-3.94,1.91,0.0,0.0,0.0,0,-0.76,neutral,neutral,0,-1.0,6,172,0,
s661,GRTUSDT,1780061400000,testB,-1,-3.63,0.558,5.17,4.43,1.12,-2.87,1.66,0.0,0.0,0.0,0,-0.76,neutral,neutral,0,-0.416,32,172,0,
s662,LDOUSDT,1780061400000,testB,-1,-2.42,0.675,3.43,2.55,2.21,-1.66,0.89,0.0,0.0,0.0,0,-0.76,neutral,neutral,0,-1.0,8,172,0,
s663,XPLUSDT,1780062300000,train,-1,-5.41,0.57,8.21,5.83,0.77,-4.61,1.11,0.0,0.0,0.0,0,-0.8,neutral,neutral,0,0.667,32,174,0,
s664,PUMPUSDT,1780062300000,train,-1,-2.22,0.514,3.47,2.27,2.0,-1.42,0.64,0.0,0.0,0.0,0,-0.8,neutral,neutral,0,-1.0,5,174,0,
s665,ARBUSDT,1780062300000,train,-1,-2.75,0.744,3.41,2.83,1.55,-1.95,1.07,0.0,0.0,0.0,0,-0.8,neutral,neutral,0,-1.0,6,174,1,
s666,OPUSDT,1780062300000,train,-1,-2.78,0.805,3.2,2.86,2.53,-1.97,1.25,0.0,0.0,0.0,0,-0.8,neutral,bajista,0,-1.0,5,174,6,train
s667,SUIUSDT,1780062300000,train,-1,-2.34,0.667,3.21,2.4,1.09,-1.53,0.84,0.0,0.0,0.0,0,-0.8,neutral,neutral,0,-1.0,6,174,1,
s668,TIAUSDT,1780062300000,train,-1,-3.32,0.476,5.27,3.41,0.79,-2.51,0.58,0.0,0.0,0.0,0,-0.8,neutral,neutral,0,-1.0,6,174,0,
s669,SEIUSDT,1780062300000,train,-1,-6.05,0.907,6.99,6.82,3.18,-5.25,3.41,0.0,0.0,0.0,0,-0.8,neutral,neutral,0,-0.293,32,174,1,
s670,ONDOUSDT,1780062300000,train,-1,-2.65,0.505,4.0,2.72,2.01,-1.85,1.11,0.0,0.0,0.0,0,-0.8,neutral,neutral,0,-1.0,6,173,1,
s671,FETUSDT,1780062300000,train,-1,-3.09,0.389,5.34,4.4,1.03,-2.29,1.71,0.0,0.0,0.0,0,-0.8,neutral,neutral,0,-1.0,7,173,1,
s672,ARUSDT,1780062300000,testB,-1,-5.74,0.67,7.68,6.35,1.0,-4.93,1.89,0.0,0.0,0.0,0,-0.8,neutral,neutral,0,-1.0,5,173,1,
s673,GRTUSDT,1780062300000,testB,-1,-3.66,0.567,5.17,4.31,0.74,-2.85,1.42,0.0,0.0,0.0,0,-0.8,neutral,neutral,0,-0.136,32,173,0,
s674,LDOUSDT,1780062300000,testB,-1,-2.51,0.707,3.43,2.58,2.27,-1.71,0.9,0.0,0.0,0.0,0,-0.8,neutral,neutral,0,-1.0,7,173,1,
s675,ARBUSDT,1780063200000,train,-1,-2.47,0.722,3.22,2.63,1.1,-1.54,1.01,0.0,0.0,0.0,0,-0.94,neutral,bajista,0,-1.0,5,175,2,train
s676,OPUSDT,1780063200000,train,-1,-2.03,0.6,2.93,2.24,1.88,-1.09,0.88,0.0,0.0,0.0,0,-0.94,neutral,neutral,0,-1.0,4,175,0,
s677,INJUSDT,1780063200000,train,1,5.33,0.411,5.26,5.14,1.43,6.26,3.22,0.0,0.0,0.0,0,-0.94,neutral,alcista,0,0.539,32,175,4,train
s678,TIAUSDT,1780063200000,train,-1,-2.74,0.428,4.81,2.99,0.97,-1.81,0.72,0.0,0.0,0.0,0,-0.94,neutral,neutral,0,-1.0,4,175,1,
s679,SEIUSDT,1780063200000,train,-1,-6.06,0.911,6.86,6.47,1.14,-5.12,3.08,0.0,0.0,0.0,0,-0.94,neutral,neutral,0,-0.321,32,175,0,
s680,FETUSDT,1780063200000,train,-1,-3.11,0.397,4.8,3.26,0.87,-2.18,1.1,0.0,0.0,0.0,0,-0.94,neutral,neutral,0,-1.0,4,174,0,
s681,ARUSDT,1780063200000,testB,-1,-4.78,0.606,6.61,5.15,0.73,-3.85,1.75,0.0,0.0,0.0,0,-0.94,neutral,neutral,0,-1.0,4,174,0,
s682,GRTUSDT,1780063200000,testB,-1,-4.06,0.628,5.06,4.43,0.63,-3.13,1.56,0.0,0.0,0.0,0,-0.94,neutral,neutral,0,-1.0,6,174,1,
s683,LDOUSDT,1780063200000,testB,-1,-2.43,0.699,3.28,2.55,1.02,-1.49,0.96,0.0,0.0,0.0,0,-0.94,neutral,bajista,0,-1.0,5,174,2,testB
s684,PUMPUSDT,1780064100000,train,-1,-2.18,0.481,3.37,2.41,2.52,-0.95,1.2,0.0,0.0,0.0,0,-1.23,neutral,neutral,0,-1.0,3,176,1,
s685,ARBUSDT,1780064100000,train,-1,-2.78,0.744,3.84,3.05,1.52,-1.54,1.66,0.0,0.0,0.0,0,-1.23,neutral,bajista,0,-1.0,4,176,3,train
s686,OPUSDT,1780064100000,train,-1,-2.71,0.667,4.27,3.31,2.41,-1.48,1.74,0.0,0.0,0.0,0,-1.23,neutral,neutral,0,-1.0,3,176,1,
s687,SUIUSDT,1780064100000,train,-1,-2.07,0.549,3.17,2.26,1.42,-0.83,1.1,0.0,0.0,0.0,0,-1.23,neutral,neutral,0,-1.0,4,176,1,
s688,TIAUSDT,1780064100000,train,-1,-2.13,0.364,4.17,2.86,1.4,-0.89,1.18,0.0,0.0,0.0,0,-1.23,neutral,bajista,0,-1.0,3,176,2,train
s689,SEIUSDT,1780064100000,train,-1,-5.36,0.9,7.38,6.12,1.37,-4.13,2.75,0.0,0.0,0.0,0,-1.23,neutral,neutral,0,-1.0,11,176,1,
s690,ONDOUSDT,1780064100000,train,-1,-2.1,0.383,3.64,2.36,1.31,-0.86,0.85,0.0,0.0,0.0,0,-1.23,neutral,neutral,0,-1.0,4,175,1,
s691,FETUSDT,1780064100000,train,-1,-2.72,0.363,4.77,3.61,0.83,-1.48,1.21,0.0,0.0,0.0,0,-1.23,neutral,neutral,0,-1.0,3,175,1,
s692,ARUSDT,1780064100000,testB,-1,-3.88,0.552,5.54,4.7,0.71,-2.64,2.19,0.0,0.0,0.0,0,-1.23,neutral,neutral,0,-1.0,3,175,1,
s693,GRTUSDT,1780064100000,testB,-1,-4.27,0.638,6.05,5.18,0.84,-3.04,2.02,0.0,0.0,0.0,0,-1.23,neutral,bajista,0,-1.0,5,175,2,testB
s694,LDOUSDT,1780064100000,testB,-1,-2.59,0.712,3.77,2.91,1.2,-1.35,1.27,0.0,0.0,0.0,0,-1.23,neutral,bajista,0,-1.0,4,175,3,testB
s695,PUMPUSDT,1780065000000,train,-1,-2.66,0.529,3.34,3.03,2.23,-1.36,1.64,0.0,0.0,0.0,0,-1.3,neutral,bajista,0,-1.0,2,177,2,train
s696,ARBUSDT,1780065000000,train,-1,-3.64,0.792,4.27,3.97,1.66,-2.34,2.3,0.0,0.0,0.0,0,-1.3,neutral,bajista,0,-1.0,3,177,4,train
s697,OPUSDT,1780065000000,train,-1,-3.39,0.769,4.29,3.86,1.99,-2.09,2.03,0.0,0.0,0.0,0,-1.3,neutral,bajista,0,-1.0,2,177,2,train
s698,SUIUSDT,1780065000000,train,-1,-2.67,0.611,3.13,2.84,1.09,-1.37,1.52,0.0,0.0,0.0,0,-1.3,neutral,bajista,0,-1.0,3,177,2,train
s699,TIAUSDT,1780065000000,train,-1,-3.28,0.511,4.21,3.79,1.38,-1.98,1.81,0.0,0.0,0.0,0,-1.3,neutral,bajista,0,-1.0,2,177,3,train
s700,SEIUSDT,1780065000000,train,-1,-6.34,0.964,7.38,6.97,1.35,-5.04,3.2,0.0,0.0,0.0,0,-1.3,neutral,bajista,0,-1.0,10,177,2,train
s701,ONDOUSDT,1780065000000,train,-1,-2.59,0.434,3.6,2.85,1.11,-1.29,1.23,0.0,0.0,0.0,0,-1.3,neutral,bajista,0,-1.0,2,176,2,train
s702,FETUSDT,1780065000000,train,-1,-4.0,0.5,4.56,4.34,0.93,-2.7,1.85,0.0,0.0,0.0,0,-1.3,neutral,bajista,0,-1.0,2,176,2,train
s703,ARUSDT,1780065000000,testB,-1,-3.2,0.439,5.51,4.19,0.74,-1.9,1.69,0.0,0.0,0.0,0,-1.3,neutral,neutral,0,-1.0,2,176,0,
s704,STXUSDT,1780065000000,testB,-1,-3.37,0.548,5.14,4.88,0.99,-2.07,2.21,0.0,0.0,0.0,0,-1.3,neutral,bajista,0,-0.375,32,176,4,testB
s705,GRTUSDT,1780065000000,testB,-1,-4.91,0.714,6.07,5.63,0.73,-3.61,2.24,0.0,0.0,0.0,0,-1.3,neutral,bajista,0,-1.0,4,176,3,testB
s706,LDOUSDT,1780065000000,testB,-1,-2.84,0.73,3.55,2.98,0.94,-1.54,1.42,0.0,0.0,0.0,0,-1.3,neutral,bajista,0,-1.0,3,176,4,testB
s707,SANDUSDT,1780065000000,testB,-1,-2.27,0.642,2.82,2.48,1.65,-0.97,1.45,0.0,0.0,0.0,0,-1.3,neutral,bajista,0,-1.0,3,176,2,testB
s708,SEIUSDT,1780065900000,train,-1,-5.29,0.738,7.07,5.79,1.42,-4.56,2.15,0.0,0.0,0.0,0,-0.73,neutral,neutral,0,-1.0,9,178,0,
s709,GRTUSDT,1780065900000,testB,-1,-3.88,0.493,5.79,3.99,0.81,-3.15,0.82,0.0,0.0,0.0,0,-0.73,neutral,neutral,0,-1.0,3,177,0,
s710,XPLUSDT,1780067700000,train,1,4.75,0.361,7.42,6.9,1.42,4.62,4.07,0.0,0.0,0.0,0,0.13,neutral,alcista,0,-1.0,26,180,3,train
s711,ENAUSDT,1780067700000,train,1,2.74,0.353,6.64,5.09,2.58,2.61,2.97,0.0,0.0,0.0,0,0.13,neutral,alcista,0,-0.5,32,180,3,train
s712,JUPUSDT,1780067700000,train,1,3.0,0.376,4.83,4.72,2.29,2.87,2.9,0.0,0.0,0.0,0,0.13,neutral,alcista,0,0.535,32,180,3,train
s713,ENAUSDT,1780068600000,train,1,2.87,0.374,6.66,4.91,2.78,2.41,2.52,0.0,0.0,0.0,0,0.46,neutral,neutral,0,-0.457,32,181,0,
s714,JUPUSDT,1780068600000,train,1,4.15,0.533,6.12,5.14,2.78,3.69,3.02,0.0,0.0,0.0,0,0.46,neutral,alcista,0,0.394,32,181,4,train
s715,AXSUSDT,1780068600000,testB,1,2.88,0.398,5.6,4.41,2.85,2.42,2.28,0.0,0.0,0.0,0,0.46,neutral,alcista,0,-0.096,32,180,4,
s716,0GUSDT,1780069500000,train,1,2.35,0.421,3.72,3.49,1.7,1.91,1.85,0.0,0.0,0.0,0,0.45,neutral,alcista,0,-0.14,32,182,5,train
s717,ENAUSDT,1780069500000,train,1,2.96,0.381,6.65,5.03,2.32,2.51,2.39,0.0,0.0,0.0,0,0.45,neutral,neutral,0,-0.471,32,182,1,
s718,JUPUSDT,1780069500000,train,1,4.05,0.511,5.87,4.55,2.07,3.6,2.37,0.0,0.0,0.0,0,0.45,neutral,neutral,0,0.494,32,182,0,
s719,AXSUSDT,1780069500000,testB,1,3.23,0.435,5.58,4.65,2.28,2.79,2.35,0.0,0.0,0.0,0,0.45,neutral,alcista,0,-0.127,32,181,5,
s720,APEUSDT,1780069500000,testB,1,3.17,0.363,5.16,4.87,1.84,2.72,2.31,0.0,0.0,0.0,0,0.45,neutral,neutral,0,1.138,32,181,0,
s721,PUMPUSDT,1780070400000,train,1,3.4,0.399,5.82,5.19,1.43,2.6,2.33,0.0,0.0,0.0,0,0.8,neutral,alcista,0,-0.1,32,183,6,train
s722,0GUSDT,1780070400000,train,1,2.69,0.489,3.74,3.6,1.59,1.89,1.8,0.0,0.0,0.0,0,0.8,neutral,alcista,0,-0.161,32,183,6,train
s723,ENAUSDT,1780070400000,train,1,3.2,0.424,6.66,4.9,2.11,2.4,2.0,0.0,0.0,0.0,0,0.8,neutral,neutral,0,-0.41,32,183,0,
s724,OPUSDT,1780070400000,train,1,3.26,0.358,6.4,5.65,1.62,2.46,2.32,0.0,0.0,0.0,0,0.8,neutral,neutral,0,-0.206,32,183,1,
s725,TIAUSDT,1780070400000,train,1,3.92,0.366,7.51,5.04,1.87,3.12,1.82,0.0,0.0,0.0,0,0.8,neutral,neutral,0,-0.486,32,183,0,
s726,JUPUSDT,1780070400000,train,1,4.5,0.537,5.84,5.02,1.92,3.7,2.63,0.0,0.0,0.0,0,0.8,neutral,neutral,0,0.435,32,183,1,
s727,FETUSDT,1780070400000,train,1,4.42,0.388,7.12,6.51,1.67,3.62,3.4,0.0,0.0,0.0,0,0.8,neutral,alcista,0,-0.256,32,182,6,train
s728,LDOUSDT,1780070400000,testB,1,2.35,0.352,5.1,4.25,1.45,1.55,1.68,0.0,0.0,0.0,0,0.8,neutral,neutral,0,-0.54,32,182,1,
s729,MANAUSDT,1780070400000,testB,1,2.53,0.429,4.0,3.41,1.74,1.73,1.59,0.0,0.0,0.0,0,0.8,neutral,neutral,0,-0.172,32,182,1,
s730,AXSUSDT,1780070400000,testB,1,3.49,0.455,5.57,4.89,2.05,2.69,2.38,0.0,0.0,0.0,0,0.8,neutral,alcista,0,-0.086,32,182,6,
s731,APEUSDT,1780070400000,testB,1,3.74,0.453,5.18,4.65,1.83,2.94,1.91,0.0,0.0,0.0,0,0.8,neutral,neutral,0,1.032,32,182,0,
s732,0GUSDT,1780071300000,train,1,2.36,0.404,3.75,3.17,1.2,1.92,1.25,0.0,0.0,0.0,0,0.44,neutral,neutral,0,0.022,32,184,0,
s733,JUPUSDT,1780071300000,train,1,3.6,0.387,5.91,3.92,1.76,3.16,1.41,0.0,0.0,0.0,0,0.44,neutral,neutral,0,0.915,32,184,0,
s734,AXSUSDT,1780071300000,testB,1,3.06,0.376,5.6,4.33,1.72,2.62,1.63,0.0,0.0,0.0,0,0.44,neutral,neutral,0,0.176,32,183,0,
s735,PUMPUSDT,1780072200000,train,1,5.22,0.475,6.33,6.22,1.21,4.13,3.02,0.0,0.0,0.0,0,1.09,neutral,neutral,0,-0.211,32,185,1,
s736,0GUSDT,1780072200000,train,1,3.25,0.511,3.89,3.82,0.85,2.16,1.78,0.0,0.0,0.0,0,1.09,neutral,neutral,0,-0.152,32,185,1,
s737,ENAUSDT,1780072200000,train,1,4.06,0.442,6.63,5.31,0.76,2.96,2.13,0.0,0.0,0.0,0,1.09,neutral,neutral,0,-0.4,32,185,1,
s738,OPUSDT,1780072200000,train,1,3.96,0.377,6.37,6.04,0.6,2.86,2.43,0.0,0.0,0.0,0,1.09,neutral,neutral,0,-0.192,32,185,1,
s739,JUPUSDT,1780072200000,train,1,4.81,0.462,5.79,4.91,1.25,3.71,2.31,0.0,0.0,0.0,0,1.09,neutral,neutral,0,0.6,32,185,1,
s740,PENDLEUSDT,1780072200000,train,1,4.95,0.45,7.45,6.19,0.52,3.85,1.79,0.0,0.0,0.0,0,1.09,neutral,neutral,0,-0.747,32,185,1,
s741,FETUSDT,1780072200000,train,1,5.71,0.453,7.82,7.38,1.26,4.62,3.7,0.0,0.0,0.0,0,1.09,neutral,neutral,0,-0.311,32,184,1,
s742,MANAUSDT,1780072200000,testB,1,2.66,0.44,4.0,3.3,0.93,1.57,1.28,0.0,0.0,0.0,0,1.09,neutral,neutral,0,0.107,32,184,1,
s743,AXSUSDT,1780072200000,testB,1,3.77,0.453,5.58,4.73,1.08,2.68,1.87,0.0,0.0,0.0,0,1.09,neutral,neutral,0,0.125,32,184,1,
s744,APEUSDT,1780072200000,testB,1,3.83,0.419,5.2,4.22,1.02,2.74,1.43,0.0,0.0,0.0,0,1.09,neutral,neutral,0,1.125,32,184,1,
s745,PUMPUSDT,1780073100000,train,1,5.47,0.492,6.78,6.38,1.14,4.43,2.95,0.0,0.0,0.0,0,1.04,neutral,alcista,0,-0.286,32,186,2,train
s746,0GUSDT,1780073100000,train,1,3.02,0.457,3.9,3.51,0.83,1.98,1.34,0.0,0.0,0.0,0,1.04,neutral,neutral,0,-0.119,32,186,0,
s747,ENAUSDT,1780073100000,train,1,3.97,0.427,6.64,5.15,0.67,2.93,1.82,0.0,0.0,0.0,0,1.04,neutral,neutral,0,-0.376,32,186,0,
s748,OPUSDT,1780073100000,train,1,4.13,0.393,6.36,6.12,0.55,3.09,2.33,0.0,0.0,0.0,0,1.04,neutral,alcista,0,-0.149,32,186,2,train
s749,JUPUSDT,1780073100000,train,1,5.27,0.489,5.76,5.27,1.3,4.23,2.43,0.0,0.0,0.0,0,1.04,neutral,alcista,0,0.495,32,186,2,train
s750,PENDLEUSDT,1780073100000,train,1,6.1,0.527,7.39,6.93,0.53,5.06,2.41,0.0,0.0,0.0,0,1.04,neutral,alcista,0,-0.807,32,186,2,train
s751,FETUSDT,1780073100000,train,1,4.98,0.369,7.93,6.05,1.28,3.94,2.14,0.0,0.0,0.0,0,1.04,neutral,neutral,0,-0.169,32,185,0,
s752,MANAUSDT,1780073100000,testB,1,2.54,0.412,4.01,3.18,0.77,1.5,1.1,0.0,0.0,0.0,0,1.04,neutral,neutral,0,0.259,32,185,0,
s753,APEUSDT,1780073100000,testB,1,3.76,0.407,5.21,4.08,0.77,2.72,1.26,0.0,0.0,0.0,0,1.04,neutral,neutral,0,1.167,32,185,0,
s754,PUMPUSDT,1780074000000,train,1,6.15,0.554,6.81,6.64,1.18,4.63,2.95,0.0,0.0,0.0,0,1.52,neutral,alcista,0,-0.222,32,187,3,train
s755,STBLUSDT,1780074000000,train,1,8.24,0.526,7.95,7.92,0.71,6.72,4.38,0.0,0.0,0.0,0,1.52,neutral,alcista,0,-0.015,32,187,4,train
s756,0GUSDT,1780074000000,train,1,3.16,0.489,3.9,3.51,0.81,1.64,1.22,0.0,0.0,0.0,0,1.52,neutral,neutral,0,0.013,32,187,0,
s757,ENAUSDT,1780074000000,train,1,4.28,0.471,6.64,5.2,0.67,2.76,1.69,0.0,0.0,0.0,0,1.52,neutral,neutral,0,-0.329,32,187,1,
s758,OPUSDT,1780074000000,train,1,4.31,0.41,6.52,6.19,0.55,2.78,2.17,0.0,0.0,0.0,0,1.52,neutral,alcista,0,-0.067,32,187,3,train
s759,SEIUSDT,1780074000000,train,1,5.08,0.481,7.08,6.72,0.64,3.56,2.69,0.0,0.0,0.0,0,1.52,neutral,neutral,0,0.049,32,187,1,
s760,JUPUSDT,1780074000000,train,1,6.4,0.538,6.82,6.49,1.46,4.87,3.44,0.0,0.0,0.0,0,1.52,neutral,alcista,0,0.182,32,187,3,train
s761,PENDLEUSDT,1780074000000,train,1,7.1,0.624,7.07,6.94,0.52,5.58,2.71,0.0,0.0,0.0,0,1.52,neutral,alcista,0,-0.806,32,187,3,train
s762,ONDOUSDT,1780074000000,train,1,3.5,0.378,4.49,3.7,0.71,1.98,1.22,0.0,0.0,0.0,0,1.52,neutral,alcista,0,-1.0,24,186,3,train
s763,FETUSDT,1780074000000,train,1,6.08,0.442,7.88,6.62,1.14,4.56,2.46,0.0,0.0,0.0,0,1.52,neutral,neutral,0,-0.098,32,186,1,
s764,ARUSDT,1780074000000,testB,1,6.96,0.386,9.4,7.17,0.66,5.43,2.15,0.0,0.0,0.0,0,1.52,neutral,neutral,0,-0.26,32,186,1,
s765,LDOUSDT,1780074000000,testB,1,3.16,0.427,5.12,4.01,0.57,1.64,1.11,0.0,0.0,0.0,0,1.52,neutral,neutral,0,-0.412,32,186,1,
s766,SANDUSDT,1780074000000,testB,1,3.02,0.39,4.54,4.06,0.6,1.49,1.34,0.0,0.0,0.0,0,1.52,neutral,neutral,0,0.175,32,186,1,
s767,MANAUSDT,1780074000000,testB,1,2.67,0.44,4.01,3.07,0.81,1.14,0.85,0.0,0.0,0.0,0,1.52,neutral,neutral,0,0.462,32,186,0,
s768,AXSUSDT,1780074000000,testB,1,3.51,0.417,5.6,4.41,0.78,1.99,1.29,0.0,0.0,0.0,0,1.52,neutral,neutral,0,0.808,32,186,1,
s769,APEUSDT,1780074000000,testB,1,4.13,0.431,5.17,4.79,0.64,2.61,1.84,0.0,0.0,0.0,0,1.52,neutral,neutral,0,0.812,32,186,1,
s770,PUMPUSDT,1780074900000,train,1,7.1,0.59,7.75,7.69,1.36,5.52,3.78,0.0,0.0,0.0,0,1.58,neutral,alcista,0,-0.307,32,188,4,train
s771,STBLUSDT,1780074900000,train,1,6.79,0.395,8.65,6.51,1.28,5.21,2.53,0.0,0.0,0.0,0,1.58,neutral,neutral,0,0.249,32,188,0,
s772,0GUSDT,1780074900000,train,1,2.99,0.475,3.9,3.58,0.86,1.41,1.19,0.0,0.0,0.0,0,1.58,neutral,neutral,0,0.091,32,188,1,
s773,ENAUSDT,1780074900000,train,1,4.26,0.47,6.62,5.43,0.67,2.68,1.8,0.0,0.0,0.0,0,1.58,neutral,alcista,0,-0.285,32,188,2,train
s774,OPUSDT,1780074900000,train,1,4.83,0.452,6.67,6.5,0.52,3.26,2.31,0.0,0.0,0.0,0,1.58,neutral,alcista,0,-0.127,32,188,4,train
s775,TIAUSDT,1780074900000,train,1,4.71,0.365,7.49,5.26,0.57,3.14,1.72,0.0,0.0,0.0,0,1.58,neutral,alcista,0,-0.293,32,188,2,train
s776,SEIUSDT,1780074900000,train,1,5.57,0.544,7.07,6.78,0.73,3.99,2.58,0.0,0.0,0.0,0,1.58,neutral,alcista,0,0.031,32,188,2,train
s777,JUPUSDT,1780074900000,train,1,5.58,0.462,6.85,6.04,1.5,4.0,2.66,0.0,0.0,0.0,0,1.58,neutral,neutral,0,0.446,32,188,0,
s778,PENDLEUSDT,1780074900000,train,1,7.67,0.643,7.88,7.73,0.51,6.09,3.39,0.0,0.0,0.0,0,1.58,neutral,alcista,0,-0.689,32,188,4,train
s779,ARUSDT,1780074900000,testB,1,6.7,0.378,9.38,7.4,0.55,5.13,2.22,0.0,0.0,0.0,0,1.58,neutral,alcista,0,-0.251,32,187,2,
s780,GRTUSDT,1780074900000,testB,1,3.22,0.369,5.9,4.53,0.48,1.64,1.27,0.0,0.0,0.0,0,1.58,neutral,alcista,0,-0.084,32,187,2,
s781,LDOUSDT,1780074900000,testB,1,3.18,0.43,5.1,4.28,0.67,1.61,1.3,0.0,0.0,0.0,0,1.58,neutral,alcista,0,-0.414,32,187,2,
s782,SANDUSDT,1780074900000,testB,1,3.13,0.399,4.53,4.2,0.68,1.56,1.39,0.0,0.0,0.0,0,1.58,neutral,alcista,0,0.262,32,187,2,
s783,MANAUSDT,1780074900000,testB,1,2.29,0.404,4.01,3.07,0.89,0.72,0.83,0.0,0.0,0.0,0,1.58,neutral,neutral,0,0.462,32,187,0,
s784,AXSUSDT,1780074900000,testB,1,3.16,0.375,5.61,4.25,0.75,1.58,1.04,0.0,0.0,0.0,0,1.58,neutral,neutral,0,1.26,32,187,0,
s785,APEUSDT,1780074900000,testB,1,3.74,0.387,5.18,4.58,0.58,2.16,1.52,0.0,0.0,0.0,0,1.58,neutral,neutral,0,1.049,32,187,0,
s786,0GUSDT,1780075800000,train,1,2.77,0.457,3.9,3.62,0.71,1.48,1.13,0.0,0.0,0.0,0,1.29,neutral,alcista,0,0.045,32,189,2,train
s787,WLDUSDT,1780075800000,train,1,5.29,0.375,6.36,5.25,0.74,4.01,2.74,0.0,0.0,0.0,0,1.29,neutral,alcista,0,-1.0,20,189,5,train
s788,ENAUSDT,1780075800000,train,1,3.49,0.384,6.65,5.06,0.47,2.2,1.28,0.0,0.0,0.0,0,1.29,neutral,neutral,0,-0.143,32,189,0,
s789,OPUSDT,1780075800000,train,1,4.93,0.463,6.92,6.43,0.47,3.64,2.02,0.0,0.0,0.0,0,1.29,neutral,neutral,0,-0.064,32,189,0,
s790,TIAUSDT,1780075800000,train,1,5.66,0.411,8.83,6.85,1.39,4.38,3.16,0.0,0.0,0.0,0,1.29,neutral,alcista,0,-0.415,32,189,3,train
s791,SEIUSDT,1780075800000,train,1,5.29,0.504,7.2,6.54,0.63,4.0,2.2,0.0,0.0,0.0,0,1.29,neutral,neutral,0,0.068,32,189,0,
s792,JUPUSDT,1780075800000,train,1,4.88,0.41,6.87,5.79,1.31,3.59,2.16,0.0,0.0,0.0,0,1.29,neutral,neutral,0,0.477,32,189,0,
s793,PENDLEUSDT,1780075800000,train,1,6.79,0.58,7.31,6.65,0.52,5.51,2.8,0.0,0.0,0.0,0,1.29,neutral,neutral,0,-0.743,32,189,0,
s794,ARUSDT,1780075800000,testB,1,6.74,0.38,9.37,7.47,0.4,5.46,2.08,0.0,0.0,0.0,0,1.29,neutral,alcista,0,-0.271,32,188,3,
s795,GRTUSDT,1780075800000,testB,1,3.33,0.378,5.88,4.85,0.49,2.04,1.43,0.0,0.0,0.0,0,1.29,neutral,alcista,0,-0.109,32,188,3,
s796,LDOUSDT,1780075800000,testB,1,2.99,0.415,5.1,4.34,0.54,1.7,1.25,0.0,0.0,0.0,0,1.29,neutral,alcista,0,-0.465,32,188,3,
s797,SANDUSDT,1780075800000,testB,1,2.62,0.351,4.53,4.13,0.4,1.33,1.2,0.0,0.0,0.0,0,1.29,neutral,neutral,0,0.249,32,188,0,
s798,MANAUSDT,1780075800000,testB,1,2.17,0.391,4.01,3.07,0.74,0.88,0.75,0.0,0.0,0.0,0,1.29,neutral,neutral,0,0.423,32,188,0,
s799,APEUSDT,1780075800000,testB,1,3.57,0.377,5.17,4.79,0.49,2.28,1.59,0.0,0.0,0.0,0,1.29,neutral,neutral,0,0.891,32,188,1,
s800,PUMPUSDT,1780076700000,train,1,5.38,0.405,9.14,6.7,1.23,4.23,2.1,0.0,0.0,0.0,0,1.15,neutral,neutral,0,-0.085,32,190,0,
s801,0GUSDT,1780076700000,train,1,2.41,0.375,3.91,3.26,0.64,1.26,0.71,0.0,0.0,0.0,0,1.15,neutral,neutral,0,0.179,32,190,0,
s802,OPUSDT,1780076700000,train,1,4.33,0.385,6.97,5.73,0.47,3.18,1.15,0.0,0.0,0.0,0,1.15,neutral,neutral,0,0.13,32,190,0,
s803,SEIUSDT,1780076700000,train,1,5.28,0.499,7.23,6.18,0.72,4.13,1.81,0.0,0.0,0.0,0,1.15,neutral,neutral,0,0.305,32,190,0,
s804,JUPUSDT,1780076700000,train,1,4.44,0.358,6.92,5.12,1.34,3.29,1.27,0.0,0.0,0.0,0,1.15,neutral,neutral,0,0.67,32,190,0,
s805,PENDLEUSDT,1780076700000,train,1,4.64,0.401,7.38,5.73,0.54,3.49,1.7,0.0,0.0,0.0,0,1.15,neutral,neutral,0,-0.692,32,190,0,
s806,GRTUSDT,1780076700000,testB,1,3.56,0.394,5.86,5.18,0.57,2.41,1.68,0.0,0.0,0.0,0,1.15,neutral,alcista,0,-0.044,32,189,4,
s807,APEUSDT,1780076700000,testB,1,3.65,0.388,5.17,4.79,0.5,2.5,1.38,0.0,0.0,0.0,0,1.15,neutral,neutral,0,1.078,32,189,0,
s808,PUMPUSDT,1780077600000,train,1,5.14,0.387,9.15,6.59,1.16,3.73,1.76,0.0,0.0,0.0,0,1.41,neutral,neutral,0,0.009,32,191,0,
s809,0GUSDT,1780077600000,train,1,2.48,0.382,3.91,3.35,0.58,1.07,0.69,0.0,0.0,0.0,0,1.41,neutral,neutral,0,0.271,32,191,1,
s810,ENAUSDT,1780077600000,train,1,3.51,0.362,6.65,5.0,0.41,2.1,1.03,0.0,0.0,0.0,0,1.41,neutral,neutral,0,0.009,32,191,1,
s811,OPUSDT,1780077600000,train,1,4.23,0.38,6.95,5.96,0.37,2.82,1.29,0.0,0.0,0.0,0,1.41,neutral,neutral,0,0.139,32,191,1,
s812,SEIUSDT,1780077600000,train,1,5.34,0.502,7.22,6.29,0.62,3.92,1.8,0.0,0.0,0.0,0,1.41,neutral,neutral,0,0.33,32,191,1,
s813,JUPUSDT,1780077600000,train,1,4.62,0.377,6.92,5.07,0.77,3.21,1.06,0.0,0.0,0.0,0,1.41,neutral,neutral,0,0.634,32,191,0,
s814,PENDLEUSDT,1780077600000,train,1,4.58,0.398,7.38,5.82,0.54,3.17,1.58,0.0,0.0,0.0,0,1.41,neutral,neutral,0,-0.763,32,191,1,
s815,GRTUSDT,1780077600000,testB,1,3.69,0.412,5.86,5.07,0.64,2.28,1.42,0.0,0.0,0.0,0,1.41,neutral,neutral,0,-0.067,32,190,0,
s816,APEUSDT,1780077600000,testB,1,3.64,0.388,5.16,5.01,0.33,2.23,1.43,0.0,0.0,0.0,0,1.41,neutral,neutral,0,1.299,32,190,1,
s817,PUMPUSDT,1780078500000,train,1,5.84,0.46,9.11,6.37,0.97,4.37,1.37,0.0,0.0,0.0,0,1.47,neutral,neutral,0,-0.089,32,192,0,
s818,0GUSDT,1780078500000,train,1,2.49,0.382,3.92,2.99,0.49,1.02,0.25,0.0,0.0,0.0,0,1.47,neutral,neutral,0,0.328,32,192,0,
s819,OPUSDT,1780078500000,train,1,4.53,0.413,6.92,5.17,0.36,3.06,0.51,0.0,0.0,0.0,0,1.47,neutral,neutral,0,0.274,32,192,0,
s820,SEIUSDT,1780078500000,train,1,4.47,0.389,7.13,5.33,0.63,3.0,0.84,0.0,0.0,0.0,0,1.47,neutral,neutral,0,0.41,32,192,0,
s821,GRTUSDT,1780078500000,testB,1,4.03,0.464,5.62,4.44,0.55,2.56,0.91,0.0,0.0,0.0,0,1.47,neutral,neutral,0,0.034,32,191,0,
s822,APEUSDT,1780078500000,testB,1,3.74,0.4,5.19,4.44,0.36,2.28,0.69,0.0,0.0,0.0,0,1.47,neutral,neutral,0,1.661,32,191,0,
s823,PUMPUSDT,1780079400000,train,1,7.34,0.568,8.93,6.95,0.66,5.77,1.91,0.0,0.0,0.0,0,1.57,neutral,neutral,0,-0.154,32,193,1,
s824,0GUSDT,1780079400000,train,1,2.93,0.48,3.88,2.92,0.47,1.37,0.21,0.0,0.0,0.0,0,1.57,neutral,neutral,0,0.4,32,193,0,
s825,ENAUSDT,1780079400000,train,1,4.03,0.403,6.04,3.97,0.37,2.46,0.51,0.0,0.0,0.0,0,1.57,neutral,neutral,0,0.165,32,193,1,
s826,ARBUSDT,1780079400000,train,1,4.07,0.414,5.73,4.01,0.3,2.5,0.44,0.0,0.0,0.0,0,1.57,neutral,neutral,0,0.381,32,193,1,
s827,OPUSDT,1780079400000,train,1,5.35,0.496,6.74,5.24,0.31,3.78,0.71,0.0,0.0,0.0,0,1.57,neutral,neutral,0,0.302,32,193,1,
s828,TIAUSDT,1780079400000,train,1,5.83,0.357,8.59,5.58,0.51,4.26,1.32,0.0,0.0,0.0,0,1.57,neutral,neutral,0,-0.101,32,193,1,
s829,SEIUSDT,1780079400000,train,1,5.21,0.478,7.03,5.09,0.73,3.64,0.67,0.0,0.0,0.0,0,1.57,neutral,neutral,0,0.534,32,193,0,
s830,JUPUSDT,1780079400000,train,1,4.81,0.396,6.66,4.64,0.51,3.24,0.75,0.0,0.0,0.0,0,1.57,neutral,neutral,0,0.694,32,193,1,
s831,PENDLEUSDT,1780079400000,train,1,4.38,0.362,6.83,4.25,0.43,2.81,0.28,0.0,0.0,0.0,0,1.57,neutral,neutral,0,-1.0,24,193,1,
s832,STXUSDT,1780079400000,testB,1,3.22,0.416,4.39,3.17,0.46,1.66,0.17,0.0,0.0,0.0,0,1.57,neutral,neutral,0,0.587,32,192,0,
s833,GRTUSDT,1780079400000,testB,1,4.96,0.566,5.48,4.76,0.52,3.39,1.22,0.0,0.0,0.0,0,1.57,neutral,neutral,0,0.032,32,192,1,
s834,LDOUSDT,1780079400000,testB,1,3.14,0.379,4.74,3.2,0.43,1.57,0.32,0.0,0.0,0.0,0,1.57,neutral,neutral,0,-0.163,32,192,1,
s835,SANDUSDT,1780079400000,testB,1,3.7,0.477,4.3,3.64,0.27,2.14,0.62,0.0,0.0,0.0,0,1.57,neutral,neutral,0,0.936,32,192,1,
s836,AXSUSDT,1780079400000,testB,1,2.91,0.363,5.14,2.91,0.42,1.34,-0.04,0.0,0.0,0.0,0,1.57,neutral,neutral,1,2.0,27,192,1,
s837,APEUSDT,1780079400000,testB,1,4.95,0.529,5.01,4.79,0.43,3.38,1.12,0.0,0.0,0.0,0,1.57,neutral,neutral,0,1.687,32,192,1,
s838,XPLUSDT,1780082100000,train,-1,-5.36,0.419,6.96,6.2,0.42,-4.9,1.1,0.0,0.0,0.0,0,-0.45,neutral,neutral,0,0.158,32,196,0,
s839,SUIUSDT,1780082100000,train,-1,-2.84,0.405,4.83,4.12,0.71,-2.39,1.12,0.0,0.0,0.0,0,-0.45,neutral,neutral,0,-0.296,32,196,0,
s840,AXSUSDT,1780083900000,testB,-1,-2.12,0.397,3.46,2.94,0.56,-1.73,0.82,0.0,0.0,0.0,0,-0.39,neutral,neutral,0,-1.0,19,197,1,
s841,AXSUSDT,1780084800000,testB,-1,-2.11,0.397,3.45,2.67,0.59,-1.71,0.63,0.0,0.0,0.0,0,-0.4,neutral,neutral,0,-1.0,18,198,0,
s842,ENAUSDT,1780086600000,train,-1,-2.28,0.405,3.3,2.6,0.63,-1.77,0.85,0.0,0.0,0.0,0,-0.51,neutral,neutral,0,0.327,32,201,1,
s843,SUIUSDT,1780086600000,train,-1,-2.47,0.428,3.9,2.8,0.37,-1.96,0.8,0.0,0.0,0.0,0,-0.51,neutral,neutral,0,0.324,32,201,1,
s844,AXSUSDT,1780086600000,testB,-1,-2.03,0.444,2.67,1.98,0.48,-1.52,0.68,0.0,0.0,0.0,0,-0.51,neutral,neutral,0,-1.0,14,200,1,
s845,ENAUSDT,1780087500000,train,-1,-2.64,0.441,3.51,3.16,0.87,-2.13,1.24,0.0,0.0,0.0,0,-0.51,neutral,bajista,0,-0.084,32,202,2,train
s846,SUIUSDT,1780087500000,train,-1,-2.61,0.442,3.7,2.87,0.43,-2.1,1.02,0.0,0.0,0.0,0,-0.51,neutral,bajista,0,0.054,32,202,2,train
s847,PENDLEUSDT,1780087500000,train,-1,-2.88,0.402,5.28,4.54,0.63,-2.37,1.3,0.0,0.0,0.0,0,-0.51,neutral,bajista,0,0.811,32,202,3,train
s848,ONDOUSDT,1780087500000,train,-1,-2.14,0.436,3.12,2.52,0.31,-1.63,0.84,0.0,0.0,0.0,0,-0.51,neutral,bajista,0,1.527,32,201,2,train
s849,SUIUSDT,1780088400000,train,-1,-2.24,0.368,3.65,2.54,0.44,-1.64,0.55,0.0,0.0,0.0,0,-0.6,neutral,neutral,0,0.039,32,203,0,
s850,SEIUSDT,1780088400000,train,-1,-2.39,0.412,4.21,2.93,0.35,-1.8,0.22,0.0,0.0,0.0,0,-0.6,neutral,neutral,0,-1.0,13,203,0,
s851,PENDLEUSDT,1780088400000,train,-1,-2.78,0.385,5.26,4.09,0.74,-2.19,0.64,0.0,0.0,0.0,0,-0.6,neutral,neutral,0,1.073,32,203,0,
s852,PUMPUSDT,1780089300000,train,-1,-3.31,0.376,5.34,4.82,0.36,-2.38,1.28,0.0,0.0,0.0,0,-0.93,neutral,neutral,0,-0.229,32,204,1,
s853,ENAUSDT,1780089300000,train,-1,-2.91,0.421,3.51,3.13,1.03,-1.98,1.12,0.0,0.0,0.0,0,-0.93,neutral,neutral,0,-1.0,31,204,1,
s854,OPUSDT,1780089300000,train,-1,-2.39,0.397,3.63,2.87,0.5,-1.46,0.86,0.0,0.0,0.0,0,-0.93,neutral,neutral,0,-1.0,19,204,1,
s855,SUIUSDT,1780089300000,train,-1,-3.06,0.444,3.6,3.32,0.55,-2.13,1.38,0.0,0.0,0.0,0,-0.93,neutral,neutral,0,-0.201,32,204,1,
s856,SEIUSDT,1780089300000,train,-1,-3.31,0.501,4.24,3.84,0.43,-2.38,1.26,0.0,0.0,0.0,0,-0.93,neutral,neutral,0,-1.0,12,204,1,
s857,PENDLEUSDT,1780089300000,train,-1,-4.96,0.646,5.8,5.57,1.0,-4.03,1.92,0.0,0.0,0.0,0,-0.93,neutral,neutral,0,0.549,32,204,1,
s858,ONDOUSDT,1780089300000,train,-1,-2.44,0.395,3.05,2.89,0.56,-1.51,1.16,0.0,0.0,0.0,0,-0.93,neutral,neutral,0,0.942,32,203,1,
s859,ARUSDT,1780089300000,testB,-1,-2.98,0.375,4.0,3.58,0.72,-2.05,1.53,0.0,0.0,0.0,0,-0.93,neutral,bajista,0,-0.667,32,203,4,testB
s860,LDOUSDT,1780089300000,testB,-1,-2.08,0.362,2.84,2.43,0.66,-1.15,0.76,0.0,0.0,0.0,0,-0.93,neutral,neutral,0,-0.154,32,203,1,
s861,APEUSDT,1780089300000,testB,1,3.45,0.377,6.39,5.3,4.7,4.38,2.92,0.0,0.0,0.0,0,-0.93,neutral,alcista,0,0.767,32,203,6,
s862,PUMPUSDT,1780090200000,train,-1,-3.3,0.376,4.4,3.53,0.37,-2.49,0.87,0.0,0.0,0.0,0,-0.81,neutral,neutral,0,-0.328,32,205,0,
s863,WLDUSDT,1780090200000,train,-1,-3.57,0.404,5.25,4.03,0.44,-2.76,0.99,0.0,0.0,0.0,0,-0.81,neutral,neutral,0,0.058,32,205,0,
s864,SUIUSDT,1780090200000,train,-1,-2.46,0.351,3.19,2.54,0.61,-1.65,0.9,0.0,0.0,0.0,0,-0.81,neutral,neutral,0,-0.179,32,205,0,
s865,PENDLEUSDT,1780090200000,train,-1,-4.49,0.595,5.28,4.73,1.22,-3.68,1.7,0.0,0.0,0.0,0,-0.81,neutral,neutral,0,0.626,32,205,0,
s866,ARUSDT,1780090200000,testB,-1,-3.47,0.42,4.53,3.81,0.94,-2.66,1.66,0.0,0.0,0.0,0,-0.81,neutral,bajista,0,-0.753,32,204,5,testB
s867,APEUSDT,1780090200000,testB,1,4.27,0.429,6.47,6.25,5,5.08,3.59,0.0,0.0,0.0,0,-0.81,neutral,alcista,0,0.425,32,204,7,
s868,XPLUSDT,1780091100000,train,-1,-5.52,0.441,7.3,6.18,2.16,-4.75,3.84,0.0,0.0,0.0,0,-0.77,neutral,bajista,0,-0.473,32,206,3,train
s869,PUMPUSDT,1780091100000,train,-1,-3.23,0.368,3.81,3.81,0.4,-2.47,2.02,0.0,0.0,0.0,0,-0.77,neutral,neutral,0,-0.692,32,206,1,
s870,WLDUSDT,1780091100000,train,-1,-4.25,0.445,5.33,5.23,0.55,-3.48,2.3,0.0,0.0,0.0,0,-0.77,neutral,neutral,0,-0.235,32,206,1,
s871,ENAUSDT,1780091100000,train,-1,-2.65,0.366,3.34,3.24,0.58,-1.88,1.48,0.0,0.0,0.0,0,-0.77,neutral,neutral,0,-1.0,17,206,1,
s872,ARBUSDT,1780091100000,train,-1,-2.38,0.362,3.02,2.93,0.79,-1.61,1.23,0.0,0.0,0.0,0,-0.77,neutral,neutral,0,-1.0,17,206,1,
s873,SEIUSDT,1780091100000,train,-1,-3.11,0.398,3.63,3.54,0.54,-2.34,1.56,0.0,0.0,0.0,0,-0.77,neutral,neutral,0,-1.0,9,206,1,
s874,PENDLEUSDT,1780091100000,train,-1,-4.0,0.565,4.92,4.77,1.12,-3.23,2.0,0.0,0.0,0.0,0,-0.77,neutral,neutral,0,0.554,32,206,1,
s875,ONDOUSDT,1780091100000,train,-1,-2.72,0.376,3.47,3.36,0.84,-1.95,1.75,0.0,0.0,0.0,0,-0.77,neutral,neutral,0,0.592,32,205,1,
s876,ARUSDT,1780091100000,testB,-1,-3.45,0.417,4.22,3.96,1.0,-2.68,2.19,0.0,0.0,0.0,0,-0.77,neutral,bajista,0,-1.0,17,205,6,testB
s877,GRTUSDT,1780091100000,testB,-1,-2.87,0.373,3.42,3.39,0.71,-2.1,1.37,0.0,0.0,0.0,0,-0.77,neutral,neutral,0,-1.0,19,205,1,
s878,XPLUSDT,1780092000000,train,-1,-5.64,0.445,6.76,5.98,2.9,-4.77,3.84,0.0,0.0,0.0,0,-0.87,neutral,bajista,0,-0.604,32,207,4,
s879,WLDUSDT,1780092000000,train,-1,-4.02,0.414,4.53,4.23,0.7,-3.16,2.07,0.0,0.0,0.0,0,-0.87,neutral,neutral,0,-0.177,32,207,0,
s880,ENAUSDT,1780092000000,train,-1,-2.94,0.426,3.38,3.08,0.47,-2.07,1.26,0.0,0.0,0.0,0,-0.87,neutral,neutral,0,-1.0,16,207,0,
s881,ARBUSDT,1780092000000,train,-1,-2.47,0.382,3.12,2.63,0.79,-1.6,0.95,0.0,0.0,0.0,0,-0.87,neutral,neutral,0,-1.0,15,207,0,
s882,OPUSDT,1780092000000,train,-1,-2.4,0.367,2.8,2.54,0.8,-1.53,1.2,0.0,0.0,0.0,0,-0.87,neutral,neutral,0,-1.0,13,207,0,
s883,TIAUSDT,1780092000000,train,-1,-4.33,0.437,4.99,4.58,0.64,-3.47,1.69,0.0,0.0,0.0,0,-0.87,neutral,neutral,0,-0.519,32,207,0,
s884,SEIUSDT,1780092000000,train,-1,-3.09,0.396,3.64,3.35,0.63,-2.23,1.3,0.0,0.0,0.0,0,-0.87,neutral,neutral,0,-1.0,8,207,0,
s885,PENDLEUSDT,1780092000000,train,-1,-4.05,0.577,4.83,4.26,1.2,-3.18,1.9,0.0,0.0,0.0,0,-0.87,neutral,neutral,0,0.676,32,207,0,
s886,ONDOUSDT,1780092000000,train,-1,-2.9,0.413,3.43,3.04,0.87,-2.03,1.31,0.0,0.0,0.0,0,-0.87,neutral,neutral,0,0.835,32,206,0,
s887,FETUSDT,1780092000000,train,-1,-4.98,0.383,7.42,6.39,0.51,-4.12,2.61,0.0,0.0,0.0,0,-0.87,neutral,neutral,0,0.192,32,206,0,
s888,ARUSDT,1780092000000,testB,-1,-3.61,0.446,4.22,3.87,0.93,-2.74,1.94,0.0,0.0,0.0,0,-0.87,neutral,neutral,0,-1.0,16,206,0,
s889,STXUSDT,1780092000000,testB,-1,-2.18,0.433,2.49,2.27,0.84,-1.32,1.06,0.0,0.0,0.0,0,-0.87,neutral,neutral,0,-1.0,14,206,0,
s890,GRTUSDT,1780092000000,testB,-1,-2.99,0.382,3.51,3.35,0.71,-2.12,1.48,0.0,0.0,0.0,0,-0.87,neutral,bajista,0,-1.0,18,206,2,
s891,LDOUSDT,1780092000000,testB,-1,-2.33,0.392,3.02,2.42,2.23,-1.46,1.16,0.0,0.0,0.0,0,-0.87,neutral,neutral,0,-0.494,32,206,0,
s892,PENDLEUSDT,1780092900000,train,-1,-3.0,0.5,4.01,3.47,0.85,-2.64,1.7,0.0,0.0,0.0,0,-0.36,neutral,neutral,0,0.656,32,208,1,
s893,XPLUSDT,1780093800000,train,-1,-4.4,0.406,6.4,5.28,3.59,-3.96,2.84,0.0,0.0,0.0,0,-0.45,neutral,neutral,0,-0.872,32,209,1,
s894,TIAUSDT,1780093800000,train,-1,-3.34,0.372,4.43,3.48,0.86,-2.89,0.99,0.0,0.0,0.0,0,-0.45,neutral,neutral,0,-1.0,17,209,1,
s895,PENDLEUSDT,1780093800000,train,-1,-3.14,0.532,3.77,3.27,0.76,-2.7,1.44,0.0,0.0,0.0,0,-0.45,neutral,bajista,0,0.601,32,209,2,
s896,ONDOUSDT,1780093800000,train,-1,-2.48,0.384,3.01,2.54,1.19,-2.03,0.94,0.0,0.0,0.0,0,-0.45,neutral,neutral,0,0.725,32,208,1,
s897,ARUSDT,1780093800000,testB,-1,-2.82,0.378,4.14,2.99,0.56,-2.37,0.85,0.0,0.0,0.0,0,-0.45,neutral,neutral,0,-1.0,14,208,1,
s898,GRTUSDT,1780093800000,testB,-1,-2.95,0.368,3.31,3.04,1.0,-2.5,1.25,0.0,0.0,0.0,0,-0.45,neutral,neutral,0,-1.0,14,208,1,
s899,XPLUSDT,1780094700000,train,-1,-3.58,0.355,6.4,5.28,0.9,-3.72,2.55,0.0,0.0,0.0,0,0.14,neutral,neutral,0,-0.872,32,210,0,
s900,PENDLEUSDT,1780094700000,train,-1,-2.53,0.476,3.29,2.86,0.83,-2.67,1.56,0.0,0.0,0.0,0,0.14,neutral,bajista,0,0.717,32,210,3,
s901,APEUSDT,1780094700000,testB,1,4.75,0.387,6.56,5.98,1.03,4.61,2.24,0.0,0.0,0.0,0,0.14,neutral,alcista,0,0.108,32,209,4,
s902,JUPUSDT,1780095600000,train,1,2.71,0.358,3.99,3.5,1.57,2.74,1.32,0.0,0.0,0.0,0,-0.03,neutral,neutral,0,-0.015,32,211,0,
s903,PENDLEUSDT,1780095600000,train,-1,-2.23,0.443,3.19,3.03,0.71,-2.2,1.61,0.0,0.0,0.0,0,-0.03,neutral,bajista,0,0.72,32,211,4,
s904,APEUSDT,1780095600000,testB,1,6.45,0.497,7.63,6.99,1.28,6.48,3.1,0.0,0.0,0.0,0,-0.03,neutral,alcista,0,0.0,32,210,5,
s905,JUPUSDT,1780096500000,train,1,3.61,0.442,3.64,3.53,1.95,3.54,1.79,0.0,0.0,0.0,0,0.06,neutral,neutral,0,-0.197,32,212,1,
s906,APEUSDT,1780096500000,testB,1,7.47,0.57,7.87,7.09,1.74,7.41,3.19,0.0,0.0,0.0,0,0.06,neutral,alcista,0,-0.12,32,211,6,
s907,XPLUSDT,1780097400000,train,-1,-3.78,0.393,6.4,5.16,0.61,-3.43,1.67,0.0,0.0,0.0,0,-0.35,neutral,neutral,0,-1.0,30,213,1,
s908,WLDUSDT,1780097400000,train,-1,-3.24,0.393,4.93,4.48,1.09,-2.89,1.74,0.0,0.0,0.0,0,-0.35,neutral,neutral,0,-1.0,22,213,1,
s909,JUPUSDT,1780097400000,train,1,2.92,0.387,3.86,3.48,2.38,3.27,1.67,0.0,0.0,0.0,0,-0.35,neutral,neutral,0,-0.231,32,213,0,
s910,PENDLEUSDT,1780097400000,train,-1,-2.54,0.585,3.18,2.75,0.79,-2.19,0.99,0.0,0.0,0.0,0,-0.35,neutral,neutral,0,1.173,32,213,0,
s911,ONDOUSDT,1780097400000,train,-1,-2.12,0.379,3.24,2.65,1.48,-1.78,1.19,0.0,0.0,0.0,0,-0.35,neutral,neutral,0,0.872,32,212,1,
s912,APEUSDT,1780097400000,testB,1,5.97,0.467,7.63,6.28,2.04,6.32,2.47,0.0,0.0,0.0,0,-0.35,neutral,neutral,0,-0.114,32,212,0,
s913,XPLUSDT,1780098300000,train,-1,-3.8,0.393,6.43,5.64,0.61,-3.71,1.82,0.0,0.0,0.0,0,-0.08,neutral,bajista,0,-1.0,29,214,2,
s914,WLDUSDT,1780098300000,train,-1,-3.05,0.378,4.94,4.66,1.2,-2.96,1.64,0.0,0.0,0.0,0,-0.08,neutral,bajista,0,-1.0,21,214,2,
s915,JUPUSDT,1780098300000,train,1,3.15,0.429,3.86,3.38,2.0,3.24,1.5,0.0,0.0,0.0,0,-0.08,neutral,neutral,0,-0.159,32,214,0,
s916,PENDLEUSDT,1780098300000,train,-1,-2.43,0.573,2.97,2.71,0.66,-2.35,0.96,0.0,0.0,0.0,0,-0.08,neutral,neutral,0,0.928,32,214,1,
s917,ONDOUSDT,1780098300000,train,-1,-2.1,0.376,3.24,2.79,1.63,-2.02,1.13,0.0,0.0,0.0,0,-0.08,neutral,bajista,0,0.859,32,213,2,
s918,APEUSDT,1780098300000,testB,1,6.98,0.535,7.59,6.81,1.83,7.06,2.83,0.0,0.0,0.0,0,-0.08,neutral,neutral,0,-0.073,32,213,1,
s919,XPLUSDT,1780099200000,train,-1,-4.19,0.459,6.4,5.16,0.53,-3.96,1.28,0.0,0.0,0.0,0,-0.24,neutral,neutral,0,-1.0,28,215,0,
s920,WLDUSDT,1780099200000,train,-1,-3.46,0.456,4.89,4.09,1.79,-3.22,1.16,0.0,0.0,0.0,0,-0.24,neutral,neutral,0,-1.0,20,215,0,
s921,SEIUSDT,1780099200000,train,1,2.7,0.352,4.23,3.96,2.66,2.94,2.75,0.0,0.0,0.0,0,-0.24,neutral,alcista,0,-0.921,32,215,6,train
s922,JUPUSDT,1780099200000,train,1,3.48,0.453,3.84,3.42,1.82,3.72,1.77,0.0,0.0,0.0,0,-0.24,neutral,neutral,0,-0.328,32,215,1,
s923,PENDLEUSDT,1780099200000,train,-1,-2.49,0.585,3.02,2.76,0.67,-2.25,0.88,0.0,0.0,0.0,0,-0.24,neutral,bajista,0,1.047,32,215,2,
s924,ONDOUSDT,1780099200000,train,-1,-2.4,0.429,3.25,2.97,1.7,-2.16,1.16,0.0,0.0,0.0,0,-0.24,neutral,bajista,0,0.695,32,214,3,
s925,FETUSDT,1780099200000,train,-1,-5.22,0.502,7.7,6.99,1.04,-4.98,2.11,0.0,0.0,0.0,0,-0.24,neutral,bajista,0,-0.426,32,214,2,
s926,APEUSDT,1780099200000,testB,1,5.35,0.401,7.16,5.44,1.46,5.59,1.76,0.0,0.0,0.0,0,-0.24,neutral,neutral,0,0.0,32,214,0,
s927,XPLUSDT,1780100100000,train,-1,-4.93,0.535,6.31,5.52,0.59,-4.59,1.67,0.0,0.0,0.0,0,-0.34,neutral,neutral,0,-1.0,27,216,1,
s928,WLDUSDT,1780100100000,train,-1,-5.11,0.579,5.8,5.7,1.83,-4.77,2.51,0.0,0.0,0.0,0,-0.34,neutral,neutral,0,-1.0,19,216,1,
s929,SEIUSDT,1780100100000,train,1,3.57,0.418,4.92,4.83,3.63,3.91,3.21,0.0,0.0,0.0,0,-0.34,neutral,alcista,0,-0.902,32,216,7,train
s930,JUPUSDT,1780100100000,train,1,3.25,0.437,3.57,3.36,1.64,3.58,1.71,0.0,0.0,0.0,0,-0.34,neutral,alcista,0,-0.46,32,216,2,train
s931,PENDLEUSDT,1780100100000,train,-1,-2.44,0.579,3.17,3.04,0.67,-2.1,1.15,0.0,0.0,0.0,0,-0.34,neutral,bajista,0,0.857,32,216,3,
s932,ONDOUSDT,1780100100000,train,-1,-3.61,0.548,4.37,4.15,2.47,-3.27,2.12,0.0,0.0,0.0,0,-0.34,neutral,bajista,0,0.276,32,215,4,
s933,FETUSDT,1780100100000,train,-1,-4.95,0.485,7.69,6.95,0.98,-4.61,2.08,0.0,0.0,0.0,0,-0.34,neutral,neutral,0,-0.405,32,215,0,
s934,AXSUSDT,1780100100000,testB,1,2.24,0.419,2.7,2.44,1.45,2.58,1.4,0.0,0.0,0.0,0,-0.34,neutral,alcista,1,2.0,5,215,2,
s935,APEUSDT,1780100100000,testB,1,4.95,0.384,6.36,4.79,1.04,5.29,1.61,0.0,0.0,0.0,0,-0.34,neutral,neutral,0,-0.134,32,215,1,
s936,XPLUSDT,1780101000000,train,-1,-4.31,0.476,5.74,4.72,0.71,-4.05,1.25,0.0,0.0,0.0,0,-0.25,neutral,neutral,0,-1.0,24,217,0,
s937,WLDUSDT,1780101000000,train,-1,-4.39,0.5,5.43,4.91,1.8,-4.14,1.92,0.0,0.0,0.0,0,-0.25,neutral,neutral,0,-1.0,18,217,0,
s938,SEIUSDT,1780101000000,train,1,4.24,0.46,5.66,5.45,3.98,4.49,3.55,0.0,0.0,0.0,0,-0.25,neutral,alcista,0,-0.909,32,217,8,train
s939,JUPUSDT,1780101000000,train,1,3.57,0.461,3.98,3.82,1.61,3.82,2.03,0.0,0.0,0.0,0,-0.25,neutral,alcista,0,-0.556,32,217,3,train
s940,PENDLEUSDT,1780101000000,train,-1,-2.66,0.6,3.54,3.46,0.8,-2.41,1.37,0.0,0.0,0.0,0,-0.25,neutral,bajista,0,0.64,32,217,4,
s941,ONDOUSDT,1780101000000,train,-1,-4.03,0.575,4.89,4.74,2.93,-3.78,2.41,0.0,0.0,0.0,0,-0.25,neutral,bajista,0,0.091,32,216,5,
s942,FETUSDT,1780101000000,train,-1,-4.64,0.447,5.86,4.87,1.22,-4.39,1.51,0.0,0.0,0.0,0,-0.25,neutral,neutral,0,-0.805,32,216,0,
s943,AXSUSDT,1780101000000,testB,1,2.67,0.492,2.94,2.69,1.61,2.93,1.52,0.0,0.0,0.0,0,-0.25,neutral,alcista,1,2.0,5,216,3,
s944,XPLUSDT,1780101900000,train,-1,-3.68,0.436,5.74,4.72,0.7,-3.44,1.25,0.0,0.0,0.0,0,-0.25,neutral,neutral,0,-1.0,23,218,0,
s945,WLDUSDT,1780101900000,train,-1,-4.16,0.484,5.7,5.25,1.87,-3.91,2.28,0.0,0.0,0.0,0,-0.25,neutral,neutral,0,-1.0,17,218,1,
s946,SEIUSDT,1780101900000,train,1,5.61,0.565,6.65,6.37,4.38,5.86,4.07,0.0,0.0,0.0,0,-0.25,neutral,alcista,0,-0.977,32,218,8,train
s947,JUPUSDT,1780101900000,train,1,3.11,0.429,4.08,3.87,1.59,3.36,1.87,0.0,0.0,0.0,0,-0.25,neutral,neutral,0,-0.589,32,218,0,
s948,PENDLEUSDT,1780101900000,train,-1,-2.79,0.611,3.71,3.7,0.93,-2.54,1.44,0.0,0.0,0.0,0,-0.25,neutral,bajista,0,0.577,32,218,5,
s949,ONDOUSDT,1780101900000,train,-1,-4.26,0.588,5.4,5.2,3.06,-4.01,2.59,0.0,0.0,0.0,0,-0.25,neutral,bajista,0,0.056,32,217,6,
s950,FETUSDT,1780101900000,train,-1,-3.81,0.397,5.37,4.5,1.45,-3.57,1.65,0.0,0.0,0.0,0,-0.25,neutral,neutral,0,-1.0,31,217,1,
s951,MANAUSDT,1780101900000,testB,1,2.03,0.378,2.69,2.46,2.56,2.28,1.49,0.0,0.0,0.0,0,-0.25,neutral,alcista,0,0.19,32,217,3,
s952,AXSUSDT,1780101900000,testB,1,2.93,0.515,3.26,3.01,2.34,3.18,1.73,0.0,0.0,0.0,0,-0.25,neutral,alcista,1,2.0,5,217,4,
s953,XPLUSDT,1780102800000,train,-1,-3.55,0.418,5.58,3.79,0.69,-3.24,0.47,0.0,0.0,0.0,0,-0.31,neutral,neutral,0,-1.0,22,219,0,
s954,WLDUSDT,1780102800000,train,-1,-4.13,0.484,5.63,4.45,1.26,-3.81,1.44,0.0,0.0,0.0,0,-0.31,neutral,neutral,0,-1.0,16,219,0,
s955,JUPUSDT,1780102800000,train,1,2.56,0.37,4.08,3.77,1.34,2.87,1.53,0.0,0.0,0.0,0,-0.31,neutral,neutral,0,-0.535,32,219,0,
s956,PENDLEUSDT,1780102800000,train,-1,-2.89,0.65,3.47,2.96,1.1,-2.57,0.97,0.0,0.0,0.0,0,-0.31,neutral,neutral,0,0.88,32,219,0,
s957,ONDOUSDT,1780102800000,train,-1,-3.71,0.48,5.48,3.88,2.68,-3.4,1.36,0.0,0.0,0.0,0,-0.31,neutral,neutral,0,0.294,32,218,0,
s958,MANAUSDT,1780102800000,testB,1,2.38,0.417,3.03,2.91,2.04,2.7,1.76,0.0,0.0,0.0,0,-0.31,neutral,alcista,0,0.12,32,218,4,
s959,AXSUSDT,1780102800000,testB,1,4.72,0.632,5.16,5.08,4.52,5.03,3.54,0.0,0.0,0.0,0,-0.31,neutral,alcista,0,0.387,32,218,5,
s960,JUPUSDT,1780103700000,train,1,4.62,0.656,4.78,4.73,1.34,4.49,2.28,0.0,0.0,0.0,0,0.12,neutral,neutral,0,-0.622,32,220,1,
s961,SANDUSDT,1780103700000,testB,1,2.16,0.454,2.95,2.79,3.77,2.04,1.56,0.0,0.0,0.0,0,0.12,neutral,alcista,0,0.241,32,219,4,
s962,MANAUSDT,1780103700000,testB,1,2.75,0.511,3.03,2.91,1.86,2.63,1.59,0.0,0.0,0.0,0,0.12,neutral,neutral,0,0.2,32,219,0,
s963,AXSUSDT,1780103700000,testB,1,6.35,0.698,6.94,6.53,5,6.22,4.66,0.0,0.0,0.0,0,0.12,neutral,alcista,0,0.111,32,219,6,
s964,STBLUSDT,1780104600000,train,1,2.08,0.493,2.94,2.64,1.6,2.1,1.44,0.0,0.0,0.0,0,-0.01,neutral,alcista,0,-1.0,15,221,3,train
s965,JUPUSDT,1780104600000,train,1,3.66,0.563,4.84,4.53,1.53,3.67,1.8,0.0,0.0,0.0,0,-0.01,neutral,neutral,0,-0.663,32,221,0,
s966,MANAUSDT,1780104600000,testB,1,2.14,0.429,3.5,2.8,1.85,2.16,1.33,0.0,0.0,0.0,0,-0.01,neutral,neutral,0,0.25,32,220,0,
s967,AXSUSDT,1780104600000,testB,1,5.63,0.647,7.11,6.38,5,5.65,4.02,0.0,0.0,0.0,0,-0.01,neutral,neutral,0,0.013,32,220,0,
s968,PUMPUSDT,1780105500000,train,1,2.76,0.644,2.74,2.68,2.22,2.43,1.15,0.0,0.0,0.0,0,0.32,neutral,alcista,0,-1.0,11,222,4,train
s969,STBLUSDT,1780105500000,train,1,2.4,0.609,2.95,2.55,1.66,2.08,1.22,0.0,0.0,0.0,0,0.32,neutral,neutral,0,-1.0,14,222,0,
s970,ENAUSDT,1780105500000,train,1,2.96,0.766,3.25,3.05,2.12,2.64,1.57,0.0,0.0,0.0,0,0.32,neutral,alcista,0,-1.0,11,222,6,train
s971,ARBUSDT,1780105500000,train,1,2.63,0.818,3.04,2.85,2.19,2.31,1.4,0.0,0.0,0.0,0,0.32,neutral,alcista,0,-0.167,32,222,4,train
s972,OPUSDT,1780105500000,train,1,3.14,0.755,3.21,3.13,2.2,2.82,1.51,0.0,0.0,0.0,0,0.32,neutral,alcista,0,-0.132,32,222,2,train
s973,SUIUSDT,1780105500000,train,1,2.29,0.865,2.67,2.4,1.88,1.96,1.03,0.0,0.0,0.0,0,0.32,neutral,alcista,0,-1.0,10,222,6,train
s974,TIAUSDT,1780105500000,train,1,2.72,0.563,2.98,2.89,1.48,2.4,1.33,0.0,0.0,0.0,0,0.32,neutral,alcista,0,-0.38,32,222,4,train
s975,SEIUSDT,1780105500000,train,1,5.16,0.488,6.74,5.05,1.41,4.83,1.97,0.0,0.0,0.0,0,0.32,neutral,neutral,0,-1.0,31,222,1,
s976,JUPUSDT,1780105500000,train,1,4.4,0.755,4.95,4.37,1.29,4.07,1.52,0.0,0.0,0.0,0,0.32,neutral,neutral,0,-0.651,32,222,0,
s977,ARUSDT,1780105500000,testB,1,3.57,0.43,3.83,3.66,1.28,3.25,1.51,0.0,0.0,0.0,0,0.32,neutral,neutral,0,-1.0,29,221,1,
s978,STXUSDT,1780105500000,testB,1,3.22,0.714,3.45,3.37,2.55,2.89,1.8,0.0,0.0,0.0,0,0.32,neutral,alcista,0,-0.358,32,221,4,
s979,GRTUSDT,1780105500000,testB,1,2.72,0.437,3.03,3.03,1.47,2.4,1.51,0.0,0.0,0.0,0,0.32,neutral,alcista,0,-1.0,11,221,4,
s980,SANDUSDT,1780105500000,testB,1,3.01,0.735,3.15,3.1,3.02,2.69,1.56,0.0,0.0,0.0,0,0.32,neutral,neutral,0,0.097,32,221,1,
s981,MANAUSDT,1780105500000,testB,1,2.63,0.579,3.5,2.68,2.05,2.31,1.08,0.0,0.0,0.0,0,0.32,neutral,neutral,0,0.348,32,221,0,
s982,AXSUSDT,1780105500000,testB,1,7.75,0.849,7.67,7.27,5,7.42,4.62,0.0,0.0,0.0,0,0.32,neutral,neutral,0,-0.253,32,221,1,
s983,APEUSDT,1780105500000,testB,1,3.24,0.373,4.63,3.42,0.52,2.91,1.0,0.0,0.0,0.0,0,0.32,neutral,neutral,0,-0.208,32,221,1,
s984,XPLUSDT,1780106400000,train,1,2.48,0.44,3.3,2.97,1.17,2.12,0.87,0.0,0.0,0.0,0,0.36,neutral,alcista,0,0.704,32,223,5,train
s985,PUMPUSDT,1780106400000,train,1,2.8,0.649,2.9,2.84,2.58,2.44,1.66,0.0,0.0,0.0,0,0.36,neutral,alcista,0,-1.0,10,223,5,train
s986,ENAUSDT,1780106400000,train,1,3.08,0.773,3.17,3.09,2.28,2.72,1.72,0.0,0.0,0.0,0,0.36,neutral,alcista,0,-1.0,10,223,7,train
s987,ARBUSDT,1780106400000,train,1,3.12,0.842,3.4,3.21,2.28,2.76,1.96,0.0,0.0,0.0,0,0.36,neutral,alcista,0,-0.382,32,223,5,train
s988,OPUSDT,1780106400000,train,1,3.31,0.765,3.53,3.28,1.71,2.95,1.76,0.0,0.0,0.0,0,0.36,neutral,alcista,0,-0.225,32,223,3,train
s989,SUIUSDT,1780106400000,train,1,2.07,0.83,2.45,2.05,1.65,1.71,1.01,0.0,0.0,0.0,0,0.36,neutral,neutral,0,-1.0,9,223,0,
s990,TIAUSDT,1780106400000,train,1,2.79,0.57,3.0,2.79,1.33,2.43,1.58,0.0,0.0,0.0,0,0.36,neutral,alcista,0,-1.0,10,223,5,train
s991,SEIUSDT,1780106400000,train,1,5.33,0.497,6.69,5.31,0.78,4.98,2.18,0.0,0.0,0.0,0,0.36,neutral,alcista,0,-1.0,25,223,2,train
s992,JUPUSDT,1780106400000,train,1,4.01,0.67,4.75,3.91,1.31,3.65,1.26,0.0,0.0,0.0,0,0.36,neutral,neutral,0,-0.689,32,223,0,
s993,ARUSDT,1780106400000,testB,1,3.7,0.439,4.27,3.69,1.27,3.34,1.66,0.0,0.0,0.0,0,0.36,neutral,alcista,0,-1.0,27,222,2,
s994,STXUSDT,1780106400000,testB,1,3.47,0.743,3.52,3.36,2.21,3.12,1.9,0.0,0.0,0.0,0,0.36,neutral,alcista,0,-0.407,32,222,5,
s995,GRTUSDT,1780106400000,testB,1,2.73,0.437,3.3,2.81,1.51,2.37,1.27,0.0,0.0,0.0,0,0.36,neutral,neutral,0,-1.0,10,222,0,
s996,SANDUSDT,1780106400000,testB,1,4.29,0.807,4.22,4.12,4.3,3.94,2.58,0.0,0.0,0.0,0,0.36,neutral,alcista,0,-0.277,32,222,2,
s997,MANAUSDT,1780106400000,testB,1,3.59,0.652,3.7,3.47,2.97,3.23,1.88,0.0,0.0,0.0,0,0.36,neutral,neutral,0,-0.067,32,222,1,
s998,APEUSDT,1780106400000,testB,1,4.32,0.444,4.56,4.28,0.65,3.96,2.19,0.0,0.0,0.0,0,0.36,neutral,alcista,0,-0.607,32,222,2,
s999,ENAUSDT,1780107300000,train,1,2.49,0.73,2.99,2.84,2.36,2.35,1.5,0.0,0.0,0.0,0,0.14,neutral,neutral,0,-1.0,8,224,0,
s1000,ARBUSDT,1780107300000,train,1,2.72,0.737,3.41,2.93,2.05,2.58,1.56,0.0,0.0,0.0,0,0.14,neutral,neutral,0,-0.387,32,224,0,
s1001,OPUSDT,1780107300000,train,1,2.53,0.652,3.37,2.96,1.59,2.39,1.39,0.0,0.0,0.0,0,0.14,neutral,neutral,0,-0.194,32,224,0,
s1002,SEIUSDT,1780107300000,train,1,4.44,0.389,6.74,4.6,0.82,4.29,1.19,0.0,0.0,0.0,0,0.14,neutral,neutral,0,-1.0,24,224,0,
s1003,JUPUSDT,1780107300000,train,1,2.23,0.406,3.93,2.44,1.12,2.08,0.47,0.0,0.0,0.0,0,0.14,neutral,neutral,0,-1.0,9,224,0,
s1004,STXUSDT,1780107300000,testB,1,2.43,0.543,3.41,2.79,2.13,2.29,1.31,0.0,0.0,0.0,0,0.14,neutral,neutral,0,-0.358,32,223,0,
s1005,GRTUSDT,1780107300000,testB,1,2.25,0.392,3.11,2.73,1.43,2.11,1.17,0.0,0.0,0.0,0,0.14,neutral,neutral,0,-1.0,9,223,1,
s1006,SANDUSDT,1780107300000,testB,1,3.69,0.724,4.19,3.83,3.56,3.55,2.1,0.0,0.0,0.0,0,0.14,neutral,neutral,0,-0.269,32,223,0,
s1007,MANAUSDT,1780107300000,testB,1,3.1,0.619,3.7,3.47,2.66,2.96,1.63,0.0,0.0,0.0,0,0.14,neutral,neutral,0,-0.067,32,223,0,
s1008,APEUSDT,1780107300000,testB,1,3.78,0.413,4.62,4.06,0.81,3.64,2.04,0.0,0.0,0.0,0,0.14,neutral,alcista,0,-0.707,32,223,3,
s1009,XPLUSDT,1780108200000,train,1,2.7,0.414,3.61,3.5,1.11,2.36,1.76,0.0,0.0,0.0,0,0.34,neutral,neutral,0,0.719,32,225,1,
s1010,ENAUSDT,1780108200000,train,1,2.77,0.779,3.33,3.04,1.19,2.44,1.66,0.0,0.0,0.0,0,0.34,neutral,neutral,0,-1.0,7,225,1,
s1011,ARBUSDT,1780108200000,train,1,3.5,0.818,3.67,3.57,1.16,3.17,2.14,0.0,0.0,0.0,0,0.34,neutral,neutral,0,-0.447,32,225,1,
s1012,OPUSDT,1780108200000,train,1,3.12,0.755,3.6,3.36,1.09,2.79,1.78,0.0,0.0,0.0,0,0.34,neutral,neutral,0,-0.268,32,225,1,
s1013,TIAUSDT,1780108200000,train,1,2.87,0.532,3.79,3.38,0.96,2.54,2.01,0.0,0.0,0.0,0,0.34,neutral,neutral,0,-1.0,8,225,1,
s1014,SEIUSDT,1780108200000,train,1,4.97,0.426,6.54,4.78,0.79,4.63,1.56,0.0,0.0,0.0,0,0.34,neutral,neutral,0,-1.0,20,225,1,
s1015,JUPUSDT,1780108200000,train,1,2.83,0.481,3.86,2.86,0.71,2.49,0.96,0.0,0.0,0.0,0,0.34,neutral,neutral,0,-1.0,8,225,1,
s1016,STXUSDT,1780108200000,testB,1,3.25,0.704,3.32,3.15,1.5,2.92,1.73,0.0,0.0,0.0,0,0.34,neutral,neutral,0,-0.461,32,224,1,
s1017,GRTUSDT,1780108200000,testB,1,3.19,0.554,3.55,3.17,1.42,2.86,1.62,0.0,0.0,0.0,0,0.34,neutral,alcista,0,-1.0,8,224,2,
s1018,SANDUSDT,1780108200000,testB,1,4.5,0.81,4.58,4.41,3.7,4.17,2.58,0.0,0.0,0.0,0,0.34,neutral,neutral,0,-0.392,32,224,1,
s1019,MANAUSDT,1780108200000,testB,1,3.82,0.727,4.26,3.91,2.19,3.49,1.98,0.0,0.0,0.0,0,0.34,neutral,neutral,0,-0.235,32,224,1,
s1020,APEUSDT,1780108200000,testB,1,4.71,0.468,5.26,4.78,0.96,4.37,3.25,0.0,0.0,0.0,0,0.34,neutral,alcista,0,-0.87,32,224,4,
s1021,PUMPUSDT,1780109100000,train,1,2.03,0.412,2.96,2.56,1.41,1.62,1.14,0.0,0.0,0.0,0,0.41,neutral,alcista,0,-1.0,7,226,2,train
s1022,ENAUSDT,1780109100000,train,1,2.77,0.779,3.33,3.1,0.98,2.36,1.55,0.0,0.0,0.0,0,0.41,neutral,alcista,0,-1.0,6,226,2,train
s1023,ARBUSDT,1780109100000,train,1,3.6,0.822,3.66,3.66,0.92,3.19,2.08,0.0,0.0,0.0,0,0.41,neutral,alcista,0,-0.564,32,226,2,train
s1024,OPUSDT,1780109100000,train,1,3.97,0.797,4.14,4.14,1.13,3.56,2.34,0.0,0.0,0.0,0,0.41,neutral,alcista,0,-0.451,32,226,2,train
s1025,TIAUSDT,1780109100000,train,1,3.06,0.548,4.01,3.79,1.04,2.65,2.18,0.0,0.0,0.0,0,0.41,neutral,alcista,0,-1.0,7,226,2,train
s1026,STXUSDT,1780109100000,testB,1,2.69,0.578,3.2,2.74,0.74,2.28,1.3,0.0,0.0,0.0,0,0.41,neutral,neutral,0,-0.515,32,225,0,
s1027,GRTUSDT,1780109100000,testB,1,2.99,0.538,3.44,3.06,1.17,2.58,1.5,0.0,0.0,0.0,0,0.41,neutral,neutral,0,-1.0,6,225,0,
s1028,SANDUSDT,1780109100000,testB,1,4.64,0.814,4.7,4.53,3.81,4.23,2.46,0.0,0.0,0.0,0,0.41,neutral,alcista,0,-0.437,32,225,2,
s1029,MANAUSDT,1780109100000,testB,1,4.19,0.778,4.25,4.02,1.63,3.78,2.0,0.0,0.0,0.0,0,0.41,neutral,alcista,0,-0.343,32,225,2,
s1030,APEUSDT,1780109100000,testB,1,4.9,0.479,5.7,5.49,1.11,4.49,3.58,0.0,0.0,0.0,0,0.41,neutral,alcista,0,-0.9,32,225,5,
s1031,PUMPUSDT,1780110000000,train,1,2.09,0.429,2.96,2.56,1.23,1.61,0.98,0.0,0.0,0.0,0,0.48,neutral,alcista,0,-1.0,6,227,3,train
s1032,STBLUSDT,1780110000000,train,1,2.71,0.733,2.97,2.73,1.24,2.23,1.0,0.0,0.0,0.0,0,0.48,neutral,alcista,0,-1.0,9,227,2,train
s1033,ENAUSDT,1780110000000,train,1,3.08,0.917,3.32,3.14,0.73,2.6,1.36,0.0,0.0,0.0,0,0.48,neutral,alcista,0,-1.0,5,227,3,train
s1034,ARBUSDT,1780110000000,train,1,3.69,0.826,3.93,3.84,0.77,3.21,2.02,0.0,0.0,0.0,0,0.48,neutral,alcista,0,-0.585,32,227,3,train
s1035,OPUSDT,1780110000000,train,1,3.71,0.733,4.39,3.99,1.12,3.23,1.88,0.0,0.0,0.0,0,0.48,neutral,neutral,0,-0.49,32,227,0,
s1036,TIAUSDT,1780110000000,train,1,3.38,0.597,4.02,3.98,1.11,2.9,2.05,0.0,0.0,0.0,0,0.48,neutral,alcista,0,-1.0,6,227,3,train
s1037,JUPUSDT,1780110000000,train,1,2.16,0.426,2.96,2.16,0.59,1.67,0.81,0.0,0.0,0.0,0,0.48,neutral,alcista,0,-1.0,5,227,3,train
s1038,STXUSDT,1780110000000,testB,1,2.47,0.518,3.16,2.54,0.62,1.99,0.94,0.0,0.0,0.0,0,0.48,neutral,neutral,0,-0.557,32,226,0,
s1039,GRTUSDT,1780110000000,testB,1,2.05,0.405,3.44,2.84,0.86,1.56,1.07,0.0,0.0,0.0,0,0.48,neutral,neutral,0,-1.0,5,226,0,
s1040,SANDUSDT,1780110000000,testB,1,4.14,0.728,4.61,4.15,1.07,3.66,1.95,0.0,0.0,0.0,0,0.48,neutral,neutral,0,-0.441,32,226,0,
s1041,MANAUSDT,1780110000000,testB,1,4.06,0.773,4.36,4.13,1.09,3.57,1.84,0.0,0.0,0.0,0,0.48,neutral,alcista,0,-0.361,32,226,3,
s1042,APEUSDT,1780110000000,testB,1,3.71,0.406,5.91,5.43,1.01,3.22,3.06,0.0,0.0,0.0,0,0.48,neutral,neutral,0,-0.873,32,226,0,
s1043,PUMPUSDT,1780110900000,train,1,2.04,0.412,2.97,2.28,0.89,1.66,0.64,0.0,0.0,0.0,0,0.38,neutral,neutral,0,-1.0,5,228,0,
s1044,STBLUSDT,1780110900000,train,1,4.12,0.807,4.87,4.13,1.95,3.74,2.32,0.0,0.0,0.0,0,0.38,neutral,alcista,0,-1.0,8,228,3,train
s1045,ARBUSDT,1780110900000,train,1,3.3,0.68,3.95,3.39,0.95,2.92,1.41,0.0,0.0,0.0,0,0.38,neutral,neutral,0,-0.556,32,228,0,
s1046,OPUSDT,1780110900000,train,1,3.55,0.677,4.41,3.59,1.23,3.17,1.35,0.0,0.0,0.0,0,0.38,neutral,neutral,0,-0.432,32,228,0,
s1047,TIAUSDT,1780110900000,train,1,2.9,0.47,4.07,3.45,1.04,2.51,1.37,0.0,0.0,0.0,0,0.38,neutral,neutral,0,-1.0,5,228,0,
s1048,SANDUSDT,1780110900000,testB,1,3.56,0.566,4.64,3.56,0.91,3.17,1.23,0.0,0.0,0.0,0,0.38,neutral,neutral,0,-0.357,32,227,0,
s1049,MANAUSDT,1780110900000,testB,1,3.46,0.617,4.38,3.69,1.21,3.07,1.28,0.0,0.0,0.0,0,0.38,neutral,neutral,0,-0.281,32,227,0,
s1050,STBLUSDT,1780111800000,train,1,2.79,0.457,4.66,2.78,2.63,2.64,1.05,0.0,0.0,0.0,0,0.15,neutral,neutral,0,-1.0,7,229,0,
s1051,ARBUSDT,1780111800000,train,1,2.23,0.39,3.89,2.37,1.06,2.08,0.4,0.0,0.0,0.0,0,0.15,neutral,neutral,0,-0.24,32,229,0,
s1052,OPUSDT,1780111800000,train,1,2.53,0.441,4.12,2.55,1.21,2.38,0.55,0.0,0.0,0.0,0,0.15,neutral,neutral,0,-0.258,32,229,0,
s1053,SANDUSDT,1780111800000,testB,1,2.88,0.431,4.49,2.89,0.81,2.73,0.63,0.0,0.0,0.0,0,0.15,neutral,neutral,0,-0.286,32,228,0,
s1054,MANAUSDT,1780111800000,testB,1,2.98,0.49,4.17,2.9,1.2,2.83,0.64,0.0,0.0,0.0,0,0.15,neutral,neutral,0,-0.2,32,228,0,
s1055,STBLUSDT,1780112700000,train,1,2.54,0.421,4.39,2.42,2.48,2.46,0.93,0.0,0.0,0.0,0,0.09,neutral,neutral,0,-1.0,6,230,0,
s1056,ARBUSDT,1780112700000,train,1,2.43,0.41,3.89,2.56,1.08,2.34,0.52,0.0,0.0,0.0,0,0.09,neutral,neutral,0,-0.333,32,230,1,
s1057,OPUSDT,1780112700000,train,1,2.95,0.479,4.1,2.95,1.0,2.87,0.86,0.0,0.0,0.0,0,0.09,neutral,neutral,0,-0.389,32,230,1,
s1058,STXUSDT,1780112700000,testB,1,2.05,0.407,3.18,2.17,0.63,1.96,0.43,0.0,0.0,0.0,0,0.09,neutral,neutral,0,-0.173,32,229,1,
s1059,SANDUSDT,1780112700000,testB,1,2.67,0.413,4.27,2.75,0.69,2.58,0.62,0.0,0.0,0.0,0,0.09,neutral,neutral,0,-0.407,32,229,1,
s1060,ARBUSDT,1780113600000,train,1,2.33,0.4,3.6,2.37,1.18,2.31,0.57,0.0,0.0,0.0,0,0.02,neutral,alcista,0,-0.4,32,231,2,train
s1061,OPUSDT,1780113600000,train,1,2.35,0.4,3.78,2.46,1.2,2.34,0.66,0.0,0.0,0.0,0,0.02,neutral,neutral,0,-0.433,32,231,0,
s1062,MANAUSDT,1780113600000,testB,1,2.25,0.463,3.24,2.08,0.89,2.23,0.59,0.0,0.0,0.0,0,0.02,neutral,neutral,0,-0.389,32,230,1,
s1063,APEUSDT,1780113600000,testB,1,3.44,0.407,5.95,4.78,1.25,3.42,1.3,0.0,0.0,0.0,0,0.02,neutral,neutral,0,-0.725,32,230,0,
s1064,PENDLEUSDT,1780114500000,train,-1,-2.3,0.384,3.93,3.73,1.35,-2.14,2.02,0.0,0.0,0.0,0,-0.16,neutral,neutral,0,0.263,32,232,1,
s1065,SEIUSDT,1780115400000,train,-1,-3.93,0.376,5.95,5.4,1.02,-3.66,2.0,0.0,0.0,0.0,0,-0.28,neutral,neutral,0,-0.023,32,233,0,
s1066,INJUSDT,1780116300000,train,1,6.58,0.409,7.54,6.3,2.18,6.72,2.89,0.0,0.0,0.0,0,-0.13,neutral,alcista,0,0.0,32,234,2,train
s1067,SEIUSDT,1780116300000,train,-1,-4.42,0.449,5.8,4.79,1.2,-4.28,1.65,0.0,0.0,0.0,0,-0.13,neutral,neutral,0,0.003,32,234,0,
s1068,APEUSDT,1780117200000,testB,1,4.18,0.367,5.47,4.29,0.82,4.27,1.24,0.0,0.0,0.0,0,-0.09,neutral,alcista,0,-1.0,13,234,3,
s1069,STBLUSDT,1780118100000,train,-1,-3.07,0.354,6.48,5.83,3.1,-2.92,2.74,0.0,0.0,0.0,0,-0.15,neutral,neutral,0,-0.309,32,236,1,
s1070,INJUSDT,1780118100000,train,1,6.06,0.369,6.88,6.08,2.88,6.21,3.77,0.0,0.0,0.0,0,-0.15,neutral,neutral,0,-0.115,32,236,0,
s1071,JUPUSDT,1780118100000,train,-1,-2.15,0.383,4.19,2.52,1.03,-2.01,0.61,0.0,0.0,0.0,0,-0.15,neutral,neutral,0,0.383,32,236,1,
s1072,PENDLEUSDT,1780118100000,train,-1,-2.68,0.542,4.39,3.27,1.52,-2.53,0.96,0.0,0.0,0.0,0,-0.15,neutral,bajista,0,0.575,32,236,2,
s1073,STBLUSDT,1780119000000,train,-1,-3.06,0.354,6.47,5.67,2.79,-3.04,2.35,0.0,0.0,0.0,0,-0.02,neutral,neutral,0,-0.279,32,237,0,
s1074,PENDLEUSDT,1780119000000,train,-1,-2.49,0.486,4.38,2.99,0.95,-2.47,0.6,0.0,0.0,0.0,0,-0.02,neutral,neutral,0,0.6,32,237,0,
s1075,STBLUSDT,1780119900000,train,-1,-3.64,0.394,6.8,6.39,3.08,-3.56,2.87,0.0,0.0,0.0,0,-0.08,neutral,neutral,0,-0.41,32,238,1,
s1076,INJUSDT,1780119900000,train,1,6.39,0.38,8.12,7.44,2.0,6.46,4.9,0.0,0.0,0.0,0,-0.08,neutral,neutral,0,-1.0,12,238,1,
s1077,SEIUSDT,1780119900000,train,-1,-2.98,0.382,4.99,3.89,0.7,-2.9,1.02,0.0,0.0,0.0,0,-0.08,neutral,neutral,0,-0.486,32,238,0,
s1078,PENDLEUSDT,1780119900000,train,-1,-2.68,0.512,4.39,3.14,0.94,-2.6,0.72,0.0,0.0,0.0,0,-0.08,neutral,neutral,0,0.536,32,238,1,
s1079,STBLUSDT,1780120800000,train,-1,-3.81,0.411,6.81,6.53,3.26,-3.64,2.74,0.0,0.0,0.0,0,-0.17,neutral,bajista,0,-0.421,32,239,2,
s1080,INJUSDT,1780120800000,train,1,7.14,0.428,8.38,7.65,1.58,7.31,4.49,0.0,0.0,0.0,0,-0.17,neutral,alcista,0,-1.0,11,239,2,train
s1081,SEIUSDT,1780120800000,train,-1,-3.81,0.476,4.9,4.34,0.65,-3.63,1.41,0.0,0.0,0.0,0,-0.17,neutral,neutral,0,-0.695,32,239,1,
s1082,PENDLEUSDT,1780120800000,train,-1,-2.49,0.494,4.04,3.0,0.66,-2.32,1.0,0.0,0.0,0.0,0,-0.17,neutral,bajista,0,0.58,32,239,2,
s1083,STBLUSDT,1780121700000,train,-1,-3.47,0.385,7.46,6.49,0.97,-3.44,2.48,0.0,0.0,0.0,0,-0.02,neutral,bajista,0,-0.466,32,240,3,
s1084,INJUSDT,1780121700000,train,1,7.32,0.435,8.36,7.81,1.54,7.35,4.14,0.0,0.0,0.0,0,-0.02,neutral,alcista,0,-1.0,10,240,3,train
s1085,SEIUSDT,1780121700000,train,-1,-3.21,0.433,4.49,3.95,0.62,-3.19,1.39,0.0,0.0,0.0,0,-0.02,neutral,bajista,0,-0.772,32,240,2,
s1086,SEIUSDT,1780122600000,train,-1,-3.56,0.504,4.33,3.76,0.62,-3.49,1.39,0.0,0.0,0.0,0,-0.06,neutral,neutral,0,-1.0,30,241,0,
s1087,GRTUSDT,1780122600000,testB,-1,-2.3,0.427,3.67,2.59,0.4,-2.24,0.61,0.0,0.0,0.0,0,-0.06,neutral,neutral,0,-1.0,31,240,1,
s1088,AXSUSDT,1780122600000,testB,-1,-4.82,0.413,8.9,6.94,0.22,-4.75,0.31,0.0,0.0,0.0,0,-0.06,neutral,neutral,0,0.141,32,240,0,
s1089,SEIUSDT,1780123500000,train,-1,-3.53,0.501,4.04,3.64,0.66,-3.26,1.66,0.0,0.0,0.0,0,-0.27,neutral,neutral,0,-1.0,29,242,1,
s1090,GRTUSDT,1780123500000,testB,-1,-2.64,0.461,3.64,2.91,0.52,-2.38,0.84,0.0,0.0,0.0,0,-0.27,neutral,bajista,0,-1.0,29,241,2,
s1091,SANDUSDT,1780123500000,testB,-1,-2.14,0.389,3.35,2.42,0.27,-1.88,0.63,0.0,0.0,0.0,0,-0.27,neutral,bajista,0,-0.012,32,241,2,
s1092,MANAUSDT,1780123500000,testB,-1,-2.07,0.409,2.81,2.46,0.68,-1.8,0.82,0.0,0.0,0.0,0,-0.27,neutral,bajista,0,-0.095,32,241,2,
s1093,AXSUSDT,1780123500000,testB,-1,-5.5,0.477,7.86,6.22,0.23,-5.23,0.75,0.0,0.0,0.0,0,-0.27,neutral,neutral,0,0.132,32,241,1,
s1094,APEUSDT,1780123500000,testB,-1,-4.05,0.45,5.3,4.65,0.96,-3.79,1.93,0.0,0.0,0.0,0,-0.27,neutral,bajista,0,0.154,32,241,2,
s1095,XPLUSDT,1780124400000,train,1,2.63,0.353,5.56,5.02,1.09,2.93,2.11,0.0,0.0,0.0,0,-0.3,neutral,neutral,0,0.34,32,243,1,
s1096,SEIUSDT,1780124400000,train,-1,-3.48,0.497,4.01,3.8,0.66,-3.18,1.56,0.0,0.0,0.0,0,-0.3,neutral,bajista,0,-1.0,28,243,2,
s1097,JUPUSDT,1780124400000,train,-1,-2.16,0.406,3.51,2.32,0.54,-1.87,0.74,0.0,0.0,0.0,0,-0.3,neutral,bajista,0,0.023,32,243,3,
s1098,GRTUSDT,1780124400000,testB,-1,-2.57,0.453,3.3,2.72,0.62,-2.28,0.91,0.0,0.0,0.0,0,-0.3,neutral,bajista,0,-1.0,28,242,3,
s1099,MANAUSDT,1780124400000,testB,-1,-2.06,0.409,2.81,2.22,0.87,-1.77,0.64,0.0,0.0,0.0,0,-0.3,neutral,neutral,0,-0.105,32,242,0,
s1100,APEUSDT,1780124400000,testB,-1,-3.57,0.382,4.99,3.92,0.88,-3.28,1.4,0.0,0.0,0.0,0,-0.3,neutral,neutral,0,0.218,32,242,0,
s1101,XPLUSDT,1780125300000,train,1,3.74,0.459,6.25,5.83,1.37,3.88,2.56,0.0,0.0,0.0,0,-0.14,neutral,alcista,0,0.127,32,244,2,train
s1102,SEIUSDT,1780125300000,train,-1,-3.5,0.503,4.23,3.78,0.5,-3.37,1.45,0.0,0.0,0.0,0,-0.14,neutral,neutral,0,-1.0,27,244,0,
s1103,GRTUSDT,1780125300000,testB,-1,-2.08,0.355,3.29,2.36,0.72,-1.95,0.57,0.0,0.0,0.0,0,-0.14,neutral,neutral,0,-1.0,27,243,0,
s1104,APEUSDT,1780125300000,testB,-1,-3.25,0.359,5.01,4.29,0.87,-3.11,1.74,0.0,0.0,0.0,0,-0.14,neutral,neutral,0,0.217,32,243,1,
s1105,SEIUSDT,1780126200000,train,-1,-3.38,0.492,4.44,4.25,0.58,-3.32,1.74,0.0,0.0,0.0,0,-0.06,neutral,neutral,0,-1.0,26,245,1,
s1106,FETUSDT,1780126200000,train,1,3.57,0.423,6.36,5.43,1.15,3.63,1.8,0.0,0.0,0.0,0,-0.06,neutral,neutral,1,2.0,25,244,0,
s1107,APEUSDT,1780126200000,testB,-1,-3.27,0.359,5.03,4.74,0.72,-3.2,2.07,0.0,0.0,0.0,0,-0.06,neutral,bajista,0,0.167,32,244,2,
s1108,SEIUSDT,1780127100000,train,-1,-3.72,0.574,4.43,4.16,0.49,-3.75,1.46,0.0,0.0,0.0,0,0.03,neutral,neutral,0,-1.0,25,246,0,
s1109,FETUSDT,1780127100000,train,1,4.79,0.514,6.62,6.38,1.35,4.76,2.59,0.0,0.0,0.0,0,0.03,neutral,neutral,1,2.0,25,245,1,
s1110,SEIUSDT,1780128000000,train,-1,-3.12,0.529,3.41,3.24,0.49,-3.21,1.47,0.0,0.0,0.0,0,0.09,neutral,neutral,0,-1.0,23,247,1,
s1111,FETUSDT,1780128000000,train,1,5.07,0.556,6.79,6.19,1.59,4.98,2.19,0.0,0.0,0.0,0,0.09,neutral,neutral,1,2.0,24,246,0,
s1112,XPLUSDT,1780128900000,train,1,3.0,0.38,6.36,4.1,0.86,2.71,0.49,0.0,0.0,0.0,0,0.29,neutral,neutral,0,0.158,32,248,0,
s1113,WLDUSDT,1780128900000,train,1,3.38,0.383,6.41,3.71,0.39,3.1,0.6,0.0,0.0,0.0,0,0.29,neutral,alcista,1,2.0,22,248,3,train
s1114,FETUSDT,1780128900000,train,1,5.92,0.706,6.8,6.07,1.39,5.64,2.05,0.0,0.0,0.0,0,0.29,neutral,neutral,1,2.0,23,247,0,
s1115,AXSUSDT,1780128900000,testB,1,3.55,0.394,4.86,4.23,2.13,3.27,1.85,0.0,0.0,0.0,0,0.29,neutral,neutral,0,-0.887,32,247,0,
s1116,XPLUSDT,1780129800000,train,1,3.67,0.452,5.59,3.76,0.71,3.39,0.8,0.0,0.0,0.0,0,0.29,neutral,neutral,0,0.2,32,249,1,
s1117,FETUSDT,1780129800000,train,1,6.87,0.736,7.19,6.59,1.69,6.59,3.09,0.0,0.0,0.0,0,0.29,neutral,neutral,0,1.211,32,248,1,
s1118,APEUSDT,1780129800000,testB,-1,-2.66,0.352,5.11,4.6,0.75,-2.95,1.53,0.0,0.0,0.0,0,0.29,neutral,neutral,0,0.141,32,248,0,
s1119,XPLUSDT,1780130700000,train,1,2.77,0.352,5.28,3.12,0.75,2.6,0.39,0.0,0.0,0.0,0,0.17,neutral,neutral,0,0.241,32,250,0,
s1120,FETUSDT,1780130700000,train,1,6.88,0.738,7.23,6.84,1.56,6.71,3.3,0.0,0.0,0.0,0,0.17,neutral,alcista,0,0.908,32,249,2,train
s1121,APEUSDT,1780130700000,testB,-1,-2.99,0.417,5.1,4.38,0.75,-3.17,1.18,0.0,0.0,0.0,0,0.17,neutral,neutral,0,0.098,32,249,0,
s1122,SEIUSDT,1780131600000,train,-1,-2.05,0.544,2.69,2.17,0.95,-2.11,0.42,0.0,0.0,0.0,0,0.06,neutral,neutral,0,-1.0,16,251,0,
s1123,FETUSDT,1780131600000,train,1,6.73,0.734,7.05,6.58,1.49,6.67,3.35,0.0,0.0,0.0,0,0.06,neutral,alcista,0,0.91,32,250,3,train
s1124,ARUSDT,1780131600000,testB,-1,-3.57,0.489,4.35,3.97,0.92,-3.64,1.7,0.0,0.0,0.0,0,0.06,neutral,bajista,0,-0.402,32,250,4,
s1125,APEUSDT,1780131600000,testB,-1,-3.67,0.558,5.1,4.45,0.79,-3.73,0.87,0.0,0.0,0.0,0,0.06,neutral,neutral,0,0.081,32,250,1,
s1126,STBLUSDT,1780132500000,train,1,3.57,0.434,5.39,4.97,0.42,3.5,0.9,0.0,0.0,0.0,0,0.07,neutral,alcista,0,-0.524,32,252,6,train
s1127,FETUSDT,1780132500000,train,1,7.26,0.749,6.89,6.73,1.47,7.2,3.59,0.0,0.0,0.0,0,0.07,neutral,alcista,0,0.884,32,251,4,train
s1128,ARUSDT,1780132500000,testB,-1,-3.24,0.433,4.26,3.61,0.99,-3.31,1.29,0.0,0.0,0.0,0,0.07,neutral,neutral,0,-0.31,32,251,0,
s1129,AXSUSDT,1780132500000,testB,1,3.39,0.35,4.32,3.28,1.64,3.33,1.27,0.0,0.0,0.0,0,0.07,neutral,alcista,0,-1.0,21,251,2,
s1130,APEUSDT,1780132500000,testB,-1,-2.72,0.448,3.73,2.87,0.65,-2.79,0.69,0.0,0.0,0.0,0,0.07,neutral,neutral,0,0.3,32,251,0,
s1131,STBLUSDT,1780133400000,train,1,3.1,0.37,5.41,4.69,0.67,3.12,0.52,0.0,0.0,0.0,0,-0.02,neutral,neutral,0,-0.5,32,253,0,
s1132,FETUSDT,1780133400000,train,1,7.1,0.746,7.14,6.63,1.16,7.12,3.47,0.0,0.0,0.0,0,-0.02,neutral,alcista,0,0.741,32,252,5,train
s1133,ARUSDT,1780133400000,testB,-1,-3.37,0.448,4.22,3.66,0.83,-3.35,1.4,0.0,0.0,0.0,0,-0.02,neutral,neutral,0,-0.271,32,252,1,
s1134,APEUSDT,1780133400000,testB,-1,-2.17,0.365,3.43,2.36,0.6,-2.15,0.51,0.0,0.0,0.0,0,-0.02,neutral,neutral,0,0.424,32,252,0,
s1135,STBLUSDT,1780134300000,train,1,3.62,0.457,5.42,4.52,0.59,3.61,0.27,0.0,0.0,0.0,0,0.01,neutral,neutral,0,-0.433,32,254,0,
s1136,INJUSDT,1780134300000,train,-1,-6.12,0.509,9.42,7.63,0.39,-6.13,1.44,0.0,0.0,0.0,0,0.01,neutral,neutral,0,-0.362,32,254,0,
s1137,FETUSDT,1780134300000,train,1,5.47,0.574,7.0,5.7,1.09,5.46,2.34,0.0,0.0,0.0,0,0.01,neutral,neutral,1,2.0,24,253,0,
s1138,ARUSDT,1780134300000,testB,-1,-3.09,0.425,4.18,3.75,0.81,-3.1,1.52,0.0,0.0,0.0,0,0.01,neutral,bajista,0,-0.839,32,253,2,
s1139,STBLUSDT,1780135200000,train,1,3.15,0.375,5.45,3.97,0.63,3.03,0.18,0.0,0.0,0.0,0,0.12,neutral,neutral,0,-0.344,32,255,0,
s1140,INJUSDT,1780135200000,train,-1,-5.79,0.47,9.36,7.01,0.48,-5.91,0.72,0.0,0.0,0.0,0,0.12,neutral,neutral,0,-0.275,32,255,0,
s1141,FETUSDT,1780135200000,train,1,4.81,0.472,6.69,4.71,1.09,4.69,1.48,0.0,0.0,0.0,0,0.12,neutral,neutral,1,2.0,16,254,0,
s1142,INJUSDT,1780136100000,train,-1,-6.11,0.498,9.38,7.19,0.62,-6.14,0.78,0.0,0.0,0.0,0,0.03,neutral,neutral,0,-0.283,32,256,1,
s1143,PENDLEUSDT,1780136100000,train,-1,-2.07,0.45,3.37,2.86,1.25,-2.1,0.9,0.0,0.0,0.0,0,0.03,neutral,neutral,0,-0.447,32,256,1,
s1144,FETUSDT,1780136100000,train,1,4.18,0.44,5.63,4.21,1.05,4.16,1.78,0.0,0.0,0.0,0,0.03,neutral,neutral,1,2.0,15,255,1,
s1145,ARUSDT,1780136100000,testB,-1,-3.46,0.664,4.18,3.88,0.98,-3.49,1.37,0.0,0.0,0.0,0,0.03,neutral,neutral,0,-1.0,31,255,1,
s1146,APEUSDT,1780136100000,testB,-1,-2.12,0.366,2.67,2.38,0.59,-2.15,0.93,0.0,0.0,0.0,0,0.03,neutral,neutral,0,0.273,32,255,0,
s1147,PENDLEUSDT,1780137000000,train,-1,-2.03,0.438,2.93,2.08,1.22,-1.99,0.49,0.0,0.0,0.0,0,-0.03,neutral,neutral,0,-0.657,32,257,0,
s1148,ARUSDT,1780137000000,testB,-1,-3.09,0.587,3.83,3.31,0.91,-3.05,0.99,0.0,0.0,0.0,0,-0.03,neutral,neutral,0,-1.0,29,256,0,
s1149,ARUSDT,1780137900000,testB,-1,-2.36,0.519,3.27,2.84,0.85,-2.44,0.82,0.0,0.0,0.0,0,0.09,neutral,neutral,0,-1.0,28,257,1,
s1150,ARUSDT,1780138800000,testB,-1,-2.94,0.636,3.29,3.07,0.73,-3.04,1.24,0.0,0.0,0.0,0,0.1,neutral,bajista,0,-1.0,27,258,2,
s1151,ARUSDT,1780139700000,testB,-1,-2.99,0.64,3.43,3.04,1.26,-3.03,1.41,0.0,0.0,0.0,0,0.04,neutral,bajista,0,-1.0,13,259,3,
s1152,WLDUSDT,1780140600000,train,1,2.25,0.384,2.94,2.27,1.54,2.07,0.76,0.0,0.0,0.0,0,0.18,neutral,neutral,1,2.0,9,261,1,
s1153,FETUSDT,1780140600000,train,1,6.6,0.534,6.38,6.27,1.64,6.42,4.26,0.0,0.0,0.0,0,0.18,neutral,alcista,0,0.448,32,260,2,train
s1154,ARUSDT,1780140600000,testB,-1,-2.33,0.579,3.08,2.69,1.44,-2.51,1.16,0.0,0.0,0.0,0,0.18,neutral,neutral,0,-1.0,12,260,0,
s1155,WLDUSDT,1780141500000,train,1,2.14,0.373,2.93,2.59,1.63,2.07,1.07,0.0,0.0,0.0,0,0.07,neutral,alcista,1,2.0,8,262,2,train
s1156,ARUSDT,1780141500000,testB,-1,-2.45,0.63,3.08,2.65,1.63,-2.53,1.05,0.0,0.0,0.0,0,0.07,neutral,neutral,0,-1.0,11,261,0,
s1157,WLDUSDT,1780142400000,train,1,2.07,0.365,2.62,2.26,1.12,2.01,1.03,0.0,0.0,0.0,0,0.06,neutral,alcista,1,2.0,7,263,3,train
s1158,FETUSDT,1780142400000,train,1,5.22,0.404,6.3,5.5,2.04,5.16,2.92,0.0,0.0,0.0,0,0.06,neutral,neutral,0,0.59,32,262,1,
s1159,ARUSDT,1780142400000,testB,-1,-2.37,0.596,3.03,2.42,1.75,-2.43,0.75,0.0,0.0,0.0,0,0.06,neutral,neutral,0,-1.0,10,262,0,
s1160,WLDUSDT,1780143300000,train,1,2.06,0.365,3.01,2.41,1.41,1.92,1.49,0.0,0.0,0.0,0,0.14,neutral,alcista,1,2.0,6,264,4,train
s1161,FETUSDT,1780143300000,train,1,7.52,0.501,7.41,7.26,2.47,7.39,4.6,0.0,0.0,0.0,0,0.14,neutral,alcista,0,0.289,32,263,2,train
s1162,WLDUSDT,1780144200000,train,1,2.72,0.433,4.02,3.47,1.77,2.51,2.29,0.0,0.0,0.0,0,0.21,neutral,alcista,1,2.0,7,265,5,train
s1163,FETUSDT,1780144200000,train,1,7.11,0.49,8.6,7.34,2.61,6.89,4.88,0.0,0.0,0.0,0,0.21,neutral,alcista,0,0.182,32,264,3,
s1164,WLDUSDT,1780145100000,train,1,3.03,0.479,4.05,3.62,2.15,2.8,2.2,0.0,0.0,0.0,0,0.23,neutral,alcista,1,2.0,6,266,6,
s1165,INJUSDT,1780145100000,train,1,4.27,0.395,4.68,4.22,0.94,4.04,2.14,0.0,0.0,0.0,0,0.23,neutral,neutral,0,-0.282,32,266,1,
s1166,FETUSDT,1780145100000,train,1,6.28,0.44,8.62,7.06,2.99,6.05,4.15,0.0,0.0,0.0,0,0.23,neutral,neutral,0,0.316,32,265,0,
s1167,WLDUSDT,1780146000000,train,1,2.59,0.383,4.1,3.21,2.14,2.33,1.52,0.0,0.0,0.0,0,0.26,neutral,neutral,1,2.0,4,267,0,
s1168,INJUSDT,1780146000000,train,1,4.73,0.422,5.55,5.31,1.19,4.48,3.06,0.0,0.0,0.0,0,0.26,neutral,alcista,0,-0.392,32,267,2,
s1169,SEIUSDT,1780146000000,train,1,2.2,0.524,2.89,2.81,0.82,1.94,1.35,0.0,0.0,0.0,0,0.26,neutral,alcista,0,0.519,32,267,2,
s1170,INJUSDT,1780146900000,train,1,4.35,0.381,5.56,5.05,1.34,4.06,2.54,0.0,0.0,0.0,0,0.29,neutral,neutral,0,-0.417,32,268,0,
s1171,WLDUSDT,1780147800000,train,1,4.01,0.543,4.31,4.25,1.47,3.77,2.22,0.0,0.0,0.0,0,0.25,neutral,neutral,1,2.0,6,269,1,
s1172,SEIUSDT,1780147800000,train,1,2.36,0.591,2.97,2.51,1.13,2.12,0.89,0.0,0.0,0.0,0,0.25,neutral,neutral,0,0.41,32,269,1,
s1173,SEIUSDT,1780148700000,train,1,3.82,0.701,4.13,3.98,2.09,3.51,2.25,0.0,0.0,0.0,0,0.31,neutral,alcista,0,-0.216,32,270,2,
s1174,GRTUSDT,1780148700000,testB,1,2.02,0.406,2.37,2.29,2.43,1.71,1.49,0.0,0.0,0.0,0,0.31,neutral,neutral,0,0.833,32,269,1,
s1175,WLDUSDT,1780149600000,train,1,7.64,0.546,9.11,7.13,4.34,7.22,4.28,0.0,0.0,0.0,0,0.42,neutral,neutral,1,2.0,19,271,0,
s1176,SEIUSDT,1780149600000,train,1,4.22,0.721,4.76,4.12,2.15,3.8,2.52,0.0,0.0,0.0,0,0.42,neutral,alcista,0,-0.498,32,271,3,
s1177,GRTUSDT,1780149600000,testB,1,2.65,0.479,3.53,2.85,3.77,2.23,1.81,0.0,0.0,0.0,0,0.42,neutral,alcista,0,0.253,32,270,2,
s1178,SEIUSDT,1780150500000,train,1,3.47,0.654,4.24,3.5,2.71,2.91,2.26,0.0,0.0,0.0,0,0.56,neutral,neutral,0,-0.616,32,272,0,
s1179,GRTUSDT,1780150500000,testB,1,3.34,0.538,3.72,3.65,3.08,2.78,2.45,0.0,0.0,0.0,0,0.56,neutral,alcista,0,-0.072,32,271,3,
s1180,SEIUSDT,1780151400000,train,1,2.7,0.488,4.22,2.99,2.85,2.2,1.56,0.0,0.0,0.0,0,0.5,neutral,neutral,0,-0.721,32,273,0,
s1181,GRTUSDT,1780151400000,testB,1,3.19,0.5,4.22,3.5,2.91,2.69,2.08,0.0,0.0,0.0,0,0.5,neutral,neutral,0,-0.226,32,272,0,
s1182,ASTERUSDT,1780152300000,train,1,2.65,0.529,3.29,3.25,5,2.27,2.43,0.0,0.0,0.0,0,0.39,neutral,alcista,1,2.0,17,274,3,
s1183,INJUSDT,1780152300000,train,1,4.81,0.417,6.24,6.17,1.47,4.43,2.81,0.0,0.0,0.0,0,0.39,neutral,alcista,0,-1.0,31,274,5,
s1184,SEIUSDT,1780152300000,train,1,2.85,0.501,4.21,3.29,1.94,2.46,1.67,0.0,0.0,0.0,0,0.39,neutral,neutral,0,-0.577,32,274,1,
s1185,GRTUSDT,1780152300000,testB,1,3.49,0.523,4.19,4.08,3.07,3.1,2.44,0.0,0.0,0.0,0,0.39,neutral,neutral,0,-0.312,32,273,1,
s1186,ASTERUSDT,1780153200000,train,1,3.22,0.618,4.62,3.6,5,2.66,2.49,0.0,0.0,0.0,0,0.57,neutral,alcista,1,2.0,24,275,4,
s1187,INJUSDT,1780153200000,train,1,6.18,0.566,6.08,5.93,1.0,5.61,2.82,0.0,0.0,0.0,0,0.57,neutral,alcista,0,-1.0,29,275,6,
s1188,SEIUSDT,1780153200000,train,1,3.03,0.534,4.2,3.37,1.71,2.47,1.51,0.0,0.0,0.0,0,0.57,neutral,alcista,0,-0.711,32,275,2,
s1189,ARUSDT,1780153200000,testB,1,2.12,0.374,3.51,2.79,1.71,1.55,1.41,0.0,0.0,0.0,0,0.57,neutral,neutral,0,0.273,32,274,0,
s1190,GRTUSDT,1780153200000,testB,1,5.37,0.683,5.61,5.46,2.52,4.8,3.53,0.0,0.0,0.0,0,0.57,neutral,alcista,0,-0.486,32,274,2,
s1191,ASTERUSDT,1780154100000,train,1,3.05,0.566,4.63,3.41,5,2.57,2.06,0.0,0.0,0.0,0,0.48,neutral,neutral,1,2.0,19,276,0,
s1192,INJUSDT,1780154100000,train,1,5.51,0.475,6.11,5.24,0.95,5.03,1.75,0.0,0.0,0.0,0,0.48,neutral,neutral,0,-1.0,28,276,0,
s1193,SEIUSDT,1780154100000,train,1,3.27,0.553,3.76,3.39,1.28,2.79,1.75,0.0,0.0,0.0,0,0.48,neutral,alcista,0,-0.809,32,276,3,
s1194,FETUSDT,1780154100000,train,1,8.51,0.491,9.72,7.92,1.13,8.03,3.26,0.0,0.0,0.0,0,0.48,neutral,neutral,0,-0.082,32,275,0,
s1195,ARUSDT,1780154100000,testB,1,2.47,0.463,3.51,2.79,1.74,1.99,1.25,0.0,0.0,0.0,0,0.48,neutral,neutral,0,0.53,32,275,0,
s1196,GRTUSDT,1780154100000,testB,1,4.49,0.511,5.68,4.37,2.42,4.01,2.11,0.0,0.0,0.0,0,0.48,neutral,neutral,0,-0.342,32,275,0,
s1197,AXSUSDT,1780154100000,testB,-1,-4.57,0.58,5.29,4.96,0.61,-5.05,1.13,0.0,0.0,0.0,0,0.48,neutral,neutral,0,0.3,32,275,1,
s1198,ASTERUSDT,1780155000000,train,1,3.24,0.58,4.62,3.62,5,2.9,2.04,0.0,0.0,0.0,0,0.33,neutral,neutral,1,2.0,22,277,1,
s1199,INJUSDT,1780155000000,train,1,4.68,0.433,5.51,4.6,0.8,4.35,1.62,0.0,0.0,0.0,0,0.33,neutral,neutral,0,-1.0,26,277,0,
s1200,AXSUSDT,1780155000000,testB,-1,-2.82,0.455,3.4,3.15,0.53,-3.15,1.38,0.0,0.0,0.0,0,0.33,neutral,bajista,0,0.447,32,276,2,
s1201,ASTERUSDT,1780155900000,train,1,3.4,0.593,4.93,4.08,5,2.96,2.3,0.0,0.0,0.0,0,0.44,neutral,alcista,1,2.0,22,278,2,
s1202,INJUSDT,1780155900000,train,1,4.81,0.44,5.64,5.18,0.8,4.37,2.19,0.0,0.0,0.0,0,0.44,neutral,neutral,0,-1.0,25,278,1,
s1203,GRTUSDT,1780155900000,testB,1,3.62,0.362,5.68,3.68,1.76,3.19,1.23,0.0,0.0,0.0,0,0.44,neutral,neutral,0,-0.163,32,277,1,
s1204,AXSUSDT,1780155900000,testB,-1,-2.03,0.352,3.39,2.98,0.73,-2.46,1.18,0.0,0.0,0.0,0,0.44,neutral,neutral,0,0.417,32,277,0,
s1205,ASTERUSDT,1780156800000,train,1,3.76,0.617,4.94,4.43,2.74,3.27,2.42,0.0,0.0,0.0,0,0.49,neutral,alcista,0,1.113,32,279,3,
s1206,GRTUSDT,1780156800000,testB,1,3.57,0.359,5.44,3.71,1.28,3.09,1.39,0.0,0.0,0.0,0,0.49,neutral,alcista,0,-0.263,32,278,2,
s1207,AXSUSDT,1780156800000,testB,-1,-2.74,0.548,3.39,2.98,0.76,-3.22,1.29,0.0,0.0,0.0,0,0.49,neutral,neutral,0,-0.333,32,278,0,
s1208,ASTERUSDT,1780157700000,train,1,3.72,0.602,4.97,3.95,1.99,3.37,1.72,0.0,0.0,0.0,0,0.35,neutral,neutral,1,2.0,20,280,0,
s1209,GRTUSDT,1780157700000,testB,1,3.53,0.357,5.21,3.6,0.98,3.18,1.3,0.0,0.0,0.0,0,0.35,neutral,alcista,0,-0.177,32,279,3,
s1210,AXSUSDT,1780157700000,testB,-1,-2.27,0.5,2.9,2.49,0.86,-2.62,0.95,0.0,0.0,0.0,0,0.35,neutral,neutral,0,-1.0,32,279,1,
s1211,ASTERUSDT,1780158600000,train,1,4.3,0.637,5.73,4.67,1.48,3.93,2.2,0.0,0.0,0.0,0,0.37,neutral,neutral,0,1.018,32,281,1,
s1212,GRTUSDT,1780158600000,testB,1,3.64,0.364,5.19,3.88,0.83,3.27,1.49,0.0,0.0,0.0,0,0.37,neutral,alcista,0,-0.394,32,280,4,
s1213,ASTERUSDT,1780159500000,train,1,4.39,0.642,5.71,4.97,1.1,4.07,2.28,0.0,0.0,0.0,0,0.32,neutral,alcista,0,0.6,32,282,2,
s1214,ASTERUSDT,1780160400000,train,1,5.63,0.702,6.08,6.06,1.1,5.4,3.18,0.0,0.0,0.0,0,0.23,neutral,alcista,0,0.264,32,283,3,
s1215,ASTERUSDT,1780161300000,train,1,6.5,0.803,6.71,6.44,1.36,6.29,3.23,0.0,0.0,0.0,0,0.21,neutral,alcista,0,0.376,32,284,4,
s1216,ASTERUSDT,1780162200000,train,1,6.98,0.823,6.74,6.59,1.29,6.7,3.26,0.0,0.0,0.0,0,0.27,neutral,alcista,0,0.107,32,285,5,
s1217,ASTERUSDT,1780163100000,train,1,6.26,0.713,6.68,6.05,1.33,6.02,2.5,0.0,0.0,0.0,0,0.24,neutral,neutral,0,0.258,32,286,0,
s1218,ARUSDT,1780163100000,testB,1,3.41,0.432,3.59,3.34,0.87,3.17,1.93,0.0,0.0,0.0,0,0.24,neutral,neutral,0,0.55,32,285,1,
s1219,ASTERUSDT,1780164000000,train,1,5.14,0.52,6.75,5.03,1.22,5.04,1.32,0.0,0.0,0.0,0,0.1,neutral,neutral,0,0.792,32,287,0,
s1220,ARUSDT,1780164000000,testB,1,3.82,0.461,4.87,4.3,1.81,3.71,2.79,0.0,0.0,0.0,0,0.1,neutral,alcista,0,0.154,32,286,2,
s1221,ASTERUSDT,1780164900000,train,1,4.98,0.514,5.89,4.78,0.83,5.08,1.75,0.0,0.0,0.0,0,-0.1,neutral,neutral,0,0.374,32,288,1,
s1222,ARUSDT,1780164900000,testB,1,3.74,0.446,4.89,3.9,2.27,3.84,2.16,0.0,0.0,0.0,0,-0.1,neutral,neutral,0,-0.096,32,287,0,
s1223,ASTERUSDT,1780165800000,train,1,5.69,0.548,5.83,5.75,0.65,5.56,2.49,0.0,0.0,0.0,0,0.13,neutral,alcista,0,0.379,32,289,2,
s1224,ONDOUSDT,1780165800000,train,1,2.35,0.391,3.37,3.31,1.57,2.22,2.39,0.0,0.0,0.0,0,0.13,neutral,neutral,1,2.0,15,288,1,
s1225,ARUSDT,1780165800000,testB,1,5.18,0.53,6.02,5.66,3.24,5.06,4.41,0.0,0.0,0.0,0,0.13,neutral,neutral,0,-0.607,32,288,1,
s1226,ASTERUSDT,1780166700000,train,1,4.88,0.514,5.33,5.32,0.6,4.73,3.11,0.0,0.0,0.0,0,0.14,neutral,alcista,0,0.176,32,290,3,
s1227,INJUSDT,1780166700000,train,-1,-3.16,0.38,4.49,3.91,0.53,-3.31,1.21,0.0,0.0,0.0,0,0.14,neutral,bajista,0,0.702,32,290,6,
s1228,ONDOUSDT,1780166700000,train,1,2.08,0.356,3.77,3.26,2.49,1.94,2.11,0.0,0.0,0.0,0,0.14,neutral,neutral,1,2.0,14,289,0,
s1229,FETUSDT,1780166700000,train,-1,-3.76,0.445,6.53,4.65,0.37,-3.91,0.53,0.0,0.0,0.0,0,0.14,neutral,neutral,0,-0.643,32,289,1,
s1230,ARUSDT,1780166700000,testB,1,4.86,0.516,6.33,5.88,3.38,4.72,4.1,0.0,0.0,0.0,0,0.14,neutral,alcista,0,-0.616,32,289,2,
s1231,ASTERUSDT,1780167600000,train,1,5.77,0.557,7.02,6.46,0.75,5.76,3.84,0.0,0.0,0.0,0,0.01,neutral,alcista,0,-0.178,32,291,4,
s1232,INJUSDT,1780167600000,train,-1,-3.63,0.441,4.5,4.12,0.47,-3.64,1.36,0.0,0.0,0.0,0,0.01,neutral,bajista,0,0.707,32,291,7,
s1233,ONDOUSDT,1780167600000,train,1,2.54,0.404,4.05,3.94,3.03,2.53,2.51,0.0,0.0,0.0,0,0.01,neutral,neutral,1,2.0,22,290,1,
s1234,FETUSDT,1780167600000,train,-1,-3.0,0.385,6.52,4.61,0.5,-3.01,0.43,0.0,0.0,0.0,0,0.01,neutral,neutral,0,-0.68,32,290,0,
s1235,GRTUSDT,1780167600000,testB,-1,-2.4,0.399,3.18,2.46,0.27,-2.41,0.26,0.0,0.0,0.0,0,0.01,neutral,neutral,0,0.323,32,290,1,
s1236,ASTERUSDT,1780168500000,train,1,4.39,0.373,6.68,4.6,1.03,4.32,2.02,0.0,0.0,0.0,0,0.07,neutral,neutral,0,0.594,32,292,0,
s1237,INJUSDT,1780168500000,train,-1,-3.18,0.406,5.17,4.37,0.67,-3.25,1.51,0.0,0.0,0.0,0,0.07,neutral,bajista,0,0.723,32,292,8,
s1238,ONDOUSDT,1780168500000,train,1,2.41,0.372,4.47,3.31,3.16,2.34,1.67,0.0,0.0,0.0,0,0.07,neutral,neutral,1,2.0,12,291,0,
s1239,FETUSDT,1780168500000,train,-1,-3.27,0.404,6.58,5.58,0.55,-3.34,1.2,0.0,0.0,0.0,0,0.07,neutral,neutral,0,-0.86,32,291,1,
s1240,INJUSDT,1780169400000,train,-1,-4.28,0.48,5.85,5.62,0.93,-4.49,2.5,0.0,0.0,0.0,0,0.21,neutral,bajista,0,0.385,32,293,8,
s1241,ONDOUSDT,1780169400000,train,1,3.12,0.538,4.47,3.31,2.17,2.92,1.48,0.0,0.0,0.0,0,0.21,neutral,neutral,1,2.0,11,292,0,
s1242,INJUSDT,1780170300000,train,-1,-4.34,0.494,5.82,5.02,0.92,-4.46,1.79,0.0,0.0,0.0,0,0.12,neutral,neutral,0,0.511,32,294,0,
s1243,ONDOUSDT,1780170300000,train,1,3.68,0.578,4.42,3.8,1.43,3.55,1.79,0.0,0.0,0.0,0,0.12,neutral,neutral,1,2.0,18,293,1,
s1244,ASTERUSDT,1780171200000,train,1,5.68,0.428,6.62,6.08,1.07,5.69,3.4,0.0,0.0,0.0,0,-0.01,neutral,alcista,0,0.002,32,295,2,
s1245,INJUSDT,1780171200000,train,-1,-2.66,0.37,4.95,4.37,1.0,-2.65,1.72,0.0,0.0,0.0,0,-0.01,neutral,neutral,0,0.599,32,295,1,
s1246,ONDOUSDT,1780171200000,train,1,3.37,0.558,4.42,3.88,1.01,3.38,1.77,0.0,0.0,0.0,0,-0.01,neutral,alcista,1,2.0,17,294,2,
s1247,ASTERUSDT,1780172100000,train,1,5.05,0.361,6.45,4.81,0.89,4.98,2.03,0.0,0.0,0.0,0,0.07,neutral,neutral,0,0.525,32,296,0,
s1248,ONDOUSDT,1780172100000,train,1,4.14,0.67,4.34,4.23,0.64,4.07,2.08,0.0,0.0,0.0,0,0.07,neutral,alcista,1,2.0,17,295,3,
s1249,ASTERUSDT,1780173000000,train,1,5.34,0.376,5.81,5.2,0.86,5.38,2.72,0.0,0.0,0.0,0,-0.03,neutral,neutral,0,0.093,32,297,1,
s1250,ONDOUSDT,1780173000000,train,1,4.35,0.68,4.72,4.44,0.71,4.38,2.08,0.0,0.0,0.0,0,-0.03,neutral,alcista,0,0.881,32,296,4,
s1251,ONDOUSDT,1780173900000,train,1,5.37,0.736,5.43,5.26,0.99,5.31,2.68,0.0,0.0,0.0,0,0.06,neutral,alcista,0,0.679,32,297,5,
s1252,ONDOUSDT,1780174800000,train,1,5.9,0.755,6.15,6.09,1.19,5.8,3.28,0.0,0.0,0.0,0,0.1,neutral,alcista,0,0.347,32,298,6,
s1253,ASTERUSDT,1780175700000,train,1,5.45,0.376,6.85,6.67,0.82,5.37,3.68,0.0,0.0,0.0,0,0.08,neutral,alcista,0,-0.454,32,300,2,
s1254,INJUSDT,1780175700000,train,-1,-3.13,0.385,4.39,3.31,0.54,-3.21,0.5,0.0,0.0,0.0,0,0.08,neutral,neutral,0,0.295,32,300,1,
s1255,ONDOUSDT,1780175700000,train,1,6.78,0.801,6.79,6.76,1.33,6.7,3.62,0.0,0.0,0.0,0,0.08,neutral,alcista,0,0.258,32,299,7,
s1256,PENDLEUSDT,1780176600000,train,1,3.04,0.387,3.39,3.01,0.91,2.99,0.95,0.0,0.0,0.0,0,0.05,neutral,alcista,0,0.77,32,301,2,
s1257,ONDOUSDT,1780176600000,train,1,8.04,0.847,7.82,7.5,1.73,7.99,4.26,0.0,0.0,0.0,0,0.05,neutral,alcista,0,0.032,32,300,8,
s1258,ONDOUSDT,1780177500000,train,1,7.78,0.843,8.19,7.35,1.9,7.82,3.89,0.0,0.0,0.0,0,-0.04,neutral,alcista,0,-0.103,32,301,8,
s1259,XPLUSDT,1780178400000,train,-1,-2.45,0.377,3.72,2.84,2.34,-2.3,1.72,0.0,0.0,0.0,0,-0.15,neutral,bajista,0,-1.0,25,303,2,
s1260,XPLUSDT,1780179300000,train,-1,-2.36,0.367,3.62,3.18,2.98,-2.27,1.88,0.0,0.0,0.0,0,-0.09,neutral,bajista,0,-1.0,24,304,3,
s1261,ONDOUSDT,1780179300000,train,1,8.1,0.761,8.41,7.5,2.33,8.19,3.66,0.0,0.0,0.0,0,-0.09,neutral,neutral,0,-0.196,32,303,0,
s1262,XPLUSDT,1780180200000,train,-1,-3.62,0.548,4.2,3.98,3.67,-3.24,2.5,0.0,0.0,0.0,0,-0.38,neutral,bajista,0,-1.0,23,305,4,
s1263,STBLUSDT,1780180200000,train,-1,-2.15,0.673,2.7,2.38,1.81,-1.76,1.34,0.0,0.0,0.0,0,-0.38,neutral,bajista,0,-1.0,28,305,4,
s1264,TIAUSDT,1780180200000,train,-1,-2.09,0.377,3.17,2.88,1.75,-1.71,1.58,0.0,0.0,0.0,0,-0.38,neutral,neutral,0,0.222,32,305,1,
s1265,SEIUSDT,1780180200000,train,-1,-2.98,0.643,3.42,3.39,1.22,-2.59,1.51,0.0,0.0,0.0,0,-0.38,neutral,bajista,0,-1.0,28,305,6,
s1266,ONDOUSDT,1780180200000,train,1,5.63,0.679,6.73,5.73,2.16,6.02,3.18,0.0,0.0,0.0,0,-0.38,neutral,neutral,0,-0.14,32,304,0,
s1267,ARUSDT,1780180200000,testB,-1,-4.36,0.545,5.58,5.28,0.54,-3.98,1.35,0.0,0.0,0.0,0,-0.38,neutral,neutral,0,0.816,32,304,1,
s1268,XPLUSDT,1780181100000,train,-1,-3.51,0.524,3.97,3.53,3.9,-3.3,2.09,0.0,0.0,0.0,0,-0.21,neutral,neutral,0,-1.0,22,306,0,
s1269,STBLUSDT,1780181100000,train,-1,-2.03,0.647,2.7,2.35,1.57,-1.81,1.19,0.0,0.0,0.0,0,-0.21,neutral,neutral,0,-1.0,27,306,0,
s1270,TIAUSDT,1780181100000,train,-1,-2.13,0.389,3.16,2.4,2.0,-1.92,1.04,0.0,0.0,0.0,0,-0.21,neutral,neutral,0,0.643,32,306,0,
s1271,SEIUSDT,1780181100000,train,-1,-2.19,0.44,3.31,2.67,1.3,-1.97,0.95,0.0,0.0,0.0,0,-0.21,neutral,neutral,0,-1.0,27,306,0,
s1272,PENDLEUSDT,1780181100000,train,-1,-2.41,0.382,3.14,2.86,2.49,-2.2,1.47,0.0,0.0,0.0,0,-0.21,neutral,neutral,0,-1.0,6,306,0,
s1273,ONDOUSDT,1780181100000,train,1,5.18,0.592,6.76,5.28,1.77,5.4,2.38,0.0,0.0,0.0,0,-0.21,neutral,neutral,0,-0.117,32,305,0,
s1274,ARUSDT,1780181100000,testB,-1,-3.91,0.464,5.16,4.15,0.59,-3.7,0.73,0.0,0.0,0.0,0,-0.21,neutral,neutral,0,1.404,32,305,0,
s1275,XPLUSDT,1780182000000,train,-1,-2.79,0.448,3.86,3.31,1.35,-2.54,1.72,0.0,0.0,0.0,0,-0.25,neutral,neutral,0,-1.0,21,307,0,
s1276,STBLUSDT,1780182000000,train,-1,-2.3,0.758,2.7,2.45,1.37,-2.05,1.14,0.0,0.0,0.0,0,-0.25,neutral,neutral,0,-1.0,26,307,1,
s1277,TIAUSDT,1780182000000,train,-1,-2.04,0.378,3.16,2.65,1.23,-1.79,1.13,0.0,0.0,0.0,0,-0.25,neutral,neutral,0,0.574,32,307,1,
s1278,SEIUSDT,1780182000000,train,-1,-2.4,0.463,3.32,3.11,0.76,-2.15,1.27,0.0,0.0,0.0,0,-0.25,neutral,neutral,0,-1.0,26,307,1,
s1279,ONDOUSDT,1780182000000,train,1,4.05,0.483,6.76,4.89,1.56,4.3,1.8,0.0,0.0,0.0,0,-0.25,neutral,neutral,0,-0.276,32,306,0,
s1280,ARUSDT,1780182000000,testB,-1,-2.78,0.378,3.91,3.07,0.61,-2.53,0.76,0.0,0.0,0.0,0,-0.25,neutral,neutral,0,-1.0,9,306,1,
s1281,XPLUSDT,1780182900000,train,-1,-2.26,0.382,3.85,3.19,0.99,-2.08,1.53,0.0,0.0,0.0,0,-0.18,neutral,neutral,0,-1.0,20,308,0,
s1282,STBLUSDT,1780182900000,train,-1,-2.7,0.786,2.87,2.77,1.52,-2.51,1.48,0.0,0.0,0.0,0,-0.18,neutral,bajista,0,-1.0,25,308,2,
s1283,SEIUSDT,1780182900000,train,-1,-2.13,0.416,2.77,2.45,0.68,-1.95,1.13,0.0,0.0,0.0,0,-0.18,neutral,neutral,0,-1.0,24,308,0,
s1284,ONDOUSDT,1780182900000,train,1,6.96,0.695,7.12,6.88,1.28,7.15,3.28,0.0,0.0,0.0,0,-0.18,neutral,neutral,0,-0.558,32,307,1,
s1285,XPLUSDT,1780183800000,train,-1,-2.58,0.414,3.87,3.54,0.68,-2.29,1.7,0.0,0.0,0.0,0,-0.3,neutral,neutral,0,-1.0,19,309,1,
s1286,STBLUSDT,1780183800000,train,-1,-2.25,0.753,3.12,2.71,1.9,-1.95,1.33,0.0,0.0,0.0,0,-0.3,neutral,neutral,0,-1.0,24,309,0,
s1287,ONDOUSDT,1780183800000,train,1,5.66,0.5,6.83,5.36,1.01,5.96,1.84,0.0,0.0,0.0,0,-0.3,neutral,neutral,0,-0.62,32,308,0,
s1288,STBLUSDT,1780184700000,train,-1,-2.18,0.717,3.11,2.45,2.0,-2.02,1.01,0.0,0.0,0.0,0,-0.17,neutral,neutral,0,-1.0,23,310,0,
s1289,ONDOUSDT,1780184700000,train,1,5.77,0.506,6.79,5.96,1.01,5.94,2.15,0.0,0.0,0.0,0,-0.17,neutral,neutral,0,-0.647,32,309,1,
s1290,XPLUSDT,1780185600000,train,-1,-2.26,0.356,3.85,2.97,0.67,-2.16,0.82,0.0,0.0,0.0,0,-0.1,neutral,neutral,0,-1.0,17,311,1,
s1291,ONDOUSDT,1780185600000,train,1,6.19,0.524,6.25,5.91,1.08,6.28,2.47,0.0,0.0,0.0,0,-0.1,neutral,alcista,0,-0.686,32,310,2,
s1292,ONDOUSDT,1780186500000,train,1,7.25,0.564,7.05,6.87,1.15,7.23,3.55,0.0,0.0,0.0,0,0.02,neutral,alcista,0,-0.726,32,311,3,
s1293,AXSUSDT,1780186500000,testB,1,3.06,0.359,5.46,5.06,5,3.04,3.21,0.0,0.0,0.0,0,0.02,neutral,alcista,0,-1.0,21,311,3,
s1294,XPLUSDT,1780187400000,train,-1,-2.35,0.379,3.72,2.52,0.78,-2.39,0.39,0.0,0.0,0.0,0,0.03,neutral,neutral,0,-1.0,15,313,1,
s1295,ONDOUSDT,1780187400000,train,1,8.52,0.604,8.01,7.93,1.4,8.49,4.44,0.0,0.0,0.0,0,0.03,neutral,alcista,0,-0.815,32,312,4,
s1296,AXSUSDT,1780187400000,testB,1,3.23,0.379,6.26,5.14,5,3.2,2.97,0.0,0.0,0.0,0,0.03,neutral,alcista,0,-1.0,20,312,4,
s1297,TIAUSDT,1780189200000,train,-1,-2.04,0.356,3.06,2.22,0.65,-2.25,0.39,0.0,0.0,0.0,0,0.22,neutral,neutral,0,1.198,32,315,1,
s1298,SEIUSDT,1780189200000,train,-1,-2.34,0.444,2.89,2.6,0.9,-2.56,0.71,0.0,0.0,0.0,0,0.22,neutral,bajista,0,-1.0,16,315,3,
s1299,SEIUSDT,1780190100000,train,-1,-2.17,0.417,2.55,2.22,0.94,-2.33,0.57,0.0,0.0,0.0,0,0.16,neutral,neutral,0,-1.0,14,316,0,
s1300,WLDUSDT,1780191900000,train,-1,-7.18,0.483,10.21,7.82,0.64,-7.27,2.2,0.0,0.0,0.0,0,0.09,neutral,bajista,0,0.09,32,318,2,
s1301,ARUSDT,1780192800000,testB,1,2.83,0.383,4.35,3.12,1.2,2.47,0.84,0.0,0.0,0.0,0,0.36,neutral,neutral,0,-1.0,6,318,0,
s1302,APEUSDT,1780193700000,testB,1,2.4,0.44,3.12,2.84,1.67,2.31,0.96,0.0,0.0,0.0,0,0.08,neutral,neutral,0,-0.425,32,319,1,
s1303,APEUSDT,1780194600000,testB,1,2.55,0.479,2.99,2.56,1.91,2.33,0.81,0.0,0.0,0.0,0,0.22,neutral,neutral,0,-0.417,32,320,0,
s1304,XPLUSDT,1780195500000,train,1,2.32,0.396,2.7,2.48,1.02,2.03,1.12,0.0,0.0,0.0,0,0.29,neutral,alcista,0,-0.261,32,322,2,
s1305,ENAUSDT,1780195500000,train,1,2.11,0.489,2.69,2.3,2.48,1.82,1.34,0.0,0.0,0.0,0,0.29,neutral,neutral,0,-0.029,32,322,1,
s1306,APEUSDT,1780195500000,testB,1,2.54,0.479,2.69,2.55,1.93,2.26,1.03,0.0,0.0,0.0,0,0.29,neutral,neutral,0,-0.417,32,321,1,
s1307,XPLUSDT,1780196400000,train,1,2.43,0.407,3.01,2.69,1.12,2.01,1.27,0.0,0.0,0.0,0,0.42,neutral,alcista,0,-0.32,32,323,3,
s1308,PUMPUSDT,1780196400000,train,1,2.31,0.506,2.76,2.43,1.25,1.89,1.11,0.0,0.0,0.0,0,0.42,neutral,alcista,0,-1.0,28,323,3,
s1309,ENAUSDT,1780196400000,train,1,2.16,0.505,2.69,2.27,2.52,1.74,1.19,0.0,0.0,0.0,0,0.42,neutral,neutral,0,-0.015,32,323,0,
s1310,APEUSDT,1780196400000,testB,1,2.54,0.479,2.62,2.55,1.47,2.12,1.02,0.0,0.0,0.0,0,0.42,neutral,alcista,0,-0.528,32,322,2,
s1311,XPLUSDT,1780197300000,train,1,2.31,0.396,3.01,2.69,1.02,1.83,1.25,0.0,0.0,0.0,0,0.48,neutral,neutral,0,-0.16,32,324,0,
s1312,ENAUSDT,1780197300000,train,1,3.34,0.613,3.87,3.48,2.82,2.86,2.27,0.0,0.0,0.0,0,0.48,neutral,neutral,0,-0.372,32,324,1,
s1313,XPLUSDT,1780198200000,train,1,2.21,0.37,2.92,2.16,1.09,1.72,0.71,0.0,0.0,0.0,0,0.49,neutral,neutral,0,-0.25,32,325,0,
s1314,PUMPUSDT,1780198200000,train,1,2.31,0.532,2.59,2.26,0.71,1.82,0.94,0.0,0.0,0.0,0,0.49,neutral,neutral,0,-1.0,25,325,1,
s1315,ENAUSDT,1780198200000,train,1,2.99,0.513,3.86,2.94,2.66,2.49,1.55,0.0,0.0,0.0,0,0.49,neutral,neutral,0,-0.247,32,325,0,
s1316,ENAUSDT,1780199100000,train,1,2.99,0.514,3.68,3.06,1.44,2.65,1.67,0.0,0.0,0.0,0,0.34,neutral,neutral,0,-0.388,32,326,1,
s1317,ENAUSDT,1780200000000,train,1,2.67,0.445,3.49,2.62,1.24,2.36,1.27,0.0,0.0,0.0,0,0.31,neutral,neutral,0,-0.239,32,327,0,
s1318,ARUSDT,1780200000000,testB,-1,-4.24,0.523,6.49,6.11,1.61,-4.55,2.8,0.0,0.0,0.0,0,0.31,neutral,bajista,0,0.648,32,326,5,
s1319,XPLUSDT,1780200900000,train,1,2.51,0.354,3.3,2.99,1.6,2.22,1.79,0.0,0.0,0.0,0,0.29,neutral,neutral,0,-1.0,17,328,1,
s1320,ENAUSDT,1780200900000,train,1,4.16,0.556,4.52,4.13,1.11,3.86,2.68,0.0,0.0,0.0,0,0.29,neutral,neutral,0,-0.514,32,328,1,
s1321,ARUSDT,1780200900000,testB,-1,-4.92,0.559,7.83,7.35,2.97,-5.22,3.66,0.0,0.0,0.0,0,0.29,neutral,bajista,0,0.355,32,327,6,
s1322,AXSUSDT,1780200900000,testB,-1,-3.94,0.653,6.1,5.43,0.14,-4.23,0.18,0.0,0.0,0.0,0,0.29,neutral,neutral,0,0.2,32,327,0,
s1323,XPLUSDT,1780201800000,train,1,2.96,0.415,3.94,3.19,2.08,2.62,1.72,0.0,0.0,0.0,0,0.34,neutral,alcista,0,-1.0,16,329,2,
s1324,ENAUSDT,1780201800000,train,1,4.56,0.579,4.73,4.43,1.08,4.23,2.75,0.0,0.0,0.0,0,0.34,neutral,alcista,0,-0.5,32,329,2,
s1325,ARUSDT,1780201800000,testB,-1,-4.43,0.489,7.8,6.94,2.76,-4.77,2.92,0.0,0.0,0.0,0,0.34,neutral,neutral,0,0.394,32,328,0,
s1326,AXSUSDT,1780201800000,testB,-1,-3.93,0.653,6.1,5.35,0.16,-4.27,0.13,0.0,0.0,0.0,0,0.34,neutral,neutral,0,0.188,32,328,0,
s1327,XPLUSDT,1780202700000,train,1,2.94,0.415,3.7,3.39,2.61,2.75,2.06,0.0,0.0,0.0,0,0.19,neutral,alcista,0,-1.0,10,330,3,
s1328,ENAUSDT,1780202700000,train,1,4.37,0.569,4.8,4.35,1.16,4.18,2.52,0.0,0.0,0.0,0,0.19,neutral,alcista,0,-0.543,32,330,3,
s1329,SEIUSDT,1780202700000,train,1,2.34,0.558,3.1,2.95,1.71,2.15,1.73,0.0,0.0,0.0,0,0.19,neutral,alcista,0,0.397,32,330,4,
s1330,ARUSDT,1780202700000,testB,-1,-4.48,0.491,7.81,7.07,2.72,-4.67,2.9,0.0,0.0,0.0,0,0.19,neutral,neutral,0,0.405,32,329,1,
s1331,SEIUSDT,1780203600000,train,1,2.37,0.569,3.23,2.92,1.13,2.33,1.5,0.0,0.0,0.0,0,0.04,neutral,neutral,0,0.497,32,331,0,
s1332,ARUSDT,1780203600000,testB,-1,-4.69,0.502,7.84,7.49,1.61,-4.74,2.92,0.0,0.0,0.0,0,0.04,neutral,bajista,0,0.331,32,330,2,
s1333,SEIUSDT,1780204500000,train,1,2.73,0.604,3.34,3.31,1.1,2.65,1.74,0.0,0.0,0.0,0,0.09,neutral,neutral,0,0.379,32,332,1,
s1334,ARUSDT,1780204500000,testB,-1,-6.48,0.888,7.84,7.49,0.59,-6.57,2.63,0.0,0.0,0.0,0,0.09,neutral,neutral,0,0.308,32,331,0,
s1335,SEIUSDT,1780205400000,train,1,2.58,0.552,4.23,3.14,1.53,2.54,1.44,0.0,0.0,0.0,0,0.05,neutral,neutral,0,0.245,32,333,0,
s1336,ARUSDT,1780205400000,testB,-1,-6.23,0.884,7.3,6.99,0.66,-6.27,2.61,0.0,0.0,0.0,0,0.05,neutral,neutral,0,0.344,32,332,1,
s1337,ENAUSDT,1780206300000,train,1,3.23,0.356,4.84,3.66,0.63,3.22,1.21,0.0,0.0,0.0,0,0.01,neutral,alcista,0,-0.516,32,334,3,
s1338,SEIUSDT,1780206300000,train,1,2.34,0.475,4.25,2.87,1.54,2.33,1.05,0.0,0.0,0.0,0,0.01,neutral,neutral,0,0.249,32,334,0,
s1339,ARUSDT,1780206300000,testB,-1,-6.32,0.885,7.66,7.22,0.89,-6.33,2.54,0.0,0.0,0.0,0,0.01,neutral,bajista,0,0.37,32,333,2,
s1340,ARUSDT,1780207200000,testB,-1,-7.06,0.896,7.99,7.55,1.08,-6.84,3.3,0.0,0.0,0.0,0,-0.22,neutral,bajista,0,0.357,32,334,3,
s1341,SEIUSDT,1780208100000,train,1,2.2,0.49,4.27,2.36,1.93,2.11,0.4,0.0,0.0,0.0,0,0.08,neutral,neutral,0,-0.639,32,336,0,
s1342,ARUSDT,1780208100000,testB,-1,-5.87,0.876,6.59,6.32,1.09,-5.95,3.07,0.0,0.0,0.0,0,0.08,neutral,bajista,0,0.483,32,335,4,
s1343,SEIUSDT,1780209000000,train,1,2.24,0.495,4.13,2.33,1.26,2.12,0.46,0.0,0.0,0.0,0,0.12,neutral,neutral,0,-0.692,32,337,1,
s1344,ARUSDT,1780209000000,testB,-1,-5.23,0.817,6.31,5.87,0.99,-5.35,2.62,0.0,0.0,0.0,0,0.12,neutral,neutral,0,0.541,32,336,0,
s1345,ARUSDT,1780209900000,testB,-1,-6.11,0.849,6.86,6.64,1.0,-6.05,3.15,0.0,0.0,0.0,0,-0.06,neutral,neutral,0,0.309,32,337,1,
s1346,AXSUSDT,1780209900000,testB,-1,-2.0,0.667,2.55,2.21,0.7,-1.95,0.95,0.0,0.0,0.0,0,-0.06,neutral,neutral,0,0.769,32,337,1,
s1347,FETUSDT,1780210800000,train,-1,-4.75,0.404,7.39,6.34,0.88,-4.49,2.11,0.0,0.0,0.0,0,-0.26,neutral,neutral,0,-0.018,32,338,1,
s1348,ARUSDT,1780210800000,testB,-1,-6.25,0.851,7.2,7.11,0.8,-5.99,3.05,0.0,0.0,0.0,0,-0.26,neutral,bajista,0,0.164,32,338,2,
s1349,AXSUSDT,1780210800000,testB,-1,-2.0,0.667,2.56,2.3,0.69,-1.74,0.96,0.0,0.0,0.0,0,-0.26,neutral,neutral,0,0.593,32,338,0,
s1350,TIAUSDT,1780211700000,train,-1,-2.18,0.567,2.98,2.3,2.11,-1.76,1.18,0.0,0.0,0.0,0,-0.42,neutral,bajista,0,0.261,32,340,3,
s1351,FETUSDT,1780211700000,train,-1,-5.5,0.495,7.4,6.46,0.61,-5.08,2.07,0.0,0.0,0.0,0,-0.42,neutral,bajista,0,-0.128,32,339,2,
s1352,ARUSDT,1780211700000,testB,-1,-6.13,0.83,6.75,6.48,0.79,-5.7,2.62,0.0,0.0,0.0,0,-0.42,neutral,neutral,0,0.048,32,339,0,
s1353,AXSUSDT,1780211700000,testB,-1,-2.5,0.75,3.08,2.74,1.05,-2.08,1.25,0.0,0.0,0.0,0,-0.42,neutral,neutral,0,0.219,32,339,1,
s1354,STBLUSDT,1780212600000,train,-1,-2.05,0.673,3.67,3.45,1.32,-1.63,1.32,0.0,0.0,0.0,0,-0.42,neutral,bajista,0,-1.0,7,341,3,
s1355,TIAUSDT,1780212600000,train,-1,-2.13,0.561,2.98,2.43,2.35,-1.72,1.26,0.0,0.0,0.0,0,-0.42,neutral,bajista,0,0.505,32,341,4,
s1356,ONDOUSDT,1780212600000,train,-1,-3.68,0.385,4.77,4.54,1.74,-3.27,1.99,0.0,0.0,0.0,0,-0.42,neutral,bajista,0,0.116,32,340,4,
s1357,ARUSDT,1780212600000,testB,-1,-5.36,0.77,6.56,5.89,0.94,-4.95,2.23,0.0,0.0,0.0,0,-0.42,neutral,neutral,0,0.212,32,340,0,
s1358,AXSUSDT,1780212600000,testB,-1,-2.1,0.714,2.91,2.74,1.24,-1.68,1.31,0.0,0.0,0.0,0,-0.42,neutral,bajista,0,0.25,32,340,2,
s1359,STBLUSDT,1780213500000,train,-1,-2.2,0.732,3.71,3.52,1.41,-1.83,1.26,0.0,0.0,0.0,0,-0.37,neutral,bajista,0,-1.0,6,342,4,
s1360,TIAUSDT,1780213500000,train,-1,-2.02,0.547,2.73,2.21,2.49,-1.65,1.15,0.0,0.0,0.0,0,-0.37,neutral,bajista,0,0.591,32,342,5,
s1361,ONDOUSDT,1780213500000,train,-1,-3.96,0.429,4.79,4.46,1.58,-3.59,1.78,0.0,0.0,0.0,0,-0.37,neutral,neutral,0,0.106,32,341,0,
s1362,FETUSDT,1780213500000,train,-1,-3.84,0.407,7.35,5.67,0.6,-3.47,1.31,0.0,0.0,0.0,0,-0.37,neutral,neutral,0,0.191,32,341,0,
s1363,ARUSDT,1780213500000,testB,-1,-5.2,0.745,6.55,5.8,0.76,-4.83,1.9,0.0,0.0,0.0,0,-0.37,neutral,neutral,0,0.231,32,341,0,
s1364,AXSUSDT,1780213500000,testB,-1,-2.51,0.789,3.1,3.1,1.4,-2.14,1.48,0.0,0.0,0.0,0,-0.37,neutral,bajista,0,0.139,32,341,3,
s1365,FETUSDT,1780214400000,train,-1,-4.35,0.484,7.35,5.75,0.52,-4.08,1.35,0.0,0.0,0.0,0,-0.27,neutral,neutral,0,0.214,32,342,1,
s1366,ARUSDT,1780214400000,testB,-1,-3.91,0.684,4.52,4.16,0.68,-3.64,2.07,0.0,0.0,0.0,0,-0.27,neutral,neutral,0,0.387,32,342,1,
s1367,AXSUSDT,1780214400000,testB,-1,-2.51,0.789,3.18,3.1,1.33,-2.24,1.35,0.0,0.0,0.0,0,-0.27,neutral,bajista,0,0.139,32,342,4,
s1368,XPLUSDT,1780215300000,train,-1,-2.45,0.434,4.04,3.61,0.46,-2.16,0.82,0.0,0.0,0.0,0,-0.29,neutral,neutral,0,0.636,32,344,0,
s1369,FETUSDT,1780215300000,train,-1,-3.92,0.456,5.5,4.23,0.52,-3.63,1.28,0.0,0.0,0.0,0,-0.29,neutral,bajista,0,0.027,32,343,2,
s1370,ARUSDT,1780215300000,testB,-1,-2.26,0.441,3.83,2.94,0.75,-1.97,1.31,0.0,0.0,0.0,0,-0.29,neutral,neutral,0,0.667,32,343,0,
s1371,AXSUSDT,1780215300000,testB,-1,-2.34,0.7,3.17,2.65,0.99,-2.05,0.76,0.0,0.0,0.0,0,-0.29,neutral,neutral,0,0.419,32,343,0,
s1372,XPLUSDT,1780216200000,train,-1,-2.98,0.519,4.5,3.95,0.6,-2.56,1.1,0.0,0.0,0.0,0,-0.42,neutral,neutral,0,0.639,32,345,1,
s1373,ENAUSDT,1780216200000,train,-1,-2.67,0.485,3.81,3.25,0.6,-2.25,0.66,0.0,0.0,0.0,0,-0.42,neutral,neutral,0,1.113,32,345,1,
s1374,OPUSDT,1780216200000,train,-1,-2.06,0.641,2.61,2.35,0.93,-1.64,0.9,0.0,0.0,0.0,0,-0.42,neutral,neutral,0,1.0,32,345,1,
s1375,TIAUSDT,1780216200000,train,-1,-2.11,0.478,2.59,2.16,0.7,-1.69,1.0,0.0,0.0,0.0,0,-0.42,neutral,neutral,0,1.023,32,345,1,
s1376,FETUSDT,1780216200000,train,-1,-2.97,0.35,5.48,3.8,0.52,-2.55,0.9,0.0,0.0,0.0,0,-0.42,neutral,neutral,0,0.333,32,344,0,
s1377,ARUSDT,1780216200000,testB,-1,-3.12,0.6,3.85,3.45,0.7,-2.7,1.62,0.0,0.0,0.0,0,-0.42,neutral,neutral,0,0.506,32,344,1,
s1378,AXSUSDT,1780216200000,testB,-1,-2.26,0.659,3.08,2.39,0.84,-1.83,0.55,0.0,0.0,0.0,0,-0.42,neutral,neutral,0,0.786,32,344,0,
s1379,XPLUSDT,1780217100000,train,-1,-2.96,0.519,4.47,3.38,0.81,-2.65,0.43,0.0,0.0,0.0,0,-0.31,neutral,neutral,0,1.032,32,346,0,
s1380,WLDUSDT,1780217100000,train,-1,-2.93,0.451,4.08,3.02,1.15,-2.62,0.76,0.0,0.0,0.0,0,-0.31,neutral,neutral,1,2.0,22,346,0,
s1381,ENAUSDT,1780217100000,train,-1,-2.48,0.437,3.51,2.72,0.57,-2.17,0.35,0.0,0.0,0.0,0,-0.31,neutral,neutral,0,1.423,32,346,0,
s1382,ARBUSDT,1780217100000,train,-1,-2.1,0.733,2.63,2.14,1.0,-1.78,0.69,0.0,0.0,0.0,0,-0.31,neutral,neutral,0,0.955,32,346,0,
s1383,OPUSDT,1780217100000,train,-1,-2.14,0.684,2.6,2.27,0.88,-1.82,0.73,0.0,0.0,0.0,0,-0.31,neutral,neutral,0,1.111,32,346,0,
s1384,SEIUSDT,1780217100000,train,-1,-2.02,0.519,3.83,3.38,1.0,-1.71,0.66,0.0,0.0,0.0,0,-0.31,neutral,bajista,0,-1.0,10,346,3,
s1385,PENDLEUSDT,1780217100000,train,-1,-2.35,0.437,4.36,3.89,0.96,-2.04,1.01,0.0,0.0,0.0,0,-0.31,neutral,neutral,0,0.419,32,346,1,
s1386,ONDOUSDT,1780217100000,train,-1,-3.1,0.439,4.58,3.7,0.93,-2.79,1.02,0.0,0.0,0.0,0,-0.31,neutral,bajista,0,0.47,32,345,2,
s1387,FETUSDT,1780217100000,train,-1,-3.57,0.414,5.5,4.23,0.52,-3.26,1.24,0.0,0.0,0.0,0,-0.31,neutral,neutral,0,0.504,32,345,1,
s1388,ARUSDT,1780217100000,testB,-1,-2.95,0.576,3.89,3.4,0.68,-2.64,1.18,0.0,0.0,0.0,0,-0.31,neutral,neutral,0,0.553,32,345,0,
s1389,AXSUSDT,1780217100000,testB,-1,-2.17,0.65,2.99,2.31,0.9,-1.86,0.5,0.0,0.0,0.0,0,-0.31,neutral,neutral,0,0.667,32,345,0,
s1390,XPLUSDT,1780218000000,train,-1,-2.03,0.422,3.17,2.3,1.01,-1.66,0.79,0.0,0.0,0.0,0,-0.37,neutral,neutral,0,1.476,32,347,1,
s1391,WLDUSDT,1780218000000,train,-1,-2.87,0.444,4.0,3.73,1.13,-2.49,1.4,0.0,0.0,0.0,0,-0.37,neutral,neutral,0,0.696,32,347,1,
s1392,ARBUSDT,1780218000000,train,-1,-2.01,0.724,2.53,2.24,1.04,-1.63,0.83,0.0,0.0,0.0,0,-0.37,neutral,neutral,0,0.826,32,347,1,
s1393,PENDLEUSDT,1780218000000,train,-1,-3.03,0.5,4.84,4.79,1.0,-2.66,1.69,0.0,0.0,0.0,0,-0.37,neutral,bajista,0,0.328,32,347,2,
s1394,ONDOUSDT,1780218000000,train,-1,-2.8,0.413,4.07,3.4,0.95,-2.42,1.23,0.0,0.0,0.0,0,-0.37,neutral,bajista,0,0.496,32,346,3,
s1395,FETUSDT,1780218000000,train,-1,-3.42,0.391,5.22,3.54,0.52,-3.05,0.65,0.0,0.0,0.0,0,-0.37,neutral,neutral,0,0.611,32,346,0,
s1396,ARUSDT,1780218000000,testB,-1,-2.57,0.541,3.44,2.95,0.69,-2.2,0.91,0.0,0.0,0.0,0,-0.37,neutral,neutral,0,0.591,32,346,0,
s1397,PENDLEUSDT,1780218900000,train,-1,-3.42,0.61,4.39,3.84,1.46,-3.13,1.23,0.0,0.0,0.0,0,-0.28,neutral,neutral,0,0.293,32,348,0,
s1398,ONDOUSDT,1780218900000,train,-1,-3.0,0.459,3.98,3.18,0.93,-2.72,0.93,0.0,0.0,0.0,0,-0.28,neutral,neutral,0,0.47,32,347,0,
s1399,ARUSDT,1780218900000,testB,-1,-2.31,0.461,3.43,2.68,0.5,-2.03,0.64,0.0,0.0,0.0,0,-0.28,neutral,neutral,0,0.617,32,347,0,
s1400,PENDLEUSDT,1780219800000,train,-1,-2.85,0.498,3.85,2.96,1.43,-2.68,0.87,0.0,0.0,0.0,0,-0.17,neutral,neutral,0,0.341,32,349,0,
s1401,ARUSDT,1780219800000,testB,-1,-2.14,0.441,2.95,2.28,0.51,-1.97,0.64,0.0,0.0,0.0,0,-0.17,neutral,neutral,0,0.608,32,348,1,
s1402,ENAUSDT,1780220700000,train,-1,-2.27,0.465,2.74,2.41,0.58,-1.98,0.72,0.0,0.0,0.0,0,-0.29,neutral,neutral,0,1.175,32,350,1,
s1403,PENDLEUSDT,1780220700000,train,-1,-3.47,0.547,4.32,3.69,1.77,-3.18,1.46,0.0,0.0,0.0,0,-0.29,neutral,neutral,0,0.045,32,350,1,
s1404,ARUSDT,1780220700000,testB,-1,-2.23,0.451,2.6,2.24,0.41,-1.94,0.81,0.0,0.0,0.0,0,-0.29,neutral,bajista,0,0.54,32,349,2,
s1405,PENDLEUSDT,1780221600000,train,-1,-2.32,0.401,4.03,3.12,1.61,-2.12,1.18,0.0,0.0,0.0,0,-0.19,neutral,neutral,0,0.189,32,351,0,
s1406,PENDLEUSDT,1780222500000,train,-1,-2.28,0.392,4.03,2.99,1.19,-1.99,0.92,0.0,0.0,0.0,0,-0.29,neutral,neutral,0,0.142,32,352,0,
s1407,WLDUSDT,1780223400000,train,-1,-2.93,0.376,5.17,3.51,2.01,-2.64,2.04,0.0,0.0,0.0,0,-0.3,neutral,bajista,0,-0.293,32,353,4,
s1408,ASTERUSDT,1780224300000,train,-1,-4.74,0.54,6.63,5.36,0.43,-4.54,1.06,0.0,0.0,0.0,0,-0.2,neutral,neutral,0,0.426,32,354,0,
s1409,ASTERUSDT,1780225200000,train,-1,-3.32,0.406,5.13,3.45,0.33,-3.25,0.56,0.0,0.0,0.0,0,-0.07,neutral,neutral,0,0.957,32,355,0,
s1410,SEIUSDT,1780225200000,train,1,2.85,0.368,3.68,3.65,1.84,2.92,2.16,0.0,0.0,0.0,0,-0.07,neutral,alcista,0,-1.0,14,355,3,
s1411,SEIUSDT,1780226100000,train,1,3.18,0.427,4.18,3.62,2.02,3.07,1.91,0.0,0.0,0.0,0,0.11,neutral,neutral,0,-1.0,13,356,0,
s1412,SEIUSDT,1780227900000,train,1,2.94,0.365,4.19,3.31,2.17,2.83,1.45,0.0,0.0,0.0,0,0.11,neutral,neutral,0,-1.0,11,358,1,
s1413,SEIUSDT,1780228800000,train,1,2.9,0.362,4.18,3.63,1.29,2.88,1.67,0.0,0.0,0.0,0,0.02,neutral,alcista,0,-1.0,10,359,2,
s1414,SEIUSDT,1780229700000,train,1,3.59,0.423,4.39,4.18,0.97,3.64,2.05,0.0,0.0,0.0,0,-0.05,neutral,alcista,0,-1.0,9,360,3,
s1415,SEIUSDT,1780230600000,train,1,4.37,0.479,5.09,4.82,1.17,4.24,2.46,0.0,0.0,0.0,0,0.13,neutral,alcista,0,-1.0,8,361,4,
s1416,STXUSDT,1780232400000,testB,1,2.28,0.57,3.28,2.56,5,2.21,1.46,0.0,0.0,0.0,0,0.06,neutral,neutral,0,-1.0,13,362,1,
s1417,WLDUSDT,1780235100000,train,-1,-3.05,0.395,3.82,3.24,0.87,-3.09,1.68,0.0,0.0,0.0,0,0.04,neutral,bajista,0,-1.0,6,366,3,
s1418,WLDUSDT,1780236000000,train,-1,-4.28,0.477,4.87,4.44,1.59,-4.09,3.03,0.0,0.0,0.0,0,-0.18,neutral,bajista,0,-1.0,5,367,4,
s1419,ASTERUSDT,1780236900000,train,-1,-2.07,0.374,4.72,3.74,4.69,-1.77,2.18,0.0,0.0,0.0,0,-0.3,neutral,bajista,0,-0.16,32,368,2,
s1420,WLDUSDT,1780236900000,train,-1,-3.49,0.423,6.48,4.39,2.43,-3.19,3.03,0.0,0.0,0.0,0,-0.3,neutral,bajista,0,-1.0,4,368,5,
s1421,ENAUSDT,1780236900000,train,-1,-2.2,0.365,4.98,4.12,5,-1.91,2.71,0.0,0.0,0.0,0,-0.3,neutral,bajista,0,-0.183,32,368,4,
s1422,ASTERUSDT,1780237800000,train,-1,-2.0,0.365,4.72,3.72,4.64,-1.68,1.71,0.0,0.0,0.0,0,-0.32,neutral,neutral,0,-0.209,32,369,0,
s1423,WLDUSDT,1780237800000,train,-1,-3.05,0.39,6.48,4.52,2.65,-2.73,2.82,0.0,0.0,0.0,0,-0.32,neutral,bajista,0,-1.0,3,369,6,
s1424,ENAUSDT,1780237800000,train,-1,-2.28,0.383,4.97,3.93,5,-1.96,2.21,0.0,0.0,0.0,0,-0.32,neutral,neutral,0,-0.23,32,369,0,
s1425,ONDOUSDT,1780237800000,train,-1,-2.26,0.363,4.02,3.38,1.3,-1.94,0.92,0.0,0.0,0.0,0,-0.32,neutral,neutral,0,-0.8,32,368,1,
s1426,APEUSDT,1780237800000,testB,-1,-2.3,0.444,4.19,3.82,4.33,-1.98,2.26,0.0,0.0,0.0,0,-0.32,neutral,bajista,0,-0.462,32,368,5,
s1427,XPLUSDT,1780238700000,train,-1,-2.82,0.52,4.47,3.46,4.47,-2.42,1.84,0.0,0.0,0.0,0,-0.41,neutral,neutral,0,-0.161,32,370,1,
s1428,WLDUSDT,1780238700000,train,-1,-4.59,0.573,6.54,5.51,3.34,-4.19,3.35,0.0,0.0,0.0,0,-0.41,neutral,bajista,0,-1.0,2,370,7,
s1429,ENAUSDT,1780238700000,train,-1,-2.68,0.487,4.97,3.9,5,-2.27,1.96,0.0,0.0,0.0,0,-0.41,neutral,neutral,0,-0.251,32,370,0,
s1430,ONDOUSDT,1780238700000,train,-1,-2.27,0.369,4.01,2.97,1.3,-1.87,0.53,0.0,0.0,0.0,0,-0.41,neutral,neutral,0,-0.689,32,369,0,
s1431,MANAUSDT,1780238700000,testB,-1,-2.02,0.895,2.54,2.42,4.17,-1.61,1.36,0.0,0.0,0.0,0,-0.41,neutral,bajista,0,-1.0,29,369,4,
s1432,APEUSDT,1780238700000,testB,-1,-2.22,0.425,4.18,3.44,4.81,-1.81,1.77,0.0,0.0,0.0,0,-0.41,neutral,neutral,0,-0.447,32,369,0,
s1433,XPLUSDT,1780239600000,train,-1,-2.39,0.407,4.45,3.0,3.07,-2.07,1.17,0.0,0.0,0.0,0,-0.32,neutral,neutral,0,-0.074,32,371,0,
s1434,WLDUSDT,1780239600000,train,-1,-4.4,0.538,6.51,5.01,2.19,-4.08,2.47,0.0,0.0,0.0,0,-0.32,neutral,neutral,0,-1.0,1,371,0,
s1435,ENAUSDT,1780239600000,train,-1,-2.31,0.394,4.95,3.51,3.42,-1.99,1.39,0.0,0.0,0.0,0,-0.32,neutral,neutral,0,-0.136,32,371,0,
s1436,SEIUSDT,1780239600000,train,-1,-3.15,0.394,5.45,4.81,1.38,-2.83,1.51,0.0,0.0,0.0,0,-0.32,neutral,neutral,0,-0.66,32,371,0,
s1437,APEUSDT,1780239600000,testB,-1,-2.01,0.4,4.18,3.44,3.64,-1.69,1.57,0.0,0.0,0.0,0,-0.32,neutral,neutral,0,-0.489,32,370,0,
s1438,APEUSDT,1780241400000,testB,-1,-2.15,0.366,4.17,3.37,0.83,-1.71,1.32,0.0,0.0,0.0,0,-0.44,neutral,neutral,0,-0.435,32,372,1,
s1439,INJUSDT,1780242300000,train,-1,-4.94,0.507,6.55,6.02,0.71,-4.54,1.82,0.0,0.0,0.0,0,-0.41,neutral,bajista,0,-0.444,32,374,2,
s1440,APEUSDT,1780242300000,testB,-1,-2.7,0.514,4.17,3.29,0.61,-2.3,1.1,0.0,0.0,0.0,0,-0.41,neutral,neutral,0,-0.556,32,373,0,
s1441,XPLUSDT,1780243200000,train,-1,-2.51,0.377,4.47,3.46,0.87,-2.09,1.44,0.0,0.0,0.0,0,-0.41,neutral,neutral,0,-0.097,32,375,1,
s1442,ENAUSDT,1780243200000,train,-1,-2.92,0.419,4.97,3.98,0.46,-2.5,1.45,0.0,0.0,0.0,0,-0.41,neutral,bajista,0,-0.313,32,375,3,
s1443,ARBUSDT,1780243200000,train,-1,-2.14,0.55,3.27,2.68,0.7,-1.72,1.06,0.0,0.0,0.0,0,-0.41,neutral,bajista,0,-1.0,27,375,3,
s1444,INJUSDT,1780243200000,train,-1,-3.74,0.434,5.0,4.49,0.93,-3.32,1.72,0.0,0.0,0.0,0,-0.41,neutral,bajista,0,-0.605,32,375,3,
s1445,SEIUSDT,1780243200000,train,-1,-3.63,0.411,5.54,5.35,0.48,-3.22,1.84,0.0,0.0,0.0,0,-0.41,neutral,bajista,0,-0.901,32,375,3,
s1446,APEUSDT,1780243200000,testB,-1,-3.2,0.556,4.19,3.82,0.7,-2.79,1.49,0.0,0.0,0.0,0,-0.41,neutral,neutral,0,-0.635,32,374,1,
s1447,ASTERUSDT,1780244100000,train,-1,-2.34,0.352,4.72,3.59,0.56,-1.89,1.2,0.0,0.0,0.0,0,-0.45,neutral,bajista,0,-0.29,32,376,2,
s1448,XPLUSDT,1780244100000,train,-1,-2.83,0.433,4.47,3.58,1.0,-2.37,1.33,0.0,0.0,0.0,0,-0.45,neutral,bajista,0,-0.281,32,376,2,
s1449,ENAUSDT,1780244100000,train,-1,-3.25,0.461,4.98,4.2,0.44,-2.79,1.52,0.0,0.0,0.0,0,-0.45,neutral,bajista,0,-0.436,32,376,4,
s1450,ARBUSDT,1780244100000,train,-1,-2.23,0.561,3.28,2.78,0.72,-1.78,1.04,0.0,0.0,0.0,0,-0.45,neutral,neutral,0,-1.0,26,376,0,
s1451,OPUSDT,1780244100000,train,-1,-2.01,0.4,3.25,2.65,1.02,-1.56,0.94,0.0,0.0,0.0,0,-0.45,neutral,bajista,0,-0.71,32,376,4,
s1452,TIAUSDT,1780244100000,train,-1,-2.18,0.405,3.22,2.74,0.85,-1.72,1.18,0.0,0.0,0.0,0,-0.45,neutral,bajista,0,-1.0,26,376,4,
s1453,SEIUSDT,1780244100000,train,-1,-4.47,0.525,6.07,5.67,0.54,-4.02,1.86,0.0,0.0,0.0,0,-0.45,neutral,bajista,0,-0.93,32,376,4,
s1454,SANDUSDT,1780244100000,testB,-1,-2.13,0.542,3.03,2.78,0.54,-1.67,0.96,0.0,0.0,0.0,0,-0.45,neutral,bajista,0,-1.0,31,375,4,
s1455,MANAUSDT,1780244100000,testB,-1,-2.14,0.563,2.42,2.3,0.57,-1.68,1.03,0.0,0.0,0.0,0,-0.45,neutral,bajista,0,-1.0,23,375,2,
s1456,AXSUSDT,1780244100000,testB,-1,-2.37,0.56,3.12,2.77,0.81,-1.91,0.93,0.0,0.0,0.0,0,-0.45,neutral,neutral,0,-1.0,27,375,1,
s1457,APEUSDT,1780244100000,testB,-1,-3.2,0.556,4.7,3.75,0.87,-2.75,1.28,0.0,0.0,0.0,0,-0.45,neutral,neutral,0,-0.745,32,375,0,
s1458,ASTERUSDT,1780245000000,train,-1,-4.06,0.508,5.47,5.24,1.01,-3.4,2.52,0.0,0.0,0.0,0,-0.66,neutral,bajista,0,-0.573,32,377,3,
s1459,XPLUSDT,1780245000000,train,-1,-3.58,0.524,4.61,4.16,0.97,-2.92,1.7,0.0,0.0,0.0,0,-0.66,neutral,bajista,0,-0.297,32,377,3,
s1460,PUMPUSDT,1780245000000,train,-1,-2.84,0.614,3.5,3.27,0.97,-2.19,1.4,0.0,0.0,0.0,0,-0.66,neutral,bajista,0,-1.0,25,377,5,
s1461,0GUSDT,1780245000000,train,-1,-2.26,0.725,2.43,2.31,1.36,-1.6,1.11,0.0,0.0,0.0,0,-0.66,neutral,bajista,0,-1.0,30,377,5,
s1462,ENAUSDT,1780245000000,train,-1,-4.06,0.563,5.08,4.77,0.51,-3.41,1.83,0.0,0.0,0.0,0,-0.66,neutral,bajista,0,-0.502,32,377,5,
s1463,ARBUSDT,1780245000000,train,-1,-2.32,0.6,3.37,2.58,0.85,-1.67,0.76,0.0,0.0,0.0,0,-0.66,neutral,neutral,0,-1.0,25,377,0,
s1464,OPUSDT,1780245000000,train,-1,-2.84,0.531,3.44,3.27,1.11,-2.19,1.39,0.0,0.0,0.0,0,-0.66,neutral,bajista,0,-0.737,32,377,5,
s1465,INJUSDT,1780245000000,train,-1,-4.22,0.541,5.15,4.58,1.16,-3.56,1.84,0.0,0.0,0.0,0,-0.66,neutral,neutral,0,-1.0,26,377,1,
s1466,SUIUSDT,1780245000000,train,-1,-3.76,0.578,6.95,4.15,0.73,-3.1,1.66,0.0,0.0,0.0,0,-0.66,neutral,bajista,0,-0.767,32,377,3,
s1467,TIAUSDT,1780245000000,train,-1,-2.84,0.518,3.57,3.16,0.88,-2.19,1.44,0.0,0.0,0.0,0,-0.66,neutral,bajista,0,-1.0,25,377,5,
s1468,SEIUSDT,1780245000000,train,-1,-5.5,0.671,6.19,5.87,0.64,-4.84,2.09,0.0,0.0,0.0,0,-0.66,neutral,bajista,0,-1.0,31,377,5,
s1469,PENDLEUSDT,1780245000000,train,-1,-2.22,0.415,3.07,2.67,0.97,-1.56,0.79,0.0,0.0,0.0,0,-0.66,neutral,bajista,0,-1.0,17,377,5,
s1470,FETUSDT,1780245000000,train,-1,-2.97,0.354,4.34,3.21,0.91,-2.31,1.08,0.0,0.0,0.0,0,-0.66,neutral,neutral,0,-1.0,13,376,1,
s1471,SANDUSDT,1780245000000,testB,-1,-2.62,0.634,3.41,3.16,0.65,-1.96,1.19,0.0,0.0,0.0,0,-0.66,neutral,bajista,0,-1.0,30,376,5,
s1472,MANAUSDT,1780245000000,testB,-1,-2.14,0.563,2.91,2.43,0.9,-1.48,1.02,0.0,0.0,0.0,0,-0.66,neutral,bajista,0,-1.0,22,376,3,
s1473,AXSUSDT,1780245000000,testB,-1,-3.12,0.673,3.75,3.4,1.1,-2.47,1.43,0.0,0.0,0.0,0,-0.66,neutral,bajista,0,-1.0,26,376,2,
s1474,APEUSDT,1780245000000,testB,-1,-4.05,0.64,4.74,4.52,1.01,-3.39,1.9,0.0,0.0,0.0,0,-0.66,neutral,neutral,0,-0.787,32,376,1,
s1475,ASTERUSDT,1780245900000,train,-1,-3.13,0.364,5.51,4.4,1.19,-2.6,1.5,0.0,0.0,0.0,0,-0.53,neutral,neutral,0,-0.498,32,378,0,
s1476,XPLUSDT,1780245900000,train,-1,-4.01,0.552,4.97,4.63,1.24,-3.48,1.92,0.0,0.0,0.0,0,-0.53,neutral,bajista,0,-0.341,32,378,4,
s1477,PUMPUSDT,1780245900000,train,-1,-2.79,0.61,3.74,3.45,0.86,-2.26,1.43,0.0,0.0,0.0,0,-0.53,neutral,bajista,0,-1.0,24,378,6,
s1478,ENAUSDT,1780245900000,train,-1,-3.99,0.558,5.3,4.8,0.57,-3.46,1.74,0.0,0.0,0.0,0,-0.53,neutral,bajista,0,-0.48,32,378,6,
s1479,ARBUSDT,1780245900000,train,-1,-2.42,0.61,3.38,2.78,0.84,-1.89,0.9,0.0,0.0,0.0,0,-0.53,neutral,neutral,0,-1.0,24,378,1,
s1480,OPUSDT,1780245900000,train,-1,-2.68,0.516,3.62,3.36,1.08,-2.15,1.35,0.0,0.0,0.0,0,-0.53,neutral,neutral,0,-0.718,32,378,0,
s1481,INJUSDT,1780245900000,train,-1,-4.05,0.528,4.89,4.31,0.91,-3.52,1.48,0.0,0.0,0.0,0,-0.53,neutral,neutral,0,-1.0,25,378,0,
s1482,SUIUSDT,1780245900000,train,-1,-3.52,0.558,6.95,4.12,0.76,-2.99,1.5,0.0,0.0,0.0,0,-0.53,neutral,neutral,0,-0.747,32,378,0,
s1483,TIAUSDT,1780245900000,train,-1,-2.65,0.5,3.57,3.18,0.98,-2.12,1.32,0.0,0.0,0.0,0,-0.53,neutral,bajista,0,-1.0,24,378,6,
s1484,SEIUSDT,1780245900000,train,-1,-4.28,0.611,5.76,5.44,0.64,-3.75,1.94,0.0,0.0,0.0,0,-0.53,neutral,neutral,0,-1.0,23,378,0,
s1485,PENDLEUSDT,1780245900000,train,-1,-2.17,0.408,3.44,3.03,1.42,-1.64,1.05,0.0,0.0,0.0,0,-0.53,neutral,bajista,0,-1.0,16,378,6,
s1486,FETUSDT,1780245900000,train,-1,-3.79,0.41,4.9,4.55,1.07,-3.26,2.14,0.0,0.0,0.0,0,-0.53,neutral,bajista,0,-1.0,12,377,2,
s1487,SANDUSDT,1780245900000,testB,-1,-2.61,0.629,3.41,3.11,0.61,-2.07,1.05,0.0,0.0,0.0,0,-0.53,neutral,neutral,0,-1.0,29,377,0,
s1488,MANAUSDT,1780245900000,testB,-1,-2.02,0.515,2.79,2.18,0.96,-1.49,0.82,0.0,0.0,0.0,0,-0.53,neutral,neutral,0,-1.0,21,377,0,
s1489,AXSUSDT,1780245900000,testB,-1,-2.87,0.586,3.73,3.04,1.06,-2.34,0.95,0.0,0.0,0.0,0,-0.53,neutral,neutral,0,-1.0,25,377,0,
s1490,APEUSDT,1780245900000,testB,-1,-3.76,0.57,4.8,4.06,1.24,-3.23,1.46,0.0,0.0,0.0,0,-0.53,neutral,neutral,0,-0.745,32,377,0,
s1491,ASTERUSDT,1780246800000,train,-1,-3.05,0.351,5.5,4.32,1.2,-2.47,1.32,0.0,0.0,0.0,0,-0.57,neutral,neutral,0,-0.282,32,379,0,
s1492,XPLUSDT,1780246800000,train,-1,-4.02,0.552,5.54,4.75,1.02,-3.44,1.87,0.0,0.0,0.0,0,-0.57,neutral,bajista,0,-0.143,32,379,5,
s1493,PUMPUSDT,1780246800000,train,-1,-3.07,0.663,3.86,3.63,0.74,-2.49,1.46,0.0,0.0,0.0,0,-0.57,neutral,bajista,0,-1.0,23,379,7,
s1494,ENAUSDT,1780246800000,train,-1,-4.18,0.601,5.3,4.81,0.56,-3.61,1.6,0.0,0.0,0.0,0,-0.57,neutral,bajista,0,-0.292,32,379,7,
s1495,ARBUSDT,1780246800000,train,-1,-2.23,0.59,3.38,2.78,0.8,-1.66,0.81,0.0,0.0,0.0,0,-0.57,neutral,neutral,0,-1.0,23,379,0,
s1496,OPUSDT,1780246800000,train,-1,-3.18,0.594,3.98,3.72,1.13,-2.61,1.53,0.0,0.0,0.0,0,-0.57,neutral,neutral,0,-0.581,32,379,1,
s1497,INJUSDT,1780246800000,train,-1,-2.88,0.408,5.35,4.03,1.34,-2.31,1.02,0.0,0.0,0.0,0,-0.57,neutral,neutral,0,-1.0,24,379,0,
s1498,SUIUSDT,1780246800000,train,-1,-3.74,0.606,6.95,4.17,0.69,-3.16,1.41,0.0,0.0,0.0,0,-0.57,neutral,neutral,0,-0.565,32,379,1,
s1499,TIAUSDT,1780246800000,train,-1,-2.35,0.443,3.56,3.03,0.91,-1.78,1.1,0.0,0.0,0.0,0,-0.57,neutral,neutral,0,-1.0,23,379,0,
s1500,SEIUSDT,1780246800000,train,-1,-4.43,0.649,5.75,5.34,0.66,-3.86,1.75,0.0,0.0,0.0,0,-0.57,neutral,neutral,0,-1.0,22,379,0,
s1501,PENDLEUSDT,1780246800000,train,-1,-3.41,0.611,4.61,3.86,2.34,-2.84,1.67,0.0,0.0,0.0,0,-0.57,neutral,bajista,0,-1.0,15,379,7,
s1502,FETUSDT,1780246800000,train,-1,-3.53,0.372,5.75,3.96,1.37,-2.95,1.66,0.0,0.0,0.0,0,-0.57,neutral,neutral,0,-1.0,10,378,0,
s1503,GRTUSDT,1780246800000,testB,-1,-2.2,0.442,2.76,2.52,0.78,-1.62,0.69,0.0,0.0,0.0,0,-0.57,neutral,neutral,0,-1.0,21,378,1,
s1504,SANDUSDT,1780246800000,testB,-1,-2.66,0.647,3.41,3.13,0.62,-2.09,1.0,0.0,0.0,0.0,0,-0.57,neutral,neutral,0,-1.0,28,378,1,
s1505,AXSUSDT,1780246800000,testB,-1,-2.54,0.556,3.39,2.69,0.96,-1.96,0.92,0.0,0.0,0.0,0,-0.57,neutral,neutral,0,-1.0,23,378,0,
s1506,APEUSDT,1780246800000,testB,-1,-3.77,0.57,4.8,4.21,1.08,-3.19,1.47,0.0,0.0,0.0,0,-0.57,neutral,neutral,0,-1.0,32,378,1,
s1507,XPLUSDT,1780247700000,train,-1,-3.9,0.529,5.3,4.17,0.89,-3.41,1.42,0.0,0.0,0.0,0,-0.49,neutral,neutral,0,-0.054,32,380,0,
s1508,PUMPUSDT,1780247700000,train,-1,-2.95,0.624,3.73,3.16,0.64,-2.46,1.08,0.0,0.0,0.0,0,-0.49,neutral,neutral,0,-1.0,20,380,0,
s1509,STBLUSDT,1780247700000,train,-1,-3.21,0.388,5.23,4.69,0.55,-2.72,1.2,0.0,0.0,0.0,0,-0.49,neutral,neutral,0,-1.0,6,380,0,
s1510,ENAUSDT,1780247700000,train,-1,-4.06,0.576,5.19,4.37,0.46,-3.57,1.19,0.0,0.0,0.0,0,-0.49,neutral,neutral,0,-0.192,32,380,0,
s1511,OPUSDT,1780247700000,train,-1,-3.01,0.545,3.88,3.27,0.92,-2.51,1.11,0.0,0.0,0.0,0,-0.49,neutral,neutral,0,-0.5,32,380,0,
s1512,INJUSDT,1780247700000,train,-1,-3.07,0.452,5.31,3.32,1.33,-2.57,0.43,0.0,0.0,0.0,0,-0.49,neutral,neutral,0,-1.0,23,380,0,
s1513,TIAUSDT,1780247700000,train,-1,-2.4,0.457,3.55,2.74,0.71,-1.9,0.78,0.0,0.0,0.0,0,-0.49,neutral,neutral,0,-1.0,22,380,0,
s1514,SEIUSDT,1780247700000,train,-1,-4.26,0.611,5.66,4.86,0.52,-3.77,1.34,0.0,0.0,0.0,0,-0.49,neutral,neutral,0,-1.0,21,380,0,
s1515,PENDLEUSDT,1780247700000,train,-1,-2.72,0.434,4.56,2.93,2.07,-2.22,0.86,0.0,0.0,0.0,0,-0.49,neutral,neutral,0,-1.0,14,380,0,
s1516,SANDUSDT,1780247700000,testB,-1,-2.01,0.423,3.11,2.18,0.61,-1.51,0.33,0.0,0.0,0.0,0,-0.49,neutral,neutral,0,-1.0,23,379,0,
s1517,AXSUSDT,1780247700000,testB,-1,-2.2,0.448,3.37,2.34,0.79,-1.71,0.54,0.0,0.0,0.0,0,-0.49,neutral,neutral,0,-1.0,22,379,0,
s1518,APEUSDT,1780247700000,testB,-1,-3.2,0.455,4.56,3.46,0.79,-2.71,0.89,0.0,0.0,0.0,0,-0.49,neutral,neutral,0,-1.0,31,379,0,
s1519,XPLUSDT,1780248600000,train,-1,-3.16,0.46,4.62,3.38,0.77,-2.92,1.18,0.0,0.0,0.0,0,-0.24,neutral,neutral,0,0.033,32,381,0,
s1520,PUMPUSDT,1780248600000,train,-1,-2.46,0.512,3.43,2.57,0.57,-2.21,0.69,0.0,0.0,0.0,0,-0.24,neutral,neutral,0,-1.0,17,381,0,
s1521,STBLUSDT,1780248600000,train,-1,-3.88,0.518,5.22,4.42,0.34,-3.64,0.86,0.0,0.0,0.0,0,-0.24,neutral,neutral,0,-1.0,5,381,0,
s1522,ENAUSDT,1780248600000,train,-1,-3.55,0.512,4.8,3.79,0.4,-3.3,0.89,0.0,0.0,0.0,0,-0.24,neutral,neutral,0,-0.054,32,381,0,
s1523,OPUSDT,1780248600000,train,-1,-2.85,0.531,3.62,3.1,0.65,-2.6,1.05,0.0,0.0,0.0,0,-0.24,neutral,neutral,0,-1.0,27,381,0,
s1524,SEIUSDT,1780248600000,train,-1,-3.33,0.501,4.67,3.57,0.35,-3.09,0.76,0.0,0.0,0.0,0,-0.24,neutral,neutral,0,-1.0,15,381,0,
s1525,APEUSDT,1780248600000,testB,-1,-3.0,0.438,4.05,3.09,0.6,-2.76,0.93,0.0,0.0,0.0,0,-0.24,neutral,neutral,0,-1.0,27,380,1,
s1526,STBLUSDT,1780249500000,train,-1,-4.0,0.544,5.06,4.26,0.36,-3.78,0.72,0.0,0.0,0.0,0,-0.22,neutral,neutral,0,-1.0,4,382,1,
s1527,ENAUSDT,1780249500000,train,-1,-3.21,0.479,4.4,3.33,0.33,-3.0,0.78,0.0,0.0,0.0,0,-0.22,neutral,neutral,0,0.172,32,382,0,
s1528,OPUSDT,1780249500000,train,-1,-2.6,0.492,3.27,2.67,0.63,-2.38,0.89,0.0,0.0,0.0,0,-0.22,neutral,neutral,0,-1.0,21,382,0,
s1529,SEIUSDT,1780249500000,train,-1,-3.27,0.496,4.24,3.41,0.34,-3.06,0.97,0.0,0.0,0.0,0,-0.22,neutral,neutral,0,-1.0,14,382,1,
s1530,FETUSDT,1780249500000,train,-1,-3.28,0.392,5.37,3.42,0.83,-3.06,1.14,0.0,0.0,0.0,0,-0.22,neutral,bajista,0,-1.0,7,381,2,
s1531,STBLUSDT,1780250400000,train,-1,-2.03,0.371,3.07,2.72,0.4,-1.93,1.21,0.0,0.0,0.0,0,-0.1,neutral,bajista,0,-1.0,3,383,2,
s1532,OPUSDT,1780250400000,train,-1,-2.2,0.448,2.68,2.51,0.53,-2.1,1.22,0.0,0.0,0.0,0,-0.1,neutral,neutral,0,-1.0,16,383,1,
s1533,INJUSDT,1780250400000,train,-1,-2.27,0.366,3.75,2.35,0.37,-2.17,0.83,0.0,0.0,0.0,0,-0.1,neutral,bajista,0,-1.0,14,383,2,
s1534,SEIUSDT,1780250400000,train,-1,-2.38,0.415,3.51,2.79,0.29,-2.28,1.0,0.0,0.0,0.0,0,-0.1,neutral,bajista,0,-1.0,12,383,2,
s1535,JUPUSDT,1780250400000,train,1,3.17,0.46,4.93,4.4,1.45,3.27,2.27,0.0,0.0,0.0,0,-0.1,neutral,alcista,0,0.301,32,383,6,
s1536,JUPUSDT,1780251300000,train,1,3.96,0.581,4.76,4.12,2.1,3.91,2.37,0.0,0.0,0.0,0,0.05,neutral,alcista,0,0.385,32,384,7,
s1537,JUPUSDT,1780252200000,train,1,3.58,0.496,4.78,3.61,2.69,3.54,1.74,0.0,0.0,0.0,0,0.04,neutral,neutral,0,0.824,32,385,0,
s1538,JUPUSDT,1780253100000,train,1,2.96,0.403,4.8,3.25,2.62,2.96,1.37,0.0,0.0,0.0,0,0.0,neutral,neutral,0,1.016,32,386,0,
s1539,STBLUSDT,1780254000000,train,1,3.41,0.443,5.83,4.91,5,3.52,3.35,0.0,0.0,0.0,0,-0.12,neutral,alcista,0,0.317,32,387,3,
s1540,XPLUSDT,1780254900000,train,-1,-2.54,0.404,3.4,2.72,0.24,-2.25,0.65,0.0,0.0,0.0,0,-0.28,neutral,neutral,0,-1.0,15,388,0,
s1541,STBLUSDT,1780254900000,train,1,2.8,0.376,5.84,4.74,5,3.08,2.86,0.0,0.0,0.0,0,-0.28,neutral,neutral,0,0.342,32,388,0,
s1542,ENAUSDT,1780254900000,train,-1,-2.15,0.594,2.61,2.32,0.78,-1.86,0.68,0.0,0.0,0.0,0,-0.28,neutral,bajista,0,-1.0,14,388,2,
s1543,OPUSDT,1780254900000,train,-1,-2.21,0.481,3.04,2.6,0.84,-1.92,0.65,0.0,0.0,0.0,0,-0.28,neutral,neutral,0,-1.0,11,388,0,
s1544,ENAUSDT,1780255800000,train,-1,-2.3,0.608,4.14,2.64,2.75,-2.15,1.26,0.0,0.0,0.0,0,-0.15,neutral,bajista,0,-1.0,11,389,3,
s1545,WLDUSDT,1780256700000,train,1,4.4,0.542,4.84,4.72,0.28,4.52,2.09,0.0,0.0,0.0,0,-0.12,neutral,alcista,1,2.0,24,390,2,
s1546,ENAUSDT,1780256700000,train,-1,-2.02,0.514,4.13,2.41,2.96,-1.9,0.99,0.0,0.0,0.0,0,-0.12,neutral,neutral,0,-1.0,10,390,0,
s1547,JUPUSDT,1780256700000,train,1,3.52,0.471,4.78,3.61,1.32,3.64,1.39,0.0,0.0,0.0,0,-0.12,neutral,neutral,0,1.074,32,390,1,
s1548,WLDUSDT,1780257600000,train,1,4.19,0.531,4.85,4.35,0.48,4.09,1.48,0.0,0.0,0.0,0,0.1,neutral,alcista,1,2.0,22,391,3,
s1549,JUPUSDT,1780257600000,train,1,4.51,0.539,5.0,4.47,2.22,4.41,2.02,0.0,0.0,0.0,0,0.1,neutral,alcista,0,0.518,32,391,2,
s1550,STBLUSDT,1780258500000,train,1,3.01,0.378,5.87,4.24,0.55,2.9,1.49,0.0,0.0,0.0,0,0.11,neutral,neutral,0,0.022,32,392,0,
s1551,WLDUSDT,1780258500000,train,1,4.45,0.547,5.2,4.99,0.65,4.34,2.15,0.0,0.0,0.0,0,0.11,neutral,alcista,1,2.0,23,392,4,
s1552,JUPUSDT,1780258500000,train,1,3.73,0.447,5.02,4.12,2.02,3.62,1.56,0.0,0.0,0.0,0,0.11,neutral,neutral,0,0.423,32,392,0,
s1553,FETUSDT,1780258500000,train,1,4.57,0.439,7.92,7.63,1.83,4.47,4.12,0.0,0.0,0.0,0,0.11,neutral,neutral,0,-0.146,32,391,1,
s1554,STBLUSDT,1780259400000,train,1,4.24,0.547,5.84,4.68,0.34,3.97,1.77,0.0,0.0,0.0,0,0.27,neutral,neutral,0,-0.013,32,393,1,
s1555,WLDUSDT,1780259400000,train,1,2.48,0.363,4.95,4.3,0.7,2.21,1.95,0.0,0.0,0.0,0,0.27,neutral,neutral,1,2.0,20,393,0,
s1556,JUPUSDT,1780259400000,train,1,3.69,0.438,5.04,3.71,1.85,3.42,1.06,0.0,0.0,0.0,0,0.27,neutral,neutral,0,0.7,32,393,0,
s1557,PENDLEUSDT,1780259400000,train,1,2.14,0.416,4.28,3.95,0.71,1.87,1.18,0.0,0.0,0.0,0,0.27,neutral,alcista,0,-0.186,32,393,2,
s1558,FETUSDT,1780259400000,train,1,5.25,0.533,8.58,7.53,1.82,4.98,3.66,0.0,0.0,0.0,0,0.27,neutral,neutral,0,-0.171,32,392,0,
s1559,STBLUSDT,1780260300000,train,1,4.5,0.571,5.83,4.85,0.31,4.21,1.78,0.0,0.0,0.0,0,0.29,neutral,alcista,0,-0.019,32,394,2,
s1560,WLDUSDT,1780260300000,train,1,3.55,0.604,4.96,4.13,0.86,3.26,1.53,0.0,0.0,0.0,0,0.29,neutral,neutral,1,2.0,19,394,0,
s1561,SEIUSDT,1780260300000,train,1,2.86,0.555,3.25,3.16,1.36,2.58,1.92,0.0,0.0,0.0,0,0.29,neutral,alcista,0,0.099,32,394,6,
s1562,JUPUSDT,1780260300000,train,1,3.45,0.423,4.61,3.39,1.46,3.17,1.06,0.0,0.0,0.0,0,0.29,neutral,neutral,0,0.734,32,394,1,
s1563,PENDLEUSDT,1780260300000,train,1,2.83,0.551,4.65,4.26,0.81,2.55,1.42,0.0,0.0,0.0,0,0.29,neutral,alcista,0,-0.186,32,394,3,
s1564,PUMPUSDT,1780261200000,train,1,2.01,0.538,2.09,1.98,1.04,1.79,0.98,0.0,0.0,0.0,0,0.22,neutral,alcista,0,0.343,32,395,2,
s1565,STBLUSDT,1780261200000,train,1,4.63,0.597,5.83,4.85,0.31,4.41,1.68,0.0,0.0,0.0,0,0.22,neutral,alcista,0,0.113,32,395,3,
s1566,WLDUSDT,1780261200000,train,1,3.34,0.548,4.98,3.85,0.83,3.12,1.06,0.0,0.0,0.0,0,0.22,neutral,neutral,1,2.0,14,395,0,
s1567,SEIUSDT,1780261200000,train,1,3.46,0.601,4.07,3.8,1.99,3.24,2.39,0.0,0.0,0.0,0,0.22,neutral,alcista,0,-0.128,32,395,7,
s1568,JUPUSDT,1780261200000,train,1,3.06,0.389,4.29,3.02,0.52,2.84,0.86,0.0,0.0,0.0,0,0.22,neutral,neutral,0,0.667,32,395,0,
s1569,PENDLEUSDT,1780261200000,train,1,2.96,0.581,3.95,2.87,0.94,2.74,0.69,0.0,0.0,0.0,0,0.22,neutral,neutral,0,-0.213,32,395,0,
s1570,FETUSDT,1780261200000,train,1,6.75,0.705,7.35,6.6,1.68,6.53,3.28,0.0,0.0,0.0,0,0.22,neutral,neutral,0,-0.2,32,394,0,
s1571,STBLUSDT,1780262100000,train,1,3.89,0.48,5.86,4.36,0.43,3.83,1.14,0.0,0.0,0.0,0,0.06,neutral,neutral,0,-0.063,32,396,0,
s1572,WLDUSDT,1780262100000,train,1,5.72,0.675,5.78,5.47,1.07,5.65,2.96,0.0,0.0,0.0,0,0.06,neutral,neutral,1,2.0,21,396,1,
s1573,SEIUSDT,1780262100000,train,1,3.03,0.564,4.65,3.77,2.84,2.97,2.19,0.0,0.0,0.0,0,0.06,neutral,neutral,0,-0.224,32,396,0,
s1574,PENDLEUSDT,1780262100000,train,1,2.57,0.549,3.07,2.5,1.35,2.5,1.1,0.0,0.0,0.0,0,0.06,neutral,neutral,0,-0.387,32,396,1,
s1575,FETUSDT,1780262100000,train,1,5.82,0.586,7.4,6.03,1.34,5.75,2.5,0.0,0.0,0.0,0,0.06,neutral,neutral,0,0.048,32,395,0,
s1576,PUMPUSDT,1780263000000,train,1,2.06,0.545,2.63,2.58,1.78,2.02,1.5,0.0,0.0,0.0,0,0.04,neutral,alcista,0,-0.13,32,397,4,
s1577,STBLUSDT,1780263000000,train,1,3.63,0.463,5.86,4.36,0.38,3.58,1.04,0.0,0.0,0.0,0,0.04,neutral,neutral,0,-0.12,32,397,0,
s1578,WLDUSDT,1780263000000,train,1,6.99,0.72,7.83,7.09,1.54,6.94,4.97,0.0,0.0,0.0,0,0.04,neutral,alcista,0,1.745,32,397,2,
s1579,SEIUSDT,1780263000000,train,1,3.59,0.605,4.61,4.58,3.1,3.54,2.75,0.0,0.0,0.0,0,0.04,neutral,neutral,0,-0.285,32,397,1,
s1580,PENDLEUSDT,1780263000000,train,1,2.17,0.509,2.71,2.23,1.25,2.13,1.11,0.0,0.0,0.0,0,0.04,neutral,alcista,0,-0.553,32,397,2,
s1581,FETUSDT,1780263000000,train,1,4.41,0.389,7.51,4.66,0.92,4.37,1.1,0.0,0.0,0.0,0,0.04,neutral,neutral,0,0.313,32,396,0,
s1582,PUMPUSDT,1780263900000,train,1,2.05,0.545,3.07,2.85,2.0,1.81,1.64,0.0,0.0,0.0,0,0.24,neutral,alcista,0,-0.373,32,398,5,
s1583,STBLUSDT,1780263900000,train,1,4.01,0.488,5.84,4.71,0.51,3.76,1.29,0.0,0.0,0.0,0,0.24,neutral,neutral,0,-0.104,32,398,1,
s1584,WLDUSDT,1780263900000,train,1,6.34,0.636,7.86,6.7,2.35,6.1,4.09,0.0,0.0,0.0,0,0.24,neutral,neutral,1,2.0,25,398,0,
s1585,SUIUSDT,1780263900000,train,1,2.15,0.635,2.93,2.53,1.48,1.9,1.62,0.0,0.0,0.0,0,0.24,neutral,alcista,0,-0.354,32,398,5,
s1586,SEIUSDT,1780263900000,train,1,3.38,0.55,5.09,4.13,2.9,3.14,2.03,0.0,0.0,0.0,0,0.24,neutral,neutral,0,-0.168,32,398,0,
s1587,PENDLEUSDT,1780263900000,train,1,2.67,0.56,3.31,2.77,1.49,2.43,1.62,0.0,0.0,0.0,0,0.24,neutral,alcista,0,-0.75,32,398,3,
s1588,FETUSDT,1780263900000,train,1,4.3,0.375,7.44,4.49,0.75,4.06,0.84,0.0,0.0,0.0,0,0.24,neutral,neutral,0,0.374,32,397,0,
s1589,XPLUSDT,1780264800000,train,1,2.04,0.643,2.78,2.45,0.36,1.68,0.96,0.0,0.0,0.0,0,0.36,neutral,neutral,0,-1.0,15,399,0,
s1590,PUMPUSDT,1780264800000,train,1,2.4,0.7,3.19,2.85,1.91,2.05,1.43,0.0,0.0,0.0,0,0.36,neutral,neutral,0,-0.51,32,399,0,
s1591,STBLUSDT,1780264800000,train,1,5.11,0.606,5.81,5.29,0.55,4.75,1.7,0.0,0.0,0.0,0,0.36,neutral,alcista,0,-0.149,32,399,2,
s1592,WLDUSDT,1780264800000,train,1,6.06,0.588,7.91,6.17,2.68,5.7,3.14,0.0,0.0,0.0,0,0.36,neutral,neutral,1,2.0,21,399,0,
s1593,OPUSDT,1780264800000,train,1,2.51,0.475,3.29,3.21,1.01,2.15,1.77,0.0,0.0,0.0,0,0.36,neutral,alcista,0,-0.395,32,399,6,
s1594,SUIUSDT,1780264800000,train,1,2.59,0.739,2.92,2.79,1.92,2.23,1.65,0.0,0.0,0.0,0,0.36,neutral,alcista,0,-0.512,32,399,6,
s1595,SEIUSDT,1780264800000,train,1,4.07,0.614,5.06,4.66,2.25,3.71,2.3,0.0,0.0,0.0,0,0.36,neutral,neutral,0,-0.349,32,399,1,
s1596,PENDLEUSDT,1780264800000,train,1,3.08,0.627,3.3,3.02,1.17,2.72,1.58,0.0,0.0,0.0,0,0.36,neutral,alcista,0,-1.0,32,399,4,
s1597,ONDOUSDT,1780264800000,train,1,2.47,0.603,2.82,2.74,0.96,2.11,1.32,0.0,0.0,0.0,0,0.36,neutral,alcista,0,-1.0,32,398,4,
s1598,STXUSDT,1780264800000,testB,1,2.13,0.521,2.96,2.92,1.57,1.77,1.48,0.0,0.0,0.0,0,0.36,neutral,alcista,0,-0.757,32,398,8,
s1599,LDOUSDT,1780264800000,testB,1,2.85,0.695,4.38,3.38,4.22,2.49,2.08,0.0,0.0,0.0,0,0.36,neutral,alcista,0,-0.396,32,398,3,
s1600,APEUSDT,1780264800000,testB,1,2.13,0.446,2.81,2.74,0.65,1.78,1.34,0.0,0.0,0.0,0,0.36,neutral,alcista,1,2.0,12,398,4,
s1601,XPLUSDT,1780265700000,train,1,2.15,0.655,2.99,2.77,0.87,1.8,1.15,0.0,0.0,0.0,0,0.35,neutral,neutral,0,-1.0,14,400,1,
s1602,PUMPUSDT,1780265700000,train,1,2.69,0.77,3.35,3.01,1.95,2.35,1.41,0.0,0.0,0.0,0,0.35,neutral,neutral,0,-0.667,32,400,1,
s1603,STBLUSDT,1780265700000,train,1,5.12,0.606,5.6,5.02,0.48,4.77,1.44,0.0,0.0,0.0,0,0.35,neutral,neutral,0,-0.255,32,400,0,
s1604,WLDUSDT,1780265700000,train,1,5.41,0.513,7.6,5.42,2.04,5.06,2.29,0.0,0.0,0.0,0,0.35,neutral,neutral,1,2.0,17,400,0,
s1605,OPUSDT,1780265700000,train,1,2.69,0.525,3.47,3.04,0.94,2.34,1.46,0.0,0.0,0.0,0,0.35,neutral,neutral,0,-0.5,32,400,0,
s1606,SUIUSDT,1780265700000,train,1,2.6,0.74,3.24,2.93,2.12,2.26,1.59,0.0,0.0,0.0,0,0.35,neutral,alcista,0,-0.65,32,400,7,
s1607,SEIUSDT,1780265700000,train,1,4.08,0.615,5.09,4.91,1.84,3.73,2.28,0.0,0.0,0.0,0,0.35,neutral,alcista,0,-0.574,32,400,2,
s1608,PENDLEUSDT,1780265700000,train,1,2.39,0.48,3.32,2.66,1.24,2.05,1.02,0.0,0.0,0.0,0,0.35,neutral,neutral,0,-1.0,31,400,0,
s1609,ONDOUSDT,1780265700000,train,1,2.05,0.471,2.91,2.42,1.36,1.7,0.86,0.0,0.0,0.0,0,0.35,neutral,neutral,0,-1.0,31,399,0,
s1610,STXUSDT,1780265700000,testB,1,2.18,0.537,3.18,2.67,1.79,1.83,1.1,0.0,0.0,0.0,0,0.35,neutral,neutral,0,-0.859,32,399,0,
s1611,LDOUSDT,1780265700000,testB,1,2.66,0.62,4.39,3.17,4.7,2.31,1.66,0.0,0.0,0.0,0,0.35,neutral,neutral,0,-0.49,32,399,0,
s1612,AXSUSDT,1780265700000,testB,1,2.09,0.75,2.38,2.3,1.6,1.74,1.09,0.0,0.0,0.0,0,0.35,neutral,alcista,0,-0.111,32,399,4,
s1613,PUMPUSDT,1780266600000,train,1,2.46,0.754,3.34,3.12,1.89,2.09,1.34,0.0,0.0,0.0,0,0.36,neutral,alcista,0,-0.875,32,401,2,
s1614,STBLUSDT,1780266600000,train,1,5.11,0.606,5.5,5.01,0.51,4.75,1.39,0.0,0.0,0.0,0,0.36,neutral,neutral,0,-0.418,32,401,1,
s1615,WLDUSDT,1780266600000,train,1,4.25,0.447,7.06,4.79,1.37,3.88,1.96,0.0,0.0,0.0,0,0.36,neutral,neutral,1,2.0,16,401,0,
s1616,ARBUSDT,1780266600000,train,1,2.27,0.697,2.9,2.9,1.7,1.91,1.33,0.0,0.0,0.0,0,0.36,neutral,neutral,0,-0.833,32,401,1,
s1617,OPUSDT,1780266600000,train,1,2.25,0.481,3.47,3.04,0.98,1.88,1.31,0.0,0.0,0.0,0,0.36,neutral,neutral,0,-0.667,32,401,0,
s1618,SUIUSDT,1780266600000,train,1,2.24,0.677,3.24,2.85,2.3,1.88,1.37,0.0,0.0,0.0,0,0.36,neutral,neutral,0,-0.855,32,401,0,
s1619,TIAUSDT,1780266600000,train,1,2.02,0.491,2.7,2.48,2.24,1.65,1.14,0.0,0.0,0.0,0,0.36,neutral,neutral,0,-1.0,25,401,1,
s1620,SEIUSDT,1780266600000,train,1,4.13,0.618,5.7,5.18,2.12,3.76,2.35,0.0,0.0,0.0,0,0.36,neutral,alcista,0,-0.682,32,401,3,
s1621,PENDLEUSDT,1780266600000,train,1,2.26,0.468,3.3,3.01,1.27,1.9,1.25,0.0,0.0,0.0,0,0.36,neutral,neutral,0,-1.0,30,401,1,
s1622,ONDOUSDT,1780266600000,train,1,2.21,0.491,2.93,2.66,1.74,1.85,0.98,0.0,0.0,0.0,0,0.36,neutral,neutral,0,-1.0,30,400,1,
s1623,LDOUSDT,1780266600000,testB,1,2.37,0.576,4.39,3.11,4.92,2.01,1.4,0.0,0.0,0.0,0,0.36,neutral,neutral,0,-0.676,32,400,0,
s1624,AXSUSDT,1780266600000,testB,1,2.25,0.765,2.8,2.63,1.56,1.89,1.32,0.0,0.0,0.0,0,0.36,neutral,alcista,0,-0.484,32,400,5,
s1625,PUMPUSDT,1780267500000,train,1,2.74,0.774,3.61,3.39,1.61,2.27,1.51,0.0,0.0,0.0,0,0.47,neutral,alcista,0,-0.738,32,402,3,
s1626,WLDUSDT,1780267500000,train,1,4.55,0.475,7.02,4.93,1.23,4.08,1.97,0.0,0.0,0.0,0,0.47,neutral,neutral,1,2.0,15,402,1,
s1627,ARBUSDT,1780267500000,train,1,2.37,0.706,3.29,3.0,1.42,1.91,1.31,0.0,0.0,0.0,0,0.47,neutral,alcista,0,-0.645,32,402,2,
s1628,OPUSDT,1780267500000,train,1,2.42,0.5,3.46,3.29,0.91,1.95,1.47,0.0,0.0,0.0,0,0.47,neutral,neutral,0,-0.538,32,402,1,
s1629,SUIUSDT,1780267500000,train,1,2.23,0.676,3.24,2.94,1.59,1.76,1.34,0.0,0.0,0.0,0,0.47,neutral,neutral,0,-0.67,32,402,1,
s1630,TIAUSDT,1780267500000,train,1,2.37,0.531,3.19,2.94,1.9,1.9,1.5,0.0,0.0,0.0,0,0.47,neutral,alcista,0,-1.0,24,402,2,
s1631,SEIUSDT,1780267500000,train,1,4.07,0.604,5.71,5.01,1.77,3.61,1.97,0.0,0.0,0.0,0,0.47,neutral,neutral,0,-0.525,32,402,0,
s1632,JUPUSDT,1780267500000,train,1,2.13,0.4,3.44,3.34,0.62,1.66,1.19,0.0,0.0,0.0,0,0.47,neutral,alcista,0,-0.187,32,402,4,
s1633,PENDLEUSDT,1780267500000,train,1,2.0,0.393,3.31,2.73,1.06,1.53,0.88,0.0,0.0,0.0,0,0.47,neutral,neutral,0,-1.0,29,402,0,
s1634,STXUSDT,1780267500000,testB,1,2.22,0.565,3.17,2.76,1.48,1.75,1.0,0.0,0.0,0.0,0,0.47,neutral,neutral,0,-1.0,31,401,1,
s1635,LDOUSDT,1780267500000,testB,1,2.34,0.564,4.39,3.08,4.29,1.87,1.3,0.0,0.0,0.0,0,0.47,neutral,neutral,0,-0.455,32,401,0,
s1636,MANAUSDT,1780267500000,testB,1,2.17,0.643,2.59,2.48,2.13,1.7,1.25,0.0,0.0,0.0,0,0.47,neutral,alcista,0,-0.286,32,401,2,
s1637,AXSUSDT,1780267500000,testB,1,2.34,0.771,3.13,2.88,1.71,1.87,1.42,0.0,0.0,0.0,0,0.47,neutral,alcista,0,-0.353,32,401,6,
s1638,XPLUSDT,1780268400000,train,1,2.04,0.643,3.44,2.66,1.08,1.57,0.86,0.0,0.0,0.0,0,0.47,neutral,neutral,0,-1.0,11,403,0,
s1639,PUMPUSDT,1780268400000,train,1,3.21,0.966,4.11,3.5,1.66,2.74,1.48,0.0,0.0,0.0,0,0.47,neutral,alcista,0,-0.698,32,403,4,
s1640,WLDUSDT,1780268400000,train,1,4.49,0.472,7.02,4.93,0.85,4.02,1.76,0.0,0.0,0.0,0,0.47,neutral,neutral,1,2.0,14,403,0,
s1641,ARBUSDT,1780268400000,train,1,3.38,0.944,3.84,3.55,1.4,2.91,1.75,0.0,0.0,0.0,0,0.47,neutral,alcista,0,-0.649,32,403,3,
s1642,OPUSDT,1780268400000,train,1,3.3,0.76,3.96,3.45,0.97,2.83,1.53,0.0,0.0,0.0,0,0.47,neutral,alcista,0,-0.463,32,403,2,
s1643,SUIUSDT,1780268400000,train,1,2.47,0.8,3.48,2.83,1.39,2.0,1.09,0.0,0.0,0.0,0,0.47,neutral,neutral,0,-0.654,32,403,0,
s1644,TIAUSDT,1780268400000,train,1,2.64,0.624,3.47,2.74,1.6,2.17,1.19,0.0,0.0,0.0,0,0.47,neutral,neutral,0,-1.0,23,403,0,
s1645,SEIUSDT,1780268400000,train,1,4.06,0.596,5.97,4.63,1.5,3.59,1.39,0.0,0.0,0.0,0,0.47,neutral,neutral,0,-0.449,32,403,0,
s1646,JUPUSDT,1780268400000,train,1,2.62,0.538,3.97,3.34,0.67,2.15,1.04,0.0,0.0,0.0,0,0.47,neutral,neutral,0,-0.266,32,403,0,
s1647,PENDLEUSDT,1780268400000,train,1,2.19,0.441,3.31,2.74,1.03,1.71,0.77,0.0,0.0,0.0,0,0.47,neutral,neutral,0,-1.0,28,403,1,
s1648,STXUSDT,1780268400000,testB,1,2.91,0.756,3.54,3.04,1.37,2.44,1.21,0.0,0.0,0.0,0,0.47,neutral,alcista,0,-1.0,30,402,2,
s1649,LDOUSDT,1780268400000,testB,1,2.82,0.763,4.39,3.08,0.68,2.35,1.18,0.0,0.0,0.0,0,0.47,neutral,neutral,0,-0.426,32,402,0,
s1650,SANDUSDT,1780268400000,testB,1,2.24,0.755,2.92,2.44,1.54,1.77,0.98,0.0,0.0,0.0,0,0.47,neutral,neutral,0,-0.515,32,402,0,
s1651,MANAUSDT,1780268400000,testB,1,2.17,0.643,2.83,2.36,1.98,1.7,1.06,0.0,0.0,0.0,0,0.47,neutral,neutral,0,-0.25,32,402,0,
s1652,AXSUSDT,1780268400000,testB,1,2.43,0.824,3.47,2.71,1.48,1.96,1.17,0.0,0.0,0.0,0,0.47,neutral,neutral,0,-0.188,32,402,0,
s1653,APEUSDT,1780268400000,testB,1,2.51,0.607,3.17,2.74,0.82,2.04,0.92,0.0,0.0,0.0,0,0.47,neutral,alcista,1,2.0,8,402,2,
s1654,PUMPUSDT,1780269300000,train,1,2.98,0.839,4.12,3.28,1.42,2.57,1.09,0.0,0.0,0.0,0,0.41,neutral,neutral,0,-0.831,32,404,0,
s1655,WLDUSDT,1780269300000,train,1,4.4,0.458,7.03,4.76,0.63,3.99,1.29,0.0,0.0,0.0,0,0.41,neutral,neutral,1,2.0,13,404,0,
s1656,ARBUSDT,1780269300000,train,1,2.78,0.667,3.86,3.0,1.46,2.37,1.05,0.0,0.0,0.0,0,0.41,neutral,neutral,0,-0.645,32,404,0,
s1657,OPUSDT,1780269300000,train,1,2.78,0.64,3.97,3.21,1.06,2.36,1.09,0.0,0.0,0.0,0,0.41,neutral,neutral,0,-0.605,32,404,0,
s1658,SUIUSDT,1780269300000,train,1,2.18,0.647,3.49,2.51,1.15,1.77,0.65,0.0,0.0,0.0,0,0.41,neutral,neutral,0,-0.866,32,404,0,
s1659,TIAUSDT,1780269300000,train,1,2.04,0.46,3.48,2.35,1.42,1.63,0.69,0.0,0.0,0.0,0,0.41,neutral,neutral,0,-1.0,22,404,0,
s1660,SEIUSDT,1780269300000,train,1,4.08,0.6,5.98,4.41,1.31,3.67,1.01,0.0,0.0,0.0,0,0.41,neutral,neutral,0,-0.467,32,404,0,
s1661,JUPUSDT,1780269300000,train,1,2.41,0.474,3.98,3.04,0.58,2.0,0.71,0.0,0.0,0.0,0,0.41,neutral,neutral,0,-0.31,32,404,0,
s1662,PENDLEUSDT,1780269300000,train,1,2.19,0.441,3.11,2.53,0.84,1.77,0.62,0.0,0.0,0.0,0,0.41,neutral,neutral,0,-1.0,27,404,0,
s1663,STXUSDT,1780269300000,testB,1,2.31,0.551,3.55,2.59,1.03,1.9,0.64,0.0,0.0,0.0,0,0.41,neutral,neutral,0,-1.0,29,403,0,
s1664,LDOUSDT,1780269300000,testB,1,2.67,0.691,4.4,2.93,0.49,2.26,0.89,0.0,0.0,0.0,0,0.41,neutral,neutral,0,-0.51,32,403,0,
s1665,SANDUSDT,1780269300000,testB,1,2.01,0.639,2.93,2.24,1.47,1.6,0.69,0.0,0.0,0.0,0,0.41,neutral,neutral,0,-0.662,32,403,0,
s1666,MANAUSDT,1780269300000,testB,1,2.05,0.586,2.84,2.25,1.87,1.64,0.81,0.0,0.0,0.0,0,0.41,neutral,neutral,0,-0.368,32,403,0,
s1667,AXSUSDT,1780269300000,testB,1,2.69,0.838,3.47,2.96,1.85,2.28,1.26,0.0,0.0,0.0,0,0.41,neutral,neutral,0,-0.514,32,403,1,
s1668,APEUSDT,1780269300000,testB,1,2.29,0.564,3.17,2.67,0.75,1.88,0.74,0.0,0.0,0.0,0,0.41,neutral,neutral,1,2.0,7,403,0,
s1669,PUMPUSDT,1780270200000,train,1,2.18,0.528,3.64,2.13,1.61,2.09,0.37,0.0,0.0,0.0,0,0.08,neutral,neutral,0,-1.0,28,405,0,
s1670,WLDUSDT,1780270200000,train,1,3.76,0.391,6.42,3.83,0.65,3.68,0.9,0.0,0.0,0.0,0,0.08,neutral,neutral,1,2.0,10,405,0,
s1671,OPUSDT,1780270200000,train,1,2.08,0.414,3.65,2.21,1.49,2.0,0.36,0.0,0.0,0.0,0,0.08,neutral,neutral,0,-0.654,32,405,0,
s1672,SEIUSDT,1780270200000,train,1,3.5,0.501,5.31,3.36,0.99,3.41,0.59,0.0,0.0,0.0,0,0.08,neutral,neutral,0,-0.636,32,405,0,
s1673,AXSUSDT,1780270200000,testB,1,2.34,0.692,3.22,2.46,2.06,2.26,0.89,0.0,0.0,0.0,0,0.08,neutral,neutral,0,-0.448,32,404,0,
s1674,APEUSDT,1780270200000,testB,1,2.21,0.536,2.96,2.38,0.76,2.13,0.63,0.0,0.0,0.0,0,0.08,neutral,neutral,1,2.0,6,404,0,
s1675,PUMPUSDT,1780271100000,train,1,2.74,0.585,3.39,2.67,1.44,2.56,1.1,0.0,0.0,0.0,0,0.18,neutral,neutral,0,-1.0,27,406,1,
s1676,WLDUSDT,1780271100000,train,1,3.86,0.399,5.66,3.86,0.77,3.68,1.51,0.0,0.0,0.0,0,0.18,neutral,neutral,1,2.0,9,406,1,
s1677,ENAUSDT,1780271100000,train,1,2.3,0.394,3.31,2.27,1.18,2.12,0.65,0.0,0.0,0.0,0,0.18,neutral,neutral,0,-1.0,27,406,1,
s1678,ARBUSDT,1780271100000,train,1,2.37,0.444,3.29,2.42,1.78,2.2,0.98,0.0,0.0,0.0,0,0.18,neutral,neutral,0,-1.0,27,406,1,
s1679,OPUSDT,1780271100000,train,1,2.95,0.531,3.63,2.87,1.92,2.78,1.03,0.0,0.0,0.0,0,0.18,neutral,neutral,0,-0.882,32,406,1,
s1680,SUIUSDT,1780271100000,train,1,2.15,0.534,2.98,2.09,1.06,1.97,0.67,0.0,0.0,0.0,0,0.18,neutral,neutral,0,-1.0,27,406,1,
s1681,TIAUSDT,1780271100000,train,1,2.19,0.394,2.92,2.12,1.2,2.02,0.96,0.0,0.0,0.0,0,0.18,neutral,neutral,0,-1.0,9,406,1,
s1682,SEIUSDT,1780271100000,train,1,3.56,0.506,4.95,3.44,0.81,3.38,0.97,0.0,0.0,0.0,0,0.18,neutral,neutral,0,-0.868,32,406,1,
s1683,STXUSDT,1780271100000,testB,1,2.39,0.509,3.09,2.38,1.11,2.21,0.86,0.0,0.0,0.0,0,0.18,neutral,neutral,0,-1.0,25,405,1,
s1684,LDOUSDT,1780271100000,testB,1,2.41,0.503,3.63,2.32,0.64,2.23,0.98,0.0,0.0,0.0,0,0.18,neutral,neutral,0,-0.895,32,405,1,
s1685,SANDUSDT,1780271100000,testB,1,2.2,0.611,2.53,2.12,1.16,2.02,0.87,0.0,0.0,0.0,0,0.18,neutral,neutral,0,-1.0,28,405,1,
s1686,MANAUSDT,1780271100000,testB,1,2.17,0.563,2.36,2.0,1.47,1.99,0.94,0.0,0.0,0.0,0,0.18,neutral,neutral,0,-0.588,32,405,1,
s1687,AXSUSDT,1780271100000,testB,1,2.78,0.762,3.13,2.7,1.9,2.6,1.14,0.0,0.0,0.0,0,0.18,neutral,neutral,0,-0.75,32,405,1,
s1688,APEUSDT,1780271100000,testB,1,2.58,0.574,2.66,2.44,1.02,2.4,1.05,0.0,0.0,0.0,0,0.18,neutral,neutral,1,2.0,5,405,1,
s1689,PUMPUSDT,1780272000000,train,1,2.96,0.605,3.04,2.98,1.22,2.79,1.6,0.0,0.0,0.0,0,0.17,neutral,alcista,0,-1.0,25,407,2,
s1690,WLDUSDT,1780272000000,train,1,7.22,0.555,7.17,7.14,1.18,7.05,4.61,0.0,0.0,0.0,0,0.17,neutral,alcista,0,0.645,32,407,2,
s1691,ENAUSDT,1780272000000,train,1,2.09,0.373,2.79,2.3,1.33,1.92,1.12,0.0,0.0,0.0,0,0.17,neutral,alcista,0,-1.0,8,407,2,
s1692,ARBUSDT,1780272000000,train,1,2.07,0.412,2.99,2.22,2.24,1.9,0.97,0.0,0.0,0.0,0,0.17,neutral,alcista,0,-1.0,8,407,2,
s1693,OPUSDT,1780272000000,train,1,3.11,0.545,3.52,3.44,1.51,2.94,1.52,0.0,0.0,0.0,0,0.17,neutral,alcista,0,-1.0,31,407,2,
s1694,SUIUSDT,1780272000000,train,1,2.11,0.531,2.73,2.23,1.02,1.95,0.97,0.0,0.0,0.0,0,0.17,neutral,alcista,0,-1.0,26,407,2,
s1695,TIAUSDT,1780272000000,train,1,2.29,0.405,2.83,2.56,1.32,2.12,1.32,0.0,0.0,0.0,0,0.17,neutral,alcista,0,-1.0,8,407,2,
s1696,SEIUSDT,1780272000000,train,1,4.6,0.571,4.76,4.5,0.88,4.43,2.05,0.0,0.0,0.0,0,0.17,neutral,alcista,0,-0.971,32,407,2,
s1697,STXUSDT,1780272000000,testB,1,2.17,0.486,2.66,2.21,1.1,2.0,0.98,0.0,0.0,0.0,0,0.17,neutral,alcista,0,-1.0,22,406,2,
s1698,LDOUSDT,1780272000000,testB,1,2.56,0.519,3.49,2.58,0.71,2.39,1.25,0.0,0.0,0.0,0,0.17,neutral,alcista,0,-1.0,31,406,2,
s1699,SANDUSDT,1780272000000,testB,1,2.61,0.652,2.61,2.61,2.0,2.44,1.58,0.0,0.0,0.0,0,0.17,neutral,alcista,0,-1.0,26,406,2,
s1700,MANAUSDT,1780272000000,testB,1,2.16,0.563,2.59,2.24,1.63,2.0,1.07,0.0,0.0,0.0,0,0.17,neutral,alcista,0,-0.684,32,406,2,
s1701,AXSUSDT,1780272000000,testB,1,2.51,0.744,2.87,2.53,1.71,2.34,1.11,0.0,0.0,0.0,0,0.17,neutral,alcista,0,-0.7,32,406,2,
s1702,PUMPUSDT,1780272900000,train,1,3.18,0.622,3.36,3.19,1.19,2.8,1.68,0.0,0.0,0.0,0,0.38,neutral,alcista,0,-1.0,24,408,3,
s1703,WLDUSDT,1780272900000,train,1,6.49,0.53,7.31,7.14,1.37,6.11,4.11,0.0,0.0,0.0,0,0.38,neutral,neutral,0,0.849,32,408,0,
s1704,ENAUSDT,1780272900000,train,1,2.61,0.448,2.78,2.65,1.32,2.23,1.44,0.0,0.0,0.0,0,0.38,neutral,alcista,0,-1.0,7,408,3,
s1705,ARBUSDT,1780272900000,train,1,2.17,0.423,2.99,2.31,2.23,1.79,0.93,0.0,0.0,0.0,0,0.38,neutral,neutral,0,-1.0,7,408,0,
s1706,OPUSDT,1780272900000,train,1,3.12,0.545,3.69,3.27,1.8,2.74,1.22,0.0,0.0,0.0,0,0.38,neutral,neutral,0,-1.0,30,408,0,
s1707,SUIUSDT,1780272900000,train,1,2.23,0.544,2.72,2.35,1.02,1.85,0.98,0.0,0.0,0.0,0,0.38,neutral,alcista,0,-1.0,25,408,3,
s1708,TIAUSDT,1780272900000,train,1,2.29,0.405,2.83,2.61,1.32,1.9,1.2,0.0,0.0,0.0,0,0.38,neutral,alcista,0,-1.0,7,408,3,
s1709,SEIUSDT,1780272900000,train,1,4.39,0.56,4.45,4.29,1.04,4.0,1.95,0.0,0.0,0.0,0,0.38,neutral,alcista,0,-1.0,25,408,3,
s1710,FETUSDT,1780272900000,train,-1,-3.73,0.385,6.37,5.06,0.81,-4.11,1.0,0.0,0.0,0.0,0,0.38,neutral,neutral,0,-1.0,8,407,1,
s1711,STXUSDT,1780272900000,testB,1,2.42,0.514,2.48,2.44,1.32,2.04,1.34,0.0,0.0,0.0,0,0.38,neutral,alcista,0,-1.0,6,407,3,
s1712,LDOUSDT,1780272900000,testB,1,2.96,0.556,3.51,3.05,1.05,2.57,1.6,0.0,0.0,0.0,0,0.38,neutral,alcista,0,-1.0,25,407,3,
s1713,SANDUSDT,1780272900000,testB,1,2.58,0.65,2.69,2.68,2.72,2.19,1.47,0.0,0.0,0.0,0,0.38,neutral,alcista,0,-1.0,25,407,3,
s1714,MANAUSDT,1780272900000,testB,1,2.28,0.576,2.35,2.23,1.86,1.9,1.13,0.0,0.0,0.0,0,0.38,neutral,alcista,0,-0.895,32,407,3,
s1715,APEUSDT,1780272900000,testB,1,2.27,0.544,2.64,2.43,2.14,1.88,1.29,0.0,0.0,0.0,0,0.38,neutral,alcista,1,2.0,3,407,3,
s1716,PUMPUSDT,1780273800000,train,1,3.07,0.587,3.42,2.98,1.05,2.74,1.34,0.0,0.0,0.0,0,0.33,neutral,neutral,0,-1.0,23,409,0,
s1717,WLDUSDT,1780273800000,train,1,5.51,0.415,8.1,5.95,1.53,5.18,2.43,0.0,0.0,0.0,0,0.33,neutral,neutral,1,2.0,21,409,0,
s1718,ENAUSDT,1780273800000,train,1,2.61,0.448,3.01,2.55,1.22,2.27,1.28,0.0,0.0,0.0,0,0.33,neutral,neutral,0,-1.0,6,409,0,
s1719,OPUSDT,1780273800000,train,1,3.03,0.522,3.53,3.03,1.35,2.7,1.05,0.0,0.0,0.0,0,0.33,neutral,neutral,0,-1.0,29,409,0,
s1720,SUIUSDT,1780273800000,train,1,2.1,0.499,2.62,2.06,0.86,1.77,0.72,0.0,0.0,0.0,0,0.33,neutral,neutral,0,-1.0,6,409,0,
s1721,SEIUSDT,1780273800000,train,1,3.26,0.394,4.1,3.15,1.07,2.92,1.02,0.0,0.0,0.0,0,0.33,neutral,neutral,0,-1.0,24,409,0,
s1722,JUPUSDT,1780273800000,train,1,2.23,0.467,2.96,2.44,2.08,1.89,1.14,0.0,0.0,0.0,0,0.33,neutral,neutral,0,-1.0,24,409,0,
s1723,ONDOUSDT,1780273800000,train,1,2.8,0.437,3.34,3.07,2.08,2.46,2.04,0.0,0.0,0.0,0,0.33,neutral,alcista,0,-1.0,6,408,4,
s1724,STXUSDT,1780273800000,testB,1,2.25,0.461,2.49,2.2,1.31,1.91,1.08,0.0,0.0,0.0,0,0.33,neutral,neutral,0,-1.0,5,408,0,
s1725,LDOUSDT,1780273800000,testB,1,2.87,0.529,3.39,2.76,0.89,2.53,1.25,0.0,0.0,0.0,0,0.33,neutral,neutral,0,-1.0,24,408,0,
s1726,SANDUSDT,1780273800000,testB,1,2.65,0.67,2.92,2.65,3.1,2.31,1.37,0.0,0.0,0.0,0,0.33,neutral,alcista,0,-1.0,24,408,4,
s1727,MANAUSDT,1780273800000,testB,1,2.28,0.576,2.46,2.23,1.58,1.95,1.05,0.0,0.0,0.0,0,0.33,neutral,neutral,0,-1.0,32,408,0,
s1728,AXSUSDT,1780273800000,testB,1,2.07,0.6,2.62,2.2,1.48,1.73,0.85,0.0,0.0,0.0,0,0.33,neutral,neutral,0,-1.0,29,408,1,
s1729,APEUSDT,1780273800000,testB,1,2.27,0.544,2.79,2.36,2.24,1.93,1.16,0.0,0.0,0.0,0,0.33,neutral,neutral,1,2.0,2,408,0,
s1730,PUMPUSDT,1780274700000,train,1,2.26,0.476,3.04,2.43,1.08,2.06,1.0,0.0,0.0,0.0,0,0.2,neutral,neutral,0,-1.0,5,410,0,
s1731,WLDUSDT,1780274700000,train,1,5.61,0.424,8.11,5.87,1.46,5.42,2.07,0.0,0.0,0.0,0,0.2,neutral,neutral,1,2.0,13,410,0,
s1732,ENAUSDT,1780274700000,train,1,2.15,0.384,3.02,2.43,1.11,1.95,0.94,0.0,0.0,0.0,0,0.2,neutral,neutral,0,-1.0,5,410,0,
s1733,OPUSDT,1780274700000,train,1,2.5,0.46,3.2,2.61,1.14,2.3,0.8,0.0,0.0,0.0,0,0.2,neutral,neutral,0,-1.0,23,410,0,
s1734,FETUSDT,1780274700000,train,-1,-4.02,0.42,6.19,4.45,0.75,-4.22,0.46,0.0,0.0,0.0,0,0.2,neutral,neutral,0,-1.0,6,409,1,
s1735,LDOUSDT,1780274700000,testB,1,2.01,0.394,3.01,2.09,0.94,1.82,0.85,0.0,0.0,0.0,0,0.2,neutral,neutral,0,-1.0,23,409,0,
s1736,SANDUSDT,1780274700000,testB,1,2.22,0.57,2.78,2.33,3.62,2.03,1.0,0.0,0.0,0.0,0,0.2,neutral,neutral,0,-1.0,23,409,0,
s1737,AXSUSDT,1780274700000,testB,1,2.24,0.619,2.45,2.19,1.48,2.05,0.88,0.0,0.0,0.0,0,0.2,neutral,alcista,0,-1.0,28,409,2,
s1738,WLDUSDT,1780275600000,train,1,5.69,0.43,7.85,5.38,1.07,5.85,1.58,0.0,0.0,0.0,0,-0.16,neutral,neutral,1,2.0,10,411,0,
s1739,FETUSDT,1780275600000,train,-1,-5.07,0.477,6.28,5.98,0.74,-4.91,2.07,0.0,0.0,0.0,0,-0.16,neutral,bajista,0,-1.0,5,410,2,
s1740,STBLUSDT,1780276500000,train,1,2.21,0.529,2.49,2.4,0.41,2.28,0.93,0.0,0.0,0.0,0,-0.07,neutral,alcista,0,-1.0,14,412,5,
s1741,WLDUSDT,1780276500000,train,1,4.8,0.395,6.18,5.3,0.95,4.87,2.91,0.0,0.0,0.0,0,-0.07,neutral,neutral,1,2.0,18,412,1,
s1742,FETUSDT,1780276500000,train,-1,-4.53,0.447,5.76,5.0,0.94,-4.46,1.9,0.0,0.0,0.0,0,-0.07,neutral,bajista,0,-1.0,4,411,3,
s1743,STBLUSDT,1780277400000,train,1,2.12,0.496,2.83,2.31,0.6,2.46,0.74,0.0,0.0,0.0,0,-0.35,neutral,neutral,0,-1.0,13,413,0,
s1744,FETUSDT,1780277400000,train,-1,-3.17,0.358,4.4,3.69,1.09,-2.82,1.87,0.0,0.0,0.0,0,-0.35,neutral,bajista,0,-1.0,3,412,4,
s1745,PENDLEUSDT,1780278300000,train,-1,-2.34,0.38,3.41,3.32,1.37,-1.53,1.62,0.0,0.0,0.0,0,-0.82,neutral,bajista,0,0.115,32,414,6,
s1746,FETUSDT,1780278300000,train,-1,-3.32,0.368,4.11,3.66,1.15,-2.5,1.88,0.0,0.0,0.0,0,-0.82,neutral,bajista,0,-1.0,2,413,5,
s1747,WLDUSDT,1780279200000,train,1,6.14,0.475,8.63,7.1,1.7,6.63,4.14,0.0,0.0,0.0,0,-0.49,neutral,neutral,0,0.11,32,415,1,
s1748,WLDUSDT,1780280100000,train,1,7.57,0.559,8.56,7.94,1.87,8.05,4.27,0.0,0.0,0.0,0,-0.48,neutral,alcista,0,0.081,32,416,2,
s1749,GRTUSDT,1780281000000,testB,1,2.24,0.358,3.24,3.02,1.78,2.4,2.0,0.0,0.0,0.0,0,-0.16,neutral,alcista,0,-1.0,14,416,3,
s1750,FETUSDT,1780281900000,train,1,5.79,0.388,8.38,7.47,2.77,5.99,4.45,0.0,0.0,0.0,0,-0.21,neutral,alcista,0,-0.113,32,417,4,
s1751,GRTUSDT,1780281900000,testB,1,2.35,0.37,3.54,3.27,1.92,2.55,2.02,0.0,0.0,0.0,0,-0.21,neutral,alcista,0,-1.0,13,417,4,
s1752,ARUSDT,1780282800000,testB,1,3.35,0.401,4.97,4.36,2.2,3.42,2.62,0.0,0.0,0.0,0,-0.07,neutral,alcista,0,-0.574,32,418,5,
s1753,GRTUSDT,1780282800000,testB,1,2.7,0.422,3.94,3.45,2.26,2.77,2.01,0.0,0.0,0.0,0,-0.07,neutral,alcista,0,-1.0,12,418,5,
s1754,FETUSDT,1780283700000,train,1,5.81,0.381,8.86,6.55,2.27,5.69,2.92,0.0,0.0,0.0,0,0.12,neutral,neutral,0,0.097,32,419,1,
s1755,ARUSDT,1780283700000,testB,1,4.31,0.522,5.16,4.73,2.34,4.19,2.73,0.0,0.0,0.0,0,0.12,neutral,alcista,0,-0.627,32,419,6,
s1756,GRTUSDT,1780283700000,testB,1,3.79,0.533,4.43,4.28,2.75,3.67,2.6,0.0,0.0,0.0,0,0.12,neutral,alcista,0,-1.0,11,419,6,
s1757,JUPUSDT,1780284600000,train,1,3.11,0.401,3.83,3.58,1.09,2.74,1.55,0.0,0.0,0.0,0,0.37,neutral,neutral,0,-1.0,12,421,0,
s1758,FETUSDT,1780284600000,train,1,6.48,0.434,8.85,6.65,1.59,6.11,2.79,0.0,0.0,0.0,0,0.37,neutral,alcista,0,-0.255,32,420,2,
s1759,ARUSDT,1780284600000,testB,1,4.1,0.481,5.19,4.11,1.71,3.73,1.92,0.0,0.0,0.0,0,0.37,neutral,neutral,0,-0.768,32,420,0,
s1760,GRTUSDT,1780284600000,testB,1,3.06,0.389,4.48,3.12,1.7,2.69,1.33,0.0,0.0,0.0,0,0.37,neutral,neutral,0,-1.0,10,420,0,
s1761,ARUSDT,1780285500000,testB,1,3.32,0.398,5.12,3.73,1.49,3.21,1.48,0.0,0.0,0.0,0,0.11,neutral,neutral,0,-0.837,32,421,0,
s1762,APEUSDT,1780285500000,testB,1,4.38,0.445,7.3,4.47,0.65,4.28,2.45,0.0,0.0,0.0,0,0.11,neutral,neutral,0,-0.246,32,421,1,
s1763,APEUSDT,1780286400000,testB,1,4.74,0.465,7.13,4.73,0.77,5.03,2.61,0.0,0.0,0.0,0,-0.29,neutral,alcista,0,-0.565,32,422,2,
s1764,APEUSDT,1780287300000,testB,1,4.22,0.431,7.13,4.66,0.62,4.98,2.3,0.0,0.0,0.0,0,-0.76,neutral,neutral,0,-0.426,32,423,0,
s1765,APEUSDT,1780288200000,testB,1,4.93,0.469,7.08,5.31,0.83,5.55,2.65,0.0,0.0,0.0,0,-0.61,neutral,neutral,0,-0.205,32,424,1,
s1766,APEUSDT,1780289100000,testB,1,6.02,0.538,7.03,6.08,0.84,6.5,3.14,0.0,0.0,0.0,0,-0.48,neutral,alcista,0,-0.367,32,425,2,
s1767,APEUSDT,1780290000000,testB,1,3.52,0.357,5.71,4.89,0.87,3.57,2.21,0.0,0.0,0.0,0,-0.05,neutral,neutral,0,-0.694,32,426,0,
s1768,WLDUSDT,1780290900000,train,1,7.62,0.414,10.1,7.59,0.85,7.96,2.3,0.0,0.0,0.0,0,-0.35,neutral,neutral,0,-0.517,32,428,0,
s1769,ARUSDT,1780292700000,testB,1,3.91,0.437,5.11,4.02,0.93,3.83,1.33,0.0,0.0,0.0,0,0.08,neutral,alcista,0,-1.0,25,429,3,
s1770,APEUSDT,1780292700000,testB,1,3.98,0.438,5.75,4.31,1.13,3.9,0.98,0.0,0.0,0.0,0,0.08,neutral,neutral,0,-1.0,32,429,1,
s1771,ONDOUSDT,1780293600000,train,-1,-2.54,0.368,5.05,4.52,1.88,-2.2,2.2,0.0,0.0,0.0,0,-0.35,neutral,bajista,0,-1.0,15,430,2,
s1772,APEUSDT,1780293600000,testB,1,3.32,0.395,4.92,3.49,0.76,3.67,0.83,0.0,0.0,0.0,0,-0.35,neutral,neutral,0,-1.0,24,430,0,
s1773,STBLUSDT,1780294500000,train,-1,-2.9,0.396,4.0,3.33,0.88,-2.44,1.13,0.0,0.0,0.0,0,-0.46,neutral,neutral,0,-1.0,5,432,1,
s1774,TIAUSDT,1780294500000,train,-1,-2.76,0.399,5.41,4.91,1.88,-2.3,2.19,0.0,0.0,0.0,0,-0.46,neutral,bajista,0,0.106,32,432,3,
s1775,SEIUSDT,1780294500000,train,-1,-2.92,0.441,4.09,4.06,1.5,-2.46,1.5,0.0,0.0,0.0,0,-0.46,neutral,bajista,0,0.163,32,432,2,
s1776,ONDOUSDT,1780294500000,train,-1,-3.07,0.412,5.28,5.17,2.3,-2.61,2.49,0.0,0.0,0.0,0,-0.46,neutral,bajista,0,-1.0,14,431,3,
s1777,XPLUSDT,1780295400000,train,-1,-4.42,0.606,6.71,6.24,0.85,-3.36,2.53,0.0,0.0,0.0,0,-1.06,neutral,bajista,0,-1.0,25,433,3,
s1778,PUMPUSDT,1780295400000,train,-1,-3.27,0.608,4.24,4.13,2.39,-2.21,1.72,0.0,0.0,0.0,0,-1.06,neutral,bajista,0,0.486,32,433,4,
s1779,STBLUSDT,1780295400000,train,-1,-3.82,0.489,4.38,4.1,1.01,-2.76,1.62,0.0,0.0,0.0,0,-1.06,neutral,bajista,0,-1.0,4,433,2,
s1780,0GUSDT,1780295400000,train,-1,-2.64,0.531,3.2,3.08,2.28,-1.58,1.78,0.0,0.0,0.0,0,-1.06,neutral,bajista,0,-0.032,32,433,4,
s1781,ENAUSDT,1780295400000,train,-1,-3.11,0.517,4.61,4.5,1.14,-2.05,1.73,0.0,0.0,0.0,0,-1.06,neutral,bajista,0,0.018,32,433,4,
s1782,ARBUSDT,1780295400000,train,-1,-2.32,0.48,3.57,3.37,1.0,-1.26,1.34,0.0,0.0,0.0,0,-1.06,neutral,bajista,0,0.5,32,433,4,
s1783,OPUSDT,1780295400000,train,-1,-2.93,0.467,4.75,4.49,1.61,-1.87,1.73,0.0,0.0,0.0,0,-1.06,neutral,bajista,0,0.115,32,433,4,
s1784,SUIUSDT,1780295400000,train,-1,-2.0,0.442,3.3,3.18,1.13,-0.94,1.23,0.0,0.0,0.0,0,-1.06,neutral,bajista,0,0.403,32,433,4,
s1785,TIAUSDT,1780295400000,train,-1,-4.34,0.731,5.43,5.32,2.08,-3.28,2.2,0.0,0.0,0.0,0,-1.06,neutral,bajista,0,0.015,32,433,4,
s1786,SEIUSDT,1780295400000,train,-1,-3.88,0.597,4.7,4.53,1.61,-2.82,1.68,0.0,0.0,0.0,0,-1.06,neutral,bajista,0,-0.003,32,433,3,
s1787,JUPUSDT,1780295400000,train,-1,-2.78,0.458,4.51,4.08,1.8,-1.73,1.69,0.0,0.0,0.0,0,-1.06,neutral,bajista,0,0.234,32,433,4,
s1788,PENDLEUSDT,1780295400000,train,-1,-2.64,0.478,3.47,3.27,1.25,-1.58,1.46,0.0,0.0,0.0,0,-1.06,neutral,bajista,0,-0.741,32,433,5,
s1789,ONDOUSDT,1780295400000,train,-1,-4.58,0.684,5.99,5.65,1.99,-3.52,2.58,0.0,0.0,0.0,0,-1.06,neutral,bajista,0,-1.0,13,432,4,
s1790,FETUSDT,1780295400000,train,-1,-3.44,0.422,6.04,5.09,0.8,-2.38,0.28,0.0,0.0,0.0,0,-1.06,neutral,neutral,0,0.743,32,432,0,
s1791,STXUSDT,1780295400000,testB,-1,-2.68,0.593,3.61,3.53,1.33,-1.62,1.5,0.0,0.0,0.0,0,-1.06,neutral,bajista,0,0.402,32,432,4,
s1792,GRTUSDT,1780295400000,testB,-1,-3.92,0.531,5.89,5.73,0.86,-2.86,2.1,0.0,0.0,0.0,0,-1.06,neutral,bajista,0,0.514,32,432,8,
s1793,LDOUSDT,1780295400000,testB,-1,-2.22,0.51,3.18,3.12,1.24,-1.16,1.38,0.0,0.0,0.0,0,-1.06,neutral,bajista,0,0.09,32,432,4,
s1794,SANDUSDT,1780295400000,testB,-1,-2.7,0.643,3.83,3.76,1.01,-1.64,1.57,0.0,0.0,0.0,0,-1.06,neutral,bajista,0,0.448,32,432,8,
s1795,AXSUSDT,1780295400000,testB,-1,-2.18,0.433,3.78,3.69,1.04,-1.13,1.34,0.0,0.0,0.0,0,-1.06,neutral,bajista,0,-0.047,32,432,2,
s1796,XPLUSDT,1780296300000,train,-1,-4.09,0.536,6.68,5.88,1.09,-3.19,2.18,0.0,0.0,0.0,0,-0.89,neutral,neutral,0,-1.0,24,434,0,
s1797,PUMPUSDT,1780296300000,train,-1,-2.72,0.467,4.22,3.59,2.81,-1.82,1.25,0.0,0.0,0.0,0,-0.89,neutral,neutral,0,0.651,32,434,0,
s1798,0GUSDT,1780296300000,train,-1,-2.19,0.404,3.31,2.56,3.19,-1.3,1.23,0.0,0.0,0.0,0,-0.89,neutral,neutral,0,-0.162,32,434,0,
s1799,ENAUSDT,1780296300000,train,-1,-2.47,0.373,4.58,3.72,1.32,-1.58,1.04,0.0,0.0,0.0,0,-0.89,neutral,neutral,0,0.211,32,434,0,
s1800,OPUSDT,1780296300000,train,-1,-2.59,0.392,4.72,3.95,1.89,-1.7,1.23,0.0,0.0,0.0,0,-0.89,neutral,neutral,0,0.174,32,434,0,
s1801,TIAUSDT,1780296300000,train,-1,-3.6,0.563,5.39,4.67,2.26,-2.71,1.52,0.0,0.0,0.0,0,-0.89,neutral,neutral,0,0.039,32,434,0,
s1802,SEIUSDT,1780296300000,train,-1,-2.9,0.415,4.69,3.75,1.28,-2.0,1.09,0.0,0.0,0.0,0,-0.89,neutral,neutral,0,0.248,32,434,0,
s1803,ONDOUSDT,1780296300000,train,-1,-4.27,0.612,5.96,5.11,1.19,-3.38,2.0,0.0,0.0,0.0,0,-0.89,neutral,neutral,0,-1.0,12,433,0,
s1804,STXUSDT,1780296300000,testB,-1,-2.22,0.445,3.59,2.99,1.42,-1.32,1.0,0.0,0.0,0.0,0,-0.89,neutral,neutral,0,0.629,32,433,0,
s1805,GRTUSDT,1780296300000,testB,-1,-3.61,0.471,5.85,5.11,1.11,-2.72,1.52,0.0,0.0,0.0,0,-0.89,neutral,neutral,0,0.649,32,433,0,
s1806,SANDUSDT,1780296300000,testB,-1,-2.3,0.502,3.97,3.24,1.13,-1.41,1.05,0.0,0.0,0.0,0,-0.89,neutral,neutral,0,0.598,32,433,0,
s1807,APEUSDT,1780296300000,testB,1,4.0,0.399,4.05,3.85,0.96,4.89,2.09,0.0,0.0,0.0,0,-0.89,neutral,neutral,0,-1.0,15,433,1,
s1808,XPLUSDT,1780297200000,train,-1,-4.39,0.606,6.66,5.51,1.12,-3.36,1.67,0.0,0.0,0.0,0,-1.03,neutral,neutral,0,-1.0,23,435,0,
s1809,PUMPUSDT,1780297200000,train,-1,-2.82,0.495,4.04,3.24,2.89,-1.79,0.99,0.0,0.0,0.0,0,-1.03,neutral,neutral,0,0.684,32,435,0,
s1810,ENAUSDT,1780297200000,train,-1,-2.75,0.434,4.57,3.64,1.2,-1.72,0.87,0.0,0.0,0.0,0,-1.03,neutral,neutral,0,0.332,32,435,0,
s1811,OPUSDT,1780297200000,train,-1,-2.75,0.429,4.7,3.59,1.69,-1.72,0.83,0.0,0.0,0.0,0,-1.03,neutral,neutral,0,0.143,32,435,0,
s1812,TIAUSDT,1780297200000,train,-1,-3.34,0.504,5.37,4.24,1.8,-2.32,1.01,0.0,0.0,0.0,0,-1.03,neutral,neutral,0,0.03,32,435,0,
s1813,SEIUSDT,1780297200000,train,-1,-3.01,0.439,4.66,3.55,1.32,-1.98,0.91,0.0,0.0,0.0,0,-1.03,neutral,neutral,0,0.207,32,435,0,
s1814,ONDOUSDT,1780297200000,train,-1,-3.93,0.578,5.92,4.99,0.97,-2.9,1.73,0.0,0.0,0.0,0,-1.03,neutral,neutral,0,-1.0,11,434,0,
s1815,STXUSDT,1780297200000,testB,-1,-2.5,0.526,3.59,3.04,1.24,-1.48,0.96,0.0,0.0,0.0,0,-1.03,neutral,neutral,0,0.549,32,434,1,
s1816,GRTUSDT,1780297200000,testB,-1,-4.02,0.522,5.87,5.36,0.98,-2.99,1.59,0.0,0.0,0.0,0,-1.03,neutral,neutral,0,0.482,32,434,1,
s1817,SANDUSDT,1780297200000,testB,-1,-2.15,0.463,3.97,3.13,0.91,-1.12,0.88,0.0,0.0,0.0,0,-1.03,neutral,neutral,0,0.539,32,434,0,
s1818,APEUSDT,1780297200000,testB,1,4.98,0.452,5.08,4.81,1.31,6.01,2.77,0.0,0.0,0.0,0,-1.03,neutral,alcista,0,-1.0,14,434,2,
s1819,ASTERUSDT,1780298100000,train,-1,-3.18,0.695,3.77,3.41,1.39,-1.91,1.14,0.0,0.0,0.0,0,-1.27,neutral,neutral,0,0.884,32,436,1,
s1820,XPLUSDT,1780298100000,train,-1,-5.13,0.746,6.67,5.75,1.17,-3.86,1.9,0.0,0.0,0.0,0,-1.27,neutral,neutral,0,-1.0,22,436,1,
s1821,PUMPUSDT,1780298100000,train,-1,-3.43,0.564,4.0,3.72,2.44,-2.16,1.47,0.0,0.0,0.0,0,-1.27,neutral,neutral,0,0.738,32,436,1,
s1822,0GUSDT,1780298100000,train,-1,-2.73,0.462,3.32,2.88,2.54,-1.46,1.35,0.0,0.0,0.0,0,-1.27,neutral,neutral,0,-0.059,32,436,1,
s1823,ENAUSDT,1780298100000,train,-1,-3.32,0.533,4.59,3.9,1.11,-2.05,1.18,0.0,0.0,0.0,0,-1.27,neutral,neutral,0,0.55,32,436,1,
s1824,ARBUSDT,1780298100000,train,-1,-2.4,0.472,3.65,2.76,1.21,-1.14,0.76,0.0,0.0,0.0,0,-1.27,neutral,neutral,0,1.0,32,436,1,
s1825,OPUSDT,1780298100000,train,-1,-3.81,0.59,4.73,4.22,1.41,-2.54,1.44,0.0,0.0,0.0,0,-1.27,neutral,neutral,0,0.224,32,436,1,
s1826,INJUSDT,1780298100000,train,-1,-3.07,0.36,4.22,3.65,1.11,-1.8,1.18,0.0,0.0,0.0,0,-1.27,neutral,bajista,0,-1.0,14,436,2,
s1827,SUIUSDT,1780298100000,train,-1,-2.83,0.573,3.3,3.26,1.19,-1.56,1.24,0.0,0.0,0.0,0,-1.27,neutral,neutral,0,0.558,32,436,1,
s1828,TIAUSDT,1780298100000,train,-1,-4.08,0.621,5.39,4.61,1.06,-2.81,1.41,0.0,0.0,0.0,0,-1.27,neutral,neutral,0,0.163,32,436,1,
s1829,SEIUSDT,1780298100000,train,-1,-3.45,0.509,4.61,3.71,1.16,-2.18,1.08,0.0,0.0,0.0,0,-1.27,neutral,neutral,0,0.251,32,436,1,
s1830,JUPUSDT,1780298100000,train,-1,-3.32,0.504,4.49,3.7,0.77,-2.05,1.36,0.0,0.0,0.0,0,-1.27,neutral,bajista,0,0.457,32,436,2,
s1831,PENDLEUSDT,1780298100000,train,-1,-2.66,0.47,3.47,3.3,0.96,-1.4,1.36,0.0,0.0,0.0,0,-1.27,neutral,neutral,0,-1.0,30,436,1,
s1832,ONDOUSDT,1780298100000,train,-1,-4.85,0.75,5.94,5.35,0.88,-3.58,2.02,0.0,0.0,0.0,0,-1.27,neutral,neutral,0,-1.0,10,435,1,
s1833,STXUSDT,1780298100000,testB,-1,-3.08,0.638,3.61,3.39,0.82,-1.81,1.24,0.0,0.0,0.0,0,-1.27,neutral,bajista,0,0.62,32,435,2,
s1834,GRTUSDT,1780298100000,testB,-1,-5.28,0.732,5.89,5.85,0.83,-4.02,2.1,0.0,0.0,0.0,0,-1.27,neutral,bajista,0,0.503,32,435,2,
s1835,LDOUSDT,1780298100000,testB,-1,-2.36,0.488,3.16,2.67,1.18,-1.09,0.9,0.0,0.0,0.0,0,-1.27,neutral,neutral,0,0.5,32,435,1,
s1836,SANDUSDT,1780298100000,testB,-1,-3.08,0.682,3.99,3.58,0.75,-1.81,1.27,0.0,0.0,0.0,0,-1.27,neutral,neutral,0,0.644,32,435,1,
s1837,MANAUSDT,1780298100000,testB,-1,-2.21,0.543,2.74,2.5,1.1,-0.95,0.99,0.0,0.0,0.0,0,-1.27,neutral,neutral,0,0.571,32,435,1,
s1838,AXSUSDT,1780298100000,testB,-1,-3.24,0.6,3.69,3.52,0.98,-1.97,1.22,0.0,0.0,0.0,0,-1.27,neutral,neutral,0,0.073,32,435,1,
s1839,ASTERUSDT,1780299000000,train,-1,-3.09,0.687,3.67,3.55,0.96,-1.85,1.34,0.0,0.0,0.0,0,-1.23,neutral,bajista,0,0.756,32,437,2,
s1840,XPLUSDT,1780299000000,train,-1,-5.05,0.742,6.71,6.37,0.86,-3.82,2.23,0.0,0.0,0.0,0,-1.23,neutral,bajista,0,-1.0,21,437,2,
s1841,PUMPUSDT,1780299000000,train,-1,-3.11,0.538,4.47,3.84,2.44,-1.88,1.43,0.0,0.0,0.0,0,-1.23,neutral,bajista,0,0.328,32,437,2,
s1842,0GUSDT,1780299000000,train,-1,-2.64,0.453,3.08,2.84,1.41,-1.41,1.41,0.0,0.0,0.0,0,-1.23,neutral,bajista,0,-0.379,32,437,2,
s1843,ENAUSDT,1780299000000,train,-1,-3.35,0.536,4.5,4.0,0.9,-2.12,1.25,0.0,0.0,0.0,0,-1.23,neutral,bajista,0,0.147,32,437,2,
s1844,ARBUSDT,1780299000000,train,-1,-2.22,0.451,3.65,2.96,1.09,-0.99,0.88,0.0,0.0,0.0,0,-1.23,neutral,bajista,0,0.433,32,437,2,
s1845,OPUSDT,1780299000000,train,-1,-3.49,0.568,4.66,4.31,1.0,-2.26,1.48,0.0,0.0,0.0,0,-1.23,neutral,bajista,0,-0.12,32,437,2,
s1846,INJUSDT,1780299000000,train,-1,-3.0,0.353,4.23,4.12,0.96,-1.77,1.54,0.0,0.0,0.0,0,-1.23,neutral,bajista,0,-1.0,13,437,3,
s1847,SUIUSDT,1780299000000,train,-1,-2.47,0.505,3.53,3.09,1.01,-1.24,0.99,0.0,0.0,0.0,0,-1.23,neutral,neutral,0,0.38,32,437,0,
s1848,TIAUSDT,1780299000000,train,-1,-3.73,0.598,4.89,4.37,0.71,-2.5,1.49,0.0,0.0,0.0,0,-1.23,neutral,bajista,0,-0.202,32,437,2,
s1849,SEIUSDT,1780299000000,train,-1,-3.29,0.496,3.93,3.48,1.07,-2.06,1.35,0.0,0.0,0.0,0,-1.23,neutral,bajista,0,-0.429,32,437,2,
s1850,JUPUSDT,1780299000000,train,-1,-3.53,0.519,4.5,3.97,0.58,-2.29,1.46,0.0,0.0,0.0,0,-1.23,neutral,bajista,0,0.053,32,437,3,
s1851,PENDLEUSDT,1780299000000,train,-1,-2.71,0.484,3.59,3.13,0.78,-1.48,1.03,0.0,0.0,0.0,0,-1.23,neutral,neutral,0,-1.0,29,437,0,
s1852,ONDOUSDT,1780299000000,train,-1,-3.68,0.54,5.78,4.41,0.73,-2.45,1.15,0.0,0.0,0.0,0,-1.23,neutral,neutral,0,-1.0,9,436,0,
s1853,STXUSDT,1780299000000,testB,-1,-2.8,0.615,3.14,3.01,0.77,-1.57,1.28,0.0,0.0,0.0,0,-1.23,neutral,bajista,0,0.286,32,436,3,
s1854,GRTUSDT,1780299000000,testB,-1,-4.51,0.698,5.2,5.08,0.69,-3.28,2.19,0.0,0.0,0.0,0,-1.23,neutral,bajista,0,0.372,32,436,3,
s1855,LDOUSDT,1780299000000,testB,-1,-2.16,0.464,3.16,2.7,0.99,-0.92,0.87,0.0,0.0,0.0,0,-1.23,neutral,neutral,0,0.057,32,436,0,
s1856,SANDUSDT,1780299000000,testB,-1,-2.94,0.672,3.99,3.73,0.86,-1.71,1.29,0.0,0.0,0.0,0,-1.23,neutral,bajista,0,0.288,32,436,2,
s1857,AXSUSDT,1780299000000,testB,-1,-2.59,0.508,3.68,3.34,0.83,-1.35,0.97,0.0,0.0,0.0,0,-1.23,neutral,neutral,0,-0.205,32,436,0,
s1858,ASTERUSDT,1780299900000,train,-1,-3.33,0.72,3.99,3.76,0.7,-2.04,1.38,0.0,0.0,0.0,0,-1.3,neutral,bajista,0,0.568,32,438,3,
s1859,XPLUSDT,1780299900000,train,-1,-5.37,0.803,6.84,6.49,0.8,-4.08,2.22,0.0,0.0,0.0,0,-1.3,neutral,bajista,0,-1.0,20,438,3,
s1860,PUMPUSDT,1780299900000,train,-1,-3.6,0.607,4.48,4.2,2.27,-2.31,1.64,0.0,0.0,0.0,0,-1.3,neutral,bajista,0,0.301,32,438,3,
s1861,0GUSDT,1780299900000,train,-1,-2.93,0.479,3.32,3.17,1.48,-1.64,1.64,0.0,0.0,0.0,0,-1.3,neutral,bajista,0,-0.364,32,438,3,
s1862,ENAUSDT,1780299900000,train,-1,-4.19,0.61,5.06,4.79,1.1,-2.89,1.86,0.0,0.0,0.0,0,-1.3,neutral,bajista,0,-0.015,32,438,3,
s1863,ARBUSDT,1780299900000,train,-1,-2.8,0.509,3.87,3.57,1.07,-1.5,1.36,0.0,0.0,0.0,0,-1.3,neutral,bajista,0,0.222,32,438,3,
s1864,OPUSDT,1780299900000,train,-1,-4.07,0.636,5.02,4.76,1.03,-2.77,1.79,0.0,0.0,0.0,0,-1.3,neutral,bajista,0,-0.182,32,438,3,
s1865,SUIUSDT,1780299900000,train,-1,-2.75,0.54,3.64,3.34,1.04,-1.45,1.16,0.0,0.0,0.0,0,-1.3,neutral,neutral,0,0.397,32,438,1,
s1866,TIAUSDT,1780299900000,train,-1,-4.03,0.617,5.09,4.83,0.89,-2.74,1.76,0.0,0.0,0.0,0,-1.3,neutral,bajista,0,-0.195,32,438,3,
s1867,SEIUSDT,1780299900000,train,-1,-3.27,0.492,3.92,3.72,1.12,-1.97,1.65,0.0,0.0,0.0,0,-1.3,neutral,bajista,0,-0.463,32,438,3,
s1868,JUPUSDT,1780299900000,train,-1,-3.94,0.546,4.58,4.42,0.54,-2.64,1.74,0.0,0.0,0.0,0,-1.3,neutral,bajista,0,0.012,32,438,4,
s1869,PENDLEUSDT,1780299900000,train,-1,-2.8,0.491,3.64,3.38,0.69,-1.5,1.15,0.0,0.0,0.0,0,-1.3,neutral,neutral,0,-1.0,28,438,1,
s1870,ONDOUSDT,1780299900000,train,-1,-4.54,0.592,5.84,5.36,0.59,-3.25,1.81,0.0,0.0,0.0,0,-1.3,neutral,neutral,0,-1.0,8,437,1,
s1871,STXUSDT,1780299900000,testB,-1,-2.93,0.625,3.45,3.23,0.84,-1.63,1.39,0.0,0.0,0.0,0,-1.3,neutral,bajista,0,0.28,32,437,4,
s1872,GRTUSDT,1780299900000,testB,-1,-5.05,0.72,5.79,5.75,0.73,-3.75,2.57,0.0,0.0,0.0,0,-1.3,neutral,bajista,0,0.255,32,437,4,
s1873,LDOUSDT,1780299900000,testB,-1,-2.64,0.534,3.3,3.12,1.02,-1.34,1.16,0.0,0.0,0.0,0,-1.3,neutral,neutral,0,-0.09,32,437,1,
s1874,SANDUSDT,1780299900000,testB,-1,-3.31,0.701,4.25,4.11,0.95,-2.01,1.49,0.0,0.0,0.0,0,-1.3,neutral,bajista,0,0.248,32,437,3,
s1875,AXSUSDT,1780299900000,testB,-1,-3.33,0.606,4.22,3.97,0.94,-2.04,1.43,0.0,0.0,0.0,0,-1.3,neutral,neutral,0,-0.239,32,437,1,
s1876,ASTERUSDT,1780300800000,train,-1,-2.54,0.523,3.5,2.71,0.79,-1.49,0.95,0.0,0.0,0.0,0,-1.05,neutral,neutral,0,1.063,32,439,0,
s1877,XPLUSDT,1780300800000,train,-1,-5.16,0.797,5.79,5.45,0.75,-4.11,2.09,0.0,0.0,0.0,0,-1.05,neutral,neutral,0,-1.0,14,439,0,
s1878,PUMPUSDT,1780300800000,train,-1,-2.79,0.5,3.67,3.15,1.93,-1.74,1.3,0.0,0.0,0.0,0,-1.05,neutral,neutral,0,0.545,32,439,0,
s1879,0GUSDT,1780300800000,train,-1,-2.97,0.481,3.38,3.38,1.77,-1.91,1.81,0.0,0.0,0.0,0,-1.05,neutral,bajista,0,-0.445,32,439,4,
s1880,ENAUSDT,1780300800000,train,-1,-3.51,0.565,3.99,3.74,1.18,-2.46,1.75,0.0,0.0,0.0,0,-1.05,neutral,bajista,0,-0.146,32,439,4,
s1881,ARBUSDT,1780300800000,train,-1,-2.33,0.444,2.98,2.48,1.13,-1.27,1.19,0.0,0.0,0.0,0,-1.05,neutral,neutral,0,0.52,32,439,0,
s1882,OPUSDT,1780300800000,train,-1,-3.51,0.583,4.24,3.81,1.01,-2.45,1.62,0.0,0.0,0.0,0,-1.05,neutral,neutral,0,-0.159,32,439,0,
s1883,SUIUSDT,1780300800000,train,-1,-2.04,0.423,2.67,2.16,1.18,-0.98,0.9,0.0,0.0,0.0,0,-1.05,neutral,neutral,0,0.72,32,439,0,
s1884,TIAUSDT,1780300800000,train,-1,-3.38,0.558,3.94,3.6,0.8,-2.33,1.58,0.0,0.0,0.0,0,-1.05,neutral,neutral,0,-0.232,32,439,0,
s1885,SEIUSDT,1780300800000,train,-1,-2.74,0.447,2.91,2.91,0.92,-1.69,1.71,0.0,0.0,0.0,0,-1.05,neutral,bajista,0,-1.0,7,439,4,
s1886,JUPUSDT,1780300800000,train,-1,-3.03,0.437,4.03,3.55,0.53,-1.98,1.39,0.0,0.0,0.0,0,-1.05,neutral,neutral,0,-1.0,14,439,0,
s1887,PENDLEUSDT,1780300800000,train,-1,-2.26,0.385,2.93,2.31,0.78,-1.21,0.77,0.0,0.0,0.0,0,-1.05,neutral,neutral,0,-1.0,27,439,0,
s1888,ONDOUSDT,1780300800000,train,-1,-4.31,0.57,5.01,4.47,0.57,-3.26,1.68,0.0,0.0,0.0,0,-1.05,neutral,neutral,0,-1.0,7,438,0,
s1889,STXUSDT,1780300800000,testB,-1,-2.44,0.547,2.97,2.63,0.93,-1.38,1.18,0.0,0.0,0.0,0,-1.05,neutral,neutral,0,0.459,32,438,0,
s1890,GRTUSDT,1780300800000,testB,-1,-4.28,0.638,5.06,4.79,0.9,-3.23,2.24,0.0,0.0,0.0,0,-1.05,neutral,neutral,0,0.413,32,438,0,
s1891,SANDUSDT,1780300800000,testB,-1,-3.43,0.708,4.24,3.73,1.97,-2.38,1.7,0.0,0.0,0.0,0,-1.05,neutral,bajista,0,0.153,32,438,4,
s1892,AXSUSDT,1780300800000,testB,-1,-2.68,0.485,3.69,3.01,1.03,-1.62,1.11,0.0,0.0,0.0,0,-1.05,neutral,neutral,0,-0.2,32,438,0,
s1893,ASTERUSDT,1780301700000,train,-1,-2.32,0.499,3.09,2.75,1.18,-1.42,1.21,0.0,0.0,0.0,0,-0.9,neutral,neutral,0,-1.0,6,440,1,
s1894,XPLUSDT,1780301700000,train,-1,-4.0,0.75,5.1,4.4,0.84,-3.1,1.8,0.0,0.0,0.0,0,-0.9,neutral,neutral,0,-1.0,10,440,0,
s1895,PUMPUSDT,1780301700000,train,-1,-2.41,0.462,3.22,2.99,1.74,-1.51,1.37,0.0,0.0,0.0,0,-0.9,neutral,neutral,0,0.135,32,440,1,
s1896,0GUSDT,1780301700000,train,-1,-2.83,0.468,3.93,3.63,2.95,-1.93,1.82,0.0,0.0,0.0,0,-0.9,neutral,bajista,0,-0.68,32,440,5,
s1897,ENAUSDT,1780301700000,train,-1,-2.7,0.498,3.56,3.29,1.39,-1.8,1.68,0.0,0.0,0.0,0,-0.9,neutral,bajista,0,-0.525,32,440,5,
s1898,OPUSDT,1780301700000,train,-1,-3.11,0.552,3.81,3.55,1.15,-2.2,1.55,0.0,0.0,0.0,0,-0.9,neutral,neutral,0,-0.463,32,440,1,
s1899,TIAUSDT,1780301700000,train,-1,-2.34,0.438,3.46,2.89,0.94,-1.44,1.21,0.0,0.0,0.0,0,-0.9,neutral,neutral,0,-0.532,32,440,0,
s1900,JUPUSDT,1780301700000,train,-1,-2.23,0.361,3.93,3.19,0.78,-1.33,1.35,0.0,0.0,0.0,0,-0.9,neutral,neutral,0,-1.0,13,440,1,
s1901,ONDOUSDT,1780301700000,train,-1,-3.81,0.537,4.7,4.47,0.7,-2.9,1.92,0.0,0.0,0.0,0,-0.9,neutral,neutral,0,-1.0,6,439,1,
s1902,STXUSDT,1780301700000,testB,-1,-2.24,0.525,2.85,2.72,1.05,-1.33,1.24,0.0,0.0,0.0,0,-0.9,neutral,neutral,0,0.111,32,439,1,
s1903,GRTUSDT,1780301700000,testB,-1,-3.7,0.602,4.79,4.55,1.05,-2.8,1.95,0.0,0.0,0.0,0,-0.9,neutral,neutral,0,0.33,32,439,1,
s1904,SANDUSDT,1780301700000,testB,-1,-3.01,0.679,3.76,3.44,2.59,-2.11,1.68,0.0,0.0,0.0,0,-0.9,neutral,bajista,0,-0.111,32,439,5,
s1905,AXSUSDT,1780301700000,testB,-1,-2.35,0.452,3.44,2.84,1.11,-1.45,1.02,0.0,0.0,0.0,0,-0.9,neutral,neutral,0,-0.545,32,439,1,
s1906,ASTERUSDT,1780302600000,train,-1,-2.25,0.476,2.79,2.32,1.08,-1.27,0.99,0.0,0.0,0.0,0,-0.98,neutral,neutral,0,-1.0,5,441,0,
s1907,XPLUSDT,1780302600000,train,-1,-3.89,0.714,4.86,4.05,0.9,-2.91,1.56,0.0,0.0,0.0,0,-0.98,neutral,neutral,0,-1.0,9,441,0,
s1908,PUMPUSDT,1780302600000,train,-1,-2.35,0.447,3.32,2.46,1.1,-1.37,0.96,0.0,0.0,0.0,0,-0.98,neutral,neutral,0,0.163,32,441,0,
s1909,0GUSDT,1780302600000,train,-1,-3.37,0.58,4.16,3.81,3.0,-2.39,1.79,0.0,0.0,0.0,0,-0.98,neutral,bajista,0,-0.747,32,441,6,
s1910,ENAUSDT,1780302600000,train,-1,-2.74,0.511,3.62,2.86,1.66,-1.76,1.27,0.0,0.0,0.0,0,-0.98,neutral,neutral,0,-0.715,32,441,0,
s1911,ARBUSDT,1780302600000,train,-1,-2.04,0.429,2.78,2.29,1.51,-1.06,1.08,0.0,0.0,0.0,0,-0.98,neutral,neutral,0,0.217,32,441,0,
s1912,OPUSDT,1780302600000,train,-1,-3.02,0.529,3.8,3.11,1.42,-2.03,1.2,0.0,0.0,0.0,0,-0.98,neutral,neutral,0,-0.611,32,441,0,
s1913,TIAUSDT,1780302600000,train,-1,-2.44,0.466,3.31,2.68,1.02,-1.45,1.03,0.0,0.0,0.0,0,-0.98,neutral,neutral,0,-0.515,32,441,0,
s1914,JUPUSDT,1780302600000,train,-1,-2.38,0.397,3.71,2.7,1.07,-1.39,0.98,0.0,0.0,0.0,0,-0.98,neutral,neutral,0,-1.0,12,441,0,
s1915,ONDOUSDT,1780302600000,train,-1,-3.66,0.508,4.56,3.8,0.83,-2.68,1.38,0.0,0.0,0.0,0,-0.98,neutral,neutral,0,-1.0,5,440,0,
s1916,STXUSDT,1780302600000,testB,-1,-2.4,0.588,2.85,2.41,1.22,-1.41,1.03,0.0,0.0,0.0,0,-0.98,neutral,neutral,0,0.107,32,440,0,
s1917,GRTUSDT,1780302600000,testB,-1,-4.44,0.736,5.16,4.81,1.19,-3.46,2.07,0.0,0.0,0.0,0,-0.98,neutral,bajista,0,0.14,32,440,2,
s1918,SANDUSDT,1780302600000,testB,-1,-3.23,0.731,3.62,3.33,2.53,-2.25,1.63,0.0,0.0,0.0,0,-0.98,neutral,bajista,0,-0.256,32,440,6,
s1919,AXSUSDT,1780302600000,testB,-1,-2.02,0.364,3.0,2.06,1.16,-1.03,0.63,0.0,0.0,0.0,0,-0.98,neutral,neutral,0,-0.708,32,440,0,
s1920,XPLUSDT,1780303500000,train,-1,-2.92,0.619,4.16,3.24,0.79,-2.07,1.28,0.0,0.0,0.0,0,-0.85,neutral,neutral,0,-1.0,7,442,0,
s1921,0GUSDT,1780303500000,train,-1,-3.41,0.593,4.1,3.51,2.33,-2.56,1.36,0.0,0.0,0.0,0,-0.85,neutral,neutral,0,-0.965,32,442,0,
s1922,ENAUSDT,1780303500000,train,-1,-2.26,0.417,3.44,2.41,1.36,-1.41,0.81,0.0,0.0,0.0,0,-0.85,neutral,neutral,0,-1.0,32,442,0,
s1923,OPUSDT,1780303500000,train,-1,-2.52,0.455,3.54,2.67,1.16,-1.68,0.86,0.0,0.0,0.0,0,-0.85,neutral,neutral,0,-1.0,32,442,0,
s1924,TIAUSDT,1780303500000,train,-1,-2.01,0.367,3.14,2.18,1.34,-1.16,0.55,0.0,0.0,0.0,0,-0.85,neutral,neutral,0,-1.0,32,442,0,
s1925,PENDLEUSDT,1780303500000,train,-1,-2.15,0.369,3.07,2.29,1.26,-1.3,0.65,0.0,0.0,0.0,0,-0.85,neutral,neutral,0,-1.0,16,442,1,
s1926,ONDOUSDT,1780303500000,train,-1,-2.85,0.403,4.41,3.31,0.89,-2.01,0.92,0.0,0.0,0.0,0,-0.85,neutral,neutral,0,-1.0,4,441,0,
s1927,GRTUSDT,1780303500000,testB,-1,-3.92,0.64,4.87,4.2,1.15,-3.07,1.52,0.0,0.0,0.0,0,-0.85,neutral,neutral,0,0.085,32,441,0,
s1928,SANDUSDT,1780303500000,testB,-1,-2.69,0.589,3.42,2.78,2.1,-1.84,1.13,0.0,0.0,0.0,0,-0.85,neutral,neutral,0,-0.416,32,441,0,
s1929,XPLUSDT,1780304400000,train,-1,-2.25,0.435,4.02,2.53,0.77,-1.49,0.47,0.0,0.0,0.0,0,-0.76,neutral,neutral,0,-1.0,6,443,0,
s1930,0GUSDT,1780304400000,train,-1,-2.73,0.475,3.86,2.93,1.9,-1.97,0.87,0.0,0.0,0.0,0,-0.76,neutral,neutral,0,-1.0,31,443,0,
s1931,ONDOUSDT,1780304400000,train,-1,-2.67,0.386,4.3,3.22,0.89,-1.91,0.72,0.0,0.0,0.0,0,-0.76,neutral,neutral,0,-1.0,3,442,1,
s1932,GRTUSDT,1780304400000,testB,-1,-3.74,0.628,4.87,4.24,1.01,-2.98,1.32,0.0,0.0,0.0,0,-0.76,neutral,neutral,0,0.028,32,442,1,
s1933,SANDUSDT,1780304400000,testB,-1,-2.2,0.494,3.27,2.44,0.8,-1.44,0.77,0.0,0.0,0.0,0,-0.76,neutral,neutral,0,-0.425,32,442,0,
s1934,0GUSDT,1780305300000,train,-1,-2.47,0.45,3.74,2.88,0.79,-2.02,0.91,0.0,0.0,0.0,0,-0.45,neutral,neutral,0,-1.0,30,444,1,
s1935,ONDOUSDT,1780305300000,train,-1,-2.43,0.364,3.85,2.8,0.7,-1.98,0.71,0.0,0.0,0.0,0,-0.45,neutral,bajista,0,-1.0,2,443,2,
s1936,GRTUSDT,1780305300000,testB,-1,-3.26,0.594,4.28,3.77,0.98,-2.81,1.36,0.0,0.0,0.0,0,-0.45,neutral,bajista,0,-0.126,32,443,2,
s1937,0GUSDT,1780306200000,train,-1,-2.52,0.463,3.74,2.78,0.67,-1.87,0.77,0.0,0.0,0.0,0,-0.64,neutral,neutral,0,-1.0,29,445,0,
s1938,GRTUSDT,1780306200000,testB,-1,-3.22,0.592,4.28,3.77,0.85,-2.58,1.2,0.0,0.0,0.0,0,-0.64,neutral,neutral,0,-0.253,32,444,0,
s1939,0GUSDT,1780307100000,train,-1,-2.45,0.455,3.35,2.54,0.59,-1.82,0.78,0.0,0.0,0.0,0,-0.63,neutral,neutral,0,-1.0,28,446,1,
s1940,ARUSDT,1780307100000,testB,-1,-2.94,0.351,5.13,4.1,0.46,-2.31,0.83,0.0,0.0,0.0,0,-0.63,neutral,neutral,0,-0.641,32,445,0,
s1941,GRTUSDT,1780307100000,testB,-1,-2.7,0.515,3.56,2.89,0.68,-2.06,0.91,0.0,0.0,0.0,0,-0.63,neutral,neutral,0,-0.274,32,445,0,
s1942,0GUSDT,1780308000000,train,-1,-2.32,0.44,2.99,2.45,0.52,-1.62,0.91,0.0,0.0,0.0,0,-0.69,neutral,bajista,0,-1.0,20,447,2,
s1943,GRTUSDT,1780308000000,testB,-1,-2.17,0.459,2.98,2.46,0.81,-1.48,0.88,0.0,0.0,0.0,0,-0.69,neutral,neutral,0,-0.306,32,446,1,
s1944,XPLUSDT,1780309800000,train,1,3.35,0.617,4.14,4.14,0.76,3.75,2.27,0.0,0.0,0.0,0,-0.4,neutral,alcista,0,0.703,32,449,2,
s1945,JUPUSDT,1780309800000,train,1,2.23,0.412,3.01,3.01,0.76,2.63,1.2,0.0,0.0,0.0,0,-0.4,neutral,alcista,0,-1.0,13,449,3,
s1946,XPLUSDT,1780310700000,train,1,3.46,0.625,5.68,4.57,1.84,3.98,2.54,0.0,0.0,0.0,0,-0.52,neutral,alcista,0,0.463,32,450,3,
s1947,APEUSDT,1780310700000,testB,-1,-3.64,0.38,5.53,5.11,0.44,-3.12,1.3,0.0,0.0,0.0,0,-0.52,neutral,neutral,0,-1.0,27,449,0,
s1948,XPLUSDT,1780311600000,train,1,3.67,0.64,5.76,5.09,2.37,4.28,2.87,0.0,0.0,0.0,0,-0.6,neutral,alcista,0,0.326,32,451,4,
s1949,APEUSDT,1780311600000,testB,-1,-4.01,0.441,5.5,4.24,0.37,-3.41,0.52,0.0,0.0,0.0,0,-0.6,neutral,neutral,0,-1.0,26,450,0,
s1950,XPLUSDT,1780312500000,train,1,4.03,0.714,5.75,5.2,2.88,4.45,2.85,0.0,0.0,0.0,0,-0.42,neutral,alcista,0,0.383,32,452,5,
s1951,INJUSDT,1780312500000,train,1,4.05,0.452,4.81,4.59,1.71,4.47,2.41,0.0,0.0,0.0,0,-0.42,neutral,neutral,0,1.634,32,452,1,
s1952,PENDLEUSDT,1780312500000,train,1,2.01,0.408,2.76,2.6,0.76,2.43,1.09,0.0,0.0,0.0,0,-0.42,neutral,neutral,1,2.0,28,452,1,
s1953,XPLUSDT,1780313400000,train,1,4.63,0.909,5.97,5.2,2.56,4.94,2.52,0.0,0.0,0.0,0,-0.31,neutral,neutral,0,0.617,32,453,0,
s1954,INJUSDT,1780313400000,train,1,4.12,0.459,5.16,4.16,1.73,4.43,1.62,0.0,0.0,0.0,0,-0.31,neutral,neutral,1,2.0,31,453,0,
s1955,JUPUSDT,1780313400000,train,1,3.18,0.625,4.31,4.01,1.68,3.49,1.85,0.0,0.0,0.0,0,-0.31,neutral,alcista,0,-1.0,9,453,2,
s1956,XPLUSDT,1780314300000,train,1,5.21,0.957,6.06,5.62,1.49,5.66,2.64,0.0,0.0,0.0,0,-0.44,neutral,neutral,0,0.451,32,454,1,
s1957,INJUSDT,1780314300000,train,1,3.27,0.353,5.19,3.63,1.34,3.72,1.03,0.0,0.0,0.0,0,-0.44,neutral,neutral,1,2.0,18,454,0,
s1958,JUPUSDT,1780314300000,train,1,4.04,0.792,4.4,4.4,1.58,4.49,2.09,0.0,0.0,0.0,0,-0.44,neutral,alcista,0,-1.0,8,454,3,
s1959,ASTERUSDT,1780315200000,train,-1,-2.65,0.392,5.92,5.37,1.31,-1.61,1.86,0.0,0.0,0.0,0,-1.04,neutral,bajista,0,-0.192,32,455,3,
s1960,XPLUSDT,1780315200000,train,1,3.01,0.394,6.3,3.6,1.92,4.05,0.48,0.0,0.0,0.0,0,-1.04,neutral,neutral,0,1.375,32,455,0,
s1961,STBLUSDT,1780315200000,train,-1,-4.1,0.409,5.89,4.86,0.7,-3.06,1.48,0.0,0.0,0.0,0,-1.04,neutral,bajista,0,-1.0,9,455,2,
s1962,XPLUSDT,1780316100000,train,1,4.87,0.512,6.08,5.19,1.75,5.56,2.14,0.0,0.0,0.0,0,-0.7,neutral,neutral,0,0.511,32,456,1,
s1963,INJUSDT,1780316100000,train,1,4.6,0.365,5.67,5.19,2.11,5.3,2.64,0.0,0.0,0.0,0,-0.7,neutral,neutral,0,0.864,32,456,1,
s1964,JUPUSDT,1780316100000,train,1,2.92,0.42,4.28,3.2,2.24,3.62,1.12,0.0,0.0,0.0,0,-0.7,neutral,neutral,0,-1.0,6,456,1,
s1965,XPLUSDT,1780317000000,train,1,5.79,0.556,5.91,5.8,1.85,6.45,2.86,0.0,0.0,0.0,0,-0.66,neutral,alcista,0,0.509,32,457,2,
s1966,INJUSDT,1780317000000,train,1,5.1,0.4,6.36,5.47,2.25,5.77,2.62,0.0,0.0,0.0,0,-0.66,neutral,alcista,0,0.616,32,457,2,
s1967,JUPUSDT,1780317000000,train,1,2.91,0.42,4.07,3.24,1.69,3.58,1.3,0.0,0.0,0.0,0,-0.66,neutral,alcista,0,-1.0,5,457,2,
s1968,ASTERUSDT,1780317900000,train,-1,-2.55,0.378,5.92,5.35,0.82,-1.62,1.44,0.0,0.0,0.0,0,-0.94,neutral,bajista,0,-0.095,32,458,2,
s1969,XPLUSDT,1780317900000,train,1,4.62,0.408,6.08,4.42,2.0,5.56,1.67,0.0,0.0,0.0,0,-0.94,neutral,neutral,0,0.7,32,458,0,
s1970,INJUSDT,1780317900000,train,1,5.03,0.398,6.06,5.52,2.3,5.97,2.76,0.0,0.0,0.0,0,-0.94,neutral,alcista,0,0.475,32,458,3,
s1971,ASTERUSDT,1780318800000,train,-1,-3.23,0.456,6.25,5.91,0.62,-1.69,1.71,0.0,0.0,0.0,0,-1.54,neutral,bajista,0,-0.067,32,459,3,
s1972,FETUSDT,1780318800000,train,-1,-4.88,0.352,8.77,7.91,1.05,-3.35,3.18,0.0,0.0,0.0,0,-1.54,neutral,bajista,0,-0.152,32,458,8,
s1973,ASTERUSDT,1780319700000,train,-1,-2.98,0.427,6.24,5.83,0.55,-1.37,1.5,0.0,0.0,0.0,0,-1.6,neutral,neutral,0,-0.085,32,460,0,
s1974,ASTERUSDT,1780320600000,train,-1,-3.87,0.648,6.23,5.72,0.61,-2.03,1.3,0.0,0.0,0.0,0,-1.84,neutral,neutral,0,-0.046,32,461,0,
s1975,ASTERUSDT,1780321500000,train,-1,-3.42,0.574,4.82,4.06,0.76,-1.83,1.01,0.0,0.0,0.0,0,-1.59,neutral,neutral,0,-0.022,32,462,0,
s1976,ASTERUSDT,1780322400000,train,-1,-3.79,0.598,4.33,4.0,0.99,-2.28,1.63,0.0,0.0,0.0,0,-1.51,neutral,neutral,0,-0.206,32,463,1,
s1977,SUIUSDT,1780322400000,train,-1,-2.0,0.4,2.86,2.52,3.72,-0.49,1.53,0.0,0.0,0.0,0,-1.51,neutral,bajista,0,-1.0,12,463,3,
s1978,SEIUSDT,1780322400000,train,-1,-2.14,0.356,3.51,2.81,1.8,-0.63,1.07,0.0,0.0,0.0,0,-1.51,neutral,bajista,0,-1.0,10,463,2,
s1979,ASTERUSDT,1780323300000,train,-1,-3.43,0.573,4.1,3.81,1.05,-1.83,1.66,0.0,0.0,0.0,0,-1.6,neutral,bajista,0,-0.359,32,464,2,
s1980,ASTERUSDT,1780324200000,train,-1,-2.22,0.407,3.84,3.0,1.06,-0.56,1.17,0.0,0.0,0.0,0,-1.66,neutral,neutral,0,-0.268,32,465,0,
s1981,STBLUSDT,1780324200000,train,1,5.62,0.442,8.78,7.11,5,7.28,4.21,0.0,0.0,0.0,0,-1.66,neutral,alcista,0,0.288,32,465,2,
s1982,JUPUSDT,1780324200000,train,-1,-3.11,0.361,5.78,4.93,1.65,-1.46,1.83,0.0,0.0,0.0,0,-1.66,neutral,neutral,0,-1.0,10,465,1,
s1983,ASTERUSDT,1780325100000,train,-1,-2.38,0.453,3.83,2.84,0.94,-0.77,0.85,0.0,0.0,0.0,0,-1.62,neutral,neutral,0,-0.392,32,466,0,
s1984,ARBUSDT,1780325100000,train,-1,-2.08,0.447,3.33,2.42,1.04,-0.46,0.84,0.0,0.0,0.0,0,-1.62,neutral,neutral,0,-1.0,9,466,0,
s1985,ONDOUSDT,1780325100000,train,-1,-3.22,0.412,4.03,3.53,0.97,-1.6,1.97,0.0,0.0,0.0,0,-1.62,neutral,bajista,0,-1.0,11,465,5,
s1986,STXUSDT,1780325100000,testB,-1,-2.01,0.382,2.53,2.14,0.78,-0.39,0.75,0.0,0.0,0.0,0,-1.62,neutral,neutral,0,-1.0,11,465,0,
s1987,GRTUSDT,1780325100000,testB,-1,-2.13,0.397,2.74,2.38,1.09,-0.51,0.99,0.0,0.0,0.0,0,-1.62,neutral,neutral,0,-1.0,11,465,0,
s1988,ASTERUSDT,1780326900000,train,-1,-2.23,0.386,3.39,2.28,0.71,-0.04,0.46,0.0,0.0,0.0,0,-2.18,bear,neutral,0,-0.282,32,468,1,train
s1989,PUMPUSDT,1780326900000,train,-1,-3.52,0.408,4.24,4.12,0.48,-1.34,1.8,0.0,0.0,0.0,0,-2.18,bear,neutral,0,-1.0,7,468,1,train
s1990,ARBUSDT,1780326900000,train,-1,-2.57,0.448,3.14,2.63,0.45,-0.38,1.14,0.0,0.0,0.0,0,-2.18,bear,neutral,0,-1.0,6,468,1,train
s1991,SUIUSDT,1780326900000,train,-1,-2.52,0.387,2.82,2.67,0.57,-0.34,1.23,0.0,0.0,0.0,0,-2.18,bear,neutral,0,-1.0,7,468,1,train
s1992,JUPUSDT,1780326900000,train,-1,-3.48,0.379,5.81,5.32,0.45,-1.29,1.91,0.0,0.0,0.0,0,-2.18,bear,neutral,0,-1.0,7,468,1,train
s1993,STXUSDT,1780326900000,testB,-1,-2.69,0.453,2.81,2.72,0.59,-0.51,1.25,0.0,0.0,0.0,0,-2.18,bear,neutral,0,-1.0,8,467,1,testB
s1994,GRTUSDT,1780326900000,testB,-1,-2.45,0.373,2.75,2.63,0.82,-0.27,1.16,0.0,0.0,0.0,0,-2.18,bear,neutral,0,-1.0,9,467,1,testB
s1995,LDOUSDT,1780326900000,testB,-1,-2.12,0.385,2.51,2.33,0.81,0.06,1.14,0.0,0.0,0.0,0,-2.18,bear,neutral,0,-1.0,6,467,1,testB
s1996,JUPUSDT,1780327800000,train,-1,-3.29,0.356,5.74,4.04,0.56,-1.31,0.64,0.0,0.0,0.0,0,-1.97,neutral,neutral,0,-1.0,6,469,0,
s1997,FETUSDT,1780327800000,train,-1,-5.87,0.706,7.11,6.58,0.86,-3.89,2.88,0.0,0.0,0.0,0,-1.97,neutral,bajista,0,-1.0,10,468,2,
s1998,JUPUSDT,1780328700000,train,-1,-3.94,0.435,5.75,4.31,0.54,-2.07,0.79,0.0,0.0,0.0,0,-1.87,neutral,neutral,0,-1.0,5,470,1,
s1999,FETUSDT,1780328700000,train,-1,-5.99,0.709,7.44,6.9,1.11,-4.12,3.05,0.0,0.0,0.0,0,-1.87,neutral,bajista,0,-1.0,9,469,3,
s2000,WLDUSDT,1780329600000,train,1,5.1,0.417,6.89,6.56,1.71,6.74,3.28,0.0,0.0,0.0,0,-1.64,neutral,neutral,1,2.0,15,471,1,
s2001,INJUSDT,1780329600000,train,1,7.66,0.517,7.49,7.13,1.53,9.29,3.99,0.0,0.0,0.0,0,-1.64,neutral,alcista,0,-0.269,32,471,3,
s2002,FETUSDT,1780329600000,train,-1,-4.56,0.646,7.24,5.55,1.47,-2.92,3.04,0.0,0.0,0.0,0,-1.64,neutral,bajista,0,-1.0,6,470,4,
s2003,STBLUSDT,1780330500000,train,1,7.13,0.388,9.86,7.57,0.9,8.69,2.79,0.0,0.0,0.0,0,-1.56,neutral,neutral,0,-0.121,32,472,1,
s2004,INJUSDT,1780330500000,train,1,6.12,0.468,7.45,7.23,2.27,7.69,4.84,0.0,0.0,0.0,0,-1.56,neutral,alcista,0,-0.594,32,472,4,
s2005,INJUSDT,1780331400000,train,1,6.39,0.479,7.97,7.73,2.45,7.68,4.94,0.0,0.0,0.0,0,-1.29,neutral,alcista,0,-0.601,32,473,5,
s2006,PENDLEUSDT,1780332300000,train,1,3.86,0.365,6.0,5.71,1.2,4.77,3.03,0.0,0.0,0.0,0,-0.91,neutral,alcista,0,0.213,32,474,3,
s2007,STBLUSDT,1780333200000,train,1,6.93,0.358,9.91,7.14,0.63,7.3,1.61,0.0,0.0,0.0,0,-0.37,neutral,neutral,0,-0.185,32,475,1,
s2008,0GUSDT,1780333200000,train,1,3.29,0.414,3.78,3.4,1.04,3.66,1.89,0.0,0.0,0.0,0,-0.37,neutral,alcista,0,-0.252,32,475,4,
s2009,ENAUSDT,1780333200000,train,1,3.34,0.416,4.91,4.48,1.02,3.7,2.17,0.0,0.0,0.0,0,-0.37,neutral,alcista,0,-0.161,32,475,5,
s2010,OPUSDT,1780333200000,train,1,4.07,0.475,5.57,5.15,1.26,4.43,2.79,0.0,0.0,0.0,0,-0.37,neutral,alcista,0,0.403,32,475,4,
s2011,INJUSDT,1780333200000,train,1,5.48,0.374,8.09,6.32,1.76,5.85,2.55,0.0,0.0,0.0,0,-0.37,neutral,neutral,0,-0.449,32,475,1,
s2012,TIAUSDT,1780333200000,train,1,3.16,0.416,4.87,3.95,1.27,3.53,1.77,0.0,0.0,0.0,0,-0.37,neutral,alcista,0,0.135,32,475,2,
s2013,SEIUSDT,1780333200000,train,1,3.59,0.469,4.66,4.35,1.02,3.96,2.02,0.0,0.0,0.0,0,-0.37,neutral,alcista,0,0.919,32,475,4,
s2014,ARUSDT,1780333200000,testB,1,4.26,0.54,5.3,4.91,1.09,4.62,2.5,0.0,0.0,0.0,0,-0.37,neutral,alcista,0,-0.487,32,474,7,
s2015,SANDUSDT,1780333200000,testB,1,2.3,0.38,3.56,3.13,0.65,2.67,1.39,0.0,0.0,0.0,0,-0.37,neutral,alcista,0,-0.244,32,474,5,
s2016,AXSUSDT,1780333200000,testB,1,2.41,0.378,3.11,2.69,0.86,2.78,1.3,0.0,0.0,0.0,0,-0.37,neutral,alcista,0,-0.719,32,474,4,
s2017,0GUSDT,1780334100000,train,1,2.74,0.371,3.78,3.4,1.2,2.87,1.71,0.0,0.0,0.0,0,-0.14,neutral,alcista,0,-0.357,32,476,5,
s2018,ENAUSDT,1780334100000,train,1,3.39,0.42,5.0,4.82,1.21,3.52,2.23,0.0,0.0,0.0,0,-0.14,neutral,alcista,0,-0.329,32,476,6,
s2019,OPUSDT,1780334100000,train,1,4.57,0.505,6.02,5.86,1.5,4.71,3.2,0.0,0.0,0.0,0,-0.14,neutral,alcista,0,0.113,32,476,5,
s2020,TIAUSDT,1780334100000,train,1,3.08,0.41,4.87,3.95,1.37,3.22,1.56,0.0,0.0,0.0,0,-0.14,neutral,neutral,0,0.083,32,476,0,
s2021,SEIUSDT,1780334100000,train,1,3.47,0.455,4.66,4.31,1.02,3.61,1.78,0.0,0.0,0.0,0,-0.14,neutral,neutral,0,0.827,32,476,0,
s2022,JUPUSDT,1780334100000,train,1,3.74,0.41,6.0,5.95,1.92,3.88,2.9,0.0,0.0,0.0,0,-0.14,neutral,alcista,0,0.402,32,476,6,
s2023,ARUSDT,1780334100000,testB,1,4.47,0.553,5.4,5.4,1.22,4.61,2.6,0.0,0.0,0.0,0,-0.14,neutral,alcista,0,-0.584,32,475,8,
s2024,SANDUSDT,1780334100000,testB,1,2.58,0.408,3.61,3.59,0.71,2.72,1.69,0.0,0.0,0.0,0,-0.14,neutral,alcista,0,-0.44,32,475,6,
s2025,AXSUSDT,1780334100000,testB,1,2.57,0.395,3.34,3.34,0.97,2.71,1.75,0.0,0.0,0.0,0,-0.14,neutral,alcista,0,-0.85,32,475,5,
s2026,APEUSDT,1780334100000,testB,1,4.43,0.434,5.86,5.8,1.44,4.57,3.08,0.0,0.0,0.0,0,-0.14,neutral,neutral,0,-0.43,32,475,1,
s2027,0GUSDT,1780335000000,train,1,2.75,0.373,3.93,3.77,1.47,2.59,1.89,0.0,0.0,0.0,0,0.16,neutral,alcista,0,-0.403,32,477,6,
s2028,ENAUSDT,1780335000000,train,1,3.93,0.457,5.67,5.59,1.37,3.77,2.84,0.0,0.0,0.0,0,0.16,neutral,alcista,0,-0.439,32,477,7,
s2029,ARBUSDT,1780335000000,train,1,2.81,0.378,4.39,4.29,1.03,2.65,2.21,0.0,0.0,0.0,0,0.16,neutral,alcista,0,-0.386,32,477,4,
s2030,OPUSDT,1780335000000,train,1,5.59,0.556,7.25,7.08,1.62,5.43,4.16,0.0,0.0,0.0,0,0.16,neutral,alcista,0,-0.149,32,477,6,
s2031,TIAUSDT,1780335000000,train,1,2.75,0.384,4.85,4.32,1.46,2.59,1.79,0.0,0.0,0.0,0,0.16,neutral,neutral,0,-0.129,32,477,1,
s2032,SEIUSDT,1780335000000,train,1,4.32,0.511,5.53,5.48,1.08,4.16,2.82,0.0,0.0,0.0,0,0.16,neutral,neutral,0,0.235,32,477,1,
s2033,JUPUSDT,1780335000000,train,1,5.19,0.544,6.8,6.75,1.3,5.03,3.57,0.0,0.0,0.0,0,0.16,neutral,alcista,0,0.119,32,477,7,
s2034,ARUSDT,1780335000000,testB,1,4.45,0.553,5.73,5.73,1.24,4.29,2.74,0.0,0.0,0.0,0,0.16,neutral,alcista,0,-0.624,32,476,8,
s2035,LDOUSDT,1780335000000,testB,1,2.26,0.395,3.85,3.76,0.94,2.1,1.81,0.0,0.0,0.0,0,0.16,neutral,alcista,0,-0.161,32,476,6,
s2036,SANDUSDT,1780335000000,testB,1,2.9,0.437,4.03,3.99,0.94,2.74,1.96,0.0,0.0,0.0,0,0.16,neutral,alcista,0,-0.541,32,476,7,
s2037,MANAUSDT,1780335000000,testB,1,2.04,0.362,3.17,3.17,0.74,1.88,1.64,0.0,0.0,0.0,0,0.16,neutral,alcista,0,-0.778,32,476,6,
s2038,AXSUSDT,1780335000000,testB,1,2.56,0.395,3.66,3.58,1.08,2.4,1.87,0.0,0.0,0.0,0,0.16,neutral,alcista,0,-1.0,32,476,6,
s2039,APEUSDT,1780335000000,testB,1,7.14,0.598,8.32,7.72,2.45,6.98,4.76,0.0,0.0,0.0,0,0.16,neutral,alcista,0,-0.504,32,476,2,
s2040,PUMPUSDT,1780335900000,train,1,3.55,0.384,5.39,4.66,0.84,3.66,2.17,0.0,0.0,0.0,0,-0.11,neutral,neutral,0,0.145,32,478,0,
s2041,0GUSDT,1780335900000,train,1,2.81,0.382,3.78,3.3,1.46,2.92,1.48,0.0,0.0,0.0,0,-0.11,neutral,neutral,0,-0.482,32,478,0,
s2042,ENAUSDT,1780335900000,train,1,3.91,0.452,5.8,5.33,1.28,4.02,2.43,0.0,0.0,0.0,0,-0.11,neutral,neutral,0,-0.597,32,478,0,
s2043,ARBUSDT,1780335900000,train,1,3.23,0.457,4.2,3.71,1.03,3.34,1.9,0.0,0.0,0.0,0,-0.11,neutral,neutral,0,-0.605,32,478,0,
s2044,OPUSDT,1780335900000,train,1,6.42,0.685,7.09,6.6,1.74,6.53,3.79,0.0,0.0,0.0,0,-0.11,neutral,neutral,0,-0.259,32,478,0,
s2045,TIAUSDT,1780335900000,train,1,2.74,0.379,4.34,3.32,1.39,2.85,1.32,0.0,0.0,0.0,0,-0.11,neutral,neutral,0,-0.313,32,478,0,
s2046,SEIUSDT,1780335900000,train,1,4.44,0.533,5.7,5.12,1.15,4.55,2.64,0.0,0.0,0.0,0,-0.11,neutral,neutral,0,0.107,32,478,0,
s2047,JUPUSDT,1780335900000,train,1,6.54,0.637,8.58,7.44,1.96,6.65,4.24,0.0,0.0,0.0,0,-0.11,neutral,alcista,0,-0.081,32,478,8,
s2048,PENDLEUSDT,1780335900000,train,1,4.44,0.423,5.92,4.93,0.68,4.55,1.4,0.0,0.0,0.0,0,-0.11,neutral,neutral,0,-0.124,32,478,0,
s2049,ARUSDT,1780335900000,testB,1,3.83,0.44,5.6,4.52,0.99,3.95,1.79,0.0,0.0,0.0,0,-0.11,neutral,neutral,0,-0.788,32,477,0,
s2050,STXUSDT,1780335900000,testB,1,2.35,0.37,3.61,3.27,1.01,2.46,1.6,0.0,0.0,0.0,0,-0.11,neutral,neutral,0,-0.922,32,477,0,
s2051,LDOUSDT,1780335900000,testB,1,2.62,0.483,4.04,3.64,0.88,2.73,1.64,0.0,0.0,0.0,0,-0.11,neutral,neutral,0,-0.3,32,477,0,
s2052,SANDUSDT,1780335900000,testB,1,2.87,0.427,3.88,3.35,0.94,2.98,1.48,0.0,0.0,0.0,0,-0.11,neutral,neutral,0,-0.734,32,477,0,
s2053,MANAUSDT,1780335900000,testB,1,2.04,0.362,3.18,2.59,0.77,2.16,1.24,0.0,0.0,0.0,0,-0.11,neutral,neutral,0,-1.0,31,477,0,
s2054,STBLUSDT,1780336800000,train,1,8.03,0.377,9.4,7.78,0.31,8.31,1.68,0.0,0.0,0.0,0,-0.27,neutral,neutral,0,-0.527,32,479,0,
s2055,0GUSDT,1780336800000,train,1,4.82,0.549,5.02,4.88,3.75,5.1,2.78,0.0,0.0,0.0,0,-0.27,neutral,neutral,0,-0.809,32,479,1,
s2056,ENAUSDT,1780336800000,train,1,3.53,0.388,5.85,4.56,1.39,3.8,1.41,0.0,0.0,0.0,0,-0.27,neutral,neutral,0,-0.656,32,479,0,
s2057,ARBUSDT,1780336800000,train,1,2.93,0.397,4.22,3.33,1.0,3.2,1.34,0.0,0.0,0.0,0,-0.27,neutral,neutral,0,-0.735,32,479,0,
s2058,OPUSDT,1780336800000,train,1,5.64,0.556,7.15,5.83,1.87,5.92,2.62,0.0,0.0,0.0,0,-0.27,neutral,neutral,0,-0.282,32,479,0,
s2059,TIAUSDT,1780336800000,train,1,3.05,0.419,4.33,3.5,0.94,3.33,1.34,0.0,0.0,0.0,0,-0.27,neutral,neutral,0,-0.507,32,479,1,
s2060,SEIUSDT,1780336800000,train,1,5.3,0.66,5.54,5.2,1.23,5.58,2.59,0.0,0.0,0.0,0,-0.27,neutral,neutral,0,-0.056,32,479,1,
s2061,JUPUSDT,1780336800000,train,1,6.03,0.557,8.65,6.69,2.32,6.3,3.12,0.0,0.0,0.0,0,-0.27,neutral,neutral,0,-0.038,32,479,0,
s2062,PENDLEUSDT,1780336800000,train,1,5.19,0.488,5.89,5.31,0.6,5.47,1.63,0.0,0.0,0.0,0,-0.27,neutral,neutral,0,-0.166,32,479,1,
s2063,ARUSDT,1780336800000,testB,1,4.48,0.503,5.37,4.67,0.84,4.75,1.93,0.0,0.0,0.0,0,-0.27,neutral,neutral,0,-1.0,32,478,1,
s2064,LDOUSDT,1780336800000,testB,1,2.24,0.387,4.05,3.23,1.05,2.52,1.07,0.0,0.0,0.0,0,-0.27,neutral,neutral,0,-0.462,32,478,0,
s2065,APEUSDT,1780336800000,testB,1,7.46,0.58,9.13,7.34,4.62,7.74,3.86,0.0,0.0,0.0,0,-0.27,neutral,neutral,0,-0.793,32,478,0,
s2066,PUMPUSDT,1780337700000,train,1,4.68,0.476,5.37,5.03,1.01,4.67,2.11,0.0,0.0,0.0,0,0.02,neutral,neutral,0,0.144,32,480,1,
s2067,0GUSDT,1780337700000,train,1,4.98,0.575,7.06,4.88,5,4.96,2.46,0.0,0.0,0.0,0,0.02,neutral,alcista,0,-0.689,32,480,2,
s2068,ENAUSDT,1780337700000,train,1,4.07,0.423,5.81,5.15,1.08,4.06,1.8,0.0,0.0,0.0,0,0.02,neutral,neutral,0,-0.447,32,480,1,
s2069,ARBUSDT,1780337700000,train,1,3.84,0.475,4.18,4.09,1.12,3.82,1.92,0.0,0.0,0.0,0,0.02,neutral,neutral,0,-0.595,32,480,1,
s2070,OPUSDT,1780337700000,train,1,7.47,0.623,7.27,7.19,1.94,7.45,3.91,0.0,0.0,0.0,0,0.02,neutral,neutral,0,-0.371,32,480,1,
s2071,TIAUSDT,1780337700000,train,1,3.74,0.481,4.26,3.98,0.76,3.72,1.63,0.0,0.0,0.0,0,0.02,neutral,alcista,0,-0.323,32,480,2,
s2072,SEIUSDT,1780337700000,train,1,5.92,0.685,6.08,6.08,1.37,5.91,3.15,0.0,0.0,0.0,0,0.02,neutral,alcista,0,0.016,32,480,2,
s2073,JUPUSDT,1780337700000,train,1,6.02,0.557,8.64,6.78,2.11,6.0,2.98,0.0,0.0,0.0,0,0.02,neutral,neutral,0,0.104,32,480,1,
s2074,PENDLEUSDT,1780337700000,train,1,6.2,0.534,6.23,6.09,0.78,6.18,3.05,0.0,0.0,0.0,0,0.02,neutral,alcista,0,-0.323,32,480,2,
s2075,ARUSDT,1780337700000,testB,1,5.01,0.531,5.46,5.12,0.84,5.0,2.25,0.0,0.0,0.0,0,0.02,neutral,alcista,0,-1.0,31,479,2,
s2076,STXUSDT,1780337700000,testB,1,3.1,0.452,3.6,3.43,0.97,3.09,1.44,0.0,0.0,0.0,0,0.02,neutral,neutral,0,-1.0,31,479,1,
s2077,GRTUSDT,1780337700000,testB,1,3.26,0.438,4.05,4.01,0.9,3.24,2.07,0.0,0.0,0.0,0,0.02,neutral,neutral,0,-1.0,29,479,1,
s2078,LDOUSDT,1780337700000,testB,1,3.28,0.512,4.02,3.99,1.01,3.26,1.66,0.0,0.0,0.0,0,0.02,neutral,neutral,0,-0.311,32,479,1,
s2079,SANDUSDT,1780337700000,testB,1,2.91,0.396,3.88,3.4,0.89,2.89,1.26,0.0,0.0,0.0,0,0.02,neutral,neutral,0,-1.0,31,479,1,
s2080,MANAUSDT,1780337700000,testB,1,2.29,0.373,3.18,2.59,0.74,2.27,0.98,0.0,0.0,0.0,0,0.02,neutral,neutral,0,-1.0,29,479,1,
s2081,APEUSDT,1780337700000,testB,1,7.54,0.589,9.13,7.28,4.16,7.53,3.48,0.0,0.0,0.0,0,0.02,neutral,neutral,0,-0.627,32,479,0,
s2082,PUMPUSDT,1780338600000,train,1,7.31,0.587,8.23,7.47,2.99,7.3,4.46,0.0,0.0,0.0,0,0.01,neutral,alcista,0,-0.307,32,481,2,
s2083,0GUSDT,1780338600000,train,1,4.03,0.457,6.62,3.9,5,4.02,1.78,0.0,0.0,0.0,0,0.01,neutral,neutral,0,-1.0,30,481,0,
s2084,ARBUSDT,1780338600000,train,1,3.83,0.475,4.95,4.27,1.02,3.82,1.99,0.0,0.0,0.0,0,0.01,neutral,alcista,0,-0.705,32,481,2,
s2085,OPUSDT,1780338600000,train,1,6.85,0.552,7.79,6.74,1.64,6.84,3.19,0.0,0.0,0.0,0,0.01,neutral,neutral,0,-0.422,32,481,0,
s2086,TIAUSDT,1780338600000,train,1,3.71,0.48,4.1,3.8,0.58,3.7,1.56,0.0,0.0,0.0,0,0.01,neutral,alcista,0,-0.437,32,481,3,
s2087,SEIUSDT,1780338600000,train,1,4.74,0.508,6.68,5.24,1.36,4.74,2.03,0.0,0.0,0.0,0,0.01,neutral,neutral,0,0.237,32,481,0,
s2088,JUPUSDT,1780338600000,train,1,6.64,0.639,8.64,6.83,1.84,6.63,2.78,0.0,0.0,0.0,0,0.01,neutral,alcista,0,0.103,32,481,2,
s2089,PENDLEUSDT,1780338600000,train,1,5.88,0.524,6.07,5.78,0.82,5.87,3.68,0.0,0.0,0.0,0,0.01,neutral,alcista,0,-0.517,32,481,3,
s2090,ARUSDT,1780338600000,testB,1,4.57,0.461,5.49,4.63,0.66,4.56,1.6,0.0,0.0,0.0,0,0.01,neutral,neutral,0,-1.0,30,480,0,
s2091,STXUSDT,1780338600000,testB,1,2.66,0.389,3.65,3.23,0.64,2.65,1.16,0.0,0.0,0.0,0,0.01,neutral,neutral,0,-1.0,30,480,0,
s2092,GRTUSDT,1780338600000,testB,1,3.68,0.52,4.41,3.86,0.73,3.67,1.78,0.0,0.0,0.0,0,0.01,neutral,neutral,0,-1.0,28,480,0,
s2093,LDOUSDT,1780338600000,testB,1,3.16,0.483,4.18,3.85,0.79,3.15,1.42,0.0,0.0,0.0,0,0.01,neutral,neutral,0,-0.378,32,480,0,
s2094,SANDUSDT,1780338600000,testB,1,2.73,0.366,3.88,3.26,0.5,2.72,1.06,0.0,0.0,0.0,0,0.01,neutral,neutral,0,-1.0,30,480,0,
s2095,MANAUSDT,1780338600000,testB,1,2.29,0.373,3.18,2.48,0.67,2.28,0.83,0.0,0.0,0.0,0,0.01,neutral,neutral,0,-1.0,28,480,0,
s2096,APEUSDT,1780338600000,testB,1,6.75,0.514,9.05,6.65,2.5,6.74,2.66,0.0,0.0,0.0,0,0.01,neutral,neutral,0,-0.67,32,480,0,
s2097,PUMPUSDT,1780339500000,train,1,5.9,0.437,8.32,6.39,3.25,6.01,2.97,0.0,0.0,0.0,0,-0.11,neutral,neutral,0,0.017,32,482,0,
s2098,0GUSDT,1780339500000,train,1,3.03,0.375,6.47,3.6,5,3.14,1.51,0.0,0.0,0.0,0,-0.11,neutral,neutral,0,-1.0,29,482,0,
s2099,ARBUSDT,1780339500000,train,1,3.73,0.457,4.96,4.09,0.87,3.84,1.63,0.0,0.0,0.0,0,-0.11,neutral,neutral,0,-0.452,32,482,0,
s2100,OPUSDT,1780339500000,train,1,6.22,0.507,7.81,6.51,1.31,6.33,2.66,0.0,0.0,0.0,0,-0.11,neutral,neutral,0,-0.2,32,482,0,
s2101,INJUSDT,1780339500000,train,1,6.35,0.377,6.86,6.02,0.37,6.46,2.6,0.0,0.0,0.0,0,-0.11,neutral,alcista,0,-0.254,32,482,4,
s2102,SEIUSDT,1780339500000,train,1,4.78,0.513,6.69,5.09,1.24,4.89,1.77,0.0,0.0,0.0,0,-0.11,neutral,neutral,0,0.432,32,482,0,
s2103,JUPUSDT,1780339500000,train,1,5.99,0.56,8.68,6.41,0.83,6.1,2.13,0.0,0.0,0.0,0,-0.11,neutral,neutral,0,0.354,32,482,0,
s2104,PENDLEUSDT,1780339500000,train,1,4.99,0.453,6.43,5.46,1.02,5.1,3.04,0.0,0.0,0.0,0,-0.11,neutral,neutral,0,-0.044,32,482,0,
s2105,ARUSDT,1780339500000,testB,1,3.36,0.355,5.25,3.99,0.65,3.47,1.12,0.0,0.0,0.0,0,-0.11,neutral,neutral,0,-1.0,29,481,0,
s2106,GRTUSDT,1780339500000,testB,1,2.82,0.376,4.43,3.26,0.79,2.93,1.05,0.0,0.0,0.0,0,-0.11,neutral,neutral,0,-1.0,27,481,0,
s2107,LDOUSDT,1780339500000,testB,1,2.65,0.381,4.2,3.41,0.62,2.76,0.88,0.0,0.0,0.0,0,-0.11,neutral,neutral,0,-0.018,32,481,0,
s2108,PUMPUSDT,1780340400000,train,1,6.29,0.454,8.27,7.01,3.31,6.41,3.36,0.0,0.0,0.0,0,-0.12,neutral,neutral,0,-0.047,32,483,1,
s2109,OPUSDT,1780340400000,train,1,5.25,0.433,7.84,6.13,1.01,5.37,2.03,0.0,0.0,0.0,0,-0.12,neutral,neutral,0,-0.093,32,483,0,
s2110,SEIUSDT,1780340400000,train,1,4.84,0.517,6.66,5.48,1.09,4.96,1.93,0.0,0.0,0.0,0,-0.12,neutral,neutral,0,0.21,32,483,1,
s2111,JUPUSDT,1780340400000,train,1,5.76,0.551,8.68,6.41,0.51,5.88,1.91,0.0,0.0,0.0,0,-0.12,neutral,neutral,0,0.528,32,483,0,
s2112,PENDLEUSDT,1780340400000,train,1,5.33,0.471,6.39,6.09,1.14,5.46,3.26,0.0,0.0,0.0,0,-0.12,neutral,neutral,0,-0.008,32,483,1,
s2113,0GUSDT,1780341300000,train,1,3.39,0.505,6.48,3.39,0.38,2.62,1.04,0.0,0.0,0.0,0,0.76,neutral,neutral,0,-1.0,27,484,1,
s2114,ENAUSDT,1780341300000,train,1,4.58,0.483,5.78,4.49,0.45,3.82,0.88,0.0,0.0,0.0,0,0.76,neutral,neutral,0,-0.133,32,484,1,
s2115,ARBUSDT,1780341300000,train,1,4.15,0.506,4.96,4.09,0.8,3.39,1.38,0.0,0.0,0.0,0,0.76,neutral,neutral,0,-0.381,32,484,1,
s2116,OPUSDT,1780341300000,train,1,7.38,0.603,7.77,7.04,0.82,6.62,2.72,0.0,0.0,0.0,0,0.76,neutral,neutral,0,-0.08,32,484,1,
s2117,INJUSDT,1780341300000,train,1,5.99,0.353,6.1,5.65,0.5,5.23,2.81,0.0,0.0,0.0,0,0.76,neutral,neutral,0,-1.0,7,484,1,
s2118,TIAUSDT,1780341300000,train,1,3.42,0.46,3.96,3.38,0.84,2.66,1.04,0.0,0.0,0.0,0,0.76,neutral,neutral,0,0.246,32,484,1,
s2119,SEIUSDT,1780341300000,train,1,7.21,0.659,6.97,6.84,1.11,6.45,3.4,0.0,0.0,0.0,0,0.76,neutral,alcista,0,-0.017,32,484,2,
s2120,JUPUSDT,1780341300000,train,1,7.37,0.695,8.46,6.96,0.43,6.6,2.49,0.0,0.0,0.0,0,0.76,neutral,neutral,0,0.403,32,484,1,
s2121,PENDLEUSDT,1780341300000,train,1,6.82,0.614,6.76,6.58,0.98,6.06,3.28,0.0,0.0,0.0,0,0.76,neutral,alcista,0,-0.029,32,484,2,
s2122,ONDOUSDT,1780341300000,train,1,3.18,0.362,4.68,3.79,0.69,2.42,0.88,0.0,0.0,0.0,0,0.76,neutral,neutral,0,-0.022,32,483,1,
s2123,ARUSDT,1780341300000,testB,1,3.88,0.457,5.26,3.91,0.76,3.12,0.87,0.0,0.0,0.0,0,0.76,neutral,neutral,0,-1.0,27,483,1,
s2124,STXUSDT,1780341300000,testB,1,2.89,0.452,3.67,2.9,0.41,2.13,0.65,0.0,0.0,0.0,0,0.76,neutral,neutral,0,-1.0,27,483,1,
s2125,GRTUSDT,1780341300000,testB,1,2.87,0.447,4.45,2.99,0.9,2.11,0.71,0.0,0.0,0.0,0,0.76,neutral,neutral,0,-1.0,25,483,0,
s2126,LDOUSDT,1780341300000,testB,1,3.74,0.534,4.09,3.7,0.49,2.98,1.12,0.0,0.0,0.0,0,0.76,neutral,neutral,0,0.082,32,483,1,
s2127,SANDUSDT,1780341300000,testB,1,3.41,0.502,3.74,3.33,0.32,2.65,1.01,0.0,0.0,0.0,0,0.76,neutral,neutral,0,-1.0,27,483,1,
s2128,MANAUSDT,1780341300000,testB,1,2.42,0.435,3.19,2.36,0.68,1.65,0.6,0.0,0.0,0.0,0,0.76,neutral,neutral,0,-1.0,25,483,1,
s2129,AXSUSDT,1780341300000,testB,1,2.41,0.378,3.53,2.52,0.37,1.65,0.54,0.0,0.0,0.0,0,0.76,neutral,alcista,0,-1.0,11,483,2,
s2130,0GUSDT,1780342200000,train,1,2.71,0.452,6.29,3.25,0.24,2.21,0.87,0.0,0.0,0.0,0,0.5,neutral,alcista,0,-1.0,26,485,2,
s2131,ENAUSDT,1780342200000,train,1,3.49,0.419,4.88,3.95,0.47,2.99,1.11,0.0,0.0,0.0,0,0.5,neutral,alcista,0,-0.202,32,485,2,
s2132,ARBUSDT,1780342200000,train,1,3.0,0.429,4.56,3.88,0.53,2.5,1.44,0.0,0.0,0.0,0,0.5,neutral,alcista,0,-1.0,26,485,2,
s2133,OPUSDT,1780342200000,train,1,6.69,0.582,7.15,6.99,0.61,6.19,3.01,0.0,0.0,0.0,0,0.5,neutral,alcista,0,-0.115,32,485,2,
s2134,TIAUSDT,1780342200000,train,1,2.24,0.361,3.45,3.1,0.79,1.74,1.08,0.0,0.0,0.0,0,0.5,neutral,alcista,0,0.228,32,485,2,
s2135,SEIUSDT,1780342200000,train,1,5.12,0.584,6.1,5.82,0.99,4.62,3.1,0.0,0.0,0.0,0,0.5,neutral,alcista,0,-0.09,32,485,3,
s2136,JUPUSDT,1780342200000,train,1,6.0,0.646,7.92,6.36,0.4,5.5,2.18,0.0,0.0,0.0,0,0.5,neutral,neutral,0,0.583,32,485,0,
s2137,PENDLEUSDT,1780342200000,train,1,4.91,0.522,6.21,5.65,0.84,4.41,2.76,0.0,0.0,0.0,0,0.5,neutral,neutral,0,0.07,32,485,0,
s2138,ARUSDT,1780342200000,testB,1,3.07,0.404,4.36,3.59,0.79,2.57,1.2,0.0,0.0,0.0,0,0.5,neutral,alcista,0,-1.0,12,484,2,
s2139,GRTUSDT,1780342200000,testB,1,2.61,0.425,4.42,3.52,0.94,2.11,1.12,0.0,0.0,0.0,0,0.5,neutral,neutral,0,-1.0,24,484,1,
s2140,LDOUSDT,1780342200000,testB,1,2.67,0.453,3.54,3.27,0.53,2.17,1.12,0.0,0.0,0.0,0,0.5,neutral,alcista,0,0.056,32,484,2,
s2141,SANDUSDT,1780342200000,testB,1,2.32,0.409,3.17,2.8,0.28,1.82,0.92,0.0,0.0,0.0,0,0.5,neutral,alcista,0,-1.0,26,484,2,
s2142,ENAUSDT,1780343100000,train,1,3.75,0.446,4.82,4.04,0.37,3.09,1.19,0.0,0.0,0.0,0,0.66,neutral,alcista,0,-1.0,25,486,3,
s2143,ARBUSDT,1780343100000,train,1,3.3,0.465,4.55,4.07,0.6,2.64,1.41,0.0,0.0,0.0,0,0.66,neutral,alcista,0,-1.0,25,486,3,
s2144,OPUSDT,1780343100000,train,1,7.04,0.603,7.38,7.22,0.59,6.38,2.87,0.0,0.0,0.0,0,0.66,neutral,alcista,0,-0.111,32,486,3,
s2145,TIAUSDT,1780343100000,train,1,3.23,0.502,3.81,3.66,0.83,2.57,1.44,0.0,0.0,0.0,0,0.66,neutral,alcista,0,0.151,32,486,3,
s2146,SEIUSDT,1780343100000,train,1,5.69,0.637,6.2,6.13,1.02,5.02,3.05,0.0,0.0,0.0,0,0.66,neutral,alcista,0,-0.053,32,486,4,
s2147,JUPUSDT,1780343100000,train,1,7.61,0.733,7.97,7.52,0.53,6.95,3.09,0.0,0.0,0.0,0,0.66,neutral,neutral,0,0.362,32,486,1,
s2148,PENDLEUSDT,1780343100000,train,1,4.84,0.519,6.35,5.86,0.79,4.17,2.65,0.0,0.0,0.0,0,0.66,neutral,neutral,0,0.009,32,486,1,
s2149,ONDOUSDT,1780343100000,train,1,3.23,0.403,4.67,4.08,0.73,2.57,0.96,0.0,0.0,0.0,0,0.66,neutral,neutral,0,0.438,32,485,0,
s2150,FETUSDT,1780343100000,train,1,6.18,0.404,9.86,7.8,0.39,5.51,1.06,0.0,0.0,0.0,0,0.66,neutral,neutral,0,0.005,32,485,0,
s2151,ARUSDT,1780343100000,testB,1,3.38,0.427,4.35,3.92,0.78,2.72,1.32,0.0,0.0,0.0,0,0.66,neutral,alcista,0,-1.0,11,485,3,
s2152,STXUSDT,1780343100000,testB,1,2.31,0.438,3.27,2.76,1.26,1.64,0.72,0.0,0.0,0.0,0,0.66,neutral,alcista,0,-1.0,24,485,3,
s2153,GRTUSDT,1780343100000,testB,1,3.06,0.494,4.41,3.75,1.0,2.4,1.16,0.0,0.0,0.0,0,0.66,neutral,alcista,0,-1.0,23,485,2,
s2154,LDOUSDT,1780343100000,testB,1,2.67,0.453,3.54,3.3,0.61,2.01,1.03,0.0,0.0,0.0,0,0.66,neutral,alcista,0,0.055,32,485,3,
s2155,SANDUSDT,1780343100000,testB,1,2.68,0.495,3.17,2.84,0.3,2.02,0.82,0.0,0.0,0.0,0,0.66,neutral,alcista,0,-1.0,25,485,3,
s2156,MANAUSDT,1780343100000,testB,1,2.17,0.45,3.06,2.47,0.68,1.5,0.61,0.0,0.0,0.0,0,0.66,neutral,neutral,0,-1.0,23,485,0,
s2157,PUMPUSDT,1780344000000,train,1,6.94,0.47,9.17,6.66,1.62,5.97,2.23,0.0,0.0,0.0,0,0.97,neutral,neutral,0,0.0,32,487,0,
s2158,ARBUSDT,1780344000000,train,1,3.52,0.507,4.37,3.59,0.89,2.54,1.22,0.0,0.0,0.0,0,0.97,neutral,neutral,0,-1.0,24,487,0,
s2159,OPUSDT,1780344000000,train,1,5.76,0.444,7.15,5.61,0.6,4.79,1.46,0.0,0.0,0.0,0,0.97,neutral,neutral,0,0.0,32,487,0,
s2160,SEIUSDT,1780344000000,train,1,7.15,0.759,7.26,6.87,1.29,6.17,3.62,0.0,0.0,0.0,0,0.97,neutral,alcista,0,-0.276,32,487,5,
s2161,JUPUSDT,1780344000000,train,1,7.45,0.722,7.67,7.18,0.56,6.47,2.84,0.0,0.0,0.0,0,0.97,neutral,neutral,0,0.372,32,487,0,
s2162,PENDLEUSDT,1780344000000,train,1,4.69,0.49,6.31,5.01,0.87,3.71,1.76,0.0,0.0,0.0,0,0.97,neutral,neutral,0,-0.147,32,487,0,
s2163,ONDOUSDT,1780344000000,train,1,3.1,0.378,4.36,3.2,0.72,2.13,0.46,0.0,0.0,0.0,0,0.97,neutral,neutral,0,0.667,32,486,0,
s2164,STXUSDT,1780344000000,testB,1,2.22,0.415,3.03,2.26,2.27,1.25,0.52,0.0,0.0,0.0,0,0.97,neutral,neutral,0,-1.0,22,486,0,
s2165,GRTUSDT,1780344000000,testB,1,2.82,0.437,4.08,2.9,0.82,1.85,0.69,0.0,0.0,0.0,0,0.97,neutral,neutral,0,-1.0,18,486,0,
s2166,LDOUSDT,1780344000000,testB,1,2.87,0.5,3.24,2.94,0.54,1.89,0.98,0.0,0.0,0.0,0,0.97,neutral,neutral,0,-0.072,32,486,0,
s2167,SANDUSDT,1780344000000,testB,1,2.12,0.371,2.86,2.12,0.37,1.14,0.5,0.0,0.0,0.0,0,0.97,neutral,neutral,0,-1.0,23,486,0,
s2168,PUMPUSDT,1780344900000,train,1,5.43,0.388,8.32,5.42,1.45,4.71,1.48,0.0,0.0,0.0,0,0.72,neutral,neutral,0,0.232,32,488,0,
s2169,ARBUSDT,1780344900000,train,1,3.0,0.469,3.88,3.2,0.87,2.28,1.01,0.0,0.0,0.0,0,0.72,neutral,neutral,0,-1.0,23,488,1,
s2170,OPUSDT,1780344900000,train,1,5.29,0.425,6.32,5.18,0.57,4.57,1.52,0.0,0.0,0.0,0,0.72,neutral,neutral,0,0.109,32,488,1,
s2171,SEIUSDT,1780344900000,train,1,6.07,0.687,6.56,5.83,1.19,5.35,2.78,0.0,0.0,0.0,0,0.72,neutral,neutral,0,-0.187,32,488,0,
s2172,JUPUSDT,1780344900000,train,1,5.21,0.508,6.5,4.95,0.56,4.49,1.44,0.0,0.0,0.0,0,0.72,neutral,neutral,0,0.495,32,488,0,
s2173,PENDLEUSDT,1780344900000,train,1,4.76,0.494,5.71,4.67,0.89,4.04,1.61,0.0,0.0,0.0,0,0.72,neutral,neutral,0,-0.125,32,488,1,
s2174,GRTUSDT,1780344900000,testB,1,2.49,0.408,3.69,2.59,0.66,1.77,0.59,0.0,0.0,0.0,0,0.72,neutral,neutral,0,-1.0,16,487,1,
s2175,LDOUSDT,1780344900000,testB,1,2.26,0.442,2.63,2.33,0.56,1.54,0.73,0.0,0.0,0.0,0,0.72,neutral,neutral,0,-1.0,23,487,0,
s2176,PUMPUSDT,1780345800000,train,1,6.39,0.429,7.63,6.0,0.94,6.04,2.54,0.0,0.0,0.0,0,0.35,neutral,neutral,0,-0.036,32,489,1,
s2177,ARBUSDT,1780345800000,train,1,3.2,0.485,3.58,3.1,0.8,2.85,1.11,0.0,0.0,0.0,0,0.35,neutral,alcista,0,-1.0,20,489,2,
s2178,OPUSDT,1780345800000,train,1,5.17,0.421,5.65,4.92,0.56,4.83,1.76,0.0,0.0,0.0,0,0.35,neutral,alcista,0,-0.082,32,489,2,
s2179,SEIUSDT,1780345800000,train,1,6.01,0.686,6.26,5.67,1.16,5.67,2.67,0.0,0.0,0.0,0,0.35,neutral,neutral,0,-0.204,32,489,1,
s2180,JUPUSDT,1780345800000,train,1,3.63,0.407,5.31,3.61,0.53,3.29,1.2,0.0,0.0,0.0,0,0.35,neutral,neutral,0,0.667,32,489,0,
s2181,PENDLEUSDT,1780345800000,train,1,4.61,0.487,5.1,4.43,0.73,4.26,1.76,0.0,0.0,0.0,0,0.35,neutral,alcista,0,-1.0,21,489,2,
s2182,GRTUSDT,1780345800000,testB,1,2.08,0.366,3.06,2.04,0.52,1.73,0.63,0.0,0.0,0.0,0,0.35,neutral,alcista,0,-1.0,6,488,2,
s2183,LDOUSDT,1780345800000,testB,1,2.72,0.489,2.68,2.65,0.61,2.37,1.23,0.0,0.0,0.0,0,0.35,neutral,neutral,0,-1.0,22,488,1,
s2184,SEIUSDT,1780346700000,train,1,4.75,0.558,6.0,4.91,0.98,4.92,2.02,0.0,0.0,0.0,0,-0.16,neutral,neutral,0,-0.383,32,490,0,
s2185,JUPUSDT,1780346700000,train,1,3.04,0.366,4.86,3.2,0.43,3.21,1.12,0.0,0.0,0.0,0,-0.16,neutral,neutral,0,0.578,32,490,1,
s2186,PENDLEUSDT,1780346700000,train,1,3.83,0.445,5.06,5.06,0.73,3.99,2.33,0.0,0.0,0.0,0,-0.16,neutral,alcista,0,-1.0,20,490,3,
s2187,SEIUSDT,1780347600000,train,1,3.65,0.423,6.03,4.35,0.94,4.16,1.18,0.0,0.0,0.0,0,-0.51,neutral,neutral,0,-0.253,32,491,0,
s2188,SEIUSDT,1780348500000,train,1,3.37,0.378,5.55,3.56,0.87,4.19,0.76,0.0,0.0,0.0,0,-0.82,neutral,neutral,0,-0.363,32,492,0,
s2189,AXSUSDT,1780348500000,testB,-1,-2.09,0.51,2.9,2.47,0.99,-1.27,0.91,0.0,0.0,0.0,0,-0.82,neutral,neutral,0,0.31,32,491,0,
s2190,STBLUSDT,1780349400000,train,-1,-2.73,0.35,4.56,3.74,1.5,-1.75,1.75,0.0,0.0,0.0,0,-0.98,neutral,bajista,0,-1.0,5,493,4,
s2191,AXSUSDT,1780349400000,testB,-1,-2.58,0.633,2.91,2.74,1.06,-1.6,1.11,0.0,0.0,0.0,0,-0.98,neutral,neutral,0,0.125,32,492,1,
s2192,APEUSDT,1780349400000,testB,-1,-3.23,0.62,5.93,4.98,0.24,-2.25,0.75,0.0,0.0,0.0,0,-0.98,neutral,neutral,0,-0.247,32,492,0,
s2193,AXSUSDT,1780350300000,testB,-1,-2.18,0.591,2.74,2.57,1.31,-1.32,1.25,0.0,0.0,0.0,0,-0.86,neutral,bajista,0,0.267,32,493,2,
s2194,APEUSDT,1780350300000,testB,-1,-4.27,0.823,4.94,4.53,0.28,-3.41,1.08,0.0,0.0,0.0,0,-0.86,neutral,neutral,0,-0.242,32,493,1,
s2195,0GUSDT,1780351200000,train,-1,-2.57,0.696,5.32,4.87,0.29,-1.86,0.99,0.0,0.0,0.0,0,-0.71,neutral,bajista,0,0.345,32,495,6,
s2196,FETUSDT,1780351200000,train,-1,-4.73,0.53,5.98,5.53,0.7,-4.02,1.92,0.0,0.0,0.0,0,-0.71,neutral,bajista,0,-1.0,29,494,2,
s2197,ARUSDT,1780351200000,testB,-1,-2.9,0.379,4.19,3.97,0.94,-2.19,1.95,0.0,0.0,0.0,0,-0.71,neutral,bajista,0,-1.0,29,494,3,
s2198,AXSUSDT,1780351200000,testB,-1,-2.02,0.571,2.92,2.49,1.13,-1.31,1.37,0.0,0.0,0.0,0,-0.71,neutral,bajista,0,0.207,32,494,3,
s2199,APEUSDT,1780351200000,testB,-1,-3.57,0.794,4.66,3.98,0.27,-2.86,1.28,0.0,0.0,0.0,0,-0.71,neutral,neutral,0,-0.293,32,494,0,
s2200,0GUSDT,1780352100000,train,-1,-2.45,0.644,3.26,2.68,0.22,-2.07,0.84,0.0,0.0,0.0,0,-0.38,neutral,neutral,0,0.625,32,496,0,
s2201,FETUSDT,1780352100000,train,-1,-4.71,0.53,6.14,5.06,0.81,-4.33,1.54,0.0,0.0,0.0,0,-0.38,neutral,neutral,0,-1.0,28,495,0,
s2202,ARUSDT,1780352100000,testB,-1,-3.1,0.419,4.17,3.42,0.91,-2.72,1.46,0.0,0.0,0.0,0,-0.38,neutral,neutral,0,-1.0,28,495,0,
s2203,APEUSDT,1780352100000,testB,-1,-3.04,0.622,4.51,3.34,0.31,-2.66,1.01,0.0,0.0,0.0,0,-0.38,neutral,neutral,0,-0.306,32,495,0,
s2204,0GUSDT,1780353000000,train,-1,-2.18,0.616,3.03,2.71,0.82,-1.68,0.95,0.0,0.0,0.0,0,-0.51,neutral,neutral,0,0.451,32,497,1,
s2205,FETUSDT,1780353000000,train,-1,-3.14,0.424,5.63,4.89,0.95,-2.64,1.74,0.0,0.0,0.0,0,-0.51,neutral,neutral,0,-1.0,27,496,1,
s2206,ARUSDT,1780353000000,testB,-1,-3.16,0.422,4.6,4.02,1.09,-2.65,1.72,0.0,0.0,0.0,0,-0.51,neutral,neutral,0,-1.0,27,496,1,
s2207,GRTUSDT,1780353000000,testB,-1,-2.42,0.449,3.08,2.56,1.06,-1.91,1.13,0.0,0.0,0.0,0,-0.51,neutral,neutral,0,0.703,32,496,1,
s2208,APEUSDT,1780353000000,testB,-1,-3.19,0.632,4.05,3.57,0.52,-2.68,1.6,0.0,0.0,0.0,0,-0.51,neutral,neutral,0,-1.0,25,496,1,
s2209,WLDUSDT,1780353900000,train,1,7.34,0.446,10.17,7.3,0.76,7.48,1.16,0.0,0.0,0.0,0,-0.13,neutral,neutral,0,0.804,32,498,1,
s2210,GRTUSDT,1780359300000,testB,-1,-2.71,0.404,3.06,3.02,1.0,-2.19,1.42,0.0,0.0,0.0,0,-0.51,neutral,bajista,0,0.573,32,503,2,
s2211,GRTUSDT,1780360200000,testB,-1,-2.78,0.42,3.31,3.02,0.96,-2.22,1.32,0.0,0.0,0.0,0,-0.56,neutral,neutral,0,0.64,32,504,0,
s2212,STBLUSDT,1780365600000,train,-1,-3.22,0.424,7.04,6.62,1.13,-2.33,2.16,0.0,0.0,0.0,0,-0.89,neutral,bajista,0,0.139,32,511,4,
s2213,STXUSDT,1780365600000,testB,-1,-2.42,0.359,4.47,3.9,4.5,-1.53,2.28,0.0,0.0,0.0,0,-0.89,neutral,bajista,0,-0.057,32,510,5,
s2214,GRTUSDT,1780365600000,testB,-1,-2.72,0.378,4.6,3.86,2.11,-1.83,2.11,0.0,0.0,0.0,0,-0.89,neutral,bajista,0,-0.064,32,510,4,
s2215,STBLUSDT,1780366500000,train,-1,-2.9,0.367,7.19,6.15,1.41,-2.23,1.43,0.0,0.0,0.0,0,-0.67,neutral,neutral,0,0.231,32,512,0,
s2216,STBLUSDT,1780367400000,train,-1,-3.5,0.427,7.22,6.65,1.29,-2.73,1.89,0.0,0.0,0.0,0,-0.77,neutral,neutral,0,0.254,32,513,1,
s2217,STBLUSDT,1780368300000,train,-1,-4.39,0.619,6.1,4.71,1.16,-3.61,1.04,0.0,0.0,0.0,0,-0.78,neutral,neutral,0,0.4,32,514,0,
s2218,STBLUSDT,1780369200000,train,-1,-2.71,0.411,5.04,3.08,0.57,-2.06,0.43,0.0,0.0,0.0,0,-0.64,neutral,neutral,0,0.781,32,515,0,
s2219,JUPUSDT,1780369200000,train,1,3.28,0.359,4.39,4.2,0.96,3.92,2.1,0.0,0.0,0.0,0,-0.64,neutral,alcista,0,-0.093,32,515,4,
s2220,WLDUSDT,1780370100000,train,1,6.6,0.427,7.09,6.89,1.53,6.99,4.07,0.0,0.0,0.0,0,-0.4,neutral,alcista,0,-1.0,18,516,3,
s2221,JUPUSDT,1780370100000,train,1,3.79,0.419,5.16,4.38,1.14,4.19,2.14,0.0,0.0,0.0,0,-0.4,neutral,alcista,0,-0.067,32,516,5,
s2222,JUPUSDT,1780371000000,train,1,3.71,0.416,5.36,5.17,1.04,4.45,2.54,0.0,0.0,0.0,0,-0.74,neutral,alcista,0,-0.131,32,517,6,
s2223,WLDUSDT,1780372800000,train,1,5.52,0.357,8.02,6.02,1.61,6.24,2.88,0.0,0.0,0.0,0,-0.72,neutral,neutral,0,-1.0,15,519,0,
s2224,XPLUSDT,1780373700000,train,1,4.43,0.39,6.94,6.21,2.52,4.81,3.36,0.0,0.0,0.0,0,-0.38,neutral,alcista,0,-0.383,32,520,3,
s2225,WLDUSDT,1780373700000,train,1,6.23,0.388,8.05,7.45,1.46,6.61,3.76,0.0,0.0,0.0,0,-0.38,neutral,neutral,0,-1.0,14,520,1,
s2226,INJUSDT,1780373700000,train,1,4.4,0.432,6.4,4.87,1.34,4.78,1.42,0.0,0.0,0.0,0,-0.38,neutral,neutral,0,-0.189,32,520,1,
s2227,ONDOUSDT,1780373700000,train,1,4.01,0.434,6.27,5.66,3.11,4.39,2.54,0.0,0.0,0.0,0,-0.38,neutral,neutral,0,-0.193,32,519,1,
s2228,ONDOUSDT,1780374600000,train,1,3.67,0.387,6.28,5.4,3.46,3.9,2.07,0.0,0.0,0.0,0,-0.23,neutral,neutral,0,0.223,32,520,0,
s2229,ARUSDT,1780376400000,testB,1,3.2,0.367,5.6,5.43,1.47,4.0,1.76,0.0,0.0,0.0,0,-0.79,neutral,neutral,0,0.254,32,522,1,
s2230,ARUSDT,1780378200000,testB,1,3.57,0.364,6.08,5.43,1.39,4.18,1.49,0.0,0.0,0.0,0,-0.6,neutral,neutral,0,0.254,32,524,1,
s2231,ARUSDT,1780379100000,testB,1,3.6,0.364,6.13,4.61,1.35,4.14,0.61,0.0,0.0,0.0,0,-0.54,neutral,neutral,0,0.5,32,525,0,
s2232,ARUSDT,1780380000000,testB,1,4.07,0.417,5.43,4.04,1.34,4.13,0.71,0.0,0.0,0.0,0,-0.07,neutral,neutral,0,0.301,32,526,1,
s2233,APEUSDT,1780380000000,testB,1,3.58,0.367,6.31,3.8,0.88,3.65,0.28,0.0,0.0,0.0,0,-0.07,neutral,neutral,0,0.018,32,526,1,
s2234,ARUSDT,1780380900000,testB,1,3.89,0.408,4.43,4.0,1.31,4.51,1.52,0.0,0.0,0.0,0,-0.62,neutral,alcista,0,-1.0,32,527,2,
s2235,ARBUSDT,1780382700000,train,-1,-2.18,0.379,3.55,3.04,1.77,-1.13,1.09,0.0,0.0,0.0,0,-1.05,neutral,bajista,0,1.267,32,530,7,
s2236,SEIUSDT,1780382700000,train,-1,-3.29,0.46,4.25,4.02,1.19,-2.24,1.54,0.0,0.0,0.0,0,-1.05,neutral,bajista,0,0.251,32,530,7,
s2237,SANDUSDT,1780382700000,testB,-1,-2.85,0.549,3.84,3.44,1.35,-1.8,1.25,0.0,0.0,0.0,0,-1.05,neutral,bajista,0,1.38,32,529,2,
s2238,ARBUSDT,1780383600000,train,-1,-2.19,0.379,4.37,3.46,2.45,-0.97,1.46,0.0,0.0,0.0,0,-1.22,neutral,bajista,0,0.912,32,531,8,
s2239,SEIUSDT,1780383600000,train,-1,-2.43,0.354,4.43,3.62,1.22,-1.22,1.33,0.0,0.0,0.0,0,-1.22,neutral,neutral,0,0.649,32,531,0,
s2240,PENDLEUSDT,1780383600000,train,-1,-3.43,0.454,5.27,4.73,0.71,-2.21,1.34,0.0,0.0,0.0,0,-1.22,neutral,bajista,0,0.761,32,531,3,
s2241,SANDUSDT,1780383600000,testB,-1,-2.93,0.556,4.39,3.63,1.68,-1.71,1.42,0.0,0.0,0.0,0,-1.22,neutral,bajista,0,1.286,32,530,3,
s2242,ENAUSDT,1780384500000,train,-1,-2.83,0.462,4.18,3.53,1.31,-1.34,1.19,0.0,0.0,0.0,0,-1.49,neutral,bajista,0,0.97,32,532,2,
s2243,ARBUSDT,1780384500000,train,-1,-3.26,0.6,4.39,3.88,2.4,-1.77,1.63,0.0,0.0,0.0,0,-1.49,neutral,bajista,0,1.079,32,532,8,
s2244,SUIUSDT,1780384500000,train,-1,-2.5,0.505,3.78,3.14,1.15,-1.01,0.99,0.0,0.0,0.0,0,-1.49,neutral,bajista,0,1.0,32,532,3,
s2245,TIAUSDT,1780384500000,train,-1,-3.66,0.575,5.28,4.65,1.18,-2.17,1.64,0.0,0.0,0.0,0,-1.49,neutral,bajista,0,0.654,32,532,8,
s2246,SEIUSDT,1780384500000,train,-1,-3.45,0.513,4.45,4.12,1.1,-1.96,1.66,0.0,0.0,0.0,0,-1.49,neutral,neutral,0,0.744,32,532,1,
s2247,PENDLEUSDT,1780384500000,train,-1,-3.75,0.523,5.27,4.68,0.78,-2.26,1.15,0.0,0.0,0.0,0,-1.49,neutral,neutral,0,1.115,32,532,0,
s2248,STXUSDT,1780384500000,testB,-1,-2.09,0.462,3.33,2.62,1.85,-0.6,0.92,0.0,0.0,0.0,0,-1.49,neutral,bajista,0,1.458,32,531,2,
s2249,GRTUSDT,1780384500000,testB,-1,-2.68,0.563,3.53,3.37,1.34,-1.19,1.25,0.0,0.0,0.0,0,-1.49,neutral,bajista,0,1.085,32,531,2,
s2250,LDOUSDT,1780384500000,testB,-1,-2.33,0.531,3.59,2.94,1.56,-0.84,1.03,0.0,0.0,0.0,0,-1.49,neutral,bajista,0,1.874,32,531,4,
s2251,SANDUSDT,1780384500000,testB,-1,-3.7,0.718,4.4,4.01,1.15,-2.21,1.55,0.0,0.0,0.0,0,-1.49,neutral,bajista,0,1.4,32,531,4,
s2252,ASTERUSDT,1780385400000,train,-1,-2.01,0.465,3.38,2.25,2.05,-0.91,0.68,0.0,0.0,0.0,0,-1.1,neutral,neutral,1,2.0,31,533,0,
s2253,ARBUSDT,1780385400000,train,-1,-2.47,0.397,4.36,3.04,2.32,-1.37,0.89,0.0,0.0,0.0,0,-1.1,neutral,neutral,1,2.0,32,533,0,
s2254,SUIUSDT,1780385400000,train,-1,-2.09,0.392,3.76,2.59,1.14,-0.99,0.54,0.0,0.0,0.0,0,-1.1,neutral,neutral,1,2.0,32,533,0,
s2255,TIAUSDT,1780385400000,train,-1,-2.93,0.413,5.23,3.76,1.26,-1.82,0.9,0.0,0.0,0.0,0,-1.1,neutral,neutral,0,1.301,32,533,0,
s2256,SEIUSDT,1780385400000,train,-1,-3.12,0.487,4.46,4.19,1.08,-2.02,1.68,0.0,0.0,0.0,0,-1.1,neutral,bajista,0,0.986,32,533,2,
s2257,PENDLEUSDT,1780385400000,train,-1,-3.38,0.45,5.22,3.8,0.83,-2.27,0.61,0.0,0.0,0.0,0,-1.1,neutral,neutral,0,1.634,32,533,0,
s2258,GRTUSDT,1780385400000,testB,-1,-2.04,0.378,3.51,2.69,1.37,-0.93,0.71,0.0,0.0,0.0,0,-1.1,neutral,neutral,0,1.5,32,532,0,
s2259,SANDUSDT,1780385400000,testB,-1,-3.23,0.575,4.38,3.49,1.16,-2.13,1.09,0.0,0.0,0.0,0,-1.1,neutral,neutral,1,2.0,32,532,0,
s2260,ENAUSDT,1780386300000,train,-1,-2.76,0.394,4.17,3.13,1.02,-1.58,0.84,0.0,0.0,0.0,0,-1.19,neutral,neutral,0,1.1,32,534,1,
s2261,ARBUSDT,1780386300000,train,-1,-3.06,0.477,4.37,3.46,1.64,-1.87,1.11,0.0,0.0,0.0,0,-1.19,neutral,neutral,0,1.235,32,534,1,
s2262,SUIUSDT,1780386300000,train,-1,-2.64,0.476,3.78,2.99,1.01,-1.45,0.84,0.0,0.0,0.0,0,-1.19,neutral,neutral,0,1.196,32,534,1,
s2263,TIAUSDT,1780386300000,train,-1,-3.64,0.525,5.25,4.08,1.03,-2.45,1.06,0.0,0.0,0.0,0,-1.19,neutral,neutral,0,0.873,32,534,1,
s2264,SEIUSDT,1780386300000,train,-1,-3.65,0.62,4.43,3.99,1.17,-2.46,1.45,0.0,0.0,0.0,0,-1.19,neutral,bajista,0,1.143,32,534,3,
s2265,PENDLEUSDT,1780386300000,train,-1,-3.42,0.453,4.79,3.53,0.81,-2.23,0.81,0.0,0.0,0.0,0,-1.19,neutral,neutral,0,1.528,32,534,1,
s2266,GRTUSDT,1780386300000,testB,-1,-2.67,0.489,3.52,3.07,0.91,-1.48,0.97,0.0,0.0,0.0,0,-1.19,neutral,neutral,0,1.107,32,533,1,
s2267,SANDUSDT,1780386300000,testB,-1,-3.69,0.607,4.36,3.99,0.96,-2.5,1.44,0.0,0.0,0.0,0,-1.19,neutral,neutral,0,1.591,32,533,1,
s2268,ARBUSDT,1780387200000,train,-1,-2.38,0.4,4.27,3.25,0.85,-1.37,1.01,0.0,0.0,0.0,0,-1.01,neutral,neutral,0,0.844,32,535,0,
s2269,SUIUSDT,1780387200000,train,-1,-2.04,0.411,3.4,2.76,0.71,-1.03,0.94,0.0,0.0,0.0,0,-1.01,neutral,bajista,0,0.821,32,535,2,
s2270,TIAUSDT,1780387200000,train,-1,-2.49,0.376,5.23,3.66,2.18,-1.48,0.75,0.0,0.0,0.0,0,-1.01,neutral,neutral,0,0.746,32,535,0,
s2271,SEIUSDT,1780387200000,train,-1,-2.86,0.539,4.38,3.84,0.9,-1.85,1.3,0.0,0.0,0.0,0,-1.01,neutral,neutral,0,0.885,32,535,0,
s2272,GRTUSDT,1780387200000,testB,-1,-2.28,0.435,3.27,2.74,0.82,-1.27,0.88,0.0,0.0,0.0,0,-1.01,neutral,neutral,0,0.97,32,534,0,
s2273,SANDUSDT,1780387200000,testB,-1,-3.52,0.594,4.64,4.11,1.39,-2.51,1.84,0.0,0.0,0.0,0,-1.01,neutral,bajista,0,1.115,32,534,2,
s2274,ASTERUSDT,1780388100000,train,-1,-2.11,0.556,3.39,2.38,1.0,-0.78,0.77,0.0,0.0,0.0,0,-1.33,neutral,bajista,1,2.0,29,536,3,
s2275,XPLUSDT,1780388100000,train,-1,-3.93,0.365,6.03,4.09,0.95,-2.6,0.49,0.0,0.0,0.0,0,-1.33,neutral,neutral,0,0.5,32,536,0,
s2276,ENAUSDT,1780388100000,train,-1,-2.72,0.458,4.03,2.96,0.85,-1.38,0.76,0.0,0.0,0.0,0,-1.33,neutral,neutral,0,0.256,32,536,1,
s2277,ARBUSDT,1780388100000,train,-1,-2.96,0.556,4.07,3.05,0.7,-1.63,0.92,0.0,0.0,0.0,0,-1.33,neutral,neutral,1,2.0,29,536,0,
s2278,SUIUSDT,1780388100000,train,-1,-2.79,0.601,3.3,2.91,0.62,-1.46,1.08,0.0,0.0,0.0,0,-1.33,neutral,bajista,0,0.502,32,536,3,
s2279,TIAUSDT,1780388100000,train,-1,-3.41,0.583,4.98,3.53,2.21,-2.08,0.81,0.0,0.0,0.0,0,-1.33,neutral,neutral,0,0.686,32,536,1,
s2280,SEIUSDT,1780388100000,train,-1,-3.48,0.732,4.38,3.9,0.93,-2.15,1.17,0.0,0.0,0.0,0,-1.33,neutral,neutral,0,0.711,32,536,1,
s2281,PENDLEUSDT,1780388100000,train,-1,-2.28,0.38,3.62,2.37,0.85,-0.95,0.77,0.0,0.0,0.0,0,-1.33,neutral,neutral,1,2.0,24,536,0,
s2282,ONDOUSDT,1780388100000,train,-1,-3.42,0.424,5.5,4.11,0.52,-2.09,0.59,0.0,0.0,0.0,0,-1.33,neutral,neutral,0,-1.0,17,535,0,
s2283,STXUSDT,1780388100000,testB,-1,-2.12,0.458,3.27,2.26,1.18,-0.79,0.64,0.0,0.0,0.0,0,-1.33,neutral,neutral,1,2.0,29,535,1,
s2284,GRTUSDT,1780388100000,testB,-1,-2.71,0.507,3.32,3.04,0.62,-1.38,1.06,0.0,0.0,0.0,0,-1.33,neutral,neutral,0,0.73,32,535,1,
s2285,LDOUSDT,1780388100000,testB,-1,-2.05,0.447,3.57,2.34,0.63,-0.72,0.51,0.0,0.0,0.0,0,-1.33,neutral,neutral,1,2.0,24,535,0,
s2286,SANDUSDT,1780388100000,testB,-1,-3.99,0.702,4.58,4.19,1.55,-2.66,1.79,0.0,0.0,0.0,0,-1.33,neutral,bajista,0,1.087,32,535,3,
s2287,ENAUSDT,1780389000000,train,-1,-2.72,0.458,3.66,2.8,0.66,-1.09,0.9,0.0,0.0,0.0,0,-1.63,neutral,bajista,0,-1.0,32,537,2,
s2288,ARBUSDT,1780389000000,train,-1,-2.87,0.547,3.67,2.96,0.62,-1.24,1.13,0.0,0.0,0.0,0,-1.63,neutral,neutral,1,2.0,28,537,1,
s2289,SUIUSDT,1780389000000,train,-1,-2.46,0.569,2.84,2.52,0.49,-0.83,1.07,0.0,0.0,0.0,0,-1.63,neutral,bajista,0,0.682,32,537,4,
s2290,TIAUSDT,1780389000000,train,-1,-3.54,0.592,4.71,3.65,2.24,-1.91,1.14,0.0,0.0,0.0,0,-1.63,neutral,bajista,0,0.504,32,537,2,
s2291,SEIUSDT,1780389000000,train,-1,-3.96,0.778,4.3,4.17,0.81,-2.33,1.52,0.0,0.0,0.0,0,-1.63,neutral,bajista,0,0.728,32,537,2,
s2292,PENDLEUSDT,1780389000000,train,-1,-2.17,0.367,3.14,2.22,0.79,-0.53,0.97,0.0,0.0,0.0,0,-1.63,neutral,neutral,0,-1.0,9,537,1,
s2293,ONDOUSDT,1780389000000,train,-1,-3.07,0.389,4.64,3.17,0.43,-1.44,0.62,0.0,0.0,0.0,0,-1.63,neutral,neutral,0,-1.0,16,536,0,
s2294,GRTUSDT,1780389000000,testB,-1,-2.68,0.504,2.84,2.75,0.57,-1.05,1.18,0.0,0.0,0.0,0,-1.63,neutral,bajista,0,0.866,32,536,2,
s2295,LDOUSDT,1780389000000,testB,-1,-2.11,0.455,3.08,2.13,0.52,-0.48,0.71,0.0,0.0,0.0,0,-1.63,neutral,neutral,1,2.0,23,536,1,
s2296,SANDUSDT,1780389000000,testB,-1,-3.67,0.683,4.13,3.79,1.58,-2.04,1.67,0.0,0.0,0.0,0,-1.63,neutral,bajista,0,1.273,32,536,4,
s2297,ARBUSDT,1780389900000,train,-1,-2.19,0.458,3.36,2.55,0.64,-0.8,0.85,0.0,0.0,0.0,0,-1.4,neutral,neutral,1,2.0,27,538,0,
s2298,TIAUSDT,1780389900000,train,-1,-2.34,0.421,3.89,2.45,2.45,-0.95,0.57,0.0,0.0,0.0,0,-1.4,neutral,neutral,0,-1.0,15,538,0,
s2299,SEIUSDT,1780389900000,train,-1,-2.99,0.723,3.75,3.61,0.66,-1.6,1.47,0.0,0.0,0.0,0,-1.4,neutral,bajista,0,1.012,32,538,3,
s2300,SANDUSDT,1780389900000,testB,-1,-2.98,0.634,3.37,3.14,1.68,-1.58,1.51,0.0,0.0,0.0,0,-1.4,neutral,bajista,1,2.0,27,537,5,
s2301,ASTERUSDT,1780390800000,train,-1,-2.43,0.649,3.15,2.52,0.5,-0.67,0.94,0.0,0.0,0.0,0,-1.76,neutral,bajista,1,2.0,26,539,2,
s2302,ENAUSDT,1780390800000,train,-1,-2.32,0.417,3.07,2.48,0.68,-0.56,1.02,0.0,0.0,0.0,0,-1.76,neutral,neutral,0,-1.0,17,539,1,
s2303,ARBUSDT,1780390800000,train,-1,-2.78,0.583,3.37,2.86,0.44,-1.02,1.13,0.0,0.0,0.0,0,-1.76,neutral,neutral,1,2.0,26,539,1,
s2304,SUIUSDT,1780390800000,train,-1,-2.58,0.595,2.99,2.76,0.86,-0.81,1.35,0.0,0.0,0.0,0,-1.76,neutral,neutral,0,0.532,32,539,1,
s2305,TIAUSDT,1780390800000,train,-1,-2.9,0.473,3.92,3.19,0.88,-1.14,1.28,0.0,0.0,0.0,0,-1.76,neutral,neutral,0,-1.0,14,539,1,
s2306,SEIUSDT,1780390800000,train,-1,-3.7,0.833,4.23,4.17,0.89,-1.94,1.89,0.0,0.0,0.0,0,-1.76,neutral,bajista,0,0.769,32,539,4,
s2307,PENDLEUSDT,1780390800000,train,-1,-2.13,0.372,2.65,2.29,1.03,-0.37,1.19,0.0,0.0,0.0,0,-1.76,neutral,neutral,0,-1.0,6,539,1,
s2308,ONDOUSDT,1780390800000,train,-1,-2.79,0.406,3.92,2.87,0.7,-1.03,1.0,0.0,0.0,0.0,0,-1.76,neutral,neutral,0,-1.0,11,538,1,
s2309,GRTUSDT,1780390800000,testB,-1,-2.53,0.504,2.93,2.76,0.64,-0.77,1.3,0.0,0.0,0.0,0,-1.76,neutral,neutral,0,-1.0,18,538,1,
s2310,LDOUSDT,1780390800000,testB,-1,-2.36,0.506,3.01,2.57,0.54,-0.6,1.11,0.0,0.0,0.0,0,-1.76,neutral,neutral,1,2.0,25,538,1,
s2311,SANDUSDT,1780390800000,testB,-1,-3.57,0.675,3.75,3.7,0.93,-1.81,1.99,0.0,0.0,0.0,0,-1.76,neutral,bajista,0,1.008,32,538,6,
s2312,ASTERUSDT,1780391700000,train,-1,-2.22,0.628,2.82,2.29,0.67,-0.51,0.94,0.0,0.0,0.0,0,-1.71,neutral,bajista,1,2.0,25,540,3,
s2313,ARBUSDT,1780391700000,train,-1,-2.4,0.545,2.87,2.46,0.77,-0.69,1.24,0.0,0.0,0.0,0,-1.71,neutral,bajista,1,2.0,25,540,2,
s2314,SUIUSDT,1780391700000,train,-1,-2.63,0.598,3.22,2.91,1.4,-0.92,1.74,0.0,0.0,0.0,0,-1.71,neutral,bajista,0,0.082,32,540,2,
s2315,TIAUSDT,1780391700000,train,-1,-2.11,0.393,3.19,2.47,1.0,-0.4,1.13,0.0,0.0,0.0,0,-1.71,neutral,neutral,0,-1.0,10,540,0,
s2316,SEIUSDT,1780391700000,train,-1,-3.65,0.83,4.14,3.89,1.42,-1.94,2.12,0.0,0.0,0.0,0,-1.71,neutral,bajista,0,0.471,32,540,5,
s2317,PENDLEUSDT,1780391700000,train,-1,-2.08,0.366,2.84,2.4,1.29,-0.38,1.38,0.0,0.0,0.0,0,-1.71,neutral,bajista,0,-1.0,5,540,2,
s2318,LDOUSDT,1780391700000,testB,-1,-2.07,0.472,2.55,2.33,0.5,-0.36,1.17,0.0,0.0,0.0,0,-1.71,neutral,bajista,1,2.0,24,539,2,
s2319,SANDUSDT,1780391700000,testB,-1,-2.61,0.566,3.27,2.97,0.93,-0.9,1.63,0.0,0.0,0.0,0,-1.71,neutral,neutral,1,2.0,25,539,0,
s2320,ARBUSDT,1780392600000,train,-1,-2.3,0.535,2.77,2.36,0.92,-0.83,1.04,0.0,0.0,0.0,0,-1.47,neutral,neutral,1,2.0,24,541,0,
s2321,INJUSDT,1780392600000,train,1,4.24,0.396,5.05,4.92,1.41,5.72,2.55,0.0,0.0,0.0,0,-1.47,neutral,alcista,0,-1.0,20,541,3,
s2322,TIAUSDT,1780392600000,train,-1,-2.01,0.382,2.83,2.13,1.03,-0.54,0.93,0.0,0.0,0.0,0,-1.47,neutral,neutral,0,-1.0,5,541,1,
s2323,SEIUSDT,1780392600000,train,-1,-3.55,0.826,3.97,3.8,1.61,-2.08,1.85,0.0,0.0,0.0,0,-1.47,neutral,bajista,0,0.49,32,541,6,
s2324,SANDUSDT,1780392600000,testB,-1,-3.02,0.679,3.27,3.12,0.98,-1.55,1.49,0.0,0.0,0.0,0,-1.47,neutral,neutral,0,1.251,32,540,1,
s2325,ARBUSDT,1780393500000,train,-1,-2.01,0.5,2.46,2.26,1.02,-0.81,1.17,0.0,0.0,0.0,0,-1.2,neutral,neutral,1,2.0,23,542,1,
s2326,INJUSDT,1780393500000,train,1,5.19,0.499,5.03,4.95,1.64,6.39,2.49,0.0,0.0,0.0,0,-1.2,neutral,alcista,0,-1.0,19,542,4,
s2327,SEIUSDT,1780393500000,train,-1,-3.14,0.807,4.08,3.94,1.41,-1.94,1.82,0.0,0.0,0.0,0,-1.2,neutral,bajista,0,0.299,32,542,7,
s2328,SANDUSDT,1780393500000,testB,-1,-2.66,0.65,3.41,3.06,1.26,-1.47,1.48,0.0,0.0,0.0,0,-1.2,neutral,bajista,0,1.095,32,541,2,
s2329,INJUSDT,1780394400000,train,1,4.9,0.486,5.55,5.06,2.0,5.83,2.67,0.0,0.0,0.0,0,-0.92,neutral,alcista,0,-1.0,18,543,5,
s2330,SEIUSDT,1780394400000,train,-1,-2.69,0.669,4.17,3.1,1.57,-1.77,1.32,0.0,0.0,0.0,0,-0.92,neutral,neutral,0,0.697,32,543,0,
s2331,STBLUSDT,1780397100000,train,-1,-3.14,0.353,5.65,4.53,1.03,-2.49,0.92,0.0,0.0,0.0,0,-0.65,neutral,neutral,0,1.146,32,546,0,
s2332,STBLUSDT,1780398000000,train,-1,-3.59,0.428,5.64,4.47,1.02,-2.88,0.73,0.0,0.0,0.0,0,-0.71,neutral,neutral,0,1.195,32,547,0,
s2333,ONDOUSDT,1780398000000,train,1,2.85,0.376,3.66,3.41,1.29,3.56,1.68,0.0,0.0,0.0,0,-0.71,neutral,neutral,1,2.0,25,546,0,
s2334,STBLUSDT,1780398900000,train,-1,-3.43,0.415,5.66,4.79,0.68,-2.84,0.92,0.0,0.0,0.0,0,-0.59,neutral,neutral,0,1.208,32,548,1,
s2335,AXSUSDT,1780402500000,testB,1,2.34,0.458,3.22,3.13,1.93,3.39,1.68,0.0,0.0,0.0,0,-1.05,neutral,alcista,0,-1.0,8,551,2,
s2336,TIAUSDT,1780403400000,train,1,2.9,0.554,3.77,3.7,0.86,3.82,1.69,0.0,0.0,0.0,0,-0.92,neutral,alcista,0,-1.0,7,553,4,
s2337,ONDOUSDT,1780403400000,train,1,4.42,0.448,5.34,5.07,1.9,5.34,3.01,0.0,0.0,0.0,0,-0.92,neutral,alcista,0,1.15,32,552,4,
s2338,AXSUSDT,1780403400000,testB,1,3.56,0.594,4.27,4.11,3.72,4.48,2.48,0.0,0.0,0.0,0,-0.92,neutral,alcista,0,-1.0,7,552,3,
s2339,TIAUSDT,1780404300000,train,1,2.4,0.487,3.78,3.6,0.92,3.56,1.38,0.0,0.0,0.0,0,-1.16,neutral,neutral,0,-1.0,6,554,0,
s2340,ONDOUSDT,1780404300000,train,1,4.73,0.467,6.53,5.91,2.77,5.89,3.58,0.0,0.0,0.0,0,-1.16,neutral,alcista,0,1.145,32,553,5,
s2341,AXSUSDT,1780404300000,testB,1,3.21,0.507,4.29,3.78,4.73,4.37,1.9,0.0,0.0,0.0,0,-1.16,neutral,neutral,0,-1.0,6,553,0,
s2342,TIAUSDT,1780405200000,train,1,3.12,0.732,4.28,3.58,1.04,4.04,1.24,0.0,0.0,0.0,0,-0.92,neutral,neutral,0,-1.0,5,555,0,
s2343,JUPUSDT,1780405200000,train,1,2.19,0.373,4.39,3.07,0.72,3.12,0.45,0.0,0.0,0.0,0,-0.92,neutral,neutral,0,-1.0,5,555,0,
s2344,ONDOUSDT,1780405200000,train,1,5.12,0.517,6.57,5.3,3.43,6.04,2.62,0.0,0.0,0.0,0,-0.92,neutral,neutral,0,1.168,32,554,0,
s2345,GRTUSDT,1780405200000,testB,1,2.02,0.45,3.11,2.43,0.86,2.94,0.65,0.0,0.0,0.0,0,-0.92,neutral,neutral,0,-1.0,5,554,0,
s2346,AXSUSDT,1780405200000,testB,1,3.92,0.616,5.7,4.11,5,4.84,2.03,0.0,0.0,0.0,0,-0.92,neutral,neutral,0,-1.0,5,554,1,
s2347,PUMPUSDT,1780406100000,train,1,2.44,0.373,3.2,2.93,1.09,2.97,1.44,0.0,0.0,0.0,0,-0.52,neutral,neutral,0,-1.0,3,556,1,
s2348,ENAUSDT,1780406100000,train,1,2.55,0.47,2.96,2.68,1.38,3.08,1.2,0.0,0.0,0.0,0,-0.52,neutral,alcista,0,-1.0,4,556,2,
s2349,TIAUSDT,1780406100000,train,1,3.19,0.737,4.28,3.65,1.25,3.72,1.24,0.0,0.0,0.0,0,-0.52,neutral,neutral,0,-1.0,4,556,1,
s2350,SEIUSDT,1780406100000,train,1,2.65,0.438,3.76,3.57,1.06,3.18,1.16,0.0,0.0,0.0,0,-0.52,neutral,neutral,0,-1.0,4,556,1,
s2351,JUPUSDT,1780406100000,train,1,3.46,0.58,4.31,3.63,0.73,3.98,1.04,0.0,0.0,0.0,0,-0.52,neutral,neutral,0,-1.0,4,556,1,
s2352,PENDLEUSDT,1780406100000,train,1,2.73,0.357,3.83,2.97,0.96,3.25,0.62,0.0,0.0,0.0,0,-0.52,neutral,neutral,0,-1.0,4,556,0,
s2353,ONDOUSDT,1780406100000,train,1,5.43,0.535,6.55,5.56,3.66,5.96,2.6,0.0,0.0,0.0,0,-0.52,neutral,neutral,0,1.417,32,555,1,
s2354,GRTUSDT,1780406100000,testB,1,2.31,0.483,3.1,2.86,0.93,2.83,1.02,0.0,0.0,0.0,0,-0.52,neutral,neutral,0,-1.0,4,555,1,
s2355,AXSUSDT,1780406100000,testB,1,4.36,0.676,5.6,4.26,5,4.89,2.09,0.0,0.0,0.0,0,-0.52,neutral,alcista,0,-1.0,4,555,2,
s2356,PUMPUSDT,1780407000000,train,1,2.38,0.368,3.2,2.98,1.58,3.25,1.32,0.0,0.0,0.0,0,-0.86,neutral,alcista,0,-1.0,2,557,2,
s2357,ENAUSDT,1780407000000,train,1,2.06,0.373,2.97,2.4,1.46,2.92,0.77,0.0,0.0,0.0,0,-0.86,neutral,neutral,0,-1.0,3,557,0,
s2358,TIAUSDT,1780407000000,train,1,2.62,0.534,4.3,3.09,1.51,3.49,0.54,0.0,0.0,0.0,0,-0.86,neutral,neutral,0,-1.0,3,557,0,
s2359,SEIUSDT,1780407000000,train,1,2.48,0.397,3.83,3.3,1.02,3.34,0.83,0.0,0.0,0.0,0,-0.86,neutral,neutral,0,-1.0,3,557,0,
s2360,ONDOUSDT,1780407000000,train,1,6.08,0.563,6.51,6.14,2.32,6.95,2.84,0.0,0.0,0.0,0,-0.86,neutral,alcista,0,1.157,32,556,2,
s2361,GRTUSDT,1780407000000,testB,1,2.64,0.533,3.13,3.09,1.22,3.5,1.12,0.0,0.0,0.0,0,-0.86,neutral,alcista,0,-1.0,3,556,2,
s2362,AXSUSDT,1780407000000,testB,1,3.4,0.481,5.64,3.54,5,4.26,1.2,0.0,0.0,0.0,0,-0.86,neutral,neutral,0,-1.0,3,556,0,
s2363,XPLUSDT,1780407900000,train,1,2.82,0.371,4.44,3.48,0.66,3.69,1.06,0.0,0.0,0.0,0,-0.87,neutral,neutral,0,-1.0,2,558,0,
s2364,TIAUSDT,1780407900000,train,1,2.18,0.416,4.32,2.72,1.72,3.05,0.24,0.0,0.0,0.0,0,-0.87,neutral,neutral,0,-1.0,2,558,0,
s2365,SEIUSDT,1780407900000,train,1,2.87,0.451,3.82,3.54,0.92,3.74,1.04,0.0,0.0,0.0,0,-0.87,neutral,neutral,0,-1.0,2,558,1,
s2366,ONDOUSDT,1780407900000,train,1,6.75,0.589,7.18,6.78,1.75,7.62,3.47,0.0,0.0,0.0,0,-0.87,neutral,alcista,0,0.933,32,557,3,
s2367,ARUSDT,1780407900000,testB,1,2.8,0.368,3.95,3.53,1.95,3.67,1.29,0.0,0.0,0.0,0,-0.87,neutral,alcista,0,-1.0,2,557,2,
s2368,GRTUSDT,1780407900000,testB,1,2.43,0.472,3.26,2.86,1.51,3.3,0.87,0.0,0.0,0.0,0,-0.87,neutral,neutral,0,-1.0,2,557,0,
s2369,AXSUSDT,1780407900000,testB,1,3.49,0.5,5.64,3.54,3.71,4.36,1.13,0.0,0.0,0.0,0,-0.87,neutral,neutral,0,-1.0,2,557,0,
s2370,AXSUSDT,1780408800000,testB,1,2.34,0.351,4.99,2.45,0.93,3.87,0.66,0.0,0.0,0.0,0,-1.54,neutral,neutral,0,-1.0,1,558,0,
s2371,ASTERUSDT,1780409700000,train,-1,-3.21,0.608,4.15,3.79,3.5,-0.7,2.46,0.0,0.0,0.0,0,-2.51,bear,bajista,0,-0.402,32,560,4,train
s2372,PUMPUSDT,1780409700000,train,-1,-4.57,0.401,7.61,6.69,5,-2.05,4.09,0.0,0.0,0.0,0,-2.51,bear,bajista,0,0.526,32,560,3,train
s2373,STBLUSDT,1780409700000,train,-1,-2.73,0.357,6.88,4.38,3.95,-0.22,2.64,0.0,0.0,0.0,0,-2.51,bear,neutral,0,0.711,32,560,1,train
s2374,0GUSDT,1780409700000,train,-1,-3.24,0.514,5.04,4.36,5,-0.73,3.04,0.0,0.0,0.0,0,-2.51,bear,bajista,0,0.41,32,560,4,train
s2375,ENAUSDT,1780409700000,train,-1,-3.5,0.397,6.28,5.21,4.53,-0.99,3.35,0.0,0.0,0.0,0,-2.51,bear,bajista,0,-1.0,9,560,4,train
s2376,ARBUSDT,1780409700000,train,-1,-3.18,0.392,5.83,4.77,4.88,-0.67,3.33,0.0,0.0,0.0,0,-2.51,bear,bajista,0,0.111,32,560,4,train
s2377,OPUSDT,1780409700000,train,-1,-4.76,0.413,8.21,7.11,3.97,-2.24,4.2,0.0,0.0,0.0,0,-2.51,bear,bajista,0,-0.036,32,560,4,train
s2378,TIAUSDT,1780409700000,train,-1,-3.44,0.414,7.28,6.19,3.98,-0.92,3.66,0.0,0.0,0.0,0,-2.51,bear,bajista,0,0.408,32,560,4,train
s2379,JUPUSDT,1780409700000,train,-1,-4.04,0.406,7.24,6.73,2.32,-1.53,3.98,0.0,0.0,0.0,0,-2.51,bear,bajista,0,-0.237,32,560,4,train
s2380,ARUSDT,1780409700000,testB,-1,-3.69,0.361,6.32,5.21,2.98,-1.17,3.0,0.0,0.0,0.0,0,-2.51,bear,bajista,0,0.658,32,559,2,testB
s2381,STXUSDT,1780409700000,testB,-1,-2.87,0.556,3.99,3.31,3.69,-0.35,2.28,0.0,0.0,0.0,0,-2.51,bear,bajista,0,0.712,32,559,4,testB
s2382,LDOUSDT,1780409700000,testB,-1,-4.04,0.518,5.59,4.95,5,-1.52,3.46,0.0,0.0,0.0,0,-2.51,bear,bajista,0,0.396,32,559,4,testB
s2383,SANDUSDT,1780409700000,testB,-1,-3.99,0.649,4.89,4.4,5,-1.48,3.19,0.0,0.0,0.0,0,-2.51,bear,bajista,0,0.31,32,559,4,testB
s2384,MANAUSDT,1780409700000,testB,-1,-3.41,0.583,4.42,3.79,4.94,-0.9,2.81,0.0,0.0,0.0,0,-2.51,bear,bajista,0,-0.0,32,559,3,testB
s2385,ASTERUSDT,1780410600000,train,-1,-2.62,0.488,4.14,3.43,3.38,-0.55,1.92,0.0,0.0,0.0,0,-2.07,bear,neutral,0,-0.307,32,561,0,train
s2386,PUMPUSDT,1780410600000,train,-1,-3.83,0.358,7.61,6.69,5,-1.75,3.69,0.0,0.0,0.0,0,-2.07,bear,neutral,0,0.629,32,561,0,train
s2387,0GUSDT,1780410600000,train,-1,-2.81,0.434,5.03,4.05,5,-0.74,2.49,0.0,0.0,0.0,0,-2.07,bear,neutral,0,0.602,32,561,0,train
s2388,PENDLEUSDT,1780410600000,train,-1,-5.09,0.535,8.09,6.54,2.8,-3.02,3.74,0.0,0.0,0.0,0,-2.07,bear,neutral,0,0.257,32,561,0,train
s2389,STXUSDT,1780410600000,testB,-1,-2.78,0.548,4.0,3.41,3.99,-0.71,2.14,0.0,0.0,0.0,0,-2.07,bear,bajista,0,0.827,32,560,5,testB
s2390,LDOUSDT,1780410600000,testB,-1,-3.65,0.476,5.58,4.81,5,-1.57,3.01,0.0,0.0,0.0,0,-2.07,bear,neutral,0,0.507,32,560,0,testB
s2391,SANDUSDT,1780410600000,testB,-1,-3.35,0.538,4.87,4.02,5,-1.27,2.55,0.0,0.0,0.0,0,-2.07,bear,neutral,0,0.543,32,560,0,testB
s2392,MANAUSDT,1780410600000,testB,-1,-2.82,0.489,4.41,3.53,5,-0.74,2.35,0.0,0.0,0.0,0,-2.07,bear,neutral,0,0.143,32,560,0,testB
s2393,ASTERUSDT,1780411500000,train,-1,-2.68,0.508,4.11,2.81,3.3,-0.34,1.22,0.0,0.0,0.0,0,-2.34,bear,neutral,0,0.048,32,562,0,train
s2394,PUMPUSDT,1780411500000,train,-1,-4.35,0.432,7.59,6.44,4.61,-2.01,3.24,0.0,0.0,0.0,0,-2.34,bear,neutral,0,0.911,32,562,0,train
s2395,STBLUSDT,1780411500000,train,-1,-2.61,0.383,6.88,4.38,3.85,-0.27,2.03,0.0,0.0,0.0,0,-2.34,bear,neutral,0,1.204,32,562,0,train
s2396,0GUSDT,1780411500000,train,-1,-2.73,0.418,5.01,3.58,5,-0.38,1.92,0.0,0.0,0.0,0,-2.34,bear,neutral,0,1.378,32,562,0,train
s2397,ENAUSDT,1780411500000,train,-1,-3.07,0.352,6.21,4.04,5,-0.72,1.96,0.0,0.0,0.0,0,-2.34,bear,neutral,0,-1.0,7,562,0,train
s2398,ARBUSDT,1780411500000,train,-1,-3.26,0.444,5.8,4.21,5,-0.92,2.33,0.0,0.0,0.0,0,-2.34,bear,neutral,0,0.75,32,562,0,train
s2399,OPUSDT,1780411500000,train,-1,-4.95,0.508,8.14,6.21,4.46,-2.61,2.96,0.0,0.0,0.0,0,-2.34,bear,neutral,0,0.446,32,562,0,train
s2400,TIAUSDT,1780411500000,train,-1,-3.25,0.39,7.2,5.02,3.74,-0.91,2.26,0.0,0.0,0.0,0,-2.34,bear,neutral,0,1.115,32,562,0,train
s2401,JUPUSDT,1780411500000,train,-1,-3.72,0.4,7.38,5.75,3.01,-1.38,2.65,0.0,0.0,0.0,0,-2.34,bear,neutral,0,0.257,32,562,0,train
s2402,PENDLEUSDT,1780411500000,train,-1,-6.11,0.665,8.12,6.97,3.87,-3.76,3.88,0.0,0.0,0.0,0,-2.34,bear,neutral,0,0.354,32,562,1,train
s2403,STXUSDT,1780411500000,testB,-1,-2.9,0.589,3.98,3.03,4.16,-0.56,1.69,0.0,0.0,0.0,0,-2.34,bear,neutral,0,1.507,32,561,0,testB
s2404,GRTUSDT,1780411500000,testB,-1,-2.96,0.408,5.26,4.18,5,-0.62,2.18,0.0,0.0,0.0,0,-2.34,bear,neutral,0,1.08,32,561,0,testB
s2405,LDOUSDT,1780411500000,testB,-1,-3.69,0.488,5.56,4.31,5,-1.35,2.37,0.0,0.0,0.0,0,-2.34,bear,neutral,0,1.326,32,561,0,testB
s2406,SANDUSDT,1780411500000,testB,-1,-3.59,0.605,4.86,3.9,5,-1.25,2.34,0.0,0.0,0.0,0,-2.34,bear,neutral,0,0.935,32,561,0,testB
s2407,MANAUSDT,1780411500000,testB,-1,-2.57,0.429,4.39,3.14,5,-0.22,1.87,0.0,0.0,0.0,0,-2.34,bear,neutral,0,0.8,32,561,0,testB
s2408,ASTERUSDT,1780412400000,train,-1,-3.2,0.553,4.09,3.38,1.87,-0.76,1.67,0.0,0.0,0.0,0,-2.44,bear,neutral,0,-0.307,32,563,1,train
s2409,PUMPUSDT,1780412400000,train,-1,-5.01,0.467,7.66,7.31,2.62,-2.57,3.69,0.0,0.0,0.0,0,-2.44,bear,neutral,0,0.627,32,563,1,train
s2410,STBLUSDT,1780412400000,train,-1,-2.76,0.404,6.88,4.48,3.49,-0.32,1.91,0.0,0.0,0.0,0,-2.44,bear,neutral,0,1.186,32,563,1,train
s2411,0GUSDT,1780412400000,train,-1,-3.95,0.509,5.81,4.97,5,-1.51,2.93,0.0,0.0,0.0,0,-2.44,bear,neutral,0,0.612,32,563,1,train
s2412,WLDUSDT,1780412400000,train,-1,-3.65,0.416,6.39,4.35,1.84,-1.21,2.5,0.0,0.0,0.0,0,-2.44,bear,neutral,0,-1.0,8,563,1,train
s2413,ARBUSDT,1780412400000,train,-1,-3.35,0.465,5.78,3.89,4.92,-0.91,1.79,0.0,0.0,0.0,0,-2.44,bear,neutral,0,0.73,32,563,0,train
s2414,OPUSDT,1780412400000,train,-1,-5.05,0.512,8.19,6.75,3.98,-2.61,3.15,0.0,0.0,0.0,0,-2.44,bear,neutral,0,0.275,32,563,1,train
s2415,SUIUSDT,1780412400000,train,-1,-2.05,0.355,3.91,2.58,5,0.39,1.15,0.0,0.0,0.0,0,-2.44,bear,neutral,0,1.158,32,563,1,train
s2416,TIAUSDT,1780412400000,train,-1,-3.62,0.415,7.24,5.68,2.55,-1.18,2.63,0.0,0.0,0.0,0,-2.44,bear,neutral,0,0.8,32,563,1,train
s2417,JUPUSDT,1780412400000,train,-1,-3.43,0.357,7.36,5.43,2.86,-0.99,2.14,0.0,0.0,0.0,0,-2.44,bear,neutral,0,0.234,32,563,0,train
s2418,PENDLEUSDT,1780412400000,train,-1,-5.49,0.624,8.12,6.85,3.62,-3.05,3.36,0.0,0.0,0.0,0,-2.44,bear,neutral,0,0.27,32,563,0,train
s2419,STXUSDT,1780412400000,testB,-1,-3.39,0.626,3.87,3.55,3.72,-0.95,2.12,0.0,0.0,0.0,0,-2.44,bear,neutral,0,0.936,32,562,1,testB
s2420,GRTUSDT,1780412400000,testB,-1,-3.48,0.457,5.29,4.66,5,-1.04,2.42,0.0,0.0,0.0,0,-2.44,bear,neutral,0,0.82,32,562,1,testB
s2421,LDOUSDT,1780412400000,testB,-1,-4.77,0.552,6.05,5.66,5,-2.33,3.32,0.0,0.0,0.0,0,-2.44,bear,neutral,0,0.606,32,562,1,testB
s2422,SANDUSDT,1780412400000,testB,-1,-3.63,0.607,4.69,3.83,5,-1.19,2.21,0.0,0.0,0.0,0,-2.44,bear,neutral,0,0.731,32,562,1,testB
s2423,MANAUSDT,1780412400000,testB,-1,-3.17,0.52,4.41,3.53,5,-0.73,2.07,0.0,0.0,0.0,0,-2.44,bear,neutral,0,0.464,32,562,1,testB
s2424,ASTERUSDT,1780413300000,train,-1,-4.53,0.636,5.13,4.74,1.29,-1.59,2.73,0.0,0.0,0.0,0,-2.94,bear,bajista,0,-0.28,32,564,2,train
s2425,STBLUSDT,1780413300000,train,-1,-3.43,0.456,6.95,5.52,1.27,-0.49,2.51,0.0,0.0,0.0,0,-2.94,bear,bajista,0,0.785,32,564,2,train
s2426,0GUSDT,1780413300000,train,-1,-4.91,0.563,6.45,6.35,3.22,-1.97,3.79,0.0,0.0,0.0,0,-2.94,bear,bajista,0,0.534,32,564,2,train
s2427,WLDUSDT,1780413300000,train,-1,-5.3,0.508,6.82,6.52,1.81,-2.36,4.03,0.0,0.0,0.0,0,-2.94,bear,bajista,0,-1.0,7,564,2,train
s2428,ENAUSDT,1780413300000,train,-1,-4.23,0.426,6.41,6.24,1.6,-1.29,3.41,0.0,0.0,0.0,0,-2.94,bear,bajista,0,-1.0,5,564,2,train
s2429,ARBUSDT,1780413300000,train,-1,-4.38,0.531,5.86,5.44,1.46,-1.44,2.89,0.0,0.0,0.0,0,-2.94,bear,neutral,0,0.49,32,564,1,train
s2430,SUIUSDT,1780413300000,train,-1,-2.51,0.402,3.97,3.57,1.72,0.43,1.86,0.0,0.0,0.0,0,-2.94,bear,bajista,0,1.017,32,564,2,train
s2431,TIAUSDT,1780413300000,train,-1,-4.9,0.49,7.51,7.21,1.33,-1.95,3.65,0.0,0.0,0.0,0,-2.94,bear,bajista,0,0.751,32,564,2,train
s2432,JUPUSDT,1780413300000,train,-1,-5.81,0.511,8.14,7.78,1.89,-2.87,3.83,0.0,0.0,0.0,0,-2.94,bear,neutral,0,0.16,32,564,1,train
s2433,FETUSDT,1780413300000,train,-1,-5.85,0.469,7.1,6.94,2.3,-2.91,3.81,0.0,0.0,0.0,0,-2.94,bear,bajista,0,0.928,32,563,2,train
s2434,STXUSDT,1780413300000,testB,-1,-4.16,0.671,5.03,4.75,3.2,-1.22,3.04,0.0,0.0,0.0,0,-2.94,bear,bajista,0,0.699,32,563,2,testB
s2435,GRTUSDT,1780413300000,testB,-1,-4.4,0.514,6.56,6.26,2.45,-1.46,3.52,0.0,0.0,0.0,0,-2.94,bear,bajista,0,0.633,32,563,2,testB
s2436,LDOUSDT,1780413300000,testB,-1,-5.39,0.58,7.14,6.94,2.99,-2.45,4.03,0.0,0.0,0.0,0,-2.94,bear,bajista,0,0.528,32,563,2,testB
s2437,SANDUSDT,1780413300000,testB,-1,-4.47,0.655,5.74,5.24,1.43,-1.53,3.15,0.0,0.0,0.0,0,-2.94,bear,bajista,0,0.498,32,563,2,testB
s2438,MANAUSDT,1780413300000,testB,-1,-4.03,0.579,4.84,4.71,1.82,-1.09,2.83,0.0,0.0,0.0,0,-2.94,bear,bajista,0,0.432,32,563,2,testB
s2439,ASTERUSDT,1780414200000,train,-1,-3.62,0.492,5.61,3.88,1.47,-0.48,2.03,0.0,0.0,0.0,0,-3.15,bear,neutral,0,-0.355,32,565,0,train
s2440,0GUSDT,1780414200000,train,-1,-5.08,0.578,7.59,6.48,3.07,-1.93,3.6,0.0,0.0,0.0,0,-3.15,bear,bajista,0,0.266,32,565,3,train
s2441,WLDUSDT,1780414200000,train,-1,-3.95,0.35,7.36,5.31,1.9,-0.8,2.65,0.0,0.0,0.0,0,-3.15,bear,neutral,0,-1.0,6,565,0,train
s2442,ENAUSDT,1780414200000,train,-1,-3.99,0.41,7.68,6.22,1.75,-0.85,3.19,0.0,0.0,0.0,0,-3.15,bear,neutral,0,-1.0,4,565,0,train
s2443,ARBUSDT,1780414200000,train,-1,-4.39,0.531,7.04,5.55,1.91,-1.24,2.84,0.0,0.0,0.0,0,-3.15,bear,neutral,0,0.231,32,565,0,train
s2444,INJUSDT,1780414200000,train,-1,-4.92,0.355,7.31,5.89,1.45,-1.77,3.01,0.0,0.0,0.0,0,-3.15,bear,neutral,0,0.705,32,565,0,train
s2445,SUIUSDT,1780414200000,train,-1,-3.09,0.452,5.5,4.19,2.48,0.06,2.3,0.0,0.0,0.0,0,-3.15,bear,bajista,0,0.487,32,565,3,train
s2446,FETUSDT,1780414200000,train,-1,-6.67,0.523,10.02,7.61,3.21,-3.52,4.21,0.0,0.0,0.0,0,-3.15,bear,bajista,0,0.689,32,564,3,train
s2447,STXUSDT,1780414200000,testB,-1,-4.56,0.691,6.96,5.34,3.95,-1.41,3.31,0.0,0.0,0.0,0,-3.15,bear,bajista,0,0.313,32,564,3,testB
s2448,GRTUSDT,1780414200000,testB,-1,-4.15,0.472,7.18,5.99,1.93,-1.01,3.09,0.0,0.0,0.0,0,-3.15,bear,neutral,0,0.447,32,564,0,testB
s2449,LDOUSDT,1780414200000,testB,-1,-5.83,0.599,8.76,7.54,2.97,-2.68,4.21,0.0,0.0,0.0,0,-3.15,bear,bajista,0,0.066,32,564,3,testB
s2450,SANDUSDT,1780414200000,testB,-1,-5.37,0.703,7.37,6.19,1.85,-2.22,3.7,0.0,0.0,0.0,0,-3.15,bear,bajista,0,0.099,32,564,3,testB
s2451,MANAUSDT,1780414200000,testB,-1,-4.27,0.614,5.87,4.85,2.05,-1.12,2.7,0.0,0.0,0.0,0,-3.15,bear,bajista,0,0.158,32,564,3,testB
s2452,ASTERUSDT,1780415100000,train,-1,-3.05,0.421,5.33,3.37,1.62,0.05,1.63,0.0,0.0,0.0,0,-3.11,bear,neutral,0,-0.404,32,566,0,train
s2453,0GUSDT,1780415100000,train,-1,-5.31,0.623,7.58,6.4,2.97,-2.2,3.19,0.0,0.0,0.0,0,-3.11,bear,neutral,0,0.261,32,566,0,train
s2454,ENAUSDT,1780415100000,train,-1,-3.84,0.388,7.66,5.86,1.74,-0.73,2.56,0.0,0.0,0.0,0,-3.11,bear,neutral,0,-1.0,3,566,0,train
s2455,ARBUSDT,1780415100000,train,-1,-3.88,0.452,7.01,5.1,1.86,-0.78,2.26,0.0,0.0,0.0,0,-3.11,bear,neutral,0,0.271,32,566,0,train
s2456,SUIUSDT,1780415100000,train,-1,-2.84,0.401,5.49,3.89,2.37,0.27,1.85,0.0,0.0,0.0,0,-3.11,bear,neutral,0,0.428,32,566,0,train
s2457,TIAUSDT,1780415100000,train,-1,-4.94,0.415,9.71,7.21,1.82,-1.84,3.0,0.0,0.0,0.0,0,-3.11,bear,neutral,0,0.498,32,566,0,train
s2458,JUPUSDT,1780415100000,train,-1,-5.42,0.468,8.93,6.91,1.66,-2.31,2.8,0.0,0.0,0.0,0,-3.11,bear,neutral,0,-0.007,32,566,0,train
s2459,FETUSDT,1780415100000,train,-1,-5.47,0.467,9.66,7.22,3.1,-2.36,3.83,0.0,0.0,0.0,0,-3.11,bear,neutral,0,0.844,32,565,0,train
s2460,STXUSDT,1780415100000,testB,-1,-4.03,0.565,6.92,4.75,4.35,-0.92,2.5,0.0,0.0,0.0,0,-3.11,bear,neutral,0,0.408,32,565,0,testB
s2461,GRTUSDT,1780415100000,testB,-1,-3.95,0.439,7.16,5.68,1.67,-0.84,2.55,0.0,0.0,0.0,0,-3.11,bear,neutral,0,0.425,32,565,0,testB
s2462,LDOUSDT,1780415100000,testB,-1,-5.82,0.599,8.74,7.36,2.83,-2.71,3.66,0.0,0.0,0.0,0,-3.11,bear,neutral,0,0.098,32,565,0,testB
s2463,SANDUSDT,1780415100000,testB,-1,-5.19,0.682,7.37,6.11,1.72,-2.09,3.28,0.0,0.0,0.0,0,-3.11,bear,neutral,0,0.063,32,565,0,testB
s2464,MANAUSDT,1780415100000,testB,-1,-4.27,0.614,5.87,4.85,1.94,-1.17,2.48,0.0,0.0,0.0,0,-3.11,bear,neutral,0,0.132,32,565,0,testB
s2465,0GUSDT,1780416000000,train,-1,-4.87,0.546,8.14,5.94,2.13,-2.83,2.47,0.0,0.0,0.0,0,-2.04,bear,neutral,0,0.28,32,567,0,train
s2466,GRTUSDT,1780416000000,testB,-1,-3.45,0.365,7.1,4.79,1.58,-1.41,1.49,0.0,0.0,0.0,0,-2.04,bear,neutral,0,0.588,32,566,0,testB
s2467,SANDUSDT,1780416000000,testB,-1,-3.83,0.434,7.27,4.69,1.69,-1.8,1.72,0.0,0.0,0.0,0,-2.04,bear,neutral,0,0.276,32,566,0,testB
s2468,MANAUSDT,1780416000000,testB,-1,-2.93,0.353,5.79,3.4,1.81,-0.89,0.98,0.0,0.0,0.0,0,-2.04,bear,neutral,0,0.444,32,566,0,testB
s2469,0GUSDT,1780416900000,train,-1,-4.65,0.509,8.12,5.67,1.57,-2.59,2.02,0.0,0.0,0.0,0,-2.05,bear,neutral,0,0.32,32,568,0,train
s2470,GRTUSDT,1780416900000,testB,-1,-3.36,0.353,7.09,4.61,1.09,-1.31,1.2,0.0,0.0,0.0,0,-2.05,bear,neutral,0,0.627,32,567,0,testB
s2471,SANDUSDT,1780416900000,testB,-1,-3.84,0.434,7.28,4.8,1.19,-1.78,1.67,0.0,0.0,0.0,0,-2.05,bear,neutral,0,0.206,32,567,1,testB
s2472,0GUSDT,1780417800000,train,-1,-4.86,0.546,8.12,5.67,0.9,-2.57,1.88,0.0,0.0,0.0,0,-2.29,bear,neutral,0,0.261,32,569,0,train
s2473,GRTUSDT,1780417800000,testB,-1,-4.23,0.455,7.12,5.01,0.53,-1.95,1.43,0.0,0.0,0.0,0,-2.29,bear,neutral,0,0.471,32,568,1,testB
s2474,LDOUSDT,1780417800000,testB,-1,-4.92,0.44,8.61,5.73,0.73,-2.64,1.62,0.0,0.0,0.0,0,-2.29,bear,neutral,0,0.243,32,568,1,testB
s2475,SANDUSDT,1780417800000,testB,-1,-4.23,0.465,7.3,5.17,0.47,-1.95,1.81,0.0,0.0,0.0,0,-2.29,bear,bajista,0,0.034,32,568,2,testB
s2476,MANAUSDT,1780417800000,testB,-1,-3.29,0.415,5.79,3.53,0.74,-1.0,0.94,0.0,0.0,0.0,0,-2.29,bear,neutral,0,0.25,32,568,1,testB
s2477,XPLUSDT,1780418700000,train,-1,-6.01,0.354,9.75,7.06,0.93,-3.7,2.21,0.0,0.0,0.0,0,-2.31,bear,bajista,0,0.413,32,570,2,train
s2478,0GUSDT,1780418700000,train,-1,-4.65,0.526,8.11,5.59,0.88,-2.34,1.63,0.0,0.0,0.0,0,-2.31,bear,neutral,0,0.324,32,570,0,train
s2479,PENDLEUSDT,1780418700000,train,-1,-6.07,0.539,9.39,6.87,0.55,-3.76,1.94,0.0,0.0,0.0,0,-2.31,bear,bajista,0,-0.02,32,570,2,train
s2480,FETUSDT,1780418700000,train,-1,-5.16,0.359,9.62,6.72,0.98,-2.86,2.44,0.0,0.0,0.0,0,-2.31,bear,bajista,0,0.724,32,569,2,train
s2481,ARUSDT,1780418700000,testB,-1,-5.18,0.392,9.53,6.68,0.69,-2.87,1.93,0.0,0.0,0.0,0,-2.31,bear,bajista,0,0.676,32,569,2,testB
s2482,STXUSDT,1780418700000,testB,-1,-4.07,0.455,6.91,4.56,0.63,-1.76,1.71,0.0,0.0,0.0,0,-2.31,bear,bajista,0,0.343,32,569,2,testB
s2483,GRTUSDT,1780418700000,testB,-1,-4.87,0.502,7.15,5.59,0.49,-2.56,1.83,0.0,0.0,0.0,0,-2.31,bear,bajista,0,0.379,32,569,2,testB
s2484,LDOUSDT,1780418700000,testB,-1,-5.55,0.469,8.68,6.66,0.58,-3.24,2.26,0.0,0.0,0.0,0,-2.31,bear,bajista,0,0.103,32,569,2,testB
s2485,SANDUSDT,1780418700000,testB,-1,-4.5,0.48,7.33,5.56,0.5,-2.19,1.96,0.0,0.0,0.0,0,-2.31,bear,bajista,0,0.064,32,569,3,testB
s2486,MANAUSDT,1780418700000,testB,-1,-3.42,0.424,5.82,3.92,0.67,-1.11,1.19,0.0,0.0,0.0,0,-2.31,bear,bajista,0,0.161,32,569,2,testB
s2487,0GUSDT,1780419600000,train,-1,-4.42,0.489,8.08,5.21,0.32,-2.37,1.16,0.0,0.0,0.0,0,-2.05,bear,neutral,0,0.468,32,571,0,train
s2488,GRTUSDT,1780419600000,testB,-1,-4.16,0.431,7.13,5.23,0.35,-2.12,1.37,0.0,0.0,0.0,0,-2.05,bear,neutral,0,0.419,32,570,0,testB
s2489,LDOUSDT,1780419600000,testB,-1,-4.88,0.399,8.64,6.07,0.43,-2.83,1.57,0.0,0.0,0.0,0,-2.05,bear,neutral,0,0.273,32,570,0,testB
s2490,SANDUSDT,1780419600000,testB,-1,-3.73,0.37,7.27,4.75,0.35,-1.68,1.07,0.0,0.0,0.0,0,-2.05,bear,neutral,0,0.268,32,570,0,testB
s2491,GRTUSDT,1780420500000,testB,-1,-4.23,0.443,7.1,4.83,0.29,-2.35,0.97,0.0,0.0,0.0,0,-1.88,neutral,neutral,0,0.417,32,571,0,
s2492,SANDUSDT,1780420500000,testB,-1,-4.12,0.429,7.26,4.54,0.3,-2.24,0.79,0.0,0.0,0.0,0,-1.88,neutral,neutral,0,0.196,32,571,0,
s2493,GRTUSDT,1780421400000,testB,-1,-4.58,0.487,7.11,4.97,0.26,-2.55,1.01,0.0,0.0,0.0,0,-2.03,bear,neutral,0,0.5,32,572,1,testB
s2494,LDOUSDT,1780421400000,testB,-1,-5.5,0.446,8.48,6.01,0.28,-3.47,1.43,0.0,0.0,0.0,0,-2.03,bear,neutral,0,0.335,32,572,1,testB
s2495,SANDUSDT,1780421400000,testB,-1,-4.43,0.446,7.17,4.83,0.32,-2.4,1.05,0.0,0.0,0.0,0,-2.03,bear,neutral,0,0.248,32,572,1,testB
s2496,INJUSDT,1780422300000,train,-1,-5.52,0.369,7.88,5.92,0.55,-3.6,1.12,0.0,0.0,0.0,0,-1.92,neutral,neutral,0,0.849,32,574,1,
s2497,GRTUSDT,1780422300000,testB,-1,-4.19,0.448,6.76,4.45,0.21,-2.26,0.71,0.0,0.0,0.0,0,-1.92,neutral,neutral,0,0.406,32,573,0,
s2498,LDOUSDT,1780422300000,testB,-1,-4.67,0.39,7.65,4.96,0.24,-2.74,1.07,0.0,0.0,0.0,0,-1.92,neutral,neutral,0,0.301,32,573,0,
s2499,SANDUSDT,1780422300000,testB,-1,-3.96,0.386,7.05,4.3,0.23,-2.03,0.57,0.0,0.0,0.0,0,-1.92,neutral,neutral,0,0.2,32,573,0,
s2500,0GUSDT,1780423200000,train,-1,-3.84,0.45,6.87,4.04,0.2,-2.41,0.98,0.0,0.0,0.0,0,-1.43,neutral,neutral,0,0.547,32,575,1,
s2501,ARUSDT,1780423200000,testB,-1,-5.15,0.351,8.1,5.43,0.27,-3.71,1.74,0.0,0.0,0.0,0,-1.43,neutral,bajista,0,0.542,32,574,3,
s2502,GRTUSDT,1780423200000,testB,-1,-4.28,0.453,6.29,4.43,0.21,-2.85,1.12,0.0,0.0,0.0,0,-1.43,neutral,neutral,0,0.362,32,574,1,
s2503,SANDUSDT,1780423200000,testB,-1,-3.98,0.387,6.59,4.13,0.23,-2.55,0.88,0.0,0.0,0.0,0,-1.43,neutral,neutral,0,0.266,32,574,1,
s2504,INJUSDT,1780424100000,train,-1,-5.63,0.369,6.91,6.58,0.51,-4.78,3.25,0.0,0.0,0.0,0,-0.85,neutral,bajista,0,0.649,32,576,3,
s2505,APEUSDT,1780425000000,testB,1,7.42,0.445,10.76,7.82,1.0,8.48,1.38,0.0,0.0,0.0,0,-1.06,neutral,neutral,0,-0.592,32,576,1,
s2506,0GUSDT,1780425900000,train,-1,-2.75,0.455,4.58,2.91,0.33,-1.76,1.51,0.0,0.0,0.0,0,-0.99,neutral,bajista,0,0.407,32,578,4,
s2507,INJUSDT,1780425900000,train,-1,-5.55,0.401,6.94,6.52,0.81,-4.56,3.53,0.0,0.0,0.0,0,-0.99,neutral,neutral,0,0.588,32,578,1,
s2508,SEIUSDT,1780425900000,train,-1,-4.33,0.394,5.11,4.57,0.54,-3.34,1.92,0.0,0.0,0.0,0,-0.99,neutral,bajista,0,0.872,32,578,4,
s2509,FETUSDT,1780425900000,train,-1,-6.22,0.42,7.58,6.79,0.63,-5.23,3.33,0.0,0.0,0.0,0,-0.99,neutral,bajista,0,0.134,32,577,3,
s2510,ARUSDT,1780425900000,testB,-1,-4.67,0.379,5.78,4.94,0.46,-3.68,2.83,0.0,0.0,0.0,0,-0.99,neutral,bajista,0,0.14,32,577,6,
s2511,AXSUSDT,1780425900000,testB,-1,-2.98,0.402,4.65,4.21,0.41,-1.99,1.48,0.0,0.0,0.0,0,-0.99,neutral,neutral,0,0.354,32,577,1,
s2512,AXSUSDT,1780426800000,testB,-1,-3.07,0.409,4.22,3.87,0.35,-2.32,0.99,0.0,0.0,0.0,0,-0.74,neutral,neutral,0,0.386,32,578,0,
s2513,ASTERUSDT,1780427700000,train,1,2.94,0.625,4.03,3.97,0.91,3.64,0.76,0.0,0.0,0.0,0,-0.7,neutral,neutral,0,0.101,32,580,1,
s2514,STBLUSDT,1780427700000,train,-1,-2.43,0.364,5.05,2.75,0.22,-1.73,1.58,0.0,0.0,0.0,0,-0.7,neutral,bajista,0,0.395,32,580,6,
s2515,AXSUSDT,1780428600000,testB,-1,-2.6,0.366,5.33,4.09,1.35,-2.07,2.13,0.0,0.0,0.0,0,-0.53,neutral,bajista,0,0.478,32,580,2,
s2516,PUMPUSDT,1780430400000,train,-1,-3.47,0.353,7.31,4.56,3.1,-2.65,1.25,0.0,0.0,0.0,0,-0.82,neutral,neutral,0,-0.092,32,583,1,
s2517,GRTUSDT,1780430400000,testB,-1,-2.06,0.358,4.89,2.83,2.36,-1.24,0.63,0.0,0.0,0.0,0,-0.82,neutral,neutral,0,0.621,32,582,0,
s2518,XPLUSDT,1780431300000,train,-1,-5.5,0.41,8.03,5.94,1.86,-4.15,2.02,0.0,0.0,0.0,0,-1.35,neutral,neutral,0,-0.216,32,584,1,
s2519,PUMPUSDT,1780431300000,train,-1,-5.11,0.509,7.27,5.51,3.06,-3.76,1.98,0.0,0.0,0.0,0,-1.35,neutral,bajista,0,-0.527,32,584,2,
s2520,INJUSDT,1780431300000,train,-1,-5.72,0.403,8.13,6.66,0.97,-4.37,2.21,0.0,0.0,0.0,0,-1.35,neutral,neutral,0,0.014,32,584,1,
s2521,ARUSDT,1780431300000,testB,-1,-3.76,0.359,7.43,5.2,1.18,-2.4,1.29,0.0,0.0,0.0,0,-1.35,neutral,neutral,0,-0.063,32,583,1,
s2522,GRTUSDT,1780431300000,testB,-1,-3.23,0.49,4.72,3.68,2.64,-1.88,1.53,0.0,0.0,0.0,0,-1.35,neutral,neutral,0,-0.153,32,583,1,
s2523,AXSUSDT,1780431300000,testB,-1,-2.77,0.4,5.16,3.91,1.98,-1.42,1.49,0.0,0.0,0.0,0,-1.35,neutral,neutral,0,0.227,32,583,1,
s2524,ONDOUSDT,1780433100000,train,1,8.52,0.433,9.11,7.93,1.01,8.28,4.15,0.0,0.0,0.0,0,0.24,neutral,alcista,0,-0.095,32,585,2,
s2525,WLDUSDT,1780434000000,train,-1,-4.37,0.354,8.03,5.19,1.29,-4.31,0.95,0.0,0.0,0.0,0,-0.05,neutral,neutral,0,-0.442,32,587,1,
s2526,FETUSDT,1780437600000,train,-1,-6.88,0.408,10.07,7.63,0.4,-6.32,1.99,0.0,0.0,0.0,0,-0.56,neutral,bajista,0,-1.0,28,590,3,
s2527,STBLUSDT,1780440300000,train,-1,-2.69,0.353,3.74,3.39,1.96,-1.26,2.2,0.0,0.0,0.0,0,-1.43,neutral,bajista,0,-1.0,31,594,2,
s2528,STBLUSDT,1780441200000,train,-1,-2.73,0.355,4.11,3.52,2.66,-1.75,2.02,0.0,0.0,0.0,0,-0.98,neutral,bajista,0,-1.0,30,595,3,
s2529,SEIUSDT,1780444800000,train,-1,-4.0,0.383,6.55,5.22,1.59,-3.17,1.66,0.0,0.0,0.0,0,-0.83,neutral,neutral,0,-0.339,32,599,0,
s2530,SEIUSDT,1780446600000,train,-1,-3.44,0.377,6.55,5.21,0.74,-3.08,1.46,0.0,0.0,0.0,0,-0.36,neutral,neutral,0,-0.359,32,601,0,
s2531,SEIUSDT,1780447500000,train,-1,-4.39,0.478,6.58,5.8,0.65,-3.42,1.91,0.0,0.0,0.0,0,-0.97,neutral,neutral,0,-0.449,32,602,1,
s2532,SEIUSDT,1780448400000,train,-1,-4.29,0.472,6.58,5.8,0.48,-3.33,1.57,0.0,0.0,0.0,0,-0.96,neutral,neutral,0,-0.335,32,603,0,
s2533,SEIUSDT,1780449300000,train,-1,-4.45,0.505,6.53,5.02,0.4,-3.16,0.84,0.0,0.0,0.0,0,-1.29,neutral,neutral,0,-0.235,32,604,0,
s2534,STBLUSDT,1780450200000,train,-1,-2.41,0.362,4.05,2.53,0.64,-0.61,0.79,0.0,0.0,0.0,0,-1.8,neutral,neutral,0,-1.0,14,605,1,
s2535,INJUSDT,1780450200000,train,-1,-3.44,0.379,3.88,3.67,1.06,-1.65,1.57,0.0,0.0,0.0,0,-1.8,neutral,neutral,0,-1.0,20,605,1,
s2536,SEIUSDT,1780450200000,train,-1,-4.7,0.518,5.67,4.97,0.42,-2.9,1.55,0.0,0.0,0.0,0,-1.8,neutral,neutral,0,-0.333,32,605,1,
s2537,SEIUSDT,1780451100000,train,-1,-3.79,0.43,4.97,3.94,0.46,-2.84,1.11,0.0,0.0,0.0,0,-0.95,neutral,neutral,0,-0.402,32,606,0,
s2538,SEIUSDT,1780452000000,train,-1,-3.42,0.403,4.81,4.27,0.51,-2.83,1.56,0.0,0.0,0.0,0,-0.59,neutral,neutral,0,-0.615,32,607,1,
s2539,INJUSDT,1780452900000,train,-1,-4.06,0.434,5.33,4.87,1.16,-3.12,2.54,0.0,0.0,0.0,0,-0.94,neutral,bajista,0,-1.0,12,608,2,
s2540,SEIUSDT,1780452900000,train,-1,-3.73,0.459,4.47,3.89,0.51,-2.79,1.31,0.0,0.0,0.0,0,-0.94,neutral,neutral,0,-0.748,32,608,0,
s2541,INJUSDT,1780453800000,train,-1,-4.59,0.464,5.83,5.52,1.12,-4.28,2.7,0.0,0.0,0.0,0,-0.3,neutral,bajista,0,-1.0,11,609,3,
s2542,SEIUSDT,1780453800000,train,-1,-3.26,0.424,3.82,3.38,0.47,-2.95,1.23,0.0,0.0,0.0,0,-0.3,neutral,neutral,0,-1.0,16,609,1,
s2543,INJUSDT,1780454700000,train,-1,-3.32,0.38,5.91,5.48,0.96,-3.67,2.41,0.0,0.0,0.0,0,0.35,neutral,neutral,0,-1.0,10,610,0,
s2544,JUPUSDT,1780456500000,train,1,3.99,0.432,5.0,4.14,0.59,4.44,0.51,0.0,0.0,0.0,0,-0.45,neutral,neutral,0,1.073,32,612,0,
s2545,PENDLEUSDT,1780456500000,train,1,4.2,0.397,5.47,4.3,0.7,4.65,0.6,0.0,0.0,0.0,0,-0.45,neutral,neutral,0,1.503,32,612,0,
s2546,ARUSDT,1780456500000,testB,1,3.28,0.362,4.44,3.64,0.39,3.73,0.23,0.0,0.0,0.0,0,-0.45,neutral,neutral,1,2.0,31,611,0,
s2547,MANAUSDT,1780456500000,testB,1,2.21,0.415,3.05,2.29,0.57,2.66,-0.15,0.0,0.0,0.0,0,-0.45,neutral,neutral,0,1.222,32,611,0,
s2548,ARBUSDT,1780457400000,train,-1,-3.24,0.441,4.47,4.47,1.6,-1.79,2.36,0.0,0.0,0.0,0,-1.45,neutral,bajista,0,-1.0,6,613,3,
s2549,ENAUSDT,1780458300000,train,-1,-4.35,0.435,6.38,5.2,1.19,-2.98,1.55,0.0,0.0,0.0,0,-1.37,neutral,neutral,0,-1.0,4,614,0,
s2550,ARBUSDT,1780458300000,train,-1,-3.34,0.463,4.79,4.24,2.17,-1.97,2.02,0.0,0.0,0.0,0,-1.37,neutral,neutral,0,-1.0,5,614,0,
s2551,ARBUSDT,1780459200000,train,-1,-3.33,0.463,4.77,3.77,2.36,-2.62,1.26,0.0,0.0,0.0,0,-0.71,neutral,neutral,0,-1.0,4,615,0,
s2552,FETUSDT,1780461900000,train,1,6.01,0.402,6.78,6.51,1.46,6.7,3.84,0.0,0.0,0.0,0,-0.69,neutral,alcista,0,0.159,32,617,4,
s2553,PUMPUSDT,1780462800000,train,1,5.02,0.376,6.67,6.16,1.72,4.56,3.68,0.0,0.0,0.0,0,0.46,neutral,alcista,0,0.364,32,619,2,
s2554,ENAUSDT,1780462800000,train,1,4.92,0.359,7.79,7.23,1.45,4.46,3.63,0.0,0.0,0.0,0,0.46,neutral,alcista,0,1.607,32,619,6,
s2555,OPUSDT,1780462800000,train,1,5.85,0.386,7.31,6.99,1.28,5.39,4.11,0.0,0.0,0.0,0,0.46,neutral,alcista,0,0.5,32,619,5,
s2556,JUPUSDT,1780462800000,train,1,4.76,0.383,6.01,5.62,1.33,4.3,3.14,0.0,0.0,0.0,0,0.46,neutral,alcista,0,0.304,32,619,2,
s2557,FETUSDT,1780462800000,train,1,7.54,0.483,7.85,7.05,1.43,7.09,4.36,0.0,0.0,0.0,0,0.46,neutral,alcista,0,0.145,32,618,5,
s2558,ARUSDT,1780462800000,testB,1,4.92,0.397,6.22,5.32,1.65,4.46,3.27,0.0,0.0,0.0,0,0.46,neutral,alcista,0,1.78,32,618,5,
s2559,FETUSDT,1780463700000,train,1,6.09,0.416,7.38,6.31,1.46,5.96,3.59,0.0,0.0,0.0,0,0.13,neutral,neutral,0,0.108,32,619,0,
s2560,XPLUSDT,1780464600000,train,1,5.28,0.413,8.46,7.02,1.27,4.52,2.79,0.0,0.0,0.0,0,0.76,neutral,neutral,0,0.349,32,621,0,
s2561,PUMPUSDT,1780464600000,train,1,4.63,0.373,6.75,5.06,1.73,3.87,1.95,0.0,0.0,0.0,0,0.76,neutral,neutral,0,0.667,32,621,0,
s2562,ENAUSDT,1780464600000,train,1,6.72,0.47,8.28,7.91,1.49,5.96,3.94,0.0,0.0,0.0,0,0.76,neutral,neutral,0,1.407,32,621,1,
s2563,OPUSDT,1780464600000,train,1,6.01,0.432,7.46,7.21,1.64,5.25,3.59,0.0,0.0,0.0,0,0.76,neutral,neutral,0,0.382,32,621,1,
s2564,ONDOUSDT,1780464600000,train,1,4.58,0.357,7.46,7.31,2.06,3.82,3.75,0.0,0.0,0.0,0,0.76,neutral,alcista,0,0.599,32,620,8,
s2565,FETUSDT,1780464600000,train,1,6.4,0.444,7.31,6.13,1.31,5.64,3.23,0.0,0.0,0.0,0,0.76,neutral,neutral,0,0.099,32,620,0,
s2566,STXUSDT,1780464600000,testB,1,2.68,0.358,4.48,4.25,1.21,1.92,1.8,0.0,0.0,0.0,0,0.76,neutral,alcista,0,0.215,32,620,7,
s2567,XPLUSDT,1780465500000,train,1,4.64,0.385,8.43,7.43,1.35,4.04,2.98,0.0,0.0,0.0,0,0.6,neutral,neutral,0,0.403,32,622,1,
s2568,OPUSDT,1780465500000,train,1,4.31,0.357,7.45,7.29,1.53,3.71,3.37,0.0,0.0,0.0,0,0.6,neutral,alcista,0,0.544,32,622,2,
s2569,FETUSDT,1780465500000,train,1,4.97,0.387,7.23,6.62,1.16,4.37,3.51,0.0,0.0,0.0,0,0.6,neutral,neutral,0,0.194,32,621,1,
s2570,XPLUSDT,1780466400000,train,1,5.59,0.462,8.39,7.84,0.96,5.11,3.02,0.0,0.0,0.0,0,0.49,neutral,alcista,0,0.394,32,623,2,
s2571,ONDOUSDT,1780466400000,train,1,4.96,0.406,8.55,7.79,1.96,4.47,3.34,0.0,0.0,0.0,0,0.49,neutral,neutral,0,0.491,32,622,0,
s2572,FETUSDT,1780466400000,train,1,5.19,0.409,7.48,6.34,0.87,4.7,2.73,0.0,0.0,0.0,0,0.49,neutral,neutral,0,0.246,32,622,0,
s2573,APEUSDT,1780466400000,testB,1,4.54,0.411,6.61,6.42,1.16,4.05,2.66,0.0,0.0,0.0,0,0.49,neutral,alcista,0,-0.263,32,622,2,
s2574,PUMPUSDT,1780467300000,train,1,4.52,0.41,6.69,5.94,0.93,3.64,2.36,0.0,0.0,0.0,0,0.88,neutral,neutral,0,0.33,32,624,1,
s2575,ARBUSDT,1780467300000,train,1,3.06,0.368,5.62,5.41,0.98,2.18,2.05,0.0,0.0,0.0,0,0.88,neutral,neutral,0,0.294,32,624,1,
s2576,OPUSDT,1780467300000,train,1,4.75,0.378,7.7,7.21,0.77,3.87,2.71,0.0,0.0,0.0,0,0.88,neutral,neutral,0,0.449,32,624,1,
s2577,INJUSDT,1780467300000,train,1,4.12,0.43,5.64,4.92,0.45,3.24,1.46,0.0,0.0,0.0,0,0.88,neutral,neutral,0,0.281,32,624,1,
s2578,FETUSDT,1780467300000,train,1,6.05,0.503,7.49,6.2,0.76,5.16,2.38,0.0,0.0,0.0,0,0.88,neutral,neutral,0,0.202,32,623,0,
s2579,LDOUSDT,1780467300000,testB,1,2.55,0.365,4.67,4.38,1.27,1.66,1.59,0.0,0.0,0.0,0,0.88,neutral,neutral,0,0.007,32,623,1,
s2580,APEUSDT,1780467300000,testB,1,5.13,0.484,6.89,6.11,1.3,4.24,2.24,0.0,0.0,0.0,0,0.88,neutral,neutral,0,-0.277,32,623,0,
s2581,PUMPUSDT,1780468200000,train,1,5.29,0.449,6.97,6.8,1.06,4.43,2.74,0.0,0.0,0.0,0,0.86,neutral,alcista,0,0.227,32,625,2,
s2582,ARBUSDT,1780468200000,train,1,4.38,0.465,7.02,6.5,1.2,3.52,2.91,0.0,0.0,0.0,0,0.86,neutral,alcista,0,0.097,32,625,2,
s2583,OPUSDT,1780468200000,train,1,5.0,0.391,8.15,7.66,0.76,4.14,2.67,0.0,0.0,0.0,0,0.86,neutral,alcista,0,0.484,32,625,2,
s2584,INJUSDT,1780468200000,train,1,7.38,0.634,8.53,7.24,1.7,6.52,3.58,0.0,0.0,0.0,0,0.86,neutral,alcista,0,-0.211,32,625,2,
s2585,TIAUSDT,1780468200000,train,1,3.45,0.369,6.61,5.8,0.92,2.58,1.86,0.0,0.0,0.0,0,0.86,neutral,alcista,0,0.356,32,625,2,
s2586,SEIUSDT,1780468200000,train,1,3.21,0.4,4.81,4.57,0.99,2.35,1.82,0.0,0.0,0.0,0,0.86,neutral,alcista,0,-0.174,32,625,2,
s2587,PENDLEUSDT,1780468200000,train,1,4.03,0.4,6.21,5.95,0.61,3.17,2.05,0.0,0.0,0.0,0,0.86,neutral,alcista,0,0.379,32,625,4,
s2588,FETUSDT,1780468200000,train,1,6.21,0.51,7.48,6.38,0.76,5.35,2.07,0.0,0.0,0.0,0,0.86,neutral,neutral,0,0.458,32,624,1,
s2589,ARUSDT,1780468200000,testB,1,3.98,0.381,6.21,5.49,0.97,3.12,1.9,0.0,0.0,0.0,0,0.86,neutral,alcista,1,2.0,27,624,4,
s2590,LDOUSDT,1780468200000,testB,1,3.21,0.427,5.19,4.94,1.64,2.35,1.86,0.0,0.0,0.0,0,0.86,neutral,alcista,0,-0.084,32,624,2,
s2591,MANAUSDT,1780468200000,testB,1,2.66,0.356,5.19,4.94,0.69,1.8,1.81,0.0,0.0,0.0,0,0.86,neutral,alcista,0,-0.2,32,624,2,
s2592,APEUSDT,1780468200000,testB,1,4.72,0.429,6.92,5.74,1.29,3.86,1.55,0.0,0.0,0.0,0,0.86,neutral,neutral,0,-0.148,32,624,0,
s2593,ARBUSDT,1780469100000,train,1,3.6,0.379,7.05,6.11,1.18,3.06,2.25,0.0,0.0,0.0,0,0.54,neutral,neutral,0,0.19,32,626,0,
s2594,INJUSDT,1780469100000,train,1,6.73,0.551,8.16,6.29,1.93,6.19,2.8,0.0,0.0,0.0,0,0.54,neutral,neutral,0,0.115,32,626,0,
s2595,APEUSDT,1780469100000,testB,1,4.02,0.362,6.95,5.37,1.26,3.48,1.19,0.0,0.0,0.0,0,0.54,neutral,neutral,0,0.098,32,625,0,
s2596,PUMPUSDT,1780470000000,train,1,4.61,0.358,7.03,6.75,0.96,3.78,2.35,0.0,0.0,0.0,0,0.83,neutral,neutral,0,0.449,32,627,1,
s2597,ARBUSDT,1780470000000,train,1,4.38,0.455,7.02,6.5,1.19,3.55,2.46,0.0,0.0,0.0,0,0.83,neutral,neutral,0,0.032,32,627,1,
s2598,INJUSDT,1780470000000,train,1,7.09,0.568,8.15,7.95,2.13,6.26,4.6,0.0,0.0,0.0,0,0.83,neutral,neutral,0,-0.207,32,627,1,
s2599,APEUSDT,1780470000000,testB,1,4.23,0.378,6.94,5.5,1.01,3.4,1.32,0.0,0.0,0.0,0,0.83,neutral,neutral,0,0.095,32,626,1,
s2600,PUMPUSDT,1780470900000,train,1,5.05,0.404,7.2,6.75,0.98,3.47,2.1,0.0,0.0,0.0,0,1.57,neutral,alcista,0,0.593,32,628,2,
s2601,ARBUSDT,1780470900000,train,1,5.4,0.59,7.22,6.69,0.93,3.83,2.43,0.0,0.0,0.0,0,1.57,neutral,alcista,0,0.016,32,628,2,
s2602,SUIUSDT,1780470900000,train,1,4.17,0.411,6.16,5.6,0.98,2.59,1.69,0.0,0.0,0.0,0,1.57,neutral,alcista,0,-0.062,32,628,2,
s2603,TIAUSDT,1780470900000,train,1,3.38,0.353,6.64,5.37,0.8,1.8,1.17,0.0,0.0,0.0,0,1.57,neutral,neutral,0,0.588,32,628,0,
s2604,SEIUSDT,1780470900000,train,1,3.69,0.427,5.04,4.63,0.78,2.12,1.54,0.0,0.0,0.0,0,1.57,neutral,alcista,0,-0.138,32,628,2,
s2605,PENDLEUSDT,1780470900000,train,1,3.68,0.375,6.63,6.12,1.4,2.11,1.89,0.0,0.0,0.0,0,1.57,neutral,neutral,0,0.135,32,628,0,
s2606,FETUSDT,1780470900000,train,1,4.32,0.377,7.48,6.3,0.7,2.75,1.76,0.0,0.0,0.0,0,1.57,neutral,alcista,0,0.289,32,627,2,
s2607,STXUSDT,1780470900000,testB,1,3.47,0.42,5.22,4.99,0.66,1.9,1.44,0.0,0.0,0.0,0,1.57,neutral,alcista,0,0.1,32,627,2,
s2608,GRTUSDT,1780470900000,testB,1,3.52,0.354,5.96,5.37,0.61,1.94,1.39,0.0,0.0,0.0,0,1.57,neutral,neutral,0,0.188,32,627,0,
s2609,LDOUSDT,1780470900000,testB,1,3.09,0.377,5.22,4.51,1.15,1.51,1.14,0.0,0.0,0.0,0,1.57,neutral,alcista,0,0.064,32,627,2,
s2610,MANAUSDT,1780470900000,testB,1,2.8,0.367,5.2,4.7,0.59,1.23,1.2,0.0,0.0,0.0,0,1.57,neutral,alcista,0,-0.079,32,627,2,
s2611,AXSUSDT,1780470900000,testB,1,2.78,0.365,4.8,4.36,0.46,1.2,1.16,0.0,0.0,0.0,0,1.57,neutral,alcista,0,0.24,32,627,2,
s2612,APEUSDT,1780470900000,testB,1,4.57,0.401,6.92,5.74,0.88,3.0,1.43,0.0,0.0,0.0,0,1.57,neutral,alcista,0,0.102,32,627,2,
s2613,PUMPUSDT,1780471800000,train,1,6.57,0.574,7.25,6.85,0.69,4.37,1.93,0.0,0.0,0.0,0,2.21,bull,alcista,0,0.267,32,629,3,train
s2614,STBLUSDT,1780471800000,train,1,4.92,0.581,6.54,5.35,1.16,2.71,1.88,0.0,0.0,0.0,0,2.21,bull,alcista,0,-0.199,32,629,5,train
s2615,0GUSDT,1780471800000,train,1,2.24,0.396,3.18,2.71,0.6,0.03,0.44,0.0,0.0,0.0,0,2.21,bull,alcista,0,0.365,32,629,2,train
s2616,ARBUSDT,1780471800000,train,1,6.93,0.861,7.21,6.79,0.6,4.72,2.25,0.0,0.0,0.0,0,2.21,bull,alcista,0,-0.077,32,629,3,train
s2617,INJUSDT,1780471800000,train,1,8.57,0.718,8.78,7.91,1.22,6.36,3.78,0.0,0.0,0.0,0,2.21,bull,neutral,0,-0.196,32,629,0,train
s2618,SUIUSDT,1780471800000,train,1,5.55,0.613,6.16,5.66,0.93,3.35,1.57,0.0,0.0,0.0,0,2.21,bull,alcista,0,-0.228,32,629,3,train
s2619,TIAUSDT,1780471800000,train,1,5.6,0.691,6.62,5.6,0.5,3.39,1.23,0.0,0.0,0.0,0,2.21,bull,neutral,0,0.341,32,629,1,train
s2620,SEIUSDT,1780471800000,train,1,4.93,0.602,5.23,4.95,0.72,2.72,1.66,0.0,0.0,0.0,0,2.21,bull,alcista,0,-0.39,32,629,3,train
s2621,JUPUSDT,1780471800000,train,1,4.05,0.385,6.16,4.78,0.53,1.84,0.97,0.0,0.0,0.0,0,2.21,bull,neutral,0,0.67,32,629,1,train
s2622,PENDLEUSDT,1780471800000,train,1,5.58,0.649,6.69,6.33,1.33,3.37,1.77,0.0,0.0,0.0,0,2.21,bull,neutral,0,0.012,32,629,1,train
s2623,FETUSDT,1780471800000,train,1,6.59,0.603,7.43,6.98,0.59,4.39,2.09,0.0,0.0,0.0,0,2.21,bull,alcista,0,0.168,32,628,3,train
s2624,ARUSDT,1780471800000,testB,1,5.26,0.531,6.21,5.54,0.54,3.05,1.45,0.0,0.0,0.0,0,2.21,bull,alcista,1,2.0,23,628,3,testB
s2625,STXUSDT,1780471800000,testB,1,4.7,0.656,5.22,4.99,0.47,2.5,1.3,0.0,0.0,0.0,0,2.21,bull,neutral,0,-0.082,32,628,0,testB
s2626,GRTUSDT,1780471800000,testB,1,5.19,0.578,5.94,5.61,0.66,2.99,1.45,0.0,0.0,0.0,0,2.21,bull,neutral,0,0.015,32,628,1,testB
s2627,LDOUSDT,1780471800000,testB,1,4.2,0.581,5.22,4.38,0.62,1.99,0.9,0.0,0.0,0.0,0,2.21,bull,neutral,0,-0.015,32,628,0,testB
s2628,SANDUSDT,1780471800000,testB,1,4.32,0.627,5.62,5.22,0.43,2.12,1.16,0.0,0.0,0.0,0,2.21,bull,alcista,0,-0.133,32,628,3,testB
s2629,MANAUSDT,1780471800000,testB,1,4.25,0.647,5.19,4.82,0.49,2.05,1.18,0.0,0.0,0.0,0,2.21,bull,alcista,0,-0.205,32,628,3,testB
s2630,AXSUSDT,1780471800000,testB,1,4.08,0.616,4.79,4.44,0.41,1.87,1.11,0.0,0.0,0.0,0,2.21,bull,alcista,0,0.059,32,628,3,testB
s2631,APEUSDT,1780471800000,testB,1,5.74,0.55,6.8,5.43,0.64,3.53,1.07,0.0,0.0,0.0,0,2.21,bull,neutral,0,-0.024,32,628,0,testB
s2632,XPLUSDT,1780472700000,train,1,7.83,0.66,8.47,7.37,0.33,5.75,1.52,0.0,0.0,0.0,0,2.08,bull,neutral,0,1.254,32,630,0,train
s2633,PUMPUSDT,1780472700000,train,1,6.5,0.572,6.45,6.16,0.55,4.42,1.83,0.0,0.0,0.0,0,2.08,bull,alcista,0,0.139,32,630,4,train
s2634,STBLUSDT,1780472700000,train,1,5.03,0.6,6.1,4.82,0.39,2.95,1.59,0.0,0.0,0.0,0,2.08,bull,neutral,0,-0.253,32,630,0,train
s2635,0GUSDT,1780472700000,train,1,2.08,0.358,2.74,2.04,0.61,-0.0,0.19,0.0,0.0,0.0,0,2.08,bull,neutral,0,0.462,32,630,0,train
s2636,ARBUSDT,1780472700000,train,1,7.02,0.863,6.67,6.56,0.6,4.94,2.36,0.0,0.0,0.0,0,2.08,bull,alcista,0,-0.19,32,630,4,train
s2637,SUIUSDT,1780472700000,train,1,5.09,0.568,5.57,4.89,1.01,3.01,1.25,0.0,0.0,0.0,0,2.08,bull,neutral,0,-0.264,32,630,0,train
s2638,TIAUSDT,1780472700000,train,1,5.27,0.674,6.11,5.06,0.43,3.19,1.11,0.0,0.0,0.0,0,2.08,bull,neutral,0,0.266,32,630,0,train
s2639,SEIUSDT,1780472700000,train,1,4.79,0.595,4.88,4.62,0.65,2.71,1.49,0.0,0.0,0.0,0,2.08,bull,neutral,0,-0.532,32,630,0,train
s2640,JUPUSDT,1780472700000,train,1,4.46,0.408,5.3,4.32,0.52,2.38,1.29,0.0,0.0,0.0,0,2.08,bull,alcista,0,0.727,32,630,2,train
s2641,PENDLEUSDT,1780472700000,train,1,5.14,0.597,5.53,4.95,1.19,3.06,1.44,0.0,0.0,0.0,0,2.08,bull,neutral,0,-0.025,32,630,0,train
s2642,ONDOUSDT,1780472700000,train,1,8.48,0.589,10.2,7.84,0.64,6.4,1.64,0.0,0.0,0.0,0,2.08,bull,neutral,0,0.37,32,629,0,train
s2643,FETUSDT,1780472700000,train,1,6.36,0.568,6.81,6.05,0.61,4.28,1.47,0.0,0.0,0.0,0,2.08,bull,neutral,0,0.112,32,629,0,train
s2644,ARUSDT,1780472700000,testB,1,5.61,0.584,6.03,5.31,0.51,3.53,1.28,0.0,0.0,0.0,0,2.08,bull,neutral,1,2.0,22,629,0,testB
s2645,STXUSDT,1780472700000,testB,1,4.76,0.667,4.81,4.54,0.44,2.68,1.15,0.0,0.0,0.0,0,2.08,bull,neutral,0,-0.13,32,629,0,testB
s2646,GRTUSDT,1780472700000,testB,1,5.03,0.548,5.5,4.83,0.81,2.95,1.0,0.0,0.0,0.0,0,2.08,bull,neutral,0,-0.157,32,629,0,testB
s2647,LDOUSDT,1780472700000,testB,1,4.13,0.577,4.8,4.03,0.54,2.05,0.86,0.0,0.0,0.0,0,2.08,bull,neutral,0,-0.112,32,629,1,testB
s2648,SANDUSDT,1780472700000,testB,1,4.37,0.635,4.75,4.2,0.39,2.29,0.92,0.0,0.0,0.0,0,2.08,bull,neutral,0,-0.23,32,629,0,testB
s2649,MANAUSDT,1780472700000,testB,1,4.39,0.68,4.7,4.21,0.42,2.31,0.97,0.0,0.0,0.0,0,2.08,bull,neutral,0,-0.294,32,629,0,testB
s2650,AXSUSDT,1780472700000,testB,1,4.54,0.676,5.04,4.69,0.45,2.46,1.26,0.0,0.0,0.0,0,2.08,bull,alcista,0,-0.093,32,629,4,testB
s2651,APEUSDT,1780472700000,testB,1,4.88,0.497,6.16,4.65,0.53,2.8,0.86,0.0,0.0,0.0,0,2.08,bull,neutral,0,-0.197,32,629,0,testB
s2652,XPLUSDT,1780473600000,train,1,4.52,0.448,6.43,4.55,0.42,3.44,0.76,0.0,0.0,0.0,0,1.08,neutral,neutral,1,2.0,28,631,0,
s2653,PUMPUSDT,1780473600000,train,1,3.88,0.38,4.89,3.85,0.52,2.8,1.03,0.0,0.0,0.0,0,1.08,neutral,neutral,0,0.06,32,631,0,
s2654,STBLUSDT,1780473600000,train,1,4.21,0.54,5.55,4.14,0.64,3.13,1.29,0.0,0.0,0.0,0,1.08,neutral,neutral,0,-0.144,32,631,0,
s2655,ARBUSDT,1780473600000,train,1,6.33,0.803,6.37,6.05,0.57,5.24,2.04,0.0,0.0,0.0,0,1.08,neutral,neutral,0,-0.31,32,631,0,
s2656,OPUSDT,1780473600000,train,1,7.91,0.769,8.04,7.57,1.42,6.83,3.21,0.0,0.0,0.0,0,1.08,neutral,alcista,0,-0.271,32,631,5,
s2657,INJUSDT,1780473600000,train,1,5.36,0.445,7.46,5.38,1.64,4.28,1.77,0.0,0.0,0.0,0,1.08,neutral,neutral,0,-0.47,32,631,0,
s2658,SUIUSDT,1780473600000,train,1,3.48,0.422,4.59,3.45,0.98,2.4,0.83,0.0,0.0,0.0,0,1.08,neutral,neutral,0,-0.397,32,631,0,
s2659,TIAUSDT,1780473600000,train,1,3.6,0.558,4.99,3.78,0.43,2.52,0.94,0.0,0.0,0.0,0,1.08,neutral,neutral,0,0.057,32,631,0,
s2660,PENDLEUSDT,1780473600000,train,1,4.11,0.515,4.9,4.12,1.04,3.02,1.14,0.0,0.0,0.0,0,1.08,neutral,neutral,0,-0.227,32,631,0,
s2661,ONDOUSDT,1780473600000,train,1,8.08,0.58,9.31,7.6,0.56,7.0,2.02,0.0,0.0,0.0,0,1.08,neutral,neutral,0,0.258,32,630,1,
s2662,FETUSDT,1780473600000,train,1,3.64,0.354,5.27,3.59,0.54,2.56,0.57,0.0,0.0,0.0,0,1.08,neutral,neutral,0,-0.011,32,630,0,
s2663,ARUSDT,1780473600000,testB,1,3.18,0.366,4.81,3.31,0.48,2.1,0.49,0.0,0.0,0.0,0,1.08,neutral,neutral,1,2.0,12,630,0,
s2664,STXUSDT,1780473600000,testB,1,3.49,0.529,4.24,3.37,0.89,2.41,0.8,0.0,0.0,0.0,0,1.08,neutral,neutral,0,-0.297,32,630,0,
s2665,GRTUSDT,1780473600000,testB,1,3.76,0.448,4.59,3.66,1.0,2.67,0.77,0.0,0.0,0.0,0,1.08,neutral,neutral,0,-0.345,32,630,0,
s2666,LDOUSDT,1780473600000,testB,1,3.09,0.487,3.97,3.06,0.55,2.01,0.73,0.0,0.0,0.0,0,1.08,neutral,neutral,0,-0.474,32,630,0,
s2667,SANDUSDT,1780473600000,testB,1,3.23,0.509,4.0,3.15,0.54,2.15,0.64,0.0,0.0,0.0,0,1.08,neutral,neutral,0,-0.384,32,630,0,
s2668,MANAUSDT,1780473600000,testB,1,3.6,0.583,4.22,3.47,0.47,2.52,0.7,0.0,0.0,0.0,0,1.08,neutral,neutral,0,-0.464,32,630,0,
s2669,AXSUSDT,1780473600000,testB,1,3.8,0.583,4.36,3.75,0.51,2.72,0.96,0.0,0.0,0.0,0,1.08,neutral,neutral,0,-0.14,32,630,0,
s2670,XPLUSDT,1780474500000,train,1,3.79,0.407,6.31,4.54,0.45,3.12,0.97,0.0,0.0,0.0,0,0.67,neutral,neutral,1,2.0,27,632,1,
s2671,STBLUSDT,1780474500000,train,1,3.63,0.505,5.16,3.88,0.64,2.96,1.48,0.0,0.0,0.0,0,0.67,neutral,neutral,0,-0.484,32,632,1,
s2672,ARBUSDT,1780474500000,train,1,4.96,0.652,6.09,5.25,0.51,4.28,1.54,0.0,0.0,0.0,0,0.67,neutral,neutral,0,-0.36,32,632,0,
s2673,OPUSDT,1780474500000,train,1,6.99,0.748,7.56,7.24,1.42,6.32,3.28,0.0,0.0,0.0,0,0.67,neutral,alcista,0,-0.467,32,632,6,
s2674,INJUSDT,1780474500000,train,1,4.33,0.382,6.99,4.73,1.71,3.65,1.57,0.0,0.0,0.0,0,0.67,neutral,neutral,0,-0.514,32,632,0,
s2675,SUIUSDT,1780474500000,train,1,2.83,0.374,4.27,3.22,0.59,2.15,0.99,0.0,0.0,0.0,0,0.67,neutral,neutral,0,-0.795,32,632,1,
s2676,TIAUSDT,1780474500000,train,1,2.88,0.505,4.61,3.45,0.45,2.21,1.14,0.0,0.0,0.0,0,0.67,neutral,neutral,0,-0.242,32,632,1,
s2677,PENDLEUSDT,1780474500000,train,1,3.56,0.481,4.16,3.87,0.8,2.89,1.69,0.0,0.0,0.0,0,0.67,neutral,neutral,0,-0.617,32,632,1,
s2678,ONDOUSDT,1780474500000,train,1,6.43,0.527,8.31,6.72,0.53,5.76,2.17,0.0,0.0,0.0,0,0.67,neutral,alcista,0,0.209,32,631,2,
s2679,STXUSDT,1780474500000,testB,1,2.71,0.468,3.92,3.1,1.01,2.04,0.92,0.0,0.0,0.0,0,0.67,neutral,neutral,0,-0.618,32,631,0,
s2680,LDOUSDT,1780474500000,testB,1,2.58,0.443,3.8,3.0,0.58,1.91,0.91,0.0,0.0,0.0,0,0.67,neutral,neutral,0,-1.0,32,631,1,
s2681,SANDUSDT,1780474500000,testB,1,2.63,0.454,3.86,2.97,0.6,1.95,0.74,0.0,0.0,0.0,0,0.67,neutral,neutral,0,-0.626,32,631,0,
s2682,MANAUSDT,1780474500000,testB,1,2.68,0.488,3.98,3.11,0.7,2.01,0.69,0.0,0.0,0.0,0,0.67,neutral,neutral,0,-0.64,32,631,0,
s2683,AXSUSDT,1780474500000,testB,1,3.5,0.565,3.99,3.9,0.74,2.82,1.5,0.0,0.0,0.0,0,0.67,neutral,neutral,0,-0.422,32,631,1,
s2684,XPLUSDT,1780475400000,train,1,3.89,0.415,5.4,4.08,0.5,2.92,1.36,0.0,0.0,0.0,0,0.97,neutral,alcista,1,2.0,26,633,2,
s2685,STBLUSDT,1780475400000,train,1,3.2,0.469,4.63,3.32,0.51,2.23,1.34,0.0,0.0,0.0,0,0.97,neutral,alcista,0,0.085,32,633,2,
s2686,ARBUSDT,1780475400000,train,1,4.49,0.631,5.24,4.51,0.48,3.52,1.46,0.0,0.0,0.0,0,0.97,neutral,neutral,0,-0.349,32,633,1,
s2687,OPUSDT,1780475400000,train,1,7.64,0.765,7.57,7.33,1.41,6.67,3.88,0.0,0.0,0.0,0,0.97,neutral,alcista,0,-0.585,32,633,7,
s2688,SUIUSDT,1780475400000,train,1,2.7,0.363,3.79,2.76,0.51,1.73,0.88,0.0,0.0,0.0,0,0.97,neutral,alcista,0,-1.0,31,633,2,
s2689,TIAUSDT,1780475400000,train,1,3.26,0.536,4.04,3.61,0.61,2.29,1.66,0.0,0.0,0.0,0,0.97,neutral,alcista,0,-0.2,32,633,2,
s2690,PENDLEUSDT,1780475400000,train,1,4.11,0.518,4.57,4.19,0.91,3.14,2.24,0.0,0.0,0.0,0,0.97,neutral,alcista,0,-0.613,32,633,2,
s2691,ONDOUSDT,1780475400000,train,1,6.02,0.513,7.12,5.92,0.46,5.05,2.29,0.0,0.0,0.0,0,0.97,neutral,alcista,0,0.215,32,632,3,
s2692,STXUSDT,1780475400000,testB,1,2.71,0.468,3.5,2.82,1.17,1.74,0.97,0.0,0.0,0.0,0,0.97,neutral,neutral,0,-0.645,32,632,1,
s2693,LDOUSDT,1780475400000,testB,1,2.84,0.467,3.5,3.02,0.7,1.87,1.1,0.0,0.0,0.0,0,0.97,neutral,alcista,0,-1.0,31,632,2,
s2694,SANDUSDT,1780475400000,testB,1,2.67,0.458,3.38,2.68,0.64,1.7,0.87,0.0,0.0,0.0,0,0.97,neutral,neutral,0,-0.538,32,632,1,
s2695,MANAUSDT,1780475400000,testB,1,2.43,0.422,3.49,2.24,0.74,1.45,0.32,0.0,0.0,0.0,0,0.97,neutral,neutral,0,-0.5,32,632,0,
s2696,AXSUSDT,1780475400000,testB,1,3.49,0.565,3.89,3.63,0.87,2.52,1.54,0.0,0.0,0.0,0,0.97,neutral,alcista,0,-0.286,32,632,2,
s2697,STBLUSDT,1780476300000,train,1,2.73,0.431,4.03,2.97,0.56,1.9,1.35,0.0,0.0,0.0,0,0.83,neutral,alcista,0,-1.0,31,634,3,
s2698,ARBUSDT,1780476300000,train,1,3.92,0.6,4.61,3.98,0.51,3.09,1.35,0.0,0.0,0.0,0,0.83,neutral,neutral,0,-0.342,32,634,0,
s2699,OPUSDT,1780476300000,train,1,5.39,0.556,6.46,5.28,1.27,4.57,2.35,0.0,0.0,0.0,0,0.83,neutral,neutral,0,-0.522,32,634,0,
s2700,TIAUSDT,1780476300000,train,1,2.73,0.456,3.38,2.74,0.75,1.9,1.11,0.0,0.0,0.0,0,0.83,neutral,neutral,0,-0.098,32,634,0,
s2701,PENDLEUSDT,1780476300000,train,1,3.23,0.413,4.11,3.34,0.83,2.41,1.56,0.0,0.0,0.0,0,0.83,neutral,neutral,0,-1.0,30,634,0,
s2702,ONDOUSDT,1780476300000,train,1,5.91,0.51,6.32,5.65,0.46,5.08,2.43,0.0,0.0,0.0,0,0.83,neutral,alcista,0,0.237,32,633,4,
s2703,STXUSDT,1780476300000,testB,1,2.42,0.441,3.0,2.41,1.25,1.59,0.84,0.0,0.0,0.0,0,0.83,neutral,alcista,0,-1.0,30,633,2,
s2704,LDOUSDT,1780476300000,testB,1,2.4,0.422,2.83,2.31,0.62,1.58,0.85,0.0,0.0,0.0,0,0.83,neutral,neutral,0,-1.0,30,633,0,
s2705,SANDUSDT,1780476300000,testB,1,2.09,0.399,2.76,2.08,0.84,1.26,0.7,0.0,0.0,0.0,0,0.83,neutral,alcista,0,-1.0,30,633,2,
s2706,AXSUSDT,1780476300000,testB,1,3.21,0.545,3.28,3.11,0.81,2.39,1.41,0.0,0.0,0.0,0,0.83,neutral,alcista,0,-0.333,32,633,3,
s2707,OPUSDT,1780477200000,train,1,2.76,0.354,5.53,3.95,0.96,3.02,1.63,0.0,0.0,0.0,0,-0.26,neutral,neutral,0,-1.0,32,635,0,
s2708,APEUSDT,1780477200000,testB,-1,-2.67,0.432,3.67,3.54,0.59,-2.4,1.12,0.0,0.0,0.0,0,-0.26,neutral,neutral,0,0.094,32,634,1,
s2709,APEUSDT,1780478100000,testB,-1,-2.6,0.417,3.67,3.4,0.62,-2.19,0.94,0.0,0.0,0.0,0,-0.41,neutral,neutral,0,-0.059,32,635,0,
s2710,APEUSDT,1780479900000,testB,-1,-2.73,0.618,3.67,3.47,0.84,-2.36,1.24,0.0,0.0,0.0,0,-0.37,neutral,neutral,0,-0.058,32,637,1,
s2711,ENAUSDT,1780480800000,train,1,7.04,0.357,8.48,7.13,2.05,6.82,2.97,0.0,0.0,0.0,0,0.21,neutral,alcista,0,0.915,32,639,2,
s2712,ARBUSDT,1780480800000,train,1,2.45,0.377,3.33,2.7,1.17,2.24,1.22,0.0,0.0,0.0,0,0.21,neutral,alcista,0,-1.0,25,639,2,
s2713,OPUSDT,1780480800000,train,1,4.8,0.504,5.36,4.66,1.27,4.59,2.41,0.0,0.0,0.0,0,0.21,neutral,alcista,0,-1.0,25,639,3,
s2714,PENDLEUSDT,1780480800000,train,1,2.96,0.383,3.51,3.07,1.36,2.74,1.59,0.0,0.0,0.0,0,0.21,neutral,alcista,0,-1.0,25,639,3,
s2715,APEUSDT,1780480800000,testB,-1,-2.01,0.392,3.64,2.51,0.81,-2.22,0.29,0.0,0.0,0.0,0,0.21,neutral,neutral,0,0.842,32,638,0,
s2716,ENAUSDT,1780481700000,train,1,7.93,0.387,7.75,7.71,1.61,7.83,4.14,0.0,0.0,0.0,0,0.1,neutral,alcista,0,0.499,32,640,3,
s2717,ARBUSDT,1780481700000,train,1,2.44,0.377,2.59,2.38,1.27,2.34,1.44,0.0,0.0,0.0,0,0.1,neutral,alcista,0,-1.0,23,640,3,
s2718,OPUSDT,1780481700000,train,1,5.51,0.54,5.61,5.53,1.15,5.41,3.11,0.0,0.0,0.0,0,0.1,neutral,alcista,0,-1.0,24,640,4,
s2719,PENDLEUSDT,1780481700000,train,1,3.15,0.399,3.2,3.15,1.32,3.05,1.83,0.0,0.0,0.0,0,0.1,neutral,alcista,0,-1.0,21,640,4,
s2720,ENAUSDT,1780482600000,train,1,6.84,0.356,8.49,7.38,1.22,6.96,4.0,0.0,0.0,0.0,0,-0.13,neutral,alcista,0,0.464,32,641,4,
s2721,OPUSDT,1780482600000,train,1,5.4,0.536,6.66,5.89,1.35,5.53,3.15,0.0,0.0,0.0,0,-0.13,neutral,alcista,0,-1.0,23,641,5,
s2722,APEUSDT,1780482600000,testB,-1,-2.15,0.407,2.87,2.6,1.41,-2.03,1.02,0.0,0.0,0.0,0,-0.13,neutral,bajista,0,-1.0,18,640,2,
s2723,PUMPUSDT,1780483500000,train,1,2.42,0.412,3.15,2.87,1.7,1.96,1.71,0.0,0.0,0.0,0,0.46,neutral,alcista,0,-1.0,22,642,5,
s2724,ARBUSDT,1780483500000,train,1,2.32,0.407,3.19,2.78,1.31,1.85,1.74,0.0,0.0,0.0,0,0.46,neutral,neutral,0,-1.0,21,642,1,
s2725,OPUSDT,1780483500000,train,1,7.04,0.644,7.34,6.96,1.31,6.58,3.97,0.0,0.0,0.0,0,0.46,neutral,alcista,0,-1.0,22,642,6,
s2726,TIAUSDT,1780483500000,train,1,2.9,0.493,3.39,3.24,1.86,2.43,1.97,0.0,0.0,0.0,0,0.46,neutral,neutral,0,-1.0,22,642,1,
s2727,JUPUSDT,1780483500000,train,1,3.34,0.504,3.86,3.62,2.06,2.88,1.83,0.0,0.0,0.0,0,0.46,neutral,alcista,0,-0.253,32,642,5,
s2728,PENDLEUSDT,1780483500000,train,1,3.11,0.423,3.29,3.2,0.98,2.64,1.73,0.0,0.0,0.0,0,0.46,neutral,neutral,0,-1.0,19,642,1,
s2729,GRTUSDT,1780483500000,testB,1,2.54,0.5,2.97,2.72,1.32,2.07,1.76,0.0,0.0,0.0,0,0.46,neutral,alcista,0,-1.0,20,641,6,
s2730,PUMPUSDT,1780484400000,train,1,2.06,0.375,3.7,3.31,1.39,1.65,1.88,0.0,0.0,0.0,0,0.41,neutral,alcista,0,-1.0,21,643,6,
s2731,ARBUSDT,1780484400000,train,1,2.62,0.439,3.47,3.37,1.1,2.21,2.17,0.0,0.0,0.0,0,0.41,neutral,alcista,0,-1.0,19,643,2,
s2732,OPUSDT,1780484400000,train,1,6.09,0.613,6.87,6.27,1.18,5.68,3.67,0.0,0.0,0.0,0,0.41,neutral,alcista,0,-1.0,20,643,7,
s2733,TIAUSDT,1780484400000,train,1,4.48,0.601,4.85,4.75,1.97,4.06,3.51,0.0,0.0,0.0,0,0.41,neutral,alcista,0,-1.0,21,643,2,
s2734,JUPUSDT,1780484400000,train,1,3.03,0.473,3.62,3.23,1.31,2.62,1.56,0.0,0.0,0.0,0,0.41,neutral,neutral,0,-0.194,32,643,0,
s2735,PENDLEUSDT,1780484400000,train,1,2.73,0.394,3.46,3.44,0.61,2.32,1.91,0.0,0.0,0.0,0,0.41,neutral,alcista,0,-1.0,18,643,2,
s2736,ARUSDT,1780484400000,testB,1,5.98,0.545,8.42,6.88,5,5.57,5.04,0.0,0.0,0.0,0,0.41,neutral,alcista,1,2.0,17,642,2,
s2737,GRTUSDT,1780484400000,testB,1,2.14,0.459,3.41,3.12,1.39,1.73,1.92,0.0,0.0,0.0,0,0.41,neutral,alcista,0,-1.0,19,642,7,
s2738,AXSUSDT,1780484400000,testB,1,2.97,0.531,3.22,3.05,2.78,2.55,2.18,0.0,0.0,0.0,0,0.41,neutral,alcista,0,-1.0,20,642,2,
s2739,OPUSDT,1780485300000,train,1,4.49,0.389,6.44,4.29,1.2,4.27,1.83,0.0,0.0,0.0,0,0.21,neutral,neutral,0,-1.0,19,644,0,
s2740,TIAUSDT,1780485300000,train,1,3.64,0.44,4.89,3.91,2.08,3.43,2.31,0.0,0.0,0.0,0,0.21,neutral,neutral,0,-1.0,20,644,0,
s2741,JUPUSDT,1780485300000,train,1,2.89,0.439,3.63,3.05,1.34,2.67,1.22,0.0,0.0,0.0,0,0.21,neutral,neutral,0,-0.508,32,644,0,
s2742,PENDLEUSDT,1780485300000,train,1,2.68,0.384,3.67,3.36,0.75,2.47,1.53,0.0,0.0,0.0,0,0.21,neutral,neutral,0,-1.0,17,644,0,
s2743,ARUSDT,1780485300000,testB,1,6.56,0.569,8.36,7.51,5,6.35,5.16,0.0,0.0,0.0,0,0.21,neutral,alcista,0,1.153,32,643,3,
s2744,GRTUSDT,1780485300000,testB,1,2.06,0.434,3.41,3.04,1.58,1.84,1.62,0.0,0.0,0.0,0,0.21,neutral,neutral,0,-1.0,18,643,0,
s2745,AXSUSDT,1780485300000,testB,1,2.62,0.455,3.31,2.8,3.12,2.4,1.69,0.0,0.0,0.0,0,0.21,neutral,neutral,0,-1.0,19,643,0,
s2746,INJUSDT,1780486200000,train,-1,-3.79,0.372,4.9,4.55,0.64,-3.71,1.43,0.0,0.0,0.0,0,-0.08,neutral,bajista,0,0.026,32,645,3,
s2747,TIAUSDT,1780486200000,train,1,3.34,0.413,4.9,3.86,1.77,3.42,2.15,0.0,0.0,0.0,0,-0.08,neutral,neutral,0,-1.0,19,645,0,
s2748,PENDLEUSDT,1780486200000,train,1,2.47,0.365,3.76,3.37,0.85,2.55,1.47,0.0,0.0,0.0,0,-0.08,neutral,neutral,0,-1.0,16,645,1,
s2749,ARUSDT,1780486200000,testB,1,5.85,0.524,8.63,7.36,5,5.93,4.6,0.0,0.0,0.0,0,-0.08,neutral,neutral,0,1.324,32,644,0,
s2750,INJUSDT,1780487100000,train,-1,-4.64,0.455,5.59,5.06,0.74,-4.42,2.01,0.0,0.0,0.0,0,-0.22,neutral,bajista,0,0.29,32,646,4,
s2751,ARUSDT,1780487100000,testB,1,6.62,0.559,8.57,7.98,5,6.84,4.75,0.0,0.0,0.0,0,-0.22,neutral,neutral,0,1.053,32,645,1,
s2752,PENDLEUSDT,1780488000000,train,1,2.99,0.403,3.4,3.03,1.09,3.11,1.23,0.0,0.0,0.0,0,-0.13,neutral,neutral,0,-1.0,14,647,1,
s2753,ARUSDT,1780488000000,testB,1,6.99,0.602,9.12,7.59,2.01,7.11,3.86,0.0,0.0,0.0,0,-0.13,neutral,neutral,0,1.274,32,646,0,
s2754,JUPUSDT,1780488900000,train,1,2.28,0.383,3.15,2.37,1.12,2.27,0.76,0.0,0.0,0.0,0,0.01,neutral,alcista,1,2.0,11,648,3,
s2755,PENDLEUSDT,1780488900000,train,1,2.69,0.38,3.57,3.17,1.27,2.69,1.27,0.0,0.0,0.0,0,0.01,neutral,alcista,0,-1.0,13,648,2,
s2756,ARUSDT,1780488900000,testB,1,6.63,0.553,9.16,7.2,1.68,6.63,3.02,0.0,0.0,0.0,0,0.01,neutral,neutral,0,1.444,32,647,0,
s2757,JUPUSDT,1780489800000,train,1,2.46,0.403,3.17,3.07,1.0,2.64,1.51,0.0,0.0,0.0,0,-0.18,neutral,alcista,0,-1.0,29,649,4,
s2758,JUPUSDT,1780490700000,train,1,3.21,0.512,3.68,3.49,1.12,3.11,1.86,0.0,0.0,0.0,0,0.09,neutral,alcista,0,-1.0,28,650,5,
s2759,PENDLEUSDT,1780490700000,train,1,2.95,0.45,3.87,3.82,1.03,2.86,1.69,0.0,0.0,0.0,0,0.09,neutral,alcista,0,-1.0,11,650,4,
s2760,TIAUSDT,1780491600000,train,1,3.17,0.381,4.9,3.81,0.58,2.93,1.28,0.0,0.0,0.0,0,0.24,neutral,alcista,0,-1.0,13,651,4,
s2761,JUPUSDT,1780491600000,train,1,2.81,0.422,3.89,2.98,1.28,2.58,1.23,0.0,0.0,0.0,0,0.24,neutral,neutral,0,-1.0,27,651,0,
s2762,PUMPUSDT,1780492500000,train,1,2.76,0.358,3.98,3.31,0.9,2.75,1.34,0.0,0.0,0.0,0,0.01,neutral,alcista,0,-1.0,12,652,5,
s2763,JUPUSDT,1780492500000,train,1,3.1,0.447,4.01,3.39,1.27,3.09,1.57,0.0,0.0,0.0,0,0.01,neutral,neutral,0,-1.0,26,652,1,
s2764,PENDLEUSDT,1780492500000,train,1,2.42,0.376,4.01,2.75,1.08,2.41,0.26,0.0,0.0,0.0,0,0.01,neutral,neutral,0,-1.0,9,652,0,
s2765,PUMPUSDT,1780493400000,train,1,2.78,0.358,4.17,2.76,1.22,2.75,0.75,0.0,0.0,0.0,0,0.03,neutral,neutral,0,-1.0,11,653,0,
s2766,ENAUSDT,1780493400000,train,1,7.85,0.397,10.7,7.64,1.28,7.82,2.26,0.0,0.0,0.0,0,0.03,neutral,neutral,0,0.528,32,653,0,
s2767,JUPUSDT,1780493400000,train,1,3.5,0.504,4.57,3.57,1.7,3.48,1.64,0.0,0.0,0.0,0,0.03,neutral,alcista,0,-1.0,25,653,2,
s2768,PUMPUSDT,1780494300000,train,1,3.04,0.381,3.57,3.07,1.45,3.28,1.58,0.0,0.0,0.0,0,-0.23,neutral,neutral,0,-1.0,9,654,1,
s2769,JUPUSDT,1780494300000,train,1,3.39,0.496,4.42,3.66,1.68,3.62,1.8,0.0,0.0,0.0,0,-0.23,neutral,alcista,0,-1.0,10,654,3,
s2770,JUPUSDT,1780495200000,train,1,3.18,0.481,4.41,3.75,1.59,3.76,1.67,0.0,0.0,0.0,0,-0.58,neutral,alcista,0,-1.0,9,655,4,
s2771,JUPUSDT,1780497900000,train,1,3.42,0.401,5.41,5.36,2.32,4.05,2.86,0.0,0.0,0.0,0,-0.62,neutral,alcista,0,-1.0,6,658,2,
s2772,ASTERUSDT,1780498800000,train,1,2.34,0.437,3.85,3.29,5.0,3.55,2.11,0.0,0.0,0.0,0,-1.2,neutral,alcista,0,-0.413,32,659,3,
s2773,ARBUSDT,1780498800000,train,-1,-2.35,0.451,2.82,2.41,1.12,-1.14,0.65,0.0,0.0,0.0,0,-1.2,neutral,neutral,0,0.957,32,659,1,
s2774,ASTERUSDT,1780499700000,train,1,2.09,0.373,3.86,3.06,5,3.17,1.74,0.0,0.0,0.0,0,-1.07,neutral,neutral,0,-0.46,32,660,0,
s2775,APEUSDT,1780499700000,testB,1,2.46,0.374,4.09,3.83,1.47,3.53,1.77,0.0,0.0,0.0,0,-1.07,neutral,alcista,0,-1.0,11,659,4,
s2776,ARBUSDT,1780502400000,train,-1,-2.08,0.4,3.51,3.19,1.8,-0.88,1.94,0.0,0.0,0.0,0,-1.21,neutral,bajista,0,0.067,32,663,3,
s2777,PENDLEUSDT,1780502400000,train,-1,-3.81,0.49,5.34,5.02,3.07,-2.6,2.68,0.0,0.0,0.0,0,-1.21,neutral,bajista,0,0.482,32,663,5,
s2778,ARBUSDT,1780503300000,train,-1,-2.4,0.434,4.28,3.74,1.92,-0.27,2.14,0.0,0.0,0.0,0,-2.13,bear,bajista,0,0.514,32,664,4,train
s2779,OPUSDT,1780503300000,train,-1,-3.84,0.38,5.95,5.38,1.71,-1.71,3.29,0.0,0.0,0.0,0,-2.13,bear,bajista,0,0.273,32,664,6,train
s2780,TIAUSDT,1780503300000,train,-1,-3.49,0.412,5.54,4.87,2.74,-1.36,2.9,0.0,0.0,0.0,0,-2.13,bear,bajista,0,0.374,32,664,5,train
s2781,SEIUSDT,1780503300000,train,-1,-3.22,0.363,5.82,5.53,1.85,-1.09,2.63,0.0,0.0,0.0,0,-2.13,bear,bajista,0,0.953,32,664,4,train
s2782,PENDLEUSDT,1780503300000,train,-1,-4.95,0.582,6.71,6.07,2.44,-2.82,3.31,0.0,0.0,0.0,0,-2.13,bear,bajista,0,0.645,32,664,6,train
s2783,LDOUSDT,1780503300000,testB,-1,-3.33,0.542,4.8,4.04,2.16,-1.2,2.6,0.0,0.0,0.0,0,-2.13,bear,bajista,0,0.877,32,663,4,testB
s2784,AXSUSDT,1780503300000,testB,-1,-2.66,0.544,3.88,3.26,2.04,-0.53,1.82,0.0,0.0,0.0,0,-2.13,bear,bajista,0,0.676,32,663,6,testB
s2785,ARBUSDT,1780504200000,train,-1,-2.19,0.382,4.26,3.3,1.85,-0.62,1.5,0.0,0.0,0.0,0,-1.57,neutral,neutral,0,0.419,32,665,0,
s2786,OPUSDT,1780504200000,train,-1,-3.61,0.365,6.11,5.38,1.61,-2.05,3.01,0.0,0.0,0.0,0,-1.57,neutral,neutral,0,0.136,32,665,0,
s2787,PENDLEUSDT,1780504200000,train,-1,-4.49,0.502,6.67,5.42,1.35,-2.93,2.4,0.0,0.0,0.0,0,-1.57,neutral,neutral,0,0.75,32,665,0,
s2788,LDOUSDT,1780504200000,testB,-1,-2.66,0.401,4.78,3.43,2.3,-1.1,1.8,0.0,0.0,0.0,0,-1.57,neutral,neutral,0,1.0,32,664,0,
s2789,ARBUSDT,1780505100000,train,-1,-2.18,0.382,4.25,2.97,1.89,-0.67,1.03,0.0,0.0,0.0,0,-1.51,neutral,neutral,0,0.75,32,666,0,
s2790,OPUSDT,1780505100000,train,-1,-3.52,0.354,6.07,4.7,1.7,-2.0,2.0,0.0,0.0,0.0,0,-1.51,neutral,neutral,0,0.414,32,666,0,
s2791,PENDLEUSDT,1780505100000,train,-1,-4.96,0.591,6.66,5.38,1.25,-3.45,2.22,0.0,0.0,0.0,0,-1.51,neutral,neutral,0,0.893,32,666,0,
s2792,LDOUSDT,1780505100000,testB,-1,-2.43,0.355,4.76,2.98,1.77,-0.92,1.2,0.0,0.0,0.0,0,-1.51,neutral,neutral,0,1.549,32,665,0,
s2793,AXSUSDT,1780505100000,testB,-1,-2.05,0.375,3.84,2.36,1.81,-0.54,0.77,0.0,0.0,0.0,0,-1.51,neutral,neutral,0,1.519,32,665,0,
s2794,ARBUSDT,1780506000000,train,-1,-3.22,0.492,4.29,3.97,1.21,-1.14,1.77,0.0,0.0,0.0,0,-2.08,bear,neutral,0,0.432,32,667,1,train
s2795,OPUSDT,1780506000000,train,-1,-4.0,0.383,6.46,5.72,1.31,-1.92,2.7,0.0,0.0,0.0,0,-2.08,bear,neutral,0,0.357,32,667,1,train
s2796,INJUSDT,1780506000000,train,-1,-4.7,0.379,7.44,7.27,1.19,-2.62,3.48,0.0,0.0,0.0,0,-2.08,bear,bajista,0,0.13,32,667,7,train
s2797,TIAUSDT,1780506000000,train,-1,-3.86,0.402,5.53,4.58,1.09,-1.78,2.0,0.0,0.0,0.0,0,-2.08,bear,neutral,0,0.651,32,667,1,train
s2798,SEIUSDT,1780506000000,train,-1,-5.04,0.566,6.1,5.91,1.12,-2.96,2.33,0.0,0.0,0.0,0,-2.08,bear,neutral,0,0.967,32,667,1,train
s2799,PENDLEUSDT,1780506000000,train,-1,-5.25,0.603,6.99,6.23,0.81,-3.17,2.88,0.0,0.0,0.0,0,-2.08,bear,neutral,0,0.704,32,667,1,train
s2800,STXUSDT,1780506000000,testB,-1,-3.38,0.434,4.24,4.06,1.24,-1.3,2.02,0.0,0.0,0.0,0,-2.08,bear,neutral,0,1.057,32,666,1,testB
s2801,GRTUSDT,1780506000000,testB,-1,-4.03,0.455,5.19,5.02,1.0,-1.95,2.42,0.0,0.0,0.0,0,-2.08,bear,neutral,0,0.491,32,666,1,testB
s2802,LDOUSDT,1780506000000,testB,-1,-3.27,0.425,4.38,3.78,1.14,-1.2,2.19,0.0,0.0,0.0,0,-2.08,bear,neutral,0,1.175,32,666,1,testB
s2803,SANDUSDT,1780506000000,testB,-1,-2.23,0.362,3.26,2.8,1.18,-0.15,1.43,0.0,0.0,0.0,0,-2.08,bear,neutral,0,0.711,32,666,1,testB
s2804,AXSUSDT,1780506000000,testB,-1,-2.99,0.467,3.88,3.35,1.4,-0.92,1.58,0.0,0.0,0.0,0,-2.08,bear,neutral,0,1.026,32,666,1,
s2805,SEIUSDT,1780506900000,train,-1,-3.65,0.391,5.71,4.58,0.83,-2.32,1.28,0.0,0.0,0.0,0,-1.33,neutral,neutral,0,1.866,32,668,0,
s2806,PENDLEUSDT,1780506900000,train,-1,-4.12,0.458,6.63,5.14,0.49,-2.79,1.98,0.0,0.0,0.0,0,-1.33,neutral,neutral,0,1.36,32,668,0,
s2807,ASTERUSDT,1780507800000,train,1,3.72,0.372,4.34,3.8,1.34,4.67,2.14,0.0,0.0,0.0,0,-0.95,neutral,alcista,0,-1.0,28,669,2,
s2808,INJUSDT,1780507800000,train,-1,-5.11,0.438,7.49,6.48,2.04,-4.16,2.48,0.0,0.0,0.0,0,-0.95,neutral,neutral,0,0.202,32,669,0,
s2809,INJUSDT,1780508700000,train,-1,-5.11,0.441,7.02,5.48,2.07,-3.69,1.83,0.0,0.0,0.0,0,-1.42,neutral,neutral,0,0.818,32,670,0,
s2810,INJUSDT,1780509600000,train,-1,-5.17,0.443,6.69,5.83,1.64,-3.77,2.26,0.0,0.0,0.0,0,-1.41,neutral,neutral,0,0.878,32,671,1,
s2811,PENDLEUSDT,1780509600000,train,-1,-3.52,0.364,6.01,4.1,0.34,-2.11,1.16,0.0,0.0,0.0,0,-1.41,neutral,neutral,1,2.0,31,671,1,
s2812,PENDLEUSDT,1780511400000,train,-1,-3.28,0.374,6.01,4.12,0.35,-2.2,0.9,0.0,0.0,0.0,0,-1.08,neutral,neutral,1,2.0,29,673,0,
s2813,SEIUSDT,1780512300000,train,-1,-3.33,0.407,4.4,3.51,0.41,-2.08,0.76,0.0,0.0,0.0,0,-1.25,neutral,neutral,1,2.0,26,674,0,
s2814,JUPUSDT,1780512300000,train,-1,-4.2,0.385,6.86,5.45,0.21,-2.95,0.88,0.0,0.0,0.0,0,-1.25,neutral,neutral,1,2.0,28,674,0,
s2815,SEIUSDT,1780513200000,train,-1,-2.99,0.38,4.19,3.51,0.33,-2.15,0.8,0.0,0.0,0.0,0,-0.83,neutral,neutral,1,2.0,25,675,1,
s2816,APEUSDT,1780513200000,testB,-1,-3.71,0.363,5.54,4.46,0.73,-2.88,1.17,0.0,0.0,0.0,0,-0.83,neutral,neutral,1,2.0,28,674,1,
s2817,SEIUSDT,1780514100000,train,-1,-3.71,0.437,4.31,4.08,0.41,-2.27,1.41,0.0,0.0,0.0,0,-1.43,neutral,bajista,1,2.0,26,676,2,
s2818,APEUSDT,1780514100000,testB,-1,-5.06,0.464,5.54,5.47,0.65,-3.63,2.09,0.0,0.0,0.0,0,-1.43,neutral,bajista,1,2.0,27,675,2,
s2819,STBLUSDT,1780518600000,train,-1,-3.87,0.484,5.03,4.77,1.67,-2.76,2.23,0.0,0.0,0.0,0,-1.11,neutral,bajista,1,2.0,22,681,2,
s2820,SEIUSDT,1780518600000,train,-1,-2.68,0.374,4.1,3.8,1.5,-1.57,2.1,0.0,0.0,0.0,0,-1.11,neutral,bajista,1,2.0,22,681,2,
s2821,STBLUSDT,1780519500000,train,-1,-4.97,0.611,5.95,5.49,2.33,-3.36,2.69,0.0,0.0,0.0,0,-1.61,neutral,bajista,1,2.0,21,682,3,
s2822,SEIUSDT,1780519500000,train,-1,-3.62,0.478,4.98,4.54,1.85,-2.01,2.44,0.0,0.0,0.0,0,-1.61,neutral,bajista,1,2.0,21,682,3,
s2823,LDOUSDT,1780519500000,testB,-1,-4.03,0.468,5.67,5.19,2.74,-2.42,2.95,0.0,0.0,0.0,0,-1.61,neutral,bajista,0,0.395,32,681,5,
s2824,STBLUSDT,1780520400000,train,-1,-3.58,0.475,4.85,3.97,2.24,-3.09,1.94,0.0,0.0,0.0,0,-0.49,neutral,neutral,1,2.0,20,683,0,
s2825,STBLUSDT,1780521300000,train,-1,-3.06,0.424,4.85,3.87,1.52,-2.4,1.96,0.0,0.0,0.0,0,-0.66,neutral,neutral,1,2.0,19,684,0,
s2826,SEIUSDT,1780521300000,train,-1,-2.42,0.362,4.92,3.39,2.11,-1.75,1.01,0.0,0.0,0.0,0,-0.66,neutral,neutral,1,2.0,18,684,0,
s2827,SEIUSDT,1780522200000,train,-1,-3.63,0.507,4.43,3.78,2.31,-2.73,1.75,0.0,0.0,0.0,0,-0.9,neutral,neutral,1,2.0,18,685,1,
s2828,SEIUSDT,1780526700000,train,-1,-3.22,0.412,4.09,3.61,0.78,-1.51,1.31,0.0,0.0,0.0,0,-1.7,neutral,bajista,1,2.0,13,690,4,
s2829,SEIUSDT,1780527600000,train,-1,-3.22,0.412,4.03,3.3,0.7,-1.14,1.33,0.0,0.0,0.0,0,-2.08,bear,bajista,1,2.0,12,691,5,train
s2830,SEIUSDT,1780528500000,train,-1,-2.58,0.357,3.93,3.23,0.55,-0.83,1.26,0.0,0.0,0.0,0,-1.75,neutral,bajista,1,2.0,11,692,6,
s2831,STBLUSDT,1780529400000,train,-1,-3.04,0.39,3.95,3.23,0.65,-0.74,1.35,0.0,0.0,0.0,0,-2.29,bear,bajista,1,2.0,9,693,3,train
s2832,SEIUSDT,1780529400000,train,-1,-2.93,0.407,3.94,3.42,0.54,-0.64,1.34,0.0,0.0,0.0,0,-2.29,bear,bajista,1,2.0,10,693,7,train
s2833,SEIUSDT,1780530300000,train,-1,-2.72,0.388,3.22,3.1,0.51,-0.72,1.55,0.0,0.0,0.0,0,-2.0,bear,bajista,1,2.0,9,694,8,train
s2834,SEIUSDT,1780531200000,train,-1,-2.54,0.353,2.97,2.6,0.43,-0.61,1.08,0.0,0.0,0.0,0,-1.93,neutral,neutral,1,2.0,7,695,0,
s2835,SEIUSDT,1780532100000,train,-1,-4.18,0.473,4.5,4.42,0.87,-0.82,2.69,0.0,0.0,0.0,0,-3.36,bear,neutral,1,2.0,32,696,1,train
s2836,JUPUSDT,1780532100000,train,-1,-4.77,0.383,7.49,7.38,1.64,-1.41,4.06,0.0,0.0,0.0,0,-3.36,bear,neutral,0,1.196,32,696,1,train
s2837,INJUSDT,1780534800000,train,-1,-4.1,0.463,6.48,6.01,1.15,-0.61,2.09,0.0,0.0,0.0,0,-3.48,bear,bajista,0,0.747,32,699,2,train
s2838,SEIUSDT,1780534800000,train,-1,-3.85,0.433,4.97,4.8,1.87,-0.37,2.71,0.0,0.0,0.0,0,-3.48,bear,bajista,0,1.719,32,699,2,train
s2839,STBLUSDT,1780535700000,train,-1,-4.91,0.448,7.36,7.19,3.61,-0.63,4.35,0.0,0.0,0.0,0,-4.29,bear,bajista,0,0.976,32,700,5,train
s2840,0GUSDT,1780535700000,train,-1,-4.92,0.467,7.5,7.12,3.4,-0.64,3.5,0.0,0.0,0.0,0,-4.29,bear,bajista,0,0.838,32,700,3,train
s2841,ARBUSDT,1780535700000,train,-1,-4.06,0.365,6.57,6.24,2.01,0.23,3.22,0.0,0.0,0.0,0,-4.29,bear,bajista,0,0.536,32,700,3,train
s2842,INJUSDT,1780535700000,train,-1,-5.54,0.607,7.44,7.01,1.63,-1.25,2.55,0.0,0.0,0.0,0,-4.29,bear,bajista,0,0.784,32,700,3,train
s2843,SEIUSDT,1780535700000,train,-1,-6.28,0.603,7.3,7.03,2.39,-1.99,4.16,0.0,0.0,0.0,0,-4.29,bear,bajista,0,1.018,32,700,3,train
s2844,STXUSDT,1780535700000,testB,-1,-5.27,0.452,7.79,7.59,2.12,-0.98,3.78,0.0,0.0,0.0,0,-4.29,bear,bajista,0,0.575,32,699,3,testB
s2845,GRTUSDT,1780535700000,testB,-1,-4.81,0.452,7.67,7.31,2.75,-0.53,3.5,0.0,0.0,0.0,0,-4.29,bear,bajista,0,0.5,32,699,3,testB
s2846,MANAUSDT,1780535700000,testB,-1,-4.23,0.388,6.42,6.28,2.87,0.06,3.4,0.0,0.0,0.0,0,-4.29,bear,bajista,0,0.766,32,699,3,testB
s2847,AXSUSDT,1780535700000,testB,-1,-4.88,0.447,7.37,7.0,3.37,-0.59,3.86,0.0,0.0,0.0,0,-4.29,bear,bajista,0,1.107,32,699,3,testB
s2848,STBLUSDT,1780536600000,train,-1,-5.81,0.577,7.47,7.26,3.06,-1.68,3.92,0.0,0.0,0.0,0,-4.13,bear,bajista,0,0.986,32,701,6,train
s2849,0GUSDT,1780536600000,train,-1,-5.43,0.547,7.49,6.89,2.32,-1.3,2.98,0.0,0.0,0.0,0,-4.13,bear,neutral,0,0.845,32,701,0,train
s2850,ARBUSDT,1780536600000,train,-1,-3.92,0.352,6.5,5.07,1.83,0.21,1.71,0.0,0.0,0.0,0,-4.13,bear,neutral,0,0.87,32,701,0,train
s2851,OPUSDT,1780536600000,train,-1,-5.1,0.401,8.7,7.51,3.39,-0.98,3.29,0.0,0.0,0.0,0,-4.13,bear,neutral,0,1.318,32,701,0,train
s2852,INJUSDT,1780536600000,train,-1,-4.65,0.468,7.34,5.61,1.37,-0.53,1.12,0.0,0.0,0.0,0,-4.13,bear,neutral,0,1.136,32,701,0,train
s2853,TIAUSDT,1780536600000,train,-1,-5.23,0.366,9.05,7.49,2.18,-1.1,2.8,0.0,0.0,0.0,0,-4.13,bear,neutral,0,0.819,32,701,0,train
s2854,SEIUSDT,1780536600000,train,-1,-4.72,0.457,7.24,6.23,2.1,-0.59,3.02,0.0,0.0,0.0,0,-4.13,bear,neutral,0,1.188,32,701,0,train
s2855,STXUSDT,1780536600000,testB,-1,-5.08,0.434,7.7,6.38,1.75,-0.95,2.37,0.0,0.0,0.0,0,-4.13,bear,neutral,0,0.808,32,700,0,
s2856,GRTUSDT,1780536600000,testB,-1,-4.69,0.44,7.61,6.49,2.18,-0.57,2.42,0.0,0.0,0.0,0,-4.13,bear,neutral,0,0.628,32,700,0,
s2857,LDOUSDT,1780536600000,testB,-1,-5.36,0.416,8.83,7.6,2.01,-1.23,2.96,0.0,0.0,0.0,0,-4.13,bear,neutral,0,0.477,32,700,0,
s2858,MANAUSDT,1780536600000,testB,-1,-3.95,0.356,6.37,5.44,2.19,0.18,2.3,0.0,0.0,0.0,0,-4.13,bear,neutral,0,1.0,32,700,0,
s2859,AXSUSDT,1780536600000,testB,-1,-4.34,0.38,7.31,6.11,3.21,-0.21,2.67,0.0,0.0,0.0,0,-4.13,bear,neutral,0,1.288,32,700,0,
s2860,APEUSDT,1780536600000,testB,-1,-4.8,0.372,9.02,7.81,3.2,-0.67,3.35,0.0,0.0,0.0,0,-4.13,bear,neutral,0,0.827,32,700,0,
s2861,ARBUSDT,1780537500000,train,-1,-6.11,0.5,7.4,6.95,2.48,-0.63,3.23,0.0,0.0,0.0,0,-5.47,bear,neutral,0,0.258,32,702,1,train
s2862,INJUSDT,1780537500000,train,-1,-6.95,0.567,8.43,7.98,2.21,-1.47,3.83,0.0,0.0,0.0,0,-5.47,bear,neutral,0,0.371,32,702,1,train
s2863,SUIUSDT,1780537500000,train,-1,-6.01,0.479,7.18,6.74,3.2,-0.54,3.08,0.0,0.0,0.0,0,-5.47,bear,neutral,0,0.25,32,702,1,train
s2864,FETUSDT,1780537500000,train,-1,-6.9,0.464,9.36,7.7,2.04,-1.43,2.86,0.0,0.0,0.0,0,-5.47,bear,neutral,0,0.804,32,701,1,train
s2865,SANDUSDT,1780537500000,testB,-1,-5.84,0.522,6.99,6.53,3.08,-0.37,3.56,0.0,0.0,0.0,0,-5.47,bear,neutral,0,0.335,32,701,1,
s2866,MANAUSDT,1780537500000,testB,-1,-6.55,0.578,7.41,7.14,2.51,-1.08,3.55,0.0,0.0,0.0,0,-5.47,bear,neutral,0,0.491,32,701,1,
s2867,ASTERUSDT,1780538400000,train,-1,-4.32,0.411,7.66,4.9,5,0.17,2.96,0.0,0.0,0.0,0,-4.49,bear,bajista,0,0.13,32,703,2,train
s2868,MANAUSDT,1780538400000,testB,-1,-7.22,0.6,10.52,7.79,5,-2.73,4.44,0.0,0.0,0.0,0,-4.49,bear,bajista,0,0.316,32,702,2,testB
s2869,0GUSDT,1780549200000,train,-1,-5.22,0.443,8.48,5.59,0.26,-6.55,2.25,0.0,0.0,0.0,0,1.33,neutral,bajista,0,0.036,32,715,6,
s2870,0GUSDT,1780550100000,train,-1,-4.08,0.379,8.08,5.85,0.29,-5.88,2.71,0.0,0.0,0.0,0,1.8,neutral,bajista,0,-0.01,32,716,7,
s2871,PUMPUSDT,1780552800000,train,1,7.34,0.372,8.46,7.68,1.24,4.33,2.9,0.0,0.0,0.0,0,3.0,bull,neutral,0,-1.0,13,719,1,train
s2872,ARUSDT,1780552800000,testB,1,6.28,0.432,7.77,6.66,0.41,3.28,1.24,0.0,0.0,0.0,0,3.0,bull,alcista,0,-1.0,8,718,3,testB
s2873,LDOUSDT,1780552800000,testB,1,4.68,0.381,6.22,5.07,0.38,1.68,0.63,0.0,0.0,0.0,0,3.0,bull,neutral,0,-1.0,20,718,1,testB
s2874,PENDLEUSDT,1780553700000,train,1,7.1,0.552,9.07,6.9,1.75,5.1,2.64,0.0,0.0,0.0,0,2.0,bull,neutral,0,0.087,32,720,0,train
s2875,PENDLEUSDT,1780554600000,train,1,5.66,0.492,8.1,5.85,1.72,4.18,2.6,0.0,0.0,0.0,0,1.48,neutral,neutral,0,-1.0,12,721,0,
s2876,ASTERUSDT,1780556400000,train,-1,-2.69,0.454,4.29,3.65,0.67,-2.46,1.1,0.0,0.0,0.0,0,-0.23,neutral,bajista,0,-0.36,32,723,2,
s2877,SEIUSDT,1780556400000,train,-1,-3.76,0.392,4.82,4.36,0.96,-3.53,1.7,0.0,0.0,0.0,0,-0.23,neutral,bajista,0,0.092,32,723,2,
s2878,JUPUSDT,1780556400000,train,-1,-4.14,0.372,5.16,4.77,0.88,-3.91,1.7,0.0,0.0,0.0,0,-0.23,neutral,bajista,0,-0.6,32,723,2,
s2879,FETUSDT,1780556400000,train,-1,-6.1,0.595,7.37,7.12,0.86,-5.87,2.38,0.0,0.0,0.0,0,-0.23,neutral,bajista,0,0.509,32,722,3,
s2880,ASTERUSDT,1780557300000,train,-1,-3.24,0.515,4.64,4.16,0.79,-2.89,1.57,0.0,0.0,0.0,0,-0.35,neutral,bajista,0,-0.405,32,724,3,
s2881,OPUSDT,1780557300000,train,-1,-4.63,0.366,7.24,6.51,1.1,-4.28,2.52,0.0,0.0,0.0,0,-0.35,neutral,bajista,0,-0.606,32,724,3,
s2882,SEIUSDT,1780557300000,train,-1,-3.81,0.393,5.61,5.21,1.09,-3.45,2.33,0.0,0.0,0.0,0,-0.35,neutral,bajista,0,0.092,32,724,3,
s2883,AXSUSDT,1780557300000,testB,-1,-3.41,0.353,5.4,5.0,1.53,-3.06,2.03,0.0,0.0,0.0,0,-0.35,neutral,bajista,0,-0.392,32,723,5,
s2884,ASTERUSDT,1780558200000,train,-1,-3.57,0.595,4.64,4.19,0.89,-2.86,1.38,0.0,0.0,0.0,0,-0.71,neutral,bajista,0,-0.312,32,725,4,
s2885,XPLUSDT,1780558200000,train,-1,-5.81,0.431,7.91,7.44,1.17,-5.09,2.4,0.0,0.0,0.0,0,-0.71,neutral,neutral,0,-0.047,32,725,0,
s2886,STBLUSDT,1780558200000,train,-1,-3.06,0.366,4.29,3.16,0.86,-2.35,0.54,0.0,0.0,0.0,0,-0.71,neutral,neutral,0,1.045,32,725,0,
s2887,OPUSDT,1780558200000,train,-1,-5.97,0.504,6.99,6.62,1.14,-5.26,2.54,0.0,0.0,0.0,0,-0.71,neutral,bajista,0,-0.694,32,725,4,
s2888,INJUSDT,1780558200000,train,-1,-3.67,0.351,5.72,4.31,0.74,-2.95,1.22,0.0,0.0,0.0,0,-0.71,neutral,neutral,1,2.0,28,725,0,
s2889,TIAUSDT,1780558200000,train,-1,-4.01,0.362,5.22,4.47,1.21,-3.3,1.45,0.0,0.0,0.0,0,-0.71,neutral,neutral,0,-0.299,32,725,0,
s2890,SEIUSDT,1780558200000,train,-1,-4.75,0.552,5.61,5.13,1.1,-4.04,2.02,0.0,0.0,0.0,0,-0.71,neutral,neutral,0,0.215,32,725,0,
s2891,JUPUSDT,1780558200000,train,-1,-3.97,0.389,5.53,4.36,1.17,-3.26,1.13,0.0,0.0,0.0,0,-0.71,neutral,neutral,0,-1.0,24,725,0,
s2892,ARUSDT,1780558200000,testB,-1,-4.43,0.41,6.54,5.89,1.27,-3.71,2.69,0.0,0.0,0.0,0,-0.71,neutral,bajista,0,-1.0,31,724,2,
s2893,STXUSDT,1780558200000,testB,-1,-3.54,0.422,4.73,3.82,1.05,-2.83,1.37,0.0,0.0,0.0,0,-0.71,neutral,neutral,0,0.487,32,724,0,
s2894,MANAUSDT,1780558200000,testB,-1,-3.18,0.462,4.38,3.69,1.23,-2.47,1.23,0.0,0.0,0.0,0,-0.71,neutral,neutral,0,-0.593,32,724,0,
s2895,AXSUSDT,1780558200000,testB,-1,-4.31,0.5,5.39,4.8,1.68,-3.6,1.61,0.0,0.0,0.0,0,-0.71,neutral,neutral,0,-0.286,32,724,0,
s2896,APEUSDT,1780558200000,testB,-1,-4.39,0.36,6.74,5.77,0.98,-3.68,1.66,0.0,0.0,0.0,0,-0.71,neutral,neutral,0,-0.795,32,724,0,
s2897,ASTERUSDT,1780559100000,train,-1,-4.21,0.637,5.07,4.87,0.95,-3.01,2.05,0.0,0.0,0.0,0,-1.2,neutral,bajista,0,-0.376,32,726,5,
s2898,STBLUSDT,1780559100000,train,-1,-3.47,0.394,4.03,4.03,0.99,-2.27,1.96,0.0,0.0,0.0,0,-1.2,neutral,neutral,0,0.393,32,726,1,
s2899,ARBUSDT,1780559100000,train,-1,-3.36,0.365,4.04,3.92,1.22,-2.15,1.57,0.0,0.0,0.0,0,-1.2,neutral,neutral,0,-0.686,32,726,1,
s2900,OPUSDT,1780559100000,train,-1,-6.5,0.524,7.79,7.51,1.27,-5.3,3.19,0.0,0.0,0.0,0,-1.2,neutral,bajista,0,-0.877,32,726,5,
s2901,INJUSDT,1780559100000,train,-1,-3.88,0.364,5.36,4.36,0.83,-2.67,1.87,0.0,0.0,0.0,0,-1.2,neutral,neutral,0,1.608,32,726,1,
s2902,TIAUSDT,1780559100000,train,-1,-4.78,0.402,5.75,5.67,1.38,-3.58,2.61,0.0,0.0,0.0,0,-1.2,neutral,neutral,0,-0.461,32,726,1,
s2903,SEIUSDT,1780559100000,train,-1,-4.57,0.541,5.49,5.36,1.13,-3.36,2.36,0.0,0.0,0.0,0,-1.2,neutral,neutral,0,0.121,32,726,1,
s2904,JUPUSDT,1780559100000,train,-1,-4.79,0.434,5.54,5.42,0.86,-3.58,2.28,0.0,0.0,0.0,0,-1.2,neutral,neutral,0,-1.0,23,726,1,
s2905,ARUSDT,1780559100000,testB,-1,-5.75,0.474,7.73,7.37,1.42,-4.55,3.95,0.0,0.0,0.0,0,-1.2,neutral,bajista,0,-1.0,30,725,3,
s2906,STXUSDT,1780559100000,testB,-1,-3.8,0.438,4.75,4.45,1.16,-2.59,1.87,0.0,0.0,0.0,0,-1.2,neutral,neutral,0,0.08,32,725,1,
s2907,GRTUSDT,1780559100000,testB,-1,-3.38,0.369,4.05,3.95,1.46,-2.17,2.1,0.0,0.0,0.0,0,-1.2,neutral,bajista,0,-1.0,29,725,6,
s2908,MANAUSDT,1780559100000,testB,-1,-3.45,0.481,4.4,4.12,1.16,-2.24,1.68,0.0,0.0,0.0,0,-1.2,neutral,neutral,0,-0.6,32,725,1,
s2909,AXSUSDT,1780559100000,testB,-1,-4.61,0.516,5.63,5.63,1.97,-3.41,2.29,0.0,0.0,0.0,0,-1.2,neutral,neutral,0,-0.368,32,725,1,
s2910,APEUSDT,1780559100000,testB,-1,-5.84,0.469,6.95,6.8,1.34,-4.64,2.68,0.0,0.0,0.0,0,-1.2,neutral,neutral,0,-1.0,32,725,1,
s2911,ASTERUSDT,1780560000000,train,-1,-4.71,0.749,5.14,4.98,0.89,-2.73,1.96,0.0,0.0,0.0,0,-1.98,neutral,bajista,0,-0.313,32,727,6,
s2912,PUMPUSDT,1780560000000,train,-1,-6.77,0.397,7.74,7.62,0.98,-4.79,4.04,0.0,0.0,0.0,0,-1.98,neutral,bajista,0,-0.528,32,727,8,
s2913,STBLUSDT,1780560000000,train,-1,-3.79,0.414,4.37,4.3,1.35,-1.81,2.07,0.0,0.0,0.0,0,-1.98,neutral,bajista,0,0.42,32,727,2,
s2914,0GUSDT,1780560000000,train,-1,-3.37,0.392,3.54,3.54,0.94,-1.39,1.72,0.0,0.0,0.0,0,-1.98,neutral,bajista,0,-0.26,32,727,2,
s2915,ARBUSDT,1780560000000,train,-1,-4.42,0.471,4.63,4.51,0.84,-2.44,2.03,0.0,0.0,0.0,0,-1.98,neutral,bajista,0,-0.575,32,727,2,
s2916,INJUSDT,1780560000000,train,-1,-4.39,0.393,5.09,4.68,0.86,-2.41,2.03,0.0,0.0,0.0,0,-1.98,neutral,bajista,0,1.315,32,727,2,
s2917,SUIUSDT,1780560000000,train,-1,-5.11,0.463,5.59,5.55,0.89,-3.13,2.58,0.0,0.0,0.0,0,-1.98,neutral,bajista,0,-0.278,32,727,2,
s2918,TIAUSDT,1780560000000,train,-1,-5.95,0.493,6.39,6.39,1.05,-3.97,3.04,0.0,0.0,0.0,0,-1.98,neutral,bajista,0,-0.458,32,727,2,
s2919,SEIUSDT,1780560000000,train,-1,-6.26,0.659,6.79,6.71,1.07,-4.28,3.33,0.0,0.0,0.0,0,-1.98,neutral,bajista,0,0.006,32,727,2,
s2920,JUPUSDT,1780560000000,train,-1,-5.33,0.46,6.03,5.69,1.24,-3.35,2.5,0.0,0.0,0.0,0,-1.98,neutral,bajista,0,-1.0,22,727,2,
s2921,STXUSDT,1780560000000,testB,-1,-4.8,0.547,5.14,5.09,1.06,-2.82,2.29,0.0,0.0,0.0,0,-1.98,neutral,bajista,0,0.05,32,726,2,
s2922,GRTUSDT,1780560000000,testB,-1,-4.47,0.465,4.82,4.78,1.92,-2.49,2.6,0.0,0.0,0.0,0,-1.98,neutral,bajista,0,-1.0,28,726,7,
s2923,LDOUSDT,1780560000000,testB,-1,-3.6,0.361,4.09,4.06,0.89,-1.62,2.12,0.0,0.0,0.0,0,-1.98,neutral,bajista,0,-0.442,32,726,2,
s2924,SANDUSDT,1780560000000,testB,-1,-3.84,0.437,4.1,4.1,1.57,-1.86,2.11,0.0,0.0,0.0,0,-1.98,neutral,bajista,0,-1.0,28,726,2,
s2925,MANAUSDT,1780560000000,testB,-1,-4.23,0.571,4.7,4.56,1.22,-2.25,2.0,0.0,0.0,0.0,0,-1.98,neutral,bajista,0,-0.576,32,726,2,
s2926,AXSUSDT,1780560000000,testB,-1,-5.72,0.616,6.27,6.27,1.9,-3.74,2.82,0.0,0.0,0.0,0,-1.98,neutral,bajista,0,-0.413,32,726,2,
s2927,APEUSDT,1780560000000,testB,-1,-6.45,0.523,7.57,7.05,1.47,-4.47,2.72,0.0,0.0,0.0,0,-1.98,neutral,bajista,0,-1.0,31,726,2,
s2928,ASTERUSDT,1780560900000,train,-1,-3.88,0.586,4.83,4.06,0.83,-2.22,1.28,0.0,0.0,0.0,0,-1.67,neutral,neutral,0,-0.161,32,728,0,
s2929,XPLUSDT,1780560900000,train,-1,-6.64,0.473,8.39,7.34,0.89,-4.97,2.31,0.0,0.0,0.0,0,-1.67,neutral,neutral,0,-0.333,32,728,0,
s2930,STBLUSDT,1780560900000,train,-1,-3.24,0.356,4.36,3.6,2.28,-1.57,1.8,0.0,0.0,0.0,0,-1.67,neutral,neutral,0,0.51,32,728,0,
s2931,ARBUSDT,1780560900000,train,-1,-3.47,0.381,4.5,3.71,0.79,-1.81,1.68,0.0,0.0,0.0,0,-1.67,neutral,neutral,0,-0.606,32,728,0,
s2932,OPUSDT,1780560900000,train,-1,-6.54,0.524,8.22,7.1,1.2,-4.88,3.26,0.0,0.0,0.0,0,-1.67,neutral,neutral,0,-1.0,30,728,0,
s2933,TIAUSDT,1780560900000,train,-1,-4.76,0.397,6.18,5.12,1.01,-3.1,2.42,0.0,0.0,0.0,0,-1.67,neutral,neutral,0,-0.368,32,728,0,
s2934,SEIUSDT,1780560900000,train,-1,-4.6,0.497,5.88,4.89,1.07,-2.93,2.53,0.0,0.0,0.0,0,-1.67,neutral,neutral,0,0.247,32,728,0,
s2935,JUPUSDT,1780560900000,train,-1,-3.92,0.356,4.87,4.13,1.15,-2.25,2.06,0.0,0.0,0.0,0,-1.67,neutral,neutral,0,-1.0,21,728,0,
s2936,ARUSDT,1780560900000,testB,-1,-7.03,0.517,8.76,7.74,1.49,-5.36,3.83,0.0,0.0,0.0,0,-1.67,neutral,neutral,0,-1.0,27,727,0,
s2937,STXUSDT,1780560900000,testB,-1,-3.94,0.448,4.96,4.15,0.91,-2.27,1.81,0.0,0.0,0.0,0,-1.67,neutral,neutral,0,0.122,32,727,0,
s2938,GRTUSDT,1780560900000,testB,-1,-3.68,0.359,4.79,3.82,1.59,-2.01,1.75,0.0,0.0,0.0,0,-1.67,neutral,neutral,0,-1.0,23,727,0,
s2939,MANAUSDT,1780560900000,testB,-1,-3.59,0.509,4.14,3.72,1.04,-1.92,1.78,0.0,0.0,0.0,0,-1.67,neutral,neutral,0,-1.0,27,727,0,
s2940,AXSUSDT,1780560900000,testB,-1,-3.97,0.412,5.51,4.13,1.76,-2.3,1.74,0.0,0.0,0.0,0,-1.67,neutral,neutral,0,-0.429,32,727,0,
s2941,APEUSDT,1780560900000,testB,-1,-5.22,0.416,6.85,5.58,1.63,-3.55,1.95,0.0,0.0,0.0,0,-1.67,neutral,neutral,0,-1.0,30,727,0,
s2942,ASTERUSDT,1780561800000,train,-1,-3.04,0.496,4.08,3.14,0.78,-1.49,1.01,0.0,0.0,0.0,0,-1.55,neutral,neutral,0,-0.179,32,729,0,
s2943,ARBUSDT,1780561800000,train,-1,-3.16,0.358,4.05,3.38,0.81,-1.61,1.64,0.0,0.0,0.0,0,-1.55,neutral,neutral,0,-1.0,29,729,1,
s2944,OPUSDT,1780561800000,train,-1,-6.53,0.521,7.64,7.26,1.26,-4.97,3.83,0.0,0.0,0.0,0,-1.55,neutral,neutral,0,-1.0,26,729,1,
s2945,TIAUSDT,1780561800000,train,-1,-4.59,0.387,5.64,4.87,1.04,-3.04,2.41,0.0,0.0,0.0,0,-1.55,neutral,neutral,0,-0.618,32,729,1,
s2946,SEIUSDT,1780561800000,train,-1,-4.95,0.515,5.65,5.24,1.07,-3.39,2.72,0.0,0.0,0.0,0,-1.55,neutral,neutral,0,0.132,32,729,1,
s2947,FETUSDT,1780561800000,train,-1,-7.28,0.569,9.19,7.9,1.22,-5.73,3.77,0.0,0.0,0.0,0,-1.55,neutral,neutral,0,0.082,32,728,0,
s2948,STXUSDT,1780561800000,testB,-1,-3.53,0.419,4.31,3.71,0.83,-1.97,1.78,0.0,0.0,0.0,0,-1.55,neutral,neutral,0,-0.274,32,728,1,
s2949,MANAUSDT,1780561800000,testB,-1,-3.34,0.49,3.6,3.46,1.16,-1.79,1.84,0.0,0.0,0.0,0,-1.55,neutral,neutral,0,-1.0,26,728,1,
s2950,AXSUSDT,1780561800000,testB,-1,-3.99,0.412,5.14,4.25,1.69,-2.44,1.95,0.0,0.0,0.0,0,-1.55,neutral,neutral,0,-0.651,32,728,1,
s2951,APEUSDT,1780561800000,testB,-1,-4.22,0.362,5.38,4.48,1.71,-2.67,2.17,0.0,0.0,0.0,0,-1.55,neutral,neutral,0,-1.0,26,728,1,
s2952,OPUSDT,1780562700000,train,-1,-4.63,0.366,6.26,4.86,1.2,-3.44,2.63,0.0,0.0,0.0,0,-1.19,neutral,neutral,0,-1.0,19,730,0,
s2953,SEIUSDT,1780562700000,train,-1,-4.22,0.452,5.06,4.43,0.98,-3.03,2.31,0.0,0.0,0.0,0,-1.19,neutral,neutral,0,0.295,32,730,0,
s2954,FETUSDT,1780562700000,train,-1,-6.5,0.538,8.29,6.99,1.1,-5.3,3.43,0.0,0.0,0.0,0,-1.19,neutral,neutral,0,0.111,32,729,0,
s2955,STBLUSDT,1780563600000,train,-1,-3.6,0.37,5.28,4.65,2.35,-2.62,2.7,0.0,0.0,0.0,0,-0.98,neutral,neutral,0,-0.315,32,731,1,
s2956,OPUSDT,1780563600000,train,-1,-4.85,0.375,6.33,6.04,1.02,-3.87,3.23,0.0,0.0,0.0,0,-0.98,neutral,neutral,0,-1.0,18,731,1,
s2957,SEIUSDT,1780563600000,train,-1,-4.11,0.444,5.08,4.93,0.58,-3.13,2.6,0.0,0.0,0.0,0,-0.98,neutral,neutral,0,0.038,32,731,1,
s2958,MANAUSDT,1780563600000,testB,-1,-2.7,0.37,3.89,3.75,1.26,-1.72,1.89,0.0,0.0,0.0,0,-0.98,neutral,neutral,0,-1.0,24,730,1,
s2959,ASTERUSDT,1780564500000,train,-1,-2.15,0.392,3.28,3.11,1.05,-0.62,1.87,0.0,0.0,0.0,0,-1.53,neutral,bajista,0,-1.0,13,732,2,
s2960,STBLUSDT,1780564500000,train,-1,-3.48,0.36,5.37,5.12,1.79,-1.95,2.77,0.0,0.0,0.0,0,-1.53,neutral,bajista,0,-0.094,32,732,2,
s2961,OPUSDT,1780564500000,train,-1,-4.74,0.366,7.65,7.36,1.09,-3.2,3.87,0.0,0.0,0.0,0,-1.53,neutral,bajista,0,-1.0,17,732,2,
s2962,SEIUSDT,1780564500000,train,-1,-4.64,0.472,6.08,5.9,0.78,-3.1,3.15,0.0,0.0,0.0,0,-1.53,neutral,bajista,0,-0.071,32,732,2,
s2963,STXUSDT,1780564500000,testB,-1,-3.84,0.395,6.18,5.92,1.22,-2.31,3.18,0.0,0.0,0.0,0,-1.53,neutral,bajista,0,-0.43,32,731,2,
s2964,MANAUSDT,1780564500000,testB,-1,-3.26,0.414,4.92,4.92,1.56,-1.73,2.63,0.0,0.0,0.0,0,-1.53,neutral,bajista,0,-1.0,23,731,2,
s2965,AXSUSDT,1780564500000,testB,-1,-3.98,0.369,6.07,5.97,1.1,-2.45,3.25,0.0,0.0,0.0,0,-1.53,neutral,bajista,0,-1.0,24,731,2,
s2966,ASTERUSDT,1780565400000,train,-1,-2.46,0.481,3.34,2.6,1.37,-0.31,1.09,0.0,0.0,0.0,0,-2.15,bear,neutral,0,-1.0,12,733,0,train
s2967,STBLUSDT,1780565400000,train,-1,-4.68,0.534,6.42,5.35,2.05,-2.53,2.65,0.0,0.0,0.0,0,-2.15,bear,bajista,0,-0.214,32,733,3,train
s2968,ARBUSDT,1780565400000,train,-1,-4.82,0.579,6.11,5.53,1.14,-2.68,2.76,0.0,0.0,0.0,0,-2.15,bear,neutral,0,-1.0,22,733,0,train
s2969,OPUSDT,1780565400000,train,-1,-5.46,0.459,7.67,6.34,1.21,-3.31,2.55,0.0,0.0,0.0,0,-2.15,bear,neutral,0,-1.0,16,733,0,train
s2970,TIAUSDT,1780565400000,train,-1,-5.31,0.467,7.44,6.78,1.24,-3.16,3.12,0.0,0.0,0.0,0,-2.15,bear,neutral,0,-0.404,32,733,0,train
s2971,SEIUSDT,1780565400000,train,-1,-4.75,0.494,6.23,5.38,1.04,-2.6,2.35,0.0,0.0,0.0,0,-2.15,bear,neutral,0,0.147,32,733,0,train
s2972,JUPUSDT,1780565400000,train,-1,-4.26,0.383,6.3,5.66,1.32,-2.11,2.63,0.0,0.0,0.0,0,-2.15,bear,neutral,0,-1.0,16,733,0,train
s2973,PENDLEUSDT,1780565400000,train,-1,-4.42,0.401,9.18,7.98,1.63,-2.27,2.81,0.0,0.0,0.0,0,-2.15,bear,bajista,0,-1.0,12,733,3,train
s2974,STXUSDT,1780565400000,testB,-1,-4.35,0.478,6.26,5.59,1.68,-2.21,2.51,0.0,0.0,0.0,0,-2.15,bear,neutral,0,-0.222,32,732,0,
s2975,GRTUSDT,1780565400000,testB,-1,-3.73,0.376,5.6,4.95,0.88,-1.58,2.03,0.0,0.0,0.0,0,-2.15,bear,neutral,0,-1.0,18,732,0,
s2976,LDOUSDT,1780565400000,testB,-1,-4.23,0.41,6.53,5.73,1.54,-2.08,2.49,0.0,0.0,0.0,0,-2.15,bear,neutral,0,-0.35,32,732,0,
s2977,MANAUSDT,1780565400000,testB,-1,-3.91,0.547,5.33,4.77,1.67,-1.76,2.21,0.0,0.0,0.0,0,-2.15,bear,neutral,0,-1.0,22,732,0,
s2978,AXSUSDT,1780565400000,testB,-1,-4.6,0.462,6.12,5.22,1.32,-2.45,2.26,0.0,0.0,0.0,0,-2.15,bear,neutral,0,-1.0,23,732,0,
s2979,APEUSDT,1780565400000,testB,-1,-4.57,0.396,6.91,6.15,1.38,-2.42,2.49,0.0,0.0,0.0,0,-2.15,bear,neutral,0,-1.0,22,732,0,
s2980,STBLUSDT,1780566300000,train,-1,-4.01,0.493,6.43,5.5,1.81,-2.93,2.48,0.0,0.0,0.0,0,-1.08,neutral,bajista,0,-0.349,32,734,4,
s2981,ARBUSDT,1780566300000,train,-1,-3.1,0.368,6.05,4.57,1.48,-2.02,1.56,0.0,0.0,0.0,0,-1.08,neutral,neutral,0,-1.0,21,734,0,
s2982,OPUSDT,1780566300000,train,-1,-4.51,0.391,7.65,6.04,1.27,-3.43,1.94,0.0,0.0,0.0,0,-1.08,neutral,neutral,0,-1.0,15,734,0,
s2983,TIAUSDT,1780566300000,train,-1,-3.97,0.352,7.4,6.11,1.37,-2.89,2.13,0.0,0.0,0.0,0,-1.08,neutral,neutral,0,-0.446,32,734,0,
s2984,SEIUSDT,1780566300000,train,-1,-3.36,0.356,6.2,4.75,1.17,-2.28,1.48,0.0,0.0,0.0,0,-1.08,neutral,neutral,0,0.103,32,734,0,
s2985,ARUSDT,1780566300000,testB,-1,-5.74,0.379,9.53,7.37,1.47,-4.66,1.8,0.0,0.0,0.0,0,-1.08,neutral,neutral,0,-1.0,21,733,0,
s2986,MANAUSDT,1780566300000,testB,-1,-2.98,0.423,5.31,4.33,1.78,-1.9,1.53,0.0,0.0,0.0,0,-1.08,neutral,neutral,0,-1.0,21,733,0,
s2987,XPLUSDT,1780567200000,train,-1,-6.42,0.442,9.99,7.94,1.63,-4.25,2.83,0.0,0.0,0.0,0,-2.16,bear,neutral,0,-1.0,26,735,1,train
s2988,STBLUSDT,1780567200000,train,-1,-4.95,0.574,7.15,6.33,1.44,-2.79,2.86,0.0,0.0,0.0,0,-2.16,bear,bajista,0,-0.271,32,735,5,train
s2989,ARBUSDT,1780567200000,train,-1,-4.07,0.481,6.08,5.17,1.52,-1.91,1.85,0.0,0.0,0.0,0,-2.16,bear,neutral,0,-1.0,20,735,1,train
s2990,OPUSDT,1780567200000,train,-1,-5.91,0.516,7.71,6.85,1.19,-3.74,2.24,0.0,0.0,0.0,0,-2.16,bear,neutral,0,-1.0,14,735,1,train
s2991,TIAUSDT,1780567200000,train,-1,-5.11,0.47,7.43,6.59,1.38,-2.94,2.18,0.0,0.0,0.0,0,-2.16,bear,neutral,0,-0.32,32,735,1,train
s2992,SEIUSDT,1780567200000,train,-1,-4.5,0.465,6.24,5.54,1.11,-2.33,1.96,0.0,0.0,0.0,0,-2.16,bear,neutral,0,0.164,32,735,1,train
s2993,JUPUSDT,1780567200000,train,-1,-4.4,0.412,6.28,5.3,1.01,-2.24,1.63,0.0,0.0,0.0,0,-2.16,bear,neutral,0,-1.0,14,735,1,train
s2994,PENDLEUSDT,1780567200000,train,-1,-4.97,0.412,9.13,7.4,1.54,-2.8,1.8,0.0,0.0,0.0,0,-2.16,bear,neutral,0,-1.0,10,735,1,train
s2995,ARUSDT,1780567200000,testB,-1,-6.82,0.457,9.41,7.76,1.34,-4.66,2.05,0.0,0.0,0.0,0,-2.16,bear,neutral,0,-1.0,20,734,1,
s2996,STXUSDT,1780567200000,testB,-1,-4.54,0.495,6.25,5.42,1.84,-2.37,1.85,0.0,0.0,0.0,0,-2.16,bear,neutral,0,-0.219,32,734,1,
s2997,GRTUSDT,1780567200000,testB,-1,-3.68,0.38,5.59,4.66,0.93,-1.51,1.33,0.0,0.0,0.0,0,-2.16,bear,neutral,0,-1.0,16,734,1,
s2998,MANAUSDT,1780567200000,testB,-1,-3.77,0.56,5.32,4.62,1.76,-1.61,1.57,0.0,0.0,0.0,0,-2.16,bear,neutral,0,-1.0,20,734,1,
s2999,AXSUSDT,1780567200000,testB,-1,-4.23,0.407,6.12,5.22,1.16,-2.07,1.7,0.0,0.0,0.0,0,-2.16,bear,neutral,0,-1.0,21,734,1,
s3000,APEUSDT,1780567200000,testB,-1,-4.92,0.42,6.93,6.39,1.16,-2.76,2.08,0.0,0.0,0.0,0,-2.16,bear,neutral,0,-1.0,20,734,1,
s3001,XPLUSDT,1780568100000,train,-1,-6.52,0.453,9.25,7.09,0.98,-3.77,2.73,0.0,0.0,0.0,0,-2.75,bear,neutral,0,-1.0,24,736,0,train
s3002,STBLUSDT,1780568100000,train,-1,-5.64,0.667,7.17,6.65,1.02,-2.89,2.99,0.0,0.0,0.0,0,-2.75,bear,bajista,0,-0.635,32,736,6,train
s3003,ARBUSDT,1780568100000,train,-1,-4.6,0.583,5.86,4.94,1.14,-1.85,1.87,0.0,0.0,0.0,0,-2.75,bear,neutral,0,-1.0,14,736,0,train
s3004,OPUSDT,1780568100000,train,-1,-5.36,0.448,7.65,6.04,1.07,-2.61,1.59,0.0,0.0,0.0,0,-2.75,bear,neutral,0,-1.0,13,736,0,train
s3005,TIAUSDT,1780568100000,train,-1,-5.39,0.514,7.41,6.3,1.02,-2.64,1.94,0.0,0.0,0.0,0,-2.75,bear,neutral,0,-0.633,32,736,0,train
s3006,SEIUSDT,1780568100000,train,-1,-4.95,0.524,6.25,5.7,0.74,-2.2,2.0,0.0,0.0,0.0,0,-2.75,bear,bajista,0,-0.13,32,736,2,train
s3007,JUPUSDT,1780568100000,train,-1,-4.45,0.42,6.16,5.12,0.89,-1.7,1.6,0.0,0.0,0.0,0,-2.75,bear,neutral,0,-1.0,10,736,0,train
s3008,PENDLEUSDT,1780568100000,train,-1,-4.43,0.356,7.14,4.96,1.4,-1.68,1.55,0.0,0.0,0.0,0,-2.75,bear,neutral,0,-1.0,8,736,0,train
s3009,ARUSDT,1780568100000,testB,-1,-5.65,0.374,8.33,5.99,0.83,-2.9,1.47,0.0,0.0,0.0,0,-2.75,bear,neutral,0,-1.0,18,735,0,
s3010,STXUSDT,1780568100000,testB,-1,-4.87,0.535,5.9,5.23,1.26,-2.12,1.93,0.0,0.0,0.0,0,-2.75,bear,bajista,0,-0.545,32,735,2,testB
s3011,GRTUSDT,1780568100000,testB,-1,-4.23,0.468,5.44,4.42,0.73,-1.48,1.28,0.0,0.0,0.0,0,-2.75,bear,neutral,0,-1.0,14,735,0,
s3012,LDOUSDT,1780568100000,testB,-1,-4.2,0.407,6.48,4.89,1.06,-1.45,1.3,0.0,0.0,0.0,0,-2.75,bear,neutral,0,-0.548,32,735,0,
s3013,SANDUSDT,1780568100000,testB,-1,-3.08,0.373,4.55,3.58,1.2,-0.33,1.02,0.0,0.0,0.0,0,-2.75,bear,bajista,0,-1.0,10,735,2,testB
s3014,MANAUSDT,1780568100000,testB,-1,-3.76,0.56,5.03,4.05,1.34,-1.01,1.28,0.0,0.0,0.0,0,-2.75,bear,neutral,0,-1.0,19,735,0,
s3015,AXSUSDT,1780568100000,testB,-1,-4.33,0.413,5.53,4.72,0.91,-1.58,1.81,0.0,0.0,0.0,0,-2.75,bear,neutral,0,-1.0,19,735,0,
s3016,APEUSDT,1780568100000,testB,-1,-5.17,0.456,6.36,5.38,0.83,-2.42,1.64,0.0,0.0,0.0,0,-2.75,bear,neutral,0,-1.0,19,735,0,
s3017,XPLUSDT,1780569000000,train,-1,-5.78,0.421,8.41,6.25,0.51,-3.26,2.29,0.0,0.0,0.0,0,-2.52,bear,neutral,0,-1.0,23,737,0,train
s3018,PUMPUSDT,1780569000000,train,-1,-6.44,0.491,7.55,6.83,0.78,-3.92,2.01,0.0,0.0,0.0,0,-2.52,bear,neutral,0,-1.0,23,737,0,train
s3019,STBLUSDT,1780569000000,train,-1,-5.96,0.739,7.42,6.26,1.03,-3.44,2.44,0.0,0.0,0.0,0,-2.52,bear,neutral,0,-0.53,32,737,0,train
s3020,ENAUSDT,1780569000000,train,-1,-6.96,0.352,8.61,7.89,1.1,-4.44,3.28,0.0,0.0,0.0,0,-2.52,bear,bajista,0,-0.304,32,737,3,train
s3021,ARBUSDT,1780569000000,train,-1,-4.17,0.528,5.61,4.47,1.09,-1.65,1.37,0.0,0.0,0.0,0,-2.52,bear,neutral,0,-1.0,12,737,0,train
s3022,OPUSDT,1780569000000,train,-1,-5.0,0.406,7.34,5.36,0.84,-2.48,1.01,0.0,0.0,0.0,0,-2.52,bear,neutral,0,-1.0,12,737,0,train
s3023,INJUSDT,1780569000000,train,-1,-4.7,0.42,6.22,4.91,1.39,-2.18,1.39,0.0,0.0,0.0,0,-2.52,bear,neutral,0,1.466,32,737,1,train
s3024,SUIUSDT,1780569000000,train,-1,-4.05,0.39,5.78,4.22,0.86,-1.53,1.07,0.0,0.0,0.0,0,-2.52,bear,neutral,0,-1.0,18,737,0,train
s3025,TIAUSDT,1780569000000,train,-1,-5.29,0.501,7.09,5.65,0.77,-2.77,1.36,0.0,0.0,0.0,0,-2.52,bear,neutral,0,-0.63,32,737,0,train
s3026,SEIUSDT,1780569000000,train,-1,-4.57,0.465,5.99,4.82,0.57,-2.04,1.14,0.0,0.0,0.0,0,-2.52,bear,neutral,0,-0.055,32,737,0,train
s3027,JUPUSDT,1780569000000,train,-1,-4.56,0.435,5.81,4.72,0.66,-2.03,1.34,0.0,0.0,0.0,0,-2.52,bear,neutral,0,-1.0,8,737,0,train
s3028,STXUSDT,1780569000000,testB,-1,-4.92,0.538,5.75,5.18,0.84,-2.4,1.78,0.0,0.0,0.0,0,-2.52,bear,bajista,0,-0.74,32,736,3,testB
s3029,GRTUSDT,1780569000000,testB,-1,-3.93,0.44,5.25,4.14,0.62,-1.41,1.0,0.0,0.0,0.0,0,-2.52,bear,neutral,0,-1.0,9,736,0,
s3030,LDOUSDT,1780569000000,testB,-1,-4.26,0.417,6.05,4.45,0.91,-1.74,1.09,0.0,0.0,0.0,0,-2.52,bear,neutral,0,-0.553,32,736,0,
s3031,SANDUSDT,1780569000000,testB,-1,-3.21,0.396,4.4,3.32,0.97,-0.69,0.73,0.0,0.0,0.0,0,-2.52,bear,neutral,0,-1.0,9,736,0,
s3032,MANAUSDT,1780569000000,testB,-1,-3.9,0.569,4.76,3.92,1.18,-1.38,1.21,0.0,0.0,0.0,0,-2.52,bear,neutral,0,-1.0,14,736,0,
s3033,APEUSDT,1780569000000,testB,-1,-4.48,0.408,5.82,4.69,0.55,-1.96,1.26,0.0,0.0,0.0,0,-2.52,bear,neutral,0,-1.0,18,736,0,
s3034,XPLUSDT,1780569900000,train,-1,-5.94,0.426,8.13,6.92,0.62,-3.41,3.04,0.0,0.0,0.0,0,-2.52,bear,neutral,0,-1.0,21,738,1,train
s3035,PUMPUSDT,1780569900000,train,-1,-7.02,0.51,8.1,7.79,0.99,-4.49,3.54,0.0,0.0,0.0,0,-2.52,bear,neutral,0,-1.0,22,738,1,train
s3036,STBLUSDT,1780569900000,train,-1,-5.87,0.735,6.65,6.35,1.04,-3.35,3.0,0.0,0.0,0.0,0,-2.52,bear,neutral,0,-0.71,32,738,1,train
s3037,0GUSDT,1780569900000,train,-1,-3.36,0.364,3.89,3.63,1.41,-0.84,1.83,0.0,0.0,0.0,0,-2.52,bear,neutral,0,-1.0,9,738,1,train
s3038,ARBUSDT,1780569900000,train,-1,-4.09,0.521,5.42,4.61,1.33,-1.57,1.92,0.0,0.0,0.0,0,-2.52,bear,neutral,0,-1.0,9,738,1,train
s3039,OPUSDT,1780569900000,train,-1,-5.24,0.414,6.49,5.82,0.99,-2.72,2.28,0.0,0.0,0.0,0,-2.52,bear,neutral,0,-1.0,11,738,1,train
s3040,INJUSDT,1780569900000,train,-1,-3.83,0.368,5.26,4.21,0.74,-1.3,1.59,0.0,0.0,0.0,0,-2.52,bear,bajista,0,1.723,32,738,2,train
s3041,SUIUSDT,1780569900000,train,-1,-4.6,0.419,5.26,4.97,1.08,-2.08,2.24,0.0,0.0,0.0,0,-2.52,bear,neutral,0,-1.0,13,738,1,train
s3042,TIAUSDT,1780569900000,train,-1,-5.68,0.517,6.78,6.2,1.1,-3.16,2.43,0.0,0.0,0.0,0,-2.52,bear,neutral,0,-1.0,17,738,1,train
s3043,SEIUSDT,1780569900000,train,-1,-4.7,0.471,5.35,4.99,0.62,-2.18,1.81,0.0,0.0,0.0,0,-2.52,bear,neutral,0,-0.103,32,738,1,train
s3044,JUPUSDT,1780569900000,train,-1,-4.17,0.41,5.17,4.53,1.25,-1.65,2.16,0.0,0.0,0.0,0,-2.52,bear,neutral,0,-1.0,7,738,1,train
s3045,STXUSDT,1780569900000,testB,-1,-4.43,0.509,5.15,4.79,1.17,-1.9,2.18,0.0,0.0,0.0,0,-2.52,bear,bajista,0,-0.837,32,737,4,testB
s3046,GRTUSDT,1780569900000,testB,-1,-4.05,0.446,4.64,4.31,0.82,-1.52,1.76,0.0,0.0,0.0,0,-2.52,bear,neutral,0,-1.0,7,737,1,
s3047,LDOUSDT,1780569900000,testB,-1,-4.75,0.442,5.39,5.1,1.03,-2.23,2.28,0.0,0.0,0.0,0,-2.52,bear,neutral,0,-1.0,17,737,1,
s3048,SANDUSDT,1780569900000,testB,-1,-3.82,0.438,4.59,4.17,1.16,-1.3,1.66,0.0,0.0,0.0,0,-2.52,bear,neutral,0,-1.0,7,737,1,
s3049,MANAUSDT,1780569900000,testB,-1,-4.07,0.577,4.66,4.38,1.43,-1.54,2.05,0.0,0.0,0.0,0,-2.52,bear,neutral,0,-1.0,11,737,1,
s3050,AXSUSDT,1780569900000,testB,-1,-3.97,0.357,5.05,4.34,1.11,-1.45,1.84,0.0,0.0,0.0,0,-2.52,bear,neutral,0,-1.0,7,737,1,
s3051,APEUSDT,1780569900000,testB,-1,-4.67,0.416,5.21,5.06,0.81,-2.15,2.4,0.0,0.0,0.0,0,-2.52,bear,neutral,0,-1.0,8,737,1,
s3052,XPLUSDT,1780570800000,train,-1,-6.11,0.431,7.86,7.62,0.62,-3.7,3.86,0.0,0.0,0.0,0,-2.42,bear,bajista,0,-1.0,19,739,2,train
s3053,STBLUSDT,1780570800000,train,-1,-4.95,0.635,6.55,5.84,1.0,-2.53,2.45,0.0,0.0,0.0,0,-2.42,bear,neutral,0,-0.622,32,739,0,train
s3054,ARBUSDT,1780570800000,train,-1,-3.77,0.5,4.84,4.04,1.3,-1.36,1.81,0.0,0.0,0.0,0,-2.42,bear,neutral,0,-1.0,6,739,0,train
s3055,OPUSDT,1780570800000,train,-1,-4.83,0.393,5.56,5.27,0.95,-2.41,2.43,0.0,0.0,0.0,0,-2.42,bear,bajista,0,-1.0,7,739,2,train
s3056,INJUSDT,1780570800000,train,-1,-4.84,0.424,5.44,5.2,0.72,-2.42,2.53,0.0,0.0,0.0,0,-2.42,bear,bajista,0,1.21,32,739,3,train
s3057,SUIUSDT,1780570800000,train,-1,-4.49,0.412,4.86,4.85,1.08,-2.07,2.44,0.0,0.0,0.0,0,-2.42,bear,bajista,0,-1.0,10,739,2,train
s3058,TIAUSDT,1780570800000,train,-1,-5.56,0.509,6.13,6.04,1.02,-3.14,3.0,0.0,0.0,0.0,0,-2.42,bear,bajista,0,-1.0,16,739,2,train
s3059,SEIUSDT,1780570800000,train,-1,-4.24,0.443,4.63,4.52,0.61,-1.82,2.06,0.0,0.0,0.0,0,-2.42,bear,bajista,0,-0.219,32,739,2,train
s3060,JUPUSDT,1780570800000,train,-1,-4.21,0.41,5.27,4.98,1.37,-1.79,2.75,0.0,0.0,0.0,0,-2.42,bear,bajista,0,-1.0,6,739,2,train
s3061,STXUSDT,1780570800000,testB,-1,-4.06,0.485,4.49,4.34,1.14,-1.64,2.33,0.0,0.0,0.0,0,-2.42,bear,bajista,0,-1.0,24,738,5,testB
s3062,GRTUSDT,1780570800000,testB,-1,-3.63,0.417,4.09,3.95,0.75,-1.21,2.06,0.0,0.0,0.0,0,-2.42,bear,bajista,0,-1.0,6,738,2,testB
s3063,LDOUSDT,1780570800000,testB,-1,-4.16,0.407,4.96,4.67,1.11,-1.74,2.33,0.0,0.0,0.0,0,-2.42,bear,bajista,0,-1.0,16,738,2,testB
s3064,SANDUSDT,1780570800000,testB,-1,-3.14,0.373,3.95,3.35,1.25,-0.72,1.43,0.0,0.0,0.0,0,-2.42,bear,neutral,0,-1.0,6,738,0,
s3065,MANAUSDT,1780570800000,testB,-1,-3.41,0.532,4.1,3.81,1.64,-0.99,1.89,0.0,0.0,0.0,0,-2.42,bear,neutral,0,-1.0,7,738,0,
s3066,AXSUSDT,1780570800000,testB,-1,-3.99,0.357,4.46,4.26,1.06,-1.57,2.12,0.0,0.0,0.0,0,-2.42,bear,bajista,0,-1.0,6,738,2,testB
s3067,APEUSDT,1780570800000,testB,-1,-4.21,0.388,4.86,4.7,1.05,-1.79,2.82,0.0,0.0,0.0,0,-2.42,bear,bajista,0,-1.0,6,738,2,testB
s3068,XPLUSDT,1780571700000,train,-1,-5.0,0.361,7.83,7.22,0.71,-3.29,3.08,0.0,0.0,0.0,0,-1.71,neutral,neutral,0,-1.0,18,740,0,
s3069,PUMPUSDT,1780571700000,train,-1,-5.72,0.411,7.59,6.49,1.29,-4.01,2.59,0.0,0.0,0.0,0,-1.71,neutral,neutral,0,-1.0,18,740,0,
s3070,STBLUSDT,1780571700000,train,-1,-3.82,0.444,6.49,4.78,1.12,-2.11,1.4,0.0,0.0,0.0,0,-1.71,neutral,neutral,0,-0.519,32,740,0,
s3071,INJUSDT,1780571700000,train,-1,-4.14,0.383,5.98,5.39,0.75,-2.43,2.91,0.0,0.0,0.0,0,-1.71,neutral,bajista,0,0.997,32,740,4,
s3072,TIAUSDT,1780571700000,train,-1,-3.92,0.358,5.72,4.75,1.27,-2.22,2.0,0.0,0.0,0.0,0,-1.71,neutral,neutral,0,-1.0,15,740,0,
s3073,STXUSDT,1780571700000,testB,-1,-3.23,0.395,4.69,3.91,1.76,-1.52,1.82,0.0,0.0,0.0,0,-1.71,neutral,neutral,0,-1.0,22,739,0,
s3074,PUMPUSDT,1780572600000,train,-1,-5.06,0.38,6.43,5.39,1.32,-2.41,2.28,0.0,0.0,0.0,0,-2.65,bear,neutral,0,-1.0,14,741,1,train
s3075,STBLUSDT,1780572600000,train,-1,-5.0,0.576,6.2,5.19,0.76,-2.35,1.76,0.0,0.0,0.0,0,-2.65,bear,neutral,0,-0.54,32,741,1,train
s3076,ARBUSDT,1780572600000,train,-1,-2.9,0.361,4.47,3.1,1.38,-0.25,0.91,0.0,0.0,0.0,0,-2.65,bear,neutral,0,-1.0,4,741,1,train
s3077,INJUSDT,1780572600000,train,-1,-5.55,0.477,7.01,6.65,1.2,-2.9,3.55,0.0,0.0,0.0,0,-2.65,bear,bajista,0,0.812,32,741,5,train
s3078,SUIUSDT,1780572600000,train,-1,-4.31,0.362,4.71,4.57,1.25,-1.66,2.14,0.0,0.0,0.0,0,-2.65,bear,neutral,0,-1.0,5,741,1,train
s3079,TIAUSDT,1780572600000,train,-1,-4.5,0.401,5.29,4.77,1.41,-1.85,2.11,0.0,0.0,0.0,0,-2.65,bear,neutral,0,-1.0,5,741,1,train
s3080,ONDOUSDT,1780572600000,train,-1,-7.13,0.543,9.37,7.71,0.57,-4.48,2.21,0.0,0.0,0.0,0,-2.65,bear,neutral,0,-1.0,14,740,0,train
s3081,FETUSDT,1780572600000,train,-1,-6.56,0.494,7.93,7.57,1.03,-3.91,3.89,0.0,0.0,0.0,0,-2.65,bear,bajista,0,-0.289,32,740,7,train
s3082,STXUSDT,1780572600000,testB,-1,-4.07,0.479,4.66,4.35,2.14,-1.42,2.07,0.0,0.0,0.0,0,-2.65,bear,neutral,0,-1.0,20,740,1,
s3083,LDOUSDT,1780572600000,testB,-1,-3.98,0.366,4.88,4.22,1.22,-1.33,1.74,0.0,0.0,0.0,0,-2.65,bear,neutral,0,-1.0,6,740,1,
s3084,APEUSDT,1780572600000,testB,-1,-3.92,0.361,5.01,4.47,1.49,-1.27,2.08,0.0,0.0,0.0,0,-2.65,bear,neutral,0,-1.0,4,740,1,
s3085,STBLUSDT,1780573500000,train,-1,-3.2,0.403,5.61,4.09,0.66,-1.56,1.05,0.0,0.0,0.0,0,-1.64,neutral,neutral,0,-0.4,32,742,0,
s3086,INJUSDT,1780573500000,train,-1,-4.55,0.383,6.97,5.96,1.26,-2.91,2.63,0.0,0.0,0.0,0,-1.64,neutral,neutral,0,0.997,32,742,0,
s3087,STBLUSDT,1780574400000,train,-1,-3.57,0.429,5.65,4.9,0.49,-2.28,1.63,0.0,0.0,0.0,0,-1.29,neutral,neutral,0,-0.42,32,743,1,
s3088,INJUSDT,1780574400000,train,-1,-4.5,0.378,7.19,6.54,1.48,-3.2,2.69,0.0,0.0,0.0,0,-1.29,neutral,neutral,0,0.877,32,743,1,
s3089,FETUSDT,1780574400000,train,-1,-5.24,0.375,7.04,6.86,0.88,-3.95,3.21,0.0,0.0,0.0,0,-1.29,neutral,neutral,0,-0.287,32,742,1,
s3090,INJUSDT,1780577100000,train,-1,-4.43,0.382,6.61,4.67,0.97,-4.65,0.87,0.0,0.0,0.0,0,0.22,neutral,neutral,0,1.739,32,746,0,
s3091,INJUSDT,1780578000000,train,-1,-4.54,0.384,5.18,4.75,0.73,-4.92,2.23,0.0,0.0,0.0,0,0.38,neutral,neutral,0,1.256,32,747,1,
s3092,JUPUSDT,1780578900000,train,1,5.04,0.465,6.89,6.12,1.42,4.45,2.51,0.0,0.0,0.0,0,0.59,neutral,neutral,0,-0.126,32,748,1,
s3093,ARBUSDT,1780579800000,train,1,4.49,0.411,5.84,5.18,1.06,3.07,2.13,0.0,0.0,0.0,0,1.42,neutral,neutral,0,-0.532,32,749,1,
s3094,OPUSDT,1780579800000,train,1,5.59,0.358,7.98,6.64,1.53,4.17,3.62,0.0,0.0,0.0,0,1.42,neutral,neutral,0,-0.027,32,749,1,
s3095,JUPUSDT,1780579800000,train,1,6.47,0.528,8.9,7.6,1.35,5.05,3.62,0.0,0.0,0.0,0,1.42,neutral,alcista,0,-0.4,32,749,2,
s3096,PENDLEUSDT,1780579800000,train,1,7.19,0.4,8.66,7.25,0.79,5.77,2.67,0.0,0.0,0.0,0,1.42,neutral,neutral,0,-0.611,32,749,1,
s3097,ONDOUSDT,1780579800000,train,1,5.38,0.371,7.72,6.63,1.09,3.96,2.26,0.0,0.0,0.0,0,1.42,neutral,neutral,0,-0.214,32,748,1,
s3098,GRTUSDT,1780579800000,testB,1,4.11,0.386,5.47,4.84,0.83,2.69,2.08,0.0,0.0,0.0,0,1.42,neutral,neutral,0,-0.704,32,748,1,
s3099,ENAUSDT,1780580700000,train,-1,-6.74,0.469,10.22,7.79,0.67,-8.26,1.4,0.0,0.0,0.0,0,1.53,neutral,neutral,0,-1.0,12,750,1,
s3100,ARBUSDT,1780580700000,train,1,4.11,0.391,5.92,5.7,1.04,2.58,2.59,0.0,0.0,0.0,0,1.53,neutral,alcista,0,-0.673,32,750,2,
s3101,INJUSDT,1780580700000,train,-1,-4.41,0.391,6.36,5.35,1.45,-5.94,2.0,0.0,0.0,0.0,0,1.53,neutral,neutral,0,1.658,32,750,1,
s3102,JUPUSDT,1780580700000,train,1,5.62,0.485,8.91,7.5,1.43,4.1,3.38,0.0,0.0,0.0,0,1.53,neutral,neutral,0,-0.486,32,750,0,
s3103,PENDLEUSDT,1780580700000,train,1,6.3,0.372,8.61,7.83,0.67,4.78,3.16,0.0,0.0,0.0,0,1.53,neutral,alcista,0,-0.764,32,750,2,
s3104,ONDOUSDT,1780580700000,train,1,5.09,0.361,7.73,7.44,1.01,3.57,3.23,0.0,0.0,0.0,0,1.53,neutral,alcista,0,-0.48,32,749,2,
s3105,GRTUSDT,1780580700000,testB,1,4.13,0.389,5.52,5.52,0.9,2.6,2.68,0.0,0.0,0.0,0,1.53,neutral,alcista,0,-0.839,32,749,2,
s3106,ARBUSDT,1780581600000,train,1,4.71,0.471,6.03,5.7,1.16,2.35,2.54,0.0,0.0,0.0,0,2.36,bull,neutral,0,-0.654,32,751,0,train
s3107,OPUSDT,1780581600000,train,1,6.76,0.441,7.93,7.22,1.57,4.39,3.84,0.0,0.0,0.0,0,2.36,bull,neutral,0,-0.222,32,751,1,train
s3108,INJUSDT,1780581600000,train,-1,-3.92,0.361,6.64,5.36,1.85,-6.28,1.91,0.0,0.0,0.0,0,2.36,bull,bajista,0,1.369,32,751,2,train
s3109,JUPUSDT,1780581600000,train,1,5.93,0.523,8.91,7.45,1.51,3.57,3.21,0.0,0.0,0.0,0,2.36,bull,neutral,0,-0.453,32,751,0,train
s3110,PENDLEUSDT,1780581600000,train,1,6.63,0.394,8.66,7.26,0.64,4.26,2.53,0.0,0.0,0.0,0,2.36,bull,neutral,0,-0.739,32,751,0,train
s3111,ONDOUSDT,1780581600000,train,1,5.61,0.4,8.14,7.61,0.94,3.25,3.13,0.0,0.0,0.0,0,2.36,bull,alcista,0,-0.365,32,750,3,train
s3112,ARUSDT,1780581600000,testB,1,6.26,0.382,6.85,6.64,0.68,3.89,3.18,0.0,0.0,0.0,0,2.36,bull,neutral,0,-0.767,32,750,1,testB
s3113,GRTUSDT,1780581600000,testB,1,4.42,0.426,5.97,5.39,0.99,2.06,2.48,0.0,0.0,0.0,0,2.36,bull,neutral,0,-0.81,32,750,0,testB
s3114,SANDUSDT,1780581600000,testB,1,3.79,0.404,5.26,5.01,0.84,1.43,2.12,0.0,0.0,0.0,0,2.36,bull,alcista,0,-0.75,32,750,3,testB
s3115,MANAUSDT,1780581600000,testB,1,3.78,0.38,4.99,4.72,0.79,1.42,2.14,0.0,0.0,0.0,0,2.36,bull,neutral,0,-0.543,32,750,0,testB
s3116,AXSUSDT,1780581600000,testB,1,4.02,0.37,5.41,5.02,0.58,1.65,2.02,0.0,0.0,0.0,0,2.36,bull,neutral,0,-0.5,32,750,0,testB
s3117,ARBUSDT,1780582500000,train,1,4.36,0.422,6.05,5.39,1.11,1.72,1.98,0.0,0.0,0.0,0,2.64,bull,neutral,0,-0.571,32,752,0,train
s3118,OPUSDT,1780582500000,train,1,5.38,0.358,7.97,6.72,1.41,2.74,2.83,0.0,0.0,0.0,0,2.64,bull,neutral,0,-0.173,32,752,0,train
s3119,INJUSDT,1780582500000,train,-1,-5.06,0.466,6.49,5.85,1.16,-7.7,2.35,0.0,0.0,0.0,0,2.64,bull,bajista,0,1.182,32,752,3,train
s3120,JUPUSDT,1780582500000,train,1,4.78,0.386,9.01,6.48,1.07,2.14,1.91,0.0,0.0,0.0,0,2.64,bull,neutral,0,-0.373,32,752,0,train
s3121,GRTUSDT,1780582500000,testB,1,4.09,0.389,5.99,5.18,0.92,1.45,1.99,0.0,0.0,0.0,0,2.64,bull,neutral,0,-0.776,32,751,0,testB
s3122,SANDUSDT,1780582500000,testB,1,3.62,0.379,5.27,4.8,0.72,0.98,1.6,0.0,0.0,0.0,0,2.64,bull,neutral,0,-0.686,32,751,0,testB
s3123,MANAUSDT,1780582500000,testB,1,3.49,0.362,4.99,4.72,0.74,0.85,1.91,0.0,0.0,0.0,0,2.64,bull,neutral,0,-0.486,32,751,0,testB
s3124,ENAUSDT,1780583400000,train,-1,-5.36,0.379,6.3,5.81,0.82,-7.4,3.68,0.0,0.0,0.0,0,2.04,bull,bajista,0,-1.0,4,753,2,train
s3125,INJUSDT,1780583400000,train,-1,-6.22,0.517,6.94,6.76,1.18,-8.27,3.46,0.0,0.0,0.0,0,2.04,bull,bajista,0,0.914,32,753,4,train
s3126,ONDOUSDT,1780583400000,train,1,5.78,0.383,8.62,7.27,0.67,3.74,2.05,0.0,0.0,0.0,0,2.04,bull,neutral,0,-0.281,32,752,0,train
s3127,SANDUSDT,1780583400000,testB,1,3.42,0.36,5.28,4.73,0.5,1.38,1.34,0.0,0.0,0.0,0,2.04,bull,neutral,0,-0.67,32,752,0,testB
s3128,MANAUSDT,1780583400000,testB,1,3.64,0.382,4.99,4.72,0.59,1.59,1.67,0.0,0.0,0.0,0,2.04,bull,neutral,0,-0.543,32,752,0,testB
s3129,ARBUSDT,1780584300000,train,1,4.38,0.432,5.64,4.53,0.6,1.93,1.23,0.0,0.0,0.0,0,2.46,bull,neutral,0,-0.439,32,754,1,train
s3130,OPUSDT,1780584300000,train,1,6.49,0.472,7.97,6.72,0.63,4.03,2.39,0.0,0.0,0.0,0,2.46,bull,neutral,0,-0.093,32,754,1,train
s3131,INJUSDT,1780584300000,train,-1,-5.41,0.437,6.77,5.84,0.84,-7.86,2.48,0.0,0.0,0.0,0,2.46,bull,neutral,0,0.846,32,754,0,train
s3132,JUPUSDT,1780584300000,train,1,5.4,0.445,9.03,6.22,0.41,2.94,1.3,0.0,0.0,0.0,0,2.46,bull,neutral,0,-0.035,32,754,1,train
s3133,ARUSDT,1780584300000,testB,1,6.89,0.441,7.85,7.6,0.74,4.43,3.28,0.0,0.0,0.0,0,2.46,bull,alcista,0,-0.565,32,753,2,testB
s3134,GRTUSDT,1780584300000,testB,1,4.92,0.467,5.98,5.23,0.45,2.46,1.67,0.0,0.0,0.0,0,2.46,bull,neutral,0,-0.624,32,753,1,testB
s3135,SANDUSDT,1780584300000,testB,1,4.72,0.541,5.01,4.66,0.51,2.26,1.44,0.0,0.0,0.0,0,2.46,bull,neutral,0,-0.498,32,753,1,testB
s3136,MANAUSDT,1780584300000,testB,1,4.94,0.556,5.11,4.98,0.57,2.49,1.8,0.0,0.0,0.0,0,2.46,bull,neutral,0,-0.405,32,753,1,testB
s3137,AXSUSDT,1780584300000,testB,1,4.14,0.383,5.33,4.55,0.44,1.68,1.17,0.0,0.0,0.0,0,2.46,bull,neutral,0,-0.255,32,753,1,testB
s3138,APEUSDT,1780584300000,testB,1,5.36,0.398,6.69,6.11,0.41,2.91,2.2,0.0,0.0,0.0,0,2.46,bull,alcista,0,-0.298,32,753,2,testB
s3139,ASTERUSDT,1780585200000,train,1,2.49,0.395,2.7,2.53,0.52,-0.87,0.96,0.0,0.0,0.0,0,3.36,bull,alcista,0,-1.0,26,755,2,train
s3140,XPLUSDT,1780585200000,train,1,6.39,0.419,6.7,6.24,0.61,3.03,2.96,0.0,0.0,0.0,0,3.36,bull,alcista,0,-0.426,32,755,2,train
s3141,PUMPUSDT,1780585200000,train,1,6.23,0.362,6.68,6.21,0.96,2.87,3.59,0.0,0.0,0.0,0,3.36,bull,alcista,0,-1.0,28,755,2,train
s3142,0GUSDT,1780585200000,train,1,4.02,0.414,4.48,4.2,0.64,0.66,1.38,0.0,0.0,0.0,0,3.36,bull,alcista,0,-0.725,32,755,2,train
s3143,ARBUSDT,1780585200000,train,1,5.54,0.49,5.57,5.46,0.61,2.18,2.12,0.0,0.0,0.0,0,3.36,bull,alcista,0,-0.5,32,755,2,train
s3144,SUIUSDT,1780585200000,train,1,6.03,0.44,6.02,5.92,0.54,2.67,2.53,0.0,0.0,0.0,0,3.36,bull,alcista,0,-0.698,32,755,2,train
s3145,TIAUSDT,1780585200000,train,1,7.42,0.554,7.13,7.02,0.74,4.06,3.55,0.0,0.0,0.0,0,3.36,bull,alcista,0,-0.664,32,755,2,train
s3146,SEIUSDT,1780585200000,train,1,4.0,0.361,4.03,4.0,1.05,0.65,1.84,0.0,0.0,0.0,0,3.36,bull,alcista,0,-1.0,12,755,2,train
s3147,JUPUSDT,1780585200000,train,1,7.38,0.594,8.78,6.98,0.46,4.02,2.08,0.0,0.0,0.0,0,3.36,bull,alcista,0,-0.133,32,755,2,train
s3148,PENDLEUSDT,1780585200000,train,1,6.71,0.392,8.68,7.04,0.58,3.35,1.74,0.0,0.0,0.0,0,3.36,bull,neutral,0,-0.524,32,755,1,train
s3149,FETUSDT,1780585200000,train,1,4.94,0.38,6.87,6.48,0.81,1.58,2.81,0.0,0.0,0.0,0,3.36,bull,alcista,0,-1.0,26,754,2,train
s3150,GRTUSDT,1780585200000,testB,1,7.01,0.594,6.82,6.68,0.55,3.65,2.93,0.0,0.0,0.0,0,3.36,bull,alcista,0,-0.691,32,754,2,testB
s3151,LDOUSDT,1780585200000,testB,1,5.07,0.373,5.6,5.32,0.57,1.72,2.38,0.0,0.0,0.0,0,3.36,bull,alcista,0,-0.651,32,754,2,testB
s3152,SANDUSDT,1780585200000,testB,1,5.58,0.582,5.55,5.52,0.61,2.22,2.22,0.0,0.0,0.0,0,3.36,bull,alcista,0,-0.675,32,754,2,testB
s3153,MANAUSDT,1780585200000,testB,1,6.5,0.622,6.23,6.23,0.63,3.14,2.94,0.0,0.0,0.0,0,3.36,bull,alcista,0,-0.511,32,754,2,testB
s3154,AXSUSDT,1780585200000,testB,1,5.98,0.513,5.84,5.74,0.61,2.63,2.22,0.0,0.0,0.0,0,3.36,bull,alcista,0,-0.4,32,754,2,testB
s3155,APEUSDT,1780585200000,testB,1,7.86,0.531,7.93,7.72,0.57,4.51,3.53,0.0,0.0,0.0,0,3.36,bull,alcista,0,-0.361,32,754,3,testB
s3156,XPLUSDT,1780586100000,train,1,5.63,0.371,6.95,5.91,0.71,3.43,2.35,0.0,0.0,0.0,0,2.2,bull,neutral,0,-0.51,32,756,0,train
s3157,ARBUSDT,1780586100000,train,1,4.46,0.419,5.04,4.71,0.65,2.26,1.68,0.0,0.0,0.0,0,2.2,bull,neutral,0,-0.698,32,756,0,train
s3158,OPUSDT,1780586100000,train,1,7.9,0.497,8.91,7.85,0.81,5.69,3.08,0.0,0.0,0.0,0,2.2,bull,neutral,0,-0.281,32,756,0,train
s3159,TIAUSDT,1780586100000,train,1,5.51,0.41,7.11,6.05,0.91,3.3,2.28,0.0,0.0,0.0,0,2.2,bull,neutral,0,-0.701,32,756,0,train
s3160,JUPUSDT,1780586100000,train,1,5.49,0.473,8.17,5.81,0.44,3.29,1.37,0.0,0.0,0.0,0,2.2,bull,neutral,0,-0.179,32,756,0,train
s3161,ONDOUSDT,1780586100000,train,1,8.41,0.472,10.16,7.99,1.07,6.21,2.7,0.0,0.0,0.0,0,2.2,bull,neutral,0,-0.422,32,755,0,train
s3162,FETUSDT,1780586100000,train,1,4.68,0.352,6.9,6.03,0.85,2.48,2.15,0.0,0.0,0.0,0,2.2,bull,neutral,0,-1.0,25,755,0,train
s3163,ARUSDT,1780586100000,testB,1,7.96,0.52,7.95,7.46,0.7,5.76,3.22,0.0,0.0,0.0,0,2.2,bull,alcista,0,-1.0,27,755,4,testB
s3164,GRTUSDT,1780586100000,testB,1,4.95,0.405,6.54,5.21,0.71,2.75,1.53,0.0,0.0,0.0,0,2.2,bull,neutral,0,-1.0,25,755,0,testB
s3165,SANDUSDT,1780586100000,testB,1,3.84,0.408,5.07,4.19,0.68,1.64,1.28,0.0,0.0,0.0,0,2.2,bull,neutral,0,-1.0,25,755,0,testB
s3166,MANAUSDT,1780586100000,testB,1,4.75,0.486,5.73,5.2,0.84,2.55,2.18,0.0,0.0,0.0,0,2.2,bull,neutral,0,-0.667,32,755,0,testB
s3167,AXSUSDT,1780586100000,testB,1,3.9,0.364,5.2,4.33,0.83,1.7,1.41,0.0,0.0,0.0,0,2.2,bull,neutral,0,-0.578,32,755,0,testB
s3168,XPLUSDT,1780587000000,train,1,5.5,0.366,6.72,5.68,0.72,2.92,2.25,0.0,0.0,0.0,0,2.59,bull,neutral,0,-0.388,32,757,0,train
s3169,ARBUSDT,1780587000000,train,1,4.82,0.457,4.81,4.6,0.65,2.23,1.71,0.0,0.0,0.0,0,2.59,bull,neutral,0,-1.0,28,757,1,train
s3170,OPUSDT,1780587000000,train,1,8.39,0.524,8.62,7.83,0.77,5.8,3.21,0.0,0.0,0.0,0,2.59,bull,neutral,0,-0.247,32,757,1,train
s3171,SUIUSDT,1780587000000,train,1,4.77,0.36,6.08,4.57,0.6,2.19,1.08,0.0,0.0,0.0,0,2.59,bull,neutral,0,-1.0,24,757,0,train
s3172,TIAUSDT,1780587000000,train,1,6.11,0.464,6.7,5.76,1.05,3.52,2.33,0.0,0.0,0.0,0,2.59,bull,neutral,0,-0.657,32,757,1,train
s3173,JUPUSDT,1780587000000,train,1,6.15,0.525,7.81,5.79,0.46,3.56,1.66,0.0,0.0,0.0,0,2.59,bull,neutral,0,-0.123,32,757,1,train
s3174,ONDOUSDT,1780587000000,train,1,7.48,0.432,9.37,6.96,1.08,4.9,2.34,0.0,0.0,0.0,0,2.59,bull,neutral,0,-0.38,32,756,0,train
s3175,FETUSDT,1780587000000,train,1,4.7,0.352,6.93,5.66,0.89,2.11,1.8,0.0,0.0,0.0,0,2.59,bull,neutral,0,-1.0,24,756,0,train
s3176,ARUSDT,1780587000000,testB,1,7.49,0.503,8.11,7.3,0.84,4.9,3.02,0.0,0.0,0.0,0,2.59,bull,neutral,0,-1.0,24,756,0,testB
s3177,GRTUSDT,1780587000000,testB,1,5.05,0.415,6.33,4.9,0.81,2.47,1.41,0.0,0.0,0.0,0,2.59,bull,neutral,0,-1.0,24,756,0,testB
s3178,SANDUSDT,1780587000000,testB,1,3.53,0.362,4.87,3.46,0.65,0.95,0.82,0.0,0.0,0.0,0,2.59,bull,neutral,0,-1.0,24,756,0,testB
s3179,MANAUSDT,1780587000000,testB,1,4.92,0.507,5.76,4.82,0.89,2.33,1.73,0.0,0.0,0.0,0,2.59,bull,neutral,0,-0.528,32,756,0,testB
s3180,XPLUSDT,1780587900000,train,1,5.31,0.361,7.11,6.65,0.88,3.16,3.15,0.0,0.0,0.0,0,2.15,bull,neutral,0,-0.448,32,758,1,train
s3181,ARBUSDT,1780587900000,train,1,3.85,0.405,4.8,4.48,0.75,1.71,1.75,0.0,0.0,0.0,0,2.15,bull,alcista,0,-1.0,23,758,2,train
s3182,TIAUSDT,1780587900000,train,1,4.52,0.394,6.09,5.26,1.09,2.37,2.32,0.0,0.0,0.0,0,2.15,bull,alcista,0,-1.0,23,758,2,train
s3183,JUPUSDT,1780587900000,train,1,4.39,0.44,6.67,4.59,0.48,2.25,1.56,0.0,0.0,0.0,0,2.15,bull,neutral,0,-0.143,32,758,0,train
s3184,ONDOUSDT,1780587900000,train,1,5.47,0.361,7.85,5.47,1.19,3.32,2.21,0.0,0.0,0.0,0,2.15,bull,neutral,0,-0.579,32,757,1,train
s3185,ARUSDT,1780587900000,testB,1,4.38,0.38,6.12,5.63,0.76,2.23,3.27,0.0,0.0,0.0,0,2.15,bull,neutral,0,-1.0,22,757,1,testB
s3186,MANAUSDT,1780587900000,testB,1,3.61,0.419,5.36,4.29,0.98,1.46,1.44,0.0,0.0,0.0,0,2.15,bull,neutral,0,-0.5,32,757,0,testB
s3187,XPLUSDT,1780588800000,train,1,7.36,0.536,7.66,6.97,0.79,5.56,3.12,0.0,0.0,0.0,0,1.81,neutral,alcista,0,-0.607,32,759,2,
s3188,PUMPUSDT,1780588800000,train,1,7.1,0.437,7.73,6.69,1.0,5.3,3.13,0.0,0.0,0.0,0,1.81,neutral,neutral,0,-1.0,22,759,0,
s3189,ARBUSDT,1780588800000,train,1,3.53,0.356,4.62,3.52,0.7,1.72,0.77,0.0,0.0,0.0,0,1.81,neutral,neutral,0,-1.0,22,759,0,
s3190,OPUSDT,1780588800000,train,1,8.15,0.551,8.68,7.71,0.77,6.35,2.8,0.0,0.0,0.0,0,1.81,neutral,neutral,0,-0.364,32,759,0,
s3191,TIAUSDT,1780588800000,train,1,4.66,0.409,5.86,4.57,0.63,2.86,1.56,0.0,0.0,0.0,0,1.81,neutral,neutral,0,-1.0,22,759,0,
s3192,JUPUSDT,1780588800000,train,1,3.89,0.37,6.66,3.91,0.54,2.08,0.65,0.0,0.0,0.0,0,1.81,neutral,neutral,0,-0.31,32,759,0,
s3193,ONDOUSDT,1780588800000,train,1,5.28,0.355,6.86,5.25,0.9,3.47,2.61,0.0,0.0,0.0,0,1.81,neutral,alcista,0,-1.0,22,758,2,
s3194,FETUSDT,1780588800000,train,1,4.48,0.368,6.96,5.17,0.9,2.68,1.07,0.0,0.0,0.0,0,1.81,neutral,neutral,0,-1.0,22,758,0,
s3195,ARUSDT,1780588800000,testB,1,4.91,0.438,6.07,5.0,0.83,3.1,2.34,0.0,0.0,0.0,0,1.81,neutral,neutral,0,-1.0,21,758,0,
s3196,MANAUSDT,1780588800000,testB,1,3.77,0.443,5.38,3.9,0.69,1.97,0.79,0.0,0.0,0.0,0,1.81,neutral,neutral,0,-0.586,32,758,0,
s3197,APEUSDT,1780588800000,testB,1,8.26,0.568,8.62,7.7,1.21,6.45,3.3,0.0,0.0,0.0,0,1.81,neutral,neutral,0,-0.541,32,758,0,
s3198,XPLUSDT,1780589700000,train,1,5.52,0.469,8.42,6.83,0.79,4.92,3.22,0.0,0.0,0.0,0,0.6,neutral,alcista,0,-0.55,32,760,3,
s3199,PUMPUSDT,1780589700000,train,1,5.45,0.378,8.16,6.61,1.33,4.85,3.21,0.0,0.0,0.0,0,0.6,neutral,neutral,0,-1.0,21,760,1,
s3200,OPUSDT,1780589700000,train,1,7.08,0.521,7.48,6.7,0.73,6.48,3.28,0.0,0.0,0.0,0,0.6,neutral,neutral,0,-0.312,32,760,1,
s3201,ARUSDT,1780589700000,testB,1,5.18,0.453,6.68,5.7,0.71,4.58,2.74,0.0,0.0,0.0,0,0.6,neutral,neutral,0,-1.0,20,759,1,
s3202,APEUSDT,1780589700000,testB,1,5.16,0.399,6.62,4.91,1.13,4.57,2.32,0.0,0.0,0.0,0,0.6,neutral,neutral,0,-1.0,25,759,0,
s3203,PUMPUSDT,1780590600000,train,1,4.99,0.359,8.13,6.87,1.31,4.64,2.94,0.0,0.0,0.0,0,0.35,neutral,alcista,0,-1.0,20,761,2,
s3204,OPUSDT,1780590600000,train,1,6.04,0.485,7.08,6.56,0.8,5.69,3.45,0.0,0.0,0.0,0,0.35,neutral,alcista,0,-0.526,32,761,2,
s3205,ARUSDT,1780590600000,testB,1,4.62,0.427,7.0,6.23,0.65,4.26,2.55,0.0,0.0,0.0,0,0.35,neutral,alcista,0,-1.0,19,760,2,
s3206,OPUSDT,1780591500000,train,1,4.81,0.398,7.11,6.15,0.82,5.14,2.87,0.0,0.0,0.0,0,-0.33,neutral,neutral,0,-0.732,32,762,0,
s3207,PUMPUSDT,1780592400000,train,1,5.57,0.434,8.14,6.82,0.9,5.54,2.34,0.0,0.0,0.0,0,0.03,neutral,neutral,0,-1.0,18,763,0,
s3208,OPUSDT,1780592400000,train,1,6.2,0.486,7.47,7.04,0.88,6.17,3.23,0.0,0.0,0.0,0,0.03,neutral,neutral,0,-0.805,32,763,1,
s3209,ONDOUSDT,1780592400000,train,1,6.05,0.429,7.51,7.08,1.05,6.02,2.7,0.0,0.0,0.0,0,0.03,neutral,neutral,0,-1.0,18,762,1,
s3210,STXUSDT,1780592400000,testB,1,2.92,0.373,4.09,3.89,0.95,2.9,2.06,0.0,0.0,0.0,0,0.03,neutral,alcista,0,-1.0,18,762,4,
s3211,APEUSDT,1780592400000,testB,1,5.21,0.477,6.14,5.86,1.06,5.19,2.98,0.0,0.0,0.0,0,0.03,neutral,alcista,0,-1.0,19,762,3,
s3212,PUMPUSDT,1780593300000,train,1,4.83,0.351,7.87,4.78,0.68,4.82,0.43,0.0,0.0,0.0,0,0.01,neutral,neutral,0,-1.0,17,764,0,
s3213,OPUSDT,1780593300000,train,1,5.23,0.377,7.24,5.23,0.7,5.22,1.25,0.0,0.0,0.0,0,0.01,neutral,neutral,0,-1.0,31,764,0,
s3214,ONDOUSDT,1780593300000,train,1,5.63,0.387,6.61,5.46,0.92,5.62,1.67,0.0,0.0,0.0,0,0.01,neutral,neutral,0,-1.0,16,763,0,
s3215,APEUSDT,1780593300000,testB,1,5.08,0.457,6.16,5.53,1.0,5.07,2.14,0.0,0.0,0.0,0,0.01,neutral,neutral,0,-1.0,18,763,0,
s3216,XPLUSDT,1780594200000,train,1,6.27,0.424,9.58,6.57,1.55,7.45,2.4,0.0,0.0,0.0,0,-1.18,neutral,neutral,0,-1.0,18,765,0,
s3217,XPLUSDT,1780595100000,train,1,6.02,0.415,9.47,6.46,1.39,7.1,2.34,0.0,0.0,0.0,0,-1.08,neutral,neutral,0,-1.0,17,766,0,
s3218,APEUSDT,1780595100000,testB,1,4.4,0.37,6.18,5.27,1.1,5.48,1.58,0.0,0.0,0.0,0,-1.08,neutral,neutral,0,-1.0,16,765,1,
s3219,PENDLEUSDT,1780596000000,train,-1,-3.15,0.362,3.7,3.39,1.0,-1.29,1.53,0.0,0.0,0.0,0,-1.86,neutral,neutral,0,0.971,32,767,1,
s3220,PENDLEUSDT,1780599600000,train,-1,-2.49,0.377,3.44,2.69,0.72,-1.76,0.76,0.0,0.0,0.0,0,-0.73,neutral,bajista,1,2.0,25,771,3,
s3221,PENDLEUSDT,1780602300000,train,-1,-2.5,0.359,3.17,3.14,0.74,-2.08,1.67,0.0,0.0,0.0,0,-0.41,neutral,bajista,0,0.957,32,774,2,
s3222,PENDLEUSDT,1780603200000,train,-1,-2.62,0.37,3.81,3.58,0.94,-2.37,1.77,0.0,0.0,0.0,0,-0.25,neutral,bajista,0,0.701,32,775,3,
s3223,INJUSDT,1780604100000,train,-1,-4.94,0.4,7.89,7.45,0.77,-4.45,2.43,0.0,0.0,0.0,0,-0.49,neutral,bajista,0,0.14,32,776,2,
s3224,PENDLEUSDT,1780604100000,train,-1,-2.78,0.383,4.27,3.99,0.88,-2.3,1.95,0.0,0.0,0.0,0,-0.49,neutral,bajista,0,0.27,32,776,4,
s3225,INJUSDT,1780605000000,train,-1,-6.71,0.597,7.98,7.96,0.78,-6.34,2.64,0.0,0.0,0.0,0,-0.37,neutral,bajista,0,0.212,32,777,3,
s3226,PENDLEUSDT,1780605000000,train,-1,-3.42,0.509,4.27,4.06,0.95,-3.05,1.81,0.0,0.0,0.0,0,-0.37,neutral,bajista,0,0.506,32,777,5,
s3227,ARUSDT,1780605000000,testB,-1,-4.29,0.361,5.29,4.7,0.6,-3.92,1.43,0.0,0.0,0.0,0,-0.37,neutral,neutral,0,0.802,32,776,0,
s3228,PUMPUSDT,1780605900000,train,-1,-3.71,0.367,4.68,4.09,0.73,-3.82,1.41,0.0,0.0,0.0,0,0.11,neutral,bajista,0,1.029,32,778,2,
s3229,ENAUSDT,1780605900000,train,-1,-5.12,0.365,8.51,7.74,0.47,-5.23,1.99,0.0,0.0,0.0,0,0.11,neutral,bajista,0,1.056,32,778,3,
s3230,INJUSDT,1780605900000,train,-1,-6.26,0.579,7.21,6.88,0.76,-6.37,2.46,0.0,0.0,0.0,0,0.11,neutral,bajista,0,0.233,32,778,4,
s3231,PENDLEUSDT,1780605900000,train,-1,-3.15,0.459,3.96,3.31,0.88,-3.26,1.41,0.0,0.0,0.0,0,0.11,neutral,neutral,0,0.555,32,778,0,
s3232,PUMPUSDT,1780606800000,train,-1,-4.07,0.388,4.54,4.24,0.94,-4.39,2.02,0.0,0.0,0.0,0,0.33,neutral,bajista,0,0.986,32,779,3,
s3233,INJUSDT,1780606800000,train,-1,-5.11,0.459,6.63,5.39,0.89,-5.44,1.57,0.0,0.0,0.0,0,0.33,neutral,neutral,0,0.508,32,779,0,
s3234,ONDOUSDT,1780606800000,train,-1,-3.97,0.392,5.01,4.24,0.54,-4.3,1.17,0.0,0.0,0.0,0,0.33,neutral,bajista,0,0.7,32,778,6,
s3235,GRTUSDT,1780606800000,testB,-1,-2.86,0.36,3.22,2.99,0.59,-3.18,1.28,0.0,0.0,0.0,0,0.33,neutral,bajista,0,1.046,32,778,7,
s3236,PUMPUSDT,1780607700000,train,-1,-4.08,0.385,5.47,5.23,0.94,-4.49,3.42,0.0,0.0,0.0,0,0.41,neutral,bajista,0,0.372,32,780,4,
s3237,INJUSDT,1780607700000,train,-1,-4.94,0.446,5.52,5.33,0.92,-5.36,3.15,0.0,0.0,0.0,0,0.41,neutral,neutral,0,-0.031,32,780,1,
s3238,ONDOUSDT,1780607700000,train,-1,-5.31,0.461,6.31,6.01,0.7,-5.72,3.21,0.0,0.0,0.0,0,0.41,neutral,bajista,0,0.032,32,779,7,
s3239,GRTUSDT,1780607700000,testB,-1,-3.54,0.409,4.23,4.04,0.84,-3.96,2.23,0.0,0.0,0.0,0,0.41,neutral,bajista,0,0.379,32,779,8,
s3240,STBLUSDT,1780608600000,train,-1,-4.7,0.434,8.61,7.08,3.05,-5.43,3.93,0.0,0.0,0.0,0,0.72,neutral,bajista,0,0.33,32,781,3,
s3241,ONDOUSDT,1780608600000,train,-1,-3.78,0.375,7.05,5.39,0.95,-4.5,2.87,0.0,0.0,0.0,0,0.72,neutral,bajista,0,0.397,32,780,8,
s3242,XPLUSDT,1780609500000,train,-1,-4.9,0.415,8.08,7.26,1.15,-4.49,4.7,0.0,0.0,0.0,0,-0.41,neutral,bajista,0,1.226,32,782,4,
s3243,PUMPUSDT,1780609500000,train,-1,-4.71,0.417,7.11,6.98,1.67,-4.3,4.25,0.0,0.0,0.0,0,-0.41,neutral,bajista,0,0.469,32,782,6,
s3244,STBLUSDT,1780609500000,train,-1,-5.55,0.533,8.63,7.37,3.62,-5.13,3.88,0.0,0.0,0.0,0,-0.41,neutral,bajista,0,0.271,32,782,4,
s3245,INJUSDT,1780609500000,train,-1,-5.89,0.461,7.22,7.01,1.75,-5.48,4.32,0.0,0.0,0.0,0,-0.41,neutral,neutral,0,-0.005,32,782,1,
s3246,TIAUSDT,1780609500000,train,-1,-3.73,0.393,6.15,5.9,1.64,-3.32,3.31,0.0,0.0,0.0,0,-0.41,neutral,bajista,0,0.431,32,782,4,
s3247,PENDLEUSDT,1780609500000,train,-1,-3.11,0.455,4.12,3.75,1.01,-2.7,1.88,0.0,0.0,0.0,0,-0.41,neutral,bajista,0,1.127,32,782,3,
s3248,ONDOUSDT,1780609500000,train,-1,-5.92,0.571,6.7,6.37,0.93,-5.51,3.9,0.0,0.0,0.0,0,-0.41,neutral,bajista,0,0.28,32,781,8,
s3249,FETUSDT,1780609500000,train,-1,-4.29,0.369,6.67,6.2,1.26,-3.87,3.73,0.0,0.0,0.0,0,-0.41,neutral,bajista,0,0.301,32,781,3,
s3250,ARUSDT,1780609500000,testB,-1,-5.71,0.377,7.52,7.47,1.75,-5.3,4.38,0.0,0.0,0.0,0,-0.41,neutral,bajista,0,0.284,32,781,4,
s3251,STXUSDT,1780609500000,testB,-1,-3.9,0.395,5.85,5.85,1.54,-3.49,3.46,0.0,0.0,0.0,0,-0.41,neutral,bajista,0,0.802,32,781,4,
s3252,GRTUSDT,1780609500000,testB,-1,-3.21,0.415,5.37,4.48,2.39,-2.8,2.23,0.0,0.0,0.0,0,-0.41,neutral,neutral,0,0.719,32,781,1,
s3253,SANDUSDT,1780609500000,testB,-1,-2.64,0.358,4.51,4.14,2.01,-2.23,2.12,0.0,0.0,0.0,0,-0.41,neutral,bajista,0,0.745,32,781,4,
s3254,APEUSDT,1780609500000,testB,-1,-5.27,0.419,6.6,6.08,1.55,-4.86,3.62,0.0,0.0,0.0,0,-0.41,neutral,bajista,0,0.89,32,781,3,
s3255,PUMPUSDT,1780610400000,train,-1,-3.93,0.371,7.68,7.18,2.1,-4.11,3.79,0.0,0.0,0.0,0,0.19,neutral,bajista,0,0.716,32,783,7,
s3256,PENDLEUSDT,1780610400000,train,-1,-2.29,0.373,4.61,3.71,1.21,-2.48,1.55,0.0,0.0,0.0,0,0.19,neutral,neutral,0,1.863,32,783,0,
s3257,PUMPUSDT,1780611300000,train,-1,-5.53,0.638,7.64,6.65,2.23,-4.66,2.88,0.0,0.0,0.0,0,-0.87,neutral,neutral,0,1.259,32,784,0,
s3258,STBLUSDT,1780611300000,train,-1,-6.81,0.819,8.65,7.57,1.88,-5.94,3.2,0.0,0.0,0.0,0,-0.87,neutral,neutral,0,0.934,32,784,0,
s3259,0GUSDT,1780611300000,train,-1,-2.27,0.43,3.46,3.02,1.51,-1.4,1.24,0.0,0.0,0.0,0,-0.87,neutral,neutral,1,2.0,31,784,0,
s3260,ARBUSDT,1780611300000,train,-1,-2.87,0.542,4.2,3.41,1.41,-2.0,1.13,0.0,0.0,0.0,0,-0.87,neutral,neutral,1,2.0,32,784,0,
s3261,OPUSDT,1780611300000,train,-1,-4.34,0.397,8.43,7.89,1.05,-3.47,2.72,0.0,0.0,0.0,0,-0.87,neutral,neutral,0,0.954,32,784,0,
s3262,INJUSDT,1780611300000,train,-1,-4.97,0.439,7.15,5.87,1.63,-4.1,2.29,0.0,0.0,0.0,0,-0.87,neutral,neutral,0,0.62,32,784,1,
s3263,SUIUSDT,1780611300000,train,-1,-2.72,0.453,4.2,3.34,1.39,-1.85,1.17,0.0,0.0,0.0,0,-0.87,neutral,neutral,1,2.0,32,784,0,
s3264,TIAUSDT,1780611300000,train,-1,-4.24,0.626,6.11,5.36,1.69,-3.37,2.03,0.0,0.0,0.0,0,-0.87,neutral,neutral,0,1.287,32,784,0,
s3265,JUPUSDT,1780611300000,train,-1,-4.26,0.485,7.09,6.53,0.98,-3.39,2.32,0.0,0.0,0.0,0,-0.87,neutral,neutral,0,1.164,32,784,1,
s3266,PENDLEUSDT,1780611300000,train,-1,-3.14,0.604,4.61,3.63,1.22,-2.27,1.28,0.0,0.0,0.0,0,-0.87,neutral,neutral,1,2.0,31,784,0,
s3267,ONDOUSDT,1780611300000,train,-1,-3.79,0.488,5.89,4.37,1.13,-2.92,1.92,0.0,0.0,0.0,0,-0.87,neutral,neutral,0,0.888,32,783,0,
s3268,FETUSDT,1780611300000,train,-1,-4.22,0.455,6.64,5.66,1.39,-3.35,2.18,0.0,0.0,0.0,0,-0.87,neutral,neutral,0,1.164,32,783,0,
s3269,ARUSDT,1780611300000,testB,-1,-4.57,0.362,7.65,6.9,1.85,-3.7,2.93,0.0,0.0,0.0,0,-0.87,neutral,neutral,0,0.924,32,783,0,
s3270,STXUSDT,1780611300000,testB,-1,-3.92,0.481,5.92,5.18,1.98,-3.05,2.01,0.0,0.0,0.0,0,-0.87,neutral,neutral,0,1.485,32,783,0,
s3271,GRTUSDT,1780611300000,testB,-1,-3.59,0.656,5.35,4.19,2.56,-2.72,1.38,0.0,0.0,0.0,0,-0.87,neutral,neutral,1,2.0,32,783,0,
s3272,LDOUSDT,1780611300000,testB,-1,-3.7,0.636,4.91,4.36,1.49,-2.83,1.63,0.0,0.0,0.0,0,-0.87,neutral,neutral,1,2.0,32,783,0,
s3273,SANDUSDT,1780611300000,testB,-1,-2.88,0.537,4.49,3.68,2.11,-2.01,1.24,0.0,0.0,0.0,0,-0.87,neutral,neutral,1,2.0,32,783,0,
s3274,MANAUSDT,1780611300000,testB,-1,-2.95,0.611,4.14,3.45,1.41,-2.08,1.28,0.0,0.0,0.0,0,-0.87,neutral,neutral,1,2.0,32,783,0,
s3275,AXSUSDT,1780611300000,testB,-1,-2.97,0.477,5.53,4.84,1.61,-2.1,1.79,0.0,0.0,0.0,0,-0.87,neutral,neutral,0,1.531,32,783,0,
s3276,APEUSDT,1780611300000,testB,-1,-4.45,0.417,6.29,5.55,2.12,-3.58,2.61,0.0,0.0,0.0,0,-0.87,neutral,neutral,1,2.0,32,783,1,
s3277,STBLUSDT,1780612200000,train,-1,-6.71,0.816,8.24,7.73,1.07,-6.04,3.49,0.0,0.0,0.0,0,-0.67,neutral,neutral,0,0.69,32,785,1,
s3278,0GUSDT,1780612200000,train,-1,-2.95,0.51,3.89,3.66,1.36,-2.29,1.79,0.0,0.0,0.0,0,-0.67,neutral,neutral,1,2.0,31,785,1,
s3279,ARBUSDT,1780612200000,train,-1,-3.09,0.56,4.33,3.64,1.35,-2.42,1.4,0.0,0.0,0.0,0,-0.67,neutral,neutral,1,2.0,31,785,1,
s3280,INJUSDT,1780612200000,train,-1,-5.19,0.449,6.55,5.85,1.48,-4.52,2.65,0.0,0.0,0.0,0,-0.67,neutral,bajista,0,0.355,32,785,2,
s3281,SUIUSDT,1780612200000,train,-1,-3.23,0.496,4.14,3.79,1.24,-2.56,1.65,0.0,0.0,0.0,0,-0.67,neutral,neutral,1,2.0,31,785,1,
s3282,TIAUSDT,1780612200000,train,-1,-4.39,0.633,6.19,5.62,1.08,-3.72,2.14,0.0,0.0,0.0,0,-0.67,neutral,neutral,0,0.769,32,785,1,
s3283,SEIUSDT,1780612200000,train,-1,-2.84,0.382,3.98,3.4,0.84,-2.17,1.07,0.0,0.0,0.0,0,-0.67,neutral,neutral,0,0.915,32,785,1,
s3284,JUPUSDT,1780612200000,train,-1,-4.79,0.527,7.24,7.01,0.86,-4.12,2.63,0.0,0.0,0.0,0,-0.67,neutral,bajista,0,0.758,32,785,2,
s3285,PENDLEUSDT,1780612200000,train,-1,-2.98,0.591,4.61,3.68,1.11,-2.31,1.28,0.0,0.0,0.0,0,-0.67,neutral,neutral,1,2.0,31,785,1,
s3286,ONDOUSDT,1780612200000,train,-1,-3.05,0.411,5.82,4.12,0.89,-2.38,1.69,0.0,0.0,0.0,0,-0.67,neutral,neutral,0,0.599,32,784,0,
s3287,FETUSDT,1780612200000,train,-1,-5.12,0.586,6.7,5.91,0.65,-4.45,2.27,0.0,0.0,0.0,0,-0.67,neutral,neutral,0,0.843,32,784,1,
s3288,STXUSDT,1780612200000,testB,-1,-4.94,0.664,5.93,5.4,1.29,-4.27,2.13,0.0,0.0,0.0,0,-0.67,neutral,neutral,0,1.184,32,784,1,
s3289,GRTUSDT,1780612200000,testB,-1,-3.91,0.674,4.95,4.16,1.42,-3.24,1.64,0.0,0.0,0.0,0,-0.67,neutral,neutral,0,1.18,32,784,1,
s3290,LDOUSDT,1780612200000,testB,-1,-3.6,0.63,5.02,4.44,1.16,-2.94,1.62,0.0,0.0,0.0,0,-0.67,neutral,neutral,0,1.091,32,784,1,
s3291,SANDUSDT,1780612200000,testB,-1,-2.86,0.532,4.48,3.63,1.3,-2.19,1.14,0.0,0.0,0.0,0,-0.67,neutral,neutral,1,2.0,31,784,0,
s3292,MANAUSDT,1780612200000,testB,-1,-2.96,0.611,4.16,3.74,1.29,-2.29,1.46,0.0,0.0,0.0,0,-0.67,neutral,neutral,1,2.0,31,784,1,
s3293,AXSUSDT,1780612200000,testB,-1,-3.54,0.536,5.96,5.36,1.78,-2.88,2.14,0.0,0.0,0.0,0,-0.67,neutral,neutral,0,1.056,32,784,1,
s3294,APEUSDT,1780612200000,testB,-1,-4.9,0.439,6.79,6.49,1.42,-4.23,3.27,0.0,0.0,0.0,0,-0.67,neutral,bajista,0,1.046,32,784,2,
s3295,PUMPUSDT,1780613100000,train,-1,-5.54,0.514,8.95,6.85,2.89,-5.4,2.27,0.0,0.0,0.0,0,-0.14,neutral,neutral,0,1.108,32,786,0,
s3296,STBLUSDT,1780613100000,train,-1,-6.12,0.697,7.93,6.51,1.12,-5.98,2.22,0.0,0.0,0.0,0,-0.14,neutral,neutral,0,1.082,32,786,0,
s3297,0GUSDT,1780613100000,train,-1,-2.5,0.4,3.9,3.08,1.42,-2.36,1.03,0.0,0.0,0.0,0,-0.14,neutral,neutral,1,2.0,30,786,0,
s3298,ENAUSDT,1780613100000,train,-1,-5.13,0.497,7.94,5.66,1.18,-4.99,1.48,0.0,0.0,0.0,0,-0.14,neutral,neutral,1,2.0,30,786,0,
s3299,OPUSDT,1780613100000,train,-1,-5.86,0.611,8.57,7.3,1.05,-5.72,1.63,0.0,0.0,0.0,0,-0.14,neutral,neutral,0,0.901,32,786,0,
s3300,TIAUSDT,1780613100000,train,-1,-3.52,0.452,6.13,4.54,1.19,-3.38,0.88,0.0,0.0,0.0,0,-0.14,neutral,neutral,1,2.0,30,786,0,
s3301,PENDLEUSDT,1780613100000,train,-1,-2.14,0.382,4.11,2.48,1.23,-2.0,0.41,0.0,0.0,0.0,0,-0.14,neutral,neutral,1,2.0,28,786,0,
s3302,FETUSDT,1780613100000,train,-1,-3.59,0.388,6.3,4.46,0.8,-3.45,0.95,0.0,0.0,0.0,0,-0.14,neutral,neutral,1,2.0,30,785,0,
s3303,STXUSDT,1780613100000,testB,-1,-3.7,0.463,5.87,4.42,1.37,-3.56,0.99,0.0,0.0,0.0,0,-0.14,neutral,neutral,1,2.0,30,785,0,
s3304,GRTUSDT,1780613100000,testB,-1,-2.39,0.361,4.85,2.86,1.32,-2.25,0.28,0.0,0.0,0.0,0,-0.14,neutral,neutral,1,2.0,29,785,0,
s3305,LDOUSDT,1780613100000,testB,-1,-2.79,0.427,4.98,3.52,1.26,-2.65,0.53,0.0,0.0,0.0,0,-0.14,neutral,neutral,1,2.0,30,785,0,
s3306,MANAUSDT,1780613100000,testB,-1,-2.02,0.366,4.12,2.88,1.46,-1.88,0.49,0.0,0.0,0.0,0,-0.14,neutral,neutral,1,2.0,30,785,0,
s3307,PUMPUSDT,1780614000000,train,-1,-4.39,0.397,8.88,6.07,2.24,-3.93,1.7,0.0,0.0,0.0,0,-0.46,neutral,neutral,0,1.697,32,787,0,
s3308,0GUSDT,1780614000000,train,-1,-2.11,0.352,3.9,3.02,1.11,-1.65,1.1,0.0,0.0,0.0,0,-0.46,neutral,neutral,1,2.0,28,787,0,
s3309,OPUSDT,1780614000000,train,-1,-5.34,0.529,8.51,6.63,1.0,-4.88,1.24,0.0,0.0,0.0,0,-0.46,neutral,neutral,0,1.365,32,787,0,
s3310,TIAUSDT,1780614000000,train,-1,-3.4,0.431,6.11,4.23,0.76,-2.94,0.82,0.0,0.0,0.0,0,-0.46,neutral,neutral,1,2.0,29,787,0,
s3311,FETUSDT,1780614000000,train,-1,-3.47,0.379,6.32,4.66,0.73,-3.01,1.24,0.0,0.0,0.0,0,-0.46,neutral,neutral,1,2.0,29,786,1,
s3312,STXUSDT,1780614000000,testB,-1,-3.9,0.481,5.88,4.58,1.16,-3.44,1.23,0.0,0.0,0.0,0,-0.46,neutral,neutral,1,2.0,29,786,1,
s3313,LDOUSDT,1780614000000,testB,-1,-2.44,0.365,4.97,3.26,1.08,-1.98,0.56,0.0,0.0,0.0,0,-0.46,neutral,neutral,1,2.0,29,786,0,
s3314,PUMPUSDT,1780614900000,train,-1,-5.01,0.473,8.9,6.2,2.11,-3.98,1.68,0.0,0.0,0.0,0,-1.03,neutral,neutral,0,0.861,32,788,1,
s3315,STBLUSDT,1780614900000,train,-1,-6.55,0.534,9.37,6.97,4.78,-5.51,2.7,0.0,0.0,0.0,0,-1.03,neutral,neutral,0,0.939,32,788,0,
s3316,0GUSDT,1780614900000,train,-1,-3.2,0.541,4.04,3.6,1.13,-2.16,1.5,0.0,0.0,0.0,0,-1.03,neutral,neutral,1,2.0,28,788,1,
s3317,ENAUSDT,1780614900000,train,-1,-4.98,0.443,7.39,5.31,1.14,-3.94,1.65,0.0,0.0,0.0,0,-1.03,neutral,neutral,1,2.0,28,788,1,
s3318,ARBUSDT,1780614900000,train,-1,-2.75,0.397,4.19,2.94,1.19,-1.72,0.83,0.0,0.0,0.0,0,-1.03,neutral,neutral,1,2.0,28,788,1,
s3319,OPUSDT,1780614900000,train,-1,-6.49,0.647,8.57,7.3,0.9,-5.46,1.84,0.0,0.0,0.0,0,-1.03,neutral,neutral,0,0.716,32,788,1,
s3320,SUIUSDT,1780614900000,train,-1,-3.38,0.399,3.93,3.54,2.11,-2.34,1.47,0.0,0.0,0.0,0,-1.03,neutral,neutral,1,2.0,28,788,1,
s3321,TIAUSDT,1780614900000,train,-1,-4.3,0.543,5.9,4.52,0.76,-3.26,1.18,0.0,0.0,0.0,0,-1.03,neutral,neutral,1,2.0,28,788,1,
s3322,SEIUSDT,1780614900000,train,-1,-2.99,0.377,3.92,3.13,0.78,-1.96,0.86,0.0,0.0,0.0,0,-1.03,neutral,neutral,0,1.019,32,788,1,
s3323,JUPUSDT,1780614900000,train,-1,-4.4,0.417,6.93,4.71,2.74,-3.36,0.67,0.0,0.0,0.0,0,-1.03,neutral,neutral,1,2.0,28,788,1,
s3324,ONDOUSDT,1780614900000,train,-1,-3.29,0.391,5.81,3.89,1.13,-2.26,1.04,0.0,0.0,0.0,0,-1.03,neutral,neutral,0,0.882,32,787,1,
s3325,FETUSDT,1780614900000,train,-1,-4.86,0.529,6.13,5.25,0.77,-3.83,1.92,0.0,0.0,0.0,0,-1.03,neutral,bajista,0,0.903,32,787,2,
s3326,STXUSDT,1780614900000,testB,-1,-4.79,0.571,5.66,4.98,1.37,-3.75,1.79,0.0,0.0,0.0,0,-1.03,neutral,bajista,0,1.337,32,787,2,
s3327,GRTUSDT,1780614900000,testB,-1,-2.83,0.453,4.72,2.96,1.17,-1.8,0.64,0.0,0.0,0.0,0,-1.03,neutral,neutral,1,2.0,27,787,1,
s3328,LDOUSDT,1780614900000,testB,-1,-3.52,0.526,4.81,3.68,1.11,-2.48,1.0,0.0,0.0,0.0,0,-1.03,neutral,neutral,1,2.0,28,787,1,
s3329,SANDUSDT,1780614900000,testB,-1,-3.12,0.5,4.3,3.2,1.35,-2.08,0.86,0.0,0.0,0.0,0,-1.03,neutral,bajista,1,2.0,28,787,2,
s3330,MANAUSDT,1780614900000,testB,-1,-3.21,0.545,4.01,3.31,1.51,-2.17,1.08,0.0,0.0,0.0,0,-1.03,neutral,neutral,1,2.0,28,787,1,
s3331,AXSUSDT,1780614900000,testB,-1,-4.16,0.564,5.92,4.74,1.53,-3.13,1.39,0.0,0.0,0.0,0,-1.03,neutral,neutral,0,1.333,32,787,1,
s3332,APEUSDT,1780614900000,testB,-1,-5.2,0.474,6.53,5.49,0.92,-4.17,1.98,0.0,0.0,0.0,0,-1.03,neutral,neutral,1,2.0,28,787,1,
s3333,STBLUSDT,1780615800000,train,-1,-6.47,0.53,8.97,6.87,4.52,-6.44,2.76,0.0,0.0,0.0,0,-0.03,neutral,neutral,0,0.785,32,789,1,
s3334,0GUSDT,1780615800000,train,-1,-2.33,0.398,4.02,3.17,0.95,-2.31,1.01,0.0,0.0,0.0,0,-0.03,neutral,neutral,1,2.0,27,789,0,
s3335,ENAUSDT,1780615800000,train,-1,-4.21,0.4,7.22,5.19,1.82,-4.18,1.5,0.0,0.0,0.0,0,-0.03,neutral,bajista,1,2.0,27,789,2,
s3336,OPUSDT,1780615800000,train,-1,-5.75,0.557,7.98,6.19,0.76,-5.72,1.33,0.0,0.0,0.0,0,-0.03,neutral,neutral,0,0.754,32,789,0,
s3337,TIAUSDT,1780615800000,train,-1,-3.09,0.392,5.18,3.22,0.64,-3.06,0.55,0.0,0.0,0.0,0,-0.03,neutral,neutral,1,2.0,27,789,0,
s3338,FETUSDT,1780615800000,train,-1,-3.61,0.415,5.14,3.89,0.67,-3.59,1.34,0.0,0.0,0.0,0,-0.03,neutral,neutral,1,2.0,27,788,0,
s3339,ARUSDT,1780615800000,testB,-1,-4.62,0.376,7.57,5.1,0.82,-4.59,0.52,0.0,0.0,0.0,0,-0.03,neutral,neutral,1,2.0,27,788,0,
s3340,STXUSDT,1780615800000,testB,-1,-3.72,0.468,4.86,3.86,1.16,-3.7,1.3,0.0,0.0,0.0,0,-0.03,neutral,neutral,1,2.0,27,788,0,
s3341,SANDUSDT,1780615800000,testB,-1,-2.23,0.378,3.64,2.27,1.29,-2.21,0.54,0.0,0.0,0.0,0,-0.03,neutral,neutral,1,2.0,26,788,0,
s3342,MANAUSDT,1780615800000,testB,-1,-2.15,0.364,3.43,2.2,1.49,-2.13,0.47,0.0,0.0,0.0,0,-0.03,neutral,neutral,1,2.0,26,788,0,
s3343,AXSUSDT,1780615800000,testB,-1,-3.5,0.435,5.69,3.82,1.23,-3.48,0.68,0.0,0.0,0.0,0,-0.03,neutral,neutral,1,2.0,27,788,0,
s3344,APEUSDT,1780615800000,testB,-1,-4.03,0.368,5.9,4.28,0.88,-4.01,1.25,0.0,0.0,0.0,0,-0.03,neutral,neutral,1,2.0,27,788,0,
s3345,STBLUSDT,1780616700000,train,-1,-6.14,0.515,8.76,6.93,4.41,-6.54,2.68,0.0,0.0,0.0,0,0.4,neutral,bajista,0,0.742,32,790,2,
s3346,ENAUSDT,1780616700000,train,-1,-3.83,0.358,7.2,4.9,1.7,-4.22,1.04,0.0,0.0,0.0,0,0.4,neutral,neutral,1,2.0,25,790,0,
s3347,OPUSDT,1780616700000,train,-1,-4.52,0.453,7.05,4.82,0.72,-4.92,0.82,0.0,0.0,0.0,0,0.4,neutral,neutral,1,2.0,26,790,0,
s3348,STXUSDT,1780616700000,testB,-1,-3.53,0.455,4.75,3.76,1.01,-3.92,1.18,0.0,0.0,0.0,0,0.4,neutral,neutral,1,2.0,26,789,0,
s3349,AXSUSDT,1780616700000,testB,-1,-3.22,0.395,5.48,3.42,0.77,-3.62,0.44,0.0,0.0,0.0,0,0.4,neutral,neutral,1,2.0,26,789,0,
s3350,STBLUSDT,1780617600000,train,-1,-5.98,0.508,8.19,6.55,1.29,-6.25,2.59,0.0,0.0,0.0,0,0.27,neutral,bajista,0,0.839,32,791,3,
s3351,0GUSDT,1780617600000,train,-1,-2.7,0.426,4.03,3.57,0.83,-2.97,1.23,0.0,0.0,0.0,0,0.27,neutral,neutral,1,2.0,25,791,1,
s3352,ENAUSDT,1780617600000,train,-1,-4.08,0.394,7.19,4.74,1.7,-4.35,0.84,0.0,0.0,0.0,0,0.27,neutral,neutral,1,2.0,24,791,0,
s3353,OPUSDT,1780617600000,train,-1,-4.31,0.439,6.04,4.78,0.72,-4.58,1.7,0.0,0.0,0.0,0,0.27,neutral,neutral,1,2.0,25,791,1,
s3354,ONDOUSDT,1780617600000,train,-1,-3.6,0.384,5.23,4.09,0.98,-3.86,1.59,0.0,0.0,0.0,0,0.27,neutral,bajista,0,0.627,32,790,2,
s3355,FETUSDT,1780617600000,train,-1,-4.13,0.434,5.19,5.01,0.73,-4.39,2.12,0.0,0.0,0.0,0,0.27,neutral,neutral,0,0.944,32,790,1,
s3356,STXUSDT,1780617600000,testB,-1,-4.16,0.494,4.61,4.61,1.48,-4.43,2.42,0.0,0.0,0.0,0,0.27,neutral,neutral,0,1.218,32,790,1,
s3357,AXSUSDT,1780617600000,testB,-1,-3.06,0.381,4.54,3.25,0.73,-3.33,1.23,0.0,0.0,0.0,0,0.27,neutral,neutral,1,2.0,25,790,1,
s3358,STBLUSDT,1780618500000,train,-1,-5.47,0.453,7.93,5.87,0.43,-6.37,1.91,0.0,0.0,0.0,0,0.9,neutral,neutral,0,1.033,32,792,0,
s3359,STBLUSDT,1780619400000,train,-1,-4.46,0.355,7.75,4.93,0.67,-4.69,0.96,0.0,0.0,0.0,0,0.24,neutral,neutral,0,1.516,32,793,0,
s3360,STBLUSDT,1780620300000,train,-1,-5.05,0.384,7.8,5.63,0.68,-4.73,1.4,0.0,0.0,0.0,0,-0.32,neutral,neutral,0,1.262,32,794,1,
s3361,0GUSDT,1780620300000,train,-1,-3.12,0.377,4.04,3.84,0.85,-2.8,1.23,0.0,0.0,0.0,0,-0.32,neutral,bajista,1,2.0,22,794,2,
s3362,STXUSDT,1780620300000,testB,-1,-4.01,0.393,4.76,4.44,1.3,-3.69,1.62,0.0,0.0,0.0,0,-0.32,neutral,bajista,0,1.631,32,793,2,
s3363,STBLUSDT,1780621200000,train,-1,-4.92,0.377,7.12,5.25,0.62,-4.23,1.53,0.0,0.0,0.0,0,-0.69,neutral,bajista,0,0.948,32,795,2,
s3364,0GUSDT,1780621200000,train,-1,-3.6,0.428,4.53,3.79,1.21,-2.91,1.4,0.0,0.0,0.0,0,-0.69,neutral,bajista,1,2.0,21,795,3,
s3365,FETUSDT,1780621200000,train,-1,-5.57,0.413,6.52,5.95,1.19,-4.88,2.83,0.0,0.0,0.0,0,-0.69,neutral,bajista,0,0.512,32,794,3,
s3366,STXUSDT,1780621200000,testB,-1,-3.92,0.387,4.66,4.03,1.07,-3.23,1.57,0.0,0.0,0.0,0,-0.69,neutral,bajista,1,2.0,21,794,3,
s3367,AXSUSDT,1780621200000,testB,-1,-3.66,0.365,4.6,3.9,1.62,-2.97,1.85,0.0,0.0,0.0,0,-0.69,neutral,bajista,1,2.0,21,794,3,
s3368,APEUSDT,1780621200000,testB,-1,-4.48,0.352,5.58,4.69,0.87,-3.79,1.45,0.0,0.0,0.0,0,-0.69,neutral,neutral,1,2.0,21,794,0,
s3369,XPLUSDT,1780622100000,train,-1,-6.74,0.423,9.52,7.47,1.33,-6.51,2.32,0.0,0.0,0.0,0,-0.23,neutral,neutral,0,0.952,32,796,0,
s3370,XPLUSDT,1780623000000,train,-1,-5.92,0.388,8.34,6.65,1.3,-5.84,2.48,0.0,0.0,0.0,0,-0.07,neutral,neutral,0,1.127,32,797,1,
s3371,XPLUSDT,1780627500000,train,-1,-5.57,0.416,7.53,6.9,0.87,-3.82,3.49,0.0,0.0,0.0,0,-1.75,neutral,neutral,0,0.782,32,802,1,
s3372,STBLUSDT,1780627500000,train,-1,-5.06,0.443,6.9,6.21,0.82,-3.3,3.1,0.0,0.0,0.0,0,-1.75,neutral,bajista,0,0.195,32,802,6,
s3373,0GUSDT,1780627500000,train,-1,-4.13,0.41,5.25,4.95,3.28,-2.38,3.16,0.0,0.0,0.0,0,-1.75,neutral,bajista,0,0.693,32,802,4,
s3374,SUIUSDT,1780627500000,train,-1,-3.97,0.383,5.54,5.27,1.29,-2.21,2.64,0.0,0.0,0.0,0,-1.75,neutral,bajista,0,0.603,32,802,6,
s3375,JUPUSDT,1780627500000,train,-1,-4.47,0.399,6.35,5.83,1.82,-2.72,3.01,0.0,0.0,0.0,0,-1.75,neutral,bajista,0,0.703,32,802,5,
s3376,FETUSDT,1780627500000,train,-1,-4.56,0.411,6.22,5.5,1.07,-2.8,2.25,0.0,0.0,0.0,0,-1.75,neutral,bajista,0,0.482,32,801,5,
s3377,STXUSDT,1780627500000,testB,-1,-4.11,0.436,5.09,4.72,1.45,-2.35,2.42,0.0,0.0,0.0,0,-1.75,neutral,bajista,0,1.011,32,801,4,
s3378,SANDUSDT,1780627500000,testB,-1,-3.61,0.441,4.66,4.01,1.24,-1.85,2.17,0.0,0.0,0.0,0,-1.75,neutral,bajista,0,0.345,32,801,5,
s3379,AXSUSDT,1780627500000,testB,-1,-3.63,0.425,4.58,4.17,1.15,-1.87,2.18,0.0,0.0,0.0,0,-1.75,neutral,bajista,0,0.488,32,801,6,
s3380,XPLUSDT,1780628400000,train,-1,-5.46,0.411,7.65,6.9,1.21,-3.52,3.14,0.0,0.0,0.0,0,-1.94,neutral,neutral,0,0.964,32,803,0,
s3381,0GUSDT,1780628400000,train,-1,-4.1,0.406,5.25,4.85,3.68,-2.16,2.79,0.0,0.0,0.0,0,-1.94,neutral,neutral,0,0.894,32,803,0,
s3382,ENAUSDT,1780628400000,train,-1,-5.17,0.393,7.61,7.31,1.56,-3.23,3.64,0.0,0.0,0.0,0,-1.94,neutral,bajista,0,0.662,32,803,5,
s3383,ARBUSDT,1780628400000,train,-1,-3.6,0.381,5.24,4.66,2.12,-1.66,2.5,0.0,0.0,0.0,0,-1.94,neutral,bajista,0,0.575,32,803,5,
s3384,SUIUSDT,1780628400000,train,-1,-5.34,0.518,5.82,5.77,1.52,-3.4,3.08,0.0,0.0,0.0,0,-1.94,neutral,bajista,0,0.54,32,803,7,
s3385,JUPUSDT,1780628400000,train,-1,-5.12,0.454,6.03,5.63,2.67,-3.18,3.08,0.0,0.0,0.0,0,-1.94,neutral,bajista,0,0.784,32,803,6,
s3386,PENDLEUSDT,1780628400000,train,-1,-5.04,0.507,6.67,6.33,1.14,-3.1,2.91,0.0,0.0,0.0,0,-1.94,neutral,bajista,0,0.531,32,803,6,
s3387,FETUSDT,1780628400000,train,-1,-4.66,0.416,5.95,5.51,1.19,-2.72,2.37,0.0,0.0,0.0,0,-1.94,neutral,bajista,0,-1.0,9,802,6,
s3388,STXUSDT,1780628400000,testB,-1,-4.37,0.452,5.23,4.84,2.31,-2.44,2.61,0.0,0.0,0.0,0,-1.94,neutral,bajista,0,1.0,32,802,5,
s3389,LDOUSDT,1780628400000,testB,-1,-3.37,0.365,4.99,4.31,1.06,-1.43,1.89,0.0,0.0,0.0,0,-1.94,neutral,neutral,0,0.704,32,802,0,
s3390,SANDUSDT,1780628400000,testB,-1,-3.4,0.425,4.49,4.07,1.32,-1.46,2.21,0.0,0.0,0.0,0,-1.94,neutral,bajista,0,0.376,32,802,6,
s3391,MANAUSDT,1780628400000,testB,-1,-3.42,0.41,4.11,3.97,1.31,-1.49,2.29,0.0,0.0,0.0,0,-1.94,neutral,bajista,0,0.357,32,802,5,
s3392,AXSUSDT,1780628400000,testB,-1,-4.02,0.461,4.59,4.39,1.48,-2.08,2.27,0.0,0.0,0.0,0,-1.94,neutral,bajista,0,0.488,32,802,7,
s3393,STBLUSDT,1780629300000,train,-1,-3.91,0.433,7.45,5.68,1.42,-2.54,2.32,0.0,0.0,0.0,0,-1.37,neutral,neutral,0,0.376,32,804,0,
s3394,SUIUSDT,1780629300000,train,-1,-3.46,0.366,5.23,4.7,1.42,-2.09,2.28,0.0,0.0,0.0,0,-1.37,neutral,neutral,0,0.58,32,804,0,
s3395,PENDLEUSDT,1780629300000,train,-1,-3.69,0.403,6.66,6.04,1.16,-2.32,2.39,0.0,0.0,0.0,0,-1.37,neutral,neutral,0,0.447,32,804,0,
s3396,XPLUSDT,1780630200000,train,-1,-5.69,0.407,7.66,7.04,1.34,-3.96,2.86,0.0,0.0,0.0,0,-1.73,neutral,neutral,0,1.054,32,805,1,
s3397,STBLUSDT,1780630200000,train,-1,-3.3,0.365,7.43,5.34,1.52,-1.57,1.94,0.0,0.0,0.0,0,-1.73,neutral,neutral,0,0.632,32,805,0,
s3398,0GUSDT,1780630200000,train,-1,-4.16,0.429,5.44,5.07,2.02,-2.43,2.5,0.0,0.0,0.0,0,-1.73,neutral,neutral,0,0.922,32,805,1,
s3399,ENAUSDT,1780630200000,train,-1,-4.8,0.369,8.36,7.97,1.65,-3.06,3.65,0.0,0.0,0.0,0,-1.73,neutral,neutral,0,0.634,32,805,1,
s3400,SUIUSDT,1780630200000,train,-1,-4.45,0.501,5.28,4.98,1.35,-2.72,2.42,0.0,0.0,0.0,0,-1.73,neutral,neutral,0,0.641,32,805,1,
s3401,JUPUSDT,1780630200000,train,-1,-5.06,0.451,6.03,5.57,2.1,-3.33,2.81,0.0,0.0,0.0,0,-1.73,neutral,neutral,0,0.906,32,805,1,
s3402,PENDLEUSDT,1780630200000,train,-1,-4.82,0.53,6.96,6.67,1.0,-3.09,2.79,0.0,0.0,0.0,0,-1.73,neutral,neutral,0,0.426,32,805,1,
s3403,STXUSDT,1780630200000,testB,-1,-3.5,0.374,5.19,4.22,1.8,-1.77,1.76,0.0,0.0,0.0,0,-1.73,neutral,neutral,0,1.359,32,804,0,
s3404,SANDUSDT,1780630200000,testB,-1,-2.89,0.358,4.47,3.63,1.08,-1.16,1.63,0.0,0.0,0.0,0,-1.73,neutral,neutral,0,0.723,32,804,1,
s3405,MANAUSDT,1780630200000,testB,-1,-3.02,0.393,4.11,3.82,1.11,-1.29,1.87,0.0,0.0,0.0,0,-1.73,neutral,neutral,0,0.556,32,804,1,
s3406,AXSUSDT,1780630200000,testB,-1,-3.63,0.468,4.58,4.07,1.31,-1.9,1.74,0.0,0.0,0.0,0,-1.73,neutral,neutral,0,0.675,32,804,1,
s3407,XPLUSDT,1780631100000,train,-1,-6.38,0.45,7.07,6.94,1.01,-4.58,3.03,0.0,0.0,0.0,0,-1.81,neutral,bajista,0,0.964,32,806,2,
s3408,STBLUSDT,1780631100000,train,-1,-3.54,0.381,7.47,5.89,0.81,-1.74,1.86,0.0,0.0,0.0,0,-1.81,neutral,neutral,0,0.397,32,806,1,
s3409,0GUSDT,1780631100000,train,-1,-4.41,0.469,5.43,4.98,1.33,-2.6,2.2,0.0,0.0,0.0,0,-1.81,neutral,neutral,0,0.927,32,806,0,
s3410,ARBUSDT,1780631100000,train,-1,-3.81,0.415,5.24,4.54,1.37,-2.0,2.01,0.0,0.0,0.0,0,-1.81,neutral,bajista,0,1.026,32,806,2,
s3411,SUIUSDT,1780631100000,train,-1,-4.72,0.516,5.49,5.25,1.31,-2.92,2.56,0.0,0.0,0.0,0,-1.81,neutral,bajista,0,0.548,32,806,2,
s3412,JUPUSDT,1780631100000,train,-1,-5.23,0.459,6.04,5.75,0.94,-3.42,2.74,0.0,0.0,0.0,0,-1.81,neutral,bajista,0,0.798,32,806,2,
s3413,STXUSDT,1780631100000,testB,-1,-3.81,0.395,4.67,4.02,1.38,-2.01,1.86,0.0,0.0,0.0,0,-1.81,neutral,neutral,0,1.365,32,805,1,
s3414,GRTUSDT,1780631100000,testB,-1,-3.4,0.385,4.19,3.86,1.31,-1.6,1.82,0.0,0.0,0.0,0,-1.81,neutral,bajista,0,0.988,32,805,2,
s3415,LDOUSDT,1780631100000,testB,-1,-3.36,0.383,4.97,4.0,0.81,-1.55,1.37,0.0,0.0,0.0,0,-1.81,neutral,bajista,0,0.822,32,805,2,
s3416,SANDUSDT,1780631100000,testB,-1,-3.76,0.488,4.45,3.89,0.66,-1.95,1.68,0.0,0.0,0.0,0,-1.81,neutral,bajista,0,0.602,32,805,2,
s3417,MANAUSDT,1780631100000,testB,-1,-3.56,0.464,4.26,4.12,0.94,-1.75,1.98,0.0,0.0,0.0,0,-1.81,neutral,bajista,0,0.414,32,805,2,
s3418,AXSUSDT,1780631100000,testB,-1,-4.11,0.525,4.59,4.39,0.9,-2.3,1.87,0.0,0.0,0.0,0,-1.81,neutral,bajista,0,0.558,32,805,2,
s3419,APEUSDT,1780631100000,testB,-1,-4.82,0.5,5.22,5.14,1.05,-3.01,2.42,0.0,0.0,0.0,0,-1.81,neutral,bajista,0,0.806,32,805,2,
s3420,JUPUSDT,1780632000000,train,-1,-3.79,0.358,7.41,5.27,1.56,-2.53,2.14,0.0,0.0,0.0,0,-1.26,neutral,neutral,0,1.11,32,807,0,
s3421,0GUSDT,1780632900000,train,-1,-3.67,0.425,5.38,3.84,0.8,-2.63,0.87,0.0,0.0,0.0,0,-1.04,neutral,neutral,0,1.609,32,808,0,
s3422,ENAUSDT,1780632900000,train,-1,-6.07,0.473,8.65,7.39,0.94,-5.03,2.28,0.0,0.0,0.0,0,-1.04,neutral,neutral,0,0.612,32,808,1,
s3423,PUMPUSDT,1780633800000,train,-1,-4.41,0.353,6.51,5.56,2.04,-3.35,2.23,0.0,0.0,0.0,0,-1.06,neutral,neutral,0,0.841,32,809,1,
s3424,0GUSDT,1780633800000,train,-1,-3.98,0.443,5.24,4.48,0.7,-2.92,1.54,0.0,0.0,0.0,0,-1.06,neutral,neutral,0,1.257,32,809,1,
s3425,ARBUSDT,1780633800000,train,-1,-3.47,0.356,4.99,3.94,0.81,-2.41,1.43,0.0,0.0,0.0,0,-1.06,neutral,neutral,0,1.441,32,809,1,
s3426,SUIUSDT,1780633800000,train,-1,-3.85,0.385,5.39,4.34,1.62,-2.8,1.73,0.0,0.0,0.0,0,-1.06,neutral,neutral,0,0.792,32,809,1,
s3427,SEIUSDT,1780633800000,train,-1,-2.59,0.358,3.69,2.87,0.8,-1.53,0.78,0.0,0.0,0.0,0,-1.06,neutral,neutral,0,1.707,32,809,1,
s3428,JUPUSDT,1780633800000,train,-1,-4.5,0.429,7.44,5.64,1.76,-3.44,2.22,0.0,0.0,0.0,0,-1.06,neutral,neutral,0,0.918,32,809,1,
s3429,STXUSDT,1780633800000,testB,-1,-3.88,0.394,4.92,4.59,1.03,-2.83,2.08,0.0,0.0,0.0,0,-1.06,neutral,neutral,0,1.143,32,808,1,
s3430,GRTUSDT,1780633800000,testB,-1,-3.27,0.368,4.19,3.91,0.98,-2.21,1.69,0.0,0.0,0.0,0,-1.06,neutral,neutral,0,1.024,32,808,1,
s3431,AXSUSDT,1780633800000,testB,-1,-3.24,0.388,4.77,3.65,0.9,-2.18,1.06,0.0,0.0,0.0,0,-1.06,neutral,neutral,0,1.083,32,808,1,
s3432,0GUSDT,1780637400000,train,-1,-4.17,0.401,5.05,4.9,0.83,-3.29,1.68,0.0,0.0,0.0,0,-0.88,neutral,neutral,0,1.031,32,813,1,
s3433,JUPUSDT,1780637400000,train,-1,-4.65,0.378,7.42,5.45,0.86,-3.77,1.53,0.0,0.0,0.0,0,-0.88,neutral,neutral,0,0.947,32,813,1,
s3434,GRTUSDT,1780637400000,testB,-1,-3.78,0.353,4.5,4.36,0.69,-2.9,1.59,0.0,0.0,0.0,0,-0.88,neutral,neutral,0,0.758,32,812,1,
s3435,0GUSDT,1780638300000,train,-1,-5.35,0.492,5.84,5.71,0.88,-3.69,2.26,0.0,0.0,0.0,0,-1.66,neutral,bajista,0,1.113,32,814,2,
s3436,ARBUSDT,1780638300000,train,-1,-5.05,0.385,5.91,5.44,1.16,-3.39,2.56,0.0,0.0,0.0,0,-1.66,neutral,bajista,0,0.804,32,814,2,
s3437,OPUSDT,1780638300000,train,-1,-4.83,0.37,5.55,5.27,1.61,-3.17,2.28,0.0,0.0,0.0,0,-1.66,neutral,bajista,0,1.125,32,814,2,
s3438,JUPUSDT,1780638300000,train,-1,-5.64,0.425,7.15,6.21,0.98,-3.98,2.32,0.0,0.0,0.0,0,-1.66,neutral,bajista,0,1.085,32,814,2,
s3439,STXUSDT,1780638300000,testB,-1,-5.14,0.408,5.47,5.36,0.79,-3.48,2.53,0.0,0.0,0.0,0,-1.66,neutral,bajista,0,1.144,32,813,2,
s3440,GRTUSDT,1780638300000,testB,-1,-4.65,0.412,5.11,4.97,0.76,-2.98,2.1,0.0,0.0,0.0,0,-1.66,neutral,bajista,0,0.932,32,813,2,
s3441,APEUSDT,1780638300000,testB,-1,-5.97,0.42,6.66,6.35,2.15,-4.31,3.43,0.0,0.0,0.0,0,-1.66,neutral,bajista,0,0.296,32,813,4,
s3442,PUMPUSDT,1780639200000,train,-1,-6.7,0.399,7.9,7.38,1.7,-4.95,4.44,0.0,0.0,0.0,0,-1.75,neutral,bajista,0,0.301,32,815,3,
s3443,0GUSDT,1780639200000,train,-1,-5.2,0.482,5.67,5.6,1.06,-3.45,2.83,0.0,0.0,0.0,0,-1.75,neutral,bajista,0,0.84,32,815,3,
s3444,ARBUSDT,1780639200000,train,-1,-5.76,0.415,6.47,6.35,1.9,-4.01,3.66,0.0,0.0,0.0,0,-1.75,neutral,bajista,0,0.302,32,815,3,
s3445,OPUSDT,1780639200000,train,-1,-5.7,0.406,6.62,6.33,2.17,-3.95,3.83,0.0,0.0,0.0,0,-1.75,neutral,bajista,0,0.394,32,815,3,
s3446,TIAUSDT,1780639200000,train,-1,-5.16,0.377,5.95,5.66,1.84,-3.41,3.46,0.0,0.0,0.0,0,-1.75,neutral,bajista,0,0.633,32,815,3,
s3447,SEIUSDT,1780639200000,train,-1,-3.72,0.396,4.34,4.24,1.44,-1.97,2.26,0.0,0.0,0.0,0,-1.75,neutral,bajista,0,0.925,32,815,3,
s3448,JUPUSDT,1780639200000,train,-1,-5.99,0.437,6.79,6.73,0.85,-4.25,3.64,0.0,0.0,0.0,0,-1.75,neutral,bajista,0,0.496,32,815,3,
s3449,PENDLEUSDT,1780639200000,train,-1,-5.94,0.383,7.9,7.5,1.82,-4.19,4.87,0.0,0.0,0.0,0,-1.75,neutral,bajista,0,0.012,32,815,3,
s3450,STXUSDT,1780639200000,testB,-1,-5.45,0.42,5.99,5.88,1.29,-3.7,3.43,0.0,0.0,0.0,0,-1.75,neutral,bajista,0,0.648,32,814,3,
s3451,GRTUSDT,1780639200000,testB,-1,-6.26,0.486,7.12,6.83,1.57,-4.51,3.57,0.0,0.0,0.0,0,-1.75,neutral,bajista,0,0.295,32,814,3,
s3452,LDOUSDT,1780639200000,testB,-1,-4.43,0.353,5.6,5.6,2.44,-2.68,3.57,0.0,0.0,0.0,0,-1.75,neutral,bajista,0,0.193,32,814,3,
s3453,SANDUSDT,1780639200000,testB,-1,-4.51,0.362,5.06,4.93,2.25,-2.76,3.0,0.0,0.0,0.0,0,-1.75,neutral,bajista,0,0.321,32,814,3,
s3454,AXSUSDT,1780639200000,testB,-1,-4.29,0.355,4.9,4.69,2.51,-2.54,2.95,0.0,0.0,0.0,0,-1.75,neutral,bajista,0,0.489,32,814,3,
s3455,APEUSDT,1780639200000,testB,-1,-6.75,0.448,8.04,7.72,3.26,-5.0,4.5,0.0,0.0,0.0,0,-1.75,neutral,bajista,0,0.031,32,814,5,
s3456,0GUSDT,1780640100000,train,-1,-5.65,0.499,7.88,6.77,2.31,-4.0,4.52,0.0,0.0,0.0,0,-1.64,neutral,bajista,0,0.374,32,816,4,
s3457,SUIUSDT,1780640100000,train,-1,-6.45,0.43,9.36,7.42,2.64,-4.8,4.9,0.0,0.0,0.0,0,-1.64,neutral,bajista,0,-0.108,32,816,4,
s3458,SEIUSDT,1780640100000,train,-1,-3.74,0.395,5.68,4.57,2.63,-2.1,3.03,0.0,0.0,0.0,0,-1.64,neutral,bajista,0,0.727,32,816,4,
s3459,STXUSDT,1780640100000,testB,-1,-5.77,0.432,8.11,6.41,2.4,-4.13,4.38,0.0,0.0,0.0,0,-1.64,neutral,bajista,0,0.389,32,815,4,
s3460,GRTUSDT,1780640100000,testB,-1,-6.51,0.493,9.7,7.36,3.12,-4.87,4.38,0.0,0.0,0.0,0,-1.64,neutral,bajista,0,0.122,32,815,4,
s3461,LDOUSDT,1780640100000,testB,-1,-5.86,0.418,9.73,7.76,4.73,-4.22,5.05,0.0,0.0,0.0,0,-1.64,neutral,bajista,0,-0.132,32,815,4,
s3462,SANDUSDT,1780640100000,testB,-1,-5.68,0.415,8.81,6.85,4.48,-4.04,4.77,0.0,0.0,0.0,0,-1.64,neutral,bajista,0,-0.104,32,815,4,
s3463,MANAUSDT,1780640100000,testB,-1,-5.42,0.402,8.38,6.32,4.14,-3.78,4.23,0.0,0.0,0.0,0,-1.64,neutral,bajista,0,-0.07,32,815,4,
s3464,AXSUSDT,1780640100000,testB,-1,-5.64,0.418,8.75,6.94,5,-4.0,4.69,0.0,0.0,0.0,0,-1.64,neutral,bajista,0,0.046,32,815,4,
s3465,0GUSDT,1780641000000,train,-1,-4.49,0.366,7.17,4.98,2.39,-3.55,3.19,0.0,0.0,0.0,0,-0.94,neutral,neutral,0,0.686,32,817,0,
s3466,0GUSDT,1780642800000,train,-1,-5.67,0.424,7.94,7.78,2.63,-4.27,4.52,0.0,0.0,0.0,0,-1.4,neutral,bajista,0,0.264,32,819,2,
s3467,GRTUSDT,1780642800000,testB,-1,-5.37,0.37,8.59,7.23,2.33,-3.97,4.19,0.0,0.0,0.0,0,-1.4,neutral,bajista,0,0.16,32,818,2,
s3468,INJUSDT,1780647300000,train,-1,-6.09,0.385,7.86,6.54,0.86,-5.41,2.43,0.0,0.0,0.0,0,-0.68,neutral,bajista,0,0.319,32,824,3,
s3469,INJUSDT,1780648200000,train,-1,-6.29,0.39,8.31,7.91,1.08,-5.51,3.32,0.0,0.0,0.0,0,-0.78,neutral,bajista,0,0.038,32,825,4,
s3470,0GUSDT,1780649100000,train,-1,-5.98,0.424,7.86,6.72,0.35,-4.16,2.13,0.0,0.0,0.0,0,-1.82,neutral,bajista,0,0.261,32,826,2,
s3471,SEIUSDT,1780649100000,train,-1,-4.73,0.359,5.84,5.25,0.57,-2.91,1.94,0.0,0.0,0.0,0,-1.82,neutral,bajista,0,0.714,32,826,5,
s3472,STXUSDT,1780649100000,testB,-1,-5.9,0.385,7.7,6.56,0.39,-4.08,2.43,0.0,0.0,0.0,0,-1.82,neutral,bajista,0,-0.078,32,825,4,
s3473,SANDUSDT,1780657200000,testB,1,3.86,0.405,4.72,3.7,0.43,2.51,0.49,0.0,0.0,0.0,0,1.35,neutral,neutral,0,-1.0,12,834,0,
s3474,AXSUSDT,1780657200000,testB,1,4.01,0.352,5.32,3.75,0.49,2.67,0.23,0.0,0.0,0.0,0,1.35,neutral,neutral,0,-1.0,12,834,0,
s3475,INJUSDT,1780658100000,train,-1,-4.61,0.407,6.4,6.03,1.21,-4.96,2.81,0.0,0.0,0.0,0,0.36,neutral,bajista,0,-1.0,8,836,6,
s3476,ARUSDT,1780658100000,testB,-1,-6.11,0.48,8.8,7.73,1.5,-6.46,3.31,0.0,0.0,0.0,0,0.36,neutral,neutral,0,0.652,32,835,0,
s3477,OPUSDT,1780659000000,train,-1,-3.48,0.352,4.58,4.39,0.85,-2.27,1.93,0.0,0.0,0.0,0,-1.21,neutral,neutral,1,2.0,28,837,1,
s3478,INJUSDT,1780659000000,train,-1,-6.18,0.576,6.6,6.58,1.08,-4.96,3.03,0.0,0.0,0.0,0,-1.21,neutral,bajista,0,-1.0,7,837,7,
s3479,SEIUSDT,1780659000000,train,-1,-3.34,0.389,4.13,3.8,0.83,-2.12,1.24,0.0,0.0,0.0,0,-1.21,neutral,neutral,1,2.0,30,837,1,
s3480,ONDOUSDT,1780659000000,train,-1,-4.01,0.415,4.83,4.35,0.81,-2.79,1.29,0.0,0.0,0.0,0,-1.21,neutral,neutral,0,1.395,32,836,1,
s3481,OPUSDT,1780659900000,train,-1,-3.84,0.406,4.58,4.39,0.92,-2.03,1.48,0.0,0.0,0.0,0,-1.82,neutral,neutral,1,2.0,27,838,0,
s3482,INJUSDT,1780659900000,train,-1,-4.69,0.437,5.82,5.03,1.04,-2.88,1.75,0.0,0.0,0.0,0,-1.82,neutral,neutral,0,-1.0,6,838,0,
s3483,SEIUSDT,1780659900000,train,-1,-3.2,0.368,3.82,3.33,0.91,-1.38,0.76,0.0,0.0,0.0,0,-1.82,neutral,neutral,1,2.0,28,838,0,
s3484,ONDOUSDT,1780659900000,train,-1,-3.9,0.401,4.66,4.08,0.76,-2.08,0.77,0.0,0.0,0.0,0,-1.82,neutral,neutral,1,2.0,30,837,0,
s3485,STXUSDT,1780659900000,testB,-1,-3.22,0.372,3.56,3.33,0.81,-1.41,0.87,0.0,0.0,0.0,0,-1.82,neutral,neutral,0,-1.0,23,837,0,
s3486,ARUSDT,1780661700000,testB,-1,-7.01,0.526,9.03,7.93,1.57,-6.07,3.82,0.0,0.0,0.0,0,-0.94,neutral,neutral,0,0.082,32,839,0,
s3487,ARUSDT,1780662600000,testB,-1,-5.32,0.433,9.0,7.61,1.07,-4.43,3.15,0.0,0.0,0.0,0,-0.89,neutral,neutral,0,0.039,32,840,0,
s3488,ARUSDT,1780663500000,testB,-1,-5.09,0.412,8.99,7.45,0.94,-4.31,2.49,0.0,0.0,0.0,0,-0.79,neutral,neutral,0,0.067,32,841,0,
s3489,OPUSDT,1780664400000,train,-1,-3.47,0.627,6.02,3.98,1.18,-1.71,0.73,0.0,0.0,0.0,0,-1.75,neutral,neutral,1,2.0,21,843,0,
s3490,ARUSDT,1780664400000,testB,-1,-5.52,0.474,8.89,6.19,0.77,-3.77,1.27,0.0,0.0,0.0,0,-1.75,neutral,neutral,0,0.214,32,842,0,
s3491,GRTUSDT,1780664400000,testB,-1,-2.46,0.415,4.2,2.91,1.02,-0.7,0.4,0.0,0.0,0.0,0,-1.75,neutral,neutral,0,-0.102,32,842,0,
s3492,LDOUSDT,1780664400000,testB,-1,-2.61,0.369,4.43,3.07,1.32,-0.86,0.57,0.0,0.0,0.0,0,-1.75,neutral,neutral,0,-1.0,16,842,0,
s3493,XPLUSDT,1780665300000,train,-1,-4.54,0.432,7.34,5.3,0.92,-2.95,0.93,0.0,0.0,0.0,0,-1.59,neutral,neutral,1,2.0,11,844,1,
s3494,OPUSDT,1780665300000,train,-1,-2.99,0.5,5.98,3.28,1.28,-1.4,-0.09,0.0,0.0,0.0,0,-1.59,neutral,neutral,1,2.0,11,844,0,
s3495,XPLUSDT,1780666200000,train,-1,-4.18,0.41,7.37,5.73,0.79,-2.63,1.19,0.0,0.0,0.0,0,-1.55,neutral,bajista,1,2.0,19,845,2,
s3496,OPUSDT,1780666200000,train,-1,-2.91,0.492,5.99,3.48,0.85,-1.36,0.18,0.0,0.0,0.0,0,-1.55,neutral,neutral,1,2.0,10,845,1,
s3497,PUMPUSDT,1780667100000,train,-1,-4.93,0.472,5.86,5.46,2.3,-1.54,2.64,0.0,0.0,0.0,0,-3.39,bear,neutral,0,0.346,32,846,1,train
s3498,0GUSDT,1780667100000,train,-1,-4.9,0.547,5.51,5.41,1.65,-1.51,3.01,0.0,0.0,0.0,0,-3.39,bear,bajista,0,-0.436,32,846,2,train
s3499,ARBUSDT,1780667100000,train,-1,-4.37,0.389,5.69,4.94,2.32,-0.98,2.41,0.0,0.0,0.0,0,-3.39,bear,bajista,0,-0.2,32,846,2,train
s3500,OPUSDT,1780667100000,train,-1,-6.19,0.673,6.8,6.7,1.44,-2.8,3.48,0.0,0.0,0.0,0,-3.39,bear,bajista,0,0.104,32,846,2,train
s3501,TIAUSDT,1780667100000,train,-1,-5.84,0.594,6.53,6.37,1.37,-2.44,3.3,0.0,0.0,0.0,0,-3.39,bear,bajista,0,-0.188,32,846,2,train
s3502,SEIUSDT,1780667100000,train,-1,-4.47,0.529,5.44,5.4,1.66,-1.08,3.32,0.0,0.0,0.0,0,-3.39,bear,neutral,0,-0.27,32,846,1,train
s3503,JUPUSDT,1780667100000,train,-1,-4.73,0.409,5.66,5.47,2.15,-1.34,3.0,0.0,0.0,0.0,0,-3.39,bear,bajista,0,-0.276,32,846,2,train
s3504,PENDLEUSDT,1780667100000,train,-1,-3.85,0.372,4.78,4.74,1.05,-0.46,2.7,0.0,0.0,0.0,0,-3.39,bear,bajista,0,-1.0,31,846,2,train
s3505,ARUSDT,1780667100000,testB,-1,-6.13,0.476,8.48,7.33,0.96,-2.74,2.47,0.0,0.0,0.0,0,-3.39,bear,bajista,0,0.095,32,845,2,testB
s3506,STXUSDT,1780667100000,testB,-1,-4.71,0.609,5.24,5.24,2.16,-1.32,2.81,0.0,0.0,0.0,0,-3.39,bear,bajista,0,-1.0,13,845,2,testB
s3507,GRTUSDT,1780667100000,testB,-1,-4.68,0.595,5.36,5.26,1.18,-1.28,2.65,0.0,0.0,0.0,0,-3.39,bear,bajista,0,-0.51,32,845,2,
s3508,LDOUSDT,1780667100000,testB,-1,-4.51,0.486,5.08,5.04,1.84,-1.12,2.63,0.0,0.0,0.0,0,-3.39,bear,bajista,0,-1.0,10,845,2,
s3509,SANDUSDT,1780667100000,testB,-1,-3.78,0.525,4.17,4.17,1.57,-0.38,2.42,0.0,0.0,0.0,0,-3.39,bear,bajista,0,-0.217,32,845,2,
s3510,MANAUSDT,1780667100000,testB,-1,-3.42,0.48,4.14,3.99,1.46,-0.03,2.13,0.0,0.0,0.0,0,-3.39,bear,bajista,0,-0.519,32,845,2,
s3511,AXSUSDT,1780667100000,testB,-1,-4.63,0.57,5.07,5.07,1.7,-1.24,2.87,0.0,0.0,0.0,0,-3.39,bear,bajista,0,-0.426,32,845,2,
s3512,0GUSDT,1780668000000,train,-1,-3.33,0.358,5.59,3.96,2.06,-0.32,1.88,0.0,0.0,0.0,0,-3.01,bear,neutral,0,-0.082,32,847,0,train
s3513,OPUSDT,1780668000000,train,-1,-3.69,0.371,6.49,4.03,2.04,-0.68,1.69,0.0,0.0,0.0,0,-3.01,bear,neutral,1,2.0,19,847,0,train
s3514,GRTUSDT,1780668000000,testB,-1,-3.44,0.41,5.26,3.51,1.75,-0.43,1.6,0.0,0.0,0.0,0,-3.01,bear,neutral,0,-0.271,32,846,0,
s3515,GRTUSDT,1780668900000,testB,-1,-2.88,0.366,4.92,3.26,1.74,0.62,1.45,0.0,0.0,0.0,0,-3.5,bear,neutral,0,-0.077,32,847,1,
s3516,XPLUSDT,1780669800000,train,-1,-4.87,0.407,7.88,4.98,2.08,-1.94,2.03,0.0,0.0,0.0,0,-2.93,bear,neutral,1,2.0,15,849,1,train
s3517,0GUSDT,1780669800000,train,-1,-3.35,0.389,5.35,3.5,1.6,-0.42,1.35,0.0,0.0,0.0,0,-2.93,bear,neutral,0,0.009,32,849,0,
s3518,AXSUSDT,1780669800000,testB,-1,-3.11,0.366,5.34,3.21,2.73,-0.18,1.47,0.0,0.0,0.0,0,-2.93,bear,neutral,0,-0.067,32,848,0,
s3519,XPLUSDT,1780670700000,train,-1,-5.44,0.432,7.43,5.89,1.92,-2.75,2.86,0.0,0.0,0.0,0,-2.68,bear,bajista,1,2.0,16,850,2,train
s3520,0GUSDT,1780670700000,train,-1,-3.08,0.368,5.35,3.53,1.28,-0.4,1.17,0.0,0.0,0.0,0,-2.68,bear,neutral,0,-0.009,32,850,1,
s3521,AXSUSDT,1780670700000,testB,-1,-3.22,0.373,5.36,3.65,2.13,-0.54,1.63,0.0,0.0,0.0,0,-2.68,bear,neutral,0,-0.118,32,849,1,
s3522,PUMPUSDT,1780671600000,train,-1,-4.22,0.376,6.88,6.47,1.08,-1.47,3.54,0.0,0.0,0.0,0,-2.75,bear,bajista,0,0.33,32,851,2,train
s3523,0GUSDT,1780671600000,train,-1,-3.42,0.391,5.42,4.79,0.89,-0.67,2.09,0.0,0.0,0.0,0,-2.75,bear,bajista,0,-0.014,32,851,2,train
s3524,STXUSDT,1780671600000,testB,-1,-3.09,0.351,4.6,4.07,0.89,-0.34,2.21,0.0,0.0,0.0,0,-2.75,bear,bajista,0,-1.0,7,850,2,
s3525,MANAUSDT,1780671600000,testB,-1,-3.17,0.367,4.31,4.01,1.36,-0.42,2.14,0.0,0.0,0.0,0,-2.75,bear,bajista,0,-0.296,32,850,2,
s3526,AXSUSDT,1780671600000,testB,-1,-3.75,0.409,5.42,4.66,1.37,-1.0,2.3,0.0,0.0,0.0,0,-2.75,bear,bajista,0,-0.116,32,850,2,
s3527,PUMPUSDT,1780672500000,train,-1,-4.67,0.415,7.25,6.76,1.06,-1.98,3.51,0.0,0.0,0.0,0,-2.7,bear,bajista,0,0.367,32,852,3,train
s3528,0GUSDT,1780672500000,train,-1,-4.19,0.518,5.06,4.53,1.04,-1.49,2.06,0.0,0.0,0.0,0,-2.7,bear,bajista,0,0.181,32,852,3,train
s3529,TIAUSDT,1780672500000,train,-1,-4.25,0.351,5.13,4.77,1.16,-1.55,2.65,0.0,0.0,0.0,0,-2.7,bear,bajista,0,0.028,32,852,3,train
s3530,SEIUSDT,1780672500000,train,-1,-4.18,0.393,5.87,5.15,0.97,-1.49,2.62,0.0,0.0,0.0,0,-2.7,bear,neutral,0,0.189,32,852,0,
s3531,JUPUSDT,1780672500000,train,-1,-4.93,0.38,5.44,5.25,1.0,-2.24,2.82,0.0,0.0,0.0,0,-2.7,bear,bajista,0,0.181,32,852,3,train
s3532,STXUSDT,1780672500000,testB,-1,-3.87,0.453,5.33,4.38,1.39,-1.17,2.25,0.0,0.0,0.0,0,-2.7,bear,bajista,0,-1.0,6,851,3,
s3533,GRTUSDT,1780672500000,testB,-1,-3.14,0.39,4.41,3.7,0.97,-0.45,1.8,0.0,0.0,0.0,0,-2.7,bear,neutral,0,-1.0,25,851,0,
s3534,MANAUSDT,1780672500000,testB,-1,-3.44,0.414,4.31,3.86,1.37,-0.75,1.96,0.0,0.0,0.0,0,-2.7,bear,neutral,0,-0.077,32,851,0,
s3535,AXSUSDT,1780672500000,testB,-1,-4.36,0.488,5.21,4.67,1.56,-1.67,2.32,0.0,0.0,0.0,0,-2.7,bear,bajista,0,-0.023,32,851,3,
s3536,0GUSDT,1780673400000,train,-1,-3.03,0.434,4.5,3.81,2.01,-0.22,1.88,0.0,0.0,0.0,0,-2.81,bear,neutral,0,0.345,32,853,0,
s3537,SEIUSDT,1780673400000,train,-1,-4.41,0.404,6.54,6.05,0.89,-1.61,3.03,0.0,0.0,0.0,0,-2.81,bear,neutral,0,0.095,32,853,1,
s3538,STXUSDT,1780673400000,testB,-1,-3.27,0.41,5.34,4.63,1.37,-0.47,2.22,0.0,0.0,0.0,0,-2.81,bear,bajista,0,-1.0,5,852,4,
s3539,GRTUSDT,1780673400000,testB,-1,-2.87,0.367,4.94,4.13,1.16,-0.06,1.91,0.0,0.0,0.0,0,-2.81,bear,neutral,0,-1.0,24,852,1,
s3540,MANAUSDT,1780673400000,testB,-1,-2.75,0.358,4.91,4.02,1.46,0.06,1.87,0.0,0.0,0.0,0,-2.81,bear,neutral,0,-0.074,32,852,0,
s3541,AXSUSDT,1780673400000,testB,-1,-3.77,0.45,5.54,4.67,1.34,-0.96,2.16,0.0,0.0,0.0,0,-2.81,bear,bajista,0,-0.047,32,852,4,
s3542,0GUSDT,1780674300000,train,-1,-3.21,0.47,5.26,3.85,5,-0.75,1.62,0.0,0.0,0.0,0,-2.47,bear,neutral,0,0.043,32,854,1,
s3543,TIAUSDT,1780674300000,train,-1,-4.14,0.372,6.4,5.29,1.38,-1.67,2.44,0.0,0.0,0.0,0,-2.47,bear,bajista,0,-0.158,32,854,5,train
s3544,SEIUSDT,1780674300000,train,-1,-4.16,0.374,6.82,5.64,1.08,-1.7,2.31,0.0,0.0,0.0,0,-2.47,bear,neutral,0,-0.019,32,854,0,
s3545,JUPUSDT,1780674300000,train,-1,-4.26,0.354,6.87,5.47,1.51,-1.79,2.6,0.0,0.0,0.0,0,-2.47,bear,neutral,0,-0.0,32,854,1,
s3546,STXUSDT,1780674300000,testB,-1,-3.16,0.396,6.35,4.57,2.06,-0.69,1.89,0.0,0.0,0.0,0,-2.47,bear,neutral,0,-1.0,4,853,0,
s3547,MANAUSDT,1780674300000,testB,-1,-2.89,0.385,5.06,4.02,1.63,-0.42,1.62,0.0,0.0,0.0,0,-2.47,bear,neutral,0,-0.259,32,853,1,
s3548,AXSUSDT,1780674300000,testB,-1,-3.77,0.45,5.87,4.67,1.51,-1.3,1.9,0.0,0.0,0.0,0,-2.47,bear,neutral,0,-0.256,32,853,0,
s3549,0GUSDT,1780675200000,train,-1,-3.35,0.479,6.44,4.36,5,-1.34,2.0,0.0,0.0,0.0,0,-2.02,bear,bajista,0,-0.235,32,855,2,train
s3550,SEIUSDT,1780675200000,train,-1,-4.26,0.386,8.09,5.6,1.37,-2.24,2.15,0.0,0.0,0.0,0,-2.02,bear,neutral,0,-0.194,32,855,0,
s3551,AXSUSDT,1780675200000,testB,-1,-2.95,0.378,7.17,4.56,1.91,-0.93,1.68,0.0,0.0,0.0,0,-2.02,bear,neutral,0,-0.381,32,854,0,
s3552,0GUSDT,1780676100000,train,-1,-2.88,0.409,6.43,4.09,5,-0.8,1.41,0.0,0.0,0.0,0,-2.08,bear,neutral,0,-0.129,32,856,0,
s3553,OPUSDT,1780676100000,train,-1,-4.5,0.359,9.22,7.07,2.33,-2.42,3.25,0.0,0.0,0.0,0,-2.08,bear,bajista,0,-0.116,32,856,7,train
s3554,SEIUSDT,1780676100000,train,-1,-3.86,0.352,8.08,5.42,1.49,-1.78,1.71,0.0,0.0,0.0,0,-2.08,bear,neutral,0,-0.2,32,856,0,
s3555,FETUSDT,1780676100000,train,-1,-4.63,0.365,8.61,5.89,2.31,-2.55,2.41,0.0,0.0,0.0,0,-2.08,bear,neutral,0,-0.867,32,855,1,
s3556,0GUSDT,1780677000000,train,-1,-2.89,0.409,6.44,4.29,4.81,-1.04,1.47,0.0,0.0,0.0,0,-1.84,neutral,neutral,0,-0.269,32,857,1,
s3557,OPUSDT,1780677000000,train,-1,-4.89,0.379,9.26,7.51,2.03,-3.05,3.31,0.0,0.0,0.0,0,-1.84,neutral,bajista,0,-0.247,32,857,8,
s3558,FETUSDT,1780677000000,train,-1,-4.8,0.372,8.66,6.51,1.86,-2.95,2.73,0.0,0.0,0.0,0,-1.84,neutral,bajista,0,-1.0,32,856,2,
s3559,OPUSDT,1780679700000,train,-1,-5.98,0.378,9.23,7.18,0.61,-3.7,2.44,0.0,0.0,0.0,0,-2.28,bear,bajista,0,-0.129,32,860,2,train
s3560,STXUSDT,1780681500000,testB,1,5.36,0.492,8.78,7.43,1.42,5.22,2.83,0.0,0.0,0.0,0,0.14,neutral,neutral,0,-0.12,32,861,1,
s3561,OPUSDT,1780682400000,train,-1,-4.42,0.366,8.44,6.69,0.36,-4.03,2.35,0.0,0.0,0.0,0,-0.4,neutral,bajista,0,-0.092,32,863,2,
s3562,STXUSDT,1780682400000,testB,1,3.55,0.353,8.82,6.97,2.08,3.94,2.06,0.0,0.0,0.0,0,-0.4,neutral,neutral,0,-0.105,32,862,0,
s3563,FETUSDT,1780683300000,train,-1,-5.49,0.41,8.45,6.97,0.35,-5.11,2.68,0.0,0.0,0.0,0,-0.38,neutral,bajista,0,-1.0,24,863,2,
s3564,STBLUSDT,1780684200000,train,-1,-3.7,0.379,5.23,4.58,0.41,-2.24,1.89,0.0,0.0,0.0,0,-1.46,neutral,bajista,0,0.226,32,865,2,
s3565,SEIUSDT,1780684200000,train,-1,-3.69,0.414,6.07,4.65,0.49,-2.23,1.61,0.0,0.0,0.0,0,-1.46,neutral,bajista,0,-0.454,32,865,4,
s3566,JUPUSDT,1780684200000,train,-1,-4.48,0.378,6.42,5.26,0.52,-3.02,1.92,0.0,0.0,0.0,0,-1.46,neutral,bajista,0,-0.012,32,865,3,
s3567,ONDOUSDT,1780684200000,train,-1,-5.15,0.363,7.76,6.01,0.43,-3.69,2.34,0.0,0.0,0.0,0,-1.46,neutral,bajista,0,-1.0,16,864,3,
s3568,FETUSDT,1780684200000,train,-1,-5.89,0.428,7.96,6.95,0.41,-4.43,2.5,0.0,0.0,0.0,0,-1.46,neutral,bajista,0,-1.0,10,864,3,
s3569,APEUSDT,1780684200000,testB,-1,-4.57,0.403,7.1,5.95,0.61,-3.11,2.01,0.0,0.0,0.0,0,-1.46,neutral,bajista,0,-1.0,12,864,3,
s3570,STBLUSDT,1780685100000,train,-1,-5.39,0.469,7.24,6.71,0.79,-2.97,3.74,0.0,0.0,0.0,0,-2.42,bear,bajista,0,-0.086,32,866,3,train
s3571,0GUSDT,1780685100000,train,-1,-3.99,0.441,4.73,4.56,0.27,-1.57,2.76,0.0,0.0,0.0,0,-2.42,bear,bajista,0,-1.0,10,866,3,train
s3572,ARBUSDT,1780685100000,train,-1,-4.85,0.426,5.99,5.36,1.11,-2.44,3.23,0.0,0.0,0.0,0,-2.42,bear,neutral,0,-0.286,32,866,1,
s3573,TIAUSDT,1780685100000,train,-1,-5.64,0.409,7.18,6.59,0.94,-3.22,3.8,0.0,0.0,0.0,0,-2.42,bear,bajista,0,-0.461,32,866,5,train
s3574,SEIUSDT,1780685100000,train,-1,-4.94,0.485,5.6,5.31,0.76,-2.53,3.4,0.0,0.0,0.0,0,-2.42,bear,bajista,0,-1.0,9,866,5,train
s3575,JUPUSDT,1780685100000,train,-1,-5.44,0.423,6.87,6.15,0.72,-3.02,3.65,0.0,0.0,0.0,0,-2.42,bear,bajista,0,-1.0,11,866,4,train
s3576,ONDOUSDT,1780685100000,train,-1,-6.06,0.399,6.97,6.82,0.56,-3.64,3.79,0.0,0.0,0.0,0,-2.42,bear,bajista,0,-1.0,15,865,4,train
s3577,FETUSDT,1780685100000,train,-1,-5.73,0.417,7.21,6.62,0.61,-3.32,3.79,0.0,0.0,0.0,0,-2.42,bear,bajista,0,-1.0,8,865,4,train
s3578,SANDUSDT,1780685100000,testB,-1,-5.21,0.488,7.13,5.89,0.63,-2.79,3.43,0.0,0.0,0.0,0,-2.42,bear,bajista,0,-0.313,32,865,5,
s3579,AXSUSDT,1780685100000,testB,-1,-3.54,0.355,6.34,5.9,0.79,-1.12,3.13,0.0,0.0,0.0,0,-2.42,bear,bajista,0,-1.0,11,865,5,
s3580,APEUSDT,1780685100000,testB,-1,-6.04,0.469,7.53,7.36,0.81,-3.62,3.98,0.0,0.0,0.0,0,-2.42,bear,bajista,0,-1.0,9,865,4,
s3581,STBLUSDT,1780686000000,train,-1,-4.93,0.445,7.72,7.28,1.98,-2.91,3.84,0.0,0.0,0.0,0,-2.02,bear,bajista,0,-0.146,32,867,4,train
s3582,0GUSDT,1780686000000,train,-1,-3.74,0.422,6.14,5.56,0.4,-1.72,3.35,0.0,0.0,0.0,0,-2.02,bear,bajista,0,-1.0,9,867,4,train
s3583,ARBUSDT,1780686000000,train,-1,-4.42,0.4,6.56,6.17,1.09,-2.4,3.62,0.0,0.0,0.0,0,-2.02,bear,bajista,0,-0.292,32,867,2,train
s3584,SEIUSDT,1780686000000,train,-1,-4.11,0.435,6.3,5.95,0.97,-2.09,3.7,0.0,0.0,0.0,0,-2.02,bear,bajista,0,-1.0,7,867,6,train
s3585,JUPUSDT,1780686000000,train,-1,-4.47,0.372,7.45,7.06,0.87,-2.45,4.05,0.0,0.0,0.0,0,-2.02,bear,bajista,0,-1.0,10,867,5,train
s3586,FETUSDT,1780686000000,train,-1,-4.45,0.352,7.37,6.99,0.8,-2.43,4.09,0.0,0.0,0.0,0,-2.02,bear,bajista,0,-1.0,6,866,5,train
s3587,SANDUSDT,1780686000000,testB,-1,-4.4,0.442,7.17,6.44,0.8,-2.38,3.56,0.0,0.0,0.0,0,-2.02,bear,bajista,0,-0.316,32,866,6,
s3588,APEUSDT,1780686000000,testB,-1,-4.69,0.403,8.57,7.63,0.99,-2.67,3.79,0.0,0.0,0.0,0,-2.02,bear,bajista,0,-1.0,8,866,5,
s3589,ASTERUSDT,1780688700000,train,-1,-5.4,0.384,8.62,5.72,0.34,-5.18,2.04,0.0,0.0,0.0,0,-0.22,neutral,neutral,0,-0.251,32,870,0,
s3590,PENDLEUSDT,1780697700000,train,1,5.01,0.397,8.92,7.49,0.58,2.81,1.71,0.0,0.0,0.0,0,2.2,bull,neutral,0,-0.349,32,880,1,train
s3591,PENDLEUSDT,1780698600000,train,1,5.58,0.428,8.88,7.93,0.57,2.58,1.94,0.0,0.0,0.0,0,3.0,bull,alcista,0,-0.34,32,881,2,train
s3592,ASTERUSDT,1780699500000,train,1,3.07,0.497,5.87,4.74,1.11,-0.63,0.17,0.0,0.0,0.0,0,3.7,bull,alcista,0,-0.29,32,882,3,train
s3593,PUMPUSDT,1780699500000,train,1,5.05,0.385,9.97,7.11,1.12,1.36,0.13,0.0,0.0,0.0,0,3.7,bull,neutral,0,-1.0,22,882,0,train
s3594,STBLUSDT,1780699500000,train,1,3.75,0.563,5.95,4.93,0.3,0.05,0.59,0.0,0.0,0.0,0,3.7,bull,neutral,0,-1.0,21,882,0,train
s3595,0GUSDT,1780699500000,train,1,4.19,0.392,7.59,5.8,0.6,0.49,0.66,0.0,0.0,0.0,0,3.7,bull,alcista,0,-1.0,21,882,2,train
s3596,OPUSDT,1780699500000,train,1,6.47,0.462,9.41,7.59,0.63,2.77,0.86,0.0,0.0,0.0,0,3.7,bull,neutral,0,-1.0,23,882,0,train
s3597,SUIUSDT,1780699500000,train,1,4.11,0.392,6.94,5.61,0.78,0.41,0.62,0.0,0.0,0.0,0,3.7,bull,neutral,0,-1.0,23,882,0,train
s3598,TIAUSDT,1780699500000,train,1,5.32,0.484,7.74,6.95,0.46,1.62,0.93,0.0,0.0,0.0,0,3.7,bull,neutral,0,-1.0,23,882,0,train
s3599,SEIUSDT,1780699500000,train,1,4.61,0.407,7.34,5.71,0.41,0.91,0.5,0.0,0.0,0.0,0,3.7,bull,neutral,0,-1.0,23,882,0,train
s3600,JUPUSDT,1780699500000,train,1,4.45,0.4,7.83,6.01,0.47,0.75,0.47,0.0,0.0,0.0,0,3.7,bull,neutral,0,-1.0,21,882,0,train
s3601,PENDLEUSDT,1780699500000,train,1,7.12,0.602,8.89,7.76,0.59,3.42,1.68,0.0,0.0,0.0,0,3.7,bull,neutral,0,-0.358,32,882,0,train
s3602,FETUSDT,1780699500000,train,1,6.84,0.455,9.92,7.96,0.53,3.14,1.06,0.0,0.0,0.0,0,3.7,bull,neutral,0,-0.285,32,881,0,train
s3603,STXUSDT,1780699500000,testB,1,4.81,0.461,6.82,5.93,0.61,1.11,1.08,0.0,0.0,0.0,0,3.7,bull,neutral,0,-1.0,23,881,0,testB
s3604,GRTUSDT,1780699500000,testB,1,4.08,0.414,6.95,5.06,0.51,0.39,0.46,0.0,0.0,0.0,0,3.7,bull,neutral,0,-1.0,22,881,0,testB
s3605,LDOUSDT,1780699500000,testB,1,3.26,0.36,6.31,4.58,0.52,-0.44,0.09,0.0,0.0,0.0,0,3.7,bull,neutral,0,-1.0,22,881,0,testB
s3606,SANDUSDT,1780699500000,testB,1,3.99,0.42,6.82,5.17,0.51,0.29,0.2,0.0,0.0,0.0,0,3.7,bull,neutral,0,-1.0,21,881,0,testB
s3607,MANAUSDT,1780699500000,testB,1,3.78,0.51,5.83,4.52,0.88,0.09,0.33,0.0,0.0,0.0,0,3.7,bull,neutral,0,-1.0,21,881,0,testB
s3608,AXSUSDT,1780699500000,testB,1,4.12,0.457,6.84,5.13,0.36,0.42,0.22,0.0,0.0,0.0,0,3.7,bull,neutral,0,-1.0,22,881,0,
s3609,APEUSDT,1780699500000,testB,1,6.6,0.527,10.32,7.62,0.61,2.9,0.79,0.0,0.0,0.0,0,3.7,bull,neutral,0,-1.0,22,881,0,
s3610,ASTERUSDT,1780700400000,train,1,2.55,0.391,5.9,4.34,1.07,-0.68,0.08,0.0,0.0,0.0,0,3.23,bull,neutral,0,-0.082,32,883,0,train
s3611,STBLUSDT,1780700400000,train,1,3.33,0.466,6.01,4.04,0.26,0.1,-0.18,0.0,0.0,0.0,0,3.23,bull,neutral,0,-1.0,20,883,0,train
s3612,0GUSDT,1780700400000,train,1,3.95,0.358,7.67,4.69,0.67,0.73,-0.32,0.0,0.0,0.0,0,3.23,bull,neutral,0,-1.0,20,883,0,train
s3613,ARBUSDT,1780700400000,train,1,3.6,0.35,6.7,4.47,1.02,0.37,-0.18,0.0,0.0,0.0,0,3.23,bull,neutral,0,-1.0,20,883,0,train
s3614,OPUSDT,1780700400000,train,1,6.4,0.45,9.48,6.93,0.54,3.17,0.48,0.0,0.0,0.0,0,3.23,bull,neutral,0,-1.0,22,883,0,train
s3615,INJUSDT,1780700400000,train,1,7.99,0.51,9.69,7.86,0.49,4.76,1.49,0.0,0.0,0.0,0,3.23,bull,neutral,0,-0.091,32,883,0,train
s3616,SUIUSDT,1780700400000,train,1,4.1,0.388,6.99,4.99,0.69,0.87,0.2,0.0,0.0,0.0,0,3.23,bull,neutral,0,-1.0,22,883,0,train
s3617,TIAUSDT,1780700400000,train,1,5.35,0.484,7.78,6.46,0.48,2.12,0.63,0.0,0.0,0.0,0,3.23,bull,neutral,0,-1.0,22,883,0,train
s3618,SEIUSDT,1780700400000,train,1,4.33,0.37,7.42,4.73,0.47,1.1,-0.32,0.0,0.0,0.0,0,3.23,bull,neutral,0,-1.0,22,883,0,train
s3619,JUPUSDT,1780700400000,train,1,4.22,0.368,7.91,5.0,0.46,0.99,-0.3,0.0,0.0,0.0,0,3.23,bull,neutral,0,-1.0,20,883,0,train
s3620,PENDLEUSDT,1780700400000,train,1,6.1,0.472,9.03,6.4,0.44,2.87,0.37,0.0,0.0,0.0,0,3.23,bull,neutral,0,-0.076,32,883,0,train
s3621,ONDOUSDT,1780700400000,train,1,6.51,0.49,9.01,7.07,0.84,3.28,1.38,0.0,0.0,0.0,0,3.23,bull,neutral,0,-1.0,21,882,0,train
s3622,FETUSDT,1780700400000,train,1,7.26,0.493,9.95,7.68,0.56,4.03,0.97,0.0,0.0,0.0,0,3.23,bull,neutral,0,-0.007,32,882,0,train
s3623,STXUSDT,1780700400000,testB,1,4.31,0.39,6.9,4.81,0.61,1.08,0.08,0.0,0.0,0.0,0,3.23,bull,neutral,0,-1.0,22,882,0,
s3624,MANAUSDT,1780700400000,testB,1,3.18,0.396,5.87,3.82,0.89,-0.05,-0.21,0.0,0.0,0.0,0,3.23,bull,neutral,0,-1.0,20,882,0,
s3625,INJUSDT,1780701300000,train,1,6.09,0.398,9.01,6.4,0.54,4.27,0.66,0.0,0.0,0.0,0,1.82,neutral,neutral,0,0.018,32,884,0,
s3626,0GUSDT,1780709400000,train,-1,-3.58,0.373,5.03,3.81,0.69,-2.26,1.15,0.0,0.0,0.0,0,-1.32,neutral,neutral,0,0.609,32,893,1,
s3627,APEUSDT,1780709400000,testB,-1,-3.64,0.448,5.39,4.1,0.66,-2.32,1.08,0.0,0.0,0.0,0,-1.32,neutral,neutral,1,2.0,12,892,1,
s3628,0GUSDT,1780710300000,train,-1,-3.62,0.375,4.66,3.86,0.79,-2.63,1.53,0.0,0.0,0.0,0,-1.0,neutral,bajista,0,0.655,32,894,2,
s3629,JUPUSDT,1780710300000,train,-1,-2.91,0.353,4.34,3.0,0.57,-1.91,1.16,0.0,0.0,0.0,0,-1.0,neutral,bajista,1,2.0,11,894,2,
s3630,APEUSDT,1780710300000,testB,-1,-3.82,0.458,4.54,4.06,0.76,-2.83,1.7,0.0,0.0,0.0,0,-1.0,neutral,bajista,0,0.16,32,893,2,
s3631,APEUSDT,1780711200000,testB,-1,-3.01,0.396,4.49,4.16,1.15,-2.16,2.23,0.0,0.0,0.0,0,-0.85,neutral,bajista,0,0.353,32,894,3,
s3632,PENDLEUSDT,1780712100000,train,-1,-2.94,0.356,4.88,4.42,0.88,-1.84,1.99,0.0,0.0,0.0,0,-1.1,neutral,bajista,0,-0.227,32,896,3,
s3633,APEUSDT,1780712100000,testB,-1,-3.25,0.414,4.34,3.93,1.17,-2.14,2.47,0.0,0.0,0.0,0,-1.1,neutral,bajista,0,0.292,32,895,4,
s3634,0GUSDT,1780713000000,train,-1,-2.85,0.373,3.87,3.44,1.05,-1.53,1.53,0.0,0.0,0.0,0,-1.32,neutral,bajista,0,0.981,32,897,5,
s3635,JUPUSDT,1780713000000,train,-1,-2.44,0.364,3.85,3.08,0.81,-1.12,1.32,0.0,0.0,0.0,0,-1.32,neutral,neutral,1,2.0,10,897,1,
s3636,PENDLEUSDT,1780713000000,train,-1,-3.46,0.444,4.4,4.0,0.84,-2.14,1.79,0.0,0.0,0.0,0,-1.32,neutral,bajista,0,-0.205,32,897,4,
s3637,ONDOUSDT,1780713000000,train,-1,-5.66,0.601,6.28,6.19,0.88,-4.34,2.76,0.0,0.0,0.0,0,-1.32,neutral,bajista,0,0.483,32,896,8,
s3638,APEUSDT,1780713000000,testB,-1,-3.72,0.465,4.27,4.19,1.32,-2.4,2.44,0.0,0.0,0.0,0,-1.32,neutral,bajista,0,0.196,32,896,5,
s3639,STBLUSDT,1780713900000,train,-1,-3.06,0.375,3.86,3.33,1.05,-2.03,1.75,0.0,0.0,0.0,0,-1.04,neutral,bajista,0,0.237,32,898,6,
s3640,0GUSDT,1780713900000,train,-1,-3.18,0.402,3.92,3.75,0.92,-2.14,1.51,0.0,0.0,0.0,0,-1.04,neutral,bajista,0,0.589,32,898,6,
s3641,JUPUSDT,1780713900000,train,-1,-2.63,0.382,3.86,3.34,0.81,-1.59,1.24,0.0,0.0,0.0,0,-1.04,neutral,bajista,0,0.327,32,898,2,
s3642,PENDLEUSDT,1780713900000,train,-1,-3.81,0.467,4.23,4.16,0.96,-2.77,2.01,0.0,0.0,0.0,0,-1.04,neutral,bajista,0,-1.0,26,898,5,
s3643,ONDOUSDT,1780713900000,train,-1,-5.07,0.569,6.4,6.15,1.07,-4.03,2.29,0.0,0.0,0.0,0,-1.04,neutral,neutral,0,0.451,32,897,0,
s3644,MANAUSDT,1780713900000,testB,-1,-2.04,0.368,2.83,2.38,1.26,-1.0,1.15,0.0,0.0,0.0,0,-1.04,neutral,bajista,1,2.0,7,897,2,
s3645,APEUSDT,1780713900000,testB,-1,-4.05,0.486,5.05,4.88,1.45,-3.01,2.6,0.0,0.0,0.0,0,-1.04,neutral,bajista,0,0.051,32,897,6,
s3646,ONDOUSDT,1780714800000,train,-1,-3.97,0.506,5.85,5.16,0.99,-3.28,2.12,0.0,0.0,0.0,0,-0.69,neutral,neutral,0,0.556,32,898,0,
s3647,APEUSDT,1780714800000,testB,-1,-3.61,0.455,5.74,5.4,1.23,-2.91,2.79,0.0,0.0,0.0,0,-0.69,neutral,bajista,0,-0.123,32,898,7,
s3648,ONDOUSDT,1780715700000,train,-1,-3.89,0.498,6.3,6.15,0.96,-3.66,3.09,0.0,0.0,0.0,0,-0.23,neutral,neutral,0,0.188,32,899,1,
s3649,APEUSDT,1780715700000,testB,-1,-3.39,0.438,6.09,5.84,1.33,-3.16,2.92,0.0,0.0,0.0,0,-0.23,neutral,bajista,0,-0.229,32,899,8,
s3650,ONDOUSDT,1780716600000,train,-1,-3.46,0.434,6.95,5.83,1.19,-3.3,2.45,0.0,0.0,0.0,0,-0.16,neutral,neutral,0,0.26,32,900,0,
s3651,APEUSDT,1780716600000,testB,-1,-3.31,0.432,6.43,5.84,1.53,-3.15,2.6,0.0,0.0,0.0,0,-0.16,neutral,neutral,0,-0.314,32,900,0,
s3652,XPLUSDT,1780717500000,train,-1,-4.39,0.43,7.55,6.78,2.23,-3.8,3.37,0.0,0.0,0.0,0,-0.59,neutral,bajista,0,-0.46,32,902,3,
s3653,PUMPUSDT,1780717500000,train,-1,-3.31,0.431,5.54,5.4,0.76,-2.73,2.23,0.0,0.0,0.0,0,-0.59,neutral,bajista,0,-0.703,32,902,8,
s3654,STBLUSDT,1780717500000,train,-1,-2.24,0.361,4.55,3.89,1.33,-1.66,1.5,0.0,0.0,0.0,0,-0.59,neutral,bajista,0,-0.761,32,902,8,
s3655,0GUSDT,1780717500000,train,-1,-2.7,0.512,4.27,4.2,1.02,-2.11,1.72,0.0,0.0,0.0,0,-0.59,neutral,neutral,0,0.024,32,902,1,
s3656,OPUSDT,1780717500000,train,-1,-2.46,0.387,5.25,4.83,1.31,-1.87,1.94,0.0,0.0,0.0,0,-0.59,neutral,bajista,0,-0.261,32,902,7,
s3657,JUPUSDT,1780717500000,train,-1,-2.29,0.486,4.1,3.77,0.9,-1.7,1.59,0.0,0.0,0.0,0,-0.59,neutral,bajista,0,-0.155,32,902,6,
s3658,PENDLEUSDT,1780717500000,train,-1,-2.1,0.354,4.66,3.9,0.95,-1.51,1.04,0.0,0.0,0.0,0,-0.59,neutral,neutral,0,-1.0,22,902,1,
s3659,ONDOUSDT,1780717500000,train,-1,-4.24,0.598,6.95,5.83,1.0,-3.66,2.07,0.0,0.0,0.0,0,-0.59,neutral,neutral,0,0.307,32,901,1,
s3660,GRTUSDT,1780717500000,testB,-1,-2.54,0.63,3.74,3.48,1.94,-1.95,1.53,0.0,0.0,0.0,0,-0.59,neutral,bajista,0,-0.015,32,901,7,
s3661,AXSUSDT,1780717500000,testB,-1,-2.15,0.5,4.06,3.73,1.16,-1.56,1.35,0.0,0.0,0.0,0,-0.59,neutral,bajista,0,-0.0,32,901,3,
s3662,APEUSDT,1780717500000,testB,-1,-4.46,0.7,6.42,5.75,1.43,-3.87,2.16,0.0,0.0,0.0,0,-0.59,neutral,neutral,0,-0.29,32,901,0,
s3663,PUMPUSDT,1780718400000,train,-1,-6.81,0.845,8.12,7.6,0.88,-4.71,3.82,0.0,0.0,0.0,0,-2.1,bear,bajista,0,-0.735,32,903,8,train
s3664,STBLUSDT,1780718400000,train,-1,-4.91,0.714,6.11,5.75,1.76,-2.81,2.83,0.0,0.0,0.0,0,-2.1,bear,bajista,0,-0.773,32,903,8,train
s3665,0GUSDT,1780718400000,train,-1,-5.2,0.815,6.35,6.21,1.5,-3.1,3.13,0.0,0.0,0.0,0,-2.1,bear,bajista,0,-0.322,32,903,2,train
s3666,ARBUSDT,1780718400000,train,-1,-4.46,0.9,5.57,5.18,1.48,-2.36,2.85,0.0,0.0,0.0,0,-2.1,bear,bajista,0,-0.55,32,903,6,train
s3667,OPUSDT,1780718400000,train,-1,-5.38,0.726,7.61,7.07,1.53,-3.28,3.54,0.0,0.0,0.0,0,-2.1,bear,bajista,0,-0.394,32,903,8,train
s3668,INJUSDT,1780718400000,train,-1,-3.95,0.581,5.44,5.0,1.27,-1.85,2.53,0.0,0.0,0.0,0,-2.1,bear,neutral,0,-1.0,15,903,1,
s3669,SUIUSDT,1780718400000,train,-1,-5.65,0.673,7.42,7.28,1.0,-3.55,2.85,0.0,0.0,0.0,0,-2.1,bear,neutral,0,-0.442,32,903,1,
s3670,TIAUSDT,1780718400000,train,-1,-5.26,0.816,6.87,6.66,1.08,-3.16,3.54,0.0,0.0,0.0,0,-2.1,bear,bajista,0,-0.437,32,903,7,train
s3671,SEIUSDT,1780718400000,train,-1,-3.35,0.619,4.66,4.51,1.25,-1.25,2.45,0.0,0.0,0.0,0,-2.1,bear,bajista,0,-1.0,19,903,6,train
s3672,JUPUSDT,1780718400000,train,-1,-5.18,0.804,6.47,6.33,1.6,-3.08,3.48,0.0,0.0,0.0,0,-2.1,bear,bajista,0,-0.453,32,903,7,train
s3673,PENDLEUSDT,1780718400000,train,-1,-5.06,0.751,6.06,5.54,1.13,-2.96,2.6,0.0,0.0,0.0,0,-2.1,bear,bajista,0,-1.0,17,903,2,train
s3674,ONDOUSDT,1780718400000,train,-1,-7.08,0.891,8.27,7.99,1.24,-4.98,3.52,0.0,0.0,0.0,0,-2.1,bear,bajista,0,-0.112,32,902,2,train
s3675,FETUSDT,1780718400000,train,-1,-6.21,0.74,8.0,7.84,1.22,-4.11,3.62,0.0,0.0,0.0,0,-2.1,bear,bajista,0,-0.358,32,902,6,train
s3676,STXUSDT,1780718400000,testB,-1,-3.38,0.508,4.9,4.78,1.65,-1.28,2.5,0.0,0.0,0.0,0,-2.1,bear,neutral,0,-1.0,17,902,1,
s3677,GRTUSDT,1780718400000,testB,-1,-4.28,0.827,4.99,4.83,1.74,-2.18,2.65,0.0,0.0,0.0,0,-2.1,bear,bajista,0,-0.398,32,902,8,
s3678,LDOUSDT,1780718400000,testB,-1,-3.44,0.567,4.36,4.12,1.73,-1.34,2.05,0.0,0.0,0.0,0,-2.1,bear,neutral,0,-1.0,17,902,1,
s3679,SANDUSDT,1780718400000,testB,-1,-4.72,0.85,5.94,5.74,1.33,-2.62,2.96,0.0,0.0,0.0,0,-2.1,bear,bajista,0,-0.37,32,902,8,
s3680,MANAUSDT,1780718400000,testB,-1,-3.81,0.813,5.02,4.72,1.37,-1.71,2.38,0.0,0.0,0.0,0,-2.1,bear,bajista,0,-0.226,32,902,2,
s3681,AXSUSDT,1780718400000,testB,-1,-4.59,0.843,5.93,5.7,1.37,-2.49,2.81,0.0,0.0,0.0,0,-2.1,bear,bajista,0,-0.294,32,902,4,
s3682,APEUSDT,1780718400000,testB,-1,-6.97,0.917,8.09,7.91,1.56,-4.87,3.65,0.0,0.0,0.0,0,-2.1,bear,neutral,0,-0.462,32,902,1,
s3683,ASTERUSDT,1780719300000,train,-1,-2.84,0.473,3.71,3.52,0.92,-0.63,2.07,0.0,0.0,0.0,0,-2.21,bear,bajista,0,-0.66,32,904,3,train
s3684,STBLUSDT,1780719300000,train,-1,-5.38,0.731,7.27,6.95,2.2,-3.17,3.52,0.0,0.0,0.0,0,-2.21,bear,bajista,0,-0.712,32,904,8,train
s3685,0GUSDT,1780719300000,train,-1,-6.03,0.836,7.78,7.4,2.56,-3.83,3.74,0.0,0.0,0.0,0,-2.21,bear,bajista,0,-0.354,32,904,3,train
s3686,ENAUSDT,1780719300000,train,-1,-5.96,0.688,8.72,7.84,1.6,-3.75,3.58,0.0,0.0,0.0,0,-2.21,bear,bajista,0,-1.0,9,904,8,train
s3687,ARBUSDT,1780719300000,train,-1,-5.09,0.911,6.54,6.14,2.62,-2.88,3.31,0.0,0.0,0.0,0,-2.21,bear,bajista,0,-0.511,32,904,7,train
s3688,INJUSDT,1780719300000,train,-1,-4.73,0.623,6.34,5.89,1.47,-2.52,3.02,0.0,0.0,0.0,0,-2.21,bear,bajista,0,-1.0,14,904,2,train
s3689,TIAUSDT,1780719300000,train,-1,-6.33,0.889,7.92,7.67,1.58,-4.13,3.98,0.0,0.0,0.0,0,-2.21,bear,bajista,0,-0.443,32,904,8,train
s3690,SEIUSDT,1780719300000,train,-1,-4.6,0.728,5.88,5.71,2.07,-2.4,3.16,0.0,0.0,0.0,0,-2.21,bear,bajista,0,-1.0,18,904,7,train
s3691,JUPUSDT,1780719300000,train,-1,-5.57,0.815,7.31,6.9,2.97,-3.36,3.56,0.0,0.0,0.0,0,-2.21,bear,bajista,0,-0.408,32,904,8,train
s3692,PENDLEUSDT,1780719300000,train,-1,-5.94,0.779,7.05,6.84,1.86,-3.73,3.55,0.0,0.0,0.0,0,-2.21,bear,bajista,0,-1.0,16,904,3,train
s3693,STXUSDT,1780719300000,testB,-1,-4.12,0.557,5.88,5.65,2.54,-1.91,2.94,0.0,0.0,0.0,0,-2.21,bear,bajista,0,-1.0,16,903,2,
s3694,GRTUSDT,1780719300000,testB,-1,-4.89,0.845,6.14,5.88,2.47,-2.68,3.28,0.0,0.0,0.0,0,-2.21,bear,bajista,0,-0.411,32,903,8,
s3695,LDOUSDT,1780719300000,testB,-1,-5.08,0.71,5.92,5.64,3.09,-2.88,3.09,0.0,0.0,0.0,0,-2.21,bear,bajista,0,-1.0,16,903,2,
s3696,SANDUSDT,1780719300000,testB,-1,-6.13,0.9,7.62,7.26,2.85,-3.92,3.91,0.0,0.0,0.0,0,-2.21,bear,bajista,0,-0.417,32,903,8,
s3697,MANAUSDT,1780719300000,testB,-1,-5.12,0.897,6.32,6.01,2.73,-2.91,3.22,0.0,0.0,0.0,0,-2.21,bear,bajista,0,-0.282,32,903,3,
s3698,AXSUSDT,1780719300000,testB,-1,-5.76,0.9,7.24,6.9,2.08,-3.55,3.54,0.0,0.0,0.0,0,-2.21,bear,bajista,0,-0.328,32,903,5,
s3699,ASTERUSDT,1780720200000,train,-1,-4.15,0.58,5.52,4.85,2.25,-1.83,3.1,0.0,0.0,0.0,0,-2.31,bear,bajista,0,-0.802,32,905,4,train
s3700,INJUSDT,1780720200000,train,-1,-6.35,0.737,7.58,7.41,1.76,-4.03,4.05,0.0,0.0,0.0,0,-2.31,bear,bajista,0,-1.0,13,905,3,train
s3701,SEIUSDT,1780720200000,train,-1,-5.92,0.806,7.36,7.03,2.97,-3.61,4.1,0.0,0.0,0.0,0,-2.31,bear,bajista,0,-1.0,17,905,8,train
s3702,PENDLEUSDT,1780720200000,train,-1,-6.13,0.784,7.97,7.28,2.21,-3.82,3.69,0.0,0.0,0.0,0,-2.31,bear,bajista,0,-1.0,15,905,4,train
s3703,STXUSDT,1780720200000,testB,-1,-5.77,0.752,7.55,6.78,3.8,-3.46,3.73,0.0,0.0,0.0,0,-2.31,bear,bajista,0,-1.0,15,904,3,
s3704,GRTUSDT,1780720200000,testB,-1,-6.18,0.925,7.8,7.11,2.83,-3.86,4.13,0.0,0.0,0.0,0,-2.31,bear,bajista,0,-0.545,32,904,8,
s3705,LDOUSDT,1780720200000,testB,-1,-5.64,0.73,7.53,6.55,4.2,-3.32,3.69,0.0,0.0,0.0,0,-2.31,bear,bajista,0,-1.0,15,904,3,
s3706,MANAUSDT,1780720200000,testB,-1,-6.13,0.955,7.62,7.0,3.09,-3.82,3.83,0.0,0.0,0.0,0,-2.31,bear,bajista,0,-0.422,32,904,4,
s3707,ASTERUSDT,1780721100000,train,-1,-4.03,0.556,5.51,4.72,2.74,-2.12,2.76,0.0,0.0,0.0,0,-1.91,neutral,neutral,0,-0.829,32,906,0,
s3708,STBLUSDT,1780721100000,train,-1,-6.69,0.858,8.9,7.35,3.26,-4.78,3.39,0.0,0.0,0.0,0,-1.91,neutral,neutral,0,-0.938,32,906,0,
s3709,0GUSDT,1780721100000,train,-1,-6.82,0.889,8.93,7.64,3.99,-4.91,3.59,0.0,0.0,0.0,0,-1.91,neutral,neutral,0,-0.5,32,906,0,
s3710,INJUSDT,1780721100000,train,-1,-5.39,0.624,7.78,6.86,1.92,-3.48,3.31,0.0,0.0,0.0,0,-1.91,neutral,neutral,0,-1.0,12,906,0,
s3711,SEIUSDT,1780721100000,train,-1,-5.83,0.79,7.33,6.51,3.69,-3.92,3.43,0.0,0.0,0.0,0,-1.91,neutral,neutral,0,-1.0,16,906,0,
s3712,PENDLEUSDT,1780721100000,train,-1,-5.84,0.721,7.8,6.62,2.7,-3.93,3.05,0.0,0.0,0.0,0,-1.91,neutral,neutral,0,-1.0,14,906,0,
s3713,STXUSDT,1780721100000,testB,-1,-5.43,0.678,7.34,6.16,3.88,-3.52,3.14,0.0,0.0,0.0,0,-1.91,neutral,neutral,0,-1.0,12,905,0,
s3714,GRTUSDT,1780721100000,testB,-1,-5.72,0.804,7.75,6.43,3.1,-3.81,3.23,0.0,0.0,0.0,0,-1.91,neutral,neutral,0,-0.598,32,905,0,
s3715,LDOUSDT,1780721100000,testB,-1,-5.59,0.721,7.51,6.33,4.33,-3.68,3.22,0.0,0.0,0.0,0,-1.91,neutral,neutral,0,-1.0,14,905,0,
s3716,MANAUSDT,1780721100000,testB,-1,-6.27,1.0,7.62,7.0,3.2,-4.36,3.56,0.0,0.0,0.0,0,-1.91,neutral,neutral,0,-0.533,32,905,0,
s3717,ASTERUSDT,1780722000000,train,-1,-3.36,0.492,5.41,4.5,2.32,-1.3,2.4,0.0,0.0,0.0,0,-2.06,bear,neutral,0,-0.854,32,907,0,
s3718,STBLUSDT,1780722000000,train,-1,-6.0,0.814,8.48,6.79,2.58,-3.94,2.87,0.0,0.0,0.0,0,-2.06,bear,neutral,0,-1.0,28,907,0,
s3719,0GUSDT,1780722000000,train,-1,-5.79,0.8,8.1,6.49,3.66,-3.73,2.95,0.0,0.0,0.0,0,-2.06,bear,neutral,0,-0.538,32,907,0,
s3720,INJUSDT,1780722000000,train,-1,-4.65,0.526,8.03,6.34,1.58,-2.59,2.57,0.0,0.0,0.0,0,-2.06,bear,neutral,0,-1.0,11,907,0,
s3721,SEIUSDT,1780722000000,train,-1,-6.22,0.801,7.66,6.91,3.16,-4.17,3.68,0.0,0.0,0.0,0,-2.06,bear,neutral,0,-1.0,15,907,1,
s3722,JUPUSDT,1780722000000,train,-1,-6.57,0.852,9.13,7.51,3.3,-4.52,3.45,0.0,0.0,0.0,0,-2.06,bear,neutral,0,-1.0,17,907,0,
s3723,PENDLEUSDT,1780722000000,train,-1,-5.0,0.619,7.1,5.49,2.43,-2.94,2.34,0.0,0.0,0.0,0,-2.06,bear,neutral,0,-1.0,13,907,0,
s3724,ONDOUSDT,1780722000000,train,-1,-6.65,0.739,9.23,7.41,2.56,-4.6,3.38,0.0,0.0,0.0,0,-2.06,bear,neutral,0,-0.331,32,906,0,
s3725,FETUSDT,1780722000000,train,-1,-6.66,0.769,8.95,7.88,1.44,-4.6,3.6,0.0,0.0,0.0,0,-2.06,bear,neutral,0,-0.565,32,906,1,
s3726,STXUSDT,1780722000000,testB,-1,-5.45,0.678,7.13,6.24,2.68,-3.39,3.11,0.0,0.0,0.0,0,-2.06,bear,neutral,0,-1.0,9,906,1,
s3727,GRTUSDT,1780722000000,testB,-1,-6.03,0.812,7.37,6.57,2.95,-3.97,3.35,0.0,0.0,0.0,0,-2.06,bear,neutral,0,-0.637,32,906,1,
s3728,LDOUSDT,1780722000000,testB,-1,-5.53,0.719,7.33,6.3,3.54,-3.47,3.18,0.0,0.0,0.0,0,-2.06,bear,neutral,0,-1.0,13,906,1,
s3729,MANAUSDT,1780722000000,testB,-1,-6.14,1.0,7.94,6.85,3.03,-4.08,3.39,0.0,0.0,0.0,0,-2.06,bear,neutral,0,-0.545,32,906,1,
s3730,AXSUSDT,1780722000000,testB,-1,-7.14,1.0,9.29,7.8,2.91,-5.08,3.84,0.0,0.0,0.0,0,-2.06,bear,neutral,0,-0.662,32,906,0,
s3731,ASTERUSDT,1780722900000,train,-1,-2.74,0.371,5.34,3.13,2.24,-1.84,1.02,0.0,0.0,0.0,0,-0.9,neutral,neutral,0,-0.608,32,908,0,
s3732,ARUSDT,1780728300000,testB,-1,-4.99,0.443,7.58,5.25,0.9,-4.75,1.81,0.0,0.0,0.0,0,-0.24,neutral,bajista,0,-0.546,32,913,2,
s3733,PUMPUSDT,1780732800000,train,1,5.37,0.507,8.91,7.64,0.94,3.68,2.26,0.0,0.0,0.0,0,1.68,neutral,neutral,0,-0.046,32,919,1,
s3734,JUPUSDT,1780732800000,train,1,4.47,0.383,7.34,7.21,0.49,2.78,1.73,0.0,0.0,0.0,0,1.68,neutral,neutral,0,-0.292,32,919,1,
s3735,PENDLEUSDT,1780732800000,train,1,4.45,0.391,6.67,6.55,0.47,2.76,1.94,0.0,0.0,0.0,0,1.68,neutral,neutral,0,-0.388,32,919,1,
s3736,FETUSDT,1780732800000,train,1,4.72,0.352,7.14,6.63,0.67,3.03,1.59,0.0,0.0,0.0,0,1.68,neutral,neutral,0,-0.237,32,918,0,
s3737,STXUSDT,1780732800000,testB,1,4.26,0.382,7.05,6.6,0.73,2.58,1.76,0.0,0.0,0.0,0,1.68,neutral,neutral,0,0.085,32,918,1,
s3738,APEUSDT,1780732800000,testB,1,4.6,0.415,7.81,7.73,0.5,2.91,2.18,0.0,0.0,0.0,0,1.68,neutral,neutral,0,-0.042,32,918,1,
s3739,STBLUSDT,1780733700000,train,1,4.55,0.427,6.3,6.22,0.42,2.13,1.59,0.0,0.0,0.0,0,2.42,bull,alcista,0,0.042,32,920,2,train
s3740,ARBUSDT,1780733700000,train,1,4.58,0.376,7.88,7.63,0.38,2.16,2.16,0.0,0.0,0.0,0,2.42,bull,alcista,0,-0.18,32,920,2,train
s3741,OPUSDT,1780733700000,train,1,4.54,0.375,7.76,7.34,0.45,2.12,1.52,0.0,0.0,0.0,0,2.42,bull,alcista,0,-0.366,32,920,2,train
s3742,SUIUSDT,1780733700000,train,1,5.81,0.401,7.38,7.2,0.49,3.39,2.24,0.0,0.0,0.0,0,2.42,bull,alcista,0,-0.019,32,920,2,train
s3743,TIAUSDT,1780733700000,train,1,5.29,0.416,8.05,7.89,0.32,2.87,1.86,0.0,0.0,0.0,0,2.42,bull,alcista,0,-0.241,32,920,2,train
s3744,SEIUSDT,1780733700000,train,1,4.98,0.441,6.91,6.76,0.84,2.57,2.09,0.0,0.0,0.0,0,2.42,bull,alcista,0,-0.171,32,920,4,train
s3745,JUPUSDT,1780733700000,train,1,5.29,0.462,7.57,7.45,0.59,2.88,1.82,0.0,0.0,0.0,0,2.42,bull,alcista,0,-0.376,32,920,2,train
s3746,PENDLEUSDT,1780733700000,train,1,6.58,0.601,7.58,7.22,0.55,4.16,2.36,0.0,0.0,0.0,0,2.42,bull,alcista,0,-0.479,32,920,2,train
s3747,FETUSDT,1780733700000,train,1,5.36,0.39,7.2,7.05,0.78,2.94,1.93,0.0,0.0,0.0,0,2.42,bull,neutral,0,-0.393,32,919,1,train
s3748,STXUSDT,1780733700000,testB,1,6.06,0.534,7.71,7.43,0.63,3.64,2.39,0.0,0.0,0.0,0,2.42,bull,alcista,0,-0.149,32,919,2,testB
s3749,GRTUSDT,1780733700000,testB,1,4.14,0.389,5.84,5.74,0.37,1.73,1.63,0.0,0.0,0.0,0,2.42,bull,alcista,0,-0.254,32,919,2,testB
s3750,LDOUSDT,1780733700000,testB,1,5.6,0.507,7.22,7.11,0.4,3.18,2.15,0.0,0.0,0.0,0,2.42,bull,alcista,0,-0.249,32,919,2,testB
s3751,SANDUSDT,1780733700000,testB,1,4.5,0.412,6.48,6.39,0.38,2.08,1.59,0.0,0.0,0.0,0,2.42,bull,alcista,0,-0.106,32,919,2,testB
s3752,MANAUSDT,1780733700000,testB,1,3.7,0.414,5.65,5.65,0.41,1.28,1.38,0.0,0.0,0.0,0,2.42,bull,alcista,0,-0.289,32,919,2,testB
s3753,AXSUSDT,1780733700000,testB,1,4.64,0.471,7.14,7.14,0.33,2.22,1.93,0.0,0.0,0.0,0,2.42,bull,alcista,0,-0.242,32,919,2,testB
s3754,APEUSDT,1780733700000,testB,1,5.85,0.576,7.89,7.8,0.56,3.44,2.05,0.0,0.0,0.0,0,2.42,bull,neutral,0,-0.135,32,919,0,
s3755,ASTERUSDT,1780734600000,train,1,3.13,0.531,4.21,3.62,0.99,0.48,0.58,0.0,0.0,0.0,0,2.65,bull,neutral,0,0.338,32,921,0,train
s3756,STBLUSDT,1780734600000,train,1,5.14,0.505,5.94,5.33,0.48,2.5,1.04,0.0,0.0,0.0,0,2.65,bull,neutral,0,0.164,32,921,0,train
s3757,0GUSDT,1780734600000,train,1,3.9,0.389,5.07,4.5,0.78,1.25,0.65,0.0,0.0,0.0,0,2.65,bull,neutral,0,0.008,32,921,0,train
s3758,ARBUSDT,1780734600000,train,1,6.67,0.641,7.88,7.63,0.5,4.02,1.97,0.0,0.0,0.0,0,2.65,bull,neutral,0,-0.098,32,921,0,train
s3759,OPUSDT,1780734600000,train,1,6.83,0.633,8.04,7.63,0.54,4.18,1.7,0.0,0.0,0.0,0,2.65,bull,alcista,0,-0.311,32,921,3,train
s3760,SUIUSDT,1780734600000,train,1,6.49,0.463,7.47,6.78,0.53,3.84,1.59,0.0,0.0,0.0,0,2.65,bull,neutral,0,0.127,32,921,0,train
s3761,TIAUSDT,1780734600000,train,1,6.8,0.591,8.13,7.73,0.38,4.15,1.56,0.0,0.0,0.0,0,2.65,bull,neutral,0,-0.155,32,921,0,train
s3762,SEIUSDT,1780734600000,train,1,6.11,0.591,6.96,6.6,0.99,3.47,1.75,0.0,0.0,0.0,0,2.65,bull,neutral,0,-0.092,32,921,0,train
s3763,JUPUSDT,1780734600000,train,1,6.79,0.658,7.76,7.51,0.65,4.15,1.73,0.0,0.0,0.0,0,2.65,bull,alcista,0,-0.322,32,921,3,train
s3764,PENDLEUSDT,1780734600000,train,1,6.89,0.643,7.31,6.81,0.59,4.25,2.04,0.0,0.0,0.0,0,2.65,bull,neutral,0,-0.407,32,921,0,train
s3765,ONDOUSDT,1780734600000,train,1,5.74,0.458,6.95,6.29,0.62,3.09,1.25,0.0,0.0,0.0,0,2.65,bull,alcista,0,-0.319,32,920,3,train
s3766,FETUSDT,1780734600000,train,1,6.96,0.558,7.26,6.86,0.82,4.31,1.69,0.0,0.0,0.0,0,2.65,bull,neutral,0,-0.331,32,920,0,train
s3767,STXUSDT,1780734600000,testB,1,7.49,0.7,7.74,7.58,0.77,4.85,2.35,0.0,0.0,0.0,0,2.65,bull,alcista,0,-0.139,32,920,3,testB
s3768,GRTUSDT,1780734600000,testB,1,5.1,0.516,5.81,5.3,0.4,2.45,1.25,0.0,0.0,0.0,0,2.65,bull,neutral,0,-0.2,32,920,0,
s3769,LDOUSDT,1780734600000,testB,1,6.63,0.638,7.48,7.21,0.52,3.98,1.98,0.0,0.0,0.0,0,2.65,bull,alcista,0,-0.165,32,920,3,testB
s3770,SANDUSDT,1780734600000,testB,1,5.46,0.54,6.57,6.21,0.48,2.82,1.28,0.0,0.0,0.0,0,2.65,bull,neutral,0,-0.037,32,920,0,
s3771,MANAUSDT,1780734600000,testB,1,4.51,0.547,5.8,5.51,0.45,1.86,1.11,0.0,0.0,0.0,0,2.65,bull,neutral,0,-0.243,32,920,0,
s3772,AXSUSDT,1780734600000,testB,1,5.61,0.62,7.38,6.83,0.41,2.97,1.46,0.0,0.0,0.0,0,2.65,bull,neutral,0,-0.159,32,920,0,
s3773,APEUSDT,1780734600000,testB,1,6.88,0.738,7.9,7.49,0.55,4.23,1.69,0.0,0.0,0.0,0,2.65,bull,neutral,0,-0.12,32,920,0,
s3774,ASTERUSDT,1780735500000,train,1,2.99,0.517,4.21,3.61,0.81,1.04,0.69,0.0,0.0,0.0,0,1.95,neutral,neutral,0,0.385,32,922,0,
s3775,STBLUSDT,1780735500000,train,1,4.56,0.476,5.81,5.24,0.63,2.61,1.22,0.0,0.0,0.0,0,1.95,neutral,neutral,0,0.217,32,922,1,
s3776,ARBUSDT,1780735500000,train,1,6.53,0.62,8.01,7.51,0.61,4.58,1.94,0.0,0.0,0.0,0,1.95,neutral,neutral,0,-0.033,32,922,0,
s3777,OPUSDT,1780735500000,train,1,6.92,0.636,8.02,7.91,0.66,4.97,2.11,0.0,0.0,0.0,0,1.95,neutral,alcista,0,-0.325,32,922,4,
s3778,SUIUSDT,1780735500000,train,1,5.97,0.443,7.46,6.93,0.66,4.02,1.88,0.0,0.0,0.0,0,1.95,neutral,neutral,0,0.091,32,922,1,
s3779,TIAUSDT,1780735500000,train,1,6.53,0.582,8.13,7.76,0.52,4.58,1.78,0.0,0.0,0.0,0,1.95,neutral,neutral,0,-0.12,32,922,1,
s3780,SEIUSDT,1780735500000,train,1,6.4,0.603,7.6,7.31,1.38,4.45,2.55,0.0,0.0,0.0,0,1.95,neutral,neutral,0,-0.166,32,922,1,
s3781,JUPUSDT,1780735500000,train,1,6.86,0.66,8.07,7.62,0.86,4.91,2.01,0.0,0.0,0.0,0,1.95,neutral,alcista,0,-0.317,32,922,4,
s3782,PENDLEUSDT,1780735500000,train,1,6.47,0.63,7.46,6.9,0.75,4.52,2.21,0.0,0.0,0.0,0,1.95,neutral,neutral,0,-0.417,32,922,1,
s3783,ONDOUSDT,1780735500000,train,1,5.85,0.464,6.93,6.66,0.8,3.9,1.76,0.0,0.0,0.0,0,1.95,neutral,alcista,0,-0.242,32,921,4,
s3784,FETUSDT,1780735500000,train,1,6.32,0.536,7.25,6.95,0.69,4.37,1.91,0.0,0.0,0.0,0,1.95,neutral,neutral,0,-0.203,32,921,1,
s3785,STXUSDT,1780735500000,testB,1,6.16,0.553,7.81,6.8,1.07,4.21,1.73,0.0,0.0,0.0,0,1.95,neutral,neutral,0,-0.033,32,921,0,
s3786,GRTUSDT,1780735500000,testB,1,4.17,0.441,5.82,5.06,0.54,2.22,1.1,0.0,0.0,0.0,0,1.95,neutral,neutral,0,-0.12,32,921,0,
s3787,LDOUSDT,1780735500000,testB,1,6.66,0.639,7.7,7.43,0.7,4.71,2.22,0.0,0.0,0.0,0,1.95,neutral,alcista,0,-0.175,32,921,4,
s3788,SANDUSDT,1780735500000,testB,1,5.22,0.53,6.61,6.28,0.67,3.27,1.51,0.0,0.0,0.0,0,1.95,neutral,neutral,0,-0.028,32,921,1,
s3789,MANAUSDT,1780735500000,testB,1,4.51,0.547,5.8,5.51,0.57,2.56,1.23,0.0,0.0,0.0,0,1.95,neutral,neutral,0,-0.162,32,921,0,
s3790,AXSUSDT,1780735500000,testB,1,5.73,0.641,7.38,6.83,0.57,3.78,1.58,0.0,0.0,0.0,0,1.95,neutral,neutral,0,-0.143,32,921,1,
s3791,APEUSDT,1780735500000,testB,1,6.17,0.64,7.94,7.04,0.77,4.22,1.35,0.0,0.0,0.0,0,1.95,neutral,neutral,0,-0.105,32,921,0,
s3792,ASTERUSDT,1780736400000,train,1,2.99,0.517,3.55,3.06,0.78,0.76,0.84,0.0,0.0,0.0,0,2.22,bull,neutral,0,0.596,32,923,1,train
s3793,PUMPUSDT,1780736400000,train,1,7.46,0.78,7.5,7.01,0.6,5.24,2.58,0.0,0.0,0.0,0,2.22,bull,alcista,0,-0.29,32,923,2,train
s3794,STBLUSDT,1780736400000,train,1,4.6,0.479,4.84,4.44,0.68,2.38,1.41,0.0,0.0,0.0,0,2.22,bull,alcista,0,0.157,32,923,2,train
s3795,ARBUSDT,1780736400000,train,1,6.96,0.684,7.26,6.76,0.64,4.74,1.88,0.0,0.0,0.0,0,2.22,bull,neutral,0,-0.074,32,923,0,train
s3796,OPUSDT,1780736400000,train,1,7.6,0.683,7.57,7.16,0.77,5.37,2.4,0.0,0.0,0.0,0,2.22,bull,alcista,0,-0.5,32,923,5,train
s3797,SUIUSDT,1780736400000,train,1,6.99,0.543,7.06,6.66,0.68,4.77,1.96,0.0,0.0,0.0,0,2.22,bull,alcista,0,0.004,32,923,2,train
s3798,TIAUSDT,1780736400000,train,1,6.61,0.589,6.73,6.23,0.57,4.38,1.76,0.0,0.0,0.0,0,2.22,bull,alcista,0,-0.203,32,923,2,train
s3799,SEIUSDT,1780736400000,train,1,6.86,0.669,7.05,6.57,1.47,4.64,2.28,0.0,0.0,0.0,0,2.22,bull,neutral,0,-0.232,32,923,0,train
s3800,JUPUSDT,1780736400000,train,1,6.5,0.649,6.8,6.23,0.58,4.27,1.89,0.0,0.0,0.0,0,2.22,bull,alcista,0,-0.469,32,923,5,train
s3801,PENDLEUSDT,1780736400000,train,1,6.02,0.614,6.49,5.75,0.69,3.79,2.17,0.0,0.0,0.0,0,2.22,bull,neutral,0,-0.55,32,923,0,train
s3802,ONDOUSDT,1780736400000,train,1,5.03,0.417,5.56,5.14,0.75,2.8,1.51,0.0,0.0,0.0,0,2.22,bull,neutral,0,-0.337,32,922,0,train
s3803,FETUSDT,1780736400000,train,1,6.27,0.529,6.81,6.05,0.74,4.05,1.61,0.0,0.0,0.0,0,2.22,bull,neutral,0,-0.308,32,922,0,train
s3804,STXUSDT,1780736400000,testB,1,6.95,0.613,7.11,6.55,1.03,4.72,2.08,0.0,0.0,0.0,0,2.22,bull,neutral,0,-0.161,32,922,1,
s3805,GRTUSDT,1780736400000,testB,1,4.51,0.491,5.33,4.36,0.61,2.28,0.94,0.0,0.0,0.0,0,2.22,bull,neutral,0,-0.221,32,922,0,
s3806,LDOUSDT,1780736400000,testB,1,6.71,0.646,6.87,6.37,0.69,4.49,2.02,0.0,0.0,0.0,0,2.22,bull,neutral,0,-0.241,32,922,0,
s3807,SANDUSDT,1780736400000,testB,1,5.13,0.514,5.58,4.98,0.58,2.91,1.31,0.0,0.0,0.0,0,2.22,bull,neutral,0,0.023,32,922,0,
s3808,MANAUSDT,1780736400000,testB,1,4.67,0.577,5.21,4.76,0.57,2.45,1.28,0.0,0.0,0.0,0,2.22,bull,neutral,0,-0.25,32,922,0,
s3809,AXSUSDT,1780736400000,testB,1,5.39,0.58,6.2,5.33,0.65,3.17,1.28,0.0,0.0,0.0,0,2.22,bull,neutral,0,-0.184,32,922,0,
s3810,APEUSDT,1780736400000,testB,1,6.97,0.702,7.0,6.6,0.68,4.74,1.82,0.0,0.0,0.0,0,2.22,bull,neutral,0,-0.198,32,922,1,
s3811,ASTERUSDT,1780737300000,train,1,2.15,0.439,2.53,2.5,0.75,1.22,1.39,0.0,0.0,0.0,0,0.93,neutral,alcista,0,0.526,32,924,2,
s3812,XPLUSDT,1780737300000,train,1,5.66,0.401,6.63,6.15,0.68,4.72,2.68,0.0,0.0,0.0,0,0.93,neutral,neutral,0,-0.476,32,924,1,
s3813,PUMPUSDT,1780737300000,train,1,5.59,0.731,5.78,5.64,0.55,4.65,3.08,0.0,0.0,0.0,0,0.93,neutral,alcista,0,-0.519,32,924,3,
s3814,STBLUSDT,1780737300000,train,1,2.67,0.353,3.21,3.04,0.47,1.74,1.85,0.0,0.0,0.0,0,0.93,neutral,alcista,0,-0.271,32,924,3,
s3815,ENAUSDT,1780737300000,train,1,7.25,0.496,9.62,7.33,0.42,6.31,4.0,0.0,0.0,0.0,0,0.93,neutral,alcista,0,-0.846,32,924,2,
s3816,ARBUSDT,1780737300000,train,1,5.22,0.625,5.58,5.46,0.7,4.29,2.76,0.0,0.0,0.0,0,0.93,neutral,neutral,0,-0.341,32,924,1,
s3817,OPUSDT,1780737300000,train,1,4.79,0.584,5.49,5.08,0.78,3.86,3.07,0.0,0.0,0.0,0,0.93,neutral,alcista,0,-0.88,32,924,6,
s3818,INJUSDT,1780737300000,train,1,6.48,0.609,7.08,6.92,1.43,5.55,4.73,0.0,0.0,0.0,0,0.93,neutral,alcista,0,-1.0,24,924,4,
s3819,SUIUSDT,1780737300000,train,1,4.83,0.458,5.42,5.25,0.64,3.9,2.77,0.0,0.0,0.0,0,0.93,neutral,alcista,0,-0.239,32,924,3,
s3820,TIAUSDT,1780737300000,train,1,4.07,0.476,4.74,4.6,0.63,3.13,2.32,0.0,0.0,0.0,0,0.93,neutral,alcista,0,-0.446,32,924,3,
s3821,SEIUSDT,1780737300000,train,1,5.86,0.639,6.26,6.24,1.34,4.93,3.67,0.0,0.0,0.0,0,0.93,neutral,neutral,0,-0.512,32,924,1,
s3822,JUPUSDT,1780737300000,train,1,4.67,0.577,4.97,4.84,0.53,3.74,2.82,0.0,0.0,0.0,0,0.93,neutral,alcista,0,-0.883,32,924,6,
s3823,PENDLEUSDT,1780737300000,train,1,4.32,0.539,4.7,4.6,0.57,3.38,2.74,0.0,0.0,0.0,0,0.93,neutral,neutral,0,-1.0,32,924,1,
s3824,FETUSDT,1780737300000,train,1,3.92,0.419,4.93,4.43,0.64,2.99,1.89,0.0,0.0,0.0,0,0.93,neutral,neutral,0,-0.511,32,923,1,
s3825,STXUSDT,1780737300000,testB,1,5.86,0.577,6.08,5.97,1.2,4.92,3.25,0.0,0.0,0.0,0,0.93,neutral,alcista,0,-0.459,32,923,2,
s3826,GRTUSDT,1780737300000,testB,1,2.64,0.367,3.48,2.98,0.5,1.71,1.42,0.0,0.0,0.0,0,0.93,neutral,neutral,0,-1.0,5,923,1,
s3827,LDOUSDT,1780737300000,testB,1,4.47,0.554,4.62,4.43,0.74,3.54,2.29,0.0,0.0,0.0,0,0.93,neutral,neutral,0,-0.509,32,923,1,
s3828,SANDUSDT,1780737300000,testB,1,3.3,0.411,3.89,3.82,0.48,2.37,1.81,0.0,0.0,0.0,0,0.93,neutral,neutral,0,-0.207,32,923,1,
s3829,MANAUSDT,1780737300000,testB,1,2.9,0.463,3.56,3.41,0.38,1.97,1.55,0.0,0.0,0.0,0,0.93,neutral,neutral,0,-0.522,32,923,1,
s3830,AXSUSDT,1780737300000,testB,1,3.14,0.452,4.13,3.37,0.66,2.2,1.42,0.0,0.0,0.0,0,0.93,neutral,neutral,0,-1.0,5,923,1,
s3831,APEUSDT,1780737300000,testB,1,5.24,0.646,5.3,5.22,0.67,4.31,3.06,0.0,0.0,0.0,0,0.93,neutral,alcista,0,-0.692,32,923,2,
s3832,PUMPUSDT,1780738200000,train,1,4.61,0.6,5.18,4.55,0.43,4.16,2.24,0.0,0.0,0.0,0,0.45,neutral,neutral,0,-0.615,32,925,0,
s3833,ARBUSDT,1780738200000,train,1,4.43,0.515,4.99,4.36,0.73,3.98,2.04,0.0,0.0,0.0,0,0.45,neutral,neutral,0,-0.343,32,925,0,
s3834,INJUSDT,1780738200000,train,1,4.62,0.367,7.25,4.79,1.54,4.17,2.09,0.0,0.0,0.0,0,0.45,neutral,neutral,0,-1.0,23,925,0,
s3835,SUIUSDT,1780738200000,train,1,4.03,0.355,4.97,3.99,0.69,3.58,1.67,0.0,0.0,0.0,0,0.45,neutral,neutral,0,-0.148,32,925,0,
s3836,TIAUSDT,1780738200000,train,1,3.16,0.362,3.96,3.3,0.63,2.71,1.57,0.0,0.0,0.0,0,0.45,neutral,neutral,0,-1.0,4,925,0,
s3837,SEIUSDT,1780738200000,train,1,5.16,0.542,5.65,5.01,1.55,4.71,2.78,0.0,0.0,0.0,0,0.45,neutral,neutral,0,-0.541,32,925,0,
s3838,JUPUSDT,1780738200000,train,1,3.61,0.42,4.69,3.8,0.72,3.16,1.83,0.0,0.0,0.0,0,0.45,neutral,neutral,0,-1.0,4,925,0,
s3839,PENDLEUSDT,1780738200000,train,1,3.84,0.452,4.73,4.08,0.71,3.39,1.91,0.0,0.0,0.0,0,0.45,neutral,neutral,0,-1.0,31,925,0,
s3840,STXUSDT,1780738200000,testB,1,4.27,0.407,5.25,4.2,1.33,3.82,2.01,0.0,0.0,0.0,0,0.45,neutral,neutral,0,-0.421,32,924,0,
s3841,LDOUSDT,1780738200000,testB,1,3.21,0.403,4.04,3.27,0.83,2.76,1.51,0.0,0.0,0.0,0,0.45,neutral,neutral,0,-0.565,32,924,0,
s3842,APEUSDT,1780738200000,testB,1,3.93,0.54,4.51,4.03,0.79,3.48,2.51,0.0,0.0,0.0,0,0.45,neutral,neutral,0,-1.0,32,924,0,
s3843,PUMPUSDT,1780739100000,train,1,2.83,0.358,4.45,2.83,0.57,2.77,1.1,0.0,0.0,0.0,0,0.06,neutral,neutral,0,-0.575,32,926,0,
s3844,FETUSDT,1780743600000,train,-1,-3.24,0.368,4.55,4.34,1.14,-2.48,1.97,0.0,0.0,0.0,0,-0.75,neutral,neutral,0,-0.386,32,930,1,
s3845,FETUSDT,1780748100000,train,-1,-2.77,0.364,4.72,3.47,0.65,-1.67,0.75,0.0,0.0,0.0,0,-1.1,neutral,neutral,0,-0.045,32,935,1,
s3846,AXSUSDT,1780748100000,testB,-1,-2.27,0.412,4.2,2.54,0.56,-1.17,0.54,0.0,0.0,0.0,0,-1.1,neutral,bajista,0,-1.0,9,935,2,
s3847,INJUSDT,1780751700000,train,-1,-4.89,0.423,6.54,5.32,0.63,-4.18,0.86,0.0,0.0,0.0,0,-0.71,neutral,neutral,0,0.223,32,940,0,
s3848,PENDLEUSDT,1780751700000,train,-1,-2.5,0.399,3.44,2.58,0.75,-1.79,0.59,0.0,0.0,0.0,0,-0.71,neutral,bajista,0,0.099,32,940,2,
s3849,XPLUSDT,1780754400000,train,1,4.18,0.45,5.95,4.97,0.78,3.72,0.95,0.0,0.0,0.0,0,0.47,neutral,neutral,0,-0.684,32,943,1,
s3850,PUMPUSDT,1780754400000,train,1,2.66,0.435,3.64,3.22,0.63,2.19,0.53,0.0,0.0,0.0,0,0.47,neutral,neutral,0,-1.0,14,943,1,
s3851,STBLUSDT,1780754400000,train,1,4.07,0.418,5.06,4.76,0.88,3.6,1.62,0.0,0.0,0.0,0,0.47,neutral,neutral,0,-0.625,32,943,1,
s3852,0GUSDT,1780754400000,train,1,2.71,0.485,3.95,3.68,1.05,2.25,1.12,0.0,0.0,0.0,0,0.47,neutral,neutral,0,-0.055,32,943,1,
s3853,ENAUSDT,1780754400000,train,1,4.54,0.457,5.56,5.46,0.92,4.08,1.99,0.0,0.0,0.0,0,0.47,neutral,alcista,0,-1.0,14,943,3,
s3854,ARBUSDT,1780754400000,train,1,2.67,0.429,3.72,3.59,0.67,2.2,1.08,0.0,0.0,0.0,0,0.47,neutral,neutral,0,-0.621,32,943,1,
s3855,OPUSDT,1780754400000,train,1,2.96,0.4,4.21,3.91,0.72,2.5,0.81,0.0,0.0,0.0,0,0.47,neutral,neutral,0,-1.0,13,943,1,
s3856,SUIUSDT,1780754400000,train,1,3.6,0.5,5.59,4.56,0.73,3.13,1.18,0.0,0.0,0.0,0,0.47,neutral,neutral,0,-0.323,32,943,1,
s3857,TIAUSDT,1780754400000,train,1,2.59,0.442,3.95,3.72,0.82,2.12,0.95,0.0,0.0,0.0,0,0.47,neutral,neutral,0,-0.277,32,943,1,
s3858,ARUSDT,1780754400000,testB,1,4.62,0.462,5.05,4.73,0.53,4.15,1.09,0.0,0.0,0.0,0,0.47,neutral,neutral,0,-0.722,32,942,1,
s3859,SANDUSDT,1780754400000,testB,1,2.68,0.456,3.91,3.6,0.56,2.21,1.04,0.0,0.0,0.0,0,0.47,neutral,neutral,0,-0.431,32,942,1,
s3860,AXSUSDT,1780754400000,testB,1,2.33,0.429,3.9,3.68,0.63,1.86,1.05,0.0,0.0,0.0,0,0.47,neutral,neutral,0,-0.294,32,942,1,
s3861,0GUSDT,1780755300000,train,1,2.37,0.399,3.96,3.22,1.08,1.78,0.67,0.0,0.0,0.0,0,0.59,neutral,neutral,0,0.229,32,944,0,
s3862,SUIUSDT,1780755300000,train,1,4.24,0.559,5.72,5.02,1.09,3.65,1.62,0.0,0.0,0.0,0,0.59,neutral,alcista,0,-0.333,32,944,2,
s3863,SANDUSDT,1780755300000,testB,1,2.44,0.4,3.92,3.34,0.69,1.85,0.74,0.0,0.0,0.0,0,0.59,neutral,neutral,0,-0.443,32,943,0,
s3864,AXSUSDT,1780755300000,testB,1,2.33,0.429,3.91,3.47,0.78,1.74,0.84,0.0,0.0,0.0,0,0.59,neutral,neutral,0,-0.281,32,943,0,
s3865,STBLUSDT,1780756200000,train,1,4.09,0.422,4.87,4.06,0.69,3.21,1.13,0.0,0.0,0.0,0,0.88,neutral,neutral,0,-0.758,32,945,1,
s3866,0GUSDT,1780756200000,train,1,2.97,0.524,3.76,3.15,0.84,2.09,0.82,0.0,0.0,0.0,0,0.88,neutral,neutral,0,0.436,32,945,1,
s3867,ARBUSDT,1780756200000,train,1,2.68,0.412,3.61,2.99,0.84,1.8,0.77,0.0,0.0,0.0,0,0.88,neutral,neutral,0,-0.583,32,945,1,
s3868,SUIUSDT,1780756200000,train,1,5.14,0.664,5.56,5.27,1.2,4.26,2.09,0.0,0.0,0.0,0,0.88,neutral,alcista,0,-0.394,32,945,3,
s3869,TIAUSDT,1780756200000,train,1,2.95,0.467,3.73,3.23,0.85,2.06,0.84,0.0,0.0,0.0,0,0.88,neutral,neutral,0,-0.124,32,945,1,
s3870,SEIUSDT,1780756200000,train,1,2.16,0.373,3.38,2.57,0.68,1.27,0.36,0.0,0.0,0.0,0,0.88,neutral,neutral,0,-0.689,32,945,1,
s3871,ARUSDT,1780756200000,testB,1,4.11,0.434,4.63,4.26,0.67,3.22,1.15,0.0,0.0,0.0,0,0.88,neutral,neutral,0,-1.0,12,944,1,
s3872,SANDUSDT,1780756200000,testB,1,3.18,0.514,3.72,3.41,0.86,2.3,1.11,0.0,0.0,0.0,0,0.88,neutral,neutral,0,-0.5,32,944,1,
s3873,MANAUSDT,1780756200000,testB,1,2.13,0.438,2.83,2.53,1.02,1.24,0.87,0.0,0.0,0.0,0,0.88,neutral,neutral,0,-0.706,32,944,1,
s3874,AXSUSDT,1780756200000,testB,1,3.12,0.56,3.78,3.57,1.12,2.24,1.22,0.0,0.0,0.0,0,0.88,neutral,neutral,0,-0.333,32,944,1,
s3875,SUIUSDT,1780757100000,train,1,3.92,0.498,4.78,3.84,1.16,3.58,1.46,0.0,0.0,0.0,0,0.34,neutral,neutral,0,-0.386,32,946,0,
s3876,ARUSDT,1780757100000,testB,1,3.32,0.374,4.16,3.42,0.59,2.98,1.16,0.0,0.0,0.0,0,0.34,neutral,neutral,0,-1.0,10,945,0,
s3877,SANDUSDT,1780757100000,testB,1,2.12,0.355,2.87,2.13,0.88,1.78,0.77,0.0,0.0,0.0,0,0.34,neutral,neutral,0,-0.595,32,945,0,
s3878,AXSUSDT,1780757100000,testB,1,2.11,0.373,3.04,2.28,1.19,1.77,0.73,0.0,0.0,0.0,0,0.34,neutral,neutral,0,-1.0,12,945,0,
s3879,ARUSDT,1780765200000,testB,-1,-3.0,0.393,4.12,3.69,0.98,-2.53,1.6,0.0,0.0,0.0,0,-0.46,neutral,bajista,0,-1.0,32,954,2,
s3880,APEUSDT,1780765200000,testB,-1,-2.18,0.458,2.72,2.39,1.15,-1.72,0.72,0.0,0.0,0.0,0,-0.46,neutral,neutral,0,-1.0,31,954,0,
s3881,OPUSDT,1780766100000,train,-1,-3.09,0.405,4.26,3.72,0.92,-2.76,1.19,0.0,0.0,0.0,0,-0.33,neutral,bajista,0,-0.571,32,956,2,
s3882,ARUSDT,1780766100000,testB,-1,-3.52,0.45,4.52,4.08,0.98,-3.19,1.71,0.0,0.0,0.0,0,-0.33,neutral,bajista,0,-1.0,31,955,3,
s3883,APEUSDT,1780766100000,testB,-1,-2.83,0.522,3.33,3.25,1.23,-2.5,1.68,0.0,0.0,0.0,0,-0.33,neutral,neutral,0,-1.0,30,955,1,
s3884,XPLUSDT,1780767000000,train,-1,-3.53,0.45,5.25,4.42,0.8,-3.21,1.4,0.0,0.0,0.0,0,-0.32,neutral,bajista,0,-1.0,30,957,4,
s3885,PUMPUSDT,1780767000000,train,-1,-2.46,0.354,3.74,3.17,1.38,-2.14,1.46,0.0,0.0,0.0,0,-0.32,neutral,bajista,0,-1.0,28,957,3,
s3886,PENDLEUSDT,1780767000000,train,-1,-2.74,0.448,3.48,3.12,1.16,-2.42,1.28,0.0,0.0,0.0,0,-0.32,neutral,bajista,0,-1.0,28,957,4,
s3887,ARUSDT,1780767000000,testB,-1,-3.27,0.431,5.07,4.36,0.95,-2.95,1.89,0.0,0.0,0.0,0,-0.32,neutral,bajista,0,-1.0,30,956,4,
s3888,APEUSDT,1780767000000,testB,-1,-3.33,0.562,5.12,3.94,1.92,-3.01,2.27,0.0,0.0,0.0,0,-0.32,neutral,bajista,0,-1.0,29,956,2,
s3889,XPLUSDT,1780767900000,train,-1,-2.82,0.394,4.73,4.08,0.93,-2.45,1.39,0.0,0.0,0.0,0,-0.37,neutral,bajista,0,-1.0,29,958,5,
s3890,OPUSDT,1780767900000,train,-1,-2.91,0.368,4.71,4.28,0.79,-2.54,1.59,0.0,0.0,0.0,0,-0.37,neutral,neutral,0,-0.65,32,958,1,
s3891,PENDLEUSDT,1780767900000,train,-1,-2.71,0.445,3.64,3.29,0.97,-2.34,1.52,0.0,0.0,0.0,0,-0.37,neutral,bajista,0,-1.0,23,958,5,
s3892,ARUSDT,1780767900000,testB,-1,-3.18,0.423,5.25,4.71,0.82,-2.81,2.13,0.0,0.0,0.0,0,-0.37,neutral,bajista,0,-1.0,29,957,5,
s3893,APEUSDT,1780767900000,testB,-1,-3.58,0.579,4.81,4.31,2.14,-3.21,2.69,0.0,0.0,0.0,0,-0.37,neutral,bajista,0,-1.0,28,957,3,
s3894,XPLUSDT,1780768800000,train,-1,-3.87,0.566,4.64,4.05,0.92,-3.19,1.63,0.0,0.0,0.0,0,-0.68,neutral,bajista,0,-1.0,28,959,6,
s3895,STBLUSDT,1780768800000,train,-1,-3.4,0.615,4.49,3.92,1.81,-2.72,1.49,0.0,0.0,0.0,0,-0.68,neutral,neutral,0,-1.0,30,959,0,
s3896,ENAUSDT,1780768800000,train,-1,-4.91,0.424,6.4,5.46,0.68,-4.23,1.38,0.0,0.0,0.0,0,-0.68,neutral,neutral,0,-1.0,30,959,0,
s3897,ARBUSDT,1780768800000,train,-1,-2.35,0.463,3.17,2.66,0.71,-1.67,0.79,0.0,0.0,0.0,0,-0.68,neutral,neutral,0,-1.0,28,959,0,
s3898,OPUSDT,1780768800000,train,-1,-3.49,0.486,4.69,3.83,0.81,-2.81,1.12,0.0,0.0,0.0,0,-0.68,neutral,neutral,0,-0.5,32,959,0,
s3899,INJUSDT,1780768800000,train,-1,-3.04,0.486,3.27,3.13,0.99,-2.36,1.67,0.0,0.0,0.0,0,-0.68,neutral,bajista,0,-1.0,23,959,5,
s3900,TIAUSDT,1780768800000,train,-1,-2.13,0.381,2.95,2.48,1.02,-1.45,0.69,0.0,0.0,0.0,0,-0.68,neutral,neutral,0,-1.0,22,959,0,
s3901,JUPUSDT,1780768800000,train,-1,-3.45,0.54,4.16,3.9,0.96,-2.77,1.41,0.0,0.0,0.0,0,-0.68,neutral,neutral,0,-1.0,29,959,0,
s3902,PENDLEUSDT,1780768800000,train,-1,-2.97,0.501,3.55,3.24,1.13,-2.29,1.39,0.0,0.0,0.0,0,-0.68,neutral,bajista,0,-1.0,22,959,6,
s3903,ARUSDT,1780768800000,testB,-1,-4.15,0.603,5.27,4.94,0.73,-3.47,2.15,0.0,0.0,0.0,0,-0.68,neutral,bajista,0,-1.0,28,958,6,
s3904,STXUSDT,1780768800000,testB,-1,-2.54,0.371,3.18,2.84,0.81,-1.86,1.24,0.0,0.0,0.0,0,-0.68,neutral,bajista,0,-1.0,25,958,2,
s3905,LDOUSDT,1780768800000,testB,-1,-2.0,0.377,2.52,2.32,0.78,-1.32,0.98,0.0,0.0,0.0,0,-0.68,neutral,bajista,0,-1.0,28,958,5,
s3906,AXSUSDT,1780768800000,testB,-1,-2.38,0.458,3.22,2.89,0.98,-1.7,1.07,0.0,0.0,0.0,0,-0.68,neutral,neutral,0,-1.0,26,958,0,
s3907,APEUSDT,1780768800000,testB,-1,-3.09,0.463,4.78,3.52,2.41,-2.41,1.72,0.0,0.0,0.0,0,-0.68,neutral,neutral,0,-1.0,27,958,0,
s3908,STBLUSDT,1780769700000,train,-1,-2.31,0.403,4.02,2.8,1.32,-2.0,0.69,0.0,0.0,0.0,0,-0.31,neutral,neutral,0,-1.0,29,960,0,
s3909,STBLUSDT,1780770600000,train,-1,-2.39,0.418,3.72,2.54,0.87,-1.83,0.66,0.0,0.0,0.0,0,-0.57,neutral,neutral,0,-1.0,28,961,0,
s3910,SUIUSDT,1780770600000,train,-1,-2.37,0.376,3.51,2.6,0.61,-1.8,0.53,0.0,0.0,0.0,0,-0.57,neutral,neutral,0,-1.0,26,961,1,
s3911,ARUSDT,1780770600000,testB,-1,-3.63,0.476,5.24,4.42,0.91,-3.06,1.31,0.0,0.0,0.0,0,-0.57,neutral,neutral,0,-1.0,26,960,1,
s3912,STBLUSDT,1780771500000,train,-1,-2.27,0.405,3.38,2.41,0.66,-2.01,1.02,0.0,0.0,0.0,0,-0.26,neutral,neutral,0,-1.0,26,962,1,
s3913,ARUSDT,1780771500000,testB,-1,-3.58,0.472,4.86,4.1,0.88,-3.32,1.34,0.0,0.0,0.0,0,-0.26,neutral,bajista,0,-1.0,24,961,2,
s3914,STBLUSDT,1780774200000,train,-1,-2.28,0.424,3.26,2.64,1.0,-1.9,0.97,0.0,0.0,0.0,0,-0.38,neutral,neutral,0,-1.0,23,965,0,
s3915,APEUSDT,1780774200000,testB,-1,-3.74,0.418,4.48,4.06,0.5,-3.37,1.83,0.0,0.0,0.0,0,-0.38,neutral,bajista,0,-1.0,20,964,2,
s3916,STBLUSDT,1780775100000,train,-1,-2.37,0.433,3.27,2.91,0.91,-2.06,1.01,0.0,0.0,0.0,0,-0.31,neutral,neutral,0,-1.0,22,966,1,
s3917,APEUSDT,1780775100000,testB,-1,-3.92,0.429,4.58,4.5,0.52,-3.6,2.0,0.0,0.0,0.0,0,-0.31,neutral,bajista,0,-1.0,19,965,3,
s3918,STBLUSDT,1780776000000,train,-1,-2.24,0.406,3.17,2.56,0.69,-1.9,0.84,0.0,0.0,0.0,0,-0.35,neutral,neutral,0,-1.0,21,967,0,
s3919,SEIUSDT,1780776000000,train,-1,-2.09,0.385,3.14,2.82,1.09,-1.74,0.96,0.0,0.0,0.0,0,-0.35,neutral,bajista,0,-1.0,20,967,4,
s3920,APEUSDT,1780776000000,testB,-1,-3.43,0.362,4.31,3.63,0.58,-3.08,1.43,0.0,0.0,0.0,0,-0.35,neutral,neutral,0,-1.0,18,966,0,
s3921,STBLUSDT,1780776900000,train,-1,-2.17,0.397,3.19,3.1,0.67,-2.13,1.29,0.0,0.0,0.0,0,-0.04,neutral,neutral,0,-1.0,20,968,1,
s3922,STBLUSDT,1780778700000,train,-1,-2.33,0.415,3.14,2.74,0.51,-2.21,0.79,0.0,0.0,0.0,0,-0.12,neutral,neutral,0,-1.0,18,970,1,
s3923,PENDLEUSDT,1780780500000,train,1,2.03,0.436,2.89,2.81,0.48,1.68,1.24,0.0,0.0,0.0,0,0.35,neutral,alcista,0,1.003,32,972,5,
s3924,WLDUSDT,1780781400000,train,1,6.81,0.413,7.7,7.35,0.64,6.63,2.57,0.0,0.0,0.0,0,0.18,neutral,alcista,0,0.9,32,973,3,
s3925,PENDLEUSDT,1780781400000,train,1,2.16,0.456,3.25,2.92,0.47,1.98,1.22,0.0,0.0,0.0,0,0.18,neutral,alcista,0,0.983,32,973,6,
s3926,FETUSDT,1780781400000,train,1,2.74,0.417,4.03,3.58,1.57,2.56,1.68,0.0,0.0,0.0,0,0.18,neutral,alcista,0,1.423,32,972,3,
s3927,WLDUSDT,1780782300000,train,1,6.39,0.391,6.93,6.32,0.66,6.12,2.3,0.0,0.0,0.0,0,0.27,neutral,neutral,0,0.816,32,974,0,
s3928,PENDLEUSDT,1780782300000,train,1,2.22,0.472,3.2,2.47,0.49,1.95,0.77,0.0,0.0,0.0,0,0.27,neutral,neutral,0,1.329,32,974,0,
s3929,FETUSDT,1780782300000,train,1,2.55,0.374,4.01,2.89,1.32,2.27,1.0,0.0,0.0,0.0,0,0.27,neutral,neutral,1,2.0,16,973,0,
s3930,PENDLEUSDT,1780783200000,train,1,2.53,0.515,3.19,2.71,0.35,2.32,1.03,0.0,0.0,0.0,0,0.21,neutral,neutral,0,1.131,32,975,1,
s3931,OPUSDT,1780784100000,train,-1,-2.11,0.357,2.59,2.27,0.86,-1.71,0.77,0.0,0.0,0.0,0,-0.4,neutral,bajista,0,-1.0,11,976,3,
s3932,0GUSDT,1780785900000,train,1,2.23,0.471,3.1,2.81,1.36,2.38,1.58,0.0,0.0,0.0,0,-0.15,neutral,alcista,0,0.435,32,978,4,
s3933,0GUSDT,1780788600000,train,1,2.23,0.471,3.11,2.78,0.67,1.85,1.23,0.0,0.0,0.0,0,0.37,neutral,neutral,0,0.345,32,981,1,
s3934,TIAUSDT,1780788600000,train,1,2.06,0.473,3.02,2.65,1.15,1.69,1.11,0.0,0.0,0.0,0,0.37,neutral,neutral,0,1.288,32,981,1,
s3935,PENDLEUSDT,1780788600000,train,1,2.17,0.509,2.79,2.56,1.07,1.8,1.03,0.0,0.0,0.0,0,0.37,neutral,neutral,0,1.167,32,981,1,
s3936,FETUSDT,1780788600000,train,1,2.79,0.422,3.87,3.57,0.79,2.41,1.49,0.0,0.0,0.0,0,0.37,neutral,alcista,0,1.479,32,980,3,
s3937,APEUSDT,1780788600000,testB,1,2.79,0.429,3.7,3.37,1.01,2.42,1.42,0.0,0.0,0.0,0,0.37,neutral,alcista,0,0.39,32,980,5,
s3938,0GUSDT,1780789500000,train,1,3.32,0.636,3.61,3.51,0.69,2.85,1.77,0.0,0.0,0.0,0,0.47,neutral,alcista,0,0.159,32,982,2,
s3939,INJUSDT,1780789500000,train,1,2.71,0.515,3.37,3.02,1.25,2.23,1.26,0.0,0.0,0.0,0,0.47,neutral,alcista,0,0.833,32,982,2,
s3940,TIAUSDT,1780789500000,train,1,2.41,0.597,3.02,2.62,1.02,1.94,0.93,0.0,0.0,0.0,0,0.47,neutral,neutral,0,1.405,32,982,0,
s3941,PENDLEUSDT,1780789500000,train,1,2.36,0.559,2.79,2.62,1.11,1.89,0.96,0.0,0.0,0.0,0,0.47,neutral,alcista,0,1.172,32,982,2,
s3942,FETUSDT,1780789500000,train,1,3.47,0.519,4.2,3.9,1.01,3.0,1.6,0.0,0.0,0.0,0,0.47,neutral,alcista,0,1.269,32,981,4,
s3943,ARUSDT,1780789500000,testB,1,2.41,0.407,3.37,2.84,1.47,1.94,1.13,0.0,0.0,0.0,0,0.47,neutral,neutral,1,2.0,19,981,0,
s3944,AXSUSDT,1780789500000,testB,1,2.1,0.487,2.6,2.49,0.89,1.63,0.89,0.0,0.0,0.0,0,0.47,neutral,alcista,0,1.043,32,981,2,
s3945,APEUSDT,1780789500000,testB,1,3.14,0.507,3.7,3.29,1.37,2.67,1.15,0.0,0.0,0.0,0,0.47,neutral,neutral,0,0.45,32,981,0,
s3946,0GUSDT,1780790400000,train,1,2.61,0.44,3.63,2.81,0.78,2.21,1.01,0.0,0.0,0.0,0,0.4,neutral,neutral,0,0.424,32,983,0,
s3947,SUIUSDT,1780790400000,train,1,2.18,0.573,2.53,2.25,1.06,1.77,0.91,0.0,0.0,0.0,0,0.4,neutral,neutral,1,2.0,6,983,1,
s3948,TIAUSDT,1780790400000,train,1,2.06,0.56,2.65,2.29,0.95,1.66,0.95,0.0,0.0,0.0,0,0.4,neutral,neutral,0,1.391,32,983,1,
s3949,PENDLEUSDT,1780790400000,train,1,2.05,0.452,2.8,2.06,1.07,1.64,0.63,0.0,0.0,0.0,0,0.4,neutral,neutral,0,1.474,32,983,0,
s3950,FETUSDT,1780790400000,train,1,3.0,0.446,3.66,3.06,1.05,2.59,1.24,0.0,0.0,0.0,0,0.4,neutral,neutral,1,2.0,27,982,0,
s3951,ARUSDT,1780790400000,testB,1,2.57,0.423,3.14,2.93,1.97,2.16,1.54,0.0,0.0,0.0,0,0.4,neutral,neutral,1,2.0,25,982,1,
s3952,APEUSDT,1780790400000,testB,1,2.79,0.478,3.45,2.96,1.64,2.39,1.24,0.0,0.0,0.0,0,0.4,neutral,neutral,0,0.444,32,982,1,
s3953,XPLUSDT,1780791300000,train,1,3.82,0.492,3.91,3.88,1.37,3.42,1.89,0.0,0.0,0.0,0,0.41,neutral,alcista,0,1.023,32,984,2,
s3954,PUMPUSDT,1780791300000,train,1,2.89,0.37,3.51,3.23,0.59,2.48,0.99,0.0,0.0,0.0,0,0.41,neutral,neutral,0,1.739,32,984,1,
s3955,0GUSDT,1780791300000,train,1,2.44,0.409,3.34,2.41,1.32,2.03,0.79,0.0,0.0,0.0,0,0.41,neutral,neutral,0,0.699,32,984,0,
s3956,INJUSDT,1780791300000,train,1,2.04,0.386,2.87,2.21,2.17,1.63,0.92,0.0,0.0,0.0,0,0.41,neutral,neutral,1,2.0,18,984,1,
s3957,SUIUSDT,1780791300000,train,1,2.33,0.59,2.51,2.43,1.17,1.92,1.03,0.0,0.0,0.0,0,0.41,neutral,alcista,1,2.0,6,984,2,
s3958,TIAUSDT,1780791300000,train,1,2.68,0.653,2.8,2.77,0.95,2.27,1.32,0.0,0.0,0.0,0,0.41,neutral,alcista,0,0.94,32,984,2,
s3959,PENDLEUSDT,1780791300000,train,1,2.12,0.461,2.74,2.16,0.93,1.72,0.67,0.0,0.0,0.0,0,0.41,neutral,neutral,0,1.574,32,984,1,
s3960,FETUSDT,1780791300000,train,1,3.88,0.524,3.78,3.78,1.01,3.47,1.85,0.0,0.0,0.0,0,0.41,neutral,neutral,0,1.145,32,983,1,
s3961,ARUSDT,1780791300000,testB,1,3.34,0.521,3.5,3.44,2.3,2.93,1.96,0.0,0.0,0.0,0,0.41,neutral,alcista,0,1.446,32,983,2,
s3962,STXUSDT,1780791300000,testB,1,2.2,0.448,2.26,2.26,1.24,1.79,1.09,0.0,0.0,0.0,0,0.41,neutral,neutral,0,1.39,32,983,1,
s3963,AXSUSDT,1780791300000,testB,1,2.11,0.487,2.61,2.17,1.19,1.7,0.73,0.0,0.0,0.0,0,0.41,neutral,neutral,0,1.15,32,983,1,
s3964,APEUSDT,1780791300000,testB,1,3.21,0.514,3.28,3.19,1.7,2.81,1.57,0.0,0.0,0.0,0,0.41,neutral,alcista,0,0.282,32,983,2,
s3965,XPLUSDT,1780792200000,train,1,3.13,0.427,4.37,3.58,1.19,3.05,1.6,0.0,0.0,0.0,0,0.09,neutral,neutral,0,1.506,32,985,0,
s3966,ARUSDT,1780792200000,testB,1,2.88,0.486,3.97,3.33,2.87,2.8,2.05,0.0,0.0,0.0,0,0.09,neutral,alcista,0,1.746,32,984,3,
s3967,APEUSDT,1780792200000,testB,1,2.76,0.478,4.16,3.59,1.94,2.68,1.93,0.0,0.0,0.0,0,0.09,neutral,alcista,0,0.364,32,984,3,
s3968,XPLUSDT,1780793100000,train,1,4.21,0.555,4.36,4.13,1.21,4.1,1.99,0.0,0.0,0.0,0,0.12,neutral,neutral,0,1.058,32,986,1,
s3969,WLDUSDT,1780793100000,train,1,5.1,0.386,5.77,5.51,2.75,4.98,3.94,0.0,0.0,0.0,0,0.12,neutral,neutral,0,0.529,32,986,1,
s3970,ARUSDT,1780793100000,testB,1,3.6,0.569,4.1,3.84,3.0,3.48,2.28,0.0,0.0,0.0,0,0.12,neutral,alcista,0,1.575,32,985,4,
s3971,APEUSDT,1780793100000,testB,1,3.77,0.556,4.76,4.6,1.64,3.65,2.66,0.0,0.0,0.0,0,0.12,neutral,alcista,0,0.211,32,985,4,
s3972,XPLUSDT,1780794000000,train,1,6.38,0.654,6.27,6.02,1.37,5.65,4.07,0.0,0.0,0.0,0,0.74,neutral,alcista,0,0.42,32,987,2,
s3973,PUMPUSDT,1780794000000,train,1,3.35,0.448,4.13,3.58,1.4,2.61,2.52,0.0,0.0,0.0,0,0.74,neutral,alcista,0,1.5,32,987,2,
s3974,0GUSDT,1780794000000,train,1,2.76,0.376,2.85,2.82,1.65,2.02,1.54,0.0,0.0,0.0,0,0.74,neutral,neutral,0,0.802,32,987,1,
s3975,ARBUSDT,1780794000000,train,1,2.77,0.611,3.56,3.31,1.69,2.04,2.38,0.0,0.0,0.0,0,0.74,neutral,neutral,0,0.778,32,987,1,
s3976,INJUSDT,1780794000000,train,1,2.78,0.42,3.98,3.54,3.27,2.04,2.49,0.0,0.0,0.0,0,0.74,neutral,neutral,0,0.704,32,987,1,
s3977,SUIUSDT,1780794000000,train,1,4.21,0.691,5.22,4.79,3.44,3.47,3.47,0.0,0.0,0.0,0,0.74,neutral,alcista,0,0.6,32,987,2,
s3978,TIAUSDT,1780794000000,train,1,3.05,0.552,3.61,3.39,1.31,2.31,2.28,0.0,0.0,0.0,0,0.74,neutral,neutral,0,0.962,32,987,1,
s3979,SEIUSDT,1780794000000,train,1,2.49,0.563,3.23,2.93,1.73,1.75,1.98,0.0,0.0,0.0,0,0.74,neutral,alcista,0,1.929,32,987,4,
s3980,ONDOUSDT,1780794000000,train,1,3.0,0.413,4.68,4.02,2.09,2.26,2.86,0.0,0.0,0.0,0,0.74,neutral,alcista,0,1.299,32,986,4,
s3981,FETUSDT,1780794000000,train,1,3.76,0.44,5.0,4.51,1.42,3.02,3.0,0.0,0.0,0.0,0,0.74,neutral,alcista,0,0.652,32,986,2,
s3982,ARUSDT,1780794000000,testB,1,5.65,0.675,6.43,6.02,2.84,4.91,4.22,0.0,0.0,0.0,0,0.74,neutral,alcista,0,0.521,32,986,5,
s3983,STXUSDT,1780794000000,testB,1,3.07,0.579,3.68,3.35,1.16,2.33,2.49,0.0,0.0,0.0,0,0.74,neutral,alcista,0,0.871,32,986,2,
s3984,LDOUSDT,1780794000000,testB,1,2.28,0.547,2.69,2.57,1.5,1.54,1.9,0.0,0.0,0.0,0,0.74,neutral,neutral,0,1.701,32,986,1,
s3985,AXSUSDT,1780794000000,testB,1,2.41,0.478,2.78,2.67,1.55,1.67,2.07,0.0,0.0,0.0,0,0.74,neutral,neutral,0,0.96,32,986,1,
s3986,APEUSDT,1780794000000,testB,1,5.68,0.654,7.59,6.48,2.11,4.94,4.26,0.0,0.0,0.0,0,0.74,neutral,alcista,0,-0.134,32,986,5,
s3987,ASTERUSDT,1780794900000,train,1,2.05,0.649,2.21,2.01,1.9,0.82,1.14,0.0,0.0,0.0,0,1.23,neutral,alcista,0,1.087,32,988,2,
s3988,XPLUSDT,1780794900000,train,1,6.25,0.653,6.91,6.88,1.72,5.02,4.77,0.0,0.0,0.0,0,1.23,neutral,alcista,0,-0.015,32,988,3,
s3989,PUMPUSDT,1780794900000,train,1,4.92,0.561,4.89,4.82,2.34,3.69,3.4,0.0,0.0,0.0,0,1.23,neutral,alcista,0,0.62,32,988,3,
s3990,STBLUSDT,1780794900000,train,1,2.81,0.5,3.25,3.25,2.47,1.58,2.46,0.0,0.0,0.0,0,1.23,neutral,alcista,1,2.0,29,988,2,
s3991,0GUSDT,1780794900000,train,1,3.46,0.431,3.57,3.48,1.29,2.23,2.02,0.0,0.0,0.0,0,1.23,neutral,alcista,0,0.458,32,988,2,
s3992,ENAUSDT,1780794900000,train,1,4.4,0.409,6.08,5.46,4.78,3.17,3.94,0.0,0.0,0.0,0,1.23,neutral,alcista,0,-0.38,32,988,3,
s3993,ARBUSDT,1780794900000,train,1,3.66,0.707,4.26,4.02,2.8,2.43,2.78,0.0,0.0,0.0,0,1.23,neutral,alcista,0,0.394,32,988,2,
s3994,OPUSDT,1780794900000,train,1,2.78,0.394,3.96,3.85,2.25,1.56,2.52,0.0,0.0,0.0,0,1.23,neutral,alcista,0,0.378,32,988,2,
s3995,INJUSDT,1780794900000,train,1,4.12,0.553,4.73,4.54,4.23,2.89,3.11,0.0,0.0,0.0,0,1.23,neutral,alcista,0,0.166,32,988,2,
s3996,SUIUSDT,1780794900000,train,1,5.37,0.74,5.89,5.86,5,4.14,4.13,0.0,0.0,0.0,0,1.23,neutral,alcista,0,0.285,32,988,3,
s3997,TIAUSDT,1780794900000,train,1,4.3,0.653,4.48,4.44,1.66,3.07,3.0,0.0,0.0,0.0,0,1.23,neutral,alcista,0,0.819,32,988,2,
s3998,SEIUSDT,1780794900000,train,1,3.06,0.614,3.78,3.74,2.1,1.83,2.51,0.0,0.0,0.0,0,1.23,neutral,alcista,0,1.194,32,988,5,
s3999,JUPUSDT,1780794900000,train,1,2.74,0.477,3.88,3.69,2.31,1.51,2.59,0.0,0.0,0.0,0,1.23,neutral,alcista,0,0.362,32,988,2,
s4000,PENDLEUSDT,1780794900000,train,1,2.48,0.461,3.17,3.08,1.76,1.25,2.16,0.0,0.0,0.0,0,1.23,neutral,alcista,0,0.627,32,988,2,
s4001,ONDOUSDT,1780794900000,train,1,4.08,0.504,5.02,4.9,2.71,2.85,3.34,0.0,0.0,0.0,0,1.23,neutral,alcista,0,0.667,32,987,5,
s4002,FETUSDT,1780794900000,train,1,4.82,0.503,5.67,5.57,1.95,3.59,3.59,0.0,0.0,0.0,0,1.23,neutral,alcista,0,0.2,32,987,3,
s4003,ARUSDT,1780794900000,testB,1,6.4,0.702,6.99,6.78,3.1,5.17,4.48,0.0,0.0,0.0,0,1.23,neutral,alcista,0,0.406,32,987,6,
s4004,STXUSDT,1780794900000,testB,1,4.18,0.652,4.39,4.28,1.47,2.95,3.2,0.0,0.0,0.0,0,1.23,neutral,alcista,0,0.337,32,987,3,
s4005,GRTUSDT,1780794900000,testB,1,2.28,0.405,3.03,3.03,1.87,1.06,2.22,0.0,0.0,0.0,0,1.23,neutral,alcista,0,0.311,32,987,3,
s4006,LDOUSDT,1780794900000,testB,1,2.78,0.597,3.28,3.2,2.18,1.55,2.25,0.0,0.0,0.0,0,1.23,neutral,alcista,0,1.083,32,987,2,
s4007,SANDUSDT,1780794900000,testB,1,3.02,0.396,3.64,3.59,1.53,1.79,2.58,0.0,0.0,0.0,0,1.23,neutral,alcista,0,0.247,32,987,2,
s4008,AXSUSDT,1780794900000,testB,1,3.4,0.585,3.5,3.5,2.01,2.17,2.58,0.0,0.0,0.0,0,1.23,neutral,alcista,0,0.455,32,987,2,
s4009,APEUSDT,1780794900000,testB,1,6.58,0.687,7.51,7.51,2.48,5.35,4.74,0.0,0.0,0.0,0,1.23,neutral,alcista,0,-0.302,32,987,6,
s4010,XPLUSDT,1780795800000,train,1,7.0,0.679,8.04,7.75,2.16,5.96,5.24,0.0,0.0,0.0,0,1.04,neutral,alcista,0,-0.243,32,989,4,
s4011,PUMPUSDT,1780795800000,train,1,3.23,0.442,5.03,4.69,2.57,2.19,3.0,0.0,0.0,0.0,0,1.04,neutral,neutral,0,0.522,32,989,0,
s4012,STBLUSDT,1780795800000,train,1,2.14,0.398,4.11,3.04,2.24,1.1,2.05,0.0,0.0,0.0,0,1.04,neutral,neutral,1,2.0,28,989,0,
s4013,0GUSDT,1780795800000,train,1,3.36,0.424,3.9,3.57,1.68,2.32,1.93,0.0,0.0,0.0,0,1.04,neutral,alcista,0,0.391,32,989,3,
s4014,ENAUSDT,1780795800000,train,1,4.65,0.423,6.52,5.84,5,3.61,3.96,0.0,0.0,0.0,0,1.04,neutral,alcista,0,-0.608,32,989,4,
s4015,ARBUSDT,1780795800000,train,1,3.15,0.581,4.4,3.67,3.15,2.11,2.17,0.0,0.0,0.0,0,1.04,neutral,neutral,0,0.367,32,989,0,
s4016,INJUSDT,1780795800000,train,1,3.15,0.396,4.8,3.85,2.21,2.11,2.18,0.0,0.0,0.0,0,1.04,neutral,neutral,0,0.084,32,989,0,
s4017,SUIUSDT,1780795800000,train,1,5.55,0.747,6.36,6.11,5,4.51,3.98,0.0,0.0,0.0,0,1.04,neutral,alcista,0,0.176,32,989,4,
s4018,TIAUSDT,1780795800000,train,1,3.71,0.587,4.71,4.29,2.05,2.67,2.57,0.0,0.0,0.0,0,1.04,neutral,neutral,0,0.511,32,989,0,
s4019,SEIUSDT,1780795800000,train,1,2.63,0.486,3.9,3.34,1.91,1.59,1.92,0.0,0.0,0.0,0,1.04,neutral,neutral,0,1.4,32,989,0,
s4020,ONDOUSDT,1780795800000,train,1,3.29,0.413,5.25,4.59,2.74,2.25,2.78,0.0,0.0,0.0,0,1.04,neutral,neutral,0,0.604,32,988,0,
s4021,FETUSDT,1780795800000,train,1,4.58,0.492,6.26,6.07,2.33,3.54,3.73,0.0,0.0,0.0,0,1.04,neutral,alcista,0,-0.071,32,988,4,
s4022,ARUSDT,1780795800000,testB,1,5.3,0.557,7.04,6.11,2.21,4.26,3.39,0.0,0.0,0.0,0,1.04,neutral,neutral,0,0.403,32,988,0,
s4023,STXUSDT,1780795800000,testB,1,3.5,0.538,4.83,3.92,1.8,2.46,2.58,0.0,0.0,0.0,0,1.04,neutral,neutral,0,0.26,32,988,0,
s4024,LDOUSDT,1780795800000,testB,1,2.35,0.476,3.29,2.87,2.15,1.31,1.74,0.0,0.0,0.0,0,1.04,neutral,neutral,0,1.187,32,988,0,
s4025,AXSUSDT,1780795800000,testB,1,2.62,0.444,3.83,3.09,2.03,1.58,1.94,0.0,0.0,0.0,0,1.04,neutral,neutral,0,0.517,32,988,0,
s4026,APEUSDT,1780795800000,testB,1,4.99,0.469,7.84,6.33,2.23,3.95,3.08,0.0,0.0,0.0,0,1.04,neutral,neutral,0,-0.2,32,988,0,
s4027,ASTERUSDT,1780796700000,train,1,2.32,0.691,2.69,2.52,3.38,1.11,1.6,0.0,0.0,0.0,0,1.21,neutral,neutral,0,0.434,32,990,1,
s4028,XPLUSDT,1780796700000,train,1,7.44,0.746,8.59,7.71,2.31,6.23,4.63,0.0,0.0,0.0,0,1.21,neutral,neutral,0,-0.283,32,990,0,
s4029,PUMPUSDT,1780796700000,train,1,4.96,0.686,5.47,5.4,4.09,3.75,3.3,0.0,0.0,0.0,0,1.21,neutral,neutral,0,0.263,32,990,1,
s4030,STBLUSDT,1780796700000,train,1,3.11,0.542,4.08,3.66,2.28,1.91,2.37,0.0,0.0,0.0,0,1.21,neutral,neutral,0,1.279,32,990,1,
s4031,0GUSDT,1780796700000,train,1,3.16,0.388,3.92,3.1,1.62,1.96,1.25,0.0,0.0,0.0,0,1.21,neutral,neutral,0,0.411,32,990,0,
s4032,ENAUSDT,1780796700000,train,1,5.7,0.497,6.58,6.5,5,4.49,4.14,0.0,0.0,0.0,0,1.21,neutral,alcista,0,-0.674,32,990,5,
s4033,ARBUSDT,1780796700000,train,1,3.54,0.667,4.4,3.79,3.39,2.33,2.0,0.0,0.0,0.0,0,1.21,neutral,neutral,0,0.258,32,990,0,
s4034,OPUSDT,1780796700000,train,1,3.33,0.492,4.37,3.95,2.65,2.13,2.08,0.0,0.0,0.0,0,1.21,neutral,neutral,0,0.132,32,990,1,
s4035,INJUSDT,1780796700000,train,1,4.35,0.489,5.08,4.83,2.91,3.15,2.82,0.0,0.0,0.0,0,1.21,neutral,neutral,0,-0.304,32,990,1,
s4036,SUIUSDT,1780796700000,train,1,5.77,0.794,6.99,5.91,5,4.56,3.29,0.0,0.0,0.0,0,1.21,neutral,neutral,0,0.194,32,990,0,
s4037,TIAUSDT,1780796700000,train,1,4.1,0.685,4.81,4.29,2.22,2.89,2.26,0.0,0.0,0.0,0,1.21,neutral,neutral,0,0.466,32,990,0,
s4038,SEIUSDT,1780796700000,train,1,3.29,0.595,3.91,3.68,2.02,2.08,2.02,0.0,0.0,0.0,0,1.21,neutral,neutral,0,1.175,32,990,1,
s4039,JUPUSDT,1780796700000,train,1,2.49,0.452,3.9,3.19,2.93,1.28,1.65,0.0,0.0,0.0,0,1.21,neutral,neutral,0,0.26,32,990,0,
s4040,PENDLEUSDT,1780796700000,train,1,3.2,0.524,3.7,3.47,2.48,1.99,2.06,0.0,0.0,0.0,0,1.21,neutral,neutral,0,0.155,32,990,1,
s4041,ONDOUSDT,1780796700000,train,1,4.96,0.602,5.44,5.44,3.11,3.75,3.23,0.0,0.0,0.0,0,1.21,neutral,neutral,0,0.277,32,989,1,
s4042,FETUSDT,1780796700000,train,1,5.48,0.614,6.54,6.25,2.57,4.27,3.46,0.0,0.0,0.0,0,1.21,neutral,alcista,0,-0.123,32,989,5,
s4043,ARUSDT,1780796700000,testB,1,6.69,0.687,6.99,6.78,2.06,5.48,3.68,0.0,0.0,0.0,0,1.21,neutral,neutral,0,0.226,32,989,1,
s4044,STXUSDT,1780796700000,testB,1,3.74,0.593,4.84,3.82,1.89,2.53,2.15,0.0,0.0,0.0,0,1.21,neutral,neutral,0,0.211,32,989,0,
s4045,GRTUSDT,1780796700000,testB,1,2.29,0.366,3.08,2.88,2.08,1.08,1.65,0.0,0.0,0.0,0,1.21,neutral,neutral,0,0.017,32,989,1,
s4046,LDOUSDT,1780796700000,testB,1,2.75,0.565,3.32,3.02,2.33,1.54,1.66,0.0,0.0,0.0,0,1.21,neutral,neutral,0,0.975,32,989,1,
s4047,SANDUSDT,1780796700000,testB,1,2.8,0.393,3.69,3.41,1.69,1.59,1.92,0.0,0.0,0.0,0,1.21,neutral,neutral,0,0.067,32,989,1,
s4048,AXSUSDT,1780796700000,testB,1,2.84,0.5,3.83,3.09,2.16,1.64,1.64,0.0,0.0,0.0,0,1.21,neutral,neutral,0,0.414,32,989,0,
s4049,APEUSDT,1780796700000,testB,1,5.91,0.518,7.78,7.07,1.9,4.7,3.49,0.0,0.0,0.0,0,1.21,neutral,neutral,0,-0.356,32,989,1,
s4050,XPLUSDT,1780797600000,train,1,7.88,0.819,8.6,7.61,1.95,6.59,3.88,0.0,0.0,0.0,0,1.29,neutral,neutral,0,-0.272,32,991,0,
s4051,PUMPUSDT,1780797600000,train,1,4.04,0.504,5.51,4.63,2.53,2.74,2.24,0.0,0.0,0.0,0,1.29,neutral,neutral,0,0.397,32,991,0,
s4052,STBLUSDT,1780797600000,train,1,3.51,0.571,4.28,4.02,1.71,2.21,2.47,0.0,0.0,0.0,0,1.29,neutral,alcista,0,1.074,32,991,2,
s4053,ENAUSDT,1780797600000,train,1,4.66,0.369,6.69,5.03,4.88,3.36,2.38,0.0,0.0,0.0,0,1.29,neutral,neutral,0,-0.726,32,991,0,
s4054,ARBUSDT,1780797600000,train,1,3.8,0.75,4.4,3.79,2.17,2.51,1.82,0.0,0.0,0.0,0,1.29,neutral,neutral,0,0.097,32,991,0,
s4055,OPUSDT,1780797600000,train,1,3.01,0.424,4.39,3.55,1.87,1.72,1.51,0.0,0.0,0.0,0,1.29,neutral,neutral,0,0.088,32,991,0,
s4056,INJUSDT,1780797600000,train,1,4.55,0.5,5.18,5.01,2.03,3.26,2.75,0.0,0.0,0.0,0,1.29,neutral,alcista,0,-0.408,32,991,2,
s4057,SUIUSDT,1780797600000,train,1,5.67,0.77,6.83,5.61,2.8,4.38,2.84,0.0,0.0,0.0,0,1.29,neutral,neutral,0,0.033,32,991,0,
s4058,TIAUSDT,1780797600000,train,1,3.86,0.628,4.62,3.91,1.57,2.57,1.87,0.0,0.0,0.0,0,1.29,neutral,neutral,0,0.281,32,991,0,
s4059,SEIUSDT,1780797600000,train,1,3.74,0.664,4.36,3.84,1.62,2.45,2.03,0.0,0.0,0.0,0,1.29,neutral,alcista,0,0.865,32,991,2,
s4060,PENDLEUSDT,1780797600000,train,1,2.95,0.504,3.75,3.37,2.08,1.66,1.82,0.0,0.0,0.0,0,1.29,neutral,alcista,0,-0.048,32,991,2,
s4061,ONDOUSDT,1780797600000,train,1,4.28,0.479,5.6,4.7,2.07,2.99,2.22,0.0,0.0,0.0,0,1.29,neutral,neutral,0,0.392,32,990,0,
s4062,FETUSDT,1780797600000,train,1,5.86,0.68,6.64,6.16,2.11,4.56,3.02,0.0,0.0,0.0,0,1.29,neutral,neutral,0,-0.172,32,990,0,
s4063,ARUSDT,1780797600000,testB,1,6.04,0.581,7.19,6.16,1.32,4.75,2.69,0.0,0.0,0.0,0,1.29,neutral,neutral,0,0.3,32,990,0,
s4064,STXUSDT,1780797600000,testB,1,3.57,0.571,4.79,3.71,1.45,2.27,1.88,0.0,0.0,0.0,0,1.29,neutral,neutral,0,0.101,32,990,0,
s4065,LDOUSDT,1780797600000,testB,1,3.02,0.597,3.35,3.2,1.64,1.73,1.69,0.0,0.0,0.0,0,1.29,neutral,alcista,0,0.655,32,990,2,
s4066,AXSUSDT,1780797600000,testB,1,2.63,0.444,3.84,2.77,1.34,1.33,1.21,0.0,0.0,0.0,0,1.29,neutral,neutral,0,0.385,32,990,0,
s4067,APEUSDT,1780797600000,testB,1,4.92,0.396,7.88,5.89,1.1,3.63,1.95,0.0,0.0,0.0,0,1.29,neutral,neutral,0,-0.149,32,990,0,
s4068,XPLUSDT,1780798500000,train,1,7.21,0.712,8.39,6.84,1.82,5.88,2.96,0.0,0.0,0.0,0,1.32,neutral,neutral,0,-0.161,32,992,0,
s4069,PUMPUSDT,1780798500000,train,1,3.56,0.417,5.43,3.51,1.77,2.24,0.88,0.0,0.0,0.0,0,1.32,neutral,neutral,0,0.98,32,992,0,
s4070,STBLUSDT,1780798500000,train,1,3.08,0.467,4.31,3.33,1.44,1.76,1.51,0.0,0.0,0.0,0,1.32,neutral,neutral,1,2.0,25,992,0,
s4071,ARBUSDT,1780798500000,train,1,3.42,0.628,4.29,3.31,1.64,2.1,1.29,0.0,0.0,0.0,0,1.32,neutral,neutral,0,0.481,32,992,0,
s4072,INJUSDT,1780798500000,train,1,4.2,0.441,5.13,4.09,1.56,2.88,1.65,0.0,0.0,0.0,0,1.32,neutral,neutral,0,-0.278,32,992,0,
s4073,SUIUSDT,1780798500000,train,1,5.21,0.72,6.49,5.11,1.92,3.89,2.4,0.0,0.0,0.0,0,1.32,neutral,neutral,0,0.126,32,992,0,
s4074,TIAUSDT,1780798500000,train,1,2.95,0.427,4.53,3.0,1.33,1.63,0.89,0.0,0.0,0.0,0,1.32,neutral,neutral,1,2.0,28,992,0,
s4075,SEIUSDT,1780798500000,train,1,3.47,0.585,4.35,3.48,1.26,2.15,1.51,0.0,0.0,0.0,0,1.32,neutral,neutral,0,1.0,32,992,0,
s4076,PENDLEUSDT,1780798500000,train,1,2.67,0.434,3.77,2.95,1.58,1.35,1.24,0.0,0.0,0.0,0,1.32,neutral,neutral,0,0.142,32,992,0,
s4077,ONDOUSDT,1780798500000,train,1,3.45,0.352,5.66,3.7,1.64,2.13,0.98,0.0,0.0,0.0,0,1.32,neutral,neutral,1,2.0,26,991,0,
s4078,FETUSDT,1780798500000,train,1,5.31,0.578,6.4,5.14,1.69,3.99,1.9,0.0,0.0,0.0,0,1.32,neutral,neutral,0,0.075,32,991,0,
s4079,ARUSDT,1780798500000,testB,1,6.54,0.612,7.16,6.5,1.04,5.22,2.71,0.0,0.0,0.0,0,1.32,neutral,neutral,0,0.181,32,991,1,
s4080,STXUSDT,1780798500000,testB,1,3.13,0.467,4.82,3.09,1.11,1.8,1.07,0.0,0.0,0.0,0,1.32,neutral,neutral,0,0.526,32,991,0,
s4081,LDOUSDT,1780798500000,testB,1,2.63,0.482,3.33,2.72,1.04,1.31,1.09,0.0,0.0,0.0,0,1.32,neutral,neutral,0,1.099,32,991,0,
s4082,APEUSDT,1780798500000,testB,1,5.06,0.405,7.62,4.74,0.85,3.74,0.92,0.0,0.0,0.0,0,1.32,neutral,neutral,0,0.136,32,991,0,
s4083,XPLUSDT,1780799400000,train,1,6.74,0.679,8.06,6.38,1.41,5.52,2.61,0.0,0.0,0.0,0,1.22,neutral,neutral,0,-0.227,32,993,0,
s4084,PUMPUSDT,1780799400000,train,1,3.41,0.407,5.22,3.37,1.9,2.2,0.98,0.0,0.0,0.0,0,1.22,neutral,neutral,0,0.878,32,993,0,
s4085,STBLUSDT,1780799400000,train,1,3.13,0.477,4.27,3.12,1.08,1.91,1.25,0.0,0.0,0.0,0,1.22,neutral,neutral,1,2.0,24,993,0,
s4086,ARBUSDT,1780799400000,train,1,3.29,0.619,4.04,3.06,1.21,2.08,1.2,0.0,0.0,0.0,0,1.22,neutral,neutral,0,0.48,32,993,0,
s4087,INJUSDT,1780799400000,train,1,3.56,0.363,4.92,3.42,1.28,2.35,1.1,0.0,0.0,0.0,0,1.22,neutral,neutral,0,-0.283,32,993,0,
s4088,SUIUSDT,1780799400000,train,1,5.75,0.74,6.33,5.55,1.22,4.54,2.77,0.0,0.0,0.0,0,1.22,neutral,neutral,0,-0.077,32,993,1,
s4089,TIAUSDT,1780799400000,train,1,2.41,0.36,4.11,2.42,1.06,1.19,0.71,0.0,0.0,0.0,0,1.22,neutral,neutral,1,2.0,27,993,0,
s4090,SEIUSDT,1780799400000,train,1,3.27,0.571,4.08,3.27,1.15,2.05,1.46,0.0,0.0,0.0,0,1.22,neutral,neutral,0,0.822,32,993,1,
s4091,PENDLEUSDT,1780799400000,train,1,2.53,0.421,3.76,3.09,1.4,1.31,1.3,0.0,0.0,0.0,0,1.22,neutral,neutral,0,-0.062,32,993,1,
s4092,ONDOUSDT,1780799400000,train,1,3.98,0.386,5.45,4.01,1.36,2.77,1.45,0.0,0.0,0.0,0,1.22,neutral,neutral,0,0.537,32,992,1,
s4093,FETUSDT,1780799400000,train,1,5.05,0.547,6.41,5.0,1.19,3.84,1.67,0.0,0.0,0.0,0,1.22,neutral,neutral,0,0.029,32,992,0,
s4094,ARUSDT,1780799400000,testB,1,6.23,0.564,7.1,5.86,0.79,5.01,2.01,0.0,0.0,0.0,0,1.22,neutral,neutral,0,0.211,32,992,0,
s4095,STXUSDT,1780799400000,testB,1,3.01,0.458,4.65,2.98,0.67,1.79,1.06,0.0,0.0,0.0,0,1.22,neutral,neutral,0,0.273,32,992,1,
s4096,LDOUSDT,1780799400000,testB,1,2.99,0.514,3.24,3.01,0.89,1.77,1.37,0.0,0.0,0.0,0,1.22,neutral,neutral,0,0.696,32,992,1,
s4097,APEUSDT,1780799400000,testB,1,4.79,0.393,7.21,4.49,0.72,3.57,0.99,0.0,0.0,0.0,0,1.22,neutral,neutral,0,-0.161,32,992,1,
s4098,XPLUSDT,1780800300000,train,1,6.52,0.651,8.07,6.25,1.17,4.94,2.29,0.0,0.0,0.0,0,1.58,neutral,neutral,0,-0.183,32,994,0,
s4099,PUMPUSDT,1780800300000,train,1,3.62,0.421,5.21,3.57,1.55,2.04,1.07,0.0,0.0,0.0,0,1.58,neutral,neutral,0,0.769,32,994,1,
s4100,STBLUSDT,1780800300000,train,1,3.03,0.469,4.27,3.24,1.01,1.45,1.24,0.0,0.0,0.0,0,1.58,neutral,neutral,1,2.0,23,994,1,
s4101,ARBUSDT,1780800300000,train,1,3.54,0.636,4.03,3.42,1.1,1.96,1.46,0.0,0.0,0.0,0,1.58,neutral,neutral,0,0.036,32,994,1,
s4102,SUIUSDT,1780800300000,train,1,5.56,0.697,6.34,5.33,0.94,3.98,2.3,0.0,0.0,0.0,0,1.58,neutral,neutral,0,-0.073,32,994,0,
s4103,SEIUSDT,1780800300000,train,1,3.33,0.581,4.08,3.31,1.1,1.75,1.38,0.0,0.0,0.0,0,1.58,neutral,alcista,0,0.874,32,994,2,
s4104,PENDLEUSDT,1780800300000,train,1,2.41,0.408,3.88,3.08,1.11,0.83,1.13,0.0,0.0,0.0,0,1.58,neutral,neutral,0,-0.117,32,994,0,
s4105,ONDOUSDT,1780800300000,train,1,3.53,0.358,5.39,3.98,1.01,1.95,1.35,0.0,0.0,0.0,0,1.58,neutral,neutral,0,0.526,32,993,0,
s4106,FETUSDT,1780800300000,train,1,5.67,0.587,6.38,5.46,1.18,4.09,2.02,0.0,0.0,0.0,0,1.58,neutral,neutral,0,-0.035,32,993,1,
s4107,ARUSDT,1780800300000,testB,1,5.88,0.551,6.79,5.56,0.67,4.3,1.82,0.0,0.0,0.0,0,1.58,neutral,neutral,0,0.185,32,993,0,
s4108,STXUSDT,1780800300000,testB,1,3.01,0.458,4.59,3.03,0.79,1.43,1.04,0.0,0.0,0.0,0,1.58,neutral,alcista,0,0.143,32,993,2,
s4109,LDOUSDT,1780800300000,testB,1,3.18,0.529,3.53,3.38,1.06,1.6,1.59,0.0,0.0,0.0,0,1.58,neutral,alcista,0,0.416,32,993,2,
s4110,AXSUSDT,1780800300000,testB,1,2.3,0.356,3.75,2.36,0.89,0.72,0.68,0.0,0.0,0.0,0,1.58,neutral,alcista,0,0.273,32,993,2,
s4111,XPLUSDT,1780801200000,train,1,5.2,0.601,7.43,5.71,0.97,3.85,2.15,0.0,0.0,0.0,0,1.34,neutral,neutral,0,-0.14,32,995,1,
s4112,PUMPUSDT,1780801200000,train,1,3.39,0.407,4.77,3.68,1.5,2.04,1.54,0.0,0.0,0.0,0,1.34,neutral,alcista,0,0.519,32,995,2,
s4113,STBLUSDT,1780801200000,train,1,3.21,0.483,4.26,3.45,0.59,1.87,1.36,0.0,0.0,0.0,0,1.34,neutral,alcista,1,2.0,22,995,2,
s4114,ARBUSDT,1780801200000,train,1,3.15,0.61,4.03,3.42,0.87,1.81,1.32,0.0,0.0,0.0,0,1.34,neutral,neutral,0,0.071,32,995,0,
s4115,SUIUSDT,1780801200000,train,1,4.74,0.62,6.12,4.86,0.92,3.4,1.81,0.0,0.0,0.0,0,1.34,neutral,neutral,0,0.008,32,995,0,
s4116,SEIUSDT,1780801200000,train,1,2.97,0.554,4.07,3.39,0.83,1.63,1.33,0.0,0.0,0.0,0,1.34,neutral,alcista,0,0.804,32,995,3,
s4117,PENDLEUSDT,1780801200000,train,1,2.78,0.469,3.87,3.25,0.85,1.44,1.2,0.0,0.0,0.0,0,1.34,neutral,neutral,0,-0.086,32,995,1,
s4118,ONDOUSDT,1780801200000,train,1,3.49,0.356,5.38,4.12,0.84,2.15,1.39,0.0,0.0,0.0,0,1.34,neutral,neutral,0,0.5,32,994,1,
s4119,FETUSDT,1780801200000,train,1,4.1,0.448,5.64,4.18,1.13,2.75,1.37,0.0,0.0,0.0,0,1.34,neutral,neutral,0,-0.023,32,994,0,
s4120,ARUSDT,1780801200000,testB,1,4.96,0.511,6.26,5.24,0.56,3.61,1.85,0.0,0.0,0.0,0,1.34,neutral,neutral,0,0.206,32,994,1,
s4121,STXUSDT,1780801200000,testB,1,2.27,0.383,4.43,2.81,0.77,0.93,0.92,0.0,0.0,0.0,0,1.34,neutral,neutral,0,0.173,32,994,0,
s4122,LDOUSDT,1780801200000,testB,1,2.94,0.49,3.54,3.27,0.98,1.59,1.34,0.0,0.0,0.0,0,1.34,neutral,neutral,0,0.535,32,994,0,
s4123,XPLUSDT,1780802100000,train,1,5.16,0.593,7.09,5.06,0.8,3.59,1.62,0.0,0.0,0.0,0,1.57,neutral,neutral,0,0.066,32,996,0,
s4124,PUMPUSDT,1780802100000,train,1,3.95,0.444,4.34,3.8,1.33,2.38,1.86,0.0,0.0,0.0,0,1.57,neutral,alcista,0,0.339,32,996,3,
s4125,STBLUSDT,1780802100000,train,1,3.61,0.554,4.13,3.45,0.5,2.04,1.37,0.0,0.0,0.0,0,1.57,neutral,alcista,1,2.0,21,996,3,
s4126,ARBUSDT,1780802100000,train,1,3.53,0.667,3.78,3.41,0.74,1.96,1.4,0.0,0.0,0.0,0,1.57,neutral,neutral,0,0.143,32,996,1,
s4127,INJUSDT,1780802100000,train,1,4.02,0.393,4.5,3.9,0.6,2.45,1.66,0.0,0.0,0.0,0,1.57,neutral,alcista,0,-0.464,32,996,3,
s4128,SUIUSDT,1780802100000,train,1,5.05,0.634,5.83,4.91,0.72,3.48,1.94,0.0,0.0,0.0,0,1.57,neutral,neutral,0,0.038,32,996,1,
s4129,TIAUSDT,1780802100000,train,1,2.37,0.364,3.81,2.31,0.93,0.8,0.64,0.0,0.0,0.0,0,1.57,neutral,alcista,1,2.0,24,996,2,
s4130,SEIUSDT,1780802100000,train,1,3.77,0.629,3.94,3.78,1.35,2.2,1.8,0.0,0.0,0.0,0,1.57,neutral,alcista,0,0.689,32,996,4,
s4131,PENDLEUSDT,1780802100000,train,1,3.19,0.524,3.47,3.11,0.73,1.62,1.29,0.0,0.0,0.0,0,1.57,neutral,alcista,0,-0.039,32,996,2,
s4132,ONDOUSDT,1780802100000,train,1,4.5,0.449,5.11,4.43,0.8,2.93,1.78,0.0,0.0,0.0,0,1.57,neutral,alcista,0,0.443,32,995,2,
s4133,FETUSDT,1780802100000,train,1,4.59,0.476,5.26,4.53,1.15,3.02,1.89,0.0,0.0,0.0,0,1.57,neutral,neutral,0,0.011,32,995,1,
s4134,ARUSDT,1780802100000,testB,1,5.46,0.571,6.1,5.23,0.54,3.89,1.84,0.0,0.0,0.0,0,1.57,neutral,alcista,0,0.588,32,995,2,
s4135,STXUSDT,1780802100000,testB,1,3.38,0.521,4.4,3.59,0.76,1.81,1.55,0.0,0.0,0.0,0,1.57,neutral,neutral,0,0.134,32,995,1,
s4136,LDOUSDT,1780802100000,testB,1,3.57,0.558,3.56,3.52,1.17,2.0,1.66,0.0,0.0,0.0,0,1.57,neutral,neutral,0,0.462,32,995,1,
s4137,SANDUSDT,1780802100000,testB,1,2.77,0.38,3.7,3.19,0.44,1.2,1.11,0.0,0.0,0.0,0,1.57,neutral,neutral,0,-0.119,32,995,1,
s4138,AXSUSDT,1780802100000,testB,1,2.29,0.382,3.31,2.24,0.85,0.72,0.83,0.0,0.0,0.0,0,1.57,neutral,alcista,0,0.0,32,995,4,
s4139,XPLUSDT,1780803000000,train,1,4.3,0.48,7.13,4.54,0.75,2.95,0.96,0.0,0.0,0.0,0,1.34,neutral,neutral,0,0.331,32,997,0,
s4140,PUMPUSDT,1780803000000,train,1,3.59,0.415,4.34,3.73,1.01,2.24,1.62,0.0,0.0,0.0,0,1.34,neutral,neutral,0,0.509,32,997,0,
s4141,STBLUSDT,1780803000000,train,1,2.73,0.392,3.98,2.65,0.62,1.38,0.63,0.0,0.0,0.0,0,1.34,neutral,neutral,1,2.0,20,997,0,
s4142,ARBUSDT,1780803000000,train,1,2.51,0.5,3.42,2.69,0.65,1.16,0.91,0.0,0.0,0.0,0,1.34,neutral,neutral,0,0.364,32,997,0,
s4143,SUIUSDT,1780803000000,train,1,4.48,0.608,5.56,4.71,0.69,3.13,1.81,0.0,0.0,0.0,0,1.34,neutral,alcista,0,0.017,32,997,2,
s4144,SEIUSDT,1780803000000,train,1,2.98,0.53,3.95,3.58,1.41,1.64,1.44,0.0,0.0,0.0,0,1.34,neutral,neutral,0,0.925,32,997,0,
s4145,ARUSDT,1780803000000,testB,1,4.13,0.456,5.46,4.17,0.52,2.78,1.25,0.0,0.0,0.0,0,1.34,neutral,neutral,0,0.988,32,996,0,
s4146,STXUSDT,1780803000000,testB,1,3.05,0.447,4.42,3.23,0.71,1.71,1.04,0.0,0.0,0.0,0,1.34,neutral,neutral,0,0.3,32,996,0,
s4147,LDOUSDT,1780803000000,testB,1,2.77,0.447,3.3,2.96,1.21,1.43,1.2,0.0,0.0,0.0,0,1.34,neutral,neutral,0,0.641,32,996,0,
s4148,XPLUSDT,1780803900000,train,1,4.34,0.485,7.01,4.19,0.72,2.99,0.48,0.0,0.0,0.0,0,1.35,neutral,neutral,0,0.259,32,998,0,
s4149,PUMPUSDT,1780803900000,train,1,3.51,0.41,4.34,3.86,0.99,2.16,1.48,0.0,0.0,0.0,0,1.35,neutral,neutral,0,0.421,32,998,1,
s4150,STBLUSDT,1780803900000,train,1,2.49,0.373,3.93,2.86,0.97,1.14,0.8,0.0,0.0,0.0,0,1.35,neutral,neutral,1,2.0,19,998,1,
s4151,ARBUSDT,1780803900000,train,1,2.88,0.535,3.41,3.05,0.55,1.53,1.11,0.0,0.0,0.0,0,1.35,neutral,neutral,0,0.12,32,998,1,
s4152,SUIUSDT,1780803900000,train,1,4.89,0.666,5.55,4.88,0.59,3.54,1.73,0.0,0.0,0.0,0,1.35,neutral,alcista,0,-0.06,32,998,3,
s4153,SEIUSDT,1780803900000,train,1,3.33,0.609,3.95,3.66,1.32,1.98,1.32,0.0,0.0,0.0,0,1.35,neutral,neutral,0,0.836,32,998,1,
s4154,PENDLEUSDT,1780803900000,train,1,2.1,0.357,3.28,2.6,0.53,0.75,0.81,0.0,0.0,0.0,0,1.35,neutral,neutral,0,0.074,32,998,1,
s4155,ARUSDT,1780803900000,testB,1,3.91,0.427,5.41,3.97,0.5,2.56,0.84,0.0,0.0,0.0,0,1.35,neutral,neutral,0,1.195,32,997,0,
s4156,STXUSDT,1780803900000,testB,1,3.11,0.459,4.42,3.23,0.47,1.76,0.85,0.0,0.0,0.0,0,1.35,neutral,neutral,0,0.283,32,997,1,
s4157,LDOUSDT,1780803900000,testB,1,2.88,0.457,3.3,3.18,0.97,1.53,1.27,0.0,0.0,0.0,0,1.35,neutral,neutral,0,0.464,32,997,1,
s4158,SANDUSDT,1780803900000,testB,1,2.53,0.359,3.71,2.97,0.48,1.18,0.65,0.0,0.0,0.0,0,1.35,neutral,neutral,0,-0.064,32,997,1,
s4159,PUMPUSDT,1780804800000,train,1,3.59,0.421,4.35,3.6,0.74,2.38,1.09,0.0,0.0,0.0,0,1.21,neutral,neutral,0,0.057,32,999,0,
s4160,ARBUSDT,1780804800000,train,1,2.26,0.375,3.19,2.21,0.59,1.04,0.46,0.0,0.0,0.0,0,1.21,neutral,neutral,0,-0.111,32,999,0,
s4161,SUIUSDT,1780804800000,train,1,4.15,0.534,5.44,4.2,0.53,2.94,1.04,0.0,0.0,0.0,0,1.21,neutral,neutral,0,-0.417,32,999,0,
s4162,SEIUSDT,1780804800000,train,1,3.46,0.633,3.94,3.72,1.4,2.25,1.26,0.0,0.0,0.0,0,1.21,neutral,alcista,0,0.244,32,999,2,
s4163,PENDLEUSDT,1780804800000,train,1,2.22,0.384,3.28,2.38,0.57,1.01,0.55,0.0,0.0,0.0,0,1.21,neutral,neutral,0,-0.375,32,999,0,
s4164,ARUSDT,1780804800000,testB,1,3.2,0.366,4.9,3.3,0.5,1.99,0.66,0.0,0.0,0.0,0,1.21,neutral,neutral,0,0.891,32,998,0,
s4165,STXUSDT,1780804800000,testB,1,2.94,0.424,4.32,2.91,0.42,1.73,0.61,0.0,0.0,0.0,0,1.21,neutral,neutral,0,-0.13,32,998,0,
s4166,LDOUSDT,1780804800000,testB,1,2.97,0.475,3.38,2.96,1.0,1.76,0.99,0.0,0.0,0.0,0,1.21,neutral,neutral,0,0.09,32,998,0,
s4167,SANDUSDT,1780804800000,testB,1,2.56,0.363,3.62,2.57,0.58,1.35,0.38,0.0,0.0,0.0,0,1.21,neutral,neutral,0,-0.459,32,998,0,
s4168,PUMPUSDT,1780805700000,train,1,3.02,0.368,3.95,3.06,0.42,1.84,0.83,0.0,0.0,0.0,0,1.17,neutral,neutral,0,0.044,32,1000,0,
s4169,SUIUSDT,1780805700000,train,1,3.26,0.396,5.39,3.48,0.46,2.09,0.26,0.0,0.0,0.0,0,1.17,neutral,neutral,0,-0.436,32,1000,0,
s4170,SEIUSDT,1780805700000,train,1,3.18,0.571,3.5,3.08,0.71,2.01,0.89,0.0,0.0,0.0,0,1.17,neutral,neutral,0,0.315,32,1000,0,
s4171,ARUSDT,1780805700000,testB,1,3.44,0.385,4.2,3.38,0.45,2.27,1.19,0.0,0.0,0.0,0,1.17,neutral,neutral,0,0.5,32,999,1,
s4172,LDOUSDT,1780805700000,testB,1,2.34,0.37,3.27,2.51,0.88,1.17,0.52,0.0,0.0,0.0,0,1.17,neutral,neutral,0,0.061,32,999,0,
s4173,PUMPUSDT,1780806600000,train,1,3.65,0.419,4.2,3.59,0.46,2.08,1.21,0.0,0.0,0.0,0,1.57,neutral,neutral,0,-0.057,32,1001,1,
s4174,INJUSDT,1780806600000,train,1,3.78,0.37,4.2,3.98,0.42,2.21,1.35,0.0,0.0,0.0,0,1.57,neutral,neutral,0,-1.0,30,1001,1,
s4175,SUIUSDT,1780806600000,train,1,4.51,0.497,5.34,4.43,0.51,2.94,1.17,0.0,0.0,0.0,0,1.57,neutral,neutral,0,-0.492,32,1001,1,
s4176,SEIUSDT,1780806600000,train,1,3.58,0.6,3.68,3.54,0.64,2.01,1.31,0.0,0.0,0.0,0,1.57,neutral,neutral,0,-0.006,32,1001,1,
s4177,ARUSDT,1780806600000,testB,1,4.02,0.422,4.47,4.02,0.49,2.45,1.77,0.0,0.0,0.0,0,1.57,neutral,alcista,0,0.025,32,1000,2,
s4178,LDOUSDT,1780806600000,testB,1,3.04,0.443,3.29,3.1,0.93,1.48,1.01,0.0,0.0,0.0,0,1.57,neutral,neutral,0,-0.085,32,1000,1,
s4179,PUMPUSDT,1780807500000,train,1,4.07,0.446,4.31,3.98,0.67,2.25,1.58,0.0,0.0,0.0,0,1.82,neutral,alcista,0,-0.017,32,1002,2,
s4180,ARBUSDT,1780807500000,train,1,2.5,0.37,3.05,2.56,0.72,0.68,0.72,0.0,0.0,0.0,0,1.82,neutral,alcista,0,-0.381,32,1002,2,
s4181,INJUSDT,1780807500000,train,1,4.86,0.455,4.92,4.66,0.76,3.04,1.94,0.0,0.0,0.0,0,1.82,neutral,alcista,0,-1.0,29,1002,2,
s4182,SUIUSDT,1780807500000,train,1,4.45,0.494,5.24,4.38,0.54,2.63,1.07,0.0,0.0,0.0,0,1.82,neutral,alcista,0,-0.337,32,1002,2,
s4183,SEIUSDT,1780807500000,train,1,4.05,0.629,4.09,4.01,0.77,2.23,1.68,0.0,0.0,0.0,0,1.82,neutral,alcista,0,0.005,32,1002,2,
s4184,PENDLEUSDT,1780807500000,train,1,2.17,0.363,3.29,2.26,0.97,0.35,0.3,0.0,0.0,0.0,0,1.82,neutral,alcista,0,-0.246,32,1002,2,
s4185,STXUSDT,1780807500000,testB,1,2.7,0.363,3.54,2.68,0.64,0.88,0.99,0.0,0.0,0.0,0,1.82,neutral,alcista,0,-0.38,32,1001,2,
s4186,LDOUSDT,1780807500000,testB,1,3.59,0.5,3.84,3.51,1.25,1.77,1.33,0.0,0.0,0.0,0,1.82,neutral,alcista,0,-0.075,32,1001,2,
s4187,MANAUSDT,1780807500000,testB,1,2.43,0.364,3.26,2.67,0.6,0.61,0.74,0.0,0.0,0.0,0,1.82,neutral,alcista,0,-0.333,32,1001,2,
s4188,PUMPUSDT,1780808400000,train,1,3.03,0.379,3.68,3.28,0.94,2.1,2.11,0.0,0.0,0.0,0,0.93,neutral,alcista,0,-0.286,32,1003,3,
s4189,SEIUSDT,1780808400000,train,1,2.39,0.504,2.89,2.5,0.77,1.46,1.51,0.0,0.0,0.0,0,0.93,neutral,alcista,0,0.033,32,1003,3,
s4190,ASTERUSDT,1780809300000,train,1,2.23,0.422,3.82,2.68,3.84,2.07,2.14,0.0,0.0,0.0,0,0.16,neutral,alcista,0,-0.797,32,1004,2,
s4191,APEUSDT,1780809300000,testB,-1,-3.44,0.489,4.94,3.81,0.96,-3.6,0.17,0.0,0.0,0.0,0,0.16,neutral,neutral,0,0.191,32,1003,0,
s4192,SEIUSDT,1780810200000,train,1,2.9,0.659,3.04,3.04,1.19,2.24,2.01,0.0,0.0,0.0,0,0.67,neutral,alcista,0,-0.133,32,1005,5,
s4193,WLDUSDT,1780811100000,train,-1,-5.95,0.351,8.01,6.44,0.63,-6.36,1.5,0.0,0.0,0.0,0,0.42,neutral,bajista,0,0.042,32,1006,2,
s4194,SEIUSDT,1780811100000,train,1,2.54,0.629,3.2,3.04,1.2,2.12,1.6,0.0,0.0,0.0,0,0.42,neutral,alcista,0,-0.12,32,1006,6,
s4195,APEUSDT,1780811100000,testB,-1,-3.53,0.6,4.23,3.66,0.9,-3.95,1.06,0.0,0.0,0.0,0,0.42,neutral,neutral,0,0.022,32,1005,1,
s4196,SEIUSDT,1780812000000,train,1,2.51,0.627,3.36,3.28,1.61,2.07,1.56,0.0,0.0,0.0,0,0.44,neutral,alcista,0,-0.148,32,1007,7,
s4197,APEUSDT,1780812000000,testB,-1,-2.39,0.5,2.85,2.36,0.83,-2.82,1.18,0.0,0.0,0.0,0,0.44,neutral,bajista,0,-1.0,12,1006,2,
s4198,PUMPUSDT,1780812900000,train,1,2.96,0.462,4.07,3.34,0.83,1.78,1.04,0.0,0.0,0.0,0,1.18,neutral,neutral,0,0.24,32,1008,1,
s4199,SEIUSDT,1780812900000,train,1,3.54,0.817,3.86,3.8,1.44,2.36,2.06,0.0,0.0,0.0,0,1.18,neutral,alcista,0,-0.095,32,1008,8,
s4200,ONDOUSDT,1780812900000,train,1,3.67,0.427,4.7,4.18,3.24,2.49,2.41,0.0,0.0,0.0,0,1.18,neutral,alcista,0,0.278,32,1007,2,
s4201,ASTERUSDT,1780813800000,train,1,2.32,0.488,3.75,2.36,0.72,0.89,1.0,0.0,0.0,0.0,0,1.42,neutral,alcista,0,-0.649,32,1009,2,
s4202,PUMPUSDT,1780813800000,train,1,3.16,0.479,3.8,3.33,1.05,1.74,1.09,0.0,0.0,0.0,0,1.42,neutral,alcista,0,0.12,32,1009,2,
s4203,ARBUSDT,1780813800000,train,1,2.33,0.463,3.35,2.99,2.55,0.9,1.48,0.0,0.0,0.0,0,1.42,neutral,alcista,0,-1.0,23,1009,3,
s4204,SEIUSDT,1780813800000,train,1,4.31,0.845,4.59,4.41,1.73,2.88,2.55,0.0,0.0,0.0,0,1.42,neutral,alcista,0,-0.33,32,1009,8,
s4205,ONDOUSDT,1780813800000,train,1,3.05,0.375,4.71,4.1,3.79,1.63,1.97,0.0,0.0,0.0,0,1.42,neutral,neutral,0,0.227,32,1008,0,
s4206,ARUSDT,1780813800000,testB,1,2.47,0.393,3.26,3.06,1.26,1.04,1.53,0.0,0.0,0.0,0,1.42,neutral,alcista,0,-0.148,32,1008,3,
s4207,ASTERUSDT,1780814700000,train,1,2.51,0.508,3.74,2.63,0.81,1.51,1.23,0.0,0.0,0.0,0,0.99,neutral,alcista,0,-0.609,32,1010,3,
s4208,PUMPUSDT,1780814700000,train,1,2.54,0.374,3.55,2.68,1.12,1.54,0.73,0.0,0.0,0.0,0,0.99,neutral,neutral,0,0.35,32,1010,0,
s4209,SEIUSDT,1780814700000,train,1,3.83,0.697,4.67,4.01,1.73,2.83,1.88,0.0,0.0,0.0,0,0.99,neutral,neutral,0,-0.18,32,1010,0,
s4210,ONDOUSDT,1780814700000,train,1,3.26,0.391,4.87,4.32,4.33,2.27,2.1,0.0,0.0,0.0,0,0.99,neutral,neutral,0,0.141,32,1009,1,
s4211,ARUSDT,1780814700000,testB,1,2.42,0.382,3.47,3.01,1.42,1.42,1.42,0.0,0.0,0.0,0,0.99,neutral,neutral,0,-0.05,32,1009,0,
s4212,ASTERUSDT,1780815600000,train,1,2.18,0.468,3.69,2.55,0.82,1.2,1.1,0.0,0.0,0.0,0,0.98,neutral,neutral,0,-0.646,32,1011,0,
s4213,PUMPUSDT,1780815600000,train,1,2.52,0.374,3.19,2.86,1.16,1.54,1.28,0.0,0.0,0.0,0,0.98,neutral,neutral,0,0.186,32,1011,1,
s4214,SEIUSDT,1780815600000,train,1,4.36,0.724,4.72,4.36,1.33,3.38,2.29,0.0,0.0,0.0,0,0.98,neutral,neutral,0,-0.402,32,1011,1,
s4215,ONDOUSDT,1780815600000,train,1,4.78,0.485,5.9,5.85,4.17,3.8,3.53,0.0,0.0,0.0,0,0.98,neutral,alcista,0,-0.18,32,1010,2,
s4216,ARUSDT,1780815600000,testB,1,3.08,0.441,4.18,3.83,2.0,2.1,2.02,0.0,0.0,0.0,0,0.98,neutral,neutral,0,-0.299,32,1010,1,
s4217,PUMPUSDT,1780816500000,train,1,2.44,0.367,3.05,2.98,1.1,1.52,1.57,0.0,0.0,0.0,0,0.92,neutral,alcista,0,0.067,32,1012,2,
s4218,SEIUSDT,1780816500000,train,1,3.47,0.632,4.49,3.95,1.22,2.54,1.9,0.0,0.0,0.0,0,0.92,neutral,neutral,0,-0.338,32,1012,0,
s4219,ONDOUSDT,1780816500000,train,1,5.05,0.5,6.82,6.62,1.58,4.13,3.88,0.0,0.0,0.0,0,0.92,neutral,alcista,0,-0.197,32,1011,3,
s4220,ARUSDT,1780816500000,testB,1,2.67,0.377,4.19,3.59,1.75,1.74,1.67,0.0,0.0,0.0,0,0.92,neutral,neutral,0,-0.264,32,1011,0,
s4221,PUMPUSDT,1780817400000,train,1,2.51,0.381,3.25,2.98,0.95,1.61,1.39,0.0,0.0,0.0,0,0.9,neutral,neutral,0,0.156,32,1013,0,
s4222,TIAUSDT,1780817400000,train,1,2.06,0.352,3.08,2.56,4.76,1.16,0.99,0.0,0.0,0.0,0,0.9,neutral,neutral,1,2.0,7,1013,1,
s4223,SEIUSDT,1780817400000,train,1,2.69,0.428,4.49,2.98,1.14,1.78,0.83,0.0,0.0,0.0,0,0.9,neutral,neutral,0,-0.047,32,1013,0,
s4224,JUPUSDT,1780817400000,train,1,2.21,0.486,2.99,2.74,0.94,1.31,0.87,0.0,0.0,0.0,0,0.9,neutral,neutral,0,-1.0,19,1013,0,
s4225,ONDOUSDT,1780817400000,train,1,5.45,0.55,6.88,5.76,1.38,4.54,2.65,0.0,0.0,0.0,0,0.9,neutral,neutral,0,0.054,32,1012,0,
s4226,ARUSDT,1780817400000,testB,1,2.57,0.357,4.21,3.11,1.66,1.67,1.05,0.0,0.0,0.0,0,0.9,neutral,neutral,0,-0.048,32,1012,0,
s4227,TIAUSDT,1780818300000,train,1,2.22,0.37,3.07,2.78,4.4,1.1,1.09,0.0,0.0,0.0,0,1.13,neutral,alcista,0,0.437,32,1014,2,
s4228,SEIUSDT,1780818300000,train,1,2.52,0.401,4.39,2.8,1.12,1.39,0.66,0.0,0.0,0.0,0,1.13,neutral,neutral,0,-0.173,32,1014,0,
s4229,JUPUSDT,1780818300000,train,1,2.41,0.507,3.11,2.99,1.54,1.28,1.04,0.0,0.0,0.0,0,1.13,neutral,neutral,0,-1.0,18,1014,1,
s4230,ONDOUSDT,1780818300000,train,1,4.83,0.486,6.9,5.47,1.26,3.71,2.08,0.0,0.0,0.0,0,1.13,neutral,neutral,0,-0.047,32,1013,0,
s4231,ARUSDT,1780818300000,testB,1,3.35,0.436,4.19,3.69,1.76,2.22,1.47,0.0,0.0,0.0,0,1.13,neutral,neutral,0,-0.297,32,1013,1,
s4232,ONDOUSDT,1780819200000,train,1,4.64,0.456,6.94,4.87,1.11,3.31,1.22,0.0,0.0,0.0,0,1.33,neutral,neutral,0,0.077,32,1014,0,
s4233,ASTERUSDT,1780820100000,train,1,2.11,0.482,3.71,2.19,0.35,0.52,0.34,0.0,0.0,0.0,0,1.58,neutral,neutral,0,-0.671,32,1016,0,
s4234,PUMPUSDT,1780820100000,train,1,2.52,0.366,2.99,2.46,0.88,0.93,0.74,0.0,0.0,0.0,0,1.58,neutral,neutral,0,-1.0,16,1016,1,
s4235,STBLUSDT,1780820100000,train,1,3.7,0.368,4.68,4.27,5,2.11,2.3,0.0,0.0,0.0,0,1.58,neutral,neutral,0,0.515,32,1016,1,
s4236,TIAUSDT,1780820100000,train,1,2.2,0.362,3.05,2.25,1.0,0.62,0.5,0.0,0.0,0.0,0,1.58,neutral,neutral,1,2.0,4,1016,0,
s4237,SEIUSDT,1780820100000,train,1,2.42,0.374,4.22,2.4,1.11,0.84,0.32,0.0,0.0,0.0,0,1.58,neutral,neutral,0,-0.176,32,1016,1,
s4238,JUPUSDT,1780820100000,train,1,2.28,0.432,2.74,2.23,1.41,0.7,0.61,0.0,0.0,0.0,0,1.58,neutral,neutral,0,-1.0,15,1016,1,
s4239,ONDOUSDT,1780820100000,train,1,4.5,0.434,6.67,4.36,0.88,2.91,1.07,0.0,0.0,0.0,0,1.58,neutral,neutral,0,0.219,32,1015,0,
s4240,LDOUSDT,1780820100000,testB,1,2.32,0.496,2.79,2.53,0.61,0.74,1.02,0.0,0.0,0.0,0,1.58,neutral,neutral,0,-0.397,32,1015,1,
s4241,PUMPUSDT,1780821000000,train,1,2.78,0.39,3.03,2.96,1.08,1.45,1.37,0.0,0.0,0.0,0,1.32,neutral,alcista,0,-1.0,14,1017,2,
s4242,STBLUSDT,1780821000000,train,1,6.35,0.5,8.52,6.74,5,5.03,4.48,0.0,0.0,0.0,0,1.32,neutral,alcista,0,0.024,32,1017,2,
s4243,TIAUSDT,1780821000000,train,1,2.71,0.413,3.05,2.89,0.64,1.38,1.61,0.0,0.0,0.0,0,1.32,neutral,neutral,0,0.088,32,1017,1,
s4244,SEIUSDT,1780821000000,train,1,2.82,0.411,3.94,3.04,0.94,1.49,1.1,0.0,0.0,0.0,0,1.32,neutral,alcista,0,-1.0,16,1017,2,
s4245,JUPUSDT,1780821000000,train,1,3.05,0.505,3.21,3.15,2.07,1.73,1.64,0.0,0.0,0.0,0,1.32,neutral,alcista,0,-1.0,14,1017,2,
s4246,ONDOUSDT,1780821000000,train,1,5.43,0.484,5.75,5.46,1.02,4.11,2.77,0.0,0.0,0.0,0,1.32,neutral,neutral,0,-1.0,16,1016,1,
s4247,LDOUSDT,1780821000000,testB,1,2.38,0.504,2.92,2.92,0.81,1.06,1.5,0.0,0.0,0.0,0,1.32,neutral,alcista,0,-1.0,15,1016,2,
s4248,AXSUSDT,1780821000000,testB,1,2.15,0.476,2.42,2.21,1.09,0.82,1.16,0.0,0.0,0.0,0,1.32,neutral,neutral,0,-1.0,10,1016,1,
s4249,ASTERUSDT,1780821900000,train,1,2.2,0.496,3.43,2.31,0.45,0.63,0.62,0.0,0.0,0.0,0,1.57,neutral,alcista,0,-1.0,17,1018,2,
s4250,STBLUSDT,1780821900000,train,1,7.91,0.564,8.41,7.97,4.64,6.34,5.33,0.0,0.0,0.0,0,1.57,neutral,alcista,0,-0.185,32,1018,3,
s4251,0GUSDT,1780821900000,train,1,2.43,0.468,2.69,2.69,1.32,0.86,1.7,0.0,0.0,0.0,0,1.57,neutral,alcista,0,-1.0,13,1018,3,
s4252,OPUSDT,1780821900000,train,1,2.75,0.351,3.81,3.71,1.04,1.18,1.92,0.0,0.0,0.0,0,1.57,neutral,alcista,0,-1.0,14,1018,2,
s4253,TIAUSDT,1780821900000,train,1,3.35,0.466,3.59,3.59,0.73,1.79,2.18,0.0,0.0,0.0,0,1.57,neutral,alcista,0,-0.114,32,1018,2,
s4254,SEIUSDT,1780821900000,train,1,2.54,0.388,3.61,2.97,1.0,0.97,1.22,0.0,0.0,0.0,0,1.57,neutral,alcista,0,-1.0,15,1018,3,
s4255,JUPUSDT,1780821900000,train,1,3.57,0.545,3.76,3.76,1.57,2.0,2.06,0.0,0.0,0.0,0,1.57,neutral,alcista,0,-1.0,13,1018,3,
s4256,PENDLEUSDT,1780821900000,train,1,2.53,0.516,2.87,2.78,0.97,0.96,1.43,0.0,0.0,0.0,0,1.57,neutral,alcista,0,-1.0,8,1018,3,
s4257,ONDOUSDT,1780821900000,train,1,5.48,0.487,6.61,5.65,1.35,3.92,2.74,0.0,0.0,0.0,0,1.57,neutral,alcista,0,-1.0,15,1017,2,
s4258,LDOUSDT,1780821900000,testB,1,2.56,0.523,3.53,3.49,1.2,1.0,1.93,0.0,0.0,0.0,0,1.57,neutral,alcista,0,-1.0,14,1017,3,
s4259,AXSUSDT,1780821900000,testB,1,2.35,0.5,2.82,2.72,1.37,0.79,1.57,0.0,0.0,0.0,0,1.57,neutral,alcista,0,-1.0,9,1017,2,
s4260,ASTERUSDT,1780822800000,train,1,2.21,0.498,3.16,2.24,0.46,0.67,0.8,0.0,0.0,0.0,0,1.54,neutral,alcista,0,-1.0,14,1019,3,
s4261,STBLUSDT,1780822800000,train,1,6.99,0.466,8.35,6.66,4.4,5.45,3.67,0.0,0.0,0.0,0,1.54,neutral,neutral,0,0.036,32,1019,0,
s4262,0GUSDT,1780822800000,train,1,2.56,0.488,2.56,2.56,1.23,1.02,1.67,0.0,0.0,0.0,0,1.54,neutral,alcista,0,-1.0,12,1019,4,
s4263,OPUSDT,1780822800000,train,1,3.18,0.405,4.21,3.91,1.08,1.64,1.92,0.0,0.0,0.0,0,1.54,neutral,alcista,0,-1.0,13,1019,3,
s4264,TIAUSDT,1780822800000,train,1,3.02,0.429,3.69,3.5,0.67,1.48,1.92,0.0,0.0,0.0,0,1.54,neutral,neutral,0,0.018,32,1019,0,
s4265,SEIUSDT,1780822800000,train,1,3.19,0.443,3.31,3.27,0.67,1.65,1.71,0.0,0.0,0.0,0,1.54,neutral,alcista,0,-1.0,13,1019,4,
s4266,JUPUSDT,1780822800000,train,1,3.82,0.562,4.0,3.87,1.67,2.28,2.18,0.0,0.0,0.0,0,1.54,neutral,alcista,0,-1.0,12,1019,4,
s4267,PENDLEUSDT,1780822800000,train,1,2.16,0.419,2.76,2.36,1.15,0.62,1.06,0.0,0.0,0.0,0,1.54,neutral,neutral,0,-1.0,7,1019,0,
s4268,ONDOUSDT,1780822800000,train,1,4.31,0.362,6.44,4.59,1.17,2.77,1.68,0.0,0.0,0.0,0,1.54,neutral,neutral,0,-1.0,13,1018,0,
s4269,STXUSDT,1780822800000,testB,1,2.15,0.385,2.79,2.63,1.36,0.61,1.59,0.0,0.0,0.0,0,1.54,neutral,alcista,0,-1.0,12,1018,4,
s4270,GRTUSDT,1780822800000,testB,1,2.3,0.411,2.78,2.68,2.3,0.76,1.79,0.0,0.0,0.0,0,1.54,neutral,alcista,0,-1.0,6,1018,4,
s4271,LDOUSDT,1780822800000,testB,1,2.56,0.523,3.79,3.46,1.33,1.02,1.75,0.0,0.0,0.0,0,1.54,neutral,neutral,0,-1.0,13,1018,0,
s4272,SANDUSDT,1780822800000,testB,1,2.02,0.371,2.74,2.57,2.32,0.47,1.58,0.0,0.0,0.0,0,1.54,neutral,alcista,0,-1.0,8,1018,4,
s4273,MANAUSDT,1780822800000,testB,1,2.23,0.405,2.76,2.61,1.27,0.69,1.71,0.0,0.0,0.0,0,1.54,neutral,alcista,0,-1.0,7,1018,3,
s4274,AXSUSDT,1780822800000,testB,1,2.67,0.532,3.02,2.92,1.71,1.13,1.73,0.0,0.0,0.0,0,1.54,neutral,alcista,0,-1.0,8,1018,3,
s4275,STBLUSDT,1780823700000,train,1,5.79,0.391,8.23,6.04,3.63,4.24,2.85,0.0,0.0,0.0,0,1.55,neutral,neutral,0,0.235,32,1020,0,
s4276,0GUSDT,1780823700000,train,1,2.09,0.438,2.5,2.43,1.42,0.54,1.53,0.0,0.0,0.0,0,1.55,neutral,alcista,0,-1.0,11,1020,5,
s4277,OPUSDT,1780823700000,train,1,2.53,0.353,4.21,4.0,1.43,0.98,1.8,0.0,0.0,0.0,0,1.55,neutral,alcista,0,-1.0,12,1020,4,
s4278,TIAUSDT,1780823700000,train,1,4.38,0.521,6.84,4.91,2.94,2.83,2.99,0.0,0.0,0.0,0,1.55,neutral,neutral,0,-0.31,32,1020,1,
s4279,SEIUSDT,1780823700000,train,1,2.51,0.352,3.62,2.77,0.97,0.96,1.2,0.0,0.0,0.0,0,1.55,neutral,neutral,0,-1.0,11,1020,0,
s4280,JUPUSDT,1780823700000,train,1,2.57,0.392,3.76,2.95,1.96,1.02,1.45,0.0,0.0,0.0,0,1.55,neutral,neutral,0,-1.0,7,1020,0,
s4281,LDOUSDT,1780823700000,testB,1,2.34,0.456,3.8,3.24,1.36,0.79,1.3,0.0,0.0,0.0,0,1.55,neutral,neutral,0,-1.0,12,1019,0,
s4282,AXSUSDT,1780823700000,testB,1,2.13,0.455,3.13,2.71,1.99,0.58,1.43,0.0,0.0,0.0,0,1.55,neutral,neutral,0,-1.0,7,1019,0,
s4283,STBLUSDT,1780824600000,train,1,5.01,0.36,8.21,6.27,0.88,3.91,2.81,0.0,0.0,0.0,0,1.1,neutral,neutral,0,0.155,32,1021,1,
s4284,STBLUSDT,1780825500000,train,1,5.08,0.364,8.25,5.85,0.72,3.78,2.18,0.0,0.0,0.0,0,1.3,neutral,neutral,0,0.278,32,1022,0,
s4285,LDOUSDT,1780825500000,testB,1,2.16,0.416,3.82,2.56,0.99,0.86,0.41,0.0,0.0,0.0,0,1.3,neutral,neutral,0,-1.0,10,1021,0,
s4286,STBLUSDT,1780826400000,train,1,5.71,0.422,7.92,5.56,0.62,4.51,1.92,0.0,0.0,0.0,0,1.2,neutral,neutral,0,0.358,32,1023,0,
s4287,INJUSDT,1780826400000,train,-1,-3.33,0.372,4.39,3.95,1.17,-4.53,1.84,0.0,0.0,0.0,0,1.2,neutral,bajista,0,-0.655,32,1023,4,
s4288,STBLUSDT,1780827300000,train,1,5.3,0.405,7.91,5.64,0.47,4.43,1.68,0.0,0.0,0.0,0,0.86,neutral,neutral,0,0.374,32,1024,0,
s4289,ENAUSDT,1780827300000,train,-1,-3.35,0.373,6.41,5.2,0.9,-4.22,1.18,0.0,0.0,0.0,0,0.86,neutral,neutral,0,0.395,32,1024,0,
s4290,ENAUSDT,1780828200000,train,-1,-4.11,0.47,5.64,4.71,0.77,-4.38,1.16,0.0,0.0,0.0,0,0.27,neutral,neutral,0,0.451,32,1025,1,
s4291,ENAUSDT,1780829100000,train,-1,-3.33,0.416,4.11,3.61,0.67,-3.76,1.47,0.0,0.0,0.0,0,0.42,neutral,bajista,0,0.578,32,1026,2,
s4292,INJUSDT,1780830000000,train,-1,-2.44,0.353,4.37,3.89,0.77,-2.96,1.48,0.0,0.0,0.0,0,0.52,neutral,neutral,0,-1.0,17,1027,0,
s4293,INJUSDT,1780833600000,train,-1,-3.01,0.359,5.86,5.57,0.96,-2.56,2.4,0.0,0.0,0.0,0,-0.45,neutral,bajista,0,-1.0,13,1031,2,
s4294,ENAUSDT,1780834500000,train,-1,-3.38,0.38,5.07,4.46,1.21,-2.45,1.98,0.0,0.0,0.0,0,-0.93,neutral,bajista,0,0.373,32,1032,3,
s4295,INJUSDT,1780834500000,train,-1,-4.08,0.533,6.19,5.8,1.41,-3.14,2.32,0.0,0.0,0.0,0,-0.93,neutral,bajista,0,-1.0,12,1032,3,
s4296,PENDLEUSDT,1780834500000,train,-1,-2.62,0.389,4.14,3.89,1.36,-1.69,1.72,0.0,0.0,0.0,0,-0.93,neutral,bajista,0,-0.174,32,1032,2,
s4297,XPLUSDT,1780835400000,train,-1,-3.56,0.369,4.97,4.34,1.47,-2.12,1.77,0.0,0.0,0.0,0,-1.44,neutral,bajista,0,-1.0,7,1033,4,
s4298,PUMPUSDT,1780835400000,train,-1,-2.9,0.407,4.48,3.93,1.05,-1.46,1.42,0.0,0.0,0.0,0,-1.44,neutral,neutral,0,-0.069,32,1033,0,
s4299,STBLUSDT,1780835400000,train,-1,-3.19,0.382,5.5,4.96,0.76,-1.75,1.46,0.0,0.0,0.0,0,-1.44,neutral,neutral,0,-1.0,7,1033,0,
s4300,0GUSDT,1780835400000,train,-1,-2.81,0.481,4.45,3.89,1.96,-1.37,1.94,0.0,0.0,0.0,0,-1.44,neutral,bajista,0,-0.137,32,1033,4,
s4301,ENAUSDT,1780835400000,train,-1,-4.42,0.485,6.07,5.18,1.66,-2.98,2.42,0.0,0.0,0.0,0,-1.44,neutral,bajista,0,0.285,32,1033,4,
s4302,INJUSDT,1780835400000,train,-1,-4.61,0.655,6.18,5.63,1.49,-3.17,1.96,0.0,0.0,0.0,0,-1.44,neutral,neutral,0,-1.0,11,1033,0,
s4303,SUIUSDT,1780835400000,train,-1,-2.8,0.4,5.05,4.19,1.93,-1.36,1.76,0.0,0.0,0.0,0,-1.44,neutral,neutral,0,-0.14,32,1033,0,
s4304,SEIUSDT,1780835400000,train,-1,-2.76,0.385,4.86,4.34,1.52,-1.32,1.86,0.0,0.0,0.0,0,-1.44,neutral,bajista,0,0.133,32,1033,4,
s4305,JUPUSDT,1780835400000,train,-1,-3.78,0.484,5.7,5.24,1.22,-2.34,2.03,0.0,0.0,0.0,0,-1.44,neutral,bajista,0,0.075,32,1033,4,
s4306,PENDLEUSDT,1780835400000,train,-1,-2.76,0.421,4.23,3.51,1.5,-1.32,1.25,0.0,0.0,0.0,0,-1.44,neutral,neutral,0,-0.058,32,1033,0,
s4307,ONDOUSDT,1780835400000,train,-1,-5.29,0.496,7.44,6.81,1.06,-3.85,2.47,0.0,0.0,0.0,0,-1.44,neutral,bajista,0,0.004,32,1032,4,
s4308,STXUSDT,1780835400000,testB,-1,-2.6,0.358,4.35,3.76,1.44,-1.16,1.5,0.0,0.0,0.0,0,-1.44,neutral,bajista,0,0.058,32,1032,4,
s4309,GRTUSDT,1780835400000,testB,-1,-3.26,0.412,5.16,4.91,1.12,-1.82,2.02,0.0,0.0,0.0,0,-1.44,neutral,bajista,0,-0.094,32,1032,4,
s4310,LDOUSDT,1780835400000,testB,-1,-2.59,0.422,4.06,3.57,1.48,-1.15,1.4,0.0,0.0,0.0,0,-1.44,neutral,neutral,0,-0.011,32,1032,0,
s4311,SANDUSDT,1780835400000,testB,-1,-3.25,0.485,4.97,4.53,2.3,-1.81,1.89,0.0,0.0,0.0,0,-1.44,neutral,bajista,0,0.017,32,1032,4,
s4312,MANAUSDT,1780835400000,testB,-1,-2.79,0.388,4.52,4.07,1.93,-1.34,1.64,0.0,0.0,0.0,0,-1.44,neutral,bajista,0,0.148,32,1032,4,
s4313,AXSUSDT,1780835400000,testB,-1,-3.36,0.552,5.11,4.67,1.55,-1.92,2.01,0.0,0.0,0.0,0,-1.44,neutral,bajista,0,-0.163,32,1032,4,
s4314,STBLUSDT,1780836300000,train,-1,-3.75,0.49,5.34,4.06,1.57,-2.23,0.55,0.0,0.0,0.0,0,-1.52,neutral,neutral,0,-1.0,6,1034,0,
s4315,0GUSDT,1780836300000,train,-1,-3.24,0.605,4.44,3.61,2.03,-1.72,1.51,0.0,0.0,0.0,0,-1.52,neutral,neutral,0,-0.11,32,1034,0,
s4316,ENAUSDT,1780836300000,train,-1,-4.28,0.464,6.02,4.65,1.9,-2.77,1.65,0.0,0.0,0.0,0,-1.52,neutral,neutral,0,0.369,32,1034,0,
s4317,ARBUSDT,1780836300000,train,-1,-2.75,0.418,4.06,3.33,1.43,-1.24,1.07,0.0,0.0,0.0,0,-1.52,neutral,neutral,0,0.222,32,1034,0,
s4318,OPUSDT,1780836300000,train,-1,-2.99,0.358,5.1,3.61,2.03,-1.47,1.15,0.0,0.0,0.0,0,-1.52,neutral,neutral,0,0.029,32,1034,0,
s4319,INJUSDT,1780836300000,train,-1,-4.3,0.599,6.17,5.39,1.58,-2.78,1.52,0.0,0.0,0.0,0,-1.52,neutral,neutral,0,-1.0,10,1034,0,
s4320,JUPUSDT,1780836300000,train,-1,-3.82,0.496,5.66,4.62,1.57,-2.3,1.24,0.0,0.0,0.0,0,-1.52,neutral,neutral,0,0.155,32,1034,0,
s4321,PENDLEUSDT,1780836300000,train,-1,-3.01,0.482,4.19,3.16,1.44,-1.49,0.8,0.0,0.0,0.0,0,-1.52,neutral,neutral,0,0.062,32,1034,0,
s4322,ONDOUSDT,1780836300000,train,-1,-4.86,0.439,6.38,5.11,1.15,-3.34,1.57,0.0,0.0,0.0,0,-1.52,neutral,neutral,0,0.041,32,1033,0,
s4323,STXUSDT,1780836300000,testB,-1,-2.69,0.378,4.34,3.36,1.82,-1.18,0.98,0.0,0.0,0.0,0,-1.52,neutral,neutral,0,0.129,32,1033,0,
s4324,GRTUSDT,1780836300000,testB,-1,-3.2,0.404,5.13,4.32,1.16,-1.68,1.31,0.0,0.0,0.0,0,-1.52,neutral,neutral,0,-0.024,32,1033,0,
s4325,LDOUSDT,1780836300000,testB,-1,-2.76,0.466,4.04,3.14,1.65,-1.24,0.87,0.0,0.0,0.0,0,-1.52,neutral,neutral,0,0.06,32,1033,0,
s4326,SANDUSDT,1780836300000,testB,-1,-3.18,0.472,4.94,3.84,2.58,-1.66,1.08,0.0,0.0,0.0,0,-1.52,neutral,neutral,0,0.156,32,1033,0,
s4327,MANAUSDT,1780836300000,testB,-1,-2.77,0.388,4.49,3.29,2.1,-1.25,0.79,0.0,0.0,0.0,0,-1.52,neutral,neutral,0,0.409,32,1033,0,
s4328,AXSUSDT,1780836300000,testB,-1,-3.34,0.552,5.08,4.11,1.64,-1.83,1.32,0.0,0.0,0.0,0,-1.52,neutral,neutral,0,-0.079,32,1033,0,
s4329,ASTERUSDT,1780837200000,train,-1,-2.29,0.677,2.7,2.48,2.42,-0.61,1.06,0.0,0.0,0.0,0,-1.68,neutral,neutral,0,0.013,32,1035,1,
s4330,PUMPUSDT,1780837200000,train,-1,-3.14,0.462,4.45,3.37,1.06,-1.46,0.73,0.0,0.0,0.0,0,-1.68,neutral,neutral,0,0.02,32,1035,1,
s4331,0GUSDT,1780837200000,train,-1,-3.33,0.634,4.44,3.61,1.35,-1.65,1.42,0.0,0.0,0.0,0,-1.68,neutral,neutral,0,-0.128,32,1035,0,
s4332,ENAUSDT,1780837200000,train,-1,-3.33,0.367,5.74,3.97,1.31,-1.66,1.18,0.0,0.0,0.0,0,-1.68,neutral,neutral,0,0.396,32,1035,0,
s4333,ARBUSDT,1780837200000,train,-1,-2.63,0.393,4.05,3.07,1.23,-0.96,0.77,0.0,0.0,0.0,0,-1.68,neutral,neutral,0,0.28,32,1035,0,
s4334,OPUSDT,1780837200000,train,-1,-2.98,0.358,5.08,3.39,1.4,-1.3,0.84,0.0,0.0,0.0,0,-1.68,neutral,neutral,0,-0.031,32,1035,0,
s4335,INJUSDT,1780837200000,train,-1,-4.33,0.612,6.14,4.93,1.27,-2.66,1.12,0.0,0.0,0.0,0,-1.68,neutral,neutral,0,-1.0,9,1035,0,
s4336,SUIUSDT,1780837200000,train,-1,-2.69,0.382,5.0,3.2,1.78,-1.01,0.6,0.0,0.0,0.0,0,-1.68,neutral,neutral,0,-0.0,32,1035,0,
s4337,SEIUSDT,1780837200000,train,-1,-3.02,0.442,4.83,3.68,1.22,-1.34,0.98,0.0,0.0,0.0,0,-1.68,neutral,neutral,0,0.128,32,1035,0,
s4338,JUPUSDT,1780837200000,train,-1,-4.0,0.533,5.66,4.49,1.16,-2.32,1.03,0.0,0.0,0.0,0,-1.68,neutral,neutral,0,0.174,32,1035,0,
s4339,PENDLEUSDT,1780837200000,train,-1,-2.73,0.456,4.13,3.12,1.23,-1.05,0.81,0.0,0.0,0.0,0,-1.68,neutral,neutral,0,0.013,32,1035,1,
s4340,ONDOUSDT,1780837200000,train,-1,-3.79,0.36,5.81,4.3,1.07,-2.11,1.18,0.0,0.0,0.0,0,-1.68,neutral,neutral,0,-1.0,10,1034,0,
s4341,STXUSDT,1780837200000,testB,-1,-2.84,0.409,4.33,3.14,1.68,-1.16,0.73,0.0,0.0,0.0,0,-1.68,neutral,neutral,0,0.138,32,1034,0,
s4342,GRTUSDT,1780837200000,testB,-1,-3.81,0.527,5.12,4.11,0.78,-2.13,1.01,0.0,0.0,0.0,0,-1.68,neutral,neutral,0,-0.0,32,1034,0,
s4343,LDOUSDT,1780837200000,testB,-1,-2.76,0.466,3.89,3.02,1.73,-1.08,0.89,0.0,0.0,0.0,0,-1.68,neutral,neutral,0,-0.037,32,1034,0,
s4344,SANDUSDT,1780837200000,testB,-1,-3.3,0.501,4.93,3.72,2.08,-1.62,0.9,0.0,0.0,0.0,0,-1.68,neutral,neutral,0,0.181,32,1034,0,
s4345,MANAUSDT,1780837200000,testB,-1,-2.9,0.417,4.48,3.14,1.87,-1.23,0.58,0.0,0.0,0.0,0,-1.68,neutral,neutral,0,0.381,32,1034,0,
s4346,AXSUSDT,1780837200000,testB,-1,-3.44,0.579,5.07,3.88,1.54,-1.76,0.99,0.0,0.0,0.0,0,-1.68,neutral,neutral,0,-0.028,32,1034,0,
s4347,ASTERUSDT,1780838100000,train,-1,-2.09,0.657,2.4,2.15,1.49,-0.75,1.03,0.0,0.0,0.0,0,-1.34,neutral,bajista,0,0.089,32,1036,2,
s4348,PUMPUSDT,1780838100000,train,-1,-2.24,0.378,3.37,2.29,0.8,-0.9,0.77,0.0,0.0,0.0,0,-1.34,neutral,bajista,0,-1.0,5,1036,2,
s4349,0GUSDT,1780838100000,train,-1,-3.36,0.644,4.37,3.48,1.17,-2.02,1.32,0.0,0.0,0.0,0,-1.34,neutral,neutral,0,-0.067,32,1036,0,
s4350,ARBUSDT,1780838100000,train,-1,-2.4,0.37,3.56,2.58,0.9,-1.06,0.79,0.0,0.0,0.0,0,-1.34,neutral,neutral,0,0.476,32,1036,1,
s4351,INJUSDT,1780838100000,train,-1,-3.35,0.493,5.01,3.47,0.84,-2.01,0.8,0.0,0.0,0.0,0,-1.34,neutral,neutral,0,-1.0,7,1036,0,
s4352,SUIUSDT,1780838100000,train,-1,-2.68,0.381,4.71,2.94,0.96,-1.34,0.69,0.0,0.0,0.0,0,-1.34,neutral,neutral,0,0.128,32,1036,1,
s4353,JUPUSDT,1780838100000,train,-1,-3.32,0.461,4.93,3.57,1.0,-1.98,0.92,0.0,0.0,0.0,0,-1.34,neutral,neutral,0,0.309,32,1036,0,
s4354,PENDLEUSDT,1780838100000,train,-1,-2.57,0.44,3.68,2.66,0.71,-1.22,0.8,0.0,0.0,0.0,0,-1.34,neutral,bajista,0,0.155,32,1036,2,
s4355,GRTUSDT,1780838100000,testB,-1,-3.0,0.452,4.26,3.14,0.93,-1.66,0.93,0.0,0.0,0.0,0,-1.34,neutral,neutral,0,0.097,32,1035,0,
s4356,LDOUSDT,1780838100000,testB,-1,-2.47,0.427,3.55,2.61,1.01,-1.13,0.83,0.0,0.0,0.0,0,-1.34,neutral,neutral,0,0.058,32,1035,0,
s4357,SANDUSDT,1780838100000,testB,-1,-2.96,0.473,4.19,3.07,1.8,-1.62,1.02,0.0,0.0,0.0,0,-1.34,neutral,neutral,0,0.264,32,1035,1,
s4358,MANAUSDT,1780838100000,testB,-1,-2.62,0.391,3.89,2.69,1.58,-1.28,0.78,0.0,0.0,0.0,0,-1.34,neutral,neutral,0,0.5,32,1035,1,
s4359,AXSUSDT,1780838100000,testB,-1,-3.34,0.571,4.64,3.45,1.23,-1.99,1.01,0.0,0.0,0.0,0,-1.34,neutral,neutral,0,0.031,32,1035,1,
s4360,STBLUSDT,1780839000000,train,-1,-2.39,0.353,4.02,2.82,0.61,-1.1,1.11,0.0,0.0,0.0,0,-1.29,neutral,neutral,0,-1.0,3,1037,1,
s4361,0GUSDT,1780839000000,train,-1,-3.27,0.637,4.37,3.48,0.56,-1.98,1.3,0.0,0.0,0.0,0,-1.29,neutral,neutral,0,0.086,32,1037,0,
s4362,INJUSDT,1780839000000,train,-1,-2.25,0.393,3.91,2.38,0.73,-0.97,0.72,0.0,0.0,0.0,0,-1.29,neutral,neutral,0,-1.0,3,1037,1,
s4363,JUPUSDT,1780839000000,train,-1,-2.84,0.413,4.35,2.92,0.74,-1.55,0.86,0.0,0.0,0.0,0,-1.29,neutral,neutral,0,0.533,32,1037,0,
s4364,GRTUSDT,1780839000000,testB,-1,-2.42,0.398,3.65,2.59,0.86,-1.14,0.95,0.0,0.0,0.0,0,-1.29,neutral,neutral,0,0.333,32,1036,1,
s4365,LDOUSDT,1780839000000,testB,-1,-2.11,0.388,3.33,2.42,0.66,-0.82,0.87,0.0,0.0,0.0,0,-1.29,neutral,neutral,0,0.234,32,1036,0,
s4366,SANDUSDT,1780839000000,testB,-1,-2.33,0.403,3.68,2.49,0.65,-1.05,0.93,0.0,0.0,0.0,0,-1.29,neutral,neutral,0,0.535,32,1036,0,
s4367,AXSUSDT,1780839000000,testB,-1,-2.83,0.509,4.31,3.02,0.66,-1.54,0.89,0.0,0.0,0.0,0,-1.29,neutral,neutral,0,0.179,32,1036,0,
s4368,STBLUSDT,1780839900000,train,-1,-2.48,0.361,3.71,3.04,0.52,-1.14,1.32,0.0,0.0,0.0,0,-1.34,neutral,bajista,0,-1.0,2,1038,2,
s4369,0GUSDT,1780839900000,train,-1,-2.87,0.605,3.85,3.15,0.55,-1.53,1.36,0.0,0.0,0.0,0,-1.34,neutral,neutral,0,-0.042,32,1038,1,
s4370,JUPUSDT,1780839900000,train,-1,-2.28,0.36,3.96,2.53,0.51,-0.95,0.82,0.0,0.0,0.0,0,-1.34,neutral,neutral,0,0.487,32,1038,0,
s4371,GRTUSDT,1780839900000,testB,-1,-2.14,0.368,3.3,2.34,0.91,-0.8,1.07,0.0,0.0,0.0,0,-1.34,neutral,bajista,0,0.196,32,1037,2,
s4372,SANDUSDT,1780839900000,testB,-1,-2.19,0.387,3.34,2.28,0.61,-0.85,1.0,0.0,0.0,0.0,0,-1.34,neutral,neutral,0,0.347,32,1037,1,
s4373,AXSUSDT,1780839900000,testB,-1,-2.52,0.48,3.99,2.69,0.5,-1.19,0.85,0.0,0.0,0.0,0,-1.34,neutral,neutral,0,-0.0,32,1037,1,
s4374,STBLUSDT,1780840800000,train,-1,-2.68,0.384,3.71,3.21,0.57,-1.69,1.27,0.0,0.0,0.0,0,-0.99,neutral,bajista,0,-1.0,1,1039,3,
s4375,0GUSDT,1780840800000,train,-1,-2.61,0.559,3.84,3.05,0.48,-1.62,1.16,0.0,0.0,0.0,0,-0.99,neutral,neutral,0,-1.0,32,1039,0,
s4376,WLDUSDT,1780840800000,train,1,6.77,0.446,7.48,6.63,0.96,7.76,2.28,0.0,0.0,0.0,0,-0.99,neutral,neutral,1,2.0,6,1039,1,
s4377,FETUSDT,1780844400000,train,1,3.11,0.352,4.39,3.96,1.43,4.11,1.69,0.0,0.0,0.0,0,-0.99,neutral,neutral,0,-1.0,18,1042,0,
s4378,INJUSDT,1780845300000,train,1,3.45,0.395,5.86,5.68,1.35,4.35,2.9,0.0,0.0,0.0,0,-0.9,neutral,alcista,0,0.065,32,1044,3,
s4379,FETUSDT,1780845300000,train,1,3.23,0.362,5.0,4.9,1.49,4.13,2.48,0.0,0.0,0.0,0,-0.9,neutral,neutral,0,-1.0,17,1043,1,
s4380,FETUSDT,1780846200000,train,1,3.4,0.376,5.88,5.7,1.59,4.34,3.0,0.0,0.0,0.0,0,-0.94,neutral,alcista,0,-1.0,16,1044,2,
s4381,PUMPUSDT,1780848000000,train,1,2.51,0.587,3.71,2.98,0.84,2.39,0.7,0.0,0.0,0.0,0,0.12,neutral,neutral,0,-1.0,13,1047,0,
s4382,INJUSDT,1780848000000,train,1,3.54,0.418,6.04,4.0,0.92,3.42,0.64,0.0,0.0,0.0,0,0.12,neutral,neutral,0,0.651,32,1047,0,
s4383,ONDOUSDT,1780848000000,train,1,3.35,0.44,5.77,4.56,1.42,3.24,0.93,0.0,0.0,0.0,0,0.12,neutral,neutral,0,-1.0,14,1046,1,
s4384,FETUSDT,1780848000000,train,1,3.8,0.494,5.96,4.46,1.53,3.68,1.22,0.0,0.0,0.0,0,0.12,neutral,neutral,0,-1.0,14,1046,0,
s4385,PUMPUSDT,1780848900000,train,1,2.58,0.613,3.71,2.85,0.75,2.22,0.44,0.0,0.0,0.0,0,0.37,neutral,neutral,0,-1.0,12,1048,0,
s4386,INJUSDT,1780848900000,train,1,4.96,0.524,5.94,5.06,0.97,4.59,1.6,0.0,0.0,0.0,0,0.37,neutral,neutral,0,0.594,32,1048,1,
s4387,ONDOUSDT,1780848900000,train,1,4.17,0.551,5.75,4.89,1.24,3.81,1.03,0.0,0.0,0.0,0,0.37,neutral,alcista,0,-1.0,13,1047,2,
s4388,FETUSDT,1780848900000,train,1,4.33,0.527,5.92,5.04,1.46,3.96,1.57,0.0,0.0,0.0,0,0.37,neutral,neutral,0,-1.0,13,1047,1,
s4389,PUMPUSDT,1780849800000,train,1,2.17,0.516,3.19,2.12,1.0,1.36,0.24,0.0,0.0,0.0,0,0.81,neutral,neutral,0,-1.0,10,1049,0,
s4390,OPUSDT,1780849800000,train,1,2.03,0.422,3.46,1.99,0.83,1.22,-0.08,0.0,0.0,0.0,0,0.81,neutral,neutral,0,-1.0,10,1049,1,
s4391,INJUSDT,1780849800000,train,1,5.34,0.543,5.92,5.22,1.13,4.53,2.01,0.0,0.0,0.0,0,0.81,neutral,alcista,0,0.473,32,1049,2,
s4392,ONDOUSDT,1780849800000,train,1,3.53,0.428,5.23,3.44,1.14,2.71,0.21,0.0,0.0,0.0,0,0.81,neutral,neutral,0,-1.0,11,1048,0,
s4393,FETUSDT,1780849800000,train,1,4.43,0.545,5.41,4.29,0.97,3.62,1.34,0.0,0.0,0.0,0,0.81,neutral,alcista,0,-1.0,11,1048,2,
s4394,INJUSDT,1780850700000,train,1,4.88,0.498,5.8,4.89,1.04,4.58,1.82,0.0,0.0,0.0,0,0.3,neutral,neutral,0,0.578,32,1050,0,
s4395,FETUSDT,1780850700000,train,1,3.44,0.43,5.29,3.75,0.95,3.14,1.13,0.0,0.0,0.0,0,0.3,neutral,neutral,0,-1.0,10,1049,0,
s4396,INJUSDT,1780851600000,train,1,4.95,0.503,5.41,4.96,1.11,4.13,2.13,0.0,0.0,0.0,0,0.83,neutral,neutral,0,0.22,32,1051,1,
s4397,ONDOUSDT,1780851600000,train,1,3.17,0.37,4.68,3.45,0.74,2.34,0.98,0.0,0.0,0.0,0,0.83,neutral,neutral,0,-1.0,9,1050,1,
s4398,FETUSDT,1780851600000,train,1,3.92,0.463,5.26,4.37,0.92,3.09,1.6,0.0,0.0,0.0,0,0.83,neutral,neutral,0,-1.0,9,1050,1,
s4399,STBLUSDT,1780854300000,train,1,4.21,0.416,5.04,4.28,0.47,3.47,1.32,0.0,0.0,0.0,0,0.74,neutral,neutral,0,0.168,32,1054,1,
s4400,STBLUSDT,1780855200000,train,1,4.8,0.462,5.02,4.66,0.45,4.01,1.53,0.0,0.0,0.0,0,0.78,neutral,alcista,0,0.068,32,1055,2,
s4401,XPLUSDT,1780856100000,train,-1,-2.78,0.504,4.26,3.89,0.57,-3.01,1.15,0.0,0.0,0.0,0,0.22,neutral,neutral,0,-1.0,15,1056,1,
s4402,ENAUSDT,1780856100000,train,-1,-2.7,0.384,4.06,3.72,0.63,-2.93,1.05,0.0,0.0,0.0,0,0.22,neutral,neutral,0,-1.0,16,1056,1,
s4403,ARUSDT,1780856100000,testB,-1,-2.05,0.461,3.42,2.66,0.79,-2.27,0.71,0.0,0.0,0.0,0,0.22,neutral,neutral,0,-1.0,15,1055,1,
s4404,XPLUSDT,1780857000000,train,-1,-2.76,0.501,4.2,3.9,0.61,-3.1,1.23,0.0,0.0,0.0,0,0.33,neutral,bajista,0,-1.0,14,1057,2,
s4405,ENAUSDT,1780857000000,train,-1,-2.92,0.402,3.87,3.86,0.63,-3.25,1.27,0.0,0.0,0.0,0,0.33,neutral,bajista,0,-1.0,15,1057,2,
s4406,XPLUSDT,1780857900000,train,-1,-3.93,0.701,4.76,4.61,0.59,-4.14,1.85,0.0,0.0,0.0,0,0.21,neutral,bajista,0,-1.0,13,1058,3,
s4407,ENAUSDT,1780857900000,train,-1,-3.61,0.496,4.47,4.27,0.73,-3.82,1.57,0.0,0.0,0.0,0,0.21,neutral,bajista,0,-1.0,14,1058,3,
s4408,OPUSDT,1780857900000,train,-1,-2.08,0.455,2.87,2.55,1.05,-2.29,1.14,0.0,0.0,0.0,0,0.21,neutral,bajista,0,-1.0,13,1058,3,
s4409,ARUSDT,1780857900000,testB,-1,-2.31,0.548,2.57,2.52,0.67,-2.52,1.36,0.0,0.0,0.0,0,0.21,neutral,bajista,0,-1.0,13,1057,3,
s4410,XPLUSDT,1780858800000,train,-1,-4.99,0.748,6.36,5.88,0.91,-4.7,2.9,0.0,0.0,0.0,0,-0.29,neutral,bajista,0,-1.0,12,1059,4,
s4411,PUMPUSDT,1780858800000,train,-1,-2.38,0.45,3.19,3.05,0.94,-2.09,1.94,0.0,0.0,0.0,0,-0.29,neutral,bajista,0,-1.0,12,1059,4,
s4412,ENAUSDT,1780858800000,train,-1,-4.9,0.623,5.45,5.25,1.01,-4.61,2.57,0.0,0.0,0.0,0,-0.29,neutral,bajista,0,-1.0,13,1059,4,
s4413,ARBUSDT,1780858800000,train,-1,-2.07,0.586,2.74,2.37,1.98,-1.79,1.62,0.0,0.0,0.0,0,-0.29,neutral,bajista,0,-1.0,12,1059,4,
s4414,OPUSDT,1780858800000,train,-1,-3.33,0.571,4.2,3.88,1.72,-3.04,2.34,0.0,0.0,0.0,0,-0.29,neutral,bajista,0,-1.0,12,1059,4,
s4415,TIAUSDT,1780858800000,train,-1,-3.22,0.554,3.94,3.75,1.84,-2.93,2.44,0.0,0.0,0.0,0,-0.29,neutral,bajista,0,-1.0,12,1059,4,
s4416,SEIUSDT,1780858800000,train,-1,-2.39,0.584,3.34,3.22,1.53,-2.1,1.99,0.0,0.0,0.0,0,-0.29,neutral,bajista,0,-1.0,12,1059,4,
s4417,JUPUSDT,1780858800000,train,-1,-2.76,0.494,3.04,2.97,1.0,-2.47,1.98,0.0,0.0,0.0,0,-0.29,neutral,bajista,0,-1.0,12,1059,4,
s4418,PENDLEUSDT,1780858800000,train,-1,-2.2,0.445,2.63,2.58,1.58,-1.92,1.81,0.0,0.0,0.0,0,-0.29,neutral,bajista,0,-1.0,12,1059,2,
s4419,ARUSDT,1780858800000,testB,-1,-2.97,0.608,3.48,3.37,0.97,-2.68,2.07,0.0,0.0,0.0,0,-0.29,neutral,bajista,0,-1.0,12,1058,4,
s4420,STXUSDT,1780858800000,testB,-1,-2.31,0.558,2.8,2.64,1.31,-2.02,1.79,0.0,0.0,0.0,0,-0.29,neutral,bajista,0,-1.0,12,1058,4,
s4421,SANDUSDT,1780858800000,testB,-1,-2.15,0.447,2.55,2.51,1.62,-1.87,1.72,0.0,0.0,0.0,0,-0.29,neutral,bajista,0,-1.0,12,1058,4,
s4422,APEUSDT,1780858800000,testB,-1,-2.74,0.472,3.65,3.4,1.65,-2.45,1.91,0.0,0.0,0.0,0,-0.29,neutral,bajista,0,-1.0,12,1058,4,
s4423,XPLUSDT,1780859700000,train,-1,-5.09,0.752,6.46,6.03,1.18,-4.32,2.72,0.0,0.0,0.0,0,-0.78,neutral,bajista,0,-1.0,11,1060,5,
s4424,PUMPUSDT,1780859700000,train,-1,-3.04,0.535,4.02,3.61,1.43,-2.26,2.22,0.0,0.0,0.0,0,-0.78,neutral,bajista,0,-1.0,11,1060,5,
s4425,ENAUSDT,1780859700000,train,-1,-4.51,0.6,5.85,5.28,1.61,-3.73,2.94,0.0,0.0,0.0,0,-0.78,neutral,bajista,0,-1.0,11,1060,5,
s4426,ARBUSDT,1780859700000,train,-1,-2.2,0.6,3.37,2.75,2.94,-1.43,1.79,0.0,0.0,0.0,0,-0.78,neutral,bajista,0,-1.0,11,1060,5,
s4427,OPUSDT,1780859700000,train,-1,-3.64,0.593,4.64,4.21,2.3,-2.87,2.41,0.0,0.0,0.0,0,-0.78,neutral,bajista,0,-1.0,11,1060,5,
s4428,TIAUSDT,1780859700000,train,-1,-3.54,0.577,4.81,4.29,2.52,-2.76,2.61,0.0,0.0,0.0,0,-0.78,neutral,bajista,0,-1.0,11,1060,5,
s4429,SEIUSDT,1780859700000,train,-1,-2.89,0.704,3.98,3.5,1.84,-2.12,2.0,0.0,0.0,0.0,0,-0.78,neutral,bajista,0,-1.0,11,1060,5,
s4430,JUPUSDT,1780859700000,train,-1,-3.15,0.527,4.12,3.59,1.89,-2.38,2.28,0.0,0.0,0.0,0,-0.78,neutral,bajista,0,-1.0,11,1060,5,
s4431,PENDLEUSDT,1780859700000,train,-1,-2.44,0.495,3.07,2.7,2.07,-1.67,1.68,0.0,0.0,0.0,0,-0.78,neutral,bajista,0,-1.0,11,1060,3,
s4432,ONDOUSDT,1780859700000,train,-1,-4.01,0.417,5.64,5.25,0.75,-3.24,2.61,0.0,0.0,0.0,0,-0.78,neutral,bajista,0,-1.0,12,1059,5,
s4433,FETUSDT,1780859700000,train,-1,-4.11,0.494,6.14,5.6,1.07,-3.33,2.66,0.0,0.0,0.0,0,-0.78,neutral,bajista,0,-1.0,12,1059,8,
s4434,ARUSDT,1780859700000,testB,-1,-3.78,0.664,4.61,4.3,1.35,-3.0,2.55,0.0,0.0,0.0,0,-0.78,neutral,bajista,0,-1.0,11,1059,5,
s4435,STXUSDT,1780859700000,testB,-1,-2.58,0.585,3.36,2.98,1.65,-1.8,1.86,0.0,0.0,0.0,0,-0.78,neutral,bajista,0,-1.0,11,1059,5,
s4436,GRTUSDT,1780859700000,testB,-1,-2.4,0.558,3.44,2.97,1.67,-1.63,1.75,0.0,0.0,0.0,0,-0.78,neutral,bajista,0,-1.0,11,1059,5,
s4437,LDOUSDT,1780859700000,testB,-1,-2.21,0.488,3.22,2.73,3.28,-1.44,1.78,0.0,0.0,0.0,0,-0.78,neutral,bajista,0,-1.0,11,1059,5,
s4438,SANDUSDT,1780859700000,testB,-1,-2.31,0.464,3.33,2.91,4.1,-1.54,1.85,0.0,0.0,0.0,0,-0.78,neutral,bajista,0,-1.0,11,1059,5,
s4439,MANAUSDT,1780859700000,testB,-1,-2.38,0.471,3.51,3.05,4.31,-1.61,2.08,0.0,0.0,0.0,0,-0.78,neutral,bajista,0,-1.0,11,1059,5,
s4440,APEUSDT,1780859700000,testB,-1,-2.83,0.479,4.16,3.66,2.18,-2.05,1.93,0.0,0.0,0.0,0,-0.78,neutral,bajista,0,-1.0,11,1059,5,
s4441,XPLUSDT,1780860600000,train,-1,-5.3,0.758,6.23,5.78,1.29,-3.88,3.08,0.0,0.0,0.0,0,-1.42,neutral,bajista,0,-1.0,10,1061,6,
s4442,PUMPUSDT,1780860600000,train,-1,-4.15,0.663,4.47,4.33,1.65,-2.73,2.82,0.0,0.0,0.0,0,-1.42,neutral,bajista,0,-1.0,10,1061,6,
s4443,0GUSDT,1780860600000,train,-1,-2.46,0.51,3.43,3.39,1.33,-1.04,1.91,0.0,0.0,0.0,0,-1.42,neutral,bajista,0,-1.0,10,1061,6,
s4444,ENAUSDT,1780860600000,train,-1,-5.54,0.689,6.16,5.87,1.96,-4.12,3.44,0.0,0.0,0.0,0,-1.42,neutral,bajista,0,-1.0,10,1061,6,
s4445,ARBUSDT,1780860600000,train,-1,-3.05,0.714,3.78,3.53,3.67,-1.63,2.31,0.0,0.0,0.0,0,-1.42,neutral,bajista,0,-1.0,10,1061,6,
s4446,OPUSDT,1780860600000,train,-1,-4.27,0.631,4.67,4.46,2.67,-2.85,2.79,0.0,0.0,0.0,0,-1.42,neutral,bajista,0,-1.0,10,1061,6,
s4447,INJUSDT,1780860600000,train,-1,-3.52,0.366,4.76,4.67,1.23,-2.1,2.34,0.0,0.0,0.0,0,-1.42,neutral,bajista,0,-1.0,10,1061,4,
s4448,SUIUSDT,1780860600000,train,-1,-2.45,0.54,3.3,3.0,2.36,-1.03,1.82,0.0,0.0,0.0,0,-1.42,neutral,bajista,0,-1.0,10,1061,6,
s4449,TIAUSDT,1780860600000,train,-1,-4.41,0.686,5.3,4.94,3.05,-2.99,2.92,0.0,0.0,0.0,0,-1.42,neutral,bajista,0,-1.0,10,1061,6,
s4450,SEIUSDT,1780860600000,train,-1,-3.79,0.839,4.28,4.05,2.02,-2.37,2.47,0.0,0.0,0.0,0,-1.42,neutral,bajista,0,-1.0,10,1061,6,
s4451,JUPUSDT,1780860600000,train,-1,-3.53,0.579,4.33,3.73,2.64,-2.12,2.33,0.0,0.0,0.0,0,-1.42,neutral,bajista,0,-1.0,10,1061,6,
s4452,PENDLEUSDT,1780860600000,train,-1,-2.73,0.522,3.16,3.11,2.61,-1.31,1.96,0.0,0.0,0.0,0,-1.42,neutral,bajista,0,-1.0,10,1061,4,
s4453,ONDOUSDT,1780860600000,train,-1,-6.0,0.591,6.54,6.51,1.07,-4.58,3.57,0.0,0.0,0.0,0,-1.42,neutral,bajista,0,-1.0,11,1060,6,
s4454,FETUSDT,1780860600000,train,-1,-5.88,0.702,7.04,6.69,1.22,-4.46,3.38,0.0,0.0,0.0,0,-1.42,neutral,bajista,0,-1.0,11,1060,8,
s4455,ARUSDT,1780860600000,testB,-1,-4.37,0.77,4.99,4.57,1.64,-2.95,2.63,0.0,0.0,0.0,0,-1.42,neutral,bajista,0,-1.0,10,1060,6,
s4456,STXUSDT,1780860600000,testB,-1,-3.27,0.718,3.76,3.38,2.29,-1.85,2.12,0.0,0.0,0.0,0,-1.42,neutral,bajista,0,-1.0,10,1060,6,
s4457,GRTUSDT,1780860600000,testB,-1,-2.8,0.609,3.6,3.35,1.96,-1.38,1.96,0.0,0.0,0.0,0,-1.42,neutral,bajista,0,-1.0,10,1060,6,
s4458,LDOUSDT,1780860600000,testB,-1,-2.95,0.653,3.31,3.12,3.58,-1.53,2.01,0.0,0.0,0.0,0,-1.42,neutral,bajista,0,-1.0,10,1060,6,
s4459,SANDUSDT,1780860600000,testB,-1,-2.77,0.52,3.52,3.34,4.87,-1.35,2.09,0.0,0.0,0.0,0,-1.42,neutral,bajista,0,-1.0,10,1060,6,
s4460,MANAUSDT,1780860600000,testB,-1,-3.42,0.59,4.01,4.01,4.97,-2.0,2.72,0.0,0.0,0.0,0,-1.42,neutral,bajista,0,-1.0,10,1060,6,
s4461,AXSUSDT,1780860600000,testB,-1,-2.35,0.524,2.85,2.63,3.83,-0.93,1.7,0.0,0.0,0.0,0,-1.42,neutral,bajista,0,-1.0,10,1060,6,
s4462,APEUSDT,1780860600000,testB,-1,-3.87,0.571,4.7,4.7,2.12,-2.45,2.66,0.0,0.0,0.0,0,-1.42,neutral,bajista,0,-1.0,10,1060,6,
s4463,XPLUSDT,1780861500000,train,-1,-3.93,0.538,5.58,4.26,1.36,-2.69,2.01,0.0,0.0,0.0,0,-1.24,neutral,neutral,0,-1.0,9,1062,0,
s4464,PUMPUSDT,1780861500000,train,-1,-3.24,0.495,4.37,3.62,2.01,-2.0,2.03,0.0,0.0,0.0,0,-1.24,neutral,neutral,0,-1.0,9,1062,0,
s4465,ENAUSDT,1780861500000,train,-1,-4.44,0.556,5.85,4.91,1.87,-3.2,2.69,0.0,0.0,0.0,0,-1.24,neutral,neutral,0,-1.0,9,1062,0,
s4466,ARBUSDT,1780861500000,train,-1,-2.57,0.568,3.76,3.14,3.85,-1.33,1.74,0.0,0.0,0.0,0,-1.24,neutral,neutral,0,-1.0,9,1062,0,
s4467,OPUSDT,1780861500000,train,-1,-3.65,0.538,4.77,4.01,2.65,-2.42,2.24,0.0,0.0,0.0,0,-1.24,neutral,neutral,0,-1.0,9,1062,0,
s4468,TIAUSDT,1780861500000,train,-1,-3.79,0.594,5.29,4.63,2.99,-2.56,2.41,0.0,0.0,0.0,0,-1.24,neutral,neutral,0,-1.0,9,1062,0,
s4469,SEIUSDT,1780861500000,train,-1,-3.18,0.737,3.93,3.49,2.37,-1.94,1.99,0.0,0.0,0.0,0,-1.24,neutral,neutral,0,-1.0,9,1062,0,
s4470,JUPUSDT,1780861500000,train,-1,-2.46,0.413,4.31,3.25,3.13,-1.22,1.7,0.0,0.0,0.0,0,-1.24,neutral,neutral,0,-1.0,9,1062,0,
s4471,PENDLEUSDT,1780861500000,train,-1,-2.24,0.402,3.22,2.68,3.03,-1.0,1.44,0.0,0.0,0.0,0,-1.24,neutral,neutral,0,-1.0,9,1062,0,
s4472,ONDOUSDT,1780861500000,train,-1,-4.56,0.458,6.47,5.71,1.24,-3.33,2.68,0.0,0.0,0.0,0,-1.24,neutral,neutral,0,-1.0,10,1061,0,
s4473,FETUSDT,1780861500000,train,-1,-4.89,0.574,7.05,6.07,1.65,-3.65,2.55,0.0,0.0,0.0,0,-1.24,neutral,neutral,0,-1.0,10,1061,0,
s4474,ARUSDT,1780861500000,testB,-1,-3.78,0.676,4.82,4.14,1.9,-2.55,2.13,0.0,0.0,0.0,0,-1.24,neutral,neutral,0,-1.0,9,1061,0,
s4475,STXUSDT,1780861500000,testB,-1,-2.37,0.512,3.69,2.81,2.85,-1.13,1.46,0.0,0.0,0.0,0,-1.24,neutral,neutral,0,-1.0,9,1061,0,
s4476,GRTUSDT,1780861500000,testB,-1,-2.45,0.505,3.59,3.03,2.07,-1.22,1.52,0.0,0.0,0.0,0,-1.24,neutral,neutral,0,-1.0,9,1061,0,
s4477,LDOUSDT,1780861500000,testB,-1,-2.14,0.487,3.34,2.76,3.87,-0.91,1.49,0.0,0.0,0.0,0,-1.24,neutral,neutral,0,-1.0,9,1061,0,
s4478,SANDUSDT,1780861500000,testB,-1,-2.29,0.414,3.7,2.98,5,-1.06,1.59,0.0,0.0,0.0,0,-1.24,neutral,neutral,0,-1.0,9,1061,0,
s4479,MANAUSDT,1780861500000,testB,-1,-3.27,0.55,4.15,3.85,5,-2.04,2.31,0.0,0.0,0.0,0,-1.24,neutral,neutral,0,-1.0,9,1061,0,
s4480,APEUSDT,1780861500000,testB,-1,-3.25,0.513,4.95,4.61,2.15,-2.01,2.36,0.0,0.0,0.0,0,-1.24,neutral,neutral,0,-1.0,9,1061,0,
s4481,ENAUSDT,1780862400000,train,-1,-3.11,0.376,5.8,4.04,1.6,-2.18,1.56,0.0,0.0,0.0,0,-0.93,neutral,neutral,0,-1.0,8,1063,0,
s4482,TIAUSDT,1780862400000,train,-1,-2.6,0.363,5.24,3.58,1.74,-1.67,1.26,0.0,0.0,0.0,0,-0.93,neutral,neutral,0,-1.0,8,1063,0,
s4483,SEIUSDT,1780862400000,train,-1,-2.39,0.5,3.89,2.81,1.54,-1.47,1.26,0.0,0.0,0.0,0,-0.93,neutral,neutral,0,-1.0,8,1063,0,
s4484,ONDOUSDT,1780862400000,train,-1,-4.39,0.433,6.15,5.22,1.13,-3.47,2.34,0.0,0.0,0.0,0,-0.93,neutral,neutral,0,-1.0,9,1062,0,
s4485,FETUSDT,1780862400000,train,-1,-3.89,0.491,7.03,5.86,1.49,-2.97,2.27,0.0,0.0,0.0,0,-0.93,neutral,neutral,0,-1.0,9,1062,0,
s4486,ARUSDT,1780862400000,testB,-1,-2.33,0.397,4.78,3.22,1.96,-1.41,1.13,0.0,0.0,0.0,0,-0.93,neutral,neutral,0,-1.0,8,1062,0,
s4487,SEIUSDT,1780863300000,train,-1,-2.07,0.405,3.87,2.46,1.35,-1.38,0.88,0.0,0.0,0.0,0,-0.69,neutral,neutral,0,-1.0,7,1064,0,
s4488,ONDOUSDT,1780863300000,train,-1,-3.86,0.364,6.1,4.28,1.02,-3.17,1.43,0.0,0.0,0.0,0,-0.69,neutral,neutral,0,-1.0,8,1063,0,
s4489,FETUSDT,1780863300000,train,-1,-4.01,0.518,7.0,5.34,1.11,-3.32,1.74,0.0,0.0,0.0,0,-0.69,neutral,neutral,0,-1.0,8,1063,0,
s4490,ENAUSDT,1780864200000,train,-1,-3.5,0.405,5.51,3.82,0.78,-2.91,1.32,0.0,0.0,0.0,0,-0.59,neutral,neutral,0,-1.0,6,1065,1,
s4491,INJUSDT,1780864200000,train,-1,-3.01,0.375,4.86,3.87,0.55,-2.42,1.04,0.0,0.0,0.0,0,-0.59,neutral,neutral,0,-1.0,6,1065,1,
s4492,FETUSDT,1780864200000,train,-1,-4.29,0.535,6.63,5.26,0.89,-3.71,1.77,0.0,0.0,0.0,0,-0.59,neutral,neutral,0,-1.0,7,1064,1,
s4493,ARUSDT,1780864200000,testB,-1,-2.33,0.371,4.77,3.01,1.15,-1.74,0.77,0.0,0.0,0.0,0,-0.59,neutral,neutral,0,-1.0,6,1064,1,
s4494,FETUSDT,1780865100000,train,-1,-3.37,0.414,6.3,4.41,0.71,-3.03,1.01,0.0,0.0,0.0,0,-0.34,neutral,neutral,0,-1.0,5,1065,0,
s4495,APEUSDT,1780865100000,testB,-1,-2.51,0.373,4.89,3.4,0.52,-2.17,0.67,0.0,0.0,0.0,0,-0.34,neutral,neutral,0,-1.0,5,1065,0,
s4496,FETUSDT,1780866000000,train,-1,-3.86,0.509,6.2,4.16,0.6,-3.33,0.87,0.0,0.0,0.0,0,-0.54,neutral,neutral,0,-1.0,4,1066,0,
s4497,APEUSDT,1780866000000,testB,-1,-3.05,0.5,4.89,3.4,0.44,-2.52,0.62,0.0,0.0,0.0,0,-0.54,neutral,neutral,0,-1.0,4,1066,0,
s4498,ENAUSDT,1780866900000,train,-1,-3.26,0.352,5.01,3.36,0.47,-2.52,1.09,0.0,0.0,0.0,0,-0.74,neutral,neutral,0,-1.0,3,1068,1,
s4499,FETUSDT,1780866900000,train,-1,-3.33,0.47,5.25,3.6,0.47,-2.59,1.14,0.0,0.0,0.0,0,-0.74,neutral,neutral,0,-1.0,3,1067,1,
s4500,APEUSDT,1780866900000,testB,-1,-3.14,0.506,4.81,3.4,0.36,-2.39,0.67,0.0,0.0,0.0,0,-0.74,neutral,neutral,0,-1.0,3,1067,1,
s4501,ARBUSDT,1780867800000,train,-1,-2.08,0.378,3.62,2.37,0.39,-1.18,0.68,0.0,0.0,0.0,0,-0.9,neutral,bajista,0,-1.0,2,1069,2,
s4502,TIAUSDT,1780867800000,train,-1,-2.94,0.389,4.62,3.03,0.56,-2.04,0.93,0.0,0.0,0.0,0,-0.9,neutral,bajista,0,-1.0,2,1069,2,
s4503,PENDLEUSDT,1780867800000,train,-1,-2.13,0.373,3.12,2.37,1.01,-1.23,0.78,0.0,0.0,0.0,0,-0.9,neutral,bajista,0,-1.0,2,1069,2,
s4504,FETUSDT,1780867800000,train,-1,-3.86,0.506,5.14,4.26,0.47,-2.96,1.67,0.0,0.0,0.0,0,-0.9,neutral,bajista,0,-1.0,2,1068,2,
s4505,GRTUSDT,1780867800000,testB,-1,-2.35,0.423,3.43,2.56,0.54,-1.45,0.84,0.0,0.0,0.0,0,-0.9,neutral,bajista,0,-1.0,2,1068,2,
s4506,SANDUSDT,1780867800000,testB,-1,-2.44,0.41,3.5,2.58,0.38,-1.54,0.91,0.0,0.0,0.0,0,-0.9,neutral,bajista,0,-1.0,2,1068,2,
s4507,MANAUSDT,1780867800000,testB,-1,-2.67,0.391,3.97,2.9,0.37,-1.78,1.0,0.0,0.0,0.0,0,-0.9,neutral,bajista,0,-1.0,2,1068,2,
s4508,APEUSDT,1780867800000,testB,-1,-2.67,0.465,4.16,3.08,0.32,-1.78,0.96,0.0,0.0,0.0,0,-0.9,neutral,bajista,0,-1.0,2,1068,2,
s4509,FETUSDT,1780868700000,train,-1,-2.93,0.36,5.01,3.4,0.46,-2.32,0.95,0.0,0.0,0.0,0,-0.6,neutral,neutral,0,-1.0,1,1069,0,
s4510,0GUSDT,1780874100000,train,1,3.11,0.368,5.8,3.5,0.47,0.22,1.02,0.0,0.0,0.0,0,2.89,bull,alcista,0,-1.0,23,1076,2,train
s4511,JUPUSDT,1780874100000,train,1,3.85,0.358,7.55,4.54,0.87,0.97,1.24,0.0,0.0,0.0,0,2.89,bull,alcista,0,0.113,32,1076,2,train
s4512,ARUSDT,1780874100000,testB,1,4.24,0.403,7.74,4.77,0.83,1.35,1.41,0.0,0.0,0.0,0,2.89,bull,alcista,0,-0.442,32,1075,2,testB
s4513,STXUSDT,1780874100000,testB,1,3.53,0.386,6.49,4.2,0.77,0.64,1.21,0.0,0.0,0.0,0,2.89,bull,neutral,0,-0.076,32,1075,0,
s4514,SANDUSDT,1780874100000,testB,1,3.6,0.407,5.95,4.23,0.81,0.71,1.45,0.0,0.0,0.0,0,2.89,bull,alcista,0,-0.594,32,1075,2,testB
s4515,AXSUSDT,1780874100000,testB,1,3.28,0.375,6.66,4.02,0.87,0.39,1.02,0.0,0.0,0.0,0,2.89,bull,neutral,0,-0.132,32,1075,1,
s4516,PUMPUSDT,1780875000000,train,1,4.75,0.451,7.88,4.86,0.41,1.36,1.32,0.0,0.0,0.0,0,3.39,bull,neutral,0,0.743,32,1077,0,train
s4517,0GUSDT,1780875000000,train,1,3.53,0.436,5.81,3.47,0.41,0.14,0.94,0.0,0.0,0.0,0,3.39,bull,neutral,0,-1.0,22,1077,0,train
s4518,ARBUSDT,1780875000000,train,1,4.28,0.415,7.37,4.35,0.62,0.89,1.29,0.0,0.0,0.0,0,3.39,bull,neutral,0,-0.167,32,1077,0,train
s4519,INJUSDT,1780875000000,train,1,4.61,0.416,7.71,4.63,0.71,1.22,1.4,0.0,0.0,0.0,0,3.39,bull,neutral,0,0.486,32,1077,1,train
s4520,SUIUSDT,1780875000000,train,1,3.93,0.372,6.94,3.98,0.72,0.54,1.26,0.0,0.0,0.0,0,3.39,bull,neutral,0,-1.0,24,1077,0,train
s4521,SEIUSDT,1780875000000,train,1,3.88,0.394,6.5,3.95,0.78,0.49,0.93,0.0,0.0,0.0,0,3.39,bull,neutral,0,0.0,32,1077,0,train
s4522,PENDLEUSDT,1780875000000,train,1,3.57,0.416,5.02,3.57,0.85,0.18,1.23,0.0,0.0,0.0,0,3.39,bull,neutral,0,0.084,32,1077,1,train
s4523,ONDOUSDT,1780875000000,train,1,5.12,0.381,6.85,4.98,0.8,1.73,1.69,0.0,0.0,0.0,0,3.39,bull,alcista,0,0.954,32,1076,3,train
s4524,FETUSDT,1780875000000,train,1,4.92,0.376,7.18,5.07,0.67,1.53,1.68,0.0,0.0,0.0,0,3.39,bull,alcista,0,-0.222,32,1076,3,train
s4525,STXUSDT,1780875000000,testB,1,3.71,0.411,6.19,3.63,0.52,0.32,0.94,0.0,0.0,0.0,0,3.39,bull,neutral,0,-0.044,32,1076,0,
s4526,GRTUSDT,1780875000000,testB,1,3.35,0.363,5.73,3.44,0.66,-0.04,0.98,0.0,0.0,0.0,0,3.39,bull,neutral,0,-0.087,32,1076,0,
s4527,SANDUSDT,1780875000000,testB,1,4.03,0.476,5.95,4.23,0.75,0.64,1.4,0.0,0.0,0.0,0,3.39,bull,neutral,0,-0.616,32,1076,0,
s4528,AXSUSDT,1780875000000,testB,1,3.61,0.429,6.66,4.02,0.8,0.23,0.98,0.0,0.0,0.0,0,3.39,bull,neutral,0,-0.158,32,1076,0,
s4529,PUMPUSDT,1780875900000,train,1,4.31,0.429,7.86,5.05,0.43,1.05,1.54,0.0,0.0,0.0,0,3.25,bull,neutral,0,0.805,32,1078,1,train
s4530,0GUSDT,1780875900000,train,1,2.91,0.383,5.52,3.12,0.37,-0.35,0.91,0.0,0.0,0.0,0,3.25,bull,neutral,0,-1.0,19,1078,0,train
s4531,ARBUSDT,1780875900000,train,1,4.14,0.407,7.11,4.34,0.6,0.89,1.52,0.0,0.0,0.0,0,3.25,bull,neutral,0,-0.222,32,1078,1,train
s4532,INJUSDT,1780875900000,train,1,4.49,0.409,7.7,4.72,0.67,1.23,1.42,0.0,0.0,0.0,0,3.25,bull,alcista,0,0.508,32,1078,2,train
s4533,SUIUSDT,1780875900000,train,1,3.71,0.358,6.94,3.97,0.61,0.45,1.25,0.0,0.0,0.0,0,3.25,bull,neutral,0,-1.0,23,1078,0,train
s4534,SEIUSDT,1780875900000,train,1,3.68,0.383,6.42,3.89,0.73,0.43,1.02,0.0,0.0,0.0,0,3.25,bull,neutral,0,0.104,32,1078,1,train
s4535,JUPUSDT,1780875900000,train,1,3.78,0.354,6.84,3.96,0.41,0.53,1.38,0.0,0.0,0.0,0,3.25,bull,neutral,0,-0.016,32,1078,1,train
s4536,PENDLEUSDT,1780875900000,train,1,3.8,0.432,4.63,3.82,0.95,0.54,1.84,0.0,0.0,0.0,0,3.25,bull,alcista,0,-0.033,32,1078,2,train
s4537,ONDOUSDT,1780875900000,train,1,4.99,0.377,6.53,5.18,0.81,1.74,2.21,0.0,0.0,0.0,0,3.25,bull,alcista,0,0.724,32,1077,4,train
s4538,STXUSDT,1780875900000,testB,1,3.14,0.368,5.98,3.36,0.65,-0.12,0.92,0.0,0.0,0.0,0,3.25,bull,neutral,0,0.048,32,1077,0,
s4539,SANDUSDT,1780875900000,testB,1,3.82,0.463,5.51,3.94,0.75,0.56,1.54,0.0,0.0,0.0,0,3.25,bull,neutral,0,-0.699,32,1077,1,
s4540,MANAUSDT,1780875900000,testB,1,3.38,0.355,6.1,3.57,0.45,0.13,0.8,0.0,0.0,0.0,0,3.25,bull,neutral,0,-0.583,32,1077,1,
s4541,AXSUSDT,1780875900000,testB,1,3.39,0.413,6.24,3.59,0.76,0.13,1.0,0.0,0.0,0.0,0,3.25,bull,neutral,0,-0.176,32,1077,0,
s4542,PUMPUSDT,1780876800000,train,1,3.32,0.353,7.88,4.86,0.42,0.63,1.28,0.0,0.0,0.0,0,2.7,bull,neutral,0,0.757,32,1079,0,train
s4543,INJUSDT,1780876800000,train,1,4.12,0.39,7.16,4.31,0.74,1.42,1.53,0.0,0.0,0.0,0,2.7,bull,alcista,0,0.509,32,1079,3,train
s4544,SANDUSDT,1780876800000,testB,1,2.97,0.389,5.23,3.53,0.68,0.28,1.32,0.0,0.0,0.0,0,2.7,bull,neutral,0,-1.0,22,1078,0,
s4545,PUMPUSDT,1780877700000,train,1,3.65,0.375,7.82,5.54,0.59,0.8,1.94,0.0,0.0,0.0,0,2.85,bull,neutral,0,0.365,32,1080,1,train
s4546,INJUSDT,1780877700000,train,1,5.24,0.45,6.96,5.67,0.99,2.4,2.89,0.0,0.0,0.0,0,2.85,bull,alcista,0,-0.019,32,1080,4,train
s4547,SANDUSDT,1780877700000,testB,1,3.38,0.42,5.2,4.07,0.98,0.53,1.77,0.0,0.0,0.0,0,2.85,bull,neutral,0,-1.0,21,1079,1,
s4548,PUMPUSDT,1780878600000,train,1,4.67,0.445,7.76,6.33,0.87,1.55,2.45,0.0,0.0,0.0,0,3.12,bull,alcista,0,0.143,32,1081,2,train
s4549,ARBUSDT,1780878600000,train,1,3.86,0.373,6.35,4.19,0.58,0.74,1.76,0.0,0.0,0.0,0,3.12,bull,alcista,0,-0.514,32,1081,2,train
s4550,INJUSDT,1780878600000,train,1,5.65,0.499,6.72,5.44,1.22,2.53,2.58,0.0,0.0,0.0,0,3.12,bull,neutral,0,-0.04,32,1081,0,train
s4551,JUPUSDT,1780878600000,train,1,4.27,0.389,6.05,4.54,0.71,1.15,2.28,0.0,0.0,0.0,0,3.12,bull,alcista,0,-0.389,32,1081,2,train
s4552,PENDLEUSDT,1780878600000,train,1,4.02,0.401,4.97,4.61,0.92,0.9,2.41,0.0,0.0,0.0,0,3.12,bull,alcista,0,-0.371,32,1081,2,train
s4553,ARUSDT,1780878600000,testB,1,3.84,0.374,6.14,3.84,0.82,0.72,1.77,0.0,0.0,0.0,0,3.12,bull,alcista,0,-1.0,14,1080,2,testB
s4554,LDOUSDT,1780878600000,testB,1,4.06,0.389,6.49,4.19,0.6,0.94,1.94,0.0,0.0,0.0,0,3.12,bull,alcista,0,-0.539,32,1080,2,testB
s4555,SANDUSDT,1780878600000,testB,1,3.89,0.472,5.18,4.4,1.1,0.77,1.86,0.0,0.0,0.0,0,3.12,bull,alcista,0,-1.0,20,1080,2,testB
s4556,PUMPUSDT,1780879500000,train,1,4.32,0.416,7.77,6.21,0.77,1.48,1.99,0.0,0.0,0.0,0,2.84,bull,neutral,0,0.094,32,1082,0,train
s4557,ARBUSDT,1780879500000,train,1,3.6,0.358,6.35,4.19,0.5,0.76,1.49,0.0,0.0,0.0,0,2.84,bull,neutral,0,-0.6,32,1082,0,train
s4558,INJUSDT,1780879500000,train,1,5.16,0.478,6.66,5.52,1.15,2.32,2.4,0.0,0.0,0.0,0,2.84,bull,neutral,0,-0.19,32,1082,1,train
s4559,JUPUSDT,1780879500000,train,1,4.26,0.389,6.04,4.78,0.91,1.42,2.18,0.0,0.0,0.0,0,2.84,bull,alcista,0,-0.461,32,1082,3,train
s4560,PENDLEUSDT,1780879500000,train,1,4.13,0.414,5.08,4.62,0.73,1.29,2.12,0.0,0.0,0.0,0,2.84,bull,alcista,0,-0.371,32,1082,3,train
s4561,ARUSDT,1780879500000,testB,1,3.88,0.377,6.12,4.13,1.03,1.04,1.76,0.0,0.0,0.0,0,2.84,bull,alcista,0,-1.0,13,1081,3,testB
s4562,LDOUSDT,1780879500000,testB,1,3.86,0.378,6.49,4.19,0.53,1.02,1.63,0.0,0.0,0.0,0,2.84,bull,neutral,0,-0.643,32,1081,0,
s4563,SANDUSDT,1780879500000,testB,1,3.75,0.463,5.18,4.4,1.28,0.91,1.59,0.0,0.0,0.0,0,2.84,bull,alcista,0,-1.0,19,1081,3,testB
s4564,INJUSDT,1780882200000,train,1,5.25,0.459,6.67,5.3,0.63,2.96,1.67,0.0,0.0,0.0,0,2.29,bull,neutral,0,0.336,32,1085,1,train
s4565,INJUSDT,1780883100000,train,1,4.32,0.394,5.84,4.22,0.57,2.0,1.2,0.0,0.0,0.0,0,2.32,bull,neutral,0,0.621,32,1086,0,train
s4566,OPUSDT,1780884000000,train,-1,-2.83,0.359,6.44,4.78,0.44,-2.0,-0.24,0.0,0.0,0.0,0,-0.83,neutral,neutral,0,-0.239,32,1087,0,
s4567,INJUSDT,1780885800000,train,1,2.75,0.362,4.04,3.93,0.97,2.91,2.33,0.0,0.0,0.0,0,-0.15,neutral,neutral,0,-1.0,10,1089,1,
s4568,INJUSDT,1780886700000,train,1,2.95,0.396,4.07,3.6,1.23,2.53,1.25,0.0,0.0,0.0,0,0.42,neutral,neutral,0,-1.0,9,1090,0,
s4569,INJUSDT,1780887600000,train,1,4.39,0.494,5.15,5.1,1.51,3.95,2.69,0.0,0.0,0.0,0,0.43,neutral,neutral,0,-1.0,8,1091,1,
s4570,ARUSDT,1780888500000,testB,-1,-2.66,0.356,4.23,3.98,0.72,-2.49,1.62,0.0,0.0,0.0,0,-0.17,neutral,neutral,0,-0.377,32,1091,1,
s4571,FETUSDT,1780889400000,train,-1,-2.63,0.364,4.19,3.32,0.71,-2.4,0.88,0.0,0.0,0.0,0,-0.23,neutral,neutral,0,-1.0,23,1092,0,
s4572,0GUSDT,1780892100000,train,-1,-2.75,0.395,4.3,3.96,0.8,-1.87,1.33,0.0,0.0,0.0,0,-0.89,neutral,bajista,0,-1.0,27,1096,2,
s4573,FETUSDT,1780892100000,train,-1,-2.87,0.37,4.46,3.92,0.71,-1.98,1.3,0.0,0.0,0.0,0,-0.89,neutral,bajista,0,-1.0,20,1095,2,
s4574,LDOUSDT,1780892100000,testB,-1,-2.02,0.374,3.59,3.14,0.75,-1.13,0.87,0.0,0.0,0.0,0,-0.89,neutral,bajista,0,-0.524,32,1095,2,
s4575,SANDUSDT,1780892100000,testB,-1,-2.16,0.352,3.42,3.05,1.08,-1.27,1.19,0.0,0.0,0.0,0,-0.89,neutral,bajista,0,-0.289,32,1095,2,
s4576,0GUSDT,1780893000000,train,-1,-3.99,0.596,4.62,4.52,0.96,-2.4,1.68,0.0,0.0,0.0,0,-1.59,neutral,bajista,0,-1.0,26,1097,3,
s4577,ENAUSDT,1780893000000,train,-1,-4.09,0.453,4.99,4.62,1.34,-2.5,2.24,0.0,0.0,0.0,0,-1.59,neutral,bajista,0,-0.314,32,1097,3,
s4578,ARBUSDT,1780893000000,train,-1,-2.51,0.382,3.32,3.07,0.59,-0.93,1.21,0.0,0.0,0.0,0,-1.59,neutral,bajista,0,-1.0,27,1097,3,
s4579,SUIUSDT,1780893000000,train,-1,-3.44,0.545,3.97,3.85,1.07,-1.85,1.77,0.0,0.0,0.0,0,-1.59,neutral,bajista,0,-1.0,32,1097,3,
s4580,SEIUSDT,1780893000000,train,-1,-2.16,0.37,2.93,2.64,0.7,-0.58,0.85,0.0,0.0,0.0,0,-1.59,neutral,bajista,0,-1.0,20,1097,3,
s4581,FETUSDT,1780893000000,train,-1,-3.94,0.472,5.03,4.84,0.97,-2.36,1.94,0.0,0.0,0.0,0,-1.59,neutral,bajista,0,-1.0,19,1096,3,
s4582,ARUSDT,1780893000000,testB,-1,-4.19,0.545,5.37,4.95,0.93,-2.61,1.77,0.0,0.0,0.0,0,-1.59,neutral,neutral,0,-0.579,32,1096,1,
s4583,LDOUSDT,1780893000000,testB,-1,-3.21,0.587,4.07,3.84,0.87,-1.62,1.39,0.0,0.0,0.0,0,-1.59,neutral,bajista,0,-0.843,32,1096,3,
s4584,SANDUSDT,1780893000000,testB,-1,-2.97,0.475,3.78,3.57,1.38,-1.39,1.55,0.0,0.0,0.0,0,-1.59,neutral,bajista,0,-0.6,32,1096,3,
s4585,MANAUSDT,1780893000000,testB,-1,-2.8,0.487,3.48,3.18,0.78,-1.21,1.19,0.0,0.0,0.0,0,-1.59,neutral,bajista,0,-0.762,32,1096,3,
s4586,0GUSDT,1780893900000,train,-1,-4.18,0.607,4.43,4.43,1.12,-2.69,1.65,0.0,0.0,0.0,0,-1.49,neutral,bajista,0,-1.0,25,1098,4,
s4587,ENAUSDT,1780893900000,train,-1,-4.33,0.469,4.76,4.63,1.48,-2.85,2.15,0.0,0.0,0.0,0,-1.49,neutral,bajista,0,-0.551,32,1098,4,
s4588,ARBUSDT,1780893900000,train,-1,-2.63,0.393,3.2,3.08,0.71,-1.15,1.16,0.0,0.0,0.0,0,-1.49,neutral,bajista,0,-1.0,26,1098,4,
s4589,SUIUSDT,1780893900000,train,-1,-3.32,0.529,3.8,3.64,1.38,-1.84,1.53,0.0,0.0,0.0,0,-1.49,neutral,neutral,0,-1.0,31,1098,0,
s4590,SEIUSDT,1780893900000,train,-1,-2.26,0.38,2.56,2.4,0.77,-0.78,0.83,0.0,0.0,0.0,0,-1.49,neutral,bajista,0,-1.0,19,1098,4,
s4591,PENDLEUSDT,1780893900000,train,-1,-2.99,0.376,3.15,3.15,1.25,-1.51,1.45,0.0,0.0,0.0,0,-1.49,neutral,bajista,0,-1.0,26,1098,4,
s4592,FETUSDT,1780893900000,train,-1,-3.76,0.46,4.4,4.25,1.02,-2.28,1.73,0.0,0.0,0.0,0,-1.49,neutral,bajista,0,-1.0,18,1097,4,
s4593,ARUSDT,1780893900000,testB,-1,-4.68,0.618,5.27,5.07,0.95,-3.19,1.75,0.0,0.0,0.0,0,-1.49,neutral,bajista,0,-0.629,32,1097,2,
s4594,LDOUSDT,1780893900000,testB,-1,-3.21,0.587,3.65,3.43,1.03,-1.72,1.25,0.0,0.0,0.0,0,-1.49,neutral,bajista,0,-1.0,31,1097,4,
s4595,SANDUSDT,1780893900000,testB,-1,-3.22,0.494,3.46,3.46,1.61,-1.73,1.61,0.0,0.0,0.0,0,-1.49,neutral,bajista,0,-0.687,32,1097,4,
s4596,MANAUSDT,1780893900000,testB,-1,-2.81,0.487,3.04,3.04,0.92,-1.32,1.29,0.0,0.0,0.0,0,-1.49,neutral,bajista,0,-1.0,27,1097,4,
s4597,0GUSDT,1780894800000,train,-1,-3.0,0.523,3.2,3.06,1.24,-2.24,1.87,0.59,0.71,0.62,0,-0.76,neutral,bajista,0,-1.0,22,1099,5,
s4598,ENAUSDT,1780894800000,train,-1,-2.91,0.368,4.77,4.67,1.24,-2.14,2.45,0.39,0.51,0.58,0,-0.76,neutral,bajista,0,-0.402,32,1099,5,
s4599,SUIUSDT,1780894800000,train,-1,-2.56,0.461,3.12,3.06,1.45,-1.8,1.89,0.63,0.76,0.75,0,-0.76,neutral,neutral,0,-1.0,10,1099,1,
s4600,ARUSDT,1780894800000,testB,-1,-2.9,0.496,3.14,2.98,0.93,-2.13,1.83,0.41,0.43,0.5,0,-0.76,neutral,bajista,0,-1.0,26,1098,3,
s4601,LDOUSDT,1780894800000,testB,-1,-2.04,0.47,2.57,2.49,0.75,-1.27,1.5,0.4,0.64,0.62,0,-0.76,neutral,bajista,0,-1.0,24,1098,5,
s4602,SANDUSDT,1780894800000,testB,-1,-2.41,0.419,3.44,3.36,1.27,-1.65,1.97,0.88,0.83,0.67,1,-0.76,neutral,bajista,0,-0.728,32,1098,5,
s4603,MANAUSDT,1780894800000,testB,-1,-2.39,0.444,3.06,3.06,0.97,-1.63,1.79,0.88,1.18,0.99,0,-0.76,neutral,bajista,0,-1.0,25,1098,5,
s4604,STBLUSDT,1780896600000,train,-1,-3.4,0.462,4.14,4.06,1.37,-2.38,2.09,0.63,0.96,1.2,0,-1.02,neutral,neutral,0,-1.0,11,1101,1,
s4605,0GUSDT,1780896600000,train,-1,-2.43,0.457,3.1,2.79,1.42,-1.4,1.61,0.59,0.71,0.62,0,-1.02,neutral,neutral,0,-1.0,20,1101,1,
s4606,ENAUSDT,1780896600000,train,-1,-3.42,0.393,5.39,4.98,1.34,-2.39,2.42,0.39,0.51,0.58,0,-1.02,neutral,neutral,0,-0.46,32,1101,1,
s4607,SUIUSDT,1780896600000,train,-1,-2.96,0.52,4.02,3.6,1.63,-1.94,2.12,0.63,0.76,0.75,0,-1.02,neutral,neutral,0,-1.0,8,1101,1,
s4608,ARUSDT,1780896600000,testB,-1,-2.55,0.455,3.25,3.04,0.97,-1.53,1.83,0.41,0.43,0.5,0,-1.02,neutral,neutral,0,-1.0,23,1100,1,
s4609,LDOUSDT,1780896600000,testB,-1,-2.48,0.545,2.96,2.84,1.21,-1.45,1.65,0.4,0.64,0.62,0,-1.02,neutral,neutral,0,-1.0,22,1100,1,
s4610,SANDUSDT,1780896600000,testB,-1,-2.89,0.614,4.11,3.64,2.22,-1.87,1.91,0.88,0.83,0.67,1,-1.02,neutral,neutral,0,-0.663,32,1100,1,
s4611,MANAUSDT,1780896600000,testB,-1,-2.84,0.543,3.69,3.53,1.55,-1.81,1.98,0.88,1.18,0.99,0,-1.02,neutral,neutral,0,-1.0,23,1100,1,
s4612,0GUSDT,1780897500000,train,-1,-2.16,0.388,3.08,2.38,1.53,-1.46,0.89,0.59,0.71,0.62,0,-0.71,neutral,neutral,0,-1.0,19,1102,0,
s4613,SUIUSDT,1780897500000,train,-1,-2.75,0.468,4.0,3.02,1.64,-2.04,1.25,0.63,0.76,0.75,0,-0.71,neutral,neutral,0,-1.0,7,1102,0,
s4614,PENDLEUSDT,1780897500000,train,-1,-2.57,0.432,3.58,2.8,0.93,-1.86,0.89,0.41,0.46,0.42,0,-0.71,neutral,neutral,0,-1.0,21,1102,0,
s4615,ARUSDT,1780897500000,testB,-1,-2.3,0.391,3.24,2.72,1.06,-1.59,1.1,0.41,0.43,0.5,0,-0.71,neutral,neutral,0,-1.0,22,1101,0,
s4616,SANDUSDT,1780897500000,testB,-1,-2.94,0.634,4.1,3.4,2.24,-2.23,1.34,0.88,0.83,0.67,1,-0.71,neutral,neutral,0,-0.646,32,1101,0,
s4617,MANAUSDT,1780897500000,testB,-1,-2.67,0.5,3.66,2.9,1.82,-1.97,1.1,0.88,1.18,0.99,0,-0.71,neutral,neutral,0,-1.0,22,1101,0,
s4618,ENAUSDT,1780898400000,train,-1,-3.57,0.424,5.34,4.14,1.52,-3.28,1.07,0.4,0.52,0.55,0,-0.29,neutral,neutral,0,-0.242,32,1103,0,
s4619,ARUSDT,1780898400000,testB,-1,-2.65,0.456,3.24,2.88,1.32,-2.36,1.0,0.38,0.44,0.5,0,-0.29,neutral,neutral,0,-1.0,21,1102,1,
s4620,SANDUSDT,1780898400000,testB,-1,-3.09,0.689,4.02,3.24,2.1,-2.8,1.06,0.82,0.87,0.68,0,-0.29,neutral,neutral,0,-0.599,32,1102,0,
s4621,MANAUSDT,1780898400000,testB,-1,-2.67,0.5,3.51,2.75,1.62,-2.38,0.92,0.85,1.19,0.98,0,-0.29,neutral,neutral,0,-1.0,21,1102,0,
s4622,SANDUSDT,1780899300000,testB,-1,-2.06,0.408,3.87,2.29,1.85,-1.99,0.35,0.82,0.87,0.68,0,-0.07,neutral,neutral,0,-0.479,32,1103,0,
s4623,SANDUSDT,1780900200000,testB,-1,-2.64,0.5,3.87,2.71,0.82,-2.58,0.74,0.82,0.87,0.68,0,-0.06,neutral,neutral,0,-0.593,32,1104,1,
s4624,SANDUSDT,1780901100000,testB,-1,-2.5,0.485,3.8,2.95,0.79,-2.28,0.98,0.82,0.87,0.68,0,-0.22,neutral,bajista,0,-1.0,24,1105,2,
s4625,INJUSDT,1780902000000,train,-1,-3.44,0.353,5.87,3.73,0.82,-3.13,-0.07,0.59,0.53,0.49,1,-0.31,neutral,neutral,0,-1.0,12,1107,0,
s4626,SANDUSDT,1780902000000,testB,-1,-2.8,0.521,3.5,2.92,0.77,-2.49,1.09,0.8,0.82,0.7,0,-0.31,neutral,bajista,0,-1.0,17,1106,3,
s4627,MANAUSDT,1780902000000,testB,-1,-2.09,0.35,2.9,2.14,0.74,-1.79,0.77,0.68,0.96,0.98,0,-0.31,neutral,bajista,0,-1.0,16,1106,3,
s4628,ONDOUSDT,1780902900000,train,1,5.0,0.389,6.5,6.0,1.64,4.96,3.11,0.56,0.55,0.59,0,0.05,neutral,alcista,0,0.128,32,1107,2,
s4629,ONDOUSDT,1780903800000,train,1,4.96,0.387,6.68,6.18,1.72,5.02,3.05,0.56,0.55,0.59,0,-0.06,neutral,alcista,0,0.236,32,1108,3,
s4630,STBLUSDT,1780909200000,train,1,4.61,0.485,5.78,5.27,1.99,3.41,2.46,0.91,0.83,1.09,0,1.21,neutral,alcista,0,-0.422,32,1115,2,
s4631,ONDOUSDT,1780909200000,train,1,4.35,0.357,6.76,5.06,0.69,3.15,1.16,0.67,0.61,0.57,1,1.21,neutral,alcista,0,0.423,32,1114,2,
s4632,PUMPUSDT,1780911000000,train,1,4.23,0.364,5.84,4.12,0.62,2.81,1.24,0.7,0.79,0.64,0,1.42,neutral,neutral,0,0.646,32,1117,0,
s4633,STBLUSDT,1780911000000,train,1,5.28,0.584,7.04,5.56,2.4,3.87,2.36,0.91,0.83,1.09,0,1.42,neutral,neutral,0,-0.329,32,1117,1,
s4634,OPUSDT,1780911000000,train,1,2.32,0.393,2.78,2.47,1.36,0.9,0.72,0.53,0.83,0.79,0,1.42,neutral,neutral,0,0.167,32,1117,1,
s4635,INJUSDT,1780911000000,train,1,4.64,0.57,4.69,4.45,1.23,3.22,2.18,0.56,0.59,0.49,0,1.42,neutral,alcista,0,0.284,32,1117,3,
s4636,SUIUSDT,1780911000000,train,1,2.82,0.431,4.11,2.86,0.78,1.4,0.51,0.68,0.81,0.71,0,1.42,neutral,alcista,0,0.381,32,1117,3,
s4637,SEIUSDT,1780911000000,train,1,3.57,0.542,3.49,3.47,1.73,2.15,1.68,0.43,0.46,0.41,0,1.42,neutral,alcista,0,-0.167,32,1117,3,
s4638,JUPUSDT,1780911000000,train,1,2.34,0.353,2.6,2.41,1.29,0.92,0.94,0.59,0.74,0.63,0,1.42,neutral,alcista,0,1.132,32,1117,3,
s4639,PENDLEUSDT,1780911000000,train,1,2.61,0.434,3.06,2.65,0.56,1.19,0.88,0.42,0.49,0.42,0,1.42,neutral,alcista,0,0.196,32,1117,3,
s4640,ONDOUSDT,1780911000000,train,1,5.4,0.466,6.45,5.18,0.62,3.98,1.34,0.67,0.61,0.57,1,1.42,neutral,neutral,0,0.465,32,1116,1,
s4641,FETUSDT,1780911000000,train,1,4.16,0.44,5.45,4.04,1.24,2.74,1.93,0.6,0.49,0.46,1,1.42,neutral,neutral,0,0.116,32,1116,0,
s4642,AXSUSDT,1780911000000,testB,1,2.15,0.455,2.21,2.21,1.44,0.73,1.0,0.39,0.63,0.51,0,1.42,neutral,alcista,0,0.143,32,1116,3,
s4643,PUMPUSDT,1780911900000,train,1,4.07,0.356,5.18,3.98,0.61,2.91,1.63,0.7,0.79,0.64,0,1.16,neutral,neutral,0,0.905,32,1118,1,
s4644,STBLUSDT,1780911900000,train,1,4.01,0.503,6.08,4.48,1.87,2.85,2.21,0.91,0.83,1.09,0,1.16,neutral,neutral,0,-0.27,32,1118,0,
s4645,OPUSDT,1780911900000,train,1,2.31,0.393,2.46,2.36,1.19,1.14,1.26,0.53,0.83,0.79,0,1.16,neutral,alcista,0,0.304,32,1118,2,
s4646,INJUSDT,1780911900000,train,1,4.63,0.571,4.94,4.89,1.13,3.47,2.51,0.56,0.59,0.49,0,1.16,neutral,alcista,0,0.301,32,1118,4,
s4647,SUIUSDT,1780911900000,train,1,2.54,0.407,3.47,2.52,0.82,1.38,0.79,0.68,0.81,0.71,0,1.16,neutral,alcista,0,0.647,32,1118,4,
s4648,SEIUSDT,1780911900000,train,1,2.63,0.424,2.9,2.58,1.94,1.46,1.3,0.43,0.46,0.41,0,1.16,neutral,neutral,0,0.132,32,1118,0,
s4649,PENDLEUSDT,1780911900000,train,1,2.49,0.423,2.52,2.52,0.61,1.33,1.23,0.42,0.49,0.42,0,1.16,neutral,alcista,0,0.168,32,1118,4,
s4650,ONDOUSDT,1780911900000,train,1,4.78,0.439,5.06,4.56,0.76,3.62,1.97,0.67,0.61,0.57,1,1.16,neutral,alcista,0,0.675,32,1117,2,
s4651,FETUSDT,1780911900000,train,1,3.14,0.376,4.46,3.19,1.33,1.98,1.9,0.6,0.49,0.46,1,1.16,neutral,neutral,0,0.324,32,1117,1,
s4652,STBLUSDT,1780912800000,train,1,3.24,0.377,6.12,3.84,1.65,2.54,1.27,0.91,0.75,1.09,0,0.7,neutral,neutral,0,0.235,32,1119,0,
s4653,INJUSDT,1780912800000,train,1,4.99,0.591,5.65,5.19,1.34,4.28,2.49,0.6,0.56,0.5,1,0.7,neutral,alcista,0,0.282,32,1119,5,
s4654,STBLUSDT,1780914600000,train,1,4.01,0.418,6.07,4.59,0.6,3.72,1.8,0.91,0.75,1.09,0,0.28,neutral,neutral,0,-0.102,32,1121,1,
s4655,0GUSDT,1780914600000,train,1,2.19,0.379,3.87,3.35,1.6,1.91,1.96,0.77,0.65,0.69,0,0.28,neutral,alcista,0,0.35,32,1121,2,
s4656,STBLUSDT,1780915500000,train,1,4.5,0.472,5.94,4.66,0.57,4.23,1.8,0.91,0.75,1.09,0,0.27,neutral,alcista,0,-0.167,32,1122,2,
s4657,0GUSDT,1780915500000,train,1,3.1,0.538,3.88,3.76,1.88,2.83,2.08,0.77,0.65,0.69,0,0.27,neutral,alcista,0,0.267,32,1122,3,
s4658,WLDUSDT,1780915500000,train,-1,-4.25,0.4,6.69,5.46,1.42,-4.52,2.81,0.65,0.62,0.82,0,0.27,neutral,bajista,0,-1.0,8,1122,3,
s4659,AXSUSDT,1780915500000,testB,1,2.03,0.487,2.51,2.51,1.58,1.75,1.26,0.44,0.48,0.53,0,0.27,neutral,alcista,0,-0.167,32,1121,2,
s4660,STBLUSDT,1780916400000,train,1,4.08,0.449,5.43,4.3,0.57,3.52,1.69,1.07,0.86,1.15,0,0.56,neutral,alcista,0,-0.144,32,1123,3,
s4661,0GUSDT,1780916400000,train,1,4.42,0.673,4.81,4.71,2.46,3.86,2.75,0.79,0.69,0.71,0,0.56,neutral,alcista,0,-0.041,32,1123,4,
s4662,OPUSDT,1780916400000,train,1,2.4,0.418,2.95,2.65,1.13,1.84,1.19,0.65,0.6,0.8,0,0.56,neutral,alcista,0,-0.192,32,1123,3,
s4663,SANDUSDT,1780916400000,testB,1,2.14,0.393,2.74,2.51,1.59,1.58,1.37,0.94,0.91,0.79,1,0.56,neutral,alcista,0,0.091,32,1122,3,
s4664,MANAUSDT,1780916400000,testB,1,2.44,0.471,2.68,2.53,1.22,1.88,1.37,0.68,0.78,0.97,0,0.56,neutral,alcista,0,0.059,32,1122,3,
s4665,AXSUSDT,1780916400000,testB,1,2.35,0.55,3.02,2.71,1.28,1.79,1.25,0.45,0.45,0.53,0,0.56,neutral,alcista,0,-0.231,32,1122,3,
s4666,STBLUSDT,1780917300000,train,1,3.82,0.434,4.89,3.76,0.45,3.14,1.59,1.07,0.86,1.15,0,0.68,neutral,alcista,0,-0.237,32,1124,4,
s4667,0GUSDT,1780917300000,train,1,3.5,0.55,5.37,4.37,2.5,2.81,2.17,0.79,0.69,0.71,0,0.68,neutral,neutral,0,-0.015,32,1124,0,
s4668,SANDUSDT,1780917300000,testB,1,2.21,0.401,3.28,3.01,1.45,1.53,1.77,0.94,0.91,0.79,1,0.68,neutral,alcista,0,-0.094,32,1123,4,
s4669,MANAUSDT,1780917300000,testB,1,2.43,0.471,3.12,2.97,1.31,1.75,1.69,0.68,0.78,0.97,0,0.68,neutral,alcista,0,-0.2,32,1123,4,
s4670,AXSUSDT,1780917300000,testB,1,2.23,0.538,3.33,3.01,1.35,1.55,1.45,0.45,0.45,0.53,0,0.68,neutral,alcista,0,-0.31,32,1123,4,
s4671,STBLUSDT,1780918200000,train,1,3.81,0.434,4.87,4.02,0.41,3.0,1.73,1.07,0.86,1.15,0,0.81,neutral,alcista,0,-0.288,32,1125,5,
s4672,0GUSDT,1780918200000,train,1,3.33,0.51,5.39,4.1,1.44,2.52,1.75,0.79,0.69,0.71,0,0.81,neutral,neutral,0,0.071,32,1125,0,
s4673,JUPUSDT,1780918200000,train,1,2.04,0.4,3.19,3.06,0.92,1.23,1.69,0.54,0.66,0.64,0,0.81,neutral,alcista,0,0.714,32,1125,5,
s4674,SANDUSDT,1780918200000,testB,1,2.31,0.427,3.52,3.01,1.21,1.49,1.64,0.94,0.91,0.79,1,0.81,neutral,neutral,0,-0.119,32,1124,0,
s4675,MANAUSDT,1780918200000,testB,1,2.74,0.529,3.56,3.11,1.22,1.93,1.7,0.68,0.78,0.97,0,0.81,neutral,neutral,0,-0.143,32,1124,0,
s4676,AXSUSDT,1780918200000,testB,1,2.23,0.538,3.33,2.91,1.22,1.42,1.26,0.45,0.45,0.53,0,0.81,neutral,neutral,0,-0.286,32,1124,0,
s4677,STBLUSDT,1780919100000,train,1,3.71,0.429,5.08,4.04,1.66,3.41,1.95,1.07,0.86,1.15,0,0.3,neutral,alcista,0,-0.486,32,1126,6,
s4678,0GUSDT,1780919100000,train,1,2.93,0.423,5.41,3.72,1.07,2.63,1.27,0.79,0.69,0.71,0,0.3,neutral,neutral,0,0.174,32,1126,0,
s4679,JUPUSDT,1780919100000,train,1,2.17,0.436,3.32,3.0,1.18,1.87,1.39,0.54,0.66,0.64,0,0.3,neutral,neutral,0,0.604,32,1126,0,
s4680,SANDUSDT,1780919100000,testB,1,2.09,0.372,3.53,2.81,0.79,1.79,1.33,0.94,0.91,0.79,1,0.3,neutral,neutral,0,-0.068,32,1125,0,
s4681,MANAUSDT,1780919100000,testB,1,2.43,0.471,3.56,2.97,1.11,2.13,1.42,0.68,0.78,0.97,0,0.3,neutral,neutral,0,-0.25,32,1125,0,
s4682,APEUSDT,1780919100000,testB,1,3.94,0.467,6.65,6.19,2.93,3.64,3.97,0.75,0.7,0.58,1,0.3,neutral,alcista,0,-0.225,32,1125,6,
s4683,APEUSDT,1780920000000,testB,1,3.53,0.407,6.83,5.9,3.44,4.29,3.12,0.94,0.77,0.63,1,-0.75,neutral,neutral,0,-0.237,32,1126,0,
s4684,0GUSDT,1780920900000,train,1,3.2,0.444,5.4,3.94,0.61,3.22,1.22,0.79,0.69,0.7,0,-0.02,neutral,neutral,0,0.115,32,1128,1,
s4685,APEUSDT,1780920900000,testB,1,3.39,0.382,6.86,5.38,3.34,3.41,2.27,0.94,0.77,0.63,1,-0.02,neutral,neutral,0,-0.377,32,1127,0,
s4686,0GUSDT,1780921800000,train,1,4.55,0.591,5.35,4.77,0.68,3.81,1.9,0.79,0.69,0.7,0,0.75,neutral,alcista,0,-0.034,32,1129,2,
s4687,ARBUSDT,1780921800000,train,1,2.69,0.379,3.58,3.34,0.74,1.94,1.41,0.81,0.63,0.65,0,0.75,neutral,alcista,0,-0.357,32,1129,2,
s4688,OPUSDT,1780921800000,train,1,3.11,0.385,4.12,3.82,1.21,2.36,1.8,0.72,0.61,0.78,0,0.75,neutral,alcista,0,-0.658,32,1129,2,
s4689,INJUSDT,1780921800000,train,1,3.99,0.377,5.33,5.1,1.34,3.25,2.01,0.68,0.6,0.53,1,0.75,neutral,alcista,0,0.13,32,1129,2,
s4690,JUPUSDT,1780921800000,train,1,4.04,0.467,4.5,4.38,2.68,3.29,2.46,0.8,0.77,0.68,1,0.75,neutral,alcista,0,-0.127,32,1129,2,
s4691,GRTUSDT,1780921800000,testB,1,2.48,0.45,3.16,2.91,0.75,1.73,0.89,0.63,0.51,0.53,0,0.75,neutral,alcista,0,-0.136,32,1128,2,
s4692,SANDUSDT,1780921800000,testB,1,2.75,0.37,3.51,3.38,0.63,2.01,1.57,0.93,0.88,0.76,1,0.75,neutral,alcista,0,-0.335,32,1128,2,
s4693,MANAUSDT,1780921800000,testB,1,2.89,0.422,3.55,3.25,1.02,2.14,1.37,0.7,0.78,0.94,0,0.75,neutral,alcista,0,-0.227,32,1128,2,
s4694,AXSUSDT,1780921800000,testB,1,2.35,0.393,3.33,2.81,1.34,1.6,0.89,0.52,0.46,0.53,0,0.75,neutral,alcista,0,-0.37,32,1128,2,
s4695,APEUSDT,1780921800000,testB,1,4.81,0.596,6.85,5.6,3.12,4.06,2.26,0.94,0.77,0.63,1,0.75,neutral,neutral,0,-0.361,32,1128,1,
s4696,XPLUSDT,1780922700000,train,1,3.21,0.41,3.9,3.67,0.89,2.03,1.73,0.67,0.51,0.54,0,1.18,neutral,alcista,0,0.368,32,1130,3,
s4697,PUMPUSDT,1780922700000,train,1,6.37,0.572,5.99,5.99,4.35,5.19,3.97,1.06,0.83,0.73,1,1.18,neutral,alcista,0,-0.071,32,1130,3,
s4698,0GUSDT,1780922700000,train,1,4.45,0.586,4.9,4.35,0.73,3.27,1.71,0.79,0.69,0.7,0,1.18,neutral,neutral,0,0.096,32,1130,0,
s4699,ARBUSDT,1780922700000,train,1,3.19,0.464,3.69,3.33,0.9,2.02,1.4,0.81,0.63,0.65,0,1.18,neutral,alcista,0,-0.321,32,1130,3,
s4700,OPUSDT,1780922700000,train,1,3.85,0.481,4.2,3.9,1.25,2.67,1.91,0.72,0.61,0.78,0,1.18,neutral,alcista,0,-0.667,32,1130,3,
s4701,SUIUSDT,1780922700000,train,1,2.4,0.383,2.87,2.66,1.6,1.23,1.38,0.66,0.64,0.67,0,1.18,neutral,alcista,0,-0.309,32,1130,3,
s4702,JUPUSDT,1780922700000,train,1,5.47,0.563,5.73,5.3,3.19,4.29,3.29,0.8,0.77,0.68,1,1.18,neutral,alcista,0,-0.218,32,1130,3,
s4703,PENDLEUSDT,1780922700000,train,1,2.19,0.457,2.66,2.44,1.93,1.01,0.99,0.49,0.44,0.44,1,1.18,neutral,alcista,0,-0.013,32,1130,3,
s4704,GRTUSDT,1780922700000,testB,1,2.83,0.491,2.95,2.8,0.98,1.65,1.07,0.63,0.51,0.53,0,1.18,neutral,alcista,0,-0.175,32,1129,3,
s4705,LDOUSDT,1780922700000,testB,1,2.85,0.458,3.21,2.95,1.53,1.67,1.36,0.48,0.43,0.53,0,1.18,neutral,alcista,0,-0.605,32,1129,3,
s4706,SANDUSDT,1780922700000,testB,1,2.91,0.399,3.3,3.08,0.65,1.74,1.39,0.93,0.88,0.76,1,1.18,neutral,neutral,0,-0.209,32,1129,0,
s4707,MANAUSDT,1780922700000,testB,1,3.2,0.467,3.4,3.25,1.01,2.02,1.35,0.7,0.78,0.94,0,1.18,neutral,neutral,0,-0.182,32,1129,0,
s4708,APEUSDT,1780922700000,testB,1,5.81,0.689,6.88,6.19,1.83,4.63,2.6,0.94,0.77,0.63,1,1.18,neutral,alcista,0,-0.35,32,1129,2,
s4709,0GUSDT,1780923600000,train,1,3.15,0.43,4.31,3.25,0.52,2.46,1.12,0.75,0.67,0.71,0,0.7,neutral,neutral,0,0.416,32,1131,0,
s4710,JUPUSDT,1780923600000,train,1,4.28,0.45,5.64,4.72,1.97,3.58,2.53,0.8,0.73,0.7,1,0.7,neutral,neutral,0,-0.026,32,1131,0,
s4711,APEUSDT,1780923600000,testB,1,5.3,0.644,6.89,6.04,1.06,4.6,2.26,0.97,0.74,0.65,1,0.7,neutral,neutral,0,-0.244,32,1130,0,
s4712,XPLUSDT,1780924500000,train,1,2.91,0.358,4.02,3.4,0.79,2.58,1.43,0.67,0.52,0.55,0,0.33,neutral,neutral,0,0.252,32,1132,1,
s4713,0GUSDT,1780924500000,train,1,2.95,0.396,4.32,3.09,0.52,2.63,0.92,0.75,0.67,0.71,0,0.33,neutral,neutral,0,0.542,32,1132,0,
s4714,APEUSDT,1780924500000,testB,1,4.49,0.495,6.95,5.31,0.81,4.16,1.48,0.97,0.74,0.65,1,0.33,neutral,neutral,0,-0.162,32,1131,0,
s4715,APEUSDT,1780925400000,testB,1,3.99,0.441,6.26,4.38,0.62,3.79,1.17,0.97,0.74,0.65,1,0.2,neutral,neutral,0,-0.036,32,1132,0,
s4716,APEUSDT,1780926300000,testB,1,5.13,0.521,6.2,5.27,0.56,4.74,1.87,0.97,0.74,0.65,1,0.39,neutral,neutral,0,-0.279,32,1133,1,
s4717,0GUSDT,1780927200000,train,1,2.47,0.366,3.63,2.76,0.45,1.71,0.91,0.7,0.67,0.71,0,0.76,neutral,neutral,0,0.128,32,1135,1,
s4718,APEUSDT,1780927200000,testB,1,5.62,0.543,6.25,5.78,0.58,4.86,2.18,0.97,0.76,0.66,1,0.76,neutral,alcista,0,-0.413,32,1134,2,
s4719,XPLUSDT,1780928100000,train,1,2.47,0.388,4.03,2.73,1.01,1.51,0.78,0.66,0.54,0.53,1,0.96,neutral,neutral,0,-0.521,32,1136,0,
s4720,APEUSDT,1780928100000,testB,1,5.14,0.474,6.13,4.97,0.61,4.19,1.3,0.97,0.76,0.66,1,0.96,neutral,neutral,0,-0.406,32,1135,0,
s4721,XPLUSDT,1780929000000,train,1,2.35,0.378,4.0,3.43,0.93,1.26,1.31,0.66,0.54,0.53,1,1.08,neutral,neutral,0,-0.461,32,1137,1,
s4722,XPLUSDT,1780929900000,train,1,2.45,0.393,4.0,3.48,0.9,1.18,1.19,0.66,0.54,0.53,1,1.27,neutral,alcista,0,-0.482,32,1138,2,
s4723,WLDUSDT,1780929900000,train,1,5.44,0.378,6.65,5.33,0.98,4.17,1.81,0.86,0.71,0.79,0,1.27,neutral,neutral,1,2.0,12,1138,1,
s4724,XPLUSDT,1780930800000,train,1,3.99,0.514,5.05,5.01,0.93,2.82,2.69,0.67,0.57,0.52,1,1.17,neutral,alcista,0,-0.571,32,1139,3,
s4725,STBLUSDT,1780932600000,train,-1,-2.4,0.352,4.99,4.04,1.43,-2.78,1.42,1.04,0.98,1.07,0,0.38,neutral,bajista,0,0.402,32,1141,4,
s4726,STBLUSDT,1780933500000,train,-1,-3.12,0.479,4.09,3.38,1.45,-3.58,1.52,1.04,0.98,1.07,0,0.47,neutral,bajista,0,0.435,32,1142,5,
s4727,XPLUSDT,1780934400000,train,1,4.65,0.506,4.86,4.46,0.75,2.92,1.74,0.56,0.58,0.52,0,1.73,neutral,neutral,0,-0.898,32,1143,1,
s4728,WLDUSDT,1780934400000,train,1,6.26,0.39,7.58,6.6,0.88,4.53,2.9,0.94,0.79,0.7,1,1.73,neutral,neutral,1,2.0,9,1143,1,
s4729,ENAUSDT,1780934400000,train,1,3.7,0.471,4.35,3.72,1.13,1.96,1.53,0.61,0.57,0.55,1,1.73,neutral,neutral,0,-1.0,25,1143,1,
s4730,ONDOUSDT,1780934400000,train,1,4.79,0.518,5.37,4.76,1.21,3.06,2.41,0.9,0.79,0.63,1,1.73,neutral,alcista,0,-0.715,32,1142,3,
s4731,FETUSDT,1780934400000,train,1,2.51,0.387,3.24,2.59,0.69,0.78,1.0,0.63,0.61,0.47,1,1.73,neutral,neutral,0,-1.0,25,1142,1,
s4732,XPLUSDT,1780935300000,train,1,3.64,0.448,4.33,3.78,0.75,2.42,1.63,0.56,0.58,0.52,0,1.22,neutral,alcista,0,-1.0,29,1144,2,
s4733,WLDUSDT,1780935300000,train,1,6.84,0.42,7.55,6.92,0.89,5.62,2.92,0.94,0.79,0.7,1,1.22,neutral,alcista,1,2.0,9,1144,2,
s4734,WLDUSDT,1780936200000,train,1,6.63,0.419,7.96,7.74,1.1,6.55,4.9,0.94,0.79,0.7,1,0.07,neutral,alcista,0,-0.348,32,1145,3,
s4735,OPUSDT,1780937100000,train,-1,-2.5,0.41,3.08,2.98,0.53,-1.96,0.75,0.85,0.72,0.82,0,-0.54,neutral,bajista,0,1.379,32,1146,3,
s4736,STBLUSDT,1780938000000,train,-1,-2.49,0.39,3.39,3.19,0.63,-1.82,1.39,0.81,0.95,0.97,0,-0.67,neutral,bajista,0,1.137,32,1147,3,
s4737,OPUSDT,1780938000000,train,-1,-2.22,0.379,3.3,2.78,0.74,-1.55,1.12,0.82,0.74,0.82,0,-0.67,neutral,bajista,0,1.333,32,1147,4,
s4738,INJUSDT,1780942500000,train,1,4.51,0.388,4.46,4.34,1.02,4.69,2.56,0.67,0.67,0.59,0,-0.18,neutral,alcista,0,-1.0,25,1152,3,
s4739,INJUSDT,1780943400000,train,1,4.05,0.364,4.59,4.46,1.33,4.68,2.53,0.67,0.67,0.59,0,-0.63,neutral,alcista,0,-1.0,23,1153,4,
s4740,INJUSDT,1780944300000,train,1,4.16,0.372,5.27,5.19,1.71,4.94,3.06,0.67,0.67,0.59,0,-0.78,neutral,alcista,0,-1.0,22,1154,5,
s4741,PUMPUSDT,1780952400000,train,1,2.8,0.385,3.75,2.9,0.66,2.22,0.86,0.54,0.8,0.81,0,0.58,neutral,alcista,0,-1.0,13,1163,4,
s4742,PENDLEUSDT,1780954200000,train,1,2.13,0.439,3.18,2.51,3.79,1.41,1.54,0.51,0.51,0.5,0,0.72,neutral,alcista,0,-1.0,7,1165,5,
s4743,XPLUSDT,1780955100000,train,-1,-2.45,0.387,3.31,3.19,0.97,-2.72,0.8,0.36,0.52,0.5,0,0.27,neutral,neutral,1,2.0,20,1166,1,
s4744,ENAUSDT,1780955100000,train,-1,-3.34,0.413,4.16,3.8,0.98,-3.61,1.55,0.48,0.52,0.54,0,0.27,neutral,neutral,1,2.0,11,1166,1,
s4745,XPLUSDT,1780956000000,train,-1,-2.73,0.412,3.52,3.21,0.98,-2.26,1.42,0.39,0.48,0.49,0,-0.48,neutral,bajista,0,0.493,32,1167,2,
s4746,ENAUSDT,1780956000000,train,-1,-3.52,0.424,4.6,4.43,1.03,-3.04,2.22,0.45,0.53,0.5,0,-0.48,neutral,bajista,0,1.24,32,1167,2,
s4747,STXUSDT,1780956000000,testB,-1,-2.11,0.408,2.59,2.53,0.94,-1.63,1.21,0.4,0.46,0.46,0,-0.48,neutral,bajista,0,0.298,32,1166,2,
s4748,XPLUSDT,1780956900000,train,-1,-4.02,0.522,4.66,4.47,1.85,-3.57,2.36,0.39,0.48,0.49,0,-0.45,neutral,bajista,0,-0.019,32,1168,3,
s4749,STBLUSDT,1780956900000,train,-1,-2.14,0.44,2.51,2.51,0.91,-1.7,0.96,0.42,0.75,0.76,0,-0.45,neutral,bajista,0,1.016,32,1168,3,
s4750,ENAUSDT,1780956900000,train,-1,-3.97,0.47,4.81,4.51,1.12,-3.52,2.29,0.45,0.53,0.5,0,-0.45,neutral,bajista,0,1.044,32,1168,3,
s4751,TIAUSDT,1780956900000,train,-1,-2.18,0.372,2.76,2.47,1.22,-1.73,1.19,0.53,0.67,0.71,0,-0.45,neutral,bajista,0,-0.101,32,1168,3,
s4752,JUPUSDT,1780956900000,train,-1,-2.26,0.381,2.94,2.5,0.89,-1.81,1.06,0.49,0.72,0.69,0,-0.45,neutral,bajista,0,0.2,32,1168,3,
s4753,FETUSDT,1780956900000,train,-1,-2.36,0.429,3.51,2.85,0.95,-1.92,1.28,0.43,0.52,0.47,0,-0.45,neutral,bajista,0,-0.033,32,1167,5,
s4754,ARUSDT,1780956900000,testB,-1,-2.35,0.364,3.78,3.22,1.33,-1.9,1.35,0.44,0.46,0.43,0,-0.45,neutral,neutral,0,0.476,32,1167,0,
s4755,STXUSDT,1780956900000,testB,-1,-2.58,0.505,2.75,2.75,1.15,-2.13,1.25,0.4,0.46,0.46,0,-0.45,neutral,bajista,0,0.176,32,1167,3,
s4756,APEUSDT,1780956900000,testB,-1,-2.4,0.413,3.49,2.61,0.68,-1.95,0.92,0.53,0.75,0.68,0,-0.45,neutral,bajista,0,0.424,32,1167,3,
s4757,XPLUSDT,1780957800000,train,-1,-3.15,0.398,4.63,3.89,2.15,-2.84,1.88,0.39,0.48,0.49,0,-0.31,neutral,neutral,0,0.164,32,1169,0,
s4758,ARUSDT,1780957800000,testB,-1,-2.3,0.354,3.78,3.12,1.29,-1.99,1.29,0.44,0.46,0.43,0,-0.31,neutral,neutral,0,0.557,32,1168,0,
s4759,XPLUSDT,1780958700000,train,-1,-3.26,0.414,4.64,3.94,2.11,-3.21,1.7,0.39,0.48,0.49,0,-0.05,neutral,neutral,0,0.231,32,1170,1,
s4760,ENAUSDT,1780958700000,train,-1,-3.27,0.422,4.79,4.04,1.02,-3.23,1.61,0.45,0.53,0.5,0,-0.05,neutral,neutral,1,2.0,19,1170,1,
s4761,ARUSDT,1780958700000,testB,-1,-2.59,0.4,3.79,3.27,1.44,-2.54,1.23,0.44,0.46,0.43,0,-0.05,neutral,neutral,0,0.594,32,1169,1,
s4762,STBLUSDT,1780959600000,train,-1,-2.26,0.46,2.71,2.59,0.85,-2.51,1.22,0.48,0.65,0.76,0,0.25,neutral,neutral,0,0.938,32,1171,1,
s4763,ARUSDT,1780959600000,testB,-1,-2.88,0.46,3.79,3.33,0.79,-3.13,1.21,0.36,0.45,0.43,0,0.25,neutral,bajista,0,0.523,32,1170,2,
s4764,STBLUSDT,1780960500000,train,-1,-2.9,0.521,3.83,3.55,1.32,-2.29,1.88,0.48,0.65,0.76,0,-0.61,neutral,bajista,0,0.443,32,1172,2,
s4765,ENAUSDT,1780960500000,train,-1,-3.66,0.45,4.56,4.08,0.79,-3.05,1.95,0.48,0.54,0.51,0,-0.61,neutral,neutral,0,1.17,32,1172,1,
s4766,JUPUSDT,1780960500000,train,-1,-2.64,0.434,3.46,3.02,1.27,-2.03,1.48,0.46,0.71,0.69,0,-0.61,neutral,neutral,0,0.375,32,1172,1,
s4767,ARUSDT,1780960500000,testB,-1,-3.3,0.493,3.98,3.72,0.79,-2.69,1.93,0.36,0.45,0.43,0,-0.61,neutral,bajista,0,0.458,32,1171,3,
s4768,STXUSDT,1780960500000,testB,-1,-2.23,0.42,2.55,2.33,0.94,-1.62,1.27,0.43,0.46,0.46,0,-0.61,neutral,neutral,0,0.302,32,1171,1,
s4769,GRTUSDT,1780960500000,testB,-1,-2.07,0.457,3.03,2.67,0.66,-1.47,1.46,0.49,0.52,0.49,0,-0.61,neutral,neutral,0,0.057,32,1171,1,
s4770,STBLUSDT,1780961400000,train,-1,-2.86,0.51,3.54,3.02,1.47,-2.32,1.65,0.48,0.65,0.76,0,-0.54,neutral,neutral,0,0.36,32,1173,0,
s4771,ENAUSDT,1780961400000,train,-1,-3.96,0.469,4.95,4.4,1.44,-3.42,2.41,0.48,0.54,0.51,0,-0.54,neutral,bajista,0,0.934,32,1173,2,
s4772,JUPUSDT,1780961400000,train,-1,-2.75,0.464,3.46,2.96,1.38,-2.21,1.28,0.46,0.71,0.69,0,-0.54,neutral,neutral,0,0.213,32,1173,0,
s4773,ONDOUSDT,1780961400000,train,-1,-2.85,0.389,4.03,3.53,0.69,-2.31,1.4,0.57,0.7,0.64,0,-0.54,neutral,bajista,0,-0.605,32,1172,2,
s4774,ARUSDT,1780961400000,testB,-1,-3.45,0.504,4.25,3.88,1.09,-2.91,2.0,0.36,0.45,0.43,0,-0.54,neutral,bajista,0,0.227,32,1172,4,
s4775,STBLUSDT,1780962300000,train,-1,-2.63,0.489,3.55,3.02,1.57,-2.17,1.61,0.48,0.65,0.76,0,-0.46,neutral,neutral,0,0.36,32,1174,1,
s4776,ENAUSDT,1780962300000,train,-1,-4.16,0.481,5.27,4.82,1.76,-3.7,2.45,0.48,0.54,0.51,0,-0.46,neutral,bajista,0,0.866,32,1174,3,
s4777,JUPUSDT,1780962300000,train,-1,-2.34,0.422,3.21,2.71,0.95,-1.88,1.2,0.46,0.71,0.69,0,-0.46,neutral,neutral,0,0.302,32,1174,0,
s4778,ONDOUSDT,1780962300000,train,-1,-2.7,0.375,4.17,3.73,0.7,-2.24,1.56,0.57,0.7,0.64,0,-0.46,neutral,bajista,0,-0.566,32,1173,3,
s4779,ARUSDT,1780962300000,testB,-1,-2.91,0.426,4.39,3.62,1.4,-2.45,1.62,0.36,0.45,0.43,0,-0.46,neutral,neutral,0,0.371,32,1173,0,
s4780,STBLUSDT,1780963200000,train,-1,-2.84,0.507,4.15,3.9,1.89,-2.45,2.18,0.56,0.65,0.78,0,-0.39,neutral,bajista,0,0.177,32,1175,2,
s4781,ENAUSDT,1780963200000,train,-1,-3.87,0.46,5.82,5.5,2.49,-3.47,2.83,0.8,0.68,0.59,1,-0.39,neutral,bajista,0,0.805,32,1175,4,
s4782,ARUSDT,1780963200000,testB,-1,-3.03,0.435,4.53,4.42,1.76,-2.63,2.09,0.39,0.45,0.44,0,-0.39,neutral,neutral,0,0.165,32,1174,1,
s4783,XPLUSDT,1780964100000,train,-1,-3.99,0.439,5.74,5.58,1.15,-3.27,2.87,0.39,0.45,0.48,0,-0.72,neutral,bajista,0,-0.295,32,1176,5,
s4784,PUMPUSDT,1780964100000,train,-1,-2.14,0.368,3.69,3.5,1.91,-1.42,1.97,0.84,0.8,0.83,0,-0.72,neutral,bajista,0,0.518,32,1176,3,
s4785,STBLUSDT,1780964100000,train,-1,-3.63,0.582,4.79,4.67,1.64,-2.91,2.62,0.56,0.65,0.78,0,-0.72,neutral,bajista,0,-0.035,32,1176,3,
s4786,TIAUSDT,1780964100000,train,-1,-2.92,0.395,4.93,4.84,1.15,-2.21,2.33,0.61,0.63,0.72,0,-0.72,neutral,bajista,0,-0.45,32,1176,2,
s4787,SEIUSDT,1780964100000,train,-1,-2.73,0.469,4.03,3.99,1.38,-2.02,2.2,0.46,0.43,0.45,0,-0.72,neutral,bajista,0,-0.073,32,1176,5,
s4788,JUPUSDT,1780964100000,train,-1,-2.67,0.453,4.34,4.21,1.64,-1.96,2.28,0.58,0.66,0.72,0,-0.72,neutral,bajista,0,0.03,32,1176,2,
s4789,ONDOUSDT,1780964100000,train,-1,-3.27,0.419,5.55,5.53,1.09,-2.55,2.75,0.65,0.69,0.65,0,-0.72,neutral,bajista,0,-0.631,32,1175,5,
s4790,FETUSDT,1780964100000,train,-1,-2.39,0.378,4.33,3.94,1.33,-1.68,1.68,0.39,0.5,0.49,0,-0.72,neutral,bajista,0,0.012,32,1175,5,
s4791,ARUSDT,1780964100000,testB,-1,-3.44,0.466,5.19,5.08,1.67,-2.72,2.44,0.39,0.45,0.44,0,-0.72,neutral,bajista,0,0.103,32,1175,2,
s4792,GRTUSDT,1780964100000,testB,-1,-2.04,0.357,3.4,3.4,1.06,-1.32,1.64,0.54,0.53,0.52,1,-0.72,neutral,bajista,0,-0.179,32,1175,2,
s4793,LDOUSDT,1780964100000,testB,-1,-2.09,0.394,3.73,3.5,1.4,-1.37,1.81,0.4,0.42,0.42,0,-0.72,neutral,bajista,0,-0.065,32,1175,2,
s4794,ASTERUSDT,1780965000000,train,-1,-2.84,0.616,6.12,3.76,5,-1.77,2.32,0.51,0.4,0.27,1,-1.07,neutral,bajista,0,-0.134,32,1177,3,
s4795,XPLUSDT,1780965000000,train,-1,-4.77,0.567,6.52,5.69,1.42,-3.7,2.69,0.39,0.45,0.48,0,-1.07,neutral,bajista,0,-0.364,32,1177,6,
s4796,PUMPUSDT,1780965000000,train,-1,-3.72,0.54,7.67,4.94,5,-2.65,3.01,0.84,0.8,0.83,0,-1.07,neutral,bajista,0,-0.051,32,1177,4,
s4797,STBLUSDT,1780965000000,train,-1,-4.65,0.67,6.69,5.62,2.44,-3.58,3.14,0.56,0.65,0.78,0,-1.07,neutral,bajista,0,-0.191,32,1177,4,
s4798,0GUSDT,1780965000000,train,-1,-2.5,0.415,4.64,3.92,2.76,-1.43,1.93,0.42,0.45,0.57,0,-1.07,neutral,bajista,0,0.168,32,1177,3,
s4799,ARBUSDT,1780965000000,train,-1,-2.53,0.467,4.7,3.96,2.03,-1.46,1.81,0.58,0.62,0.63,0,-1.07,neutral,bajista,0,-0.125,32,1177,3,
s4800,OPUSDT,1780965000000,train,-1,-3.3,0.457,5.75,5.01,2.67,-2.23,2.47,0.59,0.67,0.65,0,-1.07,neutral,bajista,0,-0.447,32,1177,3,
s4801,INJUSDT,1780965000000,train,-1,-5.05,0.524,7.69,6.83,2.26,-3.98,3.6,0.67,0.67,0.63,1,-1.07,neutral,bajista,0,-0.636,32,1177,3,
s4802,SUIUSDT,1780965000000,train,-1,-2.29,0.435,4.43,3.63,3.13,-1.22,1.81,0.58,0.59,0.62,0,-1.07,neutral,bajista,0,-0.331,32,1177,6,
s4803,TIAUSDT,1780965000000,train,-1,-3.99,0.558,5.95,5.31,1.71,-2.92,2.46,0.61,0.63,0.72,0,-1.07,neutral,bajista,0,-0.582,32,1177,3,
s4804,SEIUSDT,1780965000000,train,-1,-3.7,0.654,5.02,4.44,1.97,-2.63,2.35,0.46,0.43,0.45,0,-1.07,neutral,bajista,0,-0.178,32,1177,6,
s4805,JUPUSDT,1780965000000,train,-1,-3.35,0.54,5.71,4.75,2.36,-2.28,2.47,0.58,0.66,0.72,0,-1.07,neutral,bajista,0,-0.122,32,1177,3,
s4806,PENDLEUSDT,1780965000000,train,-1,-2.51,0.365,5.79,4.98,1.06,-1.44,1.93,0.59,0.49,0.46,1,-1.07,neutral,bajista,0,-0.371,32,1177,3,
s4807,ONDOUSDT,1780965000000,train,-1,-4.23,0.594,6.32,5.73,1.78,-3.16,2.62,0.65,0.69,0.65,0,-1.07,neutral,bajista,0,-0.79,32,1176,6,
s4808,FETUSDT,1780965000000,train,-1,-3.22,0.527,5.26,4.3,1.74,-2.15,1.84,0.39,0.5,0.49,0,-1.07,neutral,bajista,0,-0.079,32,1176,6,
s4809,ARUSDT,1780965000000,testB,-1,-4.28,0.603,6.25,5.41,2.1,-3.21,2.45,0.39,0.45,0.44,0,-1.07,neutral,bajista,0,-0.049,32,1176,3,
s4810,STXUSDT,1780965000000,testB,-1,-2.41,0.391,4.17,3.51,2.58,-1.34,1.69,0.55,0.49,0.47,1,-1.07,neutral,bajista,0,-0.125,32,1176,3,
s4811,GRTUSDT,1780965000000,testB,-1,-2.48,0.472,4.16,3.4,1.27,-1.41,1.46,0.54,0.53,0.52,1,-1.07,neutral,neutral,0,-0.269,32,1176,0,
s4812,LDOUSDT,1780965000000,testB,-1,-2.6,0.5,4.5,3.74,1.96,-1.53,1.81,0.4,0.42,0.42,0,-1.07,neutral,bajista,0,-0.143,32,1176,3,
s4813,SANDUSDT,1780965000000,testB,-1,-2.73,0.41,5.08,4.26,3.8,-1.66,2.22,0.69,0.64,0.77,0,-1.07,neutral,bajista,0,0.018,32,1176,3,
s4814,MANAUSDT,1780965000000,testB,-1,-2.83,0.442,5.06,4.14,2.57,-1.76,1.95,0.6,0.58,0.69,0,-1.07,neutral,bajista,0,-0.111,32,1176,3,
s4815,ASTERUSDT,1780965900000,train,-1,-2.97,0.668,6.11,3.65,5,-1.5,1.98,0.51,0.4,0.27,1,-1.48,neutral,neutral,0,-0.018,32,1178,0,
s4816,XPLUSDT,1780965900000,train,-1,-5.31,0.613,6.55,6.15,1.52,-3.84,2.71,0.39,0.45,0.48,0,-1.48,neutral,bajista,0,-0.34,32,1178,7,
s4817,PUMPUSDT,1780965900000,train,-1,-5.59,0.708,7.79,6.56,5,-4.11,3.97,0.84,0.8,0.83,0,-1.48,neutral,bajista,0,-0.186,32,1178,5,
s4818,STBLUSDT,1780965900000,train,-1,-5.15,0.749,6.71,5.88,2.42,-3.67,2.98,0.56,0.65,0.78,0,-1.48,neutral,bajista,0,-0.148,32,1178,5,
s4819,0GUSDT,1780965900000,train,-1,-3.54,0.607,4.86,4.4,3.19,-2.06,2.12,0.42,0.45,0.57,0,-1.48,neutral,bajista,0,0.068,32,1178,4,
s4820,ARBUSDT,1780965900000,train,-1,-3.49,0.592,4.99,4.74,2.4,-2.01,2.26,0.58,0.62,0.63,0,-1.48,neutral,bajista,0,-0.211,32,1178,4,
s4821,OPUSDT,1780965900000,train,-1,-4.01,0.534,5.89,5.57,2.68,-2.53,2.63,0.59,0.67,0.65,0,-1.48,neutral,bajista,0,-0.442,32,1178,4,
s4822,INJUSDT,1780965900000,train,-1,-4.92,0.517,7.69,6.83,2.49,-3.44,3.23,0.67,0.67,0.63,1,-1.48,neutral,neutral,0,-0.679,32,1178,0,
s4823,SUIUSDT,1780965900000,train,-1,-3.66,0.577,5.54,4.94,4.62,-2.18,2.69,0.58,0.59,0.62,0,-1.48,neutral,bajista,0,-0.409,32,1178,7,
s4824,TIAUSDT,1780965900000,train,-1,-4.56,0.627,6.11,5.72,1.93,-3.09,2.56,0.61,0.63,0.72,0,-1.48,neutral,bajista,0,-0.52,32,1178,4,
s4825,SEIUSDT,1780965900000,train,-1,-3.94,0.668,5.27,4.9,1.91,-2.47,2.5,0.46,0.43,0.45,0,-1.48,neutral,bajista,0,-0.179,32,1178,7,
s4826,JUPUSDT,1780965900000,train,-1,-4.75,0.733,6.02,5.7,2.89,-3.27,2.89,0.58,0.66,0.72,0,-1.48,neutral,bajista,0,-0.182,32,1178,4,
s4827,PENDLEUSDT,1780965900000,train,-1,-3.18,0.476,5.81,5.27,1.3,-1.71,1.95,0.59,0.49,0.46,1,-1.48,neutral,bajista,0,-0.329,32,1178,4,
s4828,ONDOUSDT,1780965900000,train,-1,-5.08,0.655,6.62,6.57,2.09,-3.61,2.92,0.65,0.69,0.65,0,-1.48,neutral,bajista,0,-0.635,32,1177,7,
s4829,FETUSDT,1780965900000,train,-1,-3.54,0.594,5.27,4.4,1.31,-2.07,1.67,0.39,0.5,0.49,0,-1.48,neutral,bajista,0,-0.033,32,1177,7,
s4830,ARUSDT,1780965900000,testB,-1,-5.32,0.697,6.78,6.31,2.28,-3.84,2.88,0.39,0.45,0.44,0,-1.48,neutral,bajista,0,-0.101,32,1177,4,
s4831,STXUSDT,1780965900000,testB,-1,-3.25,0.521,4.41,4.02,2.14,-1.78,1.87,0.55,0.49,0.47,1,-1.48,neutral,bajista,0,-0.192,32,1177,4,
s4832,GRTUSDT,1780965900000,testB,-1,-3.21,0.575,4.29,3.98,1.61,-1.74,1.78,0.54,0.53,0.52,1,-1.48,neutral,neutral,0,-0.333,32,1177,1,
s4833,LDOUSDT,1780965900000,testB,-1,-3.3,0.582,4.56,4.37,2.35,-1.83,2.15,0.4,0.42,0.42,0,-1.48,neutral,bajista,0,-0.202,32,1177,4,
s4834,SANDUSDT,1780965900000,testB,-1,-3.84,0.564,5.43,4.96,5,-2.36,2.56,0.69,0.64,0.77,0,-1.48,neutral,bajista,0,-0.036,32,1177,4,
s4835,MANAUSDT,1780965900000,testB,-1,-3.71,0.556,5.09,4.78,3.03,-2.24,2.29,0.6,0.58,0.69,0,-1.48,neutral,bajista,0,-0.161,32,1177,4,
s4836,AXSUSDT,1780965900000,testB,-1,-2.62,0.472,4.2,3.66,2.7,-1.14,1.61,0.39,0.38,0.4,0,-1.48,neutral,bajista,0,-0.176,32,1177,4,
s4837,APEUSDT,1780965900000,testB,-1,-3.32,0.477,4.66,4.58,2.78,-1.84,2.49,0.65,0.6,0.69,0,-1.48,neutral,bajista,0,-0.268,32,1177,5,
s4838,ASTERUSDT,1780966800000,train,-1,-3.26,0.788,6.11,3.65,5,-1.59,1.78,0.55,0.39,0.27,1,-1.67,neutral,neutral,0,-0.107,32,1179,0,
s4839,XPLUSDT,1780966800000,train,-1,-5.59,0.669,6.45,6.02,1.44,-3.92,2.46,0.39,0.42,0.47,0,-1.67,neutral,neutral,0,-0.328,32,1179,0,
s4840,PUMPUSDT,1780966800000,train,-1,-5.81,0.762,7.71,6.29,5,-4.14,3.44,0.83,0.75,0.82,0,-1.67,neutral,neutral,0,-0.061,32,1179,0,
s4841,STBLUSDT,1780966800000,train,-1,-5.26,0.779,6.71,5.88,1.91,-3.59,2.72,0.59,0.63,0.75,0,-1.67,neutral,bajista,0,-0.148,32,1179,6,
s4842,0GUSDT,1780966800000,train,-1,-3.46,0.589,4.84,3.88,3.05,-1.79,1.52,0.56,0.51,0.6,0,-1.67,neutral,neutral,0,0.237,32,1179,0,
s4843,ARBUSDT,1780966800000,train,-1,-4.07,0.773,5.11,4.74,2.4,-2.4,2.03,0.63,0.61,0.62,0,-1.67,neutral,neutral,0,-0.211,32,1179,0,
s4844,OPUSDT,1780966800000,train,-1,-4.69,0.697,5.88,5.45,2.47,-3.02,2.26,0.59,0.59,0.63,0,-1.67,neutral,neutral,0,-0.451,32,1179,0,
s4845,INJUSDT,1780966800000,train,-1,-6.29,0.715,7.72,7.3,2.51,-4.62,3.32,0.59,0.64,0.63,0,-1.67,neutral,neutral,0,-0.696,32,1179,1,
s4846,SUIUSDT,1780966800000,train,-1,-4.07,0.696,5.52,4.54,4.88,-2.4,2.12,0.65,0.58,0.61,0,-1.67,neutral,neutral,0,-0.407,32,1179,0,
s4847,TIAUSDT,1780966800000,train,-1,-5.29,0.82,6.11,5.72,1.91,-3.62,2.33,0.61,0.61,0.7,0,-1.67,neutral,neutral,0,-0.497,32,1179,0,
s4848,SEIUSDT,1780966800000,train,-1,-4.36,0.802,5.27,4.9,1.94,-2.69,2.29,0.48,0.42,0.44,0,-1.67,neutral,neutral,0,-0.157,32,1179,0,
s4849,JUPUSDT,1780966800000,train,-1,-4.97,0.802,5.87,5.23,2.29,-3.3,2.33,0.56,0.61,0.68,0,-1.67,neutral,neutral,0,-0.198,32,1179,0,
s4850,PENDLEUSDT,1780966800000,train,-1,-3.21,0.483,5.81,5.15,1.34,-1.54,1.67,0.59,0.49,0.45,1,-1.67,neutral,neutral,0,-0.305,32,1179,0,
s4851,ONDOUSDT,1780966800000,train,-1,-5.88,0.86,6.87,6.42,2.17,-4.21,2.53,0.62,0.68,0.66,0,-1.67,neutral,neutral,0,-0.632,32,1178,0,
s4852,FETUSDT,1780966800000,train,-1,-3.81,0.672,5.07,4.05,1.25,-2.13,1.42,0.37,0.47,0.49,0,-1.67,neutral,neutral,0,-0.012,32,1178,0,
s4853,ARUSDT,1780966800000,testB,-1,-5.59,0.767,6.72,6.03,1.89,-3.92,2.4,0.39,0.44,0.43,0,-1.67,neutral,neutral,0,-0.026,32,1178,0,
s4854,STXUSDT,1780966800000,testB,-1,-3.45,0.575,4.4,3.74,2.04,-1.78,1.45,0.59,0.49,0.46,1,-1.67,neutral,neutral,0,-0.074,32,1178,0,
s4855,GRTUSDT,1780966800000,testB,-1,-3.59,0.695,4.28,3.82,1.67,-1.92,1.47,0.57,0.52,0.51,1,-1.67,neutral,neutral,0,-0.293,32,1178,0,
s4856,LDOUSDT,1780966800000,testB,-1,-3.94,0.793,4.52,4.17,2.36,-2.26,1.79,0.43,0.41,0.41,0,-1.67,neutral,neutral,0,-0.211,32,1178,0,
s4857,SANDUSDT,1780966800000,testB,-1,-4.26,0.677,5.32,4.59,5,-2.59,2.08,0.72,0.63,0.75,0,-1.67,neutral,neutral,0,0.013,32,1178,0,
s4858,MANAUSDT,1780966800000,testB,-1,-4.27,0.707,5.08,4.46,2.7,-2.6,1.8,0.67,0.58,0.66,0,-1.67,neutral,neutral,0,-0.172,32,1178,0,
s4859,AXSUSDT,1780966800000,testB,-1,-3.33,0.696,4.09,3.44,2.98,-1.65,1.36,0.44,0.39,0.4,0,-1.67,neutral,neutral,0,-0.188,32,1178,0,
s4860,APEUSDT,1780966800000,testB,-1,-3.77,0.585,5.56,4.49,3.34,-2.1,2.03,0.67,0.59,0.67,0,-1.67,neutral,neutral,0,-0.291,32,1178,0,
s4861,XPLUSDT,1780967700000,train,-1,-4.1,0.495,6.14,4.99,1.0,-2.63,1.68,0.39,0.42,0.47,0,-1.47,neutral,neutral,0,-0.099,32,1180,0,
s4862,PUMPUSDT,1780967700000,train,-1,-4.2,0.511,7.37,4.83,5,-2.73,2.14,0.83,0.75,0.82,0,-1.47,neutral,neutral,0,0.211,32,1180,0,
s4863,STBLUSDT,1780967700000,train,-1,-4.21,0.585,6.66,5.06,1.86,-2.74,1.79,0.59,0.63,0.75,0,-1.47,neutral,neutral,0,0.073,32,1180,0,
s4864,0GUSDT,1780967700000,train,-1,-3.27,0.539,4.82,3.51,2.4,-1.8,1.09,0.56,0.51,0.6,0,-1.47,neutral,neutral,0,0.364,32,1180,0,
s4865,WLDUSDT,1780967700000,train,-1,-5.54,0.474,8.26,7.13,0.8,-4.08,3.61,0.86,1.08,0.89,0,-1.47,neutral,neutral,0,-1.0,21,1180,0,
s4866,ARBUSDT,1780967700000,train,-1,-3.47,0.592,5.08,4.09,1.92,-2.0,1.32,0.63,0.61,0.62,0,-1.47,neutral,neutral,0,-0.0,32,1180,0,
s4867,OPUSDT,1780967700000,train,-1,-4.08,0.556,5.84,4.78,1.6,-2.61,1.54,0.59,0.59,0.63,0,-1.47,neutral,neutral,0,-0.267,32,1180,0,
s4868,INJUSDT,1780967700000,train,-1,-5.96,0.657,7.61,6.41,2.43,-4.49,2.46,0.59,0.64,0.63,0,-1.47,neutral,neutral,0,-0.67,32,1180,0,
s4869,SUIUSDT,1780967700000,train,-1,-3.26,0.49,5.47,3.64,3.68,-1.79,1.2,0.65,0.58,0.61,0,-1.47,neutral,neutral,0,-0.133,32,1180,0,
s4870,TIAUSDT,1780967700000,train,-1,-4.27,0.653,5.69,4.72,1.44,-2.81,1.69,0.61,0.61,0.7,0,-1.47,neutral,neutral,0,-0.429,32,1180,0,
s4871,SEIUSDT,1780967700000,train,-1,-3.86,0.651,5.24,4.29,1.57,-2.39,1.63,0.48,0.42,0.44,0,-1.47,neutral,neutral,0,0.029,32,1180,0,
s4872,JUPUSDT,1780967700000,train,-1,-4.37,0.703,5.73,4.76,1.7,-2.9,1.85,0.56,0.61,0.68,0,-1.47,neutral,neutral,0,-0.054,32,1180,0,
s4873,PENDLEUSDT,1780967700000,train,-1,-3.15,0.472,5.78,4.6,1.54,-1.68,1.13,0.59,0.49,0.45,1,-1.47,neutral,neutral,0,-0.196,32,1180,0,
s4874,ONDOUSDT,1780967700000,train,-1,-5.08,0.743,6.42,5.55,1.88,-3.61,2.03,0.62,0.68,0.66,0,-1.47,neutral,neutral,0,-0.556,32,1179,0,
s4875,FETUSDT,1780967700000,train,-1,-2.98,0.516,4.75,3.26,1.21,-1.51,0.93,0.37,0.47,0.49,0,-1.47,neutral,neutral,0,0.221,32,1179,0,
s4876,ARUSDT,1780967700000,testB,-1,-4.08,0.566,6.09,4.67,1.66,-2.61,1.59,0.39,0.44,0.43,0,-1.47,neutral,neutral,0,0.191,32,1179,0,
s4877,STXUSDT,1780967700000,testB,-1,-2.87,0.474,4.38,3.4,1.78,-1.4,1.06,0.59,0.49,0.46,1,-1.47,neutral,neutral,0,0.081,32,1179,0,
s4878,GRTUSDT,1780967700000,testB,-1,-3.05,0.554,4.26,3.35,1.43,-1.58,0.98,0.57,0.52,0.51,1,-1.47,neutral,neutral,0,-0.091,32,1179,0,
s4879,LDOUSDT,1780967700000,testB,-1,-3.21,0.617,4.42,3.58,2.14,-1.74,1.22,0.43,0.41,0.41,0,-1.47,neutral,neutral,0,-0.032,32,1179,0,
s4880,SANDUSDT,1780967700000,testB,-1,-3.91,0.625,5.24,4.35,3.81,-2.45,1.76,0.72,0.63,0.75,0,-1.47,neutral,neutral,0,0.095,32,1179,0,
s4881,MANAUSDT,1780967700000,testB,-1,-3.4,0.561,5.05,3.98,2.31,-1.93,1.29,0.67,0.58,0.66,0,-1.47,neutral,neutral,0,-0.038,32,1179,0,
s4882,AXSUSDT,1780967700000,testB,-1,-2.6,0.51,4.06,2.89,2.96,-1.14,0.78,0.44,0.39,0.4,0,-1.47,neutral,neutral,0,0.074,32,1179,0,
s4883,APEUSDT,1780967700000,testB,-1,-2.83,0.4,5.51,3.65,1.67,-1.37,1.15,0.67,0.59,0.67,0,-1.47,neutral,neutral,0,-0.067,32,1179,0,
s4884,ASTERUSDT,1780968600000,train,-1,-2.96,0.663,5.91,3.07,0.66,-1.2,1.23,0.55,0.39,0.27,1,-1.76,neutral,neutral,0,0.189,32,1181,1,
s4885,XPLUSDT,1780968600000,train,-1,-4.5,0.574,5.92,4.74,0.63,-2.74,1.51,0.39,0.42,0.47,0,-1.76,neutral,neutral,0,0.012,32,1181,0,
s4886,PUMPUSDT,1780968600000,train,-1,-4.74,0.557,7.27,5.17,1.81,-2.98,2.4,0.83,0.75,0.82,0,-1.76,neutral,neutral,0,0.185,32,1181,1,
s4887,STBLUSDT,1780968600000,train,-1,-4.74,0.691,6.63,5.14,0.74,-2.98,1.77,0.59,0.63,0.75,0,-1.76,neutral,neutral,0,0.072,32,1181,1,
s4888,0GUSDT,1780968600000,train,-1,-3.64,0.584,4.83,3.81,2.67,-1.88,1.34,0.56,0.51,0.6,0,-1.76,neutral,neutral,0,0.397,32,1181,1,
s4889,WLDUSDT,1780968600000,train,-1,-5.8,0.515,8.15,6.25,0.74,-4.03,2.68,0.86,1.08,0.89,0,-1.76,neutral,neutral,0,-1.0,20,1181,0,
s4890,ARBUSDT,1780968600000,train,-1,-3.7,0.633,4.96,4.09,1.19,-1.94,1.34,0.63,0.61,0.62,0,-1.76,neutral,neutral,0,0.061,32,1181,0,
s4891,OPUSDT,1780968600000,train,-1,-4.47,0.629,5.85,4.89,0.81,-2.71,1.51,0.59,0.59,0.63,0,-1.76,neutral,neutral,0,-0.152,32,1181,1,
s4892,INJUSDT,1780968600000,train,-1,-5.48,0.624,7.13,5.84,0.8,-3.72,2.13,0.59,0.64,0.63,0,-1.76,neutral,neutral,0,-0.583,32,1181,0,
s4893,SUIUSDT,1780968600000,train,-1,-3.17,0.476,5.21,3.33,2.21,-1.41,1.05,0.65,0.58,0.61,0,-1.76,neutral,neutral,0,-0.0,32,1181,0,
s4894,TIAUSDT,1780968600000,train,-1,-4.48,0.689,5.63,4.76,0.79,-2.72,1.64,0.61,0.61,0.7,0,-1.76,neutral,neutral,0,-0.419,32,1181,1,
s4895,SEIUSDT,1780968600000,train,-1,-4.2,0.696,5.13,4.4,1.0,-2.43,1.66,0.48,0.42,0.44,0,-1.76,neutral,neutral,0,0.226,32,1181,1,
s4896,JUPUSDT,1780968600000,train,-1,-4.55,0.725,5.67,4.83,0.89,-2.79,1.87,0.56,0.61,0.68,0,-1.76,neutral,neutral,0,0.04,32,1181,1,
s4897,PENDLEUSDT,1780968600000,train,-1,-3.94,0.636,5.09,4.1,0.92,-2.18,1.26,0.59,0.49,0.45,1,-1.76,neutral,neutral,0,-0.216,32,1181,1,
s4898,ONDOUSDT,1780968600000,train,-1,-4.88,0.735,6.17,5.33,1.19,-3.12,1.88,0.62,0.68,0.66,0,-1.76,neutral,neutral,0,-0.379,32,1180,1,
s4899,FETUSDT,1780968600000,train,-1,-2.8,0.492,4.41,2.88,0.87,-1.04,0.83,0.37,0.47,0.49,0,-1.76,neutral,neutral,0,0.383,32,1180,0,
s4900,ARUSDT,1780968600000,testB,-1,-4.02,0.556,5.82,4.25,1.03,-2.26,1.34,0.39,0.44,0.43,0,-1.76,neutral,neutral,0,0.383,32,1180,0,
s4901,STXUSDT,1780968600000,testB,-1,-2.92,0.487,4.16,3.07,1.15,-1.16,0.91,0.59,0.49,0.46,1,-1.76,neutral,neutral,0,0.268,32,1180,0,
s4902,GRTUSDT,1780968600000,testB,-1,-3.1,0.558,4.11,3.25,1.01,-1.34,0.96,0.57,0.52,0.51,1,-1.76,neutral,neutral,0,-0.047,32,1180,1,
s4903,LDOUSDT,1780968600000,testB,-1,-3.43,0.66,4.43,3.7,1.42,-1.67,1.22,0.43,0.41,0.41,0,-1.76,neutral,neutral,0,0.062,32,1180,1,
s4904,SANDUSDT,1780968600000,testB,-1,-3.99,0.641,5.12,4.25,1.42,-2.23,1.68,0.72,0.63,0.75,0,-1.76,neutral,neutral,0,0.157,32,1180,1,
s4905,MANAUSDT,1780968600000,testB,-1,-3.69,0.61,4.91,3.99,1.3,-1.93,1.34,0.67,0.58,0.66,0,-1.76,neutral,neutral,0,-0.077,32,1180,1,
s4906,AXSUSDT,1780968600000,testB,-1,-2.81,0.551,3.96,2.89,1.88,-1.05,0.86,0.44,0.39,0.4,0,-1.76,neutral,neutral,0,0.037,32,1180,1,
s4907,APEUSDT,1780968600000,testB,-1,-3.68,0.528,5.53,4.07,1.07,-1.92,1.47,0.67,0.59,0.67,0,-1.76,neutral,neutral,0,-0.06,32,1180,1,
s4908,XPLUSDT,1780969500000,train,-1,-3.4,0.492,4.77,3.52,0.54,-1.89,1.35,0.39,0.42,0.47,0,-1.5,neutral,neutral,0,0.004,32,1182,0,
s4909,PUMPUSDT,1780969500000,train,-1,-4.03,0.485,6.87,4.52,0.59,-2.53,2.0,0.83,0.75,0.82,0,-1.5,neutral,neutral,0,0.183,32,1182,0,
s4910,STBLUSDT,1780969500000,train,-1,-3.95,0.633,5.84,4.28,0.58,-2.45,1.55,0.59,0.63,0.75,0,-1.5,neutral,neutral,0,0.135,32,1182,0,
s4911,0GUSDT,1780969500000,train,-1,-2.68,0.462,4.07,2.79,2.35,-1.18,1.03,0.56,0.51,0.6,0,-1.5,neutral,neutral,0,0.6,32,1182,0,
s4912,WLDUSDT,1780969500000,train,-1,-3.78,0.369,6.81,4.45,0.73,-2.27,2.05,0.86,1.08,0.89,0,-1.5,neutral,neutral,0,-1.0,17,1182,0,
s4913,ENAUSDT,1780969500000,train,-1,-6.68,0.65,8.88,7.2,0.51,-5.17,3.24,0.8,0.68,0.59,1,-1.5,neutral,neutral,0,0.15,32,1182,1,
s4914,ARBUSDT,1780969500000,train,-1,-2.89,0.545,3.97,2.97,0.74,-1.38,1.18,0.63,0.61,0.62,0,-1.5,neutral,neutral,0,0.125,32,1182,0,
s4915,OPUSDT,1780969500000,train,-1,-3.49,0.567,4.58,3.73,0.47,-1.99,1.58,0.59,0.59,0.63,0,-1.5,neutral,bajista,0,-0.229,32,1182,2,
s4916,INJUSDT,1780969500000,train,-1,-3.93,0.52,7.01,5.58,0.62,-2.42,1.94,0.59,0.64,0.63,0,-1.5,neutral,neutral,0,-0.515,32,1182,0,
s4917,SUIUSDT,1780969500000,train,-1,-2.42,0.397,4.54,2.57,0.89,-0.91,0.99,0.65,0.58,0.61,0,-1.5,neutral,neutral,0,-1.0,12,1182,0,
s4918,TIAUSDT,1780969500000,train,-1,-3.35,0.574,4.56,3.46,0.56,-1.84,1.39,0.61,0.61,0.7,0,-1.5,neutral,neutral,0,-0.537,32,1182,0,
s4919,SEIUSDT,1780969500000,train,-1,-3.21,0.593,4.31,3.4,0.71,-1.71,1.4,0.48,0.42,0.44,0,-1.5,neutral,neutral,0,0.244,32,1182,0,
s4920,JUPUSDT,1780969500000,train,-1,-3.29,0.596,4.63,3.53,0.53,-1.79,1.54,0.56,0.61,0.68,0,-1.5,neutral,neutral,0,0.073,32,1182,0,
s4921,PENDLEUSDT,1780969500000,train,-1,-3.37,0.598,4.44,3.48,0.86,-1.87,1.18,0.59,0.49,0.45,1,-1.5,neutral,bajista,0,-0.252,32,1182,2,
s4922,ONDOUSDT,1780969500000,train,-1,-3.9,0.668,5.18,4.26,0.84,-2.4,1.76,0.62,0.68,0.66,0,-1.5,neutral,neutral,0,-1.0,18,1181,0,
s4923,FETUSDT,1780969500000,train,-1,-2.26,0.436,3.61,2.31,0.74,-0.75,1.02,0.37,0.47,0.49,0,-1.5,neutral,neutral,0,0.333,32,1181,1,
s4924,ARUSDT,1780969500000,testB,-1,-2.54,0.385,4.8,2.82,0.69,-1.04,0.91,0.39,0.44,0.43,0,-1.5,neutral,neutral,0,0.648,32,1181,0,
s4925,STXUSDT,1780969500000,testB,-1,-2.25,0.42,3.45,2.35,0.89,-0.74,0.89,0.59,0.49,0.46,1,-1.5,neutral,neutral,0,0.349,32,1181,0,
s4926,GRTUSDT,1780969500000,testB,-1,-2.53,0.505,3.35,2.54,0.73,-1.02,0.99,0.57,0.52,0.51,1,-1.5,neutral,bajista,0,-0.14,32,1181,2,
s4927,LDOUSDT,1780969500000,testB,-1,-2.71,0.584,3.58,2.78,0.94,-1.2,1.15,0.43,0.41,0.41,0,-1.5,neutral,neutral,0,0.11,32,1181,0,
s4928,SANDUSDT,1780969500000,testB,-1,-3.28,0.593,4.16,3.37,0.49,-1.77,1.68,0.72,0.63,0.75,0,-1.5,neutral,bajista,0,0.193,32,1181,2,
s4929,MANAUSDT,1780969500000,testB,-1,-2.53,0.436,3.97,2.6,0.99,-1.03,0.93,0.67,0.58,0.66,0,-1.5,neutral,neutral,0,0.118,32,1181,0,
s4930,APEUSDT,1780969500000,testB,-1,-3.15,0.465,4.79,3.17,0.83,-1.64,1.26,0.67,0.59,0.67,0,-1.5,neutral,neutral,0,-0.077,32,1181,0,
s4931,ASTERUSDT,1780970400000,train,-1,-2.27,0.563,5.37,2.53,0.26,-1.4,1.04,0.56,0.39,0.28,1,-0.87,neutral,neutral,0,0.134,32,1183,1,
s4932,XPLUSDT,1780970400000,train,-1,-3.12,0.469,4.27,3.34,0.53,-2.25,1.39,0.44,0.42,0.48,0,-0.87,neutral,neutral,0,-0.148,32,1183,1,
s4933,PUMPUSDT,1780970400000,train,-1,-4.47,0.51,6.92,5.32,0.5,-3.6,2.42,0.84,0.73,0.82,0,-0.87,neutral,neutral,0,-0.0,32,1183,1,
s4934,STBLUSDT,1780970400000,train,-1,-3.61,0.611,5.35,3.78,0.56,-2.74,1.36,0.58,0.64,0.76,0,-0.87,neutral,neutral,0,-0.152,32,1183,0,
s4935,0GUSDT,1780970400000,train,-1,-2.56,0.449,4.01,2.92,3.05,-1.69,1.13,0.65,0.55,0.61,0,-0.87,neutral,neutral,0,0.494,32,1183,1,
s4936,WLDUSDT,1780970400000,train,-1,-3.63,0.358,5.69,3.89,0.59,-2.76,1.51,0.78,1.03,0.87,0,-0.87,neutral,neutral,0,-1.0,14,1183,1,
s4937,ENAUSDT,1780970400000,train,-1,-6.62,0.646,8.9,7.85,0.41,-5.75,3.43,0.83,0.69,0.61,1,-0.87,neutral,bajista,0,0.066,32,1183,2,
s4938,ARBUSDT,1780970400000,train,-1,-2.54,0.512,3.6,2.86,0.49,-1.67,1.29,0.64,0.58,0.63,0,-0.87,neutral,neutral,0,0.043,32,1183,1,
s4939,OPUSDT,1780970400000,train,-1,-3.0,0.527,4.15,3.3,0.42,-2.13,1.43,0.57,0.56,0.62,0,-0.87,neutral,bajista,0,-0.226,32,1183,3,
s4940,INJUSDT,1780970400000,train,-1,-4.7,0.659,7.03,5.81,0.57,-3.83,2.01,0.53,0.63,0.63,0,-0.87,neutral,neutral,0,-0.633,32,1183,1,
s4941,TIAUSDT,1780970400000,train,-1,-3.05,0.551,4.11,3.18,0.46,-2.18,1.34,0.59,0.59,0.7,0,-0.87,neutral,neutral,0,-1.0,17,1183,1,
s4942,SEIUSDT,1780970400000,train,-1,-3.04,0.579,4.2,3.51,0.62,-2.17,1.48,0.48,0.42,0.44,0,-0.87,neutral,neutral,0,0.142,32,1183,1,
s4943,JUPUSDT,1780970400000,train,-1,-3.24,0.591,4.38,3.54,0.44,-2.37,1.58,0.56,0.58,0.67,0,-0.87,neutral,neutral,0,0.036,32,1183,1,
s4944,PENDLEUSDT,1780970400000,train,-1,-2.77,0.548,4.14,3.46,0.61,-1.9,1.38,0.62,0.51,0.46,1,-0.87,neutral,bajista,0,-0.322,32,1183,3,
s4945,ONDOUSDT,1780970400000,train,-1,-4.13,0.68,4.7,4.34,0.63,-3.26,2.04,0.55,0.66,0.66,0,-0.87,neutral,neutral,0,-1.0,14,1182,1,
s4946,ARUSDT,1780970400000,testB,-1,-2.25,0.355,4.66,3.09,0.59,-1.38,1.08,0.4,0.45,0.43,0,-0.87,neutral,neutral,0,0.492,32,1182,1,
s4947,LDOUSDT,1780970400000,testB,-1,-2.39,0.552,3.47,2.83,0.7,-1.52,1.14,0.44,0.39,0.42,0,-0.87,neutral,neutral,0,0.041,32,1182,1,
s4948,SANDUSDT,1780970400000,testB,-1,-3.16,0.583,4.13,3.64,0.33,-2.29,1.76,0.87,0.68,0.79,0,-0.87,neutral,bajista,0,0.098,32,1182,3,
s4949,APEUSDT,1780970400000,testB,-1,-2.84,0.439,4.8,3.25,0.52,-1.97,1.19,0.6,0.59,0.68,0,-0.87,neutral,neutral,0,-0.075,32,1182,1,
s4950,ASTERUSDT,1780971300000,train,-1,-2.41,0.605,5.33,2.54,0.22,-1.5,1.01,0.56,0.39,0.28,1,-0.91,neutral,bajista,0,-0.0,32,1184,2,
s4951,XPLUSDT,1780971300000,train,-1,-2.83,0.442,4.32,3.99,0.69,-1.92,2.15,0.44,0.42,0.48,0,-0.91,neutral,bajista,0,-0.38,32,1184,2,
s4952,PUMPUSDT,1780971300000,train,-1,-4.6,0.517,6.94,5.59,0.41,-3.69,2.44,0.84,0.73,0.82,0,-0.91,neutral,bajista,0,-0.08,32,1184,2,
s4953,STBLUSDT,1780971300000,train,-1,-3.86,0.626,5.34,4.43,0.57,-2.95,1.88,0.58,0.64,0.76,0,-0.91,neutral,neutral,0,-0.028,32,1184,1,
s4954,0GUSDT,1780971300000,train,-1,-3.45,0.545,3.91,3.61,3.02,-2.54,1.75,0.65,0.55,0.61,0,-0.91,neutral,bajista,0,0.11,32,1184,2,
s4955,ARBUSDT,1780971300000,train,-1,-2.55,0.512,3.61,3.11,0.45,-1.64,1.41,0.64,0.58,0.63,0,-0.91,neutral,bajista,0,-0.08,32,1184,2,
s4956,OPUSDT,1780971300000,train,-1,-3.11,0.536,4.17,3.74,0.44,-2.2,1.72,0.57,0.56,0.62,0,-0.91,neutral,bajista,0,-0.314,32,1184,4,
s4957,INJUSDT,1780971300000,train,-1,-4.44,0.601,6.49,4.91,0.55,-3.53,1.44,0.53,0.63,0.63,0,-0.91,neutral,neutral,0,-0.882,32,1184,0,
s4958,TIAUSDT,1780971300000,train,-1,-2.79,0.527,3.9,3.22,0.47,-1.88,1.46,0.59,0.59,0.7,0,-0.91,neutral,bajista,0,-1.0,13,1184,2,
s4959,SEIUSDT,1780971300000,train,-1,-3.03,0.577,4.2,3.75,0.61,-2.12,1.56,0.48,0.42,0.44,0,-0.91,neutral,bajista,0,0.1,32,1184,2,
s4960,JUPUSDT,1780971300000,train,-1,-3.25,0.591,4.26,3.55,0.51,-2.34,1.62,0.56,0.58,0.67,0,-0.91,neutral,bajista,0,-0.036,32,1184,2,
s4961,PENDLEUSDT,1780971300000,train,-1,-2.71,0.539,3.76,3.06,0.53,-1.8,1.32,0.62,0.51,0.46,1,-0.91,neutral,neutral,0,-0.335,32,1184,0,
s4962,ONDOUSDT,1780971300000,train,-1,-3.18,0.576,4.47,3.65,0.69,-2.27,1.64,0.55,0.66,0.66,0,-0.91,neutral,neutral,0,-1.0,13,1183,0,
s4963,FETUSDT,1780971300000,train,-1,-2.28,0.436,3.59,3.2,0.63,-1.37,1.56,0.36,0.43,0.49,0,-0.91,neutral,bajista,0,0.015,32,1183,3,
s4964,ARUSDT,1780971300000,testB,-1,-2.91,0.442,4.48,3.37,0.7,-2.0,1.41,0.4,0.45,0.43,0,-0.91,neutral,bajista,0,0.25,32,1183,2,
s4965,STXUSDT,1780971300000,testB,-1,-2.27,0.42,3.65,2.82,1.51,-1.36,1.53,0.81,0.59,0.52,1,-0.91,neutral,bajista,0,0.02,32,1183,2,
s4966,LDOUSDT,1780971300000,testB,-1,-2.43,0.556,3.48,3.02,0.49,-1.51,1.22,0.44,0.39,0.42,0,-0.91,neutral,bajista,0,-0.0,32,1183,2,
s4967,SANDUSDT,1780971300000,testB,-1,-3.62,0.616,4.65,4.21,0.81,-2.71,2.1,0.87,0.68,0.79,0,-0.91,neutral,bajista,0,-0.057,32,1183,4,
s4968,MANAUSDT,1780971300000,testB,-1,-2.25,0.385,3.37,2.45,1.29,-1.34,1.15,0.74,0.61,0.67,0,-0.91,neutral,neutral,0,-0.063,32,1183,1,
s4969,AXSUSDT,1780971300000,testB,-1,-2.01,0.442,2.91,2.48,0.86,-1.09,1.29,0.48,0.39,0.4,0,-0.91,neutral,bajista,0,-0.043,32,1183,2,
s4970,APEUSDT,1780971300000,testB,-1,-3.01,0.452,4.74,3.68,0.7,-2.1,1.58,0.6,0.59,0.68,0,-0.91,neutral,bajista,0,-0.222,32,1183,2,
s4971,ASTERUSDT,1780972200000,train,-1,-2.37,0.6,5.3,2.6,0.25,-1.36,0.95,0.56,0.39,0.28,1,-1.01,neutral,bajista,0,-0.012,32,1185,3,
s4972,XPLUSDT,1780972200000,train,-1,-4.76,0.661,5.75,5.51,1.46,-3.76,3.08,0.44,0.42,0.48,0,-1.01,neutral,bajista,0,-0.504,32,1185,3,
s4973,PUMPUSDT,1780972200000,train,-1,-4.72,0.531,6.95,5.66,0.39,-3.71,2.2,0.84,0.73,0.82,0,-1.01,neutral,bajista,0,-0.068,32,1185,3,
s4974,STBLUSDT,1780972200000,train,-1,-4.5,0.661,5.59,5.17,0.68,-3.49,2.23,0.58,0.64,0.76,0,-1.01,neutral,bajista,0,-0.129,32,1185,2,
s4975,0GUSDT,1780972200000,train,-1,-3.84,0.571,4.2,4.0,1.25,-2.84,2.04,0.65,0.55,0.61,0,-1.01,neutral,bajista,0,-0.058,32,1185,3,
s4976,WLDUSDT,1780972200000,train,-1,-3.48,0.405,6.11,5.09,0.65,-2.47,2.22,0.78,1.03,0.87,0,-1.01,neutral,neutral,0,-1.0,12,1185,1,
s4977,ARBUSDT,1780972200000,train,-1,-2.79,0.561,3.87,3.24,0.62,-1.78,1.29,0.64,0.58,0.63,0,-1.01,neutral,bajista,0,-0.077,32,1185,3,
s4978,OPUSDT,1780972200000,train,-1,-3.72,0.621,4.62,4.19,0.58,-2.72,1.79,0.57,0.56,0.62,0,-1.01,neutral,bajista,0,-0.333,32,1185,5,
s4979,INJUSDT,1780972200000,train,-1,-4.71,0.615,5.95,5.04,0.56,-3.71,1.7,0.53,0.63,0.63,0,-1.01,neutral,neutral,0,-1.0,27,1185,1,
s4980,TIAUSDT,1780972200000,train,-1,-3.5,0.615,4.37,3.82,0.54,-2.5,1.71,0.59,0.59,0.7,0,-1.01,neutral,bajista,0,-1.0,12,1185,3,
s4981,SEIUSDT,1780972200000,train,-1,-3.37,0.621,4.45,4.03,0.61,-2.36,1.54,0.48,0.42,0.44,0,-1.01,neutral,bajista,0,0.052,32,1185,3,
s4982,JUPUSDT,1780972200000,train,-1,-3.75,0.638,4.47,3.96,0.55,-2.74,1.72,0.56,0.58,0.67,0,-1.01,neutral,bajista,0,-0.098,32,1185,3,
s4983,PENDLEUSDT,1780972200000,train,-1,-3.18,0.581,4.01,3.54,1.2,-2.17,1.53,0.62,0.51,0.46,1,-1.01,neutral,neutral,0,-0.43,32,1185,1,
s4984,ONDOUSDT,1780972200000,train,-1,-3.41,0.592,4.68,4.03,0.79,-2.4,1.68,0.55,0.66,0.66,0,-1.01,neutral,neutral,0,-1.0,12,1184,1,
s4985,FETUSDT,1780972200000,train,-1,-3.12,0.6,3.9,3.66,0.74,-2.11,1.69,0.36,0.43,0.49,0,-1.01,neutral,bajista,0,-0.12,32,1184,4,
s4986,ARUSDT,1780972200000,testB,-1,-3.58,0.507,4.29,3.76,0.84,-2.57,1.65,0.4,0.45,0.43,0,-1.01,neutral,bajista,0,0.085,32,1184,3,
s4987,STXUSDT,1780972200000,testB,-1,-2.48,0.46,3.65,2.93,1.92,-1.47,1.39,0.81,0.59,0.52,1,-1.01,neutral,bajista,0,-0.0,32,1184,3,
s4988,GRTUSDT,1780972200000,testB,-1,-2.0,0.444,2.45,2.15,0.76,-1.0,1.05,0.51,0.5,0.51,0,-1.01,neutral,bajista,0,-1.0,9,1184,5,
s4989,LDOUSDT,1780972200000,testB,-1,-2.57,0.58,3.68,3.14,0.58,-1.57,1.12,0.44,0.39,0.42,0,-1.01,neutral,bajista,0,-0.012,32,1184,3,
s4990,SANDUSDT,1780972200000,testB,-1,-4.18,0.718,5.02,4.46,1.31,-3.17,2.04,0.87,0.68,0.79,0,-1.01,neutral,bajista,0,-0.152,32,1184,5,
s4991,MANAUSDT,1780972200000,testB,-1,-2.7,0.429,3.24,2.77,1.29,-1.69,1.35,0.74,0.61,0.67,0,-1.01,neutral,bajista,0,-0.333,32,1184,2,
s4992,AXSUSDT,1780972200000,testB,-1,-2.43,0.511,3.03,2.81,0.89,-1.42,1.34,0.48,0.39,0.4,0,-1.01,neutral,bajista,0,-0.231,32,1184,3,
s4993,APEUSDT,1780972200000,testB,-1,-3.96,0.543,4.86,4.45,0.92,-2.95,2.11,0.6,0.59,0.68,0,-1.01,neutral,bajista,0,-0.37,32,1184,3,
s4994,ASTERUSDT,1780973100000,train,-1,-2.29,0.569,5.3,2.5,0.26,-1.39,0.73,0.56,0.39,0.28,1,-0.9,neutral,neutral,0,-0.045,32,1186,0,
s4995,XPLUSDT,1780973100000,train,-1,-4.65,0.642,6.01,5.43,1.64,-3.76,2.65,0.44,0.42,0.48,0,-0.9,neutral,neutral,0,-0.621,32,1186,0,
s4996,PUMPUSDT,1780973100000,train,-1,-4.77,0.542,6.94,5.52,0.32,-3.88,1.84,0.84,0.73,0.82,0,-0.9,neutral,neutral,0,-0.128,32,1186,0,
s4997,STBLUSDT,1780973100000,train,-1,-4.49,0.661,5.57,4.86,0.64,-3.59,1.71,0.58,0.64,0.76,0,-0.9,neutral,neutral,0,-0.077,32,1186,0,
s4998,0GUSDT,1780973100000,train,-1,-3.37,0.507,4.16,3.76,1.19,-2.48,1.63,0.65,0.55,0.61,0,-0.9,neutral,neutral,0,-0.168,32,1186,0,
s4999,ARBUSDT,1780973100000,train,-1,-2.55,0.512,3.86,3.11,0.62,-1.65,0.98,0.64,0.58,0.63,0,-0.9,neutral,neutral,0,-0.16,32,1186,0,
s5000,OPUSDT,1780973100000,train,-1,-3.22,0.544,4.61,3.97,0.57,-2.32,1.36,0.57,0.56,0.62,0,-0.9,neutral,neutral,0,-0.432,32,1186,0,
s5001,INJUSDT,1780973100000,train,-1,-3.61,0.42,5.89,3.94,0.71,-2.71,0.68,0.53,0.63,0.63,0,-0.9,neutral,neutral,0,-1.0,26,1186,0,
s5002,TIAUSDT,1780973100000,train,-1,-3.16,0.534,4.36,3.52,0.51,-2.27,1.23,0.59,0.59,0.7,0,-0.9,neutral,neutral,0,-1.0,11,1186,0,
s5003,SEIUSDT,1780973100000,train,-1,-3.18,0.568,4.49,3.7,0.64,-2.29,1.06,0.48,0.42,0.44,0,-0.9,neutral,neutral,0,0.045,32,1186,0,
s5004,JUPUSDT,1780973100000,train,-1,-3.13,0.51,4.45,3.49,0.52,-2.23,1.12,0.56,0.58,0.67,0,-0.9,neutral,neutral,0,-0.111,32,1186,0,
s5005,PENDLEUSDT,1780973100000,train,-1,-2.73,0.462,3.99,3.05,1.25,-1.84,0.84,0.62,0.51,0.46,1,-0.9,neutral,neutral,0,-0.549,32,1186,0,
s5006,ONDOUSDT,1780973100000,train,-1,-3.05,0.5,4.67,3.65,0.75,-2.16,1.15,0.55,0.66,0.66,0,-0.9,neutral,neutral,0,-1.0,11,1185,0,
s5007,FETUSDT,1780973100000,train,-1,-2.6,0.455,4.07,3.1,0.8,-1.7,0.95,0.36,0.43,0.49,0,-0.9,neutral,neutral,0,-0.203,32,1185,0,
s5008,ARUSDT,1780973100000,testB,-1,-3.27,0.464,4.28,3.6,0.71,-2.38,1.25,0.4,0.45,0.43,0,-0.9,neutral,neutral,0,0.015,32,1185,0,
s5009,STXUSDT,1780973100000,testB,-1,-2.64,0.495,3.71,2.99,2.61,-1.75,1.22,0.81,0.59,0.52,1,-0.9,neutral,bajista,0,-0.13,32,1185,4,
s5010,LDOUSDT,1780973100000,testB,-1,-2.27,0.48,3.66,2.75,0.6,-1.38,0.6,0.44,0.39,0.42,0,-0.9,neutral,neutral,0,0.069,32,1185,0,
s5011,SANDUSDT,1780973100000,testB,-1,-3.63,0.597,5.0,4.03,1.34,-2.74,1.42,0.87,0.68,0.79,0,-0.9,neutral,neutral,0,-0.108,32,1185,0,
s5012,MANAUSDT,1780973100000,testB,-1,-2.26,0.366,3.23,2.62,1.19,-1.36,0.99,0.74,0.61,0.67,0,-0.9,neutral,neutral,0,-0.294,32,1185,0,
s5013,AXSUSDT,1780973100000,testB,-1,-2.32,0.478,3.13,2.7,0.92,-1.43,1.08,0.48,0.39,0.4,0,-0.9,neutral,neutral,0,-0.32,32,1185,0,
s5014,APEUSDT,1780973100000,testB,-1,-3.49,0.478,4.85,4.19,1.01,-2.59,1.64,0.6,0.59,0.68,0,-0.9,neutral,neutral,0,-0.431,32,1185,0,
s5015,XPLUSDT,1780974000000,train,-1,-5.55,0.754,6.1,6.01,1.81,-4.5,2.74,0.46,0.41,0.49,0,-1.06,neutral,neutral,0,-0.524,32,1187,1,
s5016,PUMPUSDT,1780974000000,train,-1,-5.12,0.609,6.87,5.46,0.31,-4.06,1.65,0.82,0.69,0.8,0,-1.06,neutral,neutral,0,-0.0,32,1187,0,
s5017,STBLUSDT,1780974000000,train,-1,-3.39,0.497,4.88,3.6,0.77,-2.34,0.98,0.57,0.54,0.77,0,-1.06,neutral,neutral,0,0.08,32,1187,0,
s5018,0GUSDT,1780974000000,train,-1,-3.4,0.515,4.02,3.56,0.63,-2.35,1.44,0.68,0.51,0.62,0,-1.06,neutral,neutral,0,0.047,32,1187,0,
s5019,ARBUSDT,1780974000000,train,-1,-2.91,0.6,3.62,2.99,0.67,-1.85,0.96,0.64,0.56,0.63,0,-1.06,neutral,neutral,0,0.042,32,1187,0,
s5020,OPUSDT,1780974000000,train,-1,-3.31,0.571,4.49,3.53,0.57,-2.25,0.9,0.54,0.51,0.62,0,-1.06,neutral,neutral,0,-0.242,32,1187,0,
s5021,INJUSDT,1780974000000,train,-1,-3.03,0.377,5.05,3.2,0.72,-1.98,0.73,0.5,0.61,0.62,0,-1.06,neutral,neutral,0,-1.0,22,1187,1,
s5022,TIAUSDT,1780974000000,train,-1,-2.94,0.48,4.26,3.19,0.58,-1.88,0.84,0.54,0.55,0.69,0,-1.06,neutral,neutral,0,-1.0,10,1187,0,
s5023,SEIUSDT,1780974000000,train,-1,-3.16,0.563,4.32,3.34,0.61,-2.1,0.76,0.47,0.4,0.44,0,-1.06,neutral,neutral,0,0.348,32,1187,0,
s5024,JUPUSDT,1780974000000,train,-1,-3.12,0.51,4.38,3.29,0.6,-2.07,0.87,0.54,0.55,0.65,0,-1.06,neutral,neutral,0,0.176,32,1187,0,
s5025,PENDLEUSDT,1780974000000,train,-1,-2.79,0.478,3.94,2.89,1.42,-1.73,0.65,0.47,0.49,0.47,0,-1.06,neutral,neutral,0,-0.294,32,1187,0,
s5026,ONDOUSDT,1780974000000,train,-1,-3.42,0.594,4.64,3.66,0.7,-2.36,0.96,0.51,0.6,0.66,0,-1.06,neutral,neutral,0,-1.0,10,1186,1,
s5027,FETUSDT,1780974000000,train,-1,-2.64,0.467,4.06,2.75,0.79,-1.58,0.54,0.35,0.41,0.49,0,-1.06,neutral,neutral,0,0.14,32,1186,0,
s5028,ARUSDT,1780974000000,testB,-1,-3.07,0.429,4.07,3.22,0.66,-2.01,1.02,0.41,0.43,0.43,0,-1.06,neutral,neutral,0,0.23,32,1186,0,
s5029,STXUSDT,1780974000000,testB,-1,-2.37,0.423,3.59,2.54,2.61,-1.31,0.78,0.83,0.61,0.53,1,-1.06,neutral,neutral,0,0.239,32,1186,0,
s5030,LDOUSDT,1780974000000,testB,-1,-2.35,0.504,3.51,2.52,0.71,-1.29,0.46,0.44,0.38,0.42,0,-1.06,neutral,neutral,0,0.348,32,1186,0,
s5031,SANDUSDT,1780974000000,testB,-1,-3.72,0.623,5.0,3.92,1.38,-2.66,1.19,0.92,0.69,0.8,0,-1.06,neutral,neutral,0,0.04,32,1186,0,
s5032,AXSUSDT,1780974000000,testB,-1,-2.63,0.556,3.03,2.7,0.94,-1.57,1.03,0.51,0.4,0.41,0,-1.06,neutral,neutral,0,-0.2,32,1186,1,
s5033,APEUSDT,1780974000000,testB,-1,-3.48,0.478,4.67,3.69,0.95,-2.42,1.15,0.6,0.57,0.68,0,-1.06,neutral,neutral,0,-0.267,32,1186,0,
s5034,XPLUSDT,1780974900000,train,-1,-4.58,0.617,5.64,4.91,1.77,-4.04,2.08,0.46,0.41,0.49,0,-0.55,neutral,neutral,0,-1.0,13,1188,0,
s5035,PUMPUSDT,1780974900000,train,-1,-4.61,0.581,6.05,4.89,0.24,-4.06,1.74,0.82,0.69,0.8,0,-0.55,neutral,neutral,0,-0.053,32,1188,1,
s5036,STBLUSDT,1780974900000,train,-1,-2.58,0.427,4.05,2.85,0.55,-2.03,0.95,0.57,0.54,0.77,0,-0.55,neutral,neutral,0,0.174,32,1188,1,
s5037,0GUSDT,1780974900000,train,-1,-2.71,0.452,3.59,3.09,0.56,-2.17,1.24,0.68,0.51,0.62,0,-0.55,neutral,neutral,0,0.054,32,1188,0,
s5038,ENAUSDT,1780974900000,train,-1,-6.66,0.744,7.92,7.26,0.36,-6.11,2.36,0.85,0.67,0.62,1,-0.55,neutral,neutral,0,0.024,32,1188,0,
s5039,ARBUSDT,1780974900000,train,-1,-2.56,0.568,3.13,2.88,0.67,-2.01,1.22,0.64,0.56,0.63,0,-0.55,neutral,neutral,0,-1.0,9,1188,1,
s5040,OPUSDT,1780974900000,train,-1,-3.12,0.556,3.76,3.33,0.51,-2.57,1.32,0.54,0.51,0.62,0,-0.55,neutral,neutral,0,-1.0,9,1188,1,
s5041,INJUSDT,1780974900000,train,-1,-3.52,0.412,4.88,3.75,0.78,-2.97,1.26,0.5,0.61,0.62,0,-0.55,neutral,bajista,0,-1.0,16,1188,2,
s5042,TIAUSDT,1780974900000,train,-1,-2.55,0.443,3.59,2.71,0.55,-2.0,0.95,0.54,0.55,0.69,0,-0.55,neutral,neutral,0,-1.0,6,1188,1,
s5043,SEIUSDT,1780974900000,train,-1,-2.8,0.531,3.71,3.06,0.5,-2.25,1.0,0.47,0.4,0.44,0,-0.55,neutral,neutral,0,0.306,32,1188,1,
s5044,JUPUSDT,1780974900000,train,-1,-2.71,0.473,3.95,3.24,0.49,-2.16,1.14,0.54,0.55,0.65,0,-0.55,neutral,neutral,0,-1.0,12,1188,1,
s5045,PENDLEUSDT,1780974900000,train,-1,-2.1,0.405,3.13,2.37,1.4,-1.55,0.86,0.47,0.49,0.47,0,-0.55,neutral,neutral,0,-1.0,9,1188,1,
s5046,ONDOUSDT,1780974900000,train,-1,-2.85,0.547,3.83,2.99,0.54,-2.3,0.98,0.51,0.6,0.66,0,-0.55,neutral,bajista,0,-1.0,6,1187,2,
s5047,ARUSDT,1780974900000,testB,-1,-2.63,0.389,3.13,2.76,0.5,-2.09,1.36,0.41,0.43,0.43,0,-0.55,neutral,neutral,0,0.212,32,1187,1,
s5048,STXUSDT,1780974900000,testB,-1,-2.28,0.412,3.44,3.0,1.3,-1.73,1.26,0.83,0.61,0.53,1,-0.55,neutral,neutral,0,-0.111,32,1187,1,
s5049,SANDUSDT,1780974900000,testB,-1,-3.27,0.59,4.4,3.72,0.96,-2.73,1.47,0.92,0.69,0.8,0,-0.55,neutral,neutral,0,-0.118,32,1187,1,
s5050,AXSUSDT,1780974900000,testB,-1,-2.33,0.524,2.93,2.82,0.87,-1.78,1.24,0.51,0.4,0.41,0,-0.55,neutral,bajista,0,-0.269,32,1187,2,
s5051,APEUSDT,1780974900000,testB,-1,-3.11,0.448,4.36,3.78,0.69,-2.56,1.43,0.6,0.57,0.68,0,-0.55,neutral,neutral,0,-0.522,32,1187,1,
s5052,XPLUSDT,1780975800000,train,-1,-4.13,0.543,5.38,4.33,1.03,-3.63,1.59,0.46,0.41,0.49,0,-0.5,neutral,neutral,0,-1.0,11,1189,0,
s5053,PUMPUSDT,1780975800000,train,-1,-4.55,0.569,6.05,4.83,0.23,-4.05,1.54,0.82,0.69,0.8,0,-0.5,neutral,neutral,0,-0.067,32,1189,0,
s5054,STBLUSDT,1780975800000,train,-1,-2.66,0.44,4.05,2.9,0.54,-2.16,0.94,0.57,0.54,0.77,0,-0.5,neutral,bajista,0,0.071,32,1189,2,
s5055,0GUSDT,1780975800000,train,-1,-2.56,0.432,3.59,3.06,0.47,-2.06,1.06,0.68,0.51,0.62,0,-0.5,neutral,neutral,0,-0.065,32,1189,0,
s5056,ENAUSDT,1780975800000,train,-1,-5.61,0.635,7.63,5.94,0.46,-5.11,1.7,0.85,0.67,0.62,1,-0.5,neutral,neutral,0,0.09,32,1189,0,
s5057,ARBUSDT,1780975800000,train,-1,-2.44,0.526,3.12,2.62,0.57,-1.94,0.87,0.64,0.56,0.63,0,-0.5,neutral,neutral,0,-1.0,8,1189,0,
s5058,OPUSDT,1780975800000,train,-1,-2.6,0.439,3.53,2.67,0.46,-2.1,0.77,0.54,0.51,0.62,0,-0.5,neutral,neutral,0,-1.0,7,1189,0,
s5059,INJUSDT,1780975800000,train,-1,-3.01,0.373,4.37,3.49,0.72,-2.51,1.35,0.5,0.61,0.62,0,-0.5,neutral,bajista,0,-1.0,11,1189,3,
s5060,TIAUSDT,1780975800000,train,-1,-2.15,0.382,3.58,2.58,0.54,-1.65,0.74,0.54,0.55,0.69,0,-0.5,neutral,neutral,0,-1.0,5,1189,0,
s5061,SEIUSDT,1780975800000,train,-1,-2.68,0.516,3.42,2.75,0.47,-2.18,0.9,0.47,0.4,0.44,0,-0.5,neutral,neutral,0,0.235,32,1189,0,
s5062,JUPUSDT,1780975800000,train,-1,-2.77,0.489,3.95,3.24,0.5,-2.27,1.01,0.54,0.55,0.65,0,-0.5,neutral,neutral,0,-1.0,11,1189,0,
s5063,ONDOUSDT,1780975800000,train,-1,-2.82,0.545,3.66,2.87,0.42,-2.32,0.94,0.51,0.6,0.66,0,-0.5,neutral,bajista,0,-1.0,5,1188,3,
s5064,STXUSDT,1780975800000,testB,-1,-2.38,0.44,3.44,2.88,0.88,-1.88,1.06,0.83,0.61,0.53,1,-0.5,neutral,neutral,0,-0.115,32,1188,0,
s5065,SANDUSDT,1780975800000,testB,-1,-3.09,0.542,4.38,3.35,0.6,-2.59,0.99,0.92,0.69,0.8,0,-0.5,neutral,neutral,0,-0.065,32,1188,0,
s5066,AXSUSDT,1780975800000,testB,-1,-2.22,0.488,3.14,2.49,1.04,-1.72,0.83,0.51,0.4,0.41,0,-0.5,neutral,neutral,0,-0.261,32,1188,0,
s5067,APEUSDT,1780975800000,testB,-1,-3.02,0.432,4.18,3.19,0.57,-2.52,0.89,0.6,0.57,0.68,0,-0.5,neutral,neutral,0,-0.538,32,1188,0,
s5068,XPLUSDT,1780976700000,train,-1,-4.03,0.536,5.35,4.42,0.91,-3.69,1.61,0.46,0.41,0.49,0,-0.34,neutral,neutral,0,-1.0,10,1190,1,
s5069,PUMPUSDT,1780976700000,train,-1,-4.43,0.562,6.05,4.89,0.21,-4.09,1.5,0.82,0.69,0.8,0,-0.34,neutral,neutral,0,-0.132,32,1190,1,
s5070,STBLUSDT,1780976700000,train,-1,-2.46,0.404,3.93,2.64,0.57,-2.11,0.66,0.57,0.54,0.77,0,-0.34,neutral,neutral,0,-0.047,32,1190,0,
s5071,0GUSDT,1780976700000,train,-1,-2.68,0.464,3.58,2.92,0.48,-2.34,0.85,0.68,0.51,0.62,0,-0.34,neutral,neutral,0,-0.159,32,1190,0,
s5072,ENAUSDT,1780976700000,train,-1,-5.07,0.587,7.47,5.61,0.48,-4.72,1.42,0.85,0.67,0.62,1,-0.34,neutral,neutral,0,0.121,32,1190,0,
s5073,OPUSDT,1780976700000,train,-1,-2.19,0.356,3.52,2.35,0.47,-1.85,0.47,0.54,0.51,0.62,0,-0.34,neutral,neutral,0,-1.0,6,1190,0,
s5074,INJUSDT,1780976700000,train,-1,-3.2,0.403,4.37,3.53,0.58,-2.86,1.16,0.5,0.61,0.62,0,-0.34,neutral,bajista,0,-1.0,10,1190,4,
s5075,TIAUSDT,1780976700000,train,-1,-2.27,0.414,3.57,2.38,0.55,-1.92,0.49,0.54,0.55,0.69,0,-0.34,neutral,neutral,0,-1.0,4,1190,0,
s5076,SEIUSDT,1780976700000,train,-1,-2.52,0.5,3.42,2.77,0.41,-2.17,0.86,0.47,0.4,0.44,0,-0.34,neutral,neutral,0,0.165,32,1190,0,
s5077,JUPUSDT,1780976700000,train,-1,-2.71,0.473,3.95,3.17,0.52,-2.36,0.87,0.54,0.55,0.65,0,-0.34,neutral,neutral,0,-1.0,10,1190,0,
s5078,ONDOUSDT,1780976700000,train,-1,-2.47,0.479,3.6,2.64,0.42,-2.13,0.75,0.51,0.6,0.66,0,-0.34,neutral,neutral,0,-1.0,4,1189,0,
s5079,ARUSDT,1780976700000,testB,-1,-2.38,0.365,3.39,2.43,0.68,-2.03,0.87,0.41,0.43,0.43,0,-0.34,neutral,neutral,0,0.065,32,1189,0,
s5080,STXUSDT,1780976700000,testB,-1,-2.53,0.485,3.43,2.65,0.42,-2.19,0.77,0.83,0.61,0.53,1,-0.34,neutral,neutral,0,-0.146,32,1189,0,
s5081,SANDUSDT,1780976700000,testB,-1,-3.0,0.517,4.38,3.19,0.57,-2.65,0.78,0.92,0.69,0.8,0,-0.34,neutral,neutral,0,-0.112,32,1189,0,
s5082,AXSUSDT,1780976700000,testB,-1,-2.01,0.422,3.13,2.27,0.87,-1.66,0.59,0.51,0.4,0.41,0,-0.34,neutral,neutral,0,-0.286,32,1189,0,
s5083,APEUSDT,1780976700000,testB,-1,-2.39,0.357,3.76,2.62,0.53,-2.05,0.71,0.6,0.57,0.68,0,-0.34,neutral,neutral,0,-0.625,32,1189,0,
s5084,XPLUSDT,1780977600000,train,-1,-3.2,0.44,5.11,3.89,0.69,-3.05,1.13,0.44,0.41,0.5,0,-0.16,neutral,neutral,0,-1.0,7,1191,0,
s5085,PUMPUSDT,1780977600000,train,-1,-4.01,0.52,6.05,4.76,0.23,-3.86,1.14,0.88,0.68,0.81,0,-0.16,neutral,neutral,0,-0.27,32,1191,0,
s5086,STBLUSDT,1780977600000,train,-1,-2.03,0.357,3.32,2.45,0.65,-1.88,0.84,0.63,0.52,0.77,0,-0.16,neutral,neutral,0,-1.0,4,1191,1,
s5087,0GUSDT,1780977600000,train,-1,-2.5,0.445,4.53,2.93,1.07,-2.34,1.03,0.83,0.57,0.64,0,-0.16,neutral,neutral,0,-0.477,32,1191,1,
s5088,ENAUSDT,1780977600000,train,-1,-3.92,0.457,7.43,5.02,0.52,-3.76,0.64,0.86,0.66,0.62,1,-0.16,neutral,neutral,0,0.068,32,1191,0,
s5089,JUPUSDT,1780977600000,train,-1,-2.46,0.448,3.95,3.17,0.58,-2.3,0.68,0.57,0.53,0.64,0,-0.16,neutral,neutral,0,-1.0,9,1191,0,
s5090,SANDUSDT,1780977600000,testB,-1,-2.47,0.467,4.06,2.91,0.53,-2.32,0.63,0.95,0.7,0.79,0,-0.16,neutral,neutral,0,-0.306,32,1190,1,
s5091,PUMPUSDT,1780978500000,train,-1,-2.69,0.402,4.3,2.89,0.27,-2.79,0.92,0.88,0.68,0.81,0,0.1,neutral,neutral,0,-0.089,32,1192,0,
s5092,OPUSDT,1780980300000,train,1,2.03,0.358,3.25,2.73,1.44,0.93,1.17,0.57,0.52,0.63,0,1.11,neutral,alcista,0,0.269,32,1194,2,
s5093,SUIUSDT,1780980300000,train,1,3.51,0.585,3.96,3.44,1.06,2.4,1.39,0.71,0.56,0.62,0,1.11,neutral,alcista,0,-0.1,32,1194,2,
s5094,TIAUSDT,1780980300000,train,1,2.33,0.419,3.66,3.09,1.54,1.22,1.42,0.55,0.54,0.68,0,1.11,neutral,alcista,0,0.469,32,1194,2,
s5095,ONDOUSDT,1780980300000,train,1,2.56,0.52,4.18,3.24,1.51,1.46,1.49,0.55,0.57,0.67,0,1.11,neutral,neutral,0,0.051,32,1193,0,
s5096,MANAUSDT,1780980300000,testB,1,2.31,0.405,3.02,2.56,0.9,1.21,1.07,0.81,0.63,0.67,0,1.11,neutral,neutral,0,-0.235,32,1193,0,
s5097,STBLUSDT,1780981200000,train,1,2.2,0.351,3.32,3.16,1.1,1.24,1.38,0.57,0.52,0.74,0,0.95,neutral,alcista,0,-1.0,18,1195,4,
s5098,OPUSDT,1780981200000,train,1,2.14,0.37,3.35,2.93,1.71,1.19,1.35,0.55,0.5,0.63,0,0.95,neutral,alcista,0,0.214,32,1195,3,
s5099,SUIUSDT,1780981200000,train,1,3.0,0.527,3.64,3.02,1.39,2.05,1.32,0.74,0.54,0.6,0,0.95,neutral,neutral,0,-0.105,32,1195,0,
s5100,TIAUSDT,1780981200000,train,1,2.36,0.422,3.66,3.13,1.9,1.41,1.47,0.53,0.52,0.66,0,0.95,neutral,alcista,0,0.98,32,1195,3,
s5101,ONDOUSDT,1780981200000,train,1,2.62,0.525,4.17,3.43,1.73,1.66,1.71,0.59,0.58,0.68,0,0.95,neutral,neutral,0,-0.176,32,1194,1,
s5102,WLDUSDT,1780982100000,train,1,3.77,0.353,5.74,5.12,1.51,2.92,2.37,0.5,0.85,0.86,0,0.85,neutral,neutral,0,0.95,32,1196,1,
s5103,SUIUSDT,1780982100000,train,1,2.02,0.414,3.14,2.43,1.58,1.17,1.14,0.74,0.54,0.6,0,0.85,neutral,neutral,0,-0.304,32,1196,0,
s5104,TIAUSDT,1780982100000,train,1,2.25,0.412,3.77,3.58,2.06,1.4,1.82,0.53,0.52,0.66,0,0.85,neutral,alcista,0,0.482,32,1196,4,
s5105,ONDOUSDT,1780982100000,train,1,2.89,0.551,4.39,4.09,2.21,2.03,2.2,0.59,0.58,0.68,0,0.85,neutral,alcista,0,-0.473,32,1195,2,
s5106,OPUSDT,1780983000000,train,1,2.13,0.385,3.96,3.44,1.18,1.06,1.72,0.55,0.5,0.63,0,1.07,neutral,alcista,0,-0.091,32,1197,5,
s5107,SUIUSDT,1780983000000,train,1,2.28,0.444,3.13,2.73,0.88,1.21,1.48,0.74,0.54,0.6,0,1.07,neutral,neutral,0,-0.237,32,1197,1,
s5108,TIAUSDT,1780983000000,train,1,2.8,0.481,4.41,4.0,1.38,1.73,2.1,0.53,0.52,0.66,0,1.07,neutral,alcista,0,0.492,32,1197,5,
s5109,JUPUSDT,1780983000000,train,1,2.32,0.474,3.65,3.4,0.85,1.25,1.83,0.57,0.51,0.64,0,1.07,neutral,alcista,0,-0.444,32,1197,8,
s5110,ONDOUSDT,1780983000000,train,1,3.76,0.62,5.08,4.86,1.79,2.69,2.85,0.59,0.58,0.68,0,1.07,neutral,alcista,0,-0.4,32,1196,3,
s5111,SUIUSDT,1780983900000,train,1,2.14,0.42,3.14,2.68,0.68,1.21,1.24,0.74,0.54,0.6,0,0.93,neutral,neutral,0,-0.34,32,1198,0,
s5112,TIAUSDT,1780983900000,train,1,2.37,0.411,4.42,3.82,0.95,1.44,1.73,0.53,0.52,0.66,0,0.93,neutral,neutral,0,0.574,32,1198,0,
s5113,ONDOUSDT,1780983900000,train,1,3.5,0.571,5.09,4.71,1.41,2.57,2.4,0.59,0.58,0.68,0,0.93,neutral,neutral,0,-0.23,32,1197,0,
s5114,WLDUSDT,1780984800000,train,1,4.91,0.462,7.27,6.79,1.2,3.89,3.43,0.51,0.76,0.87,0,1.02,neutral,alcista,0,0.56,32,1199,4,
s5115,INJUSDT,1780984800000,train,1,2.77,0.38,3.47,3.42,0.78,1.74,1.73,0.37,0.52,0.6,0,1.02,neutral,alcista,0,0.446,32,1199,2,
s5116,TIAUSDT,1780984800000,train,1,2.63,0.461,4.41,3.91,0.82,1.61,1.57,0.55,0.58,0.7,0,1.02,neutral,neutral,0,0.152,32,1199,1,
s5117,JUPUSDT,1780984800000,train,1,2.19,0.459,3.66,3.28,0.96,1.17,1.31,0.43,0.5,0.64,0,1.02,neutral,neutral,0,-0.75,32,1199,1,
s5118,PENDLEUSDT,1780984800000,train,1,2.21,0.434,3.24,3.06,1.13,1.19,1.22,0.45,0.52,0.47,0,1.02,neutral,neutral,0,-0.418,32,1199,1,
s5119,ONDOUSDT,1780984800000,train,1,4.17,0.733,5.11,4.79,1.2,3.15,2.18,0.51,0.58,0.66,0,1.02,neutral,neutral,0,-0.435,32,1198,1,
s5120,XPLUSDT,1780985700000,train,1,3.0,0.363,5.17,4.97,0.69,1.95,1.87,0.41,0.4,0.5,0,1.05,neutral,alcista,0,-0.67,32,1200,2,
s5121,WLDUSDT,1780985700000,train,1,5.77,0.502,7.68,7.54,1.43,4.72,3.74,0.51,0.76,0.87,0,1.05,neutral,alcista,0,0.041,32,1200,5,
s5122,ARBUSDT,1780985700000,train,1,2.12,0.548,3.17,2.8,0.65,1.07,0.99,0.49,0.53,0.64,0,1.05,neutral,neutral,0,-1.0,32,1200,1,
s5123,OPUSDT,1780985700000,train,1,2.78,0.481,3.95,3.54,0.8,1.73,1.34,0.39,0.49,0.62,0,1.05,neutral,neutral,0,-0.735,32,1200,1,
s5124,INJUSDT,1780985700000,train,1,2.59,0.366,4.01,3.61,0.81,1.54,1.73,0.37,0.52,0.6,0,1.05,neutral,alcista,0,-0.113,32,1200,3,
s5125,SUIUSDT,1780985700000,train,1,2.13,0.52,3.14,2.66,0.67,1.08,0.89,0.5,0.54,0.59,0,1.05,neutral,neutral,0,-1.0,32,1200,1,
s5126,TIAUSDT,1780985700000,train,1,3.12,0.548,4.53,4.12,0.8,2.08,1.63,0.55,0.58,0.7,0,1.05,neutral,alcista,0,-0.318,32,1200,2,
s5127,JUPUSDT,1780985700000,train,1,2.84,0.564,3.89,3.7,1.1,1.79,1.61,0.43,0.5,0.64,0,1.05,neutral,alcista,0,-1.0,32,1200,2,
s5128,PENDLEUSDT,1780985700000,train,1,2.34,0.448,3.55,3.19,1.33,1.29,1.26,0.45,0.52,0.47,0,1.05,neutral,alcista,0,-0.843,32,1200,2,
s5129,ONDOUSDT,1780985700000,train,1,4.53,0.749,5.43,5.3,0.98,3.48,2.47,0.51,0.58,0.66,0,1.05,neutral,alcista,0,-0.721,32,1199,2,
s5130,FETUSDT,1780985700000,train,1,2.43,0.397,3.79,3.22,1.11,1.38,1.04,0.31,0.35,0.5,0,1.05,neutral,neutral,0,-1.0,28,1199,1,
s5131,XPLUSDT,1780986600000,train,1,4.33,0.609,5.84,4.81,0.68,3.21,1.52,0.41,0.4,0.5,0,1.11,neutral,neutral,0,-0.643,32,1201,0,
s5132,WLDUSDT,1780986600000,train,1,4.8,0.379,8.24,5.3,1.85,3.69,1.34,0.51,0.76,0.87,0,1.11,neutral,neutral,0,0.556,32,1201,0,
s5133,ARBUSDT,1780986600000,train,1,2.24,0.6,3.17,2.8,0.55,1.13,0.88,0.49,0.53,0.64,0,1.11,neutral,neutral,0,-1.0,31,1201,0,
s5134,OPUSDT,1780986600000,train,1,3.22,0.6,3.95,3.54,0.61,2.11,1.22,0.39,0.49,0.62,0,1.11,neutral,neutral,0,-0.794,32,1201,0,
s5135,INJUSDT,1780986600000,train,1,2.59,0.362,4.04,2.95,0.75,1.48,0.93,0.37,0.52,0.6,0,1.11,neutral,neutral,0,0.12,32,1201,0,
s5136,TIAUSDT,1780986600000,train,1,3.6,0.681,4.38,3.85,0.7,2.48,1.33,0.55,0.58,0.7,0,1.11,neutral,neutral,0,-0.366,32,1201,0,
s5137,SEIUSDT,1780986600000,train,1,2.11,0.523,3.25,2.53,0.71,0.99,0.61,0.41,0.43,0.46,0,1.11,neutral,neutral,0,-1.0,12,1201,0,
s5138,JUPUSDT,1780986600000,train,1,2.72,0.525,3.72,2.97,1.13,1.61,0.9,0.43,0.5,0.64,0,1.11,neutral,neutral,0,-1.0,31,1201,0,
s5139,PENDLEUSDT,1780986600000,train,1,2.96,0.601,3.31,3.09,1.19,1.85,1.27,0.45,0.52,0.47,0,1.11,neutral,alcista,0,-1.0,32,1201,3,
s5140,ONDOUSDT,1780986600000,train,1,4.71,0.799,5.25,4.85,0.84,3.6,2.05,0.51,0.58,0.66,0,1.11,neutral,neutral,0,-0.789,32,1200,0,
s5141,FETUSDT,1780986600000,train,1,2.58,0.431,3.8,2.95,0.87,1.47,0.71,0.31,0.35,0.5,0,1.11,neutral,neutral,0,-1.0,27,1200,0,
s5142,LDOUSDT,1780986600000,testB,1,2.03,0.609,2.52,2.18,0.77,0.92,0.74,0.43,0.41,0.43,0,1.11,neutral,neutral,0,-1.0,14,1200,0,
s5143,SANDUSDT,1780986600000,testB,1,2.05,0.435,3.03,2.32,0.51,0.94,0.55,0.66,0.67,0.72,0,1.11,neutral,neutral,0,-1.0,31,1200,0,
s5144,MANAUSDT,1780986600000,testB,1,2.0,0.481,2.87,2.27,0.93,0.89,0.47,0.68,0.64,0.64,1,1.11,neutral,neutral,0,-1.0,31,1200,1,
s5145,APEUSDT,1780986600000,testB,1,2.8,0.425,3.29,2.8,0.53,1.69,0.94,0.5,0.58,0.67,0,1.11,neutral,neutral,0,-1.0,31,1200,0,
s5146,XPLUSDT,1780987500000,train,1,3.92,0.533,5.86,4.51,0.74,3.22,1.13,0.41,0.4,0.5,0,0.7,neutral,neutral,0,-0.354,32,1202,0,
s5147,OPUSDT,1780987500000,train,1,2.68,0.49,3.86,3.13,0.64,1.98,0.82,0.39,0.49,0.62,0,0.7,neutral,neutral,0,-0.4,32,1202,0,
s5148,TIAUSDT,1780987500000,train,1,3.36,0.667,4.25,3.72,2.88,2.66,1.28,0.55,0.58,0.7,0,0.7,neutral,neutral,0,-0.042,32,1202,1,
s5149,PENDLEUSDT,1780987500000,train,1,2.1,0.437,3.33,2.74,0.71,1.4,0.85,0.45,0.52,0.47,0,0.7,neutral,neutral,0,-1.0,31,1202,0,
s5150,ONDOUSDT,1780987500000,train,1,3.4,0.528,5.3,4.0,0.97,2.7,1.1,0.51,0.58,0.66,0,0.7,neutral,neutral,0,-0.469,32,1201,0,
s5151,APEUSDT,1780987500000,testB,1,2.47,0.385,3.29,2.73,0.43,1.77,0.79,0.5,0.58,0.67,0,0.7,neutral,neutral,0,-1.0,30,1201,0,
s5152,XPLUSDT,1780988400000,train,1,4.84,0.677,5.84,4.81,0.77,4.22,1.43,0.42,0.41,0.49,0,0.62,neutral,neutral,0,-0.313,32,1203,1,
s5153,OPUSDT,1780988400000,train,1,2.56,0.48,3.85,3.33,0.77,1.94,0.99,0.41,0.5,0.61,0,0.62,neutral,neutral,0,-0.375,32,1203,1,
s5154,TIAUSDT,1780988400000,train,1,3.26,0.66,4.25,3.84,3.06,2.63,1.3,0.56,0.58,0.7,0,0.62,neutral,alcista,0,0.073,32,1203,2,
s5155,ONDOUSDT,1780988400000,train,1,4.13,0.581,5.37,4.64,1.13,3.51,1.59,0.51,0.56,0.65,0,0.62,neutral,neutral,0,-0.308,32,1202,1,
s5156,XPLUSDT,1780989300000,train,1,3.83,0.546,5.49,4.02,0.93,3.47,1.1,0.42,0.41,0.49,0,0.36,neutral,neutral,0,-0.746,32,1204,0,
s5157,WLDUSDT,1780989300000,train,1,6.22,0.505,8.46,6.63,2.22,5.86,2.91,0.54,0.71,0.88,0,0.36,neutral,alcista,0,0.111,32,1204,2,
s5158,OPUSDT,1780989300000,train,1,2.69,0.51,3.87,2.93,1.03,2.32,0.57,0.41,0.5,0.61,0,0.36,neutral,neutral,0,-0.75,32,1204,0,
s5159,TIAUSDT,1780989300000,train,1,2.97,0.568,4.36,3.39,3.27,2.61,0.83,0.56,0.58,0.7,0,0.36,neutral,neutral,0,-0.278,32,1204,0,
s5160,ONDOUSDT,1780989300000,train,1,4.06,0.562,5.39,4.44,1.08,3.69,1.29,0.51,0.56,0.65,0,0.36,neutral,neutral,0,-0.646,32,1203,0,
s5161,XPLUSDT,1780990200000,train,1,4.52,0.587,5.16,4.69,0.94,3.93,1.88,0.42,0.41,0.49,0,0.59,neutral,neutral,0,-1.0,32,1205,1,
s5162,WLDUSDT,1780990200000,train,1,6.17,0.503,8.06,6.36,1.56,5.58,2.7,0.54,0.71,0.88,0,0.59,neutral,alcista,0,-0.146,32,1205,3,
s5163,ARBUSDT,1780990200000,train,1,2.12,0.486,2.69,2.08,1.19,1.53,0.54,0.48,0.55,0.64,0,0.59,neutral,neutral,0,-1.0,10,1205,1,
s5164,OPUSDT,1780990200000,train,1,3.21,0.556,3.21,3.21,1.05,2.62,1.34,0.41,0.5,0.61,0,0.59,neutral,neutral,0,-1.0,28,1205,1,
s5165,INJUSDT,1780990200000,train,1,3.69,0.455,4.33,3.95,1.37,3.1,1.43,0.38,0.48,0.58,0,0.59,neutral,neutral,0,-0.536,32,1205,1,
s5166,TIAUSDT,1780990200000,train,1,3.39,0.6,3.96,3.53,3.25,2.8,1.19,0.56,0.58,0.7,0,0.59,neutral,neutral,0,-0.531,32,1205,1,
s5167,JUPUSDT,1780990200000,train,1,2.2,0.37,3.61,2.53,0.72,1.61,0.49,0.43,0.5,0.62,0,0.59,neutral,neutral,0,-1.0,27,1205,1,
s5168,PENDLEUSDT,1780990200000,train,1,2.13,0.399,3.1,2.4,0.64,1.54,0.59,0.43,0.51,0.46,0,0.59,neutral,neutral,0,-1.0,27,1205,1,
s5169,ONDOUSDT,1780990200000,train,1,5.1,0.626,5.28,5.15,1.07,4.51,1.98,0.51,0.56,0.65,0,0.59,neutral,neutral,0,-0.734,32,1204,1,
s5170,XPLUSDT,1780991100000,train,1,3.9,0.468,5.16,3.96,0.88,3.38,1.11,0.42,0.41,0.49,0,0.52,neutral,neutral,0,-1.0,31,1206,0,
s5171,WLDUSDT,1780991100000,train,1,6.06,0.486,8.11,5.81,1.09,5.53,1.71,0.54,0.71,0.88,0,0.52,neutral,neutral,0,-0.423,32,1206,0,
s5172,OPUSDT,1780991100000,train,1,2.67,0.472,3.22,2.91,1.09,2.14,0.98,0.41,0.5,0.61,0,0.52,neutral,neutral,0,-1.0,26,1206,0,
s5173,INJUSDT,1780991100000,train,1,3.4,0.404,4.35,3.64,1.25,2.87,1.02,0.38,0.48,0.58,0,0.52,neutral,neutral,0,-0.728,32,1206,0,
s5174,TIAUSDT,1780991100000,train,1,3.16,0.576,3.96,3.5,0.65,2.63,1.02,0.56,0.58,0.7,0,0.52,neutral,neutral,0,-0.661,32,1206,0,
s5175,PENDLEUSDT,1780991100000,train,1,2.19,0.406,3.04,2.53,0.64,1.66,0.69,0.43,0.51,0.46,0,0.52,neutral,alcista,0,-1.0,26,1206,2,
s5176,ONDOUSDT,1780991100000,train,1,4.7,0.574,5.13,4.76,0.9,4.17,1.6,0.51,0.56,0.65,0,0.52,neutral,neutral,0,-0.887,32,1205,0,
s5177,TIAUSDT,1780992000000,train,1,2.15,0.366,3.77,2.61,0.59,2.12,0.32,0.59,0.58,0.63,0,0.03,neutral,neutral,0,-1.0,32,1207,0,
s5178,ONDOUSDT,1780992000000,train,1,3.39,0.387,4.75,3.44,0.9,3.36,0.62,0.56,0.56,0.65,0,0.03,neutral,neutral,0,-1.0,26,1206,0,
s5179,XPLUSDT,1780992900000,train,1,3.46,0.378,4.76,3.5,0.84,3.33,0.8,0.38,0.41,0.47,0,0.13,neutral,neutral,0,-1.0,29,1208,1,
s5180,TIAUSDT,1780992900000,train,1,2.71,0.467,3.76,2.82,0.59,2.58,0.47,0.59,0.58,0.63,0,0.13,neutral,neutral,0,-1.0,31,1208,1,
s5181,ONDOUSDT,1780992900000,train,1,3.46,0.392,4.4,3.64,0.84,3.33,1.06,0.56,0.56,0.65,0,0.13,neutral,neutral,0,-1.0,25,1207,1,
s5182,WLDUSDT,1780993800000,train,1,4.54,0.352,6.16,4.77,0.89,4.96,2.38,0.59,0.69,0.89,0,-0.42,neutral,alcista,0,-1.0,31,1209,2,
s5183,PUMPUSDT,1780997400000,train,-1,-2.51,0.392,3.03,2.7,1.02,-1.4,1.21,0.53,0.68,0.75,0,-1.11,neutral,bajista,0,0.595,32,1213,4,
s5184,ENAUSDT,1780997400000,train,-1,-2.04,0.354,3.02,2.56,0.93,-0.93,1.09,0.41,0.63,0.58,0,-1.11,neutral,bajista,0,-1.0,14,1213,2,
s5185,SUIUSDT,1780997400000,train,-1,-2.23,0.481,2.69,2.49,0.87,-1.11,1.28,0.46,0.56,0.56,0,-1.11,neutral,bajista,0,-0.595,32,1213,2,
s5186,SEIUSDT,1780997400000,train,-1,-2.79,0.637,3.5,3.17,1.8,-1.68,1.8,0.53,0.49,0.46,1,-1.11,neutral,bajista,0,-0.119,32,1213,4,
s5187,JUPUSDT,1780997400000,train,-1,-2.46,0.394,3.23,3.03,1.24,-1.34,1.27,0.5,0.52,0.62,0,-1.11,neutral,bajista,0,0.128,32,1213,2,
s5188,FETUSDT,1780997400000,train,-1,-2.41,0.459,3.06,2.67,0.8,-1.3,1.12,0.3,0.32,0.42,0,-1.11,neutral,bajista,0,0.655,32,1212,2,
s5189,ARUSDT,1780997400000,testB,-1,-2.65,0.468,3.09,2.93,1.28,-1.53,1.46,0.31,0.36,0.4,0,-1.11,neutral,bajista,0,-1.0,17,1212,4,
s5190,SEIUSDT,1780998300000,train,-1,-2.17,0.486,3.28,2.59,2.02,-1.16,1.31,0.53,0.49,0.46,1,-1.0,neutral,neutral,0,0.242,32,1214,0,
s5191,FETUSDT,1780998300000,train,-1,-2.37,0.446,3.05,2.57,0.8,-1.36,0.9,0.3,0.32,0.42,0,-1.0,neutral,neutral,0,0.925,32,1213,0,
s5192,ARUSDT,1780998300000,testB,-1,-2.13,0.383,3.08,2.71,1.47,-1.13,1.07,0.31,0.36,0.4,0,-1.0,neutral,neutral,0,-1.0,16,1213,0,
s5193,SEIUSDT,1780999200000,train,-1,-2.08,0.459,3.28,2.48,2.17,-1.13,1.12,0.47,0.5,0.46,0,-0.95,neutral,neutral,0,0.185,32,1215,0,
s5194,JUPUSDT,1780999200000,train,-1,-2.27,0.367,3.29,2.97,1.71,-1.32,1.07,0.45,0.51,0.62,0,-0.95,neutral,neutral,0,0.217,32,1215,1,
s5195,ARUSDT,1780999200000,testB,-1,-2.14,0.383,3.3,2.82,1.61,-1.18,1.11,0.3,0.35,0.4,0,-0.95,neutral,neutral,0,-1.0,15,1214,1,
s5196,ENAUSDT,1781000100000,train,-1,-2.37,0.472,3.1,2.7,1.1,-1.26,1.01,0.41,0.63,0.58,0,-1.11,neutral,bajista,0,-1.0,11,1216,2,
s5197,SEIUSDT,1781000100000,train,-1,-2.25,0.491,3.22,2.53,2.06,-1.14,1.13,0.47,0.5,0.46,0,-1.11,neutral,neutral,0,0.124,32,1216,1,
s5198,JUPUSDT,1781000100000,train,-1,-2.64,0.457,3.09,2.71,1.0,-1.53,0.97,0.45,0.51,0.62,0,-1.11,neutral,neutral,0,0.119,32,1216,0,
s5199,FETUSDT,1781000100000,train,-1,-2.42,0.477,2.82,2.53,0.9,-1.31,1.06,0.28,0.31,0.41,0,-1.11,neutral,neutral,0,0.673,32,1215,1,
s5200,ARUSDT,1781000100000,testB,-1,-2.23,0.41,3.24,2.55,1.42,-1.12,0.93,0.3,0.35,0.4,0,-1.11,neutral,neutral,0,-1.0,14,1215,0,
s5201,SEIUSDT,1781001000000,train,-1,-2.27,0.493,3.22,2.64,1.05,-1.23,1.08,0.47,0.5,0.46,0,-1.04,neutral,bajista,0,0.19,32,1217,2,
s5202,JUPUSDT,1781001000000,train,-1,-2.27,0.419,2.78,2.58,0.95,-1.23,1.01,0.45,0.51,0.62,0,-1.04,neutral,neutral,0,0.175,32,1217,1,
s5203,FETUSDT,1781001000000,train,-1,-2.09,0.431,2.82,2.48,0.73,-1.05,0.93,0.28,0.31,0.41,0,-1.04,neutral,neutral,0,1.098,32,1216,0,
s5204,ARUSDT,1781001000000,testB,-1,-2.18,0.404,3.24,2.6,0.93,-1.14,0.84,0.3,0.35,0.4,0,-1.04,neutral,neutral,0,-1.0,13,1216,1,
s5205,SEIUSDT,1781002800000,train,-1,-2.52,0.457,3.05,2.92,0.61,-1.29,1.34,0.5,0.5,0.45,1,-1.23,neutral,neutral,0,-0.237,32,1219,1,
s5206,JUPUSDT,1781002800000,train,-1,-2.34,0.381,2.98,2.92,0.62,-1.11,1.29,0.46,0.51,0.62,0,-1.23,neutral,neutral,0,-0.089,32,1219,1,
s5207,ARUSDT,1781002800000,testB,-1,-2.08,0.357,2.87,2.34,0.96,-0.85,0.85,0.29,0.35,0.4,0,-1.23,neutral,neutral,0,-1.0,11,1218,1,
s5208,LDOUSDT,1781002800000,testB,-1,-2.03,0.529,2.42,2.42,0.83,-0.81,1.11,0.42,0.47,0.44,0,-1.23,neutral,neutral,0,-0.127,32,1218,1,
s5209,ENAUSDT,1781003700000,train,-1,-2.15,0.438,2.98,2.45,0.96,-1.45,0.77,0.38,0.6,0.57,0,-0.69,neutral,bajista,0,-1.0,7,1220,2,
s5210,SEIUSDT,1781003700000,train,-1,-2.1,0.411,2.78,2.71,0.79,-1.41,1.3,0.5,0.5,0.45,1,-0.69,neutral,bajista,0,-0.357,32,1220,2,
s5211,ENAUSDT,1781004600000,train,-1,-2.08,0.42,2.97,2.33,0.74,-1.19,0.6,0.38,0.6,0.57,0,-0.89,neutral,neutral,0,-1.0,6,1221,0,
s5212,SEIUSDT,1781004600000,train,-1,-2.25,0.458,2.77,2.39,1.03,-1.36,0.86,0.5,0.5,0.45,1,-0.89,neutral,neutral,0,-0.219,32,1221,0,
s5213,ONDOUSDT,1781004600000,train,-1,-3.49,0.439,4.31,4.11,0.82,-2.59,1.48,0.61,0.6,0.65,0,-0.89,neutral,neutral,0,0.041,32,1220,0,
s5214,ONDOUSDT,1781005500000,train,-1,-3.14,0.399,4.3,3.97,0.79,-2.37,1.3,0.61,0.6,0.65,0,-0.78,neutral,neutral,0,-0.021,32,1221,0,
s5215,INJUSDT,1781006400000,train,1,3.86,0.411,4.0,3.92,0.74,4.0,1.75,0.58,0.48,0.57,0,-0.14,neutral,alcista,0,-1.0,13,1223,3,
s5216,ENAUSDT,1781010000000,train,1,4.32,0.549,7.22,5.78,5,4.8,4.36,0.79,0.62,0.65,0,-0.48,neutral,alcista,0,-1.0,11,1227,3,
s5217,TIAUSDT,1781010000000,train,1,2.58,0.39,4.01,3.46,3.91,3.06,2.13,0.74,0.65,0.63,1,-0.48,neutral,alcista,0,-1.0,6,1227,3,
s5218,ENAUSDT,1781010900000,train,1,3.79,0.445,7.32,4.48,5,4.53,2.63,0.79,0.62,0.65,0,-0.74,neutral,neutral,0,-1.0,10,1228,0,
s5219,WLDUSDT,1781011800000,train,1,5.77,0.363,6.57,5.72,1.36,6.15,2.89,0.66,0.61,0.85,0,-0.38,neutral,neutral,0,-1.0,8,1229,1,
s5220,TIAUSDT,1781011800000,train,1,2.77,0.355,4.02,3.31,4.27,3.15,1.68,0.74,0.65,0.63,1,-0.38,neutral,neutral,0,-1.0,4,1229,1,
s5221,WLDUSDT,1781012700000,train,1,7.41,0.424,8.75,7.9,1.58,8.1,4.91,0.66,0.61,0.85,0,-0.7,neutral,alcista,0,-1.0,7,1230,2,
s5222,ARUSDT,1781012700000,testB,1,2.82,0.453,3.72,3.31,1.63,3.52,1.92,0.36,0.33,0.39,0,-0.7,neutral,alcista,0,-1.0,10,1229,2,
s5223,PUMPUSDT,1781014500000,train,-1,-3.01,0.402,4.22,4.02,3.0,-1.2,2.19,0.58,0.53,0.63,0,-1.81,neutral,bajista,0,-0.148,32,1232,3,
s5224,0GUSDT,1781014500000,train,-1,-2.53,0.369,4.3,4.09,2.18,-0.72,2.22,0.37,0.42,0.49,0,-1.81,neutral,bajista,0,-0.142,32,1232,5,
s5225,FETUSDT,1781014500000,train,-1,-2.82,0.42,4.25,4.1,2.77,-1.01,2.42,0.43,0.36,0.39,0,-1.81,neutral,bajista,0,-0.098,32,1231,3,
s5226,PUMPUSDT,1781015400000,train,-1,-3.14,0.412,4.37,4.3,4.1,-1.0,2.27,0.58,0.53,0.63,0,-2.14,bear,bajista,0,-0.2,32,1233,4,train
s5227,FETUSDT,1781015400000,train,-1,-2.67,0.39,4.59,3.89,2.77,-0.53,2.03,0.43,0.36,0.39,0,-2.14,bear,neutral,0,-0.064,32,1232,0,
s5228,FETUSDT,1781016300000,train,-1,-2.51,0.361,4.55,2.97,2.89,-0.53,1.05,0.43,0.36,0.39,0,-1.97,neutral,neutral,0,0.517,32,1233,0,
s5229,ARUSDT,1781017200000,testB,1,3.51,0.402,4.52,3.85,5,4.91,1.98,0.93,0.62,0.52,1,-1.4,neutral,neutral,0,-1.0,5,1234,0,
s5230,FETUSDT,1781018100000,train,-1,-3.3,0.42,4.92,4.57,1.69,-1.24,2.22,0.5,0.4,0.4,1,-2.06,bear,neutral,0,-0.033,32,1235,1,
s5231,FETUSDT,1781019000000,train,-1,-3.24,0.411,5.11,4.25,1.31,-1.16,1.84,0.5,0.4,0.4,1,-2.08,bear,neutral,0,-0.024,32,1236,0,
s5232,PUMPUSDT,1781019900000,train,-1,-3.26,0.352,4.5,4.3,1.0,-0.74,1.63,0.61,0.57,0.63,0,-2.52,bear,bajista,0,-0.077,32,1238,3,train
s5233,0GUSDT,1781019900000,train,-1,-3.33,0.449,4.37,4.23,0.92,-0.82,1.53,0.42,0.42,0.47,0,-2.52,bear,neutral,0,-0.032,32,1238,1,
s5234,INJUSDT,1781019900000,train,-1,-4.54,0.424,6.26,6.03,1.3,-2.02,2.91,0.82,0.64,0.62,1,-2.52,bear,bajista,0,-0.084,32,1238,3,train
s5235,PENDLEUSDT,1781019900000,train,-1,-3.62,0.482,4.45,4.33,1.11,-1.1,2.11,0.61,0.48,0.48,1,-2.52,bear,bajista,0,-0.426,32,1238,3,train
s5236,FETUSDT,1781019900000,train,-1,-3.58,0.457,5.11,4.41,1.11,-1.06,1.71,0.5,0.4,0.4,1,-2.52,bear,neutral,0,0.011,32,1237,1,
s5237,GRTUSDT,1781019900000,testB,-1,-2.51,0.357,3.87,3.61,1.15,0.0,1.47,0.63,0.5,0.49,1,-2.52,bear,bajista,0,-0.214,32,1237,3,
s5238,SANDUSDT,1781019900000,testB,-1,-2.29,0.358,3.37,3.03,0.8,0.23,1.28,0.85,0.67,0.68,0,-2.52,bear,neutral,0,-1.0,10,1237,1,
s5239,APEUSDT,1781019900000,testB,-1,-3.3,0.398,4.99,4.91,1.23,-0.78,1.92,0.6,0.51,0.54,0,-2.52,bear,bajista,0,-0.051,32,1237,3,
s5240,ASTERUSDT,1781020800000,train,-1,-2.45,0.405,2.69,2.53,0.4,0.46,0.87,0.81,0.56,0.46,1,-2.91,bear,bajista,0,-0.639,32,1239,4,train
s5241,XPLUSDT,1781020800000,train,-1,-4.59,0.424,5.83,4.91,1.46,-1.68,2.21,0.47,0.4,0.41,0,-2.91,bear,bajista,0,0.155,32,1239,2,train
s5242,PUMPUSDT,1781020800000,train,-1,-4.63,0.51,5.59,4.93,1.26,-1.73,2.07,0.76,0.62,0.65,0,-2.91,bear,bajista,0,-0.284,32,1239,4,train
s5243,STBLUSDT,1781020800000,train,-1,-3.37,0.471,4.29,3.57,1.0,-0.46,1.5,0.67,0.59,0.54,1,-2.91,bear,bajista,0,-0.369,32,1239,2,train
s5244,0GUSDT,1781020800000,train,-1,-3.91,0.564,4.85,4.1,1.1,-1.0,1.45,0.51,0.39,0.48,0,-2.91,bear,bajista,0,0.067,32,1239,2,
s5245,OPUSDT,1781020800000,train,-1,-3.74,0.439,4.86,4.43,1.4,-0.83,1.86,0.78,0.61,0.56,1,-2.91,bear,bajista,0,-1.0,16,1239,2,
s5246,INJUSDT,1781020800000,train,-1,-5.41,0.548,7.3,6.12,1.75,-2.51,2.63,0.97,0.73,0.66,1,-2.91,bear,bajista,0,-0.045,32,1239,4,
s5247,SUIUSDT,1781020800000,train,-1,-3.24,0.469,3.8,3.35,1.08,-0.33,1.25,0.79,0.59,0.57,1,-2.91,bear,bajista,0,-1.0,17,1239,2,
s5248,SEIUSDT,1781020800000,train,-1,-2.66,0.362,3.74,3.14,0.84,0.25,1.19,0.73,0.59,0.5,1,-2.91,bear,neutral,0,-1.0,16,1239,0,
s5249,PENDLEUSDT,1781020800000,train,-1,-4.01,0.527,4.74,4.33,1.21,-1.1,2.16,0.7,0.52,0.5,1,-2.91,bear,bajista,0,-0.564,32,1239,4,
s5250,FETUSDT,1781020800000,train,-1,-3.62,0.466,4.56,3.81,1.14,-0.71,1.5,0.58,0.43,0.4,1,-2.91,bear,neutral,0,-0.053,32,1238,0,
s5251,STXUSDT,1781020800000,testB,-1,-3.06,0.459,3.33,3.16,1.19,-0.16,1.43,0.94,0.67,0.65,1,-2.91,bear,bajista,0,-1.0,18,1238,4,
s5252,GRTUSDT,1781020800000,testB,-1,-3.6,0.5,4.83,4.31,1.78,-0.7,1.96,0.9,0.62,0.55,1,-2.91,bear,bajista,0,-0.398,32,1238,4,
s5253,LDOUSDT,1781020800000,testB,-1,-2.77,0.437,3.87,3.48,1.28,0.13,1.51,0.81,0.62,0.5,1,-2.91,bear,bajista,0,-0.596,32,1238,4,
s5254,SANDUSDT,1781020800000,testB,-1,-2.79,0.473,3.37,3.05,1.07,0.12,1.21,0.96,0.73,0.72,1,-2.91,bear,neutral,0,-1.0,9,1238,0,
s5255,MANAUSDT,1781020800000,testB,-1,-2.58,0.395,3.43,3.27,1.02,0.33,1.36,0.82,0.65,0.64,1,-2.91,bear,bajista,0,-1.0,17,1238,4,
s5256,AXSUSDT,1781020800000,testB,-1,-3.09,0.446,3.74,3.41,1.9,-0.19,1.67,0.73,0.58,0.5,1,-2.91,bear,bajista,0,-0.548,32,1238,2,
s5257,APEUSDT,1781020800000,testB,-1,-4.01,0.49,5.76,5.26,1.73,-1.1,2.11,0.84,0.6,0.6,1,-2.91,bear,bajista,0,-0.175,32,1238,4,
s5258,PUMPUSDT,1781021700000,train,-1,-3.2,0.362,5.1,3.84,1.37,-0.64,1.36,0.76,0.62,0.65,0,-2.56,bear,neutral,0,-0.224,32,1240,0,
s5259,STBLUSDT,1781021700000,train,-1,-2.52,0.365,3.98,2.96,1.04,0.04,1.13,0.67,0.59,0.54,1,-2.56,bear,neutral,0,-0.357,32,1240,0,
s5260,0GUSDT,1781021700000,train,-1,-3.08,0.477,4.3,3.38,1.04,-0.52,1.22,0.51,0.39,0.48,0,-2.56,bear,neutral,0,0.121,32,1240,0,
s5261,INJUSDT,1781021700000,train,-1,-4.6,0.505,7.32,6.34,1.84,-2.04,2.65,0.97,0.73,0.66,1,-2.56,bear,bajista,0,-0.078,32,1240,5,
s5262,SUIUSDT,1781021700000,train,-1,-2.71,0.393,3.88,3.07,1.18,-0.15,0.96,0.79,0.59,0.57,1,-2.56,bear,neutral,0,-1.0,16,1240,0,
s5263,PENDLEUSDT,1781021700000,train,-1,-3.26,0.438,4.95,4.03,1.32,-0.7,1.74,0.7,0.52,0.5,1,-2.56,bear,neutral,0,-0.484,32,1240,0,
s5264,FETUSDT,1781021700000,train,-1,-2.91,0.395,4.35,3.45,0.88,-0.36,1.26,0.58,0.43,0.4,1,-2.56,bear,neutral,0,-0.029,32,1239,0,
s5265,STXUSDT,1781021700000,testB,-1,-2.37,0.394,3.89,3.1,1.25,0.19,1.31,0.94,0.67,0.65,1,-2.56,bear,neutral,0,-1.0,17,1239,0,
s5266,GRTUSDT,1781021700000,testB,-1,-3.36,0.475,4.93,4.26,2.21,-0.8,1.74,0.9,0.62,0.55,1,-2.56,bear,neutral,0,-0.415,32,1239,0,
s5267,LDOUSDT,1781021700000,testB,-1,-2.44,0.381,4.1,3.28,1.64,0.12,1.22,0.81,0.62,0.5,1,-2.56,bear,neutral,0,-0.619,32,1239,0,
s5268,AXSUSDT,1781021700000,testB,-1,-2.78,0.406,4.18,3.3,2.05,-0.22,1.45,0.73,0.58,0.5,1,-2.56,bear,neutral,0,-0.533,32,1239,0,
s5269,APEUSDT,1781021700000,testB,-1,-3.46,0.426,6.08,5.0,2.04,-0.9,1.71,0.84,0.6,0.6,1,-2.56,bear,neutral,0,-0.117,32,1239,0,
s5270,PUMPUSDT,1781022600000,train,-1,-3.15,0.358,5.58,4.18,1.3,-1.12,1.56,0.76,0.62,0.65,0,-2.03,bear,neutral,0,0.016,32,1241,1,
s5271,STBLUSDT,1781022600000,train,-1,-2.73,0.384,4.0,3.4,1.17,-0.7,1.46,0.67,0.59,0.54,1,-2.03,bear,neutral,0,-0.175,32,1241,1,
s5272,0GUSDT,1781022600000,train,-1,-2.46,0.381,4.15,2.93,1.27,-0.42,0.88,0.51,0.39,0.48,0,-2.03,bear,neutral,0,0.57,32,1241,0,
s5273,OPUSDT,1781022600000,train,-1,-3.23,0.365,5.82,4.2,1.8,-1.2,1.48,0.78,0.61,0.56,1,-2.03,bear,neutral,0,-1.0,14,1241,1,
s5274,INJUSDT,1781022600000,train,-1,-5.51,0.576,7.98,7.12,1.72,-3.48,3.11,0.97,0.73,0.66,1,-2.03,bear,bajista,0,0.057,32,1241,6,
s5275,JUPUSDT,1781022600000,train,-1,-3.51,0.359,5.55,4.56,1.12,-1.48,1.87,0.94,0.69,0.61,1,-2.03,bear,neutral,0,-0.333,32,1241,1,
s5276,PENDLEUSDT,1781022600000,train,-1,-3.69,0.496,5.18,4.27,1.22,-1.66,1.85,0.7,0.52,0.5,1,-2.03,bear,neutral,0,-0.059,32,1241,1,
s5277,FETUSDT,1781022600000,train,-1,-2.82,0.387,5.11,3.61,0.97,-0.79,1.3,0.58,0.43,0.4,1,-2.03,bear,neutral,0,0.153,32,1240,1,
s5278,STXUSDT,1781022600000,testB,-1,-2.2,0.357,4.0,2.93,1.24,-0.17,1.07,0.94,0.67,0.65,1,-2.03,bear,neutral,0,-1.0,16,1240,0,
s5279,GRTUSDT,1781022600000,testB,-1,-3.66,0.51,5.67,4.47,2.36,-1.63,1.81,0.9,0.62,0.55,1,-2.03,bear,neutral,0,-0.186,32,1240,1,
s5280,LDOUSDT,1781022600000,testB,-1,-2.28,0.353,4.17,3.16,1.74,-0.25,1.03,0.81,0.62,0.5,1,-2.03,bear,neutral,0,-0.309,32,1240,0,
s5281,AXSUSDT,1781022600000,testB,-1,-2.68,0.397,4.51,3.3,2.59,-0.65,1.34,0.73,0.58,0.5,1,-2.03,bear,neutral,0,-0.2,32,1240,0,
s5282,APEUSDT,1781022600000,testB,-1,-3.77,0.465,6.67,5.17,2.25,-1.74,1.71,0.84,0.6,0.6,1,-2.03,bear,neutral,0,0.016,32,1240,1,
s5283,XPLUSDT,1781023500000,train,-1,-3.5,0.352,6.75,4.63,1.83,-1.52,1.74,0.47,0.4,0.41,0,-1.99,neutral,bajista,0,0.242,32,1242,2,
s5284,PUMPUSDT,1781023500000,train,-1,-3.46,0.409,5.58,4.18,1.34,-1.47,1.52,0.76,0.62,0.65,0,-1.99,neutral,neutral,0,-0.175,32,1242,0,
s5285,STBLUSDT,1781023500000,train,-1,-2.69,0.38,4.6,3.53,1.4,-0.71,1.51,0.67,0.59,0.54,1,-1.99,neutral,bajista,0,-0.301,32,1242,2,
s5286,0GUSDT,1781023500000,train,-1,-2.48,0.389,4.14,2.75,1.5,-0.5,0.72,0.51,0.39,0.48,0,-1.99,neutral,neutral,0,0.395,32,1242,0,
s5287,INJUSDT,1781023500000,train,-1,-4.8,0.467,7.91,6.24,1.45,-2.81,2.21,0.97,0.73,0.66,1,-1.99,neutral,neutral,0,0.111,32,1242,0,
s5288,JUPUSDT,1781023500000,train,-1,-3.43,0.351,5.52,4.01,1.22,-1.44,1.33,0.94,0.69,0.61,1,-1.99,neutral,neutral,0,-0.492,32,1242,0,
s5289,PENDLEUSDT,1781023500000,train,-1,-3.78,0.503,5.19,4.36,1.25,-1.79,1.77,0.7,0.52,0.5,1,-1.99,neutral,bajista,0,-0.364,32,1242,2,
s5290,FETUSDT,1781023500000,train,-1,-3.16,0.448,5.11,3.66,0.99,-1.17,1.23,0.58,0.43,0.4,1,-1.99,neutral,neutral,0,-0.178,32,1241,0,
s5291,STXUSDT,1781023500000,testB,-1,-2.31,0.382,4.0,2.87,1.27,-0.32,1.02,0.94,0.67,0.65,1,-1.99,neutral,neutral,0,-1.0,15,1241,0,
s5292,GRTUSDT,1781023500000,testB,-1,-3.5,0.479,5.65,4.2,2.46,-1.52,1.47,0.9,0.62,0.55,1,-1.99,neutral,neutral,0,-0.346,32,1241,0,
s5293,LDOUSDT,1781023500000,testB,-1,-2.31,0.361,4.16,2.8,1.58,-0.33,0.7,0.81,0.62,0.5,1,-1.99,neutral,neutral,0,-0.528,32,1241,0,
s5294,AXSUSDT,1781023500000,testB,-1,-2.77,0.419,4.5,3.07,1.89,-0.79,1.07,0.73,0.58,0.5,1,-1.99,neutral,neutral,0,-0.464,32,1241,0,
s5295,APEUSDT,1781023500000,testB,-1,-3.76,0.465,6.65,4.82,2.21,-1.77,1.31,0.84,0.6,0.6,1,-1.99,neutral,neutral,0,-0.086,32,1241,0,
s5296,ENAUSDT,1781024400000,train,-1,-5.89,0.42,9.04,6.53,0.56,-4.37,1.11,1.4,0.89,0.78,1,-1.52,neutral,neutral,0,-0.165,32,1243,0,
s5297,GRTUSDT,1781024400000,testB,-1,-3.24,0.43,5.52,3.51,1.79,-1.72,0.8,1.04,0.67,0.58,1,-1.52,neutral,neutral,0,-0.206,32,1242,0,
s5298,APEUSDT,1781024400000,testB,-1,-3.51,0.423,6.04,3.72,1.26,-1.99,0.69,0.91,0.62,0.6,1,-1.52,neutral,neutral,0,0.111,32,1242,0,
s5299,INJUSDT,1781027100000,train,-1,-3.98,0.387,7.84,5.32,0.48,-3.05,0.86,0.99,0.76,0.66,1,-0.93,neutral,neutral,0,0.39,32,1246,1,
s5300,INJUSDT,1781028000000,train,-1,-3.52,0.357,6.13,3.89,0.45,-3.09,0.92,0.95,0.76,0.63,1,-0.43,neutral,bajista,0,0.54,32,1247,2,
s5301,OPUSDT,1781032500000,train,1,2.25,0.356,4.92,4.5,0.52,1.31,1.33,0.86,0.66,0.58,1,0.93,neutral,neutral,0,0.233,32,1252,1,
s5302,SEIUSDT,1781032500000,train,1,2.04,0.393,3.56,3.33,0.42,1.11,1.1,0.76,0.64,0.52,1,0.93,neutral,alcista,0,-0.3,32,1252,3,
s5303,SANDUSDT,1781032500000,testB,1,2.94,0.477,4.24,3.83,0.46,2.0,1.42,1.07,0.78,0.73,1,0.93,neutral,neutral,0,-0.49,32,1251,0,
s5304,SANDUSDT,1781033400000,testB,1,2.75,0.446,4.34,3.74,0.45,1.84,1.07,1.07,0.78,0.73,1,0.91,neutral,neutral,0,-0.592,32,1252,0,
s5305,0GUSDT,1781034300000,train,1,2.05,0.366,3.11,2.81,0.48,0.46,0.81,0.54,0.41,0.49,0,1.58,neutral,neutral,0,-1.0,19,1254,1,
s5306,ARBUSDT,1781034300000,train,1,2.4,0.463,4.44,4.07,0.54,0.82,0.91,1.14,0.82,0.69,1,1.58,neutral,neutral,0,-0.364,32,1254,1,
s5307,OPUSDT,1781034300000,train,1,2.9,0.443,5.01,4.8,0.53,1.31,1.2,0.86,0.66,0.58,1,1.58,neutral,neutral,0,0.087,32,1254,1,
s5308,SUIUSDT,1781034300000,train,1,2.43,0.463,3.49,3.04,0.43,0.85,0.74,0.83,0.64,0.58,1,1.58,neutral,neutral,0,-0.402,32,1254,1,
s5309,TIAUSDT,1781034300000,train,1,2.49,0.47,4.24,3.99,0.65,0.91,0.8,1.0,0.87,0.72,1,1.58,neutral,alcista,0,-0.094,32,1254,5,
s5310,SEIUSDT,1781034300000,train,1,2.95,0.566,3.82,3.67,0.5,1.36,1.07,0.76,0.64,0.52,1,1.58,neutral,neutral,0,-0.452,32,1254,1,
s5311,PENDLEUSDT,1781034300000,train,1,2.33,0.433,3.58,3.37,0.7,0.75,0.96,0.64,0.53,0.52,1,1.58,neutral,alcista,0,-1.0,24,1254,3,
s5312,ARUSDT,1781034300000,testB,1,2.73,0.351,6.65,4.5,0.38,1.15,0.45,1.32,0.84,0.59,1,1.58,neutral,neutral,0,-1.0,27,1253,1,
s5313,GRTUSDT,1781034300000,testB,1,2.22,0.426,4.34,4.14,0.74,0.63,1.21,1.1,0.73,0.6,1,1.58,neutral,alcista,0,-0.744,32,1253,5,
s5314,LDOUSDT,1781034300000,testB,1,2.07,0.453,3.4,3.02,0.37,0.48,0.62,0.86,0.66,0.53,1,1.58,neutral,alcista,0,-0.38,32,1253,3,
s5315,SANDUSDT,1781034300000,testB,1,3.61,0.591,4.36,4.09,0.51,2.03,1.27,1.07,0.78,0.73,1,1.58,neutral,neutral,0,-0.652,32,1253,1,
s5316,MANAUSDT,1781034300000,testB,1,2.33,0.455,3.64,3.19,0.78,0.74,0.85,0.93,0.67,0.67,1,1.58,neutral,neutral,0,-0.333,32,1253,1,
s5317,PUMPUSDT,1781035200000,train,1,2.4,0.409,3.77,3.45,0.75,0.41,0.89,0.58,0.58,0.63,0,1.98,neutral,alcista,0,-1.0,31,1255,2,
s5318,0GUSDT,1781035200000,train,1,2.29,0.401,3.04,2.91,0.43,0.31,1.02,0.43,0.4,0.49,0,1.98,neutral,alcista,0,-1.0,18,1255,2,
s5319,ENAUSDT,1781035200000,train,1,3.6,0.388,5.28,5.13,0.33,1.62,1.35,0.78,0.88,0.77,0,1.98,neutral,alcista,0,-0.549,32,1255,2,
s5320,ARBUSDT,1781035200000,train,1,3.56,0.667,4.66,4.66,0.64,1.57,1.52,0.94,0.82,0.69,1,1.98,neutral,alcista,0,-0.421,32,1255,2,
s5321,OPUSDT,1781035200000,train,1,4.54,0.656,5.99,5.68,0.69,2.55,2.13,0.75,0.65,0.58,1,1.98,neutral,alcista,0,-0.055,32,1255,2,
s5322,SUIUSDT,1781035200000,train,1,3.28,0.559,3.74,3.72,0.53,1.3,1.46,0.67,0.63,0.58,1,1.98,neutral,alcista,0,-0.518,32,1255,2,
s5323,TIAUSDT,1781035200000,train,1,3.69,0.642,4.86,4.73,0.66,1.7,1.67,0.85,0.88,0.72,0,1.98,neutral,alcista,0,-0.203,32,1255,6,
s5324,SEIUSDT,1781035200000,train,1,3.52,0.609,4.33,4.27,0.56,1.54,1.68,0.56,0.62,0.52,0,1.98,neutral,alcista,0,-0.454,32,1255,2,
s5325,JUPUSDT,1781035200000,train,1,2.63,0.435,4.23,4.1,0.75,0.64,1.24,0.67,0.72,0.61,0,1.98,neutral,alcista,0,-0.672,32,1255,2,
s5326,PENDLEUSDT,1781035200000,train,1,3.17,0.557,3.91,3.9,0.56,1.19,1.51,0.55,0.53,0.51,1,1.98,neutral,alcista,0,-1.0,23,1255,4,
s5327,ONDOUSDT,1781035200000,train,1,2.86,0.381,4.9,4.57,0.32,0.88,1.21,0.73,0.73,0.64,0,1.98,neutral,alcista,0,-0.711,32,1254,2,
s5328,FETUSDT,1781035200000,train,1,2.66,0.366,4.05,4.05,0.63,0.67,1.67,0.5,0.46,0.38,1,1.98,neutral,alcista,0,-0.88,32,1254,2,
s5329,ARUSDT,1781035200000,testB,1,3.21,0.394,6.63,4.89,0.41,1.23,0.99,0.88,0.83,0.59,1,1.98,neutral,alcista,0,-1.0,26,1254,2,
s5330,STXUSDT,1781035200000,testB,1,2.6,0.59,3.52,3.41,0.48,0.61,1.15,0.76,0.7,0.67,1,1.98,neutral,alcista,0,-0.371,32,1254,2,
s5331,GRTUSDT,1781035200000,testB,1,3.06,0.648,4.38,4.28,0.65,1.08,1.36,0.99,0.76,0.6,1,1.98,neutral,alcista,0,-0.694,32,1254,6,
s5332,LDOUSDT,1781035200000,testB,1,2.85,0.603,3.53,3.46,0.44,0.87,1.11,0.68,0.64,0.53,1,1.98,neutral,alcista,0,-0.396,32,1254,4,
s5333,SANDUSDT,1781035200000,testB,1,3.76,0.604,4.44,4.2,0.51,1.77,1.37,0.74,0.78,0.73,0,1.98,neutral,alcista,0,-0.644,32,1254,2,
s5334,MANAUSDT,1781035200000,testB,1,2.96,0.576,3.63,3.48,0.75,0.98,1.19,0.73,0.66,0.66,1,1.98,neutral,alcista,0,-0.348,32,1254,2,
s5335,AXSUSDT,1781035200000,testB,1,2.42,0.524,3.55,3.44,0.62,0.44,0.81,0.69,0.59,0.53,1,1.98,neutral,alcista,0,-0.5,32,1254,2,
s5336,APEUSDT,1781035200000,testB,1,2.34,0.483,4.16,3.67,0.6,0.35,0.78,0.75,0.62,0.57,1,1.98,neutral,alcista,0,-0.8,32,1254,2,
s5337,ENAUSDT,1781036100000,train,1,3.26,0.361,5.55,5.09,0.45,1.56,1.26,0.78,0.88,0.77,0,1.71,neutral,neutral,0,-0.475,32,1256,0,
s5338,ARBUSDT,1781036100000,train,1,2.78,0.524,4.93,4.31,0.62,1.08,1.04,0.94,0.82,0.69,1,1.71,neutral,neutral,0,-0.4,32,1256,0,
s5339,OPUSDT,1781036100000,train,1,3.66,0.531,6.02,5.29,0.74,1.95,1.54,0.75,0.65,0.58,1,1.71,neutral,neutral,0,-0.039,32,1256,0,
s5340,SUIUSDT,1781036100000,train,1,2.74,0.468,3.83,3.4,0.63,1.04,1.05,0.67,0.63,0.58,1,1.71,neutral,neutral,0,-0.49,32,1256,0,
s5341,TIAUSDT,1781036100000,train,1,3.2,0.575,5.08,4.58,0.85,1.49,1.42,0.85,0.88,0.72,0,1.71,neutral,neutral,0,-0.216,32,1256,0,
s5342,SEIUSDT,1781036100000,train,1,3.18,0.534,4.57,4.03,0.64,1.47,1.29,0.56,0.62,0.52,0,1.71,neutral,neutral,0,-0.472,32,1256,0,
s5343,JUPUSDT,1781036100000,train,1,2.43,0.389,4.3,3.91,0.72,0.72,0.92,0.67,0.72,0.61,0,1.71,neutral,neutral,0,-0.607,32,1256,0,
s5344,PENDLEUSDT,1781036100000,train,1,2.76,0.504,4.02,3.8,0.59,1.06,1.31,0.55,0.53,0.51,1,1.71,neutral,neutral,0,-1.0,22,1256,0,
s5345,ONDOUSDT,1781036100000,train,1,3.21,0.44,4.9,4.62,0.39,1.5,1.15,0.73,0.73,0.64,0,1.71,neutral,alcista,0,-0.869,32,1255,3,
s5346,STXUSDT,1781036100000,testB,1,2.54,0.57,3.63,3.36,0.59,0.83,0.99,0.76,0.7,0.67,1,1.71,neutral,neutral,0,-0.328,32,1255,0,
s5347,GRTUSDT,1781036100000,testB,1,2.85,0.591,4.44,4.14,0.63,1.15,1.1,0.99,0.76,0.6,1,1.71,neutral,neutral,0,-0.659,32,1255,0,
s5348,LDOUSDT,1781036100000,testB,1,2.5,0.533,3.62,3.31,0.5,0.79,0.88,0.68,0.64,0.53,1,1.71,neutral,neutral,0,-0.356,32,1255,0,
s5349,SANDUSDT,1781036100000,testB,1,3.22,0.556,4.4,4.11,0.55,1.51,1.17,0.74,0.78,0.73,0,1.71,neutral,neutral,0,-0.63,32,1255,0,
s5350,MANAUSDT,1781036100000,testB,1,2.64,0.548,3.78,3.48,0.78,0.93,1.09,0.73,0.66,0.66,1,1.71,neutral,neutral,0,-0.304,32,1255,0,
s5351,AXSUSDT,1781036100000,testB,1,2.09,0.442,3.66,3.23,0.69,0.38,0.53,0.69,0.59,0.53,1,1.71,neutral,neutral,0,-0.467,32,1255,0,
s5352,ASTERUSDT,1781037000000,train,1,2.29,0.686,2.58,2.46,0.46,0.85,0.73,0.39,0.56,0.48,0,1.44,neutral,neutral,0,-0.565,32,1257,1,
s5353,PUMPUSDT,1781037000000,train,1,2.26,0.415,3.44,2.86,0.83,0.82,0.94,0.58,0.58,0.63,0,1.44,neutral,neutral,0,-1.0,23,1257,1,
s5354,ENAUSDT,1781037000000,train,1,4.14,0.455,5.3,5.09,0.43,2.7,1.57,0.78,0.88,0.77,0,1.44,neutral,neutral,0,-0.675,32,1257,1,
s5355,ARBUSDT,1781037000000,train,1,3.17,0.581,4.18,3.81,0.58,1.73,1.21,0.94,0.82,0.69,1,1.44,neutral,neutral,0,-0.677,32,1257,1,
s5356,OPUSDT,1781037000000,train,1,4.42,0.612,5.26,4.95,0.78,2.98,1.91,0.75,0.65,0.58,1,1.44,neutral,neutral,0,-0.333,32,1257,1,
s5357,SUIUSDT,1781037000000,train,1,2.42,0.438,3.38,3.0,0.64,0.98,1.04,0.67,0.63,0.58,1,1.44,neutral,neutral,0,-0.837,32,1257,1,
s5358,TIAUSDT,1781037000000,train,1,4.29,0.65,5.06,4.88,0.95,2.84,2.28,0.85,0.88,0.72,0,1.44,neutral,neutral,0,-0.591,32,1257,1,
s5359,SEIUSDT,1781037000000,train,1,3.24,0.539,3.98,3.67,0.62,1.8,1.45,0.56,0.62,0.52,0,1.44,neutral,neutral,0,-0.742,32,1257,1,
s5360,JUPUSDT,1781037000000,train,1,3.44,0.565,3.9,3.77,0.87,2.0,1.28,0.67,0.72,0.61,0,1.44,neutral,neutral,0,-1.0,25,1257,1,
s5361,PENDLEUSDT,1781037000000,train,1,3.44,0.604,4.09,3.9,0.63,2.0,1.66,0.55,0.53,0.51,1,1.44,neutral,neutral,0,-1.0,21,1257,1,
s5362,ONDOUSDT,1781037000000,train,1,4.07,0.516,5.03,4.97,0.51,2.62,1.76,0.73,0.73,0.64,0,1.44,neutral,alcista,0,-1.0,32,1256,4,
s5363,STXUSDT,1781037000000,testB,1,3.04,0.614,3.66,3.55,0.95,1.6,1.55,0.76,0.7,0.67,1,1.44,neutral,neutral,0,-0.662,32,1256,1,
s5364,GRTUSDT,1781037000000,testB,1,3.8,0.709,4.11,4.11,0.8,2.35,1.68,0.99,0.76,0.6,1,1.44,neutral,neutral,0,-1.0,25,1256,1,
s5365,LDOUSDT,1781037000000,testB,1,2.57,0.541,3.0,2.89,0.57,1.13,1.02,0.68,0.64,0.53,1,1.44,neutral,neutral,0,-0.737,32,1256,1,
s5366,SANDUSDT,1781037000000,testB,1,3.29,0.562,3.87,3.73,0.61,1.85,1.28,0.74,0.78,0.73,0,1.44,neutral,neutral,0,-0.906,32,1256,1,
s5367,MANAUSDT,1781037000000,testB,1,2.8,0.562,3.32,3.17,0.84,1.35,1.17,0.73,0.66,0.66,1,1.44,neutral,neutral,0,-0.571,32,1256,1,
s5368,AXSUSDT,1781037000000,testB,1,2.42,0.478,3.11,3.01,0.58,0.98,0.83,0.69,0.59,0.53,1,1.44,neutral,neutral,0,-0.857,32,1256,1,
s5369,APEUSDT,1781037000000,testB,1,2.09,0.41,3.27,2.61,0.66,0.64,0.63,0.75,0.62,0.57,1,1.44,neutral,neutral,0,-1.0,20,1256,1,
s5370,PUMPUSDT,1781037900000,train,1,2.52,0.442,2.98,2.66,0.59,1.28,1.18,0.58,0.58,0.63,0,1.25,neutral,alcista,0,-1.0,15,1258,2,
s5371,ENAUSDT,1781037900000,train,1,5.22,0.591,5.19,5.09,0.51,3.98,1.91,0.78,0.88,0.77,0,1.25,neutral,alcista,0,-0.648,32,1258,2,
s5372,ARBUSDT,1781037900000,train,1,3.17,0.581,3.56,3.19,0.56,1.92,1.16,0.94,0.82,0.69,1,1.25,neutral,neutral,0,-0.731,32,1258,0,
s5373,OPUSDT,1781037900000,train,1,4.3,0.606,4.54,4.33,0.82,3.05,1.91,0.75,0.65,0.58,1,1.25,neutral,alcista,0,-0.333,32,1258,2,
s5374,SUIUSDT,1781037900000,train,1,2.45,0.445,3.07,2.54,0.55,1.21,0.83,0.67,0.63,0.58,1,1.25,neutral,neutral,0,-1.0,31,1258,0,
s5375,TIAUSDT,1781037900000,train,1,4.05,0.638,4.29,4.11,0.99,2.81,2.11,0.85,0.88,0.72,0,1.25,neutral,neutral,0,-0.716,32,1258,0,
s5376,SEIUSDT,1781037900000,train,1,2.99,0.52,3.22,2.99,0.6,1.75,1.38,0.56,0.62,0.52,0,1.25,neutral,alcista,0,-1.0,31,1258,2,
s5377,JUPUSDT,1781037900000,train,1,2.96,0.529,3.13,3.07,0.84,1.71,1.24,0.67,0.72,0.61,0,1.25,neutral,alcista,0,-1.0,23,1258,2,
s5378,PENDLEUSDT,1781037900000,train,1,3.39,0.588,3.62,3.29,0.64,2.14,1.41,0.55,0.53,0.51,1,1.25,neutral,neutral,0,-1.0,20,1258,0,
s5379,ONDOUSDT,1781037900000,train,1,4.3,0.553,4.29,4.23,0.6,3.05,1.76,0.73,0.73,0.64,0,1.25,neutral,alcista,0,-1.0,23,1257,5,
s5380,FETUSDT,1781037900000,train,1,2.61,0.356,2.88,2.59,0.85,1.36,1.15,0.5,0.46,0.38,1,1.25,neutral,neutral,0,-1.0,8,1257,0,
s5381,STXUSDT,1781037900000,testB,1,3.15,0.622,3.22,3.17,1.4,1.91,1.61,0.76,0.7,0.67,1,1.25,neutral,alcista,0,-0.741,32,1257,2,
s5382,GRTUSDT,1781037900000,testB,1,3.37,0.644,3.66,3.41,0.75,2.13,1.47,0.99,0.76,0.6,1,1.25,neutral,neutral,0,-1.0,23,1257,0,
s5383,LDOUSDT,1781037900000,testB,1,2.17,0.491,2.39,2.24,0.48,0.93,0.93,0.68,0.64,0.53,1,1.25,neutral,neutral,0,-1.0,24,1257,0,
s5384,SANDUSDT,1781037900000,testB,1,2.93,0.507,3.23,2.96,0.59,1.68,1.04,0.74,0.78,0.73,0,1.25,neutral,neutral,0,-1.0,23,1257,0,
s5385,MANAUSDT,1781037900000,testB,1,2.48,0.5,2.87,2.57,0.62,1.23,0.96,0.73,0.66,0.66,1,1.25,neutral,neutral,0,-0.706,32,1257,0,
s5386,AXSUSDT,1781037900000,testB,1,2.2,0.455,2.36,2.26,0.48,0.95,0.83,0.69,0.59,0.53,1,1.25,neutral,neutral,0,-1.0,23,1257,0,
s5387,ENAUSDT,1781038800000,train,1,3.47,0.487,3.82,3.36,0.58,2.61,1.64,0.61,0.87,0.76,0,0.86,neutral,neutral,0,-1.0,8,1259,0,
s5388,ARBUSDT,1781038800000,train,1,2.01,0.4,2.84,2.1,0.42,1.15,0.66,0.82,0.82,0.68,1,0.86,neutral,neutral,0,-1.0,23,1259,0,
s5389,OPUSDT,1781038800000,train,1,3.52,0.559,3.71,3.3,0.66,2.66,1.66,0.7,0.66,0.58,1,0.86,neutral,neutral,0,-0.562,32,1259,0,
s5390,TIAUSDT,1781038800000,train,1,3.38,0.598,3.64,3.3,1.01,2.52,2.09,0.82,0.9,0.73,0,0.86,neutral,neutral,0,-1.0,30,1259,1,
s5391,SEIUSDT,1781038800000,train,1,2.83,0.508,2.9,2.75,0.62,1.97,1.52,0.51,0.58,0.52,0,0.86,neutral,alcista,0,-1.0,23,1259,3,
s5392,JUPUSDT,1781038800000,train,1,2.29,0.443,2.43,2.24,0.63,1.43,1.01,0.59,0.69,0.6,0,0.86,neutral,neutral,0,-1.0,20,1259,0,
s5393,PENDLEUSDT,1781038800000,train,1,2.14,0.437,2.67,2.15,0.63,1.27,1.05,0.45,0.53,0.47,0,0.86,neutral,neutral,0,-1.0,14,1259,0,
s5394,ONDOUSDT,1781038800000,train,1,3.72,0.52,3.75,3.62,0.7,2.86,2.01,0.61,0.69,0.64,0,0.86,neutral,alcista,0,-1.0,14,1258,6,
s5395,STXUSDT,1781038800000,testB,1,2.96,0.609,3.15,3.04,2.22,2.1,2.01,0.76,0.76,0.7,0,0.86,neutral,alcista,0,-1.0,22,1258,3,
s5396,GRTUSDT,1781038800000,testB,1,2.68,0.565,2.96,2.61,0.7,1.82,1.23,0.9,0.76,0.59,1,0.86,neutral,neutral,0,-1.0,14,1258,0,
s5397,ARUSDT,1781042400000,testB,-1,-2.28,0.372,4.88,3.43,0.73,-2.42,0.89,0.5,0.82,0.59,0,0.14,neutral,neutral,0,0.667,32,1262,0,
s5398,STXUSDT,1781042400000,testB,1,2.01,0.409,2.9,2.02,1.52,1.87,0.6,0.58,0.77,0.7,0,0.14,neutral,neutral,0,-1.0,18,1262,1,
s5399,TIAUSDT,1781044200000,train,1,2.61,0.369,3.35,2.67,0.7,2.22,1.21,0.64,0.91,0.73,0,0.4,neutral,alcista,0,-1.0,24,1265,4,
s5400,0GUSDT,1781049600000,train,-1,-2.51,0.61,3.08,2.91,1.37,-1.89,1.07,0.28,0.42,0.46,0,-0.62,neutral,neutral,0,0.424,32,1271,1,
s5401,FETUSDT,1781049600000,train,-1,-2.39,0.476,3.35,2.65,0.6,-1.78,0.54,0.31,0.48,0.37,0,-0.62,neutral,neutral,0,0.321,32,1270,0,
s5402,0GUSDT,1781050500000,train,-1,-2.18,0.565,3.22,2.88,1.49,-1.79,0.91,0.28,0.42,0.46,0,-0.39,neutral,neutral,0,0.476,32,1272,0,
s5403,FETUSDT,1781050500000,train,-1,-2.1,0.434,3.2,2.45,0.69,-1.71,0.42,0.31,0.48,0.37,0,-0.39,neutral,neutral,0,0.388,32,1271,0,
s5404,XPLUSDT,1781051400000,train,-1,-3.9,0.488,4.85,4.56,1.37,-2.92,1.98,0.49,0.51,0.43,0,-0.98,neutral,bajista,0,0.409,32,1273,2,
s5405,PUMPUSDT,1781051400000,train,-1,-2.27,0.467,2.99,2.79,1.5,-1.29,1.15,0.28,0.54,0.5,0,-0.98,neutral,neutral,0,1.238,32,1273,1,
s5406,0GUSDT,1781051400000,train,-1,-3.63,0.858,3.91,3.8,1.93,-2.65,1.78,0.28,0.42,0.46,0,-0.98,neutral,neutral,0,0.164,32,1273,1,
s5407,ENAUSDT,1781051400000,train,-1,-3.03,0.467,4.62,3.91,1.22,-2.05,1.19,0.3,0.87,0.66,0,-0.98,neutral,neutral,0,0.288,32,1273,1,
s5408,INJUSDT,1781051400000,train,-1,-3.41,0.423,4.99,4.79,1.1,-2.43,2.16,0.41,0.68,0.57,0,-0.98,neutral,neutral,0,1.131,32,1273,1,
s5409,PENDLEUSDT,1781051400000,train,-1,-3.08,0.53,3.33,3.22,2.36,-2.1,1.84,0.36,0.53,0.46,0,-0.98,neutral,bajista,0,1.086,32,1273,2,
s5410,ONDOUSDT,1781051400000,train,-1,-3.2,0.478,4.23,3.92,1.13,-2.22,1.27,0.33,0.63,0.61,0,-0.98,neutral,neutral,0,0.662,32,1272,1,
s5411,FETUSDT,1781051400000,train,-1,-3.03,0.554,3.73,3.22,0.95,-2.05,1.18,0.31,0.48,0.37,0,-0.98,neutral,neutral,0,0.188,32,1272,1,
s5412,GRTUSDT,1781051400000,testB,-1,-2.86,0.722,3.15,3.04,1.5,-1.88,1.27,0.65,0.85,0.6,0,-0.98,neutral,neutral,0,0.593,32,1272,1,
s5413,SANDUSDT,1781051400000,testB,-1,-2.2,0.557,2.46,2.29,1.51,-1.22,1.1,0.44,0.76,0.67,0,-0.98,neutral,neutral,0,0.678,32,1272,1,
s5414,APEUSDT,1781051400000,testB,-1,-2.12,0.448,2.5,2.34,0.9,-1.14,0.95,0.35,0.63,0.52,0,-0.98,neutral,bajista,0,0.643,32,1272,2,
s5415,0GUSDT,1781052300000,train,-1,-2.8,0.575,3.81,2.92,2.11,-2.41,0.96,0.28,0.42,0.46,0,-0.4,neutral,neutral,0,0.553,32,1274,0,
s5416,INJUSDT,1781052300000,train,-1,-3.74,0.488,4.96,4.23,1.21,-3.34,1.43,0.41,0.68,0.57,0,-0.4,neutral,neutral,0,1.433,32,1274,0,
s5417,0GUSDT,1781053200000,train,-1,-2.78,0.572,3.41,2.89,1.51,-2.28,1.16,0.31,0.42,0.43,0,-0.5,neutral,neutral,0,0.571,32,1275,1,
s5418,INJUSDT,1781053200000,train,-1,-3.8,0.502,4.86,3.97,1.2,-3.3,1.07,0.42,0.64,0.57,0,-0.5,neutral,neutral,0,1.604,32,1275,0,
s5419,INJUSDT,1781055900000,train,-1,-2.64,0.45,3.48,3.2,0.81,-2.55,1.65,0.42,0.64,0.57,0,-0.08,neutral,bajista,0,1.776,32,1278,2,
s5420,INJUSDT,1781056800000,train,-1,-3.29,0.568,3.53,3.53,0.69,-2.84,1.56,0.41,0.58,0.58,0,-0.45,neutral,bajista,0,1.56,32,1279,3,
s5421,PENDLEUSDT,1781056800000,train,-1,-3.64,0.464,5.06,4.11,3.95,-3.19,2.36,0.63,0.59,0.51,1,-0.45,neutral,bajista,0,0.545,32,1279,4,
s5422,0GUSDT,1781057700000,train,-1,-2.03,0.405,2.42,2.11,1.04,-1.52,1.01,0.37,0.4,0.42,0,-0.52,neutral,bajista,0,0.18,32,1280,2,
s5423,INJUSDT,1781057700000,train,-1,-3.34,0.571,4.53,3.97,0.94,-2.82,1.76,0.41,0.58,0.58,0,-0.52,neutral,bajista,0,1.332,32,1280,4,
s5424,PENDLEUSDT,1781057700000,train,-1,-3.69,0.467,4.98,4.08,3.48,-3.17,2.17,0.63,0.59,0.51,1,-0.52,neutral,bajista,0,0.465,32,1280,5,
s5425,PUMPUSDT,1781058600000,train,-1,-2.16,0.388,2.55,2.41,1.74,-1.39,1.38,0.28,0.43,0.48,0,-0.78,neutral,bajista,0,0.75,32,1281,3,
s5426,0GUSDT,1781058600000,train,-1,-2.38,0.443,2.65,2.47,1.22,-1.6,1.46,0.37,0.4,0.42,0,-0.78,neutral,bajista,0,0.014,32,1281,3,
s5427,INJUSDT,1781058600000,train,-1,-3.68,0.594,4.16,3.97,1.22,-2.9,2.01,0.41,0.58,0.58,0,-0.78,neutral,bajista,0,1.202,32,1281,5,
s5428,JUPUSDT,1781058600000,train,-1,-2.39,0.389,3.17,2.91,1.42,-1.61,1.69,0.34,0.5,0.55,0,-0.78,neutral,bajista,0,0.545,32,1281,3,
s5429,PENDLEUSDT,1781058600000,train,-1,-4.05,0.49,4.75,4.31,3.42,-3.28,2.38,0.63,0.59,0.51,1,-0.78,neutral,bajista,0,0.334,32,1281,6,
s5430,ARUSDT,1781058600000,testB,-1,-3.61,0.365,4.76,4.49,2.35,-2.83,2.4,0.39,0.64,0.59,0,-0.78,neutral,bajista,0,-0.202,32,1280,3,
s5431,GRTUSDT,1781058600000,testB,-1,-2.34,0.411,2.55,2.5,0.89,-1.57,1.57,0.58,0.78,0.61,0,-0.78,neutral,bajista,0,0.187,32,1280,3,
s5432,SANDUSDT,1781058600000,testB,-1,-2.03,0.401,2.35,2.23,1.1,-1.25,1.31,0.48,0.61,0.64,0,-0.78,neutral,bajista,0,-0.081,32,1280,3,
s5433,INJUSDT,1781059500000,train,-1,-2.97,0.539,4.58,4.16,1.38,-2.3,2.04,0.41,0.58,0.58,0,-0.68,neutral,bajista,0,1.063,32,1282,6,
s5434,JUPUSDT,1781059500000,train,-1,-2.14,0.363,3.51,3.18,1.33,-1.46,1.76,0.34,0.5,0.55,0,-0.68,neutral,bajista,0,0.354,32,1282,4,
s5435,PENDLEUSDT,1781059500000,train,-1,-3.33,0.432,4.79,4.23,0.53,-2.66,2.17,0.63,0.59,0.51,1,-0.68,neutral,neutral,0,0.322,32,1282,0,
s5436,0GUSDT,1781060400000,train,-1,-2.22,0.468,3.14,2.58,1.38,-1.71,1.28,0.4,0.39,0.41,0,-0.51,neutral,bajista,0,0.243,32,1283,5,
s5437,INJUSDT,1781060400000,train,-1,-3.31,0.625,4.58,4.24,1.44,-2.8,1.85,0.41,0.52,0.58,0,-0.51,neutral,bajista,0,1.229,32,1283,7,
s5438,PENDLEUSDT,1781060400000,train,-1,-3.44,0.453,4.79,4.06,0.4,-2.93,1.82,0.65,0.55,0.51,1,-0.51,neutral,neutral,0,0.463,32,1283,0,
s5439,PENDLEUSDT,1781061300000,train,-1,-2.86,0.369,4.77,3.67,0.33,-2.67,1.3,0.65,0.55,0.51,1,-0.19,neutral,neutral,0,0.773,32,1284,0,
s5440,0GUSDT,1781062200000,train,-1,-2.01,0.371,3.1,2.4,0.89,-1.83,0.86,0.4,0.39,0.41,0,-0.18,neutral,neutral,0,0.551,32,1285,1,
s5441,INJUSDT,1781062200000,train,-1,-2.55,0.361,4.55,3.55,0.96,-2.37,0.9,0.41,0.52,0.58,0,-0.18,neutral,neutral,0,1.702,32,1285,1,
s5442,PENDLEUSDT,1781062200000,train,-1,-3.1,0.402,4.77,3.79,0.3,-2.92,1.19,0.65,0.55,0.51,1,-0.18,neutral,neutral,0,0.59,32,1285,1,
s5443,0GUSDT,1781063100000,train,-1,-2.15,0.391,3.1,2.51,0.73,-1.86,0.9,0.4,0.39,0.41,0,-0.29,neutral,bajista,0,0.597,32,1286,2,
s5444,INJUSDT,1781063100000,train,-1,-3.56,0.459,4.59,4.46,0.83,-3.27,1.64,0.41,0.52,0.58,0,-0.29,neutral,bajista,0,1.176,32,1286,2,
s5445,PENDLEUSDT,1781063100000,train,-1,-3.56,0.444,4.79,4.21,0.3,-3.28,1.48,0.65,0.55,0.51,1,-0.29,neutral,bajista,0,0.44,32,1286,2,
s5446,PUMPUSDT,1781064000000,train,-1,-2.56,0.419,3.3,2.76,1.07,-2.03,1.19,0.33,0.32,0.47,0,-0.53,neutral,neutral,0,0.854,32,1287,0,
s5447,STBLUSDT,1781064000000,train,-1,-2.26,0.422,2.66,2.45,0.9,-1.73,0.77,0.28,0.25,0.42,0,-0.53,neutral,bajista,0,-1.0,17,1287,3,
s5448,INJUSDT,1781064000000,train,-1,-3.13,0.415,3.68,3.35,0.95,-2.6,1.37,0.44,0.43,0.58,0,-0.53,neutral,neutral,0,1.665,32,1287,0,
s5449,PENDLEUSDT,1781064000000,train,-1,-3.99,0.511,4.68,4.15,0.39,-3.46,1.42,0.69,0.5,0.51,0,-0.53,neutral,bajista,0,0.435,32,1287,3,
s5450,PUMPUSDT,1781064900000,train,-1,-2.76,0.447,3.17,2.77,1.14,-2.14,1.24,0.33,0.32,0.47,0,-0.61,neutral,neutral,0,0.805,32,1288,1,
s5451,STBLUSDT,1781064900000,train,-1,-2.1,0.379,2.65,2.23,1.03,-1.48,0.5,0.28,0.25,0.42,0,-0.61,neutral,neutral,0,-1.0,16,1288,0,
s5452,INJUSDT,1781064900000,train,-1,-3.46,0.441,3.85,3.62,0.97,-2.85,1.52,0.44,0.43,0.58,0,-0.61,neutral,neutral,0,1.399,32,1288,1,
s5453,TIAUSDT,1781064900000,train,-1,-2.8,0.404,3.1,2.94,0.62,-2.18,0.88,0.57,0.6,0.74,0,-0.61,neutral,neutral,0,0.426,32,1288,1,
s5454,PENDLEUSDT,1781064900000,train,-1,-4.02,0.512,4.68,4.36,0.39,-3.4,1.5,0.69,0.5,0.51,0,-0.61,neutral,bajista,0,0.344,32,1288,4,
s5455,PUMPUSDT,1781065800000,train,-1,-2.06,0.373,3.39,3.32,1.09,-1.59,1.58,0.33,0.32,0.47,0,-0.47,neutral,bajista,0,-0.0,32,1289,2,
s5456,STBLUSDT,1781065800000,train,-1,-2.58,0.427,3.65,3.3,1.88,-2.11,1.7,0.28,0.25,0.42,0,-0.47,neutral,neutral,0,-1.0,15,1289,1,
s5457,PENDLEUSDT,1781065800000,train,-1,-2.75,0.413,5.09,4.99,0.43,-2.27,1.91,0.69,0.5,0.51,0,-0.47,neutral,bajista,0,-0.116,32,1289,5,
s5458,PUMPUSDT,1781066700000,train,-1,-2.9,0.611,3.46,3.39,0.93,-1.9,1.54,0.33,0.32,0.47,0,-1.0,neutral,bajista,0,0.14,32,1290,3,
s5459,STBLUSDT,1781066700000,train,-1,-2.53,0.417,3.63,2.9,1.91,-1.53,1.31,0.28,0.25,0.42,0,-1.0,neutral,neutral,0,-1.0,14,1290,0,
s5460,SUIUSDT,1781066700000,train,-1,-2.27,0.489,2.84,2.46,0.89,-1.28,0.77,0.38,0.4,0.5,0,-1.0,neutral,neutral,0,-0.467,32,1290,0,
s5461,TIAUSDT,1781066700000,train,-1,-2.97,0.554,3.85,3.48,1.35,-1.98,1.6,0.57,0.6,0.74,0,-1.0,neutral,bajista,0,-0.418,32,1290,3,
s5462,SEIUSDT,1781066700000,train,-1,-2.43,0.518,3.63,2.85,1.19,-1.43,0.69,0.39,0.39,0.49,0,-1.0,neutral,neutral,0,-0.244,32,1290,0,
s5463,JUPUSDT,1781066700000,train,-1,-2.51,0.429,3.51,3.04,0.98,-1.52,0.94,0.37,0.39,0.54,0,-1.0,neutral,neutral,0,-0.065,32,1290,0,
s5464,PENDLEUSDT,1781066700000,train,-1,-3.9,0.725,5.09,4.94,0.48,-2.9,1.73,0.69,0.5,0.51,0,-1.0,neutral,neutral,0,-0.17,32,1290,0,
s5465,ONDOUSDT,1781066700000,train,-1,-3.7,0.469,5.59,4.47,1.14,-2.7,1.24,0.41,0.41,0.6,0,-1.0,neutral,neutral,0,-0.0,32,1289,0,
s5466,ARUSDT,1781066700000,testB,-1,-2.93,0.373,4.66,3.23,0.5,-1.93,0.77,0.39,0.44,0.58,0,-1.0,neutral,neutral,0,0.18,32,1289,0,
s5467,XPLUSDT,1781067600000,train,-1,-2.91,0.416,3.97,3.46,1.37,-1.85,1.19,0.4,0.42,0.41,0,-1.06,neutral,neutral,0,0.089,32,1291,1,
s5468,PUMPUSDT,1781067600000,train,-1,-3.03,0.622,3.67,3.54,1.11,-1.98,1.53,0.35,0.31,0.46,0,-1.06,neutral,bajista,0,0.019,32,1291,4,
s5469,STBLUSDT,1781067600000,train,-1,-2.62,0.425,3.3,2.91,2.64,-1.56,1.5,0.37,0.27,0.43,0,-1.06,neutral,neutral,0,-1.0,9,1291,1,
s5470,ARBUSDT,1781067600000,train,-1,-2.22,0.5,2.65,2.52,0.9,-1.16,0.9,0.42,0.44,0.61,0,-1.06,neutral,neutral,0,-0.2,32,1291,1,
s5471,INJUSDT,1781067600000,train,-1,-3.16,0.442,4.12,3.85,1.06,-2.11,1.65,0.44,0.41,0.58,0,-1.06,neutral,neutral,0,0.873,32,1291,1,
s5472,SUIUSDT,1781067600000,train,-1,-2.25,0.486,2.74,2.52,0.92,-1.2,0.86,0.38,0.34,0.49,0,-1.06,neutral,neutral,0,-0.618,32,1291,1,
s5473,TIAUSDT,1781067600000,train,-1,-2.71,0.53,3.67,3.39,1.28,-1.65,1.64,0.55,0.57,0.74,0,-1.06,neutral,bajista,0,-0.542,32,1291,4,
s5474,SEIUSDT,1781067600000,train,-1,-2.62,0.536,3.49,3.01,1.29,-1.56,0.89,0.39,0.36,0.48,0,-1.06,neutral,neutral,0,-0.401,32,1291,1,
s5475,JUPUSDT,1781067600000,train,-1,-2.77,0.453,3.32,3.12,0.88,-1.72,1.1,0.39,0.36,0.54,0,-1.06,neutral,neutral,0,-0.17,32,1291,1,
s5476,PENDLEUSDT,1781067600000,train,-1,-4.32,0.77,5.57,5.3,0.53,-3.26,1.84,0.73,0.5,0.5,0,-1.06,neutral,neutral,0,-0.252,32,1291,1,
s5477,ONDOUSDT,1781067600000,train,-1,-4.19,0.503,5.61,4.98,1.25,-3.14,1.59,0.43,0.38,0.58,0,-1.06,neutral,neutral,0,0.012,32,1290,1,
s5478,FETUSDT,1781067600000,train,-1,-2.1,0.375,2.81,2.65,1.3,-1.04,1.03,0.27,0.29,0.36,0,-1.06,neutral,neutral,0,-1.0,9,1290,1,
s5479,ARUSDT,1781067600000,testB,-1,-2.78,0.36,4.3,3.08,0.51,-1.73,0.92,0.39,0.4,0.58,0,-1.06,neutral,neutral,0,0.19,32,1290,1,
s5480,STXUSDT,1781067600000,testB,-1,-2.03,0.446,2.91,2.63,0.49,-0.98,0.85,0.3,0.42,0.56,0,-1.06,neutral,neutral,0,-0.043,32,1290,1,
s5481,GRTUSDT,1781067600000,testB,-1,-2.15,0.375,2.72,2.62,0.85,-1.09,1.06,0.54,0.55,0.61,0,-1.06,neutral,neutral,0,-0.12,32,1290,1,
s5482,PUMPUSDT,1781068500000,train,-1,-2.64,0.513,3.46,2.98,1.12,-1.73,0.91,0.35,0.31,0.46,0,-0.91,neutral,neutral,0,0.136,32,1292,0,
s5483,STBLUSDT,1781068500000,train,-1,-2.37,0.4,3.74,2.95,4.28,-1.46,1.36,0.37,0.27,0.43,0,-0.91,neutral,bajista,0,-1.0,8,1292,2,
s5484,INJUSDT,1781068500000,train,-1,-3.51,0.485,4.05,3.75,1.01,-2.6,1.47,0.44,0.41,0.58,0,-0.91,neutral,bajista,0,0.672,32,1292,2,
s5485,TIAUSDT,1781068500000,train,-1,-2.47,0.476,3.38,2.53,1.49,-1.55,1.12,0.55,0.57,0.74,0,-0.91,neutral,neutral,0,-1.0,29,1292,0,
s5486,SEIUSDT,1781068500000,train,-1,-2.25,0.449,3.1,2.37,1.51,-1.34,0.46,0.39,0.36,0.48,0,-0.91,neutral,neutral,0,-0.563,32,1292,0,
s5487,PENDLEUSDT,1781068500000,train,-1,-3.74,0.68,4.55,4.04,0.65,-2.83,1.19,0.73,0.5,0.5,0,-0.91,neutral,neutral,0,-0.386,32,1292,0,
s5488,ONDOUSDT,1781068500000,train,-1,-3.46,0.421,4.85,3.9,1.14,-2.55,0.95,0.43,0.38,0.58,0,-0.91,neutral,neutral,0,-0.081,32,1291,0,
s5489,STXUSDT,1781068500000,testB,-1,-2.03,0.446,2.74,2.3,0.53,-1.12,0.55,0.3,0.42,0.56,0,-0.91,neutral,neutral,0,-0.293,32,1291,0,
s5490,GRTUSDT,1781068500000,testB,-1,-2.05,0.351,2.61,2.09,0.91,-1.14,0.67,0.54,0.55,0.61,0,-0.91,neutral,neutral,0,-0.0,32,1291,0,
s5491,PUMPUSDT,1781069400000,train,-1,-2.65,0.513,3.81,3.33,0.95,-2.07,1.24,0.35,0.31,0.46,0,-0.58,neutral,neutral,0,-0.51,32,1293,1,
s5492,INJUSDT,1781069400000,train,-1,-3.09,0.452,3.93,3.61,1.01,-2.51,1.64,0.44,0.41,0.58,0,-0.58,neutral,bajista,0,-0.126,32,1293,3,
s5493,PENDLEUSDT,1781069400000,train,-1,-3.34,0.624,4.21,3.58,0.61,-2.76,1.14,0.73,0.5,0.5,0,-0.58,neutral,neutral,0,-0.89,32,1293,0,
s5494,ONDOUSDT,1781069400000,train,-1,-3.19,0.399,4.18,3.78,0.81,-2.61,1.66,0.43,0.38,0.58,0,-0.58,neutral,neutral,0,-0.954,32,1292,1,
s5495,XPLUSDT,1781070300000,train,-1,-2.95,0.445,3.61,3.29,1.06,-2.37,1.34,0.4,0.42,0.41,0,-0.58,neutral,bajista,0,-0.439,32,1294,2,
s5496,PUMPUSDT,1781070300000,train,-1,-2.91,0.579,3.81,3.4,0.98,-2.32,1.18,0.35,0.31,0.46,0,-0.58,neutral,bajista,0,-0.28,32,1294,2,
s5497,STBLUSDT,1781070300000,train,-1,-2.41,0.404,3.73,2.73,2.62,-1.83,0.96,0.37,0.27,0.43,0,-0.58,neutral,neutral,0,-1.0,6,1294,1,
s5498,OPUSDT,1781070300000,train,-1,-2.17,0.396,3.06,2.75,1.01,-1.59,1.26,0.52,0.48,0.56,0,-0.58,neutral,bajista,0,-1.0,31,1294,2,
s5499,INJUSDT,1781070300000,train,-1,-2.91,0.429,4.1,3.55,0.88,-2.33,1.46,0.44,0.41,0.58,0,-0.58,neutral,neutral,0,-0.037,32,1294,0,
s5500,TIAUSDT,1781070300000,train,-1,-2.35,0.487,3.39,2.85,1.09,-1.77,1.25,0.55,0.57,0.74,0,-0.58,neutral,neutral,0,-1.0,27,1294,1,
s5501,JUPUSDT,1781070300000,train,-1,-2.21,0.362,2.72,2.46,1.09,-1.63,0.97,0.39,0.36,0.54,0,-0.58,neutral,bajista,0,-1.0,31,1294,2,
s5502,XPLUSDT,1781071200000,train,-1,-2.29,0.373,3.19,2.56,0.99,-2.02,1.12,0.33,0.41,0.41,0,-0.26,neutral,neutral,0,-0.261,32,1295,0,
s5503,PUMPUSDT,1781071200000,train,-1,-2.46,0.536,2.99,2.59,0.56,-2.19,1.06,0.4,0.34,0.46,0,-0.26,neutral,neutral,0,-0.158,32,1295,0,
s5504,STBLUSDT,1781071200000,train,-1,-2.2,0.382,3.38,2.38,1.97,-1.94,0.82,0.38,0.28,0.43,0,-0.26,neutral,neutral,0,-1.0,5,1295,0,
s5505,INJUSDT,1781071200000,train,-1,-2.66,0.407,3.45,2.96,1.01,-2.4,1.39,0.46,0.43,0.59,0,-0.26,neutral,neutral,0,0.103,32,1295,1,
s5506,PUMPUSDT,1781072100000,train,-1,-2.13,0.5,2.72,2.45,0.54,-1.89,1.04,0.4,0.34,0.46,0,-0.24,neutral,neutral,0,-0.25,32,1296,1,
s5507,PUMPUSDT,1781074800000,train,-1,-2.07,0.525,4.24,2.8,2.25,-2.3,0.95,0.4,0.32,0.46,0,0.22,neutral,bajista,0,0.171,32,1299,4,
s5508,INJUSDT,1781075700000,train,-1,-2.47,0.444,3.37,2.55,0.99,-2.59,0.41,0.48,0.44,0.59,0,0.12,neutral,neutral,0,-0.393,32,1300,0,
s5509,INJUSDT,1781078400000,train,-1,-2.06,0.414,2.54,2.35,0.88,-2.23,1.27,0.61,0.49,0.62,0,0.18,neutral,bajista,0,-1.0,29,1303,3,
s5510,STBLUSDT,1781080200000,train,1,5.21,0.541,6.48,5.78,3.74,5.2,3.55,0.99,0.55,0.55,1,0.01,neutral,alcista,0,-0.379,32,1305,2,
s5511,INJUSDT,1781080200000,train,-1,-3.22,0.429,4.54,4.01,2.67,-3.23,2.6,0.61,0.49,0.62,0,0.01,neutral,neutral,0,-1.0,27,1305,1,
s5512,STBLUSDT,1781081100000,train,1,4.32,0.446,7.34,5.35,5,4.39,2.79,0.99,0.55,0.55,1,-0.07,neutral,neutral,0,-0.372,32,1306,0,
s5513,INJUSDT,1781081100000,train,-1,-3.84,0.538,4.54,4.17,2.79,-3.78,2.51,0.61,0.49,0.62,0,-0.07,neutral,bajista,0,-1.0,26,1306,2,
s5514,STBLUSDT,1781082000000,train,1,5.12,0.522,7.3,5.74,4.3,5.3,2.87,1.15,0.63,0.56,1,-0.18,neutral,neutral,0,-0.475,32,1307,1,
s5515,INJUSDT,1781082000000,train,-1,-3.3,0.499,4.32,4.1,2.78,-3.12,2.37,0.65,0.51,0.61,0,-0.18,neutral,bajista,0,-1.0,24,1307,3,
s5516,STBLUSDT,1781082900000,train,1,4.43,0.421,6.91,4.53,2.09,4.53,2.05,1.15,0.63,0.56,1,-0.1,neutral,neutral,0,-0.615,32,1308,0,
s5517,INJUSDT,1781082900000,train,-1,-2.91,0.443,4.54,3.92,2.49,-2.82,1.94,0.65,0.51,0.61,0,-0.1,neutral,neutral,0,-1.0,23,1308,0,
s5518,STBLUSDT,1781083800000,train,1,4.5,0.426,6.66,4.8,1.6,4.52,2.26,1.15,0.63,0.56,1,-0.03,neutral,neutral,0,-0.724,32,1309,1,
s5519,INJUSDT,1781083800000,train,-1,-2.37,0.358,4.53,3.62,0.87,-2.35,1.57,0.65,0.51,0.61,0,-0.03,neutral,neutral,0,-1.0,22,1309,0,
s5520,STBLUSDT,1781084700000,train,1,4.68,0.45,6.67,4.76,0.82,4.71,2.05,1.15,0.63,0.56,1,-0.03,neutral,neutral,0,-0.661,32,1310,0,
s5521,INJUSDT,1781084700000,train,-1,-2.86,0.409,4.55,4.08,0.81,-2.83,1.72,0.65,0.51,0.61,0,-0.03,neutral,neutral,0,-1.0,21,1310,1,
s5522,STBLUSDT,1781085600000,train,1,4.85,0.459,6.45,4.71,0.72,5.11,2.02,1.18,0.67,0.54,1,-0.26,neutral,neutral,0,-0.737,32,1311,1,
s5523,INJUSDT,1781085600000,train,-1,-2.92,0.414,4.55,4.2,0.72,-2.66,1.64,0.65,0.53,0.61,0,-0.26,neutral,bajista,0,-1.0,20,1311,2,
s5524,STBLUSDT,1781086500000,train,1,4.05,0.409,6.41,4.59,0.62,4.07,1.69,1.18,0.67,0.54,1,-0.03,neutral,neutral,0,-0.712,32,1312,0,
s5525,INJUSDT,1781086500000,train,-1,-3.48,0.497,4.84,4.49,0.64,-3.46,1.69,0.65,0.53,0.61,0,-0.03,neutral,bajista,0,-1.0,19,1312,3,
s5526,STBLUSDT,1781087400000,train,1,4.18,0.424,6.24,4.47,0.51,4.38,1.59,1.18,0.67,0.54,1,-0.2,neutral,neutral,0,-0.907,32,1313,0,
s5527,INJUSDT,1781087400000,train,-1,-3.69,0.547,4.38,3.9,0.65,-3.5,1.42,0.65,0.53,0.61,0,-0.2,neutral,neutral,0,-1.0,13,1313,0,
s5528,STBLUSDT,1781088300000,train,1,4.71,0.489,6.24,4.58,0.41,4.86,1.55,1.18,0.67,0.54,1,-0.14,neutral,neutral,0,-0.721,32,1314,1,
s5529,INJUSDT,1781088300000,train,-1,-2.94,0.463,4.38,3.71,0.67,-2.8,1.12,0.65,0.53,0.61,0,-0.14,neutral,neutral,0,-1.0,12,1314,0,
s5530,XPLUSDT,1781089200000,train,-1,-2.42,0.399,4.95,3.55,1.62,-1.76,1.31,0.44,0.41,0.44,0,-0.65,neutral,neutral,0,-1.0,10,1315,1,
s5531,INJUSDT,1781089200000,train,-1,-3.92,0.552,5.36,4.65,1.09,-3.27,1.86,0.75,0.57,0.62,0,-0.65,neutral,neutral,0,-1.0,11,1315,1,
s5532,FETUSDT,1781089200000,train,-1,-2.41,0.375,5.1,4.07,1.25,-1.76,1.29,0.42,0.33,0.4,0,-0.65,neutral,neutral,0,0.468,32,1314,1,
s5533,XPLUSDT,1781090100000,train,-1,-3.82,0.622,5.02,4.39,1.68,-2.72,1.97,0.44,0.41,0.44,0,-1.1,neutral,bajista,0,-1.0,9,1316,2,
s5534,PUMPUSDT,1781090100000,train,-1,-2.04,0.405,2.91,2.43,2.03,-0.94,1.21,0.42,0.38,0.46,0,-1.1,neutral,bajista,0,-1.0,5,1316,2,
s5535,0GUSDT,1781090100000,train,-1,-2.92,0.528,3.79,3.29,1.76,-1.82,1.57,0.39,0.4,0.4,0,-1.1,neutral,bajista,0,-1.0,9,1316,2,
s5536,ENAUSDT,1781090100000,train,-1,-3.43,0.581,4.19,3.72,0.81,-2.33,1.55,0.56,0.5,0.69,0,-1.1,neutral,bajista,0,1.528,32,1316,2,
s5537,ARBUSDT,1781090100000,train,-1,-2.27,0.473,2.89,2.54,0.97,-1.16,1.06,1.03,0.71,0.77,0,-1.1,neutral,bajista,0,-1.0,5,1316,2,
s5538,OPUSDT,1781090100000,train,-1,-2.82,0.474,4.29,3.76,1.35,-1.71,1.58,0.6,0.56,0.61,0,-1.1,neutral,bajista,0,-1.0,9,1316,2,
s5539,INJUSDT,1781090100000,train,-1,-4.16,0.591,5.19,4.58,1.34,-3.06,1.82,0.75,0.57,0.62,0,-1.1,neutral,bajista,0,-1.0,9,1316,2,
s5540,SUIUSDT,1781090100000,train,-1,-2.2,0.527,2.92,2.59,1.17,-1.1,0.97,0.51,0.44,0.52,0,-1.1,neutral,bajista,0,-1.0,5,1316,2,
s5541,TIAUSDT,1781090100000,train,-1,-2.41,0.43,3.53,2.95,1.83,-1.31,1.56,0.53,0.53,0.73,0,-1.1,neutral,bajista,0,-1.0,5,1316,2,
s5542,JUPUSDT,1781090100000,train,-1,-2.31,0.507,3.11,2.7,1.52,-1.21,1.12,0.41,0.39,0.52,0,-1.1,neutral,bajista,0,-1.0,5,1316,2,
s5543,ONDOUSDT,1781090100000,train,-1,-2.29,0.4,3.46,2.9,1.37,-1.19,1.2,0.49,0.46,0.55,0,-1.1,neutral,bajista,0,-1.0,5,1315,2,
s5544,FETUSDT,1781090100000,train,-1,-4.07,0.732,5.12,4.55,1.36,-2.97,1.65,0.42,0.33,0.4,0,-1.1,neutral,bajista,0,0.466,32,1315,2,
s5545,ARUSDT,1781090100000,testB,-1,-2.75,0.377,4.45,3.59,2.84,-1.65,2.23,0.38,0.38,0.6,0,-1.1,neutral,bajista,0,-1.0,9,1315,2,
s5546,STXUSDT,1781090100000,testB,-1,-2.38,0.494,2.83,2.61,1.59,-1.28,1.04,0.48,0.39,0.58,0,-1.1,neutral,bajista,0,-1.0,9,1315,2,
s5547,GRTUSDT,1781090100000,testB,-1,-2.34,0.616,3.08,2.66,1.27,-1.24,1.36,0.56,0.54,0.67,0,-1.1,neutral,bajista,0,-1.0,9,1315,3,
s5548,AXSUSDT,1781090100000,testB,-1,-2.19,0.5,3.13,2.57,2.48,-1.09,1.26,0.56,0.44,0.49,0,-1.1,neutral,bajista,0,-1.0,9,1315,2,
s5549,APEUSDT,1781090100000,testB,-1,-2.35,0.519,3.44,2.93,3.15,-1.25,1.33,0.53,0.47,0.53,0,-1.1,neutral,bajista,0,-1.0,9,1315,2,
s5550,XPLUSDT,1781091000000,train,-1,-3.34,0.551,4.33,3.49,1.91,-2.15,1.61,0.44,0.41,0.44,0,-1.19,neutral,neutral,0,-1.0,8,1317,0,
s5551,0GUSDT,1781091000000,train,-1,-2.54,0.446,3.35,2.58,2.0,-1.36,1.13,0.39,0.4,0.4,0,-1.19,neutral,neutral,0,-1.0,8,1317,0,
s5552,WLDUSDT,1781091000000,train,-1,-4.55,0.484,6.37,4.93,1.09,-3.36,1.88,0.44,0.44,0.61,0,-1.19,neutral,neutral,0,-1.0,4,1317,1,
s5553,ENAUSDT,1781091000000,train,-1,-2.92,0.528,3.67,3.14,1.16,-1.73,1.31,0.56,0.5,0.69,0,-1.19,neutral,neutral,0,-1.0,8,1317,0,
s5554,ARBUSDT,1781091000000,train,-1,-2.02,0.412,2.76,2.22,1.12,-0.83,0.76,1.03,0.71,0.77,0,-1.19,neutral,neutral,0,-1.0,4,1317,0,
s5555,OPUSDT,1781091000000,train,-1,-2.6,0.424,3.94,2.77,1.53,-1.41,0.8,0.6,0.56,0.61,0,-1.19,neutral,neutral,0,-1.0,4,1317,0,
s5556,INJUSDT,1781091000000,train,-1,-4.13,0.589,5.2,4.68,1.26,-2.94,1.66,0.75,0.57,0.62,0,-1.19,neutral,bajista,0,-1.0,8,1317,3,
s5557,TIAUSDT,1781091000000,train,-1,-2.47,0.446,3.52,2.75,1.88,-1.28,1.21,0.53,0.53,0.73,0,-1.19,neutral,neutral,0,-1.0,4,1317,0,
s5558,JUPUSDT,1781091000000,train,-1,-2.05,0.425,2.83,2.09,1.43,-0.86,0.67,0.41,0.39,0.52,0,-1.19,neutral,neutral,0,-1.0,4,1317,0,
s5559,ONDOUSDT,1781091000000,train,-1,-2.34,0.414,3.16,2.37,1.52,-1.16,0.82,0.49,0.46,0.55,0,-1.19,neutral,neutral,0,-1.0,4,1316,0,
s5560,FETUSDT,1781091000000,train,-1,-3.54,0.651,4.49,3.72,1.56,-2.35,1.29,0.42,0.33,0.4,0,-1.19,neutral,neutral,0,-1.0,8,1316,0,
s5561,AXSUSDT,1781091000000,testB,-1,-2.08,0.463,3.01,2.23,2.78,-0.89,0.92,0.56,0.44,0.49,0,-1.19,neutral,neutral,0,-1.0,4,1316,0,
s5562,APEUSDT,1781091000000,testB,-1,-2.35,0.519,3.26,2.49,3.12,-1.16,0.95,0.53,0.47,0.53,0,-1.19,neutral,neutral,0,-1.0,8,1316,0,
s5563,XPLUSDT,1781091900000,train,-1,-2.79,0.499,3.84,2.96,2.04,-1.73,1.45,0.44,0.41,0.44,0,-1.06,neutral,neutral,0,-1.0,3,1318,0,
s5564,0GUSDT,1781091900000,train,-1,-2.38,0.429,3.08,2.58,2.23,-1.33,1.37,0.39,0.4,0.4,0,-1.06,neutral,neutral,0,-1.0,7,1318,1,
s5565,ENAUSDT,1781091900000,train,-1,-2.48,0.485,3.83,3.46,1.32,-1.42,1.52,0.56,0.5,0.69,0,-1.06,neutral,neutral,0,-1.0,7,1318,1,
s5566,ARBUSDT,1781091900000,train,-1,-2.14,0.426,2.66,2.25,1.24,-1.09,0.86,1.03,0.71,0.77,0,-1.06,neutral,neutral,0,-1.0,3,1318,1,
s5567,OPUSDT,1781091900000,train,-1,-2.7,0.433,3.85,2.88,1.66,-1.65,0.98,0.6,0.56,0.61,0,-1.06,neutral,neutral,0,-1.0,3,1318,1,
s5568,INJUSDT,1781091900000,train,-1,-3.77,0.566,5.2,4.72,1.24,-2.71,1.55,0.75,0.57,0.62,0,-1.06,neutral,bajista,0,-1.0,7,1318,4,
s5569,TIAUSDT,1781091900000,train,-1,-2.19,0.389,3.52,2.56,2.06,-1.13,0.96,0.53,0.53,0.73,0,-1.06,neutral,neutral,0,-1.0,3,1318,0,
s5570,ONDOUSDT,1781091900000,train,-1,-2.24,0.402,2.88,2.32,1.44,-1.18,1.02,0.49,0.46,0.55,0,-1.06,neutral,neutral,0,-1.0,3,1317,1,
s5571,FETUSDT,1781091900000,train,-1,-3.1,0.62,3.98,3.2,1.64,-2.05,1.25,0.42,0.33,0.4,0,-1.06,neutral,neutral,0,-1.0,7,1317,0,
s5572,GRTUSDT,1781091900000,testB,-1,-2.13,0.506,2.76,2.28,1.37,-1.08,1.07,0.56,0.54,0.67,0,-1.06,neutral,neutral,0,-1.0,3,1317,1,
s5573,AXSUSDT,1781091900000,testB,-1,-2.19,0.476,2.68,2.13,2.96,-1.13,1.07,0.56,0.44,0.49,0,-1.06,neutral,neutral,0,-1.0,3,1317,1,
s5574,APEUSDT,1781091900000,testB,-1,-2.27,0.509,3.01,2.41,3.13,-1.21,1.06,0.53,0.47,0.53,0,-1.06,neutral,neutral,0,-1.0,3,1317,1,
s5575,INJUSDT,1781092800000,train,-1,-3.59,0.553,5.39,4.97,0.88,-2.91,1.64,0.83,0.62,0.64,0,-0.68,neutral,bajista,0,-1.0,6,1319,5,
s5576,FETUSDT,1781092800000,train,-1,-2.47,0.563,3.88,3.21,0.71,-1.79,1.39,0.49,0.37,0.41,0,-0.68,neutral,neutral,0,-1.0,6,1318,1,
s5577,INJUSDT,1781093700000,train,-1,-4.04,0.676,5.14,4.51,0.53,-3.43,1.27,0.83,0.62,0.64,0,-0.61,neutral,neutral,0,-1.0,5,1320,0,
s5578,FETUSDT,1781093700000,train,-1,-2.32,0.523,3.51,2.74,0.58,-1.71,1.12,0.49,0.37,0.41,0,-0.61,neutral,neutral,0,-1.0,5,1319,0,
s5579,PENDLEUSDT,1781096400000,train,1,2.17,0.456,2.97,2.8,1.5,1.4,1.45,0.67,0.53,0.57,0,0.77,neutral,alcista,0,-1.0,31,1323,4,
s5580,MANAUSDT,1781096400000,testB,1,2.33,0.405,2.74,2.58,1.49,1.56,1.55,0.69,0.57,0.62,0,0.77,neutral,neutral,0,-1.0,28,1322,1,
s5581,PENDLEUSDT,1781097300000,train,1,2.82,0.555,3.47,3.22,1.79,2.24,1.78,0.67,0.53,0.57,0,0.58,neutral,alcista,0,-1.0,30,1324,5,
s5582,MANAUSDT,1781097300000,testB,1,2.02,0.371,2.74,2.58,1.43,1.44,1.4,0.69,0.57,0.62,0,0.58,neutral,alcista,0,-1.0,27,1323,2,
s5583,ARBUSDT,1781098200000,train,1,2.98,0.485,4.29,4.25,1.3,1.15,2.55,1.53,0.96,0.88,1,1.83,neutral,alcista,0,-1.0,29,1325,7,
s5584,OPUSDT,1781098200000,train,1,3.07,0.358,5.13,4.92,1.24,1.23,2.58,0.9,0.71,0.68,1,1.83,neutral,alcista,0,-1.0,16,1325,3,
s5585,SUIUSDT,1781098200000,train,1,2.8,0.487,3.9,3.9,1.53,0.96,2.26,0.69,0.53,0.55,0,1.83,neutral,alcista,0,-1.0,25,1325,3,
s5586,TIAUSDT,1781098200000,train,1,3.7,0.422,5.49,5.49,1.0,1.87,2.97,0.76,0.59,0.71,0,1.83,neutral,alcista,0,-1.0,23,1325,3,
s5587,SEIUSDT,1781098200000,train,1,2.99,0.418,4.61,4.61,1.01,1.15,2.59,0.52,0.52,0.51,1,1.83,neutral,alcista,0,-1.0,26,1325,3,
s5588,JUPUSDT,1781098200000,train,1,3.41,0.495,4.66,4.66,1.42,1.58,2.8,0.65,0.49,0.55,0,1.83,neutral,alcista,0,-1.0,26,1325,3,
s5589,PENDLEUSDT,1781098200000,train,1,4.6,0.672,5.04,4.86,1.77,2.77,3.21,0.67,0.53,0.57,0,1.83,neutral,alcista,0,-1.0,29,1325,6,
s5590,ONDOUSDT,1781098200000,train,1,3.91,0.421,5.65,5.6,1.35,2.07,3.7,0.64,0.53,0.56,0,1.83,neutral,alcista,0,-1.0,19,1324,2,
s5591,LDOUSDT,1781098200000,testB,1,2.91,0.54,4.15,4.04,1.5,1.08,2.39,0.68,0.51,0.53,0,1.83,neutral,alcista,0,-1.0,26,1324,3,
s5592,SANDUSDT,1781098200000,testB,1,3.57,0.551,4.36,4.34,1.15,1.74,2.8,0.67,0.55,0.64,0,1.83,neutral,alcista,0,-1.0,30,1324,3,
s5593,MANAUSDT,1781098200000,testB,1,3.25,0.488,4.05,3.9,1.03,1.42,2.49,0.69,0.57,0.62,0,1.83,neutral,alcista,0,-1.0,26,1324,3,
s5594,AXSUSDT,1781098200000,testB,1,2.76,0.373,4.41,4.41,0.82,0.93,2.49,0.81,0.56,0.54,1,1.83,neutral,alcista,0,-1.0,30,1324,3,
s5595,APEUSDT,1781098200000,testB,1,3.31,0.448,5.02,5.02,0.83,1.48,2.99,0.78,0.58,0.58,0,1.83,neutral,alcista,0,-1.0,30,1324,3,
s5596,INJUSDT,1781099100000,train,1,3.08,0.351,5.49,4.79,1.65,1.75,2.69,1.0,0.72,0.66,1,1.34,neutral,neutral,0,-1.0,28,1326,0,
s5597,PENDLEUSDT,1781099100000,train,1,3.84,0.504,4.97,3.99,1.74,2.5,2.19,0.67,0.53,0.57,0,1.34,neutral,neutral,0,-1.0,28,1326,0,
s5598,ONDOUSDT,1781099100000,train,1,3.48,0.357,5.89,4.99,1.41,2.14,2.78,0.64,0.53,0.56,0,1.34,neutral,neutral,0,-1.0,18,1325,0,
s5599,PENDLEUSDT,1781100000000,train,1,3.05,0.408,4.98,3.69,2.01,1.79,1.7,0.66,0.53,0.55,0,1.26,neutral,neutral,0,-1.0,27,1327,0,
s5600,PENDLEUSDT,1781100900000,train,1,2.88,0.396,4.98,3.83,1.88,1.71,1.67,0.66,0.53,0.55,0,1.17,neutral,neutral,0,-1.0,26,1328,1,
s5601,INJUSDT,1781102700000,train,1,3.52,0.366,5.47,5.12,1.02,2.18,2.25,0.97,0.77,0.65,1,1.34,neutral,neutral,0,-1.0,24,1330,1,
s5602,PENDLEUSDT,1781102700000,train,1,2.97,0.374,4.96,4.06,0.85,1.63,1.56,0.66,0.53,0.55,0,1.34,neutral,neutral,0,-1.0,24,1330,1,
s5603,INJUSDT,1781103600000,train,1,3.73,0.391,5.93,4.45,0.89,2.47,1.42,1.1,0.86,0.65,1,1.26,neutral,neutral,0,-1.0,23,1331,0,
s5604,PENDLEUSDT,1781103600000,train,1,2.88,0.357,4.99,3.61,0.64,1.62,0.94,0.68,0.58,0.55,1,1.26,neutral,neutral,0,-1.0,23,1331,0,
s5605,APEUSDT,1781103600000,testB,1,2.91,0.37,5.15,4.07,0.53,1.65,1.14,0.88,0.67,0.55,1,1.26,neutral,neutral,0,-1.0,24,1330,0,
s5606,ASTERUSDT,1781104500000,train,1,2.11,0.458,2.57,2.35,1.0,-0.02,0.92,0.69,0.52,0.39,1,2.12,bull,neutral,0,-1.0,9,1332,1,train
s5607,XPLUSDT,1781104500000,train,1,3.81,0.369,5.47,4.16,0.95,1.69,1.23,0.66,0.52,0.48,1,2.12,bull,neutral,0,-1.0,6,1332,1,train
s5608,0GUSDT,1781104500000,train,1,2.58,0.371,3.79,2.9,0.54,0.46,0.73,0.58,0.47,0.42,1,2.12,bull,neutral,0,-1.0,16,1332,1,train
s5609,ARBUSDT,1781104500000,train,1,3.01,0.388,4.55,3.48,0.68,0.89,0.99,1.64,1.21,0.91,1,2.12,bull,neutral,0,-1.0,22,1332,1,train
s5610,INJUSDT,1781104500000,train,1,5.39,0.49,6.22,5.86,0.9,3.27,2.64,1.1,0.86,0.65,1,2.12,bull,neutral,0,-1.0,22,1332,1,train
s5611,SUIUSDT,1781104500000,train,1,3.12,0.419,3.81,3.16,0.96,1.0,1.04,0.77,0.61,0.53,1,2.12,bull,neutral,0,-1.0,18,1332,1,train
s5612,SEIUSDT,1781104500000,train,1,3.41,0.409,4.44,3.38,0.62,1.29,1.07,0.54,0.53,0.46,1,2.12,bull,neutral,0,-1.0,18,1332,1,train
s5613,JUPUSDT,1781104500000,train,1,3.72,0.462,4.56,3.65,0.55,1.6,1.33,0.73,0.55,0.5,1,2.12,bull,neutral,0,-1.0,18,1332,1,train
s5614,PENDLEUSDT,1781104500000,train,1,4.44,0.524,4.89,4.44,0.62,2.32,1.68,0.68,0.58,0.55,1,2.12,bull,neutral,0,-1.0,22,1332,1,train
s5615,ONDOUSDT,1781104500000,train,1,4.17,0.388,5.86,4.48,0.83,2.04,1.46,0.74,0.6,0.53,1,2.12,bull,neutral,0,-1.0,12,1331,1,train
s5616,GRTUSDT,1781104500000,testB,1,2.6,0.405,3.73,2.75,0.66,0.48,0.7,0.63,0.56,0.65,0,2.12,bull,neutral,0,-1.0,19,1331,1,
s5617,LDOUSDT,1781104500000,testB,1,3.13,0.488,4.14,3.27,0.56,1.01,1.05,0.77,0.57,0.49,1,2.12,bull,neutral,0,-1.0,18,1331,1,
s5618,SANDUSDT,1781104500000,testB,1,2.98,0.398,4.41,3.25,0.81,0.86,0.87,0.76,0.6,0.57,1,2.12,bull,neutral,0,-1.0,23,1331,1,
s5619,MANAUSDT,1781104500000,testB,1,3.27,0.488,4.07,3.46,0.79,1.14,1.14,0.76,0.63,0.58,1,2.12,bull,neutral,0,-1.0,19,1331,1,
s5620,AXSUSDT,1781104500000,testB,1,3.13,0.412,4.23,3.36,0.63,1.01,0.99,0.9,0.65,0.53,1,2.12,bull,neutral,0,-1.0,22,1331,1,
s5621,APEUSDT,1781104500000,testB,1,4.48,0.553,5.11,4.86,0.56,2.35,1.82,0.88,0.67,0.55,1,2.12,bull,neutral,0,-1.0,23,1331,1,
s5622,ASTERUSDT,1781105400000,train,1,2.38,0.488,2.67,2.66,1.11,0.13,1.07,0.69,0.52,0.39,1,2.25,bull,alcista,0,-1.0,8,1333,2,train
s5623,0GUSDT,1781105400000,train,1,2.4,0.354,3.79,3.0,0.52,0.15,0.75,0.58,0.47,0.42,1,2.25,bull,alcista,0,-1.0,15,1333,2,train
s5624,ARBUSDT,1781105400000,train,1,4.23,0.472,4.91,4.78,1.13,1.98,2.11,1.64,1.21,0.91,1,2.25,bull,alcista,0,-1.0,21,1333,2,train
s5625,INJUSDT,1781105400000,train,1,4.84,0.419,6.35,5.28,1.08,2.59,1.79,1.1,0.86,0.65,1,2.25,bull,neutral,0,-1.0,21,1333,0,train
s5626,SUIUSDT,1781105400000,train,1,2.78,0.392,3.46,2.85,0.86,0.53,0.95,0.77,0.61,0.53,1,2.25,bull,alcista,0,-1.0,12,1333,2,train
s5627,SEIUSDT,1781105400000,train,1,3.02,0.368,4.41,3.22,0.67,0.77,0.84,0.54,0.53,0.46,1,2.25,bull,neutral,0,-1.0,17,1333,0,train
s5628,JUPUSDT,1781105400000,train,1,3.5,0.448,4.56,3.78,0.66,1.25,1.3,0.73,0.55,0.5,1,2.25,bull,alcista,0,-1.0,17,1333,2,train
s5629,PENDLEUSDT,1781105400000,train,1,4.28,0.516,4.88,4.77,0.72,2.03,1.82,0.68,0.58,0.55,1,2.25,bull,alcista,0,-1.0,21,1333,2,train
s5630,GRTUSDT,1781105400000,testB,1,2.17,0.35,3.73,2.65,0.77,-0.08,0.54,0.63,0.56,0.65,0,2.25,bull,neutral,0,-1.0,18,1332,0,
s5631,LDOUSDT,1781105400000,testB,1,3.25,0.497,4.02,3.34,0.6,1.0,1.11,0.77,0.57,0.49,1,2.25,bull,alcista,0,-1.0,17,1332,2,testB
s5632,SANDUSDT,1781105400000,testB,1,3.01,0.402,4.4,3.52,0.72,0.76,1.04,0.76,0.6,0.57,1,2.25,bull,alcista,0,-1.0,22,1332,2,testB
s5633,MANAUSDT,1781105400000,testB,1,3.1,0.476,4.06,3.61,0.72,0.85,1.12,0.76,0.63,0.58,1,2.25,bull,alcista,0,-1.0,18,1332,2,testB
s5634,AXSUSDT,1781105400000,testB,1,2.9,0.394,4.23,3.36,0.68,0.65,0.87,0.9,0.65,0.53,1,2.25,bull,neutral,0,-1.0,21,1332,0,
s5635,APEUSDT,1781105400000,testB,1,4.38,0.548,5.1,5.02,0.57,2.13,1.77,0.88,0.67,0.55,1,2.25,bull,alcista,0,-1.0,22,1332,2,testB
s5636,ASTERUSDT,1781106300000,train,1,2.05,0.425,2.69,2.52,1.12,-0.57,0.85,0.69,0.52,0.39,1,2.63,bull,neutral,0,-1.0,7,1334,0,train
s5637,0GUSDT,1781106300000,train,1,2.62,0.398,3.79,2.93,0.79,-0.01,0.71,0.58,0.47,0.42,1,2.63,bull,neutral,0,-1.0,14,1334,0,train
s5638,ARBUSDT,1781106300000,train,1,3.56,0.369,5.05,4.04,1.27,0.93,1.28,1.64,1.21,0.91,1,2.63,bull,neutral,0,-1.0,20,1334,0,
s5639,INJUSDT,1781106300000,train,1,5.0,0.43,6.34,5.38,1.25,2.37,1.84,1.1,0.86,0.65,1,2.63,bull,neutral,0,-1.0,20,1334,1,
s5640,SEIUSDT,1781106300000,train,1,2.95,0.363,4.41,3.24,0.89,0.33,0.89,0.54,0.53,0.46,1,2.63,bull,neutral,0,-1.0,16,1334,1,
s5641,JUPUSDT,1781106300000,train,1,3.51,0.448,4.56,3.71,1.03,0.88,1.16,0.73,0.55,0.5,1,2.63,bull,neutral,0,-1.0,16,1334,0,
s5642,PENDLEUSDT,1781106300000,train,1,4.6,0.536,5.46,5.05,1.02,1.98,1.96,0.68,0.58,0.55,1,2.63,bull,alcista,0,-1.0,20,1334,3,train
s5643,GRTUSDT,1781106300000,testB,1,2.44,0.411,3.73,2.65,1.11,-0.18,0.59,0.63,0.56,0.65,0,2.63,bull,neutral,0,-1.0,17,1333,1,
s5644,LDOUSDT,1781106300000,testB,1,3.13,0.476,4.02,3.26,0.83,0.5,1.02,0.77,0.57,0.49,1,2.63,bull,neutral,0,-1.0,16,1333,0,
s5645,SANDUSDT,1781106300000,testB,1,3.0,0.398,4.4,3.4,0.95,0.37,0.9,0.76,0.6,0.57,1,2.63,bull,neutral,0,-1.0,21,1333,0,
s5646,MANAUSDT,1781106300000,testB,1,3.27,0.512,4.07,3.46,0.95,0.64,0.96,0.76,0.63,0.58,1,2.63,bull,neutral,0,-1.0,17,1333,0,
s5647,AXSUSDT,1781106300000,testB,1,3.02,0.415,4.23,3.26,1.03,0.39,0.78,0.9,0.65,0.53,1,2.63,bull,neutral,0,-1.0,20,1333,0,
s5648,APEUSDT,1781106300000,testB,1,4.13,0.5,5.53,4.62,0.75,1.5,1.3,0.88,0.67,0.55,1,2.63,bull,neutral,0,-1.0,21,1333,0,
s5649,INJUSDT,1781107200000,train,1,4.34,0.352,6.27,4.42,1.05,2.46,0.88,1.23,0.92,0.64,1,1.88,neutral,neutral,0,-1.0,16,1335,0,
s5650,JUPUSDT,1781107200000,train,1,2.82,0.362,4.31,3.14,1.15,0.94,0.83,0.8,0.58,0.47,1,1.88,neutral,neutral,0,-1.0,13,1335,0,
s5651,PENDLEUSDT,1781107200000,train,1,3.6,0.375,5.2,3.74,1.07,1.72,0.9,0.73,0.61,0.54,1,1.88,neutral,neutral,0,-1.0,16,1335,0,
s5652,LDOUSDT,1781107200000,testB,1,2.34,0.357,3.92,2.78,0.93,0.46,0.64,0.85,0.61,0.47,1,1.88,neutral,neutral,0,-1.0,15,1334,0,
s5653,MANAUSDT,1781107200000,testB,1,2.79,0.45,3.92,3.17,1.0,0.91,0.79,0.84,0.66,0.56,1,1.88,neutral,neutral,0,-1.0,16,1334,0,
s5654,AXSUSDT,1781107200000,testB,1,2.33,0.356,3.8,2.82,1.09,0.45,0.79,0.97,0.68,0.5,1,1.88,neutral,neutral,0,-1.0,16,1334,0,
s5655,APEUSDT,1781107200000,testB,1,3.26,0.388,5.15,3.73,0.85,1.38,0.82,0.95,0.68,0.51,1,1.88,neutral,neutral,0,-1.0,19,1334,0,
s5656,LDOUSDT,1781108100000,testB,1,2.38,0.361,3.69,2.59,0.97,0.55,0.6,0.85,0.61,0.47,1,1.83,neutral,neutral,0,-1.0,12,1335,0,
s5657,SANDUSDT,1781108100000,testB,1,2.62,0.355,3.8,2.75,0.95,0.8,0.76,0.8,0.62,0.54,1,1.83,neutral,neutral,0,-1.0,18,1335,1,
s5658,MANAUSDT,1781108100000,testB,1,2.63,0.436,3.62,2.87,1.01,0.8,0.68,0.84,0.66,0.56,1,1.83,neutral,neutral,0,-1.0,14,1335,0,
s5659,AXSUSDT,1781108100000,testB,1,2.56,0.377,3.58,2.82,1.24,0.73,0.88,0.97,0.68,0.5,1,1.83,neutral,neutral,0,-1.0,14,1335,1,
s5660,APEUSDT,1781108100000,testB,1,3.26,0.388,4.73,3.32,0.96,1.43,0.7,0.95,0.68,0.51,1,1.83,neutral,neutral,0,-1.0,15,1335,0,
s5661,PUMPUSDT,1781111700000,train,-1,-2.79,0.363,5.74,4.97,1.33,-3.34,1.77,0.76,0.59,0.43,1,0.55,neutral,neutral,0,0.479,32,1340,1,
s5662,ENAUSDT,1781111700000,train,-1,-4.09,0.368,6.39,6.13,1.53,-4.64,2.82,0.78,0.67,0.53,1,0.55,neutral,neutral,0,0.57,32,1340,1,
s5663,ASTERUSDT,1781112600000,train,-1,-2.71,0.51,3.14,3.03,1.3,-1.68,1.62,0.65,0.6,0.39,1,-1.02,neutral,bajista,0,-0.586,32,1341,8,
s5664,XPLUSDT,1781112600000,train,-1,-5.67,0.628,6.62,6.3,0.98,-4.64,2.38,0.72,0.58,0.49,1,-1.02,neutral,neutral,0,-0.166,32,1341,0,
s5665,PUMPUSDT,1781112600000,train,-1,-5.08,0.792,5.77,5.63,1.3,-4.06,2.09,0.76,0.59,0.43,1,-1.02,neutral,bajista,0,0.188,32,1341,2,
s5666,STBLUSDT,1781112600000,train,-1,-3.08,0.544,3.82,3.34,0.73,-2.05,1.57,0.58,0.89,0.52,0,-1.02,neutral,bajista,0,-0.269,32,1341,5,
s5667,0GUSDT,1781112600000,train,-1,-2.98,0.644,3.31,3.14,0.88,-1.95,1.2,0.6,0.49,0.4,1,-1.02,neutral,bajista,0,0.562,32,1341,8,
s5668,ENAUSDT,1781112600000,train,-1,-6.31,0.627,7.27,6.92,1.73,-5.29,3.19,0.78,0.67,0.53,1,-1.02,neutral,bajista,0,0.412,32,1341,2,
s5669,ARBUSDT,1781112600000,train,-1,-3.13,0.353,4.23,4.05,1.21,-2.11,1.58,1.78,1.41,0.9,1,-1.02,neutral,bajista,0,-0.009,32,1341,5,
s5670,OPUSDT,1781112600000,train,-1,-4.72,0.575,5.71,5.17,1.66,-3.69,2.04,1.29,0.94,0.7,1,-1.02,neutral,bajista,0,0.104,32,1341,2,
s5671,INJUSDT,1781112600000,train,-1,-3.53,0.389,5.21,5.03,0.7,-2.51,1.93,1.17,0.94,0.63,1,-1.02,neutral,bajista,0,0.121,32,1341,2,
s5672,SUIUSDT,1781112600000,train,-1,-3.3,0.535,3.55,3.48,0.87,-2.28,1.48,0.92,0.71,0.52,1,-1.02,neutral,bajista,0,-0.168,32,1341,2,
s5673,TIAUSDT,1781112600000,train,-1,-4.67,0.692,5.22,4.99,0.7,-3.64,1.93,1.0,0.76,0.65,1,-1.02,neutral,bajista,0,-0.141,32,1341,2,
s5674,SEIUSDT,1781112600000,train,-1,-3.5,0.612,3.86,3.75,0.98,-2.47,1.48,0.57,0.54,0.43,1,-1.02,neutral,bajista,0,-0.227,32,1341,7,
s5675,JUPUSDT,1781112600000,train,-1,-3.62,0.596,4.16,3.96,1.15,-2.6,1.84,0.86,0.62,0.48,1,-1.02,neutral,bajista,0,-0.271,32,1341,8,
s5676,PENDLEUSDT,1781112600000,train,-1,-3.0,0.405,4.02,3.89,0.53,-1.97,1.52,0.73,0.6,0.54,1,-1.02,neutral,bajista,0,-0.024,32,1341,7,
s5677,ONDOUSDT,1781112600000,train,-1,-4.96,0.669,5.8,5.48,0.53,-3.94,2.0,0.77,0.63,0.49,1,-1.02,neutral,bajista,0,0.112,32,1340,3,
s5678,FETUSDT,1781112600000,train,-1,-4.68,0.662,5.17,5.01,0.96,-3.66,1.92,0.67,0.53,0.39,1,-1.02,neutral,bajista,0,0.5,32,1340,2,
s5679,ARUSDT,1781112600000,testB,-1,-3.46,0.485,3.97,3.7,0.83,-2.44,1.58,0.53,0.45,0.42,1,-1.02,neutral,bajista,0,0.265,32,1340,2,
s5680,STXUSDT,1781112600000,testB,-1,-2.8,0.459,3.72,3.55,0.48,-1.77,1.2,0.86,0.66,0.53,1,-1.02,neutral,bajista,0,-0.286,32,1340,8,
s5681,GRTUSDT,1781112600000,testB,-1,-2.52,0.59,3.01,2.9,0.82,-1.5,1.19,0.68,0.61,0.57,1,-1.02,neutral,bajista,0,-0.091,32,1340,5,
s5682,LDOUSDT,1781112600000,testB,-1,-2.94,0.557,3.38,3.27,1.27,-1.92,1.42,0.86,0.64,0.46,1,-1.02,neutral,bajista,0,-0.25,32,1340,5,
s5683,SANDUSDT,1781112600000,testB,-1,-2.65,0.519,2.88,2.78,0.86,-1.63,0.99,0.79,0.62,0.53,1,-1.02,neutral,bajista,0,-0.604,32,1340,5,
s5684,MANAUSDT,1781112600000,testB,-1,-2.55,0.548,3.08,2.77,1.0,-1.53,1.23,0.84,0.68,0.56,1,-1.02,neutral,bajista,0,-0.111,32,1340,5,
s5685,AXSUSDT,1781112600000,testB,-1,-2.47,0.535,2.76,2.54,0.77,-1.45,0.94,0.88,0.71,0.5,1,-1.02,neutral,bajista,0,-0.174,32,1340,5,
s5686,APEUSDT,1781112600000,testB,-1,-2.71,0.478,3.55,3.3,0.69,-1.69,1.05,0.82,0.67,0.5,1,-1.02,neutral,neutral,0,-0.385,32,1340,0,
s5687,XPLUSDT,1781113500000,train,-1,-3.72,0.398,5.7,4.22,0.87,-3.43,1.14,0.72,0.58,0.49,1,-0.29,neutral,neutral,0,-0.034,32,1342,0,
s5688,PUMPUSDT,1781113500000,train,-1,-3.91,0.644,4.91,4.35,0.91,-3.62,1.56,0.76,0.59,0.43,1,-0.29,neutral,neutral,0,0.306,32,1342,0,
s5689,STBLUSDT,1781113500000,train,-1,-2.42,0.433,3.59,2.69,0.9,-2.13,1.2,0.58,0.89,0.52,0,-0.29,neutral,neutral,0,-0.254,32,1342,0,
s5690,ENAUSDT,1781113500000,train,-1,-4.81,0.509,6.5,5.71,1.02,-4.53,2.51,0.78,0.67,0.53,1,-0.29,neutral,neutral,0,0.523,32,1342,0,
s5691,TIAUSDT,1781113500000,train,-1,-2.08,0.366,3.43,2.45,0.74,-1.79,1.1,1.0,0.76,0.65,1,-0.29,neutral,neutral,0,-0.078,32,1342,0,
s5692,SEIUSDT,1781113500000,train,-1,-2.18,0.409,2.97,2.4,1.16,-1.89,0.95,0.57,0.54,0.43,1,-0.29,neutral,neutral,0,-0.062,32,1342,0,
s5693,JUPUSDT,1781113500000,train,-1,-2.09,0.356,3.87,3.0,1.31,-1.8,1.08,0.86,0.62,0.48,1,-0.29,neutral,neutral,0,-0.111,32,1342,0,
s5694,ONDOUSDT,1781113500000,train,-1,-3.9,0.537,5.19,4.4,0.59,-3.61,1.33,0.77,0.63,0.49,1,-0.29,neutral,neutral,0,0.192,32,1341,0,
s5695,FETUSDT,1781113500000,train,-1,-2.72,0.391,4.19,3.1,0.87,-2.43,0.9,0.67,0.53,0.39,1,-0.29,neutral,neutral,0,1.033,32,1341,0,
s5696,XPLUSDT,1781114400000,train,-1,-3.4,0.375,5.67,4.56,0.9,-3.33,1.35,0.72,0.61,0.5,1,-0.07,neutral,neutral,0,0.038,32,1343,1,
s5697,PUMPUSDT,1781114400000,train,-1,-3.93,0.644,4.65,4.44,0.76,-3.86,1.91,0.72,0.6,0.45,1,-0.07,neutral,neutral,0,0.365,32,1343,1,
s5698,STBLUSDT,1781114400000,train,-1,-2.22,0.411,3.6,2.87,0.8,-2.15,1.15,0.5,0.89,0.53,0,-0.07,neutral,neutral,0,-0.179,32,1343,1,
s5699,0GUSDT,1781114400000,train,-1,-2.04,0.45,2.89,2.61,0.8,-1.96,0.99,0.54,0.5,0.4,1,-0.07,neutral,neutral,0,0.622,32,1343,1,
s5700,ENAUSDT,1781114400000,train,-1,-4.26,0.477,6.3,5.68,0.99,-4.19,2.44,0.79,0.7,0.54,1,-0.07,neutral,neutral,0,0.553,32,1343,1,
s5701,ONDOUSDT,1781114400000,train,-1,-3.37,0.498,4.8,4.36,0.59,-3.29,1.61,0.72,0.64,0.5,1,-0.07,neutral,neutral,0,0.215,32,1342,1,
s5702,FETUSDT,1781114400000,train,-1,-2.53,0.373,3.59,3.02,0.85,-2.46,1.29,0.63,0.55,0.39,1,-0.07,neutral,neutral,0,1.086,32,1342,1,
s5703,ASTERUSDT,1781115300000,train,-1,-2.04,0.467,3.55,3.04,1.16,-2.0,1.38,0.63,0.63,0.41,1,-0.04,neutral,neutral,0,-0.449,32,1344,0,
s5704,PUMPUSDT,1781115300000,train,-1,-3.79,0.609,4.86,3.94,0.79,-3.75,1.79,0.72,0.6,0.45,1,-0.04,neutral,neutral,0,0.554,32,1344,0,
s5705,STBLUSDT,1781115300000,train,-1,-2.26,0.422,3.59,2.74,0.96,-2.21,1.12,0.5,0.89,0.53,0,-0.04,neutral,neutral,0,-0.187,32,1344,0,
s5706,ENAUSDT,1781115300000,train,-1,-4.96,0.545,7.03,6.17,1.16,-4.92,2.84,0.79,0.7,0.54,1,-0.04,neutral,bajista,0,0.487,32,1344,2,
s5707,ONDOUSDT,1781115300000,train,-1,-3.85,0.54,5.62,4.82,0.78,-3.8,2.21,0.72,0.64,0.5,1,-0.04,neutral,bajista,0,0.256,32,1343,2,
s5708,ASTERUSDT,1781116200000,train,-1,-2.49,0.517,3.7,3.58,0.83,-2.22,1.61,0.63,0.63,0.41,1,-0.27,neutral,neutral,0,-0.525,32,1345,1,
s5709,XPLUSDT,1781116200000,train,-1,-3.89,0.377,5.94,5.7,1.04,-3.62,2.28,0.72,0.61,0.5,1,-0.27,neutral,neutral,0,-0.006,32,1345,1,
s5710,PUMPUSDT,1781116200000,train,-1,-4.71,0.657,5.65,5.37,0.99,-4.44,3.02,0.72,0.6,0.45,1,-0.27,neutral,neutral,0,0.053,32,1345,1,
s5711,STBLUSDT,1781116200000,train,-1,-2.89,0.483,3.79,3.49,0.72,-2.62,1.65,0.5,0.89,0.53,0,-0.27,neutral,neutral,0,-0.321,32,1345,1,
s5712,0GUSDT,1781116200000,train,-1,-2.01,0.403,3.29,3.08,0.86,-1.75,1.36,0.54,0.5,0.4,1,-0.27,neutral,neutral,0,0.506,32,1345,1,
s5713,ENAUSDT,1781116200000,train,-1,-5.64,0.576,7.74,7.19,0.87,-5.37,3.26,0.79,0.7,0.54,1,-0.27,neutral,bajista,0,0.255,32,1345,3,
s5714,OPUSDT,1781116200000,train,-1,-2.83,0.36,4.54,4.21,0.6,-2.57,1.78,1.18,0.96,0.71,1,-0.27,neutral,neutral,0,0.256,32,1345,1,
s5715,TIAUSDT,1781116200000,train,-1,-2.47,0.401,3.62,3.46,0.62,-2.21,1.67,0.88,0.76,0.65,1,-0.27,neutral,bajista,0,-0.148,32,1345,2,
s5716,ONDOUSDT,1781116200000,train,-1,-4.65,0.586,6.03,5.91,0.74,-4.38,2.83,0.72,0.64,0.5,1,-0.27,neutral,bajista,0,0.05,32,1344,3,
s5717,MANAUSDT,1781116200000,testB,-1,-2.11,0.467,2.93,2.78,0.7,-1.85,1.35,0.76,0.69,0.56,1,-0.27,neutral,neutral,0,0.056,32,1344,1,
s5718,ASTERUSDT,1781117100000,train,-1,-3.04,0.639,4.0,3.86,0.82,-2.53,1.67,0.63,0.63,0.41,1,-0.51,neutral,bajista,0,-0.596,32,1346,2,
s5719,XPLUSDT,1781117100000,train,-1,-3.67,0.351,5.91,5.03,0.92,-3.16,1.4,0.72,0.61,0.5,1,-0.51,neutral,neutral,0,0.051,32,1346,0,
s5720,PUMPUSDT,1781117100000,train,-1,-3.82,0.483,5.61,4.47,1.12,-3.32,1.91,0.72,0.6,0.45,1,-0.51,neutral,neutral,0,0.238,32,1346,0,
s5721,ENAUSDT,1781117100000,train,-1,-5.32,0.53,7.68,6.3,0.86,-4.81,2.13,0.79,0.7,0.54,1,-0.51,neutral,neutral,0,0.386,32,1346,0,
s5722,ONDOUSDT,1781117100000,train,-1,-4.11,0.485,6.02,5.26,0.89,-3.6,1.9,0.72,0.64,0.5,1,-0.51,neutral,neutral,0,0.101,32,1345,0,
s5723,ASTERUSDT,1781118000000,train,-1,-3.12,0.645,4.21,4.13,0.82,-2.82,1.78,0.62,0.64,0.42,0,-0.31,neutral,bajista,0,-0.685,32,1347,3,
s5724,XPLUSDT,1781118000000,train,-1,-4.02,0.371,6.22,6.01,0.92,-3.71,2.08,0.67,0.62,0.5,1,-0.31,neutral,neutral,0,-0.027,32,1347,1,
s5725,PUMPUSDT,1781118000000,train,-1,-4.12,0.5,5.73,5.37,1.2,-3.81,2.56,0.73,0.62,0.46,1,-0.31,neutral,neutral,0,-0.067,32,1347,1,
s5726,ONDOUSDT,1781118000000,train,-1,-4.22,0.49,6.84,6.01,1.27,-3.91,2.36,0.66,0.65,0.51,1,-0.31,neutral,neutral,0,0.015,32,1346,1,
s5727,ASTERUSDT,1781118900000,train,-1,-3.38,0.742,4.3,3.94,0.89,-2.62,1.44,0.62,0.64,0.42,0,-0.75,neutral,neutral,0,-0.683,32,1348,0,
s5728,XPLUSDT,1781118900000,train,-1,-5.42,0.565,6.72,6.2,0.9,-4.66,1.98,0.67,0.62,0.5,1,-0.75,neutral,bajista,0,-0.068,32,1348,2,
s5729,PUMPUSDT,1781118900000,train,-1,-4.38,0.552,5.87,5.3,1.2,-3.63,2.16,0.73,0.62,0.46,1,-0.75,neutral,neutral,0,-0.135,32,1348,0,
s5730,STBLUSDT,1781118900000,train,-1,-2.22,0.361,3.51,2.48,1.0,-1.46,0.69,0.51,0.88,0.54,0,-0.75,neutral,neutral,0,-0.086,32,1348,1,
s5731,0GUSDT,1781118900000,train,-1,-2.55,0.446,3.58,3.12,0.96,-1.8,1.05,0.56,0.54,0.42,1,-0.75,neutral,bajista,0,0.386,32,1348,2,
s5732,OPUSDT,1781118900000,train,-1,-3.76,0.486,5.1,4.66,0.56,-3.0,1.66,1.05,0.97,0.72,1,-0.75,neutral,bajista,0,0.14,32,1348,2,
s5733,INJUSDT,1781118900000,train,-1,-4.68,0.466,6.05,5.38,0.57,-3.93,1.48,0.96,0.98,0.66,0,-0.75,neutral,neutral,0,0.453,32,1348,0,
s5734,SUIUSDT,1781118900000,train,-1,-2.6,0.435,3.53,3.13,0.78,-1.85,0.83,0.8,0.75,0.53,1,-0.75,neutral,bajista,0,-0.165,32,1348,2,
s5735,TIAUSDT,1781118900000,train,-1,-3.8,0.55,4.79,4.4,0.82,-3.04,2.03,0.86,0.81,0.67,1,-0.75,neutral,bajista,0,-0.434,32,1348,2,
s5736,SEIUSDT,1781118900000,train,-1,-2.89,0.533,3.53,3.19,0.78,-2.13,1.06,0.43,0.47,0.42,0,-0.75,neutral,bajista,0,-0.235,32,1348,2,
s5737,JUPUSDT,1781118900000,train,-1,-3.06,0.439,4.17,3.83,0.48,-2.31,1.24,0.67,0.65,0.48,1,-0.75,neutral,bajista,0,-0.281,32,1348,2,
s5738,PENDLEUSDT,1781118900000,train,-1,-3.53,0.525,5.11,4.75,0.65,-2.77,1.49,0.58,0.62,0.54,0,-0.75,neutral,bajista,0,-0.318,32,1348,2,
s5739,ONDOUSDT,1781118900000,train,-1,-5.38,0.715,6.85,6.13,1.08,-4.63,2.22,0.66,0.65,0.51,1,-0.75,neutral,bajista,0,-0.083,32,1347,2,
s5740,FETUSDT,1781118900000,train,-1,-4.01,0.451,4.81,4.55,1.08,-3.26,2.07,0.63,0.56,0.41,1,-0.75,neutral,bajista,0,0.326,32,1347,2,
s5741,ARUSDT,1781118900000,testB,-1,-3.74,0.458,4.81,4.27,0.97,-2.98,1.45,0.42,0.47,0.4,0,-0.75,neutral,bajista,0,0.179,32,1347,2,
s5742,STXUSDT,1781118900000,testB,-1,-2.69,0.516,3.39,3.11,0.72,-1.94,0.91,0.67,0.68,0.54,0,-0.75,neutral,bajista,0,-0.618,32,1347,2,
s5743,LDOUSDT,1781118900000,testB,-1,-2.62,0.483,3.59,3.2,0.6,-1.87,1.11,0.68,0.68,0.48,0,-0.75,neutral,bajista,0,-0.293,32,1347,2,
s5744,MANAUSDT,1781118900000,testB,-1,-2.26,0.484,3.08,2.62,0.8,-1.5,0.92,0.72,0.7,0.56,1,-0.75,neutral,bajista,0,-0.059,32,1347,2,
s5745,APEUSDT,1781118900000,testB,-1,-3.05,0.468,4.25,3.82,0.63,-2.29,1.17,0.59,0.68,0.5,0,-0.75,neutral,bajista,0,-0.356,32,1347,2,
s5746,ASTERUSDT,1781119800000,train,-1,-3.75,0.875,4.3,4.01,0.89,-3.15,1.41,0.62,0.64,0.42,0,-0.6,neutral,neutral,0,-0.709,32,1349,1,
s5747,XPLUSDT,1781119800000,train,-1,-4.94,0.541,6.14,5.7,0.5,-4.34,1.92,0.67,0.62,0.5,1,-0.6,neutral,bajista,0,-0.244,32,1349,3,
s5748,PUMPUSDT,1781119800000,train,-1,-4.65,0.586,5.88,5.45,0.84,-4.05,2.07,0.73,0.62,0.46,1,-0.6,neutral,neutral,0,-0.303,32,1349,1,
s5749,0GUSDT,1781119800000,train,-1,-2.96,0.5,3.8,3.44,1.26,-2.36,1.25,0.56,0.54,0.42,1,-0.6,neutral,bajista,0,0.186,32,1349,3,
s5750,ARBUSDT,1781119800000,train,-1,-3.57,0.492,4.22,3.94,0.32,-2.97,0.89,1.26,1.41,0.89,0,-0.6,neutral,neutral,0,-0.019,32,1349,0,
s5751,OPUSDT,1781119800000,train,-1,-4.27,0.562,5.11,4.89,0.49,-3.66,1.74,1.05,0.97,0.72,1,-0.6,neutral,bajista,0,0.022,32,1349,3,
s5752,INJUSDT,1781119800000,train,-1,-4.07,0.429,5.58,4.89,0.6,-3.47,1.45,0.96,0.98,0.66,0,-0.6,neutral,neutral,0,0.124,32,1349,0,
s5753,SUIUSDT,1781119800000,train,-1,-2.58,0.429,3.53,3.06,0.71,-1.97,0.74,0.8,0.75,0.53,1,-0.6,neutral,neutral,0,-0.252,32,1349,0,
s5754,TIAUSDT,1781119800000,train,-1,-3.37,0.486,4.78,4.17,0.95,-2.77,1.67,0.86,0.81,0.67,1,-0.6,neutral,neutral,0,-0.519,32,1349,0,
s5755,SEIUSDT,1781119800000,train,-1,-2.83,0.527,3.53,3.25,0.75,-2.23,1.04,0.43,0.47,0.42,0,-0.6,neutral,bajista,0,-0.428,32,1349,3,
s5756,JUPUSDT,1781119800000,train,-1,-3.26,0.472,4.17,3.9,0.47,-2.65,1.21,0.67,0.65,0.48,1,-0.6,neutral,bajista,0,-0.362,32,1349,3,
s5757,PENDLEUSDT,1781119800000,train,-1,-3.64,0.555,5.09,4.51,0.58,-3.04,1.22,0.58,0.62,0.54,0,-0.6,neutral,neutral,0,-0.326,32,1349,0,
s5758,ONDOUSDT,1781119800000,train,-1,-4.84,0.671,6.57,5.74,1.02,-4.24,1.91,0.66,0.65,0.51,1,-0.6,neutral,neutral,0,-0.342,32,1348,0,
s5759,FETUSDT,1781119800000,train,-1,-3.82,0.439,4.77,4.56,1.13,-3.22,2.08,0.63,0.56,0.41,1,-0.6,neutral,bajista,0,0.151,32,1348,3,
s5760,ARUSDT,1781119800000,testB,-1,-3.18,0.417,4.22,3.84,0.79,-2.58,1.49,0.42,0.47,0.4,0,-0.6,neutral,bajista,0,0.029,32,1348,3,
s5761,STXUSDT,1781119800000,testB,-1,-2.7,0.516,3.22,3.05,0.78,-2.09,0.94,0.67,0.68,0.54,0,-0.6,neutral,bajista,0,-0.907,32,1348,3,
s5762,GRTUSDT,1781119800000,testB,-1,-2.13,0.432,3.07,2.91,0.59,-1.52,0.93,0.55,0.6,0.55,0,-0.6,neutral,bajista,0,-0.291,32,1348,2,
s5763,LDOUSDT,1781119800000,testB,-1,-2.88,0.543,3.59,3.28,0.56,-2.28,1.1,0.68,0.68,0.48,0,-0.6,neutral,bajista,0,-0.464,32,1348,3,
s5764,MANAUSDT,1781119800000,testB,-1,-2.56,0.548,3.09,2.78,0.76,-1.95,0.93,0.72,0.7,0.56,1,-0.6,neutral,bajista,0,-0.167,32,1348,3,
s5765,AXSUSDT,1781119800000,testB,-1,-2.06,0.404,2.77,2.66,0.61,-1.46,0.93,0.68,0.75,0.51,0,-0.6,neutral,bajista,0,-0.333,32,1348,3,
s5766,APEUSDT,1781119800000,testB,-1,-3.37,0.519,4.26,4.0,0.61,-2.77,1.22,0.59,0.68,0.5,0,-0.6,neutral,bajista,0,-0.468,32,1348,3,
s5767,ASTERUSDT,1781120700000,train,-1,-3.8,0.876,4.35,4.21,0.7,-2.69,1.43,0.62,0.64,0.42,0,-1.11,neutral,bajista,0,-1.0,32,1350,2,
s5768,XPLUSDT,1781120700000,train,-1,-4.87,0.537,5.95,5.48,0.57,-3.76,2.01,0.67,0.62,0.5,1,-1.11,neutral,bajista,0,-0.549,32,1350,4,
s5769,PUMPUSDT,1781120700000,train,-1,-5.07,0.607,5.84,5.7,0.66,-3.95,2.31,0.73,0.62,0.46,1,-1.11,neutral,bajista,0,-0.557,32,1350,2,
s5770,0GUSDT,1781120700000,train,-1,-3.21,0.52,3.95,3.74,1.4,-2.1,1.39,0.56,0.54,0.42,1,-1.11,neutral,bajista,0,-0.248,32,1350,4,
s5771,ARBUSDT,1781120700000,train,-1,-3.2,0.463,3.95,3.56,0.41,-2.09,1.06,1.26,1.41,0.89,0,-1.11,neutral,neutral,0,-1.0,32,1350,1,
s5772,OPUSDT,1781120700000,train,-1,-3.88,0.536,5.34,4.69,0.61,-2.77,1.8,1.05,0.97,0.72,1,-1.11,neutral,bajista,0,-0.302,32,1350,4,
s5773,INJUSDT,1781120700000,train,-1,-5.03,0.492,5.89,5.83,0.76,-3.91,2.01,0.96,0.98,0.66,0,-1.11,neutral,neutral,0,-1.0,32,1350,1,
s5774,SUIUSDT,1781120700000,train,-1,-2.97,0.463,3.67,3.4,0.8,-1.85,1.16,0.8,0.75,0.53,1,-1.11,neutral,neutral,0,-1.0,32,1350,1,
s5775,TIAUSDT,1781120700000,train,-1,-3.9,0.527,5.03,4.71,1.06,-2.79,1.91,0.86,0.81,0.67,1,-1.11,neutral,neutral,0,-1.0,32,1350,1,
s5776,SEIUSDT,1781120700000,train,-1,-3.22,0.564,3.61,3.35,0.8,-2.11,1.27,0.43,0.47,0.42,0,-1.11,neutral,bajista,0,-0.91,32,1350,4,
s5777,JUPUSDT,1781120700000,train,-1,-3.58,0.495,4.39,3.99,0.54,-2.47,1.44,0.67,0.65,0.48,1,-1.11,neutral,bajista,0,-0.78,32,1350,4,
s5778,PENDLEUSDT,1781120700000,train,-1,-4.34,0.651,4.74,4.58,0.55,-3.23,1.44,0.58,0.62,0.54,0,-1.11,neutral,neutral,0,-0.649,32,1350,1,
s5779,ONDOUSDT,1781120700000,train,-1,-5.27,0.689,6.22,5.92,0.83,-4.16,2.13,0.66,0.65,0.51,1,-1.11,neutral,neutral,0,-0.561,32,1349,1,
s5780,FETUSDT,1781120700000,train,-1,-4.27,0.488,4.99,4.68,1.03,-3.16,2.07,0.63,0.56,0.41,1,-1.11,neutral,bajista,0,-0.136,32,1349,4,
s5781,ARUSDT,1781120700000,testB,-1,-3.66,0.457,4.62,4.24,0.9,-2.55,1.77,0.42,0.47,0.4,0,-1.11,neutral,bajista,0,-0.442,32,1349,4,
s5782,STXUSDT,1781120700000,testB,-1,-2.76,0.521,3.52,3.23,0.8,-1.65,1.26,0.67,0.68,0.54,0,-1.11,neutral,bajista,0,-1.0,31,1349,4,
s5783,GRTUSDT,1781120700000,testB,-1,-2.44,0.465,3.4,3.24,0.76,-1.33,1.09,0.55,0.6,0.55,0,-1.11,neutral,bajista,0,-0.672,32,1349,3,
s5784,LDOUSDT,1781120700000,testB,-1,-3.11,0.562,3.99,3.6,0.61,-2.0,1.22,0.68,0.68,0.48,0,-1.11,neutral,bajista,0,-0.75,32,1349,4,
s5785,MANAUSDT,1781120700000,testB,-1,-2.86,0.576,3.41,3.1,0.78,-1.75,1.26,0.72,0.7,0.56,1,-1.11,neutral,bajista,0,-0.6,32,1349,4,
s5786,AXSUSDT,1781120700000,testB,-1,-2.17,0.417,3.44,2.89,0.67,-1.06,1.01,0.68,0.75,0.51,0,-1.11,neutral,bajista,0,-0.769,32,1349,4,
s5787,APEUSDT,1781120700000,testB,-1,-3.06,0.493,4.43,3.75,0.73,-1.94,1.21,0.59,0.68,0.5,0,-1.11,neutral,bajista,0,-1.0,32,1349,4,
s5788,ASTERUSDT,1781121600000,train,-1,-4.72,0.898,5.22,5.14,0.98,-3.87,2.27,0.64,0.66,0.45,0,-0.85,neutral,bajista,0,-1.0,31,1351,3,
s5789,XPLUSDT,1781121600000,train,-1,-3.68,0.429,5.36,4.39,0.65,-2.84,1.7,0.65,0.61,0.5,1,-0.85,neutral,neutral,0,-0.565,32,1351,0,
s5790,PUMPUSDT,1781121600000,train,-1,-4.54,0.579,5.91,5.12,0.73,-3.69,2.14,0.74,0.65,0.47,1,-0.85,neutral,neutral,0,-0.437,32,1351,0,
s5791,STBLUSDT,1781121600000,train,-1,-2.28,0.365,3.98,3.29,1.87,-1.43,1.46,0.56,0.68,0.57,0,-0.85,neutral,bajista,0,-0.842,32,1351,4,
s5792,0GUSDT,1781121600000,train,-1,-3.12,0.511,4.0,3.61,2.35,-2.27,1.6,0.63,0.59,0.46,1,-0.85,neutral,bajista,0,-0.426,32,1351,5,
s5793,ENAUSDT,1781121600000,train,-1,-6.88,0.701,9.26,7.98,0.87,-6.03,3.36,0.84,0.74,0.58,1,-0.85,neutral,neutral,0,-0.535,32,1351,0,
s5794,ARBUSDT,1781121600000,train,-1,-2.92,0.439,3.8,3.4,0.52,-2.07,1.25,1.28,1.4,0.93,0,-0.85,neutral,bajista,0,-1.0,31,1351,2,
s5795,OPUSDT,1781121600000,train,-1,-3.58,0.515,4.8,4.15,0.77,-2.73,1.83,1.01,0.99,0.73,1,-0.85,neutral,neutral,0,-0.342,32,1351,0,
s5796,INJUSDT,1781121600000,train,-1,-3.87,0.397,5.1,4.4,1.05,-3.02,1.72,0.9,0.93,0.66,0,-0.85,neutral,neutral,0,-1.0,31,1351,0,
s5797,SUIUSDT,1781121600000,train,-1,-2.21,0.372,3.34,2.48,1.45,-1.36,1.05,0.82,0.76,0.55,1,-0.85,neutral,neutral,0,-1.0,31,1351,0,
s5798,TIAUSDT,1781121600000,train,-1,-3.76,0.517,5.04,4.36,1.75,-2.91,2.0,0.86,0.84,0.67,1,-0.85,neutral,bajista,0,-1.0,31,1351,2,
s5799,SEIUSDT,1781121600000,train,-1,-2.76,0.524,3.83,3.16,1.21,-1.91,1.34,0.44,0.47,0.43,0,-0.85,neutral,bajista,0,-1.0,31,1351,5,
s5800,JUPUSDT,1781121600000,train,-1,-3.46,0.486,4.67,3.99,0.85,-2.62,1.6,0.68,0.66,0.48,1,-0.85,neutral,bajista,0,-0.78,32,1351,5,
s5801,PENDLEUSDT,1781121600000,train,-1,-3.4,0.591,4.39,3.86,0.64,-2.55,1.48,0.62,0.63,0.56,0,-0.85,neutral,bajista,0,-1.0,32,1351,2,
s5802,ONDOUSDT,1781121600000,train,-1,-4.39,0.646,5.7,5.01,0.65,-3.54,2.32,0.6,0.64,0.52,0,-0.85,neutral,bajista,0,-0.635,32,1350,2,
s5803,FETUSDT,1781121600000,train,-1,-3.08,0.366,4.39,3.65,1.16,-2.23,1.61,0.63,0.57,0.42,1,-0.85,neutral,neutral,0,0.058,32,1350,0,
s5804,ARUSDT,1781121600000,testB,-1,-3.14,0.418,4.68,3.91,1.17,-2.3,1.74,0.42,0.49,0.4,0,-0.85,neutral,neutral,0,-0.408,32,1350,0,
s5805,STXUSDT,1781121600000,testB,-1,-2.55,0.5,3.46,2.95,1.04,-1.7,1.27,0.64,0.68,0.53,0,-0.85,neutral,neutral,0,-1.0,24,1350,0,
s5806,GRTUSDT,1781121600000,testB,-1,-2.23,0.443,3.19,2.82,0.9,-1.39,1.07,0.6,0.6,0.55,0,-0.85,neutral,neutral,0,-0.717,32,1350,0,
s5807,LDOUSDT,1781121600000,testB,-1,-2.89,0.543,3.96,3.37,0.79,-2.05,1.35,0.66,0.69,0.49,0,-0.85,neutral,bajista,0,-0.849,32,1350,5,
s5808,SANDUSDT,1781121600000,testB,-1,-2.03,0.38,2.96,2.65,0.93,-1.18,1.1,0.57,0.64,0.53,0,-0.85,neutral,bajista,0,-1.0,31,1350,5,
s5809,MANAUSDT,1781121600000,testB,-1,-2.87,0.576,4.04,3.26,1.04,-2.02,1.36,0.72,0.73,0.57,0,-0.85,neutral,neutral,0,-0.667,32,1350,0,
s5810,AXSUSDT,1781121600000,testB,-1,-2.71,0.472,3.24,3.13,1.22,-1.87,1.5,0.69,0.76,0.53,0,-0.85,neutral,bajista,0,-1.0,31,1350,5,
s5811,APEUSDT,1781121600000,testB,-1,-3.15,0.5,3.86,3.68,1.06,-2.3,1.74,0.52,0.69,0.51,0,-0.85,neutral,bajista,0,-1.0,31,1350,5,
s5812,ASTERUSDT,1781122500000,train,-1,-3.62,0.63,4.7,3.79,1.01,-3.03,1.36,0.64,0.66,0.45,0,-0.6,neutral,neutral,0,-1.0,30,1352,0,
s5813,XPLUSDT,1781122500000,train,-1,-3.0,0.368,4.29,3.21,0.68,-2.4,1.36,0.65,0.61,0.5,1,-0.6,neutral,neutral,0,-1.0,32,1352,0,
s5814,PUMPUSDT,1781122500000,train,-1,-3.8,0.487,5.24,4.09,0.75,-3.2,1.64,0.74,0.65,0.47,1,-0.6,neutral,neutral,0,-0.561,32,1352,0,
s5815,STBLUSDT,1781122500000,train,-1,-2.57,0.433,3.97,3.07,1.68,-1.97,1.08,0.56,0.68,0.57,0,-0.6,neutral,neutral,0,-0.746,32,1352,0,
s5816,0GUSDT,1781122500000,train,-1,-2.98,0.489,3.93,3.25,2.84,-2.38,1.4,0.63,0.59,0.46,1,-0.6,neutral,neutral,0,-0.429,32,1352,0,
s5817,ENAUSDT,1781122500000,train,-1,-5.96,0.619,8.1,6.43,0.87,-5.36,2.63,0.84,0.74,0.58,1,-0.6,neutral,neutral,0,-1.0,30,1352,0,
s5818,ARBUSDT,1781122500000,train,-1,-2.64,0.382,3.65,2.81,0.51,-2.04,0.92,1.28,1.4,0.93,0,-0.6,neutral,neutral,0,-1.0,30,1352,0,
s5819,OPUSDT,1781122500000,train,-1,-3.16,0.455,4.79,3.92,0.68,-2.57,1.5,1.01,0.99,0.73,1,-0.6,neutral,neutral,0,-0.306,32,1352,0,
s5820,INJUSDT,1781122500000,train,-1,-3.69,0.379,4.72,3.95,1.2,-3.09,1.41,0.9,0.93,0.66,0,-0.6,neutral,neutral,0,-1.0,30,1352,0,
s5821,TIAUSDT,1781122500000,train,-1,-3.38,0.446,4.7,3.66,1.32,-2.78,1.46,0.86,0.84,0.67,1,-0.6,neutral,neutral,0,-1.0,30,1352,0,
s5822,SEIUSDT,1781122500000,train,-1,-2.35,0.467,3.37,2.62,1.29,-1.75,1.12,0.44,0.47,0.43,0,-0.6,neutral,neutral,0,-1.0,30,1352,0,
s5823,JUPUSDT,1781122500000,train,-1,-3.14,0.429,4.25,3.31,1.0,-2.54,1.23,0.68,0.66,0.48,1,-0.6,neutral,neutral,0,-1.0,30,1352,0,
s5824,PENDLEUSDT,1781122500000,train,-1,-2.98,0.528,3.99,3.3,0.66,-2.38,1.25,0.62,0.63,0.56,0,-0.6,neutral,neutral,0,-1.0,30,1352,0,
s5825,ONDOUSDT,1781122500000,train,-1,-2.92,0.465,4.8,3.64,0.68,-2.33,1.62,0.6,0.64,0.52,0,-0.6,neutral,neutral,0,-1.0,30,1351,0,
s5826,FETUSDT,1781122500000,train,-1,-3.23,0.377,4.13,3.55,0.97,-2.63,1.55,0.63,0.57,0.42,1,-0.6,neutral,neutral,0,-0.075,32,1351,1,
s5827,STXUSDT,1781122500000,testB,-1,-2.16,0.402,3.11,2.26,1.2,-1.56,0.83,0.64,0.68,0.53,0,-0.6,neutral,neutral,0,-1.0,23,1351,0,
s5828,GRTUSDT,1781122500000,testB,-1,-2.34,0.474,2.92,2.5,1.27,-1.74,0.91,0.6,0.6,0.55,0,-0.6,neutral,neutral,0,-0.532,32,1351,0,
s5829,LDOUSDT,1781122500000,testB,-1,-2.7,0.49,3.6,2.78,0.84,-2.11,1.04,0.66,0.69,0.49,0,-0.6,neutral,neutral,0,-1.0,30,1351,0,
s5830,SANDUSDT,1781122500000,testB,-1,-2.03,0.38,2.95,2.49,0.98,-1.43,0.89,0.57,0.64,0.53,0,-0.6,neutral,neutral,0,-1.0,30,1351,0,
s5831,MANAUSDT,1781122500000,testB,-1,-2.71,0.529,4.03,3.1,1.04,-2.12,1.12,0.72,0.73,0.57,0,-0.6,neutral,neutral,0,-0.6,32,1351,0,
s5832,AXSUSDT,1781122500000,testB,-1,-2.6,0.444,3.23,2.78,1.29,-2.0,1.06,0.69,0.76,0.53,0,-0.6,neutral,neutral,0,-1.0,30,1351,0,
s5833,APEUSDT,1781122500000,testB,-1,-2.82,0.425,3.67,3.07,1.26,-2.22,1.29,0.52,0.69,0.51,0,-0.6,neutral,neutral,0,-1.0,30,1351,0,
s5834,ASTERUSDT,1781123400000,train,-1,-3.13,0.594,4.09,3.22,1.05,-2.46,1.24,0.64,0.66,0.45,0,-0.67,neutral,neutral,0,-1.0,20,1353,1,
s5835,PUMPUSDT,1781123400000,train,-1,-3.27,0.448,4.68,3.74,0.78,-2.6,1.66,0.74,0.65,0.47,1,-0.67,neutral,neutral,0,-1.0,29,1353,1,
s5836,STBLUSDT,1781123400000,train,-1,-2.49,0.424,3.37,2.64,1.55,-1.82,1.08,0.56,0.68,0.57,0,-0.67,neutral,neutral,0,-1.0,29,1353,1,
s5837,0GUSDT,1781123400000,train,-1,-2.93,0.483,3.37,3.23,2.07,-2.26,1.74,0.63,0.59,0.46,1,-0.67,neutral,neutral,0,-0.889,32,1353,1,
s5838,ENAUSDT,1781123400000,train,-1,-6.06,0.621,7.51,6.83,0.82,-5.39,3.26,0.84,0.74,0.58,1,-0.67,neutral,neutral,0,-1.0,29,1353,1,
s5839,ARBUSDT,1781123400000,train,-1,-2.77,0.392,2.98,2.83,0.51,-2.1,1.36,1.28,1.4,0.93,0,-0.67,neutral,neutral,0,-1.0,29,1353,1,
s5840,OPUSDT,1781123400000,train,-1,-2.98,0.437,4.82,4.61,0.73,-2.31,1.85,1.01,0.99,0.73,1,-0.67,neutral,neutral,0,-0.548,32,1353,1,
s5841,TIAUSDT,1781123400000,train,-1,-3.56,0.457,4.63,4.27,1.16,-2.88,1.94,0.86,0.84,0.67,1,-0.67,neutral,neutral,0,-1.0,29,1353,1,
s5842,SEIUSDT,1781123400000,train,-1,-2.34,0.464,3.13,2.78,1.3,-1.67,1.38,0.44,0.47,0.43,0,-0.67,neutral,neutral,0,-1.0,29,1353,1,
s5843,JUPUSDT,1781123400000,train,-1,-2.96,0.413,3.66,3.19,0.94,-2.29,1.53,0.68,0.66,0.48,1,-0.67,neutral,neutral,0,-1.0,29,1353,1,
s5844,PENDLEUSDT,1781123400000,train,-1,-2.96,0.526,3.88,3.54,1.43,-2.29,1.48,0.62,0.63,0.56,0,-0.67,neutral,neutral,0,-1.0,29,1353,1,
s5845,ONDOUSDT,1781123400000,train,-1,-3.48,0.508,4.83,4.23,0.74,-2.8,1.96,0.6,0.64,0.52,0,-0.67,neutral,neutral,0,-1.0,29,1352,1,
s5846,FETUSDT,1781123400000,train,-1,-2.99,0.358,4.04,3.66,0.84,-2.32,1.62,0.63,0.57,0.42,1,-0.67,neutral,bajista,0,-0.246,32,1352,2,
s5847,ARUSDT,1781123400000,testB,-1,-2.89,0.37,3.75,3.26,1.13,-2.22,1.62,0.42,0.49,0.4,0,-0.67,neutral,neutral,0,-0.831,32,1352,1,
s5848,GRTUSDT,1781123400000,testB,-1,-2.34,0.474,2.51,2.51,1.37,-1.67,1.21,0.6,0.6,0.55,0,-0.67,neutral,neutral,0,-1.0,29,1352,1,
s5849,LDOUSDT,1781123400000,testB,-1,-2.49,0.468,3.1,2.67,0.84,-1.82,1.28,0.66,0.69,0.49,0,-0.67,neutral,neutral,0,-1.0,29,1352,1,
s5850,SANDUSDT,1781123400000,testB,-1,-2.3,0.411,2.44,2.4,1.08,-1.63,1.17,0.57,0.64,0.53,0,-0.67,neutral,neutral,0,-1.0,18,1352,1,
s5851,MANAUSDT,1781123400000,testB,-1,-2.87,0.543,3.43,2.96,1.12,-2.2,1.41,0.72,0.73,0.57,0,-0.67,neutral,neutral,0,-0.895,32,1352,1,
s5852,AXSUSDT,1781123400000,testB,-1,-2.5,0.434,3.01,2.9,1.5,-1.83,1.24,0.69,0.76,0.53,0,-0.67,neutral,neutral,0,-1.0,29,1352,1,
s5853,APEUSDT,1781123400000,testB,-1,-2.59,0.403,2.91,2.66,1.35,-1.92,1.42,0.52,0.69,0.51,0,-0.67,neutral,neutral,0,-1.0,20,1352,1,
s5854,ASTERUSDT,1781124300000,train,-1,-2.38,0.525,3.53,2.66,1.06,-1.7,1.12,0.64,0.66,0.45,0,-0.68,neutral,neutral,0,-1.0,7,1354,0,
s5855,PUMPUSDT,1781124300000,train,-1,-3.0,0.426,4.68,3.82,0.75,-2.32,1.49,0.74,0.65,0.47,1,-0.68,neutral,neutral,0,-1.0,28,1354,0,
s5856,STBLUSDT,1781124300000,train,-1,-2.16,0.378,3.37,2.55,2.32,-1.47,0.86,0.56,0.68,0.57,0,-0.68,neutral,neutral,0,-1.0,28,1354,0,
s5857,0GUSDT,1781124300000,train,-1,-3.14,0.5,4.11,3.68,1.84,-2.46,1.91,0.63,0.59,0.46,1,-0.68,neutral,bajista,0,-1.0,32,1354,2,
s5858,ENAUSDT,1781124300000,train,-1,-5.93,0.615,7.66,7.11,0.77,-5.25,3.09,0.84,0.74,0.58,1,-0.68,neutral,bajista,0,-1.0,28,1354,2,
s5859,ARBUSDT,1781124300000,train,-1,-2.87,0.399,4.61,3.54,1.36,-2.19,2.19,1.28,1.4,0.93,0,-0.68,neutral,bajista,0,-1.0,28,1354,2,
s5860,OPUSDT,1781124300000,train,-1,-3.3,0.463,5.62,5.07,0.69,-2.62,2.01,1.01,0.99,0.73,1,-0.68,neutral,bajista,0,-0.739,32,1354,2,
s5861,TIAUSDT,1781124300000,train,-1,-3.63,0.462,5.21,4.65,1.12,-2.95,2.03,0.86,0.84,0.67,1,-0.68,neutral,bajista,0,-1.0,28,1354,2,
s5862,SEIUSDT,1781124300000,train,-1,-2.36,0.467,3.35,3.05,1.3,-1.68,1.41,0.44,0.47,0.43,0,-0.68,neutral,bajista,0,-1.0,28,1354,2,
s5863,JUPUSDT,1781124300000,train,-1,-2.71,0.39,3.87,3.4,0.87,-2.03,1.52,0.68,0.66,0.48,1,-0.68,neutral,bajista,0,-1.0,28,1354,2,
s5864,PENDLEUSDT,1781124300000,train,-1,-3.24,0.549,4.29,3.94,1.96,-2.56,1.54,0.62,0.63,0.56,0,-0.68,neutral,bajista,0,-1.0,28,1354,2,
s5865,ONDOUSDT,1781124300000,train,-1,-3.82,0.537,4.85,4.58,0.66,-3.14,1.91,0.6,0.64,0.52,0,-0.68,neutral,bajista,0,-1.0,28,1353,2,
s5866,FETUSDT,1781124300000,train,-1,-3.3,0.381,4.37,4.0,0.71,-2.61,1.64,0.63,0.57,0.42,1,-0.68,neutral,bajista,0,-0.347,32,1353,3,
s5867,ARUSDT,1781124300000,testB,-1,-2.8,0.361,4.32,3.6,1.07,-2.12,1.69,0.42,0.49,0.4,0,-0.68,neutral,bajista,0,-1.0,32,1353,2,
s5868,STXUSDT,1781124300000,testB,-1,-2.06,0.389,3.08,2.45,1.21,-1.38,1.19,0.64,0.68,0.53,0,-0.68,neutral,bajista,0,-1.0,21,1353,2,
s5869,GRTUSDT,1781124300000,testB,-1,-2.25,0.462,3.15,2.67,1.62,-1.56,1.21,0.6,0.6,0.55,0,-0.68,neutral,bajista,0,-1.0,28,1353,2,
s5870,LDOUSDT,1781124300000,testB,-1,-2.15,0.431,3.18,2.71,0.75,-1.47,1.15,0.66,0.69,0.49,0,-0.68,neutral,bajista,0,-1.0,28,1353,2,
s5871,SANDUSDT,1781124300000,testB,-1,-2.04,0.38,2.99,2.61,1.25,-1.36,1.21,0.57,0.64,0.53,0,-0.68,neutral,bajista,0,-1.0,17,1353,2,
s5872,MANAUSDT,1781124300000,testB,-1,-3.03,0.556,3.76,3.44,1.17,-2.35,1.67,0.72,0.73,0.57,0,-0.68,neutral,bajista,0,-1.0,32,1353,2,
s5873,AXSUSDT,1781124300000,testB,-1,-2.62,0.444,3.58,3.25,1.33,-1.93,1.43,0.69,0.76,0.53,0,-0.68,neutral,bajista,0,-1.0,28,1353,2,
s5874,ASTERUSDT,1781125200000,train,-1,-2.61,0.547,3.39,2.81,0.58,-1.73,1.24,0.6,0.64,0.46,0,-0.88,neutral,neutral,0,-1.0,6,1355,1,
s5875,XPLUSDT,1781125200000,train,-1,-2.89,0.356,4.36,3.97,0.8,-2.01,2.13,0.59,0.62,0.51,0,-0.88,neutral,bajista,0,-1.0,18,1355,3,
s5876,PUMPUSDT,1781125200000,train,-1,-4.12,0.522,5.39,4.88,0.84,-3.24,2.2,0.69,0.66,0.48,1,-0.88,neutral,neutral,0,-1.0,27,1355,1,
s5877,STBLUSDT,1781125200000,train,-1,-3.61,0.503,4.18,4.09,2.65,-2.73,2.48,0.65,0.68,0.61,0,-0.88,neutral,neutral,0,-1.0,27,1355,1,
s5878,0GUSDT,1781125200000,train,-1,-4.03,0.561,4.86,4.42,1.95,-3.15,2.91,0.73,0.65,0.49,1,-0.88,neutral,bajista,0,-1.0,30,1355,3,
s5879,ARBUSDT,1781125200000,train,-1,-3.54,0.449,4.61,4.18,2.03,-2.66,2.8,1.07,1.36,0.96,0,-0.88,neutral,bajista,0,-1.0,27,1355,3,
s5880,OPUSDT,1781125200000,train,-1,-4.88,0.605,6.03,5.58,0.87,-4.01,2.97,1.01,1.0,0.74,1,-0.88,neutral,bajista,0,-1.0,31,1355,3,
s5881,INJUSDT,1781125200000,train,-1,-3.94,0.413,4.77,4.51,1.16,-3.07,2.57,0.79,0.94,0.68,0,-0.88,neutral,bajista,0,-1.0,27,1355,3,
s5882,SUIUSDT,1781125200000,train,-1,-3.1,0.434,3.81,3.57,1.47,-2.22,2.3,0.84,0.81,0.59,1,-0.88,neutral,bajista,0,-1.0,26,1355,3,
s5883,TIAUSDT,1781125200000,train,-1,-4.73,0.536,5.69,5.33,1.17,-3.85,2.8,0.82,0.88,0.69,0,-0.88,neutral,bajista,0,-1.0,27,1355,3,
s5884,SEIUSDT,1781125200000,train,-1,-3.06,0.531,3.7,3.51,1.11,-2.18,1.91,0.46,0.49,0.44,0,-0.88,neutral,bajista,0,-1.0,27,1355,3,
s5885,JUPUSDT,1781125200000,train,-1,-3.45,0.448,4.19,4.05,0.74,-2.57,2.22,0.64,0.68,0.5,0,-0.88,neutral,bajista,0,-1.0,27,1355,3,
s5886,PENDLEUSDT,1781125200000,train,-1,-3.78,0.585,4.36,4.29,2.08,-2.9,2.34,0.58,0.63,0.58,0,-0.88,neutral,bajista,0,-1.0,27,1355,3,
s5887,ONDOUSDT,1781125200000,train,-1,-4.38,0.57,5.4,5.25,0.75,-3.5,2.26,0.53,0.63,0.52,0,-0.88,neutral,bajista,0,-1.0,27,1354,3,
s5888,FETUSDT,1781125200000,train,-1,-4.48,0.465,5.17,4.96,0.67,-3.6,2.48,0.6,0.58,0.43,1,-0.88,neutral,bajista,0,-0.435,32,1354,4,
s5889,ARUSDT,1781125200000,testB,-1,-3.92,0.465,4.86,4.47,1.34,-3.04,2.34,0.43,0.51,0.42,0,-0.88,neutral,bajista,0,-1.0,31,1354,3,
s5890,STXUSDT,1781125200000,testB,-1,-2.91,0.473,3.4,3.28,1.42,-2.03,2.04,0.5,0.68,0.51,0,-0.88,neutral,bajista,0,-1.0,18,1354,3,
s5891,GRTUSDT,1781125200000,testB,-1,-3.09,0.541,3.62,3.46,1.95,-2.21,2.07,0.69,0.65,0.59,1,-0.88,neutral,bajista,0,-1.0,27,1354,3,
s5892,LDOUSDT,1781125200000,testB,-1,-2.96,0.51,3.57,3.41,0.76,-2.09,1.85,0.66,0.71,0.51,0,-0.88,neutral,bajista,0,-1.0,27,1354,3,
s5893,SANDUSDT,1781125200000,testB,-1,-2.72,0.449,3.47,3.1,1.6,-1.84,2.0,0.6,0.67,0.55,0,-0.88,neutral,bajista,0,-1.0,16,1354,3,
s5894,MANAUSDT,1781125200000,testB,-1,-3.51,0.59,4.43,4.11,1.59,-2.63,2.5,0.75,0.76,0.6,0,-0.88,neutral,bajista,0,-1.0,27,1354,3,
s5895,AXSUSDT,1781125200000,testB,-1,-3.17,0.492,3.84,3.61,1.09,-2.29,2.02,0.65,0.78,0.55,0,-0.88,neutral,bajista,0,-1.0,27,1354,3,
s5896,APEUSDT,1781125200000,testB,-1,-3.27,0.481,3.99,3.82,1.13,-2.39,2.17,0.5,0.68,0.52,0,-0.88,neutral,bajista,0,-1.0,18,1354,3,
s5897,ASTERUSDT,1781126100000,train,-1,-2.2,0.447,3.25,2.39,0.5,-1.67,0.79,0.6,0.64,0.46,0,-0.52,neutral,neutral,0,-1.0,5,1356,0,
s5898,PUMPUSDT,1781126100000,train,-1,-3.57,0.451,4.79,3.99,0.71,-3.04,1.63,0.69,0.66,0.48,1,-0.52,neutral,neutral,0,-1.0,26,1356,0,
s5899,0GUSDT,1781126100000,train,-1,-3.28,0.477,4.67,4.01,1.5,-2.76,2.37,0.73,0.65,0.49,1,-0.52,neutral,neutral,0,-1.0,29,1356,0,
s5900,ENAUSDT,1781126100000,train,-1,-5.63,0.516,7.83,6.56,0.94,-5.1,2.87,0.84,0.78,0.6,1,-0.52,neutral,neutral,0,-1.0,26,1356,0,
s5901,OPUSDT,1781126100000,train,-1,-3.31,0.383,5.08,3.53,1.12,-2.78,1.59,1.01,1.0,0.74,1,-0.52,neutral,neutral,0,-1.0,30,1356,0,
s5902,INJUSDT,1781126100000,train,-1,-3.71,0.397,5.03,4.32,1.3,-3.19,2.43,0.79,0.94,0.68,0,-0.52,neutral,bajista,0,-1.0,26,1356,4,
s5903,TIAUSDT,1781126100000,train,-1,-3.34,0.385,5.1,4.11,1.26,-2.81,1.91,0.82,0.88,0.69,0,-0.52,neutral,neutral,0,-1.0,25,1356,0,
s5904,PENDLEUSDT,1781126100000,train,-1,-2.8,0.449,3.6,3.15,2.16,-2.28,1.74,0.58,0.63,0.58,0,-0.52,neutral,neutral,0,-1.0,23,1356,0,
s5905,ONDOUSDT,1781126100000,train,-1,-3.09,0.396,4.61,3.73,0.66,-2.57,1.4,0.53,0.63,0.52,0,-0.52,neutral,neutral,0,-1.0,26,1355,0,
s5906,FETUSDT,1781126100000,train,-1,-3.62,0.385,4.67,4.14,0.69,-3.1,1.9,0.6,0.58,0.43,1,-0.52,neutral,neutral,0,-0.403,32,1355,0,
s5907,GRTUSDT,1781126100000,testB,-1,-2.11,0.37,3.17,2.53,1.99,-1.58,1.39,0.69,0.65,0.59,1,-0.52,neutral,neutral,0,-1.0,25,1355,0,
s5908,MANAUSDT,1781126100000,testB,-1,-2.61,0.459,3.79,3.15,1.69,-2.09,1.94,0.75,0.76,0.6,0,-0.52,neutral,neutral,0,-1.0,25,1355,0,
s5909,PUMPUSDT,1781127000000,train,-1,-2.68,0.352,4.78,3.69,0.63,-2.57,1.17,0.69,0.66,0.48,1,-0.11,neutral,neutral,0,-1.0,25,1357,0,
s5910,0GUSDT,1781127000000,train,-1,-2.79,0.378,4.64,3.48,1.49,-2.68,1.66,0.73,0.65,0.49,1,-0.11,neutral,neutral,0,-1.0,28,1357,0,
s5911,ENAUSDT,1781127000000,train,-1,-5.2,0.495,7.33,6.36,0.95,-5.09,2.81,0.84,0.78,0.6,1,-0.11,neutral,neutral,0,-1.0,25,1357,1,
s5912,PENDLEUSDT,1781127000000,train,-1,-2.36,0.405,3.6,3.14,1.2,-2.25,1.55,0.58,0.63,0.58,0,-0.11,neutral,neutral,0,-1.0,22,1357,0,
s5913,ONDOUSDT,1781127000000,train,-1,-2.75,0.367,4.61,3.83,0.65,-2.65,1.35,0.53,0.63,0.52,0,-0.11,neutral,neutral,0,-1.0,25,1356,1,
s5914,XPLUSDT,1781127900000,train,-1,-3.18,0.426,4.53,3.62,0.84,-2.18,1.2,0.59,0.62,0.51,0,-1.0,neutral,neutral,0,-1.0,15,1358,1,
s5915,PUMPUSDT,1781127900000,train,-1,-4.28,0.513,5.2,4.54,0.64,-3.28,2.18,0.69,0.66,0.48,1,-1.0,neutral,neutral,0,-1.0,24,1358,1,
s5916,STBLUSDT,1781127900000,train,-1,-3.29,0.399,4.47,4.2,2.11,-2.3,2.27,0.65,0.68,0.61,0,-1.0,neutral,neutral,0,-1.0,15,1358,1,
s5917,0GUSDT,1781127900000,train,-1,-4.11,0.525,4.83,4.43,1.48,-3.11,2.29,0.73,0.65,0.49,1,-1.0,neutral,neutral,0,-1.0,27,1358,1,
s5918,ENAUSDT,1781127900000,train,-1,-6.19,0.585,8.04,6.75,1.13,-5.19,3.08,0.84,0.78,0.6,1,-1.0,neutral,bajista,0,-1.0,24,1358,2,
s5919,ARBUSDT,1781127900000,train,-1,-4.06,0.495,5.16,4.6,1.1,-3.06,2.48,1.07,1.36,0.96,0,-1.0,neutral,neutral,0,-1.0,24,1358,1,
s5920,OPUSDT,1781127900000,train,-1,-3.95,0.457,5.01,4.23,1.15,-2.96,2.07,1.01,1.0,0.74,1,-1.0,neutral,neutral,0,-1.0,28,1358,1,
s5921,INJUSDT,1781127900000,train,-1,-4.52,0.467,5.59,4.94,1.2,-3.53,2.64,0.79,0.94,0.68,0,-1.0,neutral,neutral,0,-1.0,24,1358,1,
s5922,SUIUSDT,1781127900000,train,-1,-2.99,0.445,4.05,3.5,1.58,-1.99,1.85,0.84,0.81,0.59,1,-1.0,neutral,neutral,0,-1.0,23,1358,1,
s5923,TIAUSDT,1781127900000,train,-1,-4.1,0.473,5.33,4.74,1.31,-3.1,2.17,0.82,0.88,0.69,0,-1.0,neutral,neutral,0,-1.0,23,1358,1,
s5924,SEIUSDT,1781127900000,train,-1,-2.76,0.439,3.56,3.1,1.56,-1.76,1.62,0.46,0.49,0.44,0,-1.0,neutral,neutral,0,-1.0,15,1358,1,
s5925,JUPUSDT,1781127900000,train,-1,-3.4,0.436,4.35,3.94,1.22,-2.41,2.16,0.64,0.68,0.5,0,-1.0,neutral,neutral,0,-1.0,15,1358,1,
s5926,PENDLEUSDT,1781127900000,train,-1,-3.44,0.567,4.33,3.8,1.0,-2.45,1.96,0.58,0.63,0.58,0,-1.0,neutral,neutral,0,-1.0,21,1358,1,
s5927,ONDOUSDT,1781127900000,train,-1,-4.23,0.527,4.93,4.6,0.88,-3.23,2.15,0.53,0.63,0.52,0,-1.0,neutral,bajista,0,-1.0,24,1357,2,
s5928,FETUSDT,1781127900000,train,-1,-4.71,0.545,5.7,5.16,0.99,-3.71,2.53,0.6,0.58,0.43,1,-1.0,neutral,bajista,0,-0.432,32,1357,2,
s5929,ARUSDT,1781127900000,testB,-1,-4.99,0.564,5.71,5.37,1.51,-4.0,2.75,0.43,0.51,0.42,0,-1.0,neutral,bajista,0,-1.0,28,1357,2,
s5930,STXUSDT,1781127900000,testB,-1,-2.91,0.456,3.52,3.29,1.36,-1.92,1.69,0.5,0.68,0.51,0,-1.0,neutral,neutral,0,-1.0,15,1357,1,
s5931,GRTUSDT,1781127900000,testB,-1,-2.42,0.383,3.18,2.69,2.39,-1.42,1.28,0.69,0.65,0.59,1,-1.0,neutral,neutral,0,-1.0,23,1357,1,
s5932,LDOUSDT,1781127900000,testB,-1,-2.93,0.507,3.54,3.18,1.39,-1.94,1.64,0.66,0.71,0.51,0,-1.0,neutral,neutral,0,-1.0,15,1357,1,
s5933,SANDUSDT,1781127900000,testB,-1,-2.92,0.45,3.82,3.27,2.0,-1.92,1.7,0.6,0.67,0.55,0,-1.0,neutral,neutral,0,-1.0,13,1357,1,
s5934,MANAUSDT,1781127900000,testB,-1,-3.52,0.535,4.44,3.81,1.46,-2.53,2.08,0.75,0.76,0.6,0,-1.0,neutral,neutral,0,-1.0,23,1357,1,
s5935,AXSUSDT,1781127900000,testB,-1,-3.07,0.438,3.85,3.39,1.13,-2.07,1.72,0.65,0.78,0.55,0,-1.0,neutral,neutral,0,-1.0,23,1357,1,
s5936,APEUSDT,1781127900000,testB,-1,-3.28,0.481,4.26,3.82,1.28,-2.28,1.73,0.5,0.68,0.52,0,-1.0,neutral,neutral,0,-1.0,14,1357,1,
s5937,XPLUSDT,1781128800000,train,-1,-3.82,0.471,5.0,4.49,1.14,-2.67,1.94,0.56,0.65,0.52,0,-1.15,neutral,bajista,0,-1.0,14,1359,2,
s5938,PUMPUSDT,1781128800000,train,-1,-4.37,0.517,4.87,4.79,0.52,-3.22,2.53,0.59,0.67,0.49,0,-1.15,neutral,bajista,0,-1.0,22,1359,2,
s5939,STBLUSDT,1781128800000,train,-1,-3.08,0.379,4.73,4.15,0.91,-1.93,1.9,0.72,0.69,0.64,1,-1.15,neutral,neutral,0,-1.0,14,1359,0,
s5940,0GUSDT,1781128800000,train,-1,-3.84,0.507,4.84,4.47,0.65,-2.69,2.04,0.73,0.69,0.51,1,-1.15,neutral,bajista,0,-1.0,26,1359,2,
s5941,ENAUSDT,1781128800000,train,-1,-6.34,0.591,7.84,6.89,0.72,-5.19,2.94,0.76,0.77,0.62,0,-1.15,neutral,bajista,0,-1.0,23,1359,3,
s5942,ARBUSDT,1781128800000,train,-1,-3.94,0.487,5.1,4.64,0.87,-2.79,2.29,0.93,1.38,0.99,0,-1.15,neutral,bajista,0,-1.0,23,1359,2,
s5943,OPUSDT,1781128800000,train,-1,-4.4,0.482,5.05,4.71,0.85,-3.25,2.59,0.97,1.04,0.77,0,-1.15,neutral,bajista,0,-1.0,23,1359,2,
s5944,INJUSDT,1781128800000,train,-1,-3.86,0.398,5.23,4.22,1.09,-2.71,2.01,0.69,0.96,0.7,0,-1.15,neutral,neutral,0,-1.0,23,1359,0,
s5945,SUIUSDT,1781128800000,train,-1,-2.79,0.419,4.05,3.42,0.6,-1.64,1.54,0.71,0.83,0.61,0,-1.15,neutral,neutral,0,-1.0,22,1359,0,
s5946,TIAUSDT,1781128800000,train,-1,-4.13,0.478,5.1,4.47,0.97,-2.97,1.82,0.8,0.91,0.7,0,-1.15,neutral,neutral,0,-1.0,14,1359,0,
s5947,SEIUSDT,1781128800000,train,-1,-2.85,0.447,3.46,3.21,1.44,-1.7,1.57,0.47,0.52,0.45,0,-1.15,neutral,bajista,0,-1.0,14,1359,2,
s5948,JUPUSDT,1781128800000,train,-1,-3.47,0.441,4.28,3.94,1.16,-2.32,1.93,0.61,0.7,0.52,0,-1.15,neutral,bajista,0,-1.0,14,1359,2,
s5949,PENDLEUSDT,1781128800000,train,-1,-2.84,0.476,3.84,3.06,0.79,-1.69,1.47,0.57,0.65,0.6,0,-1.15,neutral,neutral,0,-1.0,13,1359,0,
s5950,ONDOUSDT,1781128800000,train,-1,-3.78,0.483,4.65,4.02,0.97,-2.62,1.76,0.5,0.65,0.53,0,-1.15,neutral,neutral,0,-1.0,22,1358,0,
s5951,FETUSDT,1781128800000,train,-1,-4.32,0.522,5.38,4.95,0.96,-3.16,2.31,0.54,0.6,0.43,0,-1.15,neutral,bajista,0,-0.516,32,1358,3,
s5952,ARUSDT,1781128800000,testB,-1,-4.68,0.547,5.42,5.03,1.02,-3.53,2.37,0.44,0.52,0.42,0,-1.15,neutral,bajista,0,-1.0,23,1358,3,
s5953,STXUSDT,1781128800000,testB,-1,-2.97,0.461,3.53,3.24,1.12,-1.82,1.62,0.51,0.69,0.52,0,-1.15,neutral,bajista,0,-1.0,12,1358,2,
s5954,GRTUSDT,1781128800000,testB,-1,-2.37,0.378,3.02,2.75,2.0,-1.22,1.28,0.67,0.69,0.6,0,-1.15,neutral,bajista,0,-1.0,16,1358,2,
s5955,LDOUSDT,1781128800000,testB,-1,-2.71,0.473,3.42,2.98,1.32,-1.56,1.33,0.65,0.75,0.53,0,-1.15,neutral,neutral,0,-1.0,14,1358,0,
s5956,SANDUSDT,1781128800000,testB,-1,-2.6,0.391,3.82,3.02,1.6,-1.45,1.25,0.63,0.71,0.57,0,-1.15,neutral,neutral,0,-1.0,12,1358,0,
s5957,MANAUSDT,1781128800000,testB,-1,-3.07,0.455,4.43,3.48,0.84,-1.92,1.52,0.7,0.77,0.62,0,-1.15,neutral,neutral,0,-1.0,22,1358,0,
s5958,AXSUSDT,1781128800000,testB,-1,-2.86,0.419,3.73,3.28,0.89,-1.71,1.49,0.64,0.8,0.57,0,-1.15,neutral,bajista,0,-1.0,22,1358,2,
s5959,APEUSDT,1781128800000,testB,-1,-3.28,0.481,4.26,3.48,1.32,-2.13,1.48,0.48,0.71,0.53,0,-1.15,neutral,neutral,0,-1.0,12,1358,0,
s5960,XPLUSDT,1781129700000,train,-1,-4.19,0.541,5.0,4.51,1.22,-2.95,1.77,0.56,0.65,0.52,0,-1.24,neutral,bajista,0,-1.0,13,1360,3,
s5961,PUMPUSDT,1781129700000,train,-1,-4.71,0.563,5.02,4.87,0.59,-3.48,2.34,0.59,0.67,0.49,0,-1.24,neutral,bajista,0,-1.0,21,1360,3,
s5962,0GUSDT,1781129700000,train,-1,-4.08,0.558,4.95,4.47,0.7,-2.84,1.85,0.73,0.69,0.51,1,-1.24,neutral,bajista,0,-1.0,25,1360,3,
s5963,ENAUSDT,1781129700000,train,-1,-5.09,0.457,7.21,5.41,0.69,-3.85,1.8,0.76,0.77,0.62,0,-1.24,neutral,neutral,0,-1.0,21,1360,0,
s5964,ARBUSDT,1781129700000,train,-1,-3.91,0.484,5.09,4.34,1.02,-2.68,1.76,0.93,1.38,0.99,0,-1.24,neutral,neutral,0,-1.0,22,1360,0,
s5965,OPUSDT,1781129700000,train,-1,-4.5,0.5,5.39,4.71,0.9,-3.26,2.24,0.97,1.04,0.77,0,-1.24,neutral,neutral,0,-1.0,22,1360,0,
s5966,INJUSDT,1781129700000,train,-1,-4.3,0.429,5.25,4.64,1.06,-3.07,2.09,0.69,0.96,0.7,0,-1.24,neutral,neutral,0,-1.0,22,1360,1,
s5967,SUIUSDT,1781129700000,train,-1,-3.05,0.477,4.05,3.44,0.63,-1.81,1.36,0.71,0.83,0.61,0,-1.24,neutral,neutral,0,-1.0,21,1360,0,
s5968,TIAUSDT,1781129700000,train,-1,-3.9,0.444,4.96,4.13,0.96,-2.67,1.39,0.8,0.91,0.7,0,-1.24,neutral,neutral,0,-1.0,13,1360,0,
s5969,SEIUSDT,1781129700000,train,-1,-2.86,0.452,3.56,2.94,1.48,-1.62,1.15,0.47,0.52,0.45,0,-1.24,neutral,neutral,0,-1.0,13,1360,0,
s5970,JUPUSDT,1781129700000,train,-1,-3.72,0.491,4.35,3.87,1.33,-2.49,1.6,0.61,0.7,0.52,0,-1.24,neutral,neutral,0,-1.0,13,1360,0,
s5971,PENDLEUSDT,1781129700000,train,-1,-2.79,0.464,3.81,2.92,0.98,-1.56,1.17,0.57,0.65,0.6,0,-1.24,neutral,neutral,0,-1.0,12,1360,0,
s5972,ONDOUSDT,1781129700000,train,-1,-3.44,0.459,4.14,3.59,1.0,-2.2,1.61,0.5,0.65,0.53,0,-1.24,neutral,neutral,0,-1.0,13,1359,1,
s5973,FETUSDT,1781129700000,train,-1,-4.35,0.532,5.31,4.55,0.97,-3.11,1.69,0.54,0.6,0.43,0,-1.24,neutral,neutral,0,-0.821,32,1359,0,
s5974,ARUSDT,1781129700000,testB,-1,-4.31,0.488,5.29,4.56,1.18,-3.07,1.81,0.44,0.52,0.42,0,-1.24,neutral,neutral,0,-1.0,22,1359,0,
s5975,STXUSDT,1781129700000,testB,-1,-2.81,0.424,3.58,3.06,1.13,-1.57,1.27,0.51,0.69,0.52,0,-1.24,neutral,neutral,0,-1.0,11,1359,0,
s5976,GRTUSDT,1781129700000,testB,-1,-2.73,0.448,3.4,2.86,2.14,-1.49,1.22,0.67,0.69,0.6,0,-1.24,neutral,bajista,0,-1.0,15,1359,3,
s5977,LDOUSDT,1781129700000,testB,-1,-2.59,0.444,3.45,2.7,1.78,-1.35,0.93,0.65,0.75,0.53,0,-1.24,neutral,neutral,0,-1.0,13,1359,0,
s5978,SANDUSDT,1781129700000,testB,-1,-2.74,0.418,3.82,3.04,1.57,-1.5,1.11,0.63,0.71,0.57,0,-1.24,neutral,neutral,0,-1.0,11,1359,0,
s5979,MANAUSDT,1781129700000,testB,-1,-3.07,0.455,4.43,3.48,0.84,-1.83,1.36,0.7,0.77,0.62,0,-1.24,neutral,neutral,0,-1.0,21,1359,0,
s5980,AXSUSDT,1781129700000,testB,-1,-2.85,0.419,3.73,3.16,0.92,-1.62,1.2,0.64,0.8,0.57,0,-1.24,neutral,neutral,0,-1.0,21,1359,0,
s5981,APEUSDT,1781129700000,testB,-1,-3.2,0.475,4.26,3.48,1.46,-1.96,1.33,0.48,0.71,0.53,0,-1.24,neutral,neutral,0,-1.0,11,1359,0,
s5982,0GUSDT,1781130600000,train,-1,-2.72,0.372,4.91,3.75,0.72,-2.38,1.11,0.73,0.69,0.51,1,-0.35,neutral,neutral,0,-1.0,24,1361,0,
s5983,XPLUSDT,1781131500000,train,-1,-3.2,0.417,4.17,3.46,1.41,-2.39,1.45,0.56,0.65,0.52,0,-0.81,neutral,neutral,0,-1.0,10,1362,1,
s5984,PUMPUSDT,1781131500000,train,-1,-3.41,0.5,4.34,3.67,0.66,-2.59,1.5,0.59,0.67,0.49,0,-0.81,neutral,neutral,0,-1.0,11,1362,1,
s5985,0GUSDT,1781131500000,train,-1,-4.6,0.615,5.08,4.89,0.68,-3.78,1.94,0.73,0.69,0.51,1,-0.81,neutral,neutral,0,-1.0,23,1362,1,
s5986,ENAUSDT,1781131500000,train,-1,-4.27,0.389,7.14,4.61,0.69,-3.45,0.95,0.76,0.77,0.62,0,-0.81,neutral,neutral,0,-1.0,19,1362,1,
s5987,ARBUSDT,1781131500000,train,-1,-3.45,0.427,5.06,3.83,0.92,-2.63,1.16,0.93,1.38,0.99,0,-0.81,neutral,neutral,0,-1.0,20,1362,1,
s5988,OPUSDT,1781131500000,train,-1,-3.87,0.429,5.25,4.13,1.02,-3.05,1.55,0.97,1.04,0.77,0,-0.81,neutral,neutral,0,-1.0,20,1362,1,
s5989,INJUSDT,1781131500000,train,-1,-4.2,0.514,5.22,4.39,0.87,-3.39,1.62,0.69,0.96,0.7,0,-0.81,neutral,neutral,0,-1.0,20,1362,1,
s5990,SUIUSDT,1781131500000,train,-1,-2.98,0.513,4.04,3.24,0.56,-2.17,1.04,0.71,0.83,0.61,0,-0.81,neutral,neutral,0,-1.0,19,1362,1,
s5991,TIAUSDT,1781131500000,train,-1,-3.09,0.355,4.67,3.35,0.78,-2.28,0.89,0.8,0.91,0.7,0,-0.81,neutral,neutral,0,-1.0,9,1362,1,
s5992,SEIUSDT,1781131500000,train,-1,-2.27,0.37,3.46,2.48,0.95,-1.46,0.71,0.47,0.52,0.45,0,-0.81,neutral,neutral,0,-1.0,10,1362,1,
s5993,JUPUSDT,1781131500000,train,-1,-3.26,0.467,4.27,3.44,0.96,-2.45,1.16,0.61,0.7,0.52,0,-0.81,neutral,neutral,0,-1.0,11,1362,1,
s5994,FETUSDT,1781131500000,train,-1,-4.47,0.573,5.11,4.79,0.69,-3.66,1.87,0.54,0.6,0.43,0,-0.81,neutral,neutral,0,-0.773,32,1361,1,
s5995,ARUSDT,1781131500000,testB,-1,-3.63,0.444,4.83,3.93,0.95,-2.82,1.51,0.44,0.52,0.42,0,-0.81,neutral,neutral,0,-1.0,20,1361,1,
s5996,STXUSDT,1781131500000,testB,-1,-2.58,0.411,3.57,2.76,0.91,-1.77,0.9,0.51,0.69,0.52,0,-0.81,neutral,neutral,0,-1.0,9,1361,1,
s5997,GRTUSDT,1781131500000,testB,-1,-2.37,0.429,3.35,2.75,1.07,-1.56,1.01,0.67,0.69,0.6,0,-0.81,neutral,neutral,0,-1.0,13,1361,1,
s5998,MANAUSDT,1781131500000,testB,-1,-2.91,0.442,4.42,3.32,0.72,-2.1,1.06,0.7,0.77,0.62,0,-0.81,neutral,neutral,0,-1.0,19,1361,1,
s5999,AXSUSDT,1781131500000,testB,-1,-2.53,0.39,3.72,2.93,0.97,-1.71,0.88,0.64,0.8,0.57,0,-0.81,neutral,neutral,0,-1.0,19,1361,1,
s6000,APEUSDT,1781131500000,testB,-1,-2.78,0.44,4.24,3.03,1.29,-1.96,0.85,0.48,0.71,0.53,0,-0.81,neutral,neutral,0,-1.0,9,1361,1,
s6001,PUMPUSDT,1781132400000,train,-1,-2.87,0.455,3.69,3.39,0.77,-1.99,1.71,0.56,0.66,0.5,0,-0.87,neutral,bajista,0,-1.0,10,1363,2,
s6002,0GUSDT,1781132400000,train,-1,-4.31,0.598,5.27,4.65,0.89,-3.44,2.06,0.79,0.7,0.53,1,-0.87,neutral,bajista,0,-1.0,19,1363,2,
s6003,ARBUSDT,1781132400000,train,-1,-2.9,0.384,4.51,3.31,0.84,-2.03,1.11,0.87,1.34,1.02,0,-0.87,neutral,bajista,0,-1.0,19,1363,2,
s6004,OPUSDT,1781132400000,train,-1,-3.46,0.4,4.59,3.7,0.83,-2.59,1.62,0.76,1.03,0.78,0,-0.87,neutral,bajista,0,-1.0,10,1363,2,
s6005,INJUSDT,1781132400000,train,-1,-3.36,0.456,4.74,4.13,0.75,-2.49,1.68,0.68,0.92,0.71,0,-0.87,neutral,bajista,0,-1.0,19,1363,2,
s6006,SUIUSDT,1781132400000,train,-1,-2.74,0.49,3.69,3.11,0.63,-1.87,1.18,0.74,0.83,0.63,0,-0.87,neutral,bajista,0,-1.0,10,1363,2,
s6007,JUPUSDT,1781132400000,train,-1,-2.62,0.411,3.52,2.9,1.01,-1.75,1.28,0.56,0.7,0.53,0,-0.87,neutral,bajista,0,-1.0,8,1363,2,
s6008,FETUSDT,1781132400000,train,-1,-3.68,0.522,4.2,3.98,0.68,-2.81,1.94,0.53,0.59,0.44,0,-0.87,neutral,bajista,0,-1.0,19,1362,2,
s6009,ARUSDT,1781132400000,testB,-1,-3.05,0.4,4.27,3.43,0.9,-2.18,1.41,0.43,0.48,0.43,0,-0.87,neutral,bajista,0,-1.0,19,1362,2,
s6010,STXUSDT,1781132400000,testB,-1,-2.25,0.377,3.17,2.54,0.65,-1.38,0.97,0.48,0.67,0.52,0,-0.87,neutral,bajista,0,-1.0,8,1362,2,
s6011,GRTUSDT,1781132400000,testB,-1,-2.64,0.455,3.14,2.82,0.86,-1.77,1.19,0.68,0.68,0.6,1,-0.87,neutral,bajista,0,-1.0,10,1362,2,
s6012,MANAUSDT,1781132400000,testB,-1,-3.07,0.455,4.12,3.33,0.59,-2.2,1.24,0.68,0.76,0.63,0,-0.87,neutral,bajista,0,-1.0,10,1362,2,
s6013,AXSUSDT,1781132400000,testB,-1,-2.43,0.379,3.28,2.71,0.93,-1.55,1.01,0.62,0.75,0.59,0,-0.87,neutral,bajista,0,-1.0,8,1362,2,
s6014,APEUSDT,1781132400000,testB,-1,-2.04,0.364,3.38,2.34,1.11,-1.17,0.91,0.48,0.65,0.54,0,-0.87,neutral,bajista,0,-1.0,5,1362,2,
s6015,0GUSDT,1781133300000,train,-1,-3.26,0.422,4.9,3.48,1.02,-2.87,1.05,0.79,0.7,0.53,1,-0.38,neutral,neutral,0,-1.0,18,1364,0,
s6016,INJUSDT,1781133300000,train,-1,-2.81,0.355,4.73,3.44,0.74,-2.43,0.74,0.68,0.92,0.71,0,-0.38,neutral,neutral,0,-1.0,18,1364,0,
s6017,0GUSDT,1781134200000,train,-1,-2.91,0.39,4.54,3.07,0.94,-2.15,1.03,0.79,0.7,0.53,1,-0.76,neutral,neutral,0,-1.0,17,1365,0,
s6018,FETUSDT,1781134200000,train,-1,-2.6,0.353,3.92,3.1,0.94,-1.84,1.43,0.53,0.59,0.44,0,-0.76,neutral,neutral,0,-1.0,17,1364,1,
s6019,0GUSDT,1781135100000,train,-1,-2.57,0.356,4.24,2.74,0.91,-1.88,0.82,0.79,0.7,0.53,1,-0.69,neutral,neutral,0,-1.0,15,1366,0,
s6020,ASTERUSDT,1781136000000,train,1,3.26,0.676,3.46,3.22,0.48,3.46,1.28,0.62,0.62,0.54,0,-0.2,neutral,neutral,0,0.555,32,1367,1,
s6021,FETUSDT,1781136000000,train,-1,-2.54,0.358,3.91,2.88,1.04,-2.34,0.75,0.51,0.56,0.45,0,-0.2,neutral,neutral,0,-1.0,15,1366,0,
s6022,ASTERUSDT,1781136900000,train,1,2.54,0.621,3.07,2.94,0.48,2.57,1.29,0.62,0.62,0.54,0,-0.03,neutral,alcista,0,0.519,32,1368,2,
s6023,ASTERUSDT,1781137800000,train,1,2.54,0.621,3.28,2.91,0.51,2.57,1.16,0.62,0.62,0.54,0,-0.03,neutral,neutral,0,0.718,32,1369,0,
s6024,ASTERUSDT,1781138700000,train,1,2.56,0.622,3.28,2.93,0.48,2.52,1.2,0.62,0.62,0.54,0,0.04,neutral,neutral,0,0.72,32,1370,1,
s6025,ASTERUSDT,1781139600000,train,1,3.28,0.773,3.46,3.32,0.46,2.48,1.34,0.59,0.6,0.54,0,0.8,neutral,alcista,0,0.372,32,1371,2,
s6026,WLDUSDT,1781139600000,train,1,5.49,0.458,6.57,5.91,0.58,4.69,1.88,0.39,0.71,0.61,0,0.8,neutral,neutral,1,2.0,29,1371,1,
s6027,ARBUSDT,1781139600000,train,1,2.43,0.352,3.6,3.5,3.02,1.63,0.99,1.59,1.44,1.2,1,0.8,neutral,alcista,0,0.69,32,1371,2,
s6028,SUIUSDT,1781139600000,train,1,2.53,0.44,3.36,3.19,0.75,1.73,1.18,0.71,0.76,0.64,0,0.8,neutral,alcista,0,0.443,32,1371,2,
s6029,TIAUSDT,1781139600000,train,1,3.94,0.474,4.52,4.39,0.57,3.14,1.77,0.69,0.77,0.68,0,0.8,neutral,neutral,0,0.746,32,1371,1,
s6030,JUPUSDT,1781139600000,train,1,2.61,0.352,3.68,3.61,0.72,1.81,1.44,0.55,0.61,0.54,0,0.8,neutral,alcista,0,0.759,32,1371,2,
s6031,STXUSDT,1781139600000,testB,1,2.71,0.439,3.65,3.37,1.0,1.91,1.4,0.51,0.59,0.53,0,0.8,neutral,alcista,0,0.683,32,1370,2,
s6032,GRTUSDT,1781139600000,testB,1,2.16,0.357,2.7,2.64,0.59,1.36,1.0,0.72,0.63,0.58,1,0.8,neutral,neutral,0,0.52,32,1370,1,
s6033,LDOUSDT,1781139600000,testB,1,2.38,0.4,3.21,3.06,0.89,1.58,1.12,0.61,0.64,0.57,0,0.8,neutral,neutral,0,0.557,32,1370,1,
s6034,SANDUSDT,1781139600000,testB,1,3.57,0.428,4.33,4.22,1.43,2.77,2.07,0.82,0.7,0.62,1,0.8,neutral,alcista,0,0.379,32,1370,2,
s6035,MANAUSDT,1781139600000,testB,1,2.85,0.375,3.85,3.69,1.15,2.05,1.46,0.72,0.72,0.65,0,0.8,neutral,alcista,0,0.583,32,1370,2,
s6036,APEUSDT,1781139600000,testB,1,3.3,0.528,4.28,4.11,0.95,2.49,1.67,0.52,0.55,0.55,0,0.8,neutral,alcista,0,1.224,32,1370,2,
s6037,ASTERUSDT,1781140500000,train,1,3.1,0.764,3.47,3.43,0.45,2.12,1.32,0.59,0.6,0.54,0,0.98,neutral,alcista,0,0.276,32,1372,3,
s6038,WLDUSDT,1781140500000,train,1,4.96,0.437,7.25,6.75,0.69,3.98,2.62,0.39,0.71,0.61,0,0.98,neutral,alcista,0,0.965,32,1372,2,
s6039,SUIUSDT,1781140500000,train,1,2.3,0.417,3.44,3.32,0.69,1.32,1.25,0.71,0.76,0.64,0,0.98,neutral,alcista,0,0.347,32,1372,3,
s6040,TIAUSDT,1781140500000,train,1,3.45,0.443,4.64,4.55,0.6,2.47,1.84,0.69,0.77,0.68,0,0.98,neutral,alcista,0,0.706,32,1372,2,
s6041,STXUSDT,1781140500000,testB,1,2.47,0.417,3.64,3.47,0.78,1.49,1.41,0.51,0.59,0.53,0,0.98,neutral,alcista,0,0.661,32,1371,3,
s6042,SANDUSDT,1781140500000,testB,1,3.25,0.406,4.37,4.25,1.38,2.27,1.96,0.82,0.7,0.62,1,0.98,neutral,alcista,0,0.366,32,1371,3,
s6043,APEUSDT,1781140500000,testB,1,3.11,0.514,4.52,4.36,0.7,2.13,1.79,0.52,0.55,0.55,0,0.98,neutral,alcista,0,1.019,32,1371,3,
s6044,ASTERUSDT,1781141400000,train,1,2.98,0.757,3.68,3.52,0.42,2.05,1.28,0.59,0.6,0.54,0,0.93,neutral,alcista,0,0.2,32,1373,4,
s6045,WLDUSDT,1781141400000,train,1,5.84,0.534,7.39,6.91,0.72,4.91,2.61,0.39,0.71,0.61,0,0.93,neutral,alcista,0,0.792,32,1373,3,
s6046,SUIUSDT,1781141400000,train,1,2.51,0.438,3.89,3.55,0.64,1.58,1.39,0.71,0.76,0.64,0,0.93,neutral,alcista,0,0.289,32,1373,4,
s6047,TIAUSDT,1781141400000,train,1,3.11,0.419,5.02,4.61,0.65,2.18,1.77,0.69,0.77,0.68,0,0.93,neutral,alcista,0,0.634,32,1373,3,
s6048,STXUSDT,1781141400000,testB,1,2.4,0.412,4.02,3.8,0.71,1.47,1.63,0.51,0.59,0.53,0,0.93,neutral,alcista,0,0.603,32,1372,4,
s6049,LDOUSDT,1781141400000,testB,1,2.09,0.371,3.86,3.47,0.72,1.16,1.36,0.61,0.64,0.57,0,0.93,neutral,alcista,0,0.4,32,1372,3,
s6050,SANDUSDT,1781141400000,testB,1,2.77,0.369,4.49,4.33,1.48,1.84,1.87,0.82,0.7,0.62,1,0.93,neutral,alcista,0,0.405,32,1372,4,
s6051,APEUSDT,1781141400000,testB,1,3.28,0.528,4.92,4.67,0.9,2.34,1.94,0.52,0.55,0.55,0,0.93,neutral,alcista,0,0.893,32,1372,4,
s6052,ASTERUSDT,1781142300000,train,1,3.21,0.858,3.59,3.31,0.42,1.81,1.09,0.59,0.6,0.54,0,1.39,neutral,neutral,0,0.271,32,1374,0,
s6053,XPLUSDT,1781142300000,train,1,3.43,0.407,5.33,4.8,0.91,2.04,2.35,0.43,0.55,0.49,0,1.39,neutral,alcista,0,0.35,32,1374,5,
s6054,PUMPUSDT,1781142300000,train,1,3.08,0.396,4.41,4.05,0.98,1.69,1.96,0.44,0.59,0.51,0,1.39,neutral,alcista,0,0.193,32,1374,4,
s6055,STBLUSDT,1781142300000,train,1,4.11,0.508,4.67,4.46,0.4,2.72,1.62,0.73,0.61,0.71,0,1.39,neutral,alcista,0,0.419,32,1374,2,
s6056,WLDUSDT,1781142300000,train,1,6.04,0.56,7.39,6.89,0.75,4.65,2.81,0.39,0.71,0.61,0,1.39,neutral,neutral,0,0.924,32,1374,0,
s6057,ENAUSDT,1781142300000,train,1,3.41,0.371,4.11,3.9,0.56,2.02,1.49,0.54,0.68,0.62,0,1.39,neutral,neutral,0,0.867,32,1374,1,
s6058,ARBUSDT,1781142300000,train,1,3.45,0.639,4.24,3.87,3.28,2.06,1.39,1.59,1.44,1.2,1,1.39,neutral,neutral,0,0.592,32,1374,0,
s6059,OPUSDT,1781142300000,train,1,2.89,0.419,4.65,4.32,0.91,1.5,1.54,0.71,0.88,0.79,0,1.39,neutral,alcista,0,0.125,32,1374,2,
s6060,INJUSDT,1781142300000,train,1,2.7,0.397,4.5,3.31,0.82,1.31,1.12,0.65,0.8,0.74,0,1.39,neutral,neutral,1,2.0,8,1374,0,
s6061,SUIUSDT,1781142300000,train,1,3.12,0.602,3.65,3.32,0.71,1.73,1.47,0.71,0.76,0.64,0,1.39,neutral,alcista,0,0.346,32,1374,5,
s6062,TIAUSDT,1781142300000,train,1,4.47,0.665,4.94,4.75,0.8,3.08,1.97,0.69,0.77,0.68,0,1.39,neutral,alcista,0,0.58,32,1374,4,
s6063,SEIUSDT,1781142300000,train,1,2.99,0.495,3.94,3.45,0.69,1.6,1.28,0.48,0.45,0.47,0,1.39,neutral,neutral,0,0.589,32,1374,0,
s6064,JUPUSDT,1781142300000,train,1,3.87,0.636,4.59,4.19,0.73,2.48,1.74,0.55,0.61,0.54,0,1.39,neutral,neutral,0,0.683,32,1374,0,
s6065,PENDLEUSDT,1781142300000,train,1,3.5,0.41,3.9,3.73,0.74,2.11,1.62,0.56,0.57,0.54,0,1.39,neutral,neutral,0,0.772,32,1374,1,
s6066,ONDOUSDT,1781142300000,train,1,3.53,0.523,4.06,3.91,0.88,2.14,1.62,0.41,0.54,0.53,0,1.39,neutral,alcista,0,0.526,32,1373,5,
s6067,ARUSDT,1781142300000,testB,1,2.99,0.461,3.57,3.29,0.83,1.6,1.0,0.41,0.41,0.43,0,1.39,neutral,neutral,0,0.783,32,1373,0,
s6068,STXUSDT,1781142300000,testB,1,3.35,0.674,4.02,3.74,0.75,1.96,1.57,0.51,0.59,0.53,0,1.39,neutral,neutral,0,0.612,32,1373,0,
s6069,GRTUSDT,1781142300000,testB,1,2.32,0.506,3.21,3.11,0.49,0.92,1.34,0.72,0.63,0.58,1,1.39,neutral,alcista,0,0.475,32,1373,4,
s6070,LDOUSDT,1781142300000,testB,1,3.1,0.661,3.86,3.43,0.75,1.71,1.31,0.61,0.64,0.57,0,1.39,neutral,neutral,0,0.461,32,1373,0,
s6071,SANDUSDT,1781142300000,testB,1,3.82,0.583,4.22,3.94,1.49,2.43,1.72,0.82,0.7,0.62,1,1.39,neutral,neutral,0,0.435,32,1373,0,
s6072,MANAUSDT,1781142300000,testB,1,3.49,0.579,3.83,3.68,1.51,2.1,1.59,0.72,0.72,0.65,0,1.39,neutral,alcista,0,0.583,32,1373,5,
s6073,AXSUSDT,1781142300000,testB,1,2.83,0.51,3.41,3.08,0.67,1.44,1.15,0.62,0.65,0.6,0,1.39,neutral,neutral,0,0.429,32,1373,0,
s6074,APEUSDT,1781142300000,testB,1,4.26,0.754,4.92,4.83,0.95,2.87,2.05,0.52,0.55,0.55,0,1.39,neutral,alcista,0,0.966,32,1373,5,
s6075,ASTERUSDT,1781143200000,train,1,2.77,0.712,3.4,2.84,0.47,1.25,0.69,0.53,0.58,0.53,0,1.52,neutral,neutral,0,0.452,32,1375,0,
s6076,XPLUSDT,1781143200000,train,1,3.79,0.465,5.35,4.13,0.97,2.27,1.42,0.4,0.53,0.49,0,1.52,neutral,neutral,0,0.819,32,1375,0,
s6077,PUMPUSDT,1781143200000,train,1,2.88,0.358,4.44,3.23,0.93,1.35,0.94,0.41,0.58,0.51,0,1.52,neutral,neutral,0,1.022,32,1375,0,
s6078,STBLUSDT,1781143200000,train,1,3.71,0.442,4.52,3.92,0.44,2.19,1.07,0.6,0.57,0.72,0,1.52,neutral,neutral,0,0.489,32,1375,0,
s6079,0GUSDT,1781143200000,train,1,2.31,0.377,3.83,3.54,0.56,0.79,1.21,0.62,0.62,0.52,0,1.52,neutral,alcista,0,1.556,32,1375,6,
s6080,WLDUSDT,1781143200000,train,1,4.5,0.364,7.67,5.37,0.82,2.98,0.86,0.39,0.67,0.61,0,1.52,neutral,neutral,1,2.0,22,1375,0,
s6081,ENAUSDT,1781143200000,train,1,3.42,0.371,4.01,3.47,0.62,1.9,0.93,0.47,0.66,0.61,0,1.52,neutral,neutral,1,2.0,7,1375,0,
s6082,ARBUSDT,1781143200000,train,1,3.33,0.604,4.25,3.66,1.93,1.81,0.99,1.82,1.56,1.31,1,1.52,neutral,neutral,0,0.85,32,1375,0,
s6083,OPUSDT,1781143200000,train,1,3.48,0.544,4.66,4.01,0.68,1.96,0.94,0.64,0.83,0.78,0,1.52,neutral,neutral,0,0.432,32,1375,0,
s6084,SUIUSDT,1781143200000,train,1,2.9,0.55,3.58,3.11,0.56,1.37,1.14,0.62,0.72,0.63,0,1.52,neutral,neutral,0,0.4,32,1375,0,
s6085,TIAUSDT,1781143200000,train,1,4.1,0.585,4.83,4.32,0.79,2.58,1.41,0.6,0.73,0.68,0,1.52,neutral,neutral,0,0.765,32,1375,0,
s6086,SEIUSDT,1781143200000,train,1,3.21,0.551,3.94,3.45,0.86,1.69,1.07,0.44,0.44,0.46,0,1.52,neutral,neutral,0,0.693,32,1375,0,
s6087,JUPUSDT,1781143200000,train,1,3.8,0.618,4.59,4.06,0.83,2.28,1.36,0.54,0.6,0.54,0,1.52,neutral,neutral,0,0.639,32,1375,0,
s6088,ONDOUSDT,1781143200000,train,1,2.95,0.416,3.87,3.28,0.81,1.43,0.97,0.4,0.5,0.53,0,1.52,neutral,neutral,0,0.703,32,1374,0,
s6089,ARUSDT,1781143200000,testB,1,2.66,0.388,3.52,2.92,0.86,1.13,0.48,0.37,0.39,0.4,0,1.52,neutral,neutral,0,1.132,32,1374,0,
s6090,STXUSDT,1781143200000,testB,1,3.88,0.753,5.01,4.06,1.56,2.35,1.68,0.65,0.64,0.57,1,1.52,neutral,neutral,0,0.521,32,1374,1,
s6091,GRTUSDT,1781143200000,testB,1,2.32,0.506,3.38,2.9,0.57,0.8,0.95,0.65,0.62,0.57,1,1.52,neutral,neutral,0,0.655,32,1374,0,
s6092,LDOUSDT,1781143200000,testB,1,3.06,0.658,3.86,3.47,0.64,1.54,1.15,0.59,0.62,0.58,0,1.52,neutral,neutral,0,0.5,32,1374,0,
s6093,SANDUSDT,1781143200000,testB,1,3.39,0.522,4.14,3.69,0.58,1.87,1.34,0.78,0.66,0.61,1,1.52,neutral,neutral,0,0.535,32,1374,0,
s6094,MANAUSDT,1781143200000,testB,1,2.85,0.474,3.85,3.38,0.73,1.33,1.11,0.64,0.68,0.64,0,1.52,neutral,neutral,0,0.773,32,1374,0,
s6095,AXSUSDT,1781143200000,testB,1,2.83,0.51,3.41,3.08,0.56,1.31,0.97,0.53,0.61,0.6,0,1.52,neutral,neutral,0,0.429,32,1374,0,
s6096,APEUSDT,1781143200000,testB,1,4.0,0.676,4.76,4.26,0.83,2.48,1.57,0.48,0.5,0.56,0,1.52,neutral,neutral,0,1.137,32,1374,0,
s6097,ASTERUSDT,1781144100000,train,1,2.7,0.701,3.23,2.65,0.5,1.38,0.58,0.53,0.58,0.53,0,1.32,neutral,neutral,0,0.485,32,1376,0,
s6098,XPLUSDT,1781144100000,train,1,3.18,0.362,5.28,3.45,1.14,1.86,0.7,0.4,0.53,0.49,0,1.32,neutral,neutral,0,1.093,32,1376,0,
s6099,STBLUSDT,1781144100000,train,1,3.34,0.418,4.0,3.53,0.44,2.02,1.03,0.6,0.57,0.72,0,1.32,neutral,neutral,0,0.434,32,1376,1,
s6100,ARBUSDT,1781144100000,train,1,2.47,0.427,3.6,2.46,1.82,1.15,0.36,1.82,1.56,1.31,1,1.32,neutral,neutral,1,2.0,6,1376,0,
s6101,OPUSDT,1781144100000,train,1,2.81,0.397,4.37,3.06,0.58,1.49,0.2,0.64,0.83,0.78,0,1.32,neutral,neutral,0,0.821,32,1376,0,
s6102,SUIUSDT,1781144100000,train,1,2.69,0.491,3.55,2.86,0.54,1.37,0.83,0.62,0.72,0.63,0,1.32,neutral,neutral,0,0.536,32,1376,0,
s6103,TIAUSDT,1781144100000,train,1,3.44,0.473,4.28,3.32,0.69,2.12,0.81,0.6,0.73,0.68,0,1.32,neutral,neutral,0,1.067,32,1376,0,
s6104,SEIUSDT,1781144100000,train,1,2.57,0.434,3.44,2.59,0.96,1.25,0.61,0.44,0.44,0.46,0,1.32,neutral,neutral,0,1.074,32,1376,0,
s6105,JUPUSDT,1781144100000,train,1,3.31,0.511,4.28,3.34,0.96,1.99,0.85,0.54,0.6,0.54,0,1.32,neutral,neutral,0,0.9,32,1376,0,
s6106,STXUSDT,1781144100000,testB,1,3.41,0.648,4.69,3.46,1.73,2.09,1.21,0.65,0.64,0.57,1,1.32,neutral,neutral,0,0.677,32,1375,0,
s6107,LDOUSDT,1781144100000,testB,1,2.46,0.517,3.21,2.48,0.61,1.14,0.7,0.59,0.62,0.58,0,1.32,neutral,neutral,0,0.766,32,1375,0,
s6108,SANDUSDT,1781144100000,testB,1,3.08,0.453,3.82,3.05,0.52,1.76,0.85,0.78,0.66,0.61,1,1.32,neutral,neutral,0,0.76,32,1375,0,
s6109,MANAUSDT,1781144100000,testB,1,2.53,0.4,3.7,2.93,0.65,1.21,0.66,0.64,0.68,0.64,0,1.32,neutral,neutral,0,1.0,32,1375,0,
s6110,AXSUSDT,1781144100000,testB,1,2.15,0.358,3.21,2.32,0.51,0.83,0.33,0.53,0.61,0.6,0,1.32,neutral,neutral,0,0.857,32,1375,0,
s6111,APEUSDT,1781144100000,testB,1,3.74,0.606,4.44,3.69,0.94,2.42,1.16,0.48,0.5,0.56,0,1.32,neutral,neutral,0,1.318,32,1375,0,
s6112,SUIUSDT,1781145000000,train,1,2.33,0.457,3.54,3.08,0.56,1.5,1.04,0.62,0.72,0.63,0,0.82,neutral,neutral,0,0.421,32,1377,1,
s6113,TIAUSDT,1781145000000,train,1,2.45,0.393,4.21,3.35,0.69,1.63,0.96,0.6,0.73,0.68,0,0.82,neutral,neutral,0,0.886,32,1377,1,
s6114,JUPUSDT,1781145000000,train,1,2.53,0.446,4.28,3.41,0.98,1.71,1.01,0.54,0.6,0.54,0,0.82,neutral,neutral,0,0.804,32,1377,0,
s6115,STXUSDT,1781145000000,testB,1,2.29,0.455,4.71,3.03,2.3,1.47,0.81,0.65,0.64,0.57,1,0.82,neutral,neutral,0,0.759,32,1376,0,
s6116,SANDUSDT,1781145000000,testB,1,2.34,0.389,3.81,3.28,0.42,1.52,1.14,0.78,0.66,0.61,1,0.82,neutral,neutral,0,0.548,32,1376,1,
s6117,APEUSDT,1781145000000,testB,1,2.93,0.548,4.44,3.77,0.56,2.11,1.23,0.48,0.5,0.56,0,0.82,neutral,neutral,0,1.067,32,1376,0,
s6118,XPLUSDT,1781145900000,train,1,3.04,0.413,5.28,3.53,0.9,1.8,0.86,0.4,0.53,0.49,0,1.24,neutral,neutral,0,1.036,32,1378,1,
s6119,STBLUSDT,1781145900000,train,1,2.09,0.353,4.01,3.37,0.51,0.85,0.87,0.6,0.57,0.72,0,1.24,neutral,neutral,0,0.557,32,1378,1,
s6120,0GUSDT,1781145900000,train,1,2.76,0.532,3.83,3.58,0.67,1.52,1.05,0.62,0.62,0.52,0,1.24,neutral,neutral,0,1.45,32,1378,1,
s6121,WLDUSDT,1781145900000,train,1,4.45,0.377,6.32,4.7,0.68,3.21,1.34,0.39,0.67,0.61,0,1.24,neutral,alcista,1,2.0,19,1378,2,
s6122,OPUSDT,1781145900000,train,1,2.23,0.385,4.37,2.95,0.6,1.0,0.33,0.64,0.83,0.78,0,1.24,neutral,neutral,0,0.778,32,1378,0,
s6123,SUIUSDT,1781145900000,train,1,2.77,0.58,3.54,3.12,0.61,1.53,0.97,0.62,0.72,0.63,0,1.24,neutral,alcista,0,0.489,32,1378,2,
s6124,TIAUSDT,1781145900000,train,1,3.25,0.547,4.2,3.57,0.6,2.02,1.07,0.6,0.73,0.68,0,1.24,neutral,alcista,0,0.741,32,1378,2,
s6125,SEIUSDT,1781145900000,train,1,2.11,0.431,3.38,2.45,0.82,0.87,0.58,0.44,0.44,0.46,0,1.24,neutral,neutral,0,1.278,32,1378,1,
s6126,JUPUSDT,1781145900000,train,1,3.17,0.59,4.27,3.54,0.97,1.93,1.05,0.54,0.6,0.54,0,1.24,neutral,neutral,0,0.811,32,1378,1,
s6127,STXUSDT,1781145900000,testB,1,2.36,0.471,4.72,2.76,3.09,1.12,0.5,0.65,0.64,0.57,1,1.24,neutral,neutral,0,1.041,32,1377,0,
s6128,GRTUSDT,1781145900000,testB,1,2.16,0.5,3.28,2.59,0.59,0.92,0.64,0.65,0.62,0.57,1,1.24,neutral,neutral,0,0.898,32,1377,1,
s6129,LDOUSDT,1781145900000,testB,1,2.13,0.551,3.21,2.48,0.66,0.9,0.69,0.59,0.62,0.58,0,1.24,neutral,neutral,0,0.781,32,1377,1,
s6130,SANDUSDT,1781145900000,testB,1,3.09,0.539,3.8,3.47,0.43,1.85,1.18,0.78,0.66,0.61,1,1.24,neutral,alcista,0,0.511,32,1377,2,
s6131,MANAUSDT,1781145900000,testB,1,2.84,0.474,3.69,3.38,0.56,1.6,1.07,0.64,0.68,0.64,0,1.24,neutral,neutral,0,0.682,32,1377,1,
s6132,AXSUSDT,1781145900000,testB,1,2.37,0.447,3.19,2.75,0.44,1.13,0.78,0.53,0.61,0.6,0,1.24,neutral,alcista,0,0.48,32,1377,2,
s6133,APEUSDT,1781145900000,testB,1,3.37,0.684,4.44,3.77,0.52,2.13,1.11,0.48,0.5,0.56,0,1.24,neutral,neutral,0,1.156,32,1377,1,
s6134,PUMPUSDT,1781146800000,train,1,3.32,0.429,4.43,3.64,1.12,1.92,1.27,0.43,0.56,0.52,0,1.4,neutral,alcista,0,0.843,32,1379,3,
s6135,STBLUSDT,1781146800000,train,1,2.59,0.472,3.85,2.82,0.62,1.19,0.38,0.44,0.54,0.72,0,1.4,neutral,neutral,0,0.939,32,1379,0,
s6136,0GUSDT,1781146800000,train,1,2.8,0.543,3.62,3.12,0.71,1.4,0.72,0.55,0.64,0.55,0,1.4,neutral,neutral,1,2.0,28,1379,0,
s6137,ARBUSDT,1781146800000,train,1,2.0,0.429,3.44,2.3,1.49,0.6,0.4,2.33,1.72,1.48,1,1.4,neutral,alcista,1,2.0,3,1379,2,
s6138,OPUSDT,1781146800000,train,1,2.35,0.412,4.38,2.84,0.62,0.95,0.2,0.61,0.81,0.79,0,1.4,neutral,neutral,0,1.0,32,1379,0,
s6139,SUIUSDT,1781146800000,train,1,2.83,0.599,3.55,2.97,0.64,1.42,0.73,0.65,0.74,0.68,0,1.4,neutral,neutral,0,0.658,32,1379,0,
s6140,TIAUSDT,1781146800000,train,1,3.39,0.563,4.2,3.66,0.52,1.98,1.03,0.54,0.68,0.69,0,1.4,neutral,alcista,0,0.704,32,1379,3,
s6141,SEIUSDT,1781146800000,train,1,2.18,0.45,3.39,2.32,0.75,0.77,0.38,0.41,0.43,0.46,0,1.4,neutral,neutral,0,1.615,32,1379,0,
s6142,JUPUSDT,1781146800000,train,1,3.17,0.59,4.28,3.34,0.75,1.77,0.75,0.54,0.59,0.56,0,1.4,neutral,neutral,0,1.18,32,1379,0,
s6143,PENDLEUSDT,1781146800000,train,1,3.15,0.445,3.66,3.28,1.27,1.74,1.18,0.53,0.55,0.56,0,1.4,neutral,neutral,0,0.886,32,1379,0,
s6144,STXUSDT,1781146800000,testB,1,2.31,0.455,4.74,2.54,1.34,0.9,0.23,0.85,0.68,0.63,1,1.4,neutral,neutral,0,1.333,32,1378,0,
s6145,GRTUSDT,1781146800000,testB,1,2.38,0.579,3.28,2.54,0.51,0.98,0.54,0.52,0.6,0.57,0,1.4,neutral,neutral,0,0.958,32,1378,0,
s6146,LDOUSDT,1781146800000,testB,1,2.14,0.551,3.18,2.32,0.62,0.73,0.49,0.57,0.61,0.59,0,1.4,neutral,neutral,0,1.033,32,1378,0,
s6147,SANDUSDT,1781146800000,testB,1,2.87,0.481,3.82,3.01,0.4,1.47,0.63,0.73,0.65,0.62,1,1.4,neutral,neutral,0,0.809,32,1378,0,
s6148,MANAUSDT,1781146800000,testB,1,2.85,0.474,3.7,3.08,0.58,1.45,0.68,0.6,0.67,0.65,0,1.4,neutral,neutral,0,0.85,32,1378,0,
s6149,AXSUSDT,1781146800000,testB,1,2.26,0.417,3.2,2.43,0.42,0.86,0.39,0.52,0.59,0.62,0,1.4,neutral,neutral,0,0.727,32,1378,0,
s6150,APEUSDT,1781146800000,testB,1,3.21,0.627,4.45,3.44,0.45,1.8,0.7,0.48,0.49,0.57,0,1.4,neutral,neutral,0,1.439,32,1378,0,
s6151,PUMPUSDT,1781147700000,train,1,2.48,0.362,3.27,2.91,1.07,1.57,1.44,0.43,0.56,0.52,0,0.9,neutral,alcista,0,0.902,32,1380,4,
s6152,0GUSDT,1781147700000,train,1,2.12,0.475,2.65,2.29,0.83,1.22,0.69,0.55,0.64,0.55,0,0.9,neutral,neutral,1,2.0,27,1380,1,
s6153,SUIUSDT,1781147700000,train,1,2.05,0.523,2.58,2.31,0.59,1.15,0.86,0.65,0.74,0.68,0,0.9,neutral,neutral,0,0.678,32,1380,1,
s6154,TIAUSDT,1781147700000,train,1,2.11,0.448,2.83,2.45,0.51,1.2,0.93,0.54,0.68,0.69,0,0.9,neutral,alcista,1,2.0,19,1380,4,
s6155,JUPUSDT,1781147700000,train,1,2.31,0.515,3.13,2.66,0.6,1.41,1.0,0.54,0.59,0.56,0,0.9,neutral,neutral,0,1.175,32,1380,1,
s6156,PENDLEUSDT,1781147700000,train,1,2.26,0.368,2.79,2.68,1.34,1.36,1.11,0.53,0.55,0.56,0,0.9,neutral,neutral,0,0.901,32,1380,1,
s6157,STXUSDT,1781147700000,testB,1,3.14,0.534,3.77,3.32,2.52,2.24,1.7,0.85,0.68,0.63,1,0.9,neutral,neutral,0,0.4,32,1379,1,
s6158,SANDUSDT,1781147700000,testB,1,2.04,0.399,2.79,2.23,0.42,1.13,0.68,0.73,0.65,0.62,1,0.9,neutral,neutral,0,1.018,32,1379,1,
s6159,APEUSDT,1781147700000,testB,1,2.23,0.542,3.35,2.51,0.47,1.32,0.67,0.48,0.49,0.57,0,0.9,neutral,neutral,1,2.0,7,1379,1,
s6160,PUMPUSDT,1781148600000,train,1,3.5,0.471,3.88,3.67,1.28,2.17,2.05,0.43,0.56,0.52,0,1.34,neutral,alcista,0,0.577,32,1381,5,
s6161,0GUSDT,1781148600000,train,1,2.34,0.5,3.0,2.47,1.11,1.01,1.0,0.55,0.64,0.55,0,1.34,neutral,alcista,1,2.0,26,1381,2,
s6162,ENAUSDT,1781148600000,train,1,3.68,0.448,4.41,3.91,1.65,2.34,2.72,0.54,0.7,0.65,0,1.34,neutral,alcista,0,0.579,32,1381,2,
s6163,SUIUSDT,1781148600000,train,1,2.23,0.544,2.79,2.34,0.9,0.89,1.13,0.65,0.74,0.68,0,1.34,neutral,alcista,0,0.42,32,1381,2,
s6164,TIAUSDT,1781148600000,train,1,2.56,0.497,3.32,2.81,0.68,1.23,1.35,0.54,0.68,0.69,0,1.34,neutral,alcista,0,0.562,32,1381,5,
s6165,JUPUSDT,1781148600000,train,1,2.52,0.536,3.25,2.72,0.77,1.18,1.21,0.54,0.59,0.56,0,1.34,neutral,alcista,0,0.976,32,1381,2,
s6166,PENDLEUSDT,1781148600000,train,1,2.68,0.436,3.21,2.8,1.89,1.34,1.29,0.53,0.55,0.56,0,1.34,neutral,alcista,0,0.769,32,1381,2,
s6167,ONDOUSDT,1781148600000,train,1,2.85,0.378,3.27,3.15,1.55,1.51,1.92,0.46,0.49,0.55,0,1.34,neutral,alcista,0,0.407,32,1380,2,
s6168,STXUSDT,1781148600000,testB,1,3.89,0.586,4.07,3.91,2.68,2.55,2.24,0.85,0.68,0.63,1,1.34,neutral,alcista,0,0.127,32,1380,2,
s6169,SANDUSDT,1781148600000,testB,1,2.24,0.422,2.8,2.42,0.51,0.9,0.95,0.73,0.65,0.62,1,1.34,neutral,alcista,0,0.854,32,1380,2,
s6170,MANAUSDT,1781148600000,testB,1,2.04,0.394,2.61,2.15,0.64,0.7,0.81,0.6,0.67,0.65,0,1.34,neutral,alcista,0,1.071,32,1380,2,
s6171,APEUSDT,1781148600000,testB,1,2.57,0.577,3.34,2.84,0.59,1.24,0.97,0.48,0.49,0.57,0,1.34,neutral,alcista,0,1.471,32,1380,2,
s6172,ASTERUSDT,1781149500000,train,1,2.0,0.681,4.47,2.0,4.56,0.09,1.27,0.7,0.65,0.57,1,1.91,neutral,alcista,0,-0.183,32,1382,5,
s6173,XPLUSDT,1781149500000,train,1,3.62,0.416,4.07,3.5,1.18,1.71,2.11,0.39,0.49,0.5,0,1.91,neutral,alcista,0,0.734,32,1382,3,
s6174,PUMPUSDT,1781149500000,train,1,4.45,0.53,5.17,4.47,1.48,2.54,2.74,0.43,0.56,0.52,0,1.91,neutral,alcista,0,0.313,32,1382,6,
s6175,STBLUSDT,1781149500000,train,1,3.08,0.568,3.33,3.03,1.12,1.17,1.66,0.44,0.54,0.72,0,1.91,neutral,alcista,0,0.222,32,1382,3,
s6176,0GUSDT,1781149500000,train,1,3.58,0.605,3.81,3.57,1.8,1.67,2.08,0.55,0.64,0.55,0,1.91,neutral,alcista,0,0.713,32,1382,3,
s6177,ENAUSDT,1781149500000,train,1,6.26,0.591,8.28,5.99,4.14,4.35,4.76,0.54,0.7,0.65,0,1.91,neutral,alcista,0,0.02,32,1382,3,
s6178,ARBUSDT,1781149500000,train,1,3.94,0.604,6.84,3.85,1.55,2.03,3.09,2.33,1.72,1.48,1,1.91,neutral,alcista,0,0.281,32,1382,5,
s6179,OPUSDT,1781149500000,train,1,2.42,0.423,3.12,2.47,1.3,0.51,1.65,0.61,0.81,0.79,0,1.91,neutral,alcista,0,0.696,32,1382,3,
s6180,SUIUSDT,1781149500000,train,1,4.01,0.711,4.73,3.84,2.79,2.1,2.52,0.65,0.74,0.68,0,1.91,neutral,alcista,0,-0.072,32,1382,3,
s6181,TIAUSDT,1781149500000,train,1,4.94,0.691,5.23,4.8,1.5,3.03,3.16,0.54,0.68,0.69,0,1.91,neutral,alcista,0,-0.045,32,1382,6,
s6182,SEIUSDT,1781149500000,train,1,3.32,0.602,3.61,3.33,1.22,1.41,2.17,0.41,0.43,0.46,0,1.91,neutral,alcista,0,0.412,32,1382,3,
s6183,JUPUSDT,1781149500000,train,1,3.81,0.636,4.26,3.74,1.39,1.9,2.27,0.54,0.59,0.56,0,1.91,neutral,alcista,0,0.474,32,1382,3,
s6184,PENDLEUSDT,1781149500000,train,1,3.84,0.54,4.25,3.8,2.0,1.93,2.19,0.53,0.55,0.56,0,1.91,neutral,alcista,0,0.428,32,1382,3,
s6185,ONDOUSDT,1781149500000,train,1,3.81,0.465,4.66,3.91,2.4,1.91,2.5,0.46,0.49,0.55,0,1.91,neutral,alcista,0,0.237,32,1381,3,
s6186,FETUSDT,1781149500000,train,1,3.16,0.439,4.01,3.33,1.24,1.25,2.01,0.44,0.51,0.48,0,1.91,neutral,alcista,0,0.111,32,1381,4,
s6187,ARUSDT,1781149500000,testB,1,3.12,0.459,3.51,3.08,1.15,1.21,2.14,0.33,0.38,0.4,0,1.91,neutral,alcista,0,0.439,32,1381,3,
s6188,STXUSDT,1781149500000,testB,1,4.57,0.625,5.08,4.37,2.45,2.66,2.71,0.85,0.68,0.63,1,1.91,neutral,alcista,0,-0.013,32,1381,3,
s6189,GRTUSDT,1781149500000,testB,1,2.78,0.619,3.07,2.76,1.05,0.87,1.84,0.52,0.6,0.57,0,1.91,neutral,alcista,0,0.189,32,1381,3,
s6190,LDOUSDT,1781149500000,testB,1,2.78,0.64,3.16,2.71,1.23,0.87,1.73,0.57,0.61,0.59,0,1.91,neutral,alcista,0,0.225,32,1381,3,
s6191,SANDUSDT,1781149500000,testB,1,3.3,0.519,3.55,3.2,0.99,1.39,1.88,0.73,0.65,0.62,1,1.91,neutral,alcista,0,0.323,32,1381,3,
s6192,MANAUSDT,1781149500000,testB,1,2.98,0.487,3.2,2.89,1.2,1.07,1.62,0.6,0.67,0.65,0,1.91,neutral,alcista,0,0.632,32,1381,3,
s6193,AXSUSDT,1781149500000,testB,1,2.68,0.462,3.04,2.71,1.55,0.77,1.81,0.52,0.59,0.62,0,1.91,neutral,alcista,0,0.12,32,1381,3,
s6194,APEUSDT,1781149500000,testB,1,4.28,0.694,4.44,4.19,1.32,2.38,2.42,0.48,0.49,0.57,0,1.91,neutral,alcista,0,0.765,32,1381,3,
s6195,STBLUSDT,1781150400000,train,1,2.68,0.534,2.78,2.53,1.07,1.09,1.36,0.35,0.53,0.72,0,1.59,neutral,alcista,0,0.233,32,1383,4,
s6196,0GUSDT,1781150400000,train,1,3.31,0.587,3.41,3.27,1.75,1.72,2.06,0.56,0.65,0.56,0,1.59,neutral,alcista,0,0.527,32,1383,4,
s6197,SUIUSDT,1781150400000,train,1,2.89,0.518,4.23,2.82,3.16,1.3,1.66,0.65,0.68,0.68,0,1.59,neutral,neutral,0,0.047,32,1383,0,
s6198,TIAUSDT,1781150400000,train,1,4.09,0.651,4.36,3.96,1.96,2.5,2.69,0.55,0.67,0.7,0,1.59,neutral,alcista,0,-0.109,32,1383,7,
s6199,SEIUSDT,1781150400000,train,1,2.7,0.529,3.05,2.67,1.21,1.11,1.72,0.38,0.42,0.46,0,1.59,neutral,neutral,0,0.5,32,1383,0,
s6200,JUPUSDT,1781150400000,train,1,2.91,0.531,3.61,2.89,1.61,1.31,1.69,0.53,0.57,0.56,0,1.59,neutral,neutral,0,0.545,32,1383,0,
s6201,PENDLEUSDT,1781150400000,train,1,3.45,0.499,4.7,3.35,2.23,1.86,1.73,0.53,0.54,0.57,0,1.59,neutral,neutral,0,0.397,32,1383,0,
s6202,ONDOUSDT,1781150400000,train,1,2.9,0.358,4.3,3.14,2.7,1.31,1.78,0.43,0.46,0.54,0,1.59,neutral,neutral,0,0.37,32,1382,0,
s6203,STXUSDT,1781150400000,testB,1,3.56,0.568,4.37,3.71,2.67,1.97,2.37,0.89,0.7,0.66,1,1.59,neutral,alcista,0,-0.029,32,1382,4,
s6204,GRTUSDT,1781150400000,testB,1,2.18,0.519,2.81,2.34,1.27,0.59,1.38,0.47,0.57,0.58,0,1.59,neutral,neutral,0,0.156,32,1382,0,
s6205,LDOUSDT,1781150400000,testB,1,2.18,0.583,2.9,2.44,1.66,0.59,1.43,0.56,0.61,0.6,0,1.59,neutral,neutral,0,0.125,32,1382,0,
s6206,SANDUSDT,1781150400000,testB,1,2.87,0.481,3.41,3.04,1.24,1.28,1.54,0.69,0.65,0.63,1,1.59,neutral,neutral,0,0.263,32,1382,0,
s6207,MANAUSDT,1781150400000,testB,1,2.49,0.444,2.74,2.58,1.3,0.9,1.45,0.59,0.65,0.65,0,1.59,neutral,alcista,0,0.471,32,1382,4,
s6208,AXSUSDT,1781150400000,testB,1,2.11,0.404,2.61,2.28,1.83,0.52,1.47,0.5,0.56,0.62,0,1.59,neutral,neutral,0,0.143,32,1382,0,
s6209,APEUSDT,1781150400000,testB,1,3.57,0.656,3.61,3.45,1.55,1.98,2.11,0.5,0.49,0.58,0,1.59,neutral,alcista,0,0.762,32,1382,4,
s6210,XPLUSDT,1781151300000,train,1,2.99,0.358,3.82,3.63,1.44,1.81,2.02,0.35,0.45,0.5,0,1.18,neutral,neutral,0,0.013,32,1384,1,
s6211,PUMPUSDT,1781151300000,train,1,3.19,0.355,5.2,4.0,1.57,2.01,1.74,0.43,0.51,0.53,0,1.18,neutral,neutral,0,-0.175,32,1384,1,
s6212,0GUSDT,1781151300000,train,1,2.53,0.507,3.49,3.13,1.99,1.35,1.79,0.56,0.65,0.56,0,1.18,neutral,neutral,0,0.169,32,1384,0,
s6213,ENAUSDT,1781151300000,train,1,5.05,0.43,8.28,6.07,5,3.87,3.87,0.55,0.66,0.66,0,1.18,neutral,neutral,0,-0.319,32,1384,1,
s6214,SUIUSDT,1781151300000,train,1,2.28,0.443,4.14,2.64,3.64,1.1,1.39,0.65,0.68,0.68,0,1.18,neutral,neutral,0,-0.273,32,1384,0,
s6215,TIAUSDT,1781151300000,train,1,3.58,0.622,4.45,4.02,2.42,2.4,2.56,0.55,0.67,0.7,0,1.18,neutral,alcista,0,-0.431,32,1384,8,
s6216,SEIUSDT,1781151300000,train,1,2.09,0.445,3.05,2.57,1.45,0.91,1.43,0.38,0.42,0.46,0,1.18,neutral,neutral,0,-0.033,32,1384,0,
s6217,JUPUSDT,1781151300000,train,1,2.69,0.513,3.6,3.08,1.7,1.51,1.7,0.53,0.57,0.56,0,1.18,neutral,neutral,0,0.085,32,1384,1,
s6218,PENDLEUSDT,1781151300000,train,1,2.63,0.434,4.5,3.51,2.3,1.45,1.92,0.53,0.54,0.57,0,1.18,neutral,neutral,0,-0.15,32,1384,1,
s6219,ONDOUSDT,1781151300000,train,1,3.0,0.367,4.27,3.73,3.06,1.82,2.16,0.43,0.46,0.54,0,1.18,neutral,neutral,0,-0.233,32,1383,1,
s6220,STXUSDT,1781151300000,testB,1,3.28,0.509,4.38,3.5,1.43,2.1,1.94,0.89,0.7,0.66,1,1.18,neutral,neutral,0,-0.266,32,1383,0,
s6221,SANDUSDT,1781151300000,testB,1,2.5,0.442,3.41,3.0,1.35,1.32,1.34,0.69,0.65,0.63,1,1.18,neutral,neutral,0,-0.123,32,1383,0,
s6222,APEUSDT,1781151300000,testB,1,2.7,0.571,3.53,3.04,1.79,1.52,1.83,0.5,0.49,0.58,0,1.18,neutral,neutral,0,0.459,32,1383,0,
s6223,XPLUSDT,1781152200000,train,1,3.51,0.434,3.81,3.58,1.3,2.08,1.91,0.35,0.45,0.5,0,1.43,neutral,alcista,0,0.237,32,1385,2,
s6224,PUMPUSDT,1781152200000,train,1,4.16,0.487,5.19,4.2,1.31,2.73,1.77,0.43,0.51,0.53,0,1.43,neutral,alcista,0,0.033,32,1385,2,
s6225,0GUSDT,1781152200000,train,1,3.99,0.733,4.01,4.01,1.63,2.56,2.45,0.56,0.65,0.56,0,1.43,neutral,neutral,0,0.043,32,1385,1,
s6226,ENAUSDT,1781152200000,train,1,6.33,0.574,8.26,6.23,3.66,4.9,3.66,0.55,0.66,0.66,0,1.43,neutral,alcista,0,-0.205,32,1385,2,
s6227,ARBUSDT,1781152200000,train,1,4.01,0.577,6.71,4.0,1.05,2.58,2.45,2.35,1.65,1.51,1,1.43,neutral,neutral,0,0.056,32,1385,1,
s6228,OPUSDT,1781152200000,train,1,2.07,0.422,2.78,2.67,1.67,0.64,1.54,0.58,0.77,0.8,0,1.43,neutral,neutral,0,0.04,32,1385,1,
s6229,INJUSDT,1781152200000,train,1,5.58,0.474,9.02,6.31,3.98,4.15,4.04,0.88,0.77,0.83,0,1.43,neutral,alcista,0,-0.099,32,1385,2,
s6230,SUIUSDT,1781152200000,train,1,2.95,0.56,4.06,2.95,3.34,1.52,1.63,0.65,0.68,0.68,0,1.43,neutral,neutral,0,-0.207,32,1385,1,
s6231,TIAUSDT,1781152200000,train,1,4.62,0.75,4.66,4.66,2.42,3.19,2.97,0.55,0.67,0.7,0,1.43,neutral,alcista,0,-0.296,32,1385,8,
s6232,SEIUSDT,1781152200000,train,1,2.8,0.572,3.04,2.99,1.21,1.37,1.72,0.38,0.42,0.46,0,1.43,neutral,neutral,0,0.076,32,1385,1,
s6233,JUPUSDT,1781152200000,train,1,3.37,0.625,3.52,3.39,1.53,1.94,1.9,0.53,0.57,0.56,0,1.43,neutral,alcista,0,0.154,32,1385,2,
s6234,PENDLEUSDT,1781152200000,train,1,4.07,0.676,4.47,4.12,2.05,2.64,2.33,0.53,0.54,0.57,0,1.43,neutral,alcista,0,-0.134,32,1385,2,
s6235,ONDOUSDT,1781152200000,train,1,3.5,0.452,4.14,3.44,1.62,2.07,1.84,0.43,0.46,0.54,0,1.43,neutral,neutral,0,-0.05,32,1384,0,
s6236,FETUSDT,1781152200000,train,1,3.43,0.496,4.0,3.63,1.82,2.0,1.81,0.47,0.5,0.5,0,1.43,neutral,alcista,0,-0.304,32,1384,2,
s6237,ARUSDT,1781152200000,testB,1,2.76,0.439,3.33,3.22,1.77,1.33,2.04,0.32,0.38,0.41,0,1.43,neutral,neutral,0,-0.1,32,1384,1,
s6238,STXUSDT,1781152200000,testB,1,3.5,0.534,4.15,3.44,0.95,2.07,1.89,0.89,0.7,0.66,1,1.43,neutral,neutral,0,-0.175,32,1384,1,
s6239,GRTUSDT,1781152200000,testB,1,2.13,0.392,2.81,2.4,1.9,0.7,1.21,0.47,0.57,0.58,0,1.43,neutral,neutral,0,-0.13,32,1384,1,
s6240,LDOUSDT,1781152200000,testB,1,2.49,0.653,2.74,2.55,1.81,1.06,1.42,0.56,0.61,0.6,0,1.43,neutral,neutral,0,0.0,32,1384,1,
s6241,SANDUSDT,1781152200000,testB,1,3.07,0.569,3.31,3.04,1.33,1.64,1.33,0.69,0.65,0.63,1,1.43,neutral,neutral,0,0.122,32,1384,1,
s6242,MANAUSDT,1781152200000,testB,1,2.49,0.5,2.73,2.73,1.27,1.06,1.34,0.59,0.65,0.65,0,1.43,neutral,neutral,0,0.333,32,1384,1,
s6243,AXSUSDT,1781152200000,testB,1,2.55,0.535,2.71,2.6,1.91,1.12,1.48,0.5,0.56,0.62,0,1.43,neutral,neutral,0,-0.042,32,1384,1,
s6244,APEUSDT,1781152200000,testB,1,3.8,0.672,4.07,3.99,2.12,2.37,2.56,0.5,0.49,0.58,0,1.43,neutral,neutral,0,0.449,32,1384,1,
s6245,XPLUSDT,1781153100000,train,1,3.88,0.459,4.3,3.75,1.17,2.43,2.0,0.35,0.45,0.5,0,1.45,neutral,alcista,0,0.129,32,1386,3,
s6246,PUMPUSDT,1781153100000,train,1,4.16,0.487,4.98,3.99,0.87,2.71,1.51,0.43,0.51,0.53,0,1.45,neutral,neutral,0,-0.035,32,1386,0,
s6247,0GUSDT,1781153100000,train,1,4.2,0.744,4.56,4.14,1.46,2.75,2.42,0.56,0.65,0.56,0,1.45,neutral,alcista,0,-0.067,32,1386,2,
s6248,ENAUSDT,1781153100000,train,1,6.92,0.596,7.98,6.54,1.03,5.47,3.72,0.55,0.66,0.66,0,1.45,neutral,alcista,0,-0.335,32,1386,3,
s6249,ARBUSDT,1781153100000,train,1,3.85,0.563,6.53,3.79,0.29,2.39,2.16,2.35,1.65,1.51,1,1.45,neutral,neutral,0,0.003,32,1386,0,
s6250,OPUSDT,1781153100000,train,1,2.95,0.529,3.82,3.4,1.16,1.5,1.99,0.58,0.77,0.8,0,1.45,neutral,alcista,0,-0.219,32,1386,2,
s6251,INJUSDT,1781153100000,train,1,5.69,0.486,9.02,6.29,0.97,4.23,3.52,0.88,0.77,0.83,0,1.45,neutral,neutral,0,-0.178,32,1386,0,
s6252,SUIUSDT,1781153100000,train,1,2.89,0.555,3.87,2.81,0.82,1.44,1.44,0.65,0.68,0.68,0,1.45,neutral,alcista,0,-0.283,32,1386,2,
s6253,TIAUSDT,1781153100000,train,1,5.49,0.781,5.6,5.23,1.7,4.03,3.36,0.55,0.67,0.7,0,1.45,neutral,alcista,0,-0.483,32,1386,8,
s6254,SEIUSDT,1781153100000,train,1,3.12,0.603,3.4,3.03,0.92,1.67,1.75,0.38,0.42,0.46,0,1.45,neutral,alcista,0,-0.096,32,1386,2,
s6255,JUPUSDT,1781153100000,train,1,3.3,0.62,3.65,3.26,0.96,1.85,1.68,0.53,0.57,0.56,0,1.45,neutral,neutral,0,0.36,32,1386,0,
s6256,PENDLEUSDT,1781153100000,train,1,4.09,0.677,4.44,3.92,1.37,2.64,2.14,0.53,0.54,0.57,0,1.45,neutral,alcista,0,-0.222,32,1386,3,
s6257,ONDOUSDT,1781153100000,train,1,3.16,0.424,4.14,3.41,0.76,1.71,1.57,0.43,0.46,0.54,0,1.45,neutral,neutral,0,-0.017,32,1385,0,
s6258,FETUSDT,1781153100000,train,1,3.54,0.504,3.94,3.47,1.42,2.08,1.73,0.47,0.5,0.5,0,1.45,neutral,alcista,0,-0.545,32,1385,3,
s6259,ARUSDT,1781153100000,testB,1,2.98,0.458,4.07,3.48,1.38,1.53,1.97,0.32,0.38,0.41,0,1.45,neutral,alcista,0,-0.169,32,1385,2,
s6260,STXUSDT,1781153100000,testB,1,3.84,0.557,4.08,3.75,0.65,2.39,1.97,0.89,0.7,0.66,1,1.45,neutral,alcista,0,-0.275,32,1385,2,
s6261,GRTUSDT,1781153100000,testB,1,2.56,0.462,2.7,2.49,1.45,1.1,1.27,0.47,0.57,0.58,0,1.45,neutral,alcista,0,-0.417,32,1385,2,
s6262,LDOUSDT,1781153100000,testB,1,2.45,0.649,2.78,2.4,1.4,1.0,1.2,0.56,0.61,0.6,0,1.45,neutral,neutral,0,-0.048,32,1385,0,
s6263,SANDUSDT,1781153100000,testB,1,3.06,0.569,3.32,2.95,0.91,1.61,1.47,0.69,0.65,0.63,1,1.45,neutral,alcista,0,0.066,32,1385,2,
s6264,MANAUSDT,1781153100000,testB,1,2.95,0.543,3.17,3.02,0.85,1.5,1.68,0.59,0.65,0.65,0,1.45,neutral,alcista,0,0.1,32,1385,2,
s6265,AXSUSDT,1781153100000,testB,1,2.55,0.535,2.92,2.59,1.06,1.09,1.46,0.5,0.56,0.62,0,1.45,neutral,alcista,0,-0.208,32,1385,2,
s6266,APEUSDT,1781153100000,testB,1,4.81,0.722,4.75,4.67,1.77,3.36,3.18,0.5,0.49,0.58,0,1.45,neutral,alcista,0,0.138,32,1385,2,
s6267,0GUSDT,1781154000000,train,1,3.42,0.655,4.11,3.52,1.46,2.48,1.93,0.5,0.65,0.57,0,0.94,neutral,neutral,0,-0.069,32,1387,0,
s6268,ENAUSDT,1781154000000,train,1,4.99,0.408,7.89,5.2,0.77,4.05,2.18,0.53,0.62,0.65,0,0.94,neutral,neutral,0,-0.159,32,1387,0,
s6269,ARBUSDT,1781154000000,train,1,2.82,0.441,6.55,3.5,0.25,1.88,1.63,2.35,1.59,1.53,1,0.94,neutral,neutral,0,0.138,32,1387,0,
s6270,INJUSDT,1781154000000,train,1,4.98,0.456,8.99,6.56,0.69,4.04,3.37,0.88,0.76,0.84,0,0.94,neutral,neutral,0,-0.107,32,1387,1,
s6271,TIAUSDT,1781154000000,train,1,4.36,0.668,5.52,4.85,1.46,3.42,2.66,0.58,0.67,0.71,0,0.94,neutral,neutral,0,-0.283,32,1387,0,
s6272,SEIUSDT,1781154000000,train,1,2.17,0.443,3.22,2.52,0.79,1.23,1.21,0.35,0.4,0.46,0,0.94,neutral,neutral,0,0.157,32,1387,0,
s6273,JUPUSDT,1781154000000,train,1,2.41,0.514,3.2,2.68,0.76,1.47,1.35,0.48,0.51,0.56,0,0.94,neutral,neutral,0,0.317,32,1387,0,
s6274,PENDLEUSDT,1781154000000,train,1,2.82,0.505,4.12,3.18,0.81,1.88,1.41,0.58,0.56,0.57,0,0.94,neutral,neutral,0,-0.128,32,1387,0,
s6275,FETUSDT,1781154000000,train,1,2.65,0.386,3.9,3.06,1.24,1.71,1.17,0.46,0.49,0.5,0,0.94,neutral,neutral,0,-0.5,32,1386,0,
s6276,ARUSDT,1781154000000,testB,1,2.63,0.429,4.06,3.69,1.23,1.69,1.89,0.33,0.38,0.41,0,0.94,neutral,alcista,0,-0.174,32,1386,3,
s6277,STXUSDT,1781154000000,testB,1,2.69,0.407,4.1,3.33,0.52,1.75,1.37,0.87,0.67,0.66,1,0.94,neutral,neutral,0,-0.131,32,1386,0,
s6278,APEUSDT,1781154000000,testB,1,5.12,0.735,5.19,5.03,2.55,4.18,3.51,0.62,0.55,0.6,0,0.94,neutral,alcista,0,0.143,32,1386,3,
s6279,0GUSDT,1781154900000,train,1,3.57,0.664,4.11,3.65,1.6,2.83,1.94,0.5,0.65,0.57,0,0.73,neutral,neutral,0,0.019,32,1388,1,
s6280,ENAUSDT,1781154900000,train,1,4.21,0.356,7.91,5.01,0.59,3.48,1.92,0.53,0.62,0.65,0,0.73,neutral,neutral,0,-0.126,32,1388,0,
s6281,INJUSDT,1781154900000,train,1,4.03,0.364,9.04,6.06,0.63,3.3,2.55,0.88,0.76,0.84,0,0.73,neutral,neutral,0,-0.075,32,1388,0,
s6282,TIAUSDT,1781154900000,train,1,3.75,0.551,5.55,4.44,1.55,3.02,2.05,0.58,0.67,0.71,0,0.73,neutral,neutral,0,-0.228,32,1388,0,
s6283,JUPUSDT,1781154900000,train,1,2.0,0.441,3.2,2.55,0.77,1.27,1.13,0.48,0.51,0.56,0,0.73,neutral,neutral,0,0.615,32,1388,0,
s6284,ARUSDT,1781154900000,testB,1,2.58,0.416,4.07,3.48,1.19,1.85,1.6,0.33,0.38,0.41,0,0.73,neutral,neutral,0,-0.108,32,1387,0,
s6285,APEUSDT,1781154900000,testB,1,3.94,0.516,5.32,4.19,3.21,3.2,2.36,0.62,0.55,0.6,0,0.73,neutral,neutral,0,0.404,32,1387,0,
s6286,0GUSDT,1781155800000,train,1,2.76,0.517,3.95,3.11,1.57,2.05,1.39,0.5,0.65,0.57,0,0.72,neutral,neutral,0,0.213,32,1389,0,
s6287,ENAUSDT,1781155800000,train,1,4.86,0.394,7.87,5.52,0.5,4.14,2.23,0.53,0.62,0.65,0,0.72,neutral,neutral,0,-0.154,32,1389,1,
s6288,ARBUSDT,1781155800000,train,1,2.53,0.405,6.54,3.62,0.24,1.82,1.48,2.35,1.59,1.53,1,0.72,neutral,neutral,0,0.038,32,1389,1,
s6289,INJUSDT,1781155800000,train,1,4.79,0.406,8.95,7.01,0.57,4.07,3.26,0.88,0.76,0.84,0,0.72,neutral,neutral,0,-0.182,32,1389,1,
s6290,TIAUSDT,1781155800000,train,1,3.88,0.56,5.54,4.62,1.55,3.16,2.01,0.58,0.67,0.71,0,0.72,neutral,neutral,0,-0.199,32,1389,1,
s6291,PENDLEUSDT,1781155800000,train,1,2.29,0.395,4.12,3.08,1.04,1.57,1.17,0.58,0.56,0.57,0,0.72,neutral,neutral,0,-0.088,32,1389,1,
s6292,ARUSDT,1781155800000,testB,1,2.91,0.445,4.05,3.95,1.25,2.19,1.88,0.33,0.38,0.41,0,0.72,neutral,neutral,0,-0.135,32,1388,1,
s6293,APEUSDT,1781155800000,testB,1,3.92,0.516,5.3,4.5,2.94,3.21,2.41,0.62,0.55,0.6,0,0.72,neutral,neutral,0,0.446,32,1388,1,
s6294,0GUSDT,1781156700000,train,1,2.12,0.362,3.97,2.56,0.83,1.47,0.67,0.5,0.65,0.57,0,0.65,neutral,neutral,0,0.74,32,1390,0,
s6295,INJUSDT,1781156700000,train,1,4.69,0.392,9.0,6.45,0.47,4.05,2.26,0.88,0.76,0.84,0,0.65,neutral,neutral,0,-0.158,32,1390,0,
s6296,TIAUSDT,1781156700000,train,1,2.88,0.391,5.58,3.94,1.16,2.24,1.07,0.58,0.67,0.71,0,0.65,neutral,neutral,0,-0.008,32,1390,0,
s6297,ARUSDT,1781156700000,testB,1,2.8,0.429,4.27,3.9,1.2,2.15,1.57,0.33,0.38,0.41,0,0.65,neutral,neutral,0,-0.055,32,1389,0,
s6298,0GUSDT,1781157600000,train,1,2.54,0.406,3.95,3.14,0.91,1.57,1.15,0.55,0.67,0.58,0,0.98,neutral,neutral,0,0.4,32,1391,1,
s6299,WLDUSDT,1781157600000,train,1,4.84,0.43,5.94,5.56,0.6,3.86,2.2,0.47,0.42,0.61,0,0.98,neutral,neutral,0,0.883,32,1391,1,
s6300,INJUSDT,1781157600000,train,1,5.45,0.464,8.98,6.64,0.4,4.48,2.18,0.91,0.77,0.85,0,0.98,neutral,neutral,0,-0.253,32,1391,1,
s6301,TIAUSDT,1781157600000,train,1,3.24,0.455,5.57,3.97,1.03,2.27,0.97,0.62,0.69,0.72,0,0.98,neutral,neutral,0,-0.023,32,1391,1,
s6302,PENDLEUSDT,1781157600000,train,1,2.84,0.502,4.11,3.33,1.13,1.87,1.04,0.59,0.56,0.58,0,0.98,neutral,neutral,0,-0.098,32,1391,1,
s6303,ARUSDT,1781157600000,testB,1,3.85,0.556,5.83,4.56,1.76,2.88,2.08,0.4,0.4,0.43,0,0.98,neutral,neutral,0,-0.244,32,1390,1,
s6304,APEUSDT,1781157600000,testB,1,4.51,0.474,5.28,4.96,1.59,3.54,2.4,0.67,0.58,0.62,0,0.98,neutral,neutral,0,0.097,32,1390,1,
s6305,XPLUSDT,1781158500000,train,1,3.81,0.495,4.64,4.49,1.04,2.5,1.85,0.35,0.39,0.5,0,1.31,neutral,alcista,0,-0.176,32,1392,2,
s6306,PUMPUSDT,1781158500000,train,1,2.3,0.372,3.87,2.53,0.61,0.99,0.48,0.41,0.43,0.52,0,1.31,neutral,alcista,0,0.389,32,1392,2,
s6307,0GUSDT,1781158500000,train,1,3.7,0.539,4.16,3.95,1.11,2.39,1.75,0.55,0.67,0.58,0,1.31,neutral,alcista,0,0.386,32,1392,2,
s6308,WLDUSDT,1781158500000,train,1,4.3,0.363,5.99,4.86,0.67,2.99,1.29,0.47,0.42,0.61,0,1.31,neutral,neutral,0,1.135,32,1392,0,
s6309,OPUSDT,1781158500000,train,1,2.07,0.422,3.85,2.67,0.66,0.77,0.47,0.55,0.63,0.8,0,1.31,neutral,neutral,0,0.12,32,1392,0,
s6310,INJUSDT,1781158500000,train,1,6.83,0.579,8.93,7.22,0.46,5.52,2.5,0.91,0.77,0.85,0,1.31,neutral,alcista,0,-0.309,32,1392,2,
s6311,SUIUSDT,1781158500000,train,1,2.06,0.394,3.51,2.31,0.5,0.75,0.64,0.54,0.64,0.68,0,1.31,neutral,alcista,0,-0.207,32,1392,2,
s6312,TIAUSDT,1781158500000,train,1,4.57,0.603,5.53,4.76,1.12,3.26,1.63,0.62,0.69,0.72,0,1.31,neutral,alcista,0,-0.16,32,1392,2,
s6313,SEIUSDT,1781158500000,train,1,2.23,0.475,3.22,2.54,0.94,0.92,0.69,0.35,0.4,0.46,0,1.31,neutral,alcista,0,0.205,32,1392,2,
s6314,JUPUSDT,1781158500000,train,1,2.54,0.514,3.26,2.87,0.84,1.23,0.88,0.48,0.5,0.56,0,1.31,neutral,alcista,0,0.386,32,1392,2,
s6315,PENDLEUSDT,1781158500000,train,1,3.43,0.596,4.1,3.63,1.09,2.12,1.24,0.59,0.56,0.58,0,1.31,neutral,alcista,0,-0.081,32,1392,2,
s6316,ONDOUSDT,1781158500000,train,1,3.07,0.47,4.13,3.55,0.66,1.76,0.98,0.41,0.42,0.53,0,1.31,neutral,alcista,0,0.423,32,1391,2,
s6317,FETUSDT,1781158500000,train,1,3.63,0.482,4.18,4.02,0.98,2.32,1.58,0.56,0.52,0.52,0,1.31,neutral,alcista,0,-0.597,32,1391,2,
s6318,ARUSDT,1781158500000,testB,1,4.31,0.661,5.83,4.51,1.79,3.01,1.8,0.4,0.4,0.43,0,1.31,neutral,neutral,0,-0.259,32,1391,0,
s6319,GRTUSDT,1781158500000,testB,1,2.01,0.373,2.39,2.23,0.67,0.7,0.71,0.42,0.57,0.57,0,1.31,neutral,alcista,0,-0.116,32,1391,2,
s6320,APEUSDT,1781158500000,testB,1,4.77,0.514,5.52,4.96,1.17,3.46,2.12,0.67,0.58,0.62,0,1.31,neutral,alcista,0,0.21,32,1391,2,
s6321,XPLUSDT,1781159400000,train,1,3.48,0.432,4.79,3.92,1.15,2.07,1.09,0.35,0.39,0.5,0,1.41,neutral,neutral,0,-0.012,32,1393,0,
s6322,0GUSDT,1781159400000,train,1,3.56,0.508,4.2,3.68,1.1,2.14,1.35,0.55,0.67,0.58,0,1.41,neutral,neutral,0,0.406,32,1393,0,
s6323,ARBUSDT,1781159400000,train,1,3.4,0.515,6.51,3.52,0.29,1.99,0.9,2.18,1.58,1.54,1,1.41,neutral,alcista,0,0.18,32,1393,3,
s6324,OPUSDT,1781159400000,train,1,2.18,0.435,3.85,2.78,0.95,0.77,0.51,0.55,0.63,0.8,0,1.41,neutral,neutral,0,0.154,32,1393,1,
s6325,INJUSDT,1781159400000,train,1,6.83,0.574,8.97,6.78,0.45,5.41,1.89,0.91,0.77,0.85,0,1.41,neutral,neutral,0,-0.261,32,1393,0,
s6326,TIAUSDT,1781159400000,train,1,4.37,0.578,5.29,4.43,1.12,2.96,1.35,0.62,0.69,0.72,0,1.41,neutral,neutral,0,-0.166,32,1393,0,
s6327,SEIUSDT,1781159400000,train,1,2.66,0.536,3.21,2.86,0.86,1.25,0.96,0.35,0.4,0.46,0,1.41,neutral,alcista,0,0.138,32,1393,3,
s6328,JUPUSDT,1781159400000,train,1,2.47,0.507,3.06,2.67,0.87,1.06,0.8,0.48,0.5,0.56,0,1.41,neutral,neutral,0,0.463,32,1393,0,
s6329,PENDLEUSDT,1781159400000,train,1,3.23,0.553,4.05,3.44,0.67,1.81,0.96,0.59,0.56,0.58,0,1.41,neutral,neutral,0,-0.043,32,1393,0,
s6330,ONDOUSDT,1781159400000,train,1,3.49,0.515,3.74,3.48,0.69,2.07,1.14,0.41,0.42,0.53,0,1.41,neutral,alcista,0,0.215,32,1392,3,
s6331,FETUSDT,1781159400000,train,1,3.62,0.482,4.01,3.86,1.47,2.21,1.54,0.56,0.52,0.52,0,1.41,neutral,alcista,0,-0.784,32,1392,3,
s6332,ARUSDT,1781159400000,testB,1,4.59,0.675,5.76,4.81,2.05,3.17,1.96,0.4,0.4,0.43,0,1.41,neutral,neutral,0,-0.308,32,1392,1,
s6333,STXUSDT,1781159400000,testB,1,2.41,0.368,4.11,3.07,0.3,1.0,0.5,0.85,0.67,0.67,1,1.41,neutral,neutral,0,0.304,32,1392,0,
s6334,GRTUSDT,1781159400000,testB,1,2.01,0.373,2.44,2.18,0.75,0.6,0.64,0.42,0.57,0.57,0,1.41,neutral,neutral,0,0.071,32,1392,0,
s6335,APEUSDT,1781159400000,testB,1,4.44,0.469,5.53,4.73,1.1,3.02,1.67,0.67,0.58,0.62,0,1.41,neutral,neutral,0,0.356,32,1392,0,
s6336,TIAUSDT,1781160300000,train,1,3.22,0.39,5.0,3.24,1.08,2.22,0.45,0.62,0.69,0.72,0,1.0,neutral,neutral,0,-0.181,32,1394,0,
s6337,SEIUSDT,1781160300000,train,1,2.23,0.415,3.23,2.46,0.9,1.24,0.49,0.35,0.4,0.46,0,1.0,neutral,neutral,0,0.212,32,1394,0,
s6338,ONDOUSDT,1781160300000,train,1,2.58,0.377,3.76,3.01,0.65,1.58,0.65,0.41,0.42,0.53,0,1.0,neutral,neutral,0,0.154,32,1393,0,
s6339,FETUSDT,1781160300000,train,1,3.03,0.373,3.78,2.99,1.88,2.03,0.9,0.56,0.52,0.52,0,1.0,neutral,neutral,0,-1.0,32,1393,0,
s6340,ARUSDT,1781160300000,testB,1,3.86,0.53,5.69,4.14,2.05,2.86,1.28,0.4,0.4,0.43,0,1.0,neutral,neutral,0,-0.321,32,1393,0,
s6341,WLDUSDT,1781161200000,train,1,4.55,0.377,5.24,4.57,0.51,3.61,1.62,0.65,0.51,0.64,0,0.94,neutral,alcista,0,0.606,32,1395,2,
s6342,TIAUSDT,1781161200000,train,1,3.09,0.377,4.94,3.15,1.02,2.14,0.44,0.8,0.73,0.76,0,0.94,neutral,neutral,0,-0.265,32,1395,0,
s6343,SEIUSDT,1781161200000,train,1,2.3,0.432,3.17,2.33,0.89,1.36,0.43,0.34,0.4,0.42,0,0.94,neutral,neutral,0,0.42,32,1395,0,
s6344,JUPUSDT,1781161200000,train,1,2.14,0.432,2.95,2.16,0.96,1.2,0.4,0.49,0.51,0.57,0,0.94,neutral,neutral,0,0.576,32,1395,1,
s6345,ONDOUSDT,1781161200000,train,1,3.12,0.455,3.61,3.12,0.66,2.18,0.92,0.4,0.4,0.52,0,0.94,neutral,neutral,0,0.139,32,1394,1,
s6346,ARUSDT,1781161200000,testB,1,4.59,0.606,5.55,4.49,0.83,3.65,1.66,0.41,0.41,0.44,0,0.94,neutral,neutral,0,-0.4,32,1394,1,
s6347,STXUSDT,1781161200000,testB,1,2.42,0.368,3.91,2.37,0.38,1.48,-0.01,0.85,0.66,0.67,0,0.94,neutral,neutral,0,0.326,32,1394,0,
s6348,APEUSDT,1781161200000,testB,1,4.45,0.417,5.55,4.42,0.88,3.51,1.21,0.73,0.61,0.64,0,0.94,neutral,neutral,0,0.327,32,1394,1,
s6349,ARBUSDT,1781162100000,train,1,2.89,0.402,5.88,2.82,0.24,1.8,0.8,1.59,1.57,1.52,1,1.09,neutral,neutral,0,0.11,32,1396,1,
s6350,TIAUSDT,1781162100000,train,1,3.84,0.431,4.62,3.73,1.67,2.75,1.2,0.8,0.73,0.76,0,1.09,neutral,neutral,0,-0.393,32,1396,1,
s6351,SEIUSDT,1781162100000,train,1,2.57,0.46,2.69,2.52,0.84,1.48,1.01,0.34,0.4,0.42,0,1.09,neutral,neutral,0,0.246,32,1396,1,
s6352,JUPUSDT,1781162100000,train,1,2.2,0.44,2.47,2.21,0.93,1.1,0.83,0.49,0.51,0.57,0,1.09,neutral,alcista,0,0.471,32,1396,2,
s6353,ONDOUSDT,1781162100000,train,1,3.02,0.447,3.25,3.02,0.58,1.93,1.19,0.4,0.4,0.52,0,1.09,neutral,alcista,0,0.048,32,1395,2,
s6354,ARUSDT,1781162100000,testB,1,4.91,0.622,5.1,4.68,0.94,3.81,2.07,0.41,0.41,0.44,0,1.09,neutral,alcista,0,-0.427,32,1395,2,
s6355,APEUSDT,1781162100000,testB,1,4.78,0.435,5.2,4.56,0.79,3.69,1.52,0.73,0.61,0.64,0,1.09,neutral,alcista,0,0.263,32,1395,2,
s6356,ARUSDT,1781163000000,testB,1,3.4,0.408,4.67,3.29,0.86,2.91,0.98,0.41,0.41,0.44,0,0.49,neutral,neutral,0,-0.532,32,1396,0,
s6357,APEUSDT,1781163000000,testB,1,4.26,0.395,4.89,4.09,0.72,3.77,1.23,0.73,0.61,0.64,0,0.49,neutral,neutral,0,0.157,32,1396,0,
s6358,ARUSDT,1781165700000,testB,1,3.04,0.431,3.69,2.95,0.79,2.51,1.21,0.44,0.4,0.44,0,0.53,neutral,alcista,0,-1.0,16,1399,2,
s6359,INJUSDT,1781170200000,train,-1,-3.06,0.475,3.72,3.59,0.95,-3.44,1.7,0.6,0.7,0.81,0,0.37,neutral,bajista,0,-0.557,32,1405,6,
s6360,PUMPUSDT,1781175600000,train,1,2.85,0.377,3.39,2.91,1.0,1.98,1.37,0.42,0.4,0.53,0,0.86,neutral,alcista,0,0.571,32,1411,2,
s6361,ENAUSDT,1781175600000,train,1,2.45,0.354,3.02,2.95,0.82,1.58,1.16,0.38,0.44,0.6,0,0.86,neutral,alcista,0,0.491,32,1411,2,
s6362,ENAUSDT,1781176500000,train,1,2.51,0.36,3.3,3.14,0.86,1.92,1.25,0.38,0.44,0.6,0,0.59,neutral,alcista,0,0.282,32,1412,3,
s6363,PUMPUSDT,1781177400000,train,1,3.06,0.434,3.31,3.11,1.04,2.33,1.54,0.42,0.4,0.53,0,0.73,neutral,neutral,0,0.556,32,1413,1,
s6364,PUMPUSDT,1781178300000,train,1,3.05,0.434,3.93,3.03,1.24,2.44,1.59,0.42,0.4,0.53,0,0.61,neutral,alcista,0,-1.0,2,1414,2,
s6365,TIAUSDT,1781179200000,train,-1,-2.43,0.476,3.98,3.42,0.88,-2.94,0.71,0.88,0.74,0.77,0,0.52,neutral,neutral,0,-0.273,32,1415,1,
s6366,TIAUSDT,1781180100000,train,-1,-4.13,0.741,5.12,4.62,1.72,-3.71,1.61,0.88,0.74,0.77,0,-0.42,neutral,bajista,0,-0.293,32,1416,2,
s6367,PENDLEUSDT,1781180100000,train,-1,-2.39,0.412,2.87,2.74,1.25,-1.97,1.38,0.44,0.51,0.55,0,-0.42,neutral,bajista,0,-1.0,21,1416,2,
s6368,FETUSDT,1781180100000,train,-1,-3.27,0.429,4.03,3.6,1.62,-2.85,1.62,0.66,0.59,0.56,1,-0.42,neutral,bajista,0,-1.0,26,1415,2,
s6369,ARUSDT,1781180100000,testB,-1,-2.9,0.47,3.53,3.04,1.6,-2.48,1.58,0.38,0.39,0.4,0,-0.42,neutral,bajista,0,-1.0,20,1415,2,
s6370,TIAUSDT,1781181000000,train,-1,-2.22,0.39,4.14,2.61,2.06,-2.31,0.55,0.88,0.74,0.77,0,0.09,neutral,neutral,0,-0.0,32,1417,0,
s6371,TIAUSDT,1781181900000,train,-1,-2.35,0.403,3.87,2.65,2.12,-2.43,0.95,0.88,0.74,0.77,0,0.08,neutral,neutral,0,-0.306,32,1418,1,
s6372,FETUSDT,1781192700000,train,-1,-2.84,0.429,3.79,3.41,1.11,-2.27,1.08,0.72,0.65,0.56,1,-0.57,neutral,bajista,0,-1.0,8,1429,3,
s6373,0GUSDT,1781193600000,train,1,2.49,0.364,4.69,4.12,0.79,3.01,1.34,0.96,0.97,0.79,0,-0.52,neutral,neutral,0,-0.156,32,1431,0,
s6374,MANAUSDT,1781193600000,testB,1,2.4,0.444,3.67,3.52,0.67,2.92,1.38,0.97,0.72,0.67,1,-0.52,neutral,alcista,0,-0.375,32,1430,2,
s6375,0GUSDT,1781194500000,train,1,3.47,0.579,4.71,3.83,0.89,3.56,0.95,0.96,0.97,0.79,0,-0.09,neutral,neutral,0,-0.124,32,1432,0,
s6376,SANDUSDT,1781194500000,testB,1,2.39,0.418,2.94,2.5,1.12,2.48,0.5,0.96,0.73,0.66,1,-0.09,neutral,neutral,0,-0.275,32,1431,0,
s6377,MANAUSDT,1781194500000,testB,1,3.18,0.677,3.52,3.23,0.82,3.27,1.14,0.97,0.72,0.67,1,-0.09,neutral,neutral,0,-0.318,32,1431,0,
s6378,AXSUSDT,1781194500000,testB,1,2.08,0.373,2.89,2.25,0.65,2.17,0.46,0.92,0.73,0.62,1,-0.09,neutral,neutral,0,0.524,32,1431,0,
s6379,APEUSDT,1781194500000,testB,1,3.16,0.379,4.01,3.38,0.73,3.25,1.0,0.94,0.89,0.65,1,-0.09,neutral,alcista,0,0.814,32,1431,3,
s6380,0GUSDT,1781195400000,train,1,2.68,0.478,4.31,3.22,0.88,3.1,0.67,0.96,0.97,0.79,0,-0.41,neutral,neutral,0,-0.274,32,1433,0,
s6381,INJUSDT,1781195400000,train,-1,-2.04,0.351,3.44,2.94,1.29,-1.62,1.11,0.63,0.57,0.65,0,-0.41,neutral,neutral,0,-1.0,6,1433,0,
s6382,MANAUSDT,1781195400000,testB,1,2.26,0.556,3.09,2.65,0.94,2.67,0.83,0.97,0.72,0.67,1,-0.41,neutral,neutral,0,-0.389,32,1432,0,
s6383,0GUSDT,1781196300000,train,1,2.44,0.417,4.22,2.76,0.81,3.13,0.33,0.96,0.97,0.79,0,-0.69,neutral,neutral,0,-0.494,32,1434,0,
s6384,INJUSDT,1781196300000,train,-1,-2.26,0.373,4.08,3.71,1.65,-1.58,1.71,0.63,0.57,0.65,0,-0.69,neutral,neutral,0,-1.0,5,1434,1,
s6385,XPLUSDT,1781197200000,train,-1,-2.36,0.392,3.44,3.06,1.37,-1.65,1.45,0.5,0.4,0.4,0,-0.71,neutral,bajista,0,-1.0,2,1435,4,
s6386,INJUSDT,1781197200000,train,-1,-3.6,0.604,4.56,4.4,1.79,-2.89,1.95,0.75,0.63,0.67,0,-0.71,neutral,bajista,0,-1.0,4,1435,2,
s6387,0GUSDT,1781199000000,train,1,2.78,0.367,3.27,2.67,1.17,2.2,1.16,0.99,1.03,0.82,0,0.58,neutral,alcista,0,-1.0,31,1437,2,
s6388,SEIUSDT,1781199000000,train,1,2.78,0.399,3.35,3.31,1.84,2.2,2.17,0.65,0.5,0.42,1,0.58,neutral,alcista,0,-0.177,32,1437,2,
s6389,ARUSDT,1781199000000,testB,1,3.0,0.389,4.69,3.9,2.34,2.43,2.83,0.43,0.41,0.39,1,0.58,neutral,alcista,0,-0.28,32,1436,2,
s6390,STXUSDT,1781199000000,testB,1,2.47,0.405,3.1,3.1,1.8,1.89,1.99,0.66,0.54,0.6,0,0.58,neutral,alcista,0,-0.741,32,1436,2,
s6391,LDOUSDT,1781199000000,testB,1,2.51,0.434,3.08,3.08,2.25,1.94,2.05,1.01,0.74,0.63,1,0.58,neutral,alcista,0,-0.518,32,1436,2,
s6392,MANAUSDT,1781199000000,testB,1,2.53,0.378,2.9,2.9,1.99,1.95,1.92,1.18,0.84,0.71,1,0.58,neutral,alcista,0,-1.0,21,1436,2,
s6393,AXSUSDT,1781199000000,testB,1,2.6,0.353,2.96,2.75,1.7,2.02,1.77,1.19,0.89,0.67,1,0.58,neutral,alcista,0,-0.346,32,1436,2,
s6394,SUIUSDT,1781199900000,train,1,2.37,0.376,3.45,3.23,3.4,1.47,2.17,0.78,0.59,0.61,0,0.9,neutral,alcista,0,-0.69,32,1438,3,
s6395,SEIUSDT,1781199900000,train,1,3.06,0.423,4.01,3.73,2.36,2.16,2.32,0.65,0.5,0.42,1,0.9,neutral,alcista,0,-0.097,32,1438,3,
s6396,ARUSDT,1781199900000,testB,1,3.16,0.401,4.67,4.3,3.21,2.25,2.92,0.43,0.41,0.39,1,0.9,neutral,alcista,0,-0.337,32,1437,3,
s6397,STXUSDT,1781199900000,testB,1,2.57,0.416,3.84,3.36,2.38,1.67,2.02,0.66,0.54,0.6,0,0.9,neutral,alcista,0,-0.762,32,1437,3,
s6398,LDOUSDT,1781199900000,testB,1,2.81,0.463,3.81,3.48,2.91,1.91,2.22,1.01,0.74,0.63,1,0.9,neutral,alcista,0,-0.489,32,1437,3,
s6399,AXSUSDT,1781199900000,testB,1,2.59,0.353,3.48,2.95,2.17,1.69,1.78,1.19,0.89,0.67,1,0.9,neutral,alcista,0,-0.321,32,1437,3,
s6400,APEUSDT,1781199900000,testB,1,4.11,0.481,5.09,5.01,2.29,3.21,3.17,1.2,0.96,0.71,1,0.9,neutral,alcista,0,-0.273,32,1437,3,
s6401,PUMPUSDT,1781200800000,train,1,3.35,0.364,4.79,4.39,2.83,2.25,2.48,0.61,0.56,0.48,1,1.1,neutral,neutral,0,-0.554,32,1439,0,
s6402,SEIUSDT,1781200800000,train,1,2.88,0.387,4.03,3.42,2.44,1.78,1.84,0.63,0.52,0.43,1,1.1,neutral,neutral,0,0.135,32,1439,0,
s6403,JUPUSDT,1781200800000,train,1,2.98,0.39,4.96,4.15,2.32,1.88,2.03,0.99,0.91,0.67,1,1.1,neutral,alcista,0,0.258,32,1439,4,
s6404,ARUSDT,1781200800000,testB,1,3.59,0.456,4.71,4.5,3.85,2.49,2.82,0.4,0.39,0.39,0,1.1,neutral,alcista,0,-0.322,32,1438,4,
s6405,GRTUSDT,1781200800000,testB,1,2.92,0.394,3.85,3.55,2.4,1.83,2.13,0.72,0.72,0.62,0,1.1,neutral,alcista,0,0.186,32,1438,4,
s6406,LDOUSDT,1781200800000,testB,1,2.74,0.444,3.86,3.19,3.36,1.65,1.75,0.93,0.78,0.64,1,1.1,neutral,neutral,0,-0.395,32,1438,0,
s6407,AXSUSDT,1781200800000,testB,1,2.71,0.373,3.48,2.85,2.2,1.61,1.52,1.08,0.88,0.67,1,1.1,neutral,neutral,0,-0.148,32,1438,0,
s6408,APEUSDT,1781200800000,testB,1,4.46,0.538,5.18,4.72,2.16,3.36,2.57,1.11,0.97,0.73,1,1.1,neutral,neutral,0,-0.097,32,1438,0,
s6409,ARUSDT,1781201700000,testB,1,3.17,0.381,4.94,4.0,3.4,2.56,2.02,0.4,0.39,0.39,0,0.61,neutral,neutral,0,-0.273,32,1439,0,
s6410,FETUSDT,1781202600000,train,1,3.49,0.38,5.04,4.88,1.04,2.39,2.47,0.87,0.75,0.6,1,1.1,neutral,alcista,0,0.085,32,1440,2,
s6411,ARUSDT,1781202600000,testB,1,3.97,0.435,5.05,4.8,1.6,2.87,2.55,0.4,0.39,0.39,0,1.1,neutral,neutral,0,-0.269,32,1440,1,
s6412,PUMPUSDT,1781203500000,train,1,3.5,0.385,4.8,4.26,0.65,2.34,1.62,0.61,0.56,0.48,1,1.16,neutral,neutral,0,-0.413,32,1442,0,
s6413,FETUSDT,1781203500000,train,1,3.57,0.388,5.43,4.44,0.72,2.41,1.83,0.87,0.75,0.6,1,1.16,neutral,neutral,0,0.165,32,1441,0,
s6414,ARUSDT,1781203500000,testB,1,4.58,0.515,5.41,4.94,1.09,3.42,2.48,0.4,0.39,0.39,0,1.16,neutral,alcista,0,-0.333,32,1441,2,
s6415,APEUSDT,1781203500000,testB,1,2.86,0.36,5.17,3.4,0.66,1.7,0.96,1.11,0.97,0.73,1,1.16,neutral,neutral,0,0.0,32,1441,0,
s6416,ARUSDT,1781204400000,testB,1,4.47,0.497,5.62,4.85,0.88,3.14,2.15,0.41,0.38,0.39,0,1.33,neutral,neutral,0,-0.266,32,1442,0,
s6417,ARBUSDT,1781205300000,train,1,4.16,0.447,8.09,5.09,0.44,2.79,2.44,2.46,1.59,1.58,1,1.38,neutral,alcista,0,-0.136,32,1444,2,
s6418,FETUSDT,1781205300000,train,1,3.23,0.366,5.42,4.54,0.62,1.85,1.63,0.88,0.77,0.6,1,1.38,neutral,neutral,0,0.115,32,1443,1,
s6419,ARUSDT,1781205300000,testB,1,3.97,0.463,5.62,4.8,0.71,2.59,1.89,0.41,0.38,0.39,0,1.38,neutral,neutral,0,-0.333,32,1443,0,
s6420,XPLUSDT,1781206200000,train,1,5.11,0.388,7.91,6.75,1.47,3.51,3.21,0.66,0.51,0.44,1,1.6,neutral,alcista,1,2.0,18,1445,2,
s6421,ARBUSDT,1781206200000,train,1,4.92,0.512,8.05,5.55,0.42,3.32,2.71,2.46,1.59,1.58,1,1.6,neutral,alcista,0,-0.209,32,1445,3,
s6422,JUPUSDT,1781206200000,train,1,3.04,0.376,4.96,4.21,0.61,1.44,1.42,0.9,0.92,0.68,0,1.6,neutral,alcista,0,0.209,32,1445,2,
s6423,ONDOUSDT,1781206200000,train,1,3.71,0.353,5.02,4.71,0.6,2.11,1.93,0.63,0.56,0.45,1,1.6,neutral,alcista,0,0.235,32,1444,2,
s6424,FETUSDT,1781206200000,train,1,4.48,0.474,6.15,5.37,0.82,2.88,2.35,0.88,0.77,0.6,1,1.6,neutral,alcista,0,-0.125,32,1444,2,
s6425,ARUSDT,1781206200000,testB,1,4.54,0.56,5.79,4.65,0.75,2.94,1.62,0.41,0.38,0.39,0,1.6,neutral,neutral,0,-0.3,32,1444,0,
s6426,GRTUSDT,1781206200000,testB,1,2.61,0.362,3.87,3.16,1.02,1.02,0.97,0.75,0.74,0.63,1,1.6,neutral,neutral,0,0.387,32,1444,1,
s6427,APEUSDT,1781206200000,testB,1,2.95,0.381,5.18,3.17,1.01,1.35,0.57,1.19,1.01,0.76,1,1.6,neutral,neutral,0,0.024,32,1444,1,
s6428,FETUSDT,1781207100000,train,1,4.39,0.458,6.17,5.03,0.75,3.04,1.73,0.88,0.77,0.6,1,1.35,neutral,neutral,0,-0.062,32,1445,0,
s6429,ARUSDT,1781207100000,testB,1,3.55,0.434,5.82,4.15,0.81,2.2,0.99,0.41,0.38,0.39,0,1.35,neutral,neutral,0,-0.125,32,1445,0,
s6430,XPLUSDT,1781208000000,train,1,5.29,0.365,9.4,7.86,1.8,4.17,3.73,1.0,0.69,0.51,1,1.12,neutral,neutral,1,2.0,24,1447,1,
s6431,FETUSDT,1781208000000,train,1,3.92,0.432,6.16,5.28,0.71,2.81,1.8,0.88,0.77,0.6,1,1.12,neutral,neutral,0,-0.186,32,1446,1,
s6432,ARUSDT,1781208000000,testB,1,2.89,0.375,5.82,4.05,0.72,1.77,0.75,0.4,0.37,0.38,0,1.12,neutral,neutral,0,-0.141,32,1446,0,
s6433,FETUSDT,1781208900000,train,1,3.57,0.375,6.21,4.44,0.77,2.39,0.86,0.88,0.77,0.6,1,1.18,neutral,neutral,0,0.141,32,1447,0,
s6434,ARUSDT,1781208900000,testB,1,3.28,0.445,5.84,3.75,0.69,2.11,0.48,0.4,0.37,0.38,0,1.18,neutral,neutral,0,0.069,32,1447,0,
s6435,FETUSDT,1781209800000,train,1,3.79,0.398,6.2,4.54,0.52,2.79,0.91,0.88,0.77,0.6,1,1.0,neutral,neutral,0,0.057,32,1448,1,
s6436,ARUSDT,1781209800000,testB,1,3.18,0.424,5.85,3.65,0.51,2.18,0.28,0.4,0.37,0.38,0,1.0,neutral,neutral,0,0.143,32,1448,0,
s6437,ENAUSDT,1781210700000,train,1,4.56,0.418,5.71,5.16,1.25,3.26,2.06,0.63,0.5,0.49,1,1.3,neutral,alcista,0,0.098,32,1450,2,
s6438,JUPUSDT,1781210700000,train,1,2.98,0.397,4.97,3.96,0.57,1.68,0.63,0.91,0.91,0.68,0,1.3,neutral,neutral,0,0.429,32,1450,1,
s6439,PENDLEUSDT,1781210700000,train,1,3.56,0.413,4.9,4.21,0.34,2.26,0.79,0.7,0.59,0.54,1,1.3,neutral,neutral,0,0.34,32,1450,1,
s6440,ONDOUSDT,1781210700000,train,1,3.72,0.353,5.43,4.29,0.69,2.42,0.73,0.61,0.56,0.45,1,1.3,neutral,alcista,0,0.364,32,1449,2,
s6441,FETUSDT,1781210700000,train,1,4.78,0.484,6.17,5.13,0.51,3.47,1.3,0.88,0.77,0.6,1,1.3,neutral,alcista,0,-0.121,32,1449,2,
s6442,ARUSDT,1781210700000,testB,1,3.5,0.461,5.83,3.85,0.36,2.2,0.38,0.4,0.37,0.38,0,1.3,neutral,neutral,0,0.014,32,1449,1,
s6443,GRTUSDT,1781210700000,testB,1,2.3,0.361,3.89,2.71,0.6,1.0,0.23,0.77,0.74,0.62,1,1.3,neutral,neutral,0,0.66,32,1449,1,
s6444,PUMPUSDT,1781211600000,train,1,3.23,0.354,4.82,3.8,0.48,1.48,0.8,0.58,0.6,0.46,0,1.74,neutral,alcista,0,-0.214,32,1451,2,
s6445,STBLUSDT,1781211600000,train,1,2.75,0.376,3.71,3.13,0.47,1.01,0.66,0.65,0.61,0.46,1,1.74,neutral,alcista,0,-0.605,32,1451,2,
s6446,ENAUSDT,1781211600000,train,1,6.79,0.56,6.77,6.66,1.51,5.05,3.47,0.7,0.53,0.48,1,1.74,neutral,alcista,0,-0.284,32,1451,3,
s6447,ARBUSDT,1781211600000,train,1,5.16,0.457,8.08,5.24,0.15,3.42,1.69,2.35,1.6,1.52,1,1.74,neutral,alcista,0,-0.227,32,1451,3,
s6448,OPUSDT,1781211600000,train,1,3.67,0.405,4.9,3.75,0.52,1.93,1.01,0.92,0.9,0.71,1,1.74,neutral,alcista,0,0.139,32,1451,2,
s6449,INJUSDT,1781211600000,train,1,7.3,0.46,7.61,7.32,1.01,5.56,2.84,0.9,0.74,0.69,1,1.74,neutral,alcista,0,0.176,32,1451,3,
s6450,SUIUSDT,1781211600000,train,1,2.73,0.388,3.45,2.81,0.37,0.98,0.87,0.76,0.63,0.56,1,1.74,neutral,alcista,0,-0.502,32,1451,2,
s6451,SEIUSDT,1781211600000,train,1,3.33,0.428,3.9,3.4,0.61,1.58,0.91,0.62,0.54,0.42,1,1.74,neutral,alcista,0,0.083,32,1451,2,
s6452,JUPUSDT,1781211600000,train,1,4.62,0.542,5.34,5.16,0.74,2.87,1.77,0.83,0.93,0.68,0,1.74,neutral,alcista,0,-0.048,32,1451,2,
s6453,PENDLEUSDT,1781211600000,train,1,4.49,0.502,4.92,4.78,0.37,2.75,1.3,0.65,0.57,0.52,1,1.74,neutral,alcista,0,-0.012,32,1451,2,
s6454,ONDOUSDT,1781211600000,train,1,6.14,0.502,6.39,6.12,0.81,4.4,2.53,0.61,0.57,0.45,1,1.74,neutral,alcista,0,-0.196,32,1450,3,
s6455,FETUSDT,1781211600000,train,1,6.69,0.589,6.78,6.63,0.59,4.95,2.71,0.84,0.77,0.6,1,1.74,neutral,alcista,0,-0.431,32,1450,3,
s6456,ARUSDT,1781211600000,testB,1,4.86,0.556,5.71,4.94,0.62,3.11,1.52,0.41,0.37,0.37,1,1.74,neutral,alcista,0,-0.333,32,1450,2,
s6457,STXUSDT,1781211600000,testB,1,2.69,0.38,3.85,3.05,0.53,0.95,0.84,0.5,0.52,0.57,0,1.74,neutral,alcista,0,-0.509,32,1450,2,
s6458,GRTUSDT,1781211600000,testB,1,3.3,0.474,3.86,3.45,0.51,1.56,0.96,0.74,0.72,0.59,1,1.74,neutral,alcista,0,0.221,32,1450,2,
s6459,LDOUSDT,1781211600000,testB,1,2.63,0.381,3.87,2.9,0.4,0.89,0.71,1.03,0.9,0.68,1,1.74,neutral,alcista,0,-0.59,32,1450,2,
s6460,AXSUSDT,1781211600000,testB,1,2.81,0.433,3.47,3.05,0.39,1.07,0.95,0.87,0.9,0.65,0,1.74,neutral,alcista,0,-0.103,32,1450,2,
s6461,APEUSDT,1781211600000,testB,1,2.66,0.354,4.42,3.89,0.33,0.92,1.49,1.12,0.96,0.76,1,1.74,neutral,alcista,0,-0.608,32,1450,3,
s6462,ENAUSDT,1781212500000,train,1,4.09,0.412,4.8,4.07,1.56,3.35,2.9,0.7,0.53,0.48,1,0.74,neutral,neutral,0,-0.316,32,1452,0,
s6463,ARBUSDT,1781212500000,train,1,3.57,0.368,6.35,3.46,0.12,2.82,1.49,2.35,1.6,1.52,1,0.74,neutral,neutral,0,-0.309,32,1452,0,
s6464,INJUSDT,1781212500000,train,1,5.64,0.401,5.45,5.34,0.78,4.9,2.73,0.9,0.74,0.69,1,0.74,neutral,alcista,0,0.137,32,1452,4,
s6465,JUPUSDT,1781212500000,train,1,3.08,0.429,3.42,3.11,0.7,2.33,1.52,0.83,0.93,0.68,0,0.74,neutral,neutral,0,0.1,32,1452,0,
s6466,PENDLEUSDT,1781212500000,train,1,3.04,0.41,3.01,2.95,0.32,2.3,1.28,0.65,0.57,0.52,1,0.74,neutral,alcista,0,-0.022,32,1452,3,
s6467,FETUSDT,1781212500000,train,1,4.56,0.44,5.08,4.36,0.67,3.81,1.95,0.84,0.77,0.6,1,0.74,neutral,neutral,0,-0.482,32,1451,0,
s6468,MANAUSDT,1781215200000,testB,-1,-2.04,0.538,2.53,2.53,0.83,-2.28,0.94,0.77,0.87,0.67,0,0.24,neutral,neutral,0,-0.0,32,1454,1,
s6469,JUPUSDT,1781216100000,train,1,2.09,0.379,3.16,2.66,1.06,1.78,1.08,0.82,0.93,0.68,0,0.31,neutral,neutral,0,-0.186,32,1456,0,
s6470,ARUSDT,1781218800000,testB,-1,-2.11,0.406,3.26,3.11,0.94,-1.92,1.12,0.33,0.38,0.36,0,-0.19,neutral,neutral,0,0.593,32,1458,1,
s6471,ARUSDT,1781219700000,testB,-1,-2.37,0.434,3.49,3.43,0.77,-2.04,1.41,0.33,0.38,0.36,0,-0.33,neutral,bajista,0,0.4,32,1459,2,
s6472,ARUSDT,1781220600000,testB,-1,-2.01,0.364,3.27,3.0,0.8,-1.94,1.11,0.33,0.38,0.36,0,-0.08,neutral,neutral,0,0.439,32,1460,0,
s6473,APEUSDT,1781220600000,testB,1,2.17,0.412,2.8,2.5,1.22,2.24,1.31,0.76,0.98,0.77,0,-0.08,neutral,alcista,0,-1.0,17,1460,3,
s6474,JUPUSDT,1781222400000,train,1,2.51,0.444,3.62,3.19,1.25,2.18,1.38,0.68,0.83,0.72,0,0.33,neutral,alcista,0,0.096,32,1463,4,
s6475,JUPUSDT,1781223300000,train,1,3.03,0.585,3.62,3.19,1.51,2.65,1.19,0.68,0.83,0.72,0,0.39,neutral,alcista,0,0.327,32,1464,5,
s6476,ONDOUSDT,1781223300000,train,1,2.91,0.382,3.54,2.94,1.0,2.53,0.79,0.43,0.54,0.45,0,0.39,neutral,alcista,0,-1.0,24,1463,2,
s6477,JUPUSDT,1781224200000,train,1,3.1,0.605,3.56,3.01,1.48,2.51,0.94,0.68,0.83,0.72,0,0.59,neutral,neutral,0,0.469,32,1465,0,
s6478,ONDOUSDT,1781224200000,train,1,2.88,0.38,3.29,2.85,0.98,2.29,0.8,0.43,0.54,0.45,0,0.59,neutral,alcista,0,-1.0,22,1464,3,
s6479,GRTUSDT,1781224200000,testB,1,2.1,0.451,2.36,2.21,2.72,1.52,1.12,0.75,0.73,0.62,1,0.59,neutral,alcista,0,-0.386,32,1464,5,
s6480,XPLUSDT,1781225100000,train,1,7.96,0.363,8.91,7.41,1.42,7.56,3.83,2.24,1.39,0.85,1,0.4,neutral,neutral,1,2.0,28,1466,0,
s6481,WLDUSDT,1781225100000,train,1,3.73,0.462,4.13,3.7,1.26,3.33,1.45,0.28,0.45,0.57,0,0.4,neutral,alcista,0,-1.0,22,1466,2,
s6482,GRTUSDT,1781225100000,testB,1,2.05,0.444,2.51,2.16,2.54,1.64,1.21,0.75,0.73,0.62,1,0.4,neutral,alcista,0,-1.0,23,1465,6,
s6483,0GUSDT,1781226000000,train,-1,-2.26,0.469,2.76,2.35,1.88,-2.16,1.14,0.42,0.59,0.74,0,-0.1,neutral,bajista,0,0.059,32,1467,4,
s6484,FETUSDT,1781226000000,train,-1,-2.65,0.52,2.99,2.88,0.66,-2.55,0.83,0.42,0.65,0.61,0,-0.1,neutral,bajista,0,-0.073,32,1466,4,
s6485,ARUSDT,1781226000000,testB,-1,-2.16,0.375,2.89,2.42,1.31,-2.06,0.58,0.31,0.36,0.37,0,-0.1,neutral,bajista,0,0.217,32,1466,2,
s6486,STXUSDT,1781226000000,testB,-1,-2.19,0.532,2.63,2.3,1.43,-2.09,0.88,0.48,0.53,0.61,0,-0.1,neutral,neutral,0,-0.024,32,1466,0,
s6487,PUMPUSDT,1781226900000,train,-1,-2.11,0.477,2.44,2.16,0.87,-1.92,1.04,0.33,0.47,0.46,0,-0.19,neutral,bajista,0,-1.0,10,1468,3,
s6488,0GUSDT,1781226900000,train,-1,-2.43,0.486,3.05,2.67,1.9,-2.24,1.31,0.42,0.59,0.74,0,-0.19,neutral,bajista,0,-0.195,32,1468,5,
s6489,SUIUSDT,1781226900000,train,-1,-2.03,0.613,2.5,2.27,0.97,-1.83,0.94,0.36,0.59,0.54,0,-0.19,neutral,bajista,0,-0.641,32,1468,4,
s6490,FETUSDT,1781226900000,train,-1,-2.21,0.473,2.78,2.46,0.81,-2.01,0.86,0.42,0.65,0.61,0,-0.19,neutral,bajista,0,-0.319,32,1467,5,
s6491,ARUSDT,1781226900000,testB,-1,-2.01,0.358,2.58,2.21,1.28,-1.82,0.6,0.31,0.36,0.37,0,-0.19,neutral,bajista,0,-0.167,32,1467,3,
s6492,STXUSDT,1781226900000,testB,-1,-2.04,0.514,2.63,2.35,1.19,-1.84,0.83,0.48,0.53,0.61,0,-0.19,neutral,neutral,0,-0.256,32,1467,1,
s6493,0GUSDT,1781227800000,train,-1,-2.37,0.479,3.05,2.7,1.54,-2.12,1.23,0.42,0.59,0.74,0,-0.24,neutral,bajista,0,-0.256,32,1469,6,
s6494,ARUSDT,1781227800000,testB,-1,-2.01,0.358,2.47,2.05,1.35,-1.77,0.53,0.31,0.36,0.37,0,-0.24,neutral,neutral,0,-0.513,32,1468,0,
s6495,STXUSDT,1781227800000,testB,-1,-2.2,0.577,2.63,2.35,1.05,-1.95,0.79,0.48,0.53,0.61,0,-0.24,neutral,neutral,0,-0.558,32,1468,0,
s6496,LDOUSDT,1781227800000,testB,-1,-2.03,0.632,2.49,2.26,0.85,-1.79,0.69,0.65,0.8,0.68,0,-0.24,neutral,bajista,0,-0.417,32,1468,5,
s6497,INJUSDT,1781231400000,train,1,3.82,0.461,4.55,4.51,2.33,3.6,3.14,0.57,0.71,0.72,0,0.22,neutral,alcista,0,-1.0,16,1473,5,
s6498,GRTUSDT,1781231400000,testB,1,2.1,0.406,2.5,2.25,0.56,1.88,0.91,0.73,0.75,0.65,0,0.22,neutral,neutral,0,-1.0,16,1472,1,
s6499,INJUSDT,1781234100000,train,1,3.37,0.364,4.77,3.35,2.45,3.28,1.4,0.57,0.73,0.65,0,0.09,neutral,neutral,0,-1.0,13,1476,0,
s6500,APEUSDT,1781235000000,testB,-1,-2.04,0.491,2.4,2.16,0.64,-1.79,0.54,0.59,0.86,0.84,0,-0.25,neutral,bajista,0,-0.0,32,1476,2,
s6501,INJUSDT,1781236800000,train,1,3.25,0.381,4.74,3.81,1.15,3.63,1.64,0.66,0.75,0.65,0,-0.38,neutral,alcista,0,-1.0,10,1479,2,
s6502,0GUSDT,1781244000000,train,-1,-2.22,0.489,2.68,2.37,1.43,-1.64,1.05,0.4,0.39,0.7,0,-0.58,neutral,bajista,0,-0.485,32,1487,3,
s6503,ONDOUSDT,1781244000000,train,-1,-2.48,0.419,3.36,3.22,1.52,-1.91,1.5,0.39,0.4,0.46,0,-0.58,neutral,bajista,0,-1.0,24,1486,3,
s6504,APEUSDT,1781244000000,testB,-1,-2.37,0.525,2.66,2.43,0.86,-1.79,1.07,0.54,0.63,0.79,0,-0.58,neutral,neutral,0,-1.0,27,1486,1,
s6505,0GUSDT,1781244900000,train,-1,-2.05,0.469,2.51,2.3,1.68,-1.41,1.04,0.4,0.39,0.7,0,-0.64,neutral,bajista,0,-0.652,32,1488,4,
s6506,INJUSDT,1781244900000,train,-1,-3.09,0.376,4.79,4.35,0.99,-2.44,1.48,0.81,0.7,0.66,1,-0.64,neutral,bajista,0,0.651,32,1488,6,
s6507,ONDOUSDT,1781244900000,train,-1,-3.16,0.527,3.91,3.63,1.93,-2.51,1.76,0.39,0.4,0.46,0,-0.64,neutral,bajista,0,-1.0,23,1487,4,
s6508,APEUSDT,1781244900000,testB,-1,-2.38,0.525,2.75,2.59,0.9,-1.73,1.18,0.54,0.63,0.79,0,-0.64,neutral,bajista,0,-1.0,23,1487,2,
s6509,0GUSDT,1781245800000,train,-1,-2.56,0.564,3.08,2.66,1.71,-1.44,1.3,0.4,0.39,0.7,0,-1.11,neutral,bajista,0,-1.0,32,1489,5,
s6510,INJUSDT,1781245800000,train,-1,-4.32,0.572,5.33,4.72,1.21,-3.2,1.73,0.81,0.7,0.66,1,-1.11,neutral,bajista,0,0.614,32,1489,7,
s6511,TIAUSDT,1781245800000,train,-1,-2.43,0.56,3.24,2.77,1.46,-1.31,1.43,0.38,0.44,0.64,0,-1.11,neutral,bajista,0,-1.0,11,1489,7,
s6512,PENDLEUSDT,1781245800000,train,-1,-2.76,0.507,3.71,3.39,0.96,-1.65,1.65,0.58,0.46,0.51,0,-1.11,neutral,bajista,0,-0.45,32,1489,5,
s6513,ONDOUSDT,1781245800000,train,-1,-3.34,0.577,4.1,3.46,1.78,-2.23,1.63,0.39,0.4,0.46,0,-1.11,neutral,neutral,0,-1.0,14,1488,0,
s6514,FETUSDT,1781245800000,train,-1,-2.74,0.558,3.78,3.14,1.72,-1.63,1.35,0.44,0.46,0.6,0,-1.11,neutral,bajista,0,-1.0,15,1488,5,
s6515,ARUSDT,1781245800000,testB,-1,-2.3,0.458,3.64,3.21,2.01,-1.18,1.61,0.31,0.3,0.34,0,-1.11,neutral,bajista,0,-1.0,15,1488,8,
s6516,STXUSDT,1781245800000,testB,-1,-2.22,0.612,3.11,2.77,2.28,-1.11,1.49,0.37,0.42,0.48,0,-1.11,neutral,bajista,0,-0.62,32,1488,8,
s6517,APEUSDT,1781245800000,testB,-1,-2.3,0.5,2.98,2.43,0.93,-1.18,0.93,0.54,0.63,0.79,0,-1.11,neutral,neutral,0,-1.0,22,1488,0,
s6518,0GUSDT,1781246700000,train,-1,-2.13,0.517,2.94,2.56,1.56,-1.13,1.38,0.4,0.39,0.7,0,-1.0,neutral,bajista,0,-1.0,31,1490,6,
s6519,INJUSDT,1781246700000,train,-1,-3.28,0.5,4.97,4.62,1.04,-2.28,1.91,0.81,0.7,0.66,1,-1.0,neutral,bajista,0,0.302,32,1490,8,
s6520,TIAUSDT,1781246700000,train,-1,-2.1,0.523,3.25,2.96,1.39,-1.1,1.5,0.38,0.44,0.64,0,-1.0,neutral,bajista,0,-1.0,10,1490,8,
s6521,PENDLEUSDT,1781246700000,train,-1,-2.26,0.439,3.71,3.29,1.01,-1.26,1.4,0.58,0.46,0.51,0,-1.0,neutral,neutral,0,-1.0,32,1490,0,
s6522,ONDOUSDT,1781246700000,train,-1,-3.03,0.552,4.05,3.43,1.73,-2.03,1.56,0.39,0.4,0.46,0,-1.0,neutral,neutral,0,-1.0,13,1489,1,
s6523,FETUSDT,1781246700000,train,-1,-2.9,0.571,3.79,3.47,1.68,-1.91,1.51,0.44,0.46,0.6,0,-1.0,neutral,bajista,0,-1.0,14,1489,6,
s6524,ARUSDT,1781246700000,testB,-1,-2.41,0.469,3.65,3.54,1.38,-1.41,1.77,0.31,0.3,0.34,0,-1.0,neutral,bajista,0,-1.0,14,1489,8,
s6525,STXUSDT,1781246700000,testB,-1,-2.33,0.623,3.11,2.94,2.27,-1.34,1.58,0.37,0.42,0.48,0,-1.0,neutral,bajista,0,-1.0,32,1489,8,
s6526,APEUSDT,1781246700000,testB,-1,-2.01,0.464,2.6,2.44,1.06,-1.01,1.27,0.54,0.63,0.79,0,-1.0,neutral,neutral,0,-1.0,21,1489,1,
s6527,INJUSDT,1781247600000,train,-1,-3.36,0.521,4.97,4.5,1.12,-2.51,1.83,0.83,0.68,0.67,1,-0.86,neutral,neutral,0,0.132,32,1491,0,
s6528,TIAUSDT,1781247600000,train,-1,-2.31,0.61,3.02,2.52,1.4,-1.45,1.15,0.39,0.43,0.6,0,-0.86,neutral,neutral,0,-1.0,9,1491,0,
s6529,PENDLEUSDT,1781247600000,train,-1,-2.34,0.464,3.7,3.07,0.97,-1.48,1.12,0.59,0.45,0.51,0,-0.86,neutral,neutral,0,-1.0,31,1491,0,
s6530,ONDOUSDT,1781247600000,train,-1,-2.46,0.437,3.78,2.8,1.5,-1.6,1.13,0.39,0.4,0.47,0,-0.86,neutral,neutral,0,-1.0,11,1490,0,
s6531,FETUSDT,1781247600000,train,-1,-2.74,0.525,3.62,2.98,1.41,-1.89,1.09,0.45,0.43,0.59,0,-0.86,neutral,neutral,0,-1.0,11,1490,0,
s6532,ARUSDT,1781247600000,testB,-1,-2.66,0.548,3.65,3.54,1.2,-1.81,1.59,0.3,0.29,0.33,0,-0.86,neutral,neutral,0,-1.0,13,1490,0,
s6533,STXUSDT,1781247600000,testB,-1,-2.5,0.639,3.17,3.17,2.3,-1.64,1.62,0.39,0.43,0.49,0,-0.86,neutral,bajista,0,-1.0,31,1490,8,
s6534,APEUSDT,1781247600000,testB,-1,-2.08,0.491,2.59,2.12,0.96,-1.22,0.84,0.53,0.55,0.77,0,-0.86,neutral,neutral,0,-1.0,20,1490,0,
s6535,INJUSDT,1781248500000,train,-1,-2.81,0.408,4.94,3.98,0.9,-2.16,1.34,0.83,0.68,0.67,1,-0.65,neutral,neutral,0,0.493,32,1492,0,
s6536,ONDOUSDT,1781248500000,train,-1,-2.19,0.388,3.78,2.66,1.31,-1.54,0.92,0.39,0.4,0.47,0,-0.65,neutral,neutral,0,-1.0,10,1491,0,
s6537,FETUSDT,1781248500000,train,-1,-2.28,0.44,3.45,2.6,1.07,-1.64,0.95,0.45,0.43,0.59,0,-0.65,neutral,neutral,0,-1.0,9,1491,0,
s6538,ARUSDT,1781248500000,testB,-1,-2.15,0.461,3.64,3.37,1.06,-1.5,1.38,0.3,0.29,0.33,0,-0.65,neutral,neutral,0,-1.0,12,1491,0,
s6539,STXUSDT,1781248500000,testB,-1,-2.01,0.457,3.16,2.66,1.89,-1.36,1.09,0.39,0.43,0.49,0,-0.65,neutral,neutral,0,-1.0,30,1491,0,
s6540,ENAUSDT,1781249400000,train,-1,-2.87,0.356,4.62,4.04,2.56,-2.21,1.21,0.58,0.55,0.49,1,-0.66,neutral,neutral,0,-1.0,19,1493,1,
s6541,INJUSDT,1781249400000,train,-1,-2.66,0.394,4.96,4.27,0.58,-2.0,1.28,0.83,0.68,0.67,1,-0.66,neutral,neutral,0,0.648,32,1493,1,
s6542,STXUSDT,1781249400000,testB,-1,-2.06,0.463,3.16,2.77,1.12,-1.41,1.07,0.39,0.43,0.49,0,-0.66,neutral,neutral,0,-1.0,29,1492,1,
s6543,INJUSDT,1781250300000,train,-1,-2.51,0.365,4.94,4.0,0.53,-1.84,0.95,0.83,0.68,0.67,1,-0.67,neutral,neutral,0,1.315,32,1494,0,
s6544,ARUSDT,1781250300000,testB,-1,-2.14,0.461,3.63,2.93,0.93,-1.47,0.78,0.3,0.29,0.33,0,-0.67,neutral,neutral,0,-1.0,10,1493,0,
s6545,WLDUSDT,1781251200000,train,-1,-4.56,0.588,5.6,5.27,1.12,-4.24,2.39,0.38,0.33,0.43,0,-0.32,neutral,bajista,0,0.714,32,1495,4,
s6546,INJUSDT,1781251200000,train,-1,-3.37,0.553,4.95,4.08,0.52,-3.05,0.92,0.74,0.64,0.67,0,-0.32,neutral,neutral,0,1.123,32,1495,1,
s6547,INJUSDT,1781252100000,train,-1,-2.53,0.38,4.84,3.26,0.59,-2.11,0.13,0.74,0.64,0.67,0,-0.41,neutral,neutral,1,2.0,31,1496,0,
s6548,INJUSDT,1781253000000,train,-1,-2.72,0.396,4.65,3.8,0.75,-2.2,0.79,0.74,0.64,0.67,0,-0.52,neutral,neutral,0,1.351,32,1497,1,
s6549,JUPUSDT,1781253000000,train,1,2.48,0.408,3.93,3.57,1.67,3.0,1.96,0.74,0.65,0.78,0,-0.52,neutral,alcista,0,0.983,32,1497,4,
s6550,INJUSDT,1781253900000,train,-1,-3.21,0.507,4.3,3.43,0.76,-2.85,0.81,0.74,0.64,0.67,0,-0.36,neutral,neutral,0,1.395,32,1498,0,
s6551,JUPUSDT,1781253900000,train,1,3.16,0.468,4.56,4.44,2.09,3.52,2.64,0.74,0.65,0.78,0,-0.36,neutral,alcista,0,0.649,32,1498,5,
s6552,INJUSDT,1781254800000,train,-1,-2.31,0.422,3.48,2.92,0.74,-2.51,1.0,0.71,0.63,0.67,0,0.21,neutral,neutral,1,2.0,28,1499,1,
s6553,JUPUSDT,1781254800000,train,1,4.17,0.65,5.08,4.72,2.34,3.97,2.61,0.9,0.69,0.81,0,0.21,neutral,alcista,0,0.342,32,1499,6,
s6554,OPUSDT,1781255700000,train,1,2.38,0.434,4.35,4.05,1.72,1.95,2.01,0.71,0.55,0.72,0,0.44,neutral,alcista,0,0.475,32,1500,8,
s6555,JUPUSDT,1781255700000,train,1,3.41,0.545,5.16,4.44,2.04,2.97,2.11,0.9,0.69,0.81,0,0.44,neutral,neutral,0,0.365,32,1500,0,
s6556,OPUSDT,1781256600000,train,1,2.8,0.474,4.44,4.44,2.13,2.02,2.17,0.71,0.55,0.72,0,0.78,neutral,alcista,0,0.205,32,1501,8,
s6557,SEIUSDT,1781256600000,train,1,2.69,0.493,4.25,4.09,1.57,1.92,2.04,0.74,0.61,0.56,1,0.78,neutral,alcista,0,0.187,32,1501,4,
s6558,JUPUSDT,1781256600000,train,1,3.22,0.52,5.16,4.38,1.96,2.45,1.82,0.9,0.69,0.81,0,0.78,neutral,neutral,0,0.247,32,1501,0,
s6559,OPUSDT,1781257500000,train,1,2.6,0.424,4.87,3.85,2.26,1.95,1.5,0.71,0.55,0.72,0,0.65,neutral,neutral,0,0.421,32,1502,0,
s6560,SEIUSDT,1781257500000,train,1,2.76,0.509,4.61,3.88,1.93,2.11,1.69,0.74,0.61,0.56,1,0.65,neutral,neutral,0,0.227,32,1502,0,
s6561,JUPUSDT,1781257500000,train,1,3.73,0.625,5.16,4.5,1.54,3.08,1.85,0.9,0.69,0.81,0,0.65,neutral,neutral,0,0.16,32,1502,1,
s6562,ONDOUSDT,1781257500000,train,1,2.43,0.486,3.84,3.73,1.11,1.78,1.68,0.46,0.4,0.47,0,0.65,neutral,alcista,0,-0.401,32,1501,3,
s6563,PUMPUSDT,1781258400000,train,1,2.34,0.362,4.24,3.56,1.08,1.6,1.01,0.52,0.43,0.49,0,0.74,neutral,neutral,0,0.453,32,1503,1,
s6564,STBLUSDT,1781258400000,train,1,2.65,0.512,3.44,3.44,0.84,1.91,1.54,0.47,0.36,0.48,0,0.74,neutral,neutral,0,-0.357,32,1503,1,
s6565,ARBUSDT,1781258400000,train,1,2.97,0.585,3.77,3.71,1.31,2.23,1.68,0.6,0.51,1.06,0,0.74,neutral,neutral,0,-0.397,32,1503,1,
s6566,OPUSDT,1781258400000,train,1,5.23,0.676,5.86,5.77,2.9,4.49,3.21,0.9,0.66,0.75,0,0.74,neutral,neutral,0,-0.19,32,1503,1,
s6567,TIAUSDT,1781258400000,train,1,2.47,0.397,4.33,3.63,1.98,1.73,1.47,0.61,0.47,0.61,0,0.74,neutral,neutral,0,-0.227,32,1503,1,
s6568,SEIUSDT,1781258400000,train,1,3.82,0.616,4.75,4.73,1.93,3.08,2.31,0.85,0.67,0.59,1,0.74,neutral,neutral,0,-0.074,32,1503,1,
s6569,JUPUSDT,1781258400000,train,1,3.98,0.64,5.14,4.72,0.89,3.24,1.83,1.03,0.75,0.83,0,0.74,neutral,alcista,0,-0.076,32,1503,2,
s6570,ONDOUSDT,1781258400000,train,1,2.55,0.52,4.12,3.5,1.32,1.81,1.27,0.49,0.41,0.48,0,0.74,neutral,neutral,0,-0.406,32,1502,0,
s6571,ARUSDT,1781258400000,testB,1,2.28,0.355,3.48,3.42,1.45,1.54,1.58,0.37,0.31,0.33,0,0.74,neutral,neutral,0,-1.0,14,1502,1,
s6572,STBLUSDT,1781259300000,train,1,2.41,0.442,3.58,2.97,0.91,1.67,0.96,0.47,0.36,0.48,0,0.73,neutral,neutral,0,-0.278,32,1504,0,
s6573,ARBUSDT,1781259300000,train,1,2.57,0.469,3.92,3.22,1.41,1.84,1.08,0.6,0.51,1.06,0,0.73,neutral,neutral,0,-0.313,32,1504,0,
s6574,OPUSDT,1781259300000,train,1,3.67,0.393,5.97,4.15,2.8,2.94,1.33,0.9,0.66,0.75,0,0.73,neutral,neutral,0,0.122,32,1504,0,
s6575,TIAUSDT,1781259300000,train,1,2.51,0.404,4.34,3.27,2.12,1.78,1.01,0.61,0.47,0.61,0,0.73,neutral,neutral,0,-0.075,32,1504,0,
s6576,SEIUSDT,1781259300000,train,1,3.84,0.621,4.85,4.6,2.1,3.11,2.02,0.85,0.67,0.59,1,0.73,neutral,neutral,0,-0.042,32,1504,0,
s6577,JUPUSDT,1781259300000,train,1,3.67,0.562,5.7,4.38,1.08,2.94,1.31,1.03,0.75,0.83,0,0.73,neutral,neutral,0,0.0,32,1504,0,
s6578,ONDOUSDT,1781259300000,train,1,2.45,0.486,4.14,3.02,1.46,1.71,0.81,0.49,0.41,0.48,0,0.73,neutral,neutral,0,-0.273,32,1503,0,
s6579,ARUSDT,1781259300000,testB,1,2.29,0.355,3.96,3.02,1.6,1.56,1.09,0.37,0.31,0.33,0,0.73,neutral,neutral,0,-1.0,13,1503,0,
s6580,PUMPUSDT,1781260200000,train,1,2.92,0.437,4.19,2.91,0.66,1.72,0.41,0.52,0.43,0.49,0,1.2,neutral,neutral,0,0.814,32,1505,1,
s6581,STBLUSDT,1781260200000,train,1,2.54,0.476,3.38,2.64,0.91,1.34,0.8,0.47,0.36,0.48,0,1.2,neutral,neutral,0,-0.156,32,1505,0,
s6582,ARBUSDT,1781260200000,train,1,2.62,0.479,3.84,2.69,1.52,1.42,0.6,0.6,0.51,1.06,0,1.2,neutral,neutral,0,-1.0,12,1505,0,
s6583,OPUSDT,1781260200000,train,1,3.99,0.432,5.76,4.04,2.22,2.79,1.35,0.9,0.66,0.75,0,1.2,neutral,neutral,0,0.25,32,1505,1,
s6584,TIAUSDT,1781260200000,train,1,2.71,0.448,4.11,2.85,1.65,1.51,0.79,0.61,0.47,0.61,0,1.2,neutral,neutral,0,0.065,32,1505,0,
s6585,SEIUSDT,1781260200000,train,1,5.04,0.785,4.99,4.97,1.4,3.84,2.47,0.85,0.67,0.59,1,1.2,neutral,neutral,0,-0.152,32,1505,1,
s6586,JUPUSDT,1781260200000,train,1,4.18,0.638,5.33,4.25,1.06,2.98,1.45,1.03,0.75,0.83,0,1.2,neutral,neutral,0,0.0,32,1505,1,
s6587,PENDLEUSDT,1781260200000,train,1,2.24,0.577,3.02,2.24,1.28,1.04,0.57,0.54,0.51,0.53,0,1.2,neutral,neutral,0,-1.0,13,1505,1,
s6588,ONDOUSDT,1781260200000,train,1,2.67,0.508,3.59,2.68,1.3,1.47,0.98,0.49,0.41,0.48,0,1.2,neutral,neutral,0,-0.204,32,1504,1,
s6589,ARUSDT,1781260200000,testB,1,2.46,0.39,3.91,2.77,1.44,1.26,0.85,0.37,0.31,0.33,0,1.2,neutral,neutral,0,-1.0,12,1504,0,
s6590,SANDUSDT,1781260200000,testB,1,2.4,0.756,2.74,2.34,1.03,1.2,0.69,0.48,0.53,0.68,0,1.2,neutral,neutral,0,-1.0,30,1504,1,
s6591,PUMPUSDT,1781261100000,train,1,3.2,0.46,4.05,3.04,0.82,2.08,0.66,0.52,0.43,0.49,0,1.13,neutral,alcista,0,1.111,32,1506,2,
s6592,STBLUSDT,1781261100000,train,1,2.07,0.386,3.39,2.4,1.05,0.94,0.51,0.47,0.36,0.48,0,1.13,neutral,neutral,0,-0.207,32,1506,0,
s6593,ARBUSDT,1781261100000,train,1,2.37,0.413,3.83,2.31,1.57,1.24,0.28,0.6,0.51,1.06,0,1.13,neutral,neutral,0,-1.0,11,1506,0,
s6594,OPUSDT,1781261100000,train,1,4.32,0.471,5.65,4.04,2.0,3.19,1.38,0.9,0.66,0.75,0,1.13,neutral,alcista,0,0.2,32,1506,2,
s6595,TIAUSDT,1781261100000,train,1,2.71,0.448,4.08,2.64,1.11,1.59,0.59,0.61,0.47,0.61,0,1.13,neutral,neutral,0,0.372,32,1506,0,
s6596,SEIUSDT,1781261100000,train,1,4.82,0.725,5.25,4.59,1.23,3.69,2.05,0.85,0.67,0.59,1,1.13,neutral,neutral,0,-0.165,32,1506,0,
s6597,JUPUSDT,1781261100000,train,1,4.25,0.654,5.34,4.14,1.05,3.12,1.2,1.03,0.75,0.83,0,1.13,neutral,neutral,0,-0.101,32,1506,0,
s6598,PENDLEUSDT,1781261100000,train,1,2.07,0.537,2.86,2.01,0.96,0.94,0.49,0.54,0.51,0.53,0,1.13,neutral,neutral,0,-1.0,11,1506,0,
s6599,ONDOUSDT,1781261100000,train,1,3.09,0.55,3.52,3.0,1.13,1.97,1.28,0.49,0.41,0.48,0,1.13,neutral,alcista,0,-0.618,32,1505,2,
s6600,FETUSDT,1781261100000,train,1,2.08,0.429,3.45,2.09,1.8,0.95,0.33,0.61,0.48,0.6,0,1.13,neutral,neutral,0,-1.0,11,1505,0,
s6601,ARUSDT,1781261100000,testB,1,2.79,0.464,3.91,2.77,1.5,1.66,0.85,0.37,0.31,0.33,0,1.13,neutral,neutral,0,-1.0,11,1505,0,
s6602,SANDUSDT,1781261100000,testB,1,2.05,0.654,2.71,2.16,1.07,0.92,0.52,0.48,0.53,0.68,0,1.13,neutral,neutral,0,-1.0,29,1505,0,
s6603,PUMPUSDT,1781262000000,train,1,3.82,0.505,3.88,3.68,0.88,2.49,1.45,0.47,0.4,0.48,0,1.33,neutral,alcista,0,0.855,32,1507,3,
s6604,ARBUSDT,1781262000000,train,1,2.74,0.449,3.71,2.75,1.23,1.41,0.76,0.63,0.49,1.05,0,1.33,neutral,neutral,0,-1.0,10,1507,1,
s6605,OPUSDT,1781262000000,train,1,5.46,0.531,5.47,5.27,1.43,4.13,2.57,1.0,0.72,0.77,0,1.33,neutral,alcista,0,0.094,32,1507,3,
s6606,TIAUSDT,1781262000000,train,1,2.77,0.454,3.95,2.79,0.71,1.44,0.84,0.59,0.46,0.59,0,1.33,neutral,neutral,0,0.374,32,1507,1,
s6607,SEIUSDT,1781262000000,train,1,5.6,0.754,5.48,5.36,1.32,4.27,2.68,0.96,0.73,0.62,1,1.33,neutral,neutral,0,-0.19,32,1507,1,
s6608,JUPUSDT,1781262000000,train,1,3.78,0.629,4.9,4.12,1.15,2.45,1.48,1.12,0.78,0.84,0,1.33,neutral,neutral,0,-0.072,32,1507,1,
s6609,PENDLEUSDT,1781262000000,train,1,2.01,0.531,2.8,2.11,0.82,0.69,0.64,0.47,0.51,0.53,0,1.33,neutral,neutral,0,-1.0,10,1507,1,
s6610,ONDOUSDT,1781262000000,train,1,2.91,0.536,3.35,3.02,0.96,1.59,1.39,0.49,0.42,0.48,0,1.33,neutral,alcista,0,-1.0,10,1506,3,
s6611,FETUSDT,1781262000000,train,1,2.07,0.429,3.44,2.4,1.54,0.75,0.61,0.6,0.48,0.59,0,1.33,neutral,neutral,0,-1.0,10,1506,1,
s6612,ARUSDT,1781262000000,testB,1,3.11,0.492,3.9,3.07,0.89,1.78,1.11,0.34,0.31,0.33,0,1.33,neutral,neutral,0,-1.0,10,1506,1,
s6613,STXUSDT,1781262000000,testB,1,2.39,0.453,3.05,2.34,0.67,1.07,0.62,0.52,0.44,0.49,0,1.33,neutral,neutral,0,-1.0,28,1506,1,
s6614,PUMPUSDT,1781262900000,train,1,2.55,0.366,3.29,2.75,0.77,1.28,1.11,0.47,0.4,0.48,0,1.27,neutral,neutral,0,-1.0,9,1508,0,
s6615,ARBUSDT,1781262900000,train,1,2.76,0.451,3.47,2.73,1.02,1.49,0.96,0.63,0.49,1.05,0,1.27,neutral,alcista,0,-1.0,9,1508,2,
s6616,OPUSDT,1781262900000,train,1,5.04,0.471,5.59,4.8,1.05,3.77,1.98,1.0,0.72,0.77,0,1.27,neutral,neutral,0,0.042,32,1508,0,
s6617,TIAUSDT,1781262900000,train,1,2.8,0.456,3.94,2.91,0.5,1.53,0.92,0.59,0.46,0.59,0,1.27,neutral,alcista,0,0.158,32,1508,2,
s6618,SEIUSDT,1781262900000,train,1,5.26,0.743,5.3,5.15,1.22,3.99,2.52,0.96,0.73,0.62,1,1.27,neutral,alcista,0,-0.213,32,1508,2,
s6619,JUPUSDT,1781262900000,train,1,3.78,0.629,4.89,4.18,0.77,2.51,1.42,1.12,0.78,0.84,0,1.27,neutral,alcista,0,-0.071,32,1508,2,
s6620,PENDLEUSDT,1781262900000,train,1,2.11,0.544,2.73,2.33,0.68,0.85,0.92,0.47,0.51,0.53,0,1.27,neutral,alcista,0,-1.0,9,1508,2,
s6621,ONDOUSDT,1781262900000,train,1,2.43,0.433,3.36,2.7,0.81,1.17,0.95,0.49,0.42,0.48,0,1.27,neutral,neutral,0,-1.0,9,1507,0,
s6622,ARUSDT,1781262900000,testB,1,2.95,0.478,3.75,2.91,0.66,1.68,1.05,0.34,0.31,0.33,0,1.27,neutral,neutral,0,-1.0,9,1507,0,
s6623,ARBUSDT,1781263800000,train,1,2.51,0.407,3.38,2.49,0.62,1.35,0.74,0.63,0.49,1.05,0,1.17,neutral,neutral,0,-1.0,8,1509,0,
s6624,OPUSDT,1781263800000,train,1,4.08,0.364,5.63,4.12,1.02,2.92,1.17,1.0,0.72,0.77,0,1.17,neutral,neutral,0,0.366,32,1509,0,
s6625,TIAUSDT,1781263800000,train,1,2.61,0.413,3.89,2.61,0.44,1.44,0.63,0.59,0.46,0.59,0,1.17,neutral,neutral,0,0.235,32,1509,0,
s6626,SEIUSDT,1781263800000,train,1,5.42,0.766,5.3,5.22,1.14,4.26,2.34,0.96,0.73,0.62,1,1.17,neutral,alcista,0,-0.191,32,1509,3,
s6627,JUPUSDT,1781263800000,train,1,3.72,0.612,4.91,3.89,0.74,2.56,1.04,1.12,0.78,0.84,0,1.17,neutral,neutral,0,-0.046,32,1509,0,
s6628,ONDOUSDT,1781263800000,train,1,2.04,0.353,3.37,2.44,0.92,0.87,0.62,0.49,0.42,0.48,0,1.17,neutral,neutral,0,-1.0,8,1508,0,
s6629,ARUSDT,1781263800000,testB,1,2.35,0.379,3.65,2.51,0.53,1.18,0.71,0.34,0.31,0.33,0,1.17,neutral,neutral,0,-1.0,8,1508,0,
s6630,ARBUSDT,1781264700000,train,1,2.11,0.358,3.01,2.06,0.49,1.06,0.59,0.63,0.49,1.05,0,1.05,neutral,neutral,0,-1.0,7,1510,0,
s6631,OPUSDT,1781264700000,train,1,4.07,0.364,5.12,3.91,0.92,3.02,1.29,1.0,0.72,0.77,0,1.05,neutral,neutral,0,0.179,32,1510,1,
s6632,TIAUSDT,1781264700000,train,1,2.13,0.358,3.5,2.15,0.44,1.08,0.49,0.59,0.46,0.59,0,1.05,neutral,neutral,1,2.0,4,1510,0,
s6633,SEIUSDT,1781264700000,train,1,5.51,0.769,5.42,5.24,1.11,4.46,2.4,0.96,0.73,0.62,1,1.05,neutral,alcista,0,-0.179,32,1510,4,
s6634,JUPUSDT,1781264700000,train,1,2.41,0.358,4.35,2.36,0.79,1.36,-0.05,1.12,0.78,0.84,0,1.05,neutral,neutral,0,0.308,32,1510,0,
s6635,ONDOUSDT,1781264700000,train,1,2.43,0.412,3.17,2.49,0.87,1.38,0.73,0.49,0.42,0.48,0,1.05,neutral,neutral,0,-1.0,7,1509,1,
s6636,ARBUSDT,1781265600000,train,1,2.06,0.354,2.74,2.02,0.55,1.54,0.71,0.64,0.49,1.02,0,0.53,neutral,neutral,0,-1.0,6,1511,1,
s6637,OPUSDT,1781265600000,train,1,3.83,0.352,4.29,3.69,0.84,3.3,1.72,1.15,0.79,0.78,1,0.53,neutral,alcista,0,-1.0,6,1511,2,
s6638,SEIUSDT,1781265600000,train,1,6.11,0.788,6.0,5.81,1.56,5.58,3.4,1.33,0.91,0.7,1,0.53,neutral,alcista,0,-0.292,32,1511,5,
s6639,ONDOUSDT,1781265600000,train,1,2.79,0.446,2.96,2.77,0.91,2.26,1.34,0.48,0.43,0.47,0,0.53,neutral,alcista,0,-1.0,6,1510,2,
s6640,WLDUSDT,1781266500000,train,-1,-3.53,0.516,5.83,4.52,1.6,-3.43,1.54,0.43,0.39,0.41,0,-0.1,neutral,neutral,0,0.449,32,1512,1,
s6641,SEIUSDT,1781266500000,train,1,3.8,0.439,5.86,3.99,2.13,3.9,1.66,1.33,0.91,0.7,1,-0.1,neutral,neutral,0,-0.168,32,1512,0,
s6642,WLDUSDT,1781267400000,train,-1,-2.57,0.375,5.41,3.6,1.13,-2.64,0.85,0.43,0.39,0.41,0,0.06,neutral,neutral,0,0.723,32,1513,0,
s6643,ENAUSDT,1781267400000,train,1,3.45,0.371,4.21,3.6,3.57,3.39,2.21,0.75,0.58,0.53,1,0.06,neutral,alcista,0,-1.0,13,1513,3,
s6644,SEIUSDT,1781267400000,train,1,3.41,0.376,5.9,3.39,2.49,3.35,0.9,1.33,0.91,0.7,1,0.06,neutral,neutral,0,-0.063,32,1513,0,
s6645,WLDUSDT,1781268300000,train,-1,-2.75,0.412,5.4,3.38,1.12,-2.74,0.41,0.43,0.39,0.41,0,-0.01,neutral,neutral,0,1.043,32,1514,0,
s6646,TIAUSDT,1781268300000,train,1,3.61,0.462,5.18,4.02,3.08,3.62,2.89,0.83,0.59,0.62,0,-0.01,neutral,alcista,0,-0.726,32,1514,2,
s6647,WLDUSDT,1781269200000,train,-1,-3.74,0.487,5.15,4.75,0.73,-3.61,2.16,0.49,0.42,0.41,1,-0.13,neutral,neutral,0,0.462,32,1515,1,
s6648,ENAUSDT,1781269200000,train,1,3.35,0.398,5.58,3.27,5,3.48,1.52,0.98,0.76,0.6,1,-0.13,neutral,neutral,0,-1.0,11,1515,0,
s6649,WLDUSDT,1781270100000,train,-1,-3.38,0.423,4.65,3.56,0.8,-2.83,1.28,0.49,0.42,0.41,1,-0.56,neutral,neutral,0,0.682,32,1516,0,
s6650,INJUSDT,1781270100000,train,-1,-2.2,0.401,3.81,3.28,1.29,-1.64,1.16,0.75,0.78,0.7,0,-0.56,neutral,bajista,0,0.92,32,1516,5,
s6651,PUMPUSDT,1781271000000,train,-1,-2.41,0.375,3.64,2.96,2.28,-1.25,1.6,0.5,0.46,0.46,1,-1.17,neutral,bajista,0,-1.0,5,1517,6,
s6652,WLDUSDT,1781271000000,train,-1,-3.92,0.458,5.37,4.38,1.02,-2.75,1.98,0.49,0.42,0.41,1,-1.17,neutral,neutral,0,0.415,32,1517,1,
s6653,ARBUSDT,1781271000000,train,-1,-2.56,0.444,3.93,3.21,2.23,-1.39,1.78,0.83,0.58,1.05,0,-1.17,neutral,bajista,0,-1.0,5,1517,3,
s6654,INJUSDT,1781271000000,train,-1,-4.48,0.659,5.94,5.25,2.83,-3.31,2.73,0.75,0.78,0.7,0,-1.17,neutral,bajista,0,0.223,32,1517,6,
s6655,FETUSDT,1781271000000,train,-1,-2.54,0.671,3.72,3.08,1.31,-1.37,1.36,0.73,0.58,0.59,0,-1.17,neutral,neutral,0,-1.0,6,1516,1,
s6656,ARUSDT,1781271000000,testB,-1,-2.6,0.463,4.28,3.64,1.65,-1.44,1.69,0.39,0.33,0.32,1,-1.17,neutral,bajista,0,-0.221,32,1516,3,
s6657,STXUSDT,1781271000000,testB,-1,-2.05,0.613,2.54,2.21,1.27,-0.89,1.01,0.47,0.42,0.47,0,-1.17,neutral,bajista,0,-1.0,5,1516,3,
s6658,GRTUSDT,1781271000000,testB,-1,-2.11,0.538,2.67,2.31,2.32,-0.94,1.3,0.61,0.64,0.68,0,-1.17,neutral,bajista,0,-1.0,29,1516,3,
s6659,LDOUSDT,1781271000000,testB,-1,-2.32,0.633,2.87,2.53,1.39,-1.15,1.22,0.63,0.48,0.63,0,-1.17,neutral,bajista,0,-0.227,32,1516,3,
s6660,WLDUSDT,1781271900000,train,-1,-4.46,0.49,6.02,4.89,1.47,-3.63,2.54,0.49,0.42,0.41,1,-0.83,neutral,bajista,0,0.31,32,1518,2,
s6661,INJUSDT,1781271900000,train,-1,-3.98,0.547,5.91,4.67,3.37,-3.15,1.94,0.75,0.78,0.7,0,-0.83,neutral,neutral,0,0.52,32,1518,0,
s6662,FETUSDT,1781271900000,train,-1,-2.29,0.647,3.83,3.08,1.5,-1.46,1.23,0.73,0.58,0.59,0,-0.83,neutral,neutral,0,-1.0,5,1517,0,
s6663,INJUSDT,1781272800000,train,-1,-3.86,0.536,5.54,4.28,3.28,-3.35,1.84,0.79,0.76,0.71,1,-0.51,neutral,neutral,0,0.478,32,1519,0,
s6664,ARUSDT,1781272800000,testB,-1,-2.07,0.408,4.24,2.65,1.45,-1.57,0.65,0.44,0.36,0.33,1,-0.51,neutral,neutral,0,0.1,32,1518,0,
s6665,INJUSDT,1781273700000,train,-1,-2.71,0.399,4.92,3.3,2.88,-2.74,1.41,0.79,0.76,0.71,1,0.03,neutral,neutral,0,0.647,32,1520,0,
s6666,INJUSDT,1781274600000,train,-1,-3.38,0.491,4.94,3.73,1.09,-3.11,1.65,0.79,0.76,0.71,1,-0.27,neutral,neutral,0,0.6,32,1521,1,
s6667,INJUSDT,1781280000000,train,-1,-4.2,0.363,6.64,4.68,1.65,-4.56,2.24,1.08,0.85,0.78,1,0.36,neutral,neutral,0,0.245,32,1527,0,
s6668,INJUSDT,1781280900000,train,-1,-4.17,0.36,6.11,4.73,1.55,-4.86,2.51,1.08,0.85,0.78,1,0.69,neutral,neutral,0,0.19,32,1528,1,
s6669,PUMPUSDT,1781283600000,train,1,4.14,0.374,6.51,5.86,0.68,3.48,2.23,0.83,0.63,0.49,1,0.66,neutral,alcista,0,-0.167,32,1531,5,
s6670,PUMPUSDT,1781284500000,train,1,4.55,0.411,6.5,6.05,0.67,3.9,2.23,0.83,0.63,0.49,1,0.65,neutral,alcista,0,-0.172,32,1532,6,
s6671,PUMPUSDT,1781285400000,train,1,5.29,0.503,6.27,5.42,0.7,4.2,1.7,0.83,0.63,0.49,1,1.09,neutral,neutral,0,-0.12,32,1533,0,
s6672,FETUSDT,1781289900000,train,-1,-2.48,0.353,3.71,3.29,0.52,-2.0,0.69,0.95,0.76,0.58,1,-0.48,neutral,neutral,0,0.484,32,1537,1,
s6673,STXUSDT,1781289900000,testB,-1,-3.03,0.475,4.24,3.91,0.77,-2.55,1.05,0.68,0.55,0.47,1,-0.48,neutral,neutral,0,-0.171,32,1537,1,
s6674,SANDUSDT,1781289900000,testB,-1,-2.0,0.363,3.03,2.6,0.48,-1.52,0.56,0.62,0.5,0.51,0,-0.48,neutral,neutral,0,0.022,32,1537,1,
s6675,INJUSDT,1781290800000,train,-1,-3.72,0.407,5.81,3.97,0.63,-2.69,0.47,0.95,0.83,0.73,1,-1.03,neutral,neutral,0,0.201,32,1539,0,
s6676,SUIUSDT,1781290800000,train,-1,-2.26,0.364,3.46,2.46,0.24,-1.23,0.25,0.88,0.72,0.55,1,-1.03,neutral,neutral,0,-0.011,32,1539,0,
s6677,STXUSDT,1781290800000,testB,-1,-3.76,0.66,4.25,3.97,0.46,-2.73,1.04,0.66,0.54,0.48,1,-1.03,neutral,bajista,0,-0.197,32,1538,2,
s6678,SANDUSDT,1781290800000,testB,-1,-2.29,0.442,3.02,2.41,0.32,-1.26,0.38,0.6,0.49,0.5,0,-1.03,neutral,neutral,0,0.216,32,1538,0,
s6679,STXUSDT,1781291700000,testB,-1,-2.72,0.568,3.29,2.96,0.53,-2.09,0.93,0.66,0.54,0.48,1,-0.62,neutral,neutral,0,-0.113,32,1539,0,
s6680,STXUSDT,1781292600000,testB,-1,-2.19,0.513,2.68,2.29,0.72,-1.78,0.99,0.66,0.54,0.48,1,-0.4,neutral,neutral,0,-0.146,32,1540,1,
s6681,JUPUSDT,1781294400000,train,-1,-2.34,0.444,3.84,3.24,0.55,-1.98,0.89,1.06,1.11,0.83,0,-0.36,neutral,neutral,0,-0.333,32,1543,0,
s6682,JUPUSDT,1781295300000,train,-1,-2.51,0.494,3.83,3.05,0.63,-1.93,0.62,1.06,1.11,0.83,0,-0.58,neutral,neutral,0,-0.275,32,1544,0,
s6683,JUPUSDT,1781296200000,train,-1,-2.22,0.442,3.83,2.93,0.49,-1.72,0.29,1.06,1.11,0.83,0,-0.5,neutral,neutral,0,-0.592,32,1545,0,
s6684,ONDOUSDT,1781296200000,train,-1,-2.14,0.375,3.56,3.36,1.31,-1.63,0.83,0.91,0.71,0.53,1,-0.5,neutral,bajista,0,0.033,32,1544,2,
s6685,STBLUSDT,1781297100000,train,-1,-2.09,0.505,2.94,2.31,3.67,-1.26,0.94,0.48,0.48,0.4,1,-0.83,neutral,bajista,0,-1.0,19,1546,2,
s6686,JUPUSDT,1781297100000,train,-1,-2.92,0.568,3.72,3.24,0.55,-2.08,0.78,1.06,1.11,0.83,0,-0.83,neutral,neutral,0,-0.5,32,1546,1,
s6687,ONDOUSDT,1781297100000,train,-1,-3.48,0.627,4.57,4.03,2.55,-2.65,1.45,0.91,0.71,0.53,1,-0.83,neutral,bajista,0,0.014,32,1545,3,
s6688,ONDOUSDT,1781298000000,train,-1,-3.01,0.591,3.8,3.24,3.01,-2.54,1.35,0.9,0.76,0.55,1,-0.47,neutral,bajista,0,-0.017,32,1546,4,
s6689,ONDOUSDT,1781298900000,train,-1,-2.5,0.497,3.52,2.73,3.78,-2.01,1.08,0.9,0.76,0.55,1,-0.48,neutral,neutral,0,0.155,32,1547,0,
s6690,ONDOUSDT,1781299800000,train,-1,-2.04,0.42,3.06,2.13,3.26,-1.59,0.95,0.9,0.76,0.55,1,-0.45,neutral,neutral,0,0.25,32,1548,0,
s6691,XPLUSDT,1781300700000,train,-1,-5.05,0.361,8.53,6.12,0.44,-4.44,1.29,3.27,4.63,4.67,0,-0.61,neutral,neutral,0,0.109,32,1550,1,
s6692,ONDOUSDT,1781300700000,train,-1,-2.21,0.44,3.11,2.86,1.31,-1.61,1.42,0.9,0.76,0.55,1,-0.61,neutral,neutral,0,-0.188,32,1549,1,
s6693,XPLUSDT,1781301600000,train,-1,-4.94,0.355,8.56,6.5,0.4,-4.47,1.61,2.73,4.15,4.6,0,-0.47,neutral,bajista,0,0.087,32,1551,2,
s6694,XPLUSDT,1781302500000,train,-1,-5.46,0.414,8.42,5.91,0.31,-5.18,1.05,2.73,4.15,4.6,0,-0.28,neutral,neutral,0,0.016,32,1552,0,
s6695,ONDOUSDT,1781303400000,train,-1,-2.29,0.444,3.01,2.4,0.24,-1.73,0.68,0.8,0.74,0.55,1,-0.56,neutral,bajista,0,0.047,32,1552,2,
s6696,FETUSDT,1781303400000,train,-1,-2.0,0.422,2.53,2.42,1.22,-1.44,1.09,0.4,0.67,0.54,0,-0.56,neutral,neutral,0,-0.156,32,1552,1,
s6697,PUMPUSDT,1781305200000,train,-1,-2.66,0.451,4.2,3.33,0.27,-2.28,0.79,0.89,0.85,0.59,1,-0.38,neutral,neutral,0,-0.68,32,1555,1,
s6698,TIAUSDT,1781305200000,train,-1,-2.48,0.577,3.14,2.67,1.6,-2.11,0.95,0.7,0.98,0.69,0,-0.38,neutral,bajista,0,-1.0,30,1555,3,
s6699,ONDOUSDT,1781305200000,train,-1,-2.02,0.471,2.83,2.57,0.21,-1.65,0.87,0.74,0.75,0.55,0,-0.38,neutral,bajista,0,-0.462,32,1554,4,
s6700,FETUSDT,1781305200000,train,-1,-2.42,0.605,3.35,2.92,1.43,-2.05,1.3,0.39,0.69,0.55,0,-0.38,neutral,bajista,0,-0.481,32,1554,3,
s6701,PUMPUSDT,1781306100000,train,-1,-2.8,0.462,4.22,3.82,0.42,-2.36,1.13,0.89,0.85,0.59,1,-0.43,neutral,bajista,0,-1.0,32,1556,2,
s6702,TIAUSDT,1781306100000,train,-1,-2.28,0.556,3.15,2.93,1.45,-1.85,1.12,0.7,0.98,0.69,0,-0.43,neutral,bajista,0,-1.0,29,1556,4,
s6703,PENDLEUSDT,1781306100000,train,-1,-2.1,0.518,2.95,2.72,0.76,-1.67,1.11,0.63,0.75,0.6,0,-0.43,neutral,neutral,0,-1.0,30,1556,1,
s6704,FETUSDT,1781306100000,train,-1,-2.11,0.526,3.34,2.75,1.44,-1.68,1.09,0.39,0.69,0.55,0,-0.43,neutral,neutral,0,-0.863,32,1555,0,
s6705,PUMPUSDT,1781307000000,train,-1,-2.79,0.462,3.81,3.21,0.52,-2.57,1.01,0.89,0.85,0.59,1,-0.22,neutral,neutral,0,-1.0,29,1557,0,
s6706,ENAUSDT,1781307000000,train,-1,-2.12,0.53,3.19,2.9,1.11,-1.91,1.06,0.28,0.79,0.59,0,-0.22,neutral,bajista,0,-1.0,31,1557,3,
s6707,TIAUSDT,1781307000000,train,-1,-2.16,0.534,2.68,2.43,1.27,-1.95,1.07,0.7,0.98,0.69,0,-0.22,neutral,neutral,0,-1.0,21,1557,0,
s6708,ONDOUSDT,1781307000000,train,-1,-2.17,0.52,2.44,2.36,0.36,-1.95,1.05,0.74,0.75,0.55,0,-0.22,neutral,bajista,0,-1.0,31,1556,6,
s6709,INJUSDT,1781308800000,train,-1,-2.0,0.505,2.55,2.1,1.33,-1.94,0.52,0.43,0.81,0.7,0,-0.06,neutral,neutral,0,-1.0,29,1559,0,
s6710,WLDUSDT,1781309700000,train,-1,-2.07,0.372,3.71,2.48,0.79,-2.07,0.59,0.23,0.38,0.37,0,0.0,neutral,neutral,0,-1.0,2,1560,0,
s6711,INJUSDT,1781309700000,train,-1,-2.16,0.523,2.54,2.42,1.42,-2.16,0.75,0.43,0.81,0.7,0,0.0,neutral,neutral,0,-1.0,28,1560,1,
s6712,FETUSDT,1781309700000,train,-1,-2.48,0.627,2.97,2.7,1.17,-2.48,1.01,0.39,0.66,0.56,0,0.0,neutral,neutral,0,-1.0,28,1559,1,
s6713,ARUSDT,1781311500000,testB,1,2.02,0.396,2.91,2.65,2.45,1.77,1.38,0.29,0.4,0.32,0,0.25,neutral,alcista,0,1.196,32,1561,2,
s6714,WLDUSDT,1781312400000,train,1,3.02,0.354,5.09,5.07,1.92,2.94,2.81,0.28,0.36,0.38,0,0.08,neutral,alcista,0,0.442,32,1563,6,
s6715,SEIUSDT,1781312400000,train,1,2.24,0.385,3.27,3.23,1.14,2.16,1.6,0.78,0.86,0.92,0,0.08,neutral,alcista,0,1.012,32,1563,2,
s6716,ARUSDT,1781312400000,testB,1,2.38,0.437,3.31,3.21,2.14,2.3,1.74,0.36,0.41,0.34,0,0.08,neutral,alcista,0,1.048,32,1562,3,
s6717,SEIUSDT,1781313300000,train,1,2.43,0.405,3.57,3.51,1.16,2.2,1.73,0.78,0.86,0.92,0,0.23,neutral,alcista,0,0.8,32,1564,3,
s6718,ARUSDT,1781313300000,testB,1,2.6,0.476,3.31,3.31,2.67,2.37,1.7,0.36,0.41,0.34,0,0.23,neutral,alcista,0,1.188,32,1563,4,
s6719,WLDUSDT,1781314200000,train,1,2.91,0.358,6.34,5.17,2.29,2.57,2.48,0.28,0.36,0.38,0,0.34,neutral,neutral,0,0.372,32,1565,0,
s6720,SEIUSDT,1781314200000,train,1,2.94,0.482,4.07,3.78,1.16,2.6,1.9,0.78,0.86,0.92,0,0.34,neutral,alcista,0,0.645,32,1565,4,
s6721,ARUSDT,1781314200000,testB,1,2.6,0.476,3.52,3.26,2.51,2.26,1.54,0.36,0.41,0.34,0,0.34,neutral,neutral,0,1.175,32,1564,0,
s6722,PUMPUSDT,1781315100000,train,1,2.0,0.469,2.68,2.42,0.87,1.45,0.98,0.55,0.83,0.61,0,0.55,neutral,alcista,0,0.378,32,1566,6,
s6723,STBLUSDT,1781315100000,train,1,2.56,0.656,2.98,2.94,1.07,2.0,1.48,0.45,0.43,0.41,1,0.55,neutral,alcista,0,-1.0,16,1566,2,
s6724,WLDUSDT,1781315100000,train,1,3.14,0.395,6.37,4.79,1.85,2.59,1.91,0.28,0.36,0.38,0,0.55,neutral,neutral,0,0.518,32,1566,0,
s6725,SEIUSDT,1781315100000,train,1,3.62,0.64,4.06,3.87,1.22,3.07,1.81,0.78,0.86,0.92,0,0.55,neutral,alcista,0,0.688,32,1566,5,
s6726,JUPUSDT,1781315100000,train,1,3.14,0.553,3.4,3.28,1.94,2.59,2.02,0.57,0.88,0.85,0,0.55,neutral,alcista,0,0.464,32,1566,4,
s6727,ARUSDT,1781315100000,testB,1,3.15,0.634,3.41,3.05,2.33,2.6,1.31,0.36,0.41,0.34,0,0.55,neutral,neutral,0,1.0,32,1565,0,
s6728,STBLUSDT,1781316000000,train,1,2.09,0.5,3.08,2.59,1.12,1.66,1.01,0.37,0.42,0.42,0,0.43,neutral,neutral,0,-1.0,15,1567,0,
s6729,0GUSDT,1781316000000,train,1,2.76,0.449,4.34,3.87,4.08,2.33,2.81,1.21,0.88,0.63,1,0.43,neutral,neutral,0,0.33,32,1567,1,
s6730,WLDUSDT,1781316000000,train,1,2.99,0.385,6.33,5.25,1.42,2.56,2.1,0.29,0.35,0.38,0,0.43,neutral,neutral,0,0.414,32,1567,1,
s6731,SEIUSDT,1781316000000,train,1,3.87,0.656,4.31,4.22,1.4,3.44,1.95,0.86,0.83,0.95,0,0.43,neutral,alcista,0,0.625,32,1567,6,
s6732,JUPUSDT,1781316000000,train,1,2.53,0.447,3.59,3.0,2.13,2.1,1.57,0.61,0.83,0.87,0,0.43,neutral,neutral,0,0.412,32,1567,0,
s6733,ARUSDT,1781316000000,testB,1,2.34,0.489,3.37,2.7,1.79,1.9,0.92,0.43,0.41,0.35,1,0.43,neutral,neutral,0,1.404,32,1566,0,
s6734,0GUSDT,1781316900000,train,1,4.09,0.59,5.59,4.83,5,3.91,3.42,1.21,0.88,0.63,1,0.18,neutral,alcista,0,-0.028,32,1568,2,
s6735,WLDUSDT,1781316900000,train,1,3.6,0.429,6.3,5.82,1.25,3.42,2.49,0.29,0.35,0.38,0,0.18,neutral,alcista,0,0.364,32,1568,2,
s6736,SEIUSDT,1781316900000,train,1,2.67,0.427,4.34,3.49,1.33,2.49,1.1,0.86,0.83,0.95,0,0.18,neutral,neutral,0,0.946,32,1568,0,
s6737,0GUSDT,1781317800000,train,1,4.2,0.614,5.59,4.76,5,4.03,3.07,1.21,0.88,0.63,1,0.17,neutral,neutral,0,-0.084,32,1569,0,
s6738,WLDUSDT,1781317800000,train,1,4.1,0.515,6.32,5.48,0.85,3.93,2.01,0.29,0.35,0.38,0,0.17,neutral,neutral,0,0.354,32,1569,0,
s6739,SEIUSDT,1781317800000,train,1,3.89,0.557,4.7,4.38,1.58,3.71,1.92,0.86,0.83,0.95,0,0.17,neutral,neutral,0,0.614,32,1569,1,
s6740,JUPUSDT,1781317800000,train,1,2.05,0.354,3.61,2.42,1.69,1.88,0.88,0.61,0.83,0.87,0,0.17,neutral,neutral,0,0.756,32,1569,0,
s6741,0GUSDT,1781318700000,train,1,4.69,0.659,5.57,5.11,5,4.49,3.04,1.21,0.88,0.63,1,0.2,neutral,neutral,0,-0.201,32,1570,1,
s6742,WLDUSDT,1781318700000,train,1,3.53,0.428,6.35,5.09,0.79,3.33,1.34,0.29,0.35,0.38,0,0.2,neutral,neutral,0,0.539,32,1570,0,
s6743,SEIUSDT,1781318700000,train,1,4.04,0.589,4.71,4.18,1.68,3.83,1.53,0.86,0.83,0.95,0,0.2,neutral,neutral,0,0.73,32,1570,0,
s6744,JUPUSDT,1781318700000,train,1,2.05,0.354,3.61,2.48,1.02,1.85,0.81,0.61,0.83,0.87,0,0.2,neutral,neutral,0,0.714,32,1570,1,
s6745,0GUSDT,1781319600000,train,1,4.98,0.711,5.64,5.17,3.21,4.68,2.84,2.19,1.32,0.86,1,0.29,neutral,alcista,0,0.038,32,1571,2,
s6746,WLDUSDT,1781319600000,train,1,4.13,0.532,6.36,4.91,0.74,3.84,1.04,0.29,0.3,0.37,0,0.29,neutral,neutral,0,0.526,32,1571,0,
s6747,SEIUSDT,1781319600000,train,1,3.37,0.457,4.73,3.64,1.53,3.07,0.81,1.03,0.85,0.99,0,0.29,neutral,neutral,0,1.047,32,1571,0,
s6748,JUPUSDT,1781319600000,train,1,2.05,0.354,3.48,2.42,0.97,1.76,0.76,0.64,0.71,0.87,0,0.29,neutral,alcista,0,0.854,32,1571,2,
s6749,0GUSDT,1781320500000,train,1,5.44,0.772,6.19,5.39,4.66,5.35,2.8,2.19,1.32,0.86,1,0.09,neutral,alcista,0,-0.031,32,1572,3,
s6750,WLDUSDT,1781320500000,train,1,4.82,0.601,6.33,5.33,0.81,4.73,1.45,0.29,0.3,0.37,0,0.09,neutral,neutral,0,0.604,32,1572,1,
s6751,0GUSDT,1781321400000,train,1,6.68,0.849,6.82,6.29,3.82,6.68,3.43,2.19,1.32,0.86,1,-0.01,neutral,alcista,0,-0.198,32,1573,4,
s6752,WLDUSDT,1781321400000,train,1,4.49,0.538,6.35,4.95,0.82,4.5,0.93,0.29,0.3,0.37,0,-0.01,neutral,neutral,0,0.585,32,1573,0,
s6753,SEIUSDT,1781321400000,train,1,3.12,0.376,3.99,3.04,1.28,3.13,0.93,1.03,0.85,0.99,0,-0.01,neutral,neutral,0,1.273,32,1573,1,
s6754,0GUSDT,1781322300000,train,1,5.32,0.668,6.53,5.31,3.84,5.4,2.48,2.19,1.32,0.86,1,-0.08,neutral,neutral,0,-0.075,32,1574,0,
s6755,WLDUSDT,1781322300000,train,1,4.52,0.54,6.33,5.27,0.75,4.61,1.25,0.29,0.3,0.37,0,-0.08,neutral,neutral,0,0.504,32,1574,1,
s6756,SEIUSDT,1781322300000,train,1,2.82,0.354,3.49,3.21,1.41,2.9,1.43,1.03,0.85,0.99,0,-0.08,neutral,alcista,0,0.918,32,1574,2,
s6757,0GUSDT,1781323200000,train,1,5.21,0.664,6.53,5.31,3.39,5.33,2.27,2.75,1.59,0.99,1,-0.12,neutral,neutral,0,-0.118,32,1575,1,
s6758,WLDUSDT,1781323200000,train,1,3.82,0.426,5.51,3.81,0.89,3.94,0.59,0.35,0.29,0.38,0,-0.12,neutral,neutral,0,1.254,32,1575,0,
s6759,0GUSDT,1781324100000,train,1,3.58,0.377,6.64,3.72,1.59,3.57,0.55,2.75,1.59,0.99,1,0.01,neutral,neutral,0,0.306,32,1576,0,
s6760,SEIUSDT,1781324100000,train,1,3.07,0.383,3.61,3.41,1.5,3.06,1.91,1.31,0.93,1.05,0,0.01,neutral,alcista,0,0.448,32,1576,4,
s6761,SEIUSDT,1781325000000,train,1,4.22,0.494,4.25,4.16,1.88,4.18,2.31,1.31,0.93,1.05,0,0.04,neutral,alcista,0,0.102,32,1577,5,
s6762,AXSUSDT,1781325000000,testB,1,2.33,0.524,2.59,2.28,1.09,2.29,1.08,0.64,0.58,0.67,0,0.04,neutral,alcista,0,0.0,32,1576,2,
s6763,STBLUSDT,1781327700000,train,-1,-2.22,0.529,2.9,2.86,0.64,-2.07,1.04,0.33,0.35,0.42,0,-0.15,neutral,neutral,0,-1.0,13,1580,1,
s6764,FETUSDT,1781327700000,train,-1,-2.18,0.461,3.16,2.94,0.89,-2.04,0.8,0.47,0.42,0.58,0,-0.15,neutral,neutral,0,-1.0,8,1579,1,
s6765,XPLUSDT,1781328600000,train,-1,-3.44,0.356,5.54,4.15,1.33,-3.16,1.78,1.11,1.71,3.98,0,-0.28,neutral,neutral,0,-1.0,5,1581,0,
s6766,STBLUSDT,1781328600000,train,-1,-2.34,0.576,3.11,2.77,0.63,-2.06,0.89,0.33,0.35,0.42,0,-0.28,neutral,neutral,0,-1.0,12,1581,0,
s6767,FETUSDT,1781328600000,train,-1,-2.44,0.548,3.1,2.83,0.84,-2.16,0.76,0.47,0.42,0.58,0,-0.28,neutral,neutral,0,-1.0,5,1580,0,
s6768,STBLUSDT,1781329500000,train,-1,-2.33,0.576,3.26,2.51,0.81,-1.94,0.66,0.33,0.35,0.42,0,-0.39,neutral,neutral,0,-1.0,11,1582,0,
s6769,FETUSDT,1781329500000,train,-1,-2.38,0.529,2.98,2.5,0.87,-2.0,0.57,0.47,0.42,0.58,0,-0.39,neutral,neutral,0,-1.0,4,1581,0,
s6770,APEUSDT,1781329500000,testB,-1,-2.01,0.591,2.44,2.05,1.49,-1.62,0.62,0.45,0.4,0.49,0,-0.39,neutral,neutral,0,-1.0,15,1581,0,
s6771,0GUSDT,1781331300000,train,-1,-2.63,0.427,5.37,4.85,0.26,-2.57,1.05,2.9,1.68,1.04,1,-0.06,neutral,bajista,0,-0.43,32,1584,2,
s6772,OPUSDT,1781331300000,train,1,2.89,0.433,3.2,3.2,2.13,2.95,1.71,0.98,0.69,0.88,0,-0.06,neutral,alcista,1,2.0,9,1584,4,
s6773,0GUSDT,1781332200000,train,-1,-2.3,0.361,5.35,4.57,0.3,-2.38,0.69,2.9,1.68,1.04,1,0.08,neutral,neutral,0,-0.403,32,1585,0,
s6774,ENAUSDT,1781332200000,train,1,2.12,0.419,2.7,2.48,0.93,2.03,1.15,0.4,0.31,0.59,0,0.08,neutral,alcista,1,2.0,3,1585,2,
s6775,OPUSDT,1781332200000,train,1,2.89,0.433,6.0,3.48,4.69,2.8,1.83,0.98,0.69,0.88,0,0.08,neutral,alcista,1,2.0,30,1585,5,
s6776,ARUSDT,1781332200000,testB,1,3.04,0.414,3.66,3.4,1.28,2.95,1.61,0.66,0.45,0.4,1,0.08,neutral,alcista,0,0.687,32,1584,5,
s6777,ENAUSDT,1781333100000,train,1,2.9,0.498,3.57,3.38,1.91,2.76,1.97,0.4,0.31,0.59,0,0.15,neutral,alcista,1,2.0,24,1586,3,
s6778,OPUSDT,1781333100000,train,1,3.28,0.465,5.97,3.95,5,3.13,2.11,0.98,0.69,0.88,0,0.15,neutral,alcista,1,2.0,30,1586,6,
s6779,TIAUSDT,1781333100000,train,1,2.15,0.385,3.42,2.88,1.98,2.0,1.64,0.44,0.49,0.72,0,0.15,neutral,alcista,0,0.99,32,1586,3,
s6780,SEIUSDT,1781333100000,train,1,3.79,0.377,5.14,4.97,1.51,3.64,2.52,1.72,1.19,1.17,1,0.15,neutral,alcista,0,-0.252,32,1586,6,
s6781,JUPUSDT,1781333100000,train,1,2.54,0.374,4.09,3.4,2.32,2.39,1.96,0.87,0.67,0.92,0,0.15,neutral,alcista,0,0.017,32,1586,4,
s6782,ARUSDT,1781333100000,testB,1,3.24,0.431,4.4,3.8,1.71,3.09,1.87,0.66,0.45,0.4,1,0.15,neutral,alcista,0,0.787,32,1585,6,
s6783,0GUSDT,1781334000000,train,-1,-2.59,0.39,5.34,4.42,0.28,-2.69,0.89,2.92,1.71,1.04,1,0.1,neutral,neutral,0,-0.615,32,1587,1,
s6784,ENAUSDT,1781334000000,train,1,2.69,0.479,3.64,3.46,2.23,2.58,1.86,0.59,0.42,0.6,0,0.1,neutral,alcista,1,2.0,23,1587,4,
s6785,OPUSDT,1781334000000,train,1,3.87,0.506,5.92,4.68,5,3.76,2.66,1.28,0.83,0.95,0,0.1,neutral,alcista,0,0.776,32,1587,7,
s6786,SEIUSDT,1781334000000,train,1,4.6,0.472,5.43,5.18,1.61,4.5,2.58,2.09,1.4,1.27,1,0.1,neutral,alcista,0,-0.252,32,1587,7,
s6787,ARUSDT,1781334000000,testB,1,3.29,0.441,4.4,3.8,2.03,3.19,1.75,0.84,0.57,0.45,1,0.1,neutral,neutral,0,0.893,32,1586,0,
s6788,PUMPUSDT,1781334900000,train,1,2.51,0.463,3.03,2.84,1.36,2.09,1.53,0.48,0.5,0.63,0,0.42,neutral,neutral,0,0.318,32,1588,1,
s6789,ENAUSDT,1781334900000,train,1,6.46,0.735,7.69,6.25,5,6.03,4.91,0.59,0.42,0.6,0,0.42,neutral,alcista,0,0.77,32,1588,5,
s6790,ARBUSDT,1781334900000,train,1,2.18,0.475,2.67,2.41,3.31,1.76,1.58,0.38,0.34,0.56,0,0.42,neutral,neutral,0,0.42,32,1588,1,
s6791,OPUSDT,1781334900000,train,1,5.38,0.659,6.53,5.58,4.75,4.96,3.24,1.28,0.83,0.95,0,0.42,neutral,alcista,0,0.356,32,1588,8,
s6792,INJUSDT,1781334900000,train,1,5.58,0.453,7.95,6.97,3.43,5.15,5.16,0.96,0.68,0.74,0,0.42,neutral,neutral,0,-0.178,32,1588,1,
s6793,TIAUSDT,1781334900000,train,1,3.34,0.548,4.1,3.89,2.57,2.92,2.36,0.54,0.52,0.74,0,0.42,neutral,alcista,0,1.427,32,1588,5,
s6794,SEIUSDT,1781334900000,train,1,5.96,0.598,6.08,5.84,1.97,5.54,2.85,2.09,1.4,1.27,1,0.42,neutral,alcista,0,-0.326,32,1588,8,
s6795,JUPUSDT,1781334900000,train,1,3.33,0.5,4.08,3.45,2.46,2.9,1.89,0.95,0.74,0.94,0,0.42,neutral,neutral,0,0.067,32,1588,1,
s6796,ONDOUSDT,1781334900000,train,1,2.14,0.369,2.98,2.73,2.46,1.72,1.76,0.43,0.56,0.55,0,0.42,neutral,neutral,0,1.0,32,1587,1,
s6797,FETUSDT,1781334900000,train,1,2.82,0.473,3.63,3.42,2.35,2.39,2.07,0.62,0.49,0.6,0,0.42,neutral,neutral,1,2.0,20,1587,1,
s6798,ARUSDT,1781334900000,testB,1,5.09,0.595,5.39,4.94,3.04,4.66,2.89,0.84,0.57,0.45,1,0.42,neutral,neutral,0,0.515,32,1587,1,
s6799,STXUSDT,1781334900000,testB,1,2.23,0.476,3.05,2.94,1.56,1.8,1.74,0.46,0.42,0.47,0,0.42,neutral,alcista,0,0.611,32,1587,5,
s6800,PUMPUSDT,1781335800000,train,1,2.05,0.365,2.59,2.07,1.56,1.53,1.05,0.48,0.5,0.63,0,0.52,neutral,neutral,0,0.406,32,1589,0,
s6801,0GUSDT,1781335800000,train,-1,-3.24,0.535,5.15,3.73,0.27,-3.76,0.37,2.92,1.71,1.04,1,0.52,neutral,neutral,0,-0.582,32,1589,1,
s6802,ENAUSDT,1781335800000,train,1,4.84,0.512,7.66,5.11,5,4.32,3.38,0.59,0.42,0.6,0,0.52,neutral,neutral,0,0.952,32,1589,0,
s6803,OPUSDT,1781335800000,train,1,5.46,0.663,6.96,6.11,2.09,4.94,3.43,1.28,0.83,0.95,0,0.52,neutral,alcista,0,0.308,32,1589,8,
s6804,TIAUSDT,1781335800000,train,1,2.91,0.459,4.11,3.57,2.93,2.39,1.81,0.54,0.52,0.74,0,0.52,neutral,neutral,0,1.725,32,1589,0,
s6805,JUPUSDT,1781335800000,train,1,2.73,0.411,4.09,3.17,2.18,2.21,1.44,0.95,0.74,0.94,0,0.52,neutral,neutral,0,0.109,32,1589,0,
s6806,FETUSDT,1781335800000,train,1,2.6,0.421,3.75,3.07,2.51,2.09,1.57,0.62,0.49,0.6,0,0.52,neutral,neutral,1,2.0,18,1588,0,
s6807,ARUSDT,1781335800000,testB,1,3.92,0.434,5.39,4.13,3.47,3.4,1.84,0.84,0.57,0.45,1,0.52,neutral,neutral,0,0.841,32,1588,0,
s6808,STXUSDT,1781335800000,testB,1,2.28,0.494,3.05,2.94,2.16,1.77,1.56,0.46,0.42,0.47,0,0.52,neutral,neutral,0,0.5,32,1588,0,
s6809,0GUSDT,1781336700000,train,-1,-2.41,0.432,4.97,3.38,0.31,-2.93,0.19,2.92,1.71,1.04,1,0.52,neutral,neutral,0,-0.46,32,1590,0,
s6810,ENAUSDT,1781336700000,train,1,4.81,0.51,7.66,5.11,5,4.3,3.01,0.59,0.42,0.6,0,0.52,neutral,neutral,0,0.983,32,1590,0,
s6811,OPUSDT,1781336700000,train,1,5.17,0.605,7.0,5.58,1.75,4.66,2.55,1.28,0.83,0.95,0,0.52,neutral,neutral,0,0.322,32,1590,0,
s6812,TIAUSDT,1781336700000,train,1,2.73,0.418,4.12,3.37,1.98,2.21,1.42,0.54,0.52,0.74,0,0.52,neutral,neutral,1,2.0,30,1590,0,
s6813,JUPUSDT,1781336700000,train,1,2.54,0.394,4.09,3.17,1.71,2.02,1.29,0.95,0.74,0.94,0,0.52,neutral,neutral,0,-0.109,32,1590,1,
s6814,PENDLEUSDT,1781336700000,train,1,2.2,0.444,3.14,3.11,1.63,1.68,1.72,0.53,0.55,0.59,0,0.52,neutral,neutral,0,0.831,32,1590,1,
s6815,ONDOUSDT,1781336700000,train,1,2.79,0.425,3.53,3.4,3.12,2.27,2.06,0.43,0.56,0.55,0,0.52,neutral,neutral,0,0.532,32,1589,1,
s6816,FETUSDT,1781336700000,train,1,3.25,0.476,3.83,3.83,2.02,2.73,2.18,0.62,0.49,0.6,0,0.52,neutral,neutral,1,2.0,20,1589,1,
s6817,ARUSDT,1781336700000,testB,1,3.7,0.42,5.38,4.27,2.65,3.18,1.81,0.84,0.57,0.45,1,0.52,neutral,neutral,0,0.682,32,1589,1,
s6818,STXUSDT,1781336700000,testB,1,2.68,0.6,3.43,3.05,2.22,2.16,1.5,0.46,0.42,0.47,0,0.52,neutral,neutral,0,0.393,32,1589,1,
s6819,0GUSDT,1781337600000,train,-1,-2.34,0.415,4.09,2.43,0.32,-2.78,0.14,2.26,1.72,1.04,1,0.44,neutral,neutral,0,-1.0,7,1591,0,
s6820,ENAUSDT,1781337600000,train,1,5.07,0.551,7.66,5.1,5,4.63,2.74,0.55,0.44,0.6,0,0.44,neutral,neutral,0,0.947,32,1591,0,
s6821,ARBUSDT,1781337600000,train,1,2.08,0.434,2.72,2.37,2.16,1.64,1.2,0.41,0.34,0.54,0,0.44,neutral,alcista,0,0.03,32,1591,2,
s6822,OPUSDT,1781337600000,train,1,6.98,0.7,7.08,6.52,1.85,6.54,3.76,1.8,1.07,1.05,1,0.44,neutral,neutral,0,-0.014,32,1591,1,
s6823,TIAUSDT,1781337600000,train,1,2.89,0.452,3.83,2.96,1.83,2.45,1.22,0.59,0.53,0.74,0,0.44,neutral,neutral,1,2.0,29,1591,0,
s6824,JUPUSDT,1781337600000,train,1,2.91,0.476,4.09,3.17,1.71,2.47,1.25,1.04,0.81,0.94,0,0.44,neutral,neutral,0,-0.164,32,1591,0,
s6825,PENDLEUSDT,1781337600000,train,1,3.32,0.646,3.8,3.71,1.93,2.88,2.16,0.64,0.62,0.61,1,0.44,neutral,alcista,0,0.291,32,1591,2,
s6826,ONDOUSDT,1781337600000,train,1,2.68,0.401,3.55,2.97,2.97,2.24,1.53,0.47,0.46,0.55,0,0.44,neutral,neutral,0,0.454,32,1590,0,
s6827,FETUSDT,1781337600000,train,1,3.42,0.512,4.09,3.73,2.0,2.98,1.91,0.72,0.55,0.61,0,0.44,neutral,neutral,1,2.0,19,1590,0,
s6828,ARUSDT,1781337600000,testB,1,4.19,0.494,5.17,4.12,2.29,3.74,1.73,0.88,0.63,0.47,1,0.44,neutral,alcista,0,0.549,32,1590,2,
s6829,STXUSDT,1781337600000,testB,1,2.97,0.707,3.43,2.88,2.0,2.53,1.41,0.49,0.44,0.46,0,0.44,neutral,neutral,0,0.245,32,1590,0,
s6830,WLDUSDT,1781338500000,train,1,4.69,0.498,6.09,4.64,1.6,4.27,2.1,0.46,0.36,0.38,0,0.42,neutral,neutral,0,0.636,32,1592,1,
s6831,ENAUSDT,1781338500000,train,1,5.53,0.572,7.61,5.51,1.25,5.1,2.82,0.55,0.44,0.6,0,0.42,neutral,neutral,0,0.673,32,1592,1,
s6832,ARBUSDT,1781338500000,train,1,2.31,0.471,2.71,2.53,1.47,1.89,1.22,0.41,0.34,0.54,0,0.42,neutral,alcista,0,-0.175,32,1592,3,
s6833,OPUSDT,1781338500000,train,1,7.55,0.717,7.29,7.02,1.67,7.12,4.19,1.8,1.07,1.05,1,0.42,neutral,alcista,0,-0.237,32,1592,2,
s6834,TIAUSDT,1781338500000,train,1,2.62,0.392,3.81,2.52,1.62,2.19,0.7,0.59,0.53,0.74,0,0.42,neutral,neutral,1,2.0,27,1592,0,
s6835,JUPUSDT,1781338500000,train,1,3.8,0.552,4.23,3.95,1.4,3.38,1.82,1.04,0.81,0.94,0,0.42,neutral,neutral,0,-0.478,32,1592,1,
s6836,PENDLEUSDT,1781338500000,train,1,3.32,0.646,4.38,3.87,2.03,2.89,2.09,0.64,0.62,0.61,1,0.42,neutral,alcista,0,0.113,32,1592,3,
s6837,ONDOUSDT,1781338500000,train,1,2.48,0.373,3.55,2.89,2.19,2.06,1.28,0.47,0.46,0.55,0,0.42,neutral,neutral,0,0.171,32,1591,0,
s6838,FETUSDT,1781338500000,train,1,3.15,0.453,4.16,3.47,1.82,2.73,1.51,0.72,0.55,0.61,0,0.42,neutral,neutral,1,2.0,18,1591,0,
s6839,ARUSDT,1781338500000,testB,1,3.28,0.382,4.8,3.23,1.33,2.86,1.06,0.88,0.63,0.47,1,0.42,neutral,neutral,0,0.672,32,1591,0,
s6840,STXUSDT,1781338500000,testB,1,2.46,0.564,3.27,2.4,1.96,2.04,0.98,0.49,0.44,0.46,0,0.42,neutral,neutral,0,0.273,32,1591,0,
s6841,GRTUSDT,1781338500000,testB,1,2.09,0.441,2.55,2.3,1.49,1.67,0.94,0.83,0.78,0.7,1,0.42,neutral,alcista,0,-0.326,32,1591,2,
s6842,STBLUSDT,1781339400000,train,1,2.84,0.54,4.18,3.85,2.86,2.42,2.13,0.38,0.37,0.41,0,0.41,neutral,neutral,1,2.0,24,1593,1,
s6843,WLDUSDT,1781339400000,train,1,4.01,0.449,5.77,4.22,1.28,3.59,1.76,0.46,0.36,0.38,0,0.41,neutral,neutral,1,2.0,27,1593,0,
s6844,ENAUSDT,1781339400000,train,1,4.74,0.508,7.63,5.3,0.83,4.32,2.34,0.55,0.44,0.6,0,0.41,neutral,neutral,0,0.926,32,1593,0,
s6845,OPUSDT,1781339400000,train,1,7.59,0.72,8.15,7.6,1.71,7.17,4.59,1.8,1.07,1.05,1,0.41,neutral,alcista,0,-0.217,32,1593,3,
s6846,JUPUSDT,1781339400000,train,1,2.53,0.417,4.3,3.73,1.03,2.11,1.41,1.04,0.81,0.94,0,0.41,neutral,neutral,0,-0.323,32,1593,0,
s6847,PENDLEUSDT,1781339400000,train,1,2.86,0.566,4.62,3.69,2.02,2.45,1.7,0.64,0.62,0.61,1,0.41,neutral,neutral,0,0.293,32,1593,0,
s6848,LDOUSDT,1781339400000,testB,1,2.05,0.469,2.65,2.46,1.6,1.63,1.28,0.76,0.54,0.65,0,0.41,neutral,alcista,0,0.031,32,1592,2,
s6849,XPLUSDT,1781340300000,train,1,5.07,0.398,7.26,6.84,0.69,4.6,2.0,0.88,1.04,3.23,0,0.47,neutral,neutral,0,0.45,32,1594,1,
s6850,STBLUSDT,1781340300000,train,1,4.23,0.759,4.71,4.63,3.99,3.77,2.74,0.38,0.37,0.41,0,0.47,neutral,alcista,0,1.191,32,1594,2,
s6851,ENAUSDT,1781340300000,train,1,4.72,0.502,7.67,4.79,0.67,4.26,1.66,0.55,0.44,0.6,0,0.47,neutral,neutral,0,1.265,32,1594,0,
s6852,ARBUSDT,1781340300000,train,1,2.0,0.454,3.01,2.23,0.8,1.53,0.72,0.41,0.34,0.54,0,0.47,neutral,neutral,0,0.021,32,1594,0,
s6853,OPUSDT,1781340300000,train,1,5.74,0.46,8.33,5.52,1.86,5.28,2.1,1.8,1.07,1.05,1,0.47,neutral,neutral,0,0.169,32,1594,0,
s6854,JUPUSDT,1781340300000,train,1,2.78,0.475,4.31,3.45,1.05,2.31,1.06,1.04,0.81,0.94,0,0.47,neutral,neutral,0,-0.283,32,1594,0,
s6855,PENDLEUSDT,1781340300000,train,1,3.13,0.651,4.63,3.5,2.2,2.67,1.42,0.64,0.62,0.61,1,0.47,neutral,neutral,0,0.32,32,1594,0,
s6856,ARUSDT,1781340300000,testB,1,2.32,0.378,4.59,3.13,0.79,1.86,0.96,0.88,0.63,0.47,1,0.47,neutral,neutral,0,1.016,32,1593,0,
s6857,LDOUSDT,1781340300000,testB,1,2.09,0.482,2.58,2.09,1.38,1.63,0.89,0.76,0.54,0.65,0,0.47,neutral,neutral,0,0.073,32,1593,0,
s6858,XPLUSDT,1781341200000,train,1,5.72,0.429,9.36,7.97,1.19,5.32,3.03,1.0,1.03,2.92,0,0.39,neutral,alcista,0,0.118,32,1595,2,
s6859,STBLUSDT,1781341200000,train,1,5.07,0.791,6.34,5.5,5,4.67,3.3,1.11,0.71,0.57,1,0.39,neutral,alcista,0,0.739,32,1595,3,
s6860,WLDUSDT,1781341200000,train,1,3.48,0.416,5.76,3.67,0.9,3.08,1.26,0.47,0.36,0.38,0,0.39,neutral,neutral,1,2.0,22,1595,1,
s6861,ENAUSDT,1781341200000,train,1,4.99,0.517,7.63,5.35,0.5,4.6,2.04,0.55,0.45,0.6,0,0.39,neutral,neutral,0,0.885,32,1595,1,
s6862,JUPUSDT,1781341200000,train,1,2.6,0.458,4.31,3.45,0.95,2.2,0.97,1.09,0.85,0.92,0,0.39,neutral,neutral,0,-0.317,32,1595,0,
s6863,PENDLEUSDT,1781341200000,train,1,3.28,0.662,4.61,3.8,1.78,2.89,1.54,0.6,0.56,0.61,0,0.39,neutral,neutral,0,0.141,32,1595,1,
s6864,FETUSDT,1781341200000,train,1,2.65,0.374,4.16,3.42,1.36,2.26,1.15,0.88,0.64,0.64,1,0.39,neutral,neutral,1,2.0,13,1594,1,
s6865,ARUSDT,1781341200000,testB,1,3.31,0.492,4.55,3.85,0.74,2.92,1.51,0.96,0.69,0.49,1,0.39,neutral,neutral,0,0.481,32,1594,1,
s6866,XPLUSDT,1781342100000,train,1,6.78,0.541,8.36,6.52,1.17,6.38,2.36,1.0,1.03,2.92,0,0.4,neutral,neutral,0,0.254,32,1596,0,
s6867,STBLUSDT,1781342100000,train,1,7.69,0.91,7.88,7.53,5,7.29,5.01,1.11,0.71,0.57,1,0.4,neutral,alcista,0,0.275,32,1596,4,
s6868,WLDUSDT,1781342100000,train,1,3.19,0.396,5.66,3.76,0.75,2.79,1.23,0.47,0.36,0.38,0,0.4,neutral,alcista,1,2.0,21,1596,2,
s6869,ENAUSDT,1781342100000,train,1,5.21,0.55,7.63,5.29,0.46,4.82,1.7,0.55,0.45,0.6,0,0.4,neutral,neutral,0,0.923,32,1596,0,
s6870,ARBUSDT,1781342100000,train,1,2.19,0.561,3.01,2.31,0.77,1.8,0.61,0.42,0.35,0.53,0,0.4,neutral,neutral,0,0.172,32,1596,1,
s6871,OPUSDT,1781342100000,train,1,6.03,0.473,8.21,5.78,1.33,5.64,1.94,2.09,1.23,1.08,1,0.4,neutral,neutral,0,0.258,32,1596,1,
s6872,INJUSDT,1781342100000,train,1,4.84,0.405,8.09,5.35,0.35,4.45,1.31,0.99,0.7,0.74,0,0.4,neutral,neutral,0,-0.32,32,1596,0,
s6873,SUIUSDT,1781342100000,train,1,2.26,0.679,2.81,2.38,1.02,1.86,0.92,0.55,0.38,0.47,0,0.4,neutral,alcista,0,0.22,32,1596,2,
s6874,TIAUSDT,1781342100000,train,1,2.3,0.41,3.75,2.43,0.73,1.91,0.37,0.65,0.55,0.73,0,0.4,neutral,alcista,1,2.0,23,1596,2,
s6875,JUPUSDT,1781342100000,train,1,3.09,0.591,4.32,3.34,0.92,2.69,0.64,1.09,0.85,0.92,0,0.4,neutral,neutral,0,-0.155,32,1596,0,
s6876,PENDLEUSDT,1781342100000,train,1,3.19,0.635,4.62,3.72,1.37,2.8,1.29,0.6,0.56,0.61,0,0.4,neutral,neutral,0,0.372,32,1596,0,
s6877,ONDOUSDT,1781342100000,train,1,2.26,0.374,3.56,2.62,0.69,1.86,0.61,0.47,0.4,0.55,0,0.4,neutral,neutral,0,0.895,32,1595,0,
s6878,FETUSDT,1781342100000,train,1,3.43,0.521,4.16,3.52,1.15,3.03,1.07,0.88,0.64,0.64,1,0.4,neutral,alcista,1,2.0,14,1595,2,
s6879,ARUSDT,1781342100000,testB,1,4.36,0.618,4.62,4.48,0.71,3.96,1.72,0.96,0.69,0.49,1,0.4,neutral,alcista,0,0.478,32,1595,2,
s6880,STXUSDT,1781342100000,testB,1,2.62,0.595,3.2,2.88,0.86,2.22,1.11,0.55,0.45,0.47,0,0.4,neutral,alcista,0,0.208,32,1595,2,
s6881,LDOUSDT,1781342100000,testB,1,2.01,0.591,2.58,2.16,0.78,1.62,0.75,0.6,0.55,0.65,0,0.4,neutral,neutral,0,0.228,32,1595,1,
s6882,APEUSDT,1781342100000,testB,1,2.05,0.433,2.24,2.24,1.44,1.66,1.07,0.52,0.47,0.49,0,0.4,neutral,alcista,0,0.138,32,1595,2,
s6883,XPLUSDT,1781343000000,train,1,6.0,0.457,8.41,5.92,1.43,5.63,1.69,1.0,1.03,2.92,0,0.38,neutral,neutral,0,0.525,32,1597,0,
s6884,ENAUSDT,1781343000000,train,1,5.24,0.551,7.63,5.33,0.43,4.86,1.65,0.55,0.45,0.6,0,0.38,neutral,neutral,0,1.014,32,1597,1,
s6885,OPUSDT,1781343000000,train,1,6.29,0.485,8.05,6.48,0.94,5.92,2.59,2.09,1.23,1.08,1,0.38,neutral,alcista,0,0.186,32,1597,2,
s6886,SUIUSDT,1781343000000,train,1,2.1,0.646,2.81,2.34,0.56,1.72,0.84,0.55,0.38,0.47,0,0.38,neutral,neutral,0,0.229,32,1597,0,
s6887,TIAUSDT,1781343000000,train,1,2.36,0.416,3.65,2.55,0.75,1.99,0.61,0.65,0.55,0.73,0,0.38,neutral,alcista,1,2.0,22,1597,3,
s6888,JUPUSDT,1781343000000,train,1,2.9,0.576,4.31,3.51,0.74,2.52,0.8,1.09,0.85,0.92,0,0.38,neutral,neutral,0,-0.18,32,1597,1,
s6889,PENDLEUSDT,1781343000000,train,1,2.97,0.578,4.62,3.57,0.97,2.59,1.08,0.6,0.56,0.61,0,0.38,neutral,neutral,0,0.428,32,1597,0,
s6890,ONDOUSDT,1781343000000,train,1,2.29,0.377,3.56,2.68,0.66,1.91,0.68,0.47,0.4,0.55,0,0.38,neutral,neutral,0,0.67,32,1596,1,
s6891,FETUSDT,1781343000000,train,1,3.43,0.521,4.15,3.58,0.94,3.05,1.04,0.88,0.64,0.64,1,0.38,neutral,alcista,1,2.0,13,1596,3,
s6892,ARUSDT,1781343000000,testB,1,3.93,0.567,5.03,4.33,0.68,3.56,1.51,0.96,0.69,0.49,1,0.38,neutral,neutral,0,0.46,32,1596,0,
s6893,STXUSDT,1781343000000,testB,1,2.56,0.575,3.26,2.77,1.04,2.19,0.94,0.55,0.45,0.47,0,0.38,neutral,neutral,0,0.255,32,1596,0,
s6894,APEUSDT,1781343000000,testB,1,2.05,0.433,2.63,2.32,1.32,1.68,1.06,0.52,0.47,0.49,0,0.38,neutral,alcista,0,0.067,32,1596,3,
s6895,XPLUSDT,1781343900000,train,1,5.5,0.44,6.76,5.61,1.41,5.25,2.66,1.0,1.03,2.92,0,0.24,neutral,neutral,0,0.065,32,1598,1,
s6896,0GUSDT,1781343900000,train,1,2.93,0.483,4.07,3.77,2.64,2.68,2.19,1.45,1.83,1.1,0,0.24,neutral,alcista,0,-0.237,32,1598,3,
s6897,ENAUSDT,1781343900000,train,1,5.05,0.543,7.43,5.3,0.39,4.81,1.6,0.55,0.45,0.6,0,0.24,neutral,alcista,0,0.826,32,1598,2,
s6898,OPUSDT,1781343900000,train,1,5.88,0.469,7.22,5.64,0.78,5.63,2.27,2.09,1.23,1.08,1,0.24,neutral,neutral,0,0.115,32,1598,0,
s6899,JUPUSDT,1781343900000,train,1,2.42,0.441,3.7,2.42,0.74,2.18,0.28,1.09,0.85,0.92,0,0.24,neutral,neutral,0,-0.262,32,1598,0,
s6900,PENDLEUSDT,1781343900000,train,1,2.88,0.571,4.41,3.35,0.53,2.64,0.95,0.6,0.56,0.61,0,0.24,neutral,neutral,0,0.437,32,1598,0,
s6901,FETUSDT,1781343900000,train,1,4.5,0.589,5.04,4.67,1.54,4.26,2.08,0.88,0.64,0.64,1,0.24,neutral,alcista,1,2.0,31,1597,4,
s6902,ARUSDT,1781343900000,testB,1,2.57,0.357,4.17,2.66,0.68,2.33,0.66,0.96,0.69,0.49,1,0.24,neutral,neutral,0,0.792,32,1597,0,
s6903,STXUSDT,1781343900000,testB,1,2.67,0.585,3.26,2.88,1.26,2.43,0.92,0.55,0.45,0.47,0,0.24,neutral,neutral,0,0.075,32,1597,1,
s6904,XPLUSDT,1781344800000,train,1,5.65,0.455,6.77,5.5,0.77,5.32,2.48,1.03,1.04,2.68,0,0.32,neutral,neutral,0,0.305,32,1599,0,
s6905,0GUSDT,1781344800000,train,1,2.59,0.404,4.08,3.39,3.09,2.27,1.63,0.9,1.85,1.13,0,0.32,neutral,neutral,0,-0.088,32,1599,0,
s6906,WLDUSDT,1781344800000,train,1,2.93,0.357,5.67,3.7,0.41,2.61,0.85,0.46,0.38,0.38,1,0.32,neutral,alcista,1,2.0,18,1599,2,
s6907,ENAUSDT,1781344800000,train,1,5.43,0.573,7.41,5.54,0.49,5.11,1.71,0.59,0.47,0.6,0,0.32,neutral,alcista,0,0.728,32,1599,3,
s6908,OPUSDT,1781344800000,train,1,5.65,0.46,7.1,5.9,0.65,5.33,2.44,2.28,1.36,1.09,1,0.32,neutral,neutral,0,0.047,32,1599,1,
s6909,SUIUSDT,1781344800000,train,1,2.16,0.653,2.64,2.35,0.55,1.84,0.87,0.62,0.42,0.49,0,0.32,neutral,neutral,0,0.083,32,1599,1,
s6910,PENDLEUSDT,1781344800000,train,1,3.31,0.648,4.4,3.58,0.54,2.99,1.08,0.87,0.69,0.67,1,0.32,neutral,neutral,0,0.368,32,1599,1,
s6911,ONDOUSDT,1781344800000,train,1,2.46,0.416,3.56,2.73,0.46,2.14,0.65,0.5,0.42,0.55,0,0.32,neutral,neutral,0,0.333,32,1598,1,
s6912,FETUSDT,1781344800000,train,1,5.37,0.631,5.61,5.51,1.58,5.05,2.77,1.09,0.75,0.67,1,0.32,neutral,alcista,0,1.15,32,1598,5,
s6913,ARUSDT,1781344800000,testB,1,2.56,0.357,3.9,2.8,0.7,2.24,1.01,1.0,0.75,0.52,1,0.32,neutral,neutral,0,0.554,32,1598,1,
s6914,STXUSDT,1781344800000,testB,1,2.79,0.61,3.25,2.93,1.21,2.47,0.92,0.54,0.46,0.47,0,0.32,neutral,alcista,0,0.111,32,1598,2,
s6915,APEUSDT,1781344800000,testB,1,2.13,0.415,2.55,2.32,0.85,1.81,1.05,0.52,0.45,0.5,0,0.32,neutral,neutral,0,-0.267,32,1598,1,
s6916,0GUSDT,1781345700000,train,1,2.56,0.397,3.7,2.6,3.12,2.41,1.16,0.9,1.85,1.13,0,0.16,neutral,neutral,0,0.038,32,1600,0,
s6917,WLDUSDT,1781345700000,train,1,3.69,0.43,5.47,4.07,0.62,3.54,1.28,0.46,0.38,0.38,1,0.16,neutral,alcista,1,2.0,20,1600,3,
s6918,ENAUSDT,1781345700000,train,1,4.48,0.503,6.53,4.46,0.44,4.33,1.37,0.59,0.47,0.6,0,0.16,neutral,neutral,0,1.071,32,1600,0,
s6919,SUIUSDT,1781345700000,train,1,2.22,0.66,2.56,2.3,0.57,2.07,0.99,0.62,0.42,0.49,0,0.16,neutral,alcista,0,0.096,32,1600,2,
s6920,PENDLEUSDT,1781345700000,train,1,5.25,0.745,5.3,5.06,1.12,5.1,2.91,0.87,0.69,0.67,1,0.16,neutral,alcista,0,-0.135,32,1600,2,
s6921,ONDOUSDT,1781345700000,train,1,2.85,0.453,3.29,2.96,0.68,2.69,1.11,0.5,0.42,0.55,0,0.16,neutral,alcista,0,0.25,32,1599,2,
s6922,FETUSDT,1781345700000,train,1,5.3,0.628,5.6,5.24,1.84,5.14,2.73,1.09,0.75,0.67,1,0.16,neutral,alcista,0,1.098,32,1599,6,
s6923,STXUSDT,1781345700000,testB,1,2.39,0.573,2.77,2.44,0.93,2.23,0.84,0.54,0.46,0.47,0,0.16,neutral,neutral,0,0.089,32,1599,0,
s6924,ENAUSDT,1781346600000,train,1,3.6,0.432,5.75,3.51,0.49,3.32,1.04,0.59,0.47,0.6,0,0.28,neutral,neutral,0,1.29,32,1601,0,
s6925,SUIUSDT,1781346600000,train,1,2.17,0.634,2.49,2.11,0.59,1.89,0.77,0.62,0.42,0.49,0,0.28,neutral,neutral,0,0.111,32,1601,0,
s6926,PENDLEUSDT,1781346600000,train,1,4.53,0.643,5.28,4.39,2.3,4.26,2.29,0.87,0.69,0.67,1,0.28,neutral,neutral,0,-0.125,32,1601,0,
s6927,ONDOUSDT,1781346600000,train,1,2.65,0.409,3.11,2.58,0.69,2.38,0.78,0.5,0.42,0.55,0,0.28,neutral,neutral,0,0.362,32,1600,0,
s6928,FETUSDT,1781346600000,train,1,3.59,0.444,4.55,3.51,2.05,3.31,1.82,1.09,0.75,0.67,1,0.28,neutral,neutral,1,2.0,10,1600,0,
s6929,ENAUSDT,1781347500000,train,1,2.63,0.358,5.16,2.91,0.57,2.47,0.95,0.59,0.47,0.6,0,0.17,neutral,neutral,1,2.0,16,1602,0,
s6930,PENDLEUSDT,1781347500000,train,1,3.12,0.429,5.33,3.63,2.73,2.95,1.37,0.87,0.69,0.67,1,0.17,neutral,neutral,0,0.025,32,1602,0,
s6931,FETUSDT,1781347500000,train,1,3.24,0.421,4.48,3.91,1.43,3.07,2.06,1.09,0.75,0.67,1,0.17,neutral,neutral,1,2.0,27,1601,1,
s6932,ARUSDT,1781347500000,testB,1,2.73,0.375,3.65,3.5,0.79,2.57,1.91,1.0,0.75,0.52,1,0.17,neutral,alcista,0,0.099,32,1601,4,
s6933,0GUSDT,1781348400000,train,1,2.86,0.389,3.51,2.78,1.06,2.54,1.62,0.95,1.91,1.21,0,0.32,neutral,neutral,0,-0.31,32,1603,1,
s6934,ENAUSDT,1781348400000,train,1,3.11,0.398,4.91,3.22,0.47,2.79,1.27,0.69,0.51,0.63,0,0.32,neutral,neutral,0,1.144,32,1603,1,
s6935,PENDLEUSDT,1781348400000,train,1,4.4,0.539,4.96,4.31,2.81,4.08,2.16,0.97,0.73,0.7,1,0.32,neutral,neutral,0,-0.243,32,1603,1,
s6936,ONDOUSDT,1781348400000,train,1,2.24,0.374,2.54,2.43,0.84,1.92,1.12,0.55,0.42,0.56,0,0.32,neutral,alcista,0,0.022,32,1602,2,
s6937,FETUSDT,1781348400000,train,1,4.69,0.543,4.88,4.73,1.35,4.37,2.86,1.27,0.83,0.72,1,0.32,neutral,alcista,0,1.054,32,1602,2,
s6938,ARUSDT,1781348400000,testB,1,2.88,0.388,3.05,3.0,0.89,2.57,1.76,1.1,0.83,0.56,1,0.32,neutral,alcista,0,0.197,32,1602,5,
s6939,APEUSDT,1781348400000,testB,1,2.2,0.438,2.23,2.23,0.59,1.89,0.97,0.47,0.46,0.5,0,0.32,neutral,neutral,0,-0.241,32,1602,1,
s6940,INJUSDT,1781349300000,train,-1,-2.08,0.361,3.42,2.29,0.42,-2.35,-0.66,0.89,0.73,0.75,0,0.27,neutral,neutral,0,0.76,32,1604,0,
s6941,PENDLEUSDT,1781349300000,train,1,2.87,0.374,4.15,2.99,2.03,2.6,1.43,0.97,0.73,0.7,1,0.27,neutral,neutral,0,-0.247,32,1604,0,
s6942,FETUSDT,1781349300000,train,1,4.37,0.529,5.4,5.15,1.17,4.1,3.2,1.27,0.83,0.72,1,0.27,neutral,alcista,0,0.843,32,1603,3,
s6943,FETUSDT,1781350200000,train,1,4.7,0.589,5.4,5.1,1.12,4.58,2.73,1.27,0.83,0.72,1,0.12,neutral,neutral,0,1.04,32,1604,0,
s6944,FETUSDT,1781351100000,train,1,4.2,0.563,5.49,5.39,1.11,4.02,2.78,1.27,0.83,0.72,1,0.18,neutral,neutral,0,0.729,32,1605,1,
s6945,ENAUSDT,1781352000000,train,1,2.96,0.443,3.65,3.47,2.1,2.74,1.86,0.76,0.56,0.59,0,0.22,neutral,neutral,0,0.41,32,1607,1,
s6946,FETUSDT,1781352000000,train,1,5.83,0.657,6.89,6.75,1.28,5.61,3.71,1.66,1.03,0.79,1,0.22,neutral,alcista,0,0.287,32,1606,2,
s6947,STBLUSDT,1781352900000,train,1,5.42,0.377,8.21,5.41,0.63,5.18,1.55,2.37,1.31,0.85,1,0.23,neutral,alcista,0,0.439,32,1608,4,
s6948,ENAUSDT,1781352900000,train,1,2.51,0.404,4.19,3.48,1.65,2.28,1.84,0.76,0.56,0.59,0,0.23,neutral,neutral,0,0.309,32,1608,0,
s6949,TIAUSDT,1781352900000,train,1,2.28,0.458,3.4,2.73,2.99,2.05,1.39,0.81,0.62,0.73,0,0.23,neutral,alcista,0,0.355,32,1608,3,
s6950,FETUSDT,1781352900000,train,1,5.89,0.667,7.5,6.56,1.29,5.66,3.21,1.66,1.03,0.79,1,0.23,neutral,neutral,0,0.326,32,1607,0,
s6951,ARUSDT,1781352900000,testB,1,2.83,0.384,3.73,3.19,1.12,2.59,1.22,1.11,0.87,0.58,1,0.23,neutral,alcista,0,0.092,32,1607,2,
s6952,FETUSDT,1781353800000,train,1,6.34,0.741,7.5,6.61,1.61,6.15,2.83,1.66,1.03,0.79,1,0.19,neutral,neutral,0,0.316,32,1608,0,
s6953,0GUSDT,1781354700000,train,1,2.74,0.38,3.86,3.07,0.75,2.23,1.1,0.93,1.94,1.24,0,0.52,neutral,neutral,0,-0.333,32,1610,1,
s6954,WLDUSDT,1781354700000,train,1,2.58,0.389,4.24,3.38,2.1,2.06,1.53,0.57,0.44,0.39,1,0.52,neutral,neutral,1,2.0,10,1610,1,
s6955,ENAUSDT,1781354700000,train,1,4.11,0.563,4.9,4.0,1.71,3.59,2.28,0.76,0.56,0.59,0,0.52,neutral,neutral,0,0.145,32,1610,1,
s6956,TIAUSDT,1781354700000,train,1,2.62,0.534,3.49,2.79,1.64,2.1,1.25,0.81,0.62,0.73,0,0.52,neutral,neutral,0,0.442,32,1610,1,
s6957,ONDOUSDT,1781354700000,train,1,3.57,0.573,4.12,3.55,2.53,3.05,2.2,0.64,0.49,0.58,0,0.52,neutral,alcista,0,-0.789,32,1609,5,
s6958,FETUSDT,1781354700000,train,1,7.35,0.794,8.67,7.34,1.98,6.83,3.31,1.66,1.03,0.79,1,0.52,neutral,neutral,0,0.262,32,1609,1,
s6959,0GUSDT,1781355600000,train,1,2.71,0.374,3.6,2.68,0.66,2.15,0.83,0.92,1.95,1.24,0,0.56,neutral,neutral,0,-0.42,32,1611,0,
s6960,WLDUSDT,1781355600000,train,1,3.87,0.488,4.91,4.18,1.87,3.31,2.49,0.55,0.47,0.4,1,0.56,neutral,alcista,0,-0.358,32,1611,2,
s6961,ENAUSDT,1781355600000,train,1,3.67,0.537,4.85,4.11,1.52,3.11,2.15,0.62,0.6,0.52,1,0.56,neutral,alcista,0,0.003,32,1611,2,
s6962,TIAUSDT,1781355600000,train,1,2.89,0.558,3.19,2.83,1.18,2.33,1.51,0.78,0.65,0.67,0,0.56,neutral,alcista,0,0.237,32,1611,2,
s6963,ONDOUSDT,1781355600000,train,1,2.7,0.426,4.11,3.06,3.02,2.14,1.55,0.65,0.54,0.6,0,0.56,neutral,neutral,0,-0.904,32,1610,0,
s6964,0GUSDT,1781356500000,train,1,2.7,0.374,3.12,2.63,0.69,2.07,1.16,0.92,1.95,1.24,0,0.63,neutral,neutral,0,-0.7,32,1612,1,
s6965,ENAUSDT,1781356500000,train,1,4.31,0.588,5.11,4.63,1.44,3.68,2.47,0.62,0.6,0.52,1,0.63,neutral,alcista,0,-0.107,32,1612,3,
s6966,TIAUSDT,1781356500000,train,1,2.97,0.566,3.67,3.06,1.08,2.34,1.55,0.78,0.65,0.67,0,0.63,neutral,alcista,0,0.181,32,1612,3,
s6967,ONDOUSDT,1781356500000,train,1,2.9,0.463,4.11,3.11,2.8,2.26,1.46,0.65,0.54,0.6,0,0.63,neutral,neutral,0,-0.776,32,1611,1,
s6968,FETUSDT,1781356500000,train,1,7.0,0.547,8.9,6.74,1.84,6.36,2.81,1.98,1.25,0.86,1,0.63,neutral,neutral,0,0.292,32,1611,0,
s6969,WLDUSDT,1781357400000,train,1,3.18,0.379,4.95,3.34,1.82,2.64,1.4,0.55,0.47,0.4,1,0.54,neutral,neutral,0,0.286,32,1613,1,
s6970,ENAUSDT,1781357400000,train,1,4.36,0.591,5.11,4.72,1.5,3.82,2.39,0.62,0.6,0.52,1,0.54,neutral,alcista,0,0.145,32,1613,4,
s6971,TIAUSDT,1781357400000,train,1,2.16,0.383,3.7,2.49,1.11,1.62,0.93,0.78,0.65,0.67,0,0.54,neutral,neutral,1,2.0,8,1613,0,
s6972,FETUSDT,1781357400000,train,1,7.78,0.574,8.73,7.37,1.7,7.24,3.28,1.98,1.25,0.86,1,0.54,neutral,neutral,0,0.377,32,1612,1,
s6973,STBLUSDT,1781358300000,train,-1,-3.05,0.364,5.03,3.81,0.47,-3.62,0.38,2.57,1.39,0.87,1,0.57,neutral,bajista,0,-1.0,3,1614,2,
s6974,WLDUSDT,1781358300000,train,1,3.53,0.404,4.93,3.8,1.6,2.96,1.69,0.55,0.47,0.4,1,0.57,neutral,alcista,0,0.115,32,1614,2,
s6975,ENAUSDT,1781358300000,train,1,4.8,0.614,5.51,5.27,1.3,4.23,2.61,0.62,0.6,0.52,1,0.57,neutral,alcista,0,-0.007,32,1614,5,
s6976,TIAUSDT,1781358300000,train,1,2.12,0.38,3.69,2.58,1.03,1.56,0.91,0.78,0.65,0.67,0,0.57,neutral,neutral,0,0.67,32,1614,1,
s6977,ONDOUSDT,1781358300000,train,1,2.71,0.419,4.1,2.67,1.61,2.15,0.85,0.65,0.54,0.6,0,0.57,neutral,neutral,0,-0.212,32,1613,1,
s6978,FETUSDT,1781358300000,train,1,7.53,0.569,7.39,7.05,1.38,6.96,3.85,1.98,1.25,0.86,1,0.57,neutral,alcista,0,0.116,32,1613,2,
s6979,ARUSDT,1781358300000,testB,1,2.21,0.367,2.85,2.21,0.91,1.64,0.61,0.94,0.87,0.59,1,0.57,neutral,neutral,0,0.356,32,1613,0,
s6980,WLDUSDT,1781359200000,train,1,3.56,0.407,4.7,3.79,0.77,2.98,1.7,0.66,0.55,0.42,1,0.58,neutral,alcista,0,-0.073,32,1615,3,
s6981,ENAUSDT,1781359200000,train,1,3.87,0.472,5.82,4.66,1.45,3.29,1.78,0.71,0.62,0.51,1,0.58,neutral,neutral,0,0.03,32,1615,0,
s6982,TIAUSDT,1781359200000,train,1,2.12,0.38,3.69,2.72,0.9,1.54,0.93,0.79,0.69,0.64,1,0.58,neutral,alcista,0,0.602,32,1615,2,
s6983,ONDOUSDT,1781359200000,train,1,2.34,0.385,3.72,2.29,1.08,1.77,0.78,0.67,0.56,0.6,0,0.58,neutral,neutral,0,-1.0,28,1614,0,
s6984,FETUSDT,1781359200000,train,1,4.99,0.361,7.25,5.34,1.21,4.42,2.06,2.12,1.39,0.88,1,0.58,neutral,neutral,0,0.45,32,1614,0,
s6985,WLDUSDT,1781360100000,train,1,5.6,0.52,6.36,6.17,1.1,5.05,3.91,0.66,0.55,0.42,1,0.55,neutral,alcista,0,-0.328,32,1616,4,
s6986,ENAUSDT,1781360100000,train,1,4.27,0.519,6.1,4.84,1.41,3.72,1.77,0.71,0.62,0.51,1,0.55,neutral,neutral,0,-0.068,32,1616,1,
s6987,TIAUSDT,1781360100000,train,1,2.19,0.395,3.69,2.52,0.87,1.64,0.63,0.79,0.69,0.64,1,0.55,neutral,neutral,0,0.733,32,1616,0,
s6988,XPLUSDT,1781361000000,train,1,4.65,0.386,6.64,5.73,1.11,4.14,3.18,1.45,1.17,1.94,0,0.51,neutral,alcista,0,-0.744,32,1617,3,
s6989,WLDUSDT,1781361000000,train,1,5.38,0.486,7.86,5.47,1.63,4.87,2.82,0.66,0.55,0.42,1,0.51,neutral,neutral,0,-0.195,32,1617,0,
s6990,ENAUSDT,1781361000000,train,1,4.14,0.495,6.12,4.57,1.32,3.63,1.32,0.71,0.62,0.51,1,0.51,neutral,neutral,0,-0.07,32,1617,0,
s6991,PUMPUSDT,1781361900000,train,1,2.22,0.37,2.49,2.43,0.72,1.63,1.25,0.48,0.47,0.6,0,0.59,neutral,neutral,0,-1.0,9,1618,1,
s6992,WLDUSDT,1781361900000,train,1,6.03,0.516,7.71,6.32,1.68,5.44,3.43,0.66,0.55,0.42,1,0.59,neutral,neutral,0,-0.514,32,1618,1,
s6993,ENAUSDT,1781361900000,train,1,6.32,0.601,6.24,6.18,1.25,5.73,3.06,0.71,0.62,0.51,1,0.59,neutral,neutral,0,-0.493,32,1618,1,
s6994,TIAUSDT,1781361900000,train,1,2.63,0.404,3.59,2.92,0.66,2.04,0.97,0.79,0.69,0.64,1,0.59,neutral,neutral,0,0.23,32,1618,1,
s6995,ONDOUSDT,1781361900000,train,1,2.66,0.424,3.36,2.94,0.74,2.07,1.49,0.67,0.56,0.6,0,0.59,neutral,neutral,0,-1.0,22,1617,1,
s6996,STBLUSDT,1781362800000,train,1,3.77,0.397,6.13,4.88,3.18,3.21,2.39,3.02,1.98,1.13,1,0.56,neutral,alcista,0,-0.496,32,1619,3,
s6997,WLDUSDT,1781362800000,train,1,6.87,0.579,7.75,6.74,1.77,6.31,3.43,0.81,0.63,0.43,1,0.56,neutral,alcista,0,-0.531,32,1619,2,
s6998,ENAUSDT,1781362800000,train,1,4.47,0.4,5.76,4.28,1.19,3.91,1.68,0.84,0.69,0.49,1,0.56,neutral,neutral,0,-0.489,32,1619,0,
s6999,TIAUSDT,1781362800000,train,1,5.07,0.567,5.7,5.62,1.3,4.51,3.51,1.24,0.93,0.73,1,0.56,neutral,alcista,0,-0.354,32,1619,2,
s7000,XPLUSDT,1781363700000,train,1,5.52,0.362,9.29,6.42,3.9,5.0,3.93,1.64,1.32,1.81,0,0.52,neutral,neutral,0,-1.0,30,1620,1,
s7001,STBLUSDT,1781363700000,train,1,4.26,0.47,5.72,4.32,3.26,3.75,2.45,3.02,1.98,1.13,1,0.52,neutral,neutral,0,-0.579,32,1620,0,
s7002,ENAUSDT,1781363700000,train,1,3.66,0.356,5.64,4.64,1.32,3.14,2.06,0.84,0.69,0.49,1,0.52,neutral,neutral,0,-0.564,32,1620,1,
s7003,TIAUSDT,1781363700000,train,1,5.3,0.579,7.09,6.39,1.84,4.78,3.9,1.24,0.93,0.73,1,0.52,neutral,alcista,0,-0.458,32,1620,3,
s7004,STBLUSDT,1781364600000,train,1,3.34,0.381,6.04,4.03,1.59,2.82,1.93,3.02,1.98,1.13,1,0.51,neutral,neutral,0,-0.491,32,1621,0,
s7005,WLDUSDT,1781364600000,train,1,6.6,0.467,9.12,6.83,1.16,6.09,2.72,0.81,0.63,0.43,1,0.51,neutral,neutral,0,-0.622,32,1621,0,
s7006,TIAUSDT,1781364600000,train,1,6.04,0.67,6.29,5.81,2.5,5.53,3.78,1.24,0.93,0.73,1,0.51,neutral,alcista,0,-0.517,32,1621,4,
s7007,STBLUSDT,1781365500000,train,1,3.56,0.397,6.01,4.5,1.54,3.05,2.22,3.02,1.98,1.13,1,0.51,neutral,neutral,0,-0.58,32,1622,1,
s7008,STBLUSDT,1781366400000,train,1,3.36,0.384,6.01,4.53,1.36,3.12,2.11,2.4,2.09,1.16,1,0.24,neutral,alcista,0,-0.308,32,1623,2,
s7009,STBLUSDT,1781374500000,train,1,3.38,0.422,5.75,3.54,0.21,3.28,0.63,1.98,2.17,1.2,0,0.1,neutral,alcista,0,-0.462,32,1632,2,
s7010,XPLUSDT,1781376300000,train,-1,-5.13,0.365,8.54,6.02,0.38,-5.02,-0.26,1.59,1.35,1.36,0,-0.1,neutral,neutral,0,0.439,32,1634,0,
s7011,WLDUSDT,1781378100000,train,-1,-6.06,0.509,8.25,6.61,0.61,-5.91,1.1,0.83,0.68,0.46,1,-0.15,neutral,neutral,0,-0.136,32,1636,1,
s7012,INJUSDT,1781378100000,train,-1,-2.57,0.365,3.76,2.79,0.44,-2.42,0.46,0.58,0.55,0.59,0,-0.15,neutral,neutral,0,-0.076,32,1636,1,
s7013,TIAUSDT,1781378100000,train,-1,-2.9,0.377,4.26,3.74,0.36,-2.74,0.42,1.48,1.13,0.8,1,-0.15,neutral,neutral,0,0.163,32,1636,1,
s7014,XPLUSDT,1781391600000,train,-1,-3.81,0.417,6.42,6.03,1.03,-4.19,1.92,0.69,1.14,1.14,0,0.38,neutral,bajista,0,0.086,32,1651,6,
s7015,XPLUSDT,1781392500000,train,-1,-4.33,0.509,6.62,5.8,1.08,-4.75,1.57,0.69,1.14,1.14,0,0.42,neutral,neutral,0,0.117,32,1652,0,
s7016,XPLUSDT,1781393400000,train,-1,-4.7,0.583,6.6,5.57,0.99,-4.95,1.28,0.69,1.14,1.14,0,0.25,neutral,neutral,0,0.274,32,1653,0,
s7017,XPLUSDT,1781394300000,train,-1,-3.65,0.517,4.82,4.06,0.68,-3.89,1.49,0.69,1.14,1.14,0,0.24,neutral,neutral,0,-0.02,32,1654,1,
s7018,XPLUSDT,1781395200000,train,-1,-3.14,0.467,4.41,3.57,0.76,-3.37,1.39,0.62,1.11,1.08,0,0.23,neutral,neutral,0,-1.0,24,1655,0,
s7019,0GUSDT,1781403300000,train,-1,-2.04,0.365,2.69,2.15,0.29,-2.07,0.42,0.86,1.0,1.38,0,0.03,neutral,neutral,0,0.437,32,1664,1,
s7020,ARUSDT,1781403300000,testB,-1,-2.04,0.438,3.43,2.93,0.82,-2.07,0.86,0.6,0.7,0.77,0,0.03,neutral,neutral,0,0.068,32,1663,1,
s7021,ARUSDT,1781406000000,testB,-1,-2.33,0.649,3.43,2.93,0.58,-2.4,0.66,0.6,0.66,0.78,0,0.07,neutral,neutral,0,0.322,32,1666,0,
s7022,ARUSDT,1781406900000,testB,-1,-2.38,0.653,2.93,2.48,0.56,-2.48,0.61,0.6,0.66,0.78,0,0.11,neutral,neutral,0,0.28,32,1667,0,
s7023,FETUSDT,1781407800000,train,1,2.17,0.36,2.97,2.36,1.36,2.12,1.28,0.87,1.16,1.33,0,0.05,neutral,alcista,0,-1.0,7,1668,5,
s7024,ARUSDT,1781407800000,testB,-1,-2.09,0.606,2.73,2.23,0.75,-2.14,0.48,0.6,0.66,0.78,0,0.05,neutral,neutral,0,0.378,32,1668,0,
s7025,XPLUSDT,1781408700000,train,1,2.55,0.392,3.65,3.25,1.35,2.4,1.72,0.52,0.71,1.02,0,0.15,neutral,alcista,0,-1.0,14,1670,3,
s7026,FETUSDT,1781408700000,train,1,3.22,0.456,3.45,3.36,1.72,3.07,2.22,0.87,1.16,1.33,0,0.15,neutral,alcista,0,-1.0,6,1669,6,
s7027,XPLUSDT,1781409600000,train,1,2.35,0.36,3.66,3.14,1.43,2.25,1.42,0.53,0.64,1.02,0,0.11,neutral,neutral,0,-1.0,13,1671,0,
s7028,WLDUSDT,1781411400000,train,-1,-2.56,0.365,4.88,4.41,1.72,-2.29,2.15,0.36,0.34,0.51,0,-0.27,neutral,neutral,0,-1.0,6,1673,1,
s7029,WLDUSDT,1781412300000,train,-1,-2.54,0.364,4.89,4.63,1.98,-2.2,2.24,0.36,0.34,0.51,0,-0.34,neutral,bajista,0,-1.0,5,1674,2,
s7030,XPLUSDT,1781413200000,train,1,2.77,0.354,3.77,3.42,1.47,3.18,1.28,0.57,0.62,1.0,0,-0.41,neutral,neutral,0,-1.0,9,1675,1,
s7031,STBLUSDT,1781413200000,train,-1,-3.77,0.586,4.67,4.0,0.38,-3.36,1.36,0.95,0.77,1.44,0,-0.41,neutral,bajista,0,-1.0,9,1675,3,
s7032,WLDUSDT,1781413200000,train,-1,-3.09,0.486,4.88,4.39,1.43,-2.69,1.77,0.41,0.36,0.53,0,-0.41,neutral,neutral,0,-1.0,4,1675,0,
s7033,INJUSDT,1781413200000,train,-1,-2.34,0.637,3.24,3.1,1.52,-1.94,1.51,0.39,0.38,0.55,0,-0.41,neutral,bajista,0,0.233,32,1675,5,
s7034,PUMPUSDT,1781414100000,train,-1,-2.4,0.627,3.0,2.93,0.65,-1.87,1.47,0.79,0.49,0.46,1,-0.53,neutral,bajista,0,-1.0,21,1676,6,
s7035,STBLUSDT,1781414100000,train,-1,-3.37,0.557,4.55,3.92,0.41,-2.83,1.25,0.95,0.77,1.44,0,-0.53,neutral,bajista,0,-1.0,8,1676,4,
s7036,WLDUSDT,1781414100000,train,-1,-2.8,0.438,4.87,4.22,1.47,-2.27,1.49,0.41,0.36,0.53,0,-0.53,neutral,neutral,0,-1.0,3,1676,0,
s7037,INJUSDT,1781414100000,train,-1,-2.7,0.763,3.34,3.22,1.48,-2.17,1.47,0.39,0.38,0.55,0,-0.53,neutral,bajista,0,0.279,32,1676,6,
s7038,TIAUSDT,1781414100000,train,-1,-2.09,0.486,3.03,2.82,1.65,-1.56,1.38,0.57,0.55,0.85,0,-0.53,neutral,bajista,0,0.316,32,1676,6,
s7039,STBLUSDT,1781415000000,train,-1,-2.8,0.448,4.53,3.51,0.5,-2.48,0.82,0.95,0.77,1.44,0,-0.31,neutral,neutral,0,-1.0,7,1677,0,
s7040,STBLUSDT,1781415900000,train,-1,-2.23,0.354,3.61,2.28,0.44,-1.89,0.61,0.95,0.77,1.44,0,-0.33,neutral,neutral,0,-1.0,6,1678,0,
s7041,INJUSDT,1781415900000,train,-1,-2.03,0.527,3.46,2.5,1.28,-1.7,0.67,0.39,0.38,0.55,0,-0.33,neutral,neutral,0,0.388,32,1678,0,
s7042,PENDLEUSDT,1781417700000,train,1,2.29,0.398,3.2,2.63,1.58,2.52,1.26,0.9,0.58,0.69,0,-0.23,neutral,neutral,0,-1.0,25,1680,0,
s7043,INJUSDT,1781418600000,train,-1,-2.16,0.469,2.83,2.38,0.83,-1.74,1.05,0.4,0.39,0.55,0,-0.41,neutral,bajista,0,0.975,32,1681,2,
s7044,INJUSDT,1781420400000,train,-1,-2.26,0.492,2.51,2.43,0.78,-1.85,1.17,0.42,0.39,0.46,0,-0.41,neutral,bajista,0,0.677,32,1683,4,
s7045,0GUSDT,1781421300000,train,-1,-2.75,0.516,3.21,2.86,0.44,-2.49,0.73,0.67,0.74,0.91,0,-0.26,neutral,neutral,0,0.119,32,1684,0,
s7046,PENDLEUSDT,1781424900000,train,1,3.45,0.421,4.54,4.49,1.56,3.42,2.28,1.25,0.79,0.73,1,0.03,neutral,alcista,0,-1.0,16,1688,3,
s7047,STXUSDT,1781429400000,testB,1,2.17,0.488,2.6,2.6,3.2,1.87,1.75,1.17,0.71,0.56,1,0.3,neutral,alcista,0,-1.0,20,1692,3,
s7048,STXUSDT,1781430300000,testB,1,4.17,0.647,4.53,4.47,5,3.76,3.37,1.17,0.71,0.56,1,0.41,neutral,alcista,0,-1.0,19,1693,4,
s7049,STXUSDT,1781431200000,testB,1,4.0,0.638,5.2,4.57,5,3.91,3.19,1.77,0.97,0.68,1,0.09,neutral,alcista,0,-1.0,18,1694,5,
s7050,WLDUSDT,1781432100000,train,-1,-3.64,0.354,4.78,3.86,0.41,-3.97,0.6,0.73,0.52,0.57,0,0.33,neutral,bajista,0,0.067,32,1696,3,
s7051,STXUSDT,1781432100000,testB,1,3.47,0.508,5.23,3.92,5,3.14,2.2,1.77,0.97,0.68,1,0.33,neutral,neutral,0,-1.0,17,1695,0,
s7052,XPLUSDT,1781433000000,train,1,4.51,0.439,7.3,6.11,0.45,3.95,1.55,1.14,0.8,1.03,0,0.56,neutral,neutral,0,-1.0,16,1697,0,
s7053,PUMPUSDT,1781433000000,train,1,2.12,0.444,3.12,2.27,2.63,1.56,1.34,0.75,0.66,0.49,1,0.56,neutral,alcista,0,-1.0,16,1697,3,
s7054,STXUSDT,1781433000000,testB,1,3.37,0.484,5.25,3.57,4.96,2.8,1.65,1.77,0.97,0.68,1,0.56,neutral,neutral,0,-1.0,16,1696,0,
s7055,WLDUSDT,1781433900000,train,-1,-4.0,0.419,4.73,4.2,0.77,-4.35,2.27,0.73,0.52,0.57,0,0.35,neutral,neutral,0,-0.447,32,1698,1,
s7056,XPLUSDT,1781436600000,train,1,5.52,0.479,6.57,5.21,0.73,5.04,1.47,1.19,0.85,1.0,0,0.48,neutral,neutral,0,-1.0,12,1701,1,
s7057,PENDLEUSDT,1781438400000,train,-1,-2.52,0.404,3.85,3.27,0.31,-2.57,0.65,1.45,1.13,0.76,1,0.06,neutral,neutral,0,0.498,32,1703,0,
s7058,WLDUSDT,1781439300000,train,-1,-3.01,0.43,4.16,3.2,0.72,-2.98,0.9,0.53,0.55,0.56,0,-0.03,neutral,bajista,0,-0.308,32,1704,3,
s7059,PENDLEUSDT,1781439300000,train,-1,-4.51,0.647,4.89,4.72,0.61,-4.48,1.87,1.45,1.13,0.76,1,-0.03,neutral,neutral,0,-0.061,32,1704,1,
s7060,FETUSDT,1781439300000,train,-1,-2.21,0.364,2.93,2.69,1.08,-2.18,1.15,1.28,1.3,1.36,0,-0.03,neutral,bajista,0,0.946,32,1703,3,
s7061,WLDUSDT,1781440200000,train,-1,-2.75,0.407,3.99,3.29,0.92,-2.59,1.07,0.53,0.55,0.56,0,-0.16,neutral,bajista,0,-0.485,32,1705,4,
s7062,ENAUSDT,1781440200000,train,-1,-2.29,0.418,3.46,3.03,1.6,-2.13,1.47,0.6,0.55,0.53,1,-0.16,neutral,bajista,0,0.04,32,1705,4,
s7063,PENDLEUSDT,1781440200000,train,-1,-3.65,0.595,4.6,4.18,0.8,-3.49,2.07,1.45,1.13,0.76,1,-0.16,neutral,bajista,0,-0.272,32,1705,2,
s7064,FETUSDT,1781440200000,train,-1,-3.38,0.468,4.09,3.94,1.7,-3.22,2.11,1.28,1.3,1.36,0,-0.16,neutral,bajista,0,0.247,32,1704,4,
s7065,PENDLEUSDT,1781441100000,train,-1,-3.57,0.588,4.13,3.88,1.17,-3.37,2.17,1.45,1.13,0.76,1,-0.2,neutral,bajista,0,-0.233,32,1706,3,
s7066,FETUSDT,1781441100000,train,-1,-3.31,0.461,4.65,4.5,2.64,-3.11,2.45,1.28,1.3,1.36,0,-0.2,neutral,bajista,0,0.076,32,1705,5,
s7067,PENDLEUSDT,1781442000000,train,-1,-2.85,0.531,3.93,3.56,1.35,-2.76,2.08,1.4,1.19,0.77,1,-0.09,neutral,bajista,0,-0.754,32,1707,4,
s7068,ONDOUSDT,1781442000000,train,-1,-2.18,0.438,3.97,3.46,2.06,-2.09,1.85,0.81,0.64,0.55,1,-0.09,neutral,bajista,0,0.008,32,1706,6,
s7069,FETUSDT,1781442000000,train,-1,-3.74,0.491,5.71,5.17,2.66,-3.65,2.92,1.44,1.41,1.31,1,-0.09,neutral,bajista,0,-0.076,32,1706,6,
s7070,XPLUSDT,1781442900000,train,-1,-3.3,0.427,5.48,5.17,0.77,-3.18,2.04,1.11,0.95,0.99,0,-0.12,neutral,neutral,0,-1.0,32,1708,1,
s7071,STBLUSDT,1781442900000,train,-1,-2.82,0.445,3.5,3.09,0.65,-2.7,0.87,1.81,2.34,1.78,0,-0.12,neutral,bajista,0,-0.317,32,1708,3,
s7072,PENDLEUSDT,1781442900000,train,-1,-2.07,0.45,3.94,3.73,1.13,-1.95,1.87,1.4,1.19,0.77,1,-0.12,neutral,bajista,0,-1.0,32,1708,5,
s7073,ONDOUSDT,1781442900000,train,-1,-2.81,0.558,4.04,3.84,2.07,-2.69,1.98,0.81,0.64,0.55,1,-0.12,neutral,bajista,0,-0.672,32,1707,7,
s7074,FETUSDT,1781442900000,train,-1,-4.32,0.526,6.1,6.05,2.98,-4.2,3.39,1.44,1.41,1.31,1,-0.12,neutral,bajista,0,-0.623,32,1707,7,
s7075,PENDLEUSDT,1781443800000,train,-1,-2.28,0.521,4.25,3.47,1.18,-1.98,1.42,1.4,1.19,0.77,1,-0.3,neutral,neutral,0,-1.0,31,1709,0,
s7076,ONDOUSDT,1781443800000,train,-1,-2.91,0.593,4.14,3.4,2.03,-2.61,1.38,0.81,0.64,0.55,1,-0.3,neutral,neutral,0,-1.0,32,1708,0,
s7077,FETUSDT,1781443800000,train,-1,-5.02,0.682,6.32,5.48,2.37,-4.72,2.51,1.44,1.41,1.31,1,-0.3,neutral,neutral,0,-0.802,32,1708,0,
s7078,APEUSDT,1781443800000,testB,-1,-2.19,0.737,2.48,2.24,1.97,-1.9,0.98,0.55,0.4,0.38,1,-0.3,neutral,neutral,0,-1.0,31,1708,0,
s7079,ENAUSDT,1781444700000,train,-1,-2.05,0.36,3.44,2.39,0.74,-1.59,0.38,0.62,0.56,0.52,1,-0.46,neutral,neutral,0,-1.0,31,1710,1,
s7080,PENDLEUSDT,1781444700000,train,-1,-2.68,0.627,3.77,3.14,0.94,-2.22,1.32,1.4,1.19,0.77,1,-0.46,neutral,neutral,0,-1.0,30,1710,1,
s7081,ONDOUSDT,1781444700000,train,-1,-3.19,0.615,4.15,3.78,1.91,-2.73,1.53,0.81,0.64,0.55,1,-0.46,neutral,neutral,0,-1.0,31,1709,1,
s7082,FETUSDT,1781444700000,train,-1,-4.84,0.673,6.33,5.64,1.61,-4.38,2.39,1.44,1.41,1.31,1,-0.46,neutral,neutral,0,-0.667,32,1709,1,
s7083,STXUSDT,1781444700000,testB,-1,-3.59,0.633,5.18,4.48,0.53,-3.13,0.68,2.15,1.23,0.74,1,-0.46,neutral,neutral,0,-1.0,30,1709,0,
s7084,APEUSDT,1781444700000,testB,-1,-2.12,0.73,2.57,2.33,1.65,-1.66,0.92,0.55,0.4,0.38,1,-0.46,neutral,neutral,0,-1.0,30,1709,1,
s7085,ENAUSDT,1781445600000,train,-1,-2.33,0.39,3.03,2.5,0.72,-1.98,0.84,0.69,0.58,0.51,1,-0.35,neutral,bajista,0,-1.0,30,1711,2,
s7086,PENDLEUSDT,1781445600000,train,-1,-2.71,0.629,3.77,3.37,0.99,-2.37,1.27,1.15,1.18,0.78,0,-0.35,neutral,bajista,0,-1.0,29,1711,2,
s7087,ONDOUSDT,1781445600000,train,-1,-3.42,0.631,4.37,4.14,1.11,-3.07,1.74,1.02,0.74,0.58,1,-0.35,neutral,bajista,0,-1.0,30,1710,2,
s7088,FETUSDT,1781445600000,train,-1,-5.22,0.698,6.0,5.65,1.06,-4.87,2.44,1.57,1.52,1.32,1,-0.35,neutral,bajista,0,-1.0,31,1710,2,
s7089,STXUSDT,1781445600000,testB,-1,-3.43,0.589,4.95,3.98,0.65,-3.08,0.4,2.32,1.35,0.78,1,-0.35,neutral,neutral,0,-1.0,29,1710,0,
s7090,APEUSDT,1781445600000,testB,-1,-2.2,0.737,2.73,2.57,1.73,-1.85,1.08,0.67,0.48,0.41,1,-0.35,neutral,bajista,0,-1.0,29,1710,2,
s7091,XPLUSDT,1781446500000,train,-1,-5.07,0.533,6.84,6.55,1.08,-4.39,2.71,1.08,1.1,0.96,0,-0.69,neutral,bajista,0,-1.0,28,1712,2,
s7092,PENDLEUSDT,1781446500000,train,-1,-3.3,0.752,3.46,3.41,0.95,-2.62,1.53,1.15,1.18,0.78,0,-0.69,neutral,bajista,0,-1.0,27,1712,3,
s7093,ONDOUSDT,1781446500000,train,-1,-4.54,0.766,5.05,5.02,1.4,-3.85,2.41,1.02,0.74,0.58,1,-0.69,neutral,bajista,0,-1.0,29,1711,3,
s7094,FETUSDT,1781446500000,train,-1,-5.2,0.696,6.23,6.03,0.9,-4.51,2.78,1.57,1.52,1.32,1,-0.69,neutral,bajista,0,-1.0,30,1711,3,
s7095,STXUSDT,1781446500000,testB,-1,-3.04,0.558,3.83,3.13,0.6,-2.35,0.76,2.32,1.35,0.78,1,-0.69,neutral,neutral,0,-1.0,25,1711,1,
s7096,APEUSDT,1781446500000,testB,-1,-2.44,0.795,2.5,2.42,1.24,-1.75,1.18,0.67,0.48,0.41,1,-0.69,neutral,bajista,0,-1.0,28,1711,3,
s7097,ASTERUSDT,1781447400000,train,-1,-2.19,0.813,2.58,2.24,2.87,-1.17,1.06,0.84,0.54,0.37,1,-1.03,neutral,bajista,0,-1.0,28,1713,2,
s7098,ENAUSDT,1781447400000,train,-1,-2.69,0.442,3.32,3.07,1.24,-1.67,1.8,0.69,0.58,0.51,1,-1.03,neutral,bajista,0,-1.0,27,1713,4,
s7099,INJUSDT,1781447400000,train,-1,-2.63,0.382,3.66,3.14,2.12,-1.6,1.81,0.73,0.56,0.49,1,-1.03,neutral,bajista,0,-1.0,28,1713,4,
s7100,TIAUSDT,1781447400000,train,-1,-2.51,0.594,2.97,2.73,1.05,-1.48,1.55,0.73,0.67,0.79,0,-1.03,neutral,bajista,0,-1.0,19,1713,4,
s7101,SEIUSDT,1781447400000,train,-1,-2.31,0.795,2.69,2.48,1.09,-1.28,0.92,0.58,0.82,0.7,0,-1.03,neutral,bajista,0,-1.0,8,1713,4,
s7102,JUPUSDT,1781447400000,train,-1,-2.28,0.582,2.51,2.4,1.39,-1.26,1.24,0.54,0.5,0.47,1,-1.03,neutral,bajista,0,-1.0,20,1713,3,
s7103,PENDLEUSDT,1781447400000,train,-1,-3.74,0.774,4.17,3.94,0.83,-2.71,2.01,1.15,1.18,0.78,0,-1.03,neutral,bajista,0,-1.0,26,1713,4,
s7104,ONDOUSDT,1781447400000,train,-1,-4.25,0.754,4.87,4.5,1.49,-3.22,2.18,1.02,0.74,0.58,1,-1.03,neutral,bajista,0,-1.0,28,1712,4,
s7105,FETUSDT,1781447400000,train,-1,-6.58,0.833,7.6,7.1,1.2,-5.56,3.36,1.57,1.52,1.32,1,-1.03,neutral,bajista,0,-1.0,29,1712,4,
s7106,ARUSDT,1781447400000,testB,-1,-2.14,0.506,2.7,2.24,1.46,-1.11,1.13,0.72,0.65,0.62,1,-1.03,neutral,bajista,0,-1.0,19,1712,2,
s7107,STXUSDT,1781447400000,testB,-1,-3.36,0.582,3.97,3.53,0.9,-2.33,1.58,2.32,1.35,0.78,1,-1.03,neutral,bajista,0,-1.0,24,1712,2,
s7108,LDOUSDT,1781447400000,testB,-1,-2.32,0.792,2.65,2.38,1.97,-1.3,1.44,0.95,0.88,0.75,1,-1.03,neutral,bajista,0,-1.0,27,1712,3,
s7109,SANDUSDT,1781447400000,testB,-1,-2.71,0.59,3.24,2.84,4.01,-1.68,2.15,0.91,0.75,0.49,1,-1.03,neutral,bajista,0,-1.0,27,1712,3,
s7110,APEUSDT,1781447400000,testB,-1,-3.24,0.837,3.67,3.43,2.03,-2.21,2.28,0.67,0.48,0.41,1,-1.03,neutral,bajista,0,-1.0,27,1712,4,
s7111,PENDLEUSDT,1781448300000,train,-1,-3.0,0.647,4.09,3.58,0.8,-2.18,1.55,1.15,1.18,0.78,0,-0.82,neutral,neutral,0,-1.0,25,1714,0,
s7112,ONDOUSDT,1781448300000,train,-1,-2.97,0.546,4.5,3.58,1.55,-2.14,1.47,1.02,0.74,0.58,1,-0.82,neutral,neutral,0,-1.0,27,1713,0,
s7113,FETUSDT,1781448300000,train,-1,-5.5,0.725,6.97,6.07,1.16,-4.67,2.7,1.57,1.52,1.32,1,-0.82,neutral,neutral,0,-1.0,27,1713,0,
s7114,APEUSDT,1781448300000,testB,-1,-2.38,0.6,3.57,2.84,1.79,-1.55,1.61,0.67,0.48,0.41,1,-0.82,neutral,neutral,0,-1.0,26,1713,0,
s7115,PENDLEUSDT,1781449200000,train,-1,-3.03,0.661,4.08,3.34,0.85,-2.33,1.23,0.8,1.12,0.77,0,-0.71,neutral,neutral,0,-1.0,24,1715,0,
s7116,ONDOUSDT,1781449200000,train,-1,-2.71,0.478,4.49,3.28,1.39,-2.01,1.12,1.06,0.76,0.6,1,-0.71,neutral,neutral,0,-1.0,26,1714,0,
s7117,FETUSDT,1781449200000,train,-1,-5.04,0.671,6.75,5.65,1.3,-4.33,2.21,1.55,1.49,1.29,1,-0.71,neutral,neutral,0,-1.0,26,1714,0,
s7118,APEUSDT,1781449200000,testB,-1,-2.54,0.64,3.58,2.93,1.83,-1.83,1.54,0.77,0.54,0.44,1,-0.71,neutral,neutral,0,-1.0,25,1714,0,
s7119,PENDLEUSDT,1781450100000,train,-1,-3.03,0.66,4.08,3.39,0.84,-2.24,1.13,0.8,1.12,0.77,0,-0.79,neutral,neutral,0,-1.0,23,1716,1,
s7120,ONDOUSDT,1781450100000,train,-1,-2.88,0.518,4.49,3.31,0.97,-2.09,0.99,1.06,0.76,0.6,1,-0.79,neutral,neutral,0,-1.0,25,1715,0,
s7121,FETUSDT,1781450100000,train,-1,-4.99,0.669,6.76,5.71,1.16,-4.2,2.11,1.55,1.49,1.29,1,-0.79,neutral,neutral,0,-1.0,25,1715,1,
s7122,APEUSDT,1781450100000,testB,-1,-2.69,0.68,3.58,3.01,2.19,-1.9,1.39,0.77,0.54,0.44,1,-0.79,neutral,neutral,0,-1.0,24,1715,1,
s7123,ENAUSDT,1781451000000,train,-1,-2.21,0.353,3.3,2.61,0.61,-1.32,0.77,0.69,0.58,0.48,1,-0.9,neutral,bajista,0,-1.0,23,1717,2,
s7124,PENDLEUSDT,1781451000000,train,-1,-2.78,0.607,3.83,3.02,0.56,-1.89,0.85,0.8,1.12,0.77,0,-0.9,neutral,neutral,0,-1.0,22,1717,0,
s7125,ONDOUSDT,1781451000000,train,-1,-2.99,0.549,4.49,3.31,0.7,-2.09,0.79,1.06,0.76,0.6,1,-0.9,neutral,neutral,0,-1.0,24,1716,0,
s7126,FETUSDT,1781451000000,train,-1,-5.18,0.703,6.71,5.71,0.62,-4.28,1.85,1.55,1.49,1.29,1,-0.9,neutral,neutral,0,-1.0,24,1716,0,
s7127,APEUSDT,1781451000000,testB,-1,-2.54,0.667,3.5,2.93,1.02,-1.64,1.21,0.77,0.54,0.44,1,-0.9,neutral,neutral,0,-1.0,23,1716,0,
s7128,ENAUSDT,1781451900000,train,-1,-2.38,0.37,3.02,2.53,0.44,-1.58,0.89,0.69,0.58,0.48,1,-0.8,neutral,bajista,0,-1.0,22,1718,3,
s7129,PENDLEUSDT,1781451900000,train,-1,-2.84,0.612,3.83,3.1,0.45,-2.04,0.88,0.8,1.12,0.77,0,-0.8,neutral,neutral,0,-1.0,21,1718,1,
s7130,ONDOUSDT,1781451900000,train,-1,-2.25,0.444,3.73,2.38,0.61,-1.45,0.57,1.06,0.76,0.6,1,-0.8,neutral,neutral,0,-1.0,22,1717,0,
s7131,FETUSDT,1781451900000,train,-1,-5.1,0.699,6.32,5.52,0.52,-4.29,1.82,1.55,1.49,1.29,1,-0.8,neutral,neutral,0,-1.0,23,1717,1,
s7132,APEUSDT,1781451900000,testB,-1,-2.62,0.673,3.5,3.1,1.1,-1.82,1.25,0.77,0.54,0.44,1,-0.8,neutral,neutral,0,-1.0,22,1717,1,
s7133,FETUSDT,1781452800000,train,-1,-4.27,0.622,5.76,4.76,0.51,-3.7,1.46,1.68,1.51,1.26,1,-0.57,neutral,neutral,0,-1.0,21,1718,0,
s7134,APEUSDT,1781452800000,testB,-1,-2.38,0.577,3.49,2.76,1.18,-1.81,0.85,0.84,0.59,0.46,1,-0.57,neutral,neutral,0,-1.0,21,1718,0,
s7135,FETUSDT,1781453700000,train,-1,-3.12,0.414,5.26,3.32,0.56,-2.62,0.49,1.68,1.51,1.26,1,-0.5,neutral,neutral,0,-1.0,20,1719,0,
s7136,GRTUSDT,1781453700000,testB,-1,-2.09,0.488,3.21,2.19,0.42,-1.59,0.32,1.24,0.89,0.73,1,-0.5,neutral,neutral,0,-1.0,21,1719,0,
s7137,APEUSDT,1781453700000,testB,-1,-2.61,0.623,3.25,2.69,0.88,-2.11,0.9,0.84,0.59,0.46,1,-0.5,neutral,neutral,0,-1.0,19,1719,1,
s7138,ENAUSDT,1781458200000,train,-1,-2.26,0.406,2.8,2.41,0.95,-1.47,0.81,0.61,0.58,0.45,1,-0.8,neutral,bajista,0,-1.0,15,1725,4,
s7139,0GUSDT,1781459100000,train,-1,-2.72,0.509,3.52,3.14,0.55,-1.82,0.92,0.81,0.66,0.66,1,-0.9,neutral,bajista,0,-1.0,15,1726,3,
s7140,ENAUSDT,1781459100000,train,-1,-2.32,0.411,2.63,2.4,1.12,-1.42,1.14,0.61,0.58,0.45,1,-0.9,neutral,bajista,0,-1.0,14,1726,5,
s7141,0GUSDT,1781460000000,train,-1,-2.26,0.421,3.0,2.38,0.67,-1.38,0.58,0.87,0.71,0.67,1,-0.88,neutral,neutral,0,-1.0,13,1727,0,
s7142,0GUSDT,1781460900000,train,-1,-2.27,0.421,2.6,2.46,1.17,-1.6,0.96,0.87,0.71,0.67,1,-0.67,neutral,neutral,0,-1.0,12,1728,1,
s7143,ENAUSDT,1781460900000,train,-1,-2.33,0.41,3.37,2.64,2.32,-1.66,1.86,0.6,0.59,0.47,1,-0.67,neutral,bajista,0,-1.0,9,1728,7,
s7144,STXUSDT,1781469000000,testB,1,2.74,0.429,4.34,3.97,2.91,2.92,2.55,1.15,1.74,0.95,0,-0.18,neutral,alcista,0,0.513,32,1736,4,
s7145,XPLUSDT,1781469900000,train,1,4.69,0.424,6.89,6.39,1.52,4.59,2.9,0.77,0.93,0.83,0,0.1,neutral,alcista,0,-0.186,32,1738,5,
s7146,STXUSDT,1781469900000,testB,1,2.43,0.36,4.38,3.11,2.96,2.33,1.44,1.15,1.74,0.95,0,0.1,neutral,neutral,0,1.068,32,1737,0,
s7147,APEUSDT,1781469900000,testB,1,2.2,0.38,3.27,2.95,0.91,2.1,1.31,0.85,0.74,0.47,1,0.1,neutral,alcista,1,2.0,21,1737,3,
s7148,XPLUSDT,1781470800000,train,1,5.38,0.51,7.31,6.0,2.21,5.15,2.28,0.9,0.99,0.87,0,0.23,neutral,neutral,0,-0.05,32,1739,0,
s7149,PENDLEUSDT,1781470800000,train,1,2.62,0.394,3.52,3.4,3.05,2.39,2.05,1.11,0.94,0.9,1,0.23,neutral,neutral,0,1.011,32,1739,1,
s7150,STXUSDT,1781470800000,testB,1,4.04,0.484,4.82,4.82,3.02,3.82,2.93,1.68,1.79,1.06,0,0.23,neutral,neutral,0,0.301,32,1738,1,
s7151,APEUSDT,1781470800000,testB,1,2.28,0.389,3.66,3.18,1.05,2.05,1.43,1.02,0.88,0.53,1,0.23,neutral,alcista,1,2.0,20,1738,4,
s7152,XPLUSDT,1781471700000,train,1,7.01,0.581,8.66,7.39,2.8,5.64,3.46,0.9,0.99,0.87,0,1.37,neutral,neutral,0,-0.166,32,1740,1,
s7153,PUMPUSDT,1781471700000,train,1,3.56,0.403,5.03,4.77,3.43,2.19,2.8,0.96,1.11,0.75,0,1.37,neutral,alcista,0,0.413,32,1740,2,
s7154,ENAUSDT,1781471700000,train,1,3.06,0.387,5.72,5.26,1.55,1.69,2.79,0.83,0.73,0.54,1,1.37,neutral,alcista,0,0.787,32,1740,2,
s7155,ARBUSDT,1781471700000,train,1,2.31,0.371,3.3,2.96,0.77,0.94,1.85,0.75,0.6,0.49,1,1.37,neutral,alcista,0,1.032,32,1740,2,
s7156,TIAUSDT,1781471700000,train,1,3.31,0.468,4.62,4.02,1.3,1.94,2.4,0.8,0.77,0.62,1,1.37,neutral,alcista,0,1.345,32,1740,2,
s7157,JUPUSDT,1781471700000,train,1,3.09,0.5,3.52,3.23,0.86,1.72,2.13,1.0,0.74,0.57,1,1.37,neutral,alcista,1,2.0,20,1740,2,
s7158,PENDLEUSDT,1781471700000,train,1,4.55,0.552,5.55,5.03,5,3.18,3.42,1.11,0.94,0.9,1,1.37,neutral,alcista,0,0.52,32,1740,2,
s7159,ONDOUSDT,1781471700000,train,1,2.64,0.365,4.0,3.8,1.81,1.27,2.65,0.87,0.96,0.67,0,1.37,neutral,alcista,1,2.0,32,1739,2,
s7160,STXUSDT,1781471700000,testB,1,5.56,0.595,6.7,5.94,4.48,4.19,3.72,1.68,1.79,1.06,0,1.37,neutral,alcista,0,0.164,32,1739,2,
s7161,SANDUSDT,1781471700000,testB,1,2.7,0.556,3.6,3.22,3.62,1.33,2.26,0.9,0.89,0.63,1,1.37,neutral,alcista,0,0.586,32,1739,2,
s7162,MANAUSDT,1781471700000,testB,1,2.3,0.484,3.14,2.99,1.83,0.93,2.02,1.08,0.77,0.6,1,1.37,neutral,neutral,0,0.9,32,1739,1,
s7163,AXSUSDT,1781471700000,testB,1,2.43,0.561,3.3,2.99,2.54,1.06,2.1,0.73,0.81,0.68,0,1.37,neutral,neutral,0,0.793,32,1739,1,
s7164,APEUSDT,1781471700000,testB,1,3.48,0.494,5.79,4.62,1.96,2.11,2.64,1.02,0.88,0.53,1,1.37,neutral,alcista,0,0.746,32,1739,5,
s7165,PUMPUSDT,1781472600000,train,1,5.02,0.5,6.22,5.97,2.78,2.79,3.87,0.96,1.11,0.75,0,2.22,bull,alcista,0,0.042,32,1741,3,train
s7166,0GUSDT,1781472600000,train,1,3.51,0.505,4.29,4.19,0.93,1.28,2.73,0.59,0.67,0.69,0,2.22,bull,alcista,0,0.262,32,1741,3,train
s7167,WLDUSDT,1781472600000,train,1,3.9,0.423,5.14,4.75,2.3,1.67,3.19,0.47,0.46,0.47,0,2.22,bull,alcista,1,2.0,21,1741,3,train
s7168,ENAUSDT,1781472600000,train,1,5.5,0.564,7.21,7.16,1.91,3.28,4.49,0.83,0.73,0.54,1,2.22,bull,alcista,0,0.239,32,1741,3,train
s7169,ARBUSDT,1781472600000,train,1,3.68,0.505,4.18,4.09,1.1,1.46,2.79,0.75,0.6,0.49,1,2.22,bull,alcista,0,0.33,32,1741,3,train
s7170,OPUSDT,1781472600000,train,1,2.64,0.437,3.49,3.31,3.23,0.42,2.37,0.53,0.61,0.59,0,2.22,bull,alcista,0,0.556,32,1741,3,train
s7171,INJUSDT,1781472600000,train,1,3.16,0.359,6.25,5.81,2.09,0.94,3.64,0.79,0.76,0.53,1,2.22,bull,alcista,0,0.02,32,1741,3,train
s7172,SUIUSDT,1781472600000,train,1,3.38,0.575,3.88,3.83,5,1.16,2.87,0.8,0.69,0.5,1,2.22,bull,alcista,0,0.842,32,1741,3,train
s7173,TIAUSDT,1781472600000,train,1,4.54,0.559,5.37,5.06,1.98,2.32,3.21,0.8,0.77,0.62,1,2.22,bull,alcista,0,0.706,32,1741,3,train
s7174,SEIUSDT,1781472600000,train,1,2.47,0.359,3.5,3.49,1.98,0.24,2.28,0.74,0.66,0.76,0,2.22,bull,alcista,0,-0.157,32,1741,3,train
s7175,JUPUSDT,1781472600000,train,1,3.98,0.563,4.45,4.17,1.1,1.75,2.88,1.0,0.74,0.57,1,2.22,bull,alcista,1,2.0,27,1741,3,train
s7176,PENDLEUSDT,1781472600000,train,1,6.11,0.644,6.53,6.27,5,3.88,4.38,1.11,0.94,0.9,1,2.22,bull,alcista,0,0.061,32,1741,3,train
s7177,ONDOUSDT,1781472600000,train,1,4.81,0.562,5.42,5.39,2.69,2.59,3.98,0.87,0.96,0.67,0,2.22,bull,alcista,0,0.684,32,1740,3,train
s7178,FETUSDT,1781472600000,train,1,4.19,0.436,5.77,5.58,2.35,1.96,3.75,1.15,1.36,1.2,0,2.22,bull,alcista,0,0.297,32,1740,7,train
s7179,ARUSDT,1781472600000,testB,1,3.72,0.374,4.7,4.65,0.67,1.49,2.7,0.85,0.73,0.63,1,2.22,bull,alcista,0,0.49,32,1740,3,testB
s7180,STXUSDT,1781472600000,testB,1,5.24,0.542,6.73,5.6,3.12,3.02,3.1,1.68,1.79,1.06,0,2.22,bull,neutral,0,0.239,32,1740,0,
s7181,GRTUSDT,1781472600000,testB,1,2.82,0.495,3.69,3.54,2.91,0.59,2.46,0.89,1.04,0.78,0,2.22,bull,alcista,0,0.873,32,1740,3,testB
s7182,LDOUSDT,1781472600000,testB,1,3.4,0.518,3.85,3.82,3.05,1.18,3.02,0.99,0.94,0.77,1,2.22,bull,alcista,0,0.343,32,1740,3,testB
s7183,SANDUSDT,1781472600000,testB,1,3.86,0.682,4.24,4.13,5,1.64,2.95,0.9,0.89,0.63,1,2.22,bull,alcista,0,0.132,32,1740,3,testB
s7184,MANAUSDT,1781472600000,testB,1,3.52,0.59,4.44,4.14,2.83,1.3,2.94,1.08,0.77,0.6,1,2.22,bull,alcista,0,0.286,32,1740,2,testB
s7185,AXSUSDT,1781472600000,testB,1,3.6,0.708,3.89,3.89,2.92,1.38,2.8,0.73,0.81,0.68,0,2.22,bull,alcista,0,0.289,32,1740,2,
s7186,APEUSDT,1781472600000,testB,1,5.19,0.593,6.16,6.16,2.07,2.96,3.94,1.02,0.88,0.53,1,2.22,bull,alcista,0,0.225,32,1740,6,
s7187,XPLUSDT,1781473500000,train,1,8.02,0.606,9.15,7.61,2.08,5.54,3.45,0.9,0.99,0.87,0,2.48,bull,neutral,0,-0.365,32,1742,0,
s7188,PUMPUSDT,1781473500000,train,1,4.58,0.434,6.66,5.14,3.31,2.1,2.61,0.96,1.11,0.75,0,2.48,bull,neutral,0,0.259,32,1742,0,
s7189,0GUSDT,1781473500000,train,1,4.35,0.63,5.07,4.54,1.27,1.88,2.79,0.59,0.67,0.69,0,2.48,bull,alcista,0,0.241,32,1742,4,train
s7190,ENAUSDT,1781473500000,train,1,4.74,0.447,7.77,6.09,2.54,2.26,2.99,0.83,0.73,0.54,1,2.48,bull,neutral,0,0.59,32,1742,0,
s7191,ARBUSDT,1781473500000,train,1,4.57,0.614,5.26,4.48,1.89,2.09,2.93,0.75,0.6,0.49,1,2.48,bull,alcista,0,0.347,32,1742,4,train
s7192,OPUSDT,1781473500000,train,1,2.56,0.415,4.06,2.86,3.82,0.08,1.7,0.53,0.61,0.59,0,2.48,bull,neutral,0,0.742,32,1742,0,
s7193,INJUSDT,1781473500000,train,1,5.0,0.693,5.93,5.05,3.07,2.52,3.11,0.79,0.76,0.53,1,2.48,bull,neutral,0,0.057,32,1742,0,
s7194,SUIUSDT,1781473500000,train,1,4.95,0.731,5.53,4.93,5,2.47,3.63,0.8,0.69,0.5,1,2.48,bull,alcista,0,0.468,32,1742,4,train
s7195,TIAUSDT,1781473500000,train,1,4.8,0.606,5.9,4.76,2.51,2.33,2.68,0.8,0.77,0.62,1,2.48,bull,neutral,0,0.91,32,1742,0,
s7196,SEIUSDT,1781473500000,train,1,2.92,0.449,4.08,3.2,2.37,0.44,1.83,0.74,0.66,0.76,0,2.48,bull,neutral,0,-0.034,32,1742,0,
s7197,JUPUSDT,1781473500000,train,1,4.05,0.576,4.97,4.06,1.64,1.57,2.45,1.0,0.74,0.57,1,2.48,bull,neutral,1,2.0,26,1742,0,
s7198,PENDLEUSDT,1781473500000,train,1,6.19,0.654,6.77,5.9,5,3.71,3.68,1.11,0.94,0.9,1,2.48,bull,neutral,0,0.196,32,1742,0,
s7199,ONDOUSDT,1781473500000,train,1,5.17,0.628,6.27,5.39,3.37,2.7,3.57,0.87,0.96,0.67,0,2.48,bull,neutral,0,0.883,32,1741,0,
s7200,FETUSDT,1781473500000,train,1,4.32,0.451,6.34,4.86,2.73,1.85,2.64,1.15,1.36,1.2,0,2.48,bull,neutral,0,0.676,32,1741,0,
s7201,ARUSDT,1781473500000,testB,1,4.77,0.516,5.37,4.7,0.93,2.29,2.5,0.85,0.73,0.63,1,2.48,bull,alcista,0,0.485,32,1741,4,
s7202,STXUSDT,1781473500000,testB,1,5.31,0.551,6.74,5.4,2.74,2.83,2.58,1.68,1.79,1.06,0,2.48,bull,neutral,0,0.295,32,1741,0,
s7203,GRTUSDT,1781473500000,testB,1,3.34,0.619,4.38,3.63,3.74,0.86,2.29,0.89,1.04,0.78,0,2.48,bull,alcista,0,0.877,32,1741,4,
s7204,LDOUSDT,1781473500000,testB,1,4.04,0.619,4.66,4.07,4.16,1.56,2.92,0.99,0.94,0.77,1,2.48,bull,alcista,0,0.349,32,1741,4,
s7205,SANDUSDT,1781473500000,testB,1,4.46,0.785,5.17,4.4,5,1.98,2.92,0.9,0.89,0.63,1,2.48,bull,alcista,0,0.081,32,1741,4,
s7206,MANAUSDT,1781473500000,testB,1,4.78,0.795,5.29,4.71,5,2.3,3.18,1.08,0.77,0.6,1,2.48,bull,alcista,0,0.125,32,1741,3,
s7207,AXSUSDT,1781473500000,testB,1,3.5,0.673,4.51,3.69,3.35,1.02,2.32,0.73,0.81,0.68,0,2.48,bull,neutral,0,0.361,32,1741,0,
s7208,APEUSDT,1781473500000,testB,1,5.22,0.593,7.05,5.65,2.43,2.74,3.03,1.02,0.88,0.53,1,2.48,bull,neutral,0,0.384,32,1741,0,
s7209,0GUSDT,1781474400000,train,1,3.76,0.537,5.08,4.22,1.86,1.59,2.22,0.64,0.7,0.6,0,2.16,bull,neutral,0,0.362,32,1743,0,
s7210,ENAUSDT,1781474400000,train,1,4.76,0.449,7.78,6.0,3.14,2.59,2.64,0.94,0.73,0.57,1,2.16,bull,neutral,0,0.371,32,1743,0,
s7211,ARBUSDT,1781474400000,train,1,4.0,0.548,5.27,4.28,3.63,1.84,2.43,1.12,0.79,0.59,1,2.16,bull,neutral,0,0.293,32,1743,0,
s7212,OPUSDT,1781474400000,train,1,2.46,0.406,4.06,2.95,5,0.29,1.63,0.63,0.61,0.61,0,2.16,bull,neutral,0,0.625,32,1743,0,
s7213,INJUSDT,1781474400000,train,1,4.06,0.534,5.72,4.19,5,1.9,2.08,0.89,0.81,0.57,1,2.16,bull,neutral,0,0.217,32,1743,0,
s7214,SUIUSDT,1781474400000,train,1,4.26,0.596,5.56,4.44,5,2.1,2.79,1.14,0.87,0.58,1,2.16,bull,neutral,0,0.576,32,1743,0,
s7215,TIAUSDT,1781474400000,train,1,4.19,0.534,5.92,4.51,2.99,2.02,2.2,0.91,0.82,0.64,1,2.16,bull,neutral,0,1.006,32,1743,0,
s7216,SEIUSDT,1781474400000,train,1,2.71,0.433,4.06,3.79,2.96,0.55,2.18,0.78,0.69,0.8,0,2.16,bull,neutral,0,-0.188,32,1743,1,
s7217,JUPUSDT,1781474400000,train,1,3.38,0.479,4.99,3.73,2.46,1.22,1.93,1.2,0.85,0.6,1,2.16,bull,neutral,1,2.0,20,1743,0,
s7218,PENDLEUSDT,1781474400000,train,1,5.25,0.546,6.81,5.41,4.01,3.08,2.85,1.15,1.0,0.95,1,2.16,bull,neutral,0,0.246,32,1743,0,
s7219,ONDOUSDT,1781474400000,train,1,5.17,0.628,6.26,5.47,4.21,3.01,3.31,1.05,1.06,0.73,0,2.16,bull,neutral,0,0.814,32,1742,1,
s7220,FETUSDT,1781474400000,train,1,4.11,0.439,6.33,4.95,3.67,1.95,2.45,1.12,1.4,1.24,0,2.16,bull,neutral,0,0.567,32,1742,1,
s7221,ARUSDT,1781474400000,testB,1,3.98,0.467,5.33,4.55,1.17,1.81,2.21,0.95,0.77,0.66,1,2.16,bull,neutral,0,0.383,32,1742,0,
s7222,STXUSDT,1781474400000,testB,1,4.75,0.506,6.75,5.26,2.4,2.59,2.22,1.87,1.57,1.13,1,2.16,bull,neutral,0,0.275,32,1742,0,
s7223,GRTUSDT,1781474400000,testB,1,3.02,0.596,4.38,3.63,4.42,0.86,2.07,0.97,1.09,0.82,0,2.16,bull,neutral,0,0.726,32,1742,0,
s7224,LDOUSDT,1781474400000,testB,1,3.71,0.6,4.66,4.1,5,1.55,2.68,1.27,1.04,0.83,1,2.16,bull,neutral,0,0.327,32,1742,0,
s7225,SANDUSDT,1781474400000,testB,1,3.94,0.72,5.18,4.26,5,1.77,2.51,1.09,0.98,0.69,1,2.16,bull,neutral,0,0.08,32,1742,0,
s7226,MANAUSDT,1781474400000,testB,1,4.29,0.778,5.29,4.71,5,2.13,2.87,1.38,0.93,0.67,1,2.16,bull,neutral,0,0.125,32,1742,0,
s7227,AXSUSDT,1781474400000,testB,1,3.17,0.652,4.51,3.69,4.63,1.01,2.11,0.92,0.9,0.73,1,2.16,bull,neutral,0,0.333,32,1742,0,
s7228,APEUSDT,1781474400000,testB,1,4.87,0.577,7.04,5.8,2.66,2.7,2.83,1.09,0.95,0.57,1,2.16,bull,neutral,0,0.333,32,1742,1,
s7229,ASTERUSDT,1781475300000,train,1,2.16,0.744,3.4,2.33,5,-0.18,1.37,1.05,0.96,0.5,1,2.33,bull,neutral,0,-0.007,32,1744,1,
s7230,XPLUSDT,1781475300000,train,1,4.83,0.456,7.42,5.01,1.76,2.5,2.13,0.93,1.02,0.89,0,2.33,bull,neutral,0,-0.656,32,1744,1,
s7231,PUMPUSDT,1781475300000,train,1,4.61,0.413,6.64,4.41,2.8,2.28,1.59,1.22,1.19,0.84,1,2.33,bull,neutral,0,0.609,32,1744,1,
s7232,STBLUSDT,1781475300000,train,1,2.5,0.388,3.88,2.66,1.56,0.17,1.16,0.66,0.75,1.49,0,2.33,bull,neutral,0,-1.0,30,1744,1,
s7233,0GUSDT,1781475300000,train,1,4.02,0.592,4.96,3.86,1.63,1.69,1.83,0.64,0.7,0.6,0,2.33,bull,neutral,0,0.483,32,1744,0,
s7234,ENAUSDT,1781475300000,train,1,6.14,0.59,7.24,5.98,1.85,3.81,2.9,0.94,0.73,0.57,1,2.33,bull,neutral,0,0.342,32,1744,1,
s7235,ARBUSDT,1781475300000,train,1,4.32,0.616,5.17,4.17,3.52,1.99,2.2,1.12,0.79,0.59,1,2.33,bull,neutral,0,0.473,32,1744,0,
s7236,OPUSDT,1781475300000,train,1,2.84,0.484,4.06,3.04,2.07,0.51,1.55,0.63,0.61,0.61,0,2.33,bull,neutral,0,0.727,32,1744,1,
s7237,INJUSDT,1781475300000,train,1,4.72,0.572,5.57,4.7,3.37,2.39,2.61,0.89,0.81,0.57,1,2.33,bull,neutral,0,0.114,32,1744,1,
s7238,SUIUSDT,1781475300000,train,1,4.59,0.666,5.48,4.39,5,2.26,2.57,1.14,0.87,0.58,1,2.33,bull,neutral,0,0.647,32,1744,1,
s7239,TIAUSDT,1781475300000,train,1,5.2,0.648,5.8,4.94,1.98,2.87,2.5,0.91,0.82,0.64,1,2.33,bull,neutral,0,0.873,32,1744,1,
s7240,SEIUSDT,1781475300000,train,1,3.16,0.538,4.06,3.66,1.67,0.83,1.87,0.78,0.69,0.8,0,2.33,bull,neutral,0,-0.055,32,1744,0,
s7241,JUPUSDT,1781475300000,train,1,3.81,0.561,4.87,3.67,1.97,1.48,1.78,1.2,0.85,0.6,1,2.33,bull,neutral,1,2.0,19,1744,1,
s7242,PENDLEUSDT,1781475300000,train,1,6.02,0.632,6.78,5.68,2.32,3.68,2.87,1.15,1.0,0.95,1,2.33,bull,neutral,0,0.381,32,1744,1,
s7243,ONDOUSDT,1781475300000,train,1,6.33,0.762,6.28,5.95,3.6,4.0,3.55,1.05,1.06,0.73,0,2.33,bull,alcista,0,0.826,32,1743,2,train
s7244,FETUSDT,1781475300000,train,1,5.24,0.587,6.31,5.22,2.37,2.91,2.49,1.12,1.4,1.24,0,2.33,bull,alcista,0,0.673,32,1743,2,train
s7245,ARUSDT,1781475300000,testB,1,5.07,0.625,5.31,4.83,1.04,2.74,2.23,0.95,0.77,0.66,1,2.33,bull,neutral,0,0.46,32,1743,1,
s7246,STXUSDT,1781475300000,testB,1,5.38,0.607,6.76,5.21,1.02,3.05,1.96,1.87,1.57,1.13,1,2.33,bull,neutral,0,0.267,32,1743,0,
s7247,GRTUSDT,1781475300000,testB,1,3.6,0.714,4.17,3.67,3.27,1.27,2.14,0.97,1.09,0.82,0,2.33,bull,neutral,0,0.703,32,1743,1,
s7248,LDOUSDT,1781475300000,testB,1,4.28,0.743,4.66,4.14,2.29,1.94,2.47,1.27,1.04,0.83,1,2.33,bull,neutral,0,0.36,32,1743,1,
s7249,SANDUSDT,1781475300000,testB,1,4.23,0.811,5.13,4.07,4.8,1.9,2.17,1.09,0.98,0.69,1,2.33,bull,neutral,0,0.176,32,1743,0,
s7250,MANAUSDT,1781475300000,testB,1,4.31,0.778,5.31,4.42,5,1.98,2.32,1.38,0.93,0.67,1,2.33,bull,neutral,0,0.233,32,1743,0,
s7251,AXSUSDT,1781475300000,testB,1,3.51,0.767,4.52,3.49,2.75,1.17,1.74,0.92,0.9,0.73,1,2.33,bull,neutral,0,0.471,32,1743,0,
s7252,APEUSDT,1781475300000,testB,1,5.81,0.747,6.65,5.49,1.54,3.47,2.63,1.09,0.95,0.57,1,2.33,bull,alcista,0,0.38,32,1743,2,
s7253,ASTERUSDT,1781476200000,train,1,2.17,0.746,3.4,2.38,2.59,-0.49,1.32,1.05,0.96,0.5,1,2.66,bull,alcista,0,-0.06,32,1745,2,train
s7254,PUMPUSDT,1781476200000,train,1,4.58,0.413,6.29,4.63,2.58,1.92,2.02,1.22,1.19,0.84,1,2.66,bull,alcista,0,0.397,32,1745,2,train
s7255,STBLUSDT,1781476200000,train,1,2.15,0.354,3.88,2.74,1.58,-0.51,1.11,0.66,0.75,1.49,0,2.66,bull,alcista,0,-1.0,29,1745,2,train
s7256,0GUSDT,1781476200000,train,1,3.01,0.524,4.29,3.36,1.38,0.35,1.87,0.64,0.7,0.6,0,2.66,bull,neutral,0,0.525,32,1745,1,
s7257,ENAUSDT,1781476200000,train,1,6.45,0.603,6.73,6.16,1.65,3.78,3.31,0.94,0.73,0.57,1,2.66,bull,alcista,0,0.199,32,1745,2,train
s7258,ARBUSDT,1781476200000,train,1,4.49,0.626,4.88,4.33,3.45,1.83,2.46,1.12,0.79,0.59,1,2.66,bull,neutral,0,0.299,32,1745,1,
s7259,OPUSDT,1781476200000,train,1,2.36,0.41,4.06,2.86,1.93,-0.3,1.28,0.63,0.61,0.61,0,2.66,bull,neutral,0,0.677,32,1745,0,
s7260,INJUSDT,1781476200000,train,1,5.01,0.589,5.49,4.88,2.32,2.34,2.85,0.89,0.81,0.57,1,2.66,bull,alcista,0,0.122,32,1745,2,train
s7261,SUIUSDT,1781476200000,train,1,5.16,0.692,5.46,5.12,4.08,2.49,3.11,1.14,0.87,0.58,1,2.66,bull,alcista,0,0.295,32,1745,2,train
s7262,TIAUSDT,1781476200000,train,1,4.57,0.619,5.25,4.43,1.32,1.91,2.34,0.91,0.82,0.64,1,2.66,bull,alcista,0,0.813,32,1745,2,train
s7263,SEIUSDT,1781476200000,train,1,3.47,0.562,4.3,4.15,1.44,0.81,2.26,0.78,0.69,0.8,0,2.66,bull,neutral,0,-0.205,32,1745,1,
s7264,JUPUSDT,1781476200000,train,1,3.5,0.541,4.75,3.72,1.79,0.83,1.79,1.2,0.85,0.6,1,2.66,bull,alcista,1,2.0,18,1745,2,train
s7265,PENDLEUSDT,1781476200000,train,1,5.2,0.586,6.38,5.18,1.39,2.54,2.54,1.15,1.0,0.95,1,2.66,bull,neutral,0,0.342,32,1745,0,
s7266,ONDOUSDT,1781476200000,train,1,6.55,0.769,6.45,6.2,2.63,3.89,3.61,1.05,1.06,0.73,0,2.66,bull,alcista,0,0.522,32,1744,3,train
s7267,FETUSDT,1781476200000,train,1,5.22,0.587,6.29,5.62,2.02,2.56,2.76,1.12,1.4,1.24,0,2.66,bull,alcista,0,0.496,32,1744,3,train
s7268,ARUSDT,1781476200000,testB,1,4.33,0.589,4.83,4.39,1.03,1.67,2.18,0.95,0.77,0.66,1,2.66,bull,neutral,0,0.462,32,1744,0,
s7269,STXUSDT,1781476200000,testB,1,5.14,0.597,6.33,4.94,0.86,2.48,1.95,1.87,1.57,1.13,1,2.66,bull,neutral,0,0.208,32,1744,1,
s7270,GRTUSDT,1781476200000,testB,1,3.34,0.684,4.17,3.62,1.97,0.67,1.94,0.97,1.09,0.82,0,2.66,bull,neutral,0,0.616,32,1744,0,
s7271,LDOUSDT,1781476200000,testB,1,3.99,0.73,4.66,4.14,2.41,1.33,2.28,1.27,1.04,0.83,1,2.66,bull,neutral,0,0.288,32,1744,0,
s7272,SANDUSDT,1781476200000,testB,1,4.24,0.812,5.04,4.25,2.92,1.57,2.24,1.09,0.98,0.69,1,2.66,bull,neutral,0,0.053,32,1744,1,
s7273,MANAUSDT,1781476200000,testB,1,4.62,0.789,5.29,4.71,4.73,1.95,2.45,1.38,0.93,0.67,1,2.66,bull,neutral,0,0.062,32,1744,1,
s7274,AXSUSDT,1781476200000,testB,1,3.5,0.767,4.51,3.69,2.31,0.84,1.78,0.92,0.9,0.73,1,2.66,bull,neutral,0,0.278,32,1744,1,
s7275,APEUSDT,1781476200000,testB,1,5.03,0.721,6.26,5.1,1.51,2.37,2.45,1.09,0.95,0.57,1,2.66,bull,neutral,0,0.379,32,1744,0,
s7276,PUMPUSDT,1781477100000,train,1,4.31,0.385,6.3,4.45,1.96,1.8,1.65,1.22,1.19,0.84,1,2.52,bull,neutral,0,0.4,32,1746,0,
s7277,0GUSDT,1781477100000,train,1,2.54,0.407,4.31,2.81,1.72,0.02,1.14,0.64,0.7,0.6,0,2.52,bull,neutral,0,0.75,32,1746,0,
s7278,ENAUSDT,1781477100000,train,1,5.51,0.481,6.69,5.31,1.09,2.99,2.25,0.94,0.73,0.57,1,2.52,bull,neutral,0,0.341,32,1746,0,
s7279,ARBUSDT,1781477100000,train,1,3.75,0.479,4.89,3.67,2.68,1.23,1.56,1.12,0.79,0.59,1,2.52,bull,neutral,0,0.506,32,1746,0,
s7280,OPUSDT,1781477100000,train,1,2.18,0.365,4.07,2.59,1.59,-0.34,0.88,0.63,0.61,0.61,0,2.52,bull,neutral,0,0.679,32,1746,0,
s7281,INJUSDT,1781477100000,train,1,4.01,0.439,5.54,4.13,1.39,1.5,1.81,0.89,0.81,0.57,1,2.52,bull,neutral,0,0.271,32,1746,0,
s7282,SUIUSDT,1781477100000,train,1,4.88,0.63,5.48,4.79,2.46,2.36,2.47,1.14,0.87,0.58,1,2.52,bull,neutral,0,0.348,32,1746,0,
s7283,TIAUSDT,1781477100000,train,1,3.87,0.508,5.16,3.87,0.95,1.36,1.65,0.91,0.82,0.64,1,2.52,bull,neutral,0,0.904,32,1746,0,
s7284,SEIUSDT,1781477100000,train,1,2.82,0.412,4.33,3.47,1.19,0.3,1.28,0.78,0.69,0.8,0,2.52,bull,neutral,0,-0.032,32,1746,0,
s7285,JUPUSDT,1781477100000,train,1,3.56,0.556,4.7,3.61,1.45,1.04,1.52,1.2,0.85,0.6,1,2.52,bull,neutral,1,2.0,17,1746,0,
s7286,PENDLEUSDT,1781477100000,train,1,5.54,0.612,6.28,5.31,0.99,3.02,2.46,1.15,1.0,0.95,1,2.52,bull,neutral,0,0.201,32,1746,1,
s7287,ONDOUSDT,1781477100000,train,1,6.17,0.759,6.71,6.36,1.93,3.66,3.39,1.05,1.06,0.73,0,2.52,bull,alcista,0,0.517,32,1745,4,train
s7288,FETUSDT,1781477100000,train,1,5.34,0.605,6.3,5.45,1.31,2.82,2.28,1.12,1.4,1.24,0,2.52,bull,neutral,0,0.504,32,1745,0,
s7289,ARUSDT,1781477100000,testB,1,4.39,0.6,4.83,4.25,0.82,1.87,1.74,0.95,0.77,0.66,1,2.52,bull,neutral,0,0.443,32,1745,0,
s7290,STXUSDT,1781477100000,testB,1,4.05,0.449,6.22,4.1,0.81,1.53,1.05,1.87,1.57,1.13,1,2.52,bull,neutral,0,0.367,32,1745,0,
s7291,GRTUSDT,1781477100000,testB,1,3.14,0.616,4.19,3.24,1.31,0.62,1.35,0.97,1.09,0.82,0,2.52,bull,neutral,0,0.877,32,1745,0,
s7292,LDOUSDT,1781477100000,testB,1,3.73,0.649,4.68,3.82,1.73,1.21,1.7,1.27,1.04,0.83,1,2.52,bull,neutral,0,0.382,32,1745,0,
s7293,SANDUSDT,1781477100000,testB,1,3.92,0.709,5.06,3.96,1.63,1.41,1.7,1.09,0.98,0.69,1,2.52,bull,neutral,0,0.162,32,1745,0,
s7294,MANAUSDT,1781477100000,testB,1,3.69,0.545,5.34,3.86,1.78,1.18,1.33,1.38,0.93,0.67,1,2.52,bull,neutral,0,0.346,32,1745,0,
s7295,AXSUSDT,1781477100000,testB,1,3.18,0.652,4.52,3.39,2.1,0.66,1.28,0.92,0.9,0.73,1,2.52,bull,neutral,0,0.394,32,1745,0,
s7296,APEUSDT,1781477100000,testB,1,5.13,0.741,6.11,4.8,1.18,2.61,2.0,1.09,0.95,0.57,1,2.52,bull,neutral,0,0.403,32,1745,0,
s7297,PUMPUSDT,1781478000000,train,1,4.38,0.388,6.04,4.32,0.97,1.6,1.71,1.22,1.19,0.87,1,2.78,bull,neutral,0,0.368,32,1747,1,
s7298,0GUSDT,1781478000000,train,1,2.81,0.436,4.3,3.04,0.93,0.03,1.31,0.61,0.69,0.59,0,2.78,bull,neutral,0,0.813,32,1747,1,
s7299,WLDUSDT,1781478000000,train,1,3.57,0.374,5.19,4.46,1.03,0.79,2.01,0.56,0.5,0.5,0,2.78,bull,alcista,1,2.0,13,1747,4,train
s7300,ENAUSDT,1781478000000,train,1,4.89,0.435,6.58,5.0,0.68,2.11,1.95,0.94,0.74,0.58,1,2.78,bull,neutral,0,0.444,32,1747,0,
s7301,ARBUSDT,1781478000000,train,1,3.7,0.476,4.75,3.63,1.44,0.92,1.55,1.29,0.87,0.64,1,2.78,bull,neutral,0,0.553,32,1747,1,
s7302,OPUSDT,1781478000000,train,1,2.08,0.355,4.07,2.68,1.24,-0.7,0.92,0.65,0.61,0.63,0,2.78,bull,neutral,0,0.655,32,1747,1,
s7303,INJUSDT,1781478000000,train,1,4.06,0.442,5.46,4.37,0.88,1.28,1.91,0.83,0.81,0.59,1,2.78,bull,neutral,0,0.295,32,1747,1,
s7304,SUIUSDT,1781478000000,train,1,4.68,0.621,5.42,4.73,1.16,1.9,2.27,1.49,1.05,0.67,1,2.78,bull,neutral,0,0.334,32,1747,0,
s7305,TIAUSDT,1781478000000,train,1,3.33,0.438,4.83,3.28,0.69,0.55,1.31,0.94,0.81,0.66,1,2.78,bull,neutral,0,1.447,32,1747,0,
s7306,SEIUSDT,1781478000000,train,1,3.18,0.481,4.32,3.52,0.82,0.4,1.28,0.82,0.7,0.81,0,2.78,bull,neutral,0,-0.005,32,1747,1,
s7307,JUPUSDT,1781478000000,train,1,3.79,0.571,4.22,3.59,0.97,1.01,1.84,1.4,0.98,0.67,1,2.78,bull,neutral,1,2.0,16,1747,1,
s7308,PENDLEUSDT,1781478000000,train,1,5.37,0.606,6.06,5.52,0.67,2.59,2.67,1.24,1.05,0.99,1,2.78,bull,alcista,0,0.119,32,1747,2,train
s7309,ONDOUSDT,1781478000000,train,1,6.04,0.755,6.76,6.43,1.52,3.27,3.21,1.19,1.1,0.77,1,2.78,bull,alcista,0,0.515,32,1746,5,train
s7310,FETUSDT,1781478000000,train,1,5.33,0.605,5.77,5.06,0.95,2.55,2.3,1.07,1.42,1.26,0,2.78,bull,neutral,0,0.533,32,1746,1,
s7311,ARUSDT,1781478000000,testB,1,3.2,0.464,4.08,3.11,0.68,0.43,1.32,0.99,0.8,0.66,1,2.78,bull,neutral,0,0.938,32,1746,0,
s7312,STXUSDT,1781478000000,testB,1,4.2,0.459,5.95,4.14,0.64,1.42,1.32,1.98,1.52,1.17,1,2.78,bull,neutral,0,0.275,32,1746,1,
s7313,GRTUSDT,1781478000000,testB,1,2.83,0.534,4.1,2.9,1.04,0.05,1.03,1.0,1.11,0.85,0,2.78,bull,neutral,0,1.724,32,1746,0,
s7314,LDOUSDT,1781478000000,testB,1,3.37,0.608,4.68,3.74,1.15,0.59,1.54,1.39,1.09,0.87,1,2.78,bull,neutral,0,0.48,32,1746,0,
s7315,SANDUSDT,1781478000000,testB,1,3.82,0.704,4.9,3.85,0.95,1.04,1.63,1.17,1.04,0.72,1,2.78,bull,neutral,0,0.142,32,1746,1,
s7316,MANAUSDT,1781478000000,testB,1,3.69,0.545,4.89,3.56,0.79,0.91,1.38,1.42,0.96,0.7,1,2.78,bull,neutral,0,0.375,32,1746,0,
s7317,AXSUSDT,1781478000000,testB,1,3.08,0.617,4.53,3.29,1.49,0.3,1.13,1.01,0.93,0.75,1,2.78,bull,neutral,0,0.438,32,1746,0,
s7318,APEUSDT,1781478000000,testB,1,4.69,0.725,5.8,4.64,0.7,1.91,2.06,1.16,0.99,0.61,1,2.78,bull,neutral,0,0.417,32,1746,1,
s7319,ASTERUSDT,1781478900000,train,1,2.03,0.663,3.41,2.13,0.43,-0.91,0.78,1.1,0.99,0.51,1,2.94,bull,neutral,0,0.03,32,1748,0,
s7320,PUMPUSDT,1781478900000,train,1,3.96,0.366,6.04,4.32,0.72,1.02,1.46,1.22,1.19,0.87,1,2.94,bull,neutral,0,0.397,32,1748,0,
s7321,0GUSDT,1781478900000,train,1,3.05,0.456,4.29,3.36,0.71,0.11,1.33,0.61,0.69,0.59,0,2.94,bull,alcista,0,0.683,32,1748,2,train
s7322,ENAUSDT,1781478900000,train,1,4.74,0.428,6.57,5.14,0.56,1.79,1.85,0.94,0.74,0.58,1,2.94,bull,neutral,0,0.389,32,1748,1,
s7323,ARBUSDT,1781478900000,train,1,2.95,0.423,4.72,4.06,1.06,0.01,1.77,1.29,0.87,0.64,1,2.94,bull,alcista,0,0.363,32,1748,2,train
s7324,OPUSDT,1781478900000,train,1,2.07,0.355,4.06,2.95,0.85,-0.87,1.04,0.65,0.61,0.63,0,2.94,bull,alcista,0,0.531,32,1748,2,train
s7325,INJUSDT,1781478900000,train,1,4.44,0.464,5.44,4.82,0.89,1.5,2.17,0.83,0.81,0.59,1,2.94,bull,alcista,0,0.254,32,1748,2,train
s7326,SUIUSDT,1781478900000,train,1,5.59,0.662,6.04,5.74,1.35,2.65,3.0,1.49,1.05,0.67,1,2.94,bull,neutral,0,0.123,32,1748,1,
s7327,TIAUSDT,1781478900000,train,1,2.53,0.374,4.82,3.53,0.56,-0.41,1.34,0.94,0.81,0.66,1,2.94,bull,neutral,0,1.325,32,1748,1,
s7328,SEIUSDT,1781478900000,train,1,3.69,0.524,4.31,3.96,0.77,0.75,1.55,0.82,0.7,0.81,0,2.94,bull,alcista,0,0.037,32,1748,2,train
s7329,JUPUSDT,1781478900000,train,1,3.64,0.564,4.24,4.19,1.05,0.69,2.28,1.4,0.98,0.67,1,2.94,bull,alcista,1,2.0,25,1748,2,train
s7330,PENDLEUSDT,1781478900000,train,1,5.49,0.612,6.19,5.72,0.8,2.55,2.51,1.24,1.05,0.99,1,2.94,bull,alcista,0,0.112,32,1748,3,train
s7331,ONDOUSDT,1781478900000,train,1,6.44,0.829,6.97,6.48,1.22,3.5,2.92,1.19,1.1,0.77,1,2.94,bull,alcista,0,0.444,32,1747,6,train
s7332,FETUSDT,1781478900000,train,1,4.2,0.521,5.64,4.74,0.82,1.25,1.84,1.07,1.42,1.26,0,2.94,bull,neutral,0,0.32,32,1747,0,
s7333,STXUSDT,1781478900000,testB,1,4.41,0.471,5.92,4.53,0.58,1.46,1.52,1.98,1.52,1.17,1,2.94,bull,alcista,0,0.193,32,1747,2,
s7334,GRTUSDT,1781478900000,testB,1,3.02,0.551,4.08,3.33,0.89,0.08,1.31,1.0,1.11,0.85,0,2.94,bull,neutral,0,1.507,32,1747,1,
s7335,LDOUSDT,1781478900000,testB,1,3.71,0.632,4.66,4.1,1.1,0.77,1.69,1.39,1.09,0.87,1,2.94,bull,neutral,0,0.409,32,1747,1,
s7336,SANDUSDT,1781478900000,testB,1,4.11,0.719,4.88,4.25,0.78,1.16,1.81,1.17,1.04,0.72,1,2.94,bull,alcista,0,0.058,32,1747,2,
s7337,MANAUSDT,1781478900000,testB,1,3.52,0.535,4.88,3.7,0.55,0.58,1.38,1.42,0.96,0.7,1,2.94,bull,neutral,0,0.32,32,1747,0,
s7338,AXSUSDT,1781478900000,testB,1,3.28,0.633,4.51,3.59,1.21,0.34,1.28,1.01,0.93,0.75,1,2.94,bull,neutral,0,0.314,32,1747,1,
s7339,APEUSDT,1781478900000,testB,1,5.17,0.744,5.45,4.92,0.7,2.23,2.33,1.16,0.99,0.61,1,2.94,bull,alcista,0,0.266,32,1747,2,
s7340,ASTERUSDT,1781479800000,train,1,2.06,0.681,3.41,2.1,0.29,-0.76,0.67,1.1,0.99,0.51,1,2.82,bull,neutral,0,0.0,32,1749,0,
s7341,PUMPUSDT,1781479800000,train,1,4.04,0.374,6.05,4.08,0.54,1.22,1.08,1.22,1.19,0.87,1,2.82,bull,neutral,0,0.5,32,1749,0,
s7342,0GUSDT,1781479800000,train,1,3.02,0.449,4.3,3.16,0.72,0.2,1.04,0.61,0.69,0.59,0,2.82,bull,neutral,0,0.863,32,1749,0,
s7343,WLDUSDT,1781479800000,train,1,3.9,0.404,5.2,4.3,0.93,1.08,1.45,0.56,0.5,0.5,0,2.82,bull,neutral,1,2.0,10,1749,1,
s7344,ENAUSDT,1781479800000,train,1,4.9,0.447,6.57,5.1,0.51,2.08,1.62,0.94,0.74,0.58,1,2.82,bull,neutral,0,0.407,32,1749,0,
s7345,ARBUSDT,1781479800000,train,1,3.1,0.451,4.74,3.74,1.0,0.27,1.29,1.29,0.87,0.64,1,2.82,bull,neutral,0,0.439,32,1749,0,
s7346,OPUSDT,1781479800000,train,1,2.08,0.355,4.07,2.59,0.65,-0.74,0.62,0.65,0.61,0.63,0,2.82,bull,neutral,0,0.75,32,1749,0,
s7347,INJUSDT,1781479800000,train,1,4.2,0.429,5.46,4.5,0.88,1.38,1.62,0.83,0.81,0.59,1,2.82,bull,neutral,0,0.265,32,1749,0,
s7348,SUIUSDT,1781479800000,train,1,5.66,0.673,6.48,5.59,1.27,2.84,2.57,1.49,1.05,0.67,1,2.82,bull,neutral,0,0.09,32,1749,0,
s7349,TIAUSDT,1781479800000,train,1,2.75,0.417,4.83,3.31,0.66,-0.07,0.97,0.94,0.81,0.66,1,2.82,bull,neutral,0,1.357,32,1749,0,
s7350,SEIUSDT,1781479800000,train,1,3.7,0.524,4.31,3.82,0.75,0.88,1.27,0.82,0.7,0.81,0,2.82,bull,neutral,0,0.062,32,1749,0,
s7351,JUPUSDT,1781479800000,train,1,4.71,0.702,5.29,4.78,1.34,1.89,2.65,1.4,0.98,0.67,1,2.82,bull,alcista,0,1.118,32,1749,3,train
s7352,PENDLEUSDT,1781479800000,train,1,5.27,0.57,6.23,5.21,0.78,2.45,1.78,1.24,1.05,0.99,1,2.82,bull,neutral,0,0.198,32,1749,0,
s7353,ONDOUSDT,1781479800000,train,1,6.26,0.783,7.01,6.0,1.1,3.44,2.09,1.19,1.1,0.77,1,2.82,bull,neutral,0,0.586,32,1748,0,
s7354,FETUSDT,1781479800000,train,1,4.56,0.59,5.64,4.74,0.71,1.73,1.7,1.07,1.42,1.26,0,2.82,bull,neutral,0,0.39,32,1748,0,
s7355,STXUSDT,1781479800000,testB,1,4.3,0.455,5.93,4.43,0.55,1.48,1.23,1.98,1.52,1.17,1,2.82,bull,neutral,0,0.105,32,1748,0,
s7356,GRTUSDT,1781479800000,testB,1,2.87,0.509,4.09,3.04,0.81,0.05,0.94,1.0,1.11,0.85,0,2.82,bull,neutral,0,1.426,32,1748,0,
s7357,LDOUSDT,1781479800000,testB,1,3.81,0.653,4.68,3.74,0.74,0.99,1.2,1.39,1.09,0.87,1,2.82,bull,neutral,0,0.45,32,1748,0,
s7358,SANDUSDT,1781479800000,testB,1,4.13,0.725,4.89,4.08,0.59,1.31,1.48,1.17,1.04,0.72,1,2.82,bull,neutral,0,0.018,32,1748,0,
s7359,MANAUSDT,1781479800000,testB,1,3.53,0.535,4.89,3.56,0.44,0.71,1.11,1.42,0.96,0.7,1,2.82,bull,neutral,0,0.25,32,1748,0,
s7360,AXSUSDT,1781479800000,testB,1,2.86,0.529,4.53,3.29,0.84,0.04,0.87,1.01,0.93,0.75,1,2.82,bull,neutral,0,0.406,32,1748,0,
s7361,APEUSDT,1781479800000,testB,1,4.76,0.678,5.47,4.7,0.51,1.94,1.92,1.16,0.99,0.61,1,2.82,bull,neutral,0,0.311,32,1748,0,
s7362,ASTERUSDT,1781480700000,train,1,2.35,0.709,3.4,2.41,0.37,-0.67,0.91,1.1,0.99,0.51,1,3.02,bull,neutral,0,-0.248,32,1750,1,
s7363,PUMPUSDT,1781480700000,train,1,4.44,0.401,5.97,4.32,0.33,1.42,1.26,1.22,1.19,0.87,1,3.02,bull,neutral,0,0.25,32,1750,1,
s7364,0GUSDT,1781480700000,train,1,3.53,0.488,4.27,3.81,0.59,0.51,1.55,0.61,0.69,0.59,0,3.02,bull,neutral,0,0.478,32,1750,1,
s7365,WLDUSDT,1781480700000,train,1,4.87,0.47,5.96,5.05,1.07,1.85,2.09,0.56,0.5,0.5,0,3.02,bull,alcista,1,2.0,12,1750,2,train
s7366,ENAUSDT,1781480700000,train,1,5.07,0.465,6.37,4.94,0.5,2.05,1.46,0.94,0.74,0.58,1,3.02,bull,neutral,0,0.323,32,1750,1,
s7367,ARBUSDT,1781480700000,train,1,4.15,0.578,4.49,4.14,0.98,1.13,1.74,1.29,0.87,0.64,1,3.02,bull,neutral,0,0.152,32,1750,1,
s7368,OPUSDT,1781480700000,train,1,2.65,0.438,4.06,2.95,0.62,-0.37,0.87,0.65,0.61,0.63,0,3.02,bull,neutral,0,0.438,32,1750,1,
s7369,INJUSDT,1781480700000,train,1,5.06,0.508,5.43,4.93,0.72,2.05,1.85,0.83,0.81,0.59,1,3.02,bull,neutral,0,0.027,32,1750,1,
s7370,SUIUSDT,1781480700000,train,1,7.17,0.729,6.95,6.89,1.36,4.15,3.58,1.49,1.05,0.67,1,3.02,bull,neutral,0,-0.163,32,1750,1,
s7371,TIAUSDT,1781480700000,train,1,3.85,0.542,4.79,4.05,0.68,0.83,1.55,0.94,0.81,0.66,1,3.02,bull,neutral,0,0.739,32,1750,1,
s7372,SEIUSDT,1781480700000,train,1,4.24,0.558,4.38,4.34,0.71,1.23,1.69,0.82,0.7,0.81,0,3.02,bull,neutral,0,-0.1,32,1750,1,
s7373,JUPUSDT,1781480700000,train,1,5.47,0.732,5.74,5.63,1.39,2.45,3.19,1.4,0.98,0.67,1,3.02,bull,alcista,0,0.881,32,1750,4,train
s7374,PENDLEUSDT,1781480700000,train,1,5.86,0.596,5.97,5.53,0.69,2.84,2.06,1.24,1.05,0.99,1,3.02,bull,neutral,0,0.007,32,1750,1,
s7375,ONDOUSDT,1781480700000,train,1,6.4,0.786,6.99,6.23,0.96,3.38,2.09,1.19,1.1,0.77,1,3.02,bull,neutral,0,0.428,32,1749,1,
s7376,FETUSDT,1781480700000,train,1,5.12,0.682,5.63,4.87,0.71,2.1,1.65,1.07,1.42,1.26,0,3.02,bull,neutral,0,0.311,32,1749,1,
s7377,ARUSDT,1781480700000,testB,1,2.53,0.436,4.02,3.2,0.71,-0.48,0.96,0.99,0.8,0.66,1,3.02,bull,neutral,0,0.439,32,1749,1,
s7378,STXUSDT,1781480700000,testB,1,4.06,0.442,4.97,4.0,0.47,1.04,1.56,1.98,1.52,1.17,1,3.02,bull,neutral,0,-0.077,32,1749,1,
s7379,GRTUSDT,1781480700000,testB,1,3.39,0.559,4.07,3.48,0.81,0.37,1.25,1.0,1.11,0.85,0,3.02,bull,neutral,0,1.0,32,1749,1,
s7380,LDOUSDT,1781480700000,testB,1,4.39,0.685,4.65,4.35,0.65,1.37,1.63,1.39,1.09,0.87,1,3.02,bull,neutral,0,0.171,32,1749,1,
s7381,SANDUSDT,1781480700000,testB,1,4.76,0.752,4.82,4.69,0.64,1.74,1.94,1.17,1.04,0.72,1,3.02,bull,neutral,0,-0.163,32,1749,1,
s7382,MANAUSDT,1781480700000,testB,1,4.13,0.574,4.71,4.12,0.33,1.12,1.66,1.42,0.96,0.7,1,3.02,bull,neutral,0,0.0,32,1749,1,
s7383,AXSUSDT,1781480700000,testB,1,3.39,0.571,4.5,3.79,0.75,0.37,1.26,1.01,0.93,0.75,1,3.02,bull,neutral,0,0.108,32,1749,1,
s7384,APEUSDT,1781480700000,testB,1,4.91,0.685,5.37,4.98,0.83,1.89,2.01,1.16,0.99,0.61,1,3.02,bull,neutral,0,0.292,32,1749,1,
s7385,ASTERUSDT,1781481600000,train,1,2.34,0.7,3.32,2.31,0.38,-0.89,0.81,1.17,0.93,0.53,1,3.22,bull,neutral,0,-0.197,32,1751,0,
s7386,PUMPUSDT,1781481600000,train,1,4.23,0.39,5.71,4.12,0.39,1.01,1.14,1.27,1.03,0.91,1,3.22,bull,alcista,0,0.323,32,1751,2,train
s7387,0GUSDT,1781481600000,train,1,3.61,0.502,4.28,3.61,0.69,0.38,1.2,0.54,0.69,0.62,0,3.22,bull,neutral,0,0.972,32,1751,0,
s7388,WLDUSDT,1781481600000,train,1,5.63,0.508,5.75,5.54,1.07,2.41,2.51,0.72,0.57,0.54,1,3.22,bull,alcista,1,2.0,12,1751,3,train
s7389,ENAUSDT,1781481600000,train,1,5.12,0.468,6.05,4.91,0.6,1.89,1.54,0.88,0.71,0.6,1,3.22,bull,alcista,0,0.389,32,1751,2,train
s7390,ARBUSDT,1781481600000,train,1,4.81,0.617,4.67,4.6,1.03,1.59,1.97,1.46,0.94,0.62,1,3.22,bull,alcista,0,0.176,32,1751,2,train
s7391,OPUSDT,1781481600000,train,1,2.93,0.463,3.68,2.94,0.64,-0.29,1.08,0.82,0.67,0.67,1,3.22,bull,alcista,0,0.344,32,1751,2,train
s7392,INJUSDT,1781481600000,train,1,5.28,0.519,5.3,5.07,0.79,2.06,1.9,0.86,0.81,0.61,1,3.22,bull,alcista,0,-0.019,32,1751,2,train
s7393,SUIUSDT,1781481600000,train,1,7.09,0.715,6.95,6.66,1.36,3.87,3.1,1.66,1.11,0.71,1,3.22,bull,neutral,0,-0.096,32,1751,0,
s7394,TIAUSDT,1781481600000,train,1,4.15,0.56,4.61,4.15,0.71,0.93,1.52,0.94,0.78,0.68,1,3.22,bull,alcista,0,0.808,32,1751,2,train
s7395,SEIUSDT,1781481600000,train,1,4.57,0.579,4.55,4.49,0.8,1.34,1.8,0.89,0.72,0.82,0,3.22,bull,alcista,0,-0.024,32,1751,2,train
s7396,JUPUSDT,1781481600000,train,1,5.35,0.705,5.86,5.52,1.76,2.13,2.65,1.5,1.03,0.72,1,3.22,bull,neutral,0,0.98,32,1751,0,
s7397,PENDLEUSDT,1781481600000,train,1,6.41,0.618,6.11,6.03,0.71,3.18,2.49,1.38,1.03,1.04,0,3.22,bull,alcista,0,-0.088,32,1751,2,train
s7398,ONDOUSDT,1781481600000,train,1,6.47,0.789,6.73,6.19,0.8,3.25,2.13,1.19,1.11,0.81,1,3.22,bull,alcista,0,0.452,32,1750,2,train
s7399,FETUSDT,1781481600000,train,1,5.79,0.709,5.57,5.57,0.79,2.57,2.32,1.21,1.34,1.31,0,3.22,bull,alcista,0,0.21,32,1750,2,train
s7400,ARUSDT,1781481600000,testB,1,3.09,0.554,3.77,3.1,0.71,-0.13,0.82,1.03,0.78,0.66,1,3.22,bull,alcista,0,0.578,32,1750,2,
s7401,STXUSDT,1781481600000,testB,1,3.77,0.425,4.71,3.99,0.39,0.55,1.62,2.12,1.55,1.25,1,3.22,bull,alcista,0,-0.064,32,1750,2,
s7402,GRTUSDT,1781481600000,testB,1,3.49,0.567,3.92,3.42,0.73,0.27,1.19,1.07,1.01,0.86,1,3.22,bull,alcista,0,0.971,32,1750,2,
s7403,LDOUSDT,1781481600000,testB,1,4.7,0.699,4.67,4.67,0.64,1.47,1.81,1.43,1.08,0.9,1,3.22,bull,alcista,0,0.159,32,1750,2,
s7404,SANDUSDT,1781481600000,testB,1,5.07,0.764,4.93,4.9,0.82,1.84,2.08,1.3,1.09,0.76,1,3.22,bull,alcista,0,-0.061,32,1750,2,
s7405,MANAUSDT,1781481600000,testB,1,4.13,0.574,4.71,4.12,0.32,0.91,1.46,1.42,0.99,0.72,1,3.22,bull,alcista,0,0.071,32,1750,2,
s7406,AXSUSDT,1781481600000,testB,1,3.6,0.586,4.09,3.58,0.8,0.37,1.31,1.19,1.0,0.79,1,3.22,bull,alcista,0,0.229,32,1750,2,
s7407,APEUSDT,1781481600000,testB,1,5.24,0.73,5.36,5.13,0.91,2.01,1.94,1.08,1.0,0.62,1,3.22,bull,alcista,0,0.373,32,1750,2,
s7408,0GUSDT,1781482500000,train,1,3.54,0.498,4.05,3.38,1.0,0.69,1.11,0.54,0.69,0.62,0,2.85,bull,neutral,0,1.098,32,1752,1,
s7409,WLDUSDT,1781482500000,train,1,5.68,0.512,6.86,6.11,1.34,2.83,2.99,0.72,0.57,0.54,1,2.85,bull,alcista,1,2.0,15,1752,4,
s7410,ARBUSDT,1781482500000,train,1,3.81,0.467,4.48,3.74,0.89,0.97,1.23,1.46,0.94,0.62,1,2.85,bull,neutral,0,0.318,32,1752,0,
s7411,INJUSDT,1781482500000,train,1,4.01,0.368,5.26,4.06,0.75,1.16,0.86,0.86,0.81,0.61,1,2.85,bull,neutral,0,0.218,32,1752,0,
s7412,SUIUSDT,1781482500000,train,1,6.38,0.638,6.71,6.05,1.0,3.53,2.47,1.66,1.11,0.71,1,2.85,bull,neutral,0,-0.07,32,1752,0,
s7413,TIAUSDT,1781482500000,train,1,3.55,0.451,4.4,3.43,0.75,0.71,0.96,0.94,0.78,0.68,1,2.85,bull,neutral,0,1.058,32,1752,0,
s7414,SEIUSDT,1781482500000,train,1,4.13,0.497,4.48,3.99,0.82,1.28,1.25,0.89,0.72,0.82,0,2.85,bull,neutral,0,0.114,32,1752,0,
s7415,JUPUSDT,1781482500000,train,1,4.7,0.588,5.89,5.05,1.55,1.85,1.99,1.5,1.03,0.72,1,2.85,bull,neutral,0,1.111,32,1752,0,
s7416,PENDLEUSDT,1781482500000,train,1,5.72,0.571,5.91,5.66,0.55,2.87,2.14,1.38,1.03,1.04,0,2.85,bull,neutral,0,-0.143,32,1752,0,
s7417,ONDOUSDT,1781482500000,train,1,5.99,0.754,6.36,5.71,0.7,3.14,1.86,1.19,1.11,0.81,1,2.85,bull,neutral,0,0.552,32,1751,0,
s7418,FETUSDT,1781482500000,train,1,4.93,0.61,5.31,4.89,0.84,2.08,1.8,1.21,1.34,1.31,0,2.85,bull,neutral,0,0.269,32,1751,0,
s7419,ARUSDT,1781482500000,testB,1,2.89,0.537,3.63,3.0,0.9,0.04,0.82,1.03,0.78,0.66,1,2.85,bull,alcista,0,0.548,32,1751,3,
s7420,GRTUSDT,1781482500000,testB,1,2.97,0.483,3.78,3.03,0.77,0.12,0.87,1.07,1.01,0.86,1,2.85,bull,neutral,0,1.18,32,1751,0,
s7421,LDOUSDT,1781482500000,testB,1,4.38,0.624,4.57,4.24,0.6,1.54,1.42,1.43,1.08,0.9,1,2.85,bull,neutral,0,0.281,32,1751,0,
s7422,SANDUSDT,1781482500000,testB,1,4.35,0.654,4.56,4.17,0.8,1.5,1.58,1.3,1.09,0.76,1,2.85,bull,neutral,0,-0.022,32,1751,0,
s7423,MANAUSDT,1781482500000,testB,1,3.36,0.458,4.43,3.4,0.35,0.51,0.94,1.42,0.99,0.72,1,2.85,bull,neutral,0,0.261,32,1751,0,
s7424,AXSUSDT,1781482500000,testB,1,2.85,0.458,3.69,2.77,0.84,0.0,0.8,1.19,1.0,0.79,1,2.85,bull,neutral,0,0.333,32,1751,0,
s7425,APEUSDT,1781482500000,testB,1,4.82,0.698,4.9,4.6,0.81,1.97,1.66,1.08,1.0,0.62,1,2.85,bull,neutral,0,0.35,32,1751,0,
s7426,0GUSDT,1781483400000,train,1,2.77,0.395,4.06,3.06,1.1,0.44,0.68,0.54,0.69,0.62,0,2.33,bull,neutral,0,1.457,32,1753,0,
s7427,WLDUSDT,1781483400000,train,1,5.24,0.485,6.87,6.04,1.39,2.91,2.65,0.72,0.57,0.54,1,2.33,bull,neutral,1,2.0,14,1753,0,
s7428,ARBUSDT,1781483400000,train,1,3.05,0.356,4.48,3.18,0.86,0.72,0.65,1.46,0.94,0.62,1,2.33,bull,neutral,0,0.576,32,1753,0,
s7429,SUIUSDT,1781483400000,train,1,5.72,0.569,6.69,5.69,0.77,3.39,1.93,1.66,1.11,0.71,1,2.33,bull,neutral,0,0.011,32,1753,0,
s7430,TIAUSDT,1781483400000,train,1,2.77,0.359,4.42,3.13,0.59,0.44,0.62,0.94,0.78,0.68,1,2.33,bull,neutral,0,1.183,32,1753,0,
s7431,JUPUSDT,1781483400000,train,1,4.06,0.469,5.93,4.35,1.14,1.73,1.1,1.5,1.03,0.72,1,2.33,bull,neutral,0,1.468,32,1753,0,
s7432,PENDLEUSDT,1781483400000,train,1,4.03,0.377,5.86,4.47,0.61,1.7,0.89,1.38,1.03,1.04,0,2.33,bull,neutral,0,0.172,32,1753,0,
s7433,ONDOUSDT,1781483400000,train,1,4.95,0.638,6.14,5.08,0.64,2.62,1.29,1.19,1.11,0.81,1,2.33,bull,neutral,0,0.683,32,1752,0,
s7434,FETUSDT,1781483400000,train,1,3.59,0.417,5.12,3.79,0.92,1.25,0.85,1.21,1.34,1.31,0,2.33,bull,neutral,0,0.575,32,1752,0,
s7435,GRTUSDT,1781483400000,testB,1,2.3,0.354,3.8,2.55,0.77,-0.03,0.34,1.07,1.01,0.86,1,2.33,bull,neutral,1,2.0,26,1752,0,
s7436,LDOUSDT,1781483400000,testB,1,3.52,0.497,4.41,3.62,0.56,1.19,0.87,1.43,1.08,0.9,1,2.33,bull,neutral,0,0.485,32,1752,0,
s7437,SANDUSDT,1781483400000,testB,1,3.5,0.526,4.43,3.62,0.75,1.17,1.04,1.3,1.09,0.76,1,2.33,bull,neutral,0,0.093,32,1752,0,
s7438,MANAUSDT,1781483400000,testB,1,2.89,0.404,4.29,3.11,0.38,0.56,0.69,1.42,0.99,0.72,1,2.33,bull,neutral,0,0.381,32,1752,0,
s7439,AXSUSDT,1781483400000,testB,1,2.21,0.356,3.6,2.37,0.89,-0.12,0.44,1.19,1.0,0.79,1,2.33,bull,neutral,0,0.652,32,1752,0,
s7440,APEUSDT,1781483400000,testB,1,3.75,0.595,4.38,3.84,0.85,1.41,1.26,1.08,1.0,0.62,1,2.33,bull,neutral,0,0.52,32,1752,0,
s7441,0GUSDT,1781484300000,train,1,3.01,0.44,4.06,3.09,1.29,0.49,0.68,0.54,0.69,0.62,0,2.52,bull,neutral,0,1.505,32,1754,1,
s7442,ARBUSDT,1781484300000,train,1,3.57,0.413,4.47,3.46,0.73,1.05,0.86,1.46,0.94,0.62,1,2.52,bull,neutral,0,0.324,32,1754,1,
s7443,OPUSDT,1781484300000,train,1,2.84,0.366,3.68,2.85,1.46,0.32,0.94,0.82,0.67,0.67,1,2.52,bull,neutral,0,0.355,32,1754,1,
s7444,SUIUSDT,1781484300000,train,1,6.16,0.615,6.68,5.86,0.53,3.64,1.91,1.66,1.11,0.71,1,2.52,bull,neutral,0,-0.069,32,1754,1,
s7445,TIAUSDT,1781484300000,train,1,3.22,0.408,4.41,3.4,0.56,0.7,0.83,0.94,0.78,0.68,1,2.52,bull,neutral,0,0.882,32,1754,1,
s7446,SEIUSDT,1781484300000,train,1,2.67,0.368,3.7,2.7,0.83,0.15,0.6,0.89,0.72,0.82,0,2.52,bull,neutral,0,0.169,32,1754,1,
s7447,JUPUSDT,1781484300000,train,1,4.72,0.548,5.92,4.62,0.94,2.2,1.25,1.5,1.03,0.72,1,2.52,bull,neutral,0,1.134,32,1754,1,
s7448,PENDLEUSDT,1781484300000,train,1,4.84,0.46,5.72,4.62,0.65,2.32,1.04,1.38,1.03,1.04,0,2.52,bull,neutral,0,0.017,32,1754,1,
s7449,ONDOUSDT,1781484300000,train,1,5.66,0.722,6.12,5.41,0.56,3.14,1.48,1.19,1.11,0.81,1,2.52,bull,neutral,0,0.533,32,1753,1,
s7450,ARUSDT,1781484300000,testB,1,2.34,0.431,3.55,2.38,0.79,-0.18,0.33,1.03,0.78,0.66,1,2.52,bull,neutral,0,0.898,32,1753,1,
s7451,GRTUSDT,1781484300000,testB,1,2.77,0.435,3.79,2.7,0.79,0.25,0.44,1.07,1.01,0.86,1,2.52,bull,neutral,1,2.0,26,1753,1,
s7452,LDOUSDT,1781484300000,testB,1,3.76,0.542,4.4,3.66,0.49,1.24,0.81,1.43,1.08,0.9,1,2.52,bull,neutral,0,0.398,32,1753,1,
s7453,SANDUSDT,1781484300000,testB,1,3.86,0.551,4.41,3.96,0.62,1.34,1.25,1.3,1.09,0.76,1,2.52,bull,neutral,0,-0.028,32,1753,1,
s7454,MANAUSDT,1781484300000,testB,1,3.05,0.435,4.29,3.11,0.35,0.53,0.63,1.42,0.99,0.72,1,2.52,bull,neutral,0,0.333,32,1753,1,
s7455,AXSUSDT,1781484300000,testB,1,2.63,0.397,3.59,2.77,0.97,0.11,0.77,1.19,1.0,0.79,1,2.52,bull,neutral,0,0.259,32,1753,1,
s7456,APEUSDT,1781484300000,testB,1,4.06,0.614,4.36,4.13,0.53,1.54,1.44,1.08,1.0,0.62,1,2.52,bull,neutral,0,0.278,32,1753,1,
s7457,WLDUSDT,1781485200000,train,1,7.84,0.591,8.51,7.44,1.66,5.66,3.66,0.94,0.66,0.59,1,2.18,bull,neutral,0,1.206,32,1755,0,
s7458,ARBUSDT,1781485200000,train,1,3.4,0.399,4.31,3.28,0.55,1.22,0.72,1.32,0.98,0.64,1,2.18,bull,neutral,0,0.379,32,1755,0,
s7459,OPUSDT,1781485200000,train,1,3.02,0.381,3.3,2.84,1.37,0.84,1.13,1.07,0.77,0.72,1,2.18,bull,alcista,0,0.258,32,1755,2,
s7460,SUIUSDT,1781485200000,train,1,5.39,0.525,6.45,5.13,0.4,3.21,1.23,1.87,1.19,0.76,1,2.18,bull,neutral,0,0.007,32,1755,0,
s7461,JUPUSDT,1781485200000,train,1,3.58,0.404,5.39,3.4,0.37,1.41,0.5,1.4,1.06,0.75,1,2.18,bull,neutral,1,2.0,8,1755,0,
s7462,PENDLEUSDT,1781485200000,train,1,3.19,0.363,4.06,3.08,0.51,1.01,0.99,1.41,1.01,1.07,0,2.18,bull,alcista,0,0.019,32,1755,2,
s7463,ONDOUSDT,1781485200000,train,1,4.51,0.577,5.58,4.32,0.49,2.34,0.79,1.26,1.06,0.82,1,2.18,bull,neutral,0,0.81,32,1754,0,
s7464,GRTUSDT,1781485200000,testB,1,2.4,0.402,3.44,2.35,0.57,0.22,0.37,1.12,1.01,0.88,1,2.18,bull,neutral,1,2.0,13,1754,0,
s7465,LDOUSDT,1781485200000,testB,1,3.16,0.466,4.04,3.07,0.4,0.99,0.52,1.41,1.09,0.89,1,2.18,bull,neutral,0,0.549,32,1754,0,
s7466,SANDUSDT,1781485200000,testB,1,3.55,0.496,4.1,3.43,0.46,1.37,0.88,1.44,1.13,0.82,1,2.18,bull,neutral,0,0.022,32,1754,0,
s7467,MANAUSDT,1781485200000,testB,1,2.74,0.375,4.01,2.52,0.33,0.56,0.26,1.47,1.02,0.76,1,2.18,bull,neutral,0,0.529,32,1754,0,
s7468,AXSUSDT,1781485200000,testB,1,2.63,0.397,3.38,2.46,0.84,0.45,0.56,1.27,1.0,0.82,1,2.18,bull,neutral,0,0.375,32,1754,0,
s7469,APEUSDT,1781485200000,testB,1,3.26,0.471,4.08,3.31,0.48,1.08,0.76,1.12,1.02,0.66,1,2.18,bull,neutral,0,0.512,32,1754,0,
s7470,WLDUSDT,1781486100000,train,1,7.5,0.585,8.44,7.47,1.65,6.56,4.69,0.94,0.66,0.59,1,0.95,neutral,neutral,0,0.951,32,1756,1,
s7471,APEUSDT,1781488800000,testB,1,4.18,0.614,4.6,4.6,1.81,3.36,3.36,1.39,1.12,0.75,1,0.82,neutral,neutral,0,-0.387,32,1758,1,
s7472,WLDUSDT,1781489700000,train,1,8.0,0.617,9.86,7.98,1.59,7.34,3.81,1.24,0.78,0.66,1,0.66,neutral,neutral,0,0.724,32,1760,0,
s7473,JUPUSDT,1781489700000,train,1,5.91,0.563,6.12,5.96,1.35,5.25,4.07,1.78,1.27,0.85,1,0.66,neutral,alcista,0,0.245,32,1760,2,
s7474,APEUSDT,1781489700000,testB,1,3.25,0.429,4.79,3.67,2.45,2.58,2.05,1.39,1.12,0.75,1,0.66,neutral,neutral,0,-0.306,32,1759,0,
s7475,JUPUSDT,1781490600000,train,1,6.12,0.572,6.58,6.15,1.89,5.98,4.04,1.78,1.27,0.85,1,0.14,neutral,alcista,0,0.193,32,1761,3,
s7476,APEUSDT,1781490600000,testB,1,3.09,0.4,4.8,3.52,2.48,2.95,1.79,1.39,1.12,0.75,1,0.14,neutral,neutral,0,-0.255,32,1760,0,
s7477,OPUSDT,1781491500000,train,1,2.22,0.364,3.89,2.9,0.69,2.16,0.98,1.14,0.76,0.73,1,0.06,neutral,neutral,0,-0.125,32,1762,1,
s7478,JUPUSDT,1781491500000,train,1,5.56,0.492,6.62,5.59,2.12,5.49,3.13,1.78,1.27,0.85,1,0.06,neutral,neutral,0,0.379,32,1762,0,
s7479,OPUSDT,1781492400000,train,1,2.41,0.382,3.88,3.16,0.39,2.15,1.12,1.02,0.77,0.71,1,0.25,neutral,alcista,0,-0.143,32,1763,2,
s7480,TIAUSDT,1781492400000,train,1,2.53,0.431,2.78,2.58,1.6,2.28,1.49,0.84,0.82,0.74,1,0.25,neutral,alcista,0,0.402,32,1763,5,
s7481,JUPUSDT,1781492400000,train,1,6.27,0.524,7.14,6.01,3.37,6.02,3.87,2.05,1.53,0.98,1,0.25,neutral,neutral,0,0.107,32,1763,1,
s7482,GRTUSDT,1781492400000,testB,1,2.4,0.48,2.73,2.68,1.3,2.15,1.55,1.2,1.03,0.98,1,0.25,neutral,alcista,0,0.564,32,1762,3,
s7483,OPUSDT,1781493300000,train,1,2.21,0.364,3.88,3.25,0.46,2.13,1.12,1.02,0.77,0.71,1,0.08,neutral,alcista,0,0.111,32,1764,3,
s7484,TIAUSDT,1781493300000,train,1,2.98,0.473,3.54,3.26,1.77,2.9,1.98,0.84,0.82,0.74,1,0.08,neutral,alcista,0,0.359,32,1764,6,
s7485,JUPUSDT,1781493300000,train,1,6.0,0.515,6.73,6.09,2.29,5.92,3.92,2.05,1.53,0.98,1,0.08,neutral,alcista,0,0.175,32,1764,2,
s7486,ONDOUSDT,1781493300000,train,1,2.9,0.395,4.53,4.48,1.29,2.82,2.39,1.28,1.07,0.89,1,0.08,neutral,alcista,0,0.324,32,1763,6,
s7487,GRTUSDT,1781493300000,testB,1,2.29,0.469,3.26,3.02,1.81,2.21,1.72,1.2,1.03,0.98,1,0.08,neutral,alcista,0,0.758,32,1763,4,
s7488,OPUSDT,1781494200000,train,1,2.96,0.485,3.87,3.6,0.53,2.43,1.38,1.02,0.77,0.71,1,0.53,neutral,alcista,0,-0.2,32,1765,4,
s7489,TIAUSDT,1781494200000,train,1,3.11,0.5,3.54,3.15,2.11,2.57,1.75,0.84,0.82,0.74,1,0.53,neutral,neutral,0,0.327,32,1765,0,
s7490,ONDOUSDT,1781494200000,train,1,4.17,0.548,5.31,5.16,1.54,3.64,2.79,1.28,1.07,0.89,1,0.53,neutral,alcista,0,0.081,32,1764,7,
s7491,ARUSDT,1781494200000,testB,1,2.38,0.576,3.71,3.04,1.59,1.85,1.43,0.89,0.86,0.72,1,0.53,neutral,alcista,0,0.203,32,1764,2,
s7492,GRTUSDT,1781494200000,testB,1,2.94,0.596,3.44,3.34,1.63,2.41,1.92,1.2,1.03,0.98,1,0.53,neutral,alcista,0,0.725,32,1764,5,
s7493,GRTUSDT,1781495100000,testB,1,2.63,0.57,3.58,3.48,1.92,2.34,1.9,1.2,1.03,0.98,1,0.29,neutral,alcista,0,0.681,32,1765,6,
s7494,TIAUSDT,1781496000000,train,1,2.28,0.351,3.53,3.39,1.88,2.51,1.7,0.82,0.86,0.75,0,-0.24,neutral,neutral,0,0.295,32,1767,1,
s7495,JUPUSDT,1781496000000,train,1,4.41,0.367,6.73,5.99,0.86,4.64,2.76,2.08,1.65,1.05,1,-0.24,neutral,alcista,0,0.232,32,1767,2,
s7496,ONDOUSDT,1781496000000,train,1,3.12,0.363,5.34,4.63,1.75,3.36,1.84,1.16,1.1,0.93,1,-0.24,neutral,neutral,0,0.114,32,1766,1,
s7497,GRTUSDT,1781496000000,testB,1,3.77,0.655,4.69,4.64,2.34,4.01,2.77,1.37,1.16,1.0,1,-0.24,neutral,alcista,0,0.093,32,1766,7,
s7498,OPUSDT,1781496900000,train,1,2.6,0.5,3.8,2.98,0.49,2.65,0.61,0.94,0.78,0.71,1,-0.05,neutral,neutral,0,0.212,32,1768,0,
s7499,TIAUSDT,1781496900000,train,1,2.46,0.387,3.82,3.07,1.4,2.51,1.26,0.82,0.86,0.75,0,-0.05,neutral,neutral,0,0.545,32,1768,0,
s7500,JUPUSDT,1781496900000,train,1,5.89,0.471,7.47,6.83,1.15,5.94,3.24,2.08,1.65,1.05,1,-0.05,neutral,alcista,0,0.116,32,1768,3,
s7501,ONDOUSDT,1781496900000,train,1,3.53,0.401,5.51,4.91,1.45,3.59,1.99,1.16,1.1,0.93,1,-0.05,neutral,alcista,0,0.07,32,1767,2,
s7502,GRTUSDT,1781496900000,testB,1,3.73,0.641,4.94,4.36,2.0,3.78,2.27,1.37,1.16,1.0,1,-0.05,neutral,neutral,0,0.11,32,1767,0,
s7503,OPUSDT,1781497800000,train,1,2.79,0.556,3.62,2.8,0.47,2.57,0.51,0.94,0.78,0.71,1,0.22,neutral,neutral,0,0.387,32,1769,0,
s7504,TIAUSDT,1781497800000,train,1,2.32,0.357,3.84,2.64,0.99,2.1,0.63,0.82,0.86,0.75,0,0.22,neutral,neutral,0,1.021,32,1769,0,
s7505,JUPUSDT,1781497800000,train,1,5.76,0.451,7.53,6.04,0.95,5.54,2.02,2.08,1.65,1.05,1,0.22,neutral,neutral,0,0.319,32,1769,0,
s7506,GRTUSDT,1781497800000,testB,1,4.15,0.761,4.94,4.27,1.99,3.93,1.9,1.37,1.16,1.0,1,0.22,neutral,neutral,0,0.281,32,1768,0,
s7507,TIAUSDT,1781498700000,train,1,3.0,0.418,4.28,3.55,1.09,2.97,1.4,0.82,0.86,0.75,0,0.03,neutral,neutral,0,1.109,32,1770,1,
s7508,JUPUSDT,1781498700000,train,1,6.42,0.479,7.46,6.88,0.88,6.39,2.67,2.08,1.65,1.05,1,0.03,neutral,neutral,0,0.108,32,1770,1,
s7509,ARUSDT,1781498700000,testB,1,2.28,0.448,3.71,2.99,1.15,2.25,0.95,0.91,0.92,0.72,0,0.03,neutral,neutral,0,0.222,32,1769,1,
s7510,GRTUSDT,1781498700000,testB,1,4.29,0.768,4.98,4.55,1.9,4.26,1.97,1.37,1.16,1.0,1,0.03,neutral,neutral,0,0.179,32,1769,1,
s7511,ENAUSDT,1781499600000,train,1,2.81,0.382,3.44,3.29,1.49,2.52,1.78,0.64,0.78,0.65,0,0.29,neutral,alcista,0,0.993,32,1771,2,
s7512,INJUSDT,1781499600000,train,1,2.88,0.403,3.84,3.5,1.27,2.59,1.52,0.74,0.78,0.69,0,0.29,neutral,alcista,0,1.103,32,1771,2,
s7513,TIAUSDT,1781499600000,train,1,3.87,0.517,4.25,4.09,1.18,3.59,1.84,0.86,0.9,0.76,0,0.29,neutral,alcista,0,0.892,32,1771,2,
s7514,JUPUSDT,1781499600000,train,1,7.37,0.565,7.45,7.08,0.86,7.09,2.67,2.1,1.77,1.11,1,0.29,neutral,alcista,0,0.127,32,1771,2,
s7515,ONDOUSDT,1781499600000,train,1,4.73,0.482,5.48,5.43,1.02,4.44,2.07,1.18,1.18,0.98,0,0.29,neutral,alcista,0,-0.01,32,1770,2,
s7516,FETUSDT,1781499600000,train,1,2.39,0.41,3.5,2.66,1.0,2.1,0.63,1.22,1.14,1.32,0,0.29,neutral,neutral,0,1.333,32,1770,1,
s7517,ARUSDT,1781499600000,testB,1,3.02,0.564,3.45,3.22,0.87,2.73,1.29,0.97,0.97,0.73,1,0.29,neutral,alcista,0,0.029,32,1770,2,
s7518,GRTUSDT,1781499600000,testB,1,3.69,0.597,4.81,3.8,1.21,3.41,1.28,1.43,1.21,1.03,1,0.29,neutral,neutral,0,0.418,32,1770,0,
s7519,ENAUSDT,1781500500000,train,1,3.84,0.469,4.05,4.0,1.62,3.17,2.49,0.64,0.78,0.65,0,0.67,neutral,alcista,0,0.633,32,1772,3,
s7520,INJUSDT,1781500500000,train,1,3.9,0.514,4.21,4.17,1.56,3.23,2.13,0.74,0.78,0.69,0,0.67,neutral,alcista,0,0.796,32,1772,3,
s7521,SUIUSDT,1781500500000,train,1,2.01,0.416,2.25,2.18,0.85,1.34,0.82,1.07,1.27,0.85,0,0.67,neutral,alcista,0,1.291,32,1772,2,
s7522,TIAUSDT,1781500500000,train,1,4.68,0.568,4.82,4.8,1.22,4.01,2.39,0.86,0.9,0.76,0,0.67,neutral,alcista,0,0.463,32,1772,3,
s7523,JUPUSDT,1781500500000,train,1,7.65,0.574,7.58,7.27,0.62,6.98,2.8,2.1,1.77,1.11,1,0.67,neutral,alcista,0,0.384,32,1772,3,
s7524,ONDOUSDT,1781500500000,train,1,5.38,0.563,5.66,5.19,1.03,4.71,2.07,1.18,1.18,0.98,0,0.67,neutral,alcista,0,0.06,32,1771,3,
s7525,FETUSDT,1781500500000,train,1,3.67,0.517,4.13,4.09,0.92,3.0,2.05,1.22,1.14,1.32,0,0.67,neutral,alcista,0,0.348,32,1771,2,
s7526,ARUSDT,1781500500000,testB,1,3.8,0.619,3.99,3.94,1.24,3.13,1.98,0.97,0.97,0.73,1,0.67,neutral,alcista,0,-0.095,32,1771,3,
s7527,GRTUSDT,1781500500000,testB,1,4.34,0.635,4.74,4.35,1.13,3.67,1.8,1.43,1.21,1.03,1,0.67,neutral,neutral,0,0.319,32,1771,1,
s7528,LDOUSDT,1781500500000,testB,1,2.03,0.466,2.21,2.13,1.25,1.36,0.72,0.78,1.08,0.91,0,0.67,neutral,neutral,0,1.69,32,1771,1,
s7529,MANAUSDT,1781500500000,testB,1,2.08,0.538,2.33,2.19,0.92,1.41,0.92,0.79,1.1,0.8,0,0.67,neutral,neutral,0,1.6,32,1771,1,
s7530,WLDUSDT,1781501400000,train,1,7.34,0.386,9.45,7.39,0.73,7.31,2.42,1.84,1.17,0.83,1,0.02,neutral,neutral,0,0.361,32,1773,0,
s7531,ENAUSDT,1781501400000,train,1,2.79,0.358,3.54,3.11,1.57,2.77,1.92,0.64,0.78,0.65,0,0.02,neutral,neutral,0,1.127,32,1773,0,
s7532,TIAUSDT,1781501400000,train,1,3.51,0.417,4.61,3.84,1.24,3.49,1.51,0.86,0.9,0.76,0,0.02,neutral,neutral,0,0.82,32,1773,0,
s7533,JUPUSDT,1781501400000,train,1,6.66,0.5,7.88,6.51,0.83,6.63,2.05,2.1,1.77,1.11,1,0.02,neutral,neutral,0,0.374,32,1773,0,
s7534,ARUSDT,1781501400000,testB,1,2.43,0.362,3.65,2.61,1.19,2.4,0.91,0.97,0.97,0.73,1,0.02,neutral,neutral,0,0.2,32,1772,0,
s7535,GRTUSDT,1781501400000,testB,1,2.88,0.392,4.44,3.09,1.03,2.86,0.73,1.43,1.21,1.03,1,0.02,neutral,neutral,0,0.656,32,1772,0,
s7536,WLDUSDT,1781502300000,train,1,6.85,0.36,9.47,7.16,0.83,6.32,2.02,1.84,1.17,0.83,1,0.53,neutral,neutral,0,0.487,32,1774,0,
s7537,ENAUSDT,1781502300000,train,1,3.41,0.405,4.12,3.77,1.87,2.88,2.41,0.64,0.78,0.65,0,0.53,neutral,neutral,0,0.636,32,1774,1,
s7538,TIAUSDT,1781502300000,train,1,4.33,0.498,4.59,4.31,1.05,3.8,1.86,0.86,0.9,0.76,0,0.53,neutral,neutral,0,0.79,32,1774,1,
s7539,JUPUSDT,1781502300000,train,1,6.67,0.5,7.84,6.31,0.79,6.14,1.8,2.1,1.77,1.11,1,0.53,neutral,neutral,0,0.286,32,1774,0,
s7540,ARUSDT,1781502300000,testB,1,2.47,0.367,3.64,2.7,0.97,1.95,0.95,0.97,0.97,0.73,1,0.53,neutral,neutral,0,0.14,32,1773,1,
s7541,GRTUSDT,1781502300000,testB,1,3.18,0.427,4.44,3.28,0.81,2.66,0.83,1.43,1.21,1.03,1,0.53,neutral,neutral,0,0.382,32,1773,1,
s7542,XPLUSDT,1781503200000,train,-1,-4.77,0.561,5.45,5.33,0.83,-5.12,2.28,0.58,0.7,0.91,0,0.35,neutral,neutral,0,-1.0,14,1775,1,
s7543,TIAUSDT,1781503200000,train,1,3.67,0.453,3.9,3.54,0.84,3.32,1.63,0.94,0.94,0.77,1,0.35,neutral,neutral,0,0.837,32,1775,0,
s7544,JUPUSDT,1781503200000,train,1,6.06,0.478,7.03,5.71,0.82,5.7,1.81,2.19,1.87,1.18,1,0.35,neutral,neutral,0,0.343,32,1775,1,
s7545,APEUSDT,1781503200000,testB,-1,-2.15,0.433,3.19,2.5,0.47,-2.51,0.07,1.13,1.11,0.88,1,0.35,neutral,neutral,0,-1.0,29,1774,1,
s7546,XPLUSDT,1781504100000,train,-1,-3.65,0.481,5.14,4.8,1.04,-4.1,2.07,0.58,0.7,0.91,0,0.45,neutral,neutral,0,-1.0,9,1776,0,
s7547,TIAUSDT,1781504100000,train,1,3.63,0.451,4.0,3.67,0.83,3.18,1.71,0.94,0.94,0.77,1,0.45,neutral,neutral,0,1.0,32,1776,1,
s7548,XPLUSDT,1781505000000,train,-1,-4.08,0.577,5.0,4.3,1.53,-4.46,1.88,0.58,0.7,0.91,0,0.37,neutral,neutral,0,-1.0,8,1777,0,
s7549,XPLUSDT,1781505900000,train,-1,-2.79,0.434,4.78,3.77,1.56,-3.32,1.56,0.58,0.7,0.91,0,0.53,neutral,neutral,0,-1.0,7,1778,0,
s7550,XPLUSDT,1781506800000,train,-1,-2.28,0.35,4.76,3.46,1.29,-2.41,1.0,0.61,0.75,0.9,0,0.13,neutral,neutral,0,-1.0,6,1779,0,
s7551,STBLUSDT,1781506800000,train,-1,-2.6,0.417,5.72,4.46,1.9,-2.73,1.89,0.87,0.83,1.1,0,0.13,neutral,bajista,0,-1.0,13,1779,3,
s7552,STBLUSDT,1781507700000,train,-1,-3.52,0.676,5.52,4.07,2.11,-3.86,1.55,0.87,0.83,1.1,0,0.34,neutral,neutral,0,-1.0,12,1780,0,
s7553,STBLUSDT,1781508600000,train,-1,-3.57,0.678,5.53,4.39,2.97,-3.31,1.67,0.87,0.83,1.1,0,-0.26,neutral,neutral,0,-1.0,11,1781,1,
s7554,STBLUSDT,1781509500000,train,-1,-3.72,0.697,4.89,3.86,3.2,-3.33,1.64,0.87,0.83,1.1,0,-0.38,neutral,bajista,0,-1.0,6,1782,2,
s7555,STBLUSDT,1781510400000,train,-1,-2.88,0.557,4.53,3.16,0.7,-2.9,1.34,1.14,0.94,0.94,1,0.01,neutral,neutral,0,-1.0,3,1783,0,
s7556,0GUSDT,1781510400000,train,1,3.07,0.508,4.16,4.07,2.82,3.06,2.13,0.95,0.73,0.67,1,0.01,neutral,neutral,0,0.362,32,1783,1,
s7557,STBLUSDT,1781511300000,train,-1,-2.92,0.56,4.54,3.24,0.64,-2.86,1.24,1.14,0.94,0.94,1,-0.06,neutral,neutral,0,-1.0,2,1784,1,
s7558,0GUSDT,1781511300000,train,1,3.75,0.646,4.57,4.25,3.34,3.81,2.07,0.95,0.73,0.67,1,-0.06,neutral,alcista,0,0.218,32,1784,2,
s7559,STBLUSDT,1781512200000,train,-1,-2.63,0.504,4.41,2.97,0.4,-2.75,0.99,1.14,0.94,0.94,1,0.12,neutral,neutral,0,-1.0,1,1785,0,
s7560,0GUSDT,1781512200000,train,1,4.53,0.773,4.97,4.62,3.76,4.4,2.23,0.95,0.73,0.67,1,0.12,neutral,alcista,0,0.138,32,1785,3,
s7561,0GUSDT,1781513100000,train,1,4.83,0.801,5.12,4.83,3.8,4.82,2.21,0.95,0.73,0.67,1,0.01,neutral,alcista,0,-0.053,32,1786,4,
s7562,0GUSDT,1781514000000,train,1,4.55,0.792,4.76,4.38,2.68,4.57,2.09,1.62,1.02,0.8,1,-0.02,neutral,neutral,0,-0.072,32,1787,0,
s7563,0GUSDT,1781514900000,train,1,3.25,0.702,3.97,3.31,2.14,3.54,1.85,1.62,1.02,0.8,1,-0.29,neutral,neutral,0,-0.106,32,1788,0,
s7564,INJUSDT,1781514900000,train,-1,-2.06,0.372,2.51,2.26,1.11,-1.77,0.73,0.66,0.72,0.72,0,-0.29,neutral,bajista,0,-1.0,6,1788,3,
s7565,XPLUSDT,1781515800000,train,1,3.97,0.46,5.72,5.62,1.09,4.2,2.55,0.87,0.74,0.87,0,-0.23,neutral,alcista,0,0.025,32,1789,3,
s7566,0GUSDT,1781515800000,train,1,3.22,0.69,4.52,3.09,3.29,3.45,1.53,1.62,1.02,0.8,1,-0.23,neutral,neutral,0,-0.072,32,1789,0,
s7567,XPLUSDT,1781516700000,train,1,5.7,0.55,8.35,7.19,1.63,6.11,3.79,0.87,0.74,0.87,0,-0.41,neutral,alcista,0,-0.166,32,1790,4,
s7568,0GUSDT,1781516700000,train,1,2.75,0.627,4.43,2.9,3.34,3.16,1.26,1.62,1.02,0.8,1,-0.41,neutral,neutral,0,0.055,32,1790,0,
s7569,XPLUSDT,1781517600000,train,1,6.13,0.603,8.44,6.2,1.52,6.36,2.36,1.01,0.78,0.9,0,-0.24,neutral,neutral,0,-0.296,32,1791,0,
s7570,0GUSDT,1781517600000,train,1,3.53,0.684,4.39,3.73,3.11,3.77,1.77,2.14,1.23,0.91,1,-0.24,neutral,neutral,0,-0.229,32,1791,1,
s7571,0GUSDT,1781518500000,train,1,3.27,0.625,4.69,3.58,3.1,3.61,1.47,2.14,1.23,0.91,1,-0.34,neutral,neutral,0,-0.248,32,1792,0,
s7572,FETUSDT,1781518500000,train,-1,-2.61,0.514,3.34,2.78,0.84,-2.27,0.83,1.21,1.18,1.3,0,-0.34,neutral,bajista,0,-1.0,5,1791,2,
s7573,0GUSDT,1781519400000,train,1,4.34,0.689,4.85,4.63,0.9,4.43,2.29,2.14,1.23,0.91,1,-0.08,neutral,neutral,0,-0.466,32,1793,1,
s7574,0GUSDT,1781520300000,train,1,5.96,0.798,6.33,5.87,1.34,5.79,3.26,2.14,1.23,0.91,1,0.17,neutral,alcista,0,-0.642,32,1794,2,
s7575,ENAUSDT,1781520300000,train,1,2.52,0.387,5.41,3.28,4.06,2.35,2.35,0.83,0.69,0.68,1,0.17,neutral,alcista,0,-0.149,32,1794,2,
s7576,INJUSDT,1781520300000,train,1,3.26,0.384,6.12,4.38,4.39,3.09,3.02,0.96,0.84,0.81,1,0.17,neutral,alcista,0,1.093,32,1794,2,
s7577,STBLUSDT,1781521200000,train,1,3.13,0.376,5.1,3.4,1.2,2.95,0.91,1.72,1.27,1.0,1,0.18,neutral,neutral,0,-0.402,32,1795,1,
s7578,0GUSDT,1781521200000,train,1,5.18,0.74,5.73,5.11,1.33,5.0,2.79,2.36,1.37,0.97,1,0.18,neutral,neutral,0,-0.758,32,1795,0,
s7579,INJUSDT,1781521200000,train,1,2.98,0.364,6.1,4.57,4.89,2.8,2.87,1.14,0.94,0.85,1,0.18,neutral,alcista,0,1.109,32,1795,3,
s7580,STBLUSDT,1781522100000,train,1,4.26,0.452,5.04,4.64,0.74,3.81,2.06,1.72,1.27,1.0,1,0.45,neutral,alcista,0,-1.0,32,1796,2,
s7581,0GUSDT,1781522100000,train,1,4.58,0.632,5.75,4.72,1.27,4.13,2.13,2.36,1.37,0.97,1,0.45,neutral,neutral,0,-1.0,32,1796,0,
s7582,WLDUSDT,1781522100000,train,1,6.49,0.504,7.97,6.93,2.95,6.04,5.07,1.5,1.69,1.02,0,0.45,neutral,alcista,0,-1.0,19,1796,3,
s7583,INJUSDT,1781522100000,train,1,3.56,0.407,6.05,5.5,5,3.1,3.45,1.14,0.94,0.85,1,0.45,neutral,alcista,0,0.359,32,1796,4,
s7584,LDOUSDT,1781522100000,testB,1,2.2,0.508,3.19,2.94,4.89,1.75,1.99,1.16,0.97,1.01,0,0.45,neutral,alcista,0,-0.415,32,1795,7,
s7585,SANDUSDT,1781522100000,testB,1,2.1,0.479,2.77,2.64,2.29,1.65,1.78,0.98,0.87,0.93,0,0.45,neutral,alcista,0,-0.264,32,1795,4,
s7586,AXSUSDT,1781522100000,testB,1,2.13,0.396,2.98,2.68,2.68,1.68,1.82,1.02,0.99,0.94,1,0.45,neutral,alcista,0,-0.296,32,1795,4,
s7587,STBLUSDT,1781523000000,train,1,4.2,0.44,5.02,4.25,0.53,3.58,1.53,1.72,1.27,1.0,1,0.62,neutral,neutral,0,-1.0,31,1797,0,
s7588,0GUSDT,1781523000000,train,1,3.57,0.458,5.73,3.94,1.16,2.95,1.27,2.36,1.37,0.97,1,0.62,neutral,neutral,0,-1.0,31,1797,0,
s7589,WLDUSDT,1781523000000,train,1,5.36,0.383,8.06,5.9,3.26,4.75,3.51,1.5,1.69,1.02,0,0.62,neutral,neutral,0,-1.0,18,1797,0,
s7590,INJUSDT,1781523000000,train,1,3.44,0.386,6.08,5.03,5,2.82,2.69,1.14,0.94,0.85,1,0.62,neutral,neutral,0,0.712,32,1797,0,
s7591,LDOUSDT,1781523000000,testB,1,2.1,0.471,3.21,2.49,4.69,1.48,1.38,1.16,0.97,1.01,0,0.62,neutral,neutral,0,0.058,32,1796,0,
s7592,SANDUSDT,1781523000000,testB,1,2.07,0.466,2.84,2.28,2.66,1.45,1.26,0.98,0.87,0.93,0,0.62,neutral,neutral,0,0.081,32,1796,0,
s7593,STBLUSDT,1781523900000,train,1,3.78,0.379,5.04,3.76,0.59,2.95,1.05,1.72,1.27,1.0,1,0.84,neutral,neutral,0,-1.0,30,1798,0,
s7594,0GUSDT,1781523900000,train,1,3.61,0.464,5.43,3.45,0.6,2.77,0.9,2.36,1.37,0.97,1,0.84,neutral,neutral,0,-1.0,30,1798,0,
s7595,WLDUSDT,1781523900000,train,1,6.08,0.423,7.78,6.12,2.81,5.24,3.7,1.5,1.69,1.02,0,0.84,neutral,neutral,0,-1.0,17,1798,1,
s7596,INJUSDT,1781523900000,train,1,4.74,0.523,6.04,5.65,1.64,3.9,2.97,1.14,0.94,0.85,1,0.84,neutral,neutral,0,0.406,32,1798,1,
s7597,FETUSDT,1781523900000,train,1,3.08,0.452,4.79,4.52,2.49,2.24,2.5,1.4,1.32,1.38,0,0.84,neutral,alcista,0,-0.44,32,1797,6,
s7598,LDOUSDT,1781523900000,testB,1,2.62,0.597,3.2,2.7,1.69,1.78,1.41,1.16,0.97,1.01,0,0.84,neutral,neutral,0,-0.213,32,1797,1,
s7599,SANDUSDT,1781523900000,testB,1,2.6,0.561,2.79,2.59,2.32,1.76,1.46,0.98,0.87,0.93,0,0.84,neutral,neutral,0,-0.191,32,1797,1,
s7600,MANAUSDT,1781523900000,testB,1,2.21,0.484,2.88,2.45,1.87,1.37,1.33,0.86,0.82,0.87,0,0.84,neutral,neutral,0,-0.353,32,1797,1,
s7601,AXSUSDT,1781523900000,testB,1,2.55,0.455,2.98,2.58,2.05,1.71,1.43,1.02,0.99,0.94,1,0.84,neutral,neutral,0,-0.231,32,1797,1,
s7602,INJUSDT,1781524800000,train,1,3.91,0.4,6.08,4.94,1.42,3.08,1.93,1.29,0.99,0.88,1,0.83,neutral,neutral,0,0.944,32,1799,0,
s7603,STBLUSDT,1781525700000,train,1,3.62,0.367,4.82,3.64,0.21,2.71,0.99,1.74,1.17,0.99,1,0.91,neutral,neutral,0,-1.0,28,1800,1,
s7604,WLDUSDT,1781525700000,train,1,5.26,0.411,7.82,5.24,1.11,4.35,2.34,1.56,1.72,1.09,0,0.91,neutral,neutral,0,-1.0,15,1800,0,
s7605,INJUSDT,1781525700000,train,1,4.31,0.423,6.06,5.32,1.18,3.4,2.17,1.29,0.99,0.88,1,0.91,neutral,neutral,0,0.677,32,1800,1,
s7606,SANDUSDT,1781525700000,testB,1,2.06,0.545,2.86,2.69,1.12,1.14,1.37,1.17,0.91,0.98,0,0.91,neutral,alcista,0,-0.19,32,1799,3,
s7607,MANAUSDT,1781525700000,testB,1,2.05,0.437,2.87,2.73,0.91,1.14,1.43,0.95,0.86,0.9,0,0.91,neutral,neutral,0,-0.368,32,1799,1,
s7608,AXSUSDT,1781525700000,testB,1,2.34,0.451,2.88,2.58,1.37,1.42,1.29,1.21,1.03,0.99,1,0.91,neutral,neutral,0,-0.115,32,1799,1,
s7609,STBLUSDT,1781526600000,train,1,3.84,0.381,4.54,3.74,0.21,2.77,1.24,1.74,1.17,0.99,1,1.07,neutral,alcista,0,-1.0,27,1801,2,
s7610,WLDUSDT,1781526600000,train,1,4.6,0.356,7.53,4.58,0.95,3.52,1.79,1.56,1.72,1.09,0,1.07,neutral,neutral,0,-1.0,12,1801,0,
s7611,INJUSDT,1781526600000,train,1,4.21,0.418,6.05,5.41,0.94,3.14,2.12,1.29,0.99,0.88,1,1.07,neutral,alcista,0,0.72,32,1801,2,
s7612,SUIUSDT,1781526600000,train,1,2.22,0.377,3.46,3.2,0.88,1.15,1.48,1.32,1.15,1.1,1,1.07,neutral,alcista,0,-0.452,32,1801,4,
s7613,STXUSDT,1781526600000,testB,1,2.16,0.488,3.07,3.02,0.85,1.08,1.53,1.21,1.14,1.33,0,1.07,neutral,alcista,0,-0.6,32,1800,4,
s7614,SANDUSDT,1781526600000,testB,1,2.81,0.62,3.67,3.42,1.19,1.73,1.95,1.17,0.91,0.98,0,1.07,neutral,alcista,0,-0.394,32,1800,4,
s7615,MANAUSDT,1781526600000,testB,1,2.78,0.514,3.56,3.56,1.08,1.7,2.09,0.95,0.86,0.9,0,1.07,neutral,alcista,0,-0.52,32,1800,2,
s7616,AXSUSDT,1781526600000,testB,1,2.74,0.491,3.25,3.25,1.6,1.66,1.85,1.21,1.03,0.99,1,1.07,neutral,alcista,0,-0.394,32,1800,2,
s7617,ASTERUSDT,1781527500000,train,1,2.2,0.554,2.56,2.56,0.98,0.82,1.3,1.13,0.92,0.89,1,1.38,neutral,alcista,0,0.515,32,1802,3,
s7618,WLDUSDT,1781527500000,train,1,5.05,0.385,7.51,4.87,0.9,3.66,1.74,1.56,1.72,1.09,0,1.38,neutral,neutral,0,-1.0,11,1802,1,
s7619,ARBUSDT,1781527500000,train,1,2.17,0.577,2.65,2.41,0.81,0.79,0.93,0.91,0.81,0.86,0,1.38,neutral,neutral,0,-0.662,32,1802,0,
s7620,INJUSDT,1781527500000,train,1,4.36,0.437,6.06,5.27,0.82,2.97,1.78,1.29,0.99,0.88,1,1.38,neutral,neutral,0,0.774,32,1802,0,
s7621,SUIUSDT,1781527500000,train,1,2.23,0.377,3.47,2.93,0.77,0.84,1.03,1.32,1.15,1.1,1,1.38,neutral,neutral,0,-0.466,32,1802,0,
s7622,TIAUSDT,1781527500000,train,1,3.94,0.703,4.68,4.49,2.48,2.56,3.05,1.57,1.26,1.01,1,1.38,neutral,alcista,0,-0.262,32,1802,5,
s7623,STXUSDT,1781527500000,testB,1,2.26,0.524,3.17,2.87,1.21,0.88,1.21,1.21,1.14,1.33,0,1.38,neutral,neutral,0,-0.632,32,1801,0,
s7624,SANDUSDT,1781527500000,testB,1,2.71,0.587,3.68,3.24,1.46,1.33,1.48,1.17,0.91,0.98,0,1.38,neutral,neutral,0,-0.404,32,1801,0,
s7625,MANAUSDT,1781527500000,testB,1,3.22,0.579,3.83,3.83,1.17,1.84,2.11,0.95,0.86,0.9,0,1.38,neutral,alcista,0,-0.667,32,1801,3,
s7626,AXSUSDT,1781527500000,testB,1,2.75,0.491,3.27,2.87,1.65,1.36,1.23,1.21,1.03,0.99,1,1.38,neutral,neutral,0,-0.276,32,1801,0,
s7627,ASTERUSDT,1781528400000,train,1,2.33,0.568,2.77,2.7,1.19,0.91,1.3,1.43,1.09,0.93,1,1.42,neutral,alcista,0,0.322,32,1803,4,
s7628,WLDUSDT,1781528400000,train,1,4.5,0.36,7.49,5.13,0.8,3.08,2.0,1.65,1.71,1.13,0,1.42,neutral,alcista,0,-1.0,10,1803,2,
s7629,ENAUSDT,1781528400000,train,1,3.52,0.351,5.37,4.16,0.84,2.1,2.02,1.33,0.99,0.81,1,1.42,neutral,neutral,0,-0.424,32,1803,1,
s7630,ARBUSDT,1781528400000,train,1,2.54,0.615,2.96,2.85,0.96,1.12,1.3,1.05,0.88,0.92,0,1.42,neutral,neutral,0,-0.652,32,1803,1,
s7631,INJUSDT,1781528400000,train,1,5.0,0.531,6.06,5.27,0.76,3.57,1.6,1.43,1.03,0.91,1,1.42,neutral,neutral,0,0.84,32,1803,1,
s7632,SUIUSDT,1781528400000,train,1,3.04,0.459,3.7,3.64,0.99,1.61,1.63,1.75,1.3,1.22,1,1.42,neutral,neutral,0,-0.554,32,1803,1,
s7633,TIAUSDT,1781528400000,train,1,4.57,0.82,6.0,4.74,3.61,3.15,3.03,1.66,1.51,1.13,1,1.42,neutral,alcista,0,-0.129,32,1803,6,
s7634,JUPUSDT,1781528400000,train,1,2.19,0.494,2.62,2.57,1.22,0.77,1.0,1.59,2.02,1.56,0,1.42,neutral,neutral,1,2.0,12,1803,1,
s7635,FETUSDT,1781528400000,train,1,4.22,0.529,5.22,4.91,1.44,2.8,2.11,1.7,1.47,1.38,1,1.42,neutral,neutral,0,-0.156,32,1802,1,
s7636,STXUSDT,1781528400000,testB,1,2.63,0.614,3.17,3.02,1.36,1.21,1.22,1.4,1.19,1.37,0,1.42,neutral,neutral,0,-0.65,32,1802,1,
s7637,LDOUSDT,1781528400000,testB,1,2.58,0.393,3.05,2.87,2.0,1.15,1.24,1.93,1.33,1.19,1,1.42,neutral,neutral,0,-0.4,32,1802,1,
s7638,SANDUSDT,1781528400000,testB,1,3.24,0.638,3.85,3.7,1.66,1.82,1.79,1.36,0.96,1.04,0,1.42,neutral,neutral,0,-0.461,32,1802,1,
s7639,MANAUSDT,1781528400000,testB,1,3.37,0.59,4.11,3.97,1.54,1.94,2.02,1.11,0.93,0.96,0,1.42,neutral,alcista,0,-0.607,32,1802,4,
s7640,AXSUSDT,1781528400000,testB,1,2.95,0.509,3.26,3.16,1.63,1.52,1.42,1.47,1.15,1.06,1,1.42,neutral,neutral,0,-0.313,32,1802,1,
s7641,ASTERUSDT,1781529300000,train,1,2.87,0.668,3.35,3.04,1.68,1.06,1.51,1.43,1.09,0.93,1,1.81,neutral,alcista,0,0.203,32,1804,5,
s7642,PUMPUSDT,1781529300000,train,1,3.08,0.374,4.08,3.72,1.21,1.26,1.85,1.23,1.01,1.01,1,1.81,neutral,alcista,0,-1.0,24,1804,2,
s7643,ENAUSDT,1781529300000,train,1,4.1,0.414,5.36,4.34,0.97,2.28,2.0,1.33,0.99,0.81,1,1.81,neutral,alcista,0,-0.621,32,1804,2,
s7644,ARBUSDT,1781529300000,train,1,3.43,0.692,3.72,3.65,1.29,1.62,1.92,1.05,0.88,0.92,0,1.81,neutral,alcista,0,-0.795,32,1804,2,
s7645,INJUSDT,1781529300000,train,1,5.49,0.588,5.98,5.35,0.77,3.68,1.59,1.43,1.03,0.91,1,1.81,neutral,alcista,0,0.577,32,1804,2,
s7646,SUIUSDT,1781529300000,train,1,4.06,0.542,4.86,4.52,1.55,2.25,2.29,1.75,1.3,1.22,1,1.81,neutral,alcista,0,-0.716,32,1804,2,
s7647,TIAUSDT,1781529300000,train,1,3.99,0.647,6.03,4.13,4.09,2.17,2.18,1.66,1.51,1.13,1,1.81,neutral,neutral,0,-0.208,32,1804,0,
s7648,JUPUSDT,1781529300000,train,1,4.39,0.661,5.12,4.66,2.81,2.57,2.91,1.59,2.02,1.56,0,1.81,neutral,alcista,0,-0.319,32,1804,2,
s7649,PENDLEUSDT,1781529300000,train,1,2.3,0.436,3.28,2.85,2.0,0.48,1.3,0.97,0.85,0.92,0,1.81,neutral,alcista,0,-1.0,26,1804,2,
s7650,FETUSDT,1781529300000,train,1,3.95,0.477,5.25,4.35,1.49,2.14,1.38,1.7,1.47,1.38,1,1.81,neutral,neutral,0,-0.281,32,1803,0,
s7651,STXUSDT,1781529300000,testB,1,3.04,0.648,3.7,3.4,1.49,1.23,1.49,1.4,1.19,1.37,0,1.81,neutral,alcista,0,-0.75,32,1803,2,
s7652,GRTUSDT,1781529300000,testB,1,2.62,0.482,4.44,3.07,0.76,0.8,1.19,1.68,1.7,1.34,0,1.81,neutral,alcista,0,-1.0,23,1803,2,
s7653,LDOUSDT,1781529300000,testB,1,3.49,0.468,4.12,3.87,1.13,1.68,2.06,1.93,1.33,1.19,1,1.81,neutral,alcista,0,-0.624,32,1803,2,
s7654,SANDUSDT,1781529300000,testB,1,3.97,0.693,4.68,4.34,1.59,2.16,2.23,1.36,0.96,1.04,0,1.81,neutral,alcista,0,-0.539,32,1803,2,
s7655,MANAUSDT,1781529300000,testB,1,4.11,0.667,4.79,4.51,1.62,2.29,2.32,1.11,0.93,0.96,0,1.81,neutral,alcista,0,-0.687,32,1803,5,
s7656,AXSUSDT,1781529300000,testB,1,3.46,0.567,3.93,3.54,1.54,1.65,1.61,1.47,1.15,1.06,1,1.81,neutral,alcista,0,-0.389,32,1803,2,
s7657,APEUSDT,1781529300000,testB,1,2.12,0.424,2.89,2.45,1.28,0.31,0.8,0.85,1.0,1.01,0,1.81,neutral,alcista,0,-1.0,9,1803,2,
s7658,ASTERUSDT,1781530200000,train,1,2.69,0.597,3.36,2.65,1.95,1.16,1.02,1.43,1.09,0.93,1,1.53,neutral,neutral,0,0.48,32,1805,0,
s7659,ENAUSDT,1781530200000,train,1,4.55,0.44,5.26,4.85,1.33,3.02,2.42,1.33,0.99,0.81,1,1.53,neutral,alcista,0,-0.642,32,1805,3,
s7660,ARBUSDT,1781530200000,train,1,3.28,0.643,3.75,3.31,1.44,1.76,1.63,1.05,0.88,0.92,0,1.53,neutral,neutral,0,-0.784,32,1805,0,
s7661,INJUSDT,1781530200000,train,1,4.28,0.454,5.63,4.38,0.75,2.75,0.9,1.43,1.03,0.91,1,1.53,neutral,neutral,0,0.975,32,1805,0,
s7662,SUIUSDT,1781530200000,train,1,3.77,0.482,4.75,3.77,1.55,2.24,1.51,1.75,1.3,1.22,1,1.53,neutral,neutral,0,-0.647,32,1805,0,
s7663,TIAUSDT,1781530200000,train,1,4.3,0.675,6.02,4.36,4.29,2.77,2.24,1.66,1.51,1.13,1,1.53,neutral,neutral,0,-0.11,32,1805,1,
s7664,JUPUSDT,1781530200000,train,1,3.53,0.471,5.01,3.72,3.67,2.0,1.97,1.59,2.02,1.56,0,1.53,neutral,neutral,0,-0.083,32,1805,0,
s7665,PENDLEUSDT,1781530200000,train,1,2.18,0.405,3.0,2.27,2.01,0.66,0.95,0.97,0.85,0.92,0,1.53,neutral,neutral,0,-1.0,25,1805,0,
s7666,ONDOUSDT,1781530200000,train,1,2.06,0.39,2.44,2.28,1.61,0.54,0.96,1.2,1.27,1.16,0,1.53,neutral,alcista,0,-1.0,23,1804,2,
s7667,FETUSDT,1781530200000,train,1,3.34,0.376,5.15,3.6,1.35,1.82,0.74,1.7,1.47,1.38,1,1.53,neutral,neutral,0,-0.228,32,1804,0,
s7668,STXUSDT,1781530200000,testB,1,2.84,0.579,3.51,2.91,1.79,1.31,1.11,1.4,1.19,1.37,0,1.53,neutral,neutral,0,-0.793,32,1804,0,
s7669,GRTUSDT,1781530200000,testB,1,2.47,0.443,4.26,2.56,0.77,0.95,0.82,1.68,1.7,1.34,0,1.53,neutral,neutral,0,-1.0,8,1804,0,
s7670,LDOUSDT,1781530200000,testB,1,3.2,0.412,3.99,3.28,0.95,1.67,1.5,1.93,1.33,1.19,1,1.53,neutral,neutral,0,-0.511,32,1804,0,
s7671,SANDUSDT,1781530200000,testB,1,3.78,0.634,4.67,3.87,1.5,2.25,1.61,1.36,0.96,1.04,0,1.53,neutral,neutral,0,-0.491,32,1804,0,
s7672,MANAUSDT,1781530200000,testB,1,3.52,0.522,4.82,3.83,1.6,2.0,1.47,1.11,0.93,0.96,0,1.53,neutral,neutral,0,-0.444,32,1804,0,
s7673,AXSUSDT,1781530200000,testB,1,3.05,0.484,3.85,3.16,1.56,1.52,1.23,1.47,1.15,1.06,1,1.53,neutral,neutral,0,-0.281,32,1804,0,
s7674,ASTERUSDT,1781531100000,train,1,2.53,0.566,3.32,2.54,1.82,1.23,0.86,1.43,1.09,0.93,1,1.3,neutral,neutral,0,0.549,32,1806,0,
s7675,ENAUSDT,1781531100000,train,1,3.89,0.371,5.76,4.48,1.85,2.59,1.81,1.33,0.99,0.81,1,1.3,neutral,neutral,0,-0.709,32,1806,0,
s7676,ARBUSDT,1781531100000,train,1,3.34,0.647,3.59,3.38,1.52,2.04,1.67,1.05,0.88,0.92,0,1.3,neutral,neutral,0,-0.878,32,1806,1,
s7677,INJUSDT,1781531100000,train,1,4.5,0.467,5.34,4.36,0.75,3.21,1.15,1.43,1.03,0.91,1,1.3,neutral,neutral,0,0.815,32,1806,1,
s7678,SUIUSDT,1781531100000,train,1,4.22,0.511,4.58,4.23,1.69,2.92,1.95,1.75,1.3,1.22,1,1.3,neutral,neutral,0,-0.794,32,1806,1,
s7679,TIAUSDT,1781531100000,train,1,5.05,0.71,5.95,5.05,2.16,3.75,2.76,1.66,1.51,1.13,1,1.3,neutral,alcista,0,-0.337,32,1806,2,
s7680,STXUSDT,1781531100000,testB,1,2.48,0.49,3.47,2.62,1.5,1.18,0.8,1.4,1.19,1.37,0,1.3,neutral,neutral,0,-0.827,32,1805,0,
s7681,SANDUSDT,1781531100000,testB,1,3.62,0.625,4.42,3.62,1.2,2.32,1.46,1.36,0.96,1.04,0,1.3,neutral,neutral,0,-0.525,32,1805,0,
s7682,MANAUSDT,1781531100000,testB,1,3.52,0.522,4.82,3.97,1.41,2.22,1.46,1.11,0.93,0.96,0,1.3,neutral,neutral,0,-0.607,32,1805,0,
s7683,AXSUSDT,1781531100000,testB,1,2.84,0.452,3.65,2.86,1.44,1.54,1.01,1.47,1.15,1.06,1,1.3,neutral,neutral,0,-0.31,32,1805,0,
s7684,ASTERUSDT,1781532000000,train,1,2.33,0.535,3.32,2.5,1.63,1.24,0.76,1.86,1.25,1.01,1,1.09,neutral,neutral,0,0.602,32,1807,0,
s7685,WLDUSDT,1781532000000,train,1,4.46,0.353,7.51,4.48,0.82,3.37,0.85,1.66,1.63,1.16,1,1.09,neutral,neutral,0,-1.0,6,1807,0,
s7686,ARBUSDT,1781532000000,train,1,2.91,0.521,3.51,2.85,1.54,1.82,1.1,1.08,0.92,0.94,0,1.09,neutral,neutral,0,-0.835,32,1807,0,
s7687,INJUSDT,1781532000000,train,1,4.85,0.488,5.29,5.27,0.84,3.76,2.15,1.89,1.27,0.99,1,1.09,neutral,alcista,0,0.416,32,1807,2,
s7688,SUIUSDT,1781532000000,train,1,3.39,0.387,4.61,3.61,1.52,2.3,1.18,1.91,1.34,1.23,1,1.09,neutral,neutral,0,-0.75,32,1807,0,
s7689,TIAUSDT,1781532000000,train,1,4.49,0.594,5.9,4.51,1.01,3.4,2.06,1.85,1.62,1.19,1,1.09,neutral,neutral,0,-0.272,32,1807,0,
s7690,JUPUSDT,1781532000000,train,1,2.88,0.386,4.67,2.96,4.29,1.79,1.29,1.68,1.94,1.63,0,1.09,neutral,neutral,0,0.0,32,1807,1,
s7691,SANDUSDT,1781532000000,testB,1,3.19,0.512,4.43,3.22,1.06,2.1,0.94,1.25,0.97,0.97,0,1.09,neutral,neutral,0,-0.492,32,1806,0,
s7692,MANAUSDT,1781532000000,testB,1,3.38,0.489,4.84,3.56,1.05,2.29,0.95,1.16,0.95,0.98,0,1.09,neutral,neutral,0,-0.52,32,1806,0,
s7693,AXSUSDT,1781532000000,testB,1,2.33,0.365,3.66,2.57,1.17,1.24,0.66,1.5,1.17,1.05,1,1.09,neutral,neutral,0,-0.269,32,1806,0,
s7694,ASTERUSDT,1781532900000,train,1,3.86,0.669,3.92,3.87,1.67,2.56,2.02,1.86,1.25,1.01,1,1.3,neutral,neutral,0,-0.15,32,1808,1,
s7695,ENAUSDT,1781532900000,train,1,4.56,0.408,5.71,4.44,1.41,3.27,1.57,1.46,1.05,0.84,1,1.3,neutral,neutral,0,-1.0,32,1808,1,
s7696,ARBUSDT,1781532900000,train,1,3.26,0.549,3.49,3.2,1.19,1.96,1.33,1.08,0.92,0.94,0,1.3,neutral,neutral,0,-1.0,32,1808,1,
s7697,OPUSDT,1781532900000,train,1,2.01,0.379,2.5,2.15,1.19,0.71,0.79,0.89,0.73,0.74,0,1.3,neutral,neutral,0,-1.0,20,1808,1,
s7698,INJUSDT,1781532900000,train,1,6.82,0.619,6.85,6.38,1.33,5.52,3.17,1.89,1.27,0.99,1,1.3,neutral,alcista,0,-0.09,32,1808,3,
s7699,SUIUSDT,1781532900000,train,1,3.5,0.403,4.59,3.48,0.84,2.2,1.02,1.91,1.34,1.23,1,1.3,neutral,neutral,0,-1.0,32,1808,0,
s7700,TIAUSDT,1781532900000,train,1,5.67,0.666,5.84,5.47,0.79,4.37,2.8,1.85,1.62,1.19,1,1.3,neutral,neutral,0,-0.638,32,1808,1,
s7701,JUPUSDT,1781532900000,train,1,3.95,0.462,4.62,3.95,1.56,2.65,2.11,1.68,1.94,1.63,0,1.3,neutral,alcista,0,-0.494,32,1808,2,
s7702,ONDOUSDT,1781532900000,train,1,3.39,0.566,3.43,3.4,1.22,2.09,1.86,1.37,1.33,1.17,1,1.3,neutral,neutral,0,-1.0,20,1807,1,
s7703,STXUSDT,1781532900000,testB,1,2.73,0.477,3.47,2.81,1.22,1.44,0.89,1.54,1.27,1.39,0,1.3,neutral,neutral,0,-1.0,32,1807,1,
s7704,SANDUSDT,1781532900000,testB,1,3.72,0.559,4.36,3.6,0.67,2.42,1.3,1.25,0.97,0.97,0,1.3,neutral,neutral,0,-0.829,32,1807,1,
s7705,MANAUSDT,1781532900000,testB,1,3.68,0.532,4.69,3.55,0.82,2.39,1.0,1.16,0.95,0.98,0,1.3,neutral,neutral,0,-0.8,32,1807,1,
s7706,AXSUSDT,1781532900000,testB,1,2.74,0.443,3.66,2.67,0.87,1.45,0.67,1.5,1.17,1.05,1,1.3,neutral,neutral,0,-0.63,32,1807,1,
s7707,ASTERUSDT,1781533800000,train,1,3.31,0.523,3.94,3.23,1.43,2.13,1.22,1.86,1.25,1.01,1,1.18,neutral,neutral,0,-0.033,32,1809,0,
s7708,ARBUSDT,1781533800000,train,1,2.77,0.453,3.4,2.78,0.92,1.58,0.88,1.08,0.92,0.94,0,1.18,neutral,neutral,0,-1.0,28,1809,0,
s7709,INJUSDT,1781533800000,train,1,6.93,0.624,7.07,6.89,1.48,5.75,3.48,1.89,1.27,0.99,1,1.18,neutral,alcista,0,-0.296,32,1809,4,
s7710,TIAUSDT,1781533800000,train,1,6.27,0.688,6.4,6.19,0.74,5.08,3.23,1.85,1.62,1.19,1,1.18,neutral,alcista,0,-0.657,32,1809,2,
s7711,JUPUSDT,1781533800000,train,1,3.62,0.42,4.63,3.76,0.93,2.44,1.62,1.68,1.94,1.63,0,1.18,neutral,neutral,0,-0.507,32,1809,0,
s7712,ONDOUSDT,1781533800000,train,1,2.5,0.442,3.13,2.75,1.15,1.32,1.36,1.37,1.33,1.17,1,1.18,neutral,neutral,0,-1.0,19,1808,0,
s7713,STXUSDT,1781533800000,testB,1,2.37,0.404,3.47,2.57,1.02,1.19,0.56,1.54,1.27,1.39,0,1.18,neutral,neutral,0,-1.0,31,1808,0,
s7714,SANDUSDT,1781533800000,testB,1,3.07,0.448,4.14,2.96,0.42,1.89,0.78,1.25,0.97,0.97,0,1.18,neutral,neutral,0,-0.84,32,1808,0,
s7715,MANAUSDT,1781533800000,testB,1,3.08,0.447,4.42,2.99,0.52,1.9,0.63,1.16,0.95,0.98,0,1.18,neutral,neutral,0,-1.0,32,1808,0,
s7716,ASTERUSDT,1781534700000,train,1,3.04,0.504,3.34,3.09,1.52,2.03,1.67,1.86,1.25,1.01,1,1.01,neutral,neutral,0,-0.317,32,1810,1,
s7717,0GUSDT,1781534700000,train,-1,-2.66,0.422,3.78,3.02,0.38,-3.67,0.48,2.49,1.7,1.03,1,1.01,neutral,neutral,0,1.116,32,1810,0,
s7718,INJUSDT,1781534700000,train,1,4.31,0.514,5.55,4.78,1.58,3.29,3.21,1.89,1.27,0.99,1,1.01,neutral,alcista,0,-0.478,32,1810,5,
s7719,TIAUSDT,1781534700000,train,1,5.3,0.563,6.65,5.38,0.84,4.29,2.35,1.85,1.62,1.19,1,1.01,neutral,neutral,0,-0.637,32,1810,0,
s7720,JUPUSDT,1781534700000,train,1,3.08,0.362,4.64,3.56,0.86,2.07,1.34,1.68,1.94,1.63,0,1.01,neutral,neutral,0,-0.493,32,1810,0,
s7721,ONDOUSDT,1781534700000,train,1,2.36,0.429,3.32,3.07,1.05,1.34,1.55,1.37,1.33,1.17,1,1.01,neutral,neutral,0,-1.0,18,1809,1,
s7722,SANDUSDT,1781534700000,testB,1,2.34,0.382,3.63,2.44,0.38,1.33,0.68,1.25,0.97,0.97,0,1.01,neutral,neutral,0,-1.0,30,1809,0,
s7723,ASTERUSDT,1781535600000,train,1,2.5,0.409,3.1,2.42,1.57,1.46,1.24,2.14,1.4,1.09,1,1.04,neutral,neutral,0,-0.177,32,1811,0,
s7724,XPLUSDT,1781535600000,train,1,5.41,0.388,7.1,5.94,0.78,4.36,3.5,1.57,1.23,1.0,1,1.04,neutral,alcista,0,-1.0,17,1811,3,
s7725,0GUSDT,1781535600000,train,-1,-2.38,0.379,3.55,2.66,0.43,-3.43,0.3,1.89,1.76,1.05,1,1.04,neutral,neutral,0,1.25,32,1811,0,
s7726,INJUSDT,1781535600000,train,1,4.81,0.543,5.45,5.1,2.01,3.77,3.59,2.25,1.46,1.09,1,1.04,neutral,alcista,0,-0.607,32,1811,6,
s7727,TIAUSDT,1781535600000,train,1,5.02,0.522,6.66,4.89,1.0,3.98,1.91,2.06,1.68,1.25,1,1.04,neutral,neutral,0,-0.643,32,1811,0,
s7728,0GUSDT,1781536500000,train,-1,-2.18,0.357,3.4,2.7,0.44,-2.77,0.59,1.89,1.76,1.05,1,0.6,neutral,neutral,0,1.176,32,1812,1,
s7729,WLDUSDT,1781536500000,train,-1,-5.4,0.491,6.78,6.0,0.8,-6.0,2.73,1.83,1.63,1.24,1,0.6,neutral,bajista,0,-0.003,32,1812,2,
s7730,INJUSDT,1781536500000,train,1,4.16,0.509,5.98,5.44,1.3,3.57,3.49,2.25,1.46,1.09,1,0.6,neutral,alcista,0,-0.606,32,1812,7,
s7731,WLDUSDT,1781537400000,train,-1,-5.12,0.474,7.06,6.7,1.31,-6.26,3.35,1.83,1.63,1.24,1,1.14,neutral,bajista,0,-0.148,32,1813,3,
s7732,ENAUSDT,1781537400000,train,1,3.5,0.376,4.56,4.5,0.99,2.36,1.84,1.69,1.16,0.91,1,1.14,neutral,alcista,0,-1.0,15,1813,2,
s7733,TIAUSDT,1781537400000,train,1,3.48,0.352,6.35,3.65,0.86,2.34,0.77,2.06,1.68,1.25,1,1.14,neutral,neutral,0,-0.46,32,1813,1,
s7734,ASTERUSDT,1781538300000,train,1,2.44,0.392,3.02,2.78,1.08,0.84,1.32,2.14,1.4,1.09,1,1.6,neutral,alcista,0,-0.324,32,1814,2,
s7735,WLDUSDT,1781538300000,train,-1,-5.12,0.477,7.02,6.17,1.49,-6.71,2.68,1.83,1.63,1.24,1,1.6,neutral,neutral,0,0.022,32,1814,0,
s7736,TIAUSDT,1781538300000,train,1,3.97,0.383,6.31,4.19,0.83,2.38,1.2,2.06,1.68,1.25,1,1.6,neutral,alcista,0,-0.487,32,1814,2,
s7737,JUPUSDT,1781538300000,train,1,5.49,0.423,6.1,5.75,1.37,3.89,3.82,2.06,1.93,1.76,1,1.6,neutral,alcista,0,-0.765,32,1814,2,
s7738,SANDUSDT,1781538300000,testB,1,2.17,0.369,2.57,2.48,1.14,0.57,1.36,1.34,1.03,1.0,1,1.6,neutral,alcista,0,-1.0,14,1813,2,
s7739,ASTERUSDT,1781539200000,train,1,2.43,0.388,2.86,2.49,1.04,0.97,1.01,2.24,1.47,1.13,1,1.45,neutral,neutral,0,-0.166,32,1815,0,
s7740,WLDUSDT,1781539200000,train,-1,-6.9,0.55,8.71,7.96,2.07,-8.36,5.22,1.95,1.61,1.32,1,1.45,neutral,neutral,0,-0.397,32,1815,1,
s7741,SANDUSDT,1781539200000,testB,1,2.2,0.373,2.94,2.57,1.31,0.75,1.18,1.53,1.12,1.03,1,1.45,neutral,alcista,0,-1.0,13,1814,3,
s7742,AXSUSDT,1781539200000,testB,1,2.09,0.356,4.1,2.63,3.61,0.64,1.46,2.44,1.64,1.28,1,1.45,neutral,alcista,0,-1.0,13,1814,3,
s7743,ASTERUSDT,1781540100000,train,1,2.18,0.365,2.53,2.33,1.0,0.81,1.09,2.24,1.47,1.13,1,1.37,neutral,neutral,0,-0.359,32,1816,1,
s7744,WLDUSDT,1781540100000,train,-1,-6.53,0.52,9.16,7.75,1.62,-7.9,4.43,1.95,1.61,1.32,1,1.37,neutral,neutral,0,-0.539,32,1816,0,
s7745,INJUSDT,1781540100000,train,1,3.62,0.372,6.02,4.77,1.35,2.26,1.69,2.24,1.6,1.17,1,1.37,neutral,neutral,0,-0.322,32,1816,1,
s7746,PENDLEUSDT,1781540100000,train,1,2.87,0.431,3.34,3.16,1.72,1.5,1.73,1.37,1.06,1.03,1,1.37,neutral,alcista,0,-1.0,12,1816,4,
s7747,LDOUSDT,1781540100000,testB,1,3.71,0.418,4.25,3.86,2.17,2.34,1.86,2.59,1.76,1.4,1,1.37,neutral,alcista,0,-1.0,12,1815,4,
s7748,INJUSDT,1781541000000,train,1,4.88,0.444,6.12,6.0,1.12,3.85,2.63,2.24,1.6,1.17,1,1.04,neutral,alcista,0,-0.413,32,1817,2,
s7749,WLDUSDT,1781542800000,train,-1,-6.58,0.523,8.92,7.36,0.71,-7.02,3.06,1.61,1.55,1.35,1,0.44,neutral,neutral,0,-0.615,32,1819,0,
s7750,APEUSDT,1781542800000,testB,-1,-2.23,0.441,3.27,2.97,0.85,-2.67,1.14,0.89,0.83,1.01,0,0.44,neutral,bajista,0,0.615,32,1818,5,
s7751,WLDUSDT,1781543700000,train,-1,-6.15,0.504,8.94,7.58,0.56,-6.12,2.91,1.61,1.55,1.35,1,-0.03,neutral,neutral,0,-0.51,32,1820,1,
s7752,APEUSDT,1781543700000,testB,-1,-2.52,0.515,2.89,2.66,0.83,-2.49,1.17,0.89,0.83,1.01,0,-0.03,neutral,bajista,0,0.714,32,1819,6,
s7753,INJUSDT,1781544600000,train,1,4.85,0.356,6.16,5.42,0.64,4.39,1.6,2.14,1.64,1.19,1,0.46,neutral,alcista,0,-0.411,32,1821,2,
s7754,WLDUSDT,1781545500000,train,-1,-5.51,0.403,8.88,6.8,0.68,-6.13,1.97,1.61,1.55,1.35,1,0.62,neutral,neutral,0,-0.435,32,1822,1,
s7755,WLDUSDT,1781546400000,train,-1,-5.3,0.383,8.84,6.58,0.59,-5.84,1.52,1.43,1.5,1.38,0,0.54,neutral,neutral,0,-0.294,32,1823,0,
s7756,STBLUSDT,1781547300000,train,-1,-2.25,0.425,2.86,2.53,0.72,-2.65,1.03,0.96,1.37,1.03,0,0.39,neutral,bajista,0,1.721,32,1824,5,
s7757,WLDUSDT,1781547300000,train,-1,-5.82,0.439,8.84,6.62,0.53,-6.22,1.34,1.43,1.5,1.38,0,0.39,neutral,neutral,0,-0.339,32,1824,1,
s7758,ONDOUSDT,1781547300000,train,-1,-2.05,0.36,3.0,2.4,0.36,-2.44,0.6,1.27,1.19,1.22,0,0.39,neutral,bajista,1,2.0,32,1823,2,
s7759,APEUSDT,1781547300000,testB,-1,-2.17,0.46,2.68,2.45,1.08,-2.56,1.14,0.9,0.86,0.99,0,0.39,neutral,bajista,0,1.25,32,1823,2,
s7760,STBLUSDT,1781548200000,train,-1,-2.37,0.436,2.54,2.5,0.64,-2.77,1.22,0.96,1.37,1.03,0,0.4,neutral,bajista,0,1.597,32,1825,6,
s7761,WLDUSDT,1781548200000,train,-1,-4.74,0.367,8.81,6.25,0.36,-5.14,0.98,1.43,1.5,1.38,0,0.4,neutral,neutral,0,-0.532,32,1825,0,
s7762,TIAUSDT,1781548200000,train,-1,-2.75,0.463,4.5,3.77,0.39,-3.15,0.73,1.73,1.67,1.31,1,0.4,neutral,bajista,0,0.236,32,1825,3,
s7763,STBLUSDT,1781549100000,train,-1,-2.81,0.478,3.0,3.0,0.34,-3.07,1.68,0.96,1.37,1.03,0,0.26,neutral,bajista,0,1.263,32,1826,7,
s7764,TIAUSDT,1781549100000,train,-1,-2.32,0.419,4.51,3.94,0.37,-2.58,0.74,1.73,1.67,1.31,1,0.26,neutral,bajista,0,0.185,32,1826,4,
s7765,ONDOUSDT,1781549100000,train,-1,-2.33,0.431,3.01,2.64,0.59,-2.59,0.71,1.27,1.19,1.22,0,0.26,neutral,neutral,0,1.673,32,1825,1,
s7766,XPLUSDT,1781550000000,train,-1,-3.95,0.382,6.25,4.27,0.63,-4.3,-0.0,0.92,1.26,1.01,0,0.35,neutral,neutral,0,-0.015,32,1827,1,
s7767,STBLUSDT,1781550000000,train,-1,-2.24,0.399,3.0,2.77,0.34,-2.59,1.42,1.24,1.45,1.14,0,0.35,neutral,neutral,0,1.243,32,1827,0,
s7768,XPLUSDT,1781550900000,train,-1,-5.55,0.463,6.33,6.21,0.94,-5.37,2.25,0.92,1.26,1.01,0,-0.18,neutral,bajista,0,-0.606,32,1828,2,
s7769,STBLUSDT,1781550900000,train,-1,-4.19,0.553,6.6,5.22,2.32,-4.01,3.35,1.24,1.45,1.14,0,-0.18,neutral,neutral,0,0.096,32,1828,1,
s7770,0GUSDT,1781550900000,train,-1,-2.51,0.552,4.01,3.55,1.82,-2.33,1.95,0.87,1.86,1.12,0,-0.18,neutral,bajista,0,0.413,32,1828,6,
s7771,ENAUSDT,1781550900000,train,-1,-3.28,0.482,5.83,5.07,1.07,-3.1,2.14,1.1,1.22,0.99,0,-0.18,neutral,neutral,0,0.149,32,1828,1,
s7772,TIAUSDT,1781550900000,train,-1,-2.49,0.392,4.61,4.17,0.93,-2.3,2.22,1.4,1.55,1.34,0,-0.18,neutral,neutral,0,-1.0,23,1828,1,
s7773,ONDOUSDT,1781550900000,train,-1,-2.9,0.463,4.46,4.11,1.47,-2.72,2.42,1.24,1.23,1.28,0,-0.18,neutral,neutral,0,0.273,32,1827,1,
s7774,APEUSDT,1781550900000,testB,-1,-2.2,0.377,3.72,3.56,1.46,-2.01,1.8,0.96,0.9,1.03,0,-0.18,neutral,neutral,0,0.087,32,1827,1,
s7775,STBLUSDT,1781551800000,train,-1,-3.54,0.462,6.57,4.82,2.7,-3.27,2.68,1.24,1.45,1.14,0,-0.27,neutral,neutral,0,0.103,32,1829,0,
s7776,ENAUSDT,1781551800000,train,-1,-3.93,0.651,5.81,4.7,1.44,-3.66,1.67,1.1,1.22,0.99,0,-0.27,neutral,neutral,0,0.123,32,1829,0,
s7777,SUIUSDT,1781551800000,train,-1,-2.01,0.379,4.02,2.9,0.91,-1.74,0.92,1.5,1.62,1.49,0,-0.27,neutral,neutral,0,0.773,32,1829,0,
s7778,SEIUSDT,1781551800000,train,-1,-2.32,0.456,4.09,3.42,1.23,-2.05,1.36,1.28,1.23,1.0,1,-0.27,neutral,neutral,0,0.301,32,1829,0,
s7779,ONDOUSDT,1781551800000,train,-1,-2.64,0.405,4.44,3.59,1.54,-2.37,1.79,1.24,1.23,1.28,0,-0.27,neutral,neutral,0,0.148,32,1828,0,
s7780,STBLUSDT,1781552700000,train,-1,-4.19,0.564,6.59,5.06,3.18,-3.19,2.57,1.24,1.45,1.14,0,-1.0,neutral,neutral,0,0.061,32,1830,1,
s7781,0GUSDT,1781552700000,train,-1,-2.75,0.534,4.0,3.42,1.67,-1.76,1.56,0.87,1.86,1.12,0,-1.0,neutral,neutral,0,0.362,32,1830,1,
s7782,ENAUSDT,1781552700000,train,-1,-3.92,0.649,5.27,4.55,1.45,-2.92,1.77,1.1,1.22,0.99,0,-1.0,neutral,neutral,0,0.026,32,1830,1,
s7783,ARBUSDT,1781552700000,train,-1,-2.56,0.436,3.58,3.01,1.09,-1.56,1.26,1.07,1.07,1.05,1,-1.0,neutral,neutral,0,0.411,32,1830,1,
s7784,SUIUSDT,1781552700000,train,-1,-2.54,0.509,4.02,3.03,0.96,-1.54,0.92,1.5,1.62,1.49,0,-1.0,neutral,neutral,0,0.663,32,1830,1,
s7785,SEIUSDT,1781552700000,train,-1,-2.98,0.576,4.12,3.82,1.27,-1.98,1.55,1.28,1.23,1.0,1,-1.0,neutral,neutral,0,0.208,32,1830,1,
s7786,PENDLEUSDT,1781552700000,train,-1,-3.24,0.456,4.68,4.4,0.85,-2.24,1.69,1.26,1.11,1.1,1,-1.0,neutral,neutral,0,0.306,32,1830,1,
s7787,ONDOUSDT,1781552700000,train,-1,-3.62,0.585,4.27,3.79,1.82,-2.63,1.85,1.24,1.23,1.28,0,-1.0,neutral,neutral,0,0.035,32,1829,1,
s7788,ARUSDT,1781552700000,testB,-1,-2.26,0.48,3.03,2.6,1.77,-1.26,1.13,0.99,0.96,0.95,1,-1.0,neutral,neutral,0,0.537,32,1829,1,
s7789,GRTUSDT,1781552700000,testB,-1,-2.58,0.529,3.53,2.99,1.41,-1.58,1.3,1.55,1.64,1.54,0,-1.0,neutral,neutral,0,0.033,32,1829,1,
s7790,SANDUSDT,1781552700000,testB,-1,-2.61,0.578,3.65,3.15,1.44,-1.61,1.2,1.06,1.21,1.11,0,-1.0,neutral,neutral,0,0.398,32,1829,1,
s7791,MANAUSDT,1781552700000,testB,-1,-2.68,0.543,3.48,3.05,1.43,-1.69,1.18,1.07,1.08,1.09,0,-1.0,neutral,neutral,0,-0.095,32,1829,1,
s7792,APEUSDT,1781552700000,testB,-1,-2.78,0.481,3.7,3.24,1.77,-1.78,1.19,0.96,0.9,1.03,0,-1.0,neutral,neutral,0,0.214,32,1829,1,
s7793,STBLUSDT,1781553600000,train,-1,-3.66,0.463,6.54,4.3,3.48,-2.65,1.64,1.22,1.33,1.15,0,-1.01,neutral,neutral,0,0.257,32,1831,0,
s7794,0GUSDT,1781553600000,train,-1,-2.75,0.534,3.8,2.95,1.58,-1.73,1.16,0.81,1.68,1.13,0,-1.01,neutral,neutral,0,0.549,32,1831,0,
s7795,WLDUSDT,1781553600000,train,1,2.88,0.353,4.33,3.99,0.55,3.89,0.98,1.2,1.43,1.43,0,-1.01,neutral,neutral,0,0.391,32,1831,1,
s7796,ENAUSDT,1781553600000,train,-1,-3.17,0.531,5.25,4.19,1.51,-2.16,1.46,0.98,1.22,0.98,0,-1.01,neutral,neutral,0,0.18,32,1831,0,
s7797,ARBUSDT,1781553600000,train,-1,-2.55,0.436,3.51,2.78,1.2,-1.54,0.95,0.96,1.02,1.05,0,-1.01,neutral,neutral,0,0.576,32,1831,0,
s7798,SUIUSDT,1781553600000,train,-1,-2.25,0.444,4.01,2.83,1.2,-1.24,0.68,1.33,1.62,1.5,0,-1.01,neutral,neutral,0,0.807,32,1831,0,
s7799,SEIUSDT,1781553600000,train,-1,-2.76,0.513,4.11,3.44,1.5,-1.75,1.06,1.2,1.23,1.01,0,-1.01,neutral,neutral,0,0.417,32,1831,0,
s7800,PENDLEUSDT,1781553600000,train,-1,-3.34,0.481,4.66,4.05,1.07,-2.33,1.21,1.26,1.11,1.12,0,-1.01,neutral,neutral,0,0.451,32,1831,0,
s7801,ONDOUSDT,1781553600000,train,-1,-2.38,0.407,3.9,2.97,2.11,-1.37,1.2,1.05,1.22,1.29,0,-1.01,neutral,neutral,0,0.33,32,1830,0,
s7802,ARUSDT,1781553600000,testB,-1,-2.02,0.41,2.97,2.16,1.96,-1.01,0.65,0.82,0.95,0.93,0,-1.01,neutral,neutral,0,0.8,32,1830,0,
s7803,GRTUSDT,1781553600000,testB,-1,-2.44,0.515,3.48,2.94,1.59,-1.43,1.11,1.59,1.62,1.58,0,-1.01,neutral,neutral,0,0.167,32,1830,0,
s7804,LDOUSDT,1781553600000,testB,-1,-2.53,0.409,4.18,2.88,1.32,-1.52,0.54,1.99,2.03,1.56,0,-1.01,neutral,neutral,0,0.55,32,1830,0,
s7805,SANDUSDT,1781553600000,testB,-1,-2.39,0.506,3.29,2.48,1.7,-1.38,0.79,1.03,1.15,1.12,0,-1.01,neutral,neutral,0,0.622,32,1830,0,
s7806,MANAUSDT,1781553600000,testB,-1,-2.12,0.385,3.31,2.16,1.73,-1.1,0.4,1.15,1.15,1.14,1,-1.01,neutral,neutral,0,0.133,32,1830,0,
s7807,APEUSDT,1781553600000,testB,-1,-2.48,0.429,3.39,2.77,1.77,-1.47,0.92,0.98,0.91,1.04,0,-1.01,neutral,neutral,0,0.25,32,1830,0,
s7808,STBLUSDT,1781554500000,train,-1,-3.75,0.468,6.56,4.66,0.64,-2.85,1.76,1.22,1.33,1.15,0,-0.9,neutral,neutral,0,0.254,32,1832,1,
s7809,0GUSDT,1781554500000,train,-1,-2.72,0.531,3.71,3.19,0.72,-1.82,1.34,0.81,1.68,1.13,0,-0.9,neutral,neutral,0,0.418,32,1832,1,
s7810,WLDUSDT,1781554500000,train,1,4.02,0.433,5.29,5.02,0.66,4.93,2.19,1.2,1.43,1.43,0,-0.9,neutral,alcista,0,0.06,32,1832,2,
s7811,ENAUSDT,1781554500000,train,-1,-3.88,0.685,5.27,4.43,0.85,-2.98,1.67,0.98,1.22,0.98,0,-0.9,neutral,neutral,0,0.264,32,1832,1,
s7812,ARBUSDT,1781554500000,train,-1,-2.8,0.462,3.52,3.02,0.51,-1.9,1.17,0.96,1.02,1.05,0,-0.9,neutral,neutral,0,0.593,32,1832,1,
s7813,SUIUSDT,1781554500000,train,-1,-2.52,0.517,4.02,2.88,0.5,-1.62,0.76,1.33,1.62,1.5,0,-0.9,neutral,neutral,0,0.927,32,1832,1,
s7814,SEIUSDT,1781554500000,train,-1,-3.14,0.607,4.11,3.56,0.82,-2.24,1.15,1.2,1.23,1.01,0,-0.9,neutral,neutral,0,0.497,32,1832,1,
s7815,PENDLEUSDT,1781554500000,train,-1,-3.94,0.584,4.67,4.29,1.04,-3.04,1.39,1.26,1.11,1.12,0,-0.9,neutral,neutral,0,0.507,32,1832,1,
s7816,ONDOUSDT,1781554500000,train,-1,-2.72,0.467,3.91,3.14,0.69,-1.81,1.26,1.05,1.22,1.29,0,-0.9,neutral,neutral,0,0.5,32,1831,1,
s7817,GRTUSDT,1781554500000,testB,-1,-2.48,0.531,3.47,2.64,1.24,-1.58,0.77,1.59,1.62,1.58,0,-0.9,neutral,neutral,0,0.426,32,1831,0,
s7818,LDOUSDT,1781554500000,testB,-1,-2.95,0.472,4.19,3.15,1.2,-2.05,0.82,1.99,2.03,1.56,0,-0.9,neutral,neutral,0,0.609,32,1831,1,
s7819,SANDUSDT,1781554500000,testB,-1,-2.37,0.504,3.22,2.58,0.96,-1.47,0.94,1.03,1.15,1.12,0,-0.9,neutral,neutral,0,0.7,32,1831,1,
s7820,MANAUSDT,1781554500000,testB,-1,-2.4,0.415,3.33,2.75,0.92,-1.5,0.94,1.15,1.15,1.14,1,-0.9,neutral,neutral,0,0.158,32,1831,1,
s7821,APEUSDT,1781554500000,testB,-1,-2.56,0.436,3.1,2.94,1.07,-1.66,1.28,0.98,0.91,1.04,0,-0.9,neutral,neutral,0,0.184,32,1831,1,
s7822,PUMPUSDT,1781555400000,train,-1,-2.34,0.373,3.78,2.83,0.43,-1.48,0.89,1.44,1.37,1.2,1,-0.86,neutral,neutral,0,1.2,32,1833,0,
s7823,STBLUSDT,1781555400000,train,-1,-3.5,0.45,6.57,4.7,0.39,-2.64,1.69,1.22,1.33,1.15,0,-0.86,neutral,bajista,0,0.268,32,1833,2,
s7824,0GUSDT,1781555400000,train,-1,-2.66,0.512,3.45,2.76,0.67,-1.8,1.12,0.81,1.68,1.13,0,-0.86,neutral,neutral,0,0.624,32,1833,0,
s7825,WLDUSDT,1781555400000,train,1,3.5,0.355,5.43,4.09,0.83,4.36,1.02,1.2,1.43,1.43,0,-0.86,neutral,neutral,0,0.029,32,1833,0,
s7826,ENAUSDT,1781555400000,train,-1,-3.59,0.641,5.09,4.14,0.62,-2.73,1.36,0.98,1.22,0.98,0,-0.86,neutral,neutral,0,0.392,32,1833,0,
s7827,ARBUSDT,1781555400000,train,-1,-2.62,0.445,3.13,2.84,0.47,-1.76,1.38,0.96,1.02,1.05,0,-0.86,neutral,bajista,0,0.66,32,1833,2,
s7828,SUIUSDT,1781555400000,train,-1,-2.29,0.492,3.5,2.57,0.43,-1.43,0.93,1.33,1.62,1.5,0,-0.86,neutral,bajista,0,1.044,32,1833,2,
s7829,SEIUSDT,1781555400000,train,-1,-3.2,0.611,3.73,3.48,0.7,-2.34,1.35,1.2,1.23,1.01,0,-0.86,neutral,bajista,0,0.436,32,1833,2,
s7830,JUPUSDT,1781555400000,train,-1,-3.15,0.387,4.44,3.88,0.73,-2.29,1.6,2.04,1.88,2.0,0,-0.86,neutral,neutral,0,0.267,32,1833,1,
s7831,PENDLEUSDT,1781555400000,train,-1,-3.59,0.56,4.1,3.95,1.24,-2.73,1.5,1.26,1.11,1.12,0,-0.86,neutral,bajista,0,0.511,32,1833,2,
s7832,ONDOUSDT,1781555400000,train,-1,-2.62,0.457,3.44,2.85,0.59,-1.76,1.4,1.05,1.22,1.29,0,-0.86,neutral,bajista,0,0.664,32,1832,2,
s7833,GRTUSDT,1781555400000,testB,-1,-2.72,0.553,3.29,2.85,0.99,-1.86,1.15,1.59,1.62,1.58,0,-0.86,neutral,neutral,0,0.362,32,1832,1,
s7834,LDOUSDT,1781555400000,testB,-1,-2.78,0.457,3.81,3.05,0.59,-1.92,1.12,1.99,2.03,1.56,0,-0.86,neutral,bajista,0,0.643,32,1832,2,
s7835,SANDUSDT,1781555400000,testB,-1,-2.15,0.478,2.93,2.38,0.71,-1.29,1.06,1.03,1.15,1.12,0,-0.86,neutral,bajista,0,0.736,32,1832,2,
s7836,MANAUSDT,1781555400000,testB,-1,-2.13,0.385,2.9,2.32,0.99,-1.27,0.99,1.15,1.15,1.14,1,-0.86,neutral,bajista,0,0.125,32,1832,2,
s7837,APEUSDT,1781555400000,testB,-1,-2.64,0.443,2.87,2.87,1.02,-1.78,1.39,0.98,0.91,1.04,0,-0.86,neutral,bajista,0,0.27,32,1832,2,
s7838,PUMPUSDT,1781556300000,train,-1,-2.52,0.39,3.6,2.97,0.4,-1.58,1.08,1.44,1.37,1.2,1,-0.94,neutral,neutral,0,0.936,32,1834,1,
s7839,STBLUSDT,1781556300000,train,-1,-3.21,0.424,6.56,4.66,0.33,-2.27,1.52,1.22,1.33,1.15,0,-0.94,neutral,neutral,0,0.352,32,1834,0,
s7840,0GUSDT,1781556300000,train,-1,-2.42,0.487,2.91,2.64,0.61,-1.48,1.43,0.81,1.68,1.13,0,-0.94,neutral,neutral,0,0.21,32,1834,1,
s7841,WLDUSDT,1781556300000,train,1,4.09,0.391,5.09,4.45,0.99,5.03,1.9,1.2,1.43,1.43,0,-0.94,neutral,neutral,0,0.019,32,1834,1,
s7842,ENAUSDT,1781556300000,train,-1,-2.89,0.578,4.25,3.25,0.52,-1.95,1.13,0.98,1.22,0.98,0,-0.94,neutral,neutral,0,0.48,32,1834,0,
s7843,ARBUSDT,1781556300000,train,-1,-2.46,0.429,2.99,2.76,0.43,-1.51,1.36,0.96,1.02,1.05,0,-0.94,neutral,bajista,0,0.646,32,1834,3,
s7844,SUIUSDT,1781556300000,train,-1,-2.09,0.468,2.88,2.15,0.43,-1.15,1.0,1.33,1.62,1.5,0,-0.94,neutral,bajista,0,1.116,32,1834,3,
s7845,SEIUSDT,1781556300000,train,-1,-3.01,0.596,3.31,3.13,0.66,-2.07,1.31,1.2,1.23,1.01,0,-0.94,neutral,bajista,0,0.45,32,1834,3,
s7846,JUPUSDT,1781556300000,train,-1,-2.81,0.354,4.44,3.82,0.64,-1.87,1.25,2.04,1.88,2.0,0,-0.94,neutral,neutral,0,0.257,32,1834,0,
s7847,PENDLEUSDT,1781556300000,train,-1,-3.05,0.508,3.65,3.14,1.09,-2.11,1.37,1.26,1.11,1.12,0,-0.94,neutral,neutral,0,0.641,32,1834,0,
s7848,ONDOUSDT,1781556300000,train,-1,-2.5,0.444,3.32,3.13,0.54,-1.56,1.56,1.05,1.22,1.29,0,-0.94,neutral,bajista,0,0.376,32,1833,3,
s7849,GRTUSDT,1781556300000,testB,-1,-2.35,0.516,2.8,2.36,0.95,-1.41,1.02,1.59,1.62,1.58,0,-0.94,neutral,neutral,0,0.375,32,1833,0,
s7850,LDOUSDT,1781556300000,testB,-1,-2.27,0.405,2.98,2.32,0.55,-1.33,1.25,1.99,2.03,1.56,0,-0.94,neutral,bajista,0,0.797,32,1833,3,
s7851,SANDUSDT,1781556300000,testB,-1,-2.08,0.469,2.66,2.25,0.63,-1.14,1.1,1.03,1.15,1.12,0,-0.94,neutral,bajista,0,0.721,32,1833,3,
s7852,MANAUSDT,1781556300000,testB,-1,-2.28,0.4,2.77,2.33,1.45,-1.33,1.3,1.15,1.15,1.14,1,-0.94,neutral,bajista,0,-0.188,32,1833,3,
s7853,APEUSDT,1781556300000,testB,-1,-2.79,0.457,3.19,2.8,0.92,-1.85,1.45,0.98,0.91,1.04,0,-0.94,neutral,bajista,0,0.167,32,1833,3,
s7854,STBLUSDT,1781557200000,train,-1,-3.88,0.57,6.55,4.42,0.23,-3.31,1.14,1.07,1.18,1.12,0,-0.57,neutral,neutral,0,0.422,32,1835,0,
s7855,0GUSDT,1781557200000,train,-1,-2.29,0.456,2.9,2.54,0.58,-1.73,1.16,0.73,1.33,1.13,0,-0.57,neutral,neutral,0,0.244,32,1835,0,
s7856,WLDUSDT,1781557200000,train,1,4.43,0.412,5.3,5.25,0.97,5.0,2.46,0.96,1.4,1.43,0,-0.57,neutral,alcista,0,-0.457,32,1835,2,
s7857,SEIUSDT,1781557200000,train,-1,-2.08,0.502,2.96,2.52,0.76,-1.52,1.22,1.08,1.24,0.98,0,-0.57,neutral,neutral,0,0.346,32,1835,0,
s7858,PENDLEUSDT,1781557200000,train,-1,-2.39,0.446,3.04,2.6,1.12,-1.82,1.35,1.08,1.12,1.0,0,-0.57,neutral,neutral,0,0.3,32,1835,1,
s7859,ONDOUSDT,1781557200000,train,-1,-2.46,0.439,3.81,3.35,0.82,-1.89,1.63,0.93,1.23,1.24,0,-0.57,neutral,bajista,0,-0.056,32,1834,4,
s7860,APEUSDT,1781557200000,testB,-1,-2.21,0.397,3.03,2.64,0.94,-1.64,1.33,0.94,0.93,0.98,0,-0.57,neutral,neutral,0,0.088,32,1834,0,
s7861,PUMPUSDT,1781558100000,train,-1,-2.4,0.358,3.6,2.97,0.42,-1.8,1.08,1.13,1.35,1.12,0,-0.6,neutral,neutral,0,0.447,32,1836,1,
s7862,STBLUSDT,1781558100000,train,-1,-3.31,0.506,5.63,3.35,0.23,-2.7,0.85,1.07,1.18,1.12,0,-0.6,neutral,neutral,0,0.614,32,1836,0,
s7863,0GUSDT,1781558100000,train,-1,-2.07,0.414,2.9,2.44,0.57,-1.47,0.97,0.73,1.33,1.13,0,-0.6,neutral,neutral,0,0.347,32,1836,0,
s7864,ENAUSDT,1781558100000,train,-1,-2.31,0.395,3.79,2.84,0.85,-1.71,1.06,0.8,1.25,0.94,0,-0.6,neutral,neutral,0,0.078,32,1836,1,
s7865,ARBUSDT,1781558100000,train,-1,-2.5,0.473,3.04,2.82,0.41,-1.9,1.13,0.77,1.0,1.02,0,-0.6,neutral,neutral,0,0.461,32,1836,1,
s7866,SEIUSDT,1781558100000,train,-1,-2.62,0.602,2.97,2.92,0.9,-2.02,1.43,1.08,1.24,0.98,0,-0.6,neutral,neutral,0,0.089,32,1836,1,
s7867,JUPUSDT,1781558100000,train,-1,-3.17,0.417,4.68,4.52,0.69,-2.57,1.77,1.62,1.86,1.96,0,-0.6,neutral,neutral,0,-0.379,32,1836,1,
s7868,PENDLEUSDT,1781558100000,train,-1,-2.16,0.419,2.88,2.64,1.18,-1.55,1.32,1.08,1.12,1.0,0,-0.6,neutral,bajista,0,0.229,32,1836,2,
s7869,ONDOUSDT,1781558100000,train,-1,-3.07,0.562,3.87,3.63,0.94,-2.47,1.68,0.93,1.23,1.24,0,-0.6,neutral,bajista,0,-0.037,32,1835,5,
s7870,LDOUSDT,1781558100000,testB,-1,-2.14,0.395,2.91,2.47,0.68,-1.53,1.18,1.82,2.06,1.5,0,-0.6,neutral,neutral,0,0.471,32,1835,1,
s7871,APEUSDT,1781558100000,testB,-1,-2.13,0.389,3.03,2.64,0.92,-1.53,1.19,0.94,0.93,0.98,0,-0.6,neutral,neutral,0,0.118,32,1835,0,
s7872,STBLUSDT,1781559000000,train,-1,-2.62,0.401,5.34,2.73,0.27,-1.95,0.43,1.07,1.18,1.12,0,-0.67,neutral,neutral,0,0.819,32,1837,0,
s7873,0GUSDT,1781559000000,train,-1,-2.17,0.425,2.9,2.58,0.55,-1.5,0.91,0.73,1.33,1.13,0,-0.67,neutral,neutral,0,0.278,32,1837,1,
s7874,ENAUSDT,1781559000000,train,-1,-2.17,0.364,3.78,2.66,0.82,-1.5,0.72,0.8,1.25,0.94,0,-0.67,neutral,neutral,0,0.2,32,1837,0,
s7875,ARBUSDT,1781559000000,train,-1,-2.36,0.436,3.06,2.68,0.51,-1.69,0.87,0.77,1.0,1.02,0,-0.67,neutral,neutral,0,0.498,32,1837,0,
s7876,SEIUSDT,1781559000000,train,-1,-2.26,0.479,2.98,2.52,0.88,-1.59,0.91,1.08,1.24,0.98,0,-0.67,neutral,neutral,0,0.191,32,1837,0,
s7877,PENDLEUSDT,1781559000000,train,-1,-2.08,0.4,2.87,2.38,1.08,-1.41,0.9,1.08,1.12,1.0,0,-0.67,neutral,neutral,0,0.217,32,1837,0,
s7878,ONDOUSDT,1781559000000,train,-1,-3.08,0.562,4.09,3.68,1.1,-2.41,1.49,0.93,1.23,1.24,0,-0.67,neutral,bajista,0,0.022,32,1836,6,
s7879,APEUSDT,1781559000000,testB,-1,-2.2,0.408,3.03,2.56,0.81,-1.53,1.0,0.94,0.93,0.98,0,-0.67,neutral,neutral,0,0.03,32,1836,0,
s7880,PUMPUSDT,1781559900000,train,-1,-2.77,0.405,3.41,2.84,0.3,-2.04,0.91,1.13,1.35,1.12,0,-0.72,neutral,neutral,0,0.489,32,1838,1,
s7881,STBLUSDT,1781559900000,train,-1,-2.19,0.358,4.9,2.51,0.22,-1.47,0.72,1.07,1.18,1.12,0,-0.72,neutral,neutral,0,0.742,32,1838,1,
s7882,0GUSDT,1781559900000,train,-1,-2.23,0.443,2.9,2.34,0.5,-1.5,0.61,0.73,1.33,1.13,0,-0.72,neutral,neutral,0,0.528,32,1838,0,
s7883,WLDUSDT,1781559900000,train,1,4.91,0.418,6.09,5.21,1.07,5.64,2.84,0.96,1.4,1.43,0,-0.72,neutral,alcista,0,-0.693,32,1838,2,
s7884,ENAUSDT,1781559900000,train,-1,-2.51,0.398,3.42,2.74,0.96,-1.79,0.97,0.8,1.25,0.94,0,-0.72,neutral,neutral,0,0.03,32,1838,1,
s7885,ARBUSDT,1781559900000,train,-1,-2.39,0.439,2.85,2.62,0.51,-1.67,0.86,0.77,1.0,1.02,0,-0.72,neutral,neutral,0,0.469,32,1838,1,
s7886,SEIUSDT,1781559900000,train,-1,-2.47,0.525,2.89,2.54,0.87,-1.75,0.79,1.08,1.24,0.98,0,-0.72,neutral,neutral,0,0.204,32,1838,1,
s7887,JUPUSDT,1781559900000,train,-1,-3.35,0.475,4.65,3.88,0.56,-2.62,0.79,1.62,1.86,1.96,0,-0.72,neutral,neutral,0,-0.48,32,1838,0,
s7888,PENDLEUSDT,1781559900000,train,-1,-2.29,0.423,2.75,2.53,0.69,-1.57,0.96,1.08,1.12,1.0,0,-0.72,neutral,neutral,0,-0.222,32,1838,1,
s7889,ONDOUSDT,1781559900000,train,-1,-3.15,0.585,4.09,3.68,0.94,-2.43,1.31,0.93,1.23,1.24,0,-0.72,neutral,neutral,0,0.088,32,1837,0,
s7890,LDOUSDT,1781559900000,testB,-1,-2.21,0.373,2.73,2.33,0.72,-1.48,0.89,1.82,2.06,1.5,0,-0.72,neutral,neutral,0,0.516,32,1837,1,
s7891,APEUSDT,1781559900000,testB,-1,-2.35,0.449,3.03,2.48,0.6,-1.63,0.74,0.94,0.93,0.98,0,-0.72,neutral,neutral,0,0.187,32,1837,0,
s7892,PUMPUSDT,1781560800000,train,-1,-2.35,0.365,3.04,2.66,0.31,-1.67,1.01,1.06,1.37,1.07,0,-0.68,neutral,bajista,0,0.286,32,1839,2,
s7893,0GUSDT,1781560800000,train,-1,-2.14,0.432,2.9,2.41,0.45,-1.46,0.6,0.71,1.09,1.14,0,-0.68,neutral,neutral,0,0.392,32,1839,1,
s7894,WLDUSDT,1781560800000,train,1,5.21,0.433,5.92,5.1,1.1,5.89,3.03,0.84,1.4,1.45,0,-0.68,neutral,alcista,0,-1.0,29,1839,3,
s7895,ENAUSDT,1781560800000,train,-1,-2.32,0.378,3.06,2.41,0.67,-1.64,0.9,0.81,1.18,0.93,0,-0.68,neutral,bajista,0,-0.063,32,1839,2,
s7896,ARBUSDT,1781560800000,train,-1,-2.21,0.398,2.8,2.43,0.52,-1.54,0.7,0.87,1.04,0.95,0,-0.68,neutral,neutral,0,0.455,32,1839,0,
s7897,SEIUSDT,1781560800000,train,-1,-2.27,0.502,2.51,2.41,0.67,-1.59,0.97,1.04,1.26,0.98,0,-0.68,neutral,bajista,0,0.138,32,1839,2,
s7898,JUPUSDT,1781560800000,train,-1,-3.36,0.475,4.15,3.73,0.42,-2.68,1.1,1.13,1.89,1.93,0,-0.68,neutral,neutral,0,-0.833,32,1839,1,
s7899,PENDLEUSDT,1781560800000,train,-1,-2.1,0.402,2.41,2.24,0.42,-1.43,0.85,1.13,1.26,1.02,0,-0.68,neutral,bajista,0,-0.625,32,1839,2,
s7900,ONDOUSDT,1781560800000,train,-1,-2.74,0.512,4.08,3.49,0.6,-2.07,1.07,0.99,1.24,1.21,0,-0.68,neutral,neutral,0,0.008,32,1838,0,
s7901,STXUSDT,1781560800000,testB,-1,-2.12,0.5,2.27,2.27,1.18,-1.45,1.01,0.9,1.25,1.18,0,-0.68,neutral,bajista,0,-0.0,32,1838,4,
s7902,PUMPUSDT,1781561700000,train,-1,-3.59,0.468,4.63,4.11,0.81,-2.61,2.23,1.06,1.37,1.07,0,-0.99,neutral,bajista,0,-0.453,32,1840,3,
s7903,STBLUSDT,1781561700000,train,-1,-2.98,0.404,4.56,3.07,0.29,-1.99,1.33,1.03,1.02,1.13,0,-0.99,neutral,neutral,0,0.15,32,1840,1,
s7904,0GUSDT,1781561700000,train,-1,-2.59,0.479,2.92,2.72,0.51,-1.6,1.12,0.71,1.09,1.14,0,-0.99,neutral,bajista,0,0.012,32,1840,2,
s7905,ENAUSDT,1781561700000,train,-1,-3.08,0.445,4.38,3.91,0.99,-2.09,2.15,0.81,1.18,0.93,0,-0.99,neutral,bajista,0,-0.568,32,1840,3,
s7906,ARBUSDT,1781561700000,train,-1,-3.16,0.484,3.49,3.34,1.34,-2.17,1.74,0.87,1.04,0.95,0,-0.99,neutral,neutral,0,-0.052,32,1840,1,
s7907,OPUSDT,1781561700000,train,-1,-2.79,0.608,3.15,2.96,0.84,-1.8,1.61,0.69,0.86,0.8,0,-0.99,neutral,bajista,0,0.313,32,1840,2,
s7908,SUIUSDT,1781561700000,train,-1,-2.32,0.47,2.87,2.68,0.83,-1.33,1.46,1.01,1.59,1.36,0,-0.99,neutral,neutral,0,0.189,32,1840,1,
s7909,SEIUSDT,1781561700000,train,-1,-2.71,0.546,3.08,2.86,0.94,-1.72,1.45,1.04,1.26,0.98,0,-0.99,neutral,bajista,0,-0.15,32,1840,3,
s7910,JUPUSDT,1781561700000,train,-1,-4.26,0.535,4.76,4.5,0.51,-3.27,1.81,1.13,1.89,1.93,0,-0.99,neutral,bajista,0,-1.0,32,1840,2,
s7911,PENDLEUSDT,1781561700000,train,-1,-2.9,0.48,3.68,3.44,0.88,-1.91,1.84,1.13,1.26,1.02,0,-0.99,neutral,bajista,0,-0.871,32,1840,3,
s7912,ONDOUSDT,1781561700000,train,-1,-3.97,0.603,5.11,4.68,1.14,-2.98,2.14,0.99,1.24,1.21,0,-0.99,neutral,neutral,0,-0.378,32,1839,1,
s7913,ARUSDT,1781561700000,testB,-1,-2.61,0.455,3.42,3.17,0.86,-1.63,1.62,0.83,1.02,0.93,0,-0.99,neutral,neutral,0,-0.338,32,1839,1,
s7914,STXUSDT,1781561700000,testB,-1,-2.88,0.576,3.28,3.13,1.66,-1.9,1.78,0.9,1.25,1.18,0,-0.99,neutral,bajista,0,-0.317,32,1839,5,
s7915,LDOUSDT,1781561700000,testB,-1,-3.0,0.447,3.53,3.28,1.06,-2.01,1.8,1.38,2.0,1.46,0,-0.99,neutral,bajista,0,-0.169,32,1839,3,
s7916,SANDUSDT,1781561700000,testB,-1,-2.56,0.557,2.78,2.72,0.97,-1.57,1.42,0.76,1.15,0.96,0,-0.99,neutral,bajista,0,-0.096,32,1839,2,
s7917,APEUSDT,1781561700000,testB,-1,-2.91,0.5,3.7,3.54,0.95,-1.92,1.87,1.01,0.98,0.97,1,-0.99,neutral,bajista,0,-0.444,32,1839,2,
s7918,PUMPUSDT,1781562600000,train,-1,-3.17,0.421,4.69,3.98,1.12,-2.42,1.94,1.06,1.37,1.07,0,-0.75,neutral,neutral,0,-0.371,32,1841,0,
s7919,STBLUSDT,1781562600000,train,-1,-3.1,0.413,4.39,3.31,0.55,-2.34,1.49,1.03,1.02,1.13,0,-0.75,neutral,bajista,0,-0.081,32,1841,2,
s7920,0GUSDT,1781562600000,train,-1,-2.4,0.46,2.98,2.66,0.68,-1.65,1.06,0.71,1.09,1.14,0,-0.75,neutral,neutral,0,0.123,32,1841,0,
s7921,ENAUSDT,1781562600000,train,-1,-3.28,0.474,4.43,4.02,1.12,-2.53,2.03,0.81,1.18,0.93,0,-0.75,neutral,bajista,0,-0.641,32,1841,4,
s7922,ARBUSDT,1781562600000,train,-1,-2.99,0.471,3.8,3.39,1.71,-2.24,1.6,0.87,1.04,0.95,0,-0.75,neutral,bajista,0,-0.089,32,1841,2,
s7923,OPUSDT,1781562600000,train,-1,-2.7,0.6,3.52,3.06,1.23,-1.95,1.53,0.69,0.86,0.8,0,-0.75,neutral,neutral,0,0.394,32,1841,0,
s7924,SUIUSDT,1781562600000,train,-1,-2.13,0.437,3.02,2.62,1.23,-1.38,1.29,1.01,1.59,1.36,0,-0.75,neutral,neutral,0,0.184,32,1841,0,
s7925,SEIUSDT,1781562600000,train,-1,-2.46,0.498,3.1,2.72,0.97,-1.71,1.23,1.04,1.26,0.98,0,-0.75,neutral,neutral,0,0.068,32,1841,0,
s7926,JUPUSDT,1781562600000,train,-1,-3.54,0.486,4.82,4.3,0.75,-2.79,1.91,1.13,1.89,1.93,0,-0.75,neutral,bajista,0,-1.0,30,1841,3,
s7927,PENDLEUSDT,1781562600000,train,-1,-3.17,0.502,4.48,3.77,1.6,-2.42,1.94,1.13,1.26,1.02,0,-0.75,neutral,bajista,0,-0.749,32,1841,4,
s7928,ONDOUSDT,1781562600000,train,-1,-3.97,0.603,4.89,4.32,1.08,-3.22,1.91,0.99,1.24,1.21,0,-0.75,neutral,neutral,0,-0.302,32,1840,0,
s7929,ARUSDT,1781562600000,testB,-1,-3.14,0.508,4.27,3.68,1.41,-2.38,1.91,0.83,1.02,0.93,0,-0.75,neutral,bajista,0,-0.427,32,1840,2,
s7930,STXUSDT,1781562600000,testB,-1,-2.59,0.526,3.18,2.81,1.41,-1.83,1.52,0.9,1.25,1.18,0,-0.75,neutral,neutral,0,-0.333,32,1840,0,
s7931,LDOUSDT,1781562600000,testB,-1,-2.65,0.398,3.57,3.05,1.19,-1.9,1.49,1.38,2.0,1.46,0,-0.75,neutral,neutral,0,-0.108,32,1840,0,
s7932,SANDUSDT,1781562600000,testB,-1,-2.33,0.512,2.98,2.57,1.03,-1.58,1.23,0.76,1.15,0.96,0,-0.75,neutral,neutral,0,-0.094,32,1840,0,
s7933,APEUSDT,1781562600000,testB,-1,-3.05,0.541,4.02,3.54,1.07,-2.3,1.72,1.01,0.98,0.97,1,-0.75,neutral,neutral,0,-0.467,32,1840,0,
s7934,XPLUSDT,1781563500000,train,-1,-3.93,0.366,5.14,4.74,1.69,-3.1,1.99,0.64,1.06,0.93,0,-0.83,neutral,bajista,0,-1.0,18,1842,3,
s7935,PUMPUSDT,1781563500000,train,-1,-3.54,0.456,4.51,4.12,1.3,-2.71,1.96,1.06,1.37,1.07,0,-0.83,neutral,neutral,0,-0.422,32,1842,1,
s7936,0GUSDT,1781563500000,train,-1,-2.25,0.443,2.92,2.33,0.93,-1.41,1.11,0.71,1.09,1.14,0,-0.83,neutral,neutral,0,0.056,32,1842,1,
s7937,ENAUSDT,1781563500000,train,-1,-3.2,0.467,4.17,3.57,1.12,-2.36,1.99,0.81,1.18,0.93,0,-0.83,neutral,bajista,0,-0.652,32,1842,5,
s7938,ARBUSDT,1781563500000,train,-1,-2.81,0.454,3.84,3.37,2.15,-1.98,1.64,0.87,1.04,0.95,0,-0.83,neutral,bajista,0,-0.173,32,1842,3,
s7939,OPUSDT,1781563500000,train,-1,-2.44,0.551,3.42,2.68,1.51,-1.6,1.32,0.69,0.86,0.8,0,-0.83,neutral,neutral,0,0.483,32,1842,0,
s7940,SUIUSDT,1781563500000,train,-1,-2.35,0.461,3.15,2.89,1.76,-1.52,1.37,1.01,1.59,1.36,0,-0.83,neutral,neutral,0,0.039,32,1842,1,
s7941,SEIUSDT,1781563500000,train,-1,-2.17,0.439,2.94,2.42,1.06,-1.34,0.91,1.04,1.26,0.98,0,-0.83,neutral,neutral,0,0.231,32,1842,0,
s7942,JUPUSDT,1781563500000,train,-1,-3.35,0.471,4.62,4.09,0.92,-2.51,1.73,1.13,1.89,1.93,0,-0.83,neutral,bajista,0,-1.0,29,1842,4,
s7943,PENDLEUSDT,1781563500000,train,-1,-3.49,0.525,4.44,4.19,2.32,-2.66,2.22,1.13,1.26,1.02,0,-0.83,neutral,bajista,0,-0.868,32,1842,5,
s7944,ONDOUSDT,1781563500000,train,-1,-3.85,0.595,4.96,4.49,1.28,-3.02,1.84,0.99,1.24,1.21,0,-0.83,neutral,neutral,0,-0.339,32,1841,1,
s7945,FETUSDT,1781563500000,train,-1,-3.69,0.367,5.63,4.68,1.63,-2.86,2.4,1.03,1.47,1.34,0,-0.83,neutral,bajista,0,-0.273,32,1841,7,
s7946,ARUSDT,1781563500000,testB,-1,-3.09,0.504,4.37,3.73,1.81,-2.26,1.74,0.83,1.02,0.93,0,-0.83,neutral,bajista,0,-0.618,32,1841,3,
s7947,STXUSDT,1781563500000,testB,-1,-2.24,0.489,3.07,2.71,1.4,-1.41,1.38,0.9,1.25,1.18,0,-0.83,neutral,neutral,0,-0.462,32,1841,1,
s7948,LDOUSDT,1781563500000,testB,-1,-2.48,0.381,3.57,3.17,1.11,-1.64,1.42,1.38,2.0,1.46,0,-0.83,neutral,neutral,0,-0.256,32,1841,1,
s7949,SANDUSDT,1781563500000,testB,-1,-2.03,0.476,2.7,2.29,1.17,-1.19,1.1,0.76,1.15,0.96,0,-0.83,neutral,neutral,0,-0.211,32,1841,0,
s7950,APEUSDT,1781563500000,testB,-1,-2.91,0.528,4.26,3.62,1.2,-2.07,1.55,1.01,0.98,0.97,1,-0.83,neutral,neutral,0,-0.478,32,1841,0,
s7951,PUMPUSDT,1781564400000,train,-1,-3.59,0.468,4.5,3.85,1.3,-2.71,1.52,1.01,1.27,1.07,0,-0.88,neutral,neutral,0,-0.267,32,1843,0,
s7952,ENAUSDT,1781564400000,train,-1,-3.26,0.482,4.02,3.42,1.14,-2.39,1.7,0.76,1.1,0.93,0,-0.88,neutral,neutral,0,-0.457,32,1843,0,
s7953,ARBUSDT,1781564400000,train,-1,-2.92,0.481,3.78,3.07,2.24,-2.04,1.23,0.71,0.95,0.91,0,-0.88,neutral,neutral,0,-0.0,32,1843,0,
s7954,OPUSDT,1781564400000,train,-1,-2.44,0.551,3.33,2.59,1.77,-1.56,1.17,0.69,0.82,0.81,0,-0.88,neutral,neutral,0,0.643,32,1843,0,
s7955,SUIUSDT,1781564400000,train,-1,-2.19,0.416,2.99,2.36,2.05,-1.31,0.88,0.92,1.42,1.28,0,-0.88,neutral,neutral,0,0.278,32,1843,0,
s7956,JUPUSDT,1781564400000,train,-1,-3.38,0.482,4.55,3.61,1.1,-2.51,1.2,1.01,1.86,1.88,0,-0.88,neutral,neutral,0,-1.0,28,1843,0,
s7957,PENDLEUSDT,1781564400000,train,-1,-3.21,0.467,4.41,3.53,2.59,-2.33,1.4,1.07,1.24,1.0,0,-0.88,neutral,neutral,0,-1.0,32,1843,0,
s7958,ONDOUSDT,1781564400000,train,-1,-3.71,0.563,4.67,3.94,1.27,-2.84,1.42,1.01,1.22,1.19,0,-0.88,neutral,neutral,0,-0.241,32,1842,0,
s7959,FETUSDT,1781564400000,train,-1,-4.12,0.431,5.62,4.48,2.06,-3.24,1.97,1.06,1.34,1.35,0,-0.88,neutral,neutral,0,0.074,32,1842,0,
s7960,ARUSDT,1781564400000,testB,-1,-3.04,0.492,3.97,3.18,1.93,-2.16,1.43,0.8,0.96,0.93,0,-0.88,neutral,neutral,0,-0.369,32,1842,0,
s7961,STXUSDT,1781564400000,testB,-1,-2.23,0.489,3.01,2.39,1.23,-1.36,0.99,0.76,1.14,1.14,0,-0.88,neutral,neutral,0,-0.326,32,1842,0,
s7962,LDOUSDT,1781564400000,testB,-1,-2.43,0.374,3.41,2.72,1.15,-1.56,1.01,1.32,1.91,1.44,0,-0.88,neutral,neutral,0,-0.162,32,1842,0,
s7963,APEUSDT,1781564400000,testB,-1,-2.82,0.507,4.08,2.98,1.36,-1.94,0.95,0.99,0.94,0.96,0,-0.88,neutral,neutral,0,-0.316,32,1842,0,
s7964,JUPUSDT,1781565300000,train,-1,-2.01,0.351,3.0,2.74,1.11,-1.57,1.57,1.01,1.86,1.88,0,-0.44,neutral,neutral,0,-1.0,3,1844,1,
s7965,PENDLEUSDT,1781565300000,train,-1,-2.16,0.368,3.68,2.82,2.03,-1.72,1.28,1.07,1.24,1.0,0,-0.44,neutral,neutral,0,-1.0,27,1844,1,
s7966,ONDOUSDT,1781565300000,train,-1,-2.06,0.412,3.33,2.86,0.72,-1.61,1.61,1.01,1.22,1.19,0,-0.44,neutral,neutral,0,-0.571,32,1843,1,
s7967,ARUSDT,1781565300000,testB,-1,-2.07,0.394,3.05,2.71,1.43,-1.63,1.69,0.8,0.96,0.93,0,-0.44,neutral,neutral,0,-0.636,32,1843,1,
s7968,PENDLEUSDT,1781566200000,train,-1,-2.54,0.466,3.67,2.61,1.24,-1.87,0.95,1.07,1.24,1.0,0,-0.67,neutral,neutral,0,-1.0,26,1845,0,
s7969,ARUSDT,1781566200000,testB,-1,-2.11,0.407,3.04,2.25,1.18,-1.44,1.13,0.8,0.96,0.93,0,-0.67,neutral,neutral,0,-0.848,32,1844,0,
s7970,XPLUSDT,1781568000000,train,-1,-2.7,0.395,4.74,3.54,0.63,-2.43,0.44,0.52,0.89,0.92,0,-0.27,neutral,neutral,0,-1.0,13,1847,0,
s7971,PUMPUSDT,1781568000000,train,-1,-2.07,0.355,3.65,2.18,1.28,-1.8,0.49,0.91,1.22,1.06,0,-0.27,neutral,neutral,0,-1.0,25,1847,0,
s7972,FETUSDT,1781568000000,train,-1,-2.33,0.389,5.38,3.32,0.78,-2.06,0.39,1.03,1.22,1.31,0,-0.27,neutral,neutral,0,0.07,32,1846,0,
s7973,XPLUSDT,1781568900000,train,-1,-3.07,0.426,4.77,4.13,0.64,-2.57,1.07,0.52,0.89,0.92,0,-0.5,neutral,neutral,0,-1.0,12,1848,1,
s7974,PUMPUSDT,1781568900000,train,-1,-2.08,0.355,3.6,2.57,0.87,-1.58,0.91,0.91,1.22,1.06,0,-0.5,neutral,neutral,0,-1.0,24,1848,1,
s7975,FETUSDT,1781568900000,train,-1,-2.69,0.444,5.39,3.56,0.61,-2.19,0.69,1.03,1.22,1.31,0,-0.5,neutral,neutral,0,0.066,32,1847,1,
s7976,FETUSDT,1781569800000,train,-1,-2.72,0.455,5.23,3.03,0.69,-2.46,0.25,1.03,1.22,1.31,0,-0.27,neutral,neutral,0,0.015,32,1848,0,
s7977,FETUSDT,1781570700000,train,-1,-3.22,0.497,5.26,3.57,0.67,-2.81,0.83,1.03,1.22,1.31,0,-0.41,neutral,neutral,0,-0.382,32,1849,1,
s7978,FETUSDT,1781571600000,train,-1,-3.68,0.544,5.28,3.96,0.66,-3.31,1.1,0.89,1.07,1.29,0,-0.37,neutral,bajista,0,-0.381,32,1850,2,
s7979,FETUSDT,1781572500000,train,-1,-2.8,0.473,4.39,3.21,0.7,-2.73,1.18,0.89,1.07,1.29,0,-0.07,neutral,bajista,0,-0.426,32,1851,3,
s7980,FETUSDT,1781573400000,train,-1,-2.34,0.395,4.33,2.92,0.64,-2.23,0.86,0.89,1.07,1.29,0,-0.12,neutral,neutral,0,-0.323,32,1852,0,
s7981,FETUSDT,1781574300000,train,-1,-2.9,0.447,3.93,3.22,0.68,-2.86,1.43,0.89,1.07,1.29,0,-0.04,neutral,neutral,0,-0.397,32,1853,1,
s7982,0GUSDT,1781575200000,train,-1,-2.31,0.406,3.33,2.77,1.66,-1.86,1.51,0.96,0.89,1.31,0,-0.45,neutral,bajista,0,-0.41,32,1855,3,
s7983,PENDLEUSDT,1781575200000,train,-1,-2.13,0.423,2.41,2.28,0.47,-1.68,1.1,1.21,1.25,1.06,0,-0.45,neutral,bajista,0,-1.0,15,1855,4,
s7984,FETUSDT,1781575200000,train,-1,-3.92,0.521,4.41,4.32,0.81,-3.47,2.25,1.0,1.07,1.31,0,-0.45,neutral,bajista,0,-1.0,27,1854,2,
s7985,0GUSDT,1781576100000,train,-1,-2.13,0.385,3.35,3.25,3.46,-1.53,1.77,0.96,0.89,1.31,0,-0.6,neutral,bajista,0,-0.515,32,1856,4,
s7986,FETUSDT,1781576100000,train,-1,-2.91,0.443,4.26,4.01,1.27,-2.31,2.69,1.0,1.07,1.31,0,-0.6,neutral,bajista,0,-1.0,26,1855,3,
s7987,0GUSDT,1781577000000,train,-1,-2.2,0.392,3.65,3.32,3.51,-1.57,1.69,0.96,0.89,1.31,0,-0.62,neutral,bajista,0,-0.515,32,1857,5,
s7988,XPLUSDT,1781578800000,train,1,3.07,0.425,3.86,3.82,2.05,3.76,2.22,0.67,0.65,0.95,0,-0.69,neutral,alcista,0,0.986,32,1859,3,
s7989,XPLUSDT,1781579700000,train,1,4.65,0.573,5.05,4.94,2.59,5.03,3.29,0.67,0.65,0.95,0,-0.38,neutral,alcista,0,0.669,32,1860,4,
s7990,XPLUSDT,1781580600000,train,1,4.64,0.573,5.16,5.15,2.57,4.86,3.26,0.67,0.65,0.95,0,-0.22,neutral,alcista,0,0.144,32,1861,5,
s7991,XPLUSDT,1781581500000,train,1,7.58,0.686,8.06,7.8,3.58,7.82,5.53,0.67,0.65,0.95,0,-0.24,neutral,alcista,0,-0.09,32,1862,6,
s7992,XPLUSDT,1781582400000,train,1,6.2,0.531,8.32,6.91,3.58,6.55,4.12,0.73,0.69,0.98,0,-0.35,neutral,neutral,0,0.122,32,1863,0,
s7993,XPLUSDT,1781583300000,train,1,6.05,0.507,8.38,6.25,2.74,6.45,3.02,0.73,0.69,0.98,0,-0.4,neutral,neutral,0,0.069,32,1864,0,
s7994,XPLUSDT,1781584200000,train,1,7.17,0.551,8.23,7.93,2.48,7.96,4.41,0.73,0.69,0.98,0,-0.78,neutral,neutral,0,-0.116,32,1865,1,
s7995,XPLUSDT,1781585100000,train,1,6.49,0.471,8.31,7.04,1.7,7.1,3.03,0.73,0.69,0.98,0,-0.61,neutral,neutral,0,-0.001,32,1866,0,
s7996,XPLUSDT,1781586000000,train,1,5.8,0.418,8.34,6.68,1.28,6.19,2.45,0.8,0.68,0.99,0,-0.39,neutral,neutral,0,-0.106,32,1867,0,
s7997,ASTERUSDT,1781587800000,train,1,3.49,0.429,4.66,4.28,4.29,3.89,3.05,2.01,1.46,1.51,0,-0.4,neutral,alcista,0,-0.212,32,1869,4,
s7998,XPLUSDT,1781587800000,train,1,5.39,0.366,8.34,6.64,0.92,5.79,1.97,0.8,0.68,0.99,0,-0.4,neutral,neutral,0,0.061,32,1869,1,
s7999,STBLUSDT,1781587800000,train,-1,-2.2,0.387,3.22,2.21,0.83,-1.8,0.52,0.68,0.8,1.1,0,-0.4,neutral,neutral,0,-1.0,10,1869,0,
s8000,ASTERUSDT,1781588700000,train,1,3.27,0.39,4.68,3.86,5,3.69,2.36,2.01,1.46,1.51,0,-0.43,neutral,neutral,0,-0.247,32,1870,0,
s8001,XPLUSDT,1781588700000,train,1,5.49,0.373,8.37,6.37,0.66,5.92,1.48,0.8,0.68,0.99,0,-0.43,neutral,neutral,0,0.248,32,1870,0,
s8002,JUPUSDT,1781589600000,train,1,4.58,0.503,5.94,5.73,1.2,4.39,2.4,1.18,1.23,1.64,0,0.19,neutral,neutral,0,-0.193,32,1871,1,
s8003,PENDLEUSDT,1781589600000,train,1,3.61,0.543,5.01,4.91,0.9,3.42,2.26,1.11,1.1,1.09,1,0.19,neutral,alcista,0,-0.147,32,1871,3,
s8004,XPLUSDT,1781590500000,train,1,6.59,0.424,8.32,6.95,0.65,5.72,1.76,0.89,0.71,1.0,0,0.87,neutral,neutral,0,-0.278,32,1872,1,
s8005,PUMPUSDT,1781590500000,train,1,3.39,0.4,4.73,4.1,1.05,2.52,1.81,0.95,0.93,1.11,0,0.87,neutral,alcista,0,-1.0,32,1872,3,
s8006,0GUSDT,1781590500000,train,1,2.14,0.542,3.21,2.49,0.25,1.28,0.51,1.32,1.01,1.45,0,0.87,neutral,alcista,0,-1.0,32,1872,2,
s8007,ENAUSDT,1781590500000,train,1,3.2,0.524,3.42,3.28,0.75,2.34,1.14,0.55,0.64,0.9,0,0.87,neutral,alcista,0,-0.637,32,1872,3,
s8008,INJUSDT,1781590500000,train,1,3.86,0.355,4.99,4.17,0.58,2.99,1.09,1.13,1.02,1.36,0,0.87,neutral,alcista,0,0.148,32,1872,2,
s8009,TIAUSDT,1781590500000,train,1,3.3,0.41,3.72,3.57,0.86,2.43,1.4,1.4,1.36,1.54,0,0.87,neutral,alcista,0,-0.704,32,1872,2,
s8010,JUPUSDT,1781590500000,train,1,5.85,0.724,6.13,5.78,1.11,4.99,2.25,1.18,1.23,1.64,0,0.87,neutral,alcista,0,-0.53,32,1872,2,
s8011,PENDLEUSDT,1781590500000,train,1,4.69,0.724,5.35,5.29,1.13,3.82,2.42,1.11,1.1,1.09,1,0.87,neutral,alcista,0,-0.484,32,1872,4,
s8012,ONDOUSDT,1781590500000,train,1,3.03,0.362,3.58,3.02,0.58,2.16,0.8,0.99,1.01,1.1,0,0.87,neutral,alcista,0,-0.531,32,1871,2,
s8013,FETUSDT,1781590500000,train,1,3.05,0.504,3.66,3.1,0.64,2.18,0.65,0.75,0.89,1.19,0,0.87,neutral,alcista,0,-1.0,32,1871,3,
s8014,ARUSDT,1781590500000,testB,1,2.47,0.472,2.7,2.66,0.73,1.61,1.04,0.63,0.74,0.83,0,0.87,neutral,alcista,0,-1.0,32,1871,2,
s8015,STXUSDT,1781590500000,testB,1,2.49,0.54,2.68,2.58,0.5,1.62,0.61,1.03,0.92,1.1,0,0.87,neutral,alcista,0,-0.96,32,1871,2,
s8016,ENAUSDT,1781591400000,train,1,2.68,0.482,3.14,3.05,0.94,1.91,1.34,0.55,0.64,0.9,0,0.78,neutral,alcista,0,-1.0,32,1873,4,
s8017,JUPUSDT,1781591400000,train,1,4.06,0.524,5.27,4.2,1.23,3.28,1.42,1.18,1.23,1.64,0,0.78,neutral,neutral,0,-0.434,32,1873,0,
s8018,PENDLEUSDT,1781591400000,train,1,3.85,0.579,4.65,4.02,1.45,3.07,1.76,1.11,1.1,1.09,1,0.78,neutral,neutral,0,-0.293,32,1873,0,
s8019,PUMPUSDT,1781592300000,train,1,3.67,0.483,4.68,3.73,1.28,2.62,1.42,0.95,0.93,1.11,0,1.05,neutral,neutral,0,-1.0,30,1874,0,
s8020,ENAUSDT,1781592300000,train,1,2.23,0.371,3.21,2.63,0.98,1.18,0.87,0.55,0.64,0.9,0,1.05,neutral,neutral,0,-1.0,31,1874,0,
s8021,TIAUSDT,1781592300000,train,1,4.05,0.404,4.68,4.16,2.2,3.0,2.34,1.4,1.36,1.54,0,1.05,neutral,neutral,0,-0.654,32,1874,1,
s8022,JUPUSDT,1781592300000,train,1,4.47,0.548,5.24,4.73,1.19,3.42,1.98,1.18,1.23,1.64,0,1.05,neutral,neutral,0,-0.553,32,1874,1,
s8023,PENDLEUSDT,1781592300000,train,1,4.13,0.604,4.64,4.24,1.6,3.08,1.89,1.11,1.1,1.09,1,1.05,neutral,neutral,0,-0.431,32,1874,1,
s8024,ARUSDT,1781592300000,testB,1,2.66,0.491,3.02,2.97,1.25,1.61,1.58,0.63,0.74,0.83,0,1.05,neutral,neutral,0,-1.0,30,1873,1,
s8025,STXUSDT,1781592300000,testB,1,2.1,0.5,2.26,2.26,1.03,1.05,0.97,1.03,0.92,1.1,0,1.05,neutral,alcista,0,-1.0,30,1873,4,
s8026,JUPUSDT,1781593200000,train,1,5.19,0.586,7.28,5.53,2.57,4.39,2.87,1.57,1.37,1.69,0,0.8,neutral,alcista,0,-0.604,32,1875,2,
s8027,PENDLEUSDT,1781593200000,train,1,3.74,0.581,5.14,4.12,1.88,2.94,1.89,1.32,1.15,1.14,1,0.8,neutral,alcista,0,-0.233,32,1875,2,
s8028,JUPUSDT,1781594100000,train,1,4.16,0.506,6.39,4.45,2.56,3.62,2.27,1.57,1.37,1.69,0,0.54,neutral,neutral,0,-0.876,32,1876,0,
s8029,PENDLEUSDT,1781594100000,train,1,3.43,0.561,4.65,4.01,1.64,2.89,2.0,1.32,1.15,1.14,1,0.54,neutral,alcista,0,-0.382,32,1876,3,
s8030,ENAUSDT,1781595000000,train,1,3.04,0.368,4.72,4.44,2.07,2.74,2.88,0.74,0.67,0.94,0,0.29,neutral,alcista,0,-1.0,28,1877,2,
s8031,JUPUSDT,1781595000000,train,1,3.52,0.447,6.4,4.3,2.69,3.23,1.89,1.57,1.37,1.69,0,0.29,neutral,neutral,0,-1.0,32,1877,0,
s8032,PENDLEUSDT,1781595000000,train,1,2.51,0.385,4.68,3.39,1.69,2.22,1.22,1.32,1.15,1.14,1,0.29,neutral,neutral,0,-0.264,32,1877,0,
s8033,JUPUSDT,1781595900000,train,1,3.73,0.462,6.39,4.49,2.65,3.4,1.85,1.57,1.37,1.69,0,0.33,neutral,neutral,0,-1.0,31,1878,1,
s8034,PENDLEUSDT,1781595900000,train,1,3.03,0.431,4.65,4.04,1.7,2.7,1.66,1.32,1.15,1.14,1,0.33,neutral,neutral,0,-0.376,32,1878,1,
s8035,PUMPUSDT,1781596800000,train,1,2.78,0.402,4.02,3.83,0.47,2.3,1.46,0.89,0.85,1.12,0,0.48,neutral,alcista,0,-1.0,25,1879,4,
s8036,STBLUSDT,1781596800000,train,1,2.58,0.519,4.46,3.9,1.86,2.1,2.45,0.93,0.78,1.06,0,0.48,neutral,alcista,0,0.115,32,1879,2,
s8037,JUPUSDT,1781596800000,train,1,4.2,0.497,6.36,4.87,0.87,3.72,1.93,1.65,1.48,1.73,0,0.48,neutral,alcista,0,-1.0,30,1879,2,
s8038,PENDLEUSDT,1781596800000,train,1,3.84,0.51,4.76,4.64,0.77,3.36,1.98,1.08,1.15,1.14,0,0.48,neutral,alcista,0,-0.563,32,1879,2,
s8039,PUMPUSDT,1781597700000,train,1,2.71,0.389,4.03,3.65,0.63,1.84,1.11,0.89,0.85,1.12,0,0.87,neutral,neutral,0,-1.0,24,1880,0,
s8040,STBLUSDT,1781597700000,train,1,4.48,0.744,5.47,5.25,4.77,3.61,3.47,0.93,0.78,1.06,0,0.87,neutral,alcista,0,-0.289,32,1880,3,
s8041,INJUSDT,1781597700000,train,1,4.89,0.381,6.77,6.27,2.01,4.02,3.34,1.84,1.34,1.57,0,0.87,neutral,neutral,0,-0.922,32,1880,1,
s8042,SUIUSDT,1781597700000,train,1,2.27,0.659,2.85,2.57,3.01,1.4,1.44,0.94,0.93,1.28,0,0.87,neutral,alcista,0,-1.0,24,1880,5,
s8043,JUPUSDT,1781597700000,train,1,4.68,0.556,6.35,5.06,0.8,3.8,1.86,1.65,1.48,1.73,0,0.87,neutral,alcista,0,-1.0,29,1880,3,
s8044,PENDLEUSDT,1781597700000,train,1,4.03,0.545,4.81,4.26,0.73,3.16,1.39,1.08,1.15,1.14,0,0.87,neutral,neutral,0,-0.495,32,1880,0,
s8045,ONDOUSDT,1781597700000,train,1,2.35,0.352,3.38,3.19,1.26,1.48,1.23,1.14,1.04,1.13,0,0.87,neutral,neutral,0,-1.0,25,1879,0,
s8046,LDOUSDT,1781597700000,testB,1,2.84,0.694,4.09,3.26,2.44,1.97,1.79,1.03,1.11,1.6,0,0.87,neutral,alcista,0,-1.0,25,1879,5,
s8047,PUMPUSDT,1781598600000,train,1,4.5,0.633,4.55,4.49,0.97,3.39,1.79,0.89,0.85,1.12,0,1.11,neutral,neutral,0,-1.0,23,1881,1,
s8048,STBLUSDT,1781598600000,train,1,4.52,0.755,5.48,5.18,5,3.42,3.06,0.93,0.78,1.06,0,1.11,neutral,neutral,0,-0.271,32,1881,0,
s8049,INJUSDT,1781598600000,train,1,6.22,0.527,6.77,6.31,1.92,5.12,2.98,1.84,1.34,1.57,0,1.11,neutral,alcista,0,-1.0,32,1881,2,
s8050,SUIUSDT,1781598600000,train,1,2.98,0.795,3.06,3.05,3.49,1.88,1.73,0.94,0.93,1.28,0,1.11,neutral,alcista,0,-1.0,23,1881,6,
s8051,JUPUSDT,1781598600000,train,1,4.86,0.585,6.37,4.73,0.56,3.75,1.36,1.65,1.48,1.73,0,1.11,neutral,neutral,0,-1.0,28,1881,0,
s8052,PENDLEUSDT,1781598600000,train,1,4.2,0.564,4.81,4.34,0.55,3.09,1.32,1.08,1.15,1.14,0,1.11,neutral,neutral,0,-0.53,32,1881,1,
s8053,ONDOUSDT,1781598600000,train,1,4.23,0.561,4.51,4.45,1.64,3.13,2.32,1.14,1.04,1.13,0,1.11,neutral,neutral,0,-1.0,24,1880,1,
s8054,ARUSDT,1781598600000,testB,1,2.26,0.426,2.55,2.26,1.55,1.16,0.73,0.71,0.74,0.84,0,1.11,neutral,alcista,0,-1.0,18,1880,2,
s8055,STXUSDT,1781598600000,testB,1,2.09,0.69,2.25,2.2,1.08,0.98,0.84,0.81,0.9,1.09,0,1.11,neutral,alcista,0,-1.0,18,1880,3,
s8056,LDOUSDT,1781598600000,testB,1,3.37,0.85,4.08,3.43,2.78,2.26,1.76,1.03,1.11,1.6,0,1.11,neutral,alcista,0,-1.0,24,1880,6,
s8057,PUMPUSDT,1781599500000,train,1,4.81,0.649,4.65,4.59,1.36,3.21,2.23,0.89,0.85,1.12,0,1.6,neutral,alcista,0,-1.0,22,1882,2,
s8058,STBLUSDT,1781599500000,train,1,5.2,0.87,5.9,5.27,5,3.6,3.05,0.93,0.78,1.06,0,1.6,neutral,neutral,0,-0.364,32,1882,1,
s8059,ENAUSDT,1781599500000,train,1,3.58,0.373,4.4,3.52,1.0,1.98,1.37,0.77,0.7,0.96,0,1.6,neutral,alcista,0,-1.0,22,1882,2,
s8060,ARBUSDT,1781599500000,train,1,2.62,0.732,2.77,2.59,2.28,1.02,1.46,0.57,0.65,0.83,0,1.6,neutral,alcista,0,-1.0,22,1882,2,
s8061,INJUSDT,1781599500000,train,1,5.33,0.475,6.66,5.51,2.12,3.73,2.71,1.84,1.34,1.57,0,1.6,neutral,neutral,0,-1.0,26,1882,0,
s8062,SUIUSDT,1781599500000,train,1,3.25,0.809,3.48,3.13,4.6,1.65,1.9,0.94,0.93,1.28,0,1.6,neutral,alcista,0,-1.0,22,1882,7,
s8063,SEIUSDT,1781599500000,train,1,2.21,0.509,2.33,2.24,1.02,0.61,1.36,1.28,1.08,1.15,0,1.6,neutral,alcista,0,-1.0,19,1882,5,
s8064,JUPUSDT,1781599500000,train,1,6.42,0.651,6.27,6.03,1.14,4.82,2.69,1.65,1.48,1.73,0,1.6,neutral,neutral,0,-1.0,26,1882,1,
s8065,PENDLEUSDT,1781599500000,train,1,4.93,0.604,5.08,4.89,0.77,3.33,1.91,1.08,1.15,1.14,0,1.6,neutral,alcista,0,-0.648,32,1882,2,
s8066,ONDOUSDT,1781599500000,train,1,4.3,0.566,4.57,4.18,1.71,2.7,2.46,1.14,1.04,1.13,0,1.6,neutral,alcista,0,-1.0,22,1881,2,
s8067,FETUSDT,1781599500000,train,1,2.42,0.378,3.33,2.59,2.19,0.82,1.41,0.75,0.87,1.18,0,1.6,neutral,alcista,0,-1.0,13,1881,2,
s8068,ARUSDT,1781599500000,testB,1,2.95,0.492,2.96,2.91,1.81,1.35,1.4,0.71,0.74,0.84,0,1.6,neutral,alcista,0,-1.0,17,1881,3,
s8069,STXUSDT,1781599500000,testB,1,2.4,0.719,2.65,2.39,1.41,0.8,1.17,0.81,0.9,1.09,0,1.6,neutral,alcista,0,-1.0,17,1881,4,
s8070,LDOUSDT,1781599500000,testB,1,3.85,0.867,4.06,3.74,3.67,2.25,2.03,1.03,1.11,1.6,0,1.6,neutral,alcista,0,-1.0,23,1881,7,
s8071,SANDUSDT,1781599500000,testB,1,2.42,0.697,2.49,2.38,1.76,0.82,1.29,0.58,0.73,0.94,0,1.6,neutral,alcista,0,-1.0,17,1881,4,
s8072,MANAUSDT,1781599500000,testB,1,2.03,0.636,2.41,2.27,1.59,0.43,1.4,0.6,0.71,0.92,0,1.6,neutral,alcista,0,-1.0,18,1881,4,
s8073,APEUSDT,1781599500000,testB,1,2.03,0.591,2.37,2.22,2.05,0.43,1.12,0.53,0.74,0.82,0,1.6,neutral,alcista,0,-1.0,17,1881,7,
s8074,PUMPUSDT,1781600400000,train,1,3.03,0.409,4.19,3.25,1.52,1.9,1.23,0.88,0.89,1.13,0,1.13,neutral,neutral,0,-1.0,18,1883,0,
s8075,STBLUSDT,1781600400000,train,1,5.51,0.877,5.88,5.55,4.54,4.38,3.08,1.22,0.94,1.06,0,1.13,neutral,alcista,0,-0.377,32,1883,2,
s8076,ARBUSDT,1781600400000,train,1,2.01,0.573,2.91,2.2,2.74,0.87,1.13,0.64,0.7,0.84,0,1.13,neutral,neutral,0,-1.0,18,1883,0,
s8077,INJUSDT,1781600400000,train,1,4.57,0.423,6.67,5.34,2.24,3.44,2.27,1.86,1.39,1.6,0,1.13,neutral,neutral,0,-1.0,25,1883,0,
s8078,SUIUSDT,1781600400000,train,1,2.66,0.634,3.49,2.77,3.31,1.52,1.43,0.91,0.98,1.29,0,1.13,neutral,neutral,0,-1.0,21,1883,0,
s8079,JUPUSDT,1781600400000,train,1,3.16,0.383,4.89,3.81,1.13,2.03,1.69,1.77,1.55,1.75,0,1.13,neutral,neutral,0,-1.0,21,1883,0,
s8080,PENDLEUSDT,1781600400000,train,1,3.52,0.497,4.09,3.72,0.73,2.38,1.65,1.1,1.17,1.15,0,1.13,neutral,neutral,0,-1.0,21,1883,0,
s8081,ONDOUSDT,1781600400000,train,1,3.32,0.504,4.25,4.07,1.65,2.19,2.51,1.18,1.08,1.15,0,1.13,neutral,alcista,0,-1.0,21,1882,3,
s8082,ARUSDT,1781600400000,testB,1,2.1,0.355,3.02,2.49,1.46,0.97,0.96,0.69,0.76,0.84,0,1.13,neutral,neutral,0,-1.0,16,1882,0,
s8083,LDOUSDT,1781600400000,testB,1,3.02,0.683,3.86,3.15,3.26,1.89,1.55,1.07,1.12,1.62,0,1.13,neutral,neutral,0,-1.0,21,1882,0,
s8084,STBLUSDT,1781601300000,train,1,5.55,0.888,6.36,5.44,1.97,4.73,2.8,1.22,0.94,1.06,0,0.82,neutral,neutral,0,-0.324,32,1884,0,
s8085,INJUSDT,1781601300000,train,1,5.2,0.455,6.63,6.01,1.31,4.38,2.86,1.86,1.39,1.6,0,0.82,neutral,neutral,0,-1.0,24,1884,1,
s8086,SUIUSDT,1781601300000,train,1,2.01,0.439,3.35,2.11,1.98,1.2,0.85,0.91,0.98,1.29,0,0.82,neutral,neutral,0,-1.0,20,1884,0,
s8087,JUPUSDT,1781601300000,train,1,3.27,0.4,4.55,3.32,1.28,2.45,1.46,1.77,1.55,1.75,0,0.82,neutral,neutral,0,-1.0,20,1884,0,
s8088,PENDLEUSDT,1781601300000,train,1,3.34,0.461,3.99,3.43,0.85,2.52,1.32,1.1,1.17,1.15,0,0.82,neutral,neutral,0,-1.0,20,1884,0,
s8089,ONDOUSDT,1781601300000,train,1,3.14,0.462,4.27,3.59,1.76,2.32,1.88,1.18,1.08,1.15,0,0.82,neutral,neutral,0,-1.0,20,1883,0,
s8090,LDOUSDT,1781601300000,testB,1,2.61,0.559,3.73,2.69,1.89,1.8,1.15,1.07,1.12,1.62,0,0.82,neutral,neutral,0,-1.0,20,1883,0,
s8091,APEUSDT,1781601300000,testB,1,2.11,0.628,2.37,2.37,1.55,1.29,1.15,0.49,0.72,0.82,0,0.82,neutral,neutral,0,-1.0,15,1883,1,
s8092,STBLUSDT,1781602200000,train,1,7.17,0.911,6.76,6.69,1.85,6.25,4.13,1.22,0.94,1.06,0,0.92,neutral,neutral,0,-0.546,32,1885,1,
s8093,INJUSDT,1781602200000,train,1,5.66,0.511,6.64,5.8,0.96,4.74,2.29,1.86,1.39,1.6,0,0.92,neutral,neutral,0,-1.0,23,1885,0,
s8094,SUIUSDT,1781602200000,train,1,2.0,0.437,3.33,2.16,1.52,1.08,0.82,0.91,0.98,1.29,0,0.92,neutral,neutral,0,-1.0,19,1885,1,
s8095,PENDLEUSDT,1781602200000,train,1,2.66,0.369,3.53,2.64,0.84,1.73,0.89,1.1,1.17,1.15,0,0.92,neutral,neutral,0,-1.0,19,1885,0,
s8096,ONDOUSDT,1781602200000,train,1,3.39,0.516,4.27,3.57,1.36,2.47,1.64,1.18,1.08,1.15,0,0.92,neutral,neutral,0,-1.0,19,1884,0,
s8097,LDOUSDT,1781602200000,testB,1,2.39,0.504,3.66,2.48,1.43,1.47,0.91,1.07,1.12,1.62,0,0.92,neutral,neutral,0,-1.0,19,1884,0,
s8098,STBLUSDT,1781603100000,train,1,6.39,0.767,6.98,6.07,1.8,5.7,3.18,1.22,0.94,1.06,0,0.68,neutral,neutral,0,-0.389,32,1886,0,
s8099,INJUSDT,1781603100000,train,1,5.72,0.516,6.65,5.45,0.59,5.04,1.67,1.86,1.39,1.6,0,0.68,neutral,neutral,0,-1.0,22,1886,0,
s8100,ONDOUSDT,1781603100000,train,1,3.24,0.48,4.29,3.19,1.11,2.56,0.97,1.18,1.08,1.15,0,0.68,neutral,neutral,0,-1.0,18,1885,0,
s8101,LDOUSDT,1781603100000,testB,1,2.25,0.459,3.67,2.2,0.84,1.56,0.51,1.07,1.12,1.62,0,0.68,neutral,neutral,0,-1.0,18,1885,0,
s8102,STBLUSDT,1781604000000,train,1,5.37,0.607,7.04,5.39,1.77,4.83,2.2,1.29,0.95,0.98,0,0.54,neutral,neutral,0,-0.231,32,1887,0,
s8103,INJUSDT,1781604000000,train,1,5.52,0.509,6.07,5.47,0.43,4.98,2.04,2.06,1.49,1.61,0,0.54,neutral,neutral,0,-1.0,21,1887,1,
s8104,ONDOUSDT,1781604000000,train,1,2.63,0.415,4.06,2.85,1.01,2.09,0.82,1.3,1.12,1.18,0,0.54,neutral,neutral,0,-1.0,12,1886,0,
s8105,STBLUSDT,1781604900000,train,1,4.85,0.553,6.76,4.88,1.13,4.36,1.76,1.29,0.95,0.98,0,0.49,neutral,neutral,0,-0.158,32,1888,0,
s8106,INJUSDT,1781604900000,train,1,5.92,0.528,6.5,6.25,0.49,5.43,2.96,2.06,1.49,1.61,0,0.49,neutral,alcista,0,-1.0,20,1888,2,
s8107,ONDOUSDT,1781604900000,train,1,3.8,0.507,4.74,4.38,1.18,3.3,2.23,1.3,1.12,1.18,0,0.49,neutral,neutral,0,-1.0,11,1887,1,
s8108,LDOUSDT,1781604900000,testB,1,2.01,0.39,3.23,2.12,0.46,1.52,0.75,1.07,1.05,1.55,0,0.49,neutral,neutral,0,-1.0,16,1887,1,
s8109,STBLUSDT,1781605800000,train,1,4.68,0.545,6.67,4.95,0.79,4.35,1.71,1.29,0.95,0.98,0,0.33,neutral,neutral,0,-0.148,32,1889,1,
s8110,INJUSDT,1781605800000,train,1,6.27,0.573,6.88,6.11,0.67,5.94,2.59,2.06,1.49,1.61,0,0.33,neutral,neutral,0,-1.0,19,1889,0,
s8111,SEIUSDT,1781605800000,train,1,2.09,0.491,2.69,2.36,0.34,1.76,0.89,1.26,1.03,1.15,0,0.33,neutral,neutral,0,-1.0,11,1889,0,
s8112,PENDLEUSDT,1781605800000,train,1,2.23,0.389,2.5,2.33,0.85,1.9,1.18,1.19,1.08,1.17,0,0.33,neutral,neutral,0,-1.0,10,1889,0,
s8113,ONDOUSDT,1781605800000,train,1,3.97,0.54,5.03,4.16,1.37,3.64,1.83,1.3,1.12,1.18,0,0.33,neutral,neutral,0,-1.0,10,1888,0,
s8114,STBLUSDT,1781606700000,train,1,4.96,0.578,6.48,4.87,0.51,4.85,1.61,1.29,0.95,0.98,0,0.1,neutral,alcista,0,-0.203,32,1890,2,
s8115,INJUSDT,1781606700000,train,1,4.67,0.504,6.43,4.7,1.0,4.57,2.23,2.06,1.49,1.61,0,0.1,neutral,neutral,0,-1.0,14,1890,0,
s8116,ONDOUSDT,1781606700000,train,1,3.25,0.407,5.07,3.53,1.35,3.14,1.0,1.3,1.12,1.18,0,0.1,neutral,neutral,0,-1.0,9,1889,0,
s8117,STBLUSDT,1781607600000,train,1,4.96,0.578,6.49,4.84,0.44,4.69,1.39,1.35,0.98,0.95,1,0.27,neutral,alcista,0,-0.22,32,1891,3,
s8118,INJUSDT,1781607600000,train,1,3.58,0.41,6.06,4.04,1.19,3.31,1.66,2.13,1.57,1.58,0,0.27,neutral,neutral,0,-1.0,13,1891,0,
s8119,ONDOUSDT,1781607600000,train,1,3.63,0.467,5.06,3.61,1.36,3.36,0.91,1.3,1.13,1.17,0,0.27,neutral,neutral,0,-1.0,8,1890,1,
s8120,STBLUSDT,1781608500000,train,1,4.45,0.532,6.31,4.51,0.42,4.23,1.08,1.35,0.98,0.95,1,0.22,neutral,neutral,0,-1.0,13,1892,0,
s8121,WLDUSDT,1781608500000,train,1,8.36,0.434,9.66,7.74,0.41,8.14,2.75,1.96,1.37,1.28,1,0.22,neutral,alcista,0,-0.105,32,1892,2,
s8122,INJUSDT,1781608500000,train,1,3.21,0.384,6.06,4.04,1.11,2.99,1.56,2.13,1.57,1.58,0,0.22,neutral,neutral,0,-1.0,12,1892,0,
s8123,ONDOUSDT,1781608500000,train,1,3.54,0.462,4.66,3.44,1.07,3.32,1.09,1.3,1.13,1.17,0,0.22,neutral,alcista,0,-1.0,7,1891,2,
s8124,ASTERUSDT,1781609400000,train,1,2.13,0.405,2.81,2.13,1.47,2.0,0.79,2.91,2.45,1.98,1,0.13,neutral,neutral,0,-1.0,11,1893,1,
s8125,STBLUSDT,1781609400000,train,1,4.1,0.471,6.34,4.13,0.5,3.97,0.63,1.35,0.98,0.95,1,0.13,neutral,neutral,0,-1.0,12,1893,0,
s8126,INJUSDT,1781609400000,train,1,4.47,0.52,6.02,4.71,0.94,4.34,1.85,2.13,1.57,1.58,0,0.13,neutral,neutral,0,-1.0,11,1893,1,
s8127,STBLUSDT,1781610300000,train,1,4.1,0.471,6.33,4.23,0.41,3.93,0.67,1.35,0.98,0.95,1,0.17,neutral,neutral,0,-1.0,11,1894,1,
s8128,INJUSDT,1781610300000,train,1,3.6,0.453,5.94,4.52,0.64,3.42,1.46,2.13,1.57,1.58,0,0.17,neutral,neutral,0,-1.0,10,1894,0,
s8129,INJUSDT,1781611200000,train,1,4.1,0.547,5.94,4.33,0.56,3.98,1.11,2.26,1.71,1.62,1,0.13,neutral,neutral,0,-1.0,9,1895,0,
s8130,JUPUSDT,1781613900000,train,-1,-2.25,0.39,3.36,2.46,0.84,-1.55,0.38,1.83,1.52,1.8,0,-0.71,neutral,neutral,1,2.0,15,1898,0,
s8131,PUMPUSDT,1781614800000,train,-1,-2.56,0.494,3.21,2.57,1.85,-1.72,1.42,0.79,0.85,0.98,0,-0.84,neutral,neutral,0,0.8,32,1899,1,
s8132,JUPUSDT,1781614800000,train,-1,-2.57,0.419,3.4,2.74,1.21,-1.73,1.41,1.69,1.63,1.73,0,-0.84,neutral,neutral,0,0.852,32,1899,1,
s8133,FETUSDT,1781614800000,train,-1,-2.92,0.568,3.97,3.2,1.42,-2.08,1.54,0.99,0.87,0.98,0,-0.84,neutral,neutral,0,0.03,32,1898,1,
s8134,ARUSDT,1781614800000,testB,-1,-2.11,0.379,3.03,2.2,1.73,-1.26,1.18,0.92,0.79,0.81,0,-0.84,neutral,bajista,0,0.511,32,1898,3,
s8135,STXUSDT,1781614800000,testB,-1,-2.04,0.488,3.02,2.14,0.57,-1.2,1.01,1.39,1.19,1.09,1,-0.84,neutral,neutral,0,-0.195,32,1898,1,
s8136,GRTUSDT,1781614800000,testB,-1,-2.4,0.527,2.91,2.46,1.23,-1.56,1.05,1.63,1.2,1.33,0,-0.84,neutral,neutral,0,0.102,32,1898,1,
s8137,APEUSDT,1781614800000,testB,-1,-2.07,0.529,2.89,2.34,1.94,-1.22,1.21,0.69,0.64,0.79,0,-0.84,neutral,bajista,0,0.2,32,1898,3,
s8138,PUMPUSDT,1781615700000,train,-1,-2.27,0.462,2.9,2.71,2.18,-1.38,1.8,0.79,0.85,0.98,0,-0.89,neutral,bajista,0,0.667,32,1900,2,
s8139,JUPUSDT,1781615700000,train,-1,-2.62,0.424,3.41,2.95,1.37,-1.73,1.42,1.69,1.63,1.73,0,-0.89,neutral,bajista,0,0.897,32,1900,2,
s8140,FETUSDT,1781615700000,train,-1,-3.12,0.583,3.99,3.7,1.62,-2.23,1.9,0.99,0.87,0.98,0,-0.89,neutral,bajista,0,-0.065,32,1899,2,
s8141,ARUSDT,1781615700000,testB,-1,-2.54,0.424,2.91,2.81,1.66,-1.65,1.75,0.92,0.79,0.81,0,-0.89,neutral,bajista,0,0.158,32,1899,4,
s8142,STXUSDT,1781615700000,testB,-1,-2.15,0.5,2.88,2.35,0.65,-1.26,1.28,1.39,1.19,1.09,1,-0.89,neutral,bajista,0,-0.156,32,1899,2,
s8143,GRTUSDT,1781615700000,testB,-1,-2.65,0.551,2.83,2.77,1.37,-1.76,1.54,1.63,1.2,1.33,0,-0.89,neutral,bajista,0,-0.036,32,1899,2,
s8144,APEUSDT,1781615700000,testB,-1,-2.6,0.63,2.9,2.75,2.45,-1.71,1.45,0.69,0.64,0.79,0,-0.89,neutral,bajista,0,0.057,32,1899,4,
s8145,STBLUSDT,1781616600000,train,-1,-2.97,0.631,4.29,3.39,1.68,-2.11,1.03,1.57,1.11,0.95,1,-0.85,neutral,neutral,0,0.088,32,1901,1,
s8146,FETUSDT,1781616600000,train,-1,-2.52,0.45,3.97,3.25,1.46,-1.66,1.45,0.99,0.87,0.98,0,-0.85,neutral,neutral,0,0.074,32,1900,0,
s8147,STXUSDT,1781616600000,testB,-1,-2.15,0.5,2.82,2.25,0.79,-1.29,1.16,1.39,1.19,1.09,1,-0.85,neutral,neutral,0,-0.256,32,1900,0,
s8148,STBLUSDT,1781617500000,train,-1,-2.4,0.579,3.84,2.94,1.48,-1.7,0.97,1.57,1.11,0.95,1,-0.7,neutral,bajista,0,-0.089,32,1902,2,
s8149,FETUSDT,1781617500000,train,-1,-2.43,0.441,3.98,3.55,1.67,-1.73,1.54,0.99,0.87,0.98,0,-0.7,neutral,neutral,0,0.054,32,1901,1,
s8150,PUMPUSDT,1781618400000,train,-1,-2.15,0.386,2.97,2.78,1.28,-1.38,1.36,0.99,0.93,1.04,0,-0.77,neutral,bajista,0,0.698,32,1903,2,
s8151,SEIUSDT,1781618400000,train,-1,-2.05,0.429,3.27,3.07,1.03,-1.28,1.37,1.07,1.18,1.11,0,-0.77,neutral,bajista,0,-1.0,26,1903,2,
s8152,PENDLEUSDT,1781618400000,train,-1,-2.22,0.415,3.26,3.11,1.13,-1.45,1.45,1.31,1.2,1.23,0,-0.77,neutral,bajista,0,-0.435,32,1903,2,
s8153,FETUSDT,1781618400000,train,-1,-2.48,0.453,3.98,3.45,1.22,-1.71,1.27,1.03,0.89,0.98,0,-0.77,neutral,neutral,0,0.125,32,1902,0,
s8154,STXUSDT,1781618400000,testB,-1,-2.0,0.481,2.83,2.62,0.61,-1.24,1.21,1.56,1.18,1.09,1,-0.77,neutral,bajista,0,-0.42,32,1902,2,
s8155,PUMPUSDT,1781619300000,train,-1,-5.22,0.686,5.57,5.57,2.3,-3.55,3.6,0.99,0.93,1.04,0,-1.66,neutral,bajista,0,-0.119,32,1904,3,
s8156,STBLUSDT,1781619300000,train,-1,-3.56,0.669,4.27,4.23,1.37,-1.9,2.93,1.27,1.07,0.97,1,-1.66,neutral,bajista,0,-0.414,32,1904,4,
s8157,0GUSDT,1781619300000,train,-1,-2.44,0.521,3.38,3.28,1.52,-0.77,2.04,1.21,1.15,1.02,1,-1.66,neutral,bajista,0,-0.474,32,1904,3,
s8158,ENAUSDT,1781619300000,train,-1,-3.93,0.488,4.44,4.4,1.81,-2.27,2.28,1.02,0.89,0.84,1,-1.66,neutral,bajista,0,-1.0,24,1904,2,
s8159,ARBUSDT,1781619300000,train,-1,-3.28,0.537,4.24,4.24,1.92,-1.62,2.53,1.04,0.8,0.81,0,-1.66,neutral,bajista,0,-0.514,32,1904,3,
s8160,OPUSDT,1781619300000,train,-1,-2.04,0.393,3.97,3.97,1.75,-0.37,1.77,0.93,0.71,0.7,1,-1.66,neutral,bajista,0,-1.0,25,1904,3,
s8161,INJUSDT,1781619300000,train,-1,-5.01,0.582,7.09,6.93,0.95,-3.34,2.88,2.06,1.97,1.62,1,-1.66,neutral,neutral,0,0.278,32,1904,1,
s8162,SUIUSDT,1781619300000,train,-1,-2.87,0.558,3.5,3.37,2.29,-1.21,1.88,1.33,1.12,1.12,1,-1.66,neutral,bajista,0,-1.0,25,1904,3,
s8163,SEIUSDT,1781619300000,train,-1,-3.77,0.741,4.28,4.18,1.42,-2.11,2.24,1.07,1.18,1.11,0,-1.66,neutral,bajista,0,-1.0,25,1904,3,
s8164,JUPUSDT,1781619300000,train,-1,-4.32,0.446,4.82,4.77,1.8,-2.65,2.89,1.64,1.66,1.71,0,-1.66,neutral,bajista,0,-0.033,32,1904,3,
s8165,PENDLEUSDT,1781619300000,train,-1,-4.21,0.682,4.71,4.64,1.66,-2.55,2.58,1.31,1.2,1.23,0,-1.66,neutral,bajista,0,-0.613,32,1904,3,
s8166,ONDOUSDT,1781619300000,train,-1,-5.2,0.627,6.17,6.17,1.28,-3.54,3.01,1.85,1.49,1.23,1,-1.66,neutral,neutral,0,-0.233,32,1903,1,
s8167,FETUSDT,1781619300000,train,-1,-4.92,0.757,5.51,5.37,1.63,-3.25,2.76,1.03,0.89,0.98,0,-1.66,neutral,neutral,0,-0.255,32,1903,1,
s8168,ARUSDT,1781619300000,testB,-1,-3.42,0.497,4.19,4.19,1.46,-1.76,2.49,1.0,0.85,0.81,1,-1.66,neutral,bajista,0,-0.286,32,1903,2,
s8169,STXUSDT,1781619300000,testB,-1,-3.28,0.711,3.6,3.54,0.74,-1.61,1.91,1.56,1.18,1.09,1,-1.66,neutral,bajista,0,-0.522,32,1903,3,
s8170,GRTUSDT,1781619300000,testB,-1,-2.77,0.528,3.16,3.0,1.49,-1.11,1.8,1.77,1.26,1.39,0,-1.66,neutral,bajista,0,-0.508,32,1903,3,
s8171,LDOUSDT,1781619300000,testB,-1,-2.8,0.429,4.87,4.8,1.53,-1.14,2.27,1.83,1.41,1.53,0,-1.66,neutral,bajista,0,-0.608,32,1903,3,
s8172,SANDUSDT,1781619300000,testB,-1,-4.04,0.704,5.02,4.96,3.24,-2.38,3.08,1.31,0.93,0.94,0,-1.66,neutral,bajista,0,-0.624,32,1903,3,
s8173,MANAUSDT,1781619300000,testB,-1,-2.72,0.543,4.27,4.12,2.33,-1.06,2.29,1.56,1.04,1.01,1,-1.66,neutral,bajista,0,-0.5,32,1903,3,
s8174,AXSUSDT,1781619300000,testB,-1,-2.28,0.39,3.35,3.25,1.86,-0.62,1.78,1.49,1.19,1.45,0,-1.66,neutral,bajista,0,-1.0,14,1903,3,
s8175,APEUSDT,1781619300000,testB,-1,-3.39,0.629,3.99,3.91,2.04,-1.73,2.56,0.8,0.66,0.81,0,-1.66,neutral,bajista,0,-0.347,32,1903,2,
s8176,PUMPUSDT,1781620200000,train,-1,-4.97,0.664,6.1,5.5,2.77,-3.6,3.19,0.99,0.93,1.04,0,-1.38,neutral,neutral,0,-0.048,32,1905,0,
s8177,STBLUSDT,1781620200000,train,-1,-2.75,0.449,5.17,3.21,1.37,-1.37,1.7,1.27,1.07,0.97,1,-1.38,neutral,neutral,0,-0.129,32,1905,0,
s8178,0GUSDT,1781620200000,train,-1,-2.21,0.456,4.04,3.07,1.73,-0.83,1.63,1.21,1.15,1.02,1,-1.38,neutral,neutral,0,-0.33,32,1905,0,
s8179,ENAUSDT,1781620200000,train,-1,-3.24,0.39,5.48,3.8,2.08,-1.86,1.61,1.02,0.89,0.84,1,-1.38,neutral,neutral,0,-1.0,23,1905,0,
s8180,ARBUSDT,1781620200000,train,-1,-2.9,0.452,4.79,3.87,2.17,-1.53,1.92,1.04,0.8,0.81,0,-1.38,neutral,neutral,0,-0.414,32,1905,0,
s8181,INJUSDT,1781620200000,train,-1,-4.0,0.429,7.03,5.97,1.19,-2.62,1.76,2.06,1.97,1.62,1,-1.38,neutral,neutral,0,0.506,32,1905,0,
s8182,SUIUSDT,1781620200000,train,-1,-2.57,0.479,4.2,3.09,2.8,-1.2,1.42,1.33,1.12,1.12,1,-1.38,neutral,neutral,0,-1.0,24,1905,0,
s8183,SEIUSDT,1781620200000,train,-1,-3.32,0.614,4.45,3.54,1.65,-1.94,1.63,1.07,1.18,1.11,0,-1.38,neutral,neutral,0,-1.0,24,1905,0,
s8184,JUPUSDT,1781620200000,train,-1,-3.58,0.356,5.05,4.02,1.37,-2.2,2.08,1.64,1.66,1.71,0,-1.38,neutral,neutral,0,0.141,32,1905,0,
s8185,PENDLEUSDT,1781620200000,train,-1,-3.33,0.472,5.14,3.68,1.66,-1.95,1.53,1.31,1.2,1.23,0,-1.38,neutral,neutral,0,-0.462,32,1905,0,
s8186,ONDOUSDT,1781620200000,train,-1,-4.52,0.529,6.22,5.0,1.43,-3.14,2.25,1.85,1.49,1.23,1,-1.38,neutral,neutral,0,-0.086,32,1904,0,
s8187,FETUSDT,1781620200000,train,-1,-3.73,0.563,5.48,4.17,1.83,-2.36,1.85,1.03,0.89,0.98,0,-1.38,neutral,neutral,0,-0.081,32,1904,0,
s8188,STXUSDT,1781620200000,testB,-1,-2.97,0.617,4.06,3.06,0.96,-1.59,1.42,1.56,1.18,1.09,1,-1.38,neutral,neutral,0,-0.603,32,1904,0,
s8189,GRTUSDT,1781620200000,testB,-1,-2.38,0.444,3.45,2.64,1.39,-1.0,1.36,1.77,1.26,1.39,0,-1.38,neutral,neutral,0,-0.385,32,1904,0,
s8190,SANDUSDT,1781620200000,testB,-1,-3.36,0.523,5.25,4.18,3.41,-1.98,2.09,1.31,0.93,0.94,0,-1.38,neutral,neutral,0,-0.534,32,1904,0,
s8191,MANAUSDT,1781620200000,testB,-1,-2.29,0.421,4.55,3.67,2.0,-0.92,1.62,1.56,1.04,1.01,1,-1.38,neutral,neutral,0,-0.44,32,1904,0,
s8192,APEUSDT,1781620200000,testB,-1,-3.0,0.52,4.52,3.41,2.02,-1.63,1.82,0.8,0.66,0.81,0,-1.38,neutral,neutral,0,-0.256,32,1904,0,
s8193,PUMPUSDT,1781621100000,train,-1,-4.74,0.652,5.9,5.37,2.82,-3.47,2.94,0.99,0.93,1.04,0,-1.27,neutral,neutral,0,-0.062,32,1906,1,
s8194,STBLUSDT,1781621100000,train,-1,-3.26,0.509,5.19,3.63,1.52,-1.99,1.82,1.27,1.07,0.97,1,-1.27,neutral,neutral,0,-0.24,32,1906,1,
s8195,0GUSDT,1781621100000,train,-1,-2.63,0.541,4.05,3.31,1.66,-1.36,1.67,1.21,1.15,1.02,1,-1.27,neutral,neutral,0,-0.439,32,1906,1,
s8196,ENAUSDT,1781621100000,train,-1,-3.42,0.402,5.51,4.49,2.05,-2.15,2.08,1.02,0.89,0.84,1,-1.27,neutral,neutral,0,-1.0,22,1906,1,
s8197,ARBUSDT,1781621100000,train,-1,-2.84,0.446,4.8,4.16,2.23,-1.57,1.98,1.04,0.8,0.81,0,-1.27,neutral,neutral,0,-0.497,32,1906,1,
s8198,INJUSDT,1781621100000,train,-1,-5.21,0.494,6.27,6.11,1.25,-3.94,2.8,2.06,1.97,1.62,1,-1.27,neutral,neutral,0,0.302,32,1906,1,
s8199,SUIUSDT,1781621100000,train,-1,-2.16,0.434,4.2,3.11,2.79,-0.88,1.3,1.33,1.12,1.12,1,-1.27,neutral,neutral,0,-1.0,23,1906,1,
s8200,SEIUSDT,1781621100000,train,-1,-2.93,0.582,4.45,3.6,1.8,-1.65,1.53,1.07,1.18,1.11,0,-1.27,neutral,neutral,0,-1.0,23,1906,1,
s8201,JUPUSDT,1781621100000,train,-1,-3.64,0.36,4.86,4.08,1.27,-2.36,2.07,1.64,1.66,1.71,0,-1.27,neutral,neutral,0,0.025,32,1906,1,
s8202,PENDLEUSDT,1781621100000,train,-1,-3.06,0.449,4.92,3.89,2.09,-1.79,1.83,1.31,1.2,1.23,0,-1.27,neutral,neutral,0,-0.525,32,1906,1,
s8203,ONDOUSDT,1781621100000,train,-1,-3.85,0.481,6.21,4.94,1.44,-2.57,1.98,1.85,1.49,1.23,1,-1.27,neutral,neutral,0,-0.098,32,1905,0,
s8204,FETUSDT,1781621100000,train,-1,-3.34,0.534,4.82,3.94,1.71,-2.07,2.09,1.03,0.89,0.98,0,-1.27,neutral,neutral,0,-0.173,32,1905,1,
s8205,ARUSDT,1781621100000,testB,-1,-2.99,0.373,4.72,3.73,1.67,-1.72,1.61,1.0,0.85,0.81,1,-1.27,neutral,neutral,0,-0.427,32,1905,1,
s8206,STXUSDT,1781621100000,testB,-1,-2.32,0.556,3.7,2.8,1.01,-1.05,1.38,1.56,1.18,1.09,1,-1.27,neutral,neutral,0,-1.0,13,1905,1,
s8207,GRTUSDT,1781621100000,testB,-1,-2.14,0.417,3.46,2.95,1.45,-0.87,1.46,1.77,1.26,1.39,0,-1.27,neutral,neutral,0,-0.5,32,1905,1,
s8208,SANDUSDT,1781621100000,testB,-1,-3.6,0.54,5.27,4.5,3.73,-2.33,2.17,1.31,0.93,0.94,0,-1.27,neutral,neutral,0,-0.591,32,1905,1,
s8209,MANAUSDT,1781621100000,testB,-1,-2.44,0.436,4.55,3.82,1.96,-1.16,1.6,1.56,1.04,1.01,1,-1.27,neutral,neutral,0,-0.5,32,1905,1,
s8210,APEUSDT,1781621100000,testB,-1,-3.08,0.526,4.53,3.58,1.92,-1.81,1.77,0.8,0.66,0.81,0,-1.27,neutral,neutral,0,-0.356,32,1905,1,
s8211,PUMPUSDT,1781622000000,train,-1,-3.36,0.424,5.84,4.27,2.99,-2.38,1.8,1.05,0.96,0.99,0,-0.98,neutral,neutral,0,0.2,32,1907,0,
s8212,STBLUSDT,1781622000000,train,-1,-2.89,0.432,5.13,3.25,1.81,-1.92,1.31,1.0,1.1,0.96,0,-0.98,neutral,neutral,0,-0.14,32,1907,0,
s8213,0GUSDT,1781622000000,train,-1,-2.04,0.392,4.03,2.82,1.8,-1.06,1.1,1.3,1.16,1.02,1,-0.98,neutral,neutral,0,-0.345,32,1907,0,
s8214,ENAUSDT,1781622000000,train,-1,-2.95,0.351,5.5,4.29,1.9,-1.97,1.86,1.03,0.92,0.8,1,-0.98,neutral,neutral,0,-1.0,21,1907,0,
s8215,INJUSDT,1781622000000,train,-1,-5.16,0.491,6.99,6.36,1.37,-4.18,2.9,2.16,2.04,1.57,1,-0.98,neutral,bajista,0,0.258,32,1907,2,
s8216,ONDOUSDT,1781622000000,train,-1,-3.12,0.357,6.16,4.07,1.35,-2.14,1.26,1.81,1.49,1.21,1,-0.98,neutral,neutral,0,0.125,32,1906,0,
s8217,FETUSDT,1781622000000,train,-1,-2.36,0.352,4.78,3.19,1.62,-1.38,1.34,1.0,0.89,0.94,0,-0.98,neutral,neutral,0,0.03,32,1906,0,
s8218,SANDUSDT,1781622000000,testB,-1,-2.76,0.399,5.24,3.92,3.84,-1.78,1.51,1.39,0.95,0.92,1,-0.98,neutral,neutral,0,-0.5,32,1906,0,
s8219,PUMPUSDT,1781622900000,train,-1,-3.31,0.419,5.85,4.47,1.56,-2.32,1.78,1.05,0.96,0.99,0,-0.99,neutral,neutral,0,0.176,32,1908,1,
s8220,STBLUSDT,1781622900000,train,-1,-2.9,0.432,4.99,3.25,1.36,-1.91,1.34,1.0,1.1,0.96,0,-0.99,neutral,neutral,0,-0.093,32,1908,1,
s8221,0GUSDT,1781622900000,train,-1,-2.05,0.392,4.04,3.03,0.84,-1.06,1.17,1.3,1.16,1.02,1,-0.99,neutral,neutral,0,-0.4,32,1908,1,
s8222,ENAUSDT,1781622900000,train,-1,-3.05,0.358,5.52,4.5,1.14,-2.06,1.83,1.03,0.92,0.8,1,-0.99,neutral,neutral,0,-1.0,20,1908,1,
s8223,INJUSDT,1781622900000,train,-1,-5.81,0.521,8.33,7.09,1.29,-4.83,3.22,2.16,2.04,1.57,1,-0.99,neutral,bajista,0,0.18,32,1908,3,
s8224,ONDOUSDT,1781622900000,train,-1,-3.94,0.434,5.85,4.37,0.9,-2.95,1.67,1.81,1.49,1.21,1,-0.99,neutral,neutral,0,0.012,32,1907,1,
s8225,FETUSDT,1781622900000,train,-1,-2.36,0.352,4.79,3.24,0.93,-1.37,1.18,1.0,0.89,0.94,0,-0.99,neutral,neutral,0,0.075,32,1907,1,
s8226,SANDUSDT,1781622900000,testB,-1,-2.87,0.409,5.25,4.06,1.05,-1.89,1.49,1.39,0.95,0.92,1,-0.99,neutral,neutral,0,-0.488,32,1907,1,
s8227,PUMPUSDT,1781623800000,train,-1,-3.12,0.398,5.85,4.4,0.97,-2.27,1.52,1.05,0.96,0.99,0,-0.85,neutral,neutral,0,0.179,32,1909,0,
s8228,STBLUSDT,1781623800000,train,-1,-2.51,0.395,4.99,3.25,0.87,-1.66,1.23,1.0,1.1,0.96,0,-0.85,neutral,bajista,0,-0.198,32,1909,2,
s8229,0GUSDT,1781623800000,train,-1,-2.18,0.418,4.05,3.1,0.61,-1.33,1.15,1.3,1.16,1.02,1,-0.85,neutral,bajista,0,-0.359,32,1909,2,
s8230,INJUSDT,1781623800000,train,-1,-6.55,0.626,8.27,7.12,0.98,-5.7,3.0,2.16,2.04,1.57,1,-0.85,neutral,bajista,0,0.217,32,1909,4,
s8231,JUPUSDT,1781623800000,train,-1,-4.07,0.367,5.14,5.14,0.61,-3.23,2.78,1.62,1.71,1.64,0,-0.85,neutral,bajista,0,-0.306,32,1909,2,
s8232,ONDOUSDT,1781623800000,train,-1,-3.36,0.392,5.85,4.34,0.56,-2.51,1.4,1.81,1.49,1.21,1,-0.85,neutral,neutral,0,0.062,32,1908,0,
s8233,SANDUSDT,1781623800000,testB,-1,-2.72,0.38,5.24,3.9,0.58,-1.88,1.21,1.39,0.95,0.92,1,-0.85,neutral,neutral,0,-0.415,32,1908,0,
s8234,MANAUSDT,1781623800000,testB,-1,-2.15,0.385,4.53,3.36,0.6,-1.3,0.89,1.56,1.05,0.99,1,-0.85,neutral,neutral,0,-0.304,32,1908,0,
s8235,PUMPUSDT,1781624700000,train,-1,-3.11,0.398,5.83,4.13,0.9,-2.19,1.09,1.05,0.96,0.99,0,-0.92,neutral,neutral,0,0.302,32,1910,0,
s8236,ARBUSDT,1781624700000,train,-1,-2.41,0.371,4.77,3.5,0.56,-1.49,0.83,0.99,0.81,0.78,1,-0.92,neutral,neutral,0,-0.331,32,1910,0,
s8237,INJUSDT,1781624700000,train,-1,-6.61,0.628,8.16,7.18,0.92,-5.68,2.84,2.16,2.04,1.57,1,-0.92,neutral,bajista,0,0.205,32,1910,5,
s8238,JUPUSDT,1781624700000,train,-1,-4.35,0.405,5.59,4.81,0.79,-3.43,2.22,1.62,1.71,1.64,0,-0.92,neutral,neutral,0,-0.239,32,1910,0,
s8239,ONDOUSDT,1781624700000,train,-1,-3.77,0.435,5.86,4.62,0.48,-2.85,1.52,1.81,1.49,1.21,1,-0.92,neutral,neutral,0,0.029,32,1909,1,
s8240,SANDUSDT,1781624700000,testB,-1,-2.59,0.355,5.22,3.61,0.5,-1.67,0.8,1.39,0.95,0.92,1,-0.92,neutral,neutral,0,-0.3,32,1909,0,
s8241,MANAUSDT,1781624700000,testB,-1,-2.0,0.35,4.52,3.06,0.41,-1.08,0.55,1.56,1.05,0.99,1,-0.92,neutral,neutral,0,-0.286,32,1909,0,
s8242,APEUSDT,1781624700000,testB,-1,-2.24,0.367,4.43,2.92,0.62,-1.32,0.81,0.85,0.66,0.8,0,-0.92,neutral,neutral,0,-0.108,32,1909,0,
s8243,PUMPUSDT,1781625600000,train,-1,-3.55,0.438,5.86,4.54,0.69,-2.39,1.3,1.12,0.93,0.95,0,-1.17,neutral,neutral,0,0.203,32,1911,1,
s8244,ARBUSDT,1781625600000,train,-1,-2.51,0.394,4.77,3.38,0.56,-1.34,0.64,1.0,0.82,0.77,1,-1.17,neutral,neutral,0,-0.437,32,1911,0,
s8245,OPUSDT,1781625600000,train,-1,-2.02,0.44,4.78,3.0,0.44,-0.85,0.31,0.95,0.75,0.67,1,-1.17,neutral,neutral,0,-1.0,18,1911,0,
s8246,INJUSDT,1781625600000,train,-1,-6.67,0.63,8.04,7.29,0.8,-5.5,2.79,2.02,2.07,1.53,0,-1.17,neutral,bajista,0,0.122,32,1911,6,
s8247,JUPUSDT,1781625600000,train,-1,-4.07,0.388,5.6,4.92,0.78,-2.9,2.07,1.57,1.74,1.5,0,-1.17,neutral,neutral,0,-0.628,32,1911,1,
s8248,PENDLEUSDT,1781625600000,train,-1,-2.96,0.374,4.91,3.55,0.5,-1.79,1.03,1.34,1.26,1.16,1,-1.17,neutral,neutral,0,-1.0,32,1911,1,
s8249,ONDOUSDT,1781625600000,train,-1,-4.32,0.53,5.87,4.68,0.48,-3.15,1.46,1.72,1.51,1.22,1,-1.17,neutral,bajista,0,-0.098,32,1910,2,
s8250,ARUSDT,1781625600000,testB,-1,-3.18,0.355,4.73,3.93,1.06,-2.02,1.17,1.08,0.9,0.81,1,-1.17,neutral,neutral,0,-0.342,32,1910,1,
s8251,SANDUSDT,1781625600000,testB,-1,-2.81,0.394,5.23,3.65,0.45,-1.64,0.75,1.44,0.98,0.89,1,-1.17,neutral,neutral,0,-0.37,32,1910,1,
s8252,PUMPUSDT,1781626500000,train,-1,-3.17,0.379,5.84,4.2,0.63,-1.99,0.87,1.12,0.93,0.95,0,-1.18,neutral,neutral,0,0.359,32,1912,0,
s8253,0GUSDT,1781626500000,train,-1,-2.07,0.382,4.03,2.69,0.39,-0.89,0.52,1.25,0.98,1.0,0,-1.18,neutral,neutral,0,-0.225,32,1912,1,
s8254,ARBUSDT,1781626500000,train,-1,-2.66,0.413,4.77,3.49,0.55,-1.47,0.69,1.0,0.82,0.77,1,-1.18,neutral,neutral,0,-0.485,32,1912,1,
s8255,OPUSDT,1781626500000,train,-1,-2.11,0.451,4.78,3.09,0.42,-0.93,0.43,0.95,0.75,0.67,1,-1.18,neutral,neutral,0,-1.0,17,1912,0,
s8256,INJUSDT,1781626500000,train,-1,-6.43,0.619,7.46,7.28,0.57,-5.24,3.13,2.02,2.07,1.53,0,-1.18,neutral,bajista,0,0.034,32,1912,7,
s8257,JUPUSDT,1781626500000,train,-1,-3.97,0.382,5.6,4.97,0.7,-2.79,1.85,1.57,1.74,1.5,0,-1.18,neutral,bajista,0,-0.379,32,1912,2,
s8258,PENDLEUSDT,1781626500000,train,-1,-2.87,0.359,4.9,3.43,0.49,-1.68,0.84,1.34,1.26,1.16,1,-1.18,neutral,neutral,0,-1.0,31,1912,0,
s8259,ONDOUSDT,1781626500000,train,-1,-3.76,0.493,5.83,4.85,0.52,-2.57,1.43,1.72,1.51,1.22,1,-1.18,neutral,bajista,0,-0.173,32,1911,3,
s8260,ARUSDT,1781626500000,testB,-1,-3.27,0.37,4.73,3.83,0.67,-2.09,0.99,1.08,0.9,0.81,1,-1.18,neutral,neutral,0,-0.416,32,1911,0,
s8261,LDOUSDT,1781626500000,testB,-1,-2.29,0.381,5.48,3.77,0.31,-1.1,0.41,2.03,1.54,1.39,1,-1.18,neutral,neutral,0,-0.505,32,1911,0,
s8262,SANDUSDT,1781626500000,testB,-1,-2.84,0.401,5.22,3.51,0.42,-1.65,0.56,1.44,0.98,0.89,1,-1.18,neutral,neutral,0,-0.319,32,1911,0,
s8263,PUMPUSDT,1781627400000,train,-1,-4.36,0.504,5.55,4.69,0.6,-3.35,1.53,1.12,0.93,0.95,0,-1.02,neutral,neutral,0,0.099,32,1913,1,
s8264,0GUSDT,1781627400000,train,-1,-2.14,0.389,3.63,2.49,0.35,-1.12,0.66,1.25,0.98,1.0,0,-1.02,neutral,bajista,0,-0.5,32,1913,2,
s8265,ARBUSDT,1781627400000,train,-1,-2.94,0.456,4.32,3.2,0.45,-1.92,0.82,1.0,0.82,0.77,1,-1.02,neutral,bajista,0,-0.681,32,1913,2,
s8266,OPUSDT,1781627400000,train,-1,-2.48,0.491,4.14,2.82,0.48,-1.46,0.82,0.95,0.75,0.67,1,-1.02,neutral,neutral,0,-1.0,16,1913,1,
s8267,INJUSDT,1781627400000,train,-1,-5.79,0.591,7.69,7.24,0.63,-4.77,3.22,2.02,2.07,1.53,0,-1.02,neutral,bajista,0,-0.017,32,1913,8,
s8268,JUPUSDT,1781627400000,train,-1,-4.24,0.396,5.9,5.64,0.61,-3.22,2.32,1.57,1.74,1.5,0,-1.02,neutral,bajista,0,-0.486,32,1913,3,
s8269,ONDOUSDT,1781627400000,train,-1,-3.95,0.535,5.17,4.09,0.53,-2.94,1.22,1.72,1.51,1.22,1,-1.02,neutral,neutral,0,-0.444,32,1912,0,
s8270,ARUSDT,1781627400000,testB,-1,-3.14,0.359,4.04,3.34,0.49,-2.12,1.13,1.08,0.9,0.81,1,-1.02,neutral,neutral,0,-0.657,32,1912,1,
s8271,LDOUSDT,1781627400000,testB,-1,-2.64,0.435,4.51,3.0,0.33,-1.62,0.6,2.03,1.54,1.39,1,-1.02,neutral,neutral,0,-0.915,32,1912,1,
s8272,SANDUSDT,1781627400000,testB,-1,-2.61,0.38,4.55,2.85,0.48,-1.59,0.53,1.44,0.98,0.89,1,-1.02,neutral,neutral,0,-0.507,32,1912,0,
s8273,PUMPUSDT,1781628300000,train,-1,-4.49,0.518,5.56,4.76,0.49,-3.49,1.45,1.12,0.93,0.95,0,-0.99,neutral,bajista,0,0.153,32,1914,2,
s8274,0GUSDT,1781628300000,train,-1,-2.2,0.406,3.53,2.29,0.32,-1.21,0.53,1.25,0.98,1.0,0,-0.99,neutral,neutral,0,-0.529,32,1914,0,
s8275,ENAUSDT,1781628300000,train,-1,-4.73,0.639,5.54,5.05,0.38,-3.73,1.4,1.02,0.92,0.78,1,-0.99,neutral,bajista,0,-1.0,14,1914,2,
s8276,ARBUSDT,1781628300000,train,-1,-3.05,0.473,4.32,3.26,0.4,-2.06,0.83,1.0,0.82,0.77,1,-0.99,neutral,bajista,0,-0.651,32,1914,3,
s8277,OPUSDT,1781628300000,train,-1,-2.48,0.491,4.14,2.82,0.47,-1.48,0.8,0.95,0.75,0.67,1,-0.99,neutral,neutral,0,-1.0,15,1914,0,
s8278,INJUSDT,1781628300000,train,-1,-6.09,0.645,7.34,6.71,0.72,-5.09,2.87,2.02,2.07,1.53,0,-0.99,neutral,neutral,0,-0.008,32,1914,0,
s8279,SUIUSDT,1781628300000,train,-1,-2.08,0.483,3.72,2.29,0.37,-1.08,0.46,1.33,1.09,1.02,1,-0.99,neutral,bajista,0,-1.0,14,1914,2,
s8280,JUPUSDT,1781628300000,train,-1,-4.96,0.488,6.02,5.8,0.42,-3.97,2.19,1.57,1.74,1.5,0,-0.99,neutral,bajista,0,-0.4,32,1914,4,
s8281,PENDLEUSDT,1781628300000,train,-1,-2.76,0.359,4.31,3.06,0.5,-1.76,0.91,1.34,1.26,1.16,1,-0.99,neutral,bajista,0,-1.0,29,1914,2,
s8282,ONDOUSDT,1781628300000,train,-1,-4.2,0.549,5.01,4.49,0.58,-3.21,1.69,1.72,1.51,1.22,1,-0.99,neutral,neutral,0,-0.545,32,1913,1,
s8283,FETUSDT,1781628300000,train,-1,-2.83,0.38,4.32,3.06,0.99,-1.83,0.91,1.06,0.94,0.94,1,-0.99,neutral,bajista,0,-0.111,32,1913,3,
s8284,ARUSDT,1781628300000,testB,-1,-3.14,0.359,4.04,3.49,0.45,-2.15,1.19,1.08,0.9,0.81,1,-0.99,neutral,bajista,0,-0.514,32,1913,2,
s8285,GRTUSDT,1781628300000,testB,-1,-2.33,0.416,3.3,2.54,0.52,-1.34,0.69,1.62,1.37,1.29,1,-0.99,neutral,bajista,0,-0.56,32,1913,2,
s8286,LDOUSDT,1781628300000,testB,-1,-2.92,0.471,4.52,3.23,0.35,-1.93,0.78,2.03,1.54,1.39,1,-0.99,neutral,bajista,0,-0.898,32,1913,2,
s8287,SANDUSDT,1781628300000,testB,-1,-2.75,0.399,4.56,2.94,0.45,-1.76,0.59,1.44,0.98,0.89,1,-0.99,neutral,neutral,0,-0.484,32,1913,1,
s8288,PUMPUSDT,1781629200000,train,-1,-2.95,0.411,4.1,3.31,0.36,-2.33,1.31,1.12,0.92,0.93,0,-0.62,neutral,bajista,0,0.06,32,1915,3,
s8289,ENAUSDT,1781629200000,train,-1,-2.73,0.489,4.25,3.68,0.41,-2.11,1.19,1.0,0.92,0.78,1,-0.62,neutral,neutral,0,-1.0,8,1915,0,
s8290,JUPUSDT,1781629200000,train,-1,-3.5,0.369,5.99,5.42,0.46,-2.88,1.64,1.42,1.63,1.44,0,-0.62,neutral,neutral,0,-0.447,32,1915,0,
s8291,ONDOUSDT,1781629200000,train,-1,-2.21,0.382,3.51,2.97,0.47,-1.59,1.4,1.73,1.52,1.24,1,-0.62,neutral,neutral,0,-1.0,15,1914,0,
s8292,ENAUSDT,1781630100000,train,-1,-2.11,0.371,4.23,3.31,0.5,-1.71,0.8,1.0,0.92,0.78,1,-0.4,neutral,neutral,0,-1.0,7,1916,0,
s8293,PUMPUSDT,1781631000000,train,-1,-2.95,0.434,4.04,3.31,0.4,-2.39,1.21,1.12,0.92,0.93,0,-0.57,neutral,neutral,0,-0.06,32,1917,1,
s8294,ENAUSDT,1781631000000,train,-1,-2.28,0.39,4.24,3.52,0.5,-1.71,1.1,1.0,0.92,0.78,1,-0.57,neutral,neutral,0,-1.0,6,1917,1,
s8295,JUPUSDT,1781631000000,train,-1,-4.46,0.56,5.56,4.66,0.38,-3.89,1.11,1.42,1.63,1.44,0,-0.57,neutral,neutral,0,-0.528,32,1917,0,
s8296,ONDOUSDT,1781631000000,train,-1,-2.72,0.464,4.08,3.62,0.71,-2.15,1.7,1.73,1.52,1.24,1,-0.57,neutral,neutral,0,-1.0,13,1916,1,
s8297,STBLUSDT,1781633700000,train,1,2.89,0.469,4.0,3.77,0.46,2.34,1.09,0.89,1.14,0.93,0,0.55,neutral,alcista,0,-0.059,32,1920,3,
s8298,TIAUSDT,1781633700000,train,1,3.44,0.396,5.0,3.43,1.08,2.89,1.05,2.3,1.83,1.61,1,0.55,neutral,neutral,1,2.0,23,1920,0,
s8299,SEIUSDT,1781633700000,train,1,2.03,0.36,3.52,2.5,1.03,1.48,0.45,1.16,1.15,1.06,1,0.55,neutral,neutral,0,1.843,32,1920,0,
s8300,PENDLEUSDT,1781633700000,train,1,2.83,0.471,3.65,3.28,0.93,2.28,1.26,1.3,1.2,1.16,1,0.55,neutral,neutral,1,2.0,32,1920,0,
s8301,STXUSDT,1781633700000,testB,1,2.06,0.494,3.84,2.75,1.01,1.51,0.55,1.06,1.15,1.04,0,0.55,neutral,neutral,0,1.0,32,1919,0,
s8302,SANDUSDT,1781633700000,testB,1,2.66,0.543,3.9,2.91,0.67,2.1,0.74,1.52,1.05,0.92,1,0.55,neutral,neutral,0,0.645,32,1919,0,
s8303,MANAUSDT,1781633700000,testB,1,2.36,0.5,3.74,2.73,0.82,1.81,0.67,1.92,1.3,1.05,1,0.55,neutral,neutral,0,0.474,32,1919,0,
s8304,AXSUSDT,1781633700000,testB,1,3.35,0.647,4.62,3.83,1.05,2.8,1.26,1.54,1.28,1.2,1,0.55,neutral,neutral,0,0.205,32,1919,0,
s8305,APEUSDT,1781633700000,testB,1,2.15,0.551,3.36,2.73,0.72,1.6,0.62,0.92,0.7,0.77,0,0.55,neutral,neutral,0,0.314,32,1919,0,
s8306,STBLUSDT,1781634600000,train,1,2.07,0.39,2.96,2.88,0.53,1.84,1.15,0.89,1.14,0.93,0,0.23,neutral,alcista,0,-0.308,32,1921,4,
s8307,PENDLEUSDT,1781634600000,train,1,2.28,0.419,3.0,2.95,0.89,2.04,1.53,1.3,1.2,1.16,1,0.23,neutral,neutral,1,2.0,31,1921,1,
s8308,SANDUSDT,1781634600000,testB,1,2.04,0.48,3.35,2.51,1.18,1.81,0.86,1.52,1.05,0.92,1,0.23,neutral,neutral,0,0.403,32,1920,1,
s8309,AXSUSDT,1781634600000,testB,1,2.52,0.581,3.83,3.05,1.26,2.29,1.18,1.54,1.28,1.2,1,0.23,neutral,neutral,0,0.032,32,1920,0,
s8310,STBLUSDT,1781635500000,train,1,2.35,0.463,3.29,2.74,0.79,2.05,0.91,0.89,1.14,0.93,0,0.29,neutral,neutral,0,-0.135,32,1922,0,
s8311,ARBUSDT,1781635500000,train,1,2.13,0.541,3.17,2.31,1.88,1.84,0.84,0.95,0.86,0.75,1,0.29,neutral,neutral,1,2.0,30,1922,0,
s8312,TIAUSDT,1781635500000,train,1,2.79,0.444,4.21,2.85,1.31,2.5,1.05,2.3,1.83,1.61,1,0.29,neutral,neutral,1,2.0,20,1922,0,
s8313,SEIUSDT,1781635500000,train,1,2.08,0.374,2.69,2.06,1.38,1.79,0.77,1.16,1.15,1.06,1,0.29,neutral,alcista,1,2.0,30,1922,2,
s8314,PENDLEUSDT,1781635500000,train,1,2.27,0.416,3.03,2.47,1.01,1.98,1.04,1.3,1.2,1.16,1,0.29,neutral,neutral,1,2.0,25,1922,0,
s8315,SANDUSDT,1781635500000,testB,1,2.11,0.5,3.34,2.25,1.41,1.81,0.58,1.52,1.05,0.92,1,0.29,neutral,neutral,0,0.717,32,1921,0,
s8316,MANAUSDT,1781635500000,testB,1,2.06,0.5,3.17,2.16,0.88,1.76,0.62,1.92,1.3,1.05,1,0.29,neutral,neutral,0,0.4,32,1921,0,
s8317,AXSUSDT,1781635500000,testB,1,2.94,0.744,3.83,3.05,1.32,2.64,1.09,1.54,1.28,1.2,1,0.29,neutral,neutral,0,0.161,32,1921,0,
s8318,STBLUSDT,1781637300000,train,1,2.23,0.457,2.99,2.51,0.94,2.4,0.95,0.78,1.18,0.84,0,-0.17,neutral,neutral,0,-1.0,18,1924,1,
s8319,AXSUSDT,1781637300000,testB,1,2.22,0.611,3.25,2.17,0.75,2.39,0.73,1.36,1.29,1.17,1,-0.17,neutral,neutral,0,0.182,32,1923,1,
s8320,TIAUSDT,1781639100000,train,1,2.0,0.377,4.06,2.44,0.73,2.29,0.6,1.84,1.77,1.59,1,-0.29,neutral,neutral,1,2.0,9,1926,1,
s8321,WLDUSDT,1781640000000,train,1,6.07,0.397,8.14,6.29,1.34,6.08,2.91,1.14,1.33,1.25,0,-0.01,neutral,neutral,0,0.314,32,1927,1,
s8322,TIAUSDT,1781640000000,train,1,3.21,0.492,3.73,3.36,0.74,3.22,1.58,1.45,1.83,1.62,0,-0.01,neutral,alcista,1,2.0,25,1927,2,
s8323,PENDLEUSDT,1781640000000,train,1,2.02,0.37,3.19,2.55,1.34,2.03,0.73,0.97,1.14,1.15,0,-0.01,neutral,neutral,1,2.0,20,1927,1,
s8324,TIAUSDT,1781640900000,train,1,2.89,0.468,4.08,3.69,1.0,3.0,1.77,1.45,1.83,1.62,0,-0.1,neutral,alcista,1,2.0,25,1928,3,
s8325,ENAUSDT,1781641800000,train,1,4.64,0.491,5.37,5.07,1.78,4.6,2.73,0.9,0.96,0.82,0,0.04,neutral,alcista,0,-0.394,32,1929,3,
s8326,ARBUSDT,1781641800000,train,1,2.09,0.389,2.82,2.41,0.71,2.06,1.07,0.65,0.85,0.74,0,0.04,neutral,neutral,0,1.183,32,1929,1,
s8327,OPUSDT,1781641800000,train,1,3.76,0.667,4.17,3.99,1.51,3.73,2.28,0.59,0.76,0.65,0,0.04,neutral,alcista,0,-0.045,32,1929,6,
s8328,SUIUSDT,1781641800000,train,1,2.6,0.483,3.0,2.9,1.21,2.57,1.6,0.83,1.08,0.98,0,0.04,neutral,alcista,0,0.185,32,1929,6,
s8329,TIAUSDT,1781641800000,train,1,4.38,0.575,5.09,4.78,1.7,4.34,2.95,1.45,1.83,1.62,0,0.04,neutral,alcista,0,1.133,32,1929,4,
s8330,SEIUSDT,1781641800000,train,1,4.45,0.625,4.89,4.73,1.95,4.41,3.07,1.08,1.08,1.08,0,0.04,neutral,neutral,0,-0.156,32,1929,1,
s8331,PENDLEUSDT,1781641800000,train,1,2.71,0.389,3.12,3.1,1.08,2.67,1.26,0.97,1.14,1.15,0,0.04,neutral,neutral,1,2.0,23,1929,1,
s8332,LDOUSDT,1781641800000,testB,1,2.38,0.404,2.83,2.76,1.05,2.35,1.24,1.23,1.55,1.32,0,0.04,neutral,neutral,0,1.545,32,1928,1,
s8333,XPLUSDT,1781642700000,train,1,5.94,0.456,6.87,6.22,0.77,5.79,2.43,0.85,1.09,1.01,0,0.14,neutral,alcista,0,0.218,32,1930,2,
s8334,ENAUSDT,1781642700000,train,1,4.71,0.501,5.31,4.63,1.84,4.57,2.18,0.9,0.96,0.82,0,0.14,neutral,neutral,0,-0.412,32,1930,0,
s8335,ARBUSDT,1781642700000,train,1,2.06,0.38,2.59,2.09,0.81,1.92,0.87,0.65,0.85,0.74,0,0.14,neutral,neutral,1,2.0,22,1930,0,
s8336,OPUSDT,1781642700000,train,1,3.48,0.587,3.91,3.45,1.65,3.34,1.8,0.59,0.76,0.65,0,0.14,neutral,neutral,0,-0.079,32,1930,0,
s8337,SUIUSDT,1781642700000,train,1,2.71,0.512,2.86,2.72,1.02,2.57,1.41,0.83,1.08,0.98,0,0.14,neutral,neutral,0,0.183,32,1930,0,
s8338,TIAUSDT,1781642700000,train,1,4.35,0.564,5.37,4.34,2.2,4.2,2.23,1.45,1.83,1.62,0,0.14,neutral,neutral,0,1.671,32,1930,0,
s8339,SEIUSDT,1781642700000,train,1,3.65,0.46,4.68,3.52,1.97,3.51,1.83,1.08,1.08,1.08,0,0.14,neutral,neutral,0,-0.015,32,1930,0,
s8340,PENDLEUSDT,1781642700000,train,1,2.52,0.351,2.98,2.63,0.69,2.37,0.92,0.97,1.14,1.15,0,0.14,neutral,neutral,1,2.0,20,1930,0,
s8341,ONDOUSDT,1781642700000,train,1,2.75,0.384,4.24,3.71,1.28,2.61,2.06,1.04,1.46,1.24,0,0.14,neutral,alcista,0,-0.064,32,1929,2,
s8342,LDOUSDT,1781642700000,testB,1,2.5,0.43,2.97,2.54,0.82,2.36,1.01,1.23,1.55,1.32,0,0.14,neutral,neutral,1,2.0,21,1929,0,
s8343,ENAUSDT,1781643600000,train,1,3.8,0.373,5.21,3.71,1.76,3.61,1.2,0.87,0.96,0.82,0,0.19,neutral,neutral,0,-0.369,32,1931,0,
s8344,OPUSDT,1781643600000,train,1,3.1,0.493,3.83,3.01,1.62,2.92,1.3,0.56,0.76,0.66,0,0.19,neutral,neutral,0,-0.061,32,1931,0,
s8345,SUIUSDT,1781643600000,train,1,2.29,0.437,3.04,2.54,1.04,2.11,1.09,0.8,1.05,1.01,0,0.19,neutral,neutral,0,0.225,32,1931,0,
s8346,TIAUSDT,1781643600000,train,1,3.35,0.406,5.05,3.27,2.24,3.16,1.24,1.36,1.82,1.65,0,0.19,neutral,neutral,1,2.0,21,1931,0,
s8347,SEIUSDT,1781643600000,train,1,4.02,0.484,4.62,4.1,2.17,3.83,2.21,1.05,1.08,1.09,0,0.19,neutral,neutral,0,-0.119,32,1931,1,
s8348,LDOUSDT,1781643600000,testB,1,2.42,0.423,2.79,2.4,0.82,2.23,0.93,0.99,1.51,1.31,0,0.19,neutral,neutral,1,2.0,20,1930,0,
s8349,OPUSDT,1781644500000,train,1,2.54,0.391,3.85,2.66,1.71,2.58,0.89,0.56,0.76,0.66,0,-0.04,neutral,neutral,0,0.069,32,1932,0,
s8350,OPUSDT,1781645400000,train,1,2.82,0.429,3.75,2.74,0.81,2.85,0.97,0.56,0.76,0.66,0,-0.04,neutral,neutral,0,-0.067,32,1933,1,
s8351,OPUSDT,1781646300000,train,1,2.14,0.365,3.19,2.46,0.67,2.45,1.13,0.56,0.76,0.66,0,-0.31,neutral,alcista,0,-0.259,32,1934,2,
s8352,TIAUSDT,1781647200000,train,1,3.76,0.383,6.33,5.2,1.28,4.2,2.87,1.77,2.03,1.75,0,-0.44,neutral,alcista,0,0.773,32,1935,3,
s8353,TIAUSDT,1781648100000,train,1,4.61,0.468,6.31,5.58,1.8,4.83,2.96,1.77,2.03,1.75,0,-0.22,neutral,alcista,0,0.422,32,1936,4,
s8354,INJUSDT,1781649900000,train,-1,-2.07,0.364,2.99,2.77,1.65,-1.95,1.38,0.84,1.44,1.48,0,-0.12,neutral,bajista,0,0.148,32,1938,4,
s8355,TIAUSDT,1781649900000,train,1,4.99,0.427,6.52,6.12,2.4,5.11,2.86,1.77,2.03,1.75,0,-0.12,neutral,neutral,0,0.439,32,1938,1,
s8356,TIAUSDT,1781650800000,train,1,5.41,0.477,6.53,6.05,1.47,5.27,2.56,1.89,2.07,1.8,0,0.14,neutral,neutral,0,0.305,32,1939,0,
s8357,INJUSDT,1781651700000,train,-1,-2.59,0.503,3.65,3.13,0.81,-2.63,1.34,0.72,1.36,1.48,0,0.04,neutral,bajista,0,0.253,32,1940,6,
s8358,TIAUSDT,1781651700000,train,1,4.56,0.39,5.89,4.84,1.16,4.52,1.74,1.89,2.07,1.8,0,0.04,neutral,neutral,0,0.249,32,1940,0,
s8359,INJUSDT,1781652600000,train,-1,-2.84,0.526,3.66,3.5,0.79,-2.95,1.57,0.72,1.36,1.48,0,0.11,neutral,bajista,0,0.165,32,1941,7,
s8360,TIAUSDT,1781652600000,train,1,5.22,0.43,5.86,5.33,0.98,5.11,2.07,1.89,2.07,1.8,0,0.11,neutral,neutral,0,0.154,32,1941,1,
s8361,INJUSDT,1781653500000,train,-1,-2.6,0.503,3.92,3.61,0.84,-2.59,1.48,0.72,1.36,1.48,0,-0.01,neutral,bajista,0,0.125,32,1942,8,
s8362,TIAUSDT,1781653500000,train,1,6.03,0.466,5.96,5.86,0.69,6.04,2.71,1.89,2.07,1.8,0,-0.01,neutral,alcista,0,-0.042,32,1942,2,
s8363,INJUSDT,1781654400000,train,-1,-2.85,0.584,3.76,3.11,1.17,-2.82,1.1,0.67,1.22,1.49,0,-0.03,neutral,neutral,0,0.486,32,1943,0,
s8364,JUPUSDT,1781654400000,train,1,2.76,0.453,3.6,2.99,3.38,2.8,2.03,0.96,1.13,1.35,0,-0.03,neutral,neutral,0,-0.729,32,1943,1,
s8365,INJUSDT,1781655300000,train,-1,-2.15,0.496,3.61,2.89,1.11,-2.15,0.92,0.67,1.22,1.49,0,-0.0,neutral,neutral,0,0.534,32,1944,0,
s8366,PENDLEUSDT,1781655300000,train,1,3.12,0.494,3.28,3.21,2.86,3.12,2.26,1.02,1.17,1.14,0,-0.0,neutral,alcista,1,2.0,30,1944,2,
s8367,INJUSDT,1781656200000,train,-1,-2.75,0.717,3.6,2.95,1.22,-2.73,0.85,0.67,1.22,1.49,0,-0.02,neutral,neutral,0,0.354,32,1945,1,
s8368,PENDLEUSDT,1781656200000,train,1,2.79,0.47,4.18,4.06,3.78,2.82,2.88,1.02,1.17,1.14,0,-0.02,neutral,alcista,0,0.83,32,1945,3,
s8369,STXUSDT,1781656200000,testB,1,2.54,0.59,3.29,2.93,5,2.56,2.33,0.7,0.89,1.02,0,-0.02,neutral,alcista,0,-1.0,30,1944,4,
s8370,INJUSDT,1781657100000,train,-1,-2.66,0.71,3.45,2.84,1.19,-2.44,0.88,0.67,1.22,1.49,0,-0.22,neutral,bajista,0,0.911,32,1946,2,
s8371,PENDLEUSDT,1781657100000,train,1,3.69,0.592,4.76,4.59,4.52,3.91,3.1,1.02,1.17,1.14,0,-0.22,neutral,alcista,0,0.534,32,1946,4,
s8372,STXUSDT,1781657100000,testB,1,2.6,0.61,3.44,2.83,5,2.82,1.96,0.7,0.89,1.02,0,-0.22,neutral,neutral,0,-1.0,29,1945,0,
s8373,WLDUSDT,1781658000000,train,1,4.69,0.437,6.09,5.69,3.24,4.87,3.77,1.29,1.24,1.39,0,-0.18,neutral,alcista,0,-1.0,30,1947,4,
s8374,PENDLEUSDT,1781658000000,train,1,4.81,0.699,5.78,5.39,4.69,4.99,3.65,1.5,1.39,1.3,1,-0.18,neutral,alcista,0,0.238,32,1947,5,
s8375,STXUSDT,1781658000000,testB,1,3.11,0.652,3.62,3.42,5,3.29,2.34,0.9,0.91,1.06,0,-0.18,neutral,neutral,0,-1.0,28,1946,1,
s8376,PENDLEUSDT,1781658900000,train,1,3.5,0.425,5.88,3.75,4.15,3.72,1.54,1.5,1.39,1.3,1,-0.21,neutral,neutral,0,0.898,32,1948,0,
s8377,STXUSDT,1781658900000,testB,1,2.76,0.535,3.65,2.69,5,2.97,1.35,0.9,0.91,1.06,0,-0.21,neutral,neutral,0,-1.0,27,1947,0,
s8378,WLDUSDT,1781659800000,train,1,6.18,0.446,8.06,7.04,3.94,6.14,4.23,1.29,1.24,1.39,0,0.04,neutral,neutral,0,-1.0,28,1949,1,
s8379,PENDLEUSDT,1781659800000,train,1,4.57,0.513,5.84,4.54,3.57,4.53,2.19,1.5,1.39,1.3,1,0.04,neutral,neutral,0,0.602,32,1949,1,
s8380,STXUSDT,1781659800000,testB,1,2.6,0.521,3.59,2.73,2.81,2.56,1.33,0.9,0.91,1.06,0,0.04,neutral,neutral,0,-1.0,26,1948,1,
s8381,ARBUSDT,1781660700000,train,1,2.88,0.56,3.47,3.24,2.88,2.64,2.22,0.64,0.76,0.74,0,0.24,neutral,alcista,0,-0.612,32,1950,2,
s8382,TIAUSDT,1781660700000,train,1,4.64,0.354,4.7,4.48,0.8,4.4,2.46,2.29,2.1,1.85,1,0.24,neutral,alcista,0,-0.408,32,1950,2,
s8383,SEIUSDT,1781660700000,train,1,2.1,0.477,2.6,2.49,2.43,1.86,1.33,1.04,1.07,1.1,0,0.24,neutral,alcista,0,-1.0,24,1950,2,
s8384,PENDLEUSDT,1781660700000,train,1,6.16,0.587,6.35,6.25,3.56,5.91,3.69,1.5,1.39,1.3,1,0.24,neutral,alcista,0,0.272,32,1950,2,
s8385,ONDOUSDT,1781660700000,train,1,2.57,0.372,3.84,3.76,2.5,2.33,2.13,0.89,1.08,1.24,0,0.24,neutral,alcista,0,-1.0,25,1949,2,
s8386,STXUSDT,1781660700000,testB,1,3.43,0.589,3.62,3.52,1.92,3.19,1.93,0.9,0.91,1.06,0,0.24,neutral,alcista,0,-1.0,25,1949,2,
s8387,LDOUSDT,1781660700000,testB,1,3.91,0.548,4.56,4.56,3.93,3.67,3.19,1.3,1.48,1.4,0,0.24,neutral,alcista,0,0.121,32,1949,2,
s8388,ARBUSDT,1781661600000,train,1,3.38,0.599,3.92,3.81,3.6,3.29,2.59,0.82,0.73,0.76,0,0.08,neutral,alcista,0,-0.692,32,1951,3,
s8389,PENDLEUSDT,1781661600000,train,1,5.43,0.506,6.4,5.82,2.64,5.35,2.96,1.82,1.4,1.31,1,0.08,neutral,neutral,0,0.397,32,1951,0,
s8390,STXUSDT,1781661600000,testB,1,2.59,0.41,3.64,2.88,1.68,2.51,1.2,0.98,0.83,1.01,0,0.08,neutral,neutral,0,-1.0,24,1950,0,
s8391,LDOUSDT,1781661600000,testB,1,3.65,0.526,5.91,4.53,5,3.57,2.9,2.02,1.65,1.54,1,0.08,neutral,neutral,0,0.198,32,1950,0,
s8392,0GUSDT,1781662500000,train,1,2.29,0.423,2.93,2.83,1.31,1.8,1.77,0.52,0.96,1.05,0,0.49,neutral,alcista,0,-1.0,21,1952,4,
s8393,ENAUSDT,1781662500000,train,1,2.81,0.411,3.5,3.47,2.74,2.32,2.08,0.57,0.73,0.81,0,0.49,neutral,neutral,0,-1.0,12,1952,1,
s8394,ARBUSDT,1781662500000,train,1,4.53,0.677,4.94,4.83,3.99,4.04,3.3,0.82,0.73,0.76,0,0.49,neutral,alcista,0,-0.707,32,1952,4,
s8395,OPUSDT,1781662500000,train,1,2.0,0.367,3.21,3.04,2.3,1.51,1.69,0.48,0.54,0.62,0,0.49,neutral,alcista,0,-1.0,17,1952,4,
s8396,SUIUSDT,1781662500000,train,1,2.63,0.507,3.05,3.04,1.84,2.14,1.82,0.73,0.78,0.94,0,0.49,neutral,alcista,0,-1.0,24,1952,4,
s8397,SEIUSDT,1781662500000,train,1,2.24,0.494,3.01,2.96,2.58,1.75,1.71,0.9,0.99,1.09,0,0.49,neutral,alcista,0,-1.0,22,1952,4,
s8398,PENDLEUSDT,1781662500000,train,1,6.68,0.559,7.21,6.91,1.63,6.19,3.78,1.82,1.4,1.31,1,0.49,neutral,neutral,0,0.208,32,1952,1,
s8399,ARUSDT,1781662500000,testB,1,3.4,0.445,3.63,3.63,1.93,2.91,2.4,0.83,0.77,0.8,0,0.49,neutral,alcista,0,-0.303,32,1951,4,
s8400,STXUSDT,1781662500000,testB,1,2.96,0.463,3.53,2.98,1.22,2.47,1.23,0.98,0.83,1.01,0,0.49,neutral,neutral,0,-1.0,21,1951,1,
s8401,GRTUSDT,1781662500000,testB,1,2.36,0.595,2.64,2.64,3.67,1.86,1.74,0.8,0.96,1.12,0,0.49,neutral,neutral,0,-1.0,22,1951,1,
s8402,LDOUSDT,1781662500000,testB,1,4.63,0.611,5.86,5.25,5,4.13,3.33,2.02,1.65,1.54,1,0.49,neutral,neutral,0,0.268,32,1951,1,
s8403,ARBUSDT,1781663400000,train,1,3.51,0.454,5.0,3.69,3.01,3.31,1.9,0.82,0.73,0.76,0,0.2,neutral,neutral,0,-0.667,32,1953,0,
s8404,TIAUSDT,1781663400000,train,1,4.37,0.352,5.56,4.57,1.22,4.17,2.2,2.29,1.89,1.88,1,0.2,neutral,neutral,0,-1.0,25,1953,0,
s8405,PENDLEUSDT,1781663400000,train,1,5.47,0.414,7.31,5.65,1.53,5.26,2.12,1.82,1.4,1.31,1,0.2,neutral,neutral,0,0.408,32,1953,0,
s8406,ARUSDT,1781663400000,testB,1,3.51,0.464,3.77,3.53,1.8,3.31,2.08,0.83,0.77,0.8,0,0.2,neutral,neutral,0,-0.365,32,1952,0,
s8407,LDOUSDT,1781663400000,testB,1,4.06,0.498,5.91,4.49,4.96,3.86,2.24,2.02,1.65,1.54,1,0.2,neutral,neutral,0,0.362,32,1952,0,
s8408,ARBUSDT,1781664300000,train,1,3.87,0.478,4.97,4.18,2.03,3.67,2.17,0.82,0.73,0.76,0,0.19,neutral,neutral,0,-0.818,32,1954,1,
s8409,PENDLEUSDT,1781664300000,train,1,6.38,0.458,6.97,6.1,1.14,6.19,2.6,1.82,1.4,1.31,1,0.19,neutral,neutral,0,0.177,32,1954,1,
s8410,ARUSDT,1781664300000,testB,1,3.08,0.434,4.22,3.99,1.74,2.89,2.42,0.83,0.77,0.8,0,0.19,neutral,neutral,0,-0.488,32,1953,1,
s8411,LDOUSDT,1781664300000,testB,1,4.71,0.535,5.87,5.18,3.07,4.51,2.66,2.02,1.65,1.54,1,0.19,neutral,neutral,0,-0.139,32,1953,1,
s8412,ARBUSDT,1781665200000,train,1,3.14,0.355,5.01,3.43,1.36,3.06,1.25,0.92,0.75,0.78,0,0.08,neutral,neutral,0,-1.0,32,1955,0,
s8413,LDOUSDT,1781665200000,testB,1,4.03,0.424,5.92,4.36,1.35,3.95,1.63,2.27,1.64,1.59,1,0.08,neutral,neutral,0,-0.341,32,1954,0,
s8414,LDOUSDT,1781666100000,testB,1,3.57,0.357,5.84,3.79,1.1,3.51,1.06,2.27,1.64,1.59,1,0.06,neutral,neutral,0,-0.211,32,1955,0,
s8415,LDOUSDT,1781667000000,testB,1,3.61,0.362,5.85,3.72,0.86,3.49,0.88,2.27,1.64,1.59,1,0.12,neutral,neutral,0,-0.252,32,1956,0,
s8416,ASTERUSDT,1781667900000,train,1,2.06,0.453,2.68,2.18,2.8,1.79,1.16,1.22,1.09,2.22,0,0.26,neutral,neutral,0,-1.0,19,1958,1,
s8417,ARBUSDT,1781667900000,train,1,3.67,0.369,4.82,3.58,0.74,3.4,1.27,0.92,0.75,0.78,0,0.26,neutral,alcista,0,-1.0,29,1958,2,
s8418,LDOUSDT,1781667900000,testB,1,4.47,0.413,5.63,4.35,0.72,4.21,1.59,2.27,1.64,1.59,1,0.26,neutral,neutral,0,-0.476,32,1957,1,
s8419,XPLUSDT,1781668800000,train,1,4.84,0.367,5.8,5.22,0.76,4.69,2.05,0.66,0.57,0.97,0,0.14,neutral,alcista,0,0.016,32,1959,2,
s8420,LDOUSDT,1781668800000,testB,1,3.99,0.376,5.43,4.01,0.66,3.85,1.31,2.61,1.79,1.7,1,0.14,neutral,neutral,0,-0.276,32,1958,0,
s8421,XPLUSDT,1781669700000,train,1,4.97,0.38,5.71,4.98,0.71,4.71,1.94,0.66,0.57,0.97,0,0.26,neutral,neutral,0,1.347,32,1960,0,
s8422,LDOUSDT,1781669700000,testB,1,3.84,0.368,5.25,3.87,0.64,3.58,1.23,2.61,1.79,1.7,1,0.26,neutral,neutral,0,-0.482,32,1959,1,
s8423,LDOUSDT,1781670600000,testB,1,3.89,0.372,4.91,4.19,0.67,3.75,1.71,2.61,1.79,1.7,1,0.14,neutral,alcista,0,-0.377,32,1960,2,
s8424,TIAUSDT,1781671500000,train,1,4.79,0.356,5.76,5.31,1.08,4.53,2.43,2.16,1.96,1.96,1,0.26,neutral,neutral,0,-1.0,14,1962,1,
s8425,ARUSDT,1781671500000,testB,1,3.38,0.408,4.65,4.03,1.13,3.12,1.49,0.99,0.77,0.83,0,0.26,neutral,alcista,0,-1.0,30,1961,5,
s8426,LDOUSDT,1781671500000,testB,1,4.71,0.423,5.32,4.87,0.8,4.45,2.16,2.61,1.79,1.7,1,0.26,neutral,alcista,0,-0.392,32,1961,3,
s8427,XPLUSDT,1781673300000,train,1,5.22,0.444,5.89,5.64,0.62,4.83,1.97,0.65,0.55,0.95,0,0.4,neutral,alcista,1,2.0,29,1964,3,
s8428,LDOUSDT,1781673300000,testB,1,4.88,0.438,5.77,5.23,1.81,4.48,2.06,3.76,2.36,2.0,1,0.4,neutral,neutral,0,-0.429,32,1963,1,
s8429,LDOUSDT,1781674200000,testB,1,3.82,0.353,4.64,3.72,2.06,3.59,1.53,3.76,2.36,2.0,1,0.23,neutral,neutral,0,-1.0,22,1964,0,
s8430,STXUSDT,1781675100000,testB,-1,-2.41,0.585,2.83,2.52,0.65,-2.25,0.83,1.09,0.76,0.97,0,-0.16,neutral,neutral,0,0.714,32,1965,1,
s8431,ENAUSDT,1781676900000,train,-1,-3.14,0.401,3.92,3.28,1.72,-2.46,1.06,0.85,0.81,0.87,0,-0.68,neutral,neutral,0,-1.0,23,1968,1,
s8432,ARBUSDT,1781676900000,train,-1,-2.25,0.39,2.45,2.37,0.58,-1.57,0.53,1.01,0.76,0.81,0,-0.68,neutral,neutral,0,0.692,32,1968,1,
s8433,OPUSDT,1781676900000,train,-1,-2.5,0.56,3.11,2.75,1.34,-1.82,0.58,0.66,0.54,0.65,0,-0.68,neutral,neutral,0,0.8,32,1968,1,
s8434,INJUSDT,1781676900000,train,-1,-2.53,0.511,2.74,2.7,0.86,-1.85,1.16,0.61,0.64,1.35,0,-0.68,neutral,bajista,0,0.947,32,1968,4,
s8435,SEIUSDT,1781676900000,train,-1,-2.25,0.438,2.42,2.35,0.7,-1.56,0.81,0.89,0.91,1.03,0,-0.68,neutral,bajista,0,-0.341,32,1968,4,
s8436,STXUSDT,1781676900000,testB,-1,-2.32,0.622,2.43,2.43,0.8,-1.64,0.93,0.77,0.73,0.95,0,-0.68,neutral,neutral,0,0.468,32,1967,1,
s8437,ENAUSDT,1781678700000,train,-1,-2.53,0.396,3.11,2.64,3.13,-2.1,1.13,0.85,0.81,0.87,0,-0.43,neutral,bajista,0,-1.0,11,1970,3,
s8438,PENDLEUSDT,1781679600000,train,1,3.11,0.491,4.03,3.54,1.17,3.3,1.02,2.83,2.17,1.69,1,-0.19,neutral,alcista,0,-1.0,31,1971,2,
s8439,PENDLEUSDT,1781680500000,train,1,2.55,0.393,3.62,2.78,0.82,2.89,0.79,2.83,2.17,1.69,1,-0.34,neutral,neutral,0,-1.0,20,1972,0,
s8440,PENDLEUSDT,1781681400000,train,1,3.6,0.479,4.37,3.99,1.13,4.0,1.75,2.83,2.17,1.69,1,-0.4,neutral,neutral,0,-1.0,19,1973,1,
s8441,JUPUSDT,1781682300000,train,-1,-2.7,0.574,3.9,3.44,0.98,-2.22,1.35,1.18,1.05,1.24,0,-0.48,neutral,neutral,0,-0.269,32,1974,1,
s8442,PENDLEUSDT,1781682300000,train,1,3.75,0.491,4.28,4.07,1.96,4.22,2.8,2.83,2.17,1.69,1,-0.48,neutral,alcista,0,-1.0,16,1974,2,
s8443,XPLUSDT,1781683200000,train,-1,-3.1,0.374,5.04,4.45,0.88,-2.33,1.74,0.59,0.57,0.84,0,-0.77,neutral,neutral,0,-1.0,16,1975,1,
s8444,INJUSDT,1781683200000,train,-1,-2.8,0.549,3.78,3.6,2.05,-2.04,1.71,0.86,0.77,1.23,0,-0.77,neutral,neutral,0,-0.162,32,1975,1,
s8445,JUPUSDT,1781683200000,train,-1,-3.79,0.655,4.46,4.31,1.27,-3.03,2.11,1.34,1.13,1.2,0,-0.77,neutral,bajista,0,-0.458,32,1975,2,
s8446,ONDOUSDT,1781683200000,train,-1,-3.23,0.651,3.44,3.34,1.2,-2.46,1.42,1.18,1.01,1.24,0,-0.77,neutral,bajista,0,-1.0,31,1974,2,
s8447,AXSUSDT,1781683200000,testB,-1,-2.06,0.538,2.51,2.51,1.0,-1.3,1.21,0.89,1.0,1.14,0,-0.77,neutral,bajista,0,-0.76,32,1974,2,
s8448,XPLUSDT,1781684100000,train,-1,-3.24,0.384,5.08,4.75,0.83,-2.37,1.76,0.59,0.57,0.84,0,-0.87,neutral,bajista,0,-1.0,15,1976,2,
s8449,OPUSDT,1781684100000,train,-1,-2.09,0.511,2.96,2.5,1.26,-1.22,0.8,0.69,0.58,0.67,0,-0.87,neutral,neutral,0,-0.741,32,1976,0,
s8450,INJUSDT,1781684100000,train,-1,-3.15,0.664,3.89,3.56,1.43,-2.28,1.48,0.86,0.77,1.23,0,-0.87,neutral,neutral,0,-0.344,32,1976,0,
s8451,TIAUSDT,1781684100000,train,-1,-4.14,0.374,8.32,7.77,1.11,-3.27,2.23,2.5,2.44,2.18,1,-0.87,neutral,bajista,0,-0.466,32,1976,3,
s8452,JUPUSDT,1781684100000,train,-1,-3.65,0.635,4.46,4.25,1.18,-2.78,1.85,1.34,1.13,1.2,0,-0.87,neutral,neutral,0,-0.598,32,1976,0,
s8453,ONDOUSDT,1781684100000,train,-1,-2.46,0.578,3.69,3.23,1.14,-1.59,1.32,1.18,1.01,1.24,0,-0.87,neutral,neutral,0,-1.0,30,1975,0,
s8454,AXSUSDT,1781684100000,testB,-1,-2.06,0.538,2.81,2.41,0.98,-1.19,0.98,0.89,1.0,1.14,0,-0.87,neutral,neutral,0,-1.0,32,1975,0,
s8455,XPLUSDT,1781685000000,train,-1,-3.25,0.384,5.54,5.37,0.95,-1.72,2.16,0.59,0.57,0.84,0,-1.53,neutral,bajista,0,-1.0,14,1977,3,
s8456,PUMPUSDT,1781685000000,train,-1,-2.5,0.487,3.31,3.11,2.15,-0.97,1.75,0.71,0.71,0.83,0,-1.53,neutral,bajista,0,-1.0,29,1977,3,
s8457,0GUSDT,1781685000000,train,-1,-2.14,0.512,3.1,2.62,1.9,-0.61,1.1,0.74,0.63,0.97,0,-1.53,neutral,bajista,0,-1.0,31,1977,4,
s8458,ARBUSDT,1781685000000,train,-1,-2.45,0.533,3.2,2.99,1.39,-0.92,1.42,0.8,0.8,0.83,0,-1.53,neutral,bajista,0,-0.641,32,1977,4,
s8459,OPUSDT,1781685000000,train,-1,-2.45,0.551,3.17,2.98,1.6,-0.92,1.25,0.69,0.58,0.67,0,-1.53,neutral,neutral,0,-0.75,32,1977,1,
s8460,INJUSDT,1781685000000,train,-1,-2.43,0.498,3.87,3.11,1.48,-0.9,0.96,0.86,0.77,1.23,0,-1.53,neutral,neutral,0,-0.047,32,1977,0,
s8461,SUIUSDT,1781685000000,train,-1,-2.34,0.663,2.98,2.91,1.67,-0.81,1.44,0.87,0.79,0.94,0,-1.53,neutral,bajista,0,-0.609,32,1977,4,
s8462,SEIUSDT,1781685000000,train,-1,-2.26,0.514,3.0,2.83,1.79,-0.74,1.51,0.78,0.84,0.96,0,-1.53,neutral,bajista,0,-1.0,23,1977,3,
s8463,JUPUSDT,1781685000000,train,-1,-4.25,0.669,5.17,5.02,1.89,-2.72,2.53,1.34,1.13,1.2,0,-1.53,neutral,neutral,0,-0.583,32,1977,1,
s8464,ONDOUSDT,1781685000000,train,-1,-3.2,0.654,4.01,3.96,1.41,-1.67,1.89,1.18,1.01,1.24,0,-1.53,neutral,neutral,0,-1.0,29,1976,1,
s8465,ARUSDT,1781685000000,testB,-1,-2.52,0.477,3.46,3.26,1.0,-0.99,1.19,1.01,0.91,0.88,1,-1.53,neutral,neutral,0,-0.299,32,1976,1,
s8466,STXUSDT,1781685000000,testB,-1,-2.71,0.639,3.73,3.26,2.66,-1.18,1.61,0.71,0.85,0.99,0,-1.53,neutral,bajista,0,-0.677,32,1976,4,
s8467,AXSUSDT,1781685000000,testB,-1,-2.36,0.571,3.12,2.92,1.17,-0.83,1.37,0.89,1.0,1.14,0,-1.53,neutral,neutral,0,-1.0,31,1976,1,
s8468,XPLUSDT,1781685900000,train,-1,-3.05,0.354,5.73,4.56,0.8,-1.58,1.45,0.59,0.57,0.84,0,-1.46,neutral,neutral,0,-1.0,13,1978,0,
s8469,PUMPUSDT,1781685900000,train,-1,-2.31,0.467,3.17,2.97,2.07,-0.85,1.59,0.71,0.71,0.83,0,-1.46,neutral,neutral,0,-1.0,28,1978,0,
s8470,STBLUSDT,1781685900000,train,1,2.85,0.362,6.28,4.71,5,4.31,2.88,1.31,0.82,0.88,0,-1.46,neutral,alcista,0,0.295,32,1978,2,
s8471,ARBUSDT,1781685900000,train,-1,-2.1,0.495,3.19,2.73,1.41,-0.64,1.26,0.8,0.8,0.83,0,-1.46,neutral,bajista,0,-1.0,30,1978,5,
s8472,OPUSDT,1781685900000,train,-1,-2.1,0.511,3.17,2.7,1.33,-0.63,1.13,0.69,0.58,0.67,0,-1.46,neutral,neutral,0,-1.0,30,1978,0,
s8473,INJUSDT,1781685900000,train,-1,-3.94,0.617,4.71,4.49,1.52,-2.48,2.37,0.86,0.77,1.23,0,-1.46,neutral,neutral,0,-0.235,32,1978,1,
s8474,SUIUSDT,1781685900000,train,-1,-2.34,0.663,2.95,2.69,1.41,-0.88,1.36,0.87,0.79,0.94,0,-1.46,neutral,bajista,0,-1.0,30,1978,5,
s8475,TIAUSDT,1781685900000,train,-1,-5.12,0.481,8.76,7.63,1.37,-3.66,1.89,2.5,2.44,2.18,1,-1.46,neutral,neutral,0,-0.263,32,1978,0,
s8476,JUPUSDT,1781685900000,train,-1,-4.16,0.664,5.29,4.76,1.67,-2.7,2.44,1.34,1.13,1.2,0,-1.46,neutral,bajista,0,-0.451,32,1978,2,
s8477,ONDOUSDT,1781685900000,train,-1,-2.42,0.514,3.84,3.24,1.32,-0.96,1.55,1.18,1.01,1.24,0,-1.46,neutral,neutral,0,-1.0,28,1977,0,
s8478,ARUSDT,1781685900000,testB,-1,-2.23,0.402,3.35,2.62,1.02,-0.77,0.82,1.01,0.91,0.88,1,-1.46,neutral,neutral,0,0.056,32,1977,0,
s8479,STXUSDT,1781685900000,testB,-1,-2.56,0.61,3.52,3.0,3.1,-1.1,1.43,0.71,0.85,0.99,0,-1.46,neutral,neutral,0,-0.544,32,1977,0,
s8480,AXSUSDT,1781685900000,testB,-1,-2.17,0.524,2.72,2.42,1.05,-0.71,1.14,0.89,1.0,1.14,0,-1.46,neutral,neutral,0,-1.0,29,1977,0,
s8481,PUMPUSDT,1781686800000,train,-1,-2.25,0.459,3.04,2.91,2.02,-0.98,1.5,0.71,0.66,0.82,0,-1.27,neutral,neutral,0,-1.0,27,1979,1,
s8482,ARBUSDT,1781686800000,train,-1,-2.25,0.531,2.69,2.3,1.36,-0.98,1.23,0.74,0.83,0.81,0,-1.27,neutral,bajista,0,-1.0,28,1979,6,
s8483,INJUSDT,1781686800000,train,-1,-3.31,0.505,5.22,3.83,2.08,-2.04,1.84,1.07,0.88,1.23,0,-1.27,neutral,neutral,0,-0.139,32,1979,0,
s8484,SUIUSDT,1781686800000,train,-1,-2.09,0.589,2.76,2.35,1.2,-0.83,1.13,0.85,0.8,0.92,0,-1.27,neutral,neutral,0,-1.0,29,1979,0,
s8485,TIAUSDT,1781686800000,train,-1,-5.29,0.508,6.91,5.56,1.68,-4.02,1.65,2.56,2.52,2.22,1,-1.27,neutral,neutral,0,-0.212,32,1979,0,
s8486,JUPUSDT,1781686800000,train,-1,-3.37,0.528,5.05,4.06,1.48,-2.1,1.78,1.14,1.2,1.17,0,-1.27,neutral,neutral,0,-0.321,32,1979,0,
s8487,ONDOUSDT,1781686800000,train,-1,-2.42,0.514,3.84,3.21,1.06,-1.15,1.28,1.18,1.0,1.21,0,-1.27,neutral,neutral,0,-1.0,27,1978,0,
s8488,STXUSDT,1781686800000,testB,-1,-2.31,0.556,2.94,2.31,2.97,-1.04,1.21,0.73,0.87,0.99,0,-1.27,neutral,neutral,0,-1.0,28,1978,0,
s8489,PUMPUSDT,1781687700000,train,-1,-2.31,0.479,3.1,2.77,1.22,-1.09,1.23,0.71,0.66,0.82,0,-1.22,neutral,neutral,0,-1.0,26,1980,0,
s8490,INJUSDT,1781687700000,train,-1,-2.95,0.428,5.19,3.24,2.1,-1.73,1.12,1.07,0.88,1.23,0,-1.22,neutral,neutral,0,-0.13,32,1980,0,
s8491,SUIUSDT,1781687700000,train,-1,-2.06,0.576,2.76,2.33,1.1,-0.84,1.02,0.85,0.8,0.92,0,-1.22,neutral,neutral,0,-1.0,28,1980,0,
s8492,TIAUSDT,1781687700000,train,-1,-4.13,0.437,6.26,4.83,1.4,-2.91,1.41,2.56,2.52,2.22,1,-1.22,neutral,neutral,0,-0.378,32,1980,0,
s8493,SEIUSDT,1781687700000,train,-1,-2.18,0.568,2.97,2.31,1.2,-0.96,0.71,0.77,0.81,0.95,0,-1.22,neutral,neutral,0,-1.0,20,1980,0,
s8494,JUPUSDT,1781687700000,train,-1,-2.91,0.426,5.01,3.1,1.56,-1.68,0.76,1.14,1.2,1.17,0,-1.22,neutral,neutral,0,-0.233,32,1980,0,
s8495,ONDOUSDT,1781687700000,train,-1,-2.54,0.558,3.83,2.93,1.01,-1.32,0.92,1.18,1.0,1.21,0,-1.22,neutral,neutral,0,-1.0,26,1979,0,
s8496,STXUSDT,1781687700000,testB,-1,-2.0,0.47,2.93,2.1,2.32,-0.78,0.93,0.73,0.87,0.99,0,-1.22,neutral,neutral,0,-1.0,27,1979,0,
s8497,PUMPUSDT,1781688600000,train,-1,-2.5,0.543,3.1,2.77,0.7,-1.04,1.08,0.71,0.66,0.82,0,-1.46,neutral,neutral,0,-1.0,25,1981,1,
s8498,STBLUSDT,1781688600000,train,1,3.56,0.388,6.51,5.47,5,5.02,2.93,1.79,1.08,0.92,1,-1.46,neutral,alcista,0,0.066,32,1981,2,
s8499,WLDUSDT,1781688600000,train,-1,-5.72,0.369,9.42,7.9,1.4,-4.26,2.95,1.36,1.38,1.3,0,-1.46,neutral,neutral,0,-0.318,32,1981,0,
s8500,ARBUSDT,1781688600000,train,-1,-2.02,0.484,2.59,2.24,0.85,-0.56,1.02,0.74,0.83,0.81,0,-1.46,neutral,neutral,0,-1.0,26,1981,1,
s8501,INJUSDT,1781688600000,train,-1,-3.32,0.457,5.04,3.55,2.0,-1.86,1.44,1.07,0.88,1.23,0,-1.46,neutral,neutral,0,-0.176,32,1981,1,
s8502,SUIUSDT,1781688600000,train,-1,-2.09,0.593,2.76,2.31,0.7,-0.63,0.9,0.85,0.8,0.92,0,-1.46,neutral,neutral,0,-1.0,27,1981,0,
s8503,SEIUSDT,1781688600000,train,-1,-2.02,0.519,2.93,2.16,0.75,-0.56,0.5,0.77,0.81,0.95,0,-1.46,neutral,neutral,0,-1.0,18,1981,0,
s8504,JUPUSDT,1781688600000,train,-1,-2.51,0.368,4.79,2.68,1.08,-1.05,0.47,1.14,1.2,1.17,0,-1.46,neutral,neutral,0,-0.019,32,1981,0,
s8505,ONDOUSDT,1781688600000,train,-1,-2.22,0.462,3.73,2.54,0.82,-0.76,0.5,1.18,1.0,1.21,0,-1.46,neutral,neutral,0,-1.0,25,1980,0,
s8506,STXUSDT,1781688600000,testB,-1,-2.05,0.476,2.88,2.15,1.23,-0.59,0.92,0.73,0.87,0.99,0,-1.46,neutral,neutral,0,-1.0,26,1980,1,
s8507,PUMPUSDT,1781689500000,train,-1,-2.24,0.486,3.1,2.63,0.44,-0.85,0.84,0.71,0.66,0.82,0,-1.39,neutral,neutral,0,-1.0,24,1982,0,
s8508,WLDUSDT,1781689500000,train,-1,-6.17,0.414,9.4,7.67,1.11,-4.78,2.55,1.36,1.38,1.3,0,-1.39,neutral,neutral,0,-0.411,32,1982,0,
s8509,INJUSDT,1781689500000,train,-1,-3.78,0.488,4.86,4.23,1.57,-2.39,2.04,1.07,0.88,1.23,0,-1.39,neutral,bajista,0,-1.0,32,1982,2,
s8510,STXUSDT,1781689500000,testB,-1,-2.01,0.47,2.73,2.15,0.67,-0.62,0.95,0.73,0.87,0.99,0,-1.39,neutral,bajista,0,-1.0,24,1981,2,
s8511,XPLUSDT,1781690400000,train,-1,-2.8,0.355,5.37,3.54,0.51,-1.34,0.64,0.54,0.6,0.79,0,-1.46,neutral,bajista,0,-1.0,6,1983,3,
s8512,PUMPUSDT,1781690400000,train,-1,-2.76,0.553,3.18,3.11,0.52,-1.3,1.21,0.71,0.67,0.82,0,-1.46,neutral,neutral,0,-1.0,23,1983,1,
s8513,STBLUSDT,1781690400000,train,1,3.82,0.381,6.5,5.67,1.46,5.29,2.64,2.25,1.33,1.0,1,-1.46,neutral,neutral,0,-0.185,32,1983,1,
s8514,WLDUSDT,1781690400000,train,-1,-6.03,0.408,8.13,6.57,0.64,-4.57,2.53,1.3,1.41,1.28,0,-1.46,neutral,neutral,0,-0.26,32,1983,1,
s8515,INJUSDT,1781690400000,train,-1,-3.43,0.427,4.67,3.71,1.03,-1.96,1.58,1.15,0.88,1.17,0,-1.46,neutral,neutral,0,-1.0,31,1983,0,
s8516,TIAUSDT,1781690400000,train,-1,-3.07,0.356,6.23,4.41,0.45,-1.6,0.81,2.39,2.33,2.23,1,-1.46,neutral,neutral,0,0.164,32,1983,1,
s8517,STXUSDT,1781690400000,testB,-1,-2.06,0.488,2.73,2.15,0.64,-0.59,0.85,0.72,0.89,0.96,0,-1.46,neutral,neutral,0,-1.0,23,1982,0,
s8518,ENAUSDT,1781692200000,train,1,2.75,0.35,4.52,4.03,0.65,3.84,1.28,1.34,0.95,0.94,1,-1.1,neutral,alcista,1,2.0,24,1985,3,
s8519,INJUSDT,1781692200000,train,-1,-2.67,0.373,4.22,3.02,0.74,-1.58,1.04,1.15,0.88,1.17,0,-1.1,neutral,neutral,0,-1.0,29,1985,1,
s8520,INJUSDT,1781693100000,train,-1,-2.61,0.367,4.23,3.16,0.63,-1.36,1.05,1.15,0.88,1.17,0,-1.25,neutral,bajista,0,-1.0,28,1986,2,
s8521,TIAUSDT,1781693100000,train,-1,-3.42,0.434,4.82,3.66,0.5,-2.17,1.14,2.39,2.33,2.23,1,-1.25,neutral,bajista,0,-1.0,22,1986,2,
s8522,PUMPUSDT,1781694000000,train,-1,-2.91,0.629,4.29,3.2,1.07,-1.25,1.28,0.78,0.72,0.83,0,-1.66,neutral,bajista,0,-1.0,19,1987,3,
s8523,0GUSDT,1781694000000,train,-1,-2.25,0.453,3.29,2.37,2.74,-0.59,1.18,1.02,0.81,1.0,0,-1.66,neutral,bajista,0,-1.0,19,1987,3,
s8524,WLDUSDT,1781694000000,train,-1,-5.41,0.429,7.57,5.97,0.57,-3.75,1.74,1.27,1.43,1.27,0,-1.66,neutral,bajista,0,-0.34,32,1987,2,
s8525,ARBUSDT,1781694000000,train,-1,-2.52,0.673,3.42,2.8,0.78,-0.86,0.98,0.72,0.89,0.8,0,-1.66,neutral,bajista,0,-1.0,20,1987,3,
s8526,INJUSDT,1781694000000,train,-1,-2.62,0.371,4.11,2.84,0.82,-0.96,0.65,1.37,0.98,1.17,0,-1.66,neutral,neutral,0,-1.0,27,1987,0,
s8527,SUIUSDT,1781694000000,train,-1,-2.24,0.682,2.86,2.45,0.81,-0.58,0.93,0.83,0.82,0.93,0,-1.66,neutral,bajista,0,-1.0,20,1987,2,
s8528,ARUSDT,1781694000000,testB,-1,-2.3,0.429,3.08,2.59,1.35,-0.64,1.14,0.87,0.98,0.88,0,-1.66,neutral,neutral,0,0.377,32,1986,1,
s8529,STXUSDT,1781694000000,testB,-1,-2.47,0.615,3.59,2.64,0.9,-0.81,0.95,0.85,0.98,0.92,0,-1.66,neutral,bajista,0,-1.0,19,1986,3,
s8530,LDOUSDT,1781694000000,testB,-1,-4.72,0.378,6.18,5.41,0.96,-3.06,2.5,5.34,4.71,3.2,1,-1.66,neutral,bajista,0,-0.149,32,1986,3,
s8531,XPLUSDT,1781694900000,train,1,2.85,0.39,4.97,4.51,1.75,4.16,1.98,0.65,0.66,0.8,0,-1.3,neutral,alcista,1,2.0,5,1988,3,
s8532,PUMPUSDT,1781694900000,train,-1,-2.46,0.587,3.89,2.93,1.16,-1.16,1.26,0.78,0.72,0.83,0,-1.3,neutral,bajista,0,-1.0,17,1988,4,
s8533,ENAUSDT,1781694900000,train,1,2.81,0.411,4.52,3.97,0.8,4.11,1.06,1.4,1.01,0.95,1,-1.3,neutral,neutral,1,2.0,21,1988,1,
s8534,XPLUSDT,1781695800000,train,1,2.94,0.397,5.51,4.62,2.4,4.06,1.95,0.65,0.66,0.8,0,-1.12,neutral,alcista,1,2.0,4,1989,4,
s8535,PUMPUSDT,1781695800000,train,-1,-2.65,0.667,3.82,2.86,1.23,-1.53,1.08,0.78,0.72,0.83,0,-1.12,neutral,neutral,0,-1.0,16,1989,0,
s8536,ARUSDT,1781695800000,testB,-1,-2.06,0.426,2.69,2.2,1.39,-0.94,0.95,0.87,0.98,0.88,0,-1.12,neutral,neutral,0,-1.0,17,1988,0,
s8537,PUMPUSDT,1781696700000,train,-1,-2.99,0.692,3.83,3.21,1.12,-1.87,1.38,0.78,0.72,0.83,0,-1.11,neutral,neutral,0,-1.0,15,1990,1,
s8538,WLDUSDT,1781696700000,train,-1,-4.51,0.378,6.88,4.89,0.56,-3.39,1.14,1.27,1.43,1.27,0,-1.11,neutral,neutral,0,-1.0,22,1990,1,
s8539,ARBUSDT,1781696700000,train,-1,-2.3,0.697,2.78,2.46,1.0,-1.19,1.09,0.72,0.89,0.8,0,-1.11,neutral,neutral,0,-1.0,16,1990,1,
s8540,PENDLEUSDT,1781696700000,train,-1,-4.56,0.569,5.77,5.32,0.63,-3.45,2.09,3.46,3.16,2.11,1,-1.11,neutral,bajista,0,0.296,32,1990,6,
s8541,LDOUSDT,1781696700000,testB,-1,-4.35,0.417,5.5,4.93,1.22,-3.24,2.42,5.34,4.71,3.2,1,-1.11,neutral,bajista,0,0.414,32,1989,2,
s8542,ENAUSDT,1781697600000,train,1,5.17,0.592,6.14,5.72,0.87,5.91,2.59,1.48,1.16,1.01,1,-0.73,neutral,neutral,0,0.167,32,1991,1,
s8543,PENDLEUSDT,1781697600000,train,-1,-2.86,0.37,5.16,3.99,0.65,-2.13,1.21,3.45,3.17,2.17,1,-0.73,neutral,neutral,0,0.531,32,1991,0,
s8544,PUMPUSDT,1781698500000,train,-1,-2.21,0.478,2.74,2.19,0.65,-1.23,1.19,0.77,0.73,0.84,0,-0.97,neutral,neutral,0,-1.0,12,1992,1,
s8545,PENDLEUSDT,1781698500000,train,-1,-3.67,0.429,4.49,4.09,0.76,-2.69,2.08,3.45,3.17,2.17,1,-0.97,neutral,neutral,0,0.3,32,1992,1,
s8546,APEUSDT,1781700300000,testB,1,2.34,0.357,2.67,2.44,1.32,2.16,1.15,1.11,1.07,0.88,1,0.18,neutral,alcista,0,-1.0,8,1993,2,
s8547,WLDUSDT,1781701200000,train,1,2.84,0.376,3.73,3.32,0.99,2.68,0.62,1.24,1.24,1.23,0,0.16,neutral,neutral,0,-1.0,26,1995,1,
s8548,ONDOUSDT,1781701200000,train,1,2.29,0.372,3.38,3.27,2.2,2.13,1.52,1.24,1.16,1.11,1,0.16,neutral,alcista,0,-0.699,32,1994,3,
s8549,WLDUSDT,1781703000000,train,1,3.0,0.391,3.74,3.39,0.99,2.49,1.73,1.24,1.24,1.23,0,0.51,neutral,alcista,0,-1.0,6,1997,3,
s8550,PUMPUSDT,1781710200000,train,1,2.73,0.408,3.58,3.38,1.6,1.65,1.73,0.94,0.81,0.77,1,1.08,neutral,alcista,0,-1.0,21,2005,3,
s8551,LDOUSDT,1781710200000,testB,1,2.74,0.361,3.8,3.21,1.34,1.66,1.14,2.98,4.47,3.16,0,1.08,neutral,alcista,0,-1.0,10,2004,3,
s8552,PUMPUSDT,1781711100000,train,1,4.58,0.583,4.84,4.77,1.16,3.13,2.95,0.94,0.81,0.77,1,1.45,neutral,alcista,0,-1.0,20,2006,4,
s8553,STBLUSDT,1781711100000,train,1,5.18,0.467,5.52,5.38,0.83,3.73,2.58,2.26,2.04,1.2,1,1.45,neutral,alcista,0,-1.0,25,2006,2,
s8554,0GUSDT,1781711100000,train,1,2.47,0.371,2.94,2.94,1.11,1.02,1.51,0.84,0.81,0.86,0,1.45,neutral,alcista,0,-1.0,9,2006,4,
s8555,ENAUSDT,1781711100000,train,1,6.96,0.356,7.53,7.34,1.13,5.51,3.38,1.76,1.5,1.09,1,1.45,neutral,alcista,0,0.179,32,2006,4,
s8556,ARBUSDT,1781711100000,train,1,3.0,0.4,3.59,3.55,1.19,1.55,1.96,0.83,0.78,0.76,1,1.45,neutral,alcista,0,-1.0,14,2006,4,
s8557,SUIUSDT,1781711100000,train,1,2.44,0.376,3.06,3.01,1.63,1.0,1.68,0.98,0.91,0.83,1,1.45,neutral,alcista,0,-1.0,14,2006,4,
s8558,SEIUSDT,1781711100000,train,1,3.22,0.373,4.23,4.03,1.08,1.78,1.64,1.08,0.92,0.94,0,1.45,neutral,alcista,0,-0.438,32,2006,4,
s8559,ONDOUSDT,1781711100000,train,1,3.13,0.363,5.02,4.99,0.9,1.68,2.19,1.28,1.22,1.05,1,1.45,neutral,alcista,0,-1.0,23,2005,3,
s8560,FETUSDT,1781711100000,train,1,2.38,0.368,3.56,3.56,1.64,0.93,1.71,0.76,0.67,0.61,1,1.45,neutral,alcista,0,-1.0,14,2005,4,
s8561,STXUSDT,1781711100000,testB,1,2.69,0.408,3.29,3.19,1.05,1.25,1.6,0.96,0.84,0.82,1,1.45,neutral,alcista,0,-1.0,25,2005,4,
s8562,GRTUSDT,1781711100000,testB,1,2.18,0.41,2.48,2.43,0.67,0.73,1.07,1.08,0.94,0.92,1,1.45,neutral,alcista,0,-1.0,9,2005,4,
s8563,LDOUSDT,1781711100000,testB,1,3.84,0.476,3.97,3.94,1.01,2.39,1.94,2.98,4.47,3.16,0,1.45,neutral,alcista,0,-1.0,9,2005,4,
s8564,SANDUSDT,1781711100000,testB,1,2.72,0.412,3.13,3.08,1.15,1.27,1.68,0.97,0.91,0.8,1,1.45,neutral,alcista,0,-1.0,14,2005,4,
s8565,MANAUSDT,1781711100000,testB,1,2.62,0.474,3.12,2.98,1.1,1.17,1.73,1.08,0.97,0.91,1,1.45,neutral,alcista,0,-1.0,15,2005,4,
s8566,PUMPUSDT,1781712000000,train,1,3.81,0.509,5.05,4.59,1.29,2.28,2.5,1.15,0.91,0.81,1,1.53,neutral,neutral,0,-1.0,19,2007,0,
s8567,ARBUSDT,1781712000000,train,1,2.71,0.376,3.92,3.78,1.34,1.18,1.98,0.94,0.82,0.79,1,1.53,neutral,alcista,0,-1.0,13,2007,5,
s8568,SEIUSDT,1781712000000,train,1,3.98,0.425,5.73,5.15,1.96,2.45,2.52,1.39,1.04,1.0,1,1.53,neutral,alcista,0,-0.524,32,2007,5,
s8569,ONDOUSDT,1781712000000,train,1,3.16,0.367,5.42,4.77,1.16,1.64,1.78,1.46,1.28,1.07,1,1.53,neutral,neutral,0,-1.0,22,2006,0,
s8570,MANAUSDT,1781712000000,testB,1,2.47,0.459,3.97,3.12,1.69,0.94,1.67,1.39,1.14,0.93,1,1.53,neutral,neutral,0,-1.0,14,2006,0,
s8571,PUMPUSDT,1781712900000,train,1,5.95,0.707,6.4,5.94,1.31,3.53,3.58,1.15,0.91,0.81,1,2.43,bull,neutral,0,-1.0,18,2008,1,
s8572,0GUSDT,1781712900000,train,1,3.59,0.546,3.8,3.73,1.09,1.17,1.96,0.82,0.82,0.86,0,2.43,bull,alcista,0,-1.0,7,2008,6,
s8573,ARBUSDT,1781712900000,train,1,3.99,0.587,4.45,4.15,1.34,1.57,2.15,0.94,0.82,0.79,1,2.43,bull,alcista,0,-1.0,12,2008,6,
s8574,OPUSDT,1781712900000,train,1,3.09,0.541,4.73,4.45,1.45,0.67,1.95,0.76,0.71,0.6,1,2.43,bull,alcista,0,-1.0,14,2008,6,
s8575,INJUSDT,1781712900000,train,1,2.99,0.357,4.08,3.73,1.58,0.56,1.97,1.31,1.23,0.97,1,2.43,bull,neutral,0,-1.0,23,2008,1,
s8576,SUIUSDT,1781712900000,train,1,3.29,0.566,3.73,3.52,1.99,0.87,1.85,1.13,0.95,0.86,1,2.43,bull,alcista,0,-1.0,12,2008,6,
s8577,SEIUSDT,1781712900000,train,1,4.47,0.495,5.73,4.56,1.79,2.04,1.71,1.39,1.04,1.0,1,2.43,bull,neutral,0,-0.572,32,2008,0,
s8578,JUPUSDT,1781712900000,train,1,3.08,0.418,3.59,3.39,1.37,0.65,1.48,0.89,0.95,0.97,0,2.43,bull,neutral,0,-1.0,7,2008,1,
s8579,PENDLEUSDT,1781712900000,train,1,3.88,0.427,4.76,4.63,1.12,1.45,2.17,2.05,2.81,2.26,0,2.43,bull,alcista,0,-1.0,12,2008,6,
s8580,ONDOUSDT,1781712900000,train,1,4.9,0.624,5.4,5.14,1.28,2.47,1.96,1.46,1.28,1.07,1,2.43,bull,neutral,0,-1.0,21,2007,1,
s8581,FETUSDT,1781712900000,train,1,3.67,0.517,4.25,3.97,1.92,1.25,1.79,0.91,0.75,0.62,1,2.43,bull,neutral,0,-1.0,12,2007,1,
s8582,ARUSDT,1781712900000,testB,1,3.01,0.374,3.55,3.26,0.86,0.59,1.03,0.94,0.92,0.83,1,2.43,bull,neutral,0,-1.0,7,2007,1,
s8583,STXUSDT,1781712900000,testB,1,3.17,0.556,3.74,3.59,1.06,0.75,1.64,0.97,0.84,0.81,1,2.43,bull,neutral,0,-1.0,23,2007,1,
s8584,GRTUSDT,1781712900000,testB,1,2.89,0.6,3.21,3.11,1.68,0.47,1.48,1.23,1.04,0.95,1,2.43,bull,neutral,0,-1.0,7,2007,1,
s8585,LDOUSDT,1781712900000,testB,1,3.98,0.498,4.37,4.17,0.92,1.55,1.86,2.78,4.42,3.21,0,2.43,bull,neutral,0,-1.0,7,2007,1,
s8586,SANDUSDT,1781712900000,testB,1,3.4,0.536,3.73,3.52,1.54,0.97,1.79,1.07,0.96,0.81,1,2.43,bull,neutral,0,-1.0,12,2007,1,
s8587,MANAUSDT,1781712900000,testB,1,3.65,0.676,3.94,3.66,1.82,1.22,2.01,1.39,1.14,0.93,1,2.43,bull,neutral,0,-1.0,13,2007,1,
s8588,AXSUSDT,1781712900000,testB,1,3.23,0.552,3.33,3.23,1.49,0.81,1.81,0.84,0.91,0.97,0,2.43,bull,alcista,0,-1.0,7,2007,6,
s8589,APEUSDT,1781712900000,testB,1,3.33,0.434,4.57,4.42,1.25,0.9,2.21,1.44,1.19,0.92,1,2.43,bull,alcista,0,-0.203,32,2007,6,
s8590,PUMPUSDT,1781713800000,train,1,4.01,0.45,5.88,4.25,1.5,2.4,2.19,1.15,0.91,0.81,1,1.61,neutral,neutral,0,-1.0,12,2009,0,
s8591,0GUSDT,1781713800000,train,1,2.36,0.376,3.09,2.56,1.16,0.75,1.35,0.82,0.82,0.86,0,1.61,neutral,neutral,0,-1.0,6,2009,0,
s8592,ENAUSDT,1781713800000,train,1,7.63,0.514,7.45,7.12,1.05,6.02,3.9,2.0,1.66,1.17,1,1.61,neutral,alcista,0,0.038,32,2009,2,
s8593,ARBUSDT,1781713800000,train,1,2.68,0.39,4.34,3.37,1.52,1.07,1.37,0.94,0.82,0.79,1,1.61,neutral,neutral,0,-1.0,6,2009,0,
s8594,OPUSDT,1781713800000,train,1,2.33,0.439,4.74,4.28,1.58,0.72,1.65,0.76,0.71,0.6,1,1.61,neutral,neutral,0,-1.0,13,2009,0,
s8595,SEIUSDT,1781713800000,train,1,3.11,0.356,4.71,3.0,1.85,1.5,1.09,1.39,1.04,1.0,1,1.61,neutral,neutral,0,-1.0,12,2009,0,
s8596,ONDOUSDT,1781713800000,train,1,2.73,0.365,3.95,2.79,1.5,1.12,0.9,1.46,1.28,1.07,1,1.61,neutral,neutral,0,-1.0,6,2008,0,
s8597,STXUSDT,1781713800000,testB,1,2.05,0.379,3.09,2.52,0.94,0.44,1.17,0.97,0.84,0.81,1,1.61,neutral,neutral,0,-1.0,12,2008,0,
s8598,MANAUSDT,1781713800000,testB,1,2.76,0.543,3.53,2.97,2.23,1.15,1.56,1.39,1.14,0.93,1,1.61,neutral,neutral,0,-1.0,11,2008,0,
s8599,AXSUSDT,1781713800000,testB,1,2.21,0.393,3.24,2.75,1.64,0.6,1.3,0.84,0.91,0.97,0,1.61,neutral,neutral,0,-1.0,6,2008,0,
s8600,PUMPUSDT,1781714700000,train,1,3.52,0.413,5.89,4.19,1.64,2.25,1.85,1.15,0.91,0.81,1,1.27,neutral,neutral,0,-1.0,11,2010,0,
s8601,PUMPUSDT,1781716500000,train,1,3.52,0.4,5.89,4.12,1.31,1.91,1.48,1.17,0.96,0.82,1,1.61,neutral,neutral,0,-1.0,9,2012,1,
s8602,OPUSDT,1781716500000,train,1,2.24,0.375,4.74,4.19,0.68,0.63,1.22,0.78,0.72,0.61,1,1.61,neutral,neutral,0,-1.0,10,2012,1,
s8603,STXUSDT,1781716500000,testB,1,2.21,0.404,3.09,2.52,0.61,0.6,0.86,0.92,0.87,0.82,1,1.61,neutral,alcista,0,-1.0,9,2011,2,
s8604,MANAUSDT,1781716500000,testB,1,2.17,0.429,3.55,2.55,1.1,0.56,0.84,1.41,1.17,0.91,1,1.61,neutral,alcista,0,-1.0,8,2011,2,
s8605,PUMPUSDT,1781718300000,train,1,4.0,0.437,5.86,4.56,0.76,2.71,1.55,1.17,0.96,0.82,1,1.29,neutral,neutral,0,-1.0,7,2014,1,
s8606,ENAUSDT,1781718300000,train,1,5.61,0.398,6.29,6.13,0.63,4.33,2.62,2.04,1.71,1.2,1,1.29,neutral,alcista,0,-1.0,17,2014,4,
s8607,OPUSDT,1781718300000,train,1,3.37,0.514,4.98,4.89,0.6,2.08,1.64,0.78,0.72,0.61,1,1.29,neutral,neutral,0,-1.0,8,2014,1,
s8608,INJUSDT,1781718300000,train,1,4.38,0.426,5.07,5.07,0.89,3.09,2.67,1.2,1.29,0.95,0,1.29,neutral,neutral,0,-1.0,17,2014,1,
s8609,SUIUSDT,1781718300000,train,1,2.33,0.355,3.71,3.35,0.72,1.04,1.19,1.15,0.98,0.86,1,1.29,neutral,neutral,0,-1.0,6,2014,1,
s8610,ARUSDT,1781723700000,testB,-1,-4.68,0.38,6.28,5.87,1.84,-3.35,3.05,1.28,1.1,0.99,1,-1.33,neutral,neutral,0,0.224,32,2019,1,
s8611,JUPUSDT,1781724600000,train,-1,-4.66,0.351,6.77,6.39,1.43,-2.64,3.3,1.72,1.3,1.17,1,-2.02,bear,bajista,0,-0.059,32,2021,4,
s8612,ARUSDT,1781724600000,testB,-1,-5.54,0.434,6.93,6.63,1.4,-3.52,3.3,1.28,1.1,0.99,1,-2.02,bear,bajista,0,0.069,32,2020,2,
s8613,LDOUSDT,1781724600000,testB,-1,-5.2,0.374,7.03,6.75,1.82,-3.18,3.35,3.24,3.56,3.73,0,-2.02,bear,bajista,0,-0.037,32,2020,2,
s8614,STBLUSDT,1781725500000,train,-1,-4.25,0.46,5.69,4.88,0.7,-2.06,1.28,1.35,2.31,1.32,0,-2.19,bear,neutral,0,0.346,32,2022,0,
s8615,JUPUSDT,1781725500000,train,-1,-5.03,0.394,6.75,6.05,1.53,-2.84,2.78,1.72,1.3,1.17,1,-2.19,bear,neutral,0,-0.035,32,2022,0,
s8616,PENDLEUSDT,1781725500000,train,-1,-4.04,0.353,5.97,5.47,1.51,-1.85,2.41,2.41,2.76,2.53,0,-2.19,bear,neutral,0,-0.217,32,2022,0,
s8617,ARUSDT,1781725500000,testB,-1,-5.94,0.484,6.87,6.47,1.54,-3.75,2.99,1.28,1.1,0.99,1,-2.19,bear,neutral,0,0.071,32,2021,0,
s8618,GRTUSDT,1781725500000,testB,-1,-3.78,0.376,5.42,4.75,1.67,-1.58,2.15,1.74,1.39,1.1,1,-2.19,bear,neutral,0,0.076,32,2021,0,
s8619,LDOUSDT,1781725500000,testB,-1,-5.67,0.427,7.02,6.48,1.78,-3.48,2.93,3.24,3.56,3.73,0,-2.19,bear,neutral,0,0.006,32,2021,0,
s8620,SANDUSDT,1781725500000,testB,-1,-3.67,0.372,4.81,4.5,1.75,-1.48,2.07,1.53,1.21,0.95,1,-2.19,bear,neutral,0,-0.085,32,2021,0,
s8621,0GUSDT,1781726400000,train,-1,-4.16,0.352,5.37,5.23,1.51,-1.68,2.5,1.34,1.08,0.85,1,-2.47,bear,neutral,0,0.875,32,2023,1,
s8622,TIAUSDT,1781726400000,train,-1,-4.46,0.402,6.31,5.64,2.13,-1.99,2.07,2.52,2.1,2.36,0,-2.47,bear,bajista,0,0.109,32,2023,4,
s8623,SEIUSDT,1781726400000,train,-1,-4.16,0.403,4.62,4.34,1.18,-1.69,1.72,1.84,1.39,1.11,1,-2.47,bear,bajista,0,0.326,32,2023,4,
s8624,JUPUSDT,1781726400000,train,-1,-5.14,0.399,6.76,6.28,1.53,-2.67,2.76,1.79,1.28,1.2,1,-2.47,bear,neutral,0,0.128,32,2023,1,
s8625,PENDLEUSDT,1781726400000,train,-1,-4.46,0.408,5.96,5.3,1.64,-1.99,2.1,2.29,2.27,2.57,0,-2.47,bear,neutral,0,0.068,32,2023,0,
s8626,ARUSDT,1781726400000,testB,-1,-5.54,0.466,6.78,6.53,1.54,-3.07,2.92,1.28,1.09,0.99,1,-2.47,bear,neutral,0,0.211,32,2022,1,
s8627,GRTUSDT,1781726400000,testB,-1,-3.82,0.383,5.42,4.75,1.64,-1.35,1.96,1.72,1.39,1.11,1,-2.47,bear,neutral,0,0.315,32,2022,0,
s8628,LDOUSDT,1781726400000,testB,-1,-5.94,0.437,8.02,7.44,2.35,-3.47,3.51,3.43,3.4,3.87,0,-2.47,bear,neutral,0,0.107,32,2022,1,
s8629,STBLUSDT,1781727300000,train,-1,-2.78,0.364,3.92,2.97,0.55,0.07,0.94,1.13,1.91,1.33,0,-2.85,bear,neutral,0,0.864,32,2024,1,
s8630,0GUSDT,1781727300000,train,-1,-4.71,0.424,5.36,4.98,1.12,-1.86,2.14,1.34,1.08,0.85,1,-2.85,bear,neutral,0,0.841,32,2024,0,
s8631,ARBUSDT,1781727300000,train,-1,-4.39,0.354,5.57,4.63,1.1,-1.54,1.74,1.42,1.09,0.94,1,-2.85,bear,neutral,0,0.071,32,2024,0,
s8632,SUIUSDT,1781727300000,train,-1,-4.24,0.378,5.08,4.5,1.19,-1.39,1.87,1.97,1.38,1.08,1,-2.85,bear,neutral,0,0.708,32,2024,0,
s8633,TIAUSDT,1781727300000,train,-1,-4.85,0.457,5.99,5.18,0.78,-2.0,1.83,2.52,2.1,2.36,0,-2.85,bear,neutral,0,0.172,32,2024,0,
s8634,JUPUSDT,1781727300000,train,-1,-5.31,0.422,6.57,5.66,1.17,-2.46,2.21,1.79,1.28,1.2,1,-2.85,bear,neutral,0,0.198,32,2024,0,
s8635,PENDLEUSDT,1781727300000,train,-1,-4.92,0.471,5.81,5.16,1.26,-2.07,2.02,2.29,2.27,2.57,0,-2.85,bear,neutral,0,0.054,32,2024,1,
s8636,FETUSDT,1781727300000,train,-1,-4.87,0.359,6.31,5.21,1.28,-2.02,2.21,1.57,1.12,0.8,1,-2.85,bear,neutral,0,0.305,32,2023,1,
s8637,ARUSDT,1781727300000,testB,-1,-5.99,0.527,6.68,6.43,1.15,-3.14,2.67,1.28,1.09,0.99,1,-2.85,bear,bajista,0,0.23,32,2023,2,
s8638,GRTUSDT,1781727300000,testB,-1,-4.44,0.479,5.32,4.65,1.43,-1.59,1.79,1.72,1.39,1.11,1,-2.85,bear,neutral,0,0.322,32,2023,1,
s8639,LDOUSDT,1781727300000,testB,-1,-6.54,0.509,7.79,6.99,1.7,-3.69,3.02,3.43,3.4,3.87,0,-2.85,bear,neutral,0,0.067,32,2023,0,
s8640,SANDUSDT,1781727300000,testB,-1,-3.89,0.423,4.63,4.09,1.38,-1.04,1.63,1.52,1.19,0.96,1,-2.85,bear,neutral,0,0.117,32,2023,0,
s8641,MANAUSDT,1781727300000,testB,-1,-3.1,0.355,4.07,3.2,1.24,-0.25,1.11,2.24,1.57,1.13,1,-2.85,bear,neutral,0,0.227,32,2023,0,
s8642,0GUSDT,1781728200000,train,-1,-4.44,0.408,5.02,4.82,0.78,-1.82,2.19,1.34,1.08,0.85,1,-2.62,bear,neutral,0,0.893,32,2025,1,
s8643,SUIUSDT,1781728200000,train,-1,-3.79,0.351,4.91,4.55,0.71,-1.18,1.99,1.97,1.38,1.08,1,-2.62,bear,neutral,0,0.733,32,2025,1,
s8644,TIAUSDT,1781728200000,train,-1,-4.91,0.459,5.81,5.35,0.65,-2.3,2.04,2.52,2.1,2.36,0,-2.62,bear,neutral,0,0.239,32,2025,1,
s8645,JUPUSDT,1781728200000,train,-1,-4.97,0.405,6.25,5.34,0.82,-2.36,2.1,1.79,1.28,1.2,1,-2.62,bear,neutral,0,0.38,32,2025,1,
s8646,PENDLEUSDT,1781728200000,train,-1,-4.8,0.464,5.63,5.28,0.67,-2.19,2.24,2.29,2.27,2.57,0,-2.62,bear,bajista,0,-0.03,32,2025,2,
s8647,ARUSDT,1781728200000,testB,-1,-5.35,0.489,6.01,5.65,0.77,-2.73,2.41,1.28,1.09,0.99,1,-2.62,bear,neutral,0,0.351,32,2024,0,
s8648,GRTUSDT,1781728200000,testB,-1,-4.26,0.467,5.07,4.55,0.84,-1.64,1.84,1.72,1.39,1.11,1,-2.62,bear,bajista,0,0.307,32,2024,2,
s8649,LDOUSDT,1781728200000,testB,-1,-6.02,0.486,7.02,6.62,1.18,-3.4,3.19,3.43,3.4,3.87,0,-2.62,bear,neutral,0,0.055,32,2024,1,
s8650,SANDUSDT,1781728200000,testB,-1,-3.32,0.382,4.05,3.49,0.96,-0.7,1.55,1.52,1.19,0.96,1,-2.62,bear,neutral,0,0.247,32,2024,0,
s8651,PENDLEUSDT,1781729100000,train,-1,-3.56,0.357,5.61,4.82,0.53,-1.4,1.72,2.29,2.27,2.57,0,-2.16,bear,neutral,0,0.158,32,2026,0,
s8652,PENDLEUSDT,1781730000000,train,-1,-3.75,0.377,5.61,4.92,0.31,-1.44,1.71,2.13,2.11,2.59,0,-2.31,bear,neutral,0,0.358,32,2027,1,
s8653,ASTERUSDT,1781730900000,train,-1,-4.12,0.353,6.07,5.21,0.42,-1.56,2.27,10.42,22.08,11.82,0,-2.57,bear,bajista,0,1.499,32,2028,2,
s8654,PENDLEUSDT,1781730900000,train,-1,-4.04,0.419,5.61,4.83,0.3,-1.47,1.42,2.13,2.11,2.59,0,-2.57,bear,neutral,0,0.341,32,2028,0,
s8655,LDOUSDT,1781730900000,testB,-1,-5.03,0.392,6.67,5.91,0.22,-2.46,2.1,3.19,3.2,3.9,0,-2.57,bear,bajista,0,0.141,32,2027,2,
s8656,PENDLEUSDT,1781731800000,train,-1,-4.05,0.42,5.62,5.11,0.28,-1.51,1.4,2.13,2.11,2.59,0,-2.54,bear,neutral,0,0.234,32,2029,1,
s8657,LDOUSDT,1781731800000,testB,-1,-4.94,0.388,6.68,6.14,0.23,-2.4,2.01,3.19,3.2,3.9,0,-2.54,bear,bajista,0,0.142,32,2028,3,
s8658,0GUSDT,1781732700000,train,-1,-4.83,0.441,5.6,5.08,0.37,-2.04,1.7,1.35,1.09,0.86,1,-2.79,bear,bajista,0,0.633,32,2030,4,
s8659,SUIUSDT,1781732700000,train,-1,-4.33,0.439,4.86,4.53,0.19,-1.54,1.24,1.79,1.38,1.07,1,-2.79,bear,bajista,0,0.786,32,2030,4,
s8660,PENDLEUSDT,1781732700000,train,-1,-4.56,0.492,5.25,4.83,0.25,-1.77,1.36,2.13,2.11,2.59,0,-2.79,bear,bajista,0,0.091,32,2030,2,
s8661,ONDOUSDT,1781732700000,train,-1,-4.69,0.359,6.25,5.5,0.49,-1.9,1.9,1.86,1.57,1.27,1,-2.79,bear,neutral,0,0.295,32,2029,0,
s8662,FETUSDT,1781732700000,train,-1,-5.4,0.456,6.31,5.76,0.38,-2.61,1.98,1.48,1.12,0.82,1,-2.79,bear,bajista,0,0.139,32,2029,4,
s8663,ARUSDT,1781732700000,testB,-1,-3.85,0.364,4.77,4.01,0.29,-1.06,1.13,1.24,1.09,1.0,1,-2.79,bear,neutral,0,0.519,32,2029,1,
s8664,GRTUSDT,1781732700000,testB,-1,-3.14,0.373,4.12,3.25,0.26,-0.35,0.86,1.67,1.38,1.11,1,-2.79,bear,bajista,0,0.444,32,2029,2,
s8665,LDOUSDT,1781732700000,testB,-1,-5.63,0.466,6.47,5.96,0.21,-2.84,1.82,3.19,3.2,3.9,0,-2.79,bear,bajista,0,0.079,32,2029,4,
s8666,SANDUSDT,1781732700000,testB,-1,-3.06,0.39,3.87,3.14,0.28,-0.27,0.81,1.42,1.19,0.97,1,-2.79,bear,bajista,0,0.11,32,2029,4,
s8667,0GUSDT,1781733600000,train,-1,-3.66,0.369,6.86,5.47,0.74,-1.83,2.28,1.45,1.14,0.91,1,-1.83,neutral,bajista,0,0.478,32,2031,5,
s8668,SUIUSDT,1781733600000,train,-1,-3.48,0.381,6.77,5.49,0.64,-1.65,2.09,1.83,1.48,1.12,1,-1.83,neutral,bajista,0,0.481,32,2031,5,
s8669,PENDLEUSDT,1781733600000,train,-1,-2.78,0.366,5.6,4.72,0.56,-0.95,1.78,2.07,2.1,2.65,0,-1.83,neutral,bajista,0,-0.034,32,2031,3,
s8670,FETUSDT,1781733600000,train,-1,-3.59,0.352,7.3,5.84,0.62,-1.77,2.41,1.41,1.16,0.86,1,-1.83,neutral,bajista,0,0.043,32,2030,5,
s8671,LDOUSDT,1781733600000,testB,-1,-3.87,0.369,6.83,5.96,0.29,-2.04,2.19,3.05,3.02,3.94,0,-1.83,neutral,bajista,0,-0.043,32,2030,5,
s8672,ASTERUSDT,1781735400000,train,-1,-3.33,0.358,6.09,4.88,0.75,-0.65,1.14,5.79,22.53,12.08,0,-2.68,bear,neutral,1,2.0,28,2033,1,
s8673,PUMPUSDT,1781735400000,train,-1,-5.12,0.53,7.58,5.46,0.58,-2.44,1.07,1.7,1.42,1.01,1,-2.68,bear,neutral,0,-0.063,32,2033,0,
s8674,STBLUSDT,1781735400000,train,-1,-2.8,0.494,4.33,3.11,1.33,-0.13,1.03,0.85,1.43,1.38,0,-2.68,bear,neutral,0,0.345,32,2033,0,
s8675,0GUSDT,1781735400000,train,-1,-4.27,0.487,6.81,4.74,1.08,-1.59,1.39,1.45,1.14,0.91,1,-2.68,bear,neutral,0,0.569,32,2033,0,
s8676,SUIUSDT,1781735400000,train,-1,-4.33,0.534,6.52,4.76,0.87,-1.65,1.47,1.83,1.48,1.12,1,-2.68,bear,neutral,0,0.587,32,2033,1,
s8677,TIAUSDT,1781735400000,train,-1,-3.0,0.361,5.08,3.86,0.28,-0.32,0.99,2.06,1.91,2.21,0,-2.68,bear,neutral,0,0.258,32,2033,1,
s8678,JUPUSDT,1781735400000,train,-1,-3.79,0.411,6.49,4.04,0.51,-1.11,0.55,1.66,1.28,1.25,1,-2.68,bear,neutral,0,0.276,32,2033,1,
s8679,PENDLEUSDT,1781735400000,train,-1,-3.08,0.432,5.54,3.46,0.82,-0.4,0.51,2.07,2.1,2.65,0,-2.68,bear,neutral,0,0.154,32,2033,0,
s8680,ONDOUSDT,1781735400000,train,-1,-4.77,0.444,6.82,5.06,0.66,-2.09,1.43,1.74,1.6,1.3,1,-2.68,bear,neutral,0,0.234,32,2032,1,
s8681,FETUSDT,1781735400000,train,-1,-4.73,0.508,7.27,5.37,0.77,-2.05,1.65,1.41,1.16,0.86,1,-2.68,bear,neutral,0,0.037,32,2032,1,
s8682,ARUSDT,1781735400000,testB,-1,-2.8,0.358,4.75,2.88,0.63,-0.12,0.48,1.25,1.1,1.01,1,-2.68,bear,neutral,0,0.632,32,2032,1,
s8683,STXUSDT,1781735400000,testB,-1,-2.42,0.382,4.27,2.79,1.24,0.26,0.55,1.22,1.09,0.99,1,-2.68,bear,neutral,0,1.019,32,2032,1,
s8684,LDOUSDT,1781735400000,testB,-1,-4.34,0.445,6.78,5.11,0.4,-1.66,1.21,3.05,3.02,3.94,0,-2.68,bear,neutral,0,0.071,32,2032,1,
s8685,SANDUSDT,1781735400000,testB,-1,-2.29,0.395,4.04,2.42,0.66,0.39,0.33,1.38,1.22,0.99,1,-2.68,bear,neutral,0,0.291,32,2032,1,
s8686,AXSUSDT,1781735400000,testB,-1,-2.67,0.37,4.77,2.74,0.87,0.01,0.59,2.05,1.45,1.28,1,-2.68,bear,neutral,0,0.556,32,2032,1,
s8687,PUMPUSDT,1781736300000,train,-1,-3.17,0.393,6.13,3.89,0.64,-1.31,0.49,1.7,1.42,1.01,1,-1.86,neutral,neutral,0,-0.053,32,2034,0,
s8688,STBLUSDT,1781736300000,train,-1,-2.42,0.456,3.81,2.74,1.74,-0.56,0.9,0.85,1.43,1.38,0,-1.86,neutral,neutral,0,0.162,32,2034,1,
s8689,0GUSDT,1781736300000,train,-1,-3.83,0.458,6.2,4.37,1.02,-1.98,1.19,1.45,1.14,0.91,1,-1.86,neutral,neutral,0,0.619,32,2034,1,
s8690,SUIUSDT,1781736300000,train,-1,-3.4,0.468,5.6,3.82,1.0,-1.55,1.05,1.83,1.48,1.12,1,-1.86,neutral,neutral,0,0.707,32,2034,0,
s8691,ONDOUSDT,1781736300000,train,-1,-3.84,0.389,6.62,5.1,0.62,-1.99,1.26,1.74,1.6,1.3,1,-1.86,neutral,bajista,0,0.13,32,2033,2,
s8692,FETUSDT,1781736300000,train,-1,-4.05,0.467,6.38,4.67,0.7,-2.19,1.34,1.41,1.16,0.86,1,-1.86,neutral,bajista,0,-0.043,32,2033,2,
s8693,STXUSDT,1781736300000,testB,-1,-2.22,0.361,3.9,2.58,1.3,-0.36,0.43,1.22,1.09,0.99,1,-1.86,neutral,bajista,0,0.98,32,2033,2,
s8694,LDOUSDT,1781736300000,testB,-1,-3.71,0.405,5.85,4.32,0.4,-1.85,0.9,3.05,3.02,3.94,0,-1.86,neutral,bajista,0,-0.059,32,2033,2,
s8695,ASTERUSDT,1781737200000,train,-1,-3.59,0.447,5.97,3.9,0.65,-2.0,0.16,3.73,22.59,12.23,0,-1.59,neutral,neutral,1,2.0,20,2035,0,
s8696,PUMPUSDT,1781737200000,train,-1,-3.55,0.466,6.13,3.74,0.33,-1.95,0.36,1.57,1.37,1.01,1,-1.59,neutral,neutral,0,-0.036,32,2035,0,
s8697,0GUSDT,1781737200000,train,-1,-3.75,0.447,6.14,3.86,0.41,-2.16,0.65,1.47,1.05,0.92,1,-1.59,neutral,neutral,0,0.777,32,2035,0,
s8698,SUIUSDT,1781737200000,train,-1,-3.3,0.448,5.5,3.45,0.29,-1.71,0.67,1.9,1.54,1.16,1,-1.59,neutral,neutral,0,0.883,32,2035,0,
s8699,TIAUSDT,1781737200000,train,-1,-2.89,0.389,4.05,3.07,0.32,-1.29,0.85,2.05,1.84,2.17,0,-1.59,neutral,bajista,0,0.15,32,2035,3,
s8700,ONDOUSDT,1781737200000,train,-1,-4.54,0.501,6.57,4.81,0.41,-2.95,0.9,1.68,1.58,1.31,1,-1.59,neutral,neutral,0,0.183,32,2034,0,
s8701,FETUSDT,1781737200000,train,-1,-4.19,0.492,6.13,4.42,0.44,-2.6,1.22,1.32,1.17,0.87,1,-1.59,neutral,neutral,0,-0.0,32,2034,0,
s8702,STXUSDT,1781737200000,testB,-1,-2.21,0.361,3.79,2.26,0.61,-0.62,0.21,1.12,1.02,0.99,1,-1.59,neutral,neutral,0,1.209,32,2034,0,
s8703,LDOUSDT,1781737200000,testB,-1,-3.45,0.368,5.67,3.57,0.26,-1.86,0.28,2.95,2.64,3.96,0,-1.59,neutral,neutral,0,-0.111,32,2034,0,
s8704,OPUSDT,1781738100000,train,1,2.44,0.382,4.21,3.75,0.77,2.39,1.28,1.42,1.1,0.85,1,0.05,neutral,alcista,0,-1.0,21,2036,5,
s8705,OPUSDT,1781739000000,train,1,2.84,0.469,4.23,3.31,0.92,2.42,0.88,1.42,1.1,0.85,1,0.42,neutral,neutral,0,-1.0,20,2037,0,
s8706,OPUSDT,1781739900000,train,1,2.45,0.433,4.14,3.22,1.12,2.14,0.74,1.42,1.1,0.85,1,0.31,neutral,neutral,0,-1.0,18,2038,1,
s8707,WLDUSDT,1781740800000,train,1,4.79,0.534,5.06,4.98,0.88,4.14,2.35,0.79,0.98,1.18,0,0.65,neutral,alcista,0,-1.0,16,2039,2,
s8708,ENAUSDT,1781740800000,train,1,5.79,0.396,8.63,7.03,2.4,5.14,3.3,1.61,1.93,1.52,0,0.65,neutral,alcista,0,-0.218,32,2039,2,
s8709,OPUSDT,1781740800000,train,1,2.83,0.484,4.13,3.49,1.49,2.18,1.3,1.08,1.08,0.87,0,0.65,neutral,alcista,0,-1.0,17,2039,2,
s8710,WLDUSDT,1781741700000,train,1,4.28,0.481,5.16,4.78,0.88,3.93,2.27,0.79,0.98,1.18,0,0.35,neutral,neutral,0,-1.0,15,2040,0,
s8711,ENAUSDT,1781741700000,train,1,5.68,0.393,8.61,7.23,2.02,5.33,3.35,1.61,1.93,1.52,0,0.35,neutral,alcista,0,-0.043,32,2040,3,
s8712,OPUSDT,1781741700000,train,1,2.45,0.419,4.14,3.31,0.9,2.1,1.12,1.08,1.08,0.87,0,0.35,neutral,neutral,0,-1.0,16,2040,0,
s8713,OPUSDT,1781742600000,train,1,2.93,0.508,4.13,3.49,1.08,2.38,1.13,1.08,1.08,0.87,0,0.55,neutral,neutral,0,-1.0,15,2041,1,
s8714,WLDUSDT,1781744400000,train,1,3.67,0.352,5.82,5.07,0.84,3.03,2.1,0.64,0.95,1.09,0,0.63,neutral,alcista,0,-1.0,12,2043,2,
s8715,ARBUSDT,1781744400000,train,1,2.05,0.395,3.94,3.84,1.21,1.41,1.64,0.73,1.08,0.96,0,0.63,neutral,neutral,0,-1.0,16,2043,1,
s8716,OPUSDT,1781744400000,train,1,2.15,0.434,4.12,3.57,0.87,1.52,1.02,0.67,1.08,0.85,0,0.63,neutral,neutral,0,-1.0,13,2043,1,
s8717,ARBUSDT,1781745300000,train,1,2.24,0.424,3.99,3.97,1.11,1.63,1.62,0.73,1.08,0.96,0,0.61,neutral,alcista,0,-1.0,15,2044,2,
s8718,OPUSDT,1781745300000,train,1,2.44,0.5,4.12,3.66,0.7,1.83,1.04,0.67,1.08,0.85,0,0.61,neutral,alcista,0,-1.0,12,2044,2,
s8719,LDOUSDT,1781745300000,testB,1,2.1,0.382,3.87,3.73,1.26,1.49,1.32,1.38,2.35,3.87,0,0.61,neutral,alcista,0,0.333,32,2043,2,
s8720,ARBUSDT,1781746200000,train,1,2.18,0.408,4.31,3.79,1.07,1.51,1.12,0.73,1.08,0.96,0,0.67,neutral,neutral,0,-1.0,14,2045,0,
s8721,LDOUSDT,1781746200000,testB,1,2.14,0.391,4.05,3.56,0.8,1.47,0.87,1.38,2.35,3.87,0,0.67,neutral,neutral,0,0.58,32,2044,0,
s8722,ENAUSDT,1781747100000,train,1,7.07,0.487,9.07,7.51,0.89,6.62,2.01,1.46,1.87,1.57,0,0.45,neutral,neutral,0,-0.213,32,2046,1,
s8723,ARBUSDT,1781747100000,train,1,2.35,0.437,4.31,3.87,1.06,1.89,1.16,0.73,1.08,0.96,0,0.45,neutral,neutral,0,-1.0,13,2046,1,
s8724,ENAUSDT,1781748000000,train,1,7.6,0.507,8.32,7.22,0.8,6.86,2.16,1.52,1.84,1.6,0,0.73,neutral,alcista,0,-0.425,32,2047,2,
s8725,ARBUSDT,1781748000000,train,1,2.64,0.516,3.35,2.74,0.89,1.91,0.9,0.64,1.04,0.91,0,0.73,neutral,neutral,0,-1.0,8,2047,0,
s8726,JUPUSDT,1781748000000,train,1,2.15,0.435,2.79,2.16,0.8,1.42,0.59,0.86,1.34,1.21,0,0.73,neutral,neutral,0,-1.0,8,2047,0,
s8727,LDOUSDT,1781748000000,testB,1,2.85,0.527,3.3,2.88,0.59,2.12,0.9,0.91,2.2,3.63,0,0.73,neutral,neutral,0,-1.0,8,2046,1,
s8728,ENAUSDT,1781748900000,train,1,6.71,0.48,6.61,6.33,0.77,6.19,2.98,1.52,1.84,1.6,0,0.52,neutral,alcista,0,-1.0,12,2048,3,
s8729,ARBUSDT,1781748900000,train,1,2.45,0.5,2.78,2.66,1.07,1.93,1.44,0.64,1.04,0.91,0,0.52,neutral,neutral,0,-1.0,7,2048,1,
s8730,LDOUSDT,1781748900000,testB,1,2.5,0.496,2.79,2.65,0.64,1.98,1.33,0.91,2.2,3.63,0,0.52,neutral,alcista,0,-1.0,7,2047,2,
s8731,PUMPUSDT,1781749800000,train,1,2.18,0.421,2.27,2.14,1.49,1.41,1.24,0.56,1.25,0.98,0,0.77,neutral,alcista,0,-1.0,6,2049,2,
s8732,ENAUSDT,1781749800000,train,1,5.94,0.435,6.12,5.61,0.76,5.17,2.73,1.52,1.84,1.6,0,0.77,neutral,neutral,0,-1.0,10,2049,0,
s8733,ARBUSDT,1781749800000,train,1,2.41,0.486,2.79,2.52,0.93,1.64,1.18,0.64,1.04,0.91,0,0.77,neutral,neutral,0,-1.0,6,2049,0,
s8734,LDOUSDT,1781749800000,testB,1,2.65,0.525,2.93,2.72,0.68,1.87,1.27,0.91,2.2,3.63,0,0.77,neutral,alcista,0,-1.0,6,2048,3,
s8735,PUMPUSDT,1781750700000,train,1,2.18,0.421,2.8,2.27,1.99,1.58,1.33,0.56,1.25,0.98,0,0.6,neutral,alcista,0,-1.0,5,2050,3,
s8736,ARBUSDT,1781750700000,train,1,2.1,0.397,2.8,2.12,0.84,1.49,0.75,0.64,1.04,0.91,0,0.6,neutral,neutral,0,-1.0,5,2050,0,
s8737,LDOUSDT,1781750700000,testB,1,2.47,0.472,2.94,2.41,0.63,1.87,0.93,0.91,2.2,3.63,0,0.6,neutral,neutral,0,-1.0,5,2049,0,
s8738,XPLUSDT,1781751600000,train,-1,-5.34,0.424,6.2,5.75,0.52,-5.65,1.39,1.66,3.8,4.1,0,0.31,neutral,bajista,0,0.344,32,2051,2,
s8739,ASTERUSDT,1781752500000,train,-1,-5.46,0.375,7.08,6.95,2.67,-5.17,4.2,3.38,7.47,13.44,0,-0.29,neutral,bajista,0,0.267,32,2052,3,
s8740,XPLUSDT,1781752500000,train,-1,-4.72,0.391,6.24,6.1,0.6,-4.44,1.8,1.66,3.8,4.1,0,-0.29,neutral,bajista,0,0.482,32,2052,3,
s8741,INJUSDT,1781753400000,train,-1,-2.67,0.353,4.63,4.5,1.31,-2.49,2.26,0.8,1.03,1.1,0,-0.18,neutral,bajista,0,0.424,32,2053,5,
s8742,ASTERUSDT,1781754300000,train,-1,-5.98,0.437,8.04,7.79,2.03,-5.65,4.23,3.38,7.47,13.44,0,-0.34,neutral,bajista,0,0.171,32,2054,5,
s8743,XPLUSDT,1781754300000,train,-1,-4.24,0.402,6.16,5.8,0.5,-3.91,1.84,1.66,3.8,4.1,0,-0.34,neutral,neutral,0,0.728,32,2054,0,
s8744,INJUSDT,1781754300000,train,-1,-3.03,0.398,4.81,4.74,1.36,-2.69,2.27,0.8,1.03,1.1,0,-0.34,neutral,bajista,0,0.34,32,2054,6,
s8745,XPLUSDT,1781755200000,train,-1,-5.4,0.46,7.75,7.02,0.92,-4.32,2.93,1.46,3.16,4.17,0,-1.08,neutral,neutral,0,0.562,32,2055,1,
s8746,STBLUSDT,1781755200000,train,-1,-2.24,0.53,3.49,2.74,5,-1.16,1.49,0.56,0.71,1.44,0,-1.08,neutral,bajista,0,-0.014,32,2055,2,
s8747,0GUSDT,1781755200000,train,-1,-4.68,0.544,7.22,6.02,5,-3.6,3.77,1.34,1.41,1.11,0,-1.08,neutral,neutral,0,-0.341,32,2055,1,
s8748,WLDUSDT,1781755200000,train,-1,-3.87,0.352,6.49,4.9,1.8,-2.79,1.71,0.66,0.87,1.0,0,-1.08,neutral,neutral,0,0.439,32,2055,0,
s8749,OPUSDT,1781755200000,train,-1,-3.12,0.515,4.07,3.79,2.97,-2.04,2.42,0.73,1.05,0.88,0,-1.08,neutral,neutral,0,-1.0,23,2055,1,
s8750,INJUSDT,1781755200000,train,-1,-4.07,0.553,5.9,5.19,1.85,-2.99,2.51,0.7,1.03,1.14,0,-1.08,neutral,bajista,0,0.234,32,2055,7,
s8751,SEIUSDT,1781755200000,train,-1,-2.9,0.476,3.92,3.58,3.47,-1.82,1.96,0.91,1.2,1.12,0,-1.08,neutral,bajista,0,-0.182,32,2055,6,
s8752,ARUSDT,1781755200000,testB,-1,-2.86,0.435,3.62,3.21,1.79,-1.78,1.74,0.63,0.95,0.93,0,-1.08,neutral,neutral,0,-0.21,32,2054,1,
s8753,STXUSDT,1781755200000,testB,-1,-3.78,0.655,4.69,4.09,5,-2.7,2.67,1.31,1.27,1.05,1,-1.08,neutral,neutral,0,-0.293,32,2054,1,
s8754,GRTUSDT,1781755200000,testB,-1,-2.3,0.506,3.14,2.78,3.72,-1.23,1.73,0.75,1.13,1.09,0,-1.08,neutral,neutral,0,-0.245,32,2054,1,
s8755,AXSUSDT,1781755200000,testB,-1,-2.42,0.5,2.99,2.89,2.03,-1.34,1.66,0.71,1.39,1.15,0,-1.08,neutral,neutral,0,0.214,32,2054,1,
s8756,XPLUSDT,1781756100000,train,-1,-6.86,0.55,7.98,7.68,1.08,-5.85,3.57,1.46,3.16,4.17,0,-1.0,neutral,bajista,0,-1.0,14,2056,2,
s8757,STBLUSDT,1781756100000,train,-1,-2.6,0.628,3.5,2.9,5,-1.6,1.46,0.56,0.71,1.44,0,-1.0,neutral,bajista,0,-0.156,32,2056,3,
s8758,0GUSDT,1781756100000,train,-1,-4.71,0.556,7.03,5.23,5,-3.71,2.82,1.34,1.41,1.11,0,-1.0,neutral,neutral,0,-0.267,32,2056,0,
s8759,WLDUSDT,1781756100000,train,-1,-4.0,0.359,6.51,5.26,1.62,-2.99,1.81,0.66,0.87,1.0,0,-1.0,neutral,neutral,0,0.14,32,2056,1,
s8760,OPUSDT,1781756100000,train,-1,-2.67,0.433,4.15,3.49,2.54,-1.66,1.88,0.73,1.05,0.88,0,-1.0,neutral,neutral,0,-1.0,22,2056,0,
s8761,INJUSDT,1781756100000,train,-1,-4.03,0.546,5.89,5.09,1.95,-3.03,2.17,0.7,1.03,1.14,0,-1.0,neutral,neutral,0,0.071,32,2056,0,
s8762,SEIUSDT,1781756100000,train,-1,-2.15,0.364,3.91,3.29,3.2,-1.14,1.51,0.91,1.2,1.12,0,-1.0,neutral,neutral,0,-0.305,32,2056,0,
s8763,ARUSDT,1781756100000,testB,-1,-3.01,0.455,3.62,3.31,2.14,-2.01,1.62,0.63,0.95,0.93,0,-1.0,neutral,bajista,0,-0.5,32,2055,2,
s8764,STXUSDT,1781756100000,testB,-1,-3.57,0.63,4.63,3.98,5,-2.57,2.34,1.31,1.27,1.05,1,-1.0,neutral,neutral,0,-0.438,32,2055,0,
s8765,GRTUSDT,1781756100000,testB,-1,-2.45,0.558,3.14,2.78,4.09,-1.45,1.52,0.75,1.13,1.09,0,-1.0,neutral,bajista,0,-0.472,32,2055,2,
s8766,AXSUSDT,1781756100000,testB,-1,-2.22,0.458,3.09,2.78,1.9,-1.21,1.37,0.71,1.39,1.15,0,-1.0,neutral,neutral,0,0.037,32,2055,0,
s8767,XPLUSDT,1781757000000,train,-1,-7.09,0.558,8.04,7.67,1.26,-6.0,3.73,1.46,3.16,4.17,0,-1.09,neutral,bajista,0,-1.0,13,2057,3,
s8768,STBLUSDT,1781757000000,train,-1,-2.5,0.618,3.31,2.79,5,-1.41,1.4,0.56,0.71,1.44,0,-1.09,neutral,bajista,0,-0.23,32,2057,4,
s8769,0GUSDT,1781757000000,train,-1,-4.73,0.556,6.54,5.03,5,-3.64,2.88,1.34,1.41,1.11,0,-1.09,neutral,neutral,0,-0.35,32,2057,1,
s8770,ARBUSDT,1781757000000,train,-1,-2.42,0.36,4.23,4.09,1.77,-1.33,1.85,0.79,1.03,0.93,0,-1.09,neutral,neutral,0,-0.212,32,2057,1,
s8771,OPUSDT,1781757000000,train,-1,-3.39,0.521,4.27,4.08,2.58,-2.3,2.21,0.73,1.05,0.88,0,-1.09,neutral,neutral,0,-1.0,21,2057,1,
s8772,INJUSDT,1781757000000,train,-1,-4.02,0.545,5.91,5.33,1.96,-2.93,2.19,0.7,1.03,1.14,0,-1.09,neutral,neutral,0,0.004,32,2057,1,
s8773,SUIUSDT,1781757000000,train,-1,-2.66,0.364,3.36,3.33,2.42,-1.57,1.87,1.44,1.65,1.29,0,-1.09,neutral,bajista,0,-0.036,32,2057,3,
s8774,SEIUSDT,1781757000000,train,-1,-2.6,0.437,3.92,3.56,2.46,-1.51,1.65,0.91,1.2,1.12,0,-1.09,neutral,neutral,0,-0.372,32,2057,1,
s8775,JUPUSDT,1781757000000,train,-1,-3.01,0.373,4.8,4.74,1.69,-1.92,2.5,1.11,1.4,1.19,0,-1.09,neutral,neutral,0,-0.609,32,2057,1,
s8776,ARUSDT,1781757000000,testB,-1,-3.22,0.471,3.53,3.53,2.2,-2.13,1.86,0.63,0.95,0.93,0,-1.09,neutral,bajista,0,-0.647,32,2056,3,
s8777,STXUSDT,1781757000000,testB,-1,-3.27,0.596,4.58,3.87,5,-2.18,2.09,1.31,1.27,1.05,1,-1.09,neutral,neutral,0,-0.479,32,2056,0,
s8778,GRTUSDT,1781757000000,testB,-1,-2.31,0.542,3.15,2.83,3.81,-1.21,1.46,0.75,1.13,1.09,0,-1.09,neutral,bajista,0,-0.537,32,2056,3,
s8779,LDOUSDT,1781757000000,testB,-1,-2.49,0.372,4.09,3.58,1.82,-1.4,1.55,1.14,2.14,3.51,0,-1.09,neutral,neutral,0,-1.0,14,2056,1,
s8780,SANDUSDT,1781757000000,testB,-1,-2.01,0.546,2.5,2.5,1.95,-0.92,1.33,0.66,1.03,0.98,0,-1.09,neutral,bajista,0,-0.535,32,2056,3,
s8781,AXSUSDT,1781757000000,testB,-1,-2.32,0.469,3.1,3.0,1.77,-1.23,1.44,0.71,1.39,1.15,0,-1.09,neutral,neutral,0,-0.069,32,2056,1,
s8782,APEUSDT,1781757000000,testB,-1,-3.01,0.364,4.35,4.2,1.39,-1.92,2.0,1.12,1.67,1.42,0,-1.09,neutral,bajista,0,-1.0,10,2056,8,
s8783,0GUSDT,1781757900000,train,-1,-3.9,0.502,6.33,4.78,5,-3.0,2.56,1.34,1.41,1.11,0,-0.9,neutral,neutral,0,-0.346,32,2058,0,
s8784,OPUSDT,1781757900000,train,-1,-3.59,0.534,4.68,4.58,3.3,-2.68,2.46,0.73,1.05,0.88,0,-0.9,neutral,bajista,0,-1.0,20,2058,2,
s8785,INJUSDT,1781757900000,train,-1,-4.03,0.545,5.91,5.43,1.92,-3.12,2.16,0.7,1.03,1.14,0,-0.9,neutral,bajista,0,-0.014,32,2058,2,
s8786,SUIUSDT,1781757900000,train,-1,-2.6,0.359,3.7,3.55,2.52,-1.69,1.87,1.44,1.65,1.29,0,-0.9,neutral,bajista,0,-0.143,32,2058,4,
s8787,SEIUSDT,1781757900000,train,-1,-2.24,0.395,3.92,3.53,2.37,-1.34,1.49,0.91,1.2,1.12,0,-0.9,neutral,neutral,0,-0.386,32,2058,0,
s8788,ARUSDT,1781757900000,testB,-1,-2.43,0.381,3.84,3.37,2.46,-1.53,1.58,0.63,0.95,0.93,0,-0.9,neutral,neutral,0,-0.631,32,2057,0,
s8789,STXUSDT,1781757900000,testB,-1,-3.12,0.584,4.58,3.92,5,-2.21,1.98,1.31,1.27,1.05,1,-0.9,neutral,neutral,0,-0.486,32,2057,1,
s8790,GRTUSDT,1781757900000,testB,-1,-2.05,0.5,3.14,2.78,4.04,-1.15,1.3,0.75,1.13,1.09,0,-0.9,neutral,neutral,0,-0.566,32,2057,0,
s8791,XPLUSDT,1781758800000,train,-1,-4.33,0.479,6.27,4.56,1.18,-3.07,2.04,1.37,2.74,4.23,0,-1.26,neutral,neutral,0,-1.0,8,2059,0,
s8792,PUMPUSDT,1781758800000,train,-1,-2.22,0.379,4.55,3.86,1.09,-0.96,1.4,0.54,1.06,0.99,0,-1.26,neutral,neutral,0,-1.0,13,2059,1,
s8793,STBLUSDT,1781758800000,train,-1,-2.06,0.538,3.24,2.63,0.85,-0.8,1.16,0.56,0.68,1.45,0,-1.26,neutral,neutral,0,-1.0,17,2059,1,
s8794,0GUSDT,1781758800000,train,-1,-4.51,0.587,6.27,5.01,0.78,-3.25,2.67,1.35,1.42,1.12,0,-1.26,neutral,neutral,0,-0.309,32,2059,1,
s8795,WLDUSDT,1781758800000,train,-1,-6.49,0.542,7.93,6.97,1.84,-5.23,3.63,0.8,0.85,1.02,0,-1.26,neutral,bajista,0,-0.149,32,2059,2,
s8796,ENAUSDT,1781758800000,train,-1,-5.1,0.491,7.11,6.66,0.87,-3.84,2.93,1.68,1.7,1.73,0,-1.26,neutral,bajista,0,-0.002,32,2059,8,
s8797,ARBUSDT,1781758800000,train,-1,-3.69,0.657,5.12,4.51,1.55,-2.43,1.95,0.86,1.06,0.94,0,-1.26,neutral,bajista,0,-0.325,32,2059,3,
s8798,OPUSDT,1781758800000,train,-1,-4.49,0.653,5.66,5.18,2.12,-3.23,2.72,0.76,1.1,0.9,0,-1.26,neutral,bajista,0,-1.0,19,2059,3,
s8799,INJUSDT,1781758800000,train,-1,-5.19,0.749,5.99,5.46,1.27,-3.93,2.34,0.75,1.0,1.16,0,-1.26,neutral,bajista,0,-0.175,32,2059,3,
s8800,SUIUSDT,1781758800000,train,-1,-3.9,0.53,4.63,4.34,1.71,-2.64,2.4,1.47,1.7,1.34,0,-1.26,neutral,bajista,0,-0.274,32,2059,5,
s8801,TIAUSDT,1781758800000,train,-1,-3.1,0.395,4.53,3.98,1.31,-1.84,1.73,0.71,1.39,1.71,0,-1.26,neutral,neutral,0,-0.307,32,2059,1,
s8802,SEIUSDT,1781758800000,train,-1,-2.76,0.528,4.03,3.58,0.85,-1.5,1.33,1.05,1.19,1.15,0,-1.26,neutral,neutral,0,-0.401,32,2059,1,
s8803,JUPUSDT,1781758800000,train,-1,-3.53,0.528,6.12,5.03,2.44,-2.27,2.23,1.23,1.43,1.22,0,-1.26,neutral,neutral,0,-0.793,32,2059,0,
s8804,PENDLEUSDT,1781758800000,train,-1,-2.82,0.358,4.14,3.82,1.46,-1.56,2.18,1.32,1.68,2.29,0,-1.26,neutral,bajista,0,-1.0,13,2059,2,
s8805,ONDOUSDT,1781758800000,train,-1,-3.16,0.433,5.46,4.75,1.64,-1.9,2.27,1.06,1.37,1.31,0,-1.26,neutral,bajista,0,-1.0,30,2058,3,
s8806,FETUSDT,1781758800000,train,-1,-2.04,0.376,3.66,3.0,1.5,-0.78,1.31,0.57,0.95,0.88,0,-1.26,neutral,bajista,0,-0.424,32,2058,3,
s8807,ARUSDT,1781758800000,testB,-1,-3.07,0.504,4.11,3.59,1.54,-1.81,1.62,0.71,0.97,0.92,0,-1.26,neutral,neutral,0,-0.609,32,2058,1,
s8808,STXUSDT,1781758800000,testB,-1,-3.73,0.747,4.53,4.04,0.65,-2.47,1.92,1.41,1.27,1.06,1,-1.26,neutral,bajista,0,-0.527,32,2058,2,
s8809,GRTUSDT,1781758800000,testB,-1,-2.76,0.711,3.52,2.94,1.64,-1.5,1.43,0.77,1.13,1.1,0,-1.26,neutral,neutral,0,-0.696,32,2058,1,
s8810,SANDUSDT,1781758800000,testB,-1,-2.03,0.585,2.94,2.44,1.57,-0.77,1.09,0.75,1.05,0.99,0,-1.26,neutral,neutral,0,-0.556,32,2058,1,
s8811,AXSUSDT,1781758800000,testB,-1,-2.72,0.628,3.73,3.32,1.31,-1.46,1.49,0.74,1.29,1.15,0,-1.26,neutral,neutral,0,-0.125,32,2058,1,
s8812,APEUSDT,1781758800000,testB,-1,-3.31,0.458,4.9,4.36,1.41,-2.05,1.8,1.23,1.75,1.48,0,-1.26,neutral,neutral,0,-1.0,8,2058,1,
s8813,XPLUSDT,1781759700000,train,-1,-3.53,0.425,6.25,4.92,1.12,-2.39,2.17,1.37,2.74,4.23,0,-1.14,neutral,neutral,0,-1.0,7,2060,1,
s8814,PUMPUSDT,1781759700000,train,-1,-2.28,0.395,4.54,3.65,1.03,-1.15,1.06,0.54,1.06,0.99,0,-1.14,neutral,neutral,0,-1.0,12,2060,0,
s8815,STBLUSDT,1781759700000,train,-1,-2.1,0.553,3.24,2.63,0.62,-0.96,1.02,0.56,0.68,1.45,0,-1.14,neutral,neutral,0,-1.0,16,2060,0,
s8816,0GUSDT,1781759700000,train,-1,-4.16,0.519,6.25,4.6,0.49,-3.02,2.03,1.35,1.42,1.12,0,-1.14,neutral,neutral,0,-0.297,32,2060,0,
s8817,WLDUSDT,1781759700000,train,-1,-5.91,0.516,7.22,6.77,1.91,-4.77,3.6,0.8,0.85,1.02,0,-1.14,neutral,bajista,0,-0.3,32,2060,3,
s8818,ENAUSDT,1781759700000,train,-1,-5.13,0.49,7.71,7.59,0.91,-3.99,3.33,1.68,1.7,1.73,0,-1.14,neutral,bajista,0,-0.126,32,2060,8,
s8819,ARBUSDT,1781759700000,train,-1,-4.02,0.709,5.13,4.72,1.34,-2.88,1.98,0.86,1.06,0.94,0,-1.14,neutral,bajista,0,-0.419,32,2060,4,
s8820,OPUSDT,1781759700000,train,-1,-4.85,0.688,5.68,5.49,1.84,-3.71,2.74,0.76,1.1,0.9,0,-1.14,neutral,bajista,0,-1.0,18,2060,4,
s8821,INJUSDT,1781759700000,train,-1,-5.26,0.751,5.98,5.76,1.12,-4.12,2.38,0.75,1.0,1.16,0,-1.14,neutral,bajista,0,-0.257,32,2060,4,
s8822,SUIUSDT,1781759700000,train,-1,-3.65,0.487,4.62,4.13,1.35,-2.51,2.0,1.47,1.7,1.34,0,-1.14,neutral,neutral,0,-0.242,32,2060,0,
s8823,TIAUSDT,1781759700000,train,-1,-3.49,0.471,4.52,3.82,1.12,-2.35,1.47,0.71,1.39,1.71,0,-1.14,neutral,neutral,0,-0.374,32,2060,0,
s8824,SEIUSDT,1781759700000,train,-1,-3.07,0.63,4.02,3.39,0.75,-1.93,1.07,1.05,1.19,1.15,0,-1.14,neutral,neutral,0,-0.407,32,2060,0,
s8825,JUPUSDT,1781759700000,train,-1,-3.89,0.617,6.12,4.97,2.15,-2.75,1.99,1.23,1.43,1.22,0,-1.14,neutral,neutral,0,-0.802,32,2060,0,
s8826,ONDOUSDT,1781759700000,train,-1,-3.5,0.506,5.45,4.69,1.47,-2.36,2.02,1.06,1.37,1.31,0,-1.14,neutral,neutral,0,-1.0,29,2059,0,
s8827,FETUSDT,1781759700000,train,-1,-2.58,0.51,3.67,3.11,1.47,-1.44,1.21,0.57,0.95,0.88,0,-1.14,neutral,bajista,0,-0.459,32,2059,4,
s8828,ARUSDT,1781759700000,testB,-1,-3.32,0.55,4.11,3.7,1.31,-2.18,1.54,0.71,0.97,0.92,0,-1.14,neutral,bajista,0,-0.704,32,2059,2,
s8829,STXUSDT,1781759700000,testB,-1,-3.36,0.64,4.52,3.7,0.49,-2.23,1.41,1.41,1.27,1.06,1,-1.14,neutral,neutral,0,-0.5,32,2059,0,
s8830,GRTUSDT,1781759700000,testB,-1,-2.76,0.711,3.52,3.0,1.35,-1.62,1.32,0.77,1.13,1.1,0,-1.14,neutral,bajista,0,-0.719,32,2059,2,
s8831,LDOUSDT,1781759700000,testB,-1,-2.88,0.403,4.09,3.69,2.32,-1.74,1.51,1.22,2.13,3.24,0,-1.14,neutral,bajista,0,-1.0,11,2059,2,
s8832,AXSUSDT,1781759700000,testB,-1,-2.82,0.667,3.73,3.21,1.24,-1.68,1.25,0.74,1.29,1.15,0,-1.14,neutral,neutral,0,-0.129,32,2059,0,
s8833,APEUSDT,1781759700000,testB,-1,-3.96,0.596,4.91,4.44,1.18,-2.82,1.74,1.23,1.75,1.48,0,-1.14,neutral,bajista,0,-1.0,7,2059,2,
s8834,0GUSDT,1781760600000,train,-1,-3.9,0.502,6.26,4.75,0.43,-2.84,1.86,1.35,1.42,1.12,0,-1.06,neutral,neutral,0,-0.023,32,2061,1,
s8835,WLDUSDT,1781760600000,train,-1,-4.9,0.453,7.21,6.59,1.89,-3.83,3.15,0.8,0.85,1.02,0,-1.06,neutral,neutral,0,-0.01,32,2061,0,
s8836,ENAUSDT,1781760600000,train,-1,-4.64,0.463,8.01,7.98,0.92,-3.58,3.38,1.68,1.7,1.73,0,-1.06,neutral,bajista,0,-0.01,32,2061,8,
s8837,ARBUSDT,1781760600000,train,-1,-3.71,0.661,5.12,4.59,1.21,-2.64,1.64,0.86,1.06,0.94,0,-1.06,neutral,neutral,0,0.01,32,2061,0,
s8838,OPUSDT,1781760600000,train,-1,-4.5,0.671,5.77,5.39,1.9,-3.44,2.45,0.76,1.1,0.9,0,-1.06,neutral,neutral,0,-1.0,17,2061,0,
s8839,INJUSDT,1781760600000,train,-1,-4.13,0.652,5.65,5.19,0.91,-3.07,1.94,0.75,1.0,1.16,0,-1.06,neutral,neutral,0,0.089,32,2061,0,
s8840,SUIUSDT,1781760600000,train,-1,-2.85,0.402,4.62,3.93,1.13,-1.79,1.61,1.47,1.7,1.34,0,-1.06,neutral,neutral,0,0.38,32,2061,0,
s8841,TIAUSDT,1781760600000,train,-1,-2.75,0.402,4.13,3.35,1.01,-1.69,1.27,0.71,1.39,1.71,0,-1.06,neutral,neutral,0,0.202,32,2061,0,
s8842,SEIUSDT,1781760600000,train,-1,-2.45,0.538,3.35,2.57,0.76,-1.39,0.79,1.05,1.19,1.15,0,-1.06,neutral,neutral,0,-1.0,12,2061,0,
s8843,JUPUSDT,1781760600000,train,-1,-3.73,0.577,6.1,4.69,1.88,-2.66,1.47,1.23,1.43,1.22,0,-1.06,neutral,neutral,0,-0.326,32,2061,0,
s8844,ONDOUSDT,1781760600000,train,-1,-2.94,0.432,5.44,4.46,1.42,-1.88,1.51,1.06,1.37,1.31,0,-1.06,neutral,neutral,0,-1.0,28,2060,0,
s8845,ARUSDT,1781760600000,testB,-1,-2.29,0.429,3.48,2.91,1.07,-1.22,1.16,0.71,0.97,0.92,0,-1.06,neutral,neutral,0,-0.286,32,2060,0,
s8846,STXUSDT,1781760600000,testB,-1,-3.42,0.644,4.2,3.6,0.43,-2.36,1.45,1.41,1.27,1.06,1,-1.06,neutral,neutral,0,-0.212,32,2060,1,
s8847,GRTUSDT,1781760600000,testB,-1,-2.46,0.615,3.41,2.68,0.83,-1.39,0.98,0.77,1.13,1.1,0,-1.06,neutral,neutral,0,-0.235,32,2060,0,
s8848,LDOUSDT,1781760600000,testB,-1,-2.95,0.409,4.25,3.96,2.43,-1.89,1.54,1.22,2.13,3.24,0,-1.06,neutral,bajista,0,-1.0,10,2060,3,
s8849,AXSUSDT,1781760600000,testB,-1,-2.42,0.571,3.51,2.79,1.25,-1.36,0.89,0.74,1.29,1.15,0,-1.06,neutral,neutral,0,0.37,32,2060,0,
s8850,0GUSDT,1781761500000,train,-1,-3.11,0.369,6.21,3.96,0.38,-2.25,1.06,1.35,1.42,1.12,0,-0.87,neutral,neutral,0,0.036,32,2062,0,
s8851,WLDUSDT,1781761500000,train,-1,-4.38,0.421,7.2,6.54,1.9,-3.51,2.98,0.8,0.85,1.02,0,-0.87,neutral,neutral,0,-0.066,32,2062,0,
s8852,ENAUSDT,1781761500000,train,-1,-4.78,0.491,7.94,7.03,1.06,-3.91,2.48,1.68,1.7,1.73,0,-0.87,neutral,neutral,0,0.002,32,2062,0,
s8853,ARBUSDT,1781761500000,train,-1,-3.47,0.595,5.11,4.24,1.13,-2.61,1.35,0.86,1.06,0.94,0,-0.87,neutral,neutral,0,-0.078,32,2062,0,
s8854,OPUSDT,1781761500000,train,-1,-4.14,0.6,5.76,5.09,1.42,-3.27,2.02,0.76,1.1,0.9,0,-0.87,neutral,neutral,0,-1.0,16,2062,0,
s8855,INJUSDT,1781761500000,train,-1,-3.74,0.588,5.64,4.97,0.91,-2.87,1.68,0.75,1.0,1.16,0,-0.87,neutral,neutral,0,0.046,32,2062,0,
s8856,JUPUSDT,1781761500000,train,-1,-2.94,0.412,6.06,3.89,1.28,-2.07,0.78,1.23,1.43,1.22,0,-0.87,neutral,neutral,0,-0.347,32,2062,0,
s8857,ONDOUSDT,1781761500000,train,-1,-2.91,0.426,5.43,4.17,1.22,-2.04,1.26,1.06,1.37,1.31,0,-0.87,neutral,neutral,0,-1.0,27,2061,0,
s8858,STXUSDT,1781761500000,testB,-1,-2.85,0.529,4.18,3.26,0.36,-1.98,1.08,1.41,1.27,1.06,1,-0.87,neutral,neutral,0,-0.233,32,2061,0,
s8859,0GUSDT,1781762400000,train,-1,-3.12,0.369,6.22,4.15,0.32,-2.17,1.12,1.23,1.2,1.09,1,-0.95,neutral,neutral,0,0.017,32,2063,1,
s8860,ENAUSDT,1781762400000,train,-1,-4.95,0.522,7.92,6.74,0.98,-4.0,1.89,1.64,1.61,1.74,0,-0.95,neutral,neutral,0,-0.005,32,2063,0,
s8861,ARBUSDT,1781762400000,train,-1,-3.4,0.59,5.11,4.34,0.76,-2.45,1.32,0.83,0.89,0.94,0,-0.95,neutral,neutral,0,-0.066,32,2063,1,
s8862,OPUSDT,1781762400000,train,-1,-4.06,0.595,5.76,5.19,0.63,-3.1,1.93,0.72,0.91,0.89,0,-0.95,neutral,neutral,0,-1.0,15,2063,1,
s8863,INJUSDT,1781762400000,train,-1,-4.0,0.661,5.57,4.88,0.55,-3.05,1.47,0.72,0.86,1.15,0,-0.95,neutral,neutral,0,0.059,32,2063,0,
s8864,JUPUSDT,1781762400000,train,-1,-2.79,0.398,6.06,3.95,0.53,-1.84,0.81,1.16,1.22,1.21,0,-0.95,neutral,neutral,0,-0.384,32,2063,1,
s8865,ONDOUSDT,1781762400000,train,-1,-2.56,0.395,5.43,4.17,0.55,-1.61,1.2,1.01,1.14,1.3,0,-0.95,neutral,neutral,0,-1.0,26,2062,0,
s8866,STXUSDT,1781762400000,testB,-1,-2.75,0.52,4.19,3.37,0.27,-1.8,1.07,1.4,1.14,1.07,1,-0.95,neutral,neutral,0,-0.274,32,2062,1,
s8867,PUMPUSDT,1781763300000,train,-1,-2.07,0.392,4.51,2.94,0.47,-0.97,0.17,0.54,0.75,0.97,0,-1.1,neutral,neutral,0,-1.0,8,2064,0,
s8868,0GUSDT,1781763300000,train,-1,-3.48,0.433,6.21,4.04,0.23,-2.38,0.86,1.23,1.2,1.09,1,-1.1,neutral,neutral,0,-0.08,32,2064,0,
s8869,ENAUSDT,1781763300000,train,-1,-6.23,0.724,7.94,7.05,0.94,-5.13,1.85,1.64,1.61,1.74,0,-1.1,neutral,neutral,0,-0.173,32,2064,1,
s8870,ARBUSDT,1781763300000,train,-1,-4.03,0.793,5.05,4.27,0.61,-2.92,1.16,0.83,0.89,0.94,0,-1.1,neutral,neutral,0,-0.189,32,2064,0,
s8871,OPUSDT,1781763300000,train,-1,-4.67,0.761,5.76,5.09,0.54,-3.56,1.61,0.72,0.91,0.89,0,-1.1,neutral,neutral,0,-1.0,14,2064,0,
s8872,INJUSDT,1781763300000,train,-1,-4.55,0.811,5.49,4.88,0.52,-3.44,1.27,0.72,0.86,1.15,0,-1.1,neutral,neutral,0,-0.035,32,2064,1,
s8873,SUIUSDT,1781763300000,train,-1,-3.06,0.51,4.6,3.57,0.39,-1.95,0.9,1.36,1.47,1.33,0,-1.1,neutral,neutral,0,0.237,32,2064,0,
s8874,TIAUSDT,1781763300000,train,-1,-2.58,0.421,4.13,3.32,0.56,-1.48,0.97,0.7,1.25,1.62,0,-1.1,neutral,bajista,0,-0.305,32,2064,2,
s8875,JUPUSDT,1781763300000,train,-1,-3.5,0.563,6.06,3.95,0.47,-2.39,0.75,1.16,1.22,1.21,0,-1.1,neutral,bajista,0,-0.575,32,2064,2,
s8876,ONDOUSDT,1781763300000,train,-1,-3.03,0.509,5.42,3.96,0.45,-1.93,0.86,1.01,1.14,1.3,0,-1.1,neutral,neutral,0,-1.0,25,2063,0,
s8877,STXUSDT,1781763300000,testB,-1,-3.21,0.67,4.19,3.32,0.24,-2.11,0.9,1.4,1.14,1.07,1,-1.1,neutral,neutral,0,-0.426,32,2063,0,
s8878,LDOUSDT,1781763300000,testB,-1,-3.18,0.469,4.24,3.58,0.57,-2.08,0.94,1.19,1.71,3.0,0,-1.1,neutral,neutral,0,-1.0,7,2063,1,
s8879,AXSUSDT,1781763300000,testB,-1,-2.42,0.6,3.41,2.69,0.73,-1.32,0.76,0.74,1.07,1.13,0,-1.1,neutral,bajista,0,0.115,32,2063,2,
s8880,0GUSDT,1781764200000,train,-1,-3.33,0.409,6.18,3.52,0.23,-2.3,0.32,1.23,1.2,1.09,1,-1.03,neutral,neutral,0,0.061,32,2065,0,
s8881,ENAUSDT,1781764200000,train,-1,-4.24,0.417,7.79,5.07,1.51,-3.21,0.14,1.64,1.61,1.74,0,-1.03,neutral,neutral,0,0.112,32,2065,0,
s8882,ARBUSDT,1781764200000,train,-1,-3.56,0.675,4.86,3.73,0.6,-2.53,0.76,0.83,0.89,0.94,0,-1.03,neutral,neutral,0,-0.159,32,2065,0,
s8883,OPUSDT,1781764200000,train,-1,-4.11,0.616,5.72,4.39,0.49,-3.08,0.85,0.72,0.91,0.89,0,-1.03,neutral,neutral,0,-1.0,13,2065,0,
s8884,INJUSDT,1781764200000,train,-1,-3.68,0.699,4.87,3.99,0.48,-2.65,0.88,0.72,0.86,1.15,0,-1.03,neutral,neutral,0,0.12,32,2065,0,
s8885,SUIUSDT,1781764200000,train,-1,-3.16,0.54,4.59,3.33,0.39,-2.13,0.55,1.36,1.47,1.33,0,-1.03,neutral,neutral,0,0.369,32,2065,0,
s8886,TIAUSDT,1781764200000,train,-1,-2.37,0.376,4.1,2.68,0.71,-1.34,0.32,0.7,1.25,1.62,0,-1.03,neutral,neutral,0,-0.087,32,2065,0,
s8887,JUPUSDT,1781764200000,train,-1,-2.93,0.438,6.03,3.39,0.47,-1.9,0.19,1.16,1.22,1.21,0,-1.03,neutral,neutral,0,-0.429,32,2065,0,
s8888,ONDOUSDT,1781764200000,train,-1,-2.81,0.456,5.4,3.65,0.45,-1.78,0.54,1.01,1.14,1.3,0,-1.03,neutral,neutral,0,-1.0,24,2064,0,
s8889,STXUSDT,1781764200000,testB,-1,-2.79,0.558,4.12,2.93,0.25,-1.76,0.49,1.4,1.14,1.07,1,-1.03,neutral,neutral,0,-0.333,32,2064,0,
s8890,LDOUSDT,1781764200000,testB,-1,-2.93,0.417,4.15,3.17,0.45,-1.9,0.53,1.19,1.71,3.0,0,-1.03,neutral,neutral,0,-1.0,6,2064,0,
s8891,AXSUSDT,1781764200000,testB,-1,-2.22,0.524,3.4,2.37,0.65,-1.19,0.37,0.74,1.07,1.13,0,-1.03,neutral,neutral,0,0.391,32,2064,0,
s8892,0GUSDT,1781765100000,train,-1,-3.37,0.412,6.06,3.63,0.24,-2.45,0.49,1.23,1.2,1.09,1,-0.92,neutral,neutral,0,-0.069,32,2066,1,
s8893,WLDUSDT,1781765100000,train,-1,-6.02,0.619,7.78,6.8,1.23,-5.1,2.7,0.91,0.84,1.02,0,-0.92,neutral,neutral,0,-0.247,32,2066,0,
s8894,ENAUSDT,1781765100000,train,-1,-3.81,0.39,6.76,4.47,1.31,-2.89,0.59,1.64,1.61,1.74,0,-0.92,neutral,neutral,0,-0.341,32,2066,1,
s8895,ARBUSDT,1781765100000,train,-1,-3.25,0.654,4.39,3.34,0.6,-2.32,0.74,0.83,0.89,0.94,0,-0.92,neutral,neutral,0,-0.309,32,2066,1,
s8896,OPUSDT,1781765100000,train,-1,-3.68,0.588,5.15,3.91,0.49,-2.75,0.83,0.72,0.91,0.89,0,-0.92,neutral,neutral,0,-1.0,12,2066,1,
s8897,INJUSDT,1781765100000,train,-1,-2.94,0.574,4.24,3.06,0.55,-2.01,0.57,0.72,0.86,1.15,0,-0.92,neutral,neutral,0,0.28,32,2066,0,
s8898,SUIUSDT,1781765100000,train,-1,-2.7,0.479,4.54,3.17,0.37,-1.78,0.39,1.36,1.47,1.33,0,-0.92,neutral,neutral,0,0.376,32,2066,0,
s8899,JUPUSDT,1781765100000,train,-1,-3.24,0.47,5.67,3.29,0.38,-2.31,0.38,1.16,1.22,1.21,0,-0.92,neutral,neutral,0,-0.492,32,2066,1,
s8900,ONDOUSDT,1781765100000,train,-1,-2.78,0.45,5.38,3.36,0.45,-1.86,0.19,1.01,1.14,1.3,0,-0.92,neutral,neutral,0,-1.0,23,2065,0,
s8901,STXUSDT,1781765100000,testB,-1,-2.12,0.455,3.52,2.16,0.3,-1.19,0.26,1.4,1.14,1.07,1,-0.92,neutral,neutral,0,-0.425,32,2065,0,
s8902,AXSUSDT,1781765100000,testB,-1,-2.02,0.5,2.99,1.96,0.74,-1.09,0.32,0.74,1.07,1.13,0,-0.92,neutral,neutral,0,0.316,32,2065,0,
s8903,WLDUSDT,1781766000000,train,-1,-5.69,0.593,7.2,6.13,0.57,-5.02,2.51,0.92,0.77,1.02,0,-0.66,neutral,neutral,0,-0.38,32,2067,0,
s8904,ENAUSDT,1781766000000,train,-1,-4.1,0.417,6.5,4.38,1.17,-3.43,0.85,1.62,1.51,1.73,0,-0.66,neutral,bajista,0,-0.275,32,2067,2,
s8905,ARBUSDT,1781766000000,train,-1,-2.52,0.58,3.76,2.67,0.49,-1.86,0.72,0.82,0.76,0.93,0,-0.66,neutral,neutral,0,-0.187,32,2067,0,
s8906,OPUSDT,1781766000000,train,-1,-3.13,0.486,4.75,3.14,0.49,-2.47,0.51,0.78,0.72,0.88,0,-0.66,neutral,neutral,0,-1.0,11,2067,0,
s8907,INJUSDT,1781766000000,train,-1,-2.38,0.52,3.59,2.61,0.58,-1.72,0.77,0.74,0.78,1.11,0,-0.66,neutral,neutral,0,0.219,32,2067,1,
s8908,SUIUSDT,1781766000000,train,-1,-2.8,0.49,4.19,2.89,0.35,-2.13,0.56,1.42,1.27,1.33,0,-0.66,neutral,neutral,0,0.597,32,2067,1,
s8909,JUPUSDT,1781766000000,train,-1,-2.42,0.383,5.01,2.53,0.43,-1.76,0.35,1.12,1.03,1.18,0,-0.66,neutral,neutral,0,-1.0,23,2067,0,
s8910,ONDOUSDT,1781766000000,train,-1,-2.57,0.426,5.22,3.16,0.41,-1.91,0.24,1.03,0.96,1.28,0,-0.66,neutral,neutral,0,-1.0,22,2066,0,
s8911,WLDUSDT,1781766900000,train,-1,-3.61,0.354,6.6,4.16,0.58,-3.59,1.02,0.92,0.77,1.02,0,-0.02,neutral,neutral,0,-0.004,32,2068,0,
s8912,ASTERUSDT,1781769600000,train,1,4.21,0.434,6.89,6.72,0.4,3.27,1.5,4.45,3.71,14.74,0,0.95,neutral,neutral,0,-1.0,31,2071,1,
s8913,PUMPUSDT,1781769600000,train,1,2.13,0.544,3.3,3.03,2.07,1.18,1.0,0.76,0.64,0.99,0,0.95,neutral,alcista,0,-1.0,30,2071,2,
s8914,LDOUSDT,1781769600000,testB,1,2.89,0.457,4.66,3.2,1.79,1.95,1.37,1.85,1.38,2.5,0,0.95,neutral,neutral,0,-1.0,30,2070,1,
s8915,APEUSDT,1781769600000,testB,1,4.26,0.455,5.27,5.05,0.8,3.31,1.7,1.58,1.36,1.58,0,0.95,neutral,neutral,0,-1.0,30,2070,1,
s8916,ASTERUSDT,1781770500000,train,1,3.79,0.41,7.39,7.36,0.59,2.79,2.03,4.45,3.71,14.74,0,1.0,neutral,alcista,0,-1.0,30,2072,2,
s8917,XPLUSDT,1781770500000,train,1,6.69,0.516,8.11,7.15,1.13,5.7,2.76,1.28,1.64,4.36,0,1.0,neutral,alcista,0,-1.0,13,2072,2,
s8918,PUMPUSDT,1781770500000,train,1,3.91,0.687,4.95,4.88,3.02,2.91,2.71,0.76,0.64,0.99,0,1.0,neutral,alcista,0,-1.0,29,2072,3,
s8919,SEIUSDT,1781770500000,train,1,2.22,0.409,3.13,2.88,1.41,1.22,1.03,1.93,1.27,1.35,0,1.0,neutral,alcista,0,-1.0,28,2072,2,
s8920,PENDLEUSDT,1781770500000,train,1,3.07,0.416,5.25,4.69,2.32,2.07,2.26,1.87,1.41,1.92,0,1.0,neutral,alcista,0,-1.0,28,2072,2,
s8921,LDOUSDT,1781770500000,testB,1,2.48,0.42,4.65,3.34,2.14,1.48,1.4,1.85,1.38,2.5,0,1.0,neutral,alcista,0,-1.0,29,2071,2,
s8922,APEUSDT,1781770500000,testB,1,4.42,0.471,5.27,5.12,0.8,3.42,1.6,1.58,1.36,1.58,0,1.0,neutral,alcista,0,-1.0,29,2071,2,
s8923,XPLUSDT,1781771400000,train,1,6.26,0.464,8.17,6.35,1.26,5.27,1.71,1.28,1.64,4.36,0,0.99,neutral,neutral,0,-1.0,12,2073,0,
s8924,PUMPUSDT,1781771400000,train,1,3.79,0.647,5.24,4.38,2.94,2.79,1.97,0.76,0.64,0.99,0,0.99,neutral,neutral,0,-1.0,28,2073,0,
s8925,SEIUSDT,1781771400000,train,1,2.74,0.505,3.42,3.12,0.88,1.75,1.17,1.93,1.27,1.35,0,0.99,neutral,alcista,0,-1.0,27,2073,3,
s8926,JUPUSDT,1781771400000,train,1,2.4,0.667,3.94,3.67,0.49,1.4,0.9,1.09,0.96,1.14,0,0.99,neutral,alcista,0,-1.0,29,2073,7,
s8927,PENDLEUSDT,1781771400000,train,1,2.8,0.38,5.25,4.56,2.02,1.81,1.89,1.87,1.41,1.92,0,0.99,neutral,neutral,0,-1.0,27,2073,0,
s8928,ONDOUSDT,1781771400000,train,1,2.14,0.461,4.08,4.0,0.93,1.14,1.42,1.06,0.94,1.25,0,0.99,neutral,alcista,0,-0.626,32,2072,8,
s8929,ARUSDT,1781771400000,testB,1,2.08,0.5,3.0,2.6,0.87,1.08,0.77,0.86,0.67,0.89,0,0.99,neutral,neutral,0,-1.0,28,2072,0,
s8930,LDOUSDT,1781771400000,testB,1,3.8,0.571,4.61,4.29,2.07,2.8,2.18,1.85,1.38,2.5,0,0.99,neutral,alcista,0,-1.0,28,2072,3,
s8931,APEUSDT,1781771400000,testB,1,4.2,0.435,5.29,4.7,0.75,3.2,1.07,1.58,1.36,1.58,0,0.99,neutral,neutral,0,-1.0,28,2072,0,
s8932,XPLUSDT,1781772300000,train,1,5.0,0.38,7.39,5.08,0.97,4.19,1.32,1.28,1.64,4.36,0,0.81,neutral,neutral,0,-1.0,10,2074,0,
s8933,PUMPUSDT,1781772300000,train,1,3.24,0.505,5.27,3.87,2.7,2.42,1.46,0.76,0.64,0.99,0,0.81,neutral,neutral,0,-1.0,27,2074,0,
s8934,OPUSDT,1781772300000,train,1,2.48,0.542,3.91,3.63,0.9,1.67,1.41,0.86,0.7,0.87,0,0.81,neutral,neutral,0,-1.0,28,2074,0,
s8935,SEIUSDT,1781772300000,train,1,2.24,0.382,3.43,2.68,0.86,1.42,0.78,1.93,1.27,1.35,0,0.81,neutral,neutral,0,-1.0,26,2074,0,
s8936,JUPUSDT,1781772300000,train,1,2.19,0.571,3.96,3.21,0.68,1.37,0.55,1.09,0.96,1.14,0,0.81,neutral,neutral,0,-1.0,28,2074,0,
s8937,PENDLEUSDT,1781772300000,train,1,3.42,0.486,5.25,4.67,1.99,2.61,2.0,1.87,1.41,1.92,0,0.81,neutral,neutral,0,-1.0,26,2074,1,
s8938,ONDOUSDT,1781772300000,train,1,2.32,0.516,4.12,3.6,1.06,1.5,1.08,1.06,0.94,1.25,0,0.81,neutral,neutral,0,-0.424,32,2073,0,
s8939,LDOUSDT,1781772300000,testB,1,2.86,0.473,4.62,4.12,1.96,2.05,2.03,1.85,1.38,2.5,0,0.81,neutral,neutral,0,-1.0,27,2073,0,
s8940,APEUSDT,1781772300000,testB,1,3.8,0.386,5.31,4.41,0.74,2.99,0.88,1.58,1.36,1.58,0,0.81,neutral,neutral,0,-1.0,27,2073,0,
s8941,PUMPUSDT,1781773200000,train,1,3.45,0.532,4.6,3.33,2.16,2.71,1.42,0.76,0.63,1.02,0,0.74,neutral,neutral,0,-1.0,25,2075,1,
s8942,OPUSDT,1781773200000,train,1,3.07,0.762,3.91,3.63,0.82,2.33,1.24,1.1,0.84,0.94,0,0.74,neutral,neutral,0,-1.0,27,2075,0,
s8943,SEIUSDT,1781773200000,train,1,2.33,0.399,3.21,2.5,0.62,1.59,0.7,1.83,1.26,1.35,0,0.74,neutral,neutral,0,-1.0,25,2075,1,
s8944,JUPUSDT,1781773200000,train,1,2.46,0.6,2.99,2.51,0.77,1.72,0.72,1.01,0.96,1.12,0,0.74,neutral,neutral,0,-1.0,26,2075,1,
s8945,PENDLEUSDT,1781773200000,train,1,4.89,0.772,5.08,4.71,2.01,4.15,2.08,1.7,1.44,1.84,0,0.74,neutral,alcista,0,-1.0,25,2075,2,
s8946,ONDOUSDT,1781773200000,train,1,3.12,0.787,3.6,3.19,1.1,2.38,1.02,1.08,0.96,1.27,0,0.74,neutral,neutral,0,-0.709,32,2074,1,
s8947,LDOUSDT,1781773200000,testB,1,2.98,0.5,4.62,3.99,1.13,2.24,1.63,1.93,1.41,2.42,0,0.74,neutral,neutral,0,-1.0,26,2074,0,
s8948,APEUSDT,1781773200000,testB,1,4.59,0.45,5.21,4.84,0.57,3.85,1.28,1.67,1.38,1.62,0,0.74,neutral,neutral,0,-1.0,26,2074,1,
s8949,XPLUSDT,1781774100000,train,1,5.19,0.383,7.01,5.01,0.68,4.67,1.6,1.33,1.53,4.41,0,0.51,neutral,neutral,0,-1.0,6,2076,1,
s8950,PUMPUSDT,1781774100000,train,1,3.09,0.484,4.6,3.2,1.12,2.58,1.21,0.76,0.63,1.02,0,0.51,neutral,neutral,0,-1.0,24,2076,0,
s8951,STBLUSDT,1781774100000,train,1,2.3,0.91,2.83,2.47,1.06,1.78,1.06,0.47,0.53,1.09,0,0.51,neutral,alcista,0,-1.0,15,2076,7,
s8952,OPUSDT,1781774100000,train,1,3.46,0.9,4.19,3.72,1.06,2.95,1.28,1.1,0.84,0.94,0,0.51,neutral,neutral,0,-1.0,26,2076,0,
s8953,JUPUSDT,1781774100000,train,1,2.35,0.573,2.99,2.46,1.11,1.84,0.73,1.01,0.96,1.12,0,0.51,neutral,neutral,0,-1.0,25,2076,0,
s8954,PENDLEUSDT,1781774100000,train,1,4.29,0.66,5.02,4.28,0.69,3.78,1.52,1.7,1.44,1.84,0,0.51,neutral,neutral,0,-1.0,24,2076,0,
s8955,ONDOUSDT,1781774100000,train,1,3.2,0.792,3.7,3.19,1.33,2.69,1.09,1.08,0.96,1.27,0,0.51,neutral,alcista,0,-1.0,26,2075,2,
s8956,LDOUSDT,1781774100000,testB,1,4.24,0.699,5.12,4.59,0.63,3.73,2.1,1.93,1.41,2.42,0,0.51,neutral,neutral,0,-1.0,25,2075,1,
s8957,APEUSDT,1781774100000,testB,1,4.83,0.47,5.27,4.98,0.62,4.31,1.32,1.67,1.38,1.62,0,0.51,neutral,alcista,0,-1.0,25,2075,2,
s8958,ASTERUSDT,1781775000000,train,1,4.88,0.519,5.37,4.9,0.54,4.32,1.6,3.69,3.65,15.12,0,0.56,neutral,alcista,0,-1.0,24,2077,4,
s8959,PUMPUSDT,1781775000000,train,1,3.57,0.52,4.31,3.58,0.68,3.01,1.71,0.76,0.63,1.02,0,0.56,neutral,neutral,0,-1.0,23,2077,1,
s8960,STBLUSDT,1781775000000,train,1,2.06,0.902,2.35,2.06,1.03,1.5,0.99,0.47,0.53,1.09,0,0.56,neutral,alcista,0,-1.0,3,2077,8,
s8961,OPUSDT,1781775000000,train,1,4.04,0.913,4.07,3.98,0.93,3.48,1.73,1.1,0.84,0.94,0,0.56,neutral,neutral,0,-1.0,25,2077,1,
s8962,TIAUSDT,1781775000000,train,1,2.0,0.467,2.04,2.04,0.65,1.44,0.95,0.61,0.65,1.33,0,0.56,neutral,neutral,0,-1.0,10,2077,1,
s8963,JUPUSDT,1781775000000,train,1,2.83,0.619,2.81,2.81,0.93,2.27,1.37,1.01,0.96,1.12,0,0.56,neutral,neutral,0,-1.0,24,2077,1,
s8964,PENDLEUSDT,1781775000000,train,1,4.91,0.69,5.2,4.81,0.61,4.35,2.16,1.7,1.44,1.84,0,0.56,neutral,neutral,0,-1.0,23,2077,1,
s8965,ONDOUSDT,1781775000000,train,1,3.79,0.818,3.81,3.78,1.5,3.23,1.79,1.08,0.96,1.27,0,0.56,neutral,alcista,0,-1.0,25,2076,3,
s8966,ARUSDT,1781775000000,testB,1,2.08,0.444,2.44,2.04,0.72,1.52,0.74,0.87,0.68,0.89,0,0.56,neutral,neutral,0,-1.0,24,2076,1,
s8967,LDOUSDT,1781775000000,testB,1,5.17,0.797,5.26,5.05,0.57,4.61,2.37,1.93,1.41,2.42,0,0.56,neutral,alcista,0,-1.0,24,2076,2,
s8968,APEUSDT,1781775000000,testB,1,3.83,0.417,3.77,3.69,0.58,3.28,1.73,1.67,1.38,1.62,0,0.56,neutral,alcista,0,-1.0,23,2076,3,
s8969,PUMPUSDT,1781775900000,train,1,2.73,0.4,4.32,3.19,0.51,2.4,1.19,0.76,0.63,1.02,0,0.33,neutral,neutral,0,-1.0,22,2078,0,
s8970,OPUSDT,1781775900000,train,1,4.7,0.925,6.51,4.86,3.34,4.37,2.49,1.1,0.84,0.94,0,0.33,neutral,alcista,0,-1.0,24,2078,2,
s8971,JUPUSDT,1781775900000,train,1,2.0,0.521,2.76,2.39,0.92,1.67,1.19,1.01,0.96,1.12,0,0.33,neutral,neutral,0,-1.0,22,2078,0,
s8972,PENDLEUSDT,1781775900000,train,1,3.47,0.485,4.77,3.66,0.6,3.14,1.44,1.7,1.44,1.84,0,0.33,neutral,neutral,0,-1.0,15,2078,0,
s8973,ONDOUSDT,1781775900000,train,1,2.99,0.618,4.21,3.26,1.66,2.66,1.26,1.08,0.96,1.27,0,0.33,neutral,neutral,0,-1.0,24,2077,0,
s8974,LDOUSDT,1781775900000,testB,1,4.78,0.775,5.51,4.88,0.72,4.45,2.15,1.93,1.41,2.42,0,0.33,neutral,neutral,0,-1.0,23,2077,0,
s8975,WLDUSDT,1781776800000,train,1,2.82,0.384,5.01,3.11,0.58,2.73,0.25,0.93,0.78,0.91,0,0.09,neutral,neutral,0,-1.0,26,2079,0,
s8976,OPUSDT,1781776800000,train,1,4.13,0.729,6.37,4.06,3.62,4.04,1.69,1.03,0.87,0.97,0,0.09,neutral,neutral,0,-1.0,22,2079,0,
s8977,LDOUSDT,1781776800000,testB,1,3.28,0.45,5.4,3.49,0.85,3.19,0.86,1.67,1.4,2.31,0,0.09,neutral,neutral,0,-1.0,22,2078,0,
s8978,ASTERUSDT,1781777700000,train,1,3.32,0.353,4.62,3.3,0.61,3.34,0.75,2.54,3.5,15.21,0,-0.03,neutral,neutral,0,-1.0,20,2080,1,
s8979,WLDUSDT,1781777700000,train,1,2.98,0.397,4.85,3.31,0.65,3.01,0.52,0.93,0.78,0.91,0,-0.03,neutral,neutral,0,-1.0,25,2080,1,
s8980,OPUSDT,1781777700000,train,1,4.41,0.742,6.16,4.23,3.78,4.44,1.87,1.03,0.87,0.97,0,-0.03,neutral,neutral,0,-1.0,21,2080,1,
s8981,LDOUSDT,1781777700000,testB,1,3.43,0.48,5.22,3.32,0.77,3.46,0.81,1.67,1.4,2.31,0,-0.03,neutral,neutral,0,-1.0,21,2079,1,
s8982,OPUSDT,1781778600000,train,1,3.72,0.709,5.88,3.95,3.68,3.86,1.65,1.03,0.87,0.97,0,-0.15,neutral,neutral,0,-1.0,20,2081,0,
s8983,LDOUSDT,1781778600000,testB,1,2.87,0.409,5.2,3.08,0.69,3.02,0.5,1.67,1.4,2.31,0,-0.15,neutral,neutral,0,-1.0,20,2080,0,
s8984,OPUSDT,1781779500000,train,1,3.24,0.567,5.91,3.42,0.91,3.25,1.0,1.03,0.87,0.97,0,-0.01,neutral,neutral,0,-1.0,19,2082,0,
s8985,LDOUSDT,1781779500000,testB,1,2.57,0.384,4.77,2.82,0.5,2.58,0.59,1.67,1.4,2.31,0,-0.01,neutral,neutral,0,-1.0,12,2081,1,
s8986,APEUSDT,1781779500000,testB,1,2.94,0.394,3.08,3.0,1.17,2.95,1.55,1.72,1.4,1.64,0,-0.01,neutral,neutral,0,-1.0,11,2081,1,
s8987,XPLUSDT,1781780400000,train,-1,-4.2,0.448,7.68,6.58,1.23,-4.1,2.23,1.33,1.37,4.53,0,-0.1,neutral,neutral,0,1.839,32,2083,1,
s8988,ENAUSDT,1781785800000,train,-1,-3.44,0.389,4.63,3.73,1.25,-3.04,1.49,1.35,1.5,1.73,0,-0.4,neutral,neutral,0,-0.436,32,2089,1,
s8989,XPLUSDT,1781786700000,train,-1,-6.0,0.546,9.45,7.38,1.08,-5.97,2.17,1.38,1.34,4.11,0,-0.04,neutral,neutral,0,1.074,32,2090,0,
s8990,PENDLEUSDT,1781787600000,train,-1,-2.23,0.351,4.71,3.11,0.57,-2.24,0.55,1.54,1.52,1.69,0,0.01,neutral,neutral,1,2.0,11,2091,0,
s8991,STBLUSDT,1781788500000,train,-1,-2.24,0.592,3.09,2.48,1.77,-2.41,0.84,0.79,0.71,0.81,0,0.16,neutral,neutral,1,2.0,10,2092,1,
s8992,ASTERUSDT,1781789400000,train,-1,-2.64,0.354,3.63,2.83,1.23,-2.01,1.15,1.57,3.24,7.66,0,-0.63,neutral,neutral,1,2.0,9,2093,1,
s8993,PUMPUSDT,1781789400000,train,-1,-3.11,0.456,3.97,3.63,1.42,-2.48,1.84,1.16,0.88,1.08,0,-0.63,neutral,bajista,0,0.566,32,2093,2,
s8994,STBLUSDT,1781789400000,train,-1,-3.16,0.694,3.45,3.38,3.35,-2.53,1.55,0.79,0.71,0.81,0,-0.63,neutral,bajista,1,2.0,18,2093,2,
s8995,ENAUSDT,1781789400000,train,-1,-3.4,0.383,4.93,4.85,1.06,-2.77,2.14,1.33,1.49,1.69,0,-0.63,neutral,neutral,0,-0.118,32,2093,1,
s8996,SUIUSDT,1781789400000,train,-1,-2.75,0.573,3.06,3.03,2.7,-2.12,2.09,0.9,1.17,1.38,0,-0.63,neutral,neutral,0,0.468,32,2093,1,
s8997,TIAUSDT,1781789400000,train,-1,-2.62,0.383,3.03,3.03,1.6,-1.99,1.54,0.65,0.67,1.19,0,-0.63,neutral,neutral,0,-1.0,27,2093,1,
s8998,SEIUSDT,1781789400000,train,-1,-2.33,0.542,2.57,2.54,1.17,-1.7,1.24,0.87,1.33,1.32,0,-0.63,neutral,neutral,0,-1.0,26,2093,1,
s8999,PENDLEUSDT,1781789400000,train,-1,-4.37,0.581,4.63,4.6,0.98,-3.73,2.08,1.54,1.52,1.69,0,-0.63,neutral,neutral,0,0.55,32,2093,1,
s9000,LDOUSDT,1781789400000,testB,-1,-3.62,0.481,4.41,4.37,1.39,-2.99,2.13,1.75,1.59,2.04,0,-0.63,neutral,bajista,0,0.223,32,2092,2,
s9001,STBLUSDT,1781790300000,train,-1,-2.06,0.406,3.09,2.18,3.5,-1.72,0.68,0.79,0.71,0.81,0,-0.34,neutral,neutral,1,2.0,7,2094,0,
s9002,ENAUSDT,1781790300000,train,-1,-3.25,0.362,5.1,4.03,1.06,-2.9,1.16,1.33,1.49,1.69,0,-0.34,neutral,neutral,0,-0.089,32,2094,0,
s9003,PENDLEUSDT,1781790300000,train,-1,-3.05,0.408,4.02,3.34,1.18,-2.71,1.35,1.54,1.52,1.69,0,-0.34,neutral,neutral,1,2.0,14,2094,0,
s9004,LDOUSDT,1781790300000,testB,-1,-3.14,0.395,4.28,3.27,1.87,-2.79,1.49,1.75,1.59,2.04,0,-0.34,neutral,neutral,0,0.242,32,2093,0,
s9005,PENDLEUSDT,1781792100000,train,-1,-2.45,0.353,3.38,2.75,2.36,-2.2,1.23,1.45,1.68,1.71,0,-0.25,neutral,neutral,1,2.0,9,2096,1,
s9006,APEUSDT,1781793900000,testB,-1,-3.0,0.39,3.78,3.25,0.68,-2.59,0.67,1.42,1.52,1.65,0,-0.42,neutral,neutral,0,-0.302,32,2097,0,
s9007,APEUSDT,1781794800000,testB,-1,-3.03,0.39,3.35,3.28,0.78,-2.29,1.44,1.82,1.76,1.75,1,-0.74,neutral,neutral,0,-0.302,32,2098,1,
s9008,STBLUSDT,1781795700000,train,-1,-3.47,0.477,4.29,3.67,1.46,-2.17,2.34,1.48,0.98,0.87,1,-1.29,neutral,bajista,0,1.242,32,2100,2,
s9009,SUIUSDT,1781795700000,train,-1,-2.49,0.377,3.35,3.2,1.58,-1.2,1.75,1.51,1.4,1.48,0,-1.29,neutral,bajista,0,0.129,32,2100,2,
s9010,APEUSDT,1781795700000,testB,-1,-4.09,0.462,4.58,4.5,1.37,-2.8,2.86,1.82,1.76,1.75,1,-1.29,neutral,bajista,0,-0.759,32,2099,2,
s9011,PUMPUSDT,1781796600000,train,-1,-3.65,0.397,5.54,5.05,1.96,-1.79,3.33,1.46,1.12,1.16,0,-1.86,neutral,bajista,0,-0.25,32,2101,3,
s9012,STBLUSDT,1781796600000,train,-1,-5.12,0.573,5.91,5.44,2.87,-3.26,3.87,1.48,0.98,0.87,1,-1.86,neutral,bajista,0,0.674,32,2101,3,
s9013,SUIUSDT,1781796600000,train,-1,-3.67,0.471,4.59,4.58,2.59,-1.81,2.79,1.51,1.4,1.48,0,-1.86,neutral,bajista,0,-0.255,32,2101,3,
s9014,SEIUSDT,1781796600000,train,-1,-2.26,0.359,3.48,3.31,2.61,-0.39,1.96,0.95,1.41,1.32,0,-1.86,neutral,bajista,0,-1.0,17,2101,3,
s9015,PENDLEUSDT,1781796600000,train,-1,-5.16,0.438,6.46,6.35,2.05,-3.3,4.39,2.11,1.94,1.86,1,-1.86,neutral,bajista,0,-0.33,32,2101,3,
s9016,FETUSDT,1781796600000,train,-1,-2.94,0.426,4.71,4.45,2.91,-1.08,2.88,1.04,0.82,0.94,0,-1.86,neutral,bajista,0,-0.659,32,2100,3,
s9017,STXUSDT,1781796600000,testB,-1,-2.54,0.382,4.21,3.88,2.93,-0.67,2.59,1.51,1.44,1.17,1,-1.86,neutral,bajista,0,-0.557,32,2100,3,
s9018,LDOUSDT,1781796600000,testB,-1,-4.0,0.359,6.82,6.26,2.2,-2.14,3.86,2.1,2.06,2.15,0,-1.86,neutral,bajista,0,-0.47,32,2100,3,
s9019,SANDUSDT,1781796600000,testB,-1,-3.69,0.55,5.18,4.91,2.44,-1.83,3.16,2.73,1.9,1.43,1,-1.86,neutral,bajista,0,-0.494,32,2100,3,
s9020,MANAUSDT,1781796600000,testB,-1,-2.8,0.442,3.64,3.34,2.87,-0.94,2.25,1.49,1.16,1.27,0,-1.86,neutral,bajista,0,-0.364,32,2100,3,
s9021,AXSUSDT,1781796600000,testB,-1,-3.01,0.433,4.06,3.96,3.28,-1.15,2.71,1.2,0.96,1.19,0,-1.86,neutral,bajista,0,-0.514,32,2100,3,
s9022,APEUSDT,1781796600000,testB,-1,-5.03,0.511,6.48,6.4,2.05,-3.16,4.35,1.82,1.76,1.75,1,-1.86,neutral,bajista,0,-0.827,32,2100,3,
s9023,ASTERUSDT,1781797500000,train,-1,-5.05,0.556,8.74,7.11,4.59,-2.55,4.58,1.9,2.91,5.81,0,-2.51,bear,bajista,0,-0.134,32,2102,7,
s9024,XPLUSDT,1781797500000,train,-1,-4.88,0.355,7.29,6.28,1.11,-2.37,3.66,1.78,1.58,2.88,0,-2.51,bear,bajista,0,0.079,32,2102,2,
s9025,PUMPUSDT,1781797500000,train,-1,-4.54,0.45,6.74,6.24,2.06,-2.03,4.03,1.46,1.12,1.16,0,-2.51,bear,bajista,0,-0.489,32,2102,4,
s9026,STBLUSDT,1781797500000,train,-1,-5.8,0.603,6.75,6.32,4.2,-3.29,4.22,1.48,0.98,0.87,1,-2.51,bear,bajista,0,0.352,32,2102,4,
s9027,0GUSDT,1781797500000,train,-1,-3.69,0.392,7.85,7.25,2.13,-1.18,3.49,1.61,1.46,1.29,1,-2.51,bear,bajista,0,-0.108,32,2102,4,
s9028,SUIUSDT,1781797500000,train,-1,-4.96,0.549,5.97,5.97,3.49,-2.45,3.69,1.51,1.4,1.48,0,-2.51,bear,bajista,0,-0.473,32,2102,4,
s9029,TIAUSDT,1781797500000,train,-1,-4.14,0.377,6.43,6.13,2.69,-1.64,3.78,1.28,0.94,1.24,0,-2.51,bear,bajista,0,-1.0,18,2102,4,
s9030,SEIUSDT,1781797500000,train,-1,-2.76,0.406,4.29,4.06,2.82,-0.25,2.4,0.95,1.41,1.32,0,-2.51,bear,bajista,0,-1.0,16,2102,4,
s9031,PENDLEUSDT,1781797500000,train,-1,-5.04,0.431,7.51,6.83,2.89,-2.53,4.34,2.11,1.94,1.86,1,-2.51,bear,bajista,0,-0.416,32,2102,4,
s9032,FETUSDT,1781797500000,train,-1,-3.7,0.49,5.58,5.22,3.84,-1.2,3.24,1.04,0.82,0.94,0,-2.51,bear,bajista,0,-0.778,32,2101,4,
s9033,STXUSDT,1781797500000,testB,-1,-3.45,0.464,4.92,4.8,3.0,-0.95,3.12,1.51,1.44,1.17,1,-2.51,bear,bajista,0,-0.628,32,2101,4,
s9034,GRTUSDT,1781797500000,testB,-1,-3.28,0.488,5.0,4.63,4.6,-0.77,2.85,1.1,0.99,1.05,0,-2.51,bear,bajista,0,-1.0,31,2101,4,
s9035,LDOUSDT,1781797500000,testB,-1,-4.64,0.406,7.22,6.77,2.83,-2.13,3.93,2.1,2.06,2.15,0,-2.51,bear,bajista,0,-0.569,32,2101,4,
s9036,SANDUSDT,1781797500000,testB,-1,-4.36,0.591,6.06,5.66,3.29,-1.86,3.52,2.73,1.9,1.43,1,-2.51,bear,bajista,0,-0.569,32,2101,4,
s9037,MANAUSDT,1781797500000,testB,-1,-3.25,0.478,4.43,3.97,4.0,-0.74,2.58,1.49,1.16,1.27,0,-2.51,bear,bajista,0,-0.615,32,2101,4,
s9038,AXSUSDT,1781797500000,testB,-1,-3.74,0.486,5.29,4.85,4.19,-1.23,3.2,1.2,0.96,1.19,0,-2.51,bear,bajista,0,-0.689,32,2101,4,
s9039,APEUSDT,1781797500000,testB,-1,-6.18,0.643,7.23,6.99,3.07,-3.68,4.31,1.82,1.76,1.75,1,-2.51,bear,bajista,0,-0.841,32,2101,4,
s9040,ASTERUSDT,1781798400000,train,-1,-4.16,0.418,8.65,5.99,5,-2.01,3.15,2.13,2.45,4.47,0,-2.15,bear,neutral,0,0.071,32,2103,0,
s9041,STBLUSDT,1781798400000,train,-1,-5.52,0.59,6.76,6.4,4.6,-3.37,3.93,1.64,1.06,0.88,1,-2.15,bear,bajista,0,0.342,32,2103,5,
s9042,0GUSDT,1781798400000,train,-1,-4.45,0.525,6.29,5.14,2.89,-2.3,2.65,1.8,1.25,1.35,0,-2.15,bear,neutral,0,0.043,32,2103,0,
s9043,SUIUSDT,1781798400000,train,-1,-4.02,0.409,6.18,5.0,3.8,-1.87,2.51,1.7,1.32,1.5,0,-2.15,bear,neutral,0,-0.372,32,2103,0,
s9044,PENDLEUSDT,1781798400000,train,-1,-4.7,0.391,7.48,6.43,3.54,-2.55,3.57,2.38,2.0,1.87,1,-2.15,bear,neutral,0,-0.362,32,2103,0,
s9045,FETUSDT,1781798400000,train,-1,-3.09,0.379,5.54,4.34,3.92,-0.94,2.12,1.09,0.84,0.92,0,-2.15,bear,neutral,0,-0.819,32,2102,0,
s9046,LDOUSDT,1781798400000,testB,-1,-4.45,0.385,7.2,6.38,2.99,-2.3,3.15,2.26,2.02,2.15,0,-2.15,bear,neutral,0,-0.538,32,2102,0,
s9047,SANDUSDT,1781798400000,testB,-1,-3.73,0.465,5.54,4.39,3.62,-1.58,2.49,2.82,1.98,1.47,1,-2.15,bear,neutral,0,-0.507,32,2102,0,
s9048,AXSUSDT,1781798400000,testB,-1,-3.01,0.358,5.25,4.07,4.26,-0.86,2.19,1.33,0.97,1.19,0,-2.15,bear,neutral,0,-0.553,32,2102,0,
s9049,APEUSDT,1781798400000,testB,-1,-4.65,0.47,7.16,5.98,3.13,-2.5,3.0,1.85,1.81,1.76,1,-2.15,bear,neutral,0,-0.763,32,2102,0,
s9050,ASTERUSDT,1781799300000,train,-1,-4.42,0.46,8.63,5.74,4.38,-1.92,2.56,2.13,2.45,4.47,0,-2.5,bear,neutral,0,0.125,32,2104,0,
s9051,PUMPUSDT,1781799300000,train,-1,-4.9,0.483,6.7,5.64,1.46,-2.4,2.74,1.45,1.16,1.13,1,-2.5,bear,neutral,0,-0.4,32,2104,1,
s9052,STBLUSDT,1781799300000,train,-1,-6.63,0.668,7.91,7.34,3.07,-4.13,4.33,1.64,1.06,0.88,1,-2.5,bear,bajista,0,0.104,32,2104,6,
s9053,0GUSDT,1781799300000,train,-1,-4.31,0.504,6.25,4.99,3.49,-1.81,2.27,1.8,1.25,1.35,0,-2.5,bear,neutral,0,-0.096,32,2104,0,
s9054,WLDUSDT,1781799300000,train,-1,-3.41,0.411,5.29,4.61,1.55,-0.91,1.58,0.85,0.89,0.87,0,-2.5,bear,bajista,0,-1.0,18,2104,5,
s9055,ARBUSDT,1781799300000,train,-1,-3.65,0.376,5.52,4.58,2.46,-1.15,2.1,1.32,0.99,1.01,0,-2.5,bear,neutral,0,-0.893,32,2104,1,
s9056,INJUSDT,1781799300000,train,-1,-2.63,0.363,5.0,3.84,2.73,-0.13,1.45,1.16,0.89,0.95,0,-2.5,bear,neutral,0,-1.0,15,2104,1,
s9057,SUIUSDT,1781799300000,train,-1,-4.61,0.499,6.18,5.05,2.52,-2.11,2.3,1.7,1.32,1.5,0,-2.5,bear,neutral,0,-0.385,32,2104,1,
s9058,TIAUSDT,1781799300000,train,-1,-3.82,0.351,6.41,5.28,2.45,-1.32,2.39,1.39,0.97,1.21,0,-2.5,bear,neutral,0,-1.0,16,2104,1,
s9059,SEIUSDT,1781799300000,train,-1,-2.52,0.371,4.25,3.25,2.34,-0.03,1.31,1.03,1.35,1.27,0,-2.5,bear,neutral,0,-1.0,14,2104,0,
s9060,PENDLEUSDT,1781799300000,train,-1,-6.27,0.511,7.58,7.51,3.2,-3.77,4.08,2.38,2.0,1.87,1,-2.5,bear,neutral,0,-0.432,32,2104,1,
s9061,FETUSDT,1781799300000,train,-1,-4.02,0.533,5.55,4.55,2.4,-1.52,2.07,1.09,0.84,0.92,0,-2.5,bear,neutral,0,-0.793,32,2103,1,
s9062,STXUSDT,1781799300000,testB,-1,-3.54,0.458,5.11,4.16,2.48,-1.04,2.02,1.64,1.16,1.2,0,-2.5,bear,neutral,0,-0.6,32,2103,1,
s9063,GRTUSDT,1781799300000,testB,-1,-2.74,0.387,4.95,3.46,3.67,-0.24,1.38,1.31,0.96,1.04,0,-2.5,bear,neutral,0,-1.0,29,2103,0,
s9064,LDOUSDT,1781799300000,testB,-1,-6.29,0.587,7.39,7.05,2.79,-3.79,3.34,2.26,2.02,2.15,0,-2.5,bear,neutral,0,-0.686,32,2103,1,
s9065,SANDUSDT,1781799300000,testB,-1,-4.1,0.513,5.55,4.6,3.05,-1.6,2.43,2.82,1.98,1.47,1,-2.5,bear,neutral,0,-0.61,32,2103,1,
s9066,MANAUSDT,1781799300000,testB,-1,-3.24,0.458,4.42,3.81,2.68,-0.75,2.0,1.66,1.18,1.23,0,-2.5,bear,neutral,0,-0.56,32,2103,1,
s9067,AXSUSDT,1781799300000,testB,-1,-3.82,0.481,5.26,4.29,2.32,-1.32,2.13,1.33,0.97,1.19,0,-2.5,bear,neutral,0,-0.675,32,2103,1,
s9068,APEUSDT,1781799300000,testB,-1,-5.74,0.588,6.96,6.33,2.5,-3.24,3.1,1.85,1.81,1.76,1,-2.5,bear,neutral,0,-1.0,32,2103,1,
s9069,ASTERUSDT,1781800200000,train,-1,-5.0,0.51,8.67,6.17,3.29,-2.6,2.74,2.13,2.45,4.47,0,-2.39,bear,neutral,0,0.051,32,2105,1,
s9070,PUMPUSDT,1781800200000,train,-1,-4.96,0.487,6.7,5.72,1.05,-2.57,2.52,1.45,1.16,1.13,1,-2.39,bear,bajista,0,-0.469,32,2105,2,
s9071,STBLUSDT,1781800200000,train,-1,-6.29,0.613,8.39,6.83,1.71,-3.89,3.5,1.64,1.06,0.88,1,-2.39,bear,neutral,0,0.175,32,2105,0,
s9072,0GUSDT,1781800200000,train,-1,-4.35,0.51,6.24,4.95,2.42,-1.95,2.02,1.8,1.25,1.35,0,-2.39,bear,neutral,0,-0.127,32,2105,0,
s9073,WLDUSDT,1781800200000,train,-1,-3.22,0.388,6.05,4.5,1.52,-0.83,1.43,0.85,0.89,0.87,0,-2.39,bear,neutral,0,-1.0,17,2105,0,
s9074,ARBUSDT,1781800200000,train,-1,-3.59,0.368,5.51,4.5,1.32,-1.19,1.83,1.32,0.99,1.01,0,-2.39,bear,neutral,0,-1.0,32,2105,0,
s9075,OPUSDT,1781800200000,train,-1,-3.78,0.35,6.7,5.56,0.97,-1.39,1.86,1.59,1.32,1.18,1,-2.39,bear,bajista,0,-1.0,32,2105,2,
s9076,INJUSDT,1781800200000,train,-1,-2.65,0.367,4.99,3.74,1.88,-0.26,1.23,1.16,0.89,0.95,0,-2.39,bear,neutral,0,-1.0,14,2105,0,
s9077,SUIUSDT,1781800200000,train,-1,-4.56,0.495,6.17,5.19,1.48,-2.16,2.22,1.7,1.32,1.5,0,-2.39,bear,bajista,0,-0.42,32,2105,2,
s9078,FETUSDT,1781800200000,train,-1,-4.16,0.565,5.55,4.5,1.33,-1.77,1.84,1.09,0.84,0.92,0,-2.39,bear,neutral,0,-0.895,32,2104,0,
s9079,STXUSDT,1781800200000,testB,-1,-3.53,0.458,5.1,3.99,0.99,-1.14,1.69,1.64,1.16,1.2,0,-2.39,bear,neutral,0,-0.694,32,2104,0,
s9080,LDOUSDT,1781800200000,testB,-1,-6.24,0.584,7.89,7.22,1.31,-3.84,3.19,2.26,2.02,2.15,0,-2.39,bear,bajista,0,-0.792,32,2104,2,
s9081,SANDUSDT,1781800200000,testB,-1,-3.84,0.48,5.54,4.45,1.45,-1.45,2.08,2.82,1.98,1.47,1,-2.39,bear,neutral,0,-0.629,32,2104,0,
s9082,MANAUSDT,1781800200000,testB,-1,-3.24,0.458,4.42,3.81,1.58,-0.85,1.79,1.66,1.18,1.23,0,-2.39,bear,neutral,0,-0.56,32,2104,0,
s9083,AXSUSDT,1781800200000,testB,-1,-4.02,0.506,5.26,4.4,1.48,-1.63,2.01,1.33,0.97,1.19,0,-2.39,bear,neutral,0,-0.732,32,2104,0,
s9084,APEUSDT,1781800200000,testB,-1,-5.31,0.559,6.72,5.77,1.63,-2.92,2.83,1.85,1.81,1.76,1,-2.39,bear,neutral,0,-1.0,23,2104,0,
s9085,PUMPUSDT,1781801100000,train,-1,-4.89,0.477,6.69,5.42,0.68,-2.27,2.03,1.45,1.16,1.13,1,-2.61,bear,neutral,0,-0.325,32,2106,0,
s9086,STBLUSDT,1781801100000,train,-1,-5.52,0.527,8.34,6.28,0.81,-2.9,2.67,1.64,1.06,0.88,1,-2.61,bear,neutral,0,0.31,32,2106,0,
s9087,0GUSDT,1781801100000,train,-1,-3.57,0.39,5.98,3.96,1.3,-0.96,1.36,1.8,1.25,1.35,0,-2.61,bear,neutral,0,0.028,32,2106,0,
s9088,SUIUSDT,1781801100000,train,-1,-4.3,0.455,6.15,4.73,0.73,-1.68,1.61,1.7,1.32,1.5,0,-2.61,bear,neutral,0,-0.363,32,2106,0,
s9089,PENDLEUSDT,1781801100000,train,-1,-6.4,0.509,8.37,7.49,0.91,-3.78,3.24,2.38,2.0,1.87,1,-2.61,bear,neutral,0,-0.342,32,2106,0,
s9090,FETUSDT,1781801100000,train,-1,-3.67,0.483,5.53,4.12,0.65,-1.05,1.37,1.09,0.84,0.92,0,-2.61,bear,neutral,0,-0.861,32,2105,0,
s9091,STXUSDT,1781801100000,testB,-1,-3.05,0.373,5.07,3.47,0.61,-0.43,1.1,1.64,1.16,1.2,0,-2.61,bear,neutral,0,-0.556,32,2105,0,
s9092,GRTUSDT,1781801100000,testB,-1,-2.68,0.371,4.93,3.13,0.96,-0.07,0.89,1.31,0.96,1.04,0,-2.61,bear,neutral,0,-1.0,27,2105,1,
s9093,LDOUSDT,1781801100000,testB,-1,-5.81,0.524,7.85,6.61,0.71,-3.19,2.42,2.26,2.02,2.15,0,-2.61,bear,neutral,0,-0.661,32,2105,0,
s9094,SANDUSDT,1781801100000,testB,-1,-3.3,0.387,5.5,3.73,0.68,-0.69,1.28,2.82,1.98,1.47,1,-2.61,bear,neutral,0,-0.524,32,2105,0,
s9095,MANAUSDT,1781801100000,testB,-1,-2.8,0.373,4.39,3.18,0.72,-0.18,1.04,1.66,1.18,1.23,0,-2.61,bear,neutral,0,-0.524,32,2105,0,
s9096,AXSUSDT,1781801100000,testB,-1,-3.3,0.39,5.23,3.74,0.75,-0.69,1.25,1.33,0.97,1.19,0,-2.61,bear,neutral,0,-0.657,32,2105,0,
s9097,APEUSDT,1781801100000,testB,-1,-4.87,0.496,6.61,5.28,0.97,-2.26,2.13,1.85,1.81,1.76,1,-2.61,bear,neutral,0,-1.0,21,2105,0,
s9098,ASTERUSDT,1781802000000,train,-1,-5.11,0.468,8.66,6.1,0.89,-2.17,2.34,2.06,2.11,3.6,0,-2.94,bear,neutral,0,0.123,32,2107,1,
s9099,XPLUSDT,1781802000000,train,-1,-5.18,0.39,7.95,6.44,0.88,-2.24,2.79,1.75,1.57,2.28,0,-2.94,bear,neutral,0,0.051,32,2107,1,
s9100,PUMPUSDT,1781802000000,train,-1,-5.48,0.513,6.72,6.02,0.5,-2.55,2.48,1.48,1.22,1.13,1,-2.94,bear,neutral,0,-0.306,32,2107,1,
s9101,STBLUSDT,1781802000000,train,-1,-6.68,0.574,8.45,7.65,0.6,-3.75,3.58,1.67,1.09,0.88,1,-2.94,bear,neutral,0,0.089,32,2107,1,
s9102,0GUSDT,1781802000000,train,-1,-4.12,0.423,5.81,4.74,0.5,-1.18,2.08,1.85,1.23,1.36,0,-2.94,bear,neutral,0,-0.148,32,2107,1,
s9103,ARBUSDT,1781802000000,train,-1,-3.78,0.355,5.51,4.51,0.55,-0.84,1.7,1.37,0.98,1.01,0,-2.94,bear,neutral,0,-1.0,30,2107,1,
s9104,INJUSDT,1781802000000,train,-1,-3.36,0.405,4.89,3.91,0.67,-0.42,1.44,1.17,0.91,0.95,0,-2.94,bear,neutral,0,-1.0,12,2107,1,
s9105,SUIUSDT,1781802000000,train,-1,-4.86,0.485,6.19,5.43,0.48,-1.92,2.13,1.83,1.29,1.51,0,-2.94,bear,neutral,0,-0.408,32,2107,1,
s9106,ONDOUSDT,1781802000000,train,-1,-4.81,0.405,6.45,5.61,0.37,-1.87,1.66,2.59,1.77,1.56,1,-2.94,bear,neutral,0,-0.174,32,2106,1,
s9107,FETUSDT,1781802000000,train,-1,-4.07,0.509,5.55,4.55,0.58,-1.13,1.71,1.16,0.87,0.91,0,-2.94,bear,neutral,0,-0.782,32,2106,1,
s9108,STXUSDT,1781802000000,testB,-1,-3.96,0.44,5.12,4.4,0.31,-1.02,1.87,1.78,1.18,1.22,0,-2.94,bear,neutral,0,-0.62,32,2106,1,
s9109,GRTUSDT,1781802000000,testB,-1,-3.04,0.424,4.94,3.29,0.63,-0.1,1.03,1.43,0.98,1.05,0,-2.94,bear,bajista,0,-1.0,26,2106,2,
s9110,LDOUSDT,1781802000000,testB,-1,-6.33,0.549,7.89,7.18,0.56,-3.4,2.84,2.37,2.06,2.17,0,-2.94,bear,neutral,0,-0.665,32,2106,1,
s9111,SANDUSDT,1781802000000,testB,-1,-3.87,0.426,5.54,4.41,0.42,-0.94,1.77,2.83,2.04,1.51,1,-2.94,bear,neutral,0,-0.595,32,2106,1,
s9112,MANAUSDT,1781802000000,testB,-1,-3.1,0.396,4.42,3.81,0.57,-0.16,1.54,1.84,1.22,1.25,0,-2.94,bear,neutral,0,-0.56,32,2106,1,
s9113,AXSUSDT,1781802000000,testB,-1,-4.64,0.474,5.95,5.19,1.83,-1.71,2.46,1.86,1.22,1.26,0,-2.94,bear,neutral,0,-0.729,32,2106,1,
s9114,APEUSDT,1781802000000,testB,-1,-5.12,0.507,6.58,5.95,0.68,-2.18,2.64,1.75,1.74,1.76,0,-2.94,bear,neutral,0,-1.0,20,2106,1,
s9115,ASTERUSDT,1781802900000,train,-1,-5.38,0.509,8.61,5.97,0.61,-2.63,2.08,2.06,2.11,3.6,0,-2.76,bear,neutral,0,0.152,32,2108,0,
s9116,PUMPUSDT,1781802900000,train,-1,-5.29,0.491,6.71,5.58,0.74,-2.53,2.12,1.48,1.22,1.13,1,-2.76,bear,neutral,0,-0.266,32,2108,0,
s9117,STBLUSDT,1781802900000,train,-1,-6.32,0.545,8.44,7.47,0.49,-3.56,3.12,1.67,1.09,0.88,1,-2.76,bear,neutral,0,0.145,32,2108,0,
s9118,0GUSDT,1781802900000,train,-1,-4.11,0.423,5.76,4.47,0.46,-1.35,1.7,1.85,1.23,1.36,0,-2.76,bear,neutral,0,-0.248,32,2108,0,
s9119,ARBUSDT,1781802900000,train,-1,-4.02,0.389,5.51,4.46,0.55,-1.27,1.5,1.37,0.98,1.01,0,-2.76,bear,neutral,0,-1.0,29,2108,0,
s9120,OPUSDT,1781802900000,train,-1,-4.3,0.402,6.7,5.45,0.41,-1.55,1.6,1.59,1.3,1.2,1,-2.76,bear,bajista,0,-1.0,29,2108,2,
s9121,INJUSDT,1781802900000,train,-1,-3.31,0.399,4.64,3.43,0.56,-0.55,1.11,1.17,0.91,0.95,0,-2.76,bear,neutral,0,-1.0,11,2108,0,
s9122,SUIUSDT,1781802900000,train,-1,-4.47,0.43,5.86,4.68,0.52,-1.71,1.53,1.83,1.29,1.51,0,-2.76,bear,neutral,0,-0.355,32,2108,0,
s9123,JUPUSDT,1781802900000,train,-1,-3.63,0.354,5.62,4.03,0.59,-0.87,1.08,1.26,0.98,1.22,0,-2.76,bear,bajista,0,-1.0,10,2108,2,
s9124,ONDOUSDT,1781802900000,train,-1,-4.68,0.398,6.73,5.67,0.42,-1.93,1.77,2.59,1.77,1.56,1,-2.76,bear,bajista,0,-0.222,32,2107,2,
s9125,FETUSDT,1781802900000,train,-1,-4.37,0.534,5.46,4.51,0.7,-1.61,1.81,1.16,0.87,0.91,0,-2.76,bear,bajista,0,-1.0,31,2107,2,
s9126,STXUSDT,1781802900000,testB,-1,-4.11,0.456,5.13,4.51,0.32,-1.36,1.81,1.78,1.18,1.22,0,-2.76,bear,bajista,0,-0.593,32,2107,2,
s9127,GRTUSDT,1781802900000,testB,-1,-2.88,0.394,4.82,2.97,0.55,-0.12,0.76,1.43,0.98,1.05,0,-2.76,bear,neutral,0,-1.0,22,2107,0,
s9128,LDOUSDT,1781802900000,testB,-1,-5.82,0.502,7.19,6.14,0.57,-3.06,2.28,2.37,2.06,2.17,0,-2.76,bear,neutral,0,-0.732,32,2107,0,
s9129,SANDUSDT,1781802900000,testB,-1,-4.12,0.452,5.55,4.55,0.47,-1.36,1.71,2.83,2.04,1.51,1,-2.76,bear,bajista,0,-0.633,32,2107,2,
s9130,MANAUSDT,1781802900000,testB,-1,-3.38,0.451,4.26,3.5,0.61,-0.62,1.26,1.84,1.22,1.25,0,-2.76,bear,neutral,0,-0.609,32,2107,0,
s9131,AXSUSDT,1781802900000,testB,-1,-4.54,0.458,5.94,4.97,2.01,-1.78,2.05,1.86,1.22,1.26,0,-2.76,bear,neutral,0,-0.761,32,2107,0,
s9132,APEUSDT,1781802900000,testB,-1,-5.25,0.53,6.57,5.7,0.64,-2.49,2.13,1.75,1.74,1.76,0,-2.76,bear,neutral,0,-1.0,19,2107,0,
s9133,ASTERUSDT,1781803800000,train,-1,-4.4,0.455,8.4,6.34,0.59,-2.48,2.41,2.06,2.11,3.6,0,-1.92,neutral,neutral,0,0.04,32,2109,1,
s9134,PUMPUSDT,1781803800000,train,-1,-3.21,0.364,6.64,5.51,0.69,-1.29,1.95,1.48,1.22,1.13,1,-1.92,neutral,neutral,0,-0.269,32,2109,0,
s9135,STBLUSDT,1781803800000,train,-1,-5.47,0.503,7.95,6.95,0.37,-3.54,2.76,1.67,1.09,0.88,1,-1.92,neutral,neutral,0,0.168,32,2109,1,
s9136,PENDLEUSDT,1781803800000,train,-1,-5.45,0.489,9.08,7.87,0.57,-3.53,3.01,2.39,2.02,1.89,1,-1.92,neutral,neutral,0,-0.447,32,2109,0,
s9137,FETUSDT,1781803800000,train,-1,-3.1,0.445,5.46,4.57,0.73,-1.18,1.67,1.16,0.87,0.91,0,-1.92,neutral,bajista,0,-1.0,30,2108,3,
s9138,APEUSDT,1781803800000,testB,-1,-4.17,0.47,6.57,5.7,0.61,-2.25,1.92,1.75,1.74,1.76,0,-1.92,neutral,neutral,0,-1.0,18,2108,1,
s9139,ASTERUSDT,1781804700000,train,-1,-4.89,0.536,7.91,5.77,0.52,-2.74,2.13,2.06,2.11,3.6,0,-2.15,bear,neutral,0,-0.087,32,2110,0,
s9140,XPLUSDT,1781804700000,train,-1,-4.77,0.363,8.69,7.71,0.81,-2.62,3.91,1.75,1.57,2.28,0,-2.15,bear,neutral,0,-0.173,32,2110,1,
s9141,PUMPUSDT,1781804700000,train,-1,-3.88,0.456,6.66,5.74,0.72,-1.73,1.97,1.48,1.22,1.13,1,-2.15,bear,neutral,0,-0.321,32,2110,1,
s9142,STBLUSDT,1781804700000,train,-1,-6.85,0.65,7.92,7.52,0.38,-4.71,3.07,1.67,1.09,0.88,1,-2.15,bear,bajista,0,0.027,32,2110,2,
s9143,0GUSDT,1781804700000,train,-1,-2.97,0.362,5.75,4.16,0.41,-0.82,1.08,1.85,1.23,1.36,0,-2.15,bear,neutral,0,-0.372,32,2110,0,
s9144,ARBUSDT,1781804700000,train,-1,-2.88,0.36,5.51,4.44,0.5,-0.73,1.24,1.37,0.98,1.01,0,-2.15,bear,neutral,0,-1.0,27,2110,1,
s9145,SUIUSDT,1781804700000,train,-1,-3.23,0.418,5.31,4.38,0.57,-1.08,1.49,1.83,1.29,1.51,0,-2.15,bear,bajista,0,-0.514,32,2110,2,
s9146,FETUSDT,1781804700000,train,-1,-3.65,0.537,5.47,4.79,0.71,-1.5,1.7,1.16,0.87,0.91,0,-2.15,bear,bajista,0,-1.0,29,2109,4,
s9147,LDOUSDT,1781804700000,testB,-1,-3.42,0.364,6.63,5.07,0.62,-1.27,1.46,2.37,2.06,2.17,0,-2.15,bear,neutral,0,-0.801,32,2109,0,
s9148,SANDUSDT,1781804700000,testB,-1,-3.21,0.399,5.55,4.53,0.47,-1.07,1.41,2.83,2.04,1.51,1,-2.15,bear,neutral,0,-0.697,32,2109,1,
s9149,MANAUSDT,1781804700000,testB,-1,-2.38,0.381,4.26,3.5,0.67,-0.23,1.01,1.84,1.22,1.25,0,-2.15,bear,neutral,0,-0.739,32,2109,0,
s9150,AXSUSDT,1781804700000,testB,-1,-3.33,0.372,5.92,4.63,1.98,-1.18,1.42,1.86,1.22,1.26,0,-2.15,bear,neutral,0,-0.791,32,2109,0,
s9151,APEUSDT,1781804700000,testB,-1,-4.15,0.47,6.53,5.11,0.67,-2.0,1.19,1.75,1.74,1.76,0,-2.15,bear,neutral,0,-1.0,17,2109,0,
s9152,ASTERUSDT,1781805600000,train,-1,-4.79,0.521,7.9,5.62,0.26,-3.11,1.86,2.01,1.85,3.17,0,-1.68,neutral,neutral,0,-0.034,32,2111,0,
s9153,PUMPUSDT,1781805600000,train,-1,-4.14,0.496,6.66,5.81,0.71,-2.46,1.84,1.43,1.24,0.99,1,-1.68,neutral,bajista,0,-0.317,32,2111,2,
s9154,STBLUSDT,1781805600000,train,-1,-6.53,0.637,8.32,7.95,0.36,-4.84,3.11,1.7,1.11,0.84,1,-1.68,neutral,bajista,0,0.02,32,2111,3,
s9155,SUIUSDT,1781805600000,train,-1,-2.93,0.376,5.3,4.2,0.52,-1.25,1.19,1.87,1.3,1.4,0,-1.68,neutral,neutral,0,-0.483,32,2111,0,
s9156,ONDOUSDT,1781805600000,train,-1,-4.07,0.398,6.78,6.41,0.66,-2.39,2.08,2.53,1.86,1.5,1,-1.68,neutral,bajista,0,-0.307,32,2110,2,
s9157,FETUSDT,1781805600000,train,-1,-3.4,0.489,5.46,4.57,0.69,-1.72,1.36,1.13,0.88,0.84,1,-1.68,neutral,neutral,0,-1.0,28,2110,0,
s9158,SANDUSDT,1781805600000,testB,-1,-3.28,0.412,5.54,4.33,0.43,-1.6,1.11,2.59,2.07,1.44,1,-1.68,neutral,neutral,0,-0.624,32,2110,0,
s9159,MANAUSDT,1781805600000,testB,-1,-2.52,0.415,4.26,3.5,0.67,-0.84,0.98,1.86,1.24,1.13,1,-1.68,neutral,neutral,0,-0.696,32,2110,0,
s9160,AXSUSDT,1781805600000,testB,-1,-3.33,0.372,5.93,4.74,0.55,-1.65,1.4,1.87,1.22,1.15,1,-1.68,neutral,neutral,0,-0.773,32,2110,1,
s9161,APEUSDT,1781805600000,testB,-1,-3.79,0.446,6.53,5.11,0.7,-2.1,1.13,1.73,1.65,1.63,1,-1.68,neutral,neutral,0,-1.0,16,2110,0,
s9162,ASTERUSDT,1781806500000,train,-1,-4.69,0.514,7.76,5.46,0.21,-3.19,1.45,2.01,1.85,3.17,0,-1.5,neutral,neutral,0,-0.02,32,2112,0,
s9163,XPLUSDT,1781806500000,train,-1,-5.93,0.478,8.7,7.86,0.68,-4.42,3.07,1.69,1.56,2.03,0,-1.5,neutral,neutral,0,-0.148,32,2112,1,
s9164,PUMPUSDT,1781806500000,train,-1,-4.12,0.496,6.34,4.93,0.44,-2.62,0.86,1.43,1.24,0.99,1,-1.5,neutral,neutral,0,-0.157,32,2112,0,
s9165,STBLUSDT,1781806500000,train,-1,-6.84,0.693,8.12,7.75,0.31,-5.34,2.7,1.7,1.11,0.84,1,-1.5,neutral,neutral,0,0.058,32,2112,0,
s9166,ENAUSDT,1781806500000,train,-1,-4.39,0.37,7.65,6.98,0.57,-2.89,1.59,1.71,1.55,1.58,0,-1.5,neutral,neutral,0,-1.0,22,2112,1,
s9167,SUIUSDT,1781806500000,train,-1,-2.77,0.35,4.99,3.37,0.47,-1.27,0.28,1.87,1.3,1.4,0,-1.5,neutral,neutral,0,-0.285,32,2112,0,
s9168,PENDLEUSDT,1781806500000,train,-1,-5.44,0.496,9.02,7.2,0.41,-3.93,1.42,2.39,1.98,1.78,1,-1.5,neutral,neutral,0,-0.33,32,2112,0,
s9169,ONDOUSDT,1781806500000,train,-1,-4.43,0.452,6.66,6.21,0.57,-2.93,1.49,2.53,1.86,1.5,1,-1.5,neutral,neutral,0,-0.213,32,2111,0,
s9170,FETUSDT,1781806500000,train,-1,-2.94,0.397,5.07,3.6,0.55,-1.44,0.53,1.13,0.88,0.84,1,-1.5,neutral,neutral,0,-1.0,24,2111,0,
s9171,SANDUSDT,1781806500000,testB,-1,-3.08,0.379,5.32,3.72,0.28,-1.58,0.49,2.59,2.07,1.44,1,-1.5,neutral,neutral,0,-0.537,32,2111,0,
s9172,MANAUSDT,1781806500000,testB,-1,-2.51,0.415,4.09,2.88,0.55,-1.01,0.31,1.86,1.24,1.13,1,-1.5,neutral,neutral,0,-0.526,32,2111,0,
s9173,AXSUSDT,1781806500000,testB,-1,-3.42,0.388,5.47,3.86,0.32,-1.92,0.71,1.87,1.22,1.15,1,-1.5,neutral,neutral,0,-0.722,32,2111,0,
s9174,APEUSDT,1781806500000,testB,-1,-3.25,0.361,6.41,4.38,0.58,-1.75,0.3,1.73,1.65,1.63,1,-1.5,neutral,neutral,0,-1.0,15,2111,0,
s9175,ASTERUSDT,1781807400000,train,-1,-4.5,0.484,7.4,4.91,0.22,-2.79,1.22,2.01,1.85,3.17,0,-1.71,neutral,neutral,0,0.029,32,2113,0,
s9176,PUMPUSDT,1781807400000,train,-1,-3.72,0.44,6.25,4.57,0.37,-2.01,0.59,1.43,1.24,0.99,1,-1.71,neutral,neutral,0,-0.108,32,2113,0,
s9177,STBLUSDT,1781807400000,train,-1,-6.36,0.636,8.09,7.4,0.38,-4.65,2.28,1.7,1.11,0.84,1,-1.71,neutral,neutral,0,0.082,32,2113,0,
s9178,PENDLEUSDT,1781807400000,train,-1,-5.11,0.452,8.99,6.79,0.38,-3.39,1.04,2.39,1.98,1.78,1,-1.71,neutral,neutral,0,-0.342,32,2113,0,
s9179,ONDOUSDT,1781807400000,train,-1,-5.76,0.584,7.67,7.05,0.73,-4.05,2.18,2.53,1.86,1.5,1,-1.71,neutral,neutral,0,-0.285,32,2112,1,
s9180,FETUSDT,1781807400000,train,-1,-2.64,0.356,4.9,3.28,0.44,-0.93,0.39,1.13,0.88,0.84,1,-1.71,neutral,neutral,0,-1.0,22,2112,0,
s9181,SANDUSDT,1781807400000,testB,-1,-2.95,0.363,5.12,3.46,0.23,-1.24,0.43,2.59,2.07,1.44,1,-1.71,neutral,neutral,0,-0.589,32,2112,0,
s9182,MANAUSDT,1781807400000,testB,-1,-2.22,0.366,3.93,2.57,0.48,-0.51,0.17,1.86,1.24,1.13,1,-1.71,neutral,neutral,0,-0.647,32,2112,0,
s9183,ASTERUSDT,1781808300000,train,-1,-4.32,0.473,6.98,4.69,0.2,-2.59,1.28,2.01,1.85,3.17,0,-1.73,neutral,neutral,0,-0.07,32,2114,1,
s9184,PUMPUSDT,1781808300000,train,-1,-4.39,0.512,5.86,4.59,0.34,-2.66,0.94,1.43,1.24,0.99,1,-1.73,neutral,neutral,0,-0.277,32,2114,1,
s9185,STBLUSDT,1781808300000,train,-1,-6.98,0.709,7.99,7.59,0.31,-5.26,2.21,1.7,1.11,0.84,1,-1.73,neutral,neutral,0,0.037,32,2114,1,
s9186,0GUSDT,1781808300000,train,-1,-2.95,0.362,5.24,3.08,0.28,-1.22,0.23,1.4,1.24,1.25,0,-1.73,neutral,neutral,0,-0.19,32,2114,0,
s9187,ENAUSDT,1781808300000,train,-1,-5.36,0.456,7.6,6.22,0.51,-3.64,0.93,1.71,1.55,1.58,0,-1.73,neutral,neutral,0,-1.0,20,2114,1,
s9188,ARBUSDT,1781808300000,train,-1,-3.26,0.417,4.99,3.44,0.39,-1.54,0.42,1.37,0.98,0.93,1,-1.73,neutral,neutral,0,-1.0,20,2114,1,
s9189,SUIUSDT,1781808300000,train,-1,-2.88,0.374,4.53,3.01,0.39,-1.16,0.4,1.87,1.3,1.4,0,-1.73,neutral,bajista,0,-0.407,32,2114,2,
s9190,PENDLEUSDT,1781808300000,train,-1,-6.34,0.605,8.76,6.86,0.36,-4.61,1.24,2.39,1.98,1.78,1,-1.73,neutral,neutral,0,-0.381,32,2114,1,
s9191,ONDOUSDT,1781808300000,train,-1,-6.22,0.602,6.8,6.69,0.69,-4.49,2.44,2.53,1.86,1.5,1,-1.73,neutral,bajista,0,-0.417,32,2113,2,
s9192,FETUSDT,1781808300000,train,-1,-3.34,0.44,4.66,3.51,0.41,-1.62,0.77,1.13,0.88,0.84,1,-1.73,neutral,neutral,0,-1.0,20,2113,1,
s9193,LDOUSDT,1781808300000,testB,-1,-3.88,0.438,6.29,4.11,0.28,-2.15,0.3,2.28,2.03,1.95,1,-1.73,neutral,neutral,0,-1.0,23,2113,1,
s9194,SANDUSDT,1781808300000,testB,-1,-3.46,0.428,5.03,3.62,0.28,-1.73,0.65,2.59,2.07,1.44,1,-1.73,neutral,neutral,0,-0.672,32,2113,1,
s9195,MANAUSDT,1781808300000,testB,-1,-2.66,0.409,3.8,2.89,0.32,-0.94,0.58,1.86,1.24,1.13,1,-1.73,neutral,neutral,0,-0.684,32,2113,1,
s9196,AXSUSDT,1781808300000,testB,-1,-3.32,0.39,5.14,3.43,0.24,-1.59,0.53,1.87,1.22,1.15,1,-1.73,neutral,neutral,0,-1.0,25,2113,1,
s9197,ASTERUSDT,1781809200000,train,-1,-4.28,0.47,6.63,4.46,0.19,-2.92,1.26,1.79,1.71,2.92,0,-1.36,neutral,bajista,0,-0.081,32,2115,2,
s9198,PUMPUSDT,1781809200000,train,-1,-3.8,0.475,5.36,4.09,0.31,-2.44,0.93,1.25,1.21,0.89,1,-1.36,neutral,neutral,0,-0.172,32,2115,0,
s9199,STBLUSDT,1781809200000,train,-1,-6.34,0.682,7.26,6.81,0.28,-4.98,2.02,1.45,1.12,0.83,1,-1.36,neutral,neutral,0,0.173,32,2115,0,
s9200,ENAUSDT,1781809200000,train,-1,-5.35,0.454,6.97,6.07,0.51,-3.98,1.39,1.7,1.53,1.52,1,-1.36,neutral,bajista,0,-1.0,6,2115,2,
s9201,ARBUSDT,1781809200000,train,-1,-2.82,0.381,4.57,3.06,0.36,-1.46,0.47,1.29,0.98,0.87,1,-1.36,neutral,bajista,0,-1.0,6,2115,2,
s9202,PENDLEUSDT,1781809200000,train,-1,-5.0,0.519,7.41,5.28,0.34,-3.64,0.88,2.3,1.93,1.65,1,-1.36,neutral,neutral,0,-0.114,32,2115,0,
s9203,ONDOUSDT,1781809200000,train,-1,-5.78,0.583,6.77,6.62,0.7,-4.42,2.53,2.16,1.91,1.42,1,-1.36,neutral,bajista,0,-0.328,32,2114,3,
s9204,FETUSDT,1781809200000,train,-1,-2.55,0.352,4.13,2.77,0.33,-1.19,0.52,1.05,0.85,0.75,1,-1.36,neutral,neutral,0,-1.0,18,2114,0,
s9205,LDOUSDT,1781809200000,testB,-1,-3.19,0.385,5.63,3.4,0.29,-1.83,0.34,2.03,1.93,1.72,1,-1.36,neutral,neutral,0,-1.0,21,2114,0,
s9206,SANDUSDT,1781809200000,testB,-1,-3.41,0.424,4.82,3.57,0.28,-2.05,0.76,2.33,2.03,1.35,1,-1.36,neutral,bajista,0,-0.522,32,2114,2,
s9207,ASTERUSDT,1781810100000,train,-1,-3.31,0.404,5.82,3.72,0.16,-2.58,1.21,1.79,1.71,2.92,0,-0.73,neutral,bajista,0,0.136,32,2116,3,
s9208,STBLUSDT,1781810100000,train,-1,-4.63,0.583,5.71,5.1,0.25,-3.9,1.66,1.45,1.12,0.83,1,-0.73,neutral,neutral,0,0.516,32,2116,0,
s9209,ENAUSDT,1781810100000,train,-1,-3.81,0.355,5.55,4.46,0.48,-3.08,1.1,1.7,1.53,1.52,1,-0.73,neutral,neutral,0,-1.0,3,2116,0,
s9210,ONDOUSDT,1781810100000,train,-1,-3.91,0.44,5.32,4.78,0.67,-3.18,2.03,2.16,1.91,1.42,1,-0.73,neutral,neutral,0,-0.47,32,2115,0,
s9211,ARUSDT,1781810100000,testB,1,3.26,0.36,5.02,4.87,0.75,3.99,1.76,1.46,1.03,0.82,1,-0.73,neutral,alcista,0,0.464,32,2115,2,
s9212,XPLUSDT,1781811000000,train,-1,-6.06,0.458,8.46,7.17,0.83,-6.36,3.2,1.54,1.55,1.82,0,0.3,neutral,neutral,0,-0.251,32,2117,1,
s9213,STBLUSDT,1781811000000,train,-1,-2.76,0.449,4.38,3.81,0.29,-3.06,1.63,1.45,1.12,0.83,1,0.3,neutral,neutral,0,0.606,32,2117,1,
s9214,OPUSDT,1781811000000,train,1,3.94,0.532,4.81,4.62,0.51,3.64,1.55,1.45,1.34,1.03,1,0.3,neutral,alcista,0,-1.0,31,2117,2,
s9215,SEIUSDT,1781811000000,train,1,2.67,0.429,3.65,3.52,0.82,2.37,1.47,1.1,1.0,1.11,0,0.3,neutral,alcista,0,0.387,32,2117,2,
s9216,JUPUSDT,1781811000000,train,1,4.01,0.541,4.7,4.6,0.5,3.71,1.82,1.31,1.1,1.07,1,0.3,neutral,alcista,0,0.092,32,2117,3,
s9217,ARUSDT,1781811000000,testB,1,5.55,0.602,6.05,5.91,0.86,5.25,2.55,1.46,1.03,0.82,1,0.3,neutral,alcista,0,0.176,32,2116,3,
s9218,GRTUSDT,1781811000000,testB,1,2.07,0.386,3.7,3.59,0.53,1.77,0.97,1.46,1.0,0.87,1,0.3,neutral,alcista,0,0.768,32,2116,3,
s9219,STBLUSDT,1781811900000,train,-1,-2.19,0.39,3.17,2.84,0.45,-3.13,1.6,1.45,1.12,0.83,1,0.94,neutral,bajista,0,0.643,32,2118,2,
s9220,ARBUSDT,1781811900000,train,1,2.45,0.498,2.91,2.65,0.55,1.51,0.71,1.29,0.98,0.87,1,0.94,neutral,alcista,0,0.557,32,2118,3,
s9221,OPUSDT,1781811900000,train,1,4.53,0.61,4.98,4.7,0.76,3.59,1.75,1.45,1.34,1.03,1,0.94,neutral,alcista,0,-1.0,30,2118,3,
s9222,INJUSDT,1781811900000,train,1,2.48,0.364,3.01,2.78,0.4,1.53,1.06,1.03,0.89,0.82,1,0.94,neutral,alcista,0,-0.759,32,2118,4,
s9223,TIAUSDT,1781811900000,train,1,3.24,0.526,3.98,3.45,0.49,2.3,0.74,1.31,0.98,0.88,1,0.94,neutral,neutral,0,0.417,32,2118,0,
s9224,SEIUSDT,1781811900000,train,1,3.85,0.643,4.17,3.85,1.19,2.91,1.8,1.1,1.0,1.11,0,0.94,neutral,alcista,0,0.352,32,2118,3,
s9225,JUPUSDT,1781811900000,train,1,5.3,0.667,6.34,5.24,1.49,4.36,2.56,1.31,1.1,1.07,1,0.94,neutral,alcista,0,-0.13,32,2118,4,
s9226,ARUSDT,1781811900000,testB,1,5.84,0.649,6.31,5.71,1.24,4.89,2.23,1.46,1.03,0.82,1,0.94,neutral,neutral,0,0.226,32,2117,0,
s9227,STXUSDT,1781811900000,testB,1,2.12,0.365,2.68,2.41,0.35,1.18,0.33,1.6,1.22,1.14,1,0.94,neutral,neutral,0,0.159,32,2117,0,
s9228,GRTUSDT,1781811900000,testB,1,3.6,0.807,3.89,3.74,0.7,2.66,1.16,1.46,1.0,0.87,1,0.94,neutral,alcista,0,0.75,32,2117,4,
s9229,LDOUSDT,1781811900000,testB,1,2.25,0.423,3.55,3.29,0.41,1.3,0.67,2.03,1.93,1.72,1,0.94,neutral,neutral,1,2.0,25,2117,0,
s9230,APEUSDT,1781811900000,testB,1,2.22,0.389,3.34,2.64,0.46,1.28,0.37,1.62,1.57,1.49,1,0.94,neutral,neutral,1,2.0,18,2117,0,
s9231,WLDUSDT,1781812800000,train,1,2.76,0.375,4.56,4.16,1.01,1.89,1.72,0.74,0.73,0.74,0,0.87,neutral,alcista,0,0.637,32,2119,4,
s9232,ARBUSDT,1781812800000,train,1,2.65,0.519,3.62,3.51,1.05,1.79,1.78,1.26,1.03,0.86,1,0.87,neutral,alcista,0,0.111,32,2119,4,
s9233,OPUSDT,1781812800000,train,1,3.62,0.559,5.33,4.87,0.99,2.75,2.05,1.29,1.35,1.02,0,0.87,neutral,alcista,0,-1.0,29,2119,4,
s9234,INJUSDT,1781812800000,train,1,3.47,0.447,4.94,4.36,1.16,2.61,2.6,1.13,0.94,0.84,1,0.87,neutral,alcista,0,-1.0,32,2119,5,
s9235,TIAUSDT,1781812800000,train,1,3.54,0.55,4.45,4.11,0.96,2.67,1.93,1.34,1.1,0.87,1,0.87,neutral,neutral,0,0.132,32,2119,1,
s9236,SEIUSDT,1781812800000,train,1,4.03,0.655,4.4,4.35,2.12,3.16,2.6,1.25,0.98,1.13,0,0.87,neutral,alcista,0,0.172,32,2119,4,
s9237,JUPUSDT,1781812800000,train,1,4.15,0.613,5.61,4.56,1.98,3.28,2.51,1.35,1.15,1.06,1,0.87,neutral,alcista,0,-0.103,32,2119,5,
s9238,ARUSDT,1781812800000,testB,1,4.57,0.595,5.66,5.11,1.5,3.7,2.27,1.54,1.08,0.83,1,0.87,neutral,neutral,0,0.223,32,2118,1,
s9239,GRTUSDT,1781812800000,testB,1,3.14,0.787,3.57,3.46,0.87,2.28,1.62,1.43,1.02,0.85,1,0.87,neutral,alcista,0,0.627,32,2118,5,
s9240,LDOUSDT,1781812800000,testB,1,2.83,0.481,4.31,4.21,0.66,1.97,1.67,1.81,1.71,1.58,1,0.87,neutral,neutral,0,0.664,32,2118,1,
s9241,APEUSDT,1781812800000,testB,1,2.05,0.371,3.47,3.39,0.6,1.18,1.29,1.6,1.53,1.44,1,0.87,neutral,neutral,0,0.705,32,2118,1,
s9242,PUMPUSDT,1781813700000,train,1,2.4,0.447,3.72,3.65,2.15,1.56,1.79,1.31,1.22,0.91,1,0.83,neutral,alcista,0,-0.811,32,2120,2,
s9243,WLDUSDT,1781813700000,train,1,3.32,0.426,4.92,4.62,1.1,2.48,2.09,0.74,0.73,0.74,0,0.83,neutral,alcista,0,0.089,32,2120,5,
s9244,ENAUSDT,1781813700000,train,1,5.05,0.386,6.5,6.28,1.53,4.22,3.85,1.77,1.55,1.54,1,0.83,neutral,alcista,0,-0.761,32,2120,5,
s9245,ARBUSDT,1781813700000,train,1,3.34,0.637,4.02,3.89,1.35,2.51,2.19,1.26,1.03,0.86,1,0.83,neutral,alcista,0,-0.21,32,2120,5,
s9246,OPUSDT,1781813700000,train,1,4.4,0.697,5.31,5.13,1.25,3.56,2.47,1.29,1.35,1.02,0,0.83,neutral,alcista,0,-1.0,28,2120,5,
s9247,INJUSDT,1781813700000,train,1,4.51,0.561,5.04,4.93,1.58,3.67,2.96,1.13,0.94,0.84,1,0.83,neutral,alcista,0,-1.0,31,2120,6,
s9248,TIAUSDT,1781813700000,train,1,5.09,0.651,6.27,5.46,1.99,4.26,3.34,1.34,1.1,0.87,1,0.83,neutral,alcista,0,-0.322,32,2120,2,
s9249,SEIUSDT,1781813700000,train,1,4.46,0.678,4.87,4.74,3.0,3.63,2.87,1.25,0.98,1.13,0,0.83,neutral,alcista,0,-0.164,32,2120,5,
s9250,JUPUSDT,1781813700000,train,1,4.42,0.638,5.59,4.76,2.58,3.59,2.64,1.35,1.15,1.06,1,0.83,neutral,alcista,0,-0.286,32,2120,6,
s9251,PENDLEUSDT,1781813700000,train,1,2.34,0.379,4.17,4.11,0.67,1.5,1.58,2.14,1.81,1.63,1,0.83,neutral,alcista,0,-0.431,32,2120,2,
s9252,FETUSDT,1781813700000,train,1,2.51,0.471,3.78,3.63,1.2,1.68,1.91,1.09,0.88,0.74,1,0.83,neutral,alcista,0,-0.127,32,2119,6,
s9253,ARUSDT,1781813700000,testB,1,4.85,0.65,5.67,5.02,1.62,4.01,2.11,1.54,1.08,0.83,1,0.83,neutral,neutral,0,0.059,32,2119,0,
s9254,STXUSDT,1781813700000,testB,1,2.05,0.389,2.94,2.83,0.55,1.22,1.08,1.48,1.22,1.12,1,0.83,neutral,alcista,0,-0.038,32,2119,2,
s9255,GRTUSDT,1781813700000,testB,1,3.03,0.781,3.41,3.36,0.93,2.2,1.67,1.43,1.02,0.85,1,0.83,neutral,alcista,0,0.385,32,2119,6,
s9256,LDOUSDT,1781813700000,testB,1,3.75,0.676,4.52,4.45,0.75,2.92,2.08,1.81,1.71,1.58,1,0.83,neutral,alcista,0,0.195,32,2119,2,
s9257,SANDUSDT,1781813700000,testB,1,2.29,0.455,2.86,2.8,0.8,1.45,1.51,2.2,2.0,1.35,1,0.83,neutral,alcista,0,-0.389,32,2119,2,
s9258,AXSUSDT,1781813700000,testB,1,2.04,0.358,3.79,3.58,0.46,1.2,1.49,1.74,1.22,1.0,1,0.83,neutral,alcista,0,-0.206,32,2119,6,
s9259,APEUSDT,1781813700000,testB,1,3.32,0.583,4.06,4.06,0.75,2.49,2.04,1.6,1.53,1.44,1,0.83,neutral,alcista,0,0.283,32,2119,2,
s9260,PUMPUSDT,1781814600000,train,1,2.75,0.494,4.05,3.91,2.33,2.08,2.02,1.31,1.22,0.91,1,0.67,neutral,alcista,0,-1.0,32,2121,3,
s9261,WLDUSDT,1781814600000,train,1,3.07,0.392,3.99,3.55,1.24,2.39,1.85,0.74,0.73,0.74,0,0.67,neutral,neutral,0,-0.254,32,2121,0,
s9262,ARBUSDT,1781814600000,train,1,3.56,0.652,4.33,4.16,1.55,2.89,2.36,1.26,1.03,0.86,1,0.67,neutral,alcista,0,-0.428,32,2121,6,
s9263,OPUSDT,1781814600000,train,1,4.31,0.672,5.51,4.87,1.19,3.64,2.01,1.29,1.35,1.02,0,0.67,neutral,neutral,0,-1.0,27,2121,0,
s9264,INJUSDT,1781814600000,train,1,3.93,0.469,5.07,4.5,1.79,3.26,2.39,1.13,0.94,0.84,1,0.67,neutral,neutral,0,-1.0,30,2121,0,
s9265,TIAUSDT,1781814600000,train,1,5.19,0.655,6.53,5.75,2.63,4.52,3.44,1.34,1.1,0.87,1,0.67,neutral,alcista,0,-0.628,32,2121,3,
s9266,SEIUSDT,1781814600000,train,1,4.1,0.625,4.66,4.26,2.36,3.42,2.54,1.25,0.98,1.13,0,0.67,neutral,neutral,0,-0.391,32,2121,0,
s9267,JUPUSDT,1781814600000,train,1,4.68,0.652,5.57,5.2,2.59,4.01,2.87,1.35,1.15,1.06,1,0.67,neutral,alcista,0,-0.47,32,2121,7,
s9268,PENDLEUSDT,1781814600000,train,1,3.57,0.549,5.32,4.82,1.09,2.89,2.17,2.14,1.81,1.63,1,0.67,neutral,alcista,0,-0.591,32,2121,3,
s9269,FETUSDT,1781814600000,train,1,2.3,0.423,3.89,3.48,1.34,1.63,1.68,1.09,0.88,0.74,1,0.67,neutral,neutral,0,-0.309,32,2120,0,
s9270,ARUSDT,1781814600000,testB,1,5.19,0.667,5.72,5.48,1.23,4.52,2.64,1.54,1.08,0.83,1,0.67,neutral,neutral,0,-0.18,32,2120,1,
s9271,STXUSDT,1781814600000,testB,1,2.11,0.396,3.09,3.04,0.61,1.43,1.29,1.48,1.22,1.12,1,0.67,neutral,alcista,0,-0.321,32,2120,3,
s9272,GRTUSDT,1781814600000,testB,1,2.38,0.634,3.47,3.11,0.91,1.71,1.44,1.43,1.02,0.85,1,0.67,neutral,neutral,0,0.233,32,2120,0,
s9273,LDOUSDT,1781814600000,testB,1,4.02,0.728,4.73,4.55,0.64,3.35,2.05,1.81,1.71,1.58,1,0.67,neutral,alcista,0,-0.032,32,2120,3,
s9274,SANDUSDT,1781814600000,testB,1,2.4,0.467,3.18,3.05,0.94,1.73,1.69,2.2,2.0,1.35,1,0.67,neutral,alcista,0,-0.682,32,2120,3,
s9275,AXSUSDT,1781814600000,testB,1,2.26,0.396,3.89,3.68,0.47,1.58,1.56,1.74,1.22,1.0,1,0.67,neutral,alcista,0,-0.314,32,2120,7,
s9276,APEUSDT,1781814600000,testB,1,3.56,0.6,4.43,4.35,0.84,2.88,2.2,1.6,1.53,1.44,1,0.67,neutral,alcista,0,0.053,32,2120,3,
s9277,PUMPUSDT,1781815500000,train,1,2.39,0.447,4.05,3.85,2.08,1.76,1.64,1.31,1.22,0.91,1,0.64,neutral,neutral,0,-1.0,31,2122,0,
s9278,WLDUSDT,1781815500000,train,1,3.09,0.397,6.2,4.89,1.65,2.45,2.98,0.74,0.73,0.74,0,0.64,neutral,neutral,0,-0.422,32,2122,1,
s9279,ARBUSDT,1781815500000,train,1,2.8,0.554,4.34,3.99,1.43,2.16,1.86,1.26,1.03,0.86,1,0.64,neutral,neutral,0,-0.512,32,2122,0,
s9280,OPUSDT,1781815500000,train,1,3.43,0.545,5.53,4.52,1.03,2.8,1.31,1.29,1.35,1.02,0,0.64,neutral,neutral,0,-1.0,26,2122,0,
s9281,INJUSDT,1781815500000,train,1,3.46,0.438,5.09,4.7,1.9,2.82,2.26,1.13,0.94,0.84,1,0.64,neutral,neutral,0,-1.0,29,2122,1,
s9282,TIAUSDT,1781815500000,train,1,4.71,0.634,6.53,5.82,2.93,4.07,3.05,1.34,1.1,0.87,1,0.64,neutral,alcista,0,-0.716,32,2122,4,
s9283,SEIUSDT,1781815500000,train,1,3.36,0.531,4.67,4.02,2.13,2.73,1.96,1.25,0.98,1.13,0,0.64,neutral,neutral,0,-0.38,32,2122,0,
s9284,JUPUSDT,1781815500000,train,1,3.9,0.581,5.58,5.05,1.13,3.26,2.29,1.35,1.15,1.06,1,0.64,neutral,neutral,0,-0.588,32,2122,0,
s9285,PENDLEUSDT,1781815500000,train,1,2.86,0.463,5.33,4.62,1.18,2.23,1.72,2.14,1.81,1.63,1,0.64,neutral,neutral,0,-0.698,32,2122,0,
s9286,ARUSDT,1781815500000,testB,1,5.46,0.679,6.74,6.35,1.08,4.83,3.08,1.54,1.08,0.83,1,0.64,neutral,alcista,0,-0.369,32,2121,2,
s9287,GRTUSDT,1781815500000,testB,1,2.39,0.634,3.47,3.06,0.81,1.75,1.13,1.43,1.02,0.85,1,0.64,neutral,neutral,0,0.153,32,2121,0,
s9288,LDOUSDT,1781815500000,testB,1,3.21,0.623,4.74,4.34,0.63,2.58,1.6,1.81,1.71,1.58,1,0.64,neutral,neutral,0,-0.192,32,2121,0,
s9289,APEUSDT,1781815500000,testB,1,3.54,0.6,4.94,4.71,0.86,2.91,2.21,1.6,1.53,1.44,1,0.64,neutral,alcista,0,-0.097,32,2121,4,
s9290,WLDUSDT,1781816400000,train,1,3.25,0.42,6.25,4.09,1.79,2.58,1.93,0.69,0.72,0.74,0,0.67,neutral,neutral,0,-0.027,32,2123,0,
s9291,ARBUSDT,1781816400000,train,1,2.95,0.596,4.36,3.58,0.98,2.28,1.33,0.82,1.02,0.85,0,0.67,neutral,neutral,0,-0.268,32,2123,0,
s9292,OPUSDT,1781816400000,train,1,2.96,0.437,5.57,3.81,0.75,2.3,0.58,0.86,1.22,1.02,0,0.67,neutral,neutral,0,-1.0,25,2123,0,
s9293,INJUSDT,1781816400000,train,1,3.45,0.431,5.14,3.79,1.01,2.79,1.23,0.76,0.95,0.82,0,0.67,neutral,neutral,0,-1.0,28,2123,0,
s9294,TIAUSDT,1781816400000,train,1,5.09,0.714,6.66,5.46,3.04,4.43,2.41,1.01,1.15,0.89,0,0.67,neutral,neutral,0,-0.556,32,2123,0,
s9295,SEIUSDT,1781816400000,train,1,3.4,0.536,4.7,3.49,1.46,2.73,1.26,1.06,1.01,1.14,0,0.67,neutral,neutral,0,-0.099,32,2123,0,
s9296,JUPUSDT,1781816400000,train,1,4.47,0.719,5.58,4.96,0.91,3.8,1.98,1.04,1.14,1.05,0,0.67,neutral,neutral,0,-0.4,32,2123,0,
s9297,PENDLEUSDT,1781816400000,train,1,2.87,0.459,5.37,4.01,1.22,2.2,1.11,1.41,1.77,1.63,0,0.67,neutral,neutral,0,-0.531,32,2123,0,
s9298,ARUSDT,1781816400000,testB,1,6.11,0.776,6.88,6.54,1.48,5.44,3.01,1.47,1.22,0.9,1,0.67,neutral,alcista,0,-0.291,32,2122,3,
s9299,STXUSDT,1781816400000,testB,1,2.23,0.526,3.21,2.78,0.46,1.56,0.75,0.9,1.21,1.11,0,0.67,neutral,neutral,0,-0.529,32,2122,0,
s9300,GRTUSDT,1781816400000,testB,1,2.07,0.506,3.49,2.6,0.62,1.4,0.57,0.93,1.01,0.84,0,0.67,neutral,neutral,0,0.8,32,2122,0,
s9301,LDOUSDT,1781816400000,testB,1,3.31,0.647,4.76,3.93,0.46,2.64,1.13,1.11,1.63,1.55,0,0.67,neutral,neutral,0,0.093,32,2122,0,
s9302,AXSUSDT,1781816400000,testB,1,2.6,0.632,3.59,2.95,0.34,1.93,0.82,1.26,1.23,0.98,1,0.67,neutral,neutral,0,-0.179,32,2122,0,
s9303,APEUSDT,1781816400000,testB,1,4.12,0.765,5.03,4.57,0.85,3.46,1.93,1.14,1.49,1.43,0,0.67,neutral,neutral,0,0.017,32,2122,0,
s9304,WLDUSDT,1781817300000,train,1,3.99,0.471,6.19,4.96,2.3,3.39,2.57,0.69,0.72,0.74,0,0.6,neutral,neutral,0,-0.27,32,2124,1,
s9305,ARBUSDT,1781817300000,train,1,3.02,0.602,3.99,3.33,0.78,2.42,1.3,0.82,1.02,0.85,0,0.6,neutral,neutral,0,-0.42,32,2124,1,
s9306,OPUSDT,1781817300000,train,1,3.35,0.479,5.0,3.52,0.64,2.75,0.8,0.86,1.22,1.02,0,0.6,neutral,neutral,0,-1.0,24,2124,1,
s9307,INJUSDT,1781817300000,train,1,3.54,0.438,4.52,3.5,0.88,2.94,1.39,0.76,0.95,0.82,0,0.6,neutral,neutral,0,-1.0,25,2124,1,
s9308,TIAUSDT,1781817300000,train,1,4.38,0.631,5.93,4.47,1.78,3.77,1.91,1.01,1.15,0.89,0,0.6,neutral,neutral,0,-0.634,32,2124,0,
s9309,SEIUSDT,1781817300000,train,1,3.69,0.557,4.56,3.99,1.18,3.09,1.7,1.06,1.01,1.14,0,0.6,neutral,neutral,0,-0.286,32,2124,1,
s9310,JUPUSDT,1781817300000,train,1,4.63,0.739,5.16,4.64,0.58,4.03,1.85,1.04,1.14,1.05,0,0.6,neutral,neutral,0,-0.494,32,2124,1,
s9311,PENDLEUSDT,1781817300000,train,1,3.6,0.546,4.85,4.02,1.21,3.0,1.53,1.41,1.77,1.63,0,0.6,neutral,neutral,0,-0.731,32,2124,1,
s9312,FETUSDT,1781817300000,train,1,2.68,0.505,3.53,3.17,0.65,2.07,1.27,0.68,0.86,0.72,0,0.6,neutral,neutral,0,-0.274,32,2123,1,
s9313,ARUSDT,1781817300000,testB,1,7.2,0.813,7.1,6.86,1.69,6.59,3.56,1.47,1.22,0.9,1,0.6,neutral,alcista,0,-0.472,32,2123,4,
s9314,STXUSDT,1781817300000,testB,1,2.23,0.526,2.67,2.13,0.41,1.62,0.56,0.9,1.21,1.11,0,0.6,neutral,neutral,0,-0.667,32,2123,0,
s9315,LDOUSDT,1781817300000,testB,1,3.07,0.631,3.74,2.98,0.52,2.47,1.11,1.11,1.63,1.55,0,0.6,neutral,neutral,0,0.073,32,2123,1,
s9316,SANDUSDT,1781817300000,testB,1,2.23,0.491,2.9,2.49,0.74,1.62,0.99,1.2,1.98,1.35,0,0.6,neutral,neutral,0,-0.578,32,2123,1,
s9317,AXSUSDT,1781817300000,testB,1,2.81,0.65,3.05,2.84,0.69,2.2,1.14,1.26,1.23,0.98,1,0.6,neutral,neutral,0,-0.333,32,2123,1,
s9318,APEUSDT,1781817300000,testB,1,4.19,0.768,4.33,4.18,0.88,3.59,2.01,1.14,1.49,1.43,0,0.6,neutral,neutral,0,0.018,32,2123,1,
s9319,WLDUSDT,1781818200000,train,1,4.04,0.477,6.22,4.54,2.49,3.62,1.73,0.69,0.72,0.74,0,0.43,neutral,neutral,0,-0.29,32,2125,0,
s9320,ARBUSDT,1781818200000,train,1,2.79,0.547,3.99,3.18,0.62,2.36,0.96,0.82,1.02,0.85,0,0.43,neutral,neutral,0,-0.407,32,2125,0,
s9321,OPUSDT,1781818200000,train,1,3.15,0.465,4.99,3.7,0.65,2.72,0.83,0.86,1.22,1.02,0,0.43,neutral,alcista,0,-1.0,23,2125,2,
s9322,INJUSDT,1781818200000,train,1,2.73,0.352,4.44,3.17,0.7,2.3,0.94,0.76,0.95,0.82,0,0.43,neutral,neutral,0,-1.0,23,2125,0,
s9323,TIAUSDT,1781818200000,train,1,3.73,0.515,5.96,4.03,1.07,3.3,1.23,1.01,1.15,0.89,0,0.43,neutral,neutral,0,-0.535,32,2125,0,
s9324,SEIUSDT,1781818200000,train,1,3.25,0.474,4.57,3.68,0.95,2.83,1.18,1.06,1.01,1.14,0,0.43,neutral,neutral,0,-0.188,32,2125,0,
s9325,JUPUSDT,1781818200000,train,1,4.4,0.73,5.15,4.89,0.45,3.97,1.83,1.04,1.14,1.05,0,0.43,neutral,alcista,0,-0.543,32,2125,2,
s9326,PENDLEUSDT,1781818200000,train,1,3.09,0.454,4.87,3.68,0.81,2.67,1.0,1.41,1.77,1.63,0,0.43,neutral,neutral,0,-0.664,32,2125,0,
s9327,FETUSDT,1781818200000,train,1,2.57,0.476,3.53,3.02,0.62,2.15,0.96,0.68,0.86,0.72,0,0.43,neutral,neutral,0,-0.153,32,2124,0,
s9328,ARUSDT,1781818200000,testB,1,6.3,0.678,7.1,6.17,1.8,5.88,2.53,1.47,1.22,0.9,1,0.43,neutral,neutral,0,-0.465,32,2124,0,
s9329,LDOUSDT,1781818200000,testB,1,2.16,0.439,3.65,2.41,0.63,1.74,0.5,1.11,1.63,1.55,0,0.43,neutral,neutral,1,2.0,18,2124,0,
s9330,SANDUSDT,1781818200000,testB,1,2.06,0.473,2.9,2.49,0.82,1.64,0.8,1.2,1.98,1.35,0,0.43,neutral,neutral,0,-0.578,32,2124,0,
s9331,AXSUSDT,1781818200000,testB,1,2.15,0.526,3.05,2.63,0.81,1.72,0.75,1.26,1.23,0.98,1,0.43,neutral,neutral,0,-0.28,32,2124,0,
s9332,APEUSDT,1781818200000,testB,1,4.19,0.768,4.78,4.1,0.9,3.77,1.76,1.14,1.49,1.43,0,0.43,neutral,neutral,0,0.037,32,2124,0,
s9333,WLDUSDT,1781819100000,train,1,4.21,0.506,6.22,4.48,1.38,3.64,1.64,0.69,0.72,0.74,0,0.57,neutral,neutral,0,-0.266,32,2126,0,
s9334,ARBUSDT,1781819100000,train,1,2.96,0.572,3.86,3.16,0.47,2.39,1.05,0.82,1.02,0.85,0,0.57,neutral,neutral,0,-0.412,32,2126,1,
s9335,OPUSDT,1781819100000,train,1,3.05,0.457,4.62,3.33,0.6,2.48,0.79,0.86,1.22,1.02,0,0.57,neutral,neutral,0,-1.0,21,2126,0,
s9336,INJUSDT,1781819100000,train,1,3.02,0.387,4.41,3.31,0.57,2.45,1.13,0.76,0.95,0.82,0,0.57,neutral,neutral,0,-1.0,22,2126,1,
s9337,TIAUSDT,1781819100000,train,1,3.79,0.526,5.91,3.98,1.04,3.22,1.21,1.01,1.15,0.89,0,0.57,neutral,neutral,0,-0.477,32,2126,0,
s9338,SEIUSDT,1781819100000,train,1,3.45,0.515,4.35,3.44,0.79,2.88,1.12,1.06,1.01,1.14,0,0.57,neutral,neutral,0,-0.169,32,2126,0,
s9339,JUPUSDT,1781819100000,train,1,5.23,0.873,5.28,5.23,0.43,4.66,2.08,1.04,1.14,1.05,0,0.57,neutral,alcista,0,-0.495,32,2126,3,
s9340,PENDLEUSDT,1781819100000,train,1,3.36,0.504,4.82,3.67,0.61,2.79,1.03,1.41,1.77,1.63,0,0.57,neutral,neutral,0,-0.587,32,2126,1,
s9341,FETUSDT,1781819100000,train,1,2.95,0.549,3.53,3.17,0.5,2.38,1.06,0.68,0.86,0.72,0,0.57,neutral,neutral,0,-0.226,32,2125,1,
s9342,ARUSDT,1781819100000,testB,1,6.39,0.681,6.59,6.05,1.47,5.82,2.7,1.47,1.22,0.9,1,0.57,neutral,neutral,0,-0.544,32,2125,1,
s9343,LDOUSDT,1781819100000,testB,1,2.72,0.497,3.52,2.94,0.85,2.15,1.12,1.11,1.63,1.55,0,0.57,neutral,neutral,0,0.062,32,2125,1,
s9344,SANDUSDT,1781819100000,testB,1,2.19,0.514,2.7,2.28,0.66,1.62,0.79,1.2,1.98,1.35,0,0.57,neutral,neutral,0,-1.0,28,2125,0,
s9345,AXSUSDT,1781819100000,testB,1,2.48,0.59,2.94,2.73,0.91,1.91,1.06,1.26,1.23,0.98,1,0.57,neutral,neutral,0,-0.346,32,2125,1,
s9346,APEUSDT,1781819100000,testB,1,4.48,0.781,4.74,4.74,0.86,3.91,2.46,1.14,1.49,1.43,0,0.57,neutral,neutral,0,-0.095,32,2125,1,
s9347,WLDUSDT,1781820000000,train,1,4.82,0.539,5.94,4.78,1.04,4.48,1.98,0.57,0.71,0.74,0,0.34,neutral,neutral,0,-0.075,32,2127,1,
s9348,ARBUSDT,1781820000000,train,1,2.9,0.567,3.8,3.22,0.4,2.55,1.05,0.66,1.0,0.84,0,0.34,neutral,alcista,0,-0.346,32,2127,2,
s9349,OPUSDT,1781820000000,train,1,2.75,0.433,3.96,2.95,0.56,2.4,0.98,0.71,1.16,1.01,0,0.34,neutral,neutral,0,-1.0,14,2127,1,
s9350,INJUSDT,1781820000000,train,1,3.74,0.438,4.21,3.83,0.5,3.4,1.65,0.63,0.9,0.77,0,0.34,neutral,alcista,0,-1.0,21,2127,2,
s9351,TIAUSDT,1781820000000,train,1,3.59,0.506,5.71,3.73,0.76,3.25,0.99,0.88,1.14,0.89,0,0.34,neutral,neutral,0,-0.345,32,2127,0,
s9352,SEIUSDT,1781820000000,train,1,3.56,0.524,4.34,3.71,0.64,3.22,1.22,0.96,0.99,1.13,0,0.34,neutral,neutral,0,-0.157,32,2127,1,
s9353,JUPUSDT,1781820000000,train,1,5.07,0.838,5.91,5.08,0.47,4.72,1.79,0.99,1.16,1.05,0,0.34,neutral,neutral,0,-0.439,32,2127,0,
s9354,PENDLEUSDT,1781820000000,train,1,4.0,0.548,4.55,4.11,0.43,3.66,1.6,1.07,1.75,1.59,0,0.34,neutral,alcista,0,-0.637,32,2127,2,
s9355,FETUSDT,1781820000000,train,1,2.84,0.54,3.27,3.01,0.43,2.49,1.09,0.59,0.84,0.7,0,0.34,neutral,alcista,0,-0.169,32,2126,2,
s9356,ARUSDT,1781820000000,testB,1,3.85,0.475,5.26,4.09,1.06,3.5,1.86,1.59,1.33,0.93,1,0.34,neutral,neutral,0,-0.595,32,2126,0,
s9357,LDOUSDT,1781820000000,testB,1,2.27,0.399,3.42,2.51,0.79,1.93,0.67,0.82,1.56,1.51,0,0.34,neutral,neutral,1,2.0,16,2126,0,
s9358,SANDUSDT,1781820000000,testB,1,2.24,0.521,2.64,2.46,0.74,1.9,0.97,0.89,1.88,1.34,0,0.34,neutral,neutral,0,-1.0,27,2126,1,
s9359,AXSUSDT,1781820000000,testB,1,2.59,0.632,2.94,2.73,0.9,2.24,0.93,1.1,1.22,0.93,0,0.34,neutral,alcista,0,-0.192,32,2126,2,
s9360,APEUSDT,1781820000000,testB,1,4.96,0.797,5.4,5.17,1.05,4.62,2.6,1.05,1.47,1.43,0,0.34,neutral,alcista,0,-0.159,32,2126,2,
s9361,WLDUSDT,1781820900000,train,1,4.21,0.508,5.57,4.66,0.72,4.24,2.09,0.57,0.71,0.74,0,-0.03,neutral,alcista,0,-0.09,32,2128,2,
s9362,ARBUSDT,1781820900000,train,1,2.3,0.466,3.42,2.63,0.44,2.33,0.75,0.66,1.0,0.84,0,-0.03,neutral,neutral,0,-0.441,32,2128,0,
s9363,INJUSDT,1781820900000,train,1,3.18,0.4,4.21,3.91,0.44,3.21,1.48,0.63,0.9,0.77,0,-0.03,neutral,alcista,0,-1.0,20,2128,3,
s9364,TIAUSDT,1781820900000,train,1,2.56,0.393,5.07,2.86,0.69,2.59,0.67,0.88,1.14,0.89,0,-0.03,neutral,neutral,0,-1.0,25,2128,0,
s9365,SEIUSDT,1781820900000,train,1,3.44,0.515,3.94,3.43,0.52,3.47,1.2,0.96,0.99,1.13,0,-0.03,neutral,alcista,0,-0.376,32,2128,2,
s9366,JUPUSDT,1781820900000,train,1,3.99,0.804,4.87,4.04,0.52,4.02,1.55,0.99,1.16,1.05,0,-0.03,neutral,neutral,0,-0.615,32,2128,1,
s9367,PENDLEUSDT,1781820900000,train,1,3.21,0.493,3.83,3.38,0.43,3.24,1.41,1.07,1.75,1.59,0,-0.03,neutral,neutral,0,-1.0,20,2128,0,
s9368,ARUSDT,1781820900000,testB,1,3.37,0.444,5.26,4.14,0.9,3.4,1.7,1.59,1.33,0.93,1,-0.03,neutral,neutral,0,-0.6,32,2127,1,
s9369,APEUSDT,1781820900000,testB,1,4.61,0.787,4.86,4.78,1.23,4.64,2.62,1.05,1.47,1.43,0,-0.03,neutral,alcista,0,-0.328,32,2127,3,
s9370,WLDUSDT,1781821800000,train,1,4.02,0.497,5.56,4.75,0.59,3.96,2.0,0.57,0.71,0.74,0,0.06,neutral,alcista,0,0.0,32,2129,3,
s9371,ARBUSDT,1781821800000,train,1,2.29,0.464,3.41,2.83,0.49,2.23,0.87,0.66,1.0,0.84,0,0.06,neutral,neutral,0,-0.519,32,2129,1,
s9372,SEIUSDT,1781821800000,train,1,2.84,0.461,3.78,3.21,0.42,2.78,1.07,0.96,0.99,1.13,0,0.06,neutral,neutral,0,-0.407,32,2129,0,
s9373,JUPUSDT,1781821800000,train,1,3.6,0.753,4.67,3.74,0.57,3.54,1.36,0.99,1.16,1.05,0,0.06,neutral,neutral,0,-0.708,32,2129,0,
s9374,PENDLEUSDT,1781821800000,train,1,2.89,0.468,3.67,3.3,0.47,2.83,1.38,1.07,1.75,1.59,0,0.06,neutral,neutral,0,-1.0,19,2129,1,
s9375,ARUSDT,1781821800000,testB,1,3.37,0.444,5.26,4.19,0.78,3.31,1.54,1.59,1.33,0.93,1,0.06,neutral,neutral,0,-0.698,32,2128,0,
s9376,APEUSDT,1781821800000,testB,1,4.05,0.722,4.72,4.49,1.55,3.99,2.16,1.05,1.47,1.43,0,0.06,neutral,neutral,0,-0.433,32,2128,0,
s9377,XPLUSDT,1781822700000,train,1,3.21,0.375,4.89,4.35,0.62,2.94,1.14,0.97,1.39,1.46,0,0.27,neutral,alcista,0,-1.0,24,2130,2,
s9378,WLDUSDT,1781822700000,train,1,3.71,0.44,5.6,4.16,0.63,3.44,1.24,0.57,0.71,0.74,0,0.27,neutral,neutral,0,0.801,32,2130,0,
s9379,ARBUSDT,1781822700000,train,1,2.67,0.567,3.4,2.89,0.59,2.4,0.83,0.66,1.0,0.84,0,0.27,neutral,alcista,0,-0.478,32,2130,2,
s9380,INJUSDT,1781822700000,train,1,3.41,0.439,4.11,3.34,0.61,3.14,0.83,0.63,0.9,0.77,0,0.27,neutral,neutral,0,-1.0,18,2130,0,
s9381,TIAUSDT,1781822700000,train,1,2.54,0.436,5.08,2.73,0.49,2.27,0.43,0.88,1.14,0.89,0,0.27,neutral,neutral,0,-1.0,23,2130,1,
s9382,SEIUSDT,1781822700000,train,1,2.86,0.465,3.78,3.09,0.48,2.59,0.82,0.96,0.99,1.13,0,0.27,neutral,neutral,0,-0.4,32,2130,0,
s9383,JUPUSDT,1781822700000,train,1,4.57,0.825,4.53,4.43,0.77,4.3,1.98,0.99,1.16,1.05,0,0.27,neutral,neutral,0,-0.709,32,2130,1,
s9384,PENDLEUSDT,1781822700000,train,1,3.11,0.518,3.64,3.17,0.6,2.84,1.14,1.07,1.75,1.59,0,0.27,neutral,neutral,0,-1.0,18,2130,0,
s9385,ONDOUSDT,1781822700000,train,1,2.65,0.477,3.58,3.0,0.74,2.38,0.54,1.09,1.82,1.37,0,0.27,neutral,neutral,0,-0.426,32,2129,1,
s9386,FETUSDT,1781822700000,train,1,2.3,0.512,2.92,2.41,0.69,2.03,0.63,0.59,0.84,0.7,0,0.27,neutral,neutral,0,-0.191,32,2129,1,
s9387,ARUSDT,1781822700000,testB,1,4.1,0.574,5.25,4.28,1.04,3.83,1.24,1.59,1.33,0.93,1,0.27,neutral,neutral,0,-0.682,32,2129,1,
s9388,GRTUSDT,1781822700000,testB,1,2.16,0.547,2.37,2.22,0.67,1.89,0.92,0.73,1.02,0.83,0,0.27,neutral,alcista,0,0.279,32,2129,4,
s9389,SANDUSDT,1781822700000,testB,1,2.3,0.542,2.63,2.57,0.66,2.03,0.94,0.89,1.88,1.34,0,0.27,neutral,alcista,0,-1.0,24,2129,2,
s9390,AXSUSDT,1781822700000,testB,1,2.36,0.579,2.41,2.41,0.64,2.09,0.98,1.1,1.22,0.93,0,0.27,neutral,alcista,0,-1.0,24,2129,2,
s9391,APEUSDT,1781822700000,testB,1,4.45,0.826,4.71,4.56,1.6,4.18,2.02,1.05,1.47,1.43,0,0.27,neutral,neutral,0,-0.59,32,2129,1,
s9392,XPLUSDT,1781823600000,train,1,3.41,0.405,4.73,3.66,0.7,3.3,0.7,0.83,1.31,1.39,0,0.11,neutral,neutral,0,-1.0,23,2131,0,
s9393,WLDUSDT,1781823600000,train,1,3.78,0.451,5.48,3.91,0.54,3.68,0.89,0.54,0.67,0.74,0,0.11,neutral,neutral,0,0.436,32,2131,0,
s9394,ARBUSDT,1781823600000,train,1,2.33,0.462,3.37,2.5,0.57,2.22,0.38,0.59,0.98,0.84,0,0.11,neutral,neutral,0,-0.649,32,2131,0,
s9395,SEIUSDT,1781823600000,train,1,2.45,0.373,3.8,2.6,0.36,2.34,0.25,0.94,0.98,1.15,0,0.11,neutral,neutral,0,-0.423,32,2131,0,
s9396,JUPUSDT,1781823600000,train,1,3.97,0.712,4.9,3.92,0.9,3.86,1.37,1.03,1.16,1.07,0,0.11,neutral,neutral,0,-1.0,23,2131,0,
s9397,ONDOUSDT,1781823600000,train,1,2.8,0.516,3.58,2.86,0.77,2.69,0.35,0.97,1.81,1.39,0,0.11,neutral,neutral,0,-0.621,32,2130,0,
s9398,ARUSDT,1781823600000,testB,1,3.34,0.44,4.84,3.28,0.88,3.23,0.52,1.73,1.42,1.01,1,0.11,neutral,neutral,0,-0.91,32,2130,0,
s9399,APEUSDT,1781823600000,testB,1,3.6,0.575,4.68,3.62,1.46,3.49,0.91,0.93,1.36,1.41,0,0.11,neutral,neutral,0,-0.667,32,2130,0,
s9400,XPLUSDT,1781824500000,train,1,3.86,0.438,4.93,4.76,0.91,3.71,2.14,0.83,1.31,1.39,0,0.15,neutral,neutral,0,-1.0,22,2132,1,
s9401,WLDUSDT,1781824500000,train,1,3.91,0.46,4.98,4.06,0.43,3.76,1.35,0.54,0.67,0.74,0,0.15,neutral,neutral,0,0.318,32,2132,1,
s9402,ARBUSDT,1781824500000,train,1,2.49,0.479,2.83,2.52,0.47,2.34,0.82,0.59,0.98,0.84,0,0.15,neutral,neutral,0,-0.907,32,2132,1,
s9403,TIAUSDT,1781824500000,train,1,2.37,0.354,4.55,2.47,0.3,2.22,0.48,0.82,1.13,0.87,0,0.15,neutral,neutral,0,-1.0,21,2132,1,
s9404,SEIUSDT,1781824500000,train,1,2.44,0.373,3.29,2.55,0.31,2.29,0.57,0.94,0.98,1.15,0,0.15,neutral,neutral,0,-0.714,32,2132,1,
s9405,JUPUSDT,1781824500000,train,1,3.57,0.691,4.17,3.55,0.86,3.42,1.53,1.03,1.16,1.07,0,0.15,neutral,neutral,0,-1.0,21,2132,1,
s9406,ONDOUSDT,1781824500000,train,1,2.96,0.531,3.34,3.18,0.9,2.8,0.93,0.97,1.81,1.39,0,0.15,neutral,neutral,0,-0.791,32,2131,1,
s9407,FETUSDT,1781824500000,train,1,2.45,0.475,2.5,2.45,0.58,2.3,0.87,0.47,0.82,0.69,0,0.15,neutral,neutral,0,-0.667,32,2131,1,
s9408,ARUSDT,1781824500000,testB,1,3.56,0.458,4.26,3.68,1.05,3.41,1.35,1.73,1.42,1.01,1,0.15,neutral,neutral,0,-1.0,29,2131,1,
s9409,APEUSDT,1781824500000,testB,1,3.82,0.59,4.2,3.75,1.31,3.66,1.32,0.93,1.36,1.41,0,0.15,neutral,neutral,0,-0.84,32,2131,1,
s9410,XPLUSDT,1781825400000,train,1,3.9,0.441,5.0,4.33,1.02,4.0,1.76,0.83,1.31,1.39,0,-0.1,neutral,neutral,0,-1.0,21,2133,0,
s9411,ENAUSDT,1781825400000,train,1,5.0,0.379,5.18,4.89,0.72,5.09,2.74,1.1,1.44,1.53,0,-0.1,neutral,alcista,0,-1.0,15,2133,2,
s9412,ARBUSDT,1781825400000,train,1,2.13,0.441,2.39,2.19,0.61,2.22,0.99,0.59,0.98,0.84,0,-0.1,neutral,alcista,0,-1.0,21,2133,2,
s9413,JUPUSDT,1781825400000,train,1,3.12,0.663,3.64,3.13,1.08,3.21,1.73,1.03,1.16,1.07,0,-0.1,neutral,alcista,0,-1.0,15,2133,2,
s9414,ONDOUSDT,1781825400000,train,1,3.08,0.542,3.04,2.99,0.7,3.18,1.59,0.97,1.81,1.39,0,-0.1,neutral,alcista,0,-1.0,15,2132,2,
s9415,FETUSDT,1781825400000,train,1,2.13,0.441,2.24,2.24,0.54,2.22,1.12,0.47,0.82,0.69,0,-0.1,neutral,alcista,0,-1.0,21,2132,2,
s9416,APEUSDT,1781825400000,testB,1,3.49,0.57,3.98,3.53,0.91,3.59,1.24,0.93,1.36,1.41,0,-0.1,neutral,neutral,0,-1.0,32,2132,0,
s9417,XPLUSDT,1781826300000,train,1,3.81,0.436,4.33,3.68,0.79,3.81,1.91,0.83,1.31,1.39,0,-0.0,neutral,neutral,0,-1.0,19,2134,1,
s9418,WLDUSDT,1781826300000,train,1,3.46,0.352,4.31,3.33,0.51,3.46,1.19,0.54,0.67,0.74,0,-0.0,neutral,neutral,0,-1.0,20,2134,1,
s9419,ENAUSDT,1781826300000,train,1,4.33,0.35,4.86,4.63,1.15,4.34,3.7,1.1,1.44,1.53,0,-0.0,neutral,alcista,0,-1.0,14,2134,3,
s9420,ARBUSDT,1781826300000,train,1,2.13,0.443,2.26,2.09,0.68,2.13,1.18,0.59,0.98,0.84,0,-0.0,neutral,alcista,0,-1.0,19,2134,3,
s9421,INJUSDT,1781826300000,train,1,3.55,0.386,3.8,3.43,1.03,3.55,2.21,0.58,0.88,0.78,0,-0.0,neutral,alcista,0,-1.0,13,2134,3,
s9422,TIAUSDT,1781826300000,train,1,2.85,0.402,3.66,2.7,0.37,2.85,1.4,0.82,1.13,0.87,0,-0.0,neutral,alcista,0,-1.0,14,2134,3,
s9423,JUPUSDT,1781826300000,train,1,2.36,0.6,3.28,2.87,0.98,2.36,1.62,1.03,1.16,1.07,0,-0.0,neutral,alcista,0,-1.0,14,2134,3,
s9424,ONDOUSDT,1781826300000,train,1,2.64,0.505,2.65,2.54,1.01,2.64,1.8,0.97,1.81,1.39,0,-0.0,neutral,alcista,0,-1.0,14,2133,3,
s9425,FETUSDT,1781826300000,train,1,2.44,0.475,2.48,2.38,0.66,2.44,1.31,0.47,0.82,0.69,0,-0.0,neutral,alcista,0,-1.0,19,2133,3,
s9426,APEUSDT,1781826300000,testB,1,3.57,0.59,3.83,3.38,0.73,3.58,1.13,0.93,1.36,1.41,0,-0.0,neutral,neutral,0,-1.0,31,2133,0,
s9427,0GUSDT,1781827200000,train,-1,-2.07,0.422,3.08,2.15,0.96,-1.58,0.43,0.5,0.96,1.07,0,-0.48,neutral,neutral,0,-1.0,7,2135,1,
s9428,WLDUSDT,1781827200000,train,1,3.67,0.368,4.01,3.78,1.07,4.15,2.43,0.68,0.72,0.77,0,-0.48,neutral,alcista,0,-1.0,13,2135,2,
s9429,APEUSDT,1781827200000,testB,1,2.47,0.444,3.39,2.63,0.74,2.95,0.69,1.1,1.43,1.45,0,-0.48,neutral,neutral,0,-1.0,28,2134,0,
s9430,XPLUSDT,1781828100000,train,1,3.22,0.406,3.95,3.78,0.88,3.46,2.01,0.72,1.22,1.32,0,-0.24,neutral,neutral,0,-1.0,17,2136,1,
s9431,WLDUSDT,1781828100000,train,1,3.53,0.36,5.24,4.0,1.97,3.76,2.47,0.68,0.72,0.77,0,-0.24,neutral,alcista,0,-1.0,12,2136,3,
s9432,APEUSDT,1781828100000,testB,1,3.98,0.565,4.2,4.12,1.57,4.22,2.57,1.1,1.43,1.45,0,-0.24,neutral,neutral,0,-1.0,26,2135,1,
s9433,WLDUSDT,1781829000000,train,1,4.73,0.442,5.23,4.97,1.9,4.85,3.15,0.68,0.72,0.77,0,-0.12,neutral,alcista,0,-1.0,11,2137,4,
s9434,GRTUSDT,1781829000000,testB,1,2.69,0.531,3.68,3.48,4.17,2.81,2.12,0.95,1.22,0.91,0,-0.12,neutral,alcista,0,-0.696,32,2136,2,
s9435,APEUSDT,1781829000000,testB,1,3.44,0.495,3.99,3.47,1.86,3.55,2.12,1.1,1.43,1.45,0,-0.12,neutral,neutral,0,-1.0,17,2136,0,
s9436,JUPUSDT,1781829900000,train,1,2.5,0.533,3.15,2.85,1.74,2.61,1.54,1.1,1.2,1.09,0,-0.11,neutral,alcista,0,-1.0,10,2138,2,
s9437,GRTUSDT,1781829900000,testB,1,2.64,0.515,3.68,3.38,4.51,2.75,1.76,0.95,1.22,0.91,0,-0.11,neutral,neutral,0,-0.761,32,2137,0,
s9438,GRTUSDT,1781830800000,testB,1,2.91,0.596,3.99,3.19,3.82,2.84,1.39,0.95,1.22,0.95,0,0.07,neutral,neutral,0,-1.0,32,2138,0,
s9439,GRTUSDT,1781831700000,testB,1,2.81,0.587,3.74,2.93,2.31,2.86,1.29,0.95,1.22,0.95,0,-0.05,neutral,neutral,0,-1.0,31,2139,0,
s9440,GRTUSDT,1781832600000,testB,1,2.65,0.56,3.74,2.88,1.39,2.66,1.13,0.95,1.22,0.95,0,-0.01,neutral,neutral,0,-1.0,30,2140,0,
s9441,TIAUSDT,1781833500000,train,1,2.29,0.369,3.57,3.14,1.18,2.19,1.02,0.94,1.14,0.9,0,0.09,neutral,neutral,0,-1.0,6,2142,1,
s9442,GRTUSDT,1781833500000,testB,1,2.96,0.613,3.63,2.98,0.92,2.87,1.27,0.95,1.22,0.95,0,0.09,neutral,neutral,0,-1.0,23,2141,1,
s9443,GRTUSDT,1781834400000,testB,1,2.7,0.591,3.48,2.83,0.84,2.53,1.13,1.02,1.23,0.99,0,0.16,neutral,neutral,0,-1.0,22,2142,0,
s9444,LDOUSDT,1781834400000,testB,1,2.91,0.513,6.22,3.22,5,2.75,1.73,1.28,1.58,1.7,0,0.16,neutral,alcista,0,-1.0,11,2142,2,
s9445,GRTUSDT,1781835300000,testB,1,2.85,0.604,3.48,3.02,0.84,2.67,1.19,1.02,1.23,0.99,0,0.18,neutral,neutral,0,-1.0,21,2143,1,
s9446,0GUSDT,1781836200000,train,1,2.37,0.368,3.3,3.15,0.74,2.17,1.2,0.58,0.93,1.1,0,0.2,neutral,neutral,0,-1.0,8,2145,1,
s9447,OPUSDT,1781836200000,train,-1,-3.31,0.391,5.62,5.33,0.84,-3.52,2.1,0.94,1.12,1.13,0,0.2,neutral,bajista,0,0.839,32,2145,3,
s9448,GRTUSDT,1781836200000,testB,1,2.48,0.558,3.12,2.62,0.79,2.28,1.05,1.02,1.23,0.99,0,0.2,neutral,neutral,0,-1.0,20,2144,0,
s9449,LDOUSDT,1781836200000,testB,1,2.99,0.477,6.01,3.04,5,2.78,1.45,1.28,1.58,1.7,0,0.2,neutral,neutral,0,-1.0,9,2144,1,
s9450,ARBUSDT,1781837100000,train,1,2.06,0.439,2.58,2.4,1.06,1.86,1.05,0.51,0.88,0.85,0,0.19,neutral,alcista,0,-1.0,2,2146,2,
s9451,OPUSDT,1781837100000,train,-1,-3.41,0.398,5.62,5.43,0.74,-3.6,2.03,0.94,1.12,1.13,0,0.19,neutral,neutral,0,0.772,32,2146,0,
s9452,FETUSDT,1781837100000,train,1,2.3,0.437,2.65,2.55,0.74,2.11,1.07,0.39,0.74,0.7,0,0.19,neutral,alcista,0,-1.0,2,2145,2,
s9453,GRTUSDT,1781837100000,testB,1,3.04,0.608,3.4,3.35,0.86,2.85,1.6,1.02,1.23,0.99,0,0.19,neutral,neutral,0,-1.0,19,2145,1,
s9454,LDOUSDT,1781837100000,testB,1,3.31,0.503,5.98,3.52,5,3.11,1.81,1.28,1.58,1.7,0,0.19,neutral,alcista,0,-1.0,8,2145,2,
s9455,OPUSDT,1781838000000,train,-1,-3.24,0.385,5.93,5.74,0.63,-3.21,2.08,1.15,1.01,1.18,0,-0.03,neutral,neutral,0,0.717,32,2147,1,
s9456,GRTUSDT,1781838000000,testB,1,3.1,0.625,3.86,3.06,0.97,3.13,1.16,1.28,1.11,1.05,1,-0.03,neutral,neutral,0,-1.0,18,2146,0,
s9457,LDOUSDT,1781838000000,testB,1,3.32,0.503,6.0,3.21,0.58,3.35,1.35,1.56,1.36,1.77,0,-0.03,neutral,neutral,0,-1.0,7,2146,0,
s9458,STBLUSDT,1781838900000,train,-1,-2.71,0.438,3.87,3.12,2.47,-2.65,2.08,0.67,0.74,0.86,0,-0.06,neutral,bajista,0,-1.0,30,2148,3,
s9459,OPUSDT,1781838900000,train,-1,-4.87,0.57,7.82,6.76,1.22,-4.8,2.76,1.15,1.01,1.18,0,-0.06,neutral,bajista,0,0.443,32,2148,2,
s9460,PENDLEUSDT,1781838900000,train,-1,-2.07,0.402,4.04,2.96,2.09,-2.01,1.78,0.77,1.1,1.55,0,-0.06,neutral,bajista,0,0.684,32,2148,3,
s9461,GRTUSDT,1781838900000,testB,1,2.06,0.377,3.69,2.12,1.49,2.13,0.32,1.28,1.11,1.05,1,-0.06,neutral,neutral,0,-1.0,6,2147,0,
s9462,LDOUSDT,1781838900000,testB,1,3.31,0.503,5.59,3.16,0.84,3.37,1.54,1.56,1.36,1.77,0,-0.06,neutral,neutral,0,-1.0,5,2147,1,
s9463,PUMPUSDT,1781839800000,train,-1,-2.01,0.408,3.89,2.9,1.48,-1.67,1.3,0.89,0.95,1.04,0,-0.34,neutral,bajista,0,1.098,32,2149,3,
s9464,ENAUSDT,1781839800000,train,-1,-4.14,0.417,7.36,6.2,1.79,-3.8,2.22,1.03,1.2,1.44,0,-0.34,neutral,bajista,0,0.613,32,2149,3,
s9465,OPUSDT,1781839800000,train,-1,-5.32,0.604,7.85,7.17,1.23,-4.98,2.85,1.15,1.01,1.18,0,-0.34,neutral,bajista,0,0.378,32,2149,3,
s9466,INJUSDT,1781839800000,train,-1,-4.76,0.548,6.56,6.17,3.1,-4.42,3.17,0.82,0.79,0.84,0,-0.34,neutral,bajista,0,0.114,32,2149,3,
s9467,JUPUSDT,1781839800000,train,-1,-2.61,0.402,4.89,3.89,1.14,-2.28,1.67,1.13,1.1,1.13,0,-0.34,neutral,bajista,0,0.689,32,2149,3,
s9468,PENDLEUSDT,1781839800000,train,-1,-2.12,0.418,4.02,2.59,2.31,-1.78,1.28,0.77,1.1,1.55,0,-0.34,neutral,neutral,0,0.811,32,2149,0,
s9469,LDOUSDT,1781839800000,testB,1,3.73,0.534,5.37,3.77,0.95,4.07,2.1,1.56,1.36,1.77,0,-0.34,neutral,alcista,0,-1.0,4,2148,2,
s9470,PUMPUSDT,1781840700000,train,-1,-2.62,0.613,3.89,2.9,1.74,-2.33,1.11,0.89,0.95,1.04,0,-0.28,neutral,neutral,0,1.146,32,2150,0,
s9471,ENAUSDT,1781840700000,train,-1,-5.39,0.626,7.37,6.26,2.01,-5.1,2.05,1.03,1.2,1.44,0,-0.28,neutral,bajista,0,0.627,32,2150,4,
s9472,OPUSDT,1781840700000,train,-1,-5.87,0.64,7.89,7.69,1.24,-5.58,2.95,1.15,1.01,1.18,0,-0.28,neutral,bajista,0,0.291,32,2150,4,
s9473,INJUSDT,1781840700000,train,-1,-5.46,0.694,6.21,5.82,3.38,-5.18,2.79,0.82,0.79,0.84,0,-0.28,neutral,neutral,0,0.215,32,2150,0,
s9474,JUPUSDT,1781840700000,train,-1,-2.97,0.446,4.91,4.17,1.22,-2.69,1.71,1.13,1.1,1.13,0,-0.28,neutral,bajista,0,0.696,32,2150,4,
s9475,PENDLEUSDT,1781840700000,train,-1,-2.34,0.485,3.98,2.49,2.94,-2.06,1.0,0.77,1.1,1.55,0,-0.28,neutral,neutral,0,0.98,32,2150,0,
s9476,ONDOUSDT,1781840700000,train,-1,-2.32,0.371,3.66,2.52,1.96,-2.04,0.84,0.71,1.01,1.39,0,-0.28,neutral,bajista,0,1.056,32,2149,2,
s9477,PUMPUSDT,1781841600000,train,-1,-2.55,0.607,3.96,2.9,1.72,-2.56,1.06,1.08,0.96,1.07,0,0.01,neutral,neutral,0,1.122,32,2151,0,
s9478,ENAUSDT,1781841600000,train,-1,-5.51,0.654,7.34,5.86,2.27,-5.52,1.69,1.23,1.2,1.44,0,0.01,neutral,neutral,0,0.793,32,2151,0,
s9479,INJUSDT,1781841600000,train,-1,-4.01,0.563,6.48,5.44,3.18,-4.02,2.31,0.93,0.77,0.83,0,0.01,neutral,neutral,0,0.251,32,2151,0,
s9480,JUPUSDT,1781841600000,train,-1,-2.31,0.354,4.89,3.89,1.3,-2.32,1.36,1.14,1.07,1.08,0,0.01,neutral,neutral,0,0.743,32,2151,0,
s9481,PUMPUSDT,1781842500000,train,-1,-2.83,0.631,3.97,3.34,0.69,-2.44,1.41,1.08,0.96,1.07,0,-0.38,neutral,neutral,0,0.894,32,2152,1,
s9482,STBLUSDT,1781842500000,train,-1,-2.14,0.469,3.84,2.48,1.12,-1.76,0.81,0.76,0.66,0.87,0,-0.38,neutral,neutral,0,-1.0,26,2152,0,
s9483,ENAUSDT,1781842500000,train,-1,-4.78,0.616,5.72,5.43,0.86,-4.39,2.83,1.23,1.2,1.44,0,-0.38,neutral,neutral,0,0.571,32,2152,1,
s9484,INJUSDT,1781842500000,train,-1,-5.42,0.825,6.51,5.98,0.76,-5.03,2.69,0.93,0.77,0.83,0,-0.38,neutral,neutral,0,0.298,32,2152,1,
s9485,TIAUSDT,1781842500000,train,-1,-3.29,0.522,4.54,3.82,0.87,-2.9,1.64,0.91,0.9,0.94,0,-0.38,neutral,neutral,0,0.612,32,2152,1,
s9486,JUPUSDT,1781842500000,train,-1,-2.93,0.41,4.93,4.61,0.53,-2.55,1.89,1.14,1.07,1.08,0,-0.38,neutral,neutral,0,0.552,32,2152,1,
s9487,PENDLEUSDT,1781842500000,train,-1,-2.64,0.46,3.79,2.84,2.02,-2.25,1.45,0.91,0.99,1.53,0,-0.38,neutral,neutral,0,0.546,32,2152,1,
s9488,APEUSDT,1781842500000,testB,-1,-2.72,0.398,3.94,3.1,0.58,-2.34,0.85,1.26,1.15,1.51,0,-0.38,neutral,neutral,0,1.122,32,2151,1,
s9489,PUMPUSDT,1781843400000,train,-1,-4.12,0.811,5.02,4.37,1.29,-3.41,2.25,1.08,0.96,1.07,0,-0.72,neutral,bajista,0,0.443,32,2153,2,
s9490,STBLUSDT,1781843400000,train,-1,-2.38,0.504,3.85,2.69,1.36,-1.67,1.01,0.76,0.66,0.87,0,-0.72,neutral,neutral,0,-1.0,25,2153,1,
s9491,WLDUSDT,1781843400000,train,-1,-5.38,0.517,6.18,5.81,1.23,-4.66,2.62,0.84,0.7,0.8,0,-0.72,neutral,bajista,0,-1.0,9,2153,2,
s9492,ENAUSDT,1781843400000,train,-1,-5.94,0.7,6.71,6.47,1.05,-5.23,3.63,1.23,1.2,1.44,0,-0.72,neutral,bajista,0,0.308,32,2153,2,
s9493,ARBUSDT,1781843400000,train,-1,-2.6,0.409,4.09,3.85,1.0,-1.89,1.93,0.76,0.7,0.85,0,-0.72,neutral,bajista,0,0.262,32,2153,3,
s9494,INJUSDT,1781843400000,train,-1,-5.97,0.838,7.15,6.58,0.99,-5.25,3.2,0.93,0.77,0.83,0,-0.72,neutral,bajista,0,0.177,32,2153,2,
s9495,SUIUSDT,1781843400000,train,-1,-2.66,0.693,3.2,3.08,0.92,-1.94,1.72,0.84,0.78,1.06,0,-0.72,neutral,bajista,0,0.342,32,2153,2,
s9496,TIAUSDT,1781843400000,train,-1,-4.89,0.631,6.15,5.49,1.92,-4.17,2.98,0.91,0.9,0.94,0,-0.72,neutral,bajista,0,0.139,32,2153,2,
s9497,JUPUSDT,1781843400000,train,-1,-3.9,0.528,5.55,5.28,0.58,-3.18,2.3,1.14,1.07,1.08,0,-0.72,neutral,bajista,0,0.364,32,2153,2,
s9498,PENDLEUSDT,1781843400000,train,-1,-2.73,0.468,3.68,3.09,1.81,-2.01,1.67,0.91,0.99,1.53,0,-0.72,neutral,bajista,0,0.46,32,2153,2,
s9499,ONDOUSDT,1781843400000,train,-1,-3.18,0.403,3.94,3.6,1.2,-2.46,1.94,0.77,0.93,1.37,0,-0.72,neutral,bajista,0,0.465,32,2152,2,
s9500,FETUSDT,1781843400000,train,-1,-2.72,0.45,3.98,3.62,1.16,-2.0,1.84,0.56,0.57,0.71,0,-0.72,neutral,bajista,0,0.171,32,2152,3,
s9501,ARUSDT,1781843400000,testB,-1,-2.43,0.397,3.94,3.24,1.39,-1.71,1.49,1.42,1.51,1.2,0,-0.72,neutral,bajista,0,0.277,32,2152,3,
s9502,SANDUSDT,1781843400000,testB,-1,-2.45,0.602,3.19,2.99,1.26,-1.74,1.66,0.78,0.83,1.43,0,-0.72,neutral,bajista,0,0.013,32,2152,2,
s9503,AXSUSDT,1781843400000,testB,-1,-2.08,0.455,2.98,2.66,0.89,-1.36,1.31,0.82,0.96,0.98,0,-0.72,neutral,bajista,0,0.36,32,2152,2,
s9504,APEUSDT,1781843400000,testB,-1,-3.1,0.429,3.5,3.27,0.67,-2.38,1.31,1.26,1.15,1.51,0,-0.72,neutral,bajista,0,1.047,32,2152,2,
s9505,ASTERUSDT,1781844300000,train,-1,-2.26,0.454,3.47,3.3,1.06,-1.35,1.87,0.87,0.85,1.72,0,-0.9,neutral,bajista,0,-0.196,32,2154,4,
s9506,XPLUSDT,1781844300000,train,-1,-4.24,0.499,6.33,4.98,2.53,-3.34,2.86,0.6,0.8,1.22,0,-0.9,neutral,bajista,0,-0.509,32,2154,3,
s9507,PUMPUSDT,1781844300000,train,-1,-4.01,0.806,5.4,4.83,1.44,-3.11,2.48,1.08,0.96,1.07,0,-0.9,neutral,bajista,0,0.104,32,2154,3,
s9508,STBLUSDT,1781844300000,train,-1,-2.31,0.496,3.86,2.86,1.33,-1.4,1.06,0.76,0.66,0.87,0,-0.9,neutral,bajista,0,-1.0,24,2154,2,
s9509,WLDUSDT,1781844300000,train,-1,-4.65,0.459,6.02,5.0,1.27,-3.75,2.39,0.84,0.7,0.8,0,-0.9,neutral,neutral,0,-1.0,8,2154,0,
s9510,ENAUSDT,1781844300000,train,-1,-6.53,0.719,8.1,7.62,1.5,-5.62,4.31,1.23,1.2,1.44,0,-0.9,neutral,bajista,0,-0.075,32,2154,3,
s9511,ARBUSDT,1781844300000,train,-1,-3.14,0.469,4.53,4.31,1.22,-2.23,2.14,0.76,0.7,0.85,0,-0.9,neutral,bajista,0,-0.179,32,2154,4,
s9512,INJUSDT,1781844300000,train,-1,-5.73,0.832,6.96,6.49,1.03,-4.82,2.83,0.93,0.77,0.83,0,-0.9,neutral,bajista,0,-0.046,32,2154,3,
s9513,SUIUSDT,1781844300000,train,-1,-2.88,0.709,3.63,3.33,1.18,-1.97,1.76,0.84,0.78,1.06,0,-0.9,neutral,bajista,0,-0.093,32,2154,3,
s9514,TIAUSDT,1781844300000,train,-1,-5.39,0.657,6.2,6.02,2.31,-4.49,3.14,0.91,0.9,0.94,0,-0.9,neutral,bajista,0,-0.172,32,2154,3,
s9515,JUPUSDT,1781844300000,train,-1,-5.34,0.745,6.07,6.02,0.72,-4.43,2.64,1.14,1.07,1.08,0,-0.9,neutral,bajista,0,0.054,32,2154,3,
s9516,PENDLEUSDT,1781844300000,train,-1,-2.94,0.486,3.9,3.71,1.55,-2.04,2.03,0.91,0.99,1.53,0,-0.9,neutral,bajista,0,-0.104,32,2154,3,
s9517,ONDOUSDT,1781844300000,train,-1,-3.06,0.392,4.29,4.04,1.36,-2.15,2.06,0.77,0.93,1.37,0,-0.9,neutral,bajista,0,0.007,32,2153,3,
s9518,FETUSDT,1781844300000,train,-1,-2.97,0.472,4.2,4.0,1.19,-2.07,2.04,0.56,0.57,0.71,0,-0.9,neutral,bajista,0,-0.221,32,2153,4,
s9519,ARUSDT,1781844300000,testB,-1,-2.58,0.411,3.95,3.7,1.53,-1.68,1.78,1.42,1.51,1.2,0,-0.9,neutral,bajista,0,-0.243,32,2153,4,
s9520,STXUSDT,1781844300000,testB,-1,-2.33,0.462,2.88,2.71,1.79,-1.42,1.61,0.77,0.74,0.96,0,-0.9,neutral,bajista,0,-0.204,32,2153,3,
s9521,GRTUSDT,1781844300000,testB,-1,-2.12,0.42,3.87,3.56,1.17,-1.21,1.44,1.48,1.1,1.04,1,-0.9,neutral,bajista,0,-0.319,32,2153,4,
s9522,SANDUSDT,1781844300000,testB,-1,-2.61,0.616,3.54,3.3,1.35,-1.71,1.74,0.78,0.83,1.43,0,-0.9,neutral,bajista,0,-0.301,32,2153,3,
s9523,MANAUSDT,1781844300000,testB,-1,-2.24,0.484,3.2,2.9,1.01,-1.33,1.47,0.81,0.83,1.02,0,-0.9,neutral,bajista,0,-0.368,32,2153,3,
s9524,AXSUSDT,1781844300000,testB,-1,-2.5,0.5,3.63,3.21,1.24,-1.6,1.62,0.82,0.96,0.98,0,-0.9,neutral,bajista,0,-0.2,32,2153,3,
s9525,APEUSDT,1781844300000,testB,-1,-2.6,0.385,3.74,3.51,0.82,-1.7,1.42,1.26,1.15,1.51,0,-0.9,neutral,bajista,0,0.435,32,2153,3,
s9526,XPLUSDT,1781845200000,train,-1,-3.91,0.476,6.18,4.81,2.49,-3.43,2.7,0.6,0.72,1.17,0,-0.48,neutral,neutral,0,-0.564,32,2155,0,
s9527,PUMPUSDT,1781845200000,train,-1,-2.92,0.568,4.72,3.51,1.39,-2.44,1.66,0.99,0.91,1.07,0,-0.48,neutral,neutral,0,0.469,32,2155,0,
s9528,ENAUSDT,1781845200000,train,-1,-5.57,0.621,7.83,6.92,1.43,-5.09,3.26,1.15,1.12,1.4,0,-0.48,neutral,neutral,0,0.056,32,2155,0,
s9529,OPUSDT,1781845200000,train,-1,-5.24,0.7,7.02,6.03,0.6,-4.76,2.83,1.39,0.99,1.16,0,-0.48,neutral,neutral,0,-0.344,32,2155,0,
s9530,INJUSDT,1781845200000,train,-1,-4.41,0.617,6.51,5.22,0.94,-3.93,1.97,0.91,0.74,0.82,0,-0.48,neutral,neutral,0,0.109,32,2155,0,
s9531,SUIUSDT,1781845200000,train,-1,-2.11,0.472,3.59,2.69,1.0,-1.63,1.06,0.86,0.71,1.01,0,-0.48,neutral,neutral,0,0.146,32,2155,0,
s9532,TIAUSDT,1781845200000,train,-1,-4.16,0.49,6.15,5.18,1.7,-3.68,2.33,0.96,0.89,0.94,0,-0.48,neutral,neutral,0,-0.168,32,2155,0,
s9533,JUPUSDT,1781845200000,train,-1,-3.59,0.5,5.59,4.63,0.73,-3.11,1.58,1.07,1.05,1.03,1,-0.48,neutral,neutral,0,0.218,32,2155,0,
s9534,PENDLEUSDT,1781845200000,train,-1,-2.32,0.363,3.88,3.2,1.38,-1.84,1.39,0.93,0.9,1.49,0,-0.48,neutral,neutral,0,0.071,32,2155,0,
s9535,ARUSDT,1781845200000,testB,-1,-2.57,0.411,3.93,3.03,0.81,-2.09,1.02,1.3,1.52,1.2,0,-0.48,neutral,neutral,0,-0.049,32,2154,0,
s9536,XPLUSDT,1781846100000,train,-1,-4.18,0.522,6.05,4.73,2.31,-3.68,2.37,0.6,0.72,1.17,0,-0.51,neutral,neutral,0,-0.794,32,2156,1,
s9537,PUMPUSDT,1781846100000,train,-1,-2.92,0.568,4.73,3.73,1.47,-2.42,1.74,0.99,0.91,1.07,0,-0.51,neutral,neutral,0,0.365,32,2156,1,
s9538,ENAUSDT,1781846100000,train,-1,-6.12,0.657,7.87,7.43,1.27,-5.61,3.41,1.15,1.12,1.4,0,-0.51,neutral,neutral,0,-0.015,32,2156,1,
s9539,ARBUSDT,1781846100000,train,-1,-2.74,0.388,4.51,3.95,1.17,-2.24,1.57,0.78,0.67,0.83,0,-0.51,neutral,neutral,0,-0.082,32,2156,1,
s9540,OPUSDT,1781846100000,train,-1,-4.35,0.657,5.83,4.84,0.62,-3.84,2.64,1.39,0.99,1.16,0,-0.51,neutral,neutral,0,-0.571,32,2156,1,
s9541,INJUSDT,1781846100000,train,-1,-4.3,0.595,6.06,4.66,0.94,-3.79,1.68,0.91,0.74,0.82,0,-0.51,neutral,neutral,0,0.139,32,2156,0,
s9542,TIAUSDT,1781846100000,train,-1,-4.57,0.562,6.03,5.11,1.78,-4.06,2.17,0.96,0.89,0.94,0,-0.51,neutral,neutral,0,-0.299,32,2156,1,
s9543,JUPUSDT,1781846100000,train,-1,-3.65,0.504,4.8,4.05,0.75,-3.14,1.67,1.07,1.05,1.03,1,-0.51,neutral,neutral,0,0.316,32,2156,1,
s9544,PENDLEUSDT,1781846100000,train,-1,-2.92,0.459,3.88,3.51,0.73,-2.41,1.5,0.93,0.9,1.49,0,-0.51,neutral,neutral,0,-0.093,32,2156,1,
s9545,ARUSDT,1781846100000,testB,-1,-3.05,0.467,3.94,3.44,0.83,-2.54,1.32,1.3,1.52,1.2,0,-0.51,neutral,neutral,0,-0.348,32,2155,1,
s9546,SANDUSDT,1781846100000,testB,-1,-2.07,0.423,3.51,2.61,1.71,-1.56,0.95,0.83,0.77,1.43,0,-0.51,neutral,neutral,0,-0.144,32,2155,1,
s9547,PUMPUSDT,1781847000000,train,-1,-2.51,0.45,4.71,3.29,0.63,-2.1,1.11,0.99,0.91,1.07,0,-0.41,neutral,neutral,0,0.261,32,2157,0,
s9548,0GUSDT,1781847000000,train,-1,-2.8,0.379,4.15,3.41,0.62,-2.39,1.18,0.78,0.62,0.94,0,-0.41,neutral,bajista,0,-0.264,32,2157,2,
s9549,ENAUSDT,1781847000000,train,-1,-5.67,0.63,7.9,7.35,1.08,-5.26,2.97,1.15,1.12,1.4,0,-0.41,neutral,neutral,0,-0.176,32,2157,0,
s9550,ARBUSDT,1781847000000,train,-1,-2.81,0.397,4.51,4.0,0.82,-2.4,1.48,0.78,0.67,0.83,0,-0.41,neutral,bajista,0,-0.333,32,2157,2,
s9551,OPUSDT,1781847000000,train,-1,-4.17,0.647,5.84,5.05,0.51,-3.76,2.54,1.39,0.99,1.16,0,-0.41,neutral,bajista,0,-0.706,32,2157,2,
s9552,INJUSDT,1781847000000,train,-1,-4.17,0.587,6.06,4.79,0.55,-3.76,1.57,0.91,0.74,0.82,0,-0.41,neutral,neutral,0,-0.094,32,2157,1,
s9553,TIAUSDT,1781847000000,train,-1,-3.96,0.495,6.01,4.86,0.76,-3.55,1.76,0.96,0.89,0.94,0,-0.41,neutral,neutral,0,-0.443,32,2157,0,
s9554,JUPUSDT,1781847000000,train,-1,-3.65,0.504,4.81,4.16,0.72,-3.24,1.72,1.07,1.05,1.03,1,-0.41,neutral,bajista,0,0.064,32,2157,2,
s9555,PENDLEUSDT,1781847000000,train,-1,-2.84,0.443,3.97,3.35,0.73,-2.43,1.17,0.93,0.9,1.49,0,-0.41,neutral,neutral,0,-0.278,32,2157,0,
s9556,ARUSDT,1781847000000,testB,-1,-2.2,0.385,3.2,2.8,0.54,-1.79,1.38,1.3,1.52,1.2,0,-0.41,neutral,bajista,0,-0.661,32,2156,2,
s9557,STXUSDT,1781847000000,testB,-1,-2.0,0.407,2.87,2.49,1.32,-1.59,1.09,0.81,0.7,0.95,0,-0.41,neutral,neutral,0,-0.467,32,2156,0,
s9558,SANDUSDT,1781847000000,testB,-1,-2.12,0.44,3.51,2.61,1.3,-1.71,0.84,0.83,0.77,1.43,0,-0.41,neutral,neutral,0,-0.371,32,2156,0,
s9559,ASTERUSDT,1781847900000,train,-1,-2.16,0.408,3.44,2.47,0.75,-1.71,0.68,0.95,0.81,1.51,0,-0.46,neutral,neutral,0,-0.149,32,2158,0,
s9560,PUMPUSDT,1781847900000,train,-1,-2.64,0.487,4.71,3.29,0.51,-2.19,0.94,0.99,0.91,1.07,0,-0.46,neutral,neutral,0,0.109,32,2158,0,
s9561,0GUSDT,1781847900000,train,-1,-2.87,0.393,4.14,3.17,0.49,-2.41,0.85,0.78,0.62,0.94,0,-0.46,neutral,neutral,0,-0.235,32,2158,0,
s9562,ENAUSDT,1781847900000,train,-1,-5.83,0.664,7.88,7.11,0.57,-5.37,2.41,1.15,1.12,1.4,0,-0.46,neutral,neutral,0,-0.312,32,2158,0,
s9563,ARBUSDT,1781847900000,train,-1,-3.17,0.475,4.51,3.89,0.6,-2.71,1.2,0.78,0.67,0.83,0,-0.46,neutral,neutral,0,-0.46,32,2158,0,
s9564,OPUSDT,1781847900000,train,-1,-4.25,0.672,5.82,4.64,0.49,-3.79,1.52,1.39,0.99,1.16,0,-0.46,neutral,neutral,0,-0.766,32,2158,0,
s9565,INJUSDT,1781847900000,train,-1,-3.97,0.542,6.05,4.54,0.45,-3.51,1.14,0.91,0.74,0.82,0,-0.46,neutral,neutral,0,-0.047,32,2158,0,
s9566,SUIUSDT,1781847900000,train,-1,-2.16,0.52,3.58,2.53,0.47,-1.71,0.64,0.86,0.71,1.01,0,-0.46,neutral,neutral,0,-0.122,32,2158,0,
s9567,TIAUSDT,1781847900000,train,-1,-4.09,0.524,6.0,4.58,0.68,-3.64,1.29,0.96,0.89,0.94,0,-0.46,neutral,neutral,0,-0.566,32,2158,0,
s9568,JUPUSDT,1781847900000,train,-1,-3.39,0.452,4.78,3.72,0.66,-2.93,1.05,1.07,1.05,1.03,1,-0.46,neutral,neutral,0,0.129,32,2158,0,
s9569,PENDLEUSDT,1781847900000,train,-1,-2.64,0.399,3.95,3.0,0.6,-2.18,0.74,0.93,0.9,1.49,0,-0.46,neutral,neutral,0,-0.422,32,2158,0,
s9570,FETUSDT,1781847900000,train,-1,-2.31,0.359,4.17,3.19,0.67,-1.86,0.82,0.58,0.52,0.7,0,-0.46,neutral,neutral,0,-0.403,32,2157,1,
s9571,ARUSDT,1781847900000,testB,-1,-2.25,0.39,3.2,2.85,0.54,-1.8,1.38,1.3,1.52,1.2,0,-0.46,neutral,neutral,0,-0.386,32,2157,0,
s9572,SANDUSDT,1781847900000,testB,-1,-2.18,0.457,3.51,2.42,1.01,-1.72,0.6,0.83,0.77,1.43,0,-0.46,neutral,neutral,0,-0.431,32,2157,0,
s9573,AXSUSDT,1781847900000,testB,-1,-2.08,0.417,3.61,2.44,0.63,-1.62,0.63,0.85,0.71,0.97,0,-0.46,neutral,neutral,0,-0.261,32,2157,1,
s9574,PUMPUSDT,1781848800000,train,-1,-2.37,0.425,4.21,2.57,0.41,-2.09,0.63,0.94,0.9,1.08,0,-0.28,neutral,neutral,0,0.472,32,2159,0,
s9575,ENAUSDT,1781848800000,train,-1,-5.21,0.564,6.99,5.66,0.55,-4.94,1.7,1.09,1.08,1.34,0,-0.28,neutral,neutral,0,-0.265,32,2159,0,
s9576,ARBUSDT,1781848800000,train,-1,-2.78,0.403,4.5,3.56,0.48,-2.5,0.84,0.76,0.66,0.82,0,-0.28,neutral,neutral,0,-0.275,32,2159,0,
s9577,OPUSDT,1781848800000,train,-1,-3.79,0.625,5.32,4.04,0.46,-3.52,1.16,1.38,0.97,1.16,0,-0.28,neutral,neutral,0,-1.0,31,2159,0,
s9578,INJUSDT,1781848800000,train,-1,-3.51,0.503,5.4,3.83,0.42,-3.24,0.98,0.85,0.73,0.82,0,-0.28,neutral,neutral,0,0.026,32,2159,0,
s9579,TIAUSDT,1781848800000,train,-1,-3.37,0.411,5.55,3.57,0.6,-3.1,0.71,0.89,0.89,0.94,0,-0.28,neutral,neutral,0,-0.482,32,2159,0,
s9580,JUPUSDT,1781848800000,train,-1,-2.58,0.357,4.14,2.81,0.62,-2.31,0.69,0.95,1.03,1.03,0,-0.28,neutral,neutral,0,0.434,32,2159,0,
s9581,PUMPUSDT,1781849700000,train,-1,-2.1,0.395,4.21,2.79,0.4,-1.91,0.76,0.94,0.9,1.08,0,-0.19,neutral,neutral,0,0.179,32,2160,1,
s9582,ENAUSDT,1781849700000,train,-1,-4.25,0.51,6.37,5.26,0.46,-4.06,1.69,1.09,1.08,1.34,0,-0.19,neutral,neutral,0,-0.49,32,2160,1,
s9583,ARBUSDT,1781849700000,train,-1,-2.57,0.383,4.51,3.84,0.47,-2.38,1.0,0.76,0.66,0.82,0,-0.19,neutral,neutral,0,-0.488,32,2160,1,
s9584,OPUSDT,1781849700000,train,-1,-3.61,0.613,5.13,3.94,0.51,-3.43,1.09,1.38,0.97,1.16,0,-0.19,neutral,neutral,0,-1.0,30,2160,1,
s9585,INJUSDT,1781849700000,train,-1,-3.5,0.501,5.13,3.62,0.39,-3.31,0.9,0.85,0.73,0.82,0,-0.19,neutral,neutral,0,-0.081,32,2160,1,
s9586,TIAUSDT,1781849700000,train,-1,-2.92,0.375,5.1,3.5,0.5,-2.73,0.94,0.89,0.89,0.94,0,-0.19,neutral,neutral,0,-1.0,32,2160,1,
s9587,0GUSDT,1781850600000,train,-1,-2.61,0.396,3.98,2.68,0.49,-2.43,0.56,0.72,0.61,0.93,0,-0.18,neutral,neutral,0,-0.042,32,2161,0,
s9588,ENAUSDT,1781850600000,train,-1,-4.47,0.53,6.38,5.45,0.43,-4.29,1.74,1.09,1.08,1.34,0,-0.18,neutral,bajista,0,-0.505,32,2161,2,
s9589,ARBUSDT,1781850600000,train,-1,-3.06,0.481,4.51,3.94,0.49,-2.87,1.06,0.76,0.66,0.82,0,-0.18,neutral,bajista,0,-0.512,32,2161,2,
s9590,OPUSDT,1781850600000,train,-1,-3.33,0.574,4.83,3.55,0.48,-3.15,0.96,1.38,0.97,1.16,0,-0.18,neutral,neutral,0,-1.0,29,2161,0,
s9591,INJUSDT,1781850600000,train,-1,-3.09,0.47,5.04,3.61,0.33,-2.91,0.89,0.85,0.73,0.82,0,-0.18,neutral,bajista,0,-0.016,32,2161,2,
s9592,TIAUSDT,1781850600000,train,-1,-3.02,0.383,5.1,3.61,0.56,-2.83,1.0,0.89,0.89,0.94,0,-0.18,neutral,bajista,0,-1.0,31,2161,2,
s9593,PENDLEUSDT,1781850600000,train,-1,-2.33,0.373,3.61,2.63,0.47,-2.15,0.59,0.92,0.85,1.44,0,-0.18,neutral,neutral,0,-0.813,32,2161,0,
s9594,FETUSDT,1781850600000,train,-1,-2.27,0.36,4.18,3.3,0.81,-2.08,0.82,0.56,0.51,0.7,0,-0.18,neutral,neutral,0,-0.406,32,2160,1,
s9595,ARUSDT,1781850600000,testB,-1,-2.16,0.423,3.46,3.01,0.57,-1.97,1.08,1.3,1.44,1.19,0,-0.18,neutral,neutral,0,-0.083,32,2160,1,
s9596,ASTERUSDT,1781851500000,train,-1,-2.07,0.375,3.44,2.39,0.41,-1.9,0.5,0.95,0.8,1.37,0,-0.17,neutral,neutral,0,-0.007,32,2162,1,
s9597,PUMPUSDT,1781851500000,train,-1,-2.58,0.481,4.22,2.93,0.5,-2.41,0.77,0.94,0.9,1.08,0,-0.17,neutral,neutral,0,0.293,32,2162,1,
s9598,ENAUSDT,1781851500000,train,-1,-4.5,0.538,6.3,5.03,0.49,-4.33,1.27,1.09,1.08,1.34,0,-0.17,neutral,neutral,0,-0.204,32,2162,0,
s9599,ARBUSDT,1781851500000,train,-1,-3.37,0.561,4.5,3.77,0.52,-3.2,0.81,0.76,0.66,0.82,0,-0.17,neutral,neutral,0,-0.289,32,2162,0,
s9600,OPUSDT,1781851500000,train,-1,-2.76,0.446,4.8,3.04,0.53,-2.59,0.38,1.38,0.97,1.16,0,-0.17,neutral,neutral,0,-1.0,28,2162,0,
s9601,INJUSDT,1781851500000,train,-1,-3.01,0.453,5.02,3.28,0.33,-2.84,0.47,0.85,0.73,0.82,0,-0.17,neutral,neutral,0,0.321,32,2162,0,
s9602,TIAUSDT,1781851500000,train,-1,-3.49,0.457,5.06,3.69,0.53,-3.32,1.0,0.89,0.89,0.94,0,-0.17,neutral,bajista,0,-1.0,30,2162,3,
s9603,JUPUSDT,1781851500000,train,-1,-2.64,0.383,4.14,3.03,0.74,-2.47,0.57,0.95,1.03,1.03,0,-0.17,neutral,neutral,0,0.175,32,2162,0,
s9604,PENDLEUSDT,1781851500000,train,-1,-2.37,0.377,3.52,2.59,0.5,-2.2,0.58,0.92,0.85,1.44,0,-0.17,neutral,neutral,0,-0.663,32,2162,1,
s9605,FETUSDT,1781851500000,train,-1,-2.7,0.466,4.17,3.09,0.72,-2.53,0.54,0.56,0.51,0.7,0,-0.17,neutral,neutral,0,-0.133,32,2161,0,
s9606,ARUSDT,1781851500000,testB,-1,-2.49,0.526,3.61,2.91,0.64,-2.32,0.82,1.3,1.44,1.19,0,-0.17,neutral,neutral,0,-0.121,32,2161,0,
s9607,GRTUSDT,1781851500000,testB,-1,-2.35,0.376,3.84,2.92,0.37,-2.18,0.61,1.3,1.12,1.05,1,-0.17,neutral,neutral,0,-0.193,32,2161,0,
s9608,SANDUSDT,1781851500000,testB,-1,-2.11,0.427,3.08,2.23,0.87,-1.93,0.63,0.81,0.76,1.44,0,-0.17,neutral,neutral,0,-0.345,32,2161,0,
s9609,APEUSDT,1781851500000,testB,-1,-2.91,0.429,3.84,3.54,0.75,-2.74,1.54,1.12,1.1,1.4,0,-0.17,neutral,bajista,0,-0.109,32,2161,3,
s9610,ASTERUSDT,1781852400000,train,-1,-2.45,0.415,3.14,2.56,0.42,-2.5,0.88,1.05,0.86,1.32,0,0.06,neutral,bajista,0,-0.22,32,2163,2,
s9611,PUMPUSDT,1781852400000,train,-1,-2.38,0.459,3.37,2.44,0.5,-2.44,0.95,0.9,0.91,1.07,0,0.06,neutral,bajista,0,-0.0,32,2163,2,
s9612,ENAUSDT,1781852400000,train,-1,-4.88,0.557,5.57,5.16,0.46,-4.94,1.75,1.1,1.05,1.31,0,0.06,neutral,neutral,0,-0.366,32,2163,1,
s9613,ARBUSDT,1781852400000,train,-1,-3.07,0.536,3.34,3.21,0.49,-3.13,1.2,0.77,0.66,0.82,0,0.06,neutral,neutral,0,-0.594,32,2163,1,
s9614,OPUSDT,1781852400000,train,-1,-2.87,0.455,4.33,2.95,0.49,-2.92,0.66,1.02,0.96,1.16,0,0.06,neutral,neutral,0,-1.0,26,2163,1,
s9615,INJUSDT,1781852400000,train,-1,-2.31,0.387,3.88,2.41,0.32,-2.37,0.66,0.91,0.75,0.82,0,0.06,neutral,neutral,0,-0.041,32,2163,1,
s9616,TIAUSDT,1781852400000,train,-1,-2.99,0.416,3.85,3.11,0.45,-3.05,1.35,1.22,1.08,1.04,1,0.06,neutral,bajista,0,-1.0,27,2163,4,
s9617,JUPUSDT,1781852400000,train,-1,-2.61,0.379,3.1,2.68,0.55,-2.66,1.05,0.88,0.96,1.05,0,0.06,neutral,neutral,0,-0.42,32,2163,1,
s9618,FETUSDT,1781852400000,train,-1,-2.57,0.451,3.01,2.64,0.64,-2.63,1.09,0.57,0.51,0.69,0,0.06,neutral,neutral,0,-0.529,32,2162,1,
s9619,ARUSDT,1781852400000,testB,-1,-2.75,0.549,3.28,3.23,0.62,-2.8,1.29,1.28,1.42,1.22,0,0.06,neutral,neutral,0,-1.0,27,2162,1,
s9620,GRTUSDT,1781852400000,testB,-1,-2.36,0.376,3.03,2.42,0.36,-2.41,0.86,1.29,1.12,1.06,1,0.06,neutral,neutral,0,-1.0,27,2162,1,
s9621,LDOUSDT,1781852400000,testB,-1,-2.96,0.365,4.8,4.29,0.42,-3.02,1.16,1.89,1.23,1.64,0,0.06,neutral,neutral,0,-0.508,32,2162,1,
s9622,APEUSDT,1781852400000,testB,-1,-3.36,0.464,3.63,3.56,1.0,-3.42,1.8,1.27,1.19,1.41,0,0.06,neutral,bajista,0,-1.0,28,2162,4,
s9623,PUMPUSDT,1781853300000,train,-1,-2.11,0.429,3.02,2.3,0.56,-1.95,1.06,0.9,0.91,1.07,0,-0.16,neutral,bajista,0,0.187,32,2164,3,
s9624,ENAUSDT,1781853300000,train,-1,-3.99,0.503,4.27,4.15,0.49,-3.83,2.0,1.1,1.05,1.31,0,-0.16,neutral,bajista,0,-1.0,28,2164,2,
s9625,ARBUSDT,1781853300000,train,-1,-2.52,0.484,2.65,2.58,0.55,-2.36,1.25,0.77,0.66,0.82,0,-0.16,neutral,bajista,0,-1.0,26,2164,2,
s9626,FETUSDT,1781853300000,train,-1,-2.03,0.392,2.54,2.18,0.71,-1.87,1.03,0.57,0.51,0.69,0,-0.16,neutral,neutral,0,-1.0,26,2163,0,
s9627,ARUSDT,1781853300000,testB,-1,-2.8,0.553,3.33,3.23,0.71,-2.64,1.33,1.28,1.42,1.22,0,-0.16,neutral,bajista,0,-1.0,26,2163,2,
s9628,LDOUSDT,1781853300000,testB,-1,-3.16,0.402,4.79,4.14,0.51,-3.01,0.97,1.89,1.23,1.64,0,-0.16,neutral,neutral,0,-0.298,32,2163,0,
s9629,APEUSDT,1781853300000,testB,-1,-2.2,0.358,3.41,3.33,1.11,-2.04,1.79,1.27,1.19,1.41,0,-0.16,neutral,bajista,0,-1.0,27,2163,5,
s9630,PUMPUSDT,1781854200000,train,-1,-2.4,0.459,3.19,2.97,0.89,-2.16,1.59,0.9,0.91,1.07,0,-0.24,neutral,bajista,0,-0.244,32,2165,4,
s9631,ENAUSDT,1781854200000,train,-1,-3.91,0.497,4.82,4.58,0.83,-3.67,2.27,1.1,1.05,1.31,0,-0.24,neutral,bajista,0,-1.0,27,2165,3,
s9632,ARBUSDT,1781854200000,train,-1,-2.4,0.471,3.11,2.77,0.91,-2.16,1.5,0.77,0.66,0.82,0,-0.24,neutral,bajista,0,-1.0,25,2165,3,
s9633,TIAUSDT,1781854200000,train,-1,-2.48,0.35,3.81,3.39,0.7,-2.23,1.46,1.22,1.08,1.04,1,-0.24,neutral,neutral,0,-1.0,25,2165,1,
s9634,SEIUSDT,1781854200000,train,-1,-2.44,0.396,3.71,3.52,0.82,-2.19,1.44,0.93,0.93,0.98,0,-0.24,neutral,bajista,0,-0.344,32,2165,6,
s9635,PENDLEUSDT,1781854200000,train,-1,-2.26,0.41,3.23,3.04,0.64,-2.02,1.6,0.97,0.86,1.42,0,-0.24,neutral,bajista,0,-1.0,26,2165,4,
s9636,FETUSDT,1781854200000,train,-1,-2.24,0.415,2.97,2.6,0.8,-2.0,1.4,0.57,0.51,0.69,0,-0.24,neutral,neutral,0,-1.0,25,2164,1,
s9637,ARUSDT,1781854200000,testB,-1,-2.95,0.566,4.0,3.49,1.24,-2.7,1.49,1.28,1.42,1.22,0,-0.24,neutral,bajista,0,-1.0,25,2164,3,
s9638,GRTUSDT,1781854200000,testB,-1,-2.18,0.355,3.21,2.74,0.82,-1.94,1.49,1.29,1.12,1.06,1,-0.24,neutral,bajista,0,-1.0,24,2164,3,
s9639,LDOUSDT,1781854200000,testB,-1,-4.92,0.616,5.61,5.21,0.81,-4.68,1.86,1.89,1.23,1.64,0,-0.24,neutral,neutral,0,-0.683,32,2164,1,
s9640,APEUSDT,1781854200000,testB,-1,-2.89,0.422,4.85,4.38,1.97,-2.64,2.59,1.27,1.19,1.41,0,-0.24,neutral,bajista,0,-1.0,26,2164,6,
s9641,PUMPUSDT,1781855100000,train,-1,-2.19,0.403,3.25,2.75,0.87,-1.95,1.17,0.9,0.91,1.07,0,-0.24,neutral,neutral,0,-0.132,32,2166,0,
s9642,ENAUSDT,1781855100000,train,-1,-4.05,0.506,5.07,4.78,0.86,-3.8,2.17,1.1,1.05,1.31,0,-0.24,neutral,bajista,0,-1.0,26,2166,4,
s9643,ARBUSDT,1781855100000,train,-1,-2.17,0.409,3.1,2.41,1.0,-1.93,0.92,0.77,0.66,0.82,0,-0.24,neutral,neutral,0,-1.0,24,2166,0,
s9644,SEIUSDT,1781855100000,train,-1,-2.66,0.452,3.7,3.33,0.85,-2.42,1.07,0.93,0.93,0.98,0,-0.24,neutral,neutral,0,-0.302,32,2166,0,
s9645,PENDLEUSDT,1781855100000,train,-1,-2.02,0.351,3.55,2.73,1.0,-1.78,0.94,0.97,0.86,1.42,0,-0.24,neutral,neutral,0,-1.0,25,2166,0,
s9646,FETUSDT,1781855100000,train,-1,-2.34,0.442,3.17,2.6,0.85,-2.09,1.15,0.57,0.51,0.69,0,-0.24,neutral,neutral,0,-1.0,24,2165,0,
s9647,ARUSDT,1781855100000,testB,-1,-3.14,0.615,3.95,3.49,1.25,-2.9,1.34,1.28,1.42,1.22,0,-0.24,neutral,neutral,0,-1.0,24,2165,0,
s9648,STXUSDT,1781855100000,testB,-1,-2.02,0.507,2.89,2.61,0.97,-1.77,0.9,0.8,0.64,0.94,0,-0.24,neutral,neutral,0,-0.489,32,2165,0,
s9649,GRTUSDT,1781855100000,testB,-1,-2.53,0.431,3.21,2.8,0.83,-2.28,1.36,1.29,1.12,1.06,1,-0.24,neutral,neutral,0,-1.0,23,2165,0,
s9650,LDOUSDT,1781855100000,testB,-1,-4.11,0.565,4.77,4.33,0.92,-3.87,1.61,1.89,1.23,1.64,0,-0.24,neutral,neutral,0,-0.712,32,2165,0,
s9651,APEUSDT,1781855100000,testB,-1,-3.26,0.506,4.85,4.38,2.06,-3.01,2.33,1.27,1.19,1.41,0,-0.24,neutral,neutral,0,-1.0,25,2165,0,
s9652,ENAUSDT,1781856000000,train,-1,-4.18,0.533,5.06,4.53,0.91,-3.85,1.56,1.08,0.95,1.27,0,-0.33,neutral,neutral,0,-1.0,25,2167,0,
s9653,SEIUSDT,1781856000000,train,-1,-2.63,0.448,3.69,2.98,0.82,-2.31,0.69,0.96,0.84,0.92,0,-0.33,neutral,neutral,0,-0.354,32,2167,0,
s9654,ARUSDT,1781856000000,testB,-1,-2.9,0.562,3.94,3.34,1.28,-2.57,1.07,1.22,1.35,1.21,0,-0.33,neutral,neutral,0,-1.0,23,2166,0,
s9655,LDOUSDT,1781856000000,testB,-1,-3.53,0.485,4.75,4.02,1.09,-3.2,1.25,1.2,1.24,1.53,0,-0.33,neutral,neutral,0,-0.864,32,2166,0,
s9656,APEUSDT,1781856000000,testB,-1,-3.16,0.488,4.82,3.73,1.72,-2.84,1.38,1.2,1.17,1.37,0,-0.33,neutral,neutral,0,-1.0,24,2166,0,
s9657,ENAUSDT,1781856900000,train,-1,-2.64,0.372,3.68,2.76,0.88,-2.55,0.99,1.08,0.95,1.27,0,-0.1,neutral,neutral,0,-1.0,22,2168,0,
s9658,APEUSDT,1781856900000,testB,-1,-2.8,0.457,4.13,3.19,1.77,-2.71,1.35,1.2,1.17,1.37,0,-0.1,neutral,neutral,0,-1.0,23,2167,1,
s9659,APEUSDT,1781857800000,testB,-1,-2.28,0.405,4.13,3.27,0.7,-2.34,1.34,1.2,1.17,1.37,0,0.06,neutral,bajista,0,-1.0,22,2168,2,
s9660,APEUSDT,1781858700000,testB,-1,-2.06,0.38,4.13,3.35,0.45,-2.31,1.36,1.2,1.17,1.37,0,0.25,neutral,bajista,0,-1.0,21,2169,3,
s9661,STBLUSDT,1781859600000,train,-1,-2.21,0.519,2.51,2.43,0.83,-1.82,1.03,0.58,0.62,0.88,0,-0.39,neutral,bajista,0,-1.0,5,2171,2,
s9662,SEIUSDT,1781859600000,train,-1,-2.44,0.547,3.14,3.03,0.97,-2.05,1.61,0.97,0.85,0.93,0,-0.39,neutral,bajista,0,-1.0,19,2171,4,
s9663,GRTUSDT,1781859600000,testB,-1,-2.19,0.483,3.13,2.61,0.99,-1.8,1.21,1.06,1.17,1.1,0,-0.39,neutral,bajista,0,-1.0,18,2170,2,
s9664,APEUSDT,1781859600000,testB,-1,-2.66,0.507,4.14,3.6,0.35,-2.27,1.37,1.02,1.17,1.34,0,-0.39,neutral,bajista,0,-1.0,20,2170,4,
s9665,STBLUSDT,1781860500000,train,-1,-2.17,0.505,2.38,2.26,1.01,-1.79,0.87,0.58,0.62,0.88,0,-0.38,neutral,neutral,0,-1.0,4,2172,0,
s9666,SEIUSDT,1781860500000,train,-1,-2.33,0.536,3.27,3.08,1.23,-1.96,1.37,0.97,0.85,0.93,0,-0.38,neutral,bajista,0,-1.0,18,2172,5,
s9667,GRTUSDT,1781860500000,testB,-1,-2.54,0.568,3.24,2.77,1.18,-2.17,1.13,1.06,1.17,1.1,0,-0.38,neutral,bajista,0,-1.0,17,2171,3,
s9668,APEUSDT,1781860500000,testB,-1,-3.11,0.612,4.15,3.76,0.36,-2.73,1.29,1.02,1.17,1.34,0,-0.38,neutral,bajista,0,-1.0,19,2171,5,
s9669,PUMPUSDT,1781861400000,train,-1,-2.07,0.446,3.14,2.55,1.64,-1.69,1.13,0.87,0.87,1.06,0,-0.38,neutral,neutral,0,-0.371,32,2173,0,
s9670,SEIUSDT,1781861400000,train,-1,-2.62,0.598,3.28,3.26,1.2,-2.25,1.38,0.97,0.85,0.93,0,-0.38,neutral,bajista,0,-1.0,17,2173,6,
s9671,GRTUSDT,1781861400000,testB,-1,-2.4,0.553,2.98,2.61,1.32,-2.02,1.07,1.06,1.17,1.1,0,-0.38,neutral,bajista,0,-1.0,13,2172,4,
s9672,APEUSDT,1781861400000,testB,-1,-3.34,0.647,4.24,3.92,0.4,-2.96,1.27,1.02,1.17,1.34,0,-0.38,neutral,bajista,0,-1.0,18,2172,6,
s9673,PUMPUSDT,1781862300000,train,-1,-2.07,0.446,3.14,2.55,1.77,-1.51,1.11,0.87,0.87,1.06,0,-0.56,neutral,neutral,0,-0.343,32,2174,0,
s9674,SEIUSDT,1781862300000,train,-1,-2.49,0.553,3.4,3.03,1.29,-1.93,1.13,0.97,0.85,0.93,0,-0.56,neutral,neutral,0,-1.0,16,2174,0,
s9675,ONDOUSDT,1781862300000,train,-1,-2.28,0.424,3.08,2.79,0.76,-1.71,1.07,0.74,0.72,1.3,0,-0.56,neutral,bajista,0,-1.0,15,2173,5,
s9676,GRTUSDT,1781862300000,testB,-1,-2.2,0.531,2.93,2.61,1.66,-1.63,1.17,1.06,1.17,1.1,0,-0.56,neutral,neutral,0,-1.0,12,2173,0,
s9677,APEUSDT,1781862300000,testB,-1,-3.71,0.731,4.32,4.08,0.57,-3.14,1.34,1.02,1.17,1.34,0,-0.56,neutral,bajista,0,-1.0,17,2173,7,
s9678,PUMPUSDT,1781863200000,train,-1,-2.14,0.469,3.06,2.33,1.8,-1.66,0.85,0.83,0.94,1.06,0,-0.48,neutral,neutral,0,-0.219,32,2175,0,
s9679,SEIUSDT,1781863200000,train,-1,-2.5,0.559,3.39,2.76,1.02,-2.03,0.77,0.8,0.86,0.93,0,-0.48,neutral,neutral,0,-1.0,15,2175,0,
s9680,ONDOUSDT,1781863200000,train,-1,-2.47,0.463,3.08,2.79,0.69,-1.99,0.97,0.71,0.73,1.29,0,-0.48,neutral,bajista,0,-1.0,14,2174,6,
s9681,FETUSDT,1781863200000,train,-1,-2.0,0.534,2.67,2.3,0.79,-1.52,0.78,0.42,0.49,0.66,0,-0.48,neutral,neutral,0,-1.0,14,2174,0,
s9682,GRTUSDT,1781863200000,testB,-1,-2.4,0.595,2.93,2.62,1.38,-1.92,1.13,0.98,1.24,1.14,0,-0.48,neutral,neutral,0,-1.0,11,2174,1,
s9683,APEUSDT,1781863200000,testB,-1,-3.85,0.761,4.4,4.17,0.49,-3.38,1.33,1.0,1.13,1.31,0,-0.48,neutral,bajista,0,-1.0,16,2174,8,
s9684,ONDOUSDT,1781864100000,train,-1,-2.75,0.49,3.29,3.03,0.88,-2.22,1.2,0.71,0.73,1.29,0,-0.53,neutral,bajista,0,-1.0,13,2175,7,
s9685,GRTUSDT,1781864100000,testB,-1,-2.1,0.506,2.66,2.14,1.14,-1.57,0.8,0.98,1.24,1.14,0,-0.53,neutral,neutral,0,-1.0,10,2175,0,
s9686,APEUSDT,1781864100000,testB,-1,-3.04,0.606,4.31,3.29,0.69,-2.51,0.86,1.0,1.13,1.31,0,-0.53,neutral,neutral,0,-1.0,15,2175,0,
s9687,PUMPUSDT,1781865000000,train,-1,-2.71,0.528,3.3,2.86,1.3,-2.06,1.35,0.83,0.94,1.06,0,-0.65,neutral,neutral,0,-0.026,32,2177,1,
s9688,SEIUSDT,1781865000000,train,-1,-2.13,0.504,2.74,2.39,0.89,-1.49,0.91,0.8,0.86,0.93,0,-0.65,neutral,neutral,0,-1.0,13,2177,1,
s9689,ONDOUSDT,1781865000000,train,-1,-2.67,0.482,3.47,3.21,0.97,-2.03,1.32,0.71,0.73,1.29,0,-0.65,neutral,bajista,0,-1.0,12,2176,8,
s9690,APEUSDT,1781865000000,testB,-1,-3.66,0.649,3.8,3.8,0.81,-3.02,1.87,1.0,1.13,1.31,0,-0.65,neutral,neutral,0,-1.0,13,2176,1,
s9691,PUMPUSDT,1781865900000,train,-1,-2.22,0.437,3.07,2.41,1.33,-1.65,1.05,0.83,0.94,1.06,0,-0.57,neutral,neutral,0,-1.0,12,2178,0,
s9692,ONDOUSDT,1781865900000,train,-1,-2.5,0.438,3.37,2.71,0.99,-1.93,0.85,0.71,0.73,1.29,0,-0.57,neutral,neutral,0,-1.0,11,2177,0,
s9693,APEUSDT,1781865900000,testB,-1,-3.0,0.6,3.09,3.09,0.84,-2.43,1.7,1.0,1.13,1.31,0,-0.57,neutral,bajista,0,-1.0,11,2177,2,
s9694,STBLUSDT,1781866800000,train,1,2.62,0.406,4.82,4.17,5,3.06,1.85,1.09,0.88,1.02,0,-0.45,neutral,alcista,0,0.427,32,2179,5,
s9695,ONDOUSDT,1781866800000,train,-1,-2.06,0.39,2.89,2.42,1.01,-1.62,0.95,0.72,0.72,1.28,0,-0.45,neutral,neutral,0,-1.0,10,2178,1,
s9696,APEUSDT,1781866800000,testB,-1,-2.32,0.517,2.77,2.61,1.08,-1.87,1.41,0.95,1.14,1.25,0,-0.45,neutral,neutral,0,-1.0,10,2178,0,
s9697,STBLUSDT,1781867700000,train,1,2.62,0.406,4.82,4.17,2.18,2.77,1.72,1.09,0.88,1.02,0,-0.15,neutral,neutral,0,0.388,32,2180,0,
s9698,STBLUSDT,1781868600000,train,1,2.91,0.449,4.81,4.32,1.87,2.74,1.74,1.09,0.88,1.02,0,0.17,neutral,neutral,0,0.327,32,2181,1,
s9699,WLDUSDT,1781868600000,train,-1,-6.39,0.632,9.76,7.86,0.83,-6.57,2.94,1.27,1.07,0.86,1,0.17,neutral,neutral,0,-0.2,32,2181,0,
s9700,WLDUSDT,1781869500000,train,-1,-6.59,0.651,9.77,7.98,0.58,-6.6,2.53,1.27,1.07,0.86,1,0.01,neutral,neutral,0,-0.228,32,2182,1,
s9701,STBLUSDT,1781870400000,train,1,2.6,0.364,4.92,4.59,0.71,2.67,1.77,1.26,0.98,1.05,0,-0.07,neutral,neutral,0,0.561,32,2183,1,
s9702,STBLUSDT,1781871300000,train,1,2.86,0.404,4.91,4.67,0.64,3.03,1.69,1.26,0.98,1.05,0,-0.17,neutral,alcista,0,0.621,32,2184,2,
s9703,WLDUSDT,1781871300000,train,-1,-6.87,0.639,9.43,7.56,0.4,-6.7,1.87,1.22,1.06,0.87,1,-0.17,neutral,neutral,0,-0.282,32,2184,0,
s9704,STBLUSDT,1781872200000,train,1,2.6,0.373,4.92,4.59,0.61,2.83,1.41,1.26,0.98,1.05,0,-0.22,neutral,neutral,0,0.535,32,2185,0,
s9705,WLDUSDT,1781872200000,train,-1,-5.75,0.54,8.66,6.27,0.39,-5.53,1.24,1.22,1.06,0.87,1,-0.22,neutral,neutral,0,-0.278,32,2185,0,
s9706,JUPUSDT,1781872200000,train,-1,-2.13,0.526,2.72,2.28,1.56,-1.9,0.65,0.74,0.85,1.04,0,-0.22,neutral,neutral,0,-1.0,5,2185,0,
s9707,STBLUSDT,1781873100000,train,1,4.4,0.552,6.6,5.84,0.87,4.04,2.45,1.26,0.98,1.05,0,0.36,neutral,neutral,0,0.061,32,2186,1,
s9708,OPUSDT,1781873100000,train,1,2.39,0.5,2.73,2.53,1.79,2.04,1.77,0.69,1.03,1.06,0,0.36,neutral,neutral,0,-0.462,32,2186,1,
s9709,STBLUSDT,1781874000000,train,1,4.9,0.646,6.62,5.54,0.79,4.32,1.94,1.46,1.08,1.03,1,0.58,neutral,neutral,0,0.129,32,2187,0,
s9710,OPUSDT,1781874000000,train,1,2.89,0.547,3.29,3.1,2.76,2.31,2.23,0.87,0.94,1.07,0,0.58,neutral,alcista,0,-0.312,32,2187,2,
s9711,ARUSDT,1781874000000,testB,1,2.08,0.451,3.28,2.73,1.89,1.5,1.37,0.91,1.09,1.32,0,0.58,neutral,neutral,0,-0.291,32,2186,0,
s9712,XPLUSDT,1781874900000,train,1,3.72,0.386,5.16,4.72,2.44,3.06,2.64,0.58,0.62,0.86,0,0.67,neutral,alcista,0,0.395,32,2188,5,
s9713,STBLUSDT,1781874900000,train,1,4.52,0.574,6.64,5.24,0.87,3.85,1.44,1.46,1.08,1.03,1,0.67,neutral,neutral,0,0.168,32,2188,0,
s9714,OPUSDT,1781874900000,train,1,3.38,0.586,3.85,3.75,3.5,2.71,2.63,0.87,0.94,1.07,0,0.67,neutral,alcista,0,-0.487,32,2188,3,
s9715,ARUSDT,1781874900000,testB,1,3.05,0.612,3.4,3.35,2.43,2.39,1.82,0.91,1.09,1.32,0,0.67,neutral,neutral,0,-0.544,32,2187,1,
s9716,GRTUSDT,1781874900000,testB,1,2.24,0.443,3.06,2.76,1.01,1.58,1.19,1.23,1.26,1.25,0,0.67,neutral,neutral,0,-0.537,32,2187,1,
s9717,XPLUSDT,1781875800000,train,1,4.47,0.431,5.6,5.56,2.46,3.4,3.31,0.58,0.62,0.86,0,1.08,neutral,alcista,0,0.079,32,2189,6,
s9718,STBLUSDT,1781875800000,train,1,6.09,0.707,6.61,5.94,1.11,5.01,2.34,1.46,1.08,1.03,1,1.08,neutral,neutral,0,0.027,32,2189,1,
s9719,OPUSDT,1781875800000,train,1,4.18,0.677,4.59,4.3,3.5,3.11,2.96,0.87,0.94,1.07,0,1.08,neutral,alcista,0,-0.467,32,2189,4,
s9720,TIAUSDT,1781875800000,train,1,2.58,0.422,4.11,4.09,1.71,1.51,2.29,0.88,1.05,1.1,0,1.08,neutral,alcista,0,-0.541,32,2189,5,
s9721,ONDOUSDT,1781875800000,train,1,2.53,0.454,3.61,3.5,1.97,1.45,2.15,0.8,0.8,1.13,0,1.08,neutral,alcista,0,-0.68,32,2188,2,
s9722,FETUSDT,1781875800000,train,1,2.67,0.56,3.37,3.11,2.09,1.59,1.76,0.58,0.57,0.67,0,1.08,neutral,neutral,0,-1.0,32,2188,1,
s9723,ARUSDT,1781875800000,testB,1,3.62,0.689,3.88,3.73,2.03,2.54,2.02,0.91,1.09,1.32,0,1.08,neutral,alcista,0,-0.645,32,2188,2,
s9724,GRTUSDT,1781875800000,testB,1,3.87,0.597,4.23,4.18,1.58,2.79,2.46,1.23,1.26,1.25,0,1.08,neutral,alcista,0,-0.723,32,2188,2,
s9725,XPLUSDT,1781876700000,train,1,4.3,0.422,7.12,5.85,2.36,2.99,3.35,0.58,0.62,0.86,0,1.32,neutral,alcista,0,0.014,32,2190,7,
s9726,STBLUSDT,1781876700000,train,1,5.8,0.651,6.51,5.56,0.84,4.48,1.96,1.46,1.08,1.03,1,1.32,neutral,neutral,0,0.093,32,2190,0,
s9727,ARBUSDT,1781876700000,train,1,2.76,0.562,3.63,3.35,1.88,1.44,2.0,0.71,0.74,0.82,0,1.32,neutral,alcista,0,-0.63,32,2190,3,
s9728,OPUSDT,1781876700000,train,1,4.17,0.677,5.24,4.67,2.99,2.85,3.01,0.87,0.94,1.07,0,1.32,neutral,alcista,0,-0.551,32,2190,5,
s9729,TIAUSDT,1781876700000,train,1,3.3,0.483,5.18,4.75,1.3,1.98,2.77,0.88,1.05,1.1,0,1.32,neutral,alcista,0,-0.634,32,2190,6,
s9730,SEIUSDT,1781876700000,train,1,3.06,0.553,3.39,3.17,2.79,1.75,2.32,0.85,0.89,0.96,0,1.32,neutral,alcista,0,-0.925,32,2190,2,
s9731,PENDLEUSDT,1781876700000,train,1,2.5,0.486,3.37,3.15,1.46,1.18,2.01,0.76,0.87,1.22,0,1.32,neutral,alcista,0,-0.244,32,2190,3,
s9732,ONDOUSDT,1781876700000,train,1,2.62,0.476,4.23,3.39,1.8,1.3,1.91,0.8,0.8,1.13,0,1.32,neutral,neutral,0,-0.645,32,2189,0,
s9733,FETUSDT,1781876700000,train,1,3.09,0.608,4.02,3.46,2.31,1.78,1.96,0.58,0.57,0.67,0,1.32,neutral,alcista,0,-1.0,31,2189,2,
s9734,ARUSDT,1781876700000,testB,1,2.54,0.439,4.41,2.82,1.83,1.22,1.19,0.91,1.09,1.32,0,1.32,neutral,neutral,0,-0.684,32,2189,0,
s9735,GRTUSDT,1781876700000,testB,1,3.82,0.584,4.73,4.08,1.6,2.5,2.22,1.23,1.26,1.25,0,1.32,neutral,neutral,0,-0.716,32,2189,0,
s9736,MANAUSDT,1781876700000,testB,1,2.13,0.5,2.53,2.53,1.67,0.81,1.61,0.85,0.82,1.03,0,1.32,neutral,alcista,0,-0.529,32,2189,3,
s9737,XPLUSDT,1781877600000,train,1,6.97,0.632,7.44,7.33,2.61,6.11,4.51,0.65,0.66,0.82,0,0.86,neutral,alcista,0,-0.172,32,2191,8,
s9738,STBLUSDT,1781877600000,train,1,5.37,0.637,5.33,5.17,0.9,4.51,2.93,1.68,1.18,1.07,1,0.86,neutral,neutral,0,-0.197,32,2191,1,
s9739,WLDUSDT,1781877600000,train,1,3.45,0.351,6.54,5.83,0.89,2.59,2.09,1.23,1.16,0.9,1,0.86,neutral,neutral,0,-0.136,32,2191,0,
s9740,ARBUSDT,1781877600000,train,1,2.29,0.425,3.65,2.88,1.76,1.43,1.38,0.73,0.75,0.8,0,0.86,neutral,neutral,0,-0.51,32,2191,0,
s9741,OPUSDT,1781877600000,train,1,3.78,0.576,5.27,4.12,2.09,2.91,2.16,0.86,0.93,1.02,0,0.86,neutral,neutral,0,-0.419,32,2191,0,
s9742,TIAUSDT,1781877600000,train,1,3.22,0.466,5.2,4.48,1.06,2.36,2.25,0.98,1.11,1.08,0,0.86,neutral,neutral,0,-0.594,32,2191,0,
s9743,SEIUSDT,1781877600000,train,1,2.57,0.468,3.56,2.96,3.0,1.71,1.9,0.97,0.97,0.98,0,0.86,neutral,neutral,0,-0.852,32,2191,0,
s9744,PENDLEUSDT,1781877600000,train,1,2.36,0.472,3.56,3.19,1.46,1.5,1.85,0.85,0.92,1.17,0,0.86,neutral,alcista,0,-0.243,32,2191,4,
s9745,ONDOUSDT,1781877600000,train,1,2.42,0.424,4.24,3.12,1.6,1.55,1.48,0.81,0.82,1.04,0,0.86,neutral,neutral,0,-0.577,32,2190,0,
s9746,FETUSDT,1781877600000,train,1,2.78,0.525,4.03,3.21,2.42,1.91,1.58,0.62,0.59,0.66,0,0.86,neutral,neutral,0,-1.0,30,2190,0,
s9747,GRTUSDT,1781877600000,testB,1,3.29,0.467,4.76,3.54,1.57,2.43,1.51,1.29,1.25,1.25,0,0.86,neutral,neutral,0,-0.671,32,2190,0,
s9748,APEUSDT,1781877600000,testB,1,3.38,0.394,6.24,4.11,3.69,2.52,2.41,1.31,1.26,1.33,0,0.86,neutral,neutral,0,-0.574,32,2190,1,
s9749,XPLUSDT,1781878500000,train,1,6.63,0.622,8.45,7.53,2.54,5.4,4.25,0.65,0.66,0.82,0,1.23,neutral,alcista,0,-0.214,32,2192,8,
s9750,STBLUSDT,1781878500000,train,1,4.46,0.596,5.06,4.35,1.02,3.24,2.7,1.68,1.18,1.07,1,1.23,neutral,neutral,0,-0.252,32,2192,0,
s9751,WLDUSDT,1781878500000,train,1,3.49,0.354,6.52,6.11,1.17,2.26,2.18,1.23,1.16,0.9,1,1.23,neutral,neutral,0,-0.119,32,2192,1,
s9752,ENAUSDT,1781878500000,train,1,3.78,0.448,5.21,4.8,2.21,2.55,2.75,0.83,0.95,1.13,0,1.23,neutral,neutral,0,-0.641,32,2192,1,
s9753,ARBUSDT,1781878500000,train,1,2.97,0.497,3.67,3.47,1.84,1.74,1.83,0.73,0.75,0.8,0,1.23,neutral,neutral,0,-0.508,32,2192,1,
s9754,OPUSDT,1781878500000,train,1,3.67,0.569,5.26,4.21,1.74,2.44,2.07,0.86,0.93,1.02,0,1.23,neutral,neutral,0,-0.477,32,2192,0,
s9755,TIAUSDT,1781878500000,train,1,4.51,0.55,5.86,5.78,1.61,3.29,3.28,0.98,1.11,1.08,0,1.23,neutral,neutral,0,-0.655,32,2192,1,
s9756,SEIUSDT,1781878500000,train,1,2.75,0.485,3.59,3.19,3.12,1.53,1.96,0.97,0.97,0.98,0,1.23,neutral,neutral,0,-0.8,32,2192,1,
s9757,PENDLEUSDT,1781878500000,train,1,3.36,0.561,4.26,4.12,1.67,2.14,2.5,0.85,0.92,1.17,0,1.23,neutral,alcista,0,-0.303,32,2192,5,
s9758,ONDOUSDT,1781878500000,train,1,3.49,0.563,4.21,3.85,1.67,2.27,2.03,0.81,0.82,1.04,0,1.23,neutral,neutral,0,-0.565,32,2191,1,
s9759,FETUSDT,1781878500000,train,1,3.35,0.571,4.0,3.8,2.52,2.12,2.01,0.62,0.59,0.66,0,1.23,neutral,neutral,0,-1.0,29,2191,1,
s9760,GRTUSDT,1781878500000,testB,1,3.39,0.474,4.75,3.84,1.71,2.17,1.66,1.29,1.25,1.25,0,1.23,neutral,neutral,0,-0.724,32,2191,1,
s9761,APEUSDT,1781878500000,testB,1,3.21,0.383,6.22,4.32,3.94,1.98,2.41,1.31,1.26,1.33,0,1.23,neutral,alcista,0,-0.421,32,2191,2,
s9762,XPLUSDT,1781879400000,train,1,7.62,0.709,8.41,7.97,2.23,6.19,4.2,0.65,0.66,0.82,0,1.43,neutral,alcista,0,-0.229,32,2193,8,
s9763,PUMPUSDT,1781879400000,train,1,2.05,0.389,4.02,3.3,0.72,0.63,0.95,1.25,1.08,1.06,1,1.43,neutral,neutral,0,-0.435,32,2193,0,
s9764,STBLUSDT,1781879400000,train,1,4.69,0.608,5.45,4.91,1.0,3.26,3.02,1.68,1.18,1.07,1,1.43,neutral,neutral,0,-0.317,32,2193,1,
s9765,WLDUSDT,1781879400000,train,1,5.96,0.733,6.95,6.32,1.1,4.53,2.18,1.23,1.16,0.9,1,1.43,neutral,alcista,0,-0.185,32,2193,2,
s9766,ENAUSDT,1781879400000,train,1,4.76,0.63,5.39,4.79,1.93,3.34,2.43,0.83,0.95,1.13,0,1.43,neutral,neutral,0,-0.59,32,2193,0,
s9767,ARBUSDT,1781879400000,train,1,3.57,0.647,3.9,3.51,1.54,2.14,1.72,0.73,0.75,0.8,0,1.43,neutral,alcista,0,-0.49,32,2193,2,
s9768,OPUSDT,1781879400000,train,1,4.09,0.672,5.27,4.12,1.41,2.66,1.73,0.86,0.93,1.02,0,1.43,neutral,neutral,0,-0.372,32,2193,0,
s9769,TIAUSDT,1781879400000,train,1,4.41,0.525,5.95,5.13,1.5,2.98,2.33,0.98,1.11,1.08,0,1.43,neutral,neutral,0,-0.589,32,2193,0,
s9770,PENDLEUSDT,1781879400000,train,1,3.72,0.656,4.27,4.01,1.46,2.3,2.18,0.85,0.92,1.17,0,1.43,neutral,neutral,0,-0.282,32,2193,0,
s9771,ONDOUSDT,1781879400000,train,1,3.27,0.507,4.2,3.39,1.27,1.84,1.45,0.81,0.82,1.04,0,1.43,neutral,neutral,0,-0.421,32,2192,0,
s9772,FETUSDT,1781879400000,train,1,3.2,0.53,3.87,3.26,1.84,1.78,1.45,0.62,0.59,0.66,0,1.43,neutral,neutral,0,-1.0,28,2192,0,
s9773,GRTUSDT,1781879400000,testB,1,3.35,0.464,4.46,3.24,0.93,1.92,1.23,1.29,1.25,1.25,0,1.43,neutral,neutral,0,-0.687,32,2192,0,
s9774,LDOUSDT,1781879400000,testB,1,2.9,0.422,4.74,4.35,1.29,1.47,2.02,0.89,1.06,1.34,0,1.43,neutral,neutral,0,-0.303,32,2192,0,
s9775,APEUSDT,1781879400000,testB,1,3.57,0.437,6.27,3.52,3.11,2.14,1.43,1.31,1.26,1.33,0,1.43,neutral,neutral,0,-0.065,32,2192,0,
s9776,XPLUSDT,1781880300000,train,1,5.64,0.526,8.58,7.11,1.68,4.57,3.05,0.65,0.66,0.82,0,1.07,neutral,neutral,0,-0.028,32,2194,0,
s9777,STBLUSDT,1781880300000,train,1,3.73,0.5,4.73,3.83,0.99,2.66,2.18,1.68,1.18,1.07,1,1.07,neutral,neutral,0,-0.296,32,2194,0,
s9778,WLDUSDT,1781880300000,train,1,3.97,0.455,6.13,4.24,1.03,2.9,1.08,1.23,1.16,0.9,1,1.07,neutral,neutral,0,-0.068,32,2194,0,
s9779,ARBUSDT,1781880300000,train,1,2.47,0.413,3.77,2.61,1.06,1.4,0.87,0.73,0.75,0.8,0,1.07,neutral,neutral,0,-0.395,32,2194,0,
s9780,OPUSDT,1781880300000,train,1,3.38,0.531,5.29,3.66,0.85,2.31,1.15,0.86,0.93,1.02,0,1.07,neutral,neutral,0,-0.289,32,2194,0,
s9781,TIAUSDT,1781880300000,train,1,3.41,0.392,5.99,4.53,1.25,2.34,1.54,0.98,1.11,1.08,0,1.07,neutral,neutral,0,-0.525,32,2194,0,
s9782,PENDLEUSDT,1781880300000,train,1,3.29,0.538,4.29,3.56,1.14,2.22,1.51,0.85,0.92,1.17,0,1.07,neutral,neutral,0,-0.242,32,2194,0,
s9783,LDOUSDT,1781880300000,testB,1,3.08,0.447,4.74,4.45,1.1,2.02,1.89,0.89,1.06,1.34,0,1.07,neutral,neutral,0,-0.304,32,2193,1,
s9784,APEUSDT,1781880300000,testB,1,3.49,0.423,6.28,3.45,2.82,2.42,1.23,1.31,1.26,1.33,0,1.07,neutral,neutral,0,-0.178,32,2193,0,
s9785,XPLUSDT,1781881200000,train,1,6.6,0.58,8.52,7.81,1.39,5.5,3.38,0.68,0.67,0.76,0,1.11,neutral,neutral,0,-0.285,32,2195,1,
s9786,STBLUSDT,1781881200000,train,1,4.73,0.56,5.14,4.95,1.06,3.63,2.93,1.81,1.19,0.95,1,1.11,neutral,neutral,0,-0.461,32,2195,1,
s9787,WLDUSDT,1781881200000,train,1,4.59,0.495,6.09,4.77,0.98,3.48,1.45,1.11,1.11,0.89,0,1.11,neutral,neutral,0,-0.31,32,2195,1,
s9788,ENAUSDT,1781881200000,train,1,3.0,0.361,5.46,3.48,1.28,1.89,0.91,0.82,0.85,1.02,0,1.11,neutral,neutral,0,-0.65,32,2195,0,
s9789,ARBUSDT,1781881200000,train,1,2.73,0.447,3.71,2.76,0.97,1.62,0.98,0.7,0.68,0.69,0,1.11,neutral,neutral,0,-0.536,32,2195,1,
s9790,OPUSDT,1781881200000,train,1,3.69,0.587,5.29,3.75,0.72,2.58,1.1,0.84,0.84,0.91,0,1.11,neutral,neutral,0,-0.308,32,2195,0,
s9791,TIAUSDT,1781881200000,train,1,4.52,0.5,5.95,5.16,1.21,3.41,1.99,1.0,1.09,0.98,0,1.11,neutral,neutral,0,-0.709,32,2195,1,
s9792,PENDLEUSDT,1781881200000,train,1,3.76,0.586,4.26,3.9,1.01,2.65,1.71,0.9,0.85,0.99,0,1.11,neutral,neutral,0,-0.415,32,2195,1,
s9793,ONDOUSDT,1781881200000,train,1,2.68,0.406,4.22,3.04,0.74,1.58,0.95,0.84,0.79,0.9,0,1.11,neutral,neutral,0,-0.407,32,2194,1,
s9794,FETUSDT,1781881200000,train,1,2.62,0.385,3.73,2.66,0.63,1.51,0.81,0.62,0.54,0.57,0,1.11,neutral,neutral,0,-1.0,22,2194,1,
s9795,STXUSDT,1781881200000,testB,1,2.0,0.4,2.62,2.29,2.06,0.89,0.95,0.75,0.73,0.74,0,1.11,neutral,neutral,0,-0.786,32,2194,1,
s9796,LDOUSDT,1781881200000,testB,1,4.27,0.706,4.77,4.56,1.03,3.16,1.76,0.98,0.94,1.17,0,1.11,neutral,alcista,0,-0.359,32,2194,2,
s9797,APEUSDT,1781881200000,testB,1,4.2,0.469,6.16,4.1,0.67,3.09,1.76,1.31,1.17,1.21,0,1.11,neutral,neutral,0,-0.333,32,2194,1,
s9798,XPLUSDT,1781882100000,train,1,6.71,0.589,8.52,7.86,0.97,6.05,3.16,0.68,0.67,0.76,0,0.67,neutral,alcista,0,-0.173,32,2196,2,
s9799,STBLUSDT,1781882100000,train,1,5.18,0.582,6.0,5.35,1.06,4.51,2.98,1.81,1.19,0.95,1,0.67,neutral,alcista,0,-0.475,32,2196,2,
s9800,OPUSDT,1781882100000,train,1,2.79,0.412,5.13,2.9,0.58,2.12,0.44,0.84,0.84,0.91,0,0.67,neutral,neutral,0,-0.133,32,2196,0,
s9801,TIAUSDT,1781882100000,train,1,3.42,0.351,6.0,4.33,0.67,2.75,1.08,1.0,1.09,0.98,0,0.67,neutral,neutral,0,-0.604,32,2196,0,
s9802,PENDLEUSDT,1781882100000,train,1,2.82,0.386,4.3,3.04,0.87,2.16,0.79,0.9,0.85,0.99,0,0.67,neutral,neutral,0,-0.162,32,2196,0,
s9803,LDOUSDT,1781882100000,testB,1,2.92,0.462,4.88,3.8,0.99,2.25,1.0,0.98,0.94,1.17,0,0.67,neutral,neutral,0,-0.113,32,2195,0,
s9804,APEUSDT,1781882100000,testB,1,3.47,0.4,6.09,3.81,0.53,2.8,1.54,1.31,1.17,1.21,0,0.67,neutral,neutral,0,-0.18,32,2195,0,
s9805,XPLUSDT,1781883000000,train,1,6.58,0.569,8.54,7.55,0.9,5.63,2.42,0.68,0.67,0.76,0,0.95,neutral,neutral,0,-0.091,32,2197,0,
s9806,STBLUSDT,1781883000000,train,1,4.36,0.466,6.04,4.76,1.11,3.41,2.04,1.81,1.19,0.95,1,0.95,neutral,neutral,0,-0.463,32,2197,0,
s9807,ARBUSDT,1781883000000,train,1,2.46,0.366,3.7,2.81,0.7,1.51,0.92,0.7,0.68,0.69,0,0.95,neutral,neutral,0,-0.496,32,2197,1,
s9808,OPUSDT,1781883000000,train,1,3.39,0.472,5.11,3.37,0.54,2.44,0.81,0.84,0.84,0.91,0,0.95,neutral,neutral,0,-0.229,32,2197,1,
s9809,TIAUSDT,1781883000000,train,1,3.63,0.365,5.98,4.58,0.63,2.68,1.16,1.0,1.09,0.98,0,0.95,neutral,neutral,0,-0.704,32,2197,1,
s9810,PENDLEUSDT,1781883000000,train,1,2.95,0.397,4.28,3.44,0.87,2.0,1.1,0.9,0.85,0.99,0,0.95,neutral,neutral,0,-0.118,32,2197,1,
s9811,LDOUSDT,1781883000000,testB,1,4.13,0.549,5.35,4.99,1.14,3.18,2.06,0.98,0.94,1.17,0,0.95,neutral,neutral,0,-0.348,32,2196,1,
s9812,APEUSDT,1781883000000,testB,1,3.39,0.387,5.95,3.58,0.4,2.44,1.32,1.31,1.17,1.21,0,0.95,neutral,neutral,0,-0.17,32,2196,0,
s9813,XPLUSDT,1781883900000,train,1,8.08,0.748,8.52,7.77,0.76,7.13,2.43,0.68,0.67,0.76,0,0.95,neutral,neutral,0,0.082,32,2198,1,
s9814,STBLUSDT,1781883900000,train,1,4.14,0.429,6.08,4.09,1.01,3.19,1.18,1.81,1.19,0.95,1,0.95,neutral,neutral,0,-0.343,32,2198,0,
s9815,ARBUSDT,1781883900000,train,1,2.39,0.351,3.7,2.67,0.55,1.44,0.71,0.7,0.68,0.69,0,0.95,neutral,neutral,0,-0.274,32,2198,0,
s9816,OPUSDT,1781883900000,train,1,3.39,0.472,5.01,3.28,0.51,2.44,0.76,0.84,0.84,0.91,0,0.95,neutral,alcista,0,0.029,32,2198,2,
s9817,PENDLEUSDT,1781883900000,train,1,2.94,0.394,4.3,3.15,0.82,2.0,0.73,0.9,0.85,0.99,0,0.95,neutral,neutral,0,0.182,32,2198,0,
s9818,LDOUSDT,1781883900000,testB,1,4.0,0.519,5.37,4.59,1.06,3.05,1.61,0.98,0.94,1.17,0,0.95,neutral,neutral,0,-0.147,32,2197,0,
s9819,APEUSDT,1781883900000,testB,1,3.4,0.387,5.96,3.36,0.35,2.45,0.97,1.31,1.17,1.21,0,0.95,neutral,neutral,0,0.0,32,2197,0,
s9820,STBLUSDT,1781884800000,train,1,3.38,0.382,5.57,3.62,0.9,2.16,1.1,1.28,1.16,0.9,1,1.22,neutral,neutral,0,-0.473,32,2199,1,
s9821,0GUSDT,1781884800000,train,1,2.41,0.368,2.91,2.87,1.99,1.19,1.05,0.59,0.5,0.58,0,1.22,neutral,alcista,0,-0.256,32,2199,3,
s9822,ENAUSDT,1781884800000,train,1,4.2,0.427,5.41,4.31,0.71,2.97,1.53,0.86,0.79,0.99,0,1.22,neutral,neutral,0,-0.617,32,2199,1,
s9823,ARBUSDT,1781884800000,train,1,2.92,0.398,3.68,3.24,0.56,1.7,1.13,0.72,0.65,0.65,0,1.22,neutral,neutral,0,-0.404,32,2199,1,
s9824,OPUSDT,1781884800000,train,1,3.58,0.486,4.99,3.65,0.51,2.36,1.01,0.88,0.77,0.88,0,1.22,neutral,alcista,0,-0.026,32,2199,3,
s9825,TIAUSDT,1781884800000,train,1,4.22,0.391,5.96,4.97,0.86,3.0,1.4,1.34,1.18,1.04,1,1.22,neutral,neutral,0,-0.779,32,2199,1,
s9826,SEIUSDT,1781884800000,train,1,2.33,0.36,3.56,2.57,0.41,1.1,0.81,0.85,0.83,0.89,0,1.22,neutral,neutral,0,-1.0,18,2199,1,
s9827,PENDLEUSDT,1781884800000,train,1,3.2,0.415,4.27,3.8,0.88,1.98,1.27,0.95,0.8,0.9,0,1.22,neutral,neutral,0,-0.089,32,2199,1,
s9828,LDOUSDT,1781884800000,testB,1,4.62,0.556,5.34,5.23,1.18,3.4,2.0,1.03,0.88,1.11,0,1.22,neutral,neutral,0,-0.318,32,2198,1,
s9829,APEUSDT,1781884800000,testB,1,2.9,0.352,5.95,3.51,0.33,1.68,0.95,1.27,1.14,1.14,0,1.22,neutral,neutral,0,-0.022,32,2198,1,
s9830,STBLUSDT,1781885700000,train,1,3.14,0.351,5.58,3.47,0.55,1.93,0.83,1.28,1.16,0.9,1,1.21,neutral,neutral,0,-0.472,32,2200,0,
s9831,0GUSDT,1781885700000,train,1,2.91,0.43,3.26,3.19,2.5,1.69,1.26,0.59,0.5,0.58,0,1.21,neutral,alcista,0,-0.23,32,2200,4,
s9832,OPUSDT,1781885700000,train,1,2.68,0.351,4.83,2.9,0.52,1.46,0.4,0.88,0.77,0.88,0,1.21,neutral,neutral,0,0.267,32,2200,0,
s9833,LDOUSDT,1781885700000,testB,1,4.29,0.496,5.39,4.93,1.15,3.08,1.51,1.03,0.88,1.11,0,1.21,neutral,neutral,0,-0.151,32,2199,0,
s9834,XPLUSDT,1781886600000,train,1,6.27,0.45,9.26,6.61,1.07,5.08,1.93,0.78,0.65,0.73,0,1.19,neutral,neutral,0,-0.129,32,2201,0,
s9835,0GUSDT,1781886600000,train,1,2.76,0.399,3.34,3.05,1.54,1.57,1.06,0.59,0.5,0.58,0,1.19,neutral,neutral,0,-0.361,32,2201,0,
s9836,PENDLEUSDT,1781886600000,train,1,3.13,0.379,4.28,3.46,0.87,1.95,0.77,0.95,0.8,0.9,0,1.19,neutral,neutral,0,0.015,32,2201,1,
s9837,LDOUSDT,1781886600000,testB,1,4.3,0.496,5.4,4.69,0.83,3.11,1.17,1.03,0.88,1.11,0,1.19,neutral,neutral,0,-0.227,32,2200,0,
s9838,XPLUSDT,1781888400000,train,1,4.91,0.369,7.47,5.07,0.79,4.56,1.79,0.88,0.68,0.71,0,0.35,neutral,neutral,0,-0.513,32,2203,1,
s9839,XPLUSDT,1781889300000,train,1,5.43,0.395,6.22,5.3,0.61,5.21,2.74,0.88,0.68,0.71,0,0.22,neutral,alcista,0,-0.603,32,2204,2,
s9840,XPLUSDT,1781890200000,train,1,6.44,0.439,6.4,6.22,0.68,6.42,4.0,0.88,0.68,0.71,0,0.02,neutral,alcista,0,-0.815,32,2205,3,
s9841,OPUSDT,1781892900000,train,-1,-2.01,0.382,2.64,2.34,0.75,-1.76,0.97,0.81,0.75,0.85,0,-0.25,neutral,bajista,0,-1.0,25,2208,2,
s9842,TIAUSDT,1781892900000,train,-1,-4.39,0.418,4.96,4.73,0.28,-4.15,1.69,1.18,1.17,1.03,1,-0.25,neutral,bajista,0,0.196,32,2208,3,
s9843,OPUSDT,1781893800000,train,-1,-2.3,0.414,2.65,2.35,0.88,-1.9,1.28,0.81,0.75,0.85,0,-0.4,neutral,bajista,0,-1.0,23,2209,3,
s9844,TIAUSDT,1781893800000,train,-1,-3.86,0.386,4.71,4.18,0.36,-3.47,1.74,1.18,1.17,1.03,1,-0.4,neutral,bajista,0,0.139,32,2209,4,
s9845,FETUSDT,1781893800000,train,-1,-2.54,0.352,2.77,2.66,1.04,-2.15,1.73,0.6,0.53,0.51,1,-0.4,neutral,bajista,0,0.412,32,2208,3,
s9846,STBLUSDT,1781895600000,train,-1,-2.82,0.624,4.14,4.02,0.48,-2.62,1.07,0.82,1.15,0.87,0,-0.2,neutral,neutral,0,0.139,32,2211,1,
s9847,TIAUSDT,1781895600000,train,-1,-3.84,0.416,4.62,4.04,0.43,-3.63,1.56,1.04,0.97,1.02,0,-0.2,neutral,neutral,0,0.144,32,2211,1,
s9848,STBLUSDT,1781896500000,train,-1,-3.39,0.8,3.74,3.66,0.39,-3.28,1.2,0.82,1.15,0.87,0,-0.1,neutral,bajista,0,0.098,32,2212,2,
s9849,TIAUSDT,1781896500000,train,-1,-3.15,0.367,4.47,4.05,0.43,-3.05,1.46,1.04,0.97,1.02,0,-0.1,neutral,bajista,0,0.078,32,2212,2,
s9850,PUMPUSDT,1781897400000,train,-1,-2.16,0.417,3.01,2.79,0.73,-1.77,1.08,0.67,0.96,0.92,0,-0.39,neutral,bajista,0,0.053,32,2213,3,
s9851,STBLUSDT,1781897400000,train,-1,-2.83,0.768,3.35,3.15,0.43,-2.44,1.07,0.82,1.15,0.87,0,-0.39,neutral,neutral,0,0.089,32,2213,0,
s9852,OPUSDT,1781897400000,train,-1,-2.22,0.451,2.96,2.76,1.15,-1.83,1.17,0.63,0.74,0.84,0,-0.39,neutral,bajista,0,-1.0,19,2213,3,
s9853,TIAUSDT,1781897400000,train,-1,-3.22,0.38,4.46,3.86,0.36,-2.83,1.07,1.04,0.97,1.02,0,-0.39,neutral,neutral,0,-0.0,32,2213,0,
s9854,JUPUSDT,1781897400000,train,-1,-2.53,0.436,2.98,2.76,1.16,-2.14,1.02,0.87,0.85,0.91,0,-0.39,neutral,bajista,0,-1.0,17,2213,3,
s9855,FETUSDT,1781897400000,train,-1,-2.35,0.418,3.03,2.77,1.03,-1.96,1.21,0.49,0.53,0.52,0,-0.39,neutral,neutral,0,0.358,32,2212,0,
s9856,LDOUSDT,1781897400000,testB,-1,-2.37,0.37,3.08,2.83,0.72,-1.98,1.21,0.88,0.86,1.05,0,-0.39,neutral,neutral,0,-0.269,32,2212,0,
s9857,APEUSDT,1781897400000,testB,-1,-2.74,0.545,3.21,2.9,2.63,-2.35,1.65,1.13,1.02,1.1,0,-0.39,neutral,bajista,0,-1.0,18,2212,3,
s9858,STBLUSDT,1781898300000,train,-1,-2.34,0.732,2.59,2.51,0.54,-2.04,1.31,0.82,1.15,0.87,0,-0.3,neutral,neutral,0,-0.0,32,2214,1,
s9859,OPUSDT,1781898300000,train,-1,-2.02,0.396,2.95,2.56,1.24,-1.72,0.9,0.63,0.74,0.84,0,-0.3,neutral,neutral,0,-1.0,18,2214,0,
s9860,JUPUSDT,1781898300000,train,-1,-2.01,0.358,2.7,2.33,1.38,-1.71,0.91,0.87,0.85,0.91,0,-0.3,neutral,neutral,0,-1.0,15,2214,0,
s9861,FETUSDT,1781898300000,train,-1,-2.45,0.436,3.03,2.82,1.03,-2.15,1.18,0.49,0.53,0.52,0,-0.3,neutral,neutral,0,0.352,32,2213,1,
s9862,APEUSDT,1781898300000,testB,-1,-2.14,0.412,3.2,2.5,3.06,-1.84,1.25,1.13,1.02,1.1,0,-0.3,neutral,neutral,0,-1.0,17,2213,0,
s9863,PUMPUSDT,1781899200000,train,-1,-2.07,0.42,2.99,2.12,0.72,-1.59,0.28,0.68,0.97,0.89,0,-0.48,neutral,neutral,0,0.345,32,2215,0,
s9864,ENAUSDT,1781899200000,train,-1,-2.41,0.361,3.17,2.48,0.46,-1.92,0.49,0.6,0.71,0.82,0,-0.48,neutral,neutral,0,0.28,32,2215,0,
s9865,OPUSDT,1781899200000,train,-1,-2.5,0.52,2.95,2.66,1.03,-2.01,0.81,0.6,0.73,0.83,0,-0.48,neutral,neutral,0,-1.0,17,2215,1,
s9866,TIAUSDT,1781899200000,train,-1,-3.44,0.474,4.35,3.56,0.29,-2.95,0.67,0.87,0.93,0.96,0,-0.48,neutral,neutral,0,0.007,32,2215,0,
s9867,FETUSDT,1781899200000,train,-1,-2.49,0.45,3.03,2.56,0.61,-2.01,0.76,0.45,0.54,0.5,0,-0.48,neutral,neutral,0,0.449,32,2214,0,
s9868,LDOUSDT,1781899200000,testB,-1,-2.08,0.358,3.07,2.27,0.74,-1.6,0.43,0.77,0.83,1.04,0,-0.48,neutral,neutral,0,0.079,32,2214,0,
s9869,APEUSDT,1781899200000,testB,-1,-2.29,0.455,3.2,2.5,3.12,-1.8,1.1,0.78,1.04,1.11,0,-0.48,neutral,neutral,0,-1.0,16,2214,1,
s9870,PUMPUSDT,1781900100000,train,-1,-2.15,0.429,2.79,2.35,0.82,-1.79,0.72,0.68,0.97,0.89,0,-0.36,neutral,neutral,0,-0.187,32,2216,1,
s9871,OPUSDT,1781900100000,train,-1,-2.22,0.489,2.67,2.37,1.24,-1.86,1.06,0.6,0.73,0.83,0,-0.36,neutral,bajista,0,-1.0,14,2216,2,
s9872,TIAUSDT,1781900100000,train,-1,-2.12,0.353,2.93,2.16,0.28,-1.75,0.67,0.87,0.93,0.96,0,-0.36,neutral,neutral,0,-0.451,32,2216,1,
s9873,FETUSDT,1781900100000,train,-1,-2.19,0.417,2.77,2.3,0.63,-1.83,0.82,0.45,0.54,0.5,0,-0.36,neutral,neutral,0,0.273,32,2215,1,
s9874,OPUSDT,1781901000000,train,-1,-2.13,0.478,2.57,2.17,1.24,-1.89,1.05,0.6,0.73,0.83,0,-0.24,neutral,bajista,0,-1.0,13,2217,3,
s9875,FETUSDT,1781901000000,train,-1,-2.35,0.434,2.93,2.51,0.71,-2.11,0.98,0.45,0.54,0.5,0,-0.24,neutral,bajista,0,0.187,32,2216,2,
s9876,GRTUSDT,1781901000000,testB,-1,-2.38,0.644,2.64,2.54,0.54,-2.14,1.14,1.09,1.2,1.16,0,-0.24,neutral,bajista,0,-0.02,32,2216,2,
s9877,XPLUSDT,1781904600000,train,-1,-5.64,0.542,6.24,6.07,0.55,-5.62,1.71,0.57,0.63,0.61,0,-0.02,neutral,bajista,0,-0.271,32,2221,3,
s9878,ARBUSDT,1781904600000,train,-1,-2.05,0.41,2.65,2.32,0.37,-2.03,0.59,0.78,0.71,0.66,1,-0.02,neutral,bajista,0,-0.451,32,2221,2,
s9879,SEIUSDT,1781904600000,train,-1,-2.17,0.541,2.67,2.48,0.71,-2.15,0.75,0.51,0.69,0.77,0,-0.02,neutral,bajista,0,-0.583,32,2221,3,
s9880,FETUSDT,1781904600000,train,-1,-2.66,0.51,3.16,3.05,1.19,-2.64,1.05,0.46,0.54,0.5,0,-0.02,neutral,bajista,0,-0.155,32,2220,3,
s9881,GRTUSDT,1781904600000,testB,-1,-2.23,0.489,2.8,2.65,1.07,-2.21,0.96,1.1,1.2,1.19,0,-0.02,neutral,bajista,0,-0.098,32,2220,3,
s9882,LDOUSDT,1781904600000,testB,-1,-2.41,0.442,2.8,2.73,0.65,-2.39,0.85,0.64,0.82,1.03,0,-0.02,neutral,bajista,0,-0.56,32,2220,3,
s9883,XPLUSDT,1781905500000,train,-1,-3.48,0.416,4.16,3.62,0.71,-3.29,1.68,0.57,0.63,0.61,0,-0.19,neutral,bajista,0,-0.528,32,2222,4,
s9884,FETUSDT,1781905500000,train,-1,-2.81,0.556,3.26,2.89,0.91,-2.62,1.0,0.46,0.54,0.5,0,-0.19,neutral,neutral,0,-0.291,32,2221,0,
s9885,GRTUSDT,1781905500000,testB,-1,-2.18,0.483,2.7,2.28,0.97,-1.99,0.87,1.1,1.2,1.19,0,-0.19,neutral,neutral,0,-0.159,32,2221,0,
s9886,LDOUSDT,1781905500000,testB,-1,-2.45,0.445,2.73,2.62,0.58,-2.26,0.91,0.64,0.82,1.03,0,-0.19,neutral,bajista,0,-1.0,29,2221,4,
s9887,XPLUSDT,1781906400000,train,-1,-2.94,0.355,3.8,3.03,0.77,-2.83,1.51,0.44,0.61,0.59,0,-0.11,neutral,neutral,0,-1.0,23,2223,0,
s9888,FETUSDT,1781906400000,train,-1,-2.31,0.484,2.84,2.36,0.84,-2.2,0.79,0.42,0.53,0.5,0,-0.11,neutral,neutral,0,-0.222,32,2222,0,
s9889,JUPUSDT,1781910900000,train,1,2.11,0.549,2.33,2.28,0.49,1.6,1.01,0.63,0.84,0.86,0,0.51,neutral,neutral,1,2.0,20,2228,1,
s9890,JUPUSDT,1781911800000,train,1,2.49,0.605,2.64,2.59,0.52,1.98,1.17,0.63,0.84,0.86,0,0.51,neutral,alcista,1,2.0,26,2229,2,
s9891,OPUSDT,1781912700000,train,1,2.16,0.5,3.08,2.98,0.84,1.35,1.35,0.53,0.71,0.86,0,0.81,neutral,neutral,0,-0.29,32,2230,1,
s9892,JUPUSDT,1781912700000,train,1,3.19,0.663,3.67,3.41,1.01,2.38,1.87,0.63,0.84,0.86,0,0.81,neutral,alcista,0,1.092,32,2230,3,
s9893,OPUSDT,1781913600000,train,1,2.46,0.556,3.27,3.17,1.21,1.76,1.46,0.56,0.69,0.86,0,0.7,neutral,alcista,0,-0.303,32,2231,2,
s9894,JUPUSDT,1781913600000,train,1,2.64,0.563,3.68,3.2,1.58,1.94,1.54,0.76,0.87,0.86,0,0.7,neutral,neutral,0,1.197,32,2231,0,
s9895,OPUSDT,1781914500000,train,1,3.06,0.689,3.74,3.45,1.28,2.21,1.6,0.56,0.69,0.86,0,0.85,neutral,alcista,0,-0.389,32,2232,3,
s9896,JUPUSDT,1781914500000,train,1,3.35,0.689,3.66,3.56,2.0,2.5,1.78,0.76,0.87,0.86,0,0.85,neutral,neutral,0,1.059,32,2232,1,
s9897,AXSUSDT,1781914500000,testB,1,2.13,0.667,2.3,2.3,2.84,1.29,1.34,4.07,2.3,1.48,1,0.85,neutral,alcista,1,2.0,2,2231,5,
s9898,APEUSDT,1781914500000,testB,1,2.88,0.389,3.48,3.33,1.42,2.04,1.83,1.01,1.05,1.06,0,0.85,neutral,alcista,0,1.75,32,2231,3,
s9899,OPUSDT,1781915400000,train,1,2.96,0.652,4.03,2.98,1.61,2.16,1.24,0.56,0.69,0.86,0,0.8,neutral,neutral,0,-0.419,32,2233,0,
s9900,JUPUSDT,1781915400000,train,1,4.0,0.725,3.95,3.9,2.61,3.2,2.16,0.76,0.87,0.86,0,0.8,neutral,alcista,0,1.04,32,2233,2,
s9901,AXSUSDT,1781915400000,testB,1,3.62,0.773,4.01,3.5,5,2.82,2.53,4.07,2.3,1.48,1,0.8,neutral,alcista,1,2.0,4,2232,6,
s9902,APEUSDT,1781915400000,testB,1,4.15,0.535,4.21,3.98,1.47,3.34,2.29,1.01,1.05,1.06,0,0.8,neutral,alcista,0,0.981,32,2232,4,
s9903,OPUSDT,1781916300000,train,1,2.46,0.556,3.75,2.5,1.49,2.02,0.96,0.56,0.69,0.86,0,0.44,neutral,neutral,0,-0.423,32,2234,0,
s9904,JUPUSDT,1781916300000,train,1,2.52,0.456,3.66,2.77,2.64,2.08,1.24,0.76,0.87,0.86,0,0.44,neutral,neutral,1,2.0,21,2234,0,
s9905,APEUSDT,1781916300000,testB,1,2.31,0.366,4.29,3.46,1.43,1.87,1.86,1.01,1.05,1.06,0,0.44,neutral,neutral,0,1.152,32,2233,0,
s9906,TIAUSDT,1781917200000,train,-1,-2.57,0.586,2.99,2.8,0.79,-2.86,0.99,0.47,0.76,0.91,0,0.29,neutral,neutral,0,-1.0,16,2235,0,
s9907,JUPUSDT,1781917200000,train,1,2.1,0.351,3.64,2.11,1.92,1.81,0.58,0.75,0.82,0.84,0,0.29,neutral,neutral,1,2.0,17,2235,0,
s9908,AXSUSDT,1781917200000,testB,1,6.14,0.853,8.68,6.39,5,5.85,4.77,10.11,5.24,2.95,1,0.29,neutral,alcista,1,2.0,4,2234,8,
s9909,APEUSDT,1781917200000,testB,1,3.07,0.435,4.4,4.4,1.87,2.78,2.55,1.41,1.26,1.18,1,0.29,neutral,neutral,0,0.695,32,2234,1,
s9910,SANDUSDT,1781918100000,testB,1,2.29,0.69,3.78,2.78,5,1.74,1.64,2.48,1.67,1.21,1,0.54,neutral,alcista,1,2.0,11,2235,7,
s9911,AXSUSDT,1781918100000,testB,1,7.55,0.947,9.19,7.31,5,7.0,5.23,10.11,5.24,2.95,1,0.54,neutral,alcista,1,2.0,6,2235,8,
s9912,APEUSDT,1781918100000,testB,1,3.25,0.467,5.01,4.04,2.3,2.7,2.02,1.41,1.26,1.18,1,0.54,neutral,neutral,0,0.722,32,2235,0,
s9913,JUPUSDT,1781919000000,train,1,2.47,0.39,3.51,2.57,1.63,1.71,0.9,0.75,0.82,0.84,0,0.76,neutral,alcista,1,2.0,18,2237,2,
s9914,SANDUSDT,1781919000000,testB,1,4.21,0.906,4.69,4.29,5,3.45,2.79,2.48,1.67,1.21,1,0.76,neutral,alcista,1,2.0,30,2236,8,
s9915,MANAUSDT,1781919000000,testB,1,2.11,0.438,2.22,2.22,5,1.35,1.3,1.44,1.14,0.96,1,0.76,neutral,neutral,1,2.0,10,2236,1,
s9916,APEUSDT,1781919000000,testB,1,5.65,0.613,6.73,6.15,4.46,4.88,3.67,1.41,1.26,1.18,1,0.76,neutral,neutral,0,0.25,32,2236,1,
s9917,JUPUSDT,1781919900000,train,1,2.68,0.41,3.34,2.77,1.02,1.88,1.18,0.75,0.82,0.84,0,0.8,neutral,alcista,0,1.472,32,2238,3,
s9918,SANDUSDT,1781919900000,testB,1,4.81,0.931,5.02,4.8,3.63,4.01,3.0,2.48,1.67,1.21,1,0.8,neutral,alcista,1,2.0,30,2237,8,
s9919,MANAUSDT,1781919900000,testB,1,2.71,0.5,3.08,2.79,3.1,1.92,1.7,1.44,1.14,0.96,1,0.8,neutral,alcista,1,2.0,28,2237,2,
s9920,APEUSDT,1781919900000,testB,1,5.21,0.536,6.8,5.18,4.29,4.42,2.32,1.41,1.26,1.18,1,0.8,neutral,neutral,0,0.371,32,2237,0,
s9921,WLDUSDT,1781920800000,train,-1,-3.52,0.433,4.58,4.38,1.54,-4.12,1.99,0.5,0.48,0.82,0,0.59,neutral,bajista,0,-0.345,32,2239,7,
s9922,SANDUSDT,1781920800000,testB,1,5.06,0.934,5.38,4.95,3.73,4.47,3.1,3.61,2.31,1.53,1,0.59,neutral,alcista,0,1.833,32,2238,8,
s9923,MANAUSDT,1781920800000,testB,1,3.17,0.538,3.22,3.07,3.46,2.57,2.0,2.23,1.5,1.16,1,0.59,neutral,alcista,1,2.0,28,2238,3,
s9924,APEUSDT,1781920800000,testB,1,4.67,0.455,6.7,4.46,4.45,4.08,1.62,1.57,1.17,1.22,0,0.59,neutral,neutral,0,0.717,32,2238,0,
s9925,WLDUSDT,1781921700000,train,-1,-4.19,0.521,4.94,4.73,1.49,-4.43,2.1,0.5,0.48,0.82,0,0.24,neutral,bajista,0,-0.31,32,2240,8,
s9926,SANDUSDT,1781921700000,testB,1,5.43,0.939,5.51,5.39,3.59,5.2,3.27,3.61,2.31,1.53,1,0.24,neutral,alcista,0,1.306,32,2239,8,
s9927,MANAUSDT,1781921700000,testB,1,3.3,0.55,3.63,3.63,2.93,3.07,2.36,2.23,1.5,1.16,1,0.24,neutral,alcista,0,1.32,32,2239,4,
s9928,APEUSDT,1781921700000,testB,1,4.02,0.419,6.02,3.94,3.75,3.78,1.61,1.57,1.17,1.22,0,0.24,neutral,neutral,0,0.623,32,2239,1,
s9929,WLDUSDT,1781922600000,train,-1,-5.35,0.581,6.32,5.94,2.33,-5.48,3.16,0.5,0.48,0.82,0,0.13,neutral,bajista,0,-0.358,32,2241,8,
s9930,JUPUSDT,1781922600000,train,1,3.5,0.359,3.79,3.79,3.24,3.38,2.63,1.2,1.0,0.95,1,0.13,neutral,neutral,0,0.568,32,2241,1,
s9931,SANDUSDT,1781922600000,testB,1,5.17,0.873,5.54,5.16,2.6,5.04,2.78,3.61,2.31,1.53,1,0.13,neutral,neutral,0,1.229,32,2240,0,
s9932,MANAUSDT,1781922600000,testB,1,3.46,0.59,3.92,3.63,2.83,3.33,2.13,2.23,1.5,1.16,1,0.13,neutral,alcista,0,1.2,32,2240,5,
s9933,APEUSDT,1781922600000,testB,1,3.45,0.385,5.86,4.0,1.18,3.32,1.74,1.57,1.17,1.22,0,0.13,neutral,alcista,0,0.519,32,2240,2,
s9934,WLDUSDT,1781923500000,train,-1,-3.75,0.369,6.15,4.47,2.39,-3.78,1.78,0.5,0.48,0.82,0,0.03,neutral,neutral,0,-0.34,32,2242,0,
s9935,SANDUSDT,1781923500000,testB,1,4.86,0.778,6.48,4.86,2.3,4.83,2.2,3.61,2.31,1.53,1,0.03,neutral,neutral,1,2.0,28,2241,0,
s9936,MANAUSDT,1781923500000,testB,1,3.46,0.59,4.65,3.63,2.38,3.43,1.92,2.23,1.5,1.16,1,0.03,neutral,neutral,0,1.44,32,2241,0,
s9937,APEUSDT,1781923500000,testB,1,3.93,0.459,5.86,4.0,0.99,3.9,1.59,1.57,1.17,1.22,0,0.03,neutral,neutral,0,0.648,32,2241,0,
s9938,SANDUSDT,1781924400000,testB,1,6.11,0.837,6.29,5.77,1.93,6.02,2.98,4.62,2.85,1.75,1,0.09,neutral,neutral,0,1.219,32,2242,1,
s9939,MANAUSDT,1781924400000,testB,1,4.07,0.659,4.49,3.91,2.18,3.98,2.08,2.86,1.75,1.26,1,0.09,neutral,neutral,0,1.667,32,2242,1,
s9940,APEUSDT,1781924400000,testB,1,4.01,0.464,5.63,3.85,0.87,3.92,1.4,1.73,1.24,1.21,1,0.09,neutral,neutral,0,0.788,32,2242,1,
s9941,SANDUSDT,1781925300000,testB,1,5.59,0.802,6.3,5.44,1.75,5.39,2.59,4.62,2.85,1.75,1,0.2,neutral,neutral,0,1.414,32,2243,0,
s9942,MANAUSDT,1781925300000,testB,1,3.29,0.579,4.49,3.62,1.84,3.09,1.76,2.86,1.75,1.26,1,0.2,neutral,neutral,1,2.0,32,2243,0,
s9943,APEUSDT,1781925300000,testB,1,3.37,0.407,5.49,3.56,0.87,3.17,1.03,1.73,1.24,1.21,1,0.2,neutral,neutral,0,0.917,32,2243,0,
s9944,SANDUSDT,1781926200000,testB,1,6.77,0.843,7.01,6.44,1.64,6.52,3.32,4.62,2.85,1.75,1,0.25,neutral,neutral,0,1.086,32,2244,1,
s9945,MANAUSDT,1781926200000,testB,1,4.36,0.744,4.47,4.18,1.54,4.11,2.12,2.86,1.75,1.26,1,0.25,neutral,neutral,0,1.828,32,2244,1,
s9946,APEUSDT,1781926200000,testB,1,3.83,0.439,5.47,3.99,0.79,3.58,1.39,1.73,1.24,1.21,1,0.25,neutral,neutral,0,0.741,32,2244,1,
s9947,SANDUSDT,1781927100000,testB,1,6.57,0.84,6.76,6.37,1.12,6.69,3.18,4.62,2.85,1.75,1,-0.11,neutral,alcista,0,0.78,32,2245,2,
s9948,MANAUSDT,1781927100000,testB,1,4.04,0.73,4.46,4.17,1.08,4.16,2.07,2.86,1.75,1.26,1,-0.11,neutral,neutral,0,1.483,32,2245,0,
s9949,APEUSDT,1781927100000,testB,1,3.13,0.363,5.11,3.33,0.68,3.25,0.99,1.73,1.24,1.21,1,-0.11,neutral,neutral,0,1.0,32,2245,0,
s9950,SANDUSDT,1781928000000,testB,1,7.25,0.853,9.98,6.89,2.49,7.4,3.5,8.02,4.41,2.54,1,-0.15,neutral,alcista,0,0.729,32,2246,3,
s9951,MANAUSDT,1781928000000,testB,1,5.1,0.81,5.85,4.99,1.69,5.25,2.58,4.37,2.42,1.6,1,-0.15,neutral,neutral,0,1.057,32,2246,1,
s9952,APEUSDT,1781928000000,testB,1,3.13,0.363,4.74,3.03,0.56,3.28,0.9,1.88,1.32,1.23,1,-0.15,neutral,neutral,0,0.976,32,2246,1,
s9953,MANAUSDT,1781928900000,testB,1,4.34,0.644,5.74,4.3,1.86,4.42,1.86,4.37,2.42,1.6,1,-0.08,neutral,neutral,0,1.333,32,2247,0,
s9954,MANAUSDT,1781929800000,testB,1,4.04,0.574,5.76,4.03,1.87,4.04,1.36,4.37,2.42,1.6,1,0.0,neutral,neutral,0,1.5,32,2248,0,
s9955,TIAUSDT,1781930700000,train,1,2.0,0.429,2.51,2.14,1.47,1.91,1.01,0.53,0.52,0.86,0,0.09,neutral,neutral,0,-1.0,32,2250,1,
s9956,SANDUSDT,1781930700000,testB,1,7.89,0.695,9.33,7.49,2.64,7.8,3.82,8.02,4.41,2.54,1,0.09,neutral,neutral,0,0.393,32,2249,1,
s9957,MANAUSDT,1781930700000,testB,1,5.52,0.649,5.52,5.52,2.02,5.43,2.83,4.37,2.42,1.6,1,0.09,neutral,neutral,0,0.795,32,2249,1,
s9958,PUMPUSDT,1781931600000,train,1,2.28,0.477,3.38,3.02,1.86,1.72,1.62,0.65,0.64,0.81,0,0.57,neutral,neutral,0,-0.476,32,2251,1,
s9959,ENAUSDT,1781931600000,train,1,3.35,0.536,4.24,3.8,1.84,2.78,2.22,0.54,0.47,0.62,0,0.57,neutral,alcista,0,-0.595,32,2251,5,
s9960,TIAUSDT,1781931600000,train,1,3.02,0.536,3.5,3.08,2.07,2.45,1.8,0.58,0.52,0.85,0,0.57,neutral,alcista,0,-1.0,31,2251,2,
s9961,MANAUSDT,1781931600000,testB,1,5.94,0.667,6.73,6.31,1.32,5.38,3.31,5.19,2.82,1.82,1,0.57,neutral,alcista,0,0.689,32,2250,2,
s9962,ENAUSDT,1781932500000,train,1,2.81,0.433,4.26,3.43,1.95,2.6,1.72,0.54,0.47,0.62,0,0.2,neutral,neutral,0,-0.902,32,2252,0,
s9963,TIAUSDT,1781932500000,train,1,2.51,0.409,3.46,2.55,1.38,2.3,1.21,0.58,0.52,0.85,0,0.2,neutral,neutral,0,-1.0,30,2252,0,
s9964,SANDUSDT,1781932500000,testB,1,6.48,0.476,8.44,6.14,1.15,6.27,2.64,9.94,5.32,2.99,1,0.2,neutral,neutral,0,1.086,32,2251,0,
s9965,MANAUSDT,1781932500000,testB,1,5.67,0.613,6.64,5.51,1.13,5.47,2.34,5.19,2.82,1.82,1,0.2,neutral,neutral,0,0.949,32,2251,0,
s9966,ENAUSDT,1781933400000,train,1,2.35,0.392,4.25,3.59,2.16,2.25,1.83,0.54,0.47,0.62,0,0.11,neutral,neutral,0,-0.814,32,2253,1,
s9967,TIAUSDT,1781933400000,train,1,2.05,0.352,3.47,2.48,1.25,1.94,1.08,0.58,0.52,0.85,0,0.11,neutral,neutral,0,-1.0,29,2253,0,
s9968,SANDUSDT,1781933400000,testB,1,6.17,0.468,7.03,6.03,1.11,6.06,3.54,9.94,5.32,2.99,1,0.11,neutral,neutral,0,1.033,32,2252,1,
s9969,MANAUSDT,1781933400000,testB,1,5.02,0.586,5.77,5.06,1.02,4.91,2.46,5.19,2.82,1.82,1,0.11,neutral,neutral,0,1.139,32,2252,1,
s9970,ENAUSDT,1781934300000,train,1,2.72,0.452,4.25,3.77,2.29,2.58,1.81,0.54,0.47,0.62,0,0.15,neutral,alcista,0,-0.914,32,2254,2,
s9971,TIAUSDT,1781934300000,train,1,2.12,0.36,3.46,2.7,1.21,1.97,1.19,0.58,0.52,0.85,0,0.15,neutral,neutral,0,-1.0,28,2254,1,
s9972,ARUSDT,1781934300000,testB,1,2.18,0.518,2.88,2.88,1.74,2.04,1.76,0.58,0.55,0.75,0,0.15,neutral,alcista,0,-0.483,32,2253,2,
s9973,ENAUSDT,1781935200000,train,1,4.11,0.634,4.61,4.6,1.41,3.77,2.41,0.6,0.51,0.63,0,0.34,neutral,alcista,0,-1.0,32,2255,3,
s9974,TIAUSDT,1781935200000,train,1,2.43,0.431,3.46,2.58,0.54,2.09,0.96,0.54,0.51,0.84,0,0.34,neutral,neutral,0,-1.0,27,2255,0,
s9975,JUPUSDT,1781935200000,train,1,5.7,0.482,6.64,5.89,0.82,5.36,2.79,2.04,1.38,1.12,1,0.34,neutral,alcista,0,-0.441,32,2255,3,
s9976,ARUSDT,1781935200000,testB,1,2.39,0.58,3.13,2.93,1.64,2.05,1.64,0.56,0.58,0.75,0,0.34,neutral,alcista,0,-0.797,32,2254,3,
s9977,STBLUSDT,1781936100000,train,1,2.63,0.717,3.27,3.19,1.52,2.18,1.56,0.31,0.35,0.76,0,0.46,neutral,neutral,0,-0.72,32,2256,1,
s9978,ENAUSDT,1781936100000,train,1,4.63,0.761,4.84,4.42,1.55,4.18,2.14,0.6,0.51,0.63,0,0.46,neutral,alcista,0,-1.0,28,2256,4,
s9979,OPUSDT,1781936100000,train,1,2.73,0.389,3.32,3.13,4.33,2.27,1.87,0.71,0.63,0.69,0,0.46,neutral,alcista,0,-1.0,22,2256,3,
s9980,TIAUSDT,1781936100000,train,1,2.16,0.37,3.31,2.19,0.41,1.7,0.6,0.54,0.51,0.84,0,0.46,neutral,neutral,0,-1.0,25,2256,0,
s9981,SEIUSDT,1781936100000,train,1,2.75,0.595,3.43,2.95,2.27,2.3,1.78,0.59,0.53,0.65,0,0.46,neutral,alcista,0,-0.593,32,2256,3,
s9982,JUPUSDT,1781936100000,train,1,5.23,0.425,6.68,5.32,0.84,4.77,1.89,2.04,1.38,1.12,1,0.46,neutral,neutral,0,-0.028,32,2256,0,
s9983,ARUSDT,1781936100000,testB,1,3.53,0.793,3.75,3.6,1.91,3.07,2.12,0.56,0.58,0.75,0,0.46,neutral,alcista,0,-0.671,32,2255,4,
s9984,STBLUSDT,1781937000000,train,1,3.04,0.792,3.8,3.45,1.3,2.48,1.67,0.31,0.35,0.76,0,0.55,neutral,alcista,0,-0.629,32,2257,2,
s9985,ENAUSDT,1781937000000,train,1,2.84,0.378,4.8,2.82,1.47,2.28,0.54,0.6,0.51,0.63,0,0.55,neutral,neutral,0,-1.0,27,2257,0,
s9986,SEIUSDT,1781937000000,train,1,3.41,0.65,3.55,3.55,2.31,2.86,2.16,0.59,0.53,0.65,0,0.55,neutral,alcista,0,-0.607,32,2257,4,
s9987,ARUSDT,1781937000000,testB,1,3.48,0.773,3.76,3.41,1.94,2.93,1.71,0.56,0.58,0.75,0,0.55,neutral,neutral,0,-0.594,32,2256,0,
s9988,STBLUSDT,1781937900000,train,1,2.96,0.755,3.81,3.19,1.18,2.32,1.29,0.31,0.35,0.76,0,0.64,neutral,neutral,0,-0.378,32,2258,0,
s9989,SEIUSDT,1781937900000,train,1,4.05,0.711,4.09,4.05,2.26,3.41,2.43,0.59,0.53,0.65,0,0.64,neutral,alcista,0,-0.551,32,2258,5,
s9990,JUPUSDT,1781937900000,train,1,3.42,0.367,4.81,3.61,1.03,2.78,1.82,2.04,1.38,1.12,1,0.64,neutral,neutral,0,0.458,32,2258,1,
s9991,PENDLEUSDT,1781937900000,train,1,2.82,0.536,3.39,2.83,1.61,2.19,1.4,0.71,0.61,0.7,0,0.64,neutral,neutral,0,-1.0,26,2258,1,
s9992,ARUSDT,1781937900000,testB,1,3.63,0.78,3.95,3.6,2.15,2.99,1.79,0.56,0.58,0.75,0,0.64,neutral,neutral,0,-0.37,32,2257,1,
s9993,MANAUSDT,1781937900000,testB,1,3.78,0.371,4.48,4.2,0.67,3.14,1.94,5.55,3.14,1.98,1,0.64,neutral,alcista,0,1.833,32,2257,3,
s9994,APEUSDT,1781937900000,testB,1,3.63,0.485,5.01,4.79,1.9,2.99,2.99,2.16,1.57,1.3,1,0.64,neutral,alcista,0,-0.194,32,2257,4,
s9995,STBLUSDT,1781938800000,train,1,2.48,0.596,3.47,2.5,1.3,1.98,0.86,0.36,0.37,0.77,0,0.5,neutral,neutral,0,-0.266,32,2259,0,
s9996,SEIUSDT,1781938800000,train,1,2.81,0.405,4.18,2.86,2.51,2.31,1.1,0.7,0.56,0.66,0,0.5,neutral,neutral,0,-0.395,32,2259,0,
s9997,ARUSDT,1781938800000,testB,1,2.6,0.526,3.67,2.68,2.25,2.1,1.08,0.51,0.58,0.72,0,0.5,neutral,neutral,0,-1.0,29,2258,0,
s9998,APEUSDT,1781938800000,testB,1,3.19,0.41,5.03,4.45,2.63,2.69,2.35,1.99,1.68,1.34,1,0.5,neutral,neutral,0,-0.194,32,2258,0,
s9999,ASTERUSDT,1781939700000,train,1,2.21,0.575,3.65,2.68,2.53,1.66,1.42,0.83,0.58,0.53,1,0.55,neutral,alcista,0,0.304,32,2260,2,
s10000,STBLUSDT,1781939700000,train,1,2.48,0.596,3.39,2.46,1.33,1.93,0.83,0.36,0.37,0.77,0,0.55,neutral,neutral,0,-0.143,32,2260,0,
s10001,SEIUSDT,1781939700000,train,1,2.87,0.41,4.17,3.01,1.88,2.32,1.13,0.7,0.56,0.66,0,0.55,neutral,neutral,0,-0.424,32,2260,1,
s10002,ARUSDT,1781939700000,testB,1,2.65,0.531,3.67,2.83,1.98,2.1,1.13,0.51,0.58,0.72,0,0.55,neutral,neutral,0,-1.0,28,2259,1,
s10003,APEUSDT,1781939700000,testB,1,3.26,0.423,5.32,4.38,3.02,2.72,2.02,1.99,1.68,1.34,1,0.55,neutral,neutral,0,0.033,32,2259,0,
s10004,ASTERUSDT,1781940600000,train,1,4.01,0.786,4.33,4.1,4.36,3.59,2.67,0.83,0.58,0.53,1,0.42,neutral,alcista,0,-0.222,32,2261,3,
s10005,STBLUSDT,1781940600000,train,1,2.08,0.464,3.41,2.11,1.22,1.66,0.46,0.36,0.37,0.77,0,0.42,neutral,neutral,0,0.056,32,2261,0,
s10006,ARUSDT,1781940600000,testB,1,2.5,0.485,3.68,2.58,1.59,2.08,0.79,0.51,0.58,0.72,0,0.42,neutral,neutral,0,-1.0,27,2260,0,
s10007,ASTERUSDT,1781941500000,train,1,5.09,0.845,5.06,5.01,5,4.8,3.34,0.83,0.58,0.53,1,0.29,neutral,alcista,0,-0.308,32,2262,4,
s10008,ASTERUSDT,1781942400000,train,1,4.57,0.714,6.66,4.4,5,4.38,2.61,1.23,0.79,0.62,1,0.2,neutral,neutral,0,-0.286,32,2263,0,
s10009,SEIUSDT,1781942400000,train,1,2.75,0.358,3.9,2.79,0.69,2.55,0.97,0.72,0.55,0.65,0,0.2,neutral,neutral,0,-0.614,32,2263,1,
s10010,ASTERUSDT,1781943300000,train,1,4.05,0.634,6.44,3.94,5,4.19,2.16,1.23,0.79,0.62,1,-0.15,neutral,neutral,0,-0.305,32,2264,0,
s10011,APEUSDT,1781943300000,testB,1,3.71,0.379,4.65,4.15,1.1,3.85,1.97,1.96,1.75,1.39,1,-0.15,neutral,alcista,0,-1.0,23,2263,2,
s10012,ASTERUSDT,1781944200000,train,1,3.93,0.628,6.33,3.89,3.31,4.17,2.02,1.23,0.79,0.62,1,-0.24,neutral,neutral,0,-0.186,32,2265,1,
s10013,ASTERUSDT,1781945100000,train,1,3.41,0.532,6.29,3.52,2.35,3.67,1.52,1.23,0.79,0.62,1,-0.26,neutral,neutral,0,-0.048,32,2266,0,
s10014,XPLUSDT,1781946000000,train,-1,-3.36,0.433,3.91,3.51,1.12,-2.9,1.52,0.29,0.29,0.47,0,-0.46,neutral,bajista,0,0.734,32,2267,3,
s10015,WLDUSDT,1781946000000,train,-1,-2.76,0.44,3.93,2.99,0.44,-2.3,0.57,0.55,0.51,0.62,0,-0.46,neutral,neutral,0,-1.0,13,2267,1,
s10016,XPLUSDT,1781946900000,train,-1,-2.66,0.375,3.42,3.17,0.79,-2.56,1.6,0.29,0.29,0.47,0,-0.11,neutral,bajista,0,0.909,32,2268,4,
s10017,WLDUSDT,1781946900000,train,-1,-2.18,0.381,3.14,2.33,0.48,-2.07,0.68,0.55,0.51,0.62,0,-0.11,neutral,bajista,0,-1.0,12,2268,2,
s10018,ASTERUSDT,1781947800000,train,1,2.76,0.448,6.11,3.03,0.5,2.67,0.84,1.24,0.81,0.62,1,0.09,neutral,neutral,0,-0.143,32,2269,1,
s10019,ASTERUSDT,1781948700000,train,1,3.08,0.475,6.08,3.55,0.34,2.99,1.18,1.24,0.81,0.62,1,0.09,neutral,alcista,0,-0.264,32,2270,2,
s10020,XPLUSDT,1781948700000,train,-1,-3.02,0.387,3.42,3.22,1.0,-3.1,1.56,0.29,0.29,0.47,0,0.09,neutral,neutral,0,0.962,32,2270,1,
s10021,SANDUSDT,1781948700000,testB,1,4.84,0.41,7.01,5.85,3.24,4.75,2.75,11.63,8.44,4.58,1,0.09,neutral,neutral,0,1.409,32,2269,0,
s10022,MANAUSDT,1781948700000,testB,1,3.0,0.368,4.43,3.46,1.46,2.91,1.07,5.86,4.38,2.53,1,0.09,neutral,neutral,1,2.0,20,2269,0,
s10023,ASTERUSDT,1781949600000,train,1,2.63,0.386,5.9,2.98,0.27,2.63,0.75,1.28,0.83,0.63,1,0.0,neutral,neutral,0,-0.244,32,2271,0,
s10024,SANDUSDT,1781949600000,testB,1,6.08,0.509,6.97,6.42,2.41,6.08,3.28,9.84,9.35,5.07,1,0.0,neutral,neutral,0,1.046,32,2270,1,
s10025,MANAUSDT,1781949600000,testB,1,3.42,0.4,4.14,3.59,1.24,3.42,1.44,4.82,4.67,2.67,1,0.0,neutral,neutral,1,2.0,21,2270,1,
s10026,OPUSDT,1781950500000,train,-1,-2.18,0.451,3.0,2.42,0.4,-2.14,0.08,0.77,0.57,0.64,0,-0.04,neutral,neutral,0,0.92,32,2272,1,
s10027,SANDUSDT,1781953200000,testB,1,4.49,0.376,7.03,5.64,1.07,4.49,1.87,9.66,10.74,5.73,0,0.0,neutral,alcista,0,0.988,32,2274,2,
s10028,MANAUSDT,1781953200000,testB,1,4.4,0.492,5.16,5.03,1.18,4.4,2.53,5.91,5.79,3.22,1,0.0,neutral,alcista,1,2.0,31,2274,2,
s10029,XPLUSDT,1781954100000,train,-1,-2.93,0.375,4.08,3.97,0.93,-2.77,1.75,0.31,0.3,0.46,0,-0.16,neutral,bajista,0,0.529,32,2276,2,
s10030,SANDUSDT,1781954100000,testB,1,5.44,0.447,6.99,6.13,1.35,5.6,2.08,9.66,10.74,5.73,0,-0.16,neutral,alcista,0,0.709,32,2275,3,
s10031,MANAUSDT,1781954100000,testB,1,4.96,0.522,6.21,5.67,1.98,5.12,2.83,5.91,5.79,3.22,1,-0.16,neutral,alcista,0,1.143,32,2275,3,
s10032,XPLUSDT,1781955000000,train,-1,-3.37,0.46,4.17,3.81,0.97,-3.33,1.43,0.31,0.3,0.46,0,-0.04,neutral,neutral,0,0.595,32,2277,0,
s10033,SANDUSDT,1781955000000,testB,1,6.44,0.533,6.96,6.5,1.26,6.48,2.08,9.66,10.74,5.73,0,-0.04,neutral,alcista,0,0.796,32,2276,4,
s10034,MANAUSDT,1781955000000,testB,1,6.41,0.652,6.43,6.43,2.57,6.45,3.19,5.91,5.79,3.22,1,-0.04,neutral,alcista,0,1.042,32,2276,4,
s10035,AXSUSDT,1781955000000,testB,1,5.61,0.377,6.84,6.41,1.57,5.65,3.37,12.69,28.79,14.21,0,-0.04,neutral,alcista,0,-0.395,32,2276,2,
s10036,XPLUSDT,1781955900000,train,-1,-2.35,0.371,4.08,3.74,0.96,-2.4,1.23,0.31,0.3,0.46,0,0.04,neutral,neutral,0,0.575,32,2278,1,
s10037,MANAUSDT,1781955900000,testB,1,4.83,0.447,6.64,5.28,2.82,4.79,1.93,5.91,5.79,3.22,1,0.04,neutral,neutral,0,1.385,32,2277,0,
s10038,SANDUSDT,1781956800000,testB,1,4.85,0.351,6.49,4.96,1.21,4.54,1.22,9.44,11.21,6.09,0,0.31,neutral,neutral,1,2.0,23,2278,1,
s10039,MANAUSDT,1781956800000,testB,1,4.68,0.44,5.83,4.47,1.99,4.37,1.72,5.78,5.97,3.37,0,0.31,neutral,neutral,1,2.0,21,2278,1,
s10040,XPLUSDT,1781957700000,train,-1,-3.11,0.529,3.8,3.31,1.01,-3.51,1.04,0.31,0.3,0.45,0,0.4,neutral,neutral,0,0.755,32,2280,1,
s10041,MANAUSDT,1781957700000,testB,1,4.24,0.405,5.56,4.07,1.17,3.84,1.51,5.78,5.97,3.37,0,0.4,neutral,neutral,1,2.0,19,2279,0,
s10042,XPLUSDT,1781958600000,train,-1,-3.06,0.525,3.62,3.16,1.08,-3.33,0.83,0.31,0.3,0.45,0,0.26,neutral,bajista,0,0.716,32,2281,2,
s10043,MANAUSDT,1781958600000,testB,1,3.37,0.353,4.75,3.26,0.75,3.1,1.32,5.78,5.97,3.37,0,0.26,neutral,neutral,1,2.0,17,2280,0,
s10044,XPLUSDT,1781959500000,train,-1,-2.47,0.469,3.2,2.87,1.04,-2.84,1.07,0.31,0.3,0.45,0,0.37,neutral,bajista,0,0.609,32,2282,3,
s10045,TIAUSDT,1781960400000,train,-1,-2.25,0.614,2.81,2.73,1.27,-2.36,1.2,0.65,0.69,0.72,0,0.11,neutral,bajista,0,0.108,32,2283,3,
s10046,ASTERUSDT,1781961300000,train,-1,-2.04,0.382,3.35,2.96,3.04,-1.7,1.6,1.06,0.95,0.67,1,-0.35,neutral,bajista,0,-0.77,32,2284,4,
s10047,XPLUSDT,1781961300000,train,-1,-3.12,0.501,4.84,4.43,1.58,-2.77,2.34,0.37,0.33,0.43,0,-0.35,neutral,neutral,0,0.11,32,2284,1,
s10048,TIAUSDT,1781961300000,train,-1,-2.91,0.673,4.41,3.62,2.77,-2.57,1.87,0.65,0.69,0.72,0,-0.35,neutral,bajista,0,-0.09,32,2284,4,
s10049,PENDLEUSDT,1781961300000,train,-1,-2.37,0.381,4.71,4.35,0.72,-2.02,1.68,0.71,0.72,0.68,0,-0.35,neutral,neutral,0,-0.639,32,2284,1,
s10050,ONDOUSDT,1781961300000,train,-1,-2.34,0.414,3.25,3.16,3.15,-2.0,1.71,0.6,0.49,0.52,0,-0.35,neutral,neutral,0,0.13,32,2283,1,
s10051,XPLUSDT,1781962200000,train,-1,-3.05,0.489,4.82,3.89,1.68,-2.66,1.53,0.37,0.33,0.43,0,-0.39,neutral,neutral,0,0.283,32,2285,0,
s10052,ENAUSDT,1781962200000,train,-1,-2.35,0.407,3.65,2.99,1.66,-1.96,1.1,0.51,0.55,0.56,0,-0.39,neutral,neutral,0,-0.315,32,2285,0,
s10053,ARBUSDT,1781962200000,train,-1,-2.13,0.581,2.87,2.48,2.39,-1.74,1.16,0.52,0.55,0.61,0,-0.39,neutral,neutral,0,-0.449,32,2285,0,
s10054,OPUSDT,1781962200000,train,-1,-2.23,0.622,3.56,2.77,1.09,-1.84,1.04,0.55,0.63,0.59,0,-0.39,neutral,neutral,0,-0.571,32,2285,0,
s10055,INJUSDT,1781962200000,train,-1,-2.82,0.455,4.35,3.15,3.24,-2.44,1.44,0.75,0.58,0.56,1,-0.39,neutral,neutral,0,-0.146,32,2285,0,
s10056,TIAUSDT,1781962200000,train,-1,-2.8,0.633,4.39,3.26,2.58,-2.41,1.35,0.65,0.69,0.72,0,-0.39,neutral,neutral,0,0.041,32,2285,0,
s10057,ONDOUSDT,1781962200000,train,-1,-2.47,0.451,3.32,2.71,2.87,-2.08,1.17,0.6,0.49,0.52,0,-0.39,neutral,neutral,0,0.258,32,2284,0,
s10058,LDOUSDT,1781962200000,testB,-1,-2.0,0.528,2.96,2.48,1.44,-1.61,1.18,0.57,0.54,0.58,0,-0.39,neutral,neutral,0,-0.118,32,2284,0,
s10059,MANAUSDT,1781962200000,testB,1,3.44,0.362,5.05,5.05,1.1,3.83,2.25,6.78,6.57,3.77,1,-0.39,neutral,neutral,0,0.868,32,2284,1,
s10060,ASTERUSDT,1781963100000,train,-1,-2.4,0.456,3.34,2.66,1.23,-1.88,1.02,1.06,0.95,0.67,1,-0.52,neutral,neutral,0,-0.74,32,2286,1,
s10061,XPLUSDT,1781963100000,train,-1,-3.21,0.5,4.85,4.63,1.8,-2.69,1.95,0.37,0.33,0.43,0,-0.52,neutral,neutral,0,0.069,32,2286,1,
s10062,ENAUSDT,1781963100000,train,-1,-2.71,0.444,3.66,3.36,1.65,-2.18,1.29,0.51,0.55,0.56,0,-0.52,neutral,neutral,0,-0.347,32,2286,1,
s10063,ARBUSDT,1781963100000,train,-1,-2.04,0.558,2.87,2.44,2.54,-1.52,1.05,0.52,0.55,0.61,0,-0.52,neutral,neutral,0,-0.406,32,2286,0,
s10064,OPUSDT,1781963100000,train,-1,-2.8,0.707,3.58,3.28,1.18,-2.28,1.37,0.55,0.63,0.59,0,-0.52,neutral,neutral,0,-0.636,32,2286,1,
s10065,INJUSDT,1781963100000,train,-1,-3.1,0.477,4.31,3.61,4.02,-2.58,1.76,0.75,0.58,0.56,1,-0.52,neutral,neutral,0,-0.324,32,2286,1,
s10066,TIAUSDT,1781963100000,train,-1,-2.96,0.646,4.4,3.43,2.46,-2.44,1.39,0.65,0.69,0.72,0,-0.52,neutral,neutral,0,0.031,32,2286,1,
s10067,SEIUSDT,1781963100000,train,-1,-2.55,0.657,2.82,2.75,1.09,-2.03,0.88,0.61,0.65,0.6,0,-0.52,neutral,bajista,0,0.221,32,2286,3,
s10068,PENDLEUSDT,1781963100000,train,-1,-2.66,0.432,4.7,4.04,0.87,-2.14,1.11,0.71,0.72,0.68,0,-0.52,neutral,neutral,0,-0.594,32,2286,1,
s10069,ONDOUSDT,1781963100000,train,-1,-2.36,0.439,3.32,2.74,2.87,-1.84,1.07,0.6,0.49,0.52,0,-0.52,neutral,neutral,0,0.234,32,2285,1,
s10070,LDOUSDT,1781963100000,testB,-1,-2.18,0.581,2.81,2.41,1.36,-1.66,1.18,0.57,0.54,0.58,0,-0.52,neutral,neutral,0,-0.167,32,2285,1,
s10071,ASTERUSDT,1781964000000,train,-1,-2.45,0.461,2.91,2.67,1.1,-1.71,1.3,0.75,1.0,0.68,0,-0.74,neutral,bajista,0,-1.0,11,2287,2,
s10072,XPLUSDT,1781964000000,train,-1,-2.65,0.381,4.97,3.91,2.11,-1.91,1.11,0.4,0.34,0.41,0,-0.74,neutral,neutral,0,0.181,32,2287,0,
s10073,PUMPUSDT,1781964000000,train,-1,-2.89,0.488,3.57,2.98,3.1,-2.15,1.8,0.83,0.67,0.67,1,-0.74,neutral,bajista,0,-1.0,3,2287,2,
s10074,ENAUSDT,1781964000000,train,-1,-3.95,0.562,4.69,4.21,2.77,-3.2,2.13,0.69,0.65,0.58,1,-0.74,neutral,bajista,0,-0.809,32,2287,2,
s10075,ARBUSDT,1781964000000,train,-1,-3.17,0.732,3.48,3.41,2.76,-2.43,1.77,0.72,0.62,0.63,0,-0.74,neutral,neutral,0,-0.771,32,2287,1,
s10076,OPUSDT,1781964000000,train,-1,-3.77,0.796,4.62,4.12,2.64,-3.03,2.04,0.83,0.78,0.64,1,-0.74,neutral,bajista,0,-0.854,32,2287,2,
s10077,INJUSDT,1781964000000,train,-1,-4.14,0.549,5.25,4.75,5,-3.4,2.55,1.05,0.72,0.61,1,-0.74,neutral,bajista,0,-0.657,32,2287,2,
s10078,SUIUSDT,1781964000000,train,-1,-2.87,0.567,3.7,3.11,4.09,-2.13,1.95,1.13,0.83,0.61,1,-0.74,neutral,bajista,0,-0.509,32,2287,2,
s10079,TIAUSDT,1781964000000,train,-1,-4.14,0.725,4.7,4.67,2.56,-3.39,2.3,0.79,0.76,0.72,1,-0.74,neutral,bajista,0,-0.374,32,2287,2,
s10080,SEIUSDT,1781964000000,train,-1,-3.07,0.697,3.5,3.48,2.07,-2.33,1.72,0.75,0.73,0.59,1,-0.74,neutral,bajista,0,-0.278,32,2287,4,
s10081,PENDLEUSDT,1781964000000,train,-1,-4.05,0.637,5.02,4.93,1.08,-3.31,1.75,0.69,0.77,0.67,0,-0.74,neutral,bajista,0,-0.793,32,2287,2,
s10082,ONDOUSDT,1781964000000,train,-1,-3.93,0.566,4.44,4.15,4.76,-3.18,2.44,0.89,0.66,0.58,1,-0.74,neutral,bajista,0,-0.414,32,2286,2,
s10083,FETUSDT,1781964000000,train,-1,-2.68,0.451,3.13,2.97,2.51,-1.94,1.6,0.83,0.66,0.54,1,-0.74,neutral,bajista,0,-1.0,5,2286,2,
s10084,STXUSDT,1781964000000,testB,-1,-2.47,0.584,2.65,2.59,4.52,-1.73,1.46,0.89,0.66,0.64,1,-0.74,neutral,bajista,0,-1.0,3,2286,2,
s10085,GRTUSDT,1781964000000,testB,-1,-2.24,0.407,2.44,2.39,1.33,-1.49,1.48,0.75,0.65,0.83,0,-0.74,neutral,bajista,0,-1.0,5,2286,2,
s10086,LDOUSDT,1781964000000,testB,-1,-3.11,0.664,3.32,3.25,2.19,-2.37,1.97,0.74,0.64,0.6,1,-0.74,neutral,bajista,0,-0.625,32,2286,2,
s10087,APEUSDT,1781964000000,testB,-1,-2.81,0.386,4.53,3.78,1.33,-2.07,1.79,1.74,1.87,1.5,0,-0.74,neutral,bajista,0,-0.588,32,2286,2,
s10088,ENAUSDT,1781964900000,train,-1,-3.21,0.45,4.39,3.49,1.78,-2.73,1.69,0.69,0.65,0.58,1,-0.47,neutral,neutral,0,-1.0,4,2288,0,
s10089,ARBUSDT,1781964900000,train,-1,-2.41,0.533,3.17,2.49,1.81,-1.93,1.21,0.72,0.62,0.63,0,-0.47,neutral,neutral,0,-1.0,4,2288,0,
s10090,OPUSDT,1781964900000,train,-1,-2.91,0.577,4.29,3.19,2.07,-2.43,1.38,0.83,0.78,0.64,1,-0.47,neutral,neutral,0,-1.0,32,2288,0,
s10091,INJUSDT,1781964900000,train,-1,-3.21,0.408,4.57,3.42,2.0,-2.74,1.93,1.05,0.72,0.61,1,-0.47,neutral,neutral,0,-0.722,32,2288,0,
s10092,SUIUSDT,1781964900000,train,-1,-2.42,0.463,3.46,2.56,3.6,-1.94,1.53,1.13,0.83,0.61,1,-0.47,neutral,neutral,0,-0.6,32,2288,0,
s10093,TIAUSDT,1781964900000,train,-1,-2.81,0.459,4.65,3.73,1.08,-2.34,1.32,0.79,0.76,0.72,1,-0.47,neutral,neutral,0,-0.239,32,2288,0,
s10094,SEIUSDT,1781964900000,train,-1,-2.35,0.512,2.89,2.41,1.56,-1.88,1.27,0.75,0.73,0.59,1,-0.47,neutral,neutral,0,-0.315,32,2288,0,
s10095,PENDLEUSDT,1781964900000,train,-1,-3.07,0.478,4.48,3.85,0.81,-2.59,1.12,0.69,0.77,0.67,0,-0.47,neutral,neutral,0,-1.0,32,2288,0,
s10096,ONDOUSDT,1781964900000,train,-1,-3.28,0.462,4.39,3.69,2.35,-2.81,1.92,0.89,0.66,0.58,1,-0.47,neutral,neutral,0,-0.376,32,2287,0,
s10097,LDOUSDT,1781964900000,testB,-1,-2.26,0.46,3.12,2.46,1.65,-1.78,1.33,0.74,0.64,0.6,1,-0.47,neutral,neutral,0,-0.687,32,2287,0,
s10098,ENAUSDT,1781965800000,train,-1,-2.44,0.377,3.81,2.86,1.77,-2.28,1.49,0.69,0.65,0.58,1,-0.15,neutral,neutral,0,-1.0,3,2289,0,
s10099,OPUSDT,1781965800000,train,-1,-2.43,0.49,4.28,2.99,2.08,-2.28,1.09,0.83,0.78,0.64,1,-0.15,neutral,neutral,0,-1.0,31,2289,0,
s10100,TIAUSDT,1781965800000,train,-1,-2.09,0.378,3.35,2.38,0.95,-1.94,1.15,0.79,0.76,0.72,1,-0.15,neutral,neutral,0,-0.409,32,2289,0,
s10101,ONDOUSDT,1781965800000,train,-1,-2.47,0.358,3.97,2.97,2.27,-2.31,1.46,0.89,0.66,0.58,1,-0.15,neutral,neutral,0,-0.416,32,2288,0,
s10102,MANAUSDT,1781965800000,testB,1,6.13,0.449,6.43,6.3,1.48,6.28,3.08,8.22,7.43,4.36,1,-0.15,neutral,alcista,0,0.417,32,2288,2,
s10103,MANAUSDT,1781966700000,testB,1,6.22,0.455,6.76,6.24,1.65,5.78,3.58,8.22,7.43,4.36,1,0.44,neutral,alcista,0,0.271,32,2289,3,
s10104,MANAUSDT,1781968500000,testB,1,5.13,0.358,6.55,6.03,2.13,4.33,4.32,9.2,8.16,4.92,1,0.79,neutral,neutral,0,0.128,32,2291,1,
s10105,MANAUSDT,1781970300000,testB,1,5.15,0.404,6.57,5.67,1.42,4.38,2.83,9.2,8.16,4.92,1,0.77,neutral,neutral,0,0.0,32,2293,0,
s10106,MANAUSDT,1781971200000,testB,1,5.28,0.411,6.56,5.79,1.19,4.89,2.58,9.72,7.99,5.23,1,0.39,neutral,neutral,0,-0.133,32,2294,1,
s10107,SEIUSDT,1781972100000,train,-1,-2.04,0.389,2.4,2.12,1.12,-2.45,0.87,0.78,0.83,0.62,0,0.41,neutral,bajista,0,-0.798,32,2296,2,
s10108,JUPUSDT,1781973900000,train,1,4.66,0.354,6.14,5.85,1.28,4.07,2.24,2.07,1.79,1.47,1,0.58,neutral,alcista,0,0.545,32,2298,2,
s10109,MANAUSDT,1781973900000,testB,1,6.64,0.405,7.24,6.99,0.68,6.05,3.27,9.72,7.99,5.23,1,0.58,neutral,alcista,0,0.109,32,2297,2,
s10110,SEIUSDT,1781974800000,train,-1,-2.1,0.418,2.65,2.58,0.65,-2.69,1.09,0.83,0.82,0.63,1,0.58,neutral,bajista,0,-1.0,30,2299,5,
s10111,ASTERUSDT,1781975700000,train,1,2.04,0.394,2.82,2.31,0.58,1.02,0.47,0.66,1.0,0.68,0,1.02,neutral,neutral,0,0.201,32,2300,0,
s10112,JUPUSDT,1781975700000,train,1,4.66,0.357,6.12,4.65,1.14,3.64,0.92,2.16,1.77,1.51,1,1.02,neutral,neutral,0,1.095,32,2300,0,
s10113,MANAUSDT,1781977500000,testB,1,7.02,0.388,9.71,7.69,1.7,6.32,2.55,10.74,8.95,6.1,1,0.7,neutral,neutral,0,0.049,32,2301,1,
s10114,MANAUSDT,1781978400000,testB,1,7.48,0.42,9.75,7.34,1.47,6.52,1.94,11.16,9.33,6.57,1,0.97,neutral,neutral,0,-0.086,32,2302,0,
s10115,AXSUSDT,1781978400000,testB,1,4.63,0.426,8.17,5.36,1.23,3.66,1.41,7.34,10.64,19.61,0,0.97,neutral,neutral,0,0.302,32,2302,1,
s10116,APEUSDT,1781978400000,testB,1,2.82,0.38,3.54,2.74,0.75,1.85,0.34,1.35,1.64,1.6,0,0.97,neutral,neutral,0,-0.5,32,2302,0,
s10117,MANAUSDT,1781979300000,testB,1,6.3,0.382,8.07,6.05,1.2,5.53,1.97,11.16,9.33,6.57,1,0.77,neutral,neutral,0,-0.146,32,2303,1,
s10118,AXSUSDT,1781979300000,testB,1,5.75,0.481,7.28,6.19,1.09,4.98,2.75,7.34,10.64,19.61,0,0.77,neutral,alcista,0,0.23,32,2303,2,
s10119,XPLUSDT,1781981100000,train,-1,-3.05,0.599,5.11,4.64,0.55,-2.81,1.52,0.45,0.37,0.34,1,-0.24,neutral,bajista,0,-0.169,32,2306,2,
s10120,ONDOUSDT,1781981100000,train,-1,-2.09,0.439,3.67,3.08,0.49,-1.85,0.54,1.06,0.77,0.57,1,-0.24,neutral,bajista,0,-0.087,32,2305,2,
s10121,FETUSDT,1781981100000,train,-1,-2.22,0.538,3.45,3.24,0.73,-1.98,0.85,1.12,0.81,0.62,1,-0.24,neutral,bajista,0,-0.05,32,2305,2,
s10122,MANAUSDT,1781981100000,testB,1,5.33,0.35,6.54,6.17,0.73,5.57,3.77,11.16,9.33,6.57,1,-0.24,neutral,alcista,0,-0.5,32,2305,3,
s10123,XPLUSDT,1781982000000,train,-1,-2.39,0.417,5.06,3.8,0.65,-2.21,0.67,0.38,0.37,0.33,1,-0.18,neutral,neutral,0,-0.129,32,2307,0,
s10124,ONDOUSDT,1781982000000,train,-1,-2.23,0.484,3.67,3.02,0.65,-2.05,0.49,0.9,0.75,0.57,1,-0.18,neutral,neutral,0,-0.196,32,2306,0,
s10125,XPLUSDT,1781982900000,train,-1,-3.12,0.555,4.31,3.38,0.82,-2.61,1.01,0.38,0.37,0.33,1,-0.52,neutral,neutral,0,-0.3,32,2308,1,
s10126,WLDUSDT,1781982900000,train,-1,-2.53,0.459,3.16,2.86,0.49,-2.01,0.91,0.5,0.57,0.53,0,-0.52,neutral,neutral,0,-0.523,32,2308,1,
s10127,ONDOUSDT,1781982900000,train,-1,-2.23,0.484,2.79,2.31,0.51,-1.72,0.64,0.9,0.75,0.57,1,-0.52,neutral,neutral,0,-1.0,13,2307,1,
s10128,FETUSDT,1781982900000,train,-1,-2.31,0.595,3.34,2.85,0.85,-1.8,0.56,0.99,0.82,0.62,1,-0.52,neutral,neutral,0,-0.094,32,2307,1,
s10129,XPLUSDT,1781983800000,train,-1,-2.6,0.508,3.85,2.94,1.08,-2.32,1.03,0.38,0.37,0.33,1,-0.28,neutral,neutral,0,-0.458,32,2309,0,
s10130,XPLUSDT,1781984700000,train,-1,-2.2,0.448,3.47,2.45,0.64,-1.84,0.86,0.38,0.37,0.33,1,-0.36,neutral,neutral,0,-0.457,32,2310,0,
s10131,FETUSDT,1781984700000,train,-1,-2.1,0.541,2.95,2.2,0.47,-1.74,0.44,0.99,0.82,0.62,1,-0.36,neutral,neutral,0,-0.146,32,2309,1,
s10132,JUPUSDT,1781987400000,train,-1,-2.28,0.495,3.12,2.78,0.43,-2.08,0.6,1.71,1.6,1.52,1,-0.2,neutral,neutral,0,-1.0,2,2313,0,
s10133,OPUSDT,1781991000000,train,1,2.09,0.636,2.44,2.24,1.01,1.82,1.03,0.38,0.66,0.6,0,0.27,neutral,neutral,0,0.348,32,2317,1,
s10134,SANDUSDT,1781991900000,testB,-1,-4.38,0.36,8.89,6.86,0.35,-4.65,0.61,7.14,11.72,11.94,0,0.27,neutral,neutral,0,-1.0,13,2317,1,
s10135,PUMPUSDT,1781992800000,train,1,2.93,0.465,3.56,3.42,2.04,2.44,2.46,0.84,0.91,0.72,0,0.49,neutral,neutral,0,1.187,32,2319,1,
s10136,OPUSDT,1781992800000,train,1,2.28,0.657,2.62,2.42,0.88,1.79,1.32,0.42,0.69,0.62,0,0.49,neutral,alcista,0,-0.08,32,2319,3,
s10137,JUPUSDT,1781992800000,train,1,3.7,0.478,4.85,4.47,2.96,3.21,2.77,1.62,1.87,1.77,0,0.49,neutral,alcista,0,0.404,32,2319,3,
s10138,PUMPUSDT,1781993700000,train,1,4.17,0.553,4.98,4.77,4.41,3.48,3.58,0.84,0.91,0.72,0,0.68,neutral,alcista,0,0.588,32,2320,2,
s10139,OPUSDT,1781993700000,train,1,3.17,0.727,3.55,3.27,1.35,2.49,2.12,0.42,0.69,0.62,0,0.68,neutral,alcista,0,-0.294,32,2320,4,
s10140,JUPUSDT,1781993700000,train,1,3.94,0.494,4.93,4.78,2.75,3.25,2.83,1.62,1.87,1.77,0,0.68,neutral,alcista,0,0.446,32,2320,4,
s10141,PUMPUSDT,1781994600000,train,1,5.94,0.692,6.16,6.02,5,5.21,4.4,0.84,0.91,0.72,0,0.73,neutral,alcista,0,0.195,32,2321,3,
s10142,ENAUSDT,1781994600000,train,1,2.52,0.476,3.11,3.07,2.54,1.79,1.97,0.42,0.62,0.57,0,0.73,neutral,alcista,0,0.265,32,2321,3,
s10143,ARBUSDT,1781994600000,train,1,2.13,0.6,2.45,2.35,3.31,1.4,1.52,0.54,0.72,0.59,0,0.73,neutral,alcista,0,-0.678,32,2321,3,
s10144,OPUSDT,1781994600000,train,1,3.67,0.755,3.82,3.73,2.02,2.94,2.35,0.42,0.69,0.62,0,0.73,neutral,alcista,0,-0.333,32,2321,5,
s10145,INJUSDT,1781994600000,train,1,2.29,0.509,2.67,2.63,1.88,1.56,1.44,0.38,0.75,0.6,0,0.73,neutral,alcista,0,-0.373,32,2321,5,
s10146,JUPUSDT,1781994600000,train,1,5.74,0.644,6.17,5.99,3.46,5.01,3.82,1.62,1.87,1.77,0,0.73,neutral,alcista,0,0.109,32,2321,5,
s10147,PENDLEUSDT,1781994600000,train,1,2.31,0.462,3.33,2.95,2.58,1.58,1.84,0.61,0.68,0.7,0,0.73,neutral,alcista,1,2.0,24,2321,3,
s10148,FETUSDT,1781994600000,train,1,2.21,0.631,2.58,2.48,1.15,1.48,1.31,0.59,0.81,0.63,0,0.73,neutral,alcista,0,-0.851,32,2320,3,
s10149,PUMPUSDT,1781995500000,train,1,4.93,0.511,6.31,4.84,5,4.19,2.76,0.84,0.91,0.72,0,0.74,neutral,neutral,0,0.652,32,2322,0,
s10150,ENAUSDT,1781995500000,train,1,2.8,0.557,3.42,2.94,3.17,2.06,1.64,0.42,0.62,0.57,0,0.74,neutral,neutral,0,0.148,32,2322,0,
s10151,ARBUSDT,1781995500000,train,1,2.07,0.573,2.47,2.19,3.49,1.34,1.22,0.54,0.72,0.59,0,0.74,neutral,neutral,0,-0.686,32,2322,0,
s10152,OPUSDT,1781995500000,train,1,3.77,0.76,4.3,3.82,2.7,3.03,2.18,0.42,0.69,0.62,0,0.74,neutral,alcista,0,-0.35,32,2322,6,
s10153,INJUSDT,1781995500000,train,1,2.18,0.47,2.72,2.35,1.87,1.44,1.06,0.38,0.75,0.6,0,0.74,neutral,neutral,0,-0.353,32,2322,0,
s10154,JUPUSDT,1781995500000,train,1,5.06,0.526,6.37,5.1,3.73,4.32,2.56,1.62,1.87,1.77,0,0.74,neutral,neutral,0,0.194,32,2322,0,
s10155,PENDLEUSDT,1781995500000,train,1,2.63,0.544,3.65,3.03,3.33,1.9,1.69,0.61,0.68,0.7,0,0.74,neutral,alcista,1,2.0,23,2322,4,
s10156,FETUSDT,1781995500000,train,1,2.16,0.606,2.48,2.22,1.66,1.42,1.01,0.59,0.81,0.63,0,0.74,neutral,neutral,0,-1.0,25,2321,0,
s10157,PUMPUSDT,1781996400000,train,1,4.62,0.496,6.17,4.7,5,4.06,2.46,0.86,0.98,0.75,0,0.56,neutral,neutral,0,0.522,32,2323,0,
s10158,ENAUSDT,1781996400000,train,1,2.48,0.528,3.41,3.02,2.77,1.92,1.52,0.41,0.64,0.58,0,0.56,neutral,neutral,0,0.14,32,2323,1,
s10159,ARBUSDT,1781996400000,train,1,2.01,0.566,2.47,2.27,2.95,1.45,1.13,0.53,0.73,0.59,0,0.56,neutral,neutral,0,-0.714,32,2323,1,
s10160,OPUSDT,1781996400000,train,1,2.77,0.5,4.33,3.08,2.89,2.21,1.25,0.41,0.71,0.62,0,0.56,neutral,neutral,0,-0.188,32,2323,0,
s10161,JUPUSDT,1781996400000,train,1,4.05,0.41,6.37,4.47,1.65,3.49,1.73,1.62,1.92,1.81,0,0.56,neutral,neutral,0,0.213,32,2323,0,
s10162,PENDLEUSDT,1781996400000,train,1,2.12,0.466,3.66,2.92,2.76,1.56,1.39,0.65,0.69,0.71,0,0.56,neutral,neutral,1,2.0,22,2323,0,
s10163,PUMPUSDT,1781997300000,train,1,4.99,0.515,6.15,5.03,3.55,4.36,2.59,0.86,0.98,0.75,0,0.63,neutral,neutral,0,0.292,32,2324,1,
s10164,ENAUSDT,1781997300000,train,1,2.75,0.619,3.86,2.98,2.76,2.12,1.41,0.41,0.64,0.58,0,0.63,neutral,neutral,0,0.0,32,2324,0,
s10165,ARBUSDT,1781997300000,train,1,2.2,0.641,2.64,2.18,2.72,1.56,1.08,0.53,0.73,0.59,0,0.63,neutral,alcista,0,-1.0,23,2324,2,
s10166,OPUSDT,1781997300000,train,1,3.27,0.579,4.22,3.26,2.26,2.64,1.39,0.41,0.71,0.62,0,0.63,neutral,neutral,0,-0.324,32,2324,1,
s10167,JUPUSDT,1781997300000,train,1,4.22,0.431,6.39,4.15,1.51,3.59,1.32,1.62,1.92,1.81,0,0.63,neutral,neutral,0,0.609,32,2324,0,
s10168,PENDLEUSDT,1781997300000,train,1,2.79,0.678,3.65,3.03,2.31,2.16,1.38,0.65,0.69,0.71,0,0.63,neutral,neutral,1,2.0,21,2324,1,
s10169,PUMPUSDT,1781998200000,train,1,4.46,0.466,6.16,4.83,1.94,3.84,2.18,0.86,0.98,0.75,0,0.62,neutral,neutral,0,0.652,32,2325,0,
s10170,ENAUSDT,1781998200000,train,1,2.55,0.601,3.86,3.13,2.15,1.93,1.47,0.41,0.64,0.58,0,0.62,neutral,neutral,0,0.27,32,2325,1,
s10171,OPUSDT,1781998200000,train,1,2.76,0.538,3.74,2.88,1.49,2.14,1.35,0.41,0.71,0.62,0,0.62,neutral,neutral,0,-0.3,32,2325,0,
s10172,JUPUSDT,1781998200000,train,1,3.96,0.417,6.33,4.19,0.89,3.34,1.32,1.62,1.92,1.81,0,0.62,neutral,neutral,0,0.625,32,2325,1,
s10173,PENDLEUSDT,1781998200000,train,1,3.16,0.705,3.87,3.54,1.45,2.54,1.76,0.65,0.69,0.71,0,0.62,neutral,alcista,0,0.922,32,2325,2,
s10174,PUMPUSDT,1781999100000,train,1,3.66,0.352,6.21,4.03,1.25,3.09,1.16,0.86,0.98,0.75,0,0.57,neutral,neutral,0,1.053,32,2326,0,
s10175,ENAUSDT,1781999100000,train,1,2.13,0.456,3.88,2.65,1.69,1.56,0.83,0.41,0.64,0.58,0,0.57,neutral,neutral,0,0.747,32,2326,0,
s10176,OPUSDT,1781999100000,train,1,2.17,0.379,3.76,2.22,1.22,1.6,0.58,0.41,0.71,0.62,0,0.57,neutral,neutral,0,-0.217,32,2326,0,
s10177,JUPUSDT,1781999100000,train,1,4.06,0.423,6.32,4.37,0.71,3.49,1.32,1.62,1.92,1.81,0,0.57,neutral,alcista,0,0.641,32,2326,2,
s10178,PENDLEUSDT,1781999100000,train,1,2.75,0.559,3.89,3.01,1.0,2.18,1.04,0.65,0.69,0.71,0,0.57,neutral,neutral,1,2.0,19,2326,0,
s10179,PUMPUSDT,1782000000000,train,1,3.95,0.37,6.2,4.3,0.93,3.48,1.31,0.97,1.01,0.77,0,0.47,neutral,neutral,0,1.279,32,2327,1,
s10180,ENAUSDT,1782000000000,train,1,2.18,0.462,3.87,2.72,1.55,1.71,0.85,0.44,0.63,0.57,0,0.47,neutral,neutral,0,0.296,32,2327,1,
s10181,JUPUSDT,1782000000000,train,1,4.26,0.448,6.32,4.42,0.73,3.79,1.3,1.72,1.98,1.84,0,0.47,neutral,neutral,0,0.484,32,2327,0,
s10182,PENDLEUSDT,1782000000000,train,1,2.8,0.564,3.89,3.13,1.03,2.33,1.12,0.67,0.69,0.7,0,0.47,neutral,neutral,1,2.0,18,2327,1,
s10183,PUMPUSDT,1782000900000,train,1,4.18,0.393,6.19,4.36,0.71,3.62,1.21,0.97,1.01,0.77,0,0.56,neutral,alcista,0,1.016,32,2328,2,
s10184,ENAUSDT,1782000900000,train,1,2.03,0.415,3.89,2.33,0.98,1.47,0.36,0.44,0.63,0.57,0,0.56,neutral,neutral,0,0.198,32,2328,0,
s10185,OPUSDT,1782000900000,train,1,2.27,0.39,3.76,2.31,1.03,1.71,0.51,0.43,0.64,0.61,0,0.56,neutral,neutral,0,-0.5,32,2328,1,
s10186,JUPUSDT,1782000900000,train,1,4.52,0.481,6.32,4.46,0.67,3.96,1.17,1.72,1.98,1.84,0,0.56,neutral,neutral,0,0.404,32,2328,1,
s10187,PENDLEUSDT,1782000900000,train,1,2.3,0.418,3.91,2.52,0.86,1.74,0.42,0.67,0.69,0.7,0,0.56,neutral,neutral,1,2.0,17,2328,0,
s10188,ARUSDT,1782000900000,testB,1,2.3,0.535,2.79,2.69,4.1,1.74,1.54,0.56,0.63,0.57,0,0.56,neutral,neutral,0,-0.473,32,2327,1,
s10189,STXUSDT,1782000900000,testB,1,2.11,0.655,2.29,2.23,2.05,1.55,0.87,0.37,0.7,0.56,0,0.56,neutral,neutral,0,-0.317,32,2327,1,
s10190,GRTUSDT,1782000900000,testB,1,2.46,0.727,2.65,2.65,1.71,1.9,1.41,0.63,0.81,0.71,0,0.56,neutral,neutral,0,-0.283,32,2327,1,
s10191,SANDUSDT,1782000900000,testB,1,4.45,0.4,5.46,5.38,2.06,3.89,2.43,5.0,9.92,13.4,0,0.56,neutral,neutral,0,-1.0,19,2327,1,
s10192,AXSUSDT,1782000900000,testB,1,7.19,0.35,7.93,7.03,2.23,6.63,4.24,8.15,8.61,25.75,0,0.56,neutral,neutral,0,-1.0,22,2327,1,
s10193,PUMPUSDT,1782001800000,train,1,4.4,0.411,5.97,4.29,0.75,3.75,1.23,0.97,1.01,0.77,0,0.65,neutral,alcista,0,1.131,32,2329,3,
s10194,ENAUSDT,1782001800000,train,1,2.09,0.423,3.65,2.13,0.91,1.43,0.37,0.44,0.63,0.57,0,0.65,neutral,neutral,0,0.632,32,2329,1,
s10195,SEIUSDT,1782001800000,train,1,2.05,0.505,2.15,2.06,1.21,1.39,0.99,0.55,0.69,0.65,0,0.65,neutral,alcista,0,0.327,32,2329,3,
s10196,JUPUSDT,1782001800000,train,1,5.16,0.515,6.18,5.04,0.67,4.5,1.7,1.72,1.98,1.84,0,0.65,neutral,alcista,0,0.449,32,2329,2,
s10197,PENDLEUSDT,1782001800000,train,1,2.32,0.421,3.55,2.33,0.61,1.67,0.56,0.67,0.69,0.7,0,0.65,neutral,neutral,1,2.0,16,2329,1,
s10198,ARUSDT,1782001800000,testB,1,2.41,0.571,2.7,2.31,3.33,1.76,1.08,0.56,0.63,0.57,0,0.65,neutral,neutral,0,-0.489,32,2328,0,
s10199,STXUSDT,1782001800000,testB,1,2.39,0.683,2.49,2.38,2.0,1.73,1.14,0.37,0.7,0.56,0,0.65,neutral,alcista,0,-0.409,32,2328,2,
s10200,GRTUSDT,1782001800000,testB,1,2.77,0.844,2.84,2.69,1.96,2.11,1.36,0.63,0.81,0.71,0,0.65,neutral,alcista,0,-0.148,32,2328,2,
s10201,SANDUSDT,1782001800000,testB,1,4.97,0.427,6.61,5.88,2.86,4.32,2.81,5.0,9.92,13.4,0,0.65,neutral,alcista,0,-1.0,18,2328,2,
s10202,PUMPUSDT,1782002700000,train,1,4.53,0.419,5.45,4.4,0.81,3.95,1.69,0.97,1.01,0.77,0,0.57,neutral,alcista,0,1.032,32,2330,4,
s10203,ENAUSDT,1782002700000,train,1,2.35,0.453,3.64,2.45,0.82,1.78,0.63,0.44,0.63,0.57,0,0.57,neutral,alcista,0,1.155,32,2330,2,
s10204,SEIUSDT,1782002700000,train,1,2.9,0.591,2.93,2.89,1.96,2.33,1.63,0.55,0.69,0.65,0,0.57,neutral,alcista,0,-0.075,32,2330,4,
s10205,JUPUSDT,1782002700000,train,1,4.66,0.492,5.11,4.55,0.66,4.09,2.07,1.72,1.98,1.84,0,0.57,neutral,alcista,0,0.392,32,2330,3,
s10206,PENDLEUSDT,1782002700000,train,1,3.14,0.502,3.52,3.07,0.61,2.57,1.19,0.67,0.69,0.7,0,0.57,neutral,alcista,0,0.791,32,2330,2,
s10207,STXUSDT,1782002700000,testB,1,2.11,0.576,2.39,2.06,1.72,1.54,0.82,0.37,0.7,0.56,0,0.57,neutral,neutral,0,-0.316,32,2329,0,
s10208,GRTUSDT,1782002700000,testB,1,2.56,0.781,2.75,2.5,1.9,1.99,1.11,0.63,0.81,0.71,0,0.57,neutral,neutral,0,-0.02,32,2329,0,
s10209,SANDUSDT,1782002700000,testB,1,7.24,0.578,7.0,6.81,3.13,6.67,4.07,5.0,9.92,13.4,0,0.57,neutral,alcista,0,-1.0,17,2329,3,
s10210,SEIUSDT,1782003600000,train,1,2.53,0.559,3.73,3.28,2.86,2.11,1.87,0.76,0.77,0.71,0,0.42,neutral,alcista,0,-0.363,32,2331,5,
s10211,JUPUSDT,1782003600000,train,1,3.57,0.43,4.61,4.19,0.6,3.15,2.46,1.94,2.06,1.88,0,0.42,neutral,alcista,0,0.489,32,2331,4,
s10212,SANDUSDT,1782003600000,testB,1,7.46,0.587,8.63,7.37,3.09,7.04,4.59,5.75,9.5,13.92,0,0.42,neutral,alcista,0,-1.0,16,2330,4,
s10213,SEIUSDT,1782004500000,train,1,2.18,0.447,3.75,2.75,3.14,1.69,1.19,0.76,0.77,0.71,0,0.49,neutral,neutral,0,-0.23,32,2332,0,
s10214,JUPUSDT,1782004500000,train,1,4.07,0.512,4.61,4.24,0.65,3.58,2.25,1.94,2.06,1.88,0,0.49,neutral,alcista,0,0.418,32,2332,5,
s10215,PENDLEUSDT,1782004500000,train,1,2.34,0.417,3.09,2.68,0.7,1.85,1.18,0.72,0.7,0.71,0,0.49,neutral,neutral,1,2.0,13,2332,1,
s10216,SEIUSDT,1782005400000,train,1,3.66,0.677,3.78,3.67,3.37,3.3,1.95,0.76,0.77,0.71,0,0.36,neutral,neutral,0,-0.327,32,2333,1,
s10217,JUPUSDT,1782005400000,train,1,4.79,0.553,5.03,4.94,0.81,4.43,2.71,1.94,2.06,1.88,0,0.36,neutral,alcista,0,0.477,32,2333,6,
s10218,PENDLEUSDT,1782005400000,train,1,2.9,0.47,3.49,3.26,0.75,2.55,1.61,0.72,0.7,0.71,0,0.36,neutral,alcista,0,0.809,32,2333,2,
s10219,PUMPUSDT,1782006300000,train,1,4.08,0.368,5.17,3.99,0.97,3.7,1.01,1.19,1.07,0.8,1,0.37,neutral,alcista,0,1.246,32,2334,2,
s10220,SEIUSDT,1782006300000,train,1,3.19,0.555,3.81,3.29,2.39,2.82,1.3,0.76,0.77,0.71,0,0.37,neutral,neutral,0,-0.393,32,2334,0,
s10221,JUPUSDT,1782006300000,train,1,4.1,0.464,5.05,4.54,0.86,3.73,1.84,1.94,2.06,1.88,0,0.37,neutral,neutral,0,0.633,32,2334,0,
s10222,PENDLEUSDT,1782006300000,train,1,3.1,0.504,3.63,3.32,0.74,2.72,1.37,0.72,0.7,0.71,0,0.37,neutral,alcista,0,0.882,32,2334,3,
s10223,JUPUSDT,1782007200000,train,1,3.85,0.453,4.76,4.49,0.89,3.65,2.91,2.24,2.01,1.85,1,0.2,neutral,neutral,0,0.622,32,2335,1,
s10224,PENDLEUSDT,1782007200000,train,1,2.68,0.47,3.14,2.91,1.03,2.48,1.45,0.81,0.7,0.73,0,0.2,neutral,alcista,0,1.087,32,2335,4,
s10225,WLDUSDT,1782008100000,train,-1,-2.32,0.357,3.43,2.79,1.75,-2.22,0.98,0.39,0.39,0.51,0,-0.1,neutral,neutral,0,-0.317,32,2336,0,
s10226,JUPUSDT,1782008100000,train,1,3.69,0.443,4.8,4.66,1.15,3.8,2.77,2.24,2.01,1.85,1,-0.1,neutral,alcista,0,0.569,32,2336,2,
s10227,PENDLEUSDT,1782008100000,train,1,2.58,0.46,2.75,2.67,0.85,2.68,1.44,0.81,0.7,0.73,0,-0.1,neutral,alcista,0,1.117,32,2336,5,
s10228,PENDLEUSDT,1782009000000,train,1,2.09,0.411,2.71,2.56,1.04,2.15,1.64,0.81,0.7,0.73,0,-0.06,neutral,alcista,0,0.832,32,2337,6,
s10229,FETUSDT,1782009000000,train,-1,-2.06,0.47,2.48,2.21,0.79,-2.0,0.63,0.5,0.62,0.64,0,-0.06,neutral,neutral,0,-0.732,32,2336,0,
s10230,SEIUSDT,1782009900000,train,1,2.55,0.394,3.2,2.68,1.32,2.59,1.47,0.93,0.77,0.75,1,-0.04,neutral,alcista,0,-0.547,32,2338,2,
s10231,JUPUSDT,1782009900000,train,1,3.49,0.529,5.34,4.79,1.43,3.53,2.16,2.24,2.01,1.85,1,-0.04,neutral,neutral,0,0.39,32,2338,1,
s10232,PENDLEUSDT,1782009900000,train,1,2.71,0.475,3.33,3.22,1.31,2.75,2.02,0.81,0.7,0.73,0,-0.04,neutral,alcista,0,0.411,32,2338,7,
s10233,SEIUSDT,1782010800000,train,1,3.06,0.438,3.34,3.29,1.28,2.98,1.87,1.12,0.82,0.8,1,0.08,neutral,alcista,0,-0.632,32,2339,3,
s10234,JUPUSDT,1782010800000,train,1,5.27,0.735,6.23,5.82,1.63,5.19,2.91,2.56,2.03,1.92,1,0.08,neutral,alcista,0,0.171,32,2339,2,
s10235,PENDLEUSDT,1782010800000,train,1,3.32,0.544,3.7,3.7,1.2,3.24,2.24,0.98,0.76,0.77,0,0.08,neutral,alcista,0,0.18,32,2339,8,
s10236,JUPUSDT,1782011700000,train,1,5.15,0.701,7.12,5.39,1.89,5.02,2.04,2.56,2.03,1.92,1,0.13,neutral,neutral,0,0.126,32,2340,0,
s10237,PUMPUSDT,1782012600000,train,1,3.57,0.378,4.67,4.53,2.09,3.4,2.94,1.59,1.05,0.9,1,0.17,neutral,neutral,0,0.134,32,2341,1,
s10238,JUPUSDT,1782012600000,train,1,5.19,0.703,7.11,5.52,1.79,5.02,2.09,2.56,2.03,1.92,1,0.17,neutral,neutral,0,0.082,32,2341,1,
s10239,PUMPUSDT,1782013500000,train,1,3.88,0.42,4.69,4.01,2.24,3.68,2.15,1.59,1.05,0.9,1,0.2,neutral,neutral,0,0.254,32,2342,0,
s10240,JUPUSDT,1782013500000,train,1,5.09,0.699,7.1,5.61,2.01,4.89,2.06,2.56,2.03,1.92,1,0.2,neutral,alcista,0,-0.016,32,2342,2,
s10241,PENDLEUSDT,1782013500000,train,1,3.21,0.449,4.43,3.68,2.37,3.01,1.65,0.98,0.76,0.77,0,0.2,neutral,alcista,0,-0.101,32,2342,2,
s10242,JUPUSDT,1782014400000,train,1,3.94,0.474,6.58,4.02,1.68,3.73,0.94,2.29,1.97,1.94,1,0.22,neutral,neutral,0,0.148,32,2343,0,
s10243,PENDLEUSDT,1782014400000,train,1,2.8,0.384,4.44,3.42,2.01,2.59,1.22,1.19,0.9,0.85,1,0.22,neutral,neutral,0,-0.105,32,2343,0,
s10244,JUPUSDT,1782015300000,train,1,4.51,0.508,6.5,4.54,1.41,4.1,1.38,2.29,1.97,1.94,1,0.41,neutral,neutral,0,-0.06,32,2344,1,
s10245,PENDLEUSDT,1782015300000,train,1,3.92,0.545,4.42,3.85,1.8,3.51,1.45,1.19,0.9,0.85,1,0.41,neutral,neutral,0,-0.206,32,2344,1,
s10246,JUPUSDT,1782016200000,train,1,4.2,0.492,5.93,4.39,1.3,3.9,1.6,2.29,1.97,1.94,1,0.3,neutral,alcista,0,-0.134,32,2345,2,
s10247,PENDLEUSDT,1782016200000,train,1,5.66,0.634,6.45,5.4,2.99,5.37,3.07,1.19,0.9,0.85,1,0.3,neutral,alcista,0,-0.438,32,2345,2,
s10248,AXSUSDT,1782016200000,testB,-1,-5.43,0.4,9.7,7.76,0.4,-5.72,0.25,8.1,7.9,13.24,0,0.3,neutral,neutral,0,0.728,32,2344,0,
s10249,JUPUSDT,1782017100000,train,1,3.09,0.367,5.32,3.27,0.95,3.11,0.98,2.29,1.97,1.94,1,-0.02,neutral,neutral,0,-1.0,8,2346,0,
s10250,PENDLEUSDT,1782017100000,train,1,4.24,0.485,6.02,4.36,2.66,4.25,2.2,1.19,0.9,0.85,1,-0.02,neutral,neutral,0,-0.379,32,2346,0,
s10251,MANAUSDT,1782017100000,testB,-1,-3.91,0.365,7.87,7.35,0.44,-3.89,1.84,4.89,6.57,8.72,0,-0.02,neutral,neutral,0,0.232,32,2345,1,
s10252,PENDLEUSDT,1782018000000,train,1,4.79,0.54,5.92,4.57,2.61,4.82,2.36,1.23,0.93,0.86,1,-0.03,neutral,neutral,0,-0.414,32,2347,1,
s10253,MANAUSDT,1782018000000,testB,-1,-6.53,0.768,7.64,7.51,0.56,-6.5,2.24,5.01,5.47,8.35,0,-0.03,neutral,bajista,0,0.14,32,2346,2,
s10254,PENDLEUSDT,1782018900000,train,1,4.73,0.538,5.73,4.76,2.54,4.65,2.45,1.23,0.93,0.86,1,0.08,neutral,alcista,0,-0.42,32,2348,2,
s10255,SANDUSDT,1782018900000,testB,-1,-5.63,0.578,7.97,7.46,0.71,-5.71,2.83,5.42,5.59,11.14,0,0.08,neutral,neutral,0,0.149,32,2347,0,
s10256,MANAUSDT,1782018900000,testB,-1,-4.16,0.623,6.18,5.78,0.67,-4.24,1.84,5.01,5.47,8.35,0,0.08,neutral,neutral,0,0.295,32,2347,0,
s10257,SANDUSDT,1782019800000,testB,-1,-5.48,0.571,6.78,6.37,0.86,-5.55,2.85,5.42,5.59,11.14,0,0.07,neutral,neutral,0,0.232,32,2348,1,
s10258,MANAUSDT,1782019800000,testB,-1,-4.53,0.643,5.67,5.54,0.94,-4.6,2.13,5.01,5.47,8.35,0,0.07,neutral,neutral,0,0.286,32,2348,1,
s10259,STBLUSDT,1782020700000,train,-1,-2.89,0.822,3.26,2.98,0.27,-2.9,0.75,0.52,0.33,0.44,0,0.01,neutral,bajista,0,0.108,32,2350,2,
s10260,SANDUSDT,1782020700000,testB,-1,-5.74,0.58,7.16,7.03,1.27,-5.75,3.62,5.42,5.59,11.14,0,0.01,neutral,bajista,0,0.054,32,2349,2,
s10261,MANAUSDT,1782020700000,testB,-1,-5.28,0.724,5.57,5.57,0.81,-5.28,2.72,5.01,5.47,8.35,0,0.01,neutral,bajista,0,0.119,32,2349,2,
s10262,AXSUSDT,1782020700000,testB,-1,-6.58,0.4,7.4,7.05,1.32,-6.59,4.21,8.01,7.4,12.03,0,0.01,neutral,bajista,0,0.225,32,2349,2,
s10263,STBLUSDT,1782021600000,train,-1,-2.16,0.733,2.77,2.41,0.29,-2.09,0.6,0.43,0.32,0.43,0,-0.08,neutral,neutral,0,0.217,32,2351,0,
s10264,SANDUSDT,1782021600000,testB,-1,-5.41,0.564,8.25,7.25,1.18,-5.33,3.38,4.27,4.9,10.59,0,-0.08,neutral,bajista,0,-0.007,32,2350,3,
s10265,MANAUSDT,1782021600000,testB,-1,-3.95,0.66,4.91,4.64,0.66,-3.87,2.16,4.02,4.67,8.14,0,-0.08,neutral,bajista,0,0.143,32,2350,3,
s10266,AXSUSDT,1782021600000,testB,-1,-5.53,0.355,7.8,7.62,1.18,-5.45,4.05,5.06,6.96,11.0,0,-0.08,neutral,bajista,0,0.174,32,2350,3,
s10267,STBLUSDT,1782022500000,train,-1,-2.12,0.711,2.69,2.21,0.35,-2.19,0.49,0.43,0.32,0.43,0,0.07,neutral,neutral,0,0.382,32,2352,0,
s10268,SANDUSDT,1782022500000,testB,-1,-5.47,0.577,8.22,6.94,1.11,-5.54,2.77,4.27,4.9,10.59,0,0.07,neutral,neutral,0,0.105,32,2351,0,
s10269,MANAUSDT,1782022500000,testB,-1,-3.94,0.66,4.9,4.5,0.79,-4.01,1.84,4.02,4.67,8.14,0,0.07,neutral,neutral,0,0.206,32,2351,0,
s10270,AXSUSDT,1782022500000,testB,-1,-6.11,0.416,7.64,6.59,1.26,-6.18,2.81,5.06,6.96,11.0,0,0.07,neutral,neutral,0,0.387,32,2351,0,
s10271,SANDUSDT,1782023400000,testB,-1,-6.1,0.698,8.22,6.85,1.19,-6.21,2.33,4.27,4.9,10.59,0,0.1,neutral,neutral,0,0.051,32,2352,0,
s10272,MANAUSDT,1782023400000,testB,-1,-3.68,0.592,4.88,4.09,0.75,-3.79,1.35,4.02,4.67,8.14,0,0.1,neutral,neutral,0,0.258,32,2352,0,
s10273,AXSUSDT,1782023400000,testB,-1,-5.08,0.365,6.5,5.36,1.32,-5.19,2.44,5.06,6.96,11.0,0,0.1,neutral,neutral,0,0.459,32,2352,0,
s10274,SANDUSDT,1782024300000,testB,-1,-5.53,0.675,7.35,6.03,0.89,-5.61,2.04,4.27,4.9,10.59,0,0.08,neutral,neutral,0,0.063,32,2353,1,
s10275,MANAUSDT,1782024300000,testB,-1,-3.69,0.592,4.76,4.23,0.62,-3.77,1.27,4.02,4.67,8.14,0,0.08,neutral,neutral,0,0.031,32,2353,1,
s10276,JUPUSDT,1782025200000,train,-1,-4.11,0.419,6.12,5.6,0.63,-4.02,2.02,2.76,2.37,2.06,1,-0.08,neutral,bajista,0,-1.0,12,2355,3,
s10277,SANDUSDT,1782025200000,testB,-1,-4.99,0.65,6.13,5.27,0.44,-4.91,2.32,2.75,4.43,10.23,0,-0.08,neutral,bajista,0,-0.096,32,2354,2,
s10278,MANAUSDT,1782025200000,testB,-1,-3.21,0.556,3.71,3.45,0.52,-3.13,1.4,2.72,4.04,7.95,0,-0.08,neutral,bajista,0,-0.038,32,2354,2,
s10279,SANDUSDT,1782026100000,testB,-1,-3.74,0.53,5.24,4.07,0.43,-3.46,1.93,2.75,4.43,10.23,0,-0.27,neutral,neutral,0,0.03,32,2355,0,
s10280,APEUSDT,1782026100000,testB,1,2.05,0.368,4.1,3.74,2.23,2.33,2.21,0.99,0.72,1.09,0,-0.27,neutral,alcista,0,-0.308,32,2355,6,
s10281,SANDUSDT,1782027900000,testB,-1,-2.81,0.414,4.66,2.94,0.54,-2.45,0.93,2.75,4.43,10.23,0,-0.36,neutral,neutral,0,0.4,32,2357,1,
s10282,MANAUSDT,1782027900000,testB,-1,-2.2,0.459,2.91,2.25,0.51,-1.84,0.74,2.72,4.04,7.95,0,-0.36,neutral,neutral,0,0.059,32,2357,1,
s10283,SANDUSDT,1782028800000,testB,-1,-2.4,0.368,4.64,2.85,0.53,-1.97,0.64,2.32,4.08,10.0,0,-0.43,neutral,neutral,0,0.57,32,2358,0,
s10284,SANDUSDT,1782029700000,testB,-1,-2.28,0.352,4.64,2.82,0.52,-1.54,0.43,2.32,4.08,10.0,0,-0.74,neutral,neutral,0,0.706,32,2359,0,
s10285,MANAUSDT,1782029700000,testB,-1,-2.08,0.471,2.78,2.25,0.53,-1.33,0.58,2.18,3.64,7.74,0,-0.74,neutral,neutral,0,0.294,32,2359,0,
s10286,APEUSDT,1782029700000,testB,1,2.43,0.363,4.1,3.6,1.19,3.17,1.57,1.11,0.78,1.05,0,-0.74,neutral,neutral,0,-0.26,32,2359,1,
s10287,PENDLEUSDT,1782030600000,train,-1,-2.27,0.382,3.49,2.79,1.28,-1.5,0.73,1.34,1.07,0.85,1,-0.77,neutral,bajista,0,-0.225,32,2361,2,
s10288,SANDUSDT,1782030600000,testB,-1,-2.41,0.381,4.63,2.73,0.49,-1.64,0.38,2.32,4.08,10.0,0,-0.77,neutral,neutral,0,0.589,32,2360,0,
s10289,AXSUSDT,1782030600000,testB,-1,-4.05,0.414,5.28,4.31,0.59,-3.28,1.22,2.79,6.42,9.43,0,-0.77,neutral,neutral,0,0.796,32,2360,0,
s10290,XPLUSDT,1782031500000,train,1,5.02,0.535,6.6,6.01,5,5.43,4.38,0.41,0.3,0.31,0,-0.41,neutral,alcista,0,-1.0,23,2362,2,
s10291,APEUSDT,1782031500000,testB,1,2.74,0.398,4.12,3.32,0.8,3.16,1.1,1.11,0.78,1.05,0,-0.41,neutral,neutral,0,-0.239,32,2361,1,
s10292,XPLUSDT,1782032400000,train,1,5.02,0.535,6.6,5.96,4.84,5.43,3.88,0.7,0.43,0.36,1,-0.4,neutral,neutral,0,-1.0,22,2363,0,
s10293,0GUSDT,1782032400000,train,1,2.15,0.373,2.95,2.14,5,2.55,1.0,1.03,0.69,0.58,1,-0.4,neutral,neutral,0,-0.19,32,2363,0,
s10294,PENDLEUSDT,1782032400000,train,-1,-2.13,0.41,3.18,2.64,0.71,-1.73,0.75,1.15,1.06,0.85,1,-0.4,neutral,bajista,0,-0.343,32,2363,4,
s10295,APEUSDT,1782032400000,testB,1,2.67,0.383,3.76,2.75,0.69,3.08,0.82,1.61,1.03,1.15,0,-0.4,neutral,neutral,0,-0.132,32,2362,0,
s10296,XPLUSDT,1782033300000,train,1,4.47,0.469,7.95,5.65,5,4.86,3.16,0.7,0.43,0.36,1,-0.39,neutral,neutral,0,-1.0,21,2364,0,
s10297,PENDLEUSDT,1782033300000,train,-1,-2.17,0.423,3.17,2.3,0.69,-1.78,0.63,1.15,1.06,0.85,1,-0.39,neutral,neutral,0,0.048,32,2364,0,
s10298,AXSUSDT,1782033300000,testB,-1,-2.57,0.385,3.61,2.73,0.45,-2.18,1.0,2.51,6.18,8.88,0,-0.39,neutral,neutral,0,1.516,32,2363,1,
s10299,XPLUSDT,1782034200000,train,1,4.73,0.507,7.95,5.64,5,4.97,2.89,0.7,0.43,0.36,1,-0.24,neutral,neutral,0,-1.0,20,2365,0,
s10300,TIAUSDT,1782034200000,train,1,2.08,0.507,2.57,2.39,0.73,2.32,1.17,0.59,0.45,0.53,0,-0.24,neutral,alcista,0,-0.371,32,2365,2,
s10301,APEUSDT,1782034200000,testB,1,2.81,0.365,3.74,3.38,0.84,3.05,1.36,1.61,1.03,1.15,0,-0.24,neutral,neutral,0,-0.532,32,2364,1,
s10302,XPLUSDT,1782035100000,train,1,4.56,0.479,7.99,5.2,3.05,4.62,2.19,0.7,0.43,0.36,1,-0.06,neutral,neutral,0,-1.0,19,2366,0,
s10303,PUMPUSDT,1782035100000,train,1,3.52,0.352,4.33,3.53,0.57,3.57,1.5,1.55,1.55,1.14,0,-0.06,neutral,neutral,0,0.208,32,2366,0,
s10304,0GUSDT,1782035100000,train,1,2.87,0.427,2.97,2.79,0.81,2.92,1.48,1.03,0.69,0.58,1,-0.06,neutral,alcista,0,-0.539,32,2366,2,
s10305,ENAUSDT,1782035100000,train,1,4.97,0.397,5.46,5.1,2.07,5.03,3.09,0.9,0.69,0.63,1,-0.06,neutral,alcista,0,-1.0,11,2366,3,
s10306,TIAUSDT,1782035100000,train,1,2.68,0.57,2.77,2.69,0.86,2.74,1.78,0.59,0.45,0.53,0,-0.06,neutral,alcista,0,-0.634,32,2366,3,
s10307,LDOUSDT,1782035100000,testB,1,2.33,0.711,2.56,2.42,1.91,2.39,1.65,0.5,0.42,0.49,0,-0.06,neutral,alcista,0,-0.397,32,2365,3,
s10308,APEUSDT,1782035100000,testB,1,4.31,0.527,6.05,4.2,2.7,4.37,2.11,1.61,1.03,1.15,0,-0.06,neutral,alcista,0,-0.61,32,2365,2,
s10309,XPLUSDT,1782036000000,train,1,5.09,0.523,7.96,5.53,2.05,4.99,2.27,0.78,0.46,0.37,1,0.1,neutral,neutral,0,-1.0,18,2367,1,
s10310,ENAUSDT,1782036000000,train,1,4.64,0.381,5.76,5.23,2.01,4.54,2.87,1.07,0.75,0.67,1,0.1,neutral,alcista,0,-1.0,10,2367,4,
s10311,TIAUSDT,1782036000000,train,1,3.53,0.642,3.91,3.46,1.36,3.43,2.29,0.66,0.48,0.53,0,0.1,neutral,alcista,0,-0.802,32,2367,4,
s10312,JUPUSDT,1782036000000,train,1,4.86,0.486,5.97,5.88,1.15,4.76,3.05,2.24,2.31,2.14,0,0.1,neutral,alcista,0,-0.5,32,2367,3,
s10313,GRTUSDT,1782036000000,testB,1,2.91,0.537,3.8,3.41,2.58,2.81,2.15,1.23,1.04,0.9,1,0.1,neutral,alcista,0,-1.0,32,2366,7,
s10314,LDOUSDT,1782036000000,testB,1,2.84,0.75,3.08,2.97,1.92,2.74,1.99,0.67,0.52,0.54,0,0.1,neutral,alcista,0,-0.655,32,2366,4,
s10315,APEUSDT,1782036000000,testB,1,3.92,0.505,5.84,3.99,2.78,3.82,1.83,1.61,1.08,1.13,0,0.1,neutral,neutral,0,-0.679,32,2366,0,
s10316,XPLUSDT,1782036900000,train,1,5.16,0.531,7.74,5.11,1.09,5.12,1.91,0.78,0.46,0.37,1,0.04,neutral,neutral,0,-1.0,16,2368,0,
s10317,0GUSDT,1782036900000,train,1,2.25,0.395,2.89,2.57,0.73,2.21,1.21,1.08,0.7,0.59,1,0.04,neutral,neutral,0,-0.571,32,2368,1,
s10318,ENAUSDT,1782036900000,train,1,4.59,0.375,5.78,5.05,1.96,4.55,2.41,1.07,0.75,0.67,1,0.04,neutral,neutral,0,-1.0,9,2368,0,
s10319,TIAUSDT,1782036900000,train,1,3.0,0.545,3.92,3.2,1.62,2.96,1.83,0.66,0.48,0.53,0,0.04,neutral,neutral,0,-0.686,32,2368,0,
s10320,JUPUSDT,1782036900000,train,1,4.22,0.453,6.23,5.92,1.34,4.18,2.87,2.24,2.31,2.14,0,0.04,neutral,neutral,0,-0.526,32,2368,0,
s10321,GRTUSDT,1782036900000,testB,1,2.56,0.443,3.82,3.08,2.81,2.52,1.64,1.23,1.04,0.9,1,0.04,neutral,neutral,0,-1.0,31,2367,0,
s10322,LDOUSDT,1782036900000,testB,1,3.19,0.772,3.9,3.48,2.97,3.16,2.28,0.67,0.52,0.54,0,0.04,neutral,alcista,0,-0.667,32,2367,5,
s10323,APEUSDT,1782036900000,testB,1,3.55,0.444,5.86,3.71,2.77,3.51,1.39,1.61,1.08,1.13,0,0.04,neutral,neutral,0,-0.596,32,2367,0,
s10324,XPLUSDT,1782037800000,train,1,5.24,0.536,7.65,5.6,0.81,5.19,2.28,0.78,0.46,0.37,1,0.05,neutral,neutral,0,-1.0,15,2369,1,
s10325,0GUSDT,1782037800000,train,1,2.29,0.404,2.89,2.57,0.45,2.23,1.13,1.08,0.7,0.59,1,0.05,neutral,alcista,0,-0.4,32,2369,2,
s10326,TIAUSDT,1782037800000,train,1,2.89,0.515,3.92,3.1,1.36,2.84,1.55,0.66,0.48,0.53,0,0.05,neutral,neutral,0,-0.615,32,2369,0,
s10327,JUPUSDT,1782037800000,train,1,4.65,0.495,6.22,6.13,1.14,4.59,2.66,2.24,2.31,2.14,0,0.05,neutral,neutral,0,-0.5,32,2369,1,
s10328,LDOUSDT,1782037800000,testB,1,3.45,0.785,4.0,3.79,4.26,3.39,2.38,0.67,0.52,0.54,0,0.05,neutral,alcista,0,-0.583,32,2368,6,
s10329,APEUSDT,1782037800000,testB,1,3.25,0.415,5.65,3.43,2.41,3.19,1.26,1.61,1.08,1.13,0,0.05,neutral,neutral,0,-0.542,32,2368,0,
s10330,XPLUSDT,1782038700000,train,1,4.46,0.421,7.72,4.79,0.59,4.35,1.29,0.78,0.46,0.37,1,0.11,neutral,neutral,0,-1.0,14,2370,0,
s10331,0GUSDT,1782038700000,train,1,2.33,0.413,2.9,2.42,0.36,2.22,0.78,1.08,0.7,0.59,1,0.11,neutral,neutral,0,-0.409,32,2370,0,
s10332,TIAUSDT,1782038700000,train,1,2.76,0.479,3.93,2.95,1.26,2.65,1.26,0.66,0.48,0.53,0,0.11,neutral,neutral,0,-0.505,32,2370,0,
s10333,JUPUSDT,1782038700000,train,1,4.39,0.452,6.27,5.33,1.1,4.29,1.82,2.24,2.31,2.14,0,0.11,neutral,neutral,0,-0.479,32,2370,0,
s10334,LDOUSDT,1782038700000,testB,1,2.36,0.436,4.04,2.8,3.83,2.25,1.2,0.67,0.52,0.54,0,0.11,neutral,neutral,0,-0.43,32,2369,0,
s10335,APEUSDT,1782038700000,testB,1,2.87,0.371,5.3,2.93,0.45,2.76,0.96,1.61,1.08,1.13,0,0.11,neutral,neutral,0,-0.61,32,2369,0,
s10336,XPLUSDT,1782039600000,train,1,4.16,0.405,7.72,4.8,0.46,3.91,1.21,0.91,0.53,0.39,1,0.25,neutral,neutral,0,-1.0,13,2371,1,
s10337,PUMPUSDT,1782039600000,train,1,3.15,0.371,4.64,3.92,0.63,2.89,1.07,1.63,1.45,1.22,1,0.25,neutral,neutral,0,0.288,32,2371,1,
s10338,0GUSDT,1782039600000,train,1,2.48,0.429,2.82,2.56,0.34,2.22,0.93,1.08,0.72,0.58,1,0.25,neutral,neutral,0,-0.571,32,2371,1,
s10339,TIAUSDT,1782039600000,train,1,2.55,0.461,3.73,3.04,0.67,2.3,1.37,0.63,0.51,0.53,0,0.25,neutral,neutral,0,-0.6,32,2371,1,
s10340,JUPUSDT,1782039600000,train,1,5.32,0.568,5.76,5.05,0.98,5.06,1.76,1.89,2.32,2.18,0,0.25,neutral,neutral,0,-0.522,32,2371,1,
s10341,LDOUSDT,1782039600000,testB,1,2.79,0.497,4.03,3.11,3.47,2.54,1.35,0.79,0.59,0.56,1,0.25,neutral,neutral,0,-0.5,32,2370,1,
s10342,SANDUSDT,1782039600000,testB,1,2.03,0.439,2.46,2.09,0.56,1.77,0.63,1.4,3.51,7.66,0,0.25,neutral,neutral,0,-1.0,13,2370,1,
s10343,APEUSDT,1782039600000,testB,1,2.64,0.353,4.86,2.64,0.31,2.39,0.99,1.63,1.13,1.09,1,0.25,neutral,neutral,0,-1.0,28,2370,1,
s10344,JUPUSDT,1782040500000,train,1,3.25,0.368,5.49,4.01,1.08,2.93,0.92,1.89,2.32,2.18,0,0.32,neutral,neutral,0,-0.517,32,2372,0,
s10345,LDOUSDT,1782040500000,testB,1,2.72,0.478,4.03,3.04,2.67,2.4,1.15,0.79,0.59,0.56,1,0.32,neutral,neutral,0,-0.5,32,2371,0,
s10346,AXSUSDT,1782041400000,testB,-1,-2.36,0.391,3.4,3.13,1.05,-2.42,1.74,1.86,5.14,7.51,0,0.06,neutral,bajista,0,0.943,32,2372,2,
s10347,LDOUSDT,1782042300000,testB,1,2.17,0.39,4.04,2.7,1.02,2.21,0.66,0.79,0.59,0.56,1,-0.03,neutral,neutral,0,-0.566,32,2373,1,
s10348,AXSUSDT,1782043200000,testB,-1,-3.15,0.429,4.61,4.34,2.33,-3.08,2.5,1.75,3.6,6.8,0,-0.07,neutral,neutral,0,0.479,32,2374,1,
s10349,XPLUSDT,1782045900000,train,-1,-4.58,0.676,7.43,6.8,0.55,-4.85,1.84,0.98,0.56,0.4,1,0.27,neutral,neutral,0,0.623,32,2378,1,
s10350,TIAUSDT,1782045900000,train,1,2.08,0.372,2.94,2.22,1.09,1.81,0.89,0.7,0.55,0.53,1,0.27,neutral,neutral,0,-1.0,15,2378,1,
s10351,XPLUSDT,1782046800000,train,-1,-4.74,0.684,7.44,7.04,0.4,-4.97,1.82,1.01,0.58,0.4,1,0.23,neutral,bajista,0,0.629,32,2379,2,
s10352,XPLUSDT,1782047700000,train,-1,-4.7,0.681,6.32,6.02,0.4,-4.88,2.07,1.01,0.58,0.4,1,0.18,neutral,bajista,0,0.693,32,2380,3,
s10353,XPLUSDT,1782048600000,train,-1,-4.39,0.611,6.52,5.69,0.45,-4.24,2.01,1.01,0.58,0.4,1,-0.15,neutral,neutral,0,0.781,32,2381,0,
s10354,XPLUSDT,1782049500000,train,-1,-3.94,0.582,6.48,5.64,0.44,-3.84,1.81,1.01,0.58,0.4,1,-0.1,neutral,neutral,0,0.788,32,2382,0,
s10355,ENAUSDT,1782049500000,train,-1,-2.8,0.475,5.96,3.57,0.58,-2.7,0.43,1.37,0.93,0.73,1,-0.1,neutral,bajista,0,0.822,32,2382,2,
s10356,PENDLEUSDT,1782049500000,train,-1,-2.01,0.469,3.53,3.16,1.13,-1.9,0.81,0.77,1.04,0.86,0,-0.1,neutral,neutral,0,0.301,32,2382,0,
s10357,XPLUSDT,1782050400000,train,-1,-4.63,0.686,6.5,6.03,0.38,-4.32,1.92,0.91,0.64,0.41,1,-0.32,neutral,neutral,0,0.619,32,2383,1,
s10358,ENAUSDT,1782050400000,train,-1,-2.64,0.436,5.84,3.16,0.64,-2.32,0.14,1.21,0.94,0.69,1,-0.32,neutral,neutral,0,0.913,32,2383,0,
s10359,PENDLEUSDT,1782050400000,train,-1,-2.57,0.646,3.11,2.9,1.15,-2.26,0.92,0.64,1.0,0.84,0,-0.32,neutral,neutral,0,0.388,32,2383,1,
s10360,GRTUSDT,1782050400000,testB,-1,-2.63,0.659,2.85,2.75,0.41,-2.32,0.64,1.04,0.93,0.87,1,-0.32,neutral,bajista,0,0.455,32,2382,5,
s10361,XPLUSDT,1782051300000,train,-1,-5.07,0.705,6.46,6.32,0.42,-4.65,2.32,0.91,0.64,0.41,1,-0.42,neutral,bajista,0,0.506,32,2384,2,
s10362,ENAUSDT,1782051300000,train,-1,-2.65,0.437,5.28,2.8,0.64,-2.23,0.55,1.21,0.94,0.69,1,-0.42,neutral,neutral,0,1.012,32,2384,1,
s10363,PENDLEUSDT,1782051300000,train,-1,-2.76,0.662,2.93,2.84,1.22,-2.34,1.12,0.64,1.0,0.84,0,-0.42,neutral,bajista,0,-1.0,10,2384,2,
s10364,GRTUSDT,1782051300000,testB,-1,-2.69,0.663,2.87,2.82,0.65,-2.27,1.06,1.04,0.93,0.87,1,-0.42,neutral,bajista,0,0.375,32,2383,6,
s10365,SANDUSDT,1782051300000,testB,-1,-2.46,0.5,2.77,2.7,0.88,-2.04,1.11,1.04,1.72,5.46,0,-0.42,neutral,bajista,0,0.63,32,2383,2,
s10366,AXSUSDT,1782051300000,testB,-1,-2.97,0.362,3.97,3.43,0.76,-2.56,1.37,1.46,2.19,5.91,0,-0.42,neutral,bajista,0,1.237,32,2383,2,
s10367,XPLUSDT,1782052200000,train,-1,-6.74,0.871,7.98,7.54,0.81,-6.29,3.12,0.91,0.64,0.41,1,-0.45,neutral,bajista,0,0.28,32,2385,3,
s10368,PENDLEUSDT,1782052200000,train,-1,-2.13,0.552,2.82,2.57,0.93,-1.68,0.92,0.64,1.0,0.84,0,-0.45,neutral,neutral,0,-1.0,9,2385,0,
s10369,XPLUSDT,1782053100000,train,-1,-6.73,0.87,8.33,7.84,1.34,-6.39,3.62,0.91,0.64,0.41,1,-0.34,neutral,bajista,0,0.143,32,2386,4,
s10370,WLDUSDT,1782053100000,train,1,2.4,0.471,4.69,4.14,1.12,2.74,1.54,0.74,0.62,0.5,1,-0.34,neutral,neutral,0,-0.235,32,2386,1,
s10371,XPLUSDT,1782054000000,train,-1,-6.75,0.873,7.79,7.31,1.49,-6.42,3.27,0.69,0.69,0.4,1,-0.33,neutral,bajista,0,0.241,32,2387,5,
s10372,WLDUSDT,1782054000000,train,1,2.96,0.524,5.07,4.73,1.37,3.29,1.99,1.17,0.82,0.58,1,-0.33,neutral,alcista,0,-0.532,32,2387,2,
s10373,XPLUSDT,1782054900000,train,-1,-4.51,0.615,7.47,6.03,1.4,-4.31,2.19,0.69,0.69,0.4,1,-0.2,neutral,neutral,0,0.388,32,2388,0,
s10374,WLDUSDT,1782054900000,train,1,6.51,0.731,8.49,7.77,2.12,6.71,4.83,1.17,0.82,0.58,1,-0.2,neutral,alcista,0,-0.668,32,2388,3,
s10375,XPLUSDT,1782055800000,train,-1,-4.82,0.634,7.18,6.04,1.0,-4.83,2.14,0.69,0.69,0.4,1,0.01,neutral,neutral,0,0.392,32,2389,1,
s10376,XPLUSDT,1782056700000,train,-1,-4.06,0.554,5.91,4.53,0.79,-4.13,1.73,0.69,0.69,0.4,1,0.08,neutral,neutral,0,0.635,32,2390,0,
s10377,PUMPUSDT,1782056700000,train,1,2.69,0.392,3.87,3.74,0.68,2.61,1.14,1.47,1.52,1.27,0,0.08,neutral,alcista,0,-1.0,30,2390,5,
s10378,XPLUSDT,1782057600000,train,-1,-3.55,0.517,4.39,4.01,0.84,-3.65,2.26,0.69,0.73,0.41,0,0.1,neutral,neutral,0,0.346,32,2391,1,
s10379,PUMPUSDT,1782057600000,train,1,2.63,0.379,3.87,3.55,0.7,2.52,1.04,1.45,1.52,1.29,0,0.1,neutral,neutral,0,-1.0,29,2391,0,
s10380,WLDUSDT,1782057600000,train,1,7.04,0.699,9.71,7.32,3.15,6.94,3.02,1.33,0.89,0.62,1,0.1,neutral,neutral,0,-0.47,32,2391,0,
s10381,XPLUSDT,1782058500000,train,-1,-3.83,0.536,4.62,4.48,1.01,-4.1,2.45,0.69,0.73,0.41,0,0.27,neutral,bajista,0,0.02,32,2392,2,
s10382,PUMPUSDT,1782058500000,train,1,2.51,0.352,3.7,2.71,0.73,2.23,0.32,1.45,1.52,1.29,0,0.27,neutral,neutral,0,-1.0,25,2392,0,
s10383,XPLUSDT,1782059400000,train,-1,-3.87,0.547,4.7,4.33,1.09,-3.97,2.04,0.69,0.73,0.41,0,0.1,neutral,neutral,0,-0.026,32,2393,0,
s10384,WLDUSDT,1782059400000,train,1,5.64,0.545,8.45,5.54,0.98,5.54,2.13,1.33,0.89,0.62,1,0.1,neutral,neutral,0,-0.148,32,2393,1,
s10385,XPLUSDT,1782060300000,train,-1,-3.37,0.472,4.36,3.7,1.1,-3.31,1.38,0.69,0.73,0.41,0,-0.06,neutral,neutral,0,-0.009,32,2394,0,
s10386,WLDUSDT,1782060300000,train,1,6.11,0.567,7.67,5.89,0.82,6.17,3.0,1.33,0.89,0.62,1,-0.06,neutral,alcista,0,-1.0,25,2394,2,
s10387,AXSUSDT,1782060300000,testB,-1,-2.32,0.481,3.1,2.73,1.38,-2.25,1.0,1.39,1.86,5.31,0,-0.06,neutral,bajista,0,1.767,32,2393,6,
s10388,XPLUSDT,1782061200000,train,-1,-2.73,0.371,4.15,3.06,0.95,-2.87,0.84,0.57,0.74,0.42,0,0.14,neutral,neutral,0,0.147,32,2395,0,
s10389,WLDUSDT,1782061200000,train,1,6.22,0.571,7.51,5.94,0.81,6.08,2.87,1.32,0.93,0.64,1,0.14,neutral,alcista,0,-1.0,24,2395,3,
s10390,AXSUSDT,1782061200000,testB,-1,-2.32,0.481,3.01,2.64,1.31,-2.46,1.04,1.17,1.55,4.82,0,0.14,neutral,neutral,1,2.0,32,2394,0,
s10391,XPLUSDT,1782062100000,train,-1,-2.81,0.377,4.14,3.41,0.81,-2.72,1.12,0.57,0.74,0.42,0,-0.09,neutral,neutral,0,-0.284,32,2396,1,
s10392,WLDUSDT,1782062100000,train,1,4.76,0.399,7.57,4.78,0.79,4.85,1.41,1.32,0.93,0.64,1,-0.09,neutral,neutral,0,-1.0,23,2396,0,
s10393,TIAUSDT,1782062100000,train,-1,-2.04,0.395,2.79,2.38,1.92,-1.95,0.98,0.6,0.62,0.46,0,-0.09,neutral,bajista,0,-0.659,32,2396,2,
s10394,AXSUSDT,1782062100000,testB,-1,-3.2,0.6,3.4,3.4,0.94,-3.11,1.61,1.17,1.55,4.82,0,-0.09,neutral,neutral,0,1.054,32,2395,1,
s10395,XPLUSDT,1782063000000,train,-1,-3.23,0.446,4.14,3.54,0.76,-3.36,1.09,0.57,0.74,0.42,0,0.13,neutral,bajista,0,-0.318,32,2397,2,
s10396,OPUSDT,1782063000000,train,-1,-2.22,0.59,2.56,2.47,0.7,-2.34,1.01,0.38,0.38,0.35,1,0.13,neutral,bajista,0,-0.28,32,2397,3,
s10397,TIAUSDT,1782063000000,train,-1,-2.04,0.395,2.79,2.24,1.02,-2.17,0.86,0.6,0.62,0.46,0,0.13,neutral,neutral,0,-0.59,32,2397,0,
s10398,AXSUSDT,1782063000000,testB,-1,-2.06,0.451,2.84,2.57,0.87,-2.19,1.35,1.17,1.55,4.82,0,0.13,neutral,neutral,1,2.0,30,2396,0,
s10399,XPLUSDT,1782063900000,train,-1,-3.4,0.46,4.15,3.71,0.39,-3.39,1.1,0.57,0.74,0.42,0,-0.01,neutral,bajista,0,-0.381,32,2398,3,
s10400,AXSUSDT,1782063900000,testB,-1,-2.78,0.585,3.13,3.04,0.84,-2.76,1.64,1.17,1.55,4.82,0,-0.01,neutral,neutral,0,1.333,32,2397,1,
s10401,XPLUSDT,1782064800000,train,-1,-3.15,0.44,3.57,3.24,0.35,-3.04,1.06,0.48,0.73,0.42,0,-0.1,neutral,bajista,0,-0.283,32,2399,4,
s10402,JUPUSDT,1782064800000,train,-1,-3.2,0.371,4.59,3.85,1.8,-3.09,2.13,2.45,2.17,2.3,0,-0.1,neutral,neutral,0,0.167,32,2399,1,
s10403,AXSUSDT,1782064800000,testB,-1,-2.43,0.551,3.41,2.95,0.9,-2.32,1.51,0.92,1.36,4.43,0,-0.1,neutral,neutral,0,1.344,32,2398,0,
s10404,XPLUSDT,1782065700000,train,-1,-2.46,0.373,3.22,2.84,0.31,-2.46,0.95,0.48,0.73,0.42,0,0.01,neutral,neutral,0,-0.436,32,2400,0,
s10405,JUPUSDT,1782065700000,train,-1,-3.24,0.374,4.18,3.58,2.06,-3.25,1.99,2.45,2.17,2.3,0,0.01,neutral,bajista,0,0.013,32,2400,2,
s10406,AXSUSDT,1782065700000,testB,-1,-2.25,0.532,3.41,3.14,0.8,-2.26,1.4,0.92,1.36,4.43,0,0.01,neutral,neutral,0,1.353,32,2399,1,
s10407,AXSUSDT,1782067500000,testB,-1,-2.24,0.532,3.4,2.66,0.64,-2.34,0.76,0.92,1.36,4.43,0,0.09,neutral,neutral,0,1.759,32,2401,0,
s10408,AXSUSDT,1782069300000,testB,-1,-2.6,0.674,3.22,2.76,0.47,-2.55,0.85,0.81,1.21,4.16,0,-0.05,neutral,neutral,0,1.733,32,2403,1,
s10409,AXSUSDT,1782070200000,testB,-1,-2.16,0.632,2.76,2.3,0.39,-2.03,0.8,0.81,1.21,4.16,0,-0.13,neutral,neutral,1,2.0,22,2404,0,
s10410,ENAUSDT,1782071100000,train,-1,-2.55,0.413,3.06,2.71,0.38,-2.51,0.74,0.61,1.0,0.7,0,-0.04,neutral,bajista,0,-1.0,22,2406,2,
s10411,AXSUSDT,1782071100000,testB,-1,-2.16,0.632,2.76,2.4,0.44,-2.12,0.77,0.81,1.21,4.16,0,-0.04,neutral,neutral,1,2.0,21,2405,1,
s10412,ENAUSDT,1782072000000,train,-1,-2.51,0.407,2.58,2.56,0.96,-2.54,1.04,0.7,0.96,0.74,0,0.03,neutral,bajista,0,-1.0,21,2407,3,
s10413,AXSUSDT,1782072000000,testB,-1,-2.17,0.632,2.4,2.22,0.43,-2.2,0.92,0.83,1.16,4.01,0,0.03,neutral,bajista,1,2.0,20,2406,2,
s10414,JUPUSDT,1782073800000,train,-1,-2.77,0.403,4.18,3.58,0.33,-2.56,0.82,1.79,2.02,2.33,0,-0.21,neutral,neutral,0,1.231,32,2409,0,
s10415,JUPUSDT,1782074700000,train,-1,-2.94,0.44,4.36,3.54,0.4,-2.48,0.74,1.79,2.02,2.33,0,-0.46,neutral,neutral,0,1.13,32,2410,0,
s10416,AXSUSDT,1782074700000,testB,-1,-2.28,0.641,2.8,2.52,1.66,-1.81,1.46,0.83,1.16,4.01,0,-0.46,neutral,bajista,0,1.519,32,2409,5,
s10417,PUMPUSDT,1782075600000,train,-1,-2.49,0.413,4.37,3.43,1.31,-1.59,1.59,1.09,1.3,1.42,0,-0.9,neutral,bajista,0,-1.0,17,2411,5,
s10418,STBLUSDT,1782075600000,train,-1,-2.06,0.548,2.59,2.14,1.94,-1.16,1.29,0.38,0.4,0.39,0,-0.9,neutral,bajista,0,-1.0,17,2411,7,
s10419,0GUSDT,1782075600000,train,-1,-2.78,0.581,3.66,3.13,5,-1.88,2.15,0.75,0.66,0.68,0,-0.9,neutral,bajista,0,-0.366,32,2411,5,
s10420,WLDUSDT,1782075600000,train,-1,-4.16,0.447,6.06,5.12,1.71,-3.26,2.69,0.79,0.98,0.72,0,-0.9,neutral,bajista,0,-1.0,19,2411,6,
s10421,ENAUSDT,1782075600000,train,-1,-2.06,0.378,5.02,2.17,2.6,-1.16,1.04,0.82,0.93,0.8,0,-0.9,neutral,neutral,0,-1.0,17,2411,0,
s10422,ARBUSDT,1782075600000,train,-1,-2.52,0.654,3.29,2.6,2.94,-1.62,1.61,0.69,0.69,0.63,0,-0.9,neutral,bajista,0,-1.0,17,2411,8,
s10423,JUPUSDT,1782075600000,train,-1,-3.35,0.472,5.22,4.25,0.59,-2.45,1.31,1.85,2.02,2.35,0,-0.9,neutral,neutral,0,0.641,32,2411,1,
s10424,PENDLEUSDT,1782075600000,train,-1,-2.96,0.641,3.65,3.06,3.06,-2.06,1.89,0.75,0.74,0.9,0,-0.9,neutral,bajista,0,-1.0,19,2411,6,
s10425,FETUSDT,1782075600000,train,-1,-2.51,0.416,4.98,3.83,2.34,-1.61,2.1,1.13,0.96,0.78,1,-0.9,neutral,bajista,0,-0.071,32,2410,5,
s10426,ARUSDT,1782075600000,testB,-1,-2.14,0.506,2.95,2.19,2.21,-1.24,1.39,0.59,0.5,0.51,0,-0.9,neutral,bajista,0,-1.0,17,2410,2,
s10427,LDOUSDT,1782075600000,testB,-1,-3.61,0.748,4.79,3.79,5,-2.71,2.67,0.65,0.7,0.55,0,-0.9,neutral,bajista,0,-0.088,32,2410,8,
s10428,SANDUSDT,1782075600000,testB,-1,-2.09,0.435,3.35,2.33,2.3,-1.19,1.27,0.97,1.03,2.58,0,-0.9,neutral,bajista,0,0.672,32,2410,5,
s10429,MANAUSDT,1782075600000,testB,-1,-2.38,0.45,2.98,2.57,2.02,-1.48,1.58,0.73,0.9,2.3,0,-0.9,neutral,bajista,0,0.632,32,2410,5,
s10430,AXSUSDT,1782075600000,testB,-1,-2.83,0.689,3.38,2.91,2.52,-1.92,1.73,0.89,1.14,3.87,0,-0.9,neutral,bajista,0,1.0,32,2410,6,
s10431,APEUSDT,1782075600000,testB,-1,-2.11,0.592,2.89,2.23,1.89,-1.2,1.36,0.65,0.74,0.89,0,-0.9,neutral,bajista,0,-1.0,14,2410,6,
s10432,PUMPUSDT,1782076500000,train,-1,-2.55,0.429,4.09,2.95,1.63,-1.91,1.23,1.09,1.3,1.42,0,-0.64,neutral,neutral,0,-1.0,16,2412,0,
s10433,0GUSDT,1782076500000,train,-1,-2.56,0.552,3.66,3.09,5,-1.93,1.88,0.75,0.66,0.68,0,-0.64,neutral,neutral,0,-0.259,32,2412,0,
s10434,WLDUSDT,1782076500000,train,-1,-3.01,0.367,6.06,5.12,2.04,-2.38,2.48,0.79,0.98,0.72,0,-0.64,neutral,bajista,0,-1.0,18,2412,7,
s10435,ENAUSDT,1782076500000,train,-1,-2.87,0.457,4.88,3.1,2.55,-2.24,1.83,0.82,0.93,0.8,0,-0.64,neutral,neutral,0,-1.0,16,2412,1,
s10436,ARBUSDT,1782076500000,train,-1,-2.1,0.611,3.11,2.46,3.6,-1.46,1.49,0.69,0.69,0.63,0,-0.64,neutral,bajista,0,-1.0,16,2412,8,
s10437,JUPUSDT,1782076500000,train,-1,-3.79,0.541,5.14,4.35,0.67,-3.15,1.41,1.85,2.02,2.35,0,-0.64,neutral,bajista,0,0.543,32,2412,2,
s10438,LDOUSDT,1782076500000,testB,-1,-3.12,0.635,4.66,3.37,5,-2.48,2.16,0.65,0.7,0.55,0,-0.64,neutral,neutral,0,0.055,32,2411,0,
s10439,APEUSDT,1782076500000,testB,-1,-2.41,0.623,3.21,2.76,3.1,-1.77,1.8,0.65,0.74,0.89,0,-0.64,neutral,bajista,0,-1.0,13,2411,7,
s10440,0GUSDT,1782077400000,train,-1,-2.12,0.435,3.65,2.73,5,-1.75,1.38,0.75,0.66,0.68,0,-0.37,neutral,neutral,0,-0.139,32,2413,0,
s10441,LDOUSDT,1782077400000,testB,-1,-2.51,0.486,4.64,2.91,5,-2.14,1.56,0.65,0.7,0.55,0,-0.37,neutral,neutral,0,0.127,32,2412,0,
s10442,0GUSDT,1782078300000,train,-1,-2.01,0.422,3.65,2.73,4.83,-1.48,1.29,0.75,0.66,0.68,0,-0.52,neutral,neutral,0,-0.069,32,2414,1,
s10443,ENAUSDT,1782078300000,train,-1,-2.57,0.451,4.75,3.0,2.08,-2.05,1.6,0.82,0.93,0.8,0,-0.52,neutral,neutral,0,-1.0,14,2414,1,
s10444,JUPUSDT,1782078300000,train,-1,-2.85,0.405,4.73,3.08,1.01,-2.33,0.47,1.85,2.02,2.35,0,-0.52,neutral,neutral,0,1.015,32,2414,1,
s10445,LDOUSDT,1782078300000,testB,-1,-2.37,0.446,4.63,2.72,4.89,-1.85,1.29,0.65,0.7,0.55,0,-0.52,neutral,neutral,0,0.162,32,2413,0,
s10446,0GUSDT,1782079200000,train,-1,-2.13,0.435,3.66,3.13,0.99,-1.55,1.49,0.76,0.67,0.68,0,-0.58,neutral,bajista,0,-0.146,32,2415,2,
s10447,LDOUSDT,1782079200000,testB,-1,-2.24,0.431,4.65,3.02,1.22,-1.66,1.4,0.64,0.6,0.55,1,-0.58,neutral,neutral,0,0.159,32,2414,1,
s10448,AXSUSDT,1782079200000,testB,-1,-2.12,0.451,2.82,2.63,1.13,-1.54,1.4,0.81,1.12,3.48,0,-0.58,neutral,bajista,0,0.857,32,2414,2,
s10449,STBLUSDT,1782080100000,train,-1,-2.02,0.595,3.06,2.48,1.38,-1.53,1.15,0.33,0.39,0.39,0,-0.49,neutral,neutral,0,-1.0,12,2416,1,
s10450,0GUSDT,1782080100000,train,-1,-2.31,0.492,3.65,2.97,0.75,-1.82,1.19,0.76,0.67,0.68,0,-0.49,neutral,neutral,0,-0.128,32,2416,0,
s10451,WLDUSDT,1782080100000,train,-1,-2.86,0.389,6.08,5.34,0.68,-2.37,1.77,0.66,1.0,0.72,0,-0.49,neutral,neutral,0,-1.0,14,2416,1,
s10452,FETUSDT,1782080100000,train,-1,-2.41,0.405,5.0,4.18,0.64,-1.92,1.59,1.37,1.11,0.87,1,-0.49,neutral,bajista,0,-0.079,32,2415,3,
s10453,LDOUSDT,1782080100000,testB,-1,-2.41,0.475,4.65,3.06,1.07,-1.92,1.28,0.64,0.6,0.55,1,-0.49,neutral,bajista,0,0.108,32,2415,2,
s10454,AXSUSDT,1782080100000,testB,-1,-2.03,0.44,2.82,2.73,1.0,-1.54,1.38,0.81,1.12,3.48,0,-0.49,neutral,bajista,0,0.966,32,2415,3,
s10455,PUMPUSDT,1782081000000,train,-1,-3.59,0.663,4.07,3.73,1.74,-2.81,1.76,1.19,1.33,1.4,0,-0.79,neutral,bajista,0,-1.0,11,2417,2,
s10456,STBLUSDT,1782081000000,train,-1,-2.26,0.7,3.06,2.52,1.28,-1.48,1.04,0.33,0.39,0.39,0,-0.79,neutral,neutral,0,-1.0,11,2417,0,
s10457,0GUSDT,1782081000000,train,-1,-2.92,0.664,3.66,3.17,0.61,-2.14,1.24,0.76,0.67,0.68,0,-0.79,neutral,neutral,0,-0.181,32,2417,1,
s10458,WLDUSDT,1782081000000,train,-1,-4.01,0.546,6.46,6.0,0.76,-3.23,2.15,0.66,1.0,0.72,0,-0.79,neutral,bajista,0,-1.0,13,2417,2,
s10459,ENAUSDT,1782081000000,train,-1,-2.93,0.581,4.76,3.22,0.44,-2.15,1.36,0.77,0.85,0.8,0,-0.79,neutral,bajista,0,-1.0,11,2417,2,
s10460,ARBUSDT,1782081000000,train,-1,-2.04,0.645,3.08,2.31,0.71,-1.25,0.85,0.67,0.67,0.61,1,-0.79,neutral,bajista,0,-1.0,11,2417,2,
s10461,FETUSDT,1782081000000,train,-1,-4.06,0.613,6.51,5.45,1.56,-3.27,2.5,1.37,1.11,0.87,1,-0.79,neutral,bajista,0,-0.245,32,2416,4,
s10462,LDOUSDT,1782081000000,testB,-1,-2.98,0.624,4.66,3.22,0.74,-2.19,1.29,0.64,0.6,0.55,1,-0.79,neutral,bajista,0,0.057,32,2416,3,
s10463,AXSUSDT,1782081000000,testB,-1,-2.3,0.532,3.1,2.54,1.0,-1.51,1.02,0.81,1.12,3.48,0,-0.79,neutral,neutral,0,1.185,32,2416,0,
s10464,APEUSDT,1782081000000,testB,-1,-2.4,0.733,3.21,2.69,1.29,-1.62,1.06,0.56,0.71,0.9,0,-0.79,neutral,bajista,0,-1.0,8,2416,2,
s10465,PUMPUSDT,1782081900000,train,-1,-2.89,0.55,3.78,3.18,2.14,-2.26,1.37,1.19,1.33,1.4,0,-0.63,neutral,neutral,0,-1.0,10,2418,0,
s10466,STBLUSDT,1782081900000,train,-1,-2.26,0.7,3.06,2.52,0.45,-1.63,0.94,0.33,0.39,0.39,0,-0.63,neutral,neutral,0,-1.0,10,2418,0,
s10467,0GUSDT,1782081900000,train,-1,-2.3,0.477,3.64,2.62,0.69,-1.67,0.61,0.76,0.67,0.68,0,-0.63,neutral,neutral,0,-0.029,32,2418,0,
s10468,WLDUSDT,1782081900000,train,-1,-4.35,0.611,6.46,6.07,0.79,-3.72,1.98,0.66,1.0,0.72,0,-0.63,neutral,bajista,0,-1.0,12,2418,3,
s10469,ENAUSDT,1782081900000,train,-1,-2.67,0.557,4.76,3.3,0.48,-2.03,1.2,0.77,0.85,0.8,0,-0.63,neutral,bajista,0,-1.0,10,2418,3,
s10470,FETUSDT,1782081900000,train,-1,-4.38,0.631,6.81,5.86,2.0,-3.75,2.63,1.37,1.11,0.87,1,-0.63,neutral,bajista,0,-0.295,32,2417,5,
s10471,LDOUSDT,1782081900000,testB,-1,-2.83,0.577,4.65,3.06,0.66,-2.2,0.98,0.64,0.6,0.55,1,-0.63,neutral,neutral,0,0.12,32,2417,0,
s10472,AXSUSDT,1782081900000,testB,-1,-2.2,0.5,3.1,2.44,1.0,-1.57,0.84,0.81,1.12,3.48,0,-0.63,neutral,neutral,0,1.231,32,2417,0,
s10473,PUMPUSDT,1782082800000,train,-1,-3.22,0.576,3.59,3.32,2.27,-2.43,1.57,1.06,1.3,1.38,0,-0.79,neutral,neutral,0,-1.0,9,2419,1,
s10474,STBLUSDT,1782082800000,train,-1,-2.43,0.714,3.07,2.78,0.49,-1.64,1.1,0.32,0.33,0.4,0,-0.79,neutral,neutral,0,-1.0,9,2419,1,
s10475,0GUSDT,1782082800000,train,-1,-2.6,0.507,3.17,2.71,0.51,-1.81,1.11,0.95,0.76,0.73,1,-0.79,neutral,neutral,0,-0.465,32,2419,1,
s10476,WLDUSDT,1782082800000,train,-1,-4.93,0.64,7.3,7.09,0.9,-4.14,2.71,0.61,0.97,0.73,0,-0.79,neutral,bajista,0,-1.0,11,2419,4,
s10477,ENAUSDT,1782082800000,train,-1,-3.41,0.623,4.8,4.05,0.62,-2.62,1.76,0.8,0.84,0.81,0,-0.79,neutral,bajista,0,-1.0,9,2419,4,
s10478,ARBUSDT,1782082800000,train,-1,-2.25,0.616,2.88,2.33,0.74,-1.47,0.92,0.74,0.66,0.63,1,-0.79,neutral,neutral,0,-1.0,9,2419,1,
s10479,INJUSDT,1782082800000,train,-1,-2.44,0.563,4.74,3.04,0.7,-1.66,1.17,0.84,0.7,0.6,1,-0.79,neutral,neutral,0,-1.0,9,2419,1,
s10480,SUIUSDT,1782082800000,train,-1,-2.64,0.631,3.65,2.77,0.65,-1.85,1.25,1.07,0.88,0.69,1,-0.79,neutral,neutral,0,-1.0,9,2419,1,
s10481,TIAUSDT,1782082800000,train,-1,-2.4,0.533,3.32,2.87,0.93,-1.61,1.27,0.49,0.55,0.53,0,-0.79,neutral,neutral,0,-1.0,9,2419,1,
s10482,PENDLEUSDT,1782082800000,train,-1,-2.48,0.511,3.32,2.86,0.66,-1.69,1.08,0.92,0.86,0.94,0,-0.79,neutral,neutral,0,-1.0,11,2419,1,
s10483,ONDOUSDT,1782082800000,train,-1,-2.76,0.734,3.12,3.12,1.17,-1.98,1.42,0.56,0.51,0.5,1,-0.79,neutral,neutral,0,-1.0,9,2418,1,
s10484,FETUSDT,1782082800000,train,-1,-4.91,0.667,6.85,6.4,1.98,-4.12,2.87,1.46,1.13,0.9,1,-0.79,neutral,bajista,0,-0.447,32,2418,6,
s10485,ARUSDT,1782082800000,testB,-1,-2.05,0.562,2.7,2.24,0.73,-1.26,0.94,0.65,0.53,0.52,1,-0.79,neutral,neutral,0,-1.0,9,2418,1,
s10486,STXUSDT,1782082800000,testB,-1,-2.51,0.719,2.63,2.58,0.22,-1.72,1.21,1.8,1.08,0.79,1,-0.79,neutral,neutral,0,-0.043,32,2418,1,
s10487,LDOUSDT,1782082800000,testB,-1,-3.26,0.611,4.63,3.52,0.65,-2.48,1.34,0.74,0.58,0.58,0,-0.79,neutral,neutral,0,-0.253,32,2418,1,
s10488,SANDUSDT,1782082800000,testB,-1,-2.41,0.543,3.36,2.81,0.59,-1.62,1.07,0.84,0.98,2.34,0,-0.79,neutral,neutral,0,0.006,32,2418,1,
s10489,AXSUSDT,1782082800000,testB,-1,-2.85,0.564,3.12,2.93,0.93,-2.06,1.32,0.87,1.04,3.25,0,-0.79,neutral,neutral,0,0.677,32,2418,1,
s10490,PUMPUSDT,1782083700000,train,-1,-2.96,0.556,3.73,3.26,2.4,-2.04,1.61,1.06,1.3,1.38,0,-0.92,neutral,bajista,0,-1.0,8,2420,2,
s10491,STBLUSDT,1782083700000,train,-1,-2.06,0.548,3.05,2.35,0.5,-1.14,0.65,0.32,0.33,0.4,0,-0.92,neutral,neutral,0,-1.0,8,2420,0,
s10492,0GUSDT,1782083700000,train,-1,-2.42,0.468,3.16,2.59,0.52,-1.5,0.96,0.95,0.76,0.73,1,-0.92,neutral,neutral,0,-0.485,32,2420,0,
s10493,WLDUSDT,1782083700000,train,-1,-5.31,0.736,7.27,6.59,0.98,-4.39,2.12,0.61,0.97,0.73,0,-0.92,neutral,neutral,0,-1.0,10,2420,0,
s10494,ENAUSDT,1782083700000,train,-1,-3.21,0.569,4.78,3.67,0.62,-2.29,1.37,0.8,0.84,0.81,0,-0.92,neutral,neutral,0,-1.0,8,2420,0,
s10495,ARBUSDT,1782083700000,train,-1,-2.04,0.543,2.86,2.16,0.8,-1.12,0.73,0.74,0.66,0.63,1,-0.92,neutral,neutral,0,-1.0,8,2420,0,
s10496,INJUSDT,1782083700000,train,-1,-2.64,0.639,4.74,2.96,0.79,-1.72,1.05,0.84,0.7,0.6,1,-0.92,neutral,neutral,0,-1.0,8,2420,0,
s10497,SUIUSDT,1782083700000,train,-1,-2.25,0.5,3.62,2.38,0.6,-1.33,0.84,1.07,0.88,0.69,1,-0.92,neutral,neutral,0,-1.0,8,2420,0,
s10498,TIAUSDT,1782083700000,train,-1,-2.04,0.422,3.29,2.14,0.92,-1.12,0.54,0.49,0.55,0.53,0,-0.92,neutral,neutral,0,-1.0,8,2420,0,
s10499,PENDLEUSDT,1782083700000,train,-1,-2.54,0.533,3.32,2.82,0.49,-1.62,0.99,0.92,0.86,0.94,0,-0.92,neutral,neutral,0,-1.0,10,2420,0,
s10500,ONDOUSDT,1782083700000,train,-1,-2.53,0.632,3.1,2.74,1.16,-1.61,1.03,0.56,0.51,0.5,1,-0.92,neutral,neutral,0,-1.0,8,2419,0,
s10501,FETUSDT,1782083700000,train,-1,-5.25,0.756,6.38,5.65,2.01,-4.33,2.42,1.46,1.13,0.9,1,-0.92,neutral,neutral,0,-0.495,32,2419,0,
s10502,STXUSDT,1782083700000,testB,-1,-2.3,0.656,2.74,2.4,0.28,-1.37,1.02,1.8,1.08,0.79,1,-0.92,neutral,neutral,0,-0.093,32,2419,0,
s10503,LDOUSDT,1782083700000,testB,-1,-3.37,0.618,4.64,3.68,0.6,-2.45,1.4,0.74,0.58,0.58,0,-0.92,neutral,bajista,0,-0.333,32,2419,2,
s10504,SANDUSDT,1782083700000,testB,-1,-2.43,0.545,3.37,2.99,0.64,-1.51,1.17,0.84,0.98,2.34,0,-0.92,neutral,bajista,0,-0.078,32,2419,2,
s10505,AXSUSDT,1782083700000,testB,-1,-2.58,0.538,3.12,2.93,0.98,-1.66,1.26,0.87,1.04,3.25,0,-0.92,neutral,neutral,0,0.742,32,2419,0,
s10506,PUMPUSDT,1782084600000,train,-1,-3.3,0.581,4.3,3.89,0.93,-1.91,1.94,1.06,1.3,1.38,0,-1.39,neutral,bajista,0,-1.0,7,2421,3,
s10507,STBLUSDT,1782084600000,train,-1,-2.39,0.584,2.82,2.53,0.47,-1.0,0.96,0.32,0.33,0.4,0,-1.39,neutral,neutral,0,-1.0,7,2421,1,
s10508,0GUSDT,1782084600000,train,-1,-2.98,0.519,4.07,3.42,1.43,-1.59,1.57,0.95,0.76,0.73,1,-1.39,neutral,neutral,0,-0.539,32,2421,1,
s10509,WLDUSDT,1782084600000,train,-1,-5.96,0.842,7.34,6.91,0.84,-4.57,2.23,0.61,0.97,0.73,0,-1.39,neutral,neutral,0,-1.0,9,2421,1,
s10510,ENAUSDT,1782084600000,train,-1,-3.89,0.615,4.81,4.46,0.75,-2.5,1.86,0.8,0.84,0.81,0,-1.39,neutral,neutral,0,-1.0,7,2421,1,
s10511,ARBUSDT,1782084600000,train,-1,-2.25,0.566,2.74,2.4,0.95,-0.86,0.99,0.74,0.66,0.63,1,-1.39,neutral,neutral,0,-1.0,7,2421,1,
s10512,OPUSDT,1782084600000,train,-1,-2.35,0.545,3.11,2.51,0.78,-0.96,1.12,0.47,0.41,0.37,1,-1.39,neutral,neutral,0,-1.0,7,2421,1,
s10513,INJUSDT,1782084600000,train,-1,-2.96,0.697,4.65,3.09,0.71,-1.57,1.17,0.84,0.7,0.6,1,-1.39,neutral,neutral,0,-1.0,7,2421,1,
s10514,SUIUSDT,1782084600000,train,-1,-2.75,0.557,3.64,2.89,0.62,-1.36,1.2,1.07,0.88,0.69,1,-1.39,neutral,neutral,0,-1.0,7,2421,1,
s10515,PENDLEUSDT,1782084600000,train,-1,-4.12,0.649,5.13,4.38,2.05,-2.74,2.34,0.92,0.86,0.94,0,-1.39,neutral,neutral,0,-1.0,7,2421,1,
s10516,ONDOUSDT,1782084600000,train,-1,-2.76,0.653,3.36,2.96,1.5,-1.38,1.25,0.56,0.51,0.5,1,-1.39,neutral,neutral,0,-1.0,7,2420,1,
s10517,FETUSDT,1782084600000,train,-1,-5.26,0.756,6.4,5.84,0.99,-3.88,2.43,1.46,1.13,0.9,1,-1.39,neutral,neutral,0,-0.462,32,2420,1,
s10518,ARUSDT,1782084600000,testB,-1,-2.4,0.585,2.56,2.51,0.82,-1.01,1.22,0.65,0.53,0.52,1,-1.39,neutral,neutral,0,-1.0,5,2420,1,
s10519,STXUSDT,1782084600000,testB,-1,-2.9,0.707,3.32,2.98,0.41,-1.51,1.47,1.8,1.08,0.79,1,-1.39,neutral,neutral,0,-0.302,32,2420,1,
s10520,GRTUSDT,1782084600000,testB,-1,-2.36,0.58,2.98,2.67,0.9,-0.97,1.17,0.92,0.76,0.9,0,-1.39,neutral,bajista,0,-1.0,19,2420,3,
s10521,LDOUSDT,1782084600000,testB,-1,-3.95,0.655,4.48,4.15,0.7,-2.56,1.84,0.74,0.58,0.58,0,-1.39,neutral,bajista,0,-0.405,32,2420,3,
s10522,SANDUSDT,1782084600000,testB,-1,-3.23,0.631,3.94,3.77,0.94,-1.85,1.72,0.84,0.98,2.34,0,-1.39,neutral,bajista,0,-0.258,32,2420,3,
s10523,AXSUSDT,1782084600000,testB,-1,-2.95,0.571,3.51,3.32,1.08,-1.56,1.48,0.87,1.04,3.25,0,-1.39,neutral,neutral,0,0.543,32,2420,1,
s10524,PUMPUSDT,1782085500000,train,-1,-3.62,0.663,4.23,3.89,0.76,-2.24,1.82,1.06,1.3,1.38,0,-1.38,neutral,neutral,0,-1.0,6,2422,0,
s10525,STBLUSDT,1782085500000,train,-1,-2.35,0.569,2.82,2.44,0.68,-0.96,0.78,0.32,0.33,0.4,0,-1.38,neutral,neutral,0,-1.0,6,2422,0,
s10526,0GUSDT,1782085500000,train,-1,-3.16,0.57,4.07,3.38,1.45,-1.78,1.36,0.95,0.76,0.73,1,-1.38,neutral,neutral,0,-0.545,32,2422,0,
s10527,WLDUSDT,1782085500000,train,-1,-5.59,0.825,6.61,6.15,0.74,-4.21,1.94,0.61,0.97,0.73,0,-1.38,neutral,neutral,0,-1.0,6,2422,0,
s10528,ENAUSDT,1782085500000,train,-1,-3.61,0.597,4.82,4.59,0.85,-2.23,1.81,0.8,0.84,0.81,0,-1.38,neutral,bajista,0,-1.0,6,2422,2,
s10529,ARBUSDT,1782085500000,train,-1,-2.14,0.554,2.71,2.37,1.05,-0.76,0.9,0.74,0.66,0.63,1,-1.38,neutral,neutral,0,-1.0,6,2422,0,
s10530,OPUSDT,1782085500000,train,-1,-2.16,0.524,2.81,2.31,1.06,-0.78,1.13,0.47,0.41,0.37,1,-1.38,neutral,neutral,0,-1.0,6,2422,0,
s10531,INJUSDT,1782085500000,train,-1,-2.86,0.689,4.44,2.99,0.73,-1.48,1.18,0.84,0.7,0.6,1,-1.38,neutral,bajista,0,-1.0,6,2422,2,
s10532,SUIUSDT,1782085500000,train,-1,-2.55,0.537,3.51,2.76,0.68,-1.16,1.14,1.07,0.88,0.69,1,-1.38,neutral,neutral,0,-1.0,6,2422,0,
s10533,JUPUSDT,1782085500000,train,-1,-2.02,0.393,3.51,3.09,0.84,-0.64,1.03,1.56,1.88,2.18,0,-1.38,neutral,bajista,0,0.045,32,2422,4,
s10534,PENDLEUSDT,1782085500000,train,-1,-3.71,0.619,4.84,4.06,2.37,-2.33,2.13,0.92,0.86,0.94,0,-1.38,neutral,neutral,0,-1.0,6,2422,0,
s10535,ONDOUSDT,1782085500000,train,-1,-3.15,0.69,3.46,3.34,1.7,-1.76,1.47,0.56,0.51,0.5,1,-1.38,neutral,bajista,0,-1.0,6,2421,2,
s10536,FETUSDT,1782085500000,train,-1,-4.94,0.679,6.31,5.25,0.64,-3.55,1.77,1.46,1.13,0.9,1,-1.38,neutral,neutral,0,-0.447,32,2421,0,
s10537,ARUSDT,1782085500000,testB,-1,-2.16,0.558,2.56,2.41,0.94,-0.77,1.14,0.65,0.53,0.52,1,-1.38,neutral,bajista,0,-1.0,3,2421,2,
s10538,STXUSDT,1782085500000,testB,-1,-2.9,0.707,3.27,3.1,0.5,-1.52,1.61,1.8,1.08,0.79,1,-1.38,neutral,bajista,0,-0.345,32,2421,2,
s10539,GRTUSDT,1782085500000,testB,-1,-2.41,0.585,2.98,2.78,0.89,-1.03,1.16,0.92,0.76,0.9,0,-1.38,neutral,bajista,0,-1.0,18,2421,4,
s10540,LDOUSDT,1782085500000,testB,-1,-3.71,0.64,4.11,3.85,0.91,-2.33,1.73,0.74,0.58,0.58,0,-1.38,neutral,bajista,0,-0.437,32,2421,4,
s10541,SANDUSDT,1782085500000,testB,-1,-3.28,0.648,3.86,3.46,1.17,-1.89,1.39,0.84,0.98,2.34,0,-1.38,neutral,neutral,0,-0.146,32,2421,0,
s10542,AXSUSDT,1782085500000,testB,-1,-3.04,0.579,3.33,3.23,1.25,-1.66,1.51,0.87,1.04,3.25,0,-1.38,neutral,bajista,0,0.588,32,2421,2,
s10543,STBLUSDT,1782086400000,train,-1,-2.15,0.535,2.69,2.28,0.62,-1.12,0.68,0.31,0.31,0.39,0,-1.02,neutral,neutral,0,-1.0,5,2423,0,
s10544,0GUSDT,1782086400000,train,-1,-2.94,0.53,3.95,3.15,1.59,-1.92,1.12,1.04,0.75,0.74,1,-1.02,neutral,neutral,0,-1.0,5,2423,0,
s10545,WLDUSDT,1782086400000,train,-1,-3.56,0.455,5.92,3.87,0.86,-2.54,0.44,0.71,0.97,0.77,0,-1.02,neutral,neutral,0,-1.0,5,2423,0,
s10546,ENAUSDT,1782086400000,train,-1,-2.74,0.446,3.71,2.99,0.73,-1.71,1.22,0.82,0.76,0.83,0,-1.02,neutral,neutral,0,-1.0,4,2423,0,
s10547,SUIUSDT,1782086400000,train,-1,-2.04,0.393,3.42,2.18,0.57,-1.02,0.59,1.2,0.9,0.73,1,-1.02,neutral,neutral,0,-1.0,5,2423,0,
s10548,JUPUSDT,1782086400000,train,-1,-2.07,0.398,3.66,3.33,1.47,-1.04,1.12,1.29,1.89,2.22,0,-1.02,neutral,bajista,0,0.014,32,2423,5,
s10549,PENDLEUSDT,1782086400000,train,-1,-2.93,0.477,4.36,3.11,2.39,-1.9,1.52,1.05,0.9,0.97,0,-1.02,neutral,neutral,0,-1.0,5,2423,0,
s10550,ONDOUSDT,1782086400000,train,-1,-2.33,0.479,3.17,2.47,1.29,-1.3,0.84,0.64,0.54,0.52,1,-1.02,neutral,neutral,0,-1.0,5,2422,0,
s10551,FETUSDT,1782086400000,train,-1,-4.42,0.606,6.07,4.73,0.63,-3.39,1.44,1.5,1.14,0.93,1,-1.02,neutral,neutral,0,-0.506,32,2422,0,
s10552,STXUSDT,1782086400000,testB,-1,-3.12,0.76,3.39,3.22,0.55,-2.1,1.54,1.94,1.1,0.81,1,-1.02,neutral,bajista,0,-0.421,32,2422,3,
s10553,LDOUSDT,1782086400000,testB,-1,-3.0,0.516,3.8,3.17,0.93,-1.97,1.23,0.84,0.62,0.6,1,-1.02,neutral,neutral,0,-0.529,32,2422,0,
s10554,SANDUSDT,1782086400000,testB,-1,-2.68,0.569,3.42,2.9,1.58,-1.65,1.12,1.04,1.03,2.01,0,-1.02,neutral,neutral,0,-0.342,32,2422,0,
s10555,AXSUSDT,1782086400000,testB,-1,-2.77,0.536,3.7,3.04,1.68,-1.75,1.25,1.6,1.28,2.63,0,-1.02,neutral,neutral,0,0.5,32,2422,0,
s10556,FETUSDT,1782087300000,train,-1,-3.53,0.485,5.6,3.82,0.61,-2.92,0.87,1.5,1.14,0.93,1,-0.61,neutral,neutral,0,-0.435,32,2423,0,
s10557,STXUSDT,1782087300000,testB,-1,-2.41,0.564,3.21,2.59,0.52,-1.81,1.0,1.94,1.1,0.81,1,-0.61,neutral,neutral,0,-1.0,4,2423,0,
s10558,LDOUSDT,1782087300000,testB,-1,-2.24,0.352,3.7,2.41,1.0,-1.64,0.51,0.84,0.62,0.6,1,-0.61,neutral,neutral,0,-0.2,32,2423,0,
s10559,SANDUSDT,1782087300000,testB,-1,-2.14,0.412,3.29,2.26,1.79,-1.53,0.56,1.04,1.03,2.01,0,-0.61,neutral,neutral,0,-0.183,32,2423,0,
s10560,FETUSDT,1782088200000,train,-1,-2.73,0.362,5.18,2.87,0.53,-2.63,0.31,1.5,1.14,0.93,1,-0.1,neutral,neutral,0,-0.385,32,2424,0,
s10561,WLDUSDT,1782090000000,train,1,3.24,0.368,5.37,5.17,1.5,2.82,2.41,0.84,1.02,0.8,0,0.41,neutral,neutral,0,-0.418,32,2427,1,
s10562,APEUSDT,1782090000000,testB,1,2.15,0.446,3.63,3.2,1.09,1.74,1.37,0.85,0.7,0.97,0,0.41,neutral,neutral,0,0.455,32,2426,0,
s10563,XPLUSDT,1782090900000,train,1,2.4,0.441,3.18,2.91,1.19,0.91,1.71,0.35,0.4,0.48,0,1.49,neutral,neutral,0,-0.569,32,2428,1,
s10564,PUMPUSDT,1782090900000,train,1,2.95,0.361,5.6,5.01,1.41,1.46,2.75,1.26,1.29,1.4,0,1.49,neutral,alcista,0,-0.468,32,2428,2,
s10565,STBLUSDT,1782090900000,train,1,2.15,0.413,2.87,2.63,1.18,0.65,1.62,0.37,0.33,0.37,0,1.49,neutral,neutral,0,-0.015,32,2428,1,
s10566,WLDUSDT,1782090900000,train,1,4.54,0.449,6.5,6.35,1.78,3.04,3.42,0.84,1.02,0.8,0,1.49,neutral,alcista,0,-0.623,32,2428,2,
s10567,ENAUSDT,1782090900000,train,1,4.53,0.475,6.47,6.04,1.89,3.04,3.79,1.05,0.83,0.89,0,1.49,neutral,alcista,0,0.637,32,2428,6,
s10568,ARBUSDT,1782090900000,train,1,3.43,0.556,4.25,3.83,2.21,1.93,2.51,1.16,0.82,0.73,1,1.49,neutral,neutral,0,0.095,32,2428,1,
s10569,OPUSDT,1782090900000,train,1,2.39,0.375,3.7,3.41,2.32,0.9,1.85,0.64,0.46,0.4,1,1.49,neutral,neutral,0,-0.114,32,2428,1,
s10570,INJUSDT,1782090900000,train,1,2.95,0.505,4.32,3.82,1.23,1.45,2.26,1.03,0.81,0.67,1,1.49,neutral,neutral,0,-0.613,32,2428,1,
s10571,TIAUSDT,1782090900000,train,1,3.28,0.494,4.0,3.71,1.07,1.78,2.19,0.6,0.55,0.55,1,1.49,neutral,neutral,0,0.856,32,2428,1,
s10572,SEIUSDT,1782090900000,train,1,2.64,0.52,2.95,2.57,1.94,1.15,1.4,0.71,0.68,0.75,0,1.49,neutral,neutral,0,-0.427,32,2428,1,
s10573,ARUSDT,1782090900000,testB,1,3.0,0.488,4.0,3.75,1.33,1.51,2.07,0.8,0.59,0.53,1,1.49,neutral,neutral,0,-0.474,32,2427,1,
s10574,APEUSDT,1782090900000,testB,1,3.96,0.746,4.17,4.09,1.55,2.47,2.26,0.85,0.7,0.97,0,1.49,neutral,neutral,0,0.018,32,2427,1,
s10575,XPLUSDT,1782091800000,train,1,2.41,0.443,3.18,2.94,1.21,1.43,1.6,0.35,0.4,0.48,0,0.98,neutral,alcista,0,-0.537,32,2429,2,
s10576,WLDUSDT,1782091800000,train,1,4.22,0.41,6.64,6.11,1.7,3.25,2.95,0.84,1.02,0.8,0,0.98,neutral,neutral,0,-0.536,32,2429,0,
s10577,ENAUSDT,1782091800000,train,1,4.35,0.466,6.47,6.09,2.32,3.37,3.54,1.05,0.83,0.89,0,0.98,neutral,alcista,0,0.587,32,2429,7,
s10578,ARBUSDT,1782091800000,train,1,2.5,0.415,4.27,3.45,2.46,1.52,1.96,1.16,0.82,0.73,1,0.98,neutral,neutral,0,0.346,32,2429,0,
s10579,INJUSDT,1782091800000,train,1,2.42,0.424,4.33,3.63,1.47,1.45,1.95,1.03,0.81,0.67,1,0.98,neutral,neutral,0,-0.591,32,2429,0,
s10580,TIAUSDT,1782091800000,train,1,2.6,0.422,4.0,3.6,1.31,1.62,1.94,0.6,0.55,0.55,1,0.98,neutral,neutral,0,1.0,32,2429,0,
s10581,APEUSDT,1782091800000,testB,1,4.03,0.75,4.37,4.3,1.24,3.05,2.27,0.85,0.7,0.97,0,0.98,neutral,alcista,0,-0.017,32,2428,2,
s10582,XPLUSDT,1782092700000,train,1,2.52,0.454,3.21,3.06,1.24,1.27,1.61,0.35,0.4,0.48,0,1.25,neutral,alcista,0,-0.637,32,2430,3,
s10583,STBLUSDT,1782092700000,train,1,2.19,0.469,2.87,2.51,1.47,0.94,1.4,0.37,0.33,0.37,0,1.25,neutral,neutral,0,0.048,32,2430,0,
s10584,WLDUSDT,1782092700000,train,1,5.25,0.473,7.28,6.92,1.71,4.01,3.69,0.84,1.02,0.8,0,1.25,neutral,neutral,0,-0.6,32,2430,1,
s10585,ENAUSDT,1782092700000,train,1,5.71,0.56,7.25,7.05,2.53,4.46,4.12,1.05,0.83,0.89,0,1.25,neutral,alcista,0,0.213,32,2430,8,
s10586,ARBUSDT,1782092700000,train,1,2.83,0.478,4.27,3.56,2.41,1.58,2.0,1.16,0.82,0.73,1,1.25,neutral,neutral,0,0.226,32,2430,1,
s10587,INJUSDT,1782092700000,train,1,2.88,0.5,4.32,3.86,1.56,1.63,2.15,1.03,0.81,0.67,1,1.25,neutral,neutral,0,-0.648,32,2430,1,
s10588,TIAUSDT,1782092700000,train,1,2.77,0.449,4.0,3.68,1.4,1.52,1.96,0.6,0.55,0.55,1,1.25,neutral,neutral,0,0.703,32,2430,1,
s10589,APEUSDT,1782092700000,testB,1,3.36,0.556,4.4,3.68,1.13,2.11,1.56,0.85,0.7,0.97,0,1.25,neutral,neutral,0,0.137,32,2429,0,
s10590,ENAUSDT,1782093600000,train,1,4.9,0.479,7.28,6.67,2.54,3.47,3.48,1.06,0.87,0.92,0,1.43,neutral,neutral,0,0.389,32,2431,0,
s10591,ARBUSDT,1782093600000,train,1,2.34,0.37,4.29,3.13,2.36,0.91,1.41,1.17,0.85,0.75,1,1.43,neutral,neutral,0,0.443,32,2431,0,
s10592,INJUSDT,1782093600000,train,1,2.28,0.362,4.34,3.32,1.48,0.85,1.42,1.03,0.81,0.67,1,1.43,neutral,neutral,0,-0.564,32,2431,0,
s10593,TIAUSDT,1782093600000,train,1,2.35,0.377,4.01,3.45,1.29,0.92,1.56,0.6,0.55,0.55,0,1.43,neutral,neutral,0,0.76,32,2431,0,
s10594,APEUSDT,1782093600000,testB,1,3.57,0.571,4.38,4.09,1.18,2.14,1.89,0.9,0.71,0.98,0,1.43,neutral,neutral,0,0.035,32,2430,1,
s10595,ENAUSDT,1782094500000,train,1,5.29,0.513,7.26,6.87,1.78,4.02,3.31,1.06,0.87,0.92,0,1.27,neutral,neutral,0,0.291,32,2432,1,
s10596,ARBUSDT,1782094500000,train,1,2.71,0.426,4.28,3.32,1.07,1.44,1.38,1.17,0.85,0.75,1,1.27,neutral,neutral,0,0.221,32,2432,1,
s10597,INJUSDT,1782094500000,train,1,2.82,0.416,4.32,3.78,0.7,1.55,1.68,1.03,0.81,0.67,1,1.27,neutral,neutral,0,-0.561,32,2432,1,
s10598,TIAUSDT,1782094500000,train,1,3.2,0.455,4.22,4.22,0.88,1.93,2.07,0.6,0.55,0.55,0,1.27,neutral,neutral,0,0.409,32,2432,1,
s10599,APEUSDT,1782094500000,testB,1,3.65,0.59,4.39,4.03,0.89,2.38,1.62,0.9,0.71,0.98,0,1.27,neutral,neutral,0,0.054,32,2431,0,
s10600,PUMPUSDT,1782095400000,train,1,4.2,0.463,5.92,5.14,0.78,2.93,1.97,1.36,1.23,1.44,0,1.27,neutral,neutral,0,-0.57,32,2433,0,
s10601,STBLUSDT,1782095400000,train,1,2.03,0.412,2.88,2.35,0.52,0.75,0.98,0.36,0.32,0.34,0,1.27,neutral,neutral,0,-0.103,32,2433,1,
s10602,WLDUSDT,1782095400000,train,1,4.97,0.403,7.36,5.95,0.9,3.69,2.0,0.86,1.0,0.81,0,1.27,neutral,alcista,0,-0.423,32,2433,2,
s10603,ENAUSDT,1782095400000,train,1,5.77,0.579,7.26,6.9,1.32,4.49,3.05,1.06,0.87,0.92,0,1.27,neutral,alcista,0,0.269,32,2433,2,
s10604,ARBUSDT,1782095400000,train,1,2.64,0.41,4.28,3.21,0.66,1.37,1.18,1.17,0.85,0.75,1,1.27,neutral,neutral,0,0.192,32,2433,0,
s10605,INJUSDT,1782095400000,train,1,2.49,0.351,4.34,3.4,0.42,1.22,1.18,1.03,0.81,0.67,1,1.27,neutral,neutral,0,-0.604,32,2433,0,
s10606,TIAUSDT,1782095400000,train,1,3.45,0.481,4.63,4.39,0.68,2.18,2.05,0.6,0.55,0.55,0,1.27,neutral,alcista,0,0.307,32,2433,2,
s10607,APEUSDT,1782095400000,testB,1,3.73,0.61,4.17,3.74,0.83,2.46,1.4,0.9,0.71,0.98,0,1.27,neutral,neutral,0,0.019,32,2432,0,
s10608,ENAUSDT,1782096300000,train,1,4.74,0.43,7.33,5.92,1.17,4.03,1.74,1.06,0.87,0.92,0,0.71,neutral,neutral,0,0.595,32,2434,0,
s10609,TIAUSDT,1782096300000,train,1,2.93,0.381,4.66,3.91,0.82,2.22,1.37,0.6,0.55,0.55,0,0.71,neutral,neutral,0,0.503,32,2434,0,
s10610,APEUSDT,1782096300000,testB,1,2.59,0.467,3.82,3.1,0.71,1.88,0.97,0.9,0.71,0.98,0,0.71,neutral,neutral,0,0.186,32,2433,0,
s10611,WLDUSDT,1782097200000,train,1,4.69,0.367,7.45,4.73,0.62,4.16,0.56,0.8,0.8,0.81,0,0.53,neutral,neutral,0,-0.234,32,2435,0,
s10612,ENAUSDT,1782097200000,train,1,5.45,0.523,7.34,5.87,0.99,4.92,1.54,1.02,0.91,0.95,0,0.53,neutral,neutral,0,0.68,32,2435,0,
s10613,TIAUSDT,1782097200000,train,1,3.45,0.475,4.67,3.53,1.0,2.93,0.88,0.52,0.55,0.57,0,0.53,neutral,neutral,0,0.985,32,2435,0,
s10614,ARUSDT,1782097200000,testB,1,2.24,0.361,4.04,2.79,0.77,1.72,0.53,0.7,0.63,0.53,1,0.53,neutral,neutral,0,-0.054,32,2434,0,
s10615,APEUSDT,1782097200000,testB,1,2.14,0.367,3.62,2.53,0.58,1.62,0.57,0.8,0.72,0.99,0,0.53,neutral,neutral,0,0.486,32,2434,0,
s10616,WLDUSDT,1782098100000,train,1,4.75,0.371,7.41,5.23,0.72,3.72,1.06,0.8,0.8,0.81,0,1.02,neutral,neutral,0,-0.268,32,2436,1,
s10617,ENAUSDT,1782098100000,train,1,6.35,0.562,7.57,7.01,0.92,5.33,2.57,1.02,0.91,0.95,0,1.02,neutral,neutral,0,0.375,32,2436,1,
s10618,TIAUSDT,1782098100000,train,1,2.83,0.427,4.67,3.63,0.89,1.8,0.9,0.52,0.55,0.57,0,1.02,neutral,neutral,0,1.015,32,2436,1,
s10619,ARUSDT,1782098100000,testB,1,2.45,0.381,4.03,3.08,0.78,1.42,0.77,0.7,0.63,0.53,1,1.02,neutral,neutral,0,-0.194,32,2435,1,
s10620,APEUSDT,1782098100000,testB,1,2.3,0.403,3.62,2.53,0.62,1.27,0.54,0.8,0.72,0.99,0,1.02,neutral,neutral,0,0.486,32,2435,0,
s10621,WLDUSDT,1782099000000,train,1,4.91,0.387,7.2,4.87,0.72,3.56,0.84,0.8,0.8,0.81,0,1.35,neutral,neutral,0,-0.223,32,2437,0,
s10622,ENAUSDT,1782099000000,train,1,5.94,0.501,7.96,5.94,1.06,4.59,1.28,1.02,0.91,0.95,0,1.35,neutral,neutral,0,0.646,32,2437,0,
s10623,TIAUSDT,1782099000000,train,1,2.97,0.458,4.14,2.99,0.9,1.62,0.71,0.52,0.55,0.57,0,1.35,neutral,neutral,0,1.545,32,2437,0,
s10624,ARUSDT,1782099000000,testB,1,2.61,0.415,4.04,2.7,0.84,1.27,0.32,0.7,0.63,0.53,1,1.35,neutral,neutral,0,0.093,32,2436,0,
s10625,APEUSDT,1782099000000,testB,1,2.52,0.436,3.62,2.68,0.49,1.17,0.51,0.8,0.72,0.99,0,1.35,neutral,neutral,0,0.459,32,2436,1,
s10626,ENAUSDT,1782099900000,train,1,5.44,0.44,7.83,5.2,1.09,4.42,0.7,1.02,0.91,0.95,0,1.02,neutral,neutral,0,0.998,32,2438,0,
s10627,APEUSDT,1782099900000,testB,1,2.52,0.436,3.47,2.6,0.71,1.49,0.51,0.8,0.72,0.99,0,1.02,neutral,neutral,0,0.444,32,2437,0,
s10628,ENAUSDT,1782100800000,train,1,6.07,0.468,7.34,5.82,1.02,5.35,1.58,1.07,0.92,0.97,0,0.71,neutral,neutral,0,0.67,32,2439,1,
s10629,APEUSDT,1782100800000,testB,1,2.22,0.405,3.18,2.31,0.73,1.5,0.49,0.85,0.71,0.99,0,0.71,neutral,neutral,0,0.375,32,2438,1,
s10630,ENAUSDT,1782101700000,train,1,5.16,0.424,6.49,4.89,0.91,4.79,1.46,1.07,0.92,0.97,0,0.37,neutral,neutral,0,0.956,32,2440,0,
s10631,GRTUSDT,1782101700000,testB,1,2.66,0.456,2.59,2.59,1.73,2.29,1.63,1.01,0.92,0.93,0,0.37,neutral,alcista,0,-0.115,32,2439,2,
s10632,AXSUSDT,1782101700000,testB,-1,-4.99,0.54,5.64,5.25,0.42,-5.36,1.17,1.71,1.28,1.64,0,0.37,neutral,neutral,0,-0.537,32,2439,1,
s10633,ASTERUSDT,1782102600000,train,-1,-2.56,0.421,4.34,3.81,5,-2.62,2.03,0.5,0.36,0.35,1,0.06,neutral,neutral,0,-0.794,32,2441,1,
s10634,JUPUSDT,1782102600000,train,-1,-2.94,0.396,4.85,4.66,2.56,-3.0,2.53,1.37,1.56,1.97,0,0.06,neutral,bajista,0,-0.474,32,2441,5,
s10635,SANDUSDT,1782102600000,testB,-1,-2.03,0.401,3.47,3.22,0.66,-2.1,0.8,1.05,0.94,1.25,0,0.06,neutral,bajista,0,-1.0,20,2440,2,
s10636,MANAUSDT,1782102600000,testB,-1,-2.83,0.447,4.29,3.88,0.72,-2.89,1.34,1.04,0.87,1.11,0,0.06,neutral,bajista,0,-0.643,32,2440,2,
s10637,AXSUSDT,1782102600000,testB,-1,-3.03,0.41,3.51,3.51,0.52,-3.09,1.39,1.71,1.28,1.64,0,0.06,neutral,bajista,0,-1.0,31,2440,2,
s10638,SANDUSDT,1782103500000,testB,-1,-2.12,0.427,3.47,3.2,0.65,-2.43,0.72,1.05,0.94,1.25,0,0.31,neutral,neutral,0,-1.0,19,2441,0,
s10639,MANAUSDT,1782103500000,testB,-1,-2.69,0.417,4.28,3.59,0.59,-3.0,1.0,1.04,0.87,1.11,0,0.31,neutral,neutral,0,-0.615,32,2441,0,
s10640,ASTERUSDT,1782105300000,train,-1,-2.61,0.424,4.14,2.81,3.02,-1.98,1.04,0.5,0.37,0.35,1,-0.63,neutral,neutral,0,-0.695,32,2444,1,
s10641,PUMPUSDT,1782105300000,train,-1,-2.34,0.353,3.8,3.33,0.49,-1.71,0.47,1.14,1.11,1.37,0,-0.63,neutral,neutral,0,-0.42,32,2444,1,
s10642,JUPUSDT,1782105300000,train,-1,-2.9,0.46,4.79,3.32,1.56,-2.27,0.9,1.36,1.48,1.84,0,-0.63,neutral,neutral,0,-0.3,32,2444,0,
s10643,LDOUSDT,1782105300000,testB,-1,-2.03,0.5,2.74,2.19,0.79,-1.4,0.46,0.68,0.71,0.66,0,-0.63,neutral,neutral,0,-1.0,23,2443,1,
s10644,SANDUSDT,1782105300000,testB,-1,-2.6,0.62,3.3,2.81,0.48,-1.96,0.57,0.93,0.89,1.11,0,-0.63,neutral,neutral,0,-1.0,17,2443,1,
s10645,MANAUSDT,1782105300000,testB,-1,-2.94,0.611,3.99,3.03,0.4,-2.31,0.63,1.02,0.86,1.01,0,-0.63,neutral,neutral,0,-0.5,32,2443,0,
s10646,JUPUSDT,1782106200000,train,-1,-2.4,0.371,4.78,2.98,0.88,-2.01,0.47,1.36,1.48,1.84,0,-0.39,neutral,neutral,0,-0.444,32,2445,0,
s10647,JUPUSDT,1782107100000,train,-1,-2.63,0.393,4.79,3.22,0.71,-2.08,0.61,1.36,1.48,1.84,0,-0.55,neutral,neutral,0,-0.544,32,2446,1,
s10648,PENDLEUSDT,1782107100000,train,-1,-2.98,0.566,3.71,3.23,0.61,-2.43,0.74,0.95,0.93,0.86,1,-0.55,neutral,bajista,0,-1.0,31,2446,3,
s10649,JUPUSDT,1782108000000,train,-1,-2.45,0.361,4.78,3.08,0.67,-1.94,0.67,1.14,1.23,1.75,0,-0.51,neutral,neutral,0,-0.308,32,2447,0,
s10650,PENDLEUSDT,1782108000000,train,-1,-2.03,0.432,3.2,2.54,0.76,-1.52,0.7,0.82,0.94,0.86,0,-0.51,neutral,neutral,0,-1.0,24,2447,0,
s10651,PUMPUSDT,1782108900000,train,-1,-2.33,0.486,3.58,2.59,0.65,-1.69,0.1,1.11,1.08,1.37,0,-0.65,neutral,neutral,0,-0.077,32,2448,0,
s10652,INJUSDT,1782108900000,train,-1,-2.2,0.519,2.56,2.27,0.79,-1.56,0.74,0.57,0.73,0.65,0,-0.65,neutral,bajista,0,-1.0,29,2448,2,
s10653,JUPUSDT,1782108900000,train,-1,-2.85,0.449,4.68,2.93,0.49,-2.2,0.54,1.14,1.23,1.75,0,-0.65,neutral,neutral,0,0.048,32,2448,0,
s10654,PENDLEUSDT,1782108900000,train,-1,-2.14,0.469,3.0,2.26,0.99,-1.49,0.45,0.82,0.94,0.86,0,-0.65,neutral,neutral,0,-1.0,22,2448,0,
s10655,PUMPUSDT,1782109800000,train,-1,-2.67,0.519,3.07,2.81,0.69,-1.92,0.75,1.11,1.08,1.37,0,-0.75,neutral,neutral,0,-0.167,32,2449,1,
s10656,INJUSDT,1782109800000,train,-1,-2.07,0.502,2.22,2.2,0.78,-1.32,0.94,0.57,0.73,0.65,0,-0.75,neutral,bajista,0,-1.0,25,2449,3,
s10657,JUPUSDT,1782109800000,train,-1,-2.14,0.377,4.03,2.56,0.47,-1.39,0.74,1.14,1.23,1.75,0,-0.75,neutral,neutral,0,0.87,32,2449,1,
s10658,PENDLEUSDT,1782109800000,train,-1,-2.02,0.453,2.59,2.08,0.8,-1.27,0.84,0.82,0.94,0.86,0,-0.75,neutral,neutral,0,-1.0,21,2449,1,
s10659,ARBUSDT,1782114300000,train,1,2.32,0.613,2.78,2.54,1.88,1.93,1.07,0.81,0.98,0.81,0,0.4,neutral,neutral,0,-0.19,32,2454,1,
s10660,OPUSDT,1782114300000,train,1,2.49,0.714,2.91,2.82,2.22,2.09,1.51,0.43,0.52,0.43,0,0.4,neutral,neutral,0,-0.207,32,2454,1,
s10661,TIAUSDT,1782114300000,train,1,2.82,0.405,3.87,3.17,2.44,2.43,1.37,0.66,0.62,0.59,1,0.4,neutral,neutral,1,2.0,28,2454,0,
s10662,ARBUSDT,1782115200000,train,1,2.55,0.635,2.61,2.57,1.87,1.99,1.14,0.85,1.02,0.83,0,0.56,neutral,alcista,0,-0.315,32,2455,2,
s10663,OPUSDT,1782115200000,train,1,2.58,0.722,3.0,3.0,2.51,2.02,1.68,0.46,0.55,0.43,0,0.56,neutral,alcista,0,-0.484,32,2455,2,
s10664,TIAUSDT,1782115200000,train,1,3.25,0.44,3.85,3.67,1.28,2.69,1.7,0.78,0.68,0.61,1,0.56,neutral,neutral,0,1.305,32,2455,1,
s10665,OPUSDT,1782116100000,train,1,2.39,0.632,3.01,2.53,1.8,2.02,1.1,0.46,0.55,0.43,0,0.36,neutral,neutral,0,-0.231,32,2456,0,
s10666,TIAUSDT,1782116100000,train,1,3.18,0.424,4.23,3.44,1.24,2.81,1.34,0.78,0.68,0.61,1,0.36,neutral,neutral,1,2.0,27,2456,0,
s10667,ENAUSDT,1782117000000,train,1,3.64,0.391,3.64,3.54,1.43,3.15,1.77,1.22,1.14,1.06,1,0.49,neutral,neutral,0,-0.115,32,2457,1,
s10668,ARBUSDT,1782117000000,train,1,2.61,0.598,2.58,2.56,1.32,2.13,1.09,0.85,1.02,0.83,0,0.49,neutral,neutral,0,-0.261,32,2457,1,
s10669,OPUSDT,1782117000000,train,1,2.69,0.692,3.01,2.72,1.59,2.2,1.23,0.46,0.55,0.43,0,0.49,neutral,neutral,0,-0.321,32,2457,1,
s10670,TIAUSDT,1782117000000,train,1,4.56,0.55,4.52,4.39,1.21,4.08,2.26,0.78,0.68,0.61,1,0.49,neutral,neutral,0,0.865,32,2457,1,
s10671,SANDUSDT,1782117000000,testB,1,2.66,0.689,2.91,2.66,1.39,2.17,1.42,0.64,0.92,0.97,0,0.49,neutral,neutral,0,-0.133,32,2456,1,
s10672,ENAUSDT,1782117900000,train,1,4.27,0.431,4.71,4.53,2.05,4.16,2.57,1.22,1.14,1.06,1,0.11,neutral,alcista,0,-0.293,32,2458,2,
s10673,ARBUSDT,1782117900000,train,1,2.07,0.532,2.36,2.08,1.33,1.96,0.95,0.85,1.02,0.83,0,0.11,neutral,neutral,0,-0.124,32,2458,0,
s10674,OPUSDT,1782117900000,train,1,2.18,0.611,2.72,2.33,1.45,2.07,0.98,0.46,0.55,0.43,0,0.11,neutral,neutral,0,-0.292,32,2458,0,
s10675,TIAUSDT,1782117900000,train,1,4.04,0.522,4.79,4.66,1.44,3.93,2.33,0.78,0.68,0.61,1,0.11,neutral,alcista,0,0.912,32,2458,2,
s10676,SANDUSDT,1782117900000,testB,1,2.56,0.656,2.91,2.59,1.53,2.45,1.19,0.64,0.92,0.97,0,0.11,neutral,neutral,0,0.055,32,2457,0,
s10677,TIAUSDT,1782118800000,train,1,3.0,0.423,4.87,4.46,1.53,3.15,1.94,0.89,0.69,0.64,1,-0.15,neutral,neutral,0,1.156,32,2459,0,
s10678,SANDUSDT,1782118800000,testB,1,2.03,0.596,2.78,2.45,1.09,2.18,1.11,0.59,0.82,0.94,0,-0.15,neutral,neutral,0,-0.087,32,2458,0,
s10679,TIAUSDT,1782119700000,train,1,3.04,0.429,4.88,4.24,1.51,3.23,1.58,0.89,0.69,0.64,1,-0.19,neutral,neutral,0,0.878,32,2460,0,
s10680,SANDUSDT,1782119700000,testB,1,2.65,0.768,2.88,2.74,1.09,2.84,1.3,0.59,0.82,0.94,0,-0.19,neutral,neutral,0,-0.439,32,2459,1,
s10681,TIAUSDT,1782120600000,train,1,3.69,0.519,4.87,4.53,1.38,3.91,1.6,0.89,0.69,0.64,1,-0.22,neutral,neutral,0,0.705,32,2461,1,
s10682,SANDUSDT,1782120600000,testB,1,2.83,0.78,3.14,2.96,0.67,3.05,1.39,0.59,0.82,0.94,0,-0.22,neutral,alcista,0,-0.44,32,2460,2,
s10683,TIAUSDT,1782121500000,train,1,3.44,0.464,4.6,3.35,1.24,3.6,0.51,0.89,0.69,0.64,1,-0.16,neutral,neutral,1,2.0,21,2462,0,
s10684,SANDUSDT,1782121500000,testB,1,2.75,0.776,3.03,2.93,0.65,2.92,1.25,0.59,0.82,0.94,0,-0.16,neutral,alcista,0,-0.361,32,2461,3,
s10685,TIAUSDT,1782122400000,train,1,2.67,0.379,4.06,2.6,0.95,2.68,0.31,0.91,0.69,0.63,1,-0.01,neutral,neutral,1,2.0,19,2463,0,
s10686,SANDUSDT,1782122400000,testB,1,2.98,0.789,3.55,3.02,1.01,2.99,1.49,0.62,0.84,0.94,0,-0.01,neutral,alcista,0,-0.448,32,2462,4,
s10687,SANDUSDT,1782123300000,testB,1,2.09,0.509,3.3,2.17,1.03,2.01,0.79,0.62,0.84,0.94,0,0.09,neutral,neutral,0,-0.488,32,2463,0,
s10688,WLDUSDT,1782126900000,train,-1,-3.09,0.365,5.28,3.29,0.52,-3.26,0.37,0.88,0.83,0.9,0,0.16,neutral,neutral,0,-1.0,10,2468,0,
s10689,SUIUSDT,1782127800000,train,1,3.09,0.597,3.62,3.15,5,2.52,2.51,1.34,1.11,0.99,1,0.57,neutral,neutral,0,-0.574,32,2469,1,
s10690,TIAUSDT,1782127800000,train,1,2.35,0.352,2.99,2.91,1.01,1.78,1.8,1.11,0.79,0.67,1,0.57,neutral,alcista,0,0.0,32,2469,4,
s10691,SUIUSDT,1782128700000,train,1,3.96,0.655,4.13,4.08,5,3.28,3.08,1.34,1.11,0.99,1,0.68,neutral,alcista,0,-0.645,32,2470,2,
s10692,TIAUSDT,1782128700000,train,1,3.53,0.461,4.4,3.92,1.76,2.85,2.36,1.11,0.79,0.67,1,0.68,neutral,alcista,0,-0.226,32,2470,5,
s10693,LDOUSDT,1782128700000,testB,1,2.24,0.439,2.77,2.63,3.89,1.56,1.62,0.65,0.66,0.62,0,0.68,neutral,alcista,0,-1.0,32,2469,2,
s10694,0GUSDT,1782129600000,train,1,4.67,0.62,6.36,5.21,5,4.01,4.28,2.11,1.29,0.99,1,0.66,neutral,alcista,0,-1.0,31,2471,3,
s10695,SUIUSDT,1782129600000,train,1,4.31,0.675,4.86,4.64,3.41,3.65,3.3,1.67,1.21,1.05,1,0.66,neutral,alcista,0,-0.548,32,2471,3,
s10696,TIAUSDT,1782129600000,train,1,3.9,0.487,4.48,4.26,2.4,3.24,2.92,1.49,1.0,0.76,1,0.66,neutral,alcista,0,-0.429,32,2471,6,
s10697,LDOUSDT,1782129600000,testB,1,2.24,0.439,3.37,2.97,2.71,1.58,1.77,0.78,0.69,0.65,1,0.66,neutral,alcista,0,-1.0,31,2470,3,
s10698,0GUSDT,1782130500000,train,1,5.44,0.706,6.59,5.62,5,4.27,4.29,2.11,1.29,0.99,1,1.17,neutral,alcista,0,-1.0,30,2472,4,
s10699,SUIUSDT,1782130500000,train,1,3.58,0.503,4.9,3.85,3.14,2.41,2.25,1.67,1.21,1.05,1,1.17,neutral,neutral,0,-0.437,32,2472,0,
s10700,TIAUSDT,1782130500000,train,1,4.9,0.573,5.05,4.95,3.0,3.73,3.34,1.49,1.0,0.76,1,1.17,neutral,alcista,0,-0.427,32,2472,7,
s10701,FETUSDT,1782130500000,train,1,2.13,0.411,3.42,2.99,2.18,0.96,1.67,0.74,0.72,0.92,0,1.17,neutral,alcista,0,-1.0,18,2471,4,
s10702,STXUSDT,1782130500000,testB,1,2.34,0.618,3.05,2.89,1.73,1.17,1.73,0.76,0.75,0.93,0,1.17,neutral,alcista,0,-0.358,32,2471,6,
s10703,LDOUSDT,1782130500000,testB,1,3.06,0.624,3.47,3.25,2.71,1.89,1.89,0.78,0.69,0.65,1,1.17,neutral,alcista,0,-1.0,30,2471,4,
s10704,AXSUSDT,1782130500000,testB,1,2.52,0.419,3.31,2.93,0.94,1.35,1.42,0.68,0.78,1.06,0,1.17,neutral,alcista,0,-0.613,32,2471,2,
s10705,0GUSDT,1782131400000,train,1,4.56,0.563,6.63,5.04,5,3.32,3.29,2.11,1.29,0.99,1,1.24,neutral,neutral,0,-1.0,29,2473,0,
s10706,SUIUSDT,1782131400000,train,1,2.93,0.397,4.92,3.42,1.71,1.69,1.6,1.67,1.21,1.05,1,1.24,neutral,neutral,0,-0.291,32,2473,0,
s10707,PENDLEUSDT,1782131400000,train,1,2.1,0.474,2.61,2.53,0.89,0.87,1.37,0.83,0.83,0.87,0,1.24,neutral,alcista,0,-1.0,8,2473,5,
s10708,STXUSDT,1782131400000,testB,1,2.57,0.676,3.1,3.0,1.5,1.33,1.68,0.76,0.75,0.93,0,1.24,neutral,alcista,0,-0.345,32,2472,7,
s10709,LDOUSDT,1782131400000,testB,1,2.79,0.603,3.4,3.18,2.1,1.55,1.71,0.78,0.69,0.65,1,1.24,neutral,neutral,0,-1.0,29,2472,0,
s10710,AXSUSDT,1782131400000,testB,1,2.92,0.5,3.59,3.02,1.05,1.68,1.41,0.68,0.78,1.06,0,1.24,neutral,alcista,0,-0.5,32,2472,3,
s10711,0GUSDT,1782132300000,train,1,4.52,0.561,6.63,5.08,5,2.98,2.97,2.11,1.29,0.99,1,1.54,neutral,neutral,0,-1.0,28,2474,1,
s10712,SUIUSDT,1782132300000,train,1,3.6,0.469,4.9,3.85,1.35,2.06,1.82,1.67,1.21,1.05,1,1.54,neutral,neutral,0,-0.398,32,2474,1,
s10713,SEIUSDT,1782132300000,train,1,2.0,0.625,2.62,2.48,1.96,0.46,1.2,0.56,0.55,0.58,0,1.54,neutral,alcista,0,-1.0,12,2474,6,
s10714,FETUSDT,1782132300000,train,1,2.9,0.515,3.46,3.4,1.57,1.36,1.7,0.74,0.72,0.92,0,1.54,neutral,neutral,0,-1.0,16,2473,1,
s10715,STXUSDT,1782132300000,testB,1,2.96,0.726,3.31,3.31,1.23,1.42,1.79,0.76,0.75,0.93,0,1.54,neutral,alcista,0,-0.475,32,2473,8,
s10716,LDOUSDT,1782132300000,testB,1,2.68,0.566,3.4,3.08,1.5,1.14,1.4,0.78,0.69,0.65,1,1.54,neutral,neutral,0,-1.0,28,2473,0,
s10717,AXSUSDT,1782132300000,testB,1,2.91,0.5,3.4,2.92,1.04,1.37,1.29,0.68,0.78,1.06,0,1.54,neutral,alcista,0,-0.581,32,2473,4,
s10718,0GUSDT,1782133200000,train,1,4.15,0.491,6.66,4.56,1.54,2.66,2.22,2.44,1.43,1.07,1,1.49,neutral,neutral,0,-1.0,27,2475,0,
s10719,WLDUSDT,1782133200000,train,1,2.74,0.486,4.15,3.81,0.94,1.25,1.24,0.97,0.81,0.91,0,1.49,neutral,alcista,0,-0.235,32,2475,2,
s10720,SUIUSDT,1782133200000,train,1,4.05,0.514,4.88,4.15,0.81,2.57,1.95,1.88,1.22,1.07,1,1.49,neutral,alcista,0,-0.524,32,2475,2,
s10721,FETUSDT,1782133200000,train,1,2.68,0.458,3.63,3.09,1.3,1.19,1.28,0.91,0.73,0.95,0,1.49,neutral,neutral,0,-1.0,15,2474,0,
s10722,STXUSDT,1782133200000,testB,1,2.57,0.575,3.38,2.89,1.26,1.08,1.24,0.89,0.78,0.99,0,1.49,neutral,neutral,0,-0.377,32,2474,0,
s10723,LDOUSDT,1782133200000,testB,1,2.31,0.467,3.41,2.8,0.84,0.82,1.07,0.89,0.7,0.69,1,1.49,neutral,neutral,0,-1.0,27,2474,0,
s10724,STBLUSDT,1782134100000,train,1,3.15,0.591,4.58,4.08,4.76,1.78,2.34,0.76,0.52,0.4,1,1.37,neutral,alcista,0,-0.01,32,2476,2,
s10725,0GUSDT,1782134100000,train,1,3.82,0.433,6.71,3.9,1.12,2.45,1.34,2.44,1.43,1.07,1,1.37,neutral,neutral,0,-1.0,26,2476,0,
s10726,WLDUSDT,1782134100000,train,1,3.98,0.699,4.25,4.2,0.88,2.61,1.61,0.97,0.81,0.91,0,1.37,neutral,alcista,0,-0.344,32,2476,3,
s10727,SUIUSDT,1782134100000,train,1,3.81,0.467,4.9,3.75,0.64,2.43,1.35,1.88,1.22,1.07,1,1.37,neutral,neutral,0,-0.54,32,2476,0,
s10728,FETUSDT,1782134100000,train,1,3.68,0.583,3.81,3.76,1.29,2.31,1.79,0.91,0.73,0.95,0,1.37,neutral,neutral,0,-1.0,14,2475,1,
s10729,STXUSDT,1782134100000,testB,1,2.86,0.662,3.32,2.89,1.18,1.49,1.18,0.89,0.78,0.99,0,1.37,neutral,neutral,0,-0.472,32,2475,1,
s10730,LDOUSDT,1782134100000,testB,1,2.8,0.603,3.37,2.83,0.7,1.43,1.0,0.89,0.7,0.69,1,1.37,neutral,neutral,0,-1.0,26,2475,1,
s10731,STBLUSDT,1782135000000,train,1,3.28,0.618,4.58,4.11,5,1.28,2.17,0.76,0.52,0.4,1,2.0,neutral,alcista,0,-0.01,32,2477,3,
s10732,0GUSDT,1782135000000,train,1,4.47,0.48,6.6,4.35,0.65,2.47,1.7,2.44,1.43,1.07,1,2.0,neutral,neutral,0,-1.0,25,2477,1,
s10733,WLDUSDT,1782135000000,train,1,3.88,0.695,4.58,4.27,1.47,1.89,1.83,0.97,0.81,0.91,0,2.0,neutral,alcista,0,-1.0,23,2477,4,
s10734,ENAUSDT,1782135000000,train,1,2.46,0.394,4.18,4.08,1.23,0.46,1.49,1.51,1.31,1.05,1,2.0,neutral,alcista,0,-1.0,16,2477,4,
s10735,INJUSDT,1782135000000,train,1,2.21,0.563,2.67,2.35,1.53,0.22,1.06,0.62,0.54,0.67,0,2.0,neutral,alcista,0,-1.0,4,2477,2,
s10736,SUIUSDT,1782135000000,train,1,4.24,0.494,4.88,4.23,0.76,2.25,1.7,1.88,1.22,1.07,1,2.0,neutral,neutral,0,-0.681,32,2477,1,
s10737,SEIUSDT,1782135000000,train,1,2.25,0.525,2.95,2.83,1.59,0.26,1.28,0.71,0.58,0.61,0,2.0,neutral,neutral,0,-1.0,9,2477,1,
s10738,PENDLEUSDT,1782135000000,train,1,2.6,0.482,3.08,2.9,1.26,0.6,1.45,1.08,0.85,0.93,0,2.0,neutral,neutral,0,-1.0,4,2477,1,
s10739,ONDOUSDT,1782135000000,train,1,2.12,0.49,3.1,2.54,2.05,0.12,1.05,0.74,0.62,0.6,1,2.0,neutral,neutral,0,-1.0,9,2476,1,
s10740,FETUSDT,1782135000000,train,1,3.35,0.521,4.14,3.45,1.62,1.35,1.47,0.91,0.73,0.95,0,2.0,neutral,neutral,0,-1.0,11,2476,0,
s10741,STXUSDT,1782135000000,testB,1,4.2,0.743,4.35,4.24,1.49,2.2,2.42,0.89,0.78,0.99,0,2.0,neutral,alcista,0,-0.734,32,2476,2,
s10742,LDOUSDT,1782135000000,testB,1,3.31,0.643,3.81,3.45,1.08,1.31,1.66,0.89,0.7,0.69,1,2.0,neutral,alcista,0,-1.0,22,2476,2,
s10743,XPLUSDT,1782135900000,train,1,2.59,0.726,2.75,2.69,1.58,0.35,1.47,0.26,0.24,0.32,0,2.24,bull,alcista,0,-1.0,3,2478,2,
s10744,STBLUSDT,1782135900000,train,1,3.92,0.66,5.05,4.82,5,1.68,2.62,0.76,0.52,0.4,1,2.24,bull,alcista,0,-0.097,32,2478,4,
s10745,0GUSDT,1782135900000,train,1,4.47,0.48,6.6,4.32,0.6,2.24,1.53,2.44,1.43,1.07,1,2.24,bull,neutral,0,-1.0,24,2478,0,
s10746,WLDUSDT,1782135900000,train,1,3.69,0.638,4.95,4.04,1.76,1.46,1.74,0.97,0.81,0.91,0,2.24,bull,neutral,0,-1.0,22,2478,0,
s10747,ENAUSDT,1782135900000,train,1,3.2,0.573,4.0,3.33,1.1,0.96,1.24,1.51,1.31,1.05,1,2.24,bull,neutral,0,-1.0,8,2478,0,
s10748,OPUSDT,1782135900000,train,1,2.26,0.622,2.78,2.4,2.16,0.02,1.06,0.67,0.54,0.46,1,2.24,bull,alcista,0,-1.0,9,2478,3,
s10749,INJUSDT,1782135900000,train,1,2.75,0.65,2.91,2.74,1.86,0.51,1.36,0.62,0.54,0.67,0,2.24,bull,alcista,0,-1.0,3,2478,3,
s10750,SUIUSDT,1782135900000,train,1,4.75,0.532,4.85,4.6,0.78,2.52,1.93,1.88,1.22,1.07,1,2.24,bull,alcista,0,-0.602,32,2478,2,
s10751,TIAUSDT,1782135900000,train,1,4.45,0.493,5.05,4.85,1.3,2.21,2.06,1.63,1.14,0.83,1,2.24,bull,neutral,0,-0.728,32,2478,1,
s10752,SEIUSDT,1782135900000,train,1,2.43,0.545,3.17,3.12,1.7,0.2,1.43,0.71,0.58,0.61,0,2.24,bull,alcista,0,-1.0,8,2478,2,
s10753,PENDLEUSDT,1782135900000,train,1,2.31,0.406,3.19,2.33,2.88,0.07,0.78,1.08,0.85,0.93,0,2.24,bull,neutral,0,-1.0,3,2478,0,
s10754,ONDOUSDT,1782135900000,train,1,2.45,0.547,3.09,2.77,1.63,0.21,1.16,0.74,0.62,0.6,1,2.24,bull,alcista,0,-1.0,8,2477,2,
s10755,FETUSDT,1782135900000,train,1,3.67,0.545,3.91,3.7,1.62,1.43,1.78,0.91,0.73,0.95,0,2.24,bull,neutral,0,-1.0,8,2477,1,
s10756,ARUSDT,1782135900000,testB,1,2.36,0.54,2.5,2.45,1.19,0.13,1.44,0.74,0.61,0.58,1,2.24,bull,alcista,0,-1.0,20,2477,2,
s10757,STXUSDT,1782135900000,testB,1,4.48,0.8,4.56,4.35,1.72,2.25,2.29,0.89,0.78,0.99,0,2.24,bull,alcista,0,-0.753,32,2477,3,
s10758,LDOUSDT,1782135900000,testB,1,3.75,0.708,3.83,3.72,1.15,1.52,1.75,0.89,0.7,0.69,1,2.24,bull,alcista,0,-1.0,21,2477,3,
s10759,STBLUSDT,1782136800000,train,1,3.96,0.662,5.4,4.9,4.81,2.27,2.46,1.06,0.68,0.47,1,1.69,neutral,alcista,0,-0.127,32,2479,5,
s10760,0GUSDT,1782136800000,train,1,3.93,0.423,6.62,4.07,0.38,2.24,1.2,2.61,1.52,1.1,1,1.69,neutral,neutral,0,-1.0,23,2479,0,
s10761,WLDUSDT,1782136800000,train,1,2.73,0.44,4.98,3.4,1.75,1.05,1.04,1.0,0.85,0.92,0,1.69,neutral,neutral,0,-1.0,21,2479,0,
s10762,TIAUSDT,1782136800000,train,1,4.14,0.443,5.35,4.38,1.12,2.45,1.43,1.86,1.32,0.91,1,1.69,neutral,neutral,0,-0.634,32,2479,0,
s10763,STXUSDT,1782136800000,testB,1,4.76,0.81,6.89,4.7,5,3.07,2.44,1.72,1.21,1.21,1,1.69,neutral,alcista,0,-0.83,32,2478,4,
s10764,LDOUSDT,1782136800000,testB,1,2.72,0.44,3.76,2.72,1.32,1.03,0.78,1.01,0.77,0.73,1,1.69,neutral,neutral,0,-1.0,20,2478,0,
s10765,STBLUSDT,1782137700000,train,1,4.89,0.725,5.74,5.66,2.07,3.66,2.98,1.06,0.68,0.47,1,1.23,neutral,alcista,0,-0.401,32,2480,6,
s10766,STXUSDT,1782137700000,testB,1,3.91,0.603,6.78,3.88,5,2.69,1.54,1.72,1.21,1.21,1,1.23,neutral,neutral,0,-1.0,32,2479,0,
s10767,STBLUSDT,1782138600000,train,1,4.91,0.725,5.38,4.84,1.93,3.63,2.25,1.06,0.68,0.47,1,1.29,neutral,neutral,0,-0.304,32,2481,0,
s10768,TIAUSDT,1782138600000,train,1,4.28,0.392,5.31,4.21,1.08,3.0,1.22,1.86,1.32,0.91,1,1.29,neutral,neutral,0,-1.0,31,2481,1,
s10769,STBLUSDT,1782139500000,train,1,4.67,0.665,5.63,4.54,2.08,3.38,1.74,1.06,0.68,0.47,1,1.3,neutral,neutral,0,-0.034,32,2482,0,
s10770,ENAUSDT,1782139500000,train,1,2.94,0.366,3.4,3.25,2.47,1.64,1.67,1.7,1.48,1.16,1,1.3,neutral,neutral,0,-1.0,2,2482,1,
s10771,OPUSDT,1782139500000,train,1,2.06,0.382,2.5,2.11,1.59,0.76,1.02,0.79,0.62,0.5,1,1.3,neutral,neutral,0,-1.0,4,2482,1,
s10772,TIAUSDT,1782139500000,train,1,6.44,0.493,6.47,6.23,1.17,5.14,3.12,1.86,1.32,0.91,1,1.3,neutral,alcista,0,-1.0,30,2482,2,
s10773,STBLUSDT,1782140400000,train,1,4.47,0.657,4.9,4.51,1.19,3.27,2.22,1.19,0.73,0.48,1,1.2,neutral,neutral,0,-0.282,32,2483,1,
s10774,TIAUSDT,1782140400000,train,1,4.85,0.393,5.88,4.8,1.3,3.65,2.41,2.12,1.51,1.01,1,1.2,neutral,neutral,0,-1.0,26,2483,0,
s10775,STBLUSDT,1782141300000,train,1,3.98,0.593,4.68,4.1,0.94,2.91,1.89,1.19,0.73,0.48,1,1.06,neutral,neutral,0,-0.047,32,2484,0,
s10776,XPLUSDT,1782142200000,train,-1,-3.31,0.38,5.73,5.35,2.26,-4.0,2.91,0.49,0.33,0.33,1,0.68,neutral,bajista,0,0.785,32,2485,2,
s10777,STBLUSDT,1782142200000,train,1,4.76,0.636,5.24,5.16,0.84,4.08,2.75,1.19,0.73,0.48,1,0.68,neutral,neutral,0,-0.326,32,2485,1,
s10778,XPLUSDT,1782143100000,train,-1,-4.63,0.496,6.82,6.43,3.25,-4.92,3.6,0.49,0.33,0.33,1,0.28,neutral,bajista,0,0.363,32,2486,3,
s10779,STBLUSDT,1782143100000,train,1,4.25,0.53,5.38,4.61,0.64,3.96,1.83,1.19,0.73,0.48,1,0.28,neutral,neutral,0,-0.242,32,2486,0,
s10780,INJUSDT,1782143100000,train,-1,-2.41,0.401,4.29,4.04,1.17,-2.69,1.73,0.97,0.69,0.75,0,0.28,neutral,bajista,0,0.041,32,2486,4,
s10781,JUPUSDT,1782143100000,train,-1,-2.92,0.392,5.2,4.91,0.66,-3.21,1.84,1.62,1.31,1.45,0,0.28,neutral,bajista,0,-0.505,32,2486,2,
s10782,PENDLEUSDT,1782143100000,train,-1,-3.57,0.473,5.35,5.19,1.18,-3.85,2.38,1.28,1.01,1.01,1,0.28,neutral,bajista,0,0.568,32,2486,3,
s10783,XPLUSDT,1782144000000,train,-1,-4.38,0.474,6.89,6.35,3.4,-4.35,3.18,0.54,0.36,0.32,1,-0.02,neutral,neutral,0,0.469,32,2487,0,
s10784,STBLUSDT,1782144000000,train,1,4.57,0.548,5.36,4.94,0.77,4.59,1.93,1.36,0.86,0.53,1,-0.02,neutral,neutral,0,-0.31,32,2487,1,
s10785,INJUSDT,1782144000000,train,-1,-2.67,0.437,4.9,4.24,1.37,-2.65,1.72,1.11,0.75,0.77,0,-0.02,neutral,bajista,0,0.069,32,2487,5,
s10786,SUIUSDT,1782144000000,train,-1,-3.1,0.439,3.67,3.38,0.75,-3.07,1.17,2.47,1.51,1.23,1,-0.02,neutral,bajista,0,-0.033,32,2487,4,
s10787,JUPUSDT,1782144000000,train,-1,-3.85,0.519,5.57,5.42,0.54,-3.83,2.1,1.71,1.18,1.41,0,-0.02,neutral,bajista,0,-0.495,32,2487,3,
s10788,PENDLEUSDT,1782144000000,train,-1,-3.96,0.514,6.08,5.5,1.44,-3.94,2.4,1.36,1.06,1.0,1,-0.02,neutral,bajista,0,0.557,32,2487,4,
s10789,ONDOUSDT,1782144000000,train,-1,-2.12,0.419,3.97,3.55,1.16,-2.1,1.28,1.15,0.8,0.69,1,-0.02,neutral,bajista,0,0.39,32,2486,5,
s10790,XPLUSDT,1782144900000,train,-1,-4.0,0.418,6.83,5.47,3.56,-3.6,2.2,0.54,0.36,0.32,1,-0.4,neutral,neutral,0,0.729,32,2488,0,
s10791,STBLUSDT,1782144900000,train,1,5.42,0.611,6.2,5.56,0.94,5.81,2.3,1.36,0.86,0.53,1,-0.4,neutral,alcista,0,-0.349,32,2488,2,
s10792,0GUSDT,1782144900000,train,-1,-2.79,0.419,3.76,3.09,2.03,-2.39,0.21,3.6,1.97,1.32,1,-0.4,neutral,bajista,1,2.0,25,2488,3,
s10793,INJUSDT,1782144900000,train,-1,-2.34,0.365,4.88,3.66,1.24,-1.94,1.1,1.11,0.75,0.77,0,-0.4,neutral,neutral,0,0.469,32,2488,0,
s10794,SUIUSDT,1782144900000,train,-1,-2.25,0.356,3.55,3.22,0.82,-1.85,1.21,2.47,1.51,1.23,1,-0.4,neutral,neutral,0,0.194,32,2488,0,
s10795,JUPUSDT,1782144900000,train,-1,-3.48,0.474,5.75,5.27,0.55,-3.08,1.81,1.71,1.18,1.41,0,-0.4,neutral,neutral,0,-0.37,32,2488,0,
s10796,PENDLEUSDT,1782144900000,train,-1,-3.95,0.512,6.07,5.28,1.31,-3.55,2.05,1.36,1.06,1.0,1,-0.4,neutral,neutral,0,0.684,32,2488,0,
s10797,ONDOUSDT,1782144900000,train,-1,-2.32,0.473,3.97,3.58,1.07,-1.93,1.3,1.15,0.8,0.69,1,-0.4,neutral,neutral,0,0.513,32,2487,0,
s10798,FETUSDT,1782144900000,train,-1,-2.62,0.38,4.33,4.0,1.11,-2.22,1.5,1.34,0.93,1.01,0,-0.4,neutral,neutral,0,0.041,32,2487,0,
s10799,XPLUSDT,1782145800000,train,-1,-4.24,0.432,6.85,5.81,1.62,-3.51,2.32,0.54,0.36,0.32,1,-0.73,neutral,neutral,0,0.443,32,2489,1,
s10800,STBLUSDT,1782145800000,train,1,5.73,0.624,6.18,5.91,0.87,6.46,2.43,1.36,0.86,0.53,1,-0.73,neutral,alcista,0,-0.423,32,2489,3,
s10801,0GUSDT,1782145800000,train,-1,-2.45,0.386,3.14,2.73,0.53,-1.72,0.47,3.6,1.97,1.32,1,-0.73,neutral,bajista,1,2.0,24,2489,4,
s10802,INJUSDT,1782145800000,train,-1,-2.38,0.373,4.87,3.61,1.24,-1.65,1.0,1.11,0.75,0.77,0,-0.73,neutral,neutral,0,0.24,32,2489,0,
s10803,JUPUSDT,1782145800000,train,-1,-3.53,0.484,5.75,5.21,0.53,-2.79,1.64,1.71,1.18,1.41,0,-0.73,neutral,neutral,0,-0.439,32,2489,0,
s10804,PENDLEUSDT,1782145800000,train,-1,-4.42,0.611,6.07,5.32,1.21,-3.69,1.95,1.36,1.06,1.0,1,-0.73,neutral,neutral,0,0.498,32,2489,1,
s10805,ONDOUSDT,1782145800000,train,-1,-2.7,0.548,3.98,3.8,1.03,-1.97,1.42,1.15,0.8,0.69,1,-0.73,neutral,neutral,0,0.302,32,2488,1,
s10806,FETUSDT,1782145800000,train,-1,-2.62,0.38,4.34,4.17,1.07,-1.89,1.52,1.34,0.93,1.01,0,-0.73,neutral,neutral,0,-0.342,32,2488,1,
s10807,XPLUSDT,1782146700000,train,-1,-4.11,0.415,6.82,5.34,0.69,-3.45,1.68,0.54,0.36,0.32,1,-0.65,neutral,neutral,0,0.58,32,2490,0,
s10808,STBLUSDT,1782146700000,train,1,5.46,0.576,6.13,5.4,0.94,6.11,1.84,1.36,0.86,0.53,1,-0.65,neutral,neutral,0,-0.444,32,2490,0,
s10809,0GUSDT,1782146700000,train,-1,-2.45,0.386,2.99,2.51,0.38,-1.8,0.9,3.6,1.97,1.32,1,-0.65,neutral,neutral,1,2.0,23,2490,0,
s10810,INJUSDT,1782146700000,train,-1,-2.55,0.414,4.86,3.34,0.97,-1.9,0.67,1.11,0.75,0.77,0,-0.65,neutral,neutral,0,0.34,32,2490,0,
s10811,JUPUSDT,1782146700000,train,-1,-3.1,0.402,5.73,4.75,0.42,-2.45,1.16,1.71,1.18,1.41,0,-0.65,neutral,neutral,0,-0.388,32,2490,0,
s10812,PENDLEUSDT,1782146700000,train,-1,-3.98,0.546,6.06,5.06,0.76,-3.33,1.56,1.36,1.06,1.0,1,-0.65,neutral,neutral,0,0.576,32,2490,0,
s10813,ONDOUSDT,1782146700000,train,-1,-2.98,0.646,4.04,3.61,0.65,-2.33,1.13,1.15,0.8,0.69,1,-0.65,neutral,neutral,0,0.333,32,2489,0,
s10814,FETUSDT,1782146700000,train,-1,-3.03,0.471,4.61,4.0,0.9,-2.38,1.26,1.34,0.93,1.01,0,-0.65,neutral,neutral,0,-0.479,32,2489,0,
s10815,XPLUSDT,1782147600000,train,-1,-4.94,0.48,6.87,6.03,0.49,-4.23,2.16,0.53,0.36,0.32,1,-0.71,neutral,neutral,0,0.376,32,2491,1,
s10816,STBLUSDT,1782147600000,train,1,3.3,0.35,5.07,3.31,0.74,4.0,0.74,1.49,0.93,0.56,1,-0.71,neutral,neutral,0,-0.477,32,2491,0,
s10817,INJUSDT,1782147600000,train,-1,-2.28,0.386,4.86,3.38,0.6,-1.57,0.68,1.04,0.76,0.76,1,-0.71,neutral,neutral,0,0.299,32,2491,1,
s10818,SUIUSDT,1782147600000,train,-1,-2.53,0.44,3.64,3.19,0.47,-1.82,0.95,1.72,1.53,1.25,1,-0.71,neutral,neutral,0,-0.061,32,2491,1,
s10819,JUPUSDT,1782147600000,train,-1,-3.01,0.395,5.73,4.86,0.24,-2.31,1.11,1.62,1.13,1.34,0,-0.71,neutral,neutral,0,-0.47,32,2491,1,
s10820,PENDLEUSDT,1782147600000,train,-1,-4.21,0.56,6.09,5.55,0.48,-3.51,1.85,1.46,1.14,1.04,1,-0.71,neutral,neutral,0,0.429,32,2491,1,
s10821,ONDOUSDT,1782147600000,train,-1,-3.31,0.669,4.06,4.0,0.53,-2.6,1.48,1.13,0.83,0.7,1,-0.71,neutral,neutral,0,0.212,32,2490,1,
s10822,FETUSDT,1782147600000,train,-1,-2.83,0.453,4.61,4.12,0.71,-2.12,1.31,1.36,0.98,1.03,0,-0.71,neutral,neutral,0,-0.373,32,2490,1,
s10823,XPLUSDT,1782148500000,train,-1,-4.85,0.472,6.86,5.98,0.35,-4.14,1.91,0.53,0.36,0.32,1,-0.71,neutral,neutral,0,0.375,32,2492,0,
s10824,INJUSDT,1782148500000,train,-1,-2.65,0.437,4.88,3.68,0.5,-1.94,0.88,1.04,0.76,0.76,1,-0.71,neutral,bajista,0,0.197,32,2492,2,
s10825,SUIUSDT,1782148500000,train,-1,-2.46,0.432,3.59,3.5,0.42,-1.75,1.11,1.72,1.53,1.25,1,-0.71,neutral,bajista,0,-0.199,32,2492,2,
s10826,JUPUSDT,1782148500000,train,-1,-3.1,0.413,5.72,4.65,0.22,-2.39,0.84,1.62,1.13,1.34,0,-0.71,neutral,neutral,0,-0.5,32,2492,0,
s10827,PENDLEUSDT,1782148500000,train,-1,-5.19,0.61,7.17,6.71,0.69,-4.48,2.72,1.46,1.14,1.04,1,-0.71,neutral,bajista,0,0.157,32,2492,2,
s10828,ONDOUSDT,1782148500000,train,-1,-3.2,0.661,4.12,4.09,0.51,-2.49,1.44,1.13,0.83,0.7,1,-0.71,neutral,bajista,0,0.148,32,2491,2,
s10829,FETUSDT,1782148500000,train,-1,-3.81,0.655,4.63,4.46,0.69,-3.1,1.46,1.36,0.98,1.03,0,-0.71,neutral,bajista,0,-0.383,32,2491,2,
s10830,GRTUSDT,1782148500000,testB,-1,-2.05,0.461,2.65,2.6,0.54,-1.34,0.98,0.93,0.75,0.85,0,-0.71,neutral,bajista,0,0.412,32,2491,2,
s10831,XPLUSDT,1782149400000,train,-1,-4.85,0.473,6.85,5.73,0.32,-3.36,1.56,0.53,0.36,0.32,1,-1.49,neutral,neutral,0,0.315,32,2493,0,
s10832,PUMPUSDT,1782149400000,train,-1,-2.28,0.376,3.6,2.6,0.7,-0.79,0.87,1.18,1.02,1.08,0,-1.49,neutral,neutral,1,2.0,26,2493,0,
s10833,0GUSDT,1782149400000,train,-1,-2.61,0.48,3.39,3.13,0.37,-1.12,1.35,3.63,2.0,1.34,1,-1.49,neutral,bajista,0,1.107,32,2493,3,
s10834,ENAUSDT,1782149400000,train,-1,-3.92,0.374,5.11,4.55,0.42,-2.43,1.49,1.81,1.58,1.29,1,-1.49,neutral,bajista,0,0.883,32,2493,3,
s10835,ARBUSDT,1782149400000,train,-1,-2.54,0.431,3.37,3.18,0.52,-1.05,1.02,1.18,1.07,0.99,1,-1.49,neutral,bajista,0,0.582,32,2493,3,
s10836,INJUSDT,1782149400000,train,-1,-2.71,0.452,4.86,3.38,0.31,-1.22,0.6,1.04,0.76,0.76,1,-1.49,neutral,neutral,0,0.451,32,2493,0,
s10837,SUIUSDT,1782149400000,train,-1,-2.84,0.538,3.67,3.38,0.39,-1.35,0.97,1.72,1.53,1.25,1,-1.49,neutral,neutral,0,0.053,32,2493,0,
s10838,SEIUSDT,1782149400000,train,-1,-2.81,0.462,3.57,3.31,0.45,-1.32,0.99,1.11,0.77,0.67,1,-1.49,neutral,neutral,0,0.337,32,2493,0,
s10839,JUPUSDT,1782149400000,train,-1,-3.17,0.43,5.4,3.76,0.23,-1.68,0.24,1.62,1.13,1.34,0,-1.49,neutral,neutral,0,-0.346,32,2493,0,
s10840,PENDLEUSDT,1782149400000,train,-1,-6.02,0.798,7.17,6.69,0.8,-4.53,2.42,1.46,1.14,1.04,1,-1.49,neutral,neutral,0,0.203,32,2493,0,
s10841,ONDOUSDT,1782149400000,train,-1,-3.45,0.756,4.57,4.03,0.65,-1.96,1.32,1.13,0.83,0.7,1,-1.49,neutral,neutral,0,0.323,32,2492,0,
s10842,FETUSDT,1782149400000,train,-1,-3.56,0.626,4.79,4.35,0.82,-2.07,1.35,1.36,0.98,1.03,0,-1.49,neutral,neutral,0,-0.304,32,2492,0,
s10843,STXUSDT,1782149400000,testB,-1,-2.2,0.383,5.16,5.0,0.22,-0.71,0.85,1.78,1.26,1.3,0,-1.49,neutral,bajista,0,-0.044,32,2492,3,
s10844,GRTUSDT,1782149400000,testB,-1,-2.19,0.512,2.8,2.5,0.38,-0.7,0.87,0.93,0.75,0.85,0,-1.49,neutral,neutral,0,0.653,32,2492,0,
s10845,LDOUSDT,1782149400000,testB,-1,-2.52,0.518,3.25,2.99,0.48,-1.04,0.84,0.94,0.79,0.76,1,-1.49,neutral,neutral,0,0.89,32,2492,0,
s10846,XPLUSDT,1782150300000,train,-1,-5.55,0.564,6.86,5.93,0.28,-4.07,1.62,0.53,0.36,0.32,1,-1.48,neutral,neutral,0,0.336,32,2494,1,
s10847,ARBUSDT,1782150300000,train,-1,-2.32,0.38,3.2,2.45,0.44,-0.84,0.38,1.18,1.07,0.99,1,-1.48,neutral,neutral,0,0.889,32,2494,0,
s10848,INJUSDT,1782150300000,train,-1,-2.58,0.423,4.77,2.77,0.34,-1.1,0.02,1.04,0.76,0.76,1,-1.48,neutral,neutral,0,0.593,32,2494,0,
s10849,SUIUSDT,1782150300000,train,-1,-2.98,0.583,3.66,3.11,0.36,-1.5,0.68,1.72,1.53,1.25,1,-1.48,neutral,neutral,0,0.134,32,2494,0,
s10850,SEIUSDT,1782150300000,train,-1,-2.55,0.404,3.55,2.73,0.45,-1.08,0.36,1.11,0.77,0.67,1,-1.48,neutral,neutral,0,0.493,32,2494,0,
s10851,JUPUSDT,1782150300000,train,-1,-3.17,0.43,5.24,3.42,0.23,-1.69,0.02,1.62,1.13,1.34,0,-1.48,neutral,neutral,0,-0.746,32,2494,0,
s10852,PENDLEUSDT,1782150300000,train,-1,-5.09,0.69,6.33,5.46,0.8,-3.61,1.81,1.46,1.14,1.04,1,-1.48,neutral,neutral,0,0.249,32,2494,0,
s10853,ONDOUSDT,1782150300000,train,-1,-3.3,0.702,4.49,3.56,0.63,-1.82,0.82,1.13,0.83,0.7,1,-1.48,neutral,neutral,0,0.398,32,2493,0,
s10854,FETUSDT,1782150300000,train,-1,-4.07,0.778,4.68,4.3,0.86,-2.59,1.23,1.36,0.98,1.03,0,-1.48,neutral,neutral,0,-0.282,32,2493,0,
s10855,LDOUSDT,1782150300000,testB,-1,-2.16,0.415,3.19,2.28,0.51,-0.69,0.13,0.94,0.79,0.76,1,-1.48,neutral,neutral,0,1.095,32,2493,0,
s10856,XPLUSDT,1782151200000,train,-1,-3.81,0.419,5.41,4.0,0.26,-2.86,1.02,0.5,0.36,0.32,1,-0.95,neutral,neutral,0,0.701,32,2495,0,
s10857,PENDLEUSDT,1782151200000,train,-1,-2.87,0.442,4.61,3.08,1.04,-1.92,1.04,1.45,1.15,1.05,1,-0.95,neutral,neutral,0,0.683,32,2495,0,
s10858,ONDOUSDT,1782151200000,train,-1,-2.18,0.529,3.46,2.26,0.67,-1.23,0.47,1.06,0.85,0.72,1,-0.95,neutral,neutral,0,1.013,32,2494,0,
s10859,FETUSDT,1782151200000,train,-1,-2.41,0.517,3.56,2.63,0.83,-1.46,0.72,1.31,1.02,1.03,0,-0.95,neutral,neutral,0,-0.208,32,2494,0,
s10860,PENDLEUSDT,1782152100000,train,-1,-2.55,0.413,4.15,2.72,0.71,-2.0,1.15,1.45,1.15,1.05,1,-0.55,neutral,neutral,0,0.593,32,2496,1,
s10861,PENDLEUSDT,1782153000000,train,-1,-2.08,0.364,4.15,2.73,0.4,-1.48,0.98,1.45,1.15,1.05,1,-0.6,neutral,bajista,0,0.539,32,2497,2,
s10862,XPLUSDT,1782153900000,train,-1,-3.1,0.387,4.52,3.72,0.3,-2.13,1.24,0.5,0.36,0.32,1,-0.97,neutral,bajista,0,0.188,32,2498,2,
s10863,ENAUSDT,1782153900000,train,-1,-5.68,0.682,6.79,6.23,0.8,-4.71,2.32,1.8,1.61,1.32,1,-0.97,neutral,bajista,0,0.357,32,2498,3,
s10864,OPUSDT,1782153900000,train,-1,-2.21,0.434,3.04,2.75,0.52,-1.24,0.81,1.02,0.79,0.6,1,-0.97,neutral,neutral,0,0.393,32,2498,1,
s10865,TIAUSDT,1782153900000,train,-1,-3.75,0.369,4.91,4.56,0.65,-2.78,2.03,2.13,1.83,1.15,1,-0.97,neutral,bajista,0,-0.251,32,2498,3,
s10866,PENDLEUSDT,1782153900000,train,-1,-2.72,0.427,3.99,3.41,0.42,-1.75,1.41,1.45,1.15,1.05,1,-0.97,neutral,bajista,0,0.248,32,2498,3,
s10867,FETUSDT,1782153900000,train,-1,-2.54,0.627,3.1,2.94,0.67,-1.57,1.42,1.31,1.02,1.03,0,-0.97,neutral,bajista,0,-1.0,24,2497,3,
s10868,XPLUSDT,1782154800000,train,-1,-3.45,0.439,4.52,3.83,0.41,-2.42,1.09,0.63,0.44,0.36,1,-1.03,neutral,bajista,0,0.257,32,2499,3,
s10869,ENAUSDT,1782154800000,train,-1,-3.97,0.595,4.92,4.46,1.18,-2.94,2.3,1.73,1.64,1.35,1,-1.03,neutral,bajista,0,0.522,32,2499,4,
s10870,ARBUSDT,1782154800000,train,-1,-2.15,0.426,2.71,2.39,1.08,-1.12,1.09,1.12,1.07,1.04,1,-1.03,neutral,bajista,0,0.63,32,2499,2,
s10871,OPUSDT,1782154800000,train,-1,-2.12,0.423,3.15,2.26,1.12,-1.09,0.92,0.99,0.82,0.64,1,-1.03,neutral,bajista,0,0.478,32,2499,2,
s10872,PENDLEUSDT,1782154800000,train,-1,-3.19,0.515,3.89,3.39,0.48,-2.16,1.37,1.32,1.21,1.1,1,-1.03,neutral,bajista,0,0.225,32,2499,4,
s10873,FETUSDT,1782154800000,train,-1,-2.49,0.622,3.21,2.71,0.82,-1.46,1.2,1.18,1.04,1.01,1,-1.03,neutral,neutral,0,-1.0,23,2498,0,
s10874,XPLUSDT,1782155700000,train,-1,-3.71,0.456,4.61,4.18,0.52,-2.64,1.4,0.63,0.44,0.36,1,-1.07,neutral,bajista,0,0.155,32,2500,4,
s10875,WLDUSDT,1782155700000,train,-1,-2.91,0.365,4.72,4.04,1.31,-1.83,1.57,0.8,0.89,0.81,0,-1.07,neutral,neutral,0,0.271,32,2500,0,
s10876,ENAUSDT,1782155700000,train,-1,-2.44,0.47,4.79,4.33,1.34,-1.37,2.05,1.73,1.64,1.35,1,-1.07,neutral,bajista,0,0.43,32,2500,5,
s10877,ARBUSDT,1782155700000,train,-1,-2.19,0.43,2.87,2.57,1.1,-1.11,1.1,1.12,1.07,1.04,1,-1.07,neutral,bajista,0,0.391,32,2500,3,
s10878,PENDLEUSDT,1782155700000,train,-1,-3.65,0.548,4.34,4.12,0.53,-2.58,1.94,1.32,1.21,1.1,1,-1.07,neutral,bajista,0,-0.156,32,2500,5,
s10879,FETUSDT,1782155700000,train,-1,-2.49,0.622,3.16,2.77,0.65,-1.41,1.09,1.18,1.04,1.01,1,-1.07,neutral,neutral,0,-1.0,22,2499,1,
s10880,0GUSDT,1782156600000,train,-1,-3.03,0.722,3.65,3.54,0.57,-2.02,1.32,1.79,2.15,1.41,0,-1.01,neutral,bajista,0,0.606,32,2501,6,
s10881,WLDUSDT,1782156600000,train,-1,-3.36,0.45,4.65,3.91,1.25,-2.35,1.43,0.8,0.89,0.81,0,-1.01,neutral,neutral,0,0.42,32,2501,0,
s10882,ENAUSDT,1782156600000,train,-1,-2.54,0.501,4.13,3.4,1.58,-1.52,1.94,1.73,1.64,1.35,1,-1.01,neutral,neutral,0,0.66,32,2501,0,
s10883,PENDLEUSDT,1782156600000,train,-1,-3.59,0.543,4.76,3.73,1.06,-2.57,1.74,1.32,1.21,1.1,1,-1.01,neutral,bajista,0,-0.196,32,2501,6,
s10884,FETUSDT,1782156600000,train,-1,-2.01,0.536,2.66,2.16,0.7,-0.99,0.94,1.18,1.04,1.01,1,-1.01,neutral,neutral,0,-1.0,20,2500,0,
s10885,0GUSDT,1782157500000,train,-1,-2.86,0.709,3.55,3.1,1.46,-2.31,1.43,1.79,2.15,1.41,0,-0.56,neutral,bajista,0,0.463,32,2502,7,
s10886,ENAUSDT,1782157500000,train,-1,-2.11,0.413,4.12,3.16,0.92,-1.55,1.25,1.73,1.64,1.35,1,-0.56,neutral,neutral,0,0.686,32,2502,0,
s10887,PENDLEUSDT,1782157500000,train,-1,-2.23,0.407,3.82,2.69,1.09,-1.68,1.54,1.32,1.21,1.1,1,-0.56,neutral,neutral,0,-0.408,32,2502,0,
s10888,0GUSDT,1782158400000,train,-1,-2.46,0.615,3.2,2.56,1.32,-2.14,1.1,1.66,2.17,1.42,0,-0.32,neutral,neutral,0,0.662,32,2503,0,
s10889,XPLUSDT,1782159300000,train,-1,-2.99,0.435,5.82,3.58,4.37,-2.56,2.0,0.61,0.45,0.36,1,-0.43,neutral,neutral,0,-0.384,32,2504,1,
s10890,STBLUSDT,1782159300000,train,-1,-2.55,0.396,4.22,3.36,0.79,-2.12,1.2,1.1,1.07,0.67,1,-0.43,neutral,neutral,0,-0.023,32,2504,1,
s10891,0GUSDT,1782159300000,train,-1,-2.62,0.628,3.06,2.76,1.36,-2.18,1.44,1.66,2.17,1.42,0,-0.43,neutral,neutral,0,0.644,32,2504,1,
s10892,WLDUSDT,1782159300000,train,-1,-3.05,0.462,4.27,3.31,0.57,-2.62,1.13,0.67,0.84,0.8,0,-0.43,neutral,neutral,0,0.607,32,2504,1,
s10893,ENAUSDT,1782159300000,train,-1,-2.49,0.421,4.06,3.15,0.49,-2.06,0.97,1.3,1.52,1.34,0,-0.43,neutral,neutral,0,0.616,32,2504,1,
s10894,STBLUSDT,1782160200000,train,-1,-3.07,0.497,4.22,3.52,0.45,-2.92,1.15,1.1,1.07,0.67,1,-0.15,neutral,bajista,0,-0.0,32,2505,2,
s10895,0GUSDT,1782160200000,train,-1,-2.4,0.607,3.06,2.8,1.41,-2.25,1.28,1.66,2.17,1.42,0,-0.15,neutral,neutral,0,0.919,32,2505,0,
s10896,ENAUSDT,1782160200000,train,-1,-2.63,0.434,4.08,3.45,0.53,-2.48,1.11,1.3,1.52,1.34,0,-0.15,neutral,bajista,0,0.715,32,2505,2,
s10897,JUPUSDT,1782160200000,train,1,2.92,0.517,3.31,3.08,1.37,3.08,1.63,0.75,1.11,1.17,0,-0.15,neutral,alcista,0,0.4,32,2505,3,
s10898,STBLUSDT,1782161100000,train,-1,-2.85,0.478,3.76,3.21,0.32,-2.41,1.23,1.1,1.07,0.67,1,-0.44,neutral,bajista,0,0.061,32,2506,3,
s10899,0GUSDT,1782161100000,train,-1,-2.51,0.63,3.07,2.88,0.81,-2.07,1.2,1.66,2.17,1.42,0,-0.44,neutral,neutral,0,0.895,32,2506,1,
s10900,ENAUSDT,1782161100000,train,-1,-3.03,0.515,3.91,3.41,0.54,-2.59,1.14,1.3,1.52,1.34,0,-0.44,neutral,bajista,0,0.873,32,2506,3,
s10901,TIAUSDT,1782161100000,train,-1,-3.04,0.42,5.6,4.3,0.54,-2.59,0.93,1.74,1.83,1.23,0,-0.44,neutral,neutral,0,0.036,32,2506,1,
s10902,JUPUSDT,1782161100000,train,1,2.38,0.45,2.89,2.56,1.54,2.82,1.45,0.75,1.11,1.17,0,-0.44,neutral,neutral,0,0.315,32,2506,0,
s10903,0GUSDT,1782162000000,train,-1,-2.55,0.633,3.03,2.69,0.96,-2.11,1.16,0.9,2.21,1.37,0,-0.43,neutral,bajista,0,1.028,32,2507,2,
s10904,ENAUSDT,1782162000000,train,-1,-2.0,0.403,3.14,2.6,0.53,-1.57,1.02,0.89,1.4,1.29,0,-0.43,neutral,neutral,0,1.117,32,2507,0,
s10905,TIAUSDT,1782162000000,train,-1,-3.7,0.566,5.6,4.33,0.38,-3.27,0.92,1.42,1.8,1.23,0,-0.43,neutral,bajista,0,0.182,32,2507,2,
s10906,JUPUSDT,1782162000000,train,1,3.01,0.525,3.02,2.92,1.89,3.45,1.76,0.62,1.13,1.12,0,-0.43,neutral,neutral,0,0.113,32,2507,1,
s10907,STBLUSDT,1782162900000,train,-1,-2.3,0.476,3.84,3.29,0.48,-1.94,1.2,1.01,1.1,0.65,0,-0.36,neutral,neutral,0,0.298,32,2508,0,
s10908,0GUSDT,1782162900000,train,-1,-2.04,0.579,2.92,2.66,0.93,-1.68,1.09,0.9,2.21,1.37,0,-0.36,neutral,bajista,0,0.9,32,2508,3,
s10909,ENAUSDT,1782162900000,train,-1,-2.01,0.403,3.14,2.75,0.51,-1.65,1.04,0.89,1.4,1.29,0,-0.36,neutral,neutral,0,1.189,32,2508,1,
s10910,TIAUSDT,1782162900000,train,-1,-2.54,0.468,4.27,3.4,0.37,-2.18,1.13,1.42,1.8,1.23,0,-0.36,neutral,bajista,0,0.135,32,2508,3,
s10911,JUPUSDT,1782162900000,train,1,2.23,0.365,2.99,2.32,2.38,2.59,1.07,0.62,1.13,1.12,0,-0.36,neutral,neutral,0,0.265,32,2508,0,
s10912,XPLUSDT,1782163800000,train,-1,-2.71,0.392,5.82,3.54,0.43,-2.33,1.38,0.44,0.46,0.34,0,-0.38,neutral,bajista,0,-0.08,32,2509,3,
s10913,0GUSDT,1782163800000,train,-1,-2.08,0.583,2.97,2.89,0.74,-1.71,1.19,0.9,2.21,1.37,0,-0.38,neutral,bajista,0,0.789,32,2509,4,
s10914,ENAUSDT,1782163800000,train,-1,-2.26,0.432,3.28,3.05,0.48,-1.88,1.25,0.89,1.4,1.29,0,-0.38,neutral,bajista,0,0.94,32,2509,2,
s10915,TIAUSDT,1782163800000,train,-1,-3.3,0.532,4.67,4.41,0.56,-2.92,2.0,1.42,1.8,1.23,0,-0.38,neutral,bajista,0,-0.111,32,2509,4,
s10916,STBLUSDT,1782164700000,train,-1,-2.1,0.495,3.83,2.93,0.56,-1.65,0.48,1.01,1.1,0.65,0,-0.45,neutral,neutral,0,0.253,32,2510,0,
s10917,0GUSDT,1782164700000,train,-1,-2.41,0.747,2.96,2.69,0.79,-1.96,0.9,0.9,2.21,1.37,0,-0.45,neutral,neutral,0,0.986,32,2510,0,
s10918,ENAUSDT,1782164700000,train,-1,-2.33,0.453,3.28,2.95,0.42,-1.88,0.9,0.89,1.4,1.29,0,-0.45,neutral,neutral,0,1.037,32,2510,0,
s10919,TIAUSDT,1782164700000,train,-1,-3.75,0.659,4.67,4.36,0.71,-3.3,1.86,1.42,1.8,1.23,0,-0.45,neutral,neutral,0,-0.077,32,2510,0,
s10920,LDOUSDT,1782164700000,testB,-1,-2.03,0.528,3.03,2.44,0.51,-1.58,0.74,0.65,0.85,0.74,0,-0.45,neutral,neutral,0,0.591,32,2509,0,
s10921,AXSUSDT,1782164700000,testB,1,2.01,0.429,3.01,2.91,2.55,2.46,1.88,0.39,0.61,0.89,0,-0.45,neutral,alcista,0,-1.0,30,2509,2,
s10922,XPLUSDT,1782165600000,train,-1,-2.71,0.405,5.8,3.23,0.38,-2.13,0.83,0.46,0.5,0.36,0,-0.58,neutral,neutral,0,-0.033,32,2511,1,
s10923,STBLUSDT,1782165600000,train,-1,-2.25,0.532,3.36,2.54,0.63,-1.67,0.56,0.96,1.13,0.69,0,-0.58,neutral,neutral,0,0.646,32,2511,1,
s10924,0GUSDT,1782165600000,train,-1,-2.18,0.634,2.95,2.42,0.58,-1.6,0.5,1.57,2.65,1.55,0,-0.58,neutral,neutral,0,1.594,32,2511,0,
s10925,ENAUSDT,1782165600000,train,-1,-2.24,0.429,3.27,2.65,0.37,-1.66,0.53,0.82,1.36,1.31,0,-0.58,neutral,neutral,0,1.514,32,2511,0,
s10926,TIAUSDT,1782165600000,train,-1,-3.62,0.624,4.66,4.06,0.88,-3.04,1.21,1.28,1.84,1.26,0,-0.58,neutral,neutral,0,0.095,32,2511,0,
s10927,LDOUSDT,1782165600000,testB,-1,-2.24,0.608,3.03,2.48,0.55,-1.66,0.64,0.71,0.93,0.76,0,-0.58,neutral,neutral,0,1.06,32,2510,1,
s10928,XPLUSDT,1782166500000,train,-1,-3.71,0.502,5.85,4.15,0.49,-2.83,1.58,0.46,0.5,0.36,0,-0.88,neutral,bajista,0,-0.046,32,2512,2,
s10929,STBLUSDT,1782166500000,train,-1,-2.5,0.556,2.8,2.76,0.46,-1.61,1.23,0.96,1.13,0.69,0,-0.88,neutral,bajista,0,-1.0,23,2512,2,
s10930,0GUSDT,1782166500000,train,-1,-3.75,0.748,4.36,4.01,1.46,-2.86,2.06,1.57,2.65,1.55,0,-0.88,neutral,neutral,0,1.192,32,2512,1,
s10931,ENAUSDT,1782166500000,train,-1,-3.07,0.506,3.83,3.28,0.65,-2.18,1.47,0.82,1.36,1.31,0,-0.88,neutral,neutral,0,1.23,32,2512,1,
s10932,ARBUSDT,1782166500000,train,-1,-2.14,0.522,2.59,2.27,1.12,-1.26,1.18,0.86,1.1,1.04,0,-0.88,neutral,neutral,0,1.511,32,2512,1,
s10933,OPUSDT,1782166500000,train,-1,-3.11,0.667,3.71,3.51,1.6,-2.23,1.73,0.64,0.87,0.65,0,-0.88,neutral,neutral,0,0.371,32,2512,1,
s10934,INJUSDT,1782166500000,train,-1,-2.09,0.421,2.61,2.34,1.47,-1.2,1.26,0.52,0.82,0.69,0,-0.88,neutral,neutral,1,2.0,32,2512,1,
s10935,TIAUSDT,1782166500000,train,-1,-4.26,0.659,4.95,4.77,1.16,-3.38,2.64,1.28,1.84,1.26,0,-0.88,neutral,neutral,0,-1.0,21,2512,1,
s10936,PENDLEUSDT,1782166500000,train,-1,-2.11,0.542,3.02,2.22,0.6,-1.22,0.74,0.92,1.15,1.08,0,-0.88,neutral,neutral,0,1.146,32,2512,1,
s10937,STXUSDT,1782166500000,testB,-1,-2.95,0.844,3.37,3.09,1.96,-2.06,1.77,0.77,1.36,1.07,0,-0.88,neutral,bajista,0,-1.0,14,2511,5,
s10938,LDOUSDT,1782166500000,testB,-1,-3.23,0.69,3.64,3.56,1.14,-2.35,1.78,0.71,0.93,0.76,0,-0.88,neutral,bajista,0,0.674,32,2511,2,
s10939,MANAUSDT,1782166500000,testB,-1,-2.04,0.405,2.23,2.23,0.8,-1.16,1.02,0.49,0.52,0.63,0,-0.88,neutral,bajista,0,-1.0,9,2511,2,
s10940,XPLUSDT,1782167400000,train,-1,-4.6,0.555,5.52,4.85,0.86,-3.56,2.33,0.46,0.5,0.36,0,-1.04,neutral,bajista,0,-0.33,32,2513,3,
s10941,PUMPUSDT,1782167400000,train,-1,-2.98,0.366,4.58,4.3,2.15,-1.94,2.51,0.84,1.06,1.02,0,-1.04,neutral,bajista,0,0.762,32,2513,2,
s10942,0GUSDT,1782167400000,train,-1,-4.09,0.764,5.93,4.23,5,-3.05,2.46,1.57,2.65,1.55,0,-1.04,neutral,bajista,0,0.945,32,2513,2,
s10943,ENAUSDT,1782167400000,train,-1,-3.21,0.517,3.61,3.32,0.79,-2.16,1.59,0.82,1.36,1.31,0,-1.04,neutral,bajista,0,1.149,32,2513,2,
s10944,ARBUSDT,1782167400000,train,-1,-2.46,0.562,2.74,2.56,1.19,-1.41,1.41,0.86,1.1,1.04,0,-1.04,neutral,bajista,0,1.294,32,2513,2,
s10945,OPUSDT,1782167400000,train,-1,-3.11,0.667,3.61,3.31,1.7,-2.07,1.52,0.64,0.87,0.65,0,-1.04,neutral,neutral,0,0.485,32,2513,0,
s10946,INJUSDT,1782167400000,train,-1,-2.35,0.451,2.81,2.6,1.08,-1.31,1.5,0.52,0.82,0.69,0,-1.04,neutral,bajista,0,1.452,32,2513,2,
s10947,TIAUSDT,1782167400000,train,-1,-3.62,0.537,4.51,3.86,1.0,-2.57,2.05,1.28,1.84,1.26,0,-1.04,neutral,neutral,0,-1.0,14,2513,0,
s10948,PENDLEUSDT,1782167400000,train,-1,-3.06,0.632,3.49,3.16,1.38,-2.02,1.62,0.92,1.15,1.08,0,-1.04,neutral,bajista,0,0.488,32,2513,2,
s10949,STXUSDT,1782167400000,testB,-1,-3.06,0.848,3.27,3.15,2.26,-2.01,1.87,0.77,1.36,1.07,0,-1.04,neutral,bajista,0,-1.0,13,2512,6,
s10950,GRTUSDT,1782167400000,testB,-1,-2.04,0.392,2.44,2.34,2.28,-0.99,1.39,1.0,0.98,0.88,1,-1.04,neutral,bajista,0,0.6,32,2512,2,
s10951,LDOUSDT,1782167400000,testB,-1,-3.56,0.71,3.91,3.73,1.64,-2.51,2.0,0.71,0.93,0.76,0,-1.04,neutral,bajista,0,0.626,32,2512,3,
s10952,SANDUSDT,1782167400000,testB,-1,-2.16,0.585,2.54,2.26,2.31,-1.12,1.26,0.4,0.55,0.71,0,-1.04,neutral,bajista,1,2.0,31,2512,2,
s10953,MANAUSDT,1782167400000,testB,-1,-2.32,0.436,2.51,2.51,1.44,-1.27,1.35,0.49,0.52,0.63,0,-1.04,neutral,bajista,0,-1.0,8,2512,3,
s10954,XPLUSDT,1782168300000,train,-1,-3.84,0.49,4.97,4.16,1.13,-3.27,2.05,0.46,0.5,0.36,0,-0.57,neutral,neutral,0,-0.699,32,2514,0,
s10955,0GUSDT,1782168300000,train,-1,-2.66,0.49,5.27,2.81,5,-2.09,1.55,1.57,2.65,1.55,0,-0.57,neutral,neutral,1,2.0,30,2514,0,
s10956,TIAUSDT,1782168300000,train,-1,-2.09,0.369,3.56,2.7,0.97,-1.52,1.69,1.28,1.84,1.26,0,-0.57,neutral,neutral,0,-1.0,11,2514,0,
s10957,STXUSDT,1782168300000,testB,-1,-2.25,0.651,3.03,2.58,2.54,-1.68,1.41,0.77,1.36,1.07,0,-0.57,neutral,neutral,0,-1.0,10,2513,0,
s10958,LDOUSDT,1782168300000,testB,-1,-2.45,0.496,3.37,2.66,1.81,-1.88,1.37,0.71,0.93,0.76,0,-0.57,neutral,neutral,0,0.817,32,2513,0,
s10959,XPLUSDT,1782169200000,train,-1,-3.98,0.499,4.78,4.23,1.36,-3.25,2.12,0.53,0.53,0.37,1,-0.73,neutral,neutral,0,-0.706,32,2515,1,
s10960,0GUSDT,1782169200000,train,-1,-2.93,0.513,5.18,3.25,5,-2.2,1.85,1.58,2.67,1.53,0,-0.73,neutral,neutral,0,1.405,32,2515,1,
s10961,TIAUSDT,1782169200000,train,-1,-2.44,0.432,3.57,2.89,1.0,-1.71,1.54,1.09,1.77,1.27,0,-0.73,neutral,neutral,0,-1.0,10,2515,1,
s10962,STXUSDT,1782169200000,testB,-1,-2.41,0.71,3.03,2.64,2.27,-1.68,1.33,0.82,1.32,1.04,0,-0.73,neutral,neutral,0,-1.0,9,2514,1,
s10963,LDOUSDT,1782169200000,testB,-1,-2.13,0.46,3.15,2.66,1.84,-1.4,1.4,0.69,0.82,0.74,0,-0.73,neutral,neutral,0,0.789,32,2514,1,
s10964,XPLUSDT,1782170100000,train,-1,-2.85,0.355,4.52,3.38,1.42,-2.37,1.37,0.53,0.53,0.37,1,-0.48,neutral,neutral,0,-0.711,32,2516,0,
s10965,0GUSDT,1782170100000,train,-1,-2.15,0.354,4.77,2.27,4.4,-1.66,1.13,1.58,2.67,1.53,0,-0.48,neutral,neutral,1,2.0,28,2516,0,
s10966,TIAUSDT,1782170100000,train,-1,-2.02,0.378,3.57,2.84,0.84,-1.53,1.33,1.09,1.77,1.27,0,-0.48,neutral,neutral,0,-1.0,9,2516,0,
s10967,AXSUSDT,1782170100000,testB,1,2.71,0.389,3.76,2.82,0.99,3.19,1.25,0.57,0.6,0.88,0,-0.48,neutral,alcista,0,-1.0,24,2515,4,
s10968,XPLUSDT,1782171000000,train,-1,-3.11,0.398,4.35,3.25,0.94,-2.46,1.18,0.53,0.53,0.37,1,-0.65,neutral,neutral,0,-1.0,13,2517,1,
s10969,PUMPUSDT,1782171000000,train,-1,-2.8,0.356,5.21,4.73,1.04,-2.15,1.95,0.84,1.02,1.02,0,-0.65,neutral,neutral,0,0.667,32,2517,0,
s10970,0GUSDT,1782171000000,train,-1,-2.15,0.354,4.74,2.35,0.48,-1.5,1.03,1.58,2.67,1.53,0,-0.65,neutral,neutral,1,2.0,27,2517,1,
s10971,TIAUSDT,1782171000000,train,-1,-2.2,0.398,3.58,3.08,0.72,-1.55,1.23,1.09,1.77,1.27,0,-0.65,neutral,neutral,0,-1.0,8,2517,1,
s10972,PUMPUSDT,1782171900000,train,-1,-3.07,0.377,5.23,5.02,1.04,-2.36,1.99,0.84,1.02,1.02,0,-0.71,neutral,neutral,0,0.616,32,2518,1,
s10973,0GUSDT,1782171900000,train,-1,-2.15,0.354,4.75,2.59,0.4,-1.44,1.11,1.58,2.67,1.53,0,-0.71,neutral,bajista,1,2.0,26,2518,2,
s10974,ENAUSDT,1782171900000,train,-1,-2.1,0.419,3.13,2.84,0.9,-1.39,0.94,0.78,1.31,1.3,0,-0.71,neutral,neutral,0,1.488,32,2518,0,
s10975,TIAUSDT,1782171900000,train,-1,-2.06,0.367,3.57,2.79,0.72,-1.35,0.88,1.09,1.77,1.27,0,-0.71,neutral,neutral,0,-1.0,7,2518,0,
s10976,AXSUSDT,1782171900000,testB,1,3.18,0.398,3.64,3.26,1.41,3.89,1.87,0.57,0.6,0.88,0,-0.71,neutral,neutral,0,-1.0,22,2517,1,
s10977,PUMPUSDT,1782172800000,train,-1,-4.94,0.641,7.42,5.89,1.88,-4.07,2.53,1.03,1.08,1.05,0,-0.88,neutral,bajista,0,0.447,32,2519,2,
s10978,0GUSDT,1782172800000,train,-1,-2.45,0.409,4.6,2.55,0.36,-1.57,1.07,1.63,1.88,1.53,0,-0.88,neutral,bajista,1,2.0,25,2519,3,
s10979,ENAUSDT,1782172800000,train,-1,-2.61,0.587,3.06,2.72,0.95,-1.74,0.8,0.66,1.24,1.31,0,-0.88,neutral,neutral,0,1.599,32,2519,0,
s10980,TIAUSDT,1782172800000,train,-1,-2.09,0.369,3.44,2.76,0.58,-1.22,0.84,0.97,1.58,1.3,0,-0.88,neutral,neutral,0,-1.0,5,2519,1,
s10981,PUMPUSDT,1782173700000,train,-1,-5.41,0.661,7.47,6.56,1.8,-4.56,2.89,1.03,1.08,1.05,0,-0.86,neutral,bajista,0,0.702,32,2520,3,
s10982,0GUSDT,1782173700000,train,-1,-2.19,0.382,4.33,2.36,0.34,-1.34,1.03,1.63,1.88,1.53,0,-0.86,neutral,bajista,1,2.0,24,2520,4,
s10983,ENAUSDT,1782173700000,train,-1,-2.57,0.58,3.21,3.03,0.94,-1.71,1.28,0.66,1.24,1.31,0,-0.86,neutral,neutral,1,2.0,32,2520,1,
s10984,TIAUSDT,1782173700000,train,-1,-3.12,0.537,3.62,3.41,0.64,-2.27,1.31,0.97,1.58,1.3,0,-0.86,neutral,bajista,0,-1.0,4,2520,2,
s10985,PUMPUSDT,1782174600000,train,-1,-5.06,0.597,7.06,5.33,1.68,-4.47,1.89,1.03,1.08,1.05,0,-0.59,neutral,neutral,0,0.857,32,2521,0,
s10986,PUMPUSDT,1782175500000,train,-1,-4.55,0.543,6.91,4.97,1.68,-4.1,1.68,1.03,1.08,1.05,0,-0.45,neutral,neutral,0,0.986,32,2522,0,
s10987,PUMPUSDT,1782176400000,train,-1,-4.49,0.54,6.57,4.7,0.53,-4.19,1.56,1.05,1.03,1.0,1,-0.3,neutral,neutral,0,0.971,32,2523,1,
s10988,PUMPUSDT,1782177300000,train,-1,-3.78,0.471,6.21,4.14,0.37,-3.63,1.3,1.05,1.03,1.0,1,-0.16,neutral,neutral,0,1.083,32,2524,0,
s10989,ARUSDT,1782177300000,testB,1,3.21,0.386,4.23,4.13,3.03,3.37,2.27,0.98,0.81,0.7,1,-0.16,neutral,alcista,0,-1.0,20,2523,2,
s10990,AXSUSDT,1782177300000,testB,1,4.49,0.353,6.03,4.48,0.77,4.64,3.21,1.55,1.0,0.87,1,-0.16,neutral,alcista,0,-1.0,16,2523,2,
s10991,PUMPUSDT,1782178200000,train,-1,-3.61,0.458,6.24,4.64,0.32,-3.41,1.56,1.05,1.03,1.0,1,-0.2,neutral,neutral,0,0.955,32,2525,1,
s10992,PUMPUSDT,1782179100000,train,-1,-3.45,0.433,6.19,3.85,0.38,-3.19,0.72,1.05,1.03,1.0,1,-0.26,neutral,neutral,0,1.268,32,2526,0,
s10993,PUMPUSDT,1782180000000,train,-1,-3.45,0.433,5.98,3.57,0.38,-3.16,0.51,0.96,0.98,0.96,0,-0.29,neutral,neutral,0,1.404,32,2527,0,
s10994,ENAUSDT,1782180000000,train,-1,-2.45,0.351,2.9,2.51,1.24,-2.15,1.09,0.63,0.97,1.25,0,-0.29,neutral,neutral,1,2.0,25,2527,1,
s10995,STXUSDT,1782180000000,testB,1,2.67,0.393,4.33,3.95,1.81,2.96,1.94,1.19,0.98,1.1,0,-0.29,neutral,alcista,0,-1.0,17,2526,2,
s10996,GRTUSDT,1782180000000,testB,-1,-2.23,0.379,2.75,2.23,0.73,-1.94,0.54,0.87,0.91,0.87,0,-0.29,neutral,neutral,0,1.023,32,2526,1,
s10997,TIAUSDT,1782180900000,train,1,3.74,0.536,4.72,3.94,1.48,3.54,1.64,0.95,1.37,1.37,0,0.2,neutral,neutral,0,-1.0,16,2528,0,
s10998,FETUSDT,1782180900000,train,1,2.62,0.395,4.24,2.94,0.82,2.42,0.66,0.7,0.83,0.82,0,0.2,neutral,neutral,0,-1.0,16,2527,1,
s10999,STXUSDT,1782180900000,testB,1,4.05,0.667,4.43,4.21,1.91,3.84,2.05,1.19,0.98,1.1,0,0.2,neutral,alcista,0,-1.0,16,2527,3,
s11000,XPLUSDT,1782181800000,train,1,2.62,0.402,3.65,3.04,0.65,2.06,0.84,0.42,0.51,0.38,0,0.55,neutral,alcista,0,-1.0,23,2529,2,
s11001,TIAUSDT,1782181800000,train,1,3.49,0.519,4.71,4.16,1.44,2.94,1.68,0.95,1.37,1.37,0,0.55,neutral,neutral,0,-1.0,15,2529,1,
s11002,STXUSDT,1782181800000,testB,1,4.85,0.754,4.73,4.67,1.96,4.29,2.35,1.19,0.98,1.1,0,0.55,neutral,alcista,0,-1.0,15,2528,4,
s11003,XPLUSDT,1782182700000,train,1,3.27,0.457,4.17,3.79,0.67,2.93,1.49,0.42,0.51,0.38,0,0.34,neutral,alcista,0,-1.0,22,2530,3,
s11004,TIAUSDT,1782182700000,train,1,3.3,0.506,4.71,4.18,1.15,2.96,1.51,0.95,1.37,1.37,0,0.34,neutral,alcista,0,-1.0,14,2530,2,
s11005,STXUSDT,1782182700000,testB,1,4.1,0.635,4.69,4.15,1.63,3.76,1.82,1.19,0.98,1.1,0,0.34,neutral,neutral,0,-1.0,14,2529,0,
s11006,XPLUSDT,1782183600000,train,1,3.12,0.426,3.87,3.08,0.81,3.0,1.09,0.41,0.42,0.38,0,0.12,neutral,neutral,0,-1.0,21,2531,0,
s11007,TIAUSDT,1782183600000,train,1,3.44,0.537,4.71,4.13,0.9,3.31,1.55,0.97,1.21,1.39,0,0.12,neutral,neutral,0,-1.0,13,2531,0,
s11008,STXUSDT,1782183600000,testB,1,3.76,0.554,4.71,3.79,1.08,3.64,1.44,1.59,1.09,1.2,0,0.12,neutral,neutral,0,-1.0,13,2530,0,
s11009,TIAUSDT,1782184500000,train,1,3.98,0.573,4.73,4.68,0.95,3.9,1.87,0.97,1.21,1.39,0,0.09,neutral,neutral,0,-1.0,12,2532,1,
s11010,STXUSDT,1782184500000,testB,1,3.41,0.53,4.27,3.57,1.46,3.32,1.53,1.59,1.09,1.2,0,0.09,neutral,neutral,0,-1.0,12,2531,1,
s11011,TIAUSDT,1782185400000,train,1,4.41,0.638,4.92,4.85,1.05,4.4,1.82,0.97,1.21,1.39,0,0.01,neutral,alcista,0,-1.0,11,2533,2,
s11012,STXUSDT,1782185400000,testB,1,3.24,0.492,4.28,3.3,2.1,3.23,1.09,1.59,1.09,1.2,0,0.01,neutral,neutral,0,-1.0,11,2532,0,
s11013,TIAUSDT,1782186300000,train,1,5.13,0.672,5.77,5.77,1.02,5.05,2.56,0.97,1.21,1.39,0,0.07,neutral,alcista,0,-1.0,10,2534,3,
s11014,STXUSDT,1782186300000,testB,1,3.4,0.504,4.25,3.88,2.26,3.32,1.53,1.59,1.09,1.2,0,0.07,neutral,neutral,0,-1.0,10,2533,1,
s11015,XPLUSDT,1782187200000,train,1,2.33,0.377,3.49,2.83,0.39,2.19,0.9,0.33,0.4,0.38,0,0.15,neutral,neutral,0,-1.0,17,2535,0,
s11016,TIAUSDT,1782187200000,train,1,4.12,0.476,5.88,4.75,1.23,3.97,1.32,1.03,1.17,1.44,0,0.15,neutral,neutral,0,-1.0,9,2535,0,
s11017,STXUSDT,1782187200000,testB,1,3.07,0.433,4.27,3.41,2.26,2.92,0.87,1.51,1.1,1.21,0,0.15,neutral,neutral,0,-1.0,9,2534,0,
s11018,XPLUSDT,1782188100000,train,1,2.43,0.398,3.18,2.39,0.42,2.24,0.7,0.33,0.4,0.38,0,0.19,neutral,neutral,0,-1.0,16,2536,0,
s11019,TIAUSDT,1782188100000,train,1,5.45,0.623,5.64,5.17,1.33,5.26,1.82,1.03,1.17,1.44,0,0.19,neutral,neutral,0,-1.0,8,2536,1,
s11020,JUPUSDT,1782188100000,train,1,3.25,0.405,4.12,3.33,0.62,3.06,1.41,1.19,0.91,1.07,0,0.19,neutral,neutral,0,-1.0,8,2536,0,
s11021,STXUSDT,1782188100000,testB,1,3.02,0.422,4.18,2.93,1.67,2.83,0.45,1.51,1.1,1.21,0,0.19,neutral,neutral,0,-1.0,8,2535,0,
s11022,WLDUSDT,1782189900000,train,-1,-3.37,0.439,4.41,3.95,1.12,-2.55,1.18,0.54,0.53,0.72,0,-0.82,neutral,neutral,1,2.0,22,2538,0,
s11023,INJUSDT,1782189900000,train,-1,-3.1,0.395,5.59,4.69,5,-2.29,2.81,1.06,0.79,0.78,1,-0.82,neutral,bajista,0,0.45,32,2538,3,
s11024,ONDOUSDT,1782189900000,train,-1,-2.38,0.438,2.87,2.84,1.09,-1.56,1.39,0.62,0.59,0.7,0,-0.82,neutral,bajista,0,0.978,32,2537,2,
s11025,FETUSDT,1782189900000,train,-1,-2.58,0.462,2.82,2.82,0.95,-1.76,1.12,0.73,0.71,0.81,0,-0.82,neutral,bajista,1,2.0,14,2537,2,
s11026,MANAUSDT,1782189900000,testB,-1,-2.57,0.373,3.33,2.92,0.66,-1.75,0.61,0.82,0.66,0.57,1,-0.82,neutral,neutral,0,0.762,32,2537,0,
s11027,WLDUSDT,1782190800000,train,-1,-3.15,0.422,3.95,3.53,1.25,-2.24,1.11,0.61,0.54,0.73,0,-0.91,neutral,neutral,1,2.0,18,2539,1,
s11028,INJUSDT,1782190800000,train,-1,-3.2,0.412,5.59,4.71,5,-2.29,2.45,1.16,0.83,0.81,1,-0.91,neutral,bajista,0,0.457,32,2539,4,
s11029,ONDOUSDT,1782190800000,train,-1,-2.11,0.385,2.87,2.68,1.21,-1.19,1.05,0.73,0.61,0.73,0,-0.91,neutral,neutral,0,1.047,32,2538,0,
s11030,FETUSDT,1782190800000,train,-1,-2.16,0.417,2.6,2.43,1.15,-1.25,1.02,0.77,0.68,0.82,0,-0.91,neutral,bajista,1,2.0,13,2538,3,
s11031,MANAUSDT,1782190800000,testB,-1,-2.57,0.373,3.34,3.06,0.65,-1.66,0.73,0.87,0.68,0.58,1,-0.91,neutral,neutral,0,0.727,32,2538,0,
s11032,WLDUSDT,1782191700000,train,-1,-4.09,0.489,5.15,4.39,1.52,-2.97,1.87,0.61,0.54,0.73,0,-1.13,neutral,bajista,0,1.08,32,2540,2,
s11033,INJUSDT,1782191700000,train,-1,-3.41,0.427,5.6,4.93,5,-2.29,2.53,1.16,0.83,0.81,1,-1.13,neutral,bajista,0,0.502,32,2540,5,
s11034,ONDOUSDT,1782191700000,train,-1,-2.56,0.457,3.19,3.0,1.63,-1.43,1.3,0.73,0.61,0.73,0,-1.13,neutral,neutral,0,0.99,32,2539,1,
s11035,FETUSDT,1782191700000,train,-1,-2.06,0.404,2.82,2.43,1.52,-0.93,1.16,0.77,0.68,0.82,0,-1.13,neutral,bajista,1,2.0,12,2539,4,
s11036,ARUSDT,1782191700000,testB,-1,-2.87,0.444,3.51,3.15,0.79,-1.74,0.99,1.11,0.84,0.75,1,-1.13,neutral,neutral,0,1.095,32,2539,0,
s11037,SANDUSDT,1782191700000,testB,-1,-2.76,0.563,3.36,3.06,2.13,-1.63,1.45,0.78,0.59,0.63,0,-1.13,neutral,neutral,0,0.835,32,2539,1,
s11038,MANAUSDT,1782191700000,testB,-1,-2.97,0.44,3.48,3.2,0.86,-1.85,1.04,0.87,0.68,0.58,1,-1.13,neutral,neutral,0,0.652,32,2539,1,
s11039,AXSUSDT,1782191700000,testB,-1,-5.12,0.538,6.55,5.88,0.94,-3.99,1.98,1.74,1.16,0.91,1,-1.13,neutral,bajista,0,0.098,32,2539,2,
s11040,INJUSDT,1782192600000,train,-1,-2.97,0.392,5.61,5.0,2.56,-2.01,2.36,1.16,0.83,0.81,1,-0.96,neutral,bajista,0,0.315,32,2541,6,
s11041,FETUSDT,1782192600000,train,-1,-2.17,0.417,2.83,2.55,1.56,-1.21,1.53,0.77,0.68,0.82,0,-0.96,neutral,bajista,1,2.0,11,2540,5,
s11042,AXSUSDT,1782192600000,testB,-1,-4.95,0.529,6.08,5.5,1.03,-3.99,1.87,1.74,1.16,0.91,1,-0.96,neutral,bajista,0,-0.035,32,2540,3,
s11043,WLDUSDT,1782193500000,train,-1,-2.7,0.494,3.56,3.04,1.58,-1.53,1.83,0.61,0.54,0.73,0,-1.17,neutral,bajista,1,2.0,15,2542,4,
s11044,INJUSDT,1782193500000,train,-1,-3.29,0.457,5.6,4.91,0.73,-2.12,2.07,1.16,0.83,0.81,1,-1.17,neutral,neutral,0,0.342,32,2542,0,
s11045,ONDOUSDT,1782193500000,train,-1,-2.75,0.523,3.05,2.86,1.34,-1.58,1.57,0.73,0.61,0.73,0,-1.17,neutral,neutral,0,0.407,32,2541,1,
s11046,SANDUSDT,1782193500000,testB,-1,-2.01,0.451,2.8,2.37,2.21,-0.84,1.3,0.78,0.59,0.63,0,-1.17,neutral,neutral,0,0.504,32,2541,1,
s11047,AXSUSDT,1782193500000,testB,-1,-4.32,0.465,5.48,4.62,1.15,-3.15,1.61,1.74,1.16,0.91,1,-1.17,neutral,neutral,0,-0.0,32,2541,0,
s11048,WLDUSDT,1782194400000,train,-1,-2.85,0.506,4.22,3.69,2.2,-1.44,2.28,0.87,0.64,0.79,0,-1.41,neutral,bajista,0,0.959,32,2543,5,
s11049,ARBUSDT,1782194400000,train,-1,-2.19,0.614,2.91,2.49,2.65,-0.78,1.59,1.21,1.02,1.08,0,-1.41,neutral,neutral,1,2.0,9,2543,1,
s11050,INJUSDT,1782194400000,train,-1,-3.76,0.489,6.24,5.59,0.78,-2.35,2.45,1.25,0.93,0.86,1,-1.41,neutral,neutral,0,0.12,32,2543,1,
s11051,SUIUSDT,1782194400000,train,-1,-2.8,0.357,4.66,4.46,3.84,-1.39,2.7,2.36,1.54,1.6,0,-1.41,neutral,neutral,0,-0.463,32,2543,1,
s11052,JUPUSDT,1782194400000,train,-1,-2.73,0.418,3.47,3.05,0.73,-1.32,1.09,1.42,1.07,1.12,0,-1.41,neutral,bajista,0,1.031,32,2543,4,
s11053,ONDOUSDT,1782194400000,train,-1,-2.71,0.518,3.48,3.16,1.78,-1.3,1.95,1.01,0.74,0.8,0,-1.41,neutral,bajista,0,0.1,32,2542,2,
s11054,FETUSDT,1782194400000,train,-1,-2.51,0.39,3.3,3.02,1.73,-1.1,1.76,1.16,0.89,0.95,0,-1.41,neutral,neutral,0,0.5,32,2542,1,
s11055,STXUSDT,1782194400000,testB,-1,-2.6,0.414,3.84,3.67,0.68,-1.19,1.68,2.13,1.44,1.37,1,-1.41,neutral,bajista,0,0.303,32,2542,2,
s11056,SANDUSDT,1782194400000,testB,-1,-2.37,0.49,3.55,2.91,2.84,-0.96,1.72,0.8,0.68,0.67,1,-1.41,neutral,bajista,0,-0.116,32,2542,2,
s11057,PUMPUSDT,1782195300000,train,-1,-3.16,0.523,5.17,3.97,3.83,-0.98,2.41,0.73,0.87,0.95,0,-2.18,bear,bajista,0,0.071,32,2544,5,
s11058,STBLUSDT,1782195300000,train,-1,-2.72,0.377,6.27,5.5,3.11,-0.54,2.51,0.92,0.89,0.91,0,-2.18,bear,bajista,0,0.162,32,2544,2,
s11059,0GUSDT,1782195300000,train,-1,-4.74,0.567,7.21,5.95,5,-2.56,3.92,3.22,2.46,2.3,1,-2.18,bear,bajista,0,0.082,32,2544,4,
s11060,WLDUSDT,1782195300000,train,-1,-5.01,0.666,6.19,5.91,2.81,-2.83,3.6,0.87,0.64,0.79,0,-2.18,bear,bajista,0,0.334,32,2544,6,
s11061,ENAUSDT,1782195300000,train,-1,-2.74,0.436,4.53,3.81,2.41,-0.56,2.28,0.81,0.74,1.2,0,-2.18,bear,bajista,0,0.47,32,2544,3,
s11062,ARBUSDT,1782195300000,train,-1,-3.44,0.714,4.89,3.82,4.41,-1.26,2.51,1.21,1.02,1.08,0,-2.18,bear,bajista,0,0.033,32,2544,2,
s11063,OPUSDT,1782195300000,train,-1,-2.58,0.565,4.37,3.15,5,-0.4,2.19,1.07,0.86,0.82,1,-2.18,bear,bajista,0,-0.71,32,2544,2,
s11064,INJUSDT,1782195300000,train,-1,-4.64,0.579,6.92,6.29,0.93,-2.46,2.73,1.25,0.93,0.86,1,-2.18,bear,bajista,0,0.007,32,2544,2,
s11065,SUIUSDT,1782195300000,train,-1,-4.95,0.517,7.88,6.59,5,-2.77,4.13,2.36,1.54,1.6,0,-2.18,bear,bajista,0,-0.539,32,2544,2,
s11066,TIAUSDT,1782195300000,train,-1,-3.48,0.397,6.67,5.67,1.49,-1.3,2.61,1.38,1.19,1.56,0,-2.18,bear,bajista,0,-0.253,32,2544,3,
s11067,PENDLEUSDT,1782195300000,train,-1,-3.03,0.551,5.11,4.09,3.45,-0.85,2.18,0.73,0.76,0.96,0,-2.18,bear,bajista,0,0.166,32,2544,3,
s11068,ONDOUSDT,1782195300000,train,-1,-3.69,0.625,4.85,3.8,2.99,-1.51,2.44,1.01,0.74,0.8,0,-2.18,bear,bajista,0,-0.109,32,2543,3,
s11069,FETUSDT,1782195300000,train,-1,-5.01,0.575,6.59,5.56,5,-2.83,3.75,1.16,0.89,0.95,0,-2.18,bear,bajista,0,-0.103,32,2543,2,
s11070,ARUSDT,1782195300000,testB,-1,-3.47,0.467,5.44,4.41,3.44,-1.29,2.83,1.36,1.05,0.86,1,-2.18,bear,bajista,0,-0.349,32,2543,2,
s11071,STXUSDT,1782195300000,testB,-1,-4.7,0.6,6.97,5.67,2.26,-2.52,3.2,2.13,1.44,1.37,1,-2.18,bear,bajista,0,-0.11,32,2543,3,
s11072,LDOUSDT,1782195300000,testB,-1,-2.84,0.603,4.65,3.42,5,-0.66,2.28,0.98,0.82,0.82,0,-2.18,bear,bajista,0,0.169,32,2543,3,
s11073,SANDUSDT,1782195300000,testB,-1,-3.26,0.601,4.89,3.52,2.77,-1.08,2.15,0.8,0.68,0.67,1,-2.18,bear,bajista,0,-0.188,32,2543,3,
s11074,MANAUSDT,1782195300000,testB,-1,-3.16,0.59,4.53,3.54,3.12,-0.98,1.97,1.11,0.83,0.66,1,-2.18,bear,bajista,0,-0.4,32,2543,3,
s11075,APEUSDT,1782195300000,testB,-1,-3.62,0.646,5.67,3.83,3.96,-1.44,2.14,0.88,0.98,0.85,0,-2.18,bear,bajista,0,-0.115,32,2543,4,
s11076,PUMPUSDT,1782196200000,train,-1,-3.08,0.506,5.16,3.6,4.57,-1.12,1.97,0.73,0.87,0.95,0,-1.96,neutral,neutral,0,0.176,32,2545,0,
s11077,STBLUSDT,1782196200000,train,-1,-2.87,0.408,6.27,5.5,3.39,-0.91,2.27,0.92,0.89,0.91,0,-1.96,neutral,neutral,0,0.221,32,2545,0,
s11078,0GUSDT,1782196200000,train,-1,-4.95,0.611,7.19,5.69,5,-2.99,3.38,3.22,2.46,2.3,1,-1.96,neutral,neutral,0,0.191,32,2545,0,
s11079,WLDUSDT,1782196200000,train,-1,-4.59,0.577,6.86,5.39,3.33,-2.63,2.94,0.87,0.64,0.79,0,-1.96,neutral,neutral,0,0.584,32,2545,0,
s11080,ENAUSDT,1782196200000,train,-1,-2.83,0.451,4.53,3.84,2.53,-0.87,2.16,0.81,0.74,1.2,0,-1.96,neutral,bajista,0,0.475,32,2545,4,
s11081,ARBUSDT,1782196200000,train,-1,-3.62,0.728,4.9,4.0,4.54,-1.66,2.46,1.21,1.02,1.08,0,-1.96,neutral,bajista,0,0.044,32,2545,3,
s11082,OPUSDT,1782196200000,train,-1,-2.78,0.583,4.38,3.36,5,-0.82,2.22,1.07,0.86,0.82,1,-1.96,neutral,bajista,0,-0.636,32,2545,3,
s11083,INJUSDT,1782196200000,train,-1,-4.28,0.538,6.91,6.12,0.96,-2.32,2.4,1.25,0.93,0.86,1,-1.96,neutral,neutral,0,0.085,32,2545,0,
s11084,SUIUSDT,1782196200000,train,-1,-5.1,0.547,7.85,6.19,4.11,-3.14,3.42,2.36,1.54,1.6,0,-1.96,neutral,neutral,0,-0.473,32,2545,0,
s11085,TIAUSDT,1782196200000,train,-1,-3.78,0.439,6.67,5.76,1.69,-1.82,2.57,1.38,1.19,1.56,0,-1.96,neutral,bajista,0,-0.332,32,2545,4,
s11086,PENDLEUSDT,1782196200000,train,-1,-3.13,0.581,5.11,4.07,4.18,-1.17,2.01,0.73,0.76,0.96,0,-1.96,neutral,neutral,0,0.28,32,2545,0,
s11087,ONDOUSDT,1782196200000,train,-1,-3.18,0.551,4.84,3.6,3.0,-1.22,2.08,1.01,0.74,0.8,0,-1.96,neutral,neutral,0,0.027,32,2544,0,
s11088,FETUSDT,1782196200000,train,-1,-4.48,0.526,6.58,5.37,5,-2.52,3.23,1.16,0.89,0.95,0,-1.96,neutral,neutral,0,-0.032,32,2544,0,
s11089,ARUSDT,1782196200000,testB,-1,-3.23,0.448,5.45,4.57,3.47,-1.27,2.72,1.36,1.05,0.86,1,-1.96,neutral,bajista,0,-0.427,32,2544,3,
s11090,STXUSDT,1782196200000,testB,-1,-5.16,0.706,6.97,5.61,2.35,-3.2,2.95,2.13,1.44,1.37,1,-1.96,neutral,neutral,0,-0.111,32,2544,0,
s11091,LDOUSDT,1782196200000,testB,-1,-3.06,0.621,4.66,3.7,5,-1.1,2.42,0.98,0.82,0.82,0,-1.96,neutral,bajista,0,0.062,32,2544,4,
s11092,SANDUSDT,1782196200000,testB,-1,-3.35,0.608,4.87,3.62,2.55,-1.39,2.03,0.8,0.68,0.67,1,-1.96,neutral,bajista,0,-0.236,32,2544,4,
s11093,MANAUSDT,1782196200000,testB,-1,-2.61,0.442,4.51,2.96,3.9,-0.65,1.22,1.11,0.83,0.66,1,-1.96,neutral,neutral,0,-0.19,32,2544,0,
s11094,APEUSDT,1782196200000,testB,-1,-3.76,0.654,5.61,3.99,4.25,-1.8,2.23,0.88,0.98,0.85,0,-1.96,neutral,bajista,0,-0.019,32,2544,5,
s11095,PUMPUSDT,1782197100000,train,-1,-3.01,0.489,5.14,3.38,4.5,-1.04,1.61,0.73,0.87,0.95,0,-1.96,neutral,neutral,0,0.375,32,2546,0,
s11096,0GUSDT,1782197100000,train,-1,-4.48,0.525,7.02,4.81,4.2,-2.52,2.36,3.22,2.46,2.3,1,-1.96,neutral,neutral,0,0.417,32,2546,0,
s11097,WLDUSDT,1782197100000,train,-1,-4.57,0.574,6.61,5.04,3.47,-2.6,2.51,0.87,0.64,0.79,0,-1.96,neutral,neutral,0,0.814,32,2546,0,
s11098,ENAUSDT,1782197100000,train,-1,-3.47,0.577,4.54,4.07,2.55,-1.5,2.05,0.81,0.74,1.2,0,-1.96,neutral,bajista,0,0.581,32,2546,5,
s11099,ARBUSDT,1782197100000,train,-1,-3.68,0.738,4.69,3.82,4.22,-1.72,2.25,1.21,1.02,1.08,0,-1.96,neutral,bajista,0,0.193,32,2546,4,
s11100,OPUSDT,1782197100000,train,-1,-2.28,0.451,4.37,2.94,5,-0.32,1.6,1.07,0.86,0.82,1,-1.96,neutral,neutral,0,-0.552,32,2546,0,
s11101,INJUSDT,1782197100000,train,-1,-4.33,0.55,6.9,5.94,0.99,-2.36,2.0,1.25,0.93,0.86,1,-1.96,neutral,neutral,0,0.198,32,2546,0,
s11102,SUIUSDT,1782197100000,train,-1,-4.8,0.5,7.81,5.61,4.01,-2.84,2.62,2.36,1.54,1.6,0,-1.96,neutral,neutral,0,-0.346,32,2546,0,
s11103,TIAUSDT,1782197100000,train,-1,-3.85,0.446,6.68,5.81,1.75,-1.89,2.33,1.38,1.19,1.56,0,-1.96,neutral,bajista,0,-0.293,32,2546,5,
s11104,PENDLEUSDT,1782197100000,train,-1,-2.56,0.461,5.09,3.68,3.99,-0.59,1.47,0.73,0.76,0.96,0,-1.96,neutral,neutral,0,0.486,32,2546,0,
s11105,ONDOUSDT,1782197100000,train,-1,-3.33,0.587,4.78,3.57,2.62,-1.36,1.83,1.01,0.74,0.8,0,-1.96,neutral,neutral,0,0.125,32,2545,1,
s11106,FETUSDT,1782197100000,train,-1,-4.35,0.506,6.55,4.89,5,-2.39,2.52,1.16,0.89,0.95,0,-1.96,neutral,neutral,0,0.186,32,2545,0,
s11107,ARUSDT,1782197100000,testB,-1,-2.93,0.391,5.42,4.04,3.95,-0.96,1.9,1.36,1.05,0.86,1,-1.96,neutral,neutral,0,-0.443,32,2545,0,
s11108,STXUSDT,1782197100000,testB,-1,-4.42,0.603,6.83,5.08,2.62,-2.46,2.39,2.13,1.44,1.37,1,-1.96,neutral,neutral,0,0.056,32,2545,0,
s11109,GRTUSDT,1782197100000,testB,-1,-2.07,0.435,3.64,2.69,5,-0.1,1.29,0.9,0.95,0.87,0,-1.96,neutral,neutral,0,-0.059,32,2545,0,
s11110,LDOUSDT,1782197100000,testB,-1,-2.39,0.427,4.63,2.99,5,-0.43,1.5,0.98,0.82,0.82,0,-1.96,neutral,neutral,0,0.5,32,2545,0,
s11111,SANDUSDT,1782197100000,testB,-1,-3.49,0.617,4.64,3.65,2.18,-1.52,2.05,0.8,0.68,0.67,1,-1.96,neutral,bajista,0,-0.193,32,2545,5,
s11112,MANAUSDT,1782197100000,testB,-1,-2.34,0.415,4.51,2.96,4.04,-0.37,1.14,1.11,0.83,0.66,1,-1.96,neutral,neutral,0,0.048,32,2545,0,
s11113,APEUSDT,1782197100000,testB,-1,-3.2,0.517,5.43,3.3,4.17,-1.23,1.54,0.88,0.98,0.85,0,-1.96,neutral,neutral,0,0.556,32,2545,0,
s11114,0GUSDT,1782198000000,train,-1,-5.08,0.555,7.17,5.92,3.04,-3.53,3.14,3.69,2.66,2.5,1,-1.55,neutral,neutral,0,0.226,32,2547,1,
s11115,WLDUSDT,1782198000000,train,-1,-3.23,0.403,6.57,4.29,2.69,-1.68,1.65,0.82,0.65,0.78,0,-1.55,neutral,neutral,0,1.178,32,2547,0,
s11116,ENAUSDT,1782198000000,train,-1,-2.84,0.489,4.53,3.84,2.23,-1.29,1.67,0.83,0.72,1.2,0,-1.55,neutral,neutral,0,0.659,32,2547,0,
s11117,ARBUSDT,1782198000000,train,-1,-2.97,0.602,4.67,3.47,2.74,-1.42,1.74,1.24,1.03,1.06,0,-1.55,neutral,neutral,0,0.428,32,2547,0,
s11118,INJUSDT,1782198000000,train,-1,-3.48,0.416,6.85,5.21,0.67,-1.93,1.23,1.3,0.92,0.86,1,-1.55,neutral,neutral,0,0.349,32,2547,0,
s11119,SUIUSDT,1782198000000,train,-1,-3.89,0.422,7.79,5.33,3.14,-2.34,2.18,2.34,1.56,1.64,0,-1.55,neutral,neutral,0,-0.306,32,2547,0,
s11120,TIAUSDT,1782198000000,train,-1,-4.06,0.459,6.69,6.09,3.13,-2.51,2.33,1.72,1.33,1.65,0,-1.55,neutral,bajista,0,-0.181,32,2547,6,
s11121,PENDLEUSDT,1782198000000,train,-1,-2.23,0.39,5.08,3.41,2.01,-0.68,1.16,0.69,0.68,0.95,0,-1.55,neutral,neutral,0,0.61,32,2547,0,
s11122,ONDOUSDT,1782198000000,train,-1,-2.38,0.407,4.75,2.98,2.11,-0.83,1.17,1.02,0.76,0.8,0,-1.55,neutral,neutral,0,0.638,32,2546,0,
s11123,FETUSDT,1782198000000,train,-1,-3.5,0.416,6.52,4.54,4.7,-1.95,2.0,1.11,0.88,0.95,0,-1.55,neutral,neutral,0,0.288,32,2546,0,
s11124,STXUSDT,1782198000000,testB,-1,-3.57,0.478,6.79,4.55,2.09,-2.02,1.75,1.97,1.47,1.36,1,-1.55,neutral,neutral,0,0.247,32,2546,0,
s11125,LDOUSDT,1782198000000,testB,-1,-2.25,0.411,4.64,3.14,4.55,-0.7,1.51,1.01,0.82,0.86,0,-1.55,neutral,neutral,0,0.524,32,2546,1,
s11126,SANDUSDT,1782198000000,testB,-1,-2.69,0.497,4.62,3.35,1.64,-1.14,1.63,0.73,0.7,0.66,1,-1.55,neutral,neutral,0,-0.045,32,2546,0,
s11127,PUMPUSDT,1782198900000,train,-1,-2.47,0.419,5.13,3.09,1.04,-0.75,1.16,0.77,0.91,0.94,0,-1.72,neutral,neutral,0,0.75,32,2548,1,
s11128,STBLUSDT,1782198900000,train,-1,-2.67,0.378,6.24,5.04,0.53,-0.95,1.41,0.92,0.82,0.91,0,-1.72,neutral,neutral,0,0.48,32,2548,1,
s11129,0GUSDT,1782198900000,train,-1,-5.06,0.555,7.15,5.58,0.87,-3.34,2.62,3.69,2.66,2.5,1,-1.72,neutral,neutral,0,0.333,32,2548,0,
s11130,WLDUSDT,1782198900000,train,-1,-4.46,0.591,6.56,4.72,1.17,-2.74,1.9,0.82,0.65,0.78,0,-1.72,neutral,neutral,0,1.076,32,2548,1,
s11131,ENAUSDT,1782198900000,train,-1,-3.31,0.62,4.53,3.87,0.8,-1.59,1.54,0.83,0.72,1.2,0,-1.72,neutral,neutral,0,0.54,32,2548,1,
s11132,ARBUSDT,1782198900000,train,-1,-3.46,0.726,4.68,3.66,0.87,-1.74,1.73,1.24,1.03,1.06,0,-1.72,neutral,neutral,0,0.459,32,2548,1,
s11133,INJUSDT,1782198900000,train,-1,-3.76,0.465,6.85,5.23,0.4,-2.04,1.1,1.3,0.92,0.86,1,-1.72,neutral,neutral,0,0.413,32,2548,1,
s11134,SUIUSDT,1782198900000,train,-1,-4.52,0.51,7.8,5.51,0.66,-2.8,2.2,2.34,1.56,1.64,0,-1.72,neutral,neutral,0,-0.268,32,2548,1,
s11135,TIAUSDT,1782198900000,train,-1,-4.56,0.552,6.69,6.04,2.04,-2.84,2.1,1.72,1.33,1.65,0,-1.72,neutral,neutral,0,-0.052,32,2548,0,
s11136,JUPUSDT,1782198900000,train,-1,-2.54,0.409,5.39,4.29,0.64,-0.81,1.55,1.32,1.09,1.12,0,-1.72,neutral,neutral,0,0.562,32,2548,1,
s11137,PENDLEUSDT,1782198900000,train,-1,-3.03,0.561,5.09,3.68,0.78,-1.31,1.3,0.69,0.68,0.95,0,-1.72,neutral,neutral,0,0.623,32,2548,1,
s11138,ONDOUSDT,1782198900000,train,-1,-2.32,0.393,4.75,2.85,0.67,-0.6,0.9,1.02,0.76,0.8,0,-1.72,neutral,neutral,0,0.789,32,2547,0,
s11139,FETUSDT,1782198900000,train,-1,-3.88,0.464,6.53,4.72,0.7,-2.16,1.91,1.11,0.88,0.95,0,-1.72,neutral,neutral,0,0.325,32,2547,1,
s11140,ARUSDT,1782198900000,testB,-1,-2.97,0.423,5.42,3.99,1.14,-1.25,1.47,1.21,1.09,0.88,1,-1.72,neutral,neutral,0,-0.462,32,2547,1,
s11141,STXUSDT,1782198900000,testB,-1,-4.05,0.54,6.64,4.67,0.45,-2.33,1.91,1.97,1.47,1.36,1,-1.72,neutral,neutral,0,0.12,32,2547,1,
s11142,GRTUSDT,1782198900000,testB,-1,-2.12,0.482,3.64,2.69,1.1,-0.39,1.13,0.86,0.89,0.86,0,-1.72,neutral,neutral,0,0.059,32,2547,1,
s11143,SANDUSDT,1782198900000,testB,-1,-2.5,0.447,4.58,2.65,0.54,-0.78,0.88,0.73,0.7,0.66,1,-1.72,neutral,neutral,0,0.277,32,2547,0,
s11144,PUMPUSDT,1782199800000,train,-1,-3.16,0.479,5.17,3.9,0.79,-1.43,1.76,0.77,0.91,0.94,0,-1.72,neutral,bajista,0,0.436,32,2549,2,
s11145,STBLUSDT,1782199800000,train,-1,-2.8,0.388,6.28,5.63,0.32,-1.07,1.8,0.92,0.82,0.91,0,-1.72,neutral,bajista,0,0.374,32,2549,2,
s11146,0GUSDT,1782199800000,train,-1,-4.81,0.541,7.16,5.7,0.64,-3.09,2.52,3.69,2.66,2.5,1,-1.72,neutral,neutral,0,0.312,32,2549,1,
s11147,WLDUSDT,1782199800000,train,-1,-3.71,0.503,6.54,4.42,0.76,-1.99,1.48,0.82,0.65,0.78,0,-1.72,neutral,neutral,0,1.235,32,2549,0,
s11148,ENAUSDT,1782199800000,train,-1,-3.6,0.639,4.8,4.31,0.79,-1.88,1.84,0.83,0.72,1.2,0,-1.72,neutral,bajista,0,0.428,32,2549,2,
s11149,ARBUSDT,1782199800000,train,-1,-3.4,0.722,4.69,3.81,0.54,-1.68,1.71,1.24,1.03,1.06,0,-1.72,neutral,bajista,0,0.474,32,2549,2,
s11150,OPUSDT,1782199800000,train,-1,-2.09,0.429,4.37,2.94,0.56,-0.37,1.18,1.08,0.83,0.82,1,-1.72,neutral,neutral,0,-0.414,32,2549,1,
s11151,INJUSDT,1782199800000,train,-1,-3.98,0.479,6.87,5.59,0.39,-2.25,1.34,1.3,0.92,0.86,1,-1.72,neutral,bajista,0,0.337,32,2549,2,
s11152,SUIUSDT,1782199800000,train,-1,-4.75,0.522,7.83,5.94,0.47,-3.03,2.39,2.34,1.56,1.64,0,-1.72,neutral,bajista,0,-0.325,32,2549,2,
s11153,TIAUSDT,1782199800000,train,-1,-4.8,0.589,6.7,6.12,1.93,-3.08,1.98,1.72,1.33,1.65,0,-1.72,neutral,neutral,0,-0.116,32,2549,1,
s11154,JUPUSDT,1782199800000,train,-1,-3.23,0.519,5.42,4.69,0.52,-1.51,1.74,1.32,1.09,1.12,0,-1.72,neutral,bajista,0,0.474,32,2549,2,
s11155,PENDLEUSDT,1782199800000,train,-1,-3.45,0.608,5.11,4.07,0.52,-1.73,1.48,0.69,0.68,0.95,0,-1.72,neutral,bajista,0,0.52,32,2549,2,
s11156,ONDOUSDT,1782199800000,train,-1,-2.39,0.399,4.76,3.21,0.57,-0.66,1.14,1.02,0.76,0.8,0,-1.72,neutral,neutral,0,0.545,32,2548,1,
s11157,FETUSDT,1782199800000,train,-1,-4.32,0.491,6.57,5.25,0.47,-2.59,2.23,1.11,0.88,0.95,0,-1.72,neutral,bajista,0,0.185,32,2548,2,
s11158,ARUSDT,1782199800000,testB,-1,-3.03,0.427,5.43,4.31,0.79,-1.31,1.63,1.21,1.09,0.88,1,-1.72,neutral,bajista,0,-0.655,32,2548,2,
s11159,STXUSDT,1782199800000,testB,-1,-3.95,0.533,6.66,4.85,0.36,-2.23,1.83,1.97,1.47,1.36,1,-1.72,neutral,bajista,0,-0.0,32,2548,2,
s11160,GRTUSDT,1782199800000,testB,-1,-2.38,0.511,3.65,3.07,0.57,-0.65,1.37,0.86,0.89,0.86,0,-1.72,neutral,bajista,0,-0.034,32,2548,2,
s11161,LDOUSDT,1782199800000,testB,-1,-2.13,0.383,4.62,2.67,1.56,-0.41,0.86,1.01,0.82,0.86,0,-1.72,neutral,neutral,0,0.929,32,2548,0,
s11162,SANDUSDT,1782199800000,testB,-1,-2.47,0.444,4.59,3.04,0.48,-0.75,1.12,0.73,0.7,0.66,1,-1.72,neutral,neutral,0,0.124,32,2548,1,
s11163,PUMPUSDT,1782200700000,train,-1,-3.82,0.609,5.18,4.12,0.9,-1.97,1.71,0.77,0.91,0.94,0,-1.86,neutral,bajista,0,0.362,32,2550,3,
s11164,STBLUSDT,1782200700000,train,-1,-3.61,0.495,6.31,6.15,0.34,-1.76,2.02,0.92,0.82,0.91,0,-1.86,neutral,bajista,0,0.272,32,2550,3,
s11165,0GUSDT,1782200700000,train,-1,-5.79,0.654,7.2,6.26,0.72,-3.93,2.69,3.69,2.66,2.5,1,-1.86,neutral,bajista,0,0.143,32,2550,2,
s11166,WLDUSDT,1782200700000,train,-1,-4.45,0.564,6.28,4.79,0.6,-2.59,1.82,0.82,0.65,0.78,0,-1.86,neutral,neutral,0,1.082,32,2550,1,
s11167,ENAUSDT,1782200700000,train,-1,-4.16,0.75,4.81,4.58,0.79,-2.31,1.84,0.83,0.72,1.2,0,-1.86,neutral,bajista,0,0.198,32,2550,3,
s11168,ARBUSDT,1782200700000,train,-1,-3.82,0.79,4.7,4.11,0.51,-1.97,1.75,1.24,1.03,1.06,0,-1.86,neutral,bajista,0,0.309,32,2550,3,
s11169,OPUSDT,1782200700000,train,-1,-2.67,0.574,4.37,3.15,0.39,-0.82,1.21,1.08,0.83,0.82,1,-1.86,neutral,bajista,0,-0.581,32,2550,2,
s11170,INJUSDT,1782200700000,train,-1,-4.77,0.626,6.88,5.71,0.33,-2.92,1.28,1.3,0.92,0.86,1,-1.86,neutral,bajista,0,0.289,32,2550,3,
s11171,SUIUSDT,1782200700000,train,-1,-5.75,0.681,7.85,6.21,0.38,-3.9,2.29,2.34,1.56,1.64,0,-1.86,neutral,bajista,0,-0.397,32,2550,3,
s11172,TIAUSDT,1782200700000,train,-1,-5.67,0.792,6.69,6.06,2.04,-3.81,1.74,1.72,1.33,1.65,0,-1.86,neutral,neutral,0,-0.152,32,2550,0,
s11173,SEIUSDT,1782200700000,train,-1,-2.4,0.637,2.95,2.89,0.83,-0.54,1.18,0.69,0.64,0.73,0,-1.86,neutral,bajista,0,0.314,32,2550,2,
s11174,JUPUSDT,1782200700000,train,-1,-4.09,0.733,5.42,4.84,0.49,-2.23,1.69,1.32,1.09,1.12,0,-1.86,neutral,bajista,0,0.31,32,2550,3,
s11175,PENDLEUSDT,1782200700000,train,-1,-3.89,0.749,5.11,4.07,0.48,-2.04,1.33,0.69,0.68,0.95,0,-1.86,neutral,bajista,0,0.53,32,2550,3,
s11176,ONDOUSDT,1782200700000,train,-1,-3.23,0.58,4.77,3.47,0.55,-1.38,1.21,1.02,0.76,0.8,0,-1.86,neutral,bajista,0,0.33,32,2549,2,
s11177,FETUSDT,1782200700000,train,-1,-5.05,0.608,6.58,5.43,0.36,-3.2,2.1,1.11,0.88,0.95,0,-1.86,neutral,bajista,0,0.126,32,2549,3,
s11178,ARUSDT,1782200700000,testB,-1,-4.28,0.685,5.45,4.57,0.63,-2.42,1.67,1.21,1.09,0.88,1,-1.86,neutral,bajista,0,-0.652,32,2549,3,
s11179,STXUSDT,1782200700000,testB,-1,-4.85,0.682,6.68,5.21,0.34,-2.99,1.91,1.97,1.47,1.36,1,-1.86,neutral,bajista,0,-0.12,32,2549,3,
s11180,GRTUSDT,1782200700000,testB,-1,-2.62,0.6,3.65,2.96,0.36,-0.77,1.11,0.86,0.89,0.86,0,-1.86,neutral,neutral,0,-0.0,32,2549,0,
s11181,LDOUSDT,1782200700000,testB,-1,-2.53,0.486,4.62,2.71,1.06,-0.67,0.77,1.01,0.82,0.86,0,-1.86,neutral,neutral,0,0.887,32,2549,1,
s11182,SANDUSDT,1782200700000,testB,-1,-2.93,0.508,4.61,3.39,0.43,-1.07,1.25,0.73,0.7,0.66,1,-1.86,neutral,bajista,0,0.006,32,2549,2,
s11183,MANAUSDT,1782200700000,testB,-1,-2.62,0.543,3.96,2.83,0.54,-0.76,1.21,0.93,0.84,0.68,1,-1.86,neutral,bajista,0,-0.25,32,2549,2,
s11184,XPLUSDT,1782201600000,train,-1,-2.23,0.352,2.88,2.62,0.96,-0.07,1.3,0.39,0.4,0.43,0,-2.17,bear,bajista,0,-1.0,13,2551,3,
s11185,PUMPUSDT,1782201600000,train,-1,-4.03,0.621,5.06,4.34,0.9,-1.87,1.9,1.03,0.99,0.99,0,-2.17,bear,bajista,0,0.049,32,2551,4,
s11186,STBLUSDT,1782201600000,train,-1,-4.14,0.589,4.89,4.61,0.59,-1.98,2.04,1.2,0.95,0.97,0,-2.17,bear,bajista,0,0.177,32,2551,4,
s11187,0GUSDT,1782201600000,train,-1,-5.87,0.657,7.05,6.27,0.36,-3.7,2.62,4.19,2.9,2.65,1,-2.17,bear,bajista,0,0.045,32,2551,3,
s11188,WLDUSDT,1782201600000,train,-1,-3.95,0.497,5.9,4.13,0.58,-1.78,1.51,1.01,0.75,0.8,0,-2.17,bear,neutral,0,1.318,32,2551,0,
s11189,ENAUSDT,1782201600000,train,-1,-4.18,0.75,4.91,4.66,0.84,-2.01,1.79,1.21,0.92,1.24,0,-2.17,bear,bajista,0,-0.02,32,2551,4,
s11190,ARBUSDT,1782201600000,train,-1,-4.47,0.83,5.25,4.77,1.02,-2.31,2.19,2.06,1.4,1.24,1,-2.17,bear,bajista,0,0.027,32,2551,4,
s11191,OPUSDT,1782201600000,train,-1,-3.16,0.667,4.39,3.47,0.48,-0.99,1.38,1.59,1.09,0.93,1,-2.17,bear,bajista,0,-0.618,32,2551,3,
s11192,INJUSDT,1782201600000,train,-1,-4.9,0.657,6.65,5.24,0.36,-2.73,0.99,1.51,1.03,0.91,1,-2.17,bear,neutral,0,0.293,32,2551,0,
s11193,SUIUSDT,1782201600000,train,-1,-6.1,0.696,7.81,6.51,0.46,-3.93,2.45,2.81,1.79,1.76,1,-2.17,bear,bajista,0,-0.569,32,2551,4,
s11194,TIAUSDT,1782201600000,train,-1,-4.68,0.757,6.33,5.72,0.91,-2.51,1.68,2.06,1.52,1.73,0,-2.17,bear,neutral,0,-0.399,32,2551,1,
s11195,SEIUSDT,1782201600000,train,-1,-2.43,0.653,2.87,2.51,1.04,-0.26,0.95,0.97,0.78,0.8,0,-2.17,bear,neutral,0,0.361,32,2551,0,
s11196,JUPUSDT,1782201600000,train,-1,-5.09,0.859,5.71,5.61,0.53,-2.93,2.24,1.38,1.28,1.22,1,-2.17,bear,bajista,0,0.026,32,2551,4,
s11197,PENDLEUSDT,1782201600000,train,-1,-3.99,0.753,4.73,4.15,0.52,-1.82,1.7,0.94,0.8,0.99,0,-2.17,bear,bajista,0,0.106,32,2551,4,
s11198,ONDOUSDT,1782201600000,train,-1,-2.87,0.497,4.76,3.17,0.58,-0.7,0.85,1.25,0.89,0.86,1,-2.17,bear,neutral,0,0.28,32,2550,0,
s11199,FETUSDT,1782201600000,train,-1,-4.85,0.597,6.36,5.39,0.45,-2.69,2.09,1.58,1.11,1.06,1,-2.17,bear,bajista,0,-0.0,32,2550,4,
s11200,ARUSDT,1782201600000,testB,-1,-3.94,0.625,5.23,4.15,0.71,-1.77,1.38,1.46,1.25,0.94,1,-2.17,bear,neutral,0,-0.84,32,2550,0,
s11201,STXUSDT,1782201600000,testB,-1,-4.49,0.664,6.01,4.65,0.4,-2.32,1.86,2.22,1.7,1.47,1,-2.17,bear,bajista,0,-0.293,32,2550,4,
s11202,GRTUSDT,1782201600000,testB,-1,-2.88,0.651,3.65,3.12,0.37,-0.71,1.19,1.09,0.98,0.92,1,-2.17,bear,neutral,0,-0.186,32,2550,1,
s11203,LDOUSDT,1782201600000,testB,-1,-3.01,0.529,4.64,3.22,1.11,-0.85,1.15,1.72,1.19,1.04,1,-2.17,bear,bajista,0,0.357,32,2550,2,
s11204,SANDUSDT,1782201600000,testB,-1,-3.0,0.528,4.61,3.39,0.47,-0.83,1.19,0.94,0.81,0.69,1,-2.17,bear,bajista,0,0.011,32,2550,3,
s11205,MANAUSDT,1782201600000,testB,-1,-2.48,0.5,3.95,2.68,0.56,-0.31,1.04,1.01,0.9,0.71,1,-2.17,bear,neutral,0,-0.263,32,2550,0,
s11206,ASTERUSDT,1782202500000,train,-1,-2.56,0.581,3.26,2.74,1.35,0.5,1.58,0.56,0.38,0.32,1,-3.06,bear,bajista,0,-0.452,32,2552,3,
s11207,XPLUSDT,1782202500000,train,-1,-4.21,0.505,5.06,4.87,1.87,-1.15,3.09,0.39,0.4,0.43,0,-3.06,bear,bajista,0,-1.0,12,2552,4,
s11208,PUMPUSDT,1782202500000,train,-1,-6.43,0.723,7.61,7.02,2.51,-3.38,4.07,1.03,0.99,0.99,0,-3.06,bear,bajista,0,-0.25,32,2552,5,
s11209,STBLUSDT,1782202500000,train,-1,-7.02,0.738,7.97,7.6,1.79,-3.97,4.3,1.2,0.95,0.97,0,-3.06,bear,bajista,0,-0.221,32,2552,5,
s11210,WLDUSDT,1782202500000,train,-1,-5.18,0.564,5.98,5.51,0.91,-2.12,2.47,1.01,0.75,0.8,0,-3.06,bear,neutral,0,0.85,32,2552,1,
s11211,ENAUSDT,1782202500000,train,-1,-6.72,0.882,7.8,7.25,2.59,-3.66,3.77,1.21,0.92,1.24,0,-3.06,bear,bajista,0,-0.283,32,2552,5,
s11212,ARBUSDT,1782202500000,train,-1,-6.92,0.897,8.18,7.46,2.48,-3.87,4.19,2.06,1.4,1.24,1,-3.06,bear,bajista,0,-0.277,32,2552,5,
s11213,OPUSDT,1782202500000,train,-1,-5.82,0.808,6.6,6.29,2.04,-2.77,3.63,1.59,1.09,0.93,1,-3.06,bear,bajista,0,-0.7,32,2552,4,
s11214,INJUSDT,1782202500000,train,-1,-6.32,0.712,7.14,6.77,0.74,-3.26,2.45,1.51,1.03,0.91,1,-3.06,bear,neutral,0,-0.0,32,2552,1,
s11215,SUIUSDT,1782202500000,train,-1,-7.23,0.731,8.21,7.82,1.01,-4.17,3.37,2.81,1.79,1.76,1,-3.06,bear,bajista,0,-0.564,32,2552,5,
s11216,SEIUSDT,1782202500000,train,-1,-3.74,0.744,4.18,3.93,2.35,-0.69,2.24,0.97,0.78,0.8,0,-3.06,bear,neutral,0,-0.117,32,2552,1,
s11217,PENDLEUSDT,1782202500000,train,-1,-6.01,0.821,7.02,6.42,2.03,-2.95,3.66,0.94,0.8,0.99,0,-3.06,bear,bajista,0,-0.233,32,2552,5,
s11218,ONDOUSDT,1782202500000,train,-1,-4.68,0.644,5.33,4.97,1.21,-1.62,2.27,1.25,0.89,0.86,1,-3.06,bear,neutral,0,-0.091,32,2551,1,
s11219,ARUSDT,1782202500000,testB,-1,-5.87,0.713,7.02,6.34,1.42,-2.81,3.1,1.46,1.25,0.94,1,-3.06,bear,neutral,0,-0.736,32,2551,1,
s11220,STXUSDT,1782202500000,testB,-1,-6.03,0.725,7.23,6.47,1.46,-2.97,3.42,2.22,1.7,1.47,1,-3.06,bear,bajista,0,-0.5,32,2551,5,
s11221,GRTUSDT,1782202500000,testB,-1,-4.78,0.782,5.66,5.07,1.33,-1.72,2.73,1.09,0.98,0.92,1,-3.06,bear,bajista,0,-0.436,32,2551,2,
s11222,LDOUSDT,1782202500000,testB,-1,-6.54,0.721,7.32,7.04,3.01,-3.49,4.29,1.72,1.19,1.04,1,-3.06,bear,bajista,0,-0.316,32,2551,3,
s11223,SANDUSDT,1782202500000,testB,-1,-5.3,0.707,6.14,5.62,1.34,-2.25,2.95,0.94,0.81,0.69,1,-3.06,bear,bajista,0,-0.328,32,2551,4,
s11224,MANAUSDT,1782202500000,testB,-1,-3.87,0.609,4.89,4.17,1.08,-0.81,2.36,1.01,0.9,0.71,1,-3.06,bear,neutral,0,-0.517,32,2551,1,
s11225,AXSUSDT,1782202500000,testB,-1,-3.6,0.463,7.07,4.32,0.79,-0.54,1.84,1.03,1.4,1.01,0,-3.06,bear,bajista,0,0.023,32,2551,2,
s11226,APEUSDT,1782202500000,testB,-1,-5.0,0.479,5.79,5.34,2.04,-1.95,3.17,1.49,1.24,1.0,1,-3.06,bear,neutral,0,0.056,32,2551,1,
s11227,PUMPUSDT,1782203400000,train,-1,-5.29,0.562,7.25,5.8,2.07,-3.04,2.99,1.03,0.99,0.99,0,-2.25,bear,neutral,0,-0.15,32,2553,0,
s11228,STBLUSDT,1782203400000,train,-1,-6.02,0.597,7.74,6.53,1.95,-3.78,3.22,1.2,0.95,0.97,0,-2.25,bear,neutral,0,-0.108,32,2553,0,
s11229,0GUSDT,1782203400000,train,-1,-5.59,0.514,8.27,6.13,0.72,-3.35,2.87,4.19,2.9,2.65,1,-2.25,bear,neutral,0,-0.054,32,2553,0,
s11230,WLDUSDT,1782203400000,train,-1,-3.56,0.39,5.44,4.18,0.97,-1.31,1.56,1.01,0.75,0.8,0,-2.25,bear,neutral,0,1.398,32,2553,0,
s11231,ENAUSDT,1782203400000,train,-1,-4.68,0.577,6.85,4.98,2.59,-2.43,2.29,1.21,0.92,1.24,0,-2.25,bear,neutral,0,-0.061,32,2553,0,
s11232,ARBUSDT,1782203400000,train,-1,-5.91,0.781,7.57,6.41,2.81,-3.66,3.43,2.06,1.4,1.24,1,-2.25,bear,neutral,0,-0.228,32,2553,0,
s11233,OPUSDT,1782203400000,train,-1,-4.17,0.538,6.11,4.66,2.03,-1.92,2.34,1.59,1.09,0.93,1,-2.25,bear,neutral,0,-0.733,32,2553,0,
s11234,SUIUSDT,1782203400000,train,-1,-5.52,0.524,7.64,6.03,1.1,-3.27,2.08,2.81,1.79,1.76,1,-2.25,bear,neutral,0,-0.532,32,2553,0,
s11235,TIAUSDT,1782203400000,train,-1,-5.84,0.658,8.32,6.36,1.42,-3.59,3.16,2.06,1.52,1.73,0,-2.25,bear,neutral,0,-0.35,32,2553,0,
s11236,SEIUSDT,1782203400000,train,-1,-2.91,0.551,3.93,3.13,2.39,-0.66,1.59,0.97,0.78,0.8,0,-2.25,bear,neutral,0,-0.006,32,2553,0,
s11237,JUPUSDT,1782203400000,train,-1,-6.69,0.781,8.12,7.37,2.25,-4.44,4.11,1.38,1.28,1.22,1,-2.25,bear,neutral,0,-0.313,32,2553,0,
s11238,PENDLEUSDT,1782203400000,train,-1,-4.19,0.553,6.12,4.45,2.19,-1.95,2.43,0.94,0.8,0.99,0,-2.25,bear,neutral,0,-0.121,32,2553,0,
s11239,FETUSDT,1782203400000,train,-1,-5.88,0.554,7.82,6.3,1.89,-3.63,3.14,1.58,1.11,1.06,1,-2.25,bear,neutral,0,-0.222,32,2552,0,
s11240,ARUSDT,1782203400000,testB,-1,-4.33,0.54,6.04,4.68,1.52,-2.08,2.36,1.46,1.25,0.94,1,-2.25,bear,neutral,0,-1.0,30,2552,0,
s11241,STXUSDT,1782203400000,testB,-1,-4.32,0.497,6.46,4.63,1.58,-2.07,2.22,2.22,1.7,1.47,1,-2.25,bear,neutral,0,-0.469,32,2552,0,
s11242,GRTUSDT,1782203400000,testB,-1,-3.16,0.504,4.97,3.47,1.59,-0.91,1.71,1.09,0.98,0.92,1,-2.25,bear,neutral,0,-0.369,32,2552,0,
s11243,LDOUSDT,1782203400000,testB,-1,-4.63,0.463,6.82,5.05,3.12,-2.39,2.63,1.72,1.19,1.04,1,-2.25,bear,neutral,0,-0.155,32,2552,0,
s11244,SANDUSDT,1782203400000,testB,-1,-3.48,0.441,5.86,4.22,1.54,-1.23,1.68,0.94,0.81,0.69,1,-2.25,bear,neutral,0,-0.191,32,2552,0,
s11245,PUMPUSDT,1782204300000,train,-1,-5.1,0.552,7.26,5.95,1.95,-3.15,2.83,1.03,0.99,0.99,0,-1.95,neutral,neutral,0,-0.085,32,2554,1,
s11246,STBLUSDT,1782204300000,train,-1,-5.65,0.576,7.45,6.2,1.99,-3.7,2.94,1.2,0.95,0.97,0,-1.95,neutral,neutral,0,-0.074,32,2554,0,
s11247,0GUSDT,1782204300000,train,-1,-5.13,0.458,8.15,5.61,0.59,-3.18,2.23,4.19,2.9,2.65,1,-1.95,neutral,neutral,0,0.08,32,2554,0,
s11248,WLDUSDT,1782204300000,train,-1,-5.56,0.518,6.87,6.21,1.47,-3.61,3.08,1.01,0.75,0.8,0,-1.95,neutral,neutral,0,0.744,32,2554,1,
s11249,ENAUSDT,1782204300000,train,-1,-4.47,0.564,6.48,5.04,2.71,-2.52,2.46,1.21,0.92,1.24,0,-1.95,neutral,neutral,0,-0.13,32,2554,1,
s11250,ARBUSDT,1782204300000,train,-1,-5.61,0.772,7.33,6.26,3.02,-3.66,3.2,2.06,1.4,1.24,1,-1.95,neutral,neutral,0,-0.207,32,2554,1,
s11251,OPUSDT,1782204300000,train,-1,-4.27,0.544,6.13,4.88,2.08,-2.32,2.33,1.59,1.09,0.93,1,-1.95,neutral,neutral,0,-0.596,32,2554,1,
s11252,SUIUSDT,1782204300000,train,-1,-5.38,0.517,7.43,5.98,1.09,-3.43,2.03,2.81,1.79,1.76,1,-1.95,neutral,neutral,0,-0.478,32,2554,1,
s11253,TIAUSDT,1782204300000,train,-1,-5.02,0.621,7.46,5.53,1.38,-3.07,2.75,2.06,1.52,1.73,0,-1.95,neutral,neutral,0,-0.228,32,2554,1,
s11254,SEIUSDT,1782204300000,train,-1,-3.02,0.56,3.88,3.25,2.35,-1.07,1.62,0.97,0.78,0.8,0,-1.95,neutral,neutral,0,0.065,32,2554,1,
s11255,JUPUSDT,1782204300000,train,-1,-5.27,0.583,7.44,5.71,2.54,-3.31,2.9,1.38,1.28,1.22,1,-1.95,neutral,neutral,0,-0.174,32,2554,0,
s11256,PENDLEUSDT,1782204300000,train,-1,-3.97,0.538,6.05,4.5,2.33,-2.01,2.26,0.94,0.8,0.99,0,-1.95,neutral,neutral,0,-0.032,32,2554,1,
s11257,FETUSDT,1782204300000,train,-1,-5.58,0.54,7.6,6.32,2.06,-3.63,3.01,1.58,1.11,1.06,1,-1.95,neutral,neutral,0,-0.176,32,2553,1,
s11258,ARUSDT,1782204300000,testB,-1,-3.99,0.506,5.72,4.26,1.57,-2.04,2.02,1.46,1.25,0.94,1,-1.95,neutral,neutral,0,-1.0,26,2553,0,
s11259,STXUSDT,1782204300000,testB,-1,-3.68,0.432,6.33,4.28,1.66,-1.73,1.74,2.22,1.7,1.47,1,-1.95,neutral,neutral,0,-0.36,32,2553,0,
s11260,GRTUSDT,1782204300000,testB,-1,-2.7,0.426,4.96,3.2,1.71,-0.75,1.33,1.09,0.98,0.92,1,-1.95,neutral,neutral,0,-0.167,32,2553,0,
s11261,LDOUSDT,1782204300000,testB,-1,-4.57,0.459,6.75,5.06,3.13,-2.61,2.45,1.72,1.19,1.04,1,-1.95,neutral,neutral,0,-0.186,32,2553,1,
s11262,SANDUSDT,1782204300000,testB,-1,-3.5,0.443,5.87,4.26,1.66,-1.54,1.57,0.94,0.81,0.69,1,-1.95,neutral,neutral,0,-0.126,32,2553,1,
s11263,PUMPUSDT,1782205200000,train,-1,-5.09,0.552,7.1,5.5,1.9,-3.22,2.29,1.07,1.0,0.99,1,-1.87,neutral,neutral,0,0.026,32,2555,0,
s11264,STBLUSDT,1782205200000,train,-1,-4.95,0.477,7.23,5.33,2.05,-3.08,2.11,1.31,1.0,1.01,0,-1.87,neutral,neutral,0,0.062,32,2555,0,
s11265,WLDUSDT,1782205200000,train,-1,-6.29,0.548,7.37,6.89,1.59,-4.42,3.52,1.14,0.82,0.78,1,-1.87,neutral,bajista,0,0.783,32,2555,2,
s11266,ENAUSDT,1782205200000,train,-1,-4.56,0.582,6.48,5.01,2.8,-2.69,2.23,1.27,0.94,1.19,0,-1.87,neutral,neutral,0,-0.033,32,2555,0,
s11267,ARBUSDT,1782205200000,train,-1,-5.48,0.74,7.23,6.02,2.31,-3.61,2.79,2.27,1.5,1.31,1,-1.87,neutral,neutral,0,-0.187,32,2555,0,
s11268,OPUSDT,1782205200000,train,-1,-3.97,0.488,6.0,4.34,1.94,-2.1,1.76,1.66,1.11,0.95,1,-1.87,neutral,neutral,0,-1.0,20,2555,0,
s11269,SUIUSDT,1782205200000,train,-1,-4.95,0.481,6.83,5.22,0.95,-3.08,1.68,2.84,1.86,1.79,1,-1.87,neutral,neutral,0,-0.44,32,2555,0,
s11270,SEIUSDT,1782205200000,train,-1,-2.87,0.533,3.87,3.17,2.13,-1.0,1.37,1.0,0.79,0.82,0,-1.87,neutral,neutral,0,0.157,32,2555,0,
s11271,JUPUSDT,1782205200000,train,-1,-5.17,0.567,7.33,5.45,2.47,-3.3,2.5,1.37,1.29,1.24,1,-1.87,neutral,neutral,0,-0.064,32,2555,0,
s11272,PENDLEUSDT,1782205200000,train,-1,-3.67,0.48,5.73,3.89,2.23,-1.8,1.75,0.93,0.81,0.97,0,-1.87,neutral,neutral,0,0.15,32,2555,0,
s11273,FETUSDT,1782205200000,train,-1,-5.64,0.543,7.44,6.26,2.02,-3.77,2.87,1.65,1.16,1.07,1,-1.87,neutral,bajista,0,-0.14,32,2554,2,
s11274,STXUSDT,1782205200000,testB,-1,-3.51,0.405,6.15,3.87,1.66,-1.65,1.32,1.83,1.71,1.48,1,-1.87,neutral,neutral,0,-0.265,32,2554,0,
s11275,LDOUSDT,1782205200000,testB,-1,-4.26,0.416,6.67,4.53,2.51,-2.39,1.82,1.79,1.23,1.05,1,-1.87,neutral,neutral,0,-0.052,32,2554,0,
s11276,SANDUSDT,1782205200000,testB,-1,-3.22,0.394,5.27,3.34,1.55,-1.35,1.16,0.93,0.81,0.69,1,-1.87,neutral,neutral,0,0.04,32,2554,0,
s11277,PUMPUSDT,1782206100000,train,-1,-4.35,0.481,6.5,4.62,0.42,-2.82,1.77,1.07,1.0,0.99,1,-1.53,neutral,neutral,0,-0.0,32,2556,0,
s11278,STBLUSDT,1782206100000,train,-1,-4.24,0.437,7.23,5.37,0.93,-2.71,1.91,1.31,1.0,1.01,0,-1.53,neutral,neutral,0,-0.015,32,2556,1,
s11279,WLDUSDT,1782206100000,train,-1,-5.19,0.479,6.52,5.84,1.12,-3.66,2.88,1.14,0.82,0.78,1,-1.53,neutral,neutral,0,0.901,32,2556,0,
s11280,ENAUSDT,1782206100000,train,-1,-4.16,0.558,5.91,4.56,0.7,-2.63,2.01,1.27,0.94,1.19,0,-1.53,neutral,neutral,0,-0.205,32,2556,1,
s11281,ARBUSDT,1782206100000,train,-1,-5.09,0.669,6.87,5.36,0.82,-3.57,2.17,2.27,1.5,1.31,1,-1.53,neutral,neutral,0,-0.238,32,2556,0,
s11282,OPUSDT,1782206100000,train,-1,-3.78,0.463,5.79,4.03,0.36,-2.25,1.42,1.66,1.11,0.95,1,-1.53,neutral,neutral,0,-1.0,19,2556,0,
s11283,SUIUSDT,1782206100000,train,-1,-4.06,0.405,6.14,4.23,0.41,-2.53,1.17,2.84,1.86,1.79,1,-1.53,neutral,neutral,0,-0.552,32,2556,0,
s11284,SEIUSDT,1782206100000,train,-1,-2.94,0.554,3.83,3.09,0.74,-1.41,1.17,1.0,0.79,0.82,0,-1.53,neutral,neutral,0,0.037,32,2556,0,
s11285,JUPUSDT,1782206100000,train,-1,-5.14,0.565,7.05,5.41,0.72,-3.61,2.35,1.37,1.29,1.24,1,-1.53,neutral,neutral,0,-0.312,32,2556,1,
s11286,PENDLEUSDT,1782206100000,train,-1,-3.51,0.468,5.51,3.73,0.61,-1.98,1.53,0.93,0.81,0.97,0,-1.53,neutral,neutral,0,-0.088,32,2556,1,
s11287,FETUSDT,1782206100000,train,-1,-4.92,0.447,7.03,5.17,0.56,-3.39,1.85,1.65,1.16,1.07,1,-1.53,neutral,neutral,0,-0.135,32,2555,0,
s11288,ARUSDT,1782206100000,testB,-1,-2.9,0.358,5.52,3.3,0.61,-1.38,0.89,1.51,1.28,0.94,1,-1.53,neutral,neutral,0,-1.0,23,2555,0,
s11289,STXUSDT,1782206100000,testB,-1,-3.14,0.363,5.97,3.52,0.47,-1.61,0.95,1.83,1.71,1.48,1,-1.53,neutral,neutral,0,-0.403,32,2555,0,
s11290,LDOUSDT,1782206100000,testB,-1,-4.13,0.407,6.34,4.46,0.48,-2.6,1.82,1.79,1.23,1.05,1,-1.53,neutral,neutral,0,-0.079,32,2555,1,
s11291,PUMPUSDT,1782207000000,train,-1,-4.44,0.485,6.24,4.79,0.33,-2.74,1.94,1.07,1.0,0.99,1,-1.7,neutral,neutral,0,-0.0,32,2557,1,
s11292,STBLUSDT,1782207000000,train,-1,-4.96,0.525,7.26,5.68,0.85,-3.27,1.94,1.31,1.0,1.01,0,-1.7,neutral,bajista,0,-0.015,32,2557,2,
s11293,WLDUSDT,1782207000000,train,-1,-6.06,0.518,7.32,6.5,1.35,-4.36,3.48,1.14,0.82,0.78,1,-1.7,neutral,neutral,0,0.71,32,2557,1,
s11294,ENAUSDT,1782207000000,train,-1,-4.54,0.599,5.93,4.85,0.49,-2.84,1.99,1.27,0.94,1.19,0,-1.7,neutral,bajista,0,-0.135,32,2557,2,
s11295,ARBUSDT,1782207000000,train,-1,-5.19,0.673,6.81,5.66,0.71,-3.5,2.24,2.27,1.5,1.31,1,-1.7,neutral,neutral,0,-0.228,32,2557,1,
s11296,OPUSDT,1782207000000,train,-1,-3.78,0.463,5.79,4.14,0.33,-2.08,1.37,1.66,1.11,0.95,1,-1.7,neutral,neutral,0,-1.0,18,2557,0,
s11297,TIAUSDT,1782207000000,train,-1,-3.85,0.417,6.52,4.14,0.51,-2.16,1.57,2.12,1.56,1.74,0,-1.7,neutral,bajista,0,-1.0,20,2557,2,
s11298,SEIUSDT,1782207000000,train,-1,-2.86,0.546,3.58,3.14,0.57,-1.16,1.32,1.0,0.79,0.82,0,-1.7,neutral,neutral,0,0.055,32,2557,1,
s11299,JUPUSDT,1782207000000,train,-1,-5.2,0.567,6.68,5.44,0.48,-3.5,2.41,1.37,1.29,1.24,1,-1.7,neutral,bajista,0,-0.33,32,2557,2,
s11300,PENDLEUSDT,1782207000000,train,-1,-3.64,0.48,5.45,3.79,0.42,-1.94,1.44,0.93,0.81,0.97,0,-1.7,neutral,bajista,0,-0.036,32,2557,2,
s11301,FETUSDT,1782207000000,train,-1,-4.89,0.444,7.06,5.6,0.42,-3.19,1.96,1.65,1.16,1.07,1,-1.7,neutral,neutral,0,-0.125,32,2556,1,
s11302,ARUSDT,1782207000000,testB,-1,-3.0,0.366,5.52,3.41,0.44,-1.31,0.86,1.51,1.28,0.94,1,-1.7,neutral,neutral,0,-1.0,22,2556,1,
s11303,STXUSDT,1782207000000,testB,-1,-3.46,0.401,5.98,3.7,0.34,-1.76,0.95,1.83,1.71,1.48,1,-1.7,neutral,neutral,0,-0.292,32,2556,1,
s11304,GRTUSDT,1782207000000,testB,-1,-2.49,0.358,4.84,2.87,0.43,-0.79,0.75,1.1,0.95,0.92,1,-1.7,neutral,bajista,0,0.037,32,2556,2,
s11305,LDOUSDT,1782207000000,testB,-1,-4.39,0.422,6.36,4.75,0.35,-2.69,1.87,1.79,1.23,1.05,1,-1.7,neutral,bajista,0,0.05,32,2556,2,
s11306,PUMPUSDT,1782207900000,train,-1,-4.16,0.441,6.22,4.48,0.34,-2.55,1.54,1.07,1.0,0.99,1,-1.61,neutral,neutral,0,0.048,32,2558,0,
s11307,STBLUSDT,1782207900000,train,-1,-5.23,0.552,6.94,5.52,0.73,-3.62,1.9,1.31,1.0,1.01,0,-1.61,neutral,bajista,0,-0.008,32,2558,3,
s11308,WLDUSDT,1782207900000,train,-1,-5.35,0.446,7.01,5.67,0.83,-3.74,2.69,1.14,0.82,0.78,1,-1.61,neutral,neutral,0,0.819,32,2558,0,
s11309,ENAUSDT,1782207900000,train,-1,-4.32,0.568,5.78,4.58,0.4,-2.71,1.7,1.27,0.94,1.19,0,-1.61,neutral,neutral,0,-0.072,32,2558,0,
s11310,ARBUSDT,1782207900000,train,-1,-4.92,0.617,6.69,5.19,0.6,-3.31,1.71,2.27,1.5,1.31,1,-1.61,neutral,neutral,0,-0.112,32,2558,0,
s11311,OPUSDT,1782207900000,train,-1,-3.78,0.463,5.79,4.03,0.31,-2.16,1.16,1.66,1.11,0.95,1,-1.61,neutral,neutral,0,-1.0,17,2558,0,
s11312,TIAUSDT,1782207900000,train,-1,-3.37,0.353,6.25,3.49,0.53,-1.76,0.98,2.12,1.56,1.74,0,-1.61,neutral,neutral,0,-1.0,19,2558,0,
s11313,SEIUSDT,1782207900000,train,-1,-2.99,0.585,3.56,3.1,0.51,-1.37,1.17,1.0,0.79,0.82,0,-1.61,neutral,neutral,0,0.123,32,2558,0,
s11314,JUPUSDT,1782207900000,train,-1,-4.74,0.526,6.52,5.13,0.46,-3.13,2.06,1.37,1.29,1.24,1,-1.61,neutral,neutral,0,-0.252,32,2558,0,
s11315,PENDLEUSDT,1782207900000,train,-1,-3.64,0.479,5.39,3.97,0.34,-2.02,1.52,0.93,0.81,0.97,0,-1.61,neutral,bajista,0,-0.008,32,2558,3,
s11316,FETUSDT,1782207900000,train,-1,-5.31,0.505,7.06,5.6,0.38,-3.69,1.77,1.65,1.16,1.07,1,-1.61,neutral,neutral,0,-0.062,32,2557,0,
s11317,ARUSDT,1782207900000,testB,-1,-3.4,0.42,5.53,3.57,0.38,-1.78,0.86,1.51,1.28,0.94,1,-1.61,neutral,bajista,0,-1.0,21,2557,2,
s11318,STXUSDT,1782207900000,testB,-1,-3.3,0.38,5.91,3.52,0.27,-1.69,0.77,1.83,1.71,1.48,1,-1.61,neutral,neutral,0,-0.129,32,2557,0,
s11319,GRTUSDT,1782207900000,testB,-1,-2.54,0.368,4.73,2.66,0.32,-0.93,0.59,1.1,0.95,0.92,1,-1.61,neutral,neutral,0,0.14,32,2557,0,
s11320,LDOUSDT,1782207900000,testB,-1,-4.32,0.415,6.24,4.59,0.29,-2.7,1.68,1.79,1.23,1.05,1,-1.61,neutral,neutral,0,0.043,32,2557,0,
s11321,PUMPUSDT,1782208800000,train,-1,-3.29,0.382,5.21,3.55,0.28,-2.09,1.4,1.06,0.91,0.98,0,-1.19,neutral,neutral,0,-0.0,32,2559,1,
s11322,STBLUSDT,1782208800000,train,-1,-3.78,0.415,6.07,4.13,0.35,-2.58,1.13,1.16,0.95,1.0,0,-1.19,neutral,neutral,0,0.09,32,2559,0,
s11323,WLDUSDT,1782208800000,train,-1,-5.18,0.436,6.52,5.68,0.67,-3.99,2.76,1.18,0.86,0.79,1,-1.19,neutral,neutral,0,0.713,32,2559,1,
s11324,ENAUSDT,1782208800000,train,-1,-3.82,0.536,5.31,4.28,0.36,-2.63,1.63,1.31,0.95,1.18,0,-1.19,neutral,neutral,0,-0.145,32,2559,1,
s11325,ARBUSDT,1782208800000,train,-1,-3.92,0.535,5.91,4.24,0.5,-2.72,1.39,2.28,1.48,1.31,1,-1.19,neutral,neutral,0,-0.148,32,2559,0,
s11326,OPUSDT,1782208800000,train,-1,-3.4,0.436,5.17,3.52,0.3,-2.2,1.13,1.69,1.08,0.96,1,-1.19,neutral,neutral,0,-1.0,16,2559,0,
s11327,TIAUSDT,1782208800000,train,-1,-3.41,0.355,6.23,3.93,0.36,-2.21,1.3,2.05,1.55,1.76,0,-1.19,neutral,neutral,0,-1.0,18,2559,1,
s11328,SEIUSDT,1782208800000,train,-1,-2.07,0.398,3.16,2.19,0.44,-0.87,0.61,1.0,0.76,0.82,0,-1.19,neutral,neutral,0,0.313,32,2559,0,
s11329,JUPUSDT,1782208800000,train,-1,-4.47,0.511,6.23,4.88,0.44,-3.28,1.87,1.29,1.25,1.25,1,-1.19,neutral,neutral,0,-0.276,32,2559,0,
s11330,PENDLEUSDT,1782208800000,train,-1,-2.72,0.374,4.58,2.87,0.44,-1.53,1.08,1.1,0.83,0.99,0,-1.19,neutral,neutral,0,-0.013,32,2559,0,
s11331,FETUSDT,1782208800000,train,-1,-4.36,0.453,6.19,4.79,0.36,-3.16,1.65,1.65,1.17,1.08,1,-1.19,neutral,neutral,0,-0.183,32,2558,1,
s11332,ARUSDT,1782208800000,testB,-1,-2.67,0.361,4.96,3.0,0.21,-1.47,0.79,1.46,1.26,0.95,1,-1.19,neutral,neutral,0,-1.0,18,2558,0,
s11333,WLDUSDT,1782209700000,train,-1,-3.94,0.365,6.3,5.94,0.78,-3.29,3.22,1.18,0.86,0.79,1,-0.65,neutral,bajista,0,0.5,32,2560,2,
s11334,ENAUSDT,1782209700000,train,-1,-3.12,0.482,4.14,3.51,0.43,-2.48,1.85,1.31,0.95,1.18,0,-0.65,neutral,bajista,0,-0.393,32,2560,2,
s11335,ARBUSDT,1782209700000,train,-1,-2.73,0.441,4.68,3.09,0.48,-2.08,1.29,2.28,1.48,1.31,1,-0.65,neutral,neutral,0,-1.0,15,2560,1,
s11336,JUPUSDT,1782209700000,train,-1,-3.74,0.459,6.13,4.73,0.43,-3.09,1.61,1.29,1.25,1.25,1,-0.65,neutral,neutral,0,-0.379,32,2560,0,
s11337,PUMPUSDT,1782210600000,train,-1,-2.97,0.389,4.95,3.86,0.34,-1.89,1.61,1.06,0.91,0.98,0,-1.08,neutral,bajista,0,-0.075,32,2561,3,
s11338,WLDUSDT,1782210600000,train,-1,-5.24,0.474,6.88,6.86,0.73,-4.16,3.65,1.18,0.86,0.79,1,-1.08,neutral,bajista,0,0.313,32,2561,3,
s11339,ENAUSDT,1782210600000,train,-1,-3.49,0.51,4.2,3.94,0.5,-2.41,2.03,1.31,0.95,1.18,0,-1.08,neutral,bajista,0,-0.333,32,2561,3,
s11340,ARBUSDT,1782210600000,train,-1,-2.83,0.45,4.7,3.38,0.35,-1.75,1.43,2.28,1.48,1.31,1,-1.08,neutral,bajista,0,-1.0,14,2561,2,
s11341,JUPUSDT,1782210600000,train,-1,-3.6,0.449,6.13,4.84,0.48,-2.52,1.5,1.29,1.25,1.25,1,-1.08,neutral,neutral,0,-0.052,32,2561,1,
s11342,STBLUSDT,1782211500000,train,-1,-3.34,0.435,4.96,3.83,0.42,-2.36,1.43,1.16,0.95,1.0,0,-0.98,neutral,bajista,0,-0.109,32,2562,3,
s11343,WLDUSDT,1782211500000,train,-1,-4.48,0.38,6.83,5.9,0.82,-3.5,2.43,1.18,0.86,0.79,1,-0.98,neutral,neutral,0,0.57,32,2562,0,
s11344,ENAUSDT,1782211500000,train,-1,-3.54,0.513,4.33,4.13,0.65,-2.57,1.98,1.31,0.95,1.18,0,-0.98,neutral,bajista,0,-0.408,32,2562,4,
s11345,ARBUSDT,1782211500000,train,-1,-2.62,0.407,4.69,3.19,0.33,-1.64,1.01,2.28,1.48,1.31,1,-0.98,neutral,neutral,0,-1.0,13,2562,0,
s11346,JUPUSDT,1782211500000,train,-1,-3.51,0.432,6.12,4.68,0.46,-2.53,1.18,1.29,1.25,1.25,1,-0.98,neutral,neutral,0,-0.043,32,2562,0,
s11347,PENDLEUSDT,1782211500000,train,-1,-2.57,0.357,4.2,2.98,1.53,-1.59,1.07,1.1,0.83,0.99,0,-0.98,neutral,neutral,0,-0.016,32,2562,0,
s11348,FETUSDT,1782211500000,train,-1,-2.68,0.364,4.5,3.22,0.43,-1.7,1.16,1.65,1.17,1.08,1,-0.98,neutral,neutral,0,-1.0,14,2561,0,
s11349,PUMPUSDT,1782212400000,train,-1,-2.74,0.351,4.83,2.89,0.32,-1.72,0.29,1.07,0.87,0.94,0,-1.02,neutral,neutral,0,-0.025,32,2563,0,
s11350,STBLUSDT,1782212400000,train,-1,-3.22,0.412,4.94,3.53,0.24,-2.19,0.79,1.12,0.93,1.0,0,-1.02,neutral,neutral,0,-0.024,32,2563,0,
s11351,ENAUSDT,1782212400000,train,-1,-3.49,0.503,4.28,3.81,0.62,-2.47,1.4,1.32,0.98,1.16,0,-1.02,neutral,neutral,0,-0.36,32,2563,0,
s11352,ARBUSDT,1782212400000,train,-1,-2.45,0.373,4.57,2.57,0.29,-1.43,0.27,2.29,1.53,1.3,1,-1.02,neutral,neutral,0,-1.0,12,2563,0,
s11353,JUPUSDT,1782212400000,train,-1,-3.35,0.407,5.4,3.47,0.34,-2.33,0.52,1.26,1.28,1.24,0,-1.02,neutral,neutral,0,-0.0,32,2563,0,
s11354,PENDLEUSDT,1782212400000,train,-1,-2.63,0.37,4.16,2.74,1.31,-1.61,0.66,1.08,0.82,0.97,0,-1.02,neutral,neutral,0,-0.017,32,2563,0,
s11355,APEUSDT,1782212400000,testB,-1,-3.78,0.4,5.97,5.29,0.7,-2.76,1.3,1.77,1.18,1.1,1,-1.02,neutral,neutral,0,0.071,32,2562,0,
s11356,APEUSDT,1782213300000,testB,-1,-4.33,0.492,5.58,4.68,0.55,-3.61,0.94,1.77,1.18,1.1,1,-0.72,neutral,neutral,0,0.065,32,2563,0,
s11357,APEUSDT,1782214200000,testB,-1,-3.56,0.441,4.9,4.0,0.5,-3.04,0.93,1.77,1.18,1.1,1,-0.52,neutral,neutral,0,0.189,32,2564,1,
s11358,SUIUSDT,1782215100000,train,1,3.47,0.441,5.51,5.32,0.85,4.06,2.26,2.92,2.16,1.77,1,-0.59,neutral,alcista,0,-0.333,32,2566,3,
s11359,APEUSDT,1782215100000,testB,-1,-2.86,0.386,4.38,3.55,0.54,-2.27,1.04,1.77,1.18,1.1,1,-0.59,neutral,neutral,0,-1.0,9,2565,0,
s11360,APEUSDT,1782216000000,testB,-1,-2.71,0.359,3.91,2.78,0.54,-2.33,0.78,1.56,1.21,1.13,1,-0.37,neutral,neutral,0,-1.0,7,2566,0,
s11361,XPLUSDT,1782216900000,train,1,4.31,0.531,5.05,4.25,0.97,3.7,1.17,0.4,0.36,0.44,0,0.61,neutral,neutral,0,0.852,32,2568,1,
s11362,0GUSDT,1782216900000,train,1,2.5,0.417,3.45,2.56,0.41,1.88,-0.03,1.8,2.53,2.34,0,0.61,neutral,neutral,0,-1.0,21,2568,0,
s11363,ARBUSDT,1782216900000,train,1,2.25,0.516,2.58,2.27,0.38,1.63,0.42,1.86,1.53,1.29,1,0.61,neutral,neutral,0,0.123,32,2568,0,
s11364,OPUSDT,1782216900000,train,1,2.62,0.641,2.96,2.66,0.46,2.01,0.46,1.2,1.13,0.98,1,0.61,neutral,neutral,0,0.192,32,2568,0,
s11365,SUIUSDT,1782216900000,train,1,3.79,0.49,5.28,3.73,0.73,3.18,0.77,2.04,2.21,1.69,0,0.61,neutral,neutral,0,-0.008,32,2568,0,
s11366,FETUSDT,1782216900000,train,1,2.0,0.386,2.54,2.02,0.35,1.39,0.16,1.17,1.16,1.04,1,0.61,neutral,neutral,0,0.286,32,2567,0,
s11367,GRTUSDT,1782216900000,testB,1,2.8,0.703,2.94,2.89,0.48,2.19,0.8,0.74,0.82,0.9,0,0.61,neutral,neutral,0,-0.109,32,2567,1,
s11368,XPLUSDT,1782217800000,train,1,2.61,0.354,4.14,2.85,0.91,2.67,0.75,0.4,0.36,0.44,0,-0.07,neutral,neutral,1,2.0,15,2569,0,
s11369,SUIUSDT,1782217800000,train,1,2.82,0.42,4.41,3.16,0.9,2.89,1.0,2.04,2.21,1.69,0,-0.07,neutral,neutral,0,-0.18,32,2569,1,
s11370,XPLUSDT,1782218700000,train,1,2.61,0.355,3.94,3.0,0.79,2.81,1.05,0.4,0.36,0.44,0,-0.2,neutral,neutral,0,1.674,32,2570,1,
s11371,SUIUSDT,1782218700000,train,1,2.84,0.424,4.42,3.02,0.71,3.05,0.82,2.04,2.21,1.69,0,-0.2,neutral,neutral,0,-0.151,32,2570,0,
s11372,XPLUSDT,1782219600000,train,1,3.41,0.418,3.91,3.78,0.7,3.81,1.98,0.45,0.38,0.45,0,-0.4,neutral,alcista,0,1.003,32,2571,2,
s11373,SUIUSDT,1782219600000,train,1,2.77,0.417,4.12,2.81,0.61,3.17,1.0,2.07,2.24,1.67,0,-0.4,neutral,neutral,0,-0.147,32,2571,1,
s11374,ARBUSDT,1782221400000,train,1,2.73,0.56,3.09,2.7,1.26,2.67,1.42,1.97,1.6,1.3,1,0.05,neutral,neutral,0,-0.177,32,2573,1,
s11375,OPUSDT,1782221400000,train,1,2.48,0.6,3.33,2.72,1.88,2.43,1.53,1.32,1.2,0.99,1,0.05,neutral,neutral,0,0.0,32,2573,1,
s11376,SUIUSDT,1782221400000,train,1,3.16,0.42,3.88,3.1,0.79,3.1,1.2,2.07,2.24,1.67,0,0.05,neutral,neutral,0,-0.26,32,2573,1,
s11377,GRTUSDT,1782221400000,testB,1,2.07,0.534,2.24,2.19,2.14,2.02,1.22,0.8,0.83,0.9,0,0.05,neutral,neutral,0,-1.0,14,2572,1,
s11378,XPLUSDT,1782222300000,train,1,4.6,0.446,4.72,4.4,1.77,4.45,2.4,0.45,0.38,0.45,0,0.15,neutral,alcista,0,0.707,32,2574,2,
s11379,ARBUSDT,1782222300000,train,1,2.77,0.564,3.08,2.99,1.59,2.61,1.63,1.97,1.6,1.3,1,0.15,neutral,alcista,0,-0.351,32,2574,2,
s11380,OPUSDT,1782222300000,train,1,3.0,0.644,3.41,3.31,1.95,2.84,1.88,1.32,1.2,0.99,1,0.15,neutral,alcista,0,-0.152,32,2574,2,
s11381,SUIUSDT,1782222300000,train,1,3.19,0.424,3.76,3.26,0.89,3.04,1.33,2.07,2.24,1.67,0,0.15,neutral,alcista,0,-0.307,32,2574,2,
s11382,PENDLEUSDT,1782222300000,train,1,2.07,0.396,3.07,2.76,0.91,1.91,1.29,0.92,0.8,0.91,0,0.15,neutral,alcista,0,-0.62,32,2574,2,
s11383,FETUSDT,1782222300000,train,1,2.45,0.437,3.02,2.96,1.74,2.3,1.64,1.27,1.19,1.03,1,0.15,neutral,alcista,0,-0.212,32,2573,2,
s11384,GRTUSDT,1782222300000,testB,1,2.18,0.547,2.55,2.39,1.65,2.02,1.22,0.8,0.83,0.9,0,0.15,neutral,alcista,0,-1.0,13,2573,2,
s11385,APEUSDT,1782222300000,testB,1,2.63,0.538,3.96,3.74,1.14,2.48,1.96,1.49,1.27,1.16,1,0.15,neutral,alcista,0,-1.0,22,2573,3,
s11386,XPLUSDT,1782223200000,train,1,4.14,0.422,4.93,4.92,1.84,3.71,2.72,0.43,0.41,0.46,0,0.44,neutral,alcista,0,0.415,32,2575,3,
s11387,PUMPUSDT,1782223200000,train,1,2.1,0.446,2.69,2.69,1.87,1.66,1.31,0.52,0.77,0.88,0,0.44,neutral,alcista,0,0.921,32,2575,3,
s11388,ARBUSDT,1782223200000,train,1,3.33,0.609,3.71,3.68,1.83,2.89,2.09,1.34,1.69,1.3,0,0.44,neutral,alcista,0,-0.389,32,2575,3,
s11389,OPUSDT,1782223200000,train,1,4.24,0.745,4.46,4.37,2.4,3.8,2.69,0.95,1.27,0.98,0,0.44,neutral,alcista,0,-0.205,32,2575,3,
s11390,SUIUSDT,1782223200000,train,1,3.13,0.42,3.23,3.2,0.95,2.69,1.71,1.68,2.26,1.62,0,0.44,neutral,alcista,0,-0.382,32,2575,3,
s11391,FETUSDT,1782223200000,train,1,2.98,0.495,3.46,3.4,1.63,2.54,1.8,0.86,1.22,1.0,0,0.44,neutral,alcista,0,-0.183,32,2574,3,
s11392,GRTUSDT,1782223200000,testB,1,2.34,0.564,2.54,2.54,1.71,1.9,1.27,0.56,0.82,0.87,0,0.44,neutral,alcista,0,-1.0,12,2574,3,
s11393,APEUSDT,1782223200000,testB,1,3.39,0.672,4.38,4.16,1.38,2.96,2.18,1.22,1.36,1.17,0,0.44,neutral,alcista,0,-1.0,21,2574,4,
s11394,ARBUSDT,1782224100000,train,1,2.68,0.437,3.82,2.99,2.1,2.33,1.28,1.34,1.69,1.3,0,0.34,neutral,neutral,0,-0.301,32,2576,0,
s11395,OPUSDT,1782224100000,train,1,3.82,0.649,4.48,4.08,2.37,3.48,2.17,0.95,1.27,0.98,0,0.34,neutral,neutral,0,-0.073,32,2576,0,
s11396,TIAUSDT,1782224100000,train,1,4.36,0.491,6.06,5.88,1.59,4.01,3.14,1.22,1.66,1.56,0,0.34,neutral,alcista,0,-0.246,32,2576,4,
s11397,FETUSDT,1782224100000,train,1,2.51,0.394,3.53,3.02,1.72,2.17,1.32,0.86,1.22,1.0,0,0.34,neutral,neutral,0,-0.264,32,2575,0,
s11398,ARUSDT,1782224100000,testB,1,2.54,0.516,2.98,2.88,3.71,2.19,1.75,0.93,1.19,0.99,0,0.34,neutral,alcista,0,0.649,32,2575,4,
s11399,APEUSDT,1782224100000,testB,1,3.18,0.6,4.4,3.67,1.39,2.83,1.53,1.22,1.36,1.17,0,0.34,neutral,neutral,0,-1.0,20,2575,0,
s11400,XPLUSDT,1782225000000,train,1,4.13,0.389,5.37,4.14,1.87,3.72,1.57,0.43,0.41,0.46,0,0.41,neutral,neutral,0,0.337,32,2577,1,
s11401,PUMPUSDT,1782225000000,train,1,2.4,0.541,2.91,2.42,1.05,1.99,0.85,0.52,0.77,0.88,0,0.41,neutral,neutral,0,0.912,32,2577,0,
s11402,ARBUSDT,1782225000000,train,1,2.73,0.449,3.79,2.74,1.36,2.33,0.9,1.34,1.69,1.3,0,0.41,neutral,neutral,0,-0.312,32,2577,0,
s11403,OPUSDT,1782225000000,train,1,3.83,0.649,4.49,3.79,1.35,3.43,1.67,0.95,1.27,0.98,0,0.41,neutral,neutral,0,-0.132,32,2577,0,
s11404,TIAUSDT,1782225000000,train,1,5.41,0.621,6.57,6.24,1.37,5.01,3.14,1.22,1.66,1.56,0,0.41,neutral,alcista,0,-0.412,32,2577,5,
s11405,FETUSDT,1782225000000,train,1,2.7,0.434,3.54,2.8,1.0,2.29,0.98,0.86,1.22,1.0,0,0.41,neutral,neutral,0,-0.327,32,2576,0,
s11406,ARUSDT,1782225000000,testB,1,3.01,0.604,3.83,3.13,3.67,2.6,1.83,0.93,1.19,0.99,0,0.41,neutral,alcista,0,0.371,32,2576,5,
s11407,SANDUSDT,1782225000000,testB,1,2.29,0.486,2.76,2.35,1.59,1.88,1.11,0.53,0.74,0.65,0,0.41,neutral,neutral,0,-0.456,32,2576,1,
s11408,APEUSDT,1782225000000,testB,1,2.88,0.514,4.35,3.02,1.15,2.48,1.0,1.22,1.36,1.17,0,0.41,neutral,neutral,0,-1.0,19,2576,0,
s11409,XPLUSDT,1782225900000,train,1,4.58,0.415,5.71,4.54,1.4,4.31,1.85,0.43,0.41,0.46,0,0.28,neutral,alcista,0,0.125,32,2578,2,
s11410,OPUSDT,1782225900000,train,1,3.52,0.607,4.2,3.4,1.25,3.24,1.43,0.95,1.27,0.98,0,0.28,neutral,neutral,0,0.029,32,2578,0,
s11411,TIAUSDT,1782225900000,train,1,5.23,0.587,6.59,6.0,1.24,4.95,2.66,1.22,1.66,1.56,0,0.28,neutral,neutral,0,-0.391,32,2578,0,
s11412,ARUSDT,1782225900000,testB,1,3.37,0.631,4.02,3.47,2.91,3.1,1.98,0.93,1.19,0.99,0,0.28,neutral,alcista,0,0.232,32,2577,6,
s11413,XPLUSDT,1782226800000,train,1,4.25,0.398,5.19,4.26,1.45,4.25,1.95,0.53,0.46,0.44,1,0.0,neutral,alcista,0,0.08,32,2579,3,
s11414,OPUSDT,1782226800000,train,1,2.99,0.527,4.0,3.0,0.96,2.99,1.1,0.99,1.33,0.96,0,0.0,neutral,neutral,0,-0.033,32,2579,0,
s11415,TIAUSDT,1782226800000,train,1,4.65,0.487,6.02,4.57,1.36,4.65,1.69,1.16,1.67,1.48,0,0.0,neutral,neutral,0,-0.437,32,2579,0,
s11416,ARUSDT,1782226800000,testB,1,3.84,0.661,4.1,3.95,2.65,3.84,2.28,1.03,1.27,1.01,0,0.0,neutral,alcista,0,0.114,32,2578,7,
s11417,ARUSDT,1782227700000,testB,1,3.0,0.518,4.32,3.56,2.16,3.43,1.71,1.03,1.27,1.01,0,-0.43,neutral,neutral,0,0.197,32,2579,0,
s11418,ARUSDT,1782228600000,testB,1,3.4,0.55,4.34,4.19,1.34,3.84,2.15,1.03,1.27,1.01,0,-0.43,neutral,neutral,0,-0.048,32,2580,1,
s11419,OPUSDT,1782229500000,train,1,2.25,0.393,3.3,2.5,1.0,2.28,1.01,0.99,1.33,0.96,0,-0.04,neutral,alcista,0,-1.0,16,2582,2,
s11420,ARUSDT,1782229500000,testB,1,3.3,0.525,4.34,4.09,1.27,3.34,1.84,1.03,1.27,1.01,0,-0.04,neutral,neutral,0,0.024,32,2581,0,
s11421,XPLUSDT,1782230400000,train,1,4.07,0.382,5.11,4.52,1.36,3.5,2.1,0.59,0.5,0.44,1,0.57,neutral,alcista,0,-0.123,32,2583,2,
s11422,OPUSDT,1782230400000,train,1,2.25,0.393,3.3,2.5,1.14,1.68,0.83,1.07,1.38,0.96,0,0.57,neutral,neutral,0,-1.0,15,2583,0,
s11423,TIAUSDT,1782230400000,train,1,4.45,0.446,5.52,5.24,0.82,3.88,2.29,1.17,1.64,1.43,0,0.57,neutral,alcista,0,-0.637,32,2583,3,
s11424,ARUSDT,1782230400000,testB,1,3.91,0.567,5.0,4.76,1.25,3.34,2.25,1.16,1.32,1.05,0,0.57,neutral,neutral,0,-0.125,32,2582,1,
s11425,XPLUSDT,1782231300000,train,1,5.12,0.438,5.73,5.62,1.43,4.83,3.05,0.59,0.5,0.44,1,0.28,neutral,alcista,0,-0.279,32,2584,3,
s11426,ARUSDT,1782231300000,testB,1,2.83,0.359,5.06,3.8,1.19,2.55,1.08,1.16,1.32,1.05,0,0.28,neutral,neutral,0,0.105,32,2583,0,
s11427,JUPUSDT,1782232200000,train,1,2.25,0.429,3.38,2.89,0.66,1.79,0.5,1.15,1.23,1.09,0,0.46,neutral,neutral,0,0.559,32,2585,1,
s11428,ARUSDT,1782232200000,testB,1,3.04,0.396,5.06,3.8,1.03,2.58,0.98,1.16,1.32,1.05,0,0.46,neutral,neutral,0,-0.079,32,2584,0,
s11429,AXSUSDT,1782232200000,testB,-1,-2.21,0.434,3.54,3.35,1.45,-2.67,1.28,0.47,0.72,0.92,0,0.46,neutral,bajista,0,0.029,32,2584,7,
s11430,WLDUSDT,1782233100000,train,-1,-3.62,0.368,7.88,6.85,1.18,-4.09,2.55,1.16,1.17,0.85,0,0.47,neutral,bajista,0,0.214,32,2586,3,
s11431,ARUSDT,1782233100000,testB,1,3.26,0.434,5.07,3.56,0.83,2.79,0.64,1.16,1.32,1.05,0,0.47,neutral,neutral,0,0.028,32,2585,0,
s11432,ARUSDT,1782234000000,testB,1,3.52,0.453,5.04,4.0,0.55,3.12,0.98,1.23,1.32,1.07,0,0.4,neutral,neutral,0,-0.137,32,2586,1,
s11433,AXSUSDT,1782234000000,testB,-1,-2.22,0.469,3.75,3.65,0.62,-2.62,1.4,0.45,0.64,0.92,0,0.4,neutral,bajista,0,0.189,32,2586,8,
s11434,WLDUSDT,1782234900000,train,-1,-5.71,0.674,9.0,7.95,1.66,-6.66,3.03,1.19,1.2,0.87,0,0.96,neutral,neutral,0,0.129,32,2588,0,
s11435,JUPUSDT,1782234900000,train,1,2.56,0.367,3.03,2.83,0.54,1.6,1.0,1.12,1.2,1.09,0,0.96,neutral,neutral,0,0.431,32,2588,1,
s11436,ARUSDT,1782234900000,testB,1,4.77,0.568,5.0,4.85,0.52,3.82,1.74,1.23,1.32,1.07,0,0.96,neutral,alcista,0,-0.245,32,2587,2,
s11437,0GUSDT,1782235800000,train,-1,-3.13,0.588,3.81,3.6,1.27,-3.34,2.02,0.82,2.15,1.92,0,0.22,neutral,neutral,0,-0.186,32,2589,1,
s11438,ARUSDT,1782235800000,testB,1,3.18,0.408,4.08,3.43,0.56,2.97,1.17,1.23,1.32,1.07,0,0.22,neutral,neutral,0,-0.232,32,2588,0,
s11439,GRTUSDT,1782235800000,testB,-1,-2.14,0.461,2.72,2.56,0.77,-2.35,0.91,0.62,0.85,0.83,0,0.22,neutral,neutral,0,-0.396,32,2588,1,
s11440,AXSUSDT,1782235800000,testB,-1,-2.69,0.636,3.66,3.56,0.47,-2.91,1.33,0.45,0.64,0.92,0,0.22,neutral,neutral,0,0.056,32,2588,1,
s11441,0GUSDT,1782236700000,train,-1,-2.64,0.455,3.67,2.96,1.65,-2.45,1.38,0.82,2.15,1.92,0,-0.19,neutral,neutral,0,-0.113,32,2590,0,
s11442,WLDUSDT,1782236700000,train,-1,-6.46,0.799,8.78,7.5,1.02,-6.28,2.58,1.19,1.2,0.87,0,-0.19,neutral,neutral,0,0.2,32,2590,0,
s11443,ARBUSDT,1782236700000,train,-1,-2.13,0.356,3.19,3.02,0.48,-1.94,0.73,1.15,1.73,1.28,0,-0.19,neutral,bajista,0,-0.225,32,2590,2,
s11444,FETUSDT,1782236700000,train,-1,-2.05,0.383,2.85,2.68,0.64,-1.86,0.81,0.79,1.22,0.92,0,-0.19,neutral,bajista,0,-1.0,31,2589,2,
s11445,GRTUSDT,1782236700000,testB,-1,-2.5,0.545,2.83,2.72,0.85,-2.31,0.97,0.62,0.85,0.83,0,-0.19,neutral,bajista,0,-0.412,32,2589,2,
s11446,AXSUSDT,1782236700000,testB,-1,-2.69,0.636,3.66,3.46,0.49,-2.51,1.14,0.45,0.64,0.92,0,-0.19,neutral,neutral,0,0.286,32,2589,0,
s11447,APEUSDT,1782236700000,testB,-1,-3.37,0.605,4.25,4.17,0.42,-3.18,1.0,1.07,1.42,1.17,0,-0.19,neutral,bajista,0,0.182,32,2589,2,
s11448,PUMPUSDT,1782237600000,train,-1,-2.06,0.397,2.75,2.32,0.92,-1.48,0.47,0.6,0.7,0.78,0,-0.58,neutral,neutral,0,-1.0,11,2591,0,
s11449,0GUSDT,1782237600000,train,-1,-2.55,0.434,3.62,2.62,1.74,-1.98,0.96,0.76,1.31,1.92,0,-0.58,neutral,neutral,0,0.079,32,2591,0,
s11450,WLDUSDT,1782237600000,train,-1,-5.69,0.755,7.4,6.01,0.57,-5.11,2.09,1.15,1.08,0.86,1,-0.58,neutral,neutral,0,0.397,32,2591,0,
s11451,ARBUSDT,1782237600000,train,-1,-2.61,0.479,3.18,2.8,0.46,-2.03,0.43,1.12,1.5,1.26,0,-0.58,neutral,neutral,0,-0.114,32,2591,0,
s11452,OPUSDT,1782237600000,train,-1,-2.28,0.451,2.54,2.44,0.55,-1.7,0.69,1.03,1.12,0.98,0,-0.58,neutral,bajista,0,-1.0,23,2591,3,
s11453,FETUSDT,1782237600000,train,-1,-2.04,0.383,2.84,2.2,0.47,-1.46,0.26,0.73,0.95,0.9,0,-0.58,neutral,neutral,0,-1.0,30,2590,0,
s11454,GRTUSDT,1782237600000,testB,-1,-2.49,0.545,2.82,2.56,0.6,-1.91,0.66,0.57,0.65,0.8,0,-0.58,neutral,neutral,0,-0.479,32,2590,0,
s11455,SANDUSDT,1782237600000,testB,-1,-2.21,0.615,2.66,2.3,0.51,-1.63,0.5,0.45,0.54,0.62,0,-0.58,neutral,neutral,0,-0.117,32,2590,0,
s11456,AXSUSDT,1782237600000,testB,-1,-2.97,0.756,3.65,3.16,0.51,-2.39,0.8,0.41,0.48,0.92,0,-0.58,neutral,neutral,0,0.156,32,2590,0,
s11457,APEUSDT,1782237600000,testB,-1,-3.87,0.746,4.32,4.17,0.4,-3.29,1.02,0.93,1.25,1.12,0,-0.58,neutral,bajista,0,0.218,32,2590,3,
s11458,0GUSDT,1782238500000,train,-1,-2.24,0.401,3.45,2.54,1.88,-1.88,1.05,0.76,1.31,1.92,0,-0.36,neutral,neutral,0,0.066,32,2592,1,
s11459,WLDUSDT,1782238500000,train,-1,-4.91,0.67,7.1,5.42,0.42,-4.55,1.72,1.15,1.08,0.86,1,-0.36,neutral,neutral,0,0.582,32,2592,0,
s11460,AXSUSDT,1782238500000,testB,-1,-3.16,0.767,3.66,3.46,0.57,-2.8,1.09,0.41,0.48,0.92,0,-0.36,neutral,neutral,0,0.171,32,2591,1,
s11461,APEUSDT,1782238500000,testB,-1,-2.86,0.549,3.92,3.25,0.49,-2.5,0.56,0.93,1.25,1.12,0,-0.36,neutral,neutral,0,0.442,32,2591,0,
s11462,PUMPUSDT,1782239400000,train,-1,-2.06,0.397,2.39,2.25,0.76,-1.48,0.77,0.6,0.7,0.78,0,-0.58,neutral,neutral,0,-1.0,7,2593,1,
s11463,0GUSDT,1782239400000,train,-1,-2.16,0.393,3.17,2.55,0.62,-1.58,1.22,0.76,1.31,1.92,0,-0.58,neutral,bajista,0,-0.066,32,2593,2,
s11464,WLDUSDT,1782239400000,train,-1,-4.26,0.636,6.25,4.59,0.39,-3.68,1.63,1.15,1.08,0.86,1,-0.58,neutral,neutral,0,0.594,32,2593,1,
s11465,ARBUSDT,1782239400000,train,-1,-2.17,0.405,2.39,2.36,0.65,-1.59,0.99,1.12,1.5,1.26,0,-0.58,neutral,neutral,0,-0.255,32,2593,1,
s11466,OPUSDT,1782239400000,train,-1,-2.3,0.434,2.96,2.96,0.79,-1.71,1.33,1.03,1.12,0.98,0,-0.58,neutral,neutral,0,-1.0,21,2593,1,
s11467,SANDUSDT,1782239400000,testB,-1,-2.07,0.604,2.32,2.19,0.59,-1.49,0.77,0.45,0.54,0.62,0,-0.58,neutral,neutral,0,-0.167,32,2592,1,
s11468,AXSUSDT,1782239400000,testB,-1,-2.7,0.737,3.27,3.17,0.56,-2.12,1.08,0.41,0.48,0.92,0,-0.58,neutral,bajista,0,0.094,32,2592,2,
s11469,APEUSDT,1782239400000,testB,-1,-2.58,0.522,3.1,2.73,0.45,-2.0,0.91,0.93,1.25,1.12,0,-0.58,neutral,neutral,0,0.25,32,2592,1,
s11470,WLDUSDT,1782240300000,train,-1,-3.74,0.603,5.91,4.59,0.43,-3.35,1.69,1.15,1.08,0.86,1,-0.4,neutral,bajista,0,0.685,32,2594,2,
s11471,AXSUSDT,1782240300000,testB,-1,-2.7,0.737,3.07,2.87,0.62,-2.3,1.05,0.41,0.48,0.92,0,-0.4,neutral,bajista,0,0.31,32,2593,3,
s11472,WLDUSDT,1782241200000,train,-1,-3.82,0.608,5.93,4.98,0.37,-3.81,1.79,0.96,1.04,0.85,0,-0.02,neutral,bajista,0,0.616,32,2595,3,
s11473,AXSUSDT,1782241200000,testB,-1,-2.03,0.512,2.96,2.27,0.57,-2.01,0.49,0.32,0.46,0.92,0,-0.02,neutral,neutral,0,0.783,32,2594,0,
s11474,WLDUSDT,1782242100000,train,-1,-2.53,0.378,5.88,4.07,0.33,-2.8,0.74,0.96,1.04,0.85,0,0.27,neutral,neutral,0,1.136,32,2596,0,
s11475,ASTERUSDT,1782243000000,train,1,2.33,0.544,5.51,3.42,3.29,2.31,1.4,0.53,0.45,0.39,1,0.02,neutral,alcista,0,0.177,32,2597,4,
s11476,WLDUSDT,1782243000000,train,-1,-3.16,0.431,4.49,3.43,0.29,-3.18,1.23,0.96,1.04,0.85,0,0.02,neutral,neutral,0,1.211,32,2597,1,
s11477,OPUSDT,1782243000000,train,-1,-2.01,0.357,3.17,3.17,0.72,-2.02,1.2,0.91,1.11,0.97,0,0.02,neutral,neutral,0,-1.0,17,2597,1,
s11478,OPUSDT,1782243900000,train,-1,-2.2,0.407,3.27,2.96,0.85,-2.05,0.88,0.91,1.11,0.97,0,-0.14,neutral,neutral,0,-1.0,16,2598,0,
s11479,0GUSDT,1782244800000,train,-1,-2.17,0.424,2.8,2.21,0.8,-1.62,0.54,0.62,0.74,1.86,0,-0.55,neutral,neutral,0,0.283,32,2599,1,
s11480,OPUSDT,1782244800000,train,-1,-2.1,0.382,2.65,2.24,0.8,-1.55,0.65,0.77,0.85,0.97,0,-0.55,neutral,neutral,0,-1.0,8,2599,0,
s11481,PUMPUSDT,1782247500000,train,1,2.31,0.457,2.82,2.82,1.08,2.45,1.45,0.54,0.53,0.75,0,-0.13,neutral,neutral,0,-0.25,32,2602,1,
s11482,ASTERUSDT,1782248400000,train,1,2.25,0.623,3.9,2.42,0.45,2.11,1.11,0.36,0.4,0.39,0,0.14,neutral,alcista,0,-0.065,32,2603,2,
s11483,PUMPUSDT,1782248400000,train,1,3.55,0.636,3.71,3.64,1.13,3.41,2.19,0.57,0.55,0.77,0,0.14,neutral,alcista,0,-0.346,32,2603,2,
s11484,INJUSDT,1782248400000,train,1,2.31,0.491,2.67,2.43,1.02,2.17,1.12,0.38,0.55,0.79,0,0.14,neutral,alcista,0,-1.0,24,2603,2,
s11485,ONDOUSDT,1782248400000,train,1,2.17,0.366,2.41,2.38,2.14,2.03,1.19,0.8,0.76,0.83,0,0.14,neutral,neutral,0,-1.0,25,2602,1,
s11486,PUMPUSDT,1782249300000,train,1,3.9,0.659,4.38,4.38,1.43,4.02,2.68,0.57,0.55,0.77,0,-0.12,neutral,alcista,0,-0.46,32,2604,3,
s11487,ASTERUSDT,1782250200000,train,1,2.31,0.704,3.89,2.6,0.6,2.16,1.1,0.36,0.4,0.39,0,0.15,neutral,alcista,0,-0.03,32,2605,4,
s11488,PUMPUSDT,1782250200000,train,1,5.22,0.818,5.17,5.17,1.66,5.07,3.26,0.57,0.55,0.77,0,0.15,neutral,alcista,0,-0.693,32,2605,4,
s11489,LDOUSDT,1782250200000,testB,1,2.24,0.553,2.58,2.35,0.87,2.1,0.75,0.56,0.69,0.97,0,0.15,neutral,neutral,0,-0.197,32,2604,1,
s11490,ASTERUSDT,1782251100000,train,1,2.21,0.656,3.9,2.37,0.62,1.84,0.79,0.36,0.4,0.39,0,0.37,neutral,neutral,0,0.08,32,2606,0,
s11491,PUMPUSDT,1782251100000,train,1,4.13,0.564,5.22,4.24,1.8,3.76,2.09,0.57,0.55,0.77,0,0.37,neutral,neutral,0,-0.59,32,2606,0,
s11492,LDOUSDT,1782251100000,testB,1,2.0,0.486,2.54,2.16,1.12,1.63,0.57,0.56,0.69,0.97,0,0.37,neutral,neutral,0,-0.232,32,2605,0,
s11493,ASTERUSDT,1782252000000,train,1,2.47,0.68,3.88,2.66,0.67,1.87,0.96,0.37,0.4,0.4,0,0.6,neutral,neutral,0,-0.047,32,2607,1,
s11494,PUMPUSDT,1782252000000,train,1,4.63,0.593,5.12,4.77,1.6,4.03,2.41,0.57,0.56,0.74,0,0.6,neutral,neutral,0,-0.638,32,2607,1,
s11495,ONDOUSDT,1782252000000,train,1,2.0,0.397,2.44,2.28,0.19,1.4,0.83,0.74,0.74,0.8,0,0.6,neutral,neutral,0,-1.0,21,2606,1,
s11496,ASTERUSDT,1782252900000,train,1,2.41,0.651,3.88,2.59,0.63,1.99,0.82,0.37,0.4,0.4,0,0.42,neutral,neutral,0,0.006,32,2608,0,
s11497,PUMPUSDT,1782252900000,train,1,4.2,0.509,5.28,4.38,1.51,3.78,1.85,0.57,0.56,0.74,0,0.42,neutral,neutral,0,-0.571,32,2608,0,
s11498,ASTERUSDT,1782253800000,train,1,2.51,0.695,3.88,2.48,0.56,1.88,0.66,0.37,0.4,0.4,0,0.63,neutral,neutral,0,0.051,32,2609,0,
s11499,PUMPUSDT,1782253800000,train,1,4.35,0.536,5.29,4.24,1.06,3.73,1.53,0.57,0.56,0.74,0,0.63,neutral,neutral,0,-0.492,32,2609,0,
s11500,ASTERUSDT,1782254700000,train,1,2.45,0.691,3.54,2.41,0.57,1.9,0.84,0.37,0.4,0.4,0,0.55,neutral,neutral,0,-0.092,32,2610,1,
s11501,PUMPUSDT,1782254700000,train,1,4.77,0.559,4.83,4.62,1.04,4.21,2.13,0.57,0.56,0.74,0,0.55,neutral,neutral,0,-0.567,32,2610,1,
s11502,OPUSDT,1782254700000,train,1,2.14,0.412,2.79,2.59,1.27,1.59,1.21,0.56,0.82,0.95,0,0.55,neutral,neutral,0,0.538,32,2610,1,
s11503,JUPUSDT,1782254700000,train,1,2.14,0.434,2.53,2.24,0.59,1.58,0.86,0.52,0.83,1.06,0,0.55,neutral,neutral,0,1.152,32,2610,1,
s11504,ASTERUSDT,1782255600000,train,1,2.16,0.62,3.5,2.25,0.53,1.93,0.66,0.39,0.41,0.4,0,0.23,neutral,neutral,0,-0.105,32,2611,0,
s11505,PUMPUSDT,1782255600000,train,1,4.18,0.483,4.84,4.22,1.13,3.95,1.6,0.56,0.57,0.72,0,0.23,neutral,neutral,0,-0.541,32,2611,0,
s11506,ASTERUSDT,1782256500000,train,1,2.18,0.624,3.13,2.14,0.52,1.84,0.85,0.39,0.41,0.4,0,0.34,neutral,neutral,0,-0.324,32,2612,1,
s11507,PUMPUSDT,1782256500000,train,1,3.96,0.47,4.71,4.08,0.94,3.61,1.49,0.56,0.57,0.72,0,0.34,neutral,neutral,0,-0.627,32,2612,1,
s11508,TIAUSDT,1782256500000,train,-1,-3.08,0.414,3.54,3.23,0.67,-3.42,0.99,0.59,0.85,1.25,0,0.34,neutral,neutral,0,0.516,32,2612,0,
s11509,PUMPUSDT,1782257400000,train,1,3.53,0.398,4.74,3.48,1.16,3.03,0.72,0.56,0.57,0.72,0,0.5,neutral,neutral,0,-0.7,32,2613,0,
s11510,OPUSDT,1782257400000,train,1,2.76,0.529,2.89,2.79,0.87,2.26,1.17,0.57,0.81,0.95,0,0.5,neutral,alcista,0,0.429,32,2613,2,
s11511,PUMPUSDT,1782258300000,train,1,3.81,0.417,4.22,3.6,1.06,3.28,1.19,0.56,0.57,0.72,0,0.53,neutral,neutral,0,-0.827,32,2614,1,
s11512,OPUSDT,1782258300000,train,1,3.37,0.579,3.56,3.26,1.21,2.84,1.74,0.57,0.81,0.95,0,0.53,neutral,alcista,0,0.03,32,2614,3,
s11513,TIAUSDT,1782258300000,train,-1,-2.31,0.369,3.3,3.16,1.14,-2.84,1.37,0.59,0.85,1.25,0,0.53,neutral,bajista,0,-1.0,7,2614,2,
s11514,PUMPUSDT,1782259200000,train,1,3.36,0.388,3.73,3.25,0.95,2.64,1.17,0.63,0.61,0.68,0,0.72,neutral,alcista,0,-1.0,17,2615,2,
s11515,OPUSDT,1782259200000,train,1,3.78,0.607,4.13,3.74,1.66,3.06,2.03,0.65,0.84,0.98,0,0.72,neutral,alcista,0,-0.079,32,2615,4,
s11516,TIAUSDT,1782259200000,train,-1,-2.86,0.507,3.24,3.03,1.21,-3.58,1.31,0.58,0.85,1.25,0,0.72,neutral,neutral,0,-1.0,6,2615,0,
s11517,JUPUSDT,1782259200000,train,1,2.67,0.37,3.57,2.94,2.38,1.96,1.6,0.5,0.75,1.05,0,0.72,neutral,alcista,0,0.541,32,2615,2,
s11518,OPUSDT,1782260100000,train,1,3.76,0.607,4.31,4.11,2.22,3.19,2.29,0.65,0.84,0.98,0,0.57,neutral,alcista,0,-0.214,32,2616,5,
s11519,TIAUSDT,1782260100000,train,-1,-2.23,0.398,2.78,2.28,1.54,-2.79,0.72,0.58,0.85,1.25,0,0.57,neutral,neutral,0,-1.0,4,2616,0,
s11520,APEUSDT,1782260100000,testB,-1,-2.31,0.689,2.74,2.74,0.68,-2.87,0.51,0.64,0.79,1.0,0,0.57,neutral,neutral,0,-1.0,23,2615,1,
s11521,OPUSDT,1782261000000,train,1,4.18,0.695,4.89,4.21,2.57,3.42,2.13,0.65,0.84,0.98,0,0.76,neutral,alcista,0,-0.116,32,2617,6,
s11522,JUPUSDT,1782261000000,train,1,2.88,0.414,3.57,2.99,2.67,2.11,1.38,0.5,0.75,1.05,0,0.76,neutral,neutral,0,0.823,32,2617,1,
s11523,OPUSDT,1782261900000,train,1,3.66,0.6,4.51,3.53,2.29,2.79,1.64,0.65,0.84,0.98,0,0.87,neutral,neutral,0,0.0,32,2618,0,
s11524,SEIUSDT,1782261900000,train,1,2.76,0.679,2.76,2.76,2.03,1.89,1.74,0.56,0.7,0.72,0,0.87,neutral,alcista,0,-0.554,32,2618,2,
s11525,JUPUSDT,1782261900000,train,1,2.98,0.423,3.32,2.84,2.74,2.11,1.35,0.5,0.75,1.05,0,0.87,neutral,alcista,0,0.966,32,2618,2,
s11526,OPUSDT,1782262800000,train,1,3.45,0.586,4.22,3.24,1.82,2.71,1.43,0.7,0.81,1.0,0,0.74,neutral,neutral,0,0.03,32,2619,0,
s11527,SEIUSDT,1782262800000,train,1,2.66,0.671,2.78,2.7,1.92,1.92,1.63,0.68,0.72,0.75,0,0.74,neutral,alcista,0,-1.0,13,2619,3,
s11528,OPUSDT,1782263700000,train,1,2.93,0.547,3.92,3.04,1.43,2.38,1.42,0.7,0.81,1.0,0,0.54,neutral,neutral,0,0.0,32,2620,0,
s11529,OPUSDT,1782264600000,train,1,2.52,0.439,3.94,2.66,1.38,2.0,0.9,0.7,0.81,1.0,0,0.52,neutral,neutral,0,-0.037,32,2621,0,
s11530,SEIUSDT,1782264600000,train,1,2.64,0.496,2.89,2.74,2.38,2.12,1.54,0.68,0.72,0.75,0,0.52,neutral,neutral,0,-1.0,11,2621,1,
s11531,XPLUSDT,1782265500000,train,-1,-2.12,0.522,2.7,2.26,1.61,-2.67,0.68,0.28,0.4,0.39,0,0.55,neutral,neutral,0,0.635,32,2622,1,
s11532,OPUSDT,1782265500000,train,1,2.42,0.429,3.94,2.66,1.34,1.87,0.78,0.7,0.81,1.0,0,0.55,neutral,neutral,0,0.111,32,2622,0,
s11533,SEIUSDT,1782265500000,train,1,2.1,0.359,2.9,2.21,1.95,1.56,0.87,0.68,0.72,0.75,0,0.55,neutral,neutral,0,-1.0,10,2622,0,
s11534,WLDUSDT,1782266400000,train,-1,-4.18,0.556,5.33,4.76,1.53,-4.39,2.1,0.7,0.75,0.89,0,0.21,neutral,bajista,0,0.004,32,2623,3,
s11535,WLDUSDT,1782267300000,train,-1,-4.37,0.566,5.22,5.03,1.35,-4.61,2.3,0.7,0.75,0.89,0,0.24,neutral,bajista,0,-0.057,32,2624,4,
s11536,WLDUSDT,1782268200000,train,-1,-3.27,0.438,5.14,4.31,1.03,-3.56,1.77,0.7,0.75,0.89,0,0.29,neutral,neutral,0,-0.026,32,2625,0,
s11537,OPUSDT,1782268200000,train,1,2.01,0.455,3.15,1.97,0.97,1.71,0.56,0.77,0.77,1.02,0,0.29,neutral,neutral,0,-1.0,7,2625,0,
s11538,WLDUSDT,1782269100000,train,-1,-3.26,0.436,5.3,5.12,1.02,-3.32,2.41,0.7,0.75,0.89,0,0.06,neutral,neutral,0,-0.097,32,2626,1,
s11539,WLDUSDT,1782270000000,train,-1,-3.34,0.441,5.6,5.43,0.8,-3.45,2.4,0.84,0.73,0.91,0,0.11,neutral,bajista,0,-0.184,32,2627,2,
s11540,WLDUSDT,1782270900000,train,-1,-4.69,0.62,6.68,6.22,1.09,-4.71,2.74,0.84,0.73,0.91,0,0.02,neutral,bajista,0,-0.363,32,2628,3,
s11541,WLDUSDT,1782271800000,train,-1,-4.95,0.633,7.01,6.51,1.04,-5.25,2.62,0.84,0.73,0.91,0,0.3,neutral,bajista,0,-0.426,32,2629,4,
s11542,WLDUSDT,1782272700000,train,-1,-4.67,0.577,7.2,6.16,1.05,-4.69,2.06,0.84,0.73,0.91,0,0.01,neutral,neutral,0,-0.552,32,2630,0,
s11543,PENDLEUSDT,1782272700000,train,-1,-2.58,0.599,3.86,3.58,0.89,-2.59,1.42,0.63,0.54,0.69,0,0.01,neutral,neutral,0,0.048,32,2630,1,
s11544,PUMPUSDT,1782273600000,train,-1,-2.63,0.452,3.69,3.62,0.8,-2.27,1.54,0.71,0.63,0.71,0,-0.35,neutral,bajista,0,0.176,32,2631,2,
s11545,WLDUSDT,1782273600000,train,-1,-5.37,0.721,7.21,6.24,0.97,-5.02,2.03,0.93,0.7,0.93,0,-0.35,neutral,neutral,0,-0.641,32,2631,1,
s11546,PENDLEUSDT,1782273600000,train,-1,-2.93,0.745,3.42,3.12,0.88,-2.57,1.3,0.71,0.53,0.71,0,-0.35,neutral,neutral,0,0.08,32,2631,0,
s11547,ONDOUSDT,1782273600000,train,-1,-2.03,0.582,2.53,2.14,1.13,-1.68,0.83,0.5,0.61,0.77,0,-0.35,neutral,bajista,0,0.091,32,2630,2,
s11548,PUMPUSDT,1782274500000,train,-1,-3.11,0.495,4.71,4.21,0.8,-2.71,1.82,0.71,0.63,0.71,0,-0.41,neutral,bajista,0,0.288,32,2632,3,
s11549,WLDUSDT,1782274500000,train,-1,-7.22,0.776,7.92,7.9,0.84,-6.82,3.58,0.93,0.7,0.93,0,-0.41,neutral,bajista,0,-1.0,32,2632,2,
s11550,ENAUSDT,1782274500000,train,-1,-2.39,0.542,3.31,2.9,1.36,-1.98,1.38,0.41,0.38,0.75,0,-0.41,neutral,neutral,0,-0.418,32,2632,1,
s11551,OPUSDT,1782274500000,train,-1,-2.45,0.61,3.51,3.31,1.11,-2.04,1.4,0.9,0.72,1.05,0,-0.41,neutral,bajista,0,-1.0,6,2632,3,
s11552,PENDLEUSDT,1782274500000,train,-1,-3.13,0.756,4.04,3.71,1.0,-2.73,1.75,0.71,0.53,0.71,0,-0.41,neutral,neutral,0,-0.004,32,2632,1,
s11553,ONDOUSDT,1782274500000,train,-1,-2.26,0.607,3.23,2.77,1.31,-1.86,1.31,0.5,0.61,0.77,0,-0.41,neutral,bajista,0,-0.059,32,2631,3,
s11554,MANAUSDT,1782274500000,testB,-1,-2.1,0.652,2.71,2.43,0.84,-1.69,0.86,0.31,0.27,0.55,0,-0.41,neutral,neutral,0,0.294,32,2631,1,
s11555,PUMPUSDT,1782275400000,train,-1,-2.98,0.473,4.71,4.14,0.67,-2.51,1.67,0.71,0.63,0.71,0,-0.47,neutral,neutral,0,0.224,32,2633,0,
s11556,WLDUSDT,1782275400000,train,-1,-5.54,0.61,7.18,6.14,0.9,-5.07,2.58,0.93,0.7,0.93,0,-0.47,neutral,neutral,0,-1.0,3,2633,0,
s11557,OPUSDT,1782275400000,train,-1,-2.05,0.467,3.2,2.5,1.24,-1.59,0.92,0.9,0.72,1.05,0,-0.47,neutral,neutral,0,-1.0,5,2633,0,
s11558,PENDLEUSDT,1782275400000,train,-1,-3.13,0.76,4.03,3.49,1.05,-2.66,1.5,0.71,0.53,0.71,0,-0.47,neutral,neutral,0,0.137,32,2633,0,
s11559,ONDOUSDT,1782275400000,train,-1,-2.07,0.528,3.22,2.37,1.37,-1.6,0.91,0.5,0.61,0.77,0,-0.47,neutral,neutral,0,0.274,32,2632,0,
s11560,WLDUSDT,1782276300000,train,-1,-3.7,0.383,7.09,4.83,0.99,-3.29,1.32,0.93,0.7,0.93,0,-0.42,neutral,neutral,0,-1.0,2,2634,0,
s11561,TIAUSDT,1782276300000,train,-1,-3.77,0.404,6.31,5.23,2.54,-3.35,1.77,0.83,0.74,1.21,0,-0.42,neutral,neutral,0,0.057,32,2634,0,
s11562,SEIUSDT,1782276300000,train,-1,-2.13,0.429,3.16,2.57,0.77,-1.71,0.68,0.76,0.66,0.77,0,-0.42,neutral,neutral,0,-1.0,28,2634,0,
s11563,PENDLEUSDT,1782276300000,train,-1,-2.88,0.659,3.99,3.17,0.98,-2.47,1.16,0.71,0.53,0.71,0,-0.42,neutral,neutral,0,0.349,32,2634,0,
s11564,TIAUSDT,1782277200000,train,-1,-3.41,0.369,6.31,5.09,2.82,-3.11,1.52,0.9,0.74,1.18,0,-0.3,neutral,neutral,0,0.354,32,2635,0,
s11565,SEIUSDT,1782277200000,train,-1,-2.16,0.439,3.16,2.52,0.67,-1.86,0.55,0.77,0.65,0.77,0,-0.3,neutral,neutral,0,-1.0,27,2635,0,
s11566,PENDLEUSDT,1782277200000,train,-1,-2.56,0.597,3.98,3.05,0.91,-2.26,0.89,0.77,0.56,0.72,0,-0.3,neutral,neutral,0,0.614,32,2635,0,
s11567,TIAUSDT,1782278100000,train,-1,-3.41,0.373,6.27,4.45,1.02,-3.36,0.89,0.9,0.74,1.18,0,-0.06,neutral,neutral,0,0.681,32,2636,0,
s11568,PENDLEUSDT,1782278100000,train,-1,-2.33,0.516,3.97,2.67,0.9,-2.27,0.5,0.77,0.56,0.72,0,-0.06,neutral,neutral,0,1.082,32,2636,0,
s11569,PUMPUSDT,1782279000000,train,-1,-3.32,0.632,4.72,4.36,1.23,-3.29,1.29,0.75,0.65,0.73,0,-0.02,neutral,neutral,0,0.607,32,2637,1,
s11570,TIAUSDT,1782279000000,train,-1,-3.51,0.389,6.12,4.14,0.95,-3.48,0.86,0.9,0.74,1.18,0,-0.02,neutral,neutral,0,0.626,32,2637,0,
s11571,SEIUSDT,1782279000000,train,-1,-2.1,0.568,3.12,2.26,0.74,-2.08,0.44,0.77,0.65,0.77,0,-0.02,neutral,neutral,0,-1.0,25,2637,1,
s11572,PUMPUSDT,1782279900000,train,-1,-3.25,0.61,4.0,3.5,1.41,-3.17,1.02,0.75,0.65,0.73,0,-0.07,neutral,neutral,0,0.816,32,2638,0,
s11573,TIAUSDT,1782279900000,train,-1,-3.25,0.358,5.69,3.55,0.94,-3.18,0.6,0.9,0.74,1.18,0,-0.07,neutral,neutral,0,0.737,32,2638,0,
s11574,PUMPUSDT,1782280800000,train,-1,-2.57,0.536,3.21,2.64,1.32,-2.52,0.89,0.73,0.67,0.68,0,-0.05,neutral,neutral,0,1.243,32,2639,0,
s11575,PUMPUSDT,1782281700000,train,-1,-2.16,0.463,2.99,2.28,1.11,-2.31,0.82,0.73,0.67,0.68,0,0.15,neutral,neutral,0,1.531,32,2640,0,
s11576,TIAUSDT,1782281700000,train,-1,-3.59,0.406,4.99,3.77,0.88,-3.74,1.4,0.95,0.76,1.13,0,0.15,neutral,bajista,0,0.164,32,2640,2,
s11577,APEUSDT,1782282600000,testB,1,3.51,0.426,5.45,4.93,2.42,3.42,2.75,1.37,1.0,1.14,0,0.09,neutral,alcista,0,-0.448,32,2640,4,
s11578,STBLUSDT,1782283500000,train,1,2.0,0.414,3.15,2.94,0.67,1.75,1.13,0.4,0.31,0.45,0,0.25,neutral,neutral,1,2.0,6,2642,1,
s11579,0GUSDT,1782283500000,train,1,2.35,0.364,3.85,3.36,3.69,2.1,2.19,1.28,0.87,1.12,0,0.25,neutral,neutral,0,-1.0,24,2642,1,
s11580,AXSUSDT,1782283500000,testB,1,2.2,0.44,3.81,2.83,2.9,1.95,1.44,0.42,0.32,0.41,0,0.25,neutral,alcista,0,0.172,32,2641,2,
s11581,APEUSDT,1782283500000,testB,1,4.75,0.564,5.78,5.56,2.79,4.5,3.12,1.37,1.0,1.14,0,0.25,neutral,alcista,0,-0.553,32,2641,5,
s11582,STBLUSDT,1782284400000,train,1,2.13,0.451,3.15,2.86,0.7,1.76,0.98,1.01,0.62,0.58,1,0.37,neutral,neutral,1,2.0,5,2643,0,
s11583,APEUSDT,1782284400000,testB,1,4.12,0.5,6.09,5.35,1.36,3.75,2.61,1.52,1.09,1.13,0,0.37,neutral,neutral,0,-0.658,32,2642,0,
s11584,STBLUSDT,1782285300000,train,1,5.68,0.687,7.03,6.16,5,5.68,4.09,1.01,0.62,0.58,1,-0.0,neutral,neutral,0,-0.186,32,2644,1,
s11585,AXSUSDT,1782285300000,testB,1,2.2,0.393,3.82,2.74,1.5,2.2,1.17,0.4,0.34,0.41,0,-0.0,neutral,neutral,0,0.0,32,2643,1,
s11586,APEUSDT,1782285300000,testB,1,3.4,0.455,6.07,5.56,1.26,3.41,2.5,1.52,1.09,1.13,0,-0.0,neutral,neutral,0,-0.671,32,2643,1,
s11587,STBLUSDT,1782286200000,train,1,4.94,0.617,7.05,5.94,5,5.11,3.51,1.01,0.62,0.58,1,-0.16,neutral,neutral,0,-0.347,32,2645,0,
s11588,APEUSDT,1782286200000,testB,1,3.88,0.548,6.08,5.42,1.19,4.04,2.19,1.52,1.09,1.13,0,-0.16,neutral,neutral,0,-0.743,32,2644,0,
s11589,STBLUSDT,1782287100000,train,1,5.57,0.657,7.01,6.42,5,5.69,3.67,1.01,0.62,0.58,1,-0.12,neutral,neutral,0,-0.552,32,2646,1,
s11590,AXSUSDT,1782287100000,testB,1,2.2,0.423,3.82,2.74,1.16,2.32,1.07,0.4,0.34,0.41,0,-0.12,neutral,neutral,0,-0.393,32,2645,0,
s11591,APEUSDT,1782287100000,testB,1,3.51,0.469,6.11,4.93,1.02,3.62,1.46,1.52,1.09,1.13,0,-0.12,neutral,neutral,0,-0.851,32,2645,0,
s11592,STBLUSDT,1782288000000,train,1,5.97,0.733,7.44,6.42,5,5.97,3.31,1.79,1.03,0.69,1,-0.0,neutral,neutral,0,-0.552,32,2647,0,
s11593,AXSUSDT,1782288000000,testB,1,2.71,0.509,3.8,3.02,1.22,2.71,1.19,0.44,0.37,0.39,0,-0.0,neutral,neutral,0,-0.258,32,2646,1,
s11594,APEUSDT,1782288000000,testB,1,5.2,0.607,6.76,6.18,0.94,5.2,2.4,1.74,1.1,1.08,1,-0.0,neutral,neutral,0,-0.718,32,2646,1,
s11595,STBLUSDT,1782288900000,train,1,7.68,0.876,9.78,7.33,5,7.49,3.91,1.79,1.03,0.69,1,0.19,neutral,neutral,0,-0.617,32,2648,1,
s11596,JUPUSDT,1782288900000,train,1,3.64,0.43,4.7,3.61,0.66,3.45,1.0,0.81,0.63,0.77,0,0.19,neutral,neutral,0,0.013,32,2648,0,
s11597,AXSUSDT,1782288900000,testB,1,2.31,0.404,3.63,2.35,1.38,2.12,0.58,0.44,0.37,0.39,0,0.19,neutral,neutral,0,-0.167,32,2647,0,
s11598,APEUSDT,1782288900000,testB,1,4.78,0.525,6.84,5.07,1.1,4.59,1.18,1.74,1.1,1.08,1,0.19,neutral,neutral,0,-0.565,32,2647,0,
s11599,STBLUSDT,1782289800000,train,1,7.22,0.869,9.15,6.81,4.29,7.0,3.64,1.79,1.03,0.69,1,0.22,neutral,alcista,0,-0.737,32,2649,2,
s11600,JUPUSDT,1782289800000,train,1,4.12,0.462,4.09,3.95,0.64,3.9,1.82,0.81,0.63,0.77,0,0.22,neutral,neutral,0,-0.548,32,2649,1,
s11601,AXSUSDT,1782289800000,testB,1,2.3,0.404,3.52,2.64,1.06,2.08,0.93,0.44,0.37,0.39,0,0.22,neutral,neutral,0,-0.704,32,2648,1,
s11602,APEUSDT,1782289800000,testB,1,4.36,0.504,6.02,4.48,1.04,4.14,1.29,1.74,1.1,1.08,1,0.22,neutral,neutral,0,-1.0,29,2648,1,
s11603,STBLUSDT,1782290700000,train,1,5.98,0.699,9.13,6.08,3.6,5.9,2.68,1.79,1.03,0.69,1,0.08,neutral,neutral,0,-1.0,32,2650,0,
s11604,JUPUSDT,1782290700000,train,1,3.69,0.437,4.5,3.8,1.1,3.61,1.91,0.81,0.63,0.77,0,0.08,neutral,alcista,0,-1.0,32,2650,2,
s11605,AXSUSDT,1782290700000,testB,1,3.0,0.484,3.5,3.2,1.17,2.92,1.4,0.44,0.37,0.39,0,0.08,neutral,alcista,0,-1.0,32,2649,2,
s11606,APEUSDT,1782290700000,testB,1,4.36,0.504,6.02,4.48,0.96,4.28,1.2,1.74,1.1,1.08,1,0.08,neutral,neutral,0,-1.0,28,2649,0,
s11607,JUPUSDT,1782291600000,train,1,3.84,0.446,4.26,3.7,1.31,3.86,2.02,1.0,0.73,0.8,0,-0.02,neutral,alcista,0,-1.0,31,2651,3,
s11608,AXSUSDT,1782291600000,testB,1,3.8,0.543,4.14,3.85,1.32,3.82,1.99,0.51,0.41,0.39,1,-0.02,neutral,alcista,0,-1.0,31,2650,3,
s11609,APEUSDT,1782291600000,testB,1,4.44,0.509,5.64,4.25,0.65,4.45,1.32,1.58,1.13,1.05,1,-0.02,neutral,neutral,0,-1.0,27,2650,1,
s11610,JUPUSDT,1782292500000,train,1,3.36,0.417,3.63,3.49,1.66,3.67,2.41,1.0,0.73,0.8,0,-0.31,neutral,alcista,0,-1.0,29,2652,4,
s11611,AXSUSDT,1782292500000,testB,1,3.3,0.452,4.16,3.48,1.1,3.6,1.39,0.51,0.41,0.39,1,-0.31,neutral,neutral,0,-1.0,30,2651,0,
s11612,APEUSDT,1782292500000,testB,1,2.72,0.36,4.56,2.87,0.35,3.02,0.85,1.58,1.13,1.05,1,-0.31,neutral,neutral,0,-1.0,16,2651,0,
s11613,WLDUSDT,1782293400000,train,-1,-2.83,0.353,5.08,3.31,1.19,-2.41,-0.19,1.14,0.97,0.88,1,-0.42,neutral,bajista,0,-1.0,11,2653,3,
s11614,ENAUSDT,1782293400000,train,-1,-2.15,0.643,2.6,2.35,1.77,-1.73,1.06,0.51,0.44,0.55,0,-0.42,neutral,bajista,1,2.0,29,2653,4,
s11615,AXSUSDT,1782293400000,testB,1,3.19,0.444,3.77,3.19,1.09,3.61,1.36,0.51,0.41,0.39,1,-0.42,neutral,neutral,0,-1.0,29,2652,1,
s11616,AXSUSDT,1782294300000,testB,1,2.27,0.365,3.18,2.7,0.92,2.6,1.49,0.51,0.41,0.39,1,-0.33,neutral,alcista,0,-1.0,14,2653,2,
s11617,ONDOUSDT,1782295200000,train,-1,-2.03,0.568,2.2,2.07,1.21,-1.67,0.99,0.49,0.49,0.6,0,-0.36,neutral,bajista,0,1.095,32,2654,2,
s11618,GRTUSDT,1782295200000,testB,-1,-2.05,0.506,2.73,2.3,0.63,-1.68,0.9,0.87,0.65,0.55,1,-0.36,neutral,neutral,1,2.0,27,2654,1,
s11619,JUPUSDT,1782296100000,train,1,2.69,0.412,3.61,2.67,1.3,3.19,0.72,1.35,0.92,0.87,1,-0.5,neutral,neutral,0,-1.0,25,2656,1,
s11620,ONDOUSDT,1782296100000,train,-1,-2.06,0.571,2.54,2.37,1.62,-1.56,1.18,0.49,0.49,0.6,0,-0.5,neutral,bajista,0,0.194,32,2655,3,
s11621,GRTUSDT,1782296100000,testB,-1,-2.26,0.531,2.84,2.58,0.84,-1.76,1.08,0.87,0.65,0.55,1,-0.5,neutral,bajista,1,2.0,26,2655,2,
s11622,JUPUSDT,1782297000000,train,1,3.45,0.474,3.66,3.43,0.99,3.75,1.62,1.35,0.92,0.87,1,-0.3,neutral,alcista,0,-1.0,24,2657,2,
s11623,INJUSDT,1782297900000,train,-1,-2.0,0.664,2.25,2.18,2.4,-1.47,1.15,0.4,0.4,0.47,0,-0.54,neutral,neutral,1,2.0,19,2658,1,
s11624,JUPUSDT,1782297900000,train,1,4.46,0.54,5.54,5.27,2.25,5.0,3.42,1.35,0.92,0.87,1,-0.54,neutral,alcista,0,-1.0,23,2658,3,
s11625,GRTUSDT,1782297900000,testB,-1,-2.36,0.495,2.84,2.52,0.65,-1.82,0.87,0.87,0.65,0.55,1,-0.54,neutral,neutral,1,2.0,24,2657,1,
s11626,INJUSDT,1782298800000,train,-1,-4.71,0.829,5.66,5.06,5,-4.01,3.47,1.12,0.75,0.62,1,-0.7,neutral,bajista,0,0.452,32,2659,2,
s11627,JUPUSDT,1782298800000,train,1,4.16,0.481,5.6,4.18,3.57,4.86,2.17,1.71,1.19,0.99,1,-0.7,neutral,neutral,0,-1.0,22,2659,0,
s11628,ONDOUSDT,1782298800000,train,-1,-2.26,0.493,2.38,2.31,1.18,-1.56,1.11,0.58,0.54,0.62,0,-0.7,neutral,bajista,0,0.414,32,2658,2,
s11629,FETUSDT,1782298800000,train,-1,-2.06,0.529,2.51,2.45,1.39,-1.36,1.3,0.66,0.54,0.53,1,-0.7,neutral,bajista,1,2.0,23,2658,2,
s11630,GRTUSDT,1782298800000,testB,-1,-2.36,0.495,2.58,2.42,0.62,-1.66,0.98,0.96,0.7,0.56,1,-0.7,neutral,bajista,1,2.0,23,2658,2,
s11631,INJUSDT,1782299700000,train,-1,-5.01,0.838,5.92,5.53,5,-4.55,3.65,1.12,0.75,0.62,1,-0.46,neutral,bajista,0,0.261,32,2660,3,
s11632,JUPUSDT,1782299700000,train,1,4.93,0.523,5.56,4.88,4.06,5.39,2.59,1.71,1.19,0.99,1,-0.46,neutral,neutral,0,-1.0,21,2660,1,
s11633,ONDOUSDT,1782299700000,train,-1,-2.2,0.486,2.68,2.48,1.08,-1.74,1.28,0.58,0.54,0.62,0,-0.46,neutral,bajista,0,0.147,32,2659,3,
s11634,FETUSDT,1782299700000,train,-1,-2.0,0.522,2.69,2.57,1.26,-1.54,1.27,0.66,0.54,0.53,1,-0.46,neutral,bajista,1,2.0,24,2659,3,
s11635,INJUSDT,1782300600000,train,-1,-5.26,0.844,6.04,5.59,5,-5.32,3.6,1.12,0.75,0.62,1,0.06,neutral,bajista,0,0.225,32,2661,4,
s11636,JUPUSDT,1782300600000,train,1,4.35,0.44,5.59,4.4,3.92,4.29,1.72,1.71,1.19,0.99,1,0.06,neutral,neutral,0,-1.0,20,2661,0,
s11637,INJUSDT,1782301500000,train,-1,-4.05,0.592,5.98,4.59,5,-4.46,2.44,1.12,0.75,0.62,1,0.41,neutral,neutral,0,0.427,32,2662,0,
s11638,SEIUSDT,1782301500000,train,1,2.13,0.487,2.85,2.66,1.22,1.72,1.77,1.42,1.08,0.85,1,0.41,neutral,alcista,0,-1.0,6,2662,2,
s11639,JUPUSDT,1782301500000,train,1,4.91,0.47,5.41,4.82,2.25,4.5,2.35,1.71,1.19,0.99,1,0.41,neutral,neutral,0,-1.0,19,2662,1,
s11640,AXSUSDT,1782301500000,testB,1,2.84,0.446,4.0,3.62,0.89,2.43,1.88,0.56,0.46,0.39,1,0.41,neutral,alcista,0,-1.0,6,2661,2,
s11641,INJUSDT,1782302400000,train,-1,-3.85,0.547,5.77,4.0,2.74,-4.11,1.84,1.23,0.8,0.61,1,0.26,neutral,neutral,0,0.287,32,2663,0,
s11642,SEIUSDT,1782302400000,train,1,2.35,0.512,3.04,2.99,2.62,2.09,1.95,1.24,1.1,0.88,1,0.26,neutral,alcista,0,-1.0,5,2663,3,
s11643,JUPUSDT,1782302400000,train,1,3.94,0.379,5.12,4.02,1.21,3.68,1.7,1.84,1.25,0.99,1,0.26,neutral,neutral,0,-1.0,16,2663,0,
s11644,AXSUSDT,1782302400000,testB,1,3.41,0.493,4.15,3.96,0.98,3.15,2.4,0.54,0.48,0.4,1,0.26,neutral,alcista,0,-1.0,5,2662,3,
s11645,WLDUSDT,1782303300000,train,1,4.36,0.503,4.81,4.65,1.79,4.19,3.29,0.78,1.04,0.87,0,0.17,neutral,alcista,0,-1.0,7,2664,6,
s11646,INJUSDT,1782303300000,train,-1,-3.44,0.495,5.74,3.81,1.37,-3.61,1.51,1.23,0.8,0.61,1,0.17,neutral,neutral,0,0.187,32,2664,0,
s11647,JUPUSDT,1782303300000,train,1,4.28,0.402,5.01,4.19,1.03,4.11,1.78,1.84,1.25,0.99,1,0.17,neutral,neutral,0,-1.0,15,2664,1,
s11648,AXSUSDT,1782303300000,testB,1,2.75,0.359,4.2,2.86,1.11,2.58,1.09,0.54,0.48,0.4,1,0.17,neutral,neutral,0,-1.0,4,2663,0,
s11649,INJUSDT,1782304200000,train,-1,-3.5,0.51,5.73,3.67,0.96,-3.57,1.2,1.23,0.8,0.61,1,0.07,neutral,neutral,0,0.238,32,2665,0,
s11650,0GUSDT,1782305100000,train,-1,-3.63,0.724,4.4,3.98,1.05,-3.34,1.04,1.73,1.51,1.02,1,-0.29,neutral,neutral,0,0.809,32,2666,0,
s11651,INJUSDT,1782305100000,train,-1,-3.72,0.525,5.75,4.07,0.56,-3.43,1.46,1.23,0.8,0.61,1,-0.29,neutral,neutral,0,0.277,32,2666,1,
s11652,PUMPUSDT,1782306000000,train,-1,-2.7,0.388,4.17,3.87,2.54,-1.53,1.93,1.09,0.86,0.73,1,-1.18,neutral,bajista,1,2.0,15,2667,2,
s11653,0GUSDT,1782306000000,train,-1,-4.82,0.776,5.49,5.06,1.14,-3.64,2.06,1.94,1.74,1.12,1,-1.18,neutral,neutral,0,0.458,32,2667,1,
s11654,INJUSDT,1782306000000,train,-1,-4.17,0.553,5.62,4.42,0.47,-2.99,1.72,1.58,0.97,0.66,1,-1.18,neutral,bajista,0,0.34,32,2667,2,
s11655,SANDUSDT,1782306000000,testB,-1,-2.16,0.436,2.27,2.25,1.16,-0.99,1.31,0.46,0.39,0.36,1,-1.18,neutral,bajista,1,2.0,15,2666,2,
s11656,PUMPUSDT,1782306900000,train,-1,-2.77,0.402,5.19,3.87,2.49,-1.45,1.76,1.09,0.86,0.73,1,-1.33,neutral,neutral,1,2.0,14,2668,0,
s11657,0GUSDT,1782306900000,train,-1,-3.6,0.719,4.89,3.9,1.49,-2.27,1.97,1.94,1.74,1.12,1,-1.33,neutral,bajista,0,0.604,32,2668,2,
s11658,INJUSDT,1782306900000,train,-1,-4.75,0.585,5.54,5.05,0.55,-3.42,2.23,1.58,0.97,0.66,1,-1.33,neutral,bajista,0,0.175,32,2668,3,
s11659,PENDLEUSDT,1782306900000,train,-1,-2.39,0.45,3.72,3.27,2.18,-1.06,1.65,0.66,0.66,0.6,1,-1.33,neutral,bajista,0,-0.182,32,2668,6,
s11660,FETUSDT,1782306900000,train,-1,-2.47,0.381,4.12,3.42,2.68,-1.14,1.85,1.03,0.75,0.59,1,-1.33,neutral,bajista,0,-0.138,32,2667,6,
s11661,STXUSDT,1782306900000,testB,-1,-2.17,0.452,3.74,3.21,1.7,-0.85,1.77,1.11,0.8,0.68,1,-1.33,neutral,bajista,0,0.2,32,2667,6,
s11662,SANDUSDT,1782306900000,testB,-1,-2.08,0.425,3.2,2.55,2.26,-0.75,1.56,0.46,0.39,0.36,1,-1.33,neutral,bajista,1,2.0,16,2667,3,
s11663,MANAUSDT,1782306900000,testB,-1,-2.3,0.533,3.09,2.79,1.62,-0.97,1.83,0.56,0.46,0.43,1,-1.33,neutral,bajista,0,0.684,32,2667,5,
s11664,PUMPUSDT,1782307800000,train,-1,-2.99,0.42,5.21,4.33,3.06,-1.12,1.99,1.09,0.86,0.73,1,-1.87,neutral,neutral,1,2.0,15,2669,1,
s11665,0GUSDT,1782307800000,train,-1,-3.45,0.709,4.69,3.91,2.18,-1.57,2.18,1.94,1.74,1.12,1,-1.87,neutral,bajista,0,0.374,32,2669,3,
s11666,INJUSDT,1782307800000,train,-1,-3.74,0.444,5.41,4.05,0.97,-1.87,1.4,1.58,0.97,0.66,1,-1.87,neutral,neutral,0,0.309,32,2669,0,
s11667,PENDLEUSDT,1782307800000,train,-1,-2.41,0.451,3.89,3.46,3.0,-0.53,1.64,0.66,0.66,0.6,1,-1.87,neutral,bajista,0,-0.408,32,2669,7,
s11668,FETUSDT,1782307800000,train,-1,-2.53,0.386,4.14,3.78,3.68,-0.66,1.98,1.03,0.75,0.59,1,-1.87,neutral,bajista,0,-0.437,32,2668,7,
s11669,STXUSDT,1782307800000,testB,-1,-2.23,0.459,4.04,3.39,2.24,-0.36,1.75,1.11,0.8,0.68,1,-1.87,neutral,bajista,0,-0.034,32,2668,7,
s11670,SANDUSDT,1782307800000,testB,-1,-2.27,0.454,3.24,2.71,3.37,-0.4,1.51,0.46,0.39,0.36,1,-1.87,neutral,bajista,0,0.514,32,2668,4,
s11671,MANAUSDT,1782307800000,testB,-1,-2.45,0.548,3.54,3.1,2.65,-0.58,1.88,0.56,0.46,0.43,1,-1.87,neutral,bajista,0,0.476,32,2668,6,
s11672,PUMPUSDT,1782308700000,train,-1,-3.2,0.455,5.36,4.41,3.51,-1.06,1.88,1.09,0.86,0.73,1,-2.14,bear,bajista,1,2.0,14,2670,2,
s11673,0GUSDT,1782308700000,train,-1,-3.07,0.607,4.67,3.6,2.31,-0.93,1.7,1.94,1.74,1.12,1,-2.14,bear,neutral,0,0.369,32,2670,0,
s11674,INJUSDT,1782308700000,train,-1,-4.15,0.47,5.42,4.58,1.19,-2.01,1.74,1.58,0.97,0.66,1,-2.14,bear,neutral,0,0.061,32,2670,1,
s11675,SUIUSDT,1782308700000,train,-1,-2.37,0.459,4.77,4.03,3.84,-0.23,1.7,1.33,0.92,0.83,1,-2.14,bear,bajista,0,-0.204,32,2670,2,
s11676,PENDLEUSDT,1782308700000,train,-1,-2.39,0.45,4.01,3.49,3.49,-0.25,1.52,0.66,0.66,0.6,1,-2.14,bear,bajista,0,-0.402,32,2670,8,
s11677,FETUSDT,1782308700000,train,-1,-2.47,0.374,4.37,3.6,4.34,-0.33,1.61,1.03,0.75,0.59,1,-2.14,bear,neutral,0,-0.459,32,2669,0,
s11678,STXUSDT,1782308700000,testB,-1,-2.57,0.529,4.04,3.58,2.7,-0.43,1.73,1.11,0.8,0.68,1,-2.14,bear,bajista,0,-0.164,32,2669,8,
s11679,MANAUSDT,1782308700000,testB,-1,-2.45,0.548,3.69,3.1,3.82,-0.3,1.72,0.56,0.46,0.43,1,-2.14,bear,neutral,0,0.429,32,2669,0,
s11680,APEUSDT,1782308700000,testB,-1,-3.15,0.361,4.92,4.02,2.99,-1.01,2.13,1.14,1.34,1.04,0,-2.14,bear,neutral,0,-0.151,32,2669,1,
s11681,PUMPUSDT,1782309600000,train,-1,-3.42,0.471,5.38,4.79,2.66,-1.22,2.04,1.24,0.93,0.76,1,-2.19,bear,bajista,1,2.0,15,2671,3,
s11682,0GUSDT,1782309600000,train,-1,-2.33,0.4,4.47,2.64,1.7,-0.13,0.68,1.8,1.77,1.13,1,-2.19,bear,neutral,1,2.0,11,2671,0,
s11683,INJUSDT,1782309600000,train,-1,-3.72,0.402,5.21,3.86,1.17,-1.53,1.11,1.73,1.05,0.69,1,-2.19,bear,neutral,0,0.323,32,2671,0,
s11684,SUIUSDT,1782309600000,train,-1,-2.2,0.418,4.77,3.89,2.78,-0.01,1.38,1.52,1.0,0.83,1,-2.19,bear,neutral,0,-0.117,32,2671,0,
s11685,STXUSDT,1782309600000,testB,-1,-2.86,0.556,6.0,4.0,5,-0.66,1.91,2.01,1.24,0.88,1,-2.19,bear,bajista,0,-0.368,32,2670,8,
s11686,MANAUSDT,1782309600000,testB,-1,-2.16,0.484,3.68,2.95,3.46,0.03,1.39,0.6,0.5,0.39,1,-2.19,bear,neutral,0,0.4,32,2670,0,
s11687,ASTERUSDT,1782310500000,train,-1,-2.04,0.522,2.67,2.36,1.28,0.05,1.0,0.35,0.27,0.34,0,-2.09,bear,bajista,1,2.0,12,2672,2,
s11688,PUMPUSDT,1782310500000,train,-1,-3.15,0.449,5.76,4.87,1.81,-1.06,1.89,1.24,0.93,0.76,1,-2.09,bear,bajista,1,2.0,14,2672,4,
s11689,STXUSDT,1782310500000,testB,-1,-2.12,0.416,5.98,3.64,5,-0.03,1.4,2.01,1.24,0.88,1,-2.09,bear,neutral,0,-0.258,32,2671,0,
s11690,PUMPUSDT,1782311400000,train,-1,-3.27,0.479,5.74,4.49,1.26,-0.98,1.4,1.24,0.93,0.76,1,-2.3,bear,neutral,1,2.0,11,2673,0,
s11691,MANAUSDT,1782311400000,testB,-1,-2.02,0.538,3.68,2.79,1.72,0.28,0.99,0.6,0.5,0.39,1,-2.3,bear,neutral,0,0.579,32,2672,0,
s11692,APEUSDT,1782311400000,testB,-1,-3.14,0.462,4.82,3.31,1.36,-0.84,1.1,1.02,1.39,1.03,0,-2.3,bear,neutral,0,0.227,32,2672,0,
s11693,PUMPUSDT,1782312300000,train,-1,-3.21,0.474,5.76,4.87,0.92,-1.08,1.58,1.24,0.93,0.76,1,-2.13,bear,neutral,1,2.0,12,2674,1,
s11694,APEUSDT,1782312300000,testB,-1,-2.93,0.444,4.6,3.32,1.06,-0.8,1.12,1.02,1.39,1.03,0,-2.13,bear,neutral,0,0.318,32,2673,1,
s11695,PUMPUSDT,1782313200000,train,-1,-5.09,0.587,7.71,7.41,1.45,-2.72,3.5,1.96,1.29,0.93,1,-2.37,bear,bajista,0,0.429,32,2675,2,
s11696,SUIUSDT,1782313200000,train,-1,-2.13,0.385,4.79,4.29,0.57,0.24,1.3,1.7,1.09,0.83,1,-2.37,bear,neutral,0,-0.127,32,2675,1,
s11697,STXUSDT,1782313200000,testB,-1,-2.88,0.424,6.04,4.68,1.43,-0.51,1.96,2.78,1.62,1.05,1,-2.37,bear,bajista,0,-0.392,32,2674,2,
s11698,APEUSDT,1782313200000,testB,-1,-2.73,0.425,4.64,4.03,0.64,-0.36,1.57,1.08,1.34,1.03,0,-2.37,bear,bajista,0,0.17,32,2674,2,
s11699,PUMPUSDT,1782314100000,train,-1,-5.1,0.587,7.95,7.57,1.31,-2.7,3.37,1.96,1.29,0.93,1,-2.4,bear,bajista,0,0.42,32,2676,3,
s11700,SUIUSDT,1782314100000,train,-1,-2.24,0.415,4.78,4.15,0.44,0.17,1.07,1.7,1.09,0.83,1,-2.4,bear,neutral,0,-0.117,32,2676,0,
s11701,STXUSDT,1782314100000,testB,-1,-2.93,0.436,6.04,4.68,1.35,-0.53,1.78,2.78,1.62,1.05,1,-2.4,bear,bajista,0,-0.405,32,2675,3,
s11702,APEUSDT,1782314100000,testB,-1,-2.37,0.39,4.64,4.03,0.48,0.03,1.63,1.08,1.34,1.03,0,-2.4,bear,neutral,0,0.208,32,2675,0,
s11703,ASTERUSDT,1782315000000,train,-1,-2.46,0.572,3.34,3.26,1.0,0.98,1.42,0.42,0.3,0.31,0,-3.44,bear,neutral,0,-0.16,32,2677,1,
s11704,STBLUSDT,1782315000000,train,-1,-3.17,0.424,6.22,5.98,0.44,0.27,2.03,1.57,1.76,0.95,0,-3.44,bear,neutral,0,0.493,32,2677,1,
s11705,ARBUSDT,1782315000000,train,-1,-2.76,0.419,4.46,4.3,0.85,0.68,1.83,1.59,1.01,0.77,1,-3.44,bear,neutral,0,-0.092,32,2677,1,
s11706,SUIUSDT,1782315000000,train,-1,-3.73,0.686,5.16,5.01,0.5,-0.29,1.66,1.7,1.09,0.83,1,-3.44,bear,neutral,0,-0.265,32,2677,1,
s11707,PENDLEUSDT,1782315000000,train,-1,-2.18,0.4,4.03,3.9,0.67,1.26,1.15,0.95,0.72,0.63,1,-3.44,bear,neutral,0,-0.461,32,2677,1,
s11708,STXUSDT,1782315000000,testB,-1,-3.95,0.561,6.09,5.43,1.53,-0.51,2.23,2.78,1.62,1.05,1,-3.44,bear,bajista,0,-0.451,32,2676,4,
s11709,GRTUSDT,1782315000000,testB,-1,-2.51,0.475,3.89,3.73,0.84,0.93,1.35,1.49,1.14,0.74,1,-3.44,bear,neutral,0,-0.309,32,2676,1,
s11710,MANAUSDT,1782315000000,testB,-1,-2.46,0.486,3.7,3.56,0.53,0.98,1.3,0.65,0.52,0.39,1,-3.44,bear,neutral,0,0.333,32,2676,1,
s11711,APEUSDT,1782315000000,testB,-1,-3.03,0.482,4.66,4.5,0.51,0.4,1.83,1.08,1.34,1.03,0,-3.44,bear,neutral,0,0.068,32,2676,1,
s11712,ASTERUSDT,1782315900000,train,-1,-2.82,0.659,3.15,2.92,1.49,1.36,1.4,0.42,0.3,0.31,0,-4.19,bear,bajista,0,-0.173,32,2678,2,
s11713,STBLUSDT,1782315900000,train,-1,-4.82,0.626,7.72,7.06,0.99,-0.63,2.79,1.57,1.76,0.95,0,-4.19,bear,bajista,0,0.26,32,2678,2,
s11714,0GUSDT,1782315900000,train,-1,-2.81,0.427,3.71,3.32,0.44,1.38,1.41,1.68,1.78,1.13,0,-4.19,bear,bajista,0,0.403,32,2678,2,
s11715,ENAUSDT,1782315900000,train,-1,-4.15,0.667,5.23,4.96,1.12,0.04,2.18,1.08,0.79,0.58,1,-4.19,bear,bajista,0,-1.0,32,2678,6,
s11716,ARBUSDT,1782315900000,train,-1,-4.06,0.66,4.63,4.38,1.09,0.13,2.03,1.59,1.01,0.77,1,-4.19,bear,bajista,0,-0.194,32,2678,2,
s11717,OPUSDT,1782315900000,train,-1,-3.34,0.386,5.48,4.87,0.6,0.85,1.87,2.25,1.59,1.14,1,-4.19,bear,bajista,0,-1.0,24,2678,2,
s11718,SUIUSDT,1782315900000,train,-1,-3.81,0.69,4.63,4.26,0.66,0.38,1.79,1.7,1.09,0.83,1,-4.19,bear,bajista,0,-0.38,32,2678,2,
s11719,TIAUSDT,1782315900000,train,-1,-3.97,0.451,4.53,4.36,0.83,0.21,2.13,1.09,0.98,0.82,1,-4.19,bear,bajista,0,-1.0,31,2678,2,
s11720,PENDLEUSDT,1782315900000,train,-1,-3.94,0.701,5.25,4.35,1.22,0.24,1.95,0.95,0.72,0.63,1,-4.19,bear,bajista,0,-0.664,32,2678,2,
s11721,ONDOUSDT,1782315900000,train,-1,-2.8,0.5,3.99,3.42,1.0,1.38,1.26,1.26,0.87,0.72,1,-4.19,bear,bajista,0,-1.0,18,2677,6,
s11722,FETUSDT,1782315900000,train,-1,-4.13,0.581,5.02,4.43,1.14,0.06,2.01,1.46,0.98,0.65,1,-4.19,bear,bajista,0,-0.797,32,2677,2,
s11723,ARUSDT,1782315900000,testB,-1,-3.97,0.56,6.54,6.23,1.08,0.22,2.37,1.44,0.95,0.86,1,-4.19,bear,bajista,0,0.244,32,2677,5,
s11724,STXUSDT,1782315900000,testB,-1,-4.95,0.744,5.63,5.21,1.64,-0.77,2.32,2.78,1.62,1.05,1,-4.19,bear,bajista,0,-0.563,32,2677,5,
s11725,GRTUSDT,1782315900000,testB,-1,-3.66,0.742,4.35,3.96,1.17,0.53,1.59,1.49,1.14,0.74,1,-4.19,bear,bajista,0,-0.375,32,2677,2,
s11726,SANDUSDT,1782315900000,testB,-1,-2.62,0.613,3.5,2.9,0.76,1.57,1.08,0.58,0.47,0.37,1,-4.19,bear,bajista,0,0.347,32,2677,4,
s11727,MANAUSDT,1782315900000,testB,-1,-3.31,0.657,4.02,3.87,0.66,0.88,1.58,0.65,0.52,0.39,1,-4.19,bear,bajista,0,0.077,32,2677,2,
s11728,APEUSDT,1782315900000,testB,-1,-4.62,0.778,5.15,4.92,0.91,-0.43,2.15,1.08,1.34,1.03,0,-4.19,bear,bajista,0,0.016,32,2677,2,
s11729,ASTERUSDT,1782316800000,train,-1,-2.0,0.434,2.95,2.09,1.69,1.67,0.72,0.57,0.39,0.34,1,-3.67,bear,neutral,1,2.0,5,2679,0,
s11730,PUMPUSDT,1782316800000,train,-1,-7.07,0.692,9.3,7.76,2.02,-3.4,3.45,2.7,1.64,1.09,1,-3.67,bear,neutral,0,0.119,32,2679,0,
s11731,STBLUSDT,1782316800000,train,-1,-4.93,0.651,8.37,7.06,1.49,-1.26,2.51,2.11,2.13,1.11,0,-3.67,bear,neutral,0,0.277,32,2679,0,
s11732,0GUSDT,1782316800000,train,-1,-2.24,0.371,2.94,2.59,0.55,1.44,1.28,2.21,2.09,1.28,1,-3.67,bear,neutral,1,2.0,5,2679,0,
s11733,ENAUSDT,1782316800000,train,-1,-4.03,0.639,5.21,4.57,1.23,-0.36,1.62,1.32,0.91,0.62,1,-3.67,bear,neutral,0,-1.0,31,2679,0,
s11734,ARBUSDT,1782316800000,train,-1,-3.25,0.48,4.57,3.58,1.22,0.43,1.2,2.24,1.33,0.91,1,-3.67,bear,neutral,0,-0.121,32,2679,0,
s11735,SUIUSDT,1782316800000,train,-1,-3.38,0.568,4.6,3.63,0.75,0.3,1.12,2.18,1.35,0.92,1,-3.67,bear,neutral,0,-0.276,32,2679,0,
s11736,PENDLEUSDT,1782316800000,train,-1,-3.01,0.468,4.97,3.18,1.31,0.67,0.95,1.2,0.82,0.67,1,-3.67,bear,neutral,0,-0.634,32,2679,0,
s11737,ONDOUSDT,1782316800000,train,-1,-2.27,0.372,3.92,2.43,1.13,1.4,0.26,1.47,0.97,0.77,1,-3.67,bear,neutral,0,-1.0,17,2678,0,
s11738,FETUSDT,1782316800000,train,-1,-3.04,0.387,4.98,3.44,1.37,0.63,0.96,1.99,1.26,0.76,1,-3.67,bear,neutral,0,-1.0,32,2678,0,
s11739,ARUSDT,1782316800000,testB,-1,-4.11,0.594,8.1,6.06,2.65,-0.43,1.98,2.46,1.47,1.07,1,-3.67,bear,neutral,0,0.31,32,2678,0,
s11740,STXUSDT,1782316800000,testB,-1,-4.45,0.661,5.43,4.72,0.51,-0.77,1.85,3.31,1.88,1.16,1,-3.67,bear,neutral,0,-0.57,32,2678,0,
s11741,GRTUSDT,1782316800000,testB,-1,-3.08,0.558,4.32,3.34,1.46,0.6,0.93,2.07,1.46,0.88,1,-3.67,bear,neutral,0,-0.295,32,2678,0,
s11742,SANDUSDT,1782316800000,testB,-1,-2.19,0.467,3.4,2.36,0.97,1.48,0.55,0.88,0.61,0.44,1,-3.67,bear,neutral,1,2.0,5,2678,0,
s11743,MANAUSDT,1782316800000,testB,-1,-2.88,0.526,4.0,3.41,0.71,0.8,1.01,0.86,0.62,0.44,1,-3.67,bear,neutral,0,0.304,32,2678,0,
s11744,AXSUSDT,1782316800000,testB,-1,-4.06,0.355,5.6,4.33,0.58,-0.38,0.99,0.93,0.74,0.5,1,-3.67,bear,neutral,0,0.364,32,2678,0,
s11745,APEUSDT,1782316800000,testB,-1,-3.52,0.511,5.02,3.73,1.28,0.15,0.94,1.45,1.55,1.12,0,-3.67,bear,neutral,0,0.041,32,2678,0,
s11746,PUMPUSDT,1782317700000,train,-1,-6.36,0.667,8.41,7.25,1.94,-2.74,3.54,2.7,1.64,1.09,1,-3.62,bear,neutral,0,0.149,32,2680,1,
s11747,STBLUSDT,1782317700000,train,-1,-5.33,0.75,8.37,7.02,1.73,-1.72,2.29,2.11,2.13,1.11,0,-3.62,bear,neutral,0,0.326,32,2680,0,
s11748,0GUSDT,1782317700000,train,-1,-2.19,0.361,2.98,2.29,0.79,1.42,1.14,2.21,2.09,1.28,1,-3.62,bear,neutral,1,2.0,2,2680,0,
s11749,WLDUSDT,1782317700000,train,-1,-4.26,0.515,6.26,4.51,0.87,-0.65,0.62,1.11,1.07,0.85,1,-3.62,bear,neutral,0,0.046,32,2680,1,
s11750,ENAUSDT,1782317700000,train,-1,-4.33,0.698,5.21,4.69,1.15,-0.71,1.69,1.32,0.91,0.62,1,-3.62,bear,neutral,0,-1.0,30,2680,1,
s11751,ARBUSDT,1782317700000,train,-1,-3.26,0.483,4.57,3.5,1.32,0.36,1.08,2.24,1.33,0.91,1,-3.62,bear,neutral,0,-0.011,32,2680,0,
s11752,SUIUSDT,1782317700000,train,-1,-2.91,0.495,4.32,3.15,0.78,0.7,0.92,2.18,1.35,0.92,1,-3.62,bear,neutral,0,-0.093,32,2680,0,
s11753,PENDLEUSDT,1782317700000,train,-1,-2.52,0.403,4.6,2.66,1.38,1.09,0.77,1.2,0.82,0.67,1,-3.62,bear,neutral,0,-0.644,32,2680,0,
s11754,FETUSDT,1782317700000,train,-1,-2.87,0.362,4.79,3.14,1.42,0.74,0.9,1.99,1.26,0.76,1,-3.62,bear,neutral,0,-1.0,31,2679,0,
s11755,ARUSDT,1782317700000,testB,-1,-4.31,0.606,8.12,6.28,2.85,-0.69,2.05,2.46,1.47,1.07,1,-3.62,bear,neutral,0,0.342,32,2679,1,
s11756,STXUSDT,1782317700000,testB,-1,-3.72,0.546,5.29,4.16,0.5,-0.1,1.35,3.31,1.88,1.16,1,-3.62,bear,neutral,0,-0.514,32,2679,0,
s11757,GRTUSDT,1782317700000,testB,-1,-3.03,0.553,4.16,3.29,1.34,0.59,0.99,2.07,1.46,0.88,1,-3.62,bear,neutral,0,-0.317,32,2679,1,
s11758,MANAUSDT,1782317700000,testB,-1,-2.88,0.526,3.7,3.11,0.74,0.74,0.94,0.86,0.62,0.44,1,-3.62,bear,neutral,0,0.429,32,2679,0,
s11759,APEUSDT,1782317700000,testB,-1,-2.65,0.383,4.54,2.8,1.44,0.96,0.48,1.45,1.55,1.12,0,-3.62,bear,neutral,0,0.595,32,2679,0,
s11760,STBLUSDT,1782318600000,train,-1,-5.97,0.829,8.4,7.46,1.58,-1.86,2.54,2.11,2.13,1.11,0,-4.11,bear,neutral,0,0.275,32,2681,1,
s11761,0GUSDT,1782318600000,train,-1,-2.54,0.395,3.35,2.91,0.92,1.57,1.71,2.21,2.09,1.28,1,-4.11,bear,neutral,0,-1.0,30,2681,1,
s11762,WLDUSDT,1782318600000,train,-1,-5.19,0.562,6.57,6.31,0.94,-1.09,2.51,1.11,1.07,0.85,1,-4.11,bear,bajista,0,-0.289,32,2681,2,
s11763,ENAUSDT,1782318600000,train,-1,-4.72,0.715,5.61,4.97,1.14,-0.61,2.4,1.32,0.91,0.62,1,-4.11,bear,bajista,0,-1.0,29,2681,2,
s11764,ARBUSDT,1782318600000,train,-1,-4.04,0.536,4.57,4.27,1.12,0.07,1.98,2.24,1.33,0.91,1,-4.11,bear,neutral,0,-0.206,32,2681,1,
s11765,SUIUSDT,1782318600000,train,-1,-2.94,0.496,3.82,3.24,0.66,1.16,1.35,2.18,1.35,0.92,1,-4.11,bear,neutral,0,-0.151,32,2681,1,
s11766,TIAUSDT,1782318600000,train,-1,-3.97,0.351,5.12,4.61,1.48,0.14,2.49,1.46,1.04,0.88,1,-4.11,bear,bajista,0,-1.0,28,2681,2,
s11767,JUPUSDT,1782318600000,train,-1,-4.89,0.365,7.02,6.2,1.07,-0.79,3.07,2.88,2.12,1.29,1,-4.11,bear,bajista,0,-1.0,30,2681,2,
s11768,PENDLEUSDT,1782318600000,train,-1,-2.78,0.425,4.34,2.94,1.06,1.33,1.29,1.2,0.82,0.67,1,-4.11,bear,neutral,0,-1.0,15,2681,1,
s11769,ONDOUSDT,1782318600000,train,-1,-2.42,0.385,3.25,2.58,1.03,1.69,1.17,1.47,0.97,0.77,1,-4.11,bear,neutral,0,-1.0,14,2680,1,
s11770,FETUSDT,1782318600000,train,-1,-3.0,0.371,4.45,3.15,1.38,1.11,1.24,1.99,1.26,0.76,1,-4.11,bear,neutral,0,-1.0,27,2680,1,
s11771,ARUSDT,1782318600000,testB,-1,-5.64,0.72,6.72,5.98,2.54,-1.54,2.96,2.46,1.47,1.07,1,-4.11,bear,bajista,0,0.204,32,2680,2,
s11772,STXUSDT,1782318600000,testB,-1,-3.95,0.561,5.01,4.11,0.37,0.16,1.53,3.31,1.88,1.16,1,-4.11,bear,neutral,0,-0.507,32,2680,1,
s11773,GRTUSDT,1782318600000,testB,-1,-3.46,0.586,4.02,3.75,1.12,0.65,1.54,2.07,1.46,0.88,1,-4.11,bear,bajista,0,-0.412,32,2680,2,
s11774,SANDUSDT,1782318600000,testB,-1,-2.54,0.5,3.26,2.69,1.05,1.57,1.02,0.88,0.61,0.44,1,-4.11,bear,neutral,0,0.596,32,2680,1,
s11775,MANAUSDT,1782318600000,testB,-1,-3.31,0.561,3.87,3.58,0.75,0.8,1.44,0.86,0.62,0.44,1,-4.11,bear,neutral,0,0.333,32,2680,1,
s11776,APEUSDT,1782318600000,testB,-1,-3.03,0.414,4.2,3.28,1.33,1.07,1.31,1.45,1.55,1.12,0,-4.11,bear,neutral,0,0.442,32,2680,1,
s11777,ASTERUSDT,1782319500000,train,-1,-3.44,0.535,5.28,3.62,2.4,1.0,2.12,0.57,0.39,0.34,1,-4.44,bear,bajista,0,-0.342,32,2682,2,
s11778,0GUSDT,1782319500000,train,-1,-5.46,0.589,7.08,6.05,2.37,-1.02,4.11,2.21,2.09,1.28,1,-4.44,bear,bajista,0,-1.0,29,2682,2,
s11779,WLDUSDT,1782319500000,train,-1,-6.08,0.599,7.63,6.59,1.29,-1.63,3.41,1.11,1.07,0.85,1,-4.44,bear,bajista,0,-0.37,32,2682,3,
s11780,ENAUSDT,1782319500000,train,-1,-5.29,0.737,6.9,5.74,1.45,-0.85,3.01,1.32,0.91,0.62,1,-4.44,bear,bajista,0,-1.0,27,2682,3,
s11781,ARBUSDT,1782319500000,train,-1,-5.64,0.617,7.31,5.99,1.96,-1.2,3.53,2.24,1.33,0.91,1,-4.44,bear,bajista,0,-0.5,32,2682,2,
s11782,OPUSDT,1782319500000,train,-1,-5.12,0.394,7.99,7.16,1.46,-0.67,3.47,2.89,1.89,1.27,1,-4.44,bear,bajista,0,-1.0,20,2682,2,
s11783,SUIUSDT,1782319500000,train,-1,-4.54,0.603,6.62,4.82,1.52,-0.1,2.74,2.18,1.35,0.92,1,-4.44,bear,bajista,0,-0.469,32,2682,2,
s11784,TIAUSDT,1782319500000,train,-1,-6.09,0.453,8.3,7.15,1.94,-1.65,4.3,1.46,1.04,0.88,1,-4.44,bear,bajista,0,-1.0,27,2682,3,
s11785,JUPUSDT,1782319500000,train,-1,-5.83,0.406,8.29,7.71,1.08,-1.39,3.96,2.88,2.12,1.29,1,-4.44,bear,bajista,0,-1.0,29,2682,3,
s11786,PENDLEUSDT,1782319500000,train,-1,-4.77,0.559,6.73,5.06,1.53,-0.32,3.31,1.2,0.82,0.67,1,-4.44,bear,bajista,0,-1.0,14,2682,2,
s11787,FETUSDT,1782319500000,train,-1,-4.68,0.479,6.12,4.97,1.82,-0.24,2.97,1.99,1.26,0.76,1,-4.44,bear,bajista,0,-1.0,21,2681,2,
s11788,STXUSDT,1782319500000,testB,-1,-5.74,0.649,8.1,6.15,0.89,-1.3,3.28,3.31,1.88,1.16,1,-4.44,bear,bajista,0,-0.713,32,2681,2,
s11789,GRTUSDT,1782319500000,testB,-1,-5.23,0.681,6.81,5.51,1.97,-0.78,3.22,2.07,1.46,0.88,1,-4.44,bear,bajista,0,-0.663,32,2681,3,
s11790,SANDUSDT,1782319500000,testB,-1,-4.83,0.654,6.7,5.11,2.52,-0.38,3.3,0.88,0.61,0.44,1,-4.44,bear,bajista,0,-0.234,32,2681,2,
s11791,MANAUSDT,1782319500000,testB,-1,-5.05,0.66,6.84,5.32,2.04,-0.61,3.04,0.86,0.62,0.44,1,-4.44,bear,bajista,0,-0.143,32,2681,2,
s11792,AXSUSDT,1782319500000,testB,-1,-6.37,0.504,8.23,6.81,0.95,-1.93,3.86,0.93,0.74,0.5,1,-4.44,bear,bajista,0,-0.194,32,2681,2,
s11793,APEUSDT,1782319500000,testB,-1,-5.7,0.579,7.61,5.96,2.32,-1.25,3.58,1.45,1.55,1.12,0,-4.44,bear,bajista,0,-0.066,32,2681,2,
s11794,ASTERUSDT,1782320400000,train,-1,-2.55,0.417,4.79,2.85,2.52,1.01,1.66,0.7,0.48,0.39,1,-3.56,bear,neutral,0,-0.382,32,2683,0,
s11795,STBLUSDT,1782320400000,train,-1,-6.72,0.868,9.52,7.87,1.76,-3.15,4.33,2.86,2.54,1.32,1,-3.56,bear,bajista,0,-0.005,32,2683,3,
s11796,0GUSDT,1782320400000,train,-1,-4.2,0.516,7.07,6.0,2.56,-0.64,3.7,2.3,2.18,1.34,1,-3.56,bear,neutral,0,-1.0,28,2683,0,
s11797,WLDUSDT,1782320400000,train,-1,-4.73,0.507,6.92,5.63,1.33,-1.16,3.13,1.14,0.96,0.84,1,-3.56,bear,neutral,0,-1.0,18,2683,0,
s11798,ENAUSDT,1782320400000,train,-1,-3.13,0.465,6.11,4.09,1.47,0.44,1.99,1.36,0.98,0.66,1,-3.56,bear,neutral,0,-1.0,15,2683,0,
s11799,ARBUSDT,1782320400000,train,-1,-4.09,0.491,6.36,4.69,1.86,-0.53,2.9,2.61,1.55,1.01,1,-3.56,bear,neutral,0,-0.608,32,2683,0,
s11800,SUIUSDT,1782320400000,train,-1,-3.17,0.489,6.15,4.19,1.62,0.39,2.31,2.37,1.49,0.97,1,-3.56,bear,neutral,0,-0.448,32,2683,0,
s11801,PENDLEUSDT,1782320400000,train,-1,-4.1,0.515,6.45,4.74,1.86,-0.53,2.92,1.41,0.92,0.73,1,-3.56,bear,neutral,0,-1.0,13,2683,0,
s11802,FETUSDT,1782320400000,train,-1,-3.33,0.373,5.38,3.99,1.78,0.23,2.47,2.31,1.45,0.85,1,-3.56,bear,neutral,0,-1.0,13,2682,0,
s11803,ARUSDT,1782320400000,testB,-1,-6.2,0.693,8.78,7.26,1.84,-2.64,4.33,3.3,1.91,1.25,1,-3.56,bear,neutral,0,-0.007,32,2682,0,
s11804,STXUSDT,1782320400000,testB,-1,-4.46,0.538,7.34,5.04,0.93,-0.9,2.6,3.59,2.11,1.27,1,-3.56,bear,neutral,0,-1.0,20,2682,0,
s11805,GRTUSDT,1782320400000,testB,-1,-4.26,0.632,5.86,4.68,1.73,-0.7,3.0,2.36,1.64,0.96,1,-3.56,bear,bajista,0,-1.0,20,2682,4,
s11806,SANDUSDT,1782320400000,testB,-1,-4.01,0.608,5.81,4.67,2.5,-0.45,3.37,1.06,0.7,0.48,1,-3.56,bear,bajista,0,-0.362,32,2682,3,
s11807,MANAUSDT,1782320400000,testB,-1,-4.51,0.633,6.1,4.88,2.3,-0.95,3.03,1.05,0.74,0.5,1,-3.56,bear,bajista,0,-0.281,32,2682,3,
s11808,APEUSDT,1782320400000,testB,-1,-5.06,0.548,7.22,5.57,2.14,-1.5,3.19,1.66,1.62,1.18,1,-3.56,bear,neutral,0,-0.113,32,2682,0,
s11809,ASTERUSDT,1782321300000,train,-1,-3.11,0.465,5.95,3.75,3.85,0.42,2.26,0.7,0.48,0.39,1,-3.52,bear,neutral,0,-0.469,32,2684,1,
s11810,0GUSDT,1782321300000,train,-1,-4.93,0.556,8.03,6.86,3.16,-1.41,4.02,2.3,2.18,1.34,1,-3.52,bear,neutral,0,-1.0,27,2684,1,
s11811,WLDUSDT,1782321300000,train,-1,-4.65,0.501,6.97,6.25,1.49,-1.12,3.22,1.14,0.96,0.84,1,-3.52,bear,neutral,0,-1.0,17,2684,1,
s11812,ENAUSDT,1782321300000,train,-1,-3.83,0.515,6.17,5.13,1.7,-0.31,2.63,1.36,0.98,0.66,1,-3.52,bear,neutral,0,-1.0,14,2684,1,
s11813,ARBUSDT,1782321300000,train,-1,-4.52,0.514,6.43,5.58,2.18,-1.0,3.51,2.61,1.55,1.01,1,-3.52,bear,neutral,0,-0.667,32,2684,1,
s11814,SUIUSDT,1782321300000,train,-1,-4.53,0.602,6.27,5.51,2.16,-1.01,3.13,2.37,1.49,0.97,1,-3.52,bear,neutral,0,-0.566,32,2684,1,
s11815,TIAUSDT,1782321300000,train,-1,-4.86,0.362,8.8,7.92,1.75,-1.34,4.19,1.42,1.08,0.9,1,-3.52,bear,neutral,0,-1.0,25,2684,1,
s11816,PENDLEUSDT,1782321300000,train,-1,-4.01,0.508,6.16,5.02,2.25,-0.49,3.13,1.41,0.92,0.73,1,-3.52,bear,neutral,0,-1.0,12,2684,1,
s11817,FETUSDT,1782321300000,train,-1,-3.42,0.377,6.04,4.82,2.38,0.11,2.91,2.31,1.45,0.85,1,-3.52,bear,neutral,0,-1.0,12,2683,1,
s11818,STXUSDT,1782321300000,testB,-1,-4.67,0.548,6.99,5.64,1.21,-1.15,3.22,3.59,2.11,1.27,1,-3.52,bear,neutral,0,-1.0,19,2683,1,
s11819,GRTUSDT,1782321300000,testB,-1,-3.81,0.603,5.71,4.58,2.13,-0.28,3.0,2.36,1.64,0.96,1,-3.52,bear,bajista,0,-1.0,13,2683,5,
s11820,SANDUSDT,1782321300000,testB,-1,-4.34,0.626,6.22,5.36,3.19,-0.81,3.67,1.06,0.7,0.48,1,-3.52,bear,bajista,0,-0.414,32,2683,4,
s11821,MANAUSDT,1782321300000,testB,-1,-4.26,0.617,5.99,4.92,3.01,-0.74,3.4,1.05,0.74,0.5,1,-3.52,bear,bajista,0,-0.406,32,2683,4,
s11822,AXSUSDT,1782321300000,testB,-1,-3.84,0.358,7.37,6.24,1.22,-0.31,3.65,0.96,0.76,0.52,1,-3.52,bear,neutral,0,-0.361,32,2683,1,
s11823,APEUSDT,1782321300000,testB,-1,-5.05,0.545,7.3,6.26,2.51,-1.52,3.8,1.66,1.62,1.18,1,-3.52,bear,neutral,0,-0.215,32,2683,1,
s11824,ASTERUSDT,1782322200000,train,-1,-3.16,0.469,5.82,3.81,4.52,0.37,2.22,0.7,0.48,0.39,1,-3.53,bear,bajista,0,-0.651,32,2685,2,
s11825,0GUSDT,1782322200000,train,-1,-4.99,0.558,8.05,7.15,3.21,-1.45,3.89,2.3,2.18,1.34,1,-3.53,bear,bajista,0,-1.0,26,2685,2,
s11826,WLDUSDT,1782322200000,train,-1,-4.93,0.522,7.06,6.51,1.45,-1.39,3.09,1.14,0.96,0.84,1,-3.53,bear,bajista,0,-1.0,16,2685,2,
s11827,ENAUSDT,1782322200000,train,-1,-3.93,0.522,6.08,5.17,1.52,-0.4,2.46,1.36,0.98,0.66,1,-3.53,bear,bajista,0,-1.0,13,2685,2,
s11828,ARBUSDT,1782322200000,train,-1,-4.59,0.518,6.44,5.8,2.37,-1.06,3.33,2.61,1.55,1.01,1,-3.53,bear,bajista,0,-0.672,32,2685,2,
s11829,INJUSDT,1782322200000,train,-1,-3.91,0.407,5.92,5.23,1.98,-0.38,2.77,1.65,1.37,0.8,1,-3.53,bear,bajista,0,-0.221,32,2685,2,
s11830,SUIUSDT,1782322200000,train,-1,-4.17,0.581,5.35,4.66,2.45,-0.64,2.9,2.37,1.49,0.97,1,-3.53,bear,bajista,0,-1.0,13,2685,2,
s11831,TIAUSDT,1782322200000,train,-1,-5.27,0.409,8.78,7.74,1.75,-1.74,3.63,1.42,1.08,0.9,1,-3.53,bear,neutral,0,-1.0,24,2685,0,
s11832,PENDLEUSDT,1782322200000,train,-1,-4.2,0.519,6.18,5.42,2.81,-0.67,3.12,1.41,0.92,0.73,1,-3.53,bear,bajista,0,-1.0,11,2685,2,
s11833,STXUSDT,1782322200000,testB,-1,-4.45,0.528,6.49,5.08,1.27,-0.91,2.83,3.59,2.11,1.27,1,-3.53,bear,neutral,0,-1.0,10,2684,0,
s11834,GRTUSDT,1782322200000,testB,-1,-3.59,0.579,5.71,4.52,2.36,-0.06,2.64,2.36,1.64,0.96,1,-3.53,bear,neutral,0,-1.0,12,2684,0,
s11835,SANDUSDT,1782322200000,testB,-1,-4.21,0.618,6.16,5.32,3.38,-0.68,3.31,1.06,0.7,0.48,1,-3.53,bear,bajista,0,-0.413,32,2684,5,
s11836,MANAUSDT,1782322200000,testB,-1,-4.42,0.625,6.02,5.4,3.39,-0.89,3.47,1.05,0.74,0.5,1,-3.53,bear,bajista,0,-0.4,32,2684,5,
s11837,AXSUSDT,1782322200000,testB,-1,-4.87,0.5,7.38,6.35,1.37,-1.34,3.48,0.96,0.76,0.52,1,-3.53,bear,bajista,0,-0.387,32,2684,2,
s11838,APEUSDT,1782322200000,testB,-1,-4.97,0.532,6.66,5.55,2.79,-1.44,3.39,1.66,1.62,1.18,1,-3.53,bear,neutral,0,-1.0,10,2684,0,
s11839,ASTERUSDT,1782323100000,train,-1,-3.44,0.512,5.68,3.82,2.09,-0.27,2.06,0.7,0.48,0.39,1,-3.17,bear,bajista,0,-0.703,32,2686,3,
s11840,0GUSDT,1782323100000,train,-1,-5.27,0.612,8.05,7.15,1.09,-2.1,3.36,2.3,2.18,1.34,1,-3.17,bear,neutral,0,-1.0,25,2686,0,
s11841,WLDUSDT,1782323100000,train,-1,-5.58,0.564,6.8,6.43,0.88,-2.41,3.17,1.14,0.96,0.84,1,-3.17,bear,bajista,0,-1.0,15,2686,3,
s11842,ENAUSDT,1782323100000,train,-1,-4.47,0.569,6.11,5.64,0.94,-1.29,2.44,1.36,0.98,0.66,1,-3.17,bear,bajista,0,-1.0,12,2686,3,
s11843,ARBUSDT,1782323100000,train,-1,-4.86,0.556,6.49,5.88,1.14,-1.68,2.92,2.61,1.55,1.01,1,-3.17,bear,bajista,0,-0.674,32,2686,3,
s11844,SUIUSDT,1782323100000,train,-1,-3.84,0.557,5.34,4.64,1.01,-0.66,2.45,2.37,1.49,0.97,1,-3.17,bear,neutral,0,-1.0,12,2686,0,
s11845,PENDLEUSDT,1782323100000,train,-1,-4.33,0.526,6.19,5.58,1.38,-1.16,2.89,1.41,0.92,0.73,1,-3.17,bear,bajista,0,-1.0,10,2686,3,
s11846,FETUSDT,1782323100000,train,-1,-3.19,0.37,6.03,4.75,1.18,-0.01,2.14,2.31,1.45,0.85,1,-3.17,bear,neutral,0,-1.0,10,2685,0,
s11847,STXUSDT,1782323100000,testB,-1,-3.81,0.436,6.46,4.57,0.7,-0.64,2.0,3.59,2.11,1.27,1,-3.17,bear,neutral,0,-1.0,9,2685,0,
s11848,GRTUSDT,1782323100000,testB,-1,-3.76,0.6,5.71,4.64,0.96,-0.58,2.34,2.36,1.64,0.96,1,-3.17,bear,neutral,0,-1.0,11,2685,1,
s11849,SANDUSDT,1782323100000,testB,-1,-4.52,0.65,6.17,5.58,1.2,-1.35,3.05,1.06,0.7,0.48,1,-3.17,bear,bajista,0,-0.428,32,2685,6,
s11850,MANAUSDT,1782323100000,testB,-1,-4.57,0.633,6.03,5.56,1.6,-1.4,3.17,1.05,0.74,0.5,1,-3.17,bear,bajista,0,-0.417,32,2685,6,
s11851,AXSUSDT,1782323100000,testB,-1,-5.63,0.58,7.41,6.79,0.72,-2.46,3.16,0.96,0.76,0.52,1,-3.17,bear,bajista,0,-0.409,32,2685,3,
s11852,APEUSDT,1782323100000,testB,-1,-4.7,0.517,6.76,5.88,1.13,-1.53,3.27,1.66,1.62,1.18,1,-3.17,bear,neutral,0,-1.0,9,2685,1,
s11853,ASTERUSDT,1782324000000,train,-1,-2.71,0.384,5.44,3.03,1.8,-0.02,1.34,0.73,0.5,0.4,1,-2.69,bear,neutral,0,-0.754,32,2687,0,
s11854,0GUSDT,1782324000000,train,-1,-5.27,0.62,7.99,6.33,0.88,-2.58,2.37,2.12,1.96,1.38,1,-2.69,bear,neutral,0,-1.0,24,2687,0,
s11855,WLDUSDT,1782324000000,train,-1,-3.86,0.383,6.11,4.77,0.76,-1.17,1.92,1.07,0.92,0.84,1,-2.69,bear,neutral,0,-1.0,9,2687,0,
s11856,ENAUSDT,1782324000000,train,-1,-3.34,0.373,6.02,4.15,0.98,-0.65,0.91,1.45,1.05,0.69,1,-2.69,bear,neutral,0,-1.0,11,2687,0,
s11857,ARBUSDT,1782324000000,train,-1,-4.32,0.468,6.43,4.99,1.22,-1.63,1.82,2.9,1.71,1.08,1,-2.69,bear,neutral,0,-0.614,32,2687,0,
s11858,TIAUSDT,1782324000000,train,-1,-5.25,0.393,8.7,6.81,0.78,-2.56,1.95,1.47,1.07,0.9,1,-2.69,bear,neutral,0,-1.0,22,2687,0,
s11859,PENDLEUSDT,1782324000000,train,-1,-3.27,0.354,6.1,4.02,1.04,-0.57,1.2,1.51,0.96,0.75,1,-2.69,bear,neutral,0,-1.0,9,2687,0,
s11860,GRTUSDT,1782324000000,testB,-1,-3.04,0.437,5.66,3.64,0.97,-0.35,1.16,2.47,1.72,1.0,1,-2.69,bear,neutral,0,-1.0,10,2686,0,
s11861,LDOUSDT,1782324000000,testB,-1,-4.03,0.377,6.77,5.02,1.27,-1.34,2.08,2.62,1.52,0.9,1,-2.69,bear,neutral,0,-1.0,28,2686,0,
s11862,SANDUSDT,1782324000000,testB,-1,-4.13,0.566,6.12,4.74,0.99,-1.44,2.01,1.11,0.7,0.5,1,-2.69,bear,neutral,0,-0.388,32,2686,0,
s11863,MANAUSDT,1782324000000,testB,-1,-4.12,0.538,5.99,4.92,1.44,-1.43,2.19,1.13,0.79,0.52,1,-2.69,bear,neutral,0,-0.406,32,2686,0,
s11864,AXSUSDT,1782324000000,testB,-1,-4.84,0.463,7.01,5.18,0.74,-2.14,1.68,0.93,0.74,0.53,1,-2.69,bear,neutral,0,-0.49,32,2686,0,
s11865,APEUSDT,1782324000000,testB,-1,-3.93,0.4,6.68,4.72,1.07,-1.24,1.83,1.78,1.44,1.22,1,-2.69,bear,neutral,0,-1.0,8,2686,0,
s11866,0GUSDT,1782324900000,train,-1,-4.57,0.5,7.9,5.06,0.6,-2.07,1.04,2.12,1.96,1.38,1,-2.5,bear,neutral,0,-1.0,23,2688,0,
s11867,ARBUSDT,1782324900000,train,-1,-3.83,0.394,6.4,4.4,1.04,-1.33,1.13,2.9,1.71,1.08,1,-2.5,bear,neutral,0,-0.617,32,2688,0,
s11868,TIAUSDT,1782324900000,train,-1,-4.91,0.36,8.64,6.02,0.68,-2.41,1.18,1.47,1.07,0.9,1,-2.5,bear,neutral,0,-1.0,21,2688,0,
s11869,SANDUSDT,1782324900000,testB,-1,-3.52,0.446,6.08,3.93,0.45,-1.02,1.11,1.11,0.7,0.5,1,-2.5,bear,neutral,0,-0.242,32,2687,0,
s11870,0GUSDT,1782325800000,train,-1,-4.75,0.509,7.49,5.08,0.44,-2.13,1.38,2.12,1.96,1.38,1,-2.62,bear,neutral,0,-1.0,22,2689,1,
s11871,ARBUSDT,1782325800000,train,-1,-4.27,0.439,6.41,4.67,0.96,-1.65,1.28,2.9,1.71,1.08,1,-2.62,bear,neutral,0,-0.542,32,2689,1,
s11872,TIAUSDT,1782325800000,train,-1,-5.06,0.366,7.6,5.5,0.59,-2.44,1.58,1.47,1.07,0.9,1,-2.62,bear,neutral,0,-1.0,19,2689,1,
s11873,LDOUSDT,1782325800000,testB,-1,-3.89,0.355,6.73,4.34,0.93,-1.27,1.17,2.62,1.52,0.9,1,-2.62,bear,neutral,0,-1.0,26,2688,1,
s11874,SANDUSDT,1782325800000,testB,-1,-3.83,0.483,6.05,4.08,0.46,-1.2,1.18,1.11,0.7,0.5,1,-2.62,bear,neutral,0,-0.249,32,2688,1,
s11875,MANAUSDT,1782325800000,testB,-1,-3.38,0.377,5.94,3.96,0.89,-0.76,1.05,1.13,0.79,0.52,1,-2.62,bear,neutral,0,-0.192,32,2688,1,
s11876,0GUSDT,1782326700000,train,-1,-4.54,0.48,7.38,4.8,0.31,-2.06,1.2,2.12,1.96,1.38,1,-2.48,bear,neutral,0,-1.0,21,2690,0,
s11877,ARBUSDT,1782326700000,train,-1,-4.59,0.456,6.22,4.83,0.78,-2.1,1.52,2.9,1.71,1.08,1,-2.48,bear,bajista,0,-0.632,32,2690,2,
s11878,TIAUSDT,1782326700000,train,-1,-5.25,0.375,7.44,5.57,0.5,-2.77,1.73,1.47,1.07,0.9,1,-2.48,bear,bajista,0,-1.0,13,2690,2,
s11879,LDOUSDT,1782326700000,testB,-1,-4.4,0.391,6.63,4.64,0.84,-1.91,1.55,2.62,1.52,0.9,1,-2.48,bear,bajista,0,-1.0,25,2689,2,
s11880,SANDUSDT,1782326700000,testB,-1,-4.04,0.501,6.0,4.21,0.38,-1.56,1.29,1.11,0.7,0.5,1,-2.48,bear,bajista,0,-0.329,32,2689,2,
s11881,MANAUSDT,1782326700000,testB,-1,-3.82,0.419,5.95,4.27,0.63,-1.34,1.24,1.13,0.79,0.52,1,-2.48,bear,bajista,0,-0.321,32,2689,2,
s11882,PUMPUSDT,1782327600000,train,-1,-6.73,0.452,8.75,7.86,0.46,-4.72,3.25,3.06,2.06,1.32,1,-2.01,bear,bajista,0,-0.505,32,2691,3,
s11883,0GUSDT,1782327600000,train,-1,-4.23,0.46,7.4,5.04,0.36,-2.22,1.35,1.7,1.83,1.41,0,-2.01,bear,neutral,0,-1.0,20,2691,1,
s11884,ARBUSDT,1782327600000,train,-1,-3.75,0.405,5.69,4.33,0.58,-1.74,1.41,2.48,1.78,1.1,1,-2.01,bear,bajista,0,-1.0,12,2691,3,
s11885,LDOUSDT,1782327600000,testB,-1,-3.89,0.36,6.62,5.02,0.39,-1.88,1.77,1.69,1.57,0.92,1,-2.01,bear,bajista,0,-1.0,24,2690,3,
s11886,SANDUSDT,1782327600000,testB,-1,-3.96,0.495,5.95,4.45,0.31,-1.95,1.44,0.93,0.69,0.5,1,-2.01,bear,bajista,0,-0.326,32,2690,3,
s11887,MANAUSDT,1782327600000,testB,-1,-3.53,0.4,5.95,4.27,0.55,-1.53,1.13,0.99,0.77,0.53,1,-2.01,bear,bajista,0,-0.179,32,2690,3,
s11888,ASTERUSDT,1782328500000,train,-1,-2.66,0.361,5.25,2.77,0.24,-0.93,0.83,0.83,0.57,0.4,1,-1.73,neutral,bajista,0,-0.784,32,2692,2,
s11889,PUMPUSDT,1782328500000,train,-1,-5.9,0.382,8.13,6.52,0.33,-4.18,2.36,3.06,2.06,1.32,1,-1.73,neutral,neutral,0,-0.37,32,2692,0,
s11890,ARBUSDT,1782328500000,train,-1,-3.52,0.372,5.49,3.66,0.33,-1.79,0.88,2.48,1.78,1.1,1,-1.73,neutral,neutral,0,-1.0,11,2692,0,
s11891,LDOUSDT,1782328500000,testB,-1,-4.17,0.401,6.46,4.39,0.29,-2.44,1.23,1.69,1.57,0.92,1,-1.73,neutral,neutral,0,-1.0,23,2691,0,
s11892,SANDUSDT,1782328500000,testB,-1,-3.39,0.401,5.6,3.57,0.26,-1.66,0.85,0.93,0.69,0.5,1,-1.73,neutral,neutral,0,-0.216,32,2691,0,
s11893,MANAUSDT,1782328500000,testB,-1,-3.52,0.4,5.78,3.65,0.42,-1.79,0.63,0.99,0.77,0.53,1,-1.73,neutral,neutral,0,-0.083,32,2691,0,
s11894,ASTERUSDT,1782329400000,train,-1,-3.88,0.449,5.95,4.87,0.8,-2.56,2.87,0.83,0.57,0.4,1,-1.32,neutral,bajista,0,-1.0,24,2693,3,
s11895,ARUSDT,1782329400000,testB,-1,-5.87,0.592,8.56,6.41,0.53,-4.56,2.09,3.96,2.5,1.48,1,-1.32,neutral,neutral,0,-0.474,32,2692,0,
s11896,SANDUSDT,1782329400000,testB,-1,-3.06,0.375,5.62,3.95,0.19,-1.74,1.1,0.93,0.69,0.5,1,-1.32,neutral,neutral,0,-0.191,32,2692,1,
s11897,MANAUSDT,1782329400000,testB,-1,-2.96,0.357,5.04,3.36,0.38,-1.65,1.0,0.99,0.77,0.53,1,-1.32,neutral,neutral,0,-0.136,32,2692,1,
s11898,ASTERUSDT,1782330300000,train,-1,-3.49,0.402,5.94,4.64,1.17,-2.94,2.37,0.83,0.57,0.4,1,-0.55,neutral,neutral,0,-1.0,23,2694,0,
s11899,ARUSDT,1782330300000,testB,-1,-4.71,0.479,7.96,5.27,0.53,-4.16,1.28,3.96,2.5,1.48,1,-0.55,neutral,neutral,0,-0.5,32,2693,0,
s11900,XPLUSDT,1782333900000,train,1,8.51,0.464,8.34,7.87,0.86,6.64,2.89,0.9,0.66,0.46,1,1.87,neutral,neutral,0,0.189,32,2698,1,
s11901,0GUSDT,1782333900000,train,1,2.37,0.356,4.86,4.2,0.45,0.5,0.67,1.65,1.74,1.44,0,1.87,neutral,neutral,1,2.0,27,2698,0,
s11902,WLDUSDT,1782333900000,train,1,4.56,0.388,6.24,5.83,1.18,2.69,2.14,0.89,0.94,0.9,0,1.87,neutral,neutral,0,-0.435,32,2698,1,
s11903,ENAUSDT,1782333900000,train,1,4.29,0.431,6.02,5.19,1.04,2.42,2.24,1.27,1.13,0.74,1,1.87,neutral,neutral,0,0.21,32,2698,0,
s11904,ARBUSDT,1782333900000,train,1,3.14,0.43,4.9,4.55,0.72,1.27,1.59,2.51,1.93,1.16,1,1.87,neutral,neutral,0,0.075,32,2698,1,
s11905,OPUSDT,1782333900000,train,1,6.22,0.612,8.2,7.71,0.65,4.35,2.97,2.5,2.31,1.55,1,1.87,neutral,alcista,0,0.557,32,2698,5,
s11906,SUIUSDT,1782333900000,train,1,3.09,0.433,5.24,4.79,0.63,1.22,1.39,1.94,1.74,1.09,1,1.87,neutral,alcista,0,0.04,32,2698,2,
s11907,TIAUSDT,1782333900000,train,1,4.35,0.405,6.55,5.69,1.15,2.48,2.2,1.27,1.11,0.91,1,1.87,neutral,alcista,0,0.296,32,2698,5,
s11908,SEIUSDT,1782333900000,train,1,6.02,0.593,7.17,7.06,0.96,4.15,3.03,2.28,1.75,1.36,1,1.87,neutral,alcista,0,0.608,32,2698,5,
s11909,PENDLEUSDT,1782333900000,train,1,4.39,0.516,6.74,5.63,0.83,2.52,1.99,1.46,1.11,0.83,1,1.87,neutral,alcista,0,0.125,32,2698,7,
s11910,FETUSDT,1782333900000,train,1,3.76,0.5,5.84,5.32,0.76,1.89,1.6,2.13,1.66,0.99,1,1.87,neutral,neutral,0,0.418,32,2697,0,
s11911,STXUSDT,1782333900000,testB,1,4.2,0.552,6.43,5.73,0.61,2.33,1.55,2.94,2.47,1.43,1,1.87,neutral,neutral,0,0.378,32,2697,1,
s11912,GRTUSDT,1782333900000,testB,1,3.77,0.563,5.64,5.15,0.69,1.9,1.56,2.13,1.72,1.09,1,1.87,neutral,neutral,0,0.126,32,2697,1,
s11913,AXSUSDT,1782333900000,testB,1,3.35,0.44,5.9,5.01,0.67,1.48,1.26,0.68,0.76,0.57,0,1.87,neutral,neutral,0,0.098,32,2697,1,
s11914,XPLUSDT,1782334800000,train,1,5.33,0.36,7.93,7.24,0.84,3.84,3.1,0.9,0.7,0.47,1,1.49,neutral,alcista,0,0.173,32,2699,2,
s11915,TIAUSDT,1782334800000,train,1,3.96,0.383,6.87,5.85,1.26,2.47,2.19,1.24,1.16,0.93,1,1.49,neutral,alcista,0,0.566,32,2699,6,
s11916,SEIUSDT,1782334800000,train,1,5.27,0.517,7.2,6.71,0.93,3.78,2.4,2.26,1.83,1.41,1,1.49,neutral,neutral,0,0.774,32,2699,0,
s11917,PENDLEUSDT,1782334800000,train,1,4.11,0.472,6.75,5.42,0.74,2.62,1.56,1.3,1.12,0.83,1,1.49,neutral,neutral,0,0.35,32,2699,0,
s11918,FETUSDT,1782334800000,train,1,2.96,0.38,5.88,4.82,0.66,1.48,0.95,1.91,1.69,1.01,1,1.49,neutral,neutral,0,0.768,32,2698,0,
s11919,STXUSDT,1782334800000,testB,1,3.34,0.433,6.46,5.28,0.29,1.85,0.92,2.13,2.48,1.43,0,1.49,neutral,neutral,0,0.611,32,2698,0,
s11920,GRTUSDT,1782334800000,testB,1,3.55,0.512,5.66,4.84,0.64,2.06,1.13,1.87,1.7,1.11,1,1.49,neutral,neutral,0,0.303,32,2698,0,
s11921,AXSUSDT,1782334800000,testB,1,3.14,0.425,5.9,5.01,0.46,1.66,1.15,0.6,0.72,0.57,0,1.49,neutral,neutral,0,0.196,32,2698,0,
s11922,XPLUSDT,1782335700000,train,1,6.53,0.457,7.31,6.86,0.87,4.55,3.12,0.9,0.7,0.47,1,1.97,neutral,alcista,0,0.135,32,2700,3,
s11923,0GUSDT,1782335700000,train,1,2.71,0.429,4.66,3.56,0.51,0.73,0.27,1.57,1.63,1.46,0,1.97,neutral,neutral,1,2.0,25,2700,0,
s11924,WLDUSDT,1782335700000,train,1,4.12,0.351,6.29,5.12,0.78,2.15,1.44,0.83,0.89,0.92,0,1.97,neutral,neutral,0,-0.196,32,2700,0,
s11925,ENAUSDT,1782335700000,train,1,3.95,0.461,6.04,4.76,0.73,1.97,1.56,1.13,1.11,0.75,1,1.97,neutral,neutral,0,0.626,32,2700,0,
s11926,ARBUSDT,1782335700000,train,1,3.44,0.541,4.92,4.18,0.42,1.47,1.1,2.25,1.94,1.17,1,1.97,neutral,neutral,0,0.435,32,2700,0,
s11927,OPUSDT,1782335700000,train,1,6.58,0.677,8.04,7.16,0.6,4.61,2.01,2.33,2.34,1.58,0,1.97,neutral,neutral,0,0.849,32,2700,0,
s11928,SUIUSDT,1782335700000,train,1,3.87,0.588,5.07,4.26,0.45,1.89,0.92,1.78,1.76,1.09,1,1.97,neutral,neutral,0,0.316,32,2700,1,
s11929,TIAUSDT,1782335700000,train,1,4.62,0.469,6.8,5.13,1.15,2.64,1.61,1.24,1.16,0.93,1,1.97,neutral,neutral,0,1.157,32,2700,0,
s11930,SEIUSDT,1782335700000,train,1,6.65,0.695,7.18,6.96,0.74,4.67,2.53,2.26,1.83,1.41,1,1.97,neutral,neutral,0,0.712,32,2700,1,
s11931,PENDLEUSDT,1782335700000,train,1,4.8,0.582,6.75,5.49,0.44,2.83,1.56,1.3,1.12,0.83,1,1.97,neutral,neutral,0,0.629,32,2700,1,
s11932,ONDOUSDT,1782335700000,train,1,4.39,0.478,5.24,5.14,0.62,2.42,1.94,1.47,1.37,0.87,1,1.97,neutral,neutral,0,0.635,32,2699,1,
s11933,FETUSDT,1782335700000,train,1,4.02,0.55,5.33,4.51,0.53,2.05,1.12,1.91,1.69,1.01,1,1.97,neutral,neutral,0,0.831,32,2699,1,
s11934,STXUSDT,1782335700000,testB,1,4.23,0.611,5.88,4.59,0.25,2.25,0.76,2.13,2.48,1.43,0,1.97,neutral,neutral,0,0.679,32,2699,0,
s11935,GRTUSDT,1782335700000,testB,1,3.96,0.593,5.22,4.46,0.49,1.98,1.15,1.87,1.7,1.11,1,1.97,neutral,neutral,0,0.378,32,2699,1,
s11936,SANDUSDT,1782335700000,testB,1,2.42,0.407,3.95,3.17,0.45,0.45,0.43,0.84,0.71,0.52,1,1.97,neutral,neutral,0,0.297,32,2699,1,
s11937,AXSUSDT,1782335700000,testB,1,3.99,0.6,5.61,4.63,0.44,2.02,1.1,0.6,0.72,0.57,0,1.97,neutral,neutral,0,0.404,32,2699,0,
s11938,APEUSDT,1782335700000,testB,1,4.52,0.471,6.6,5.39,0.63,2.55,1.29,1.64,1.37,1.26,1,1.97,neutral,neutral,0,-0.239,32,2699,0,
s11939,PUMPUSDT,1782336600000,train,1,4.78,0.424,5.8,5.49,0.65,1.8,2.23,2.72,2.35,1.46,1,2.98,bull,alcista,0,0.028,32,2701,2,
s11940,STBLUSDT,1782336600000,train,1,3.51,0.463,4.85,4.18,0.29,0.53,1.05,2.22,1.91,1.5,1,2.98,bull,alcista,0,-0.01,32,2701,2,
s11941,0GUSDT,1782336600000,train,1,3.71,0.547,4.62,4.23,0.55,0.73,1.29,1.57,1.63,1.46,0,2.98,bull,neutral,1,2.0,24,2701,1,
s11942,WLDUSDT,1782336600000,train,1,5.99,0.456,7.09,6.57,0.92,3.02,2.89,0.83,0.89,0.92,0,2.98,bull,neutral,0,-0.463,32,2701,1,
s11943,ENAUSDT,1782336600000,train,1,5.02,0.534,5.99,5.61,0.68,2.04,2.35,1.13,1.11,0.75,1,2.98,bull,neutral,0,0.291,32,2701,1,
s11944,ARBUSDT,1782336600000,train,1,4.18,0.624,4.9,4.67,0.37,1.21,1.74,2.25,1.94,1.17,1,2.98,bull,neutral,0,0.222,32,2701,1,
s11945,OPUSDT,1782336600000,train,1,7.43,0.732,8.19,7.7,0.64,4.46,2.77,2.33,2.34,1.58,0,2.98,bull,neutral,0,0.709,32,2701,1,
s11946,SUIUSDT,1782336600000,train,1,4.42,0.633,5.05,4.7,0.47,1.44,1.47,1.78,1.76,1.09,1,2.98,bull,alcista,0,0.171,32,2701,2,
s11947,TIAUSDT,1782336600000,train,1,5.16,0.497,6.75,5.79,1.0,2.18,2.42,1.24,1.16,0.93,1,2.98,bull,neutral,0,0.8,32,2701,1,
s11948,SEIUSDT,1782336600000,train,1,7.51,0.768,7.42,7.4,0.81,4.53,2.97,2.26,1.83,1.41,1,2.98,bull,alcista,0,0.549,32,2701,2,
s11949,PENDLEUSDT,1782336600000,train,1,5.86,0.684,6.7,6.08,0.39,2.88,2.32,1.3,1.12,0.83,1,2.98,bull,alcista,0,0.282,32,2701,2,
s11950,ONDOUSDT,1782336600000,train,1,5.49,0.57,5.91,5.81,0.69,2.51,2.43,1.47,1.37,0.87,1,2.98,bull,alcista,0,0.448,32,2700,2,
s11951,FETUSDT,1782336600000,train,1,4.81,0.594,5.47,5.29,0.59,1.84,2.05,1.91,1.69,1.01,1,2.98,bull,alcista,0,0.505,32,2700,2,
s11952,ARUSDT,1782336600000,testB,1,3.2,0.392,5.46,5.19,0.2,0.23,1.45,3.89,2.68,1.57,1,2.98,bull,neutral,0,0.639,32,2700,1,
s11953,STXUSDT,1782336600000,testB,1,4.78,0.639,5.84,5.14,0.3,1.8,1.51,2.13,2.48,1.43,0,2.98,bull,neutral,0,0.466,32,2700,1,
s11954,GRTUSDT,1782336600000,testB,1,4.46,0.622,5.19,4.98,0.44,1.49,1.82,1.87,1.7,1.11,1,2.98,bull,alcista,0,0.141,32,2700,2,
s11955,LDOUSDT,1782336600000,testB,1,3.44,0.452,4.94,4.71,0.47,0.46,1.46,1.51,1.69,0.97,0,2.98,bull,neutral,0,0.538,32,2700,1,
s11956,SANDUSDT,1782336600000,testB,1,2.94,0.457,3.93,3.63,0.61,-0.04,1.19,0.84,0.71,0.52,1,2.98,bull,alcista,0,0.055,32,2700,2,
s11957,MANAUSDT,1782336600000,testB,1,3.09,0.455,4.34,3.59,0.39,0.11,0.91,1.03,0.84,0.58,1,2.98,bull,neutral,0,-0.042,32,2700,0,
s11958,AXSUSDT,1782336600000,testB,1,4.2,0.631,5.6,4.72,0.41,1.22,1.37,0.6,0.72,0.57,0,2.98,bull,neutral,0,0.313,32,2700,1,
s11959,APEUSDT,1782336600000,testB,1,5.23,0.508,6.55,6.1,0.68,2.25,2.23,1.64,1.37,1.26,1,2.98,bull,neutral,0,-0.37,32,2700,1,
s11960,XPLUSDT,1782337500000,train,1,6.57,0.471,7.9,7.04,0.75,3.69,3.35,0.9,0.7,0.47,1,2.88,bull,neutral,0,-0.156,32,2702,0,
s11961,PUMPUSDT,1782337500000,train,1,4.87,0.435,5.34,4.8,0.7,1.99,1.65,2.72,2.35,1.46,1,2.88,bull,neutral,0,0.097,32,2702,0,
s11962,STBLUSDT,1782337500000,train,1,3.95,0.514,4.67,4.26,0.27,1.07,1.2,2.22,1.91,1.5,1,2.88,bull,alcista,0,-0.029,32,2702,3,
s11963,0GUSDT,1782337500000,train,1,4.16,0.575,4.43,4.34,0.51,1.28,1.56,1.57,1.63,1.46,0,2.88,bull,alcista,1,2.0,26,2702,2,
s11964,WLDUSDT,1782337500000,train,1,6.69,0.527,7.07,6.53,0.69,3.8,2.63,0.83,0.89,0.92,0,2.88,bull,alcista,0,-0.506,32,2702,2,
s11965,ENAUSDT,1782337500000,train,1,5.34,0.585,6.0,5.47,0.5,2.46,1.88,1.13,1.11,0.75,1,2.88,bull,neutral,0,0.266,32,2702,0,
s11966,ARBUSDT,1782337500000,train,1,4.57,0.66,4.92,4.91,0.27,1.69,1.78,2.25,1.94,1.17,1,2.88,bull,alcista,0,0.16,32,2702,2,
s11967,SUIUSDT,1782337500000,train,1,4.84,0.654,4.78,4.73,0.39,1.96,1.7,1.78,1.76,1.09,1,2.88,bull,alcista,0,0.071,32,2702,3,
s11968,TIAUSDT,1782337500000,train,1,5.7,0.554,6.49,5.72,0.88,2.82,2.28,1.24,1.16,0.93,1,2.88,bull,alcista,0,0.74,32,2702,2,
s11969,SEIUSDT,1782337500000,train,1,6.91,0.692,7.39,6.99,0.7,4.03,2.28,2.26,1.83,1.41,1,2.88,bull,neutral,0,0.625,32,2702,0,
s11970,PENDLEUSDT,1782337500000,train,1,5.99,0.707,6.43,5.77,0.31,3.11,2.05,1.3,1.12,0.83,1,2.88,bull,neutral,0,0.22,32,2702,0,
s11971,ONDOUSDT,1782337500000,train,1,5.99,0.647,6.07,5.84,0.51,3.11,2.16,1.47,1.37,0.87,1,2.88,bull,alcista,0,0.484,32,2701,3,
s11972,FETUSDT,1782337500000,train,1,5.0,0.603,4.93,4.93,0.45,2.12,1.98,1.91,1.69,1.01,1,2.88,bull,alcista,0,0.482,32,2701,3,
s11973,ARUSDT,1782337500000,testB,1,3.75,0.43,5.74,5.74,0.18,0.87,1.81,3.89,2.68,1.57,1,2.88,bull,alcista,0,0.593,32,2701,2,
s11974,STXUSDT,1782337500000,testB,1,4.57,0.63,5.01,4.6,0.25,1.69,1.58,2.13,2.48,1.43,0,2.88,bull,alcista,0,0.418,32,2701,2,
s11975,GRTUSDT,1782337500000,testB,1,4.64,0.651,4.97,4.81,0.42,1.76,1.71,1.87,1.7,1.11,1,2.88,bull,alcista,0,0.101,32,2701,3,
s11976,LDOUSDT,1782337500000,testB,1,3.81,0.508,4.94,4.82,0.48,0.93,1.41,1.51,1.69,0.97,0,2.88,bull,alcista,0,0.484,32,2701,2,
s11977,SANDUSDT,1782337500000,testB,1,3.52,0.539,4.02,3.94,0.45,0.64,1.43,0.84,0.71,0.52,1,2.88,bull,alcista,0,-0.091,32,2701,3,
s11978,MANAUSDT,1782337500000,testB,1,3.4,0.5,4.33,3.74,0.19,0.52,1.0,1.03,0.84,0.58,1,2.88,bull,neutral,0,-0.04,32,2701,0,
s11979,AXSUSDT,1782337500000,testB,1,4.63,0.738,5.6,4.72,0.33,1.75,1.21,0.6,0.72,0.57,0,2.88,bull,neutral,0,0.25,32,2701,0,
s11980,APEUSDT,1782337500000,testB,1,5.56,0.556,6.1,5.65,0.56,2.68,2.01,1.64,1.37,1.26,1,2.88,bull,neutral,0,-0.48,32,2701,0,
s11981,XPLUSDT,1782338400000,train,1,4.52,0.385,6.74,5.98,0.62,2.16,3.23,0.79,0.71,0.48,1,2.37,bull,neutral,0,-0.144,32,2703,1,
s11982,PUMPUSDT,1782338400000,train,1,3.84,0.381,6.24,5.32,0.78,1.47,2.25,2.12,2.44,1.5,0,2.37,bull,neutral,0,0.072,32,2703,1,
s11983,STBLUSDT,1782338400000,train,1,3.34,0.476,3.98,3.4,0.5,0.98,1.95,1.58,1.86,1.51,0,2.37,bull,alcista,0,-0.171,32,2703,4,
s11984,0GUSDT,1782338400000,train,1,3.64,0.544,4.03,3.51,0.57,1.27,1.76,0.97,1.59,1.47,0,2.37,bull,alcista,1,2.0,22,2703,3,
s11985,WLDUSDT,1782338400000,train,1,5.93,0.499,6.42,6.05,0.74,3.56,2.69,0.69,0.89,0.92,0,2.37,bull,alcista,0,-0.557,32,2703,3,
s11986,ENAUSDT,1782338400000,train,1,3.91,0.511,4.96,4.32,0.53,1.55,1.88,0.89,1.11,0.76,0,2.37,bull,neutral,0,0.544,32,2703,1,
s11987,ARBUSDT,1782338400000,train,1,3.74,0.616,4.58,3.96,0.34,1.38,1.8,1.63,1.96,1.2,0,2.37,bull,alcista,0,0.231,32,2703,3,
s11988,OPUSDT,1782338400000,train,1,7.14,0.758,7.44,6.67,0.63,4.78,3.11,1.81,2.38,1.62,0,2.37,bull,alcista,0,0.696,32,2703,3,
s11989,SUIUSDT,1782338400000,train,1,3.26,0.52,3.77,3.17,0.42,0.89,1.49,1.31,1.76,1.11,0,2.37,bull,neutral,0,0.307,32,2703,0,
s11990,TIAUSDT,1782338400000,train,1,5.0,0.524,6.05,5.5,0.56,2.63,2.71,0.9,1.18,0.94,0,2.37,bull,alcista,0,0.751,32,2703,3,
s11991,SEIUSDT,1782338400000,train,1,6.29,0.674,6.27,5.92,0.6,3.93,2.68,1.97,1.9,1.45,1,2.37,bull,neutral,0,0.661,32,2703,1,
s11992,JUPUSDT,1782338400000,train,1,8.22,0.668,8.79,7.55,0.52,5.85,3.09,2.54,2.78,1.82,0,2.37,bull,neutral,0,0.994,32,2703,1,
s11993,PENDLEUSDT,1782338400000,train,1,4.59,0.653,4.9,4.41,0.34,2.22,2.08,1.06,1.13,0.85,0,2.37,bull,neutral,0,0.435,32,2703,1,
s11994,ONDOUSDT,1782338400000,train,1,4.54,0.57,5.11,4.34,0.59,2.17,2.01,1.28,1.38,0.9,0,2.37,bull,neutral,0,0.726,32,2702,0,
s11995,FETUSDT,1782338400000,train,1,3.98,0.55,4.59,3.83,0.59,1.62,1.89,1.39,1.7,1.04,0,2.37,bull,neutral,0,0.727,32,2702,0,
s11996,ARUSDT,1782338400000,testB,1,4.16,0.497,5.69,4.95,0.24,1.79,1.8,2.91,2.71,1.6,1,2.37,bull,neutral,0,0.634,32,2702,0,
s11997,STXUSDT,1782338400000,testB,1,3.86,0.593,4.23,3.71,0.38,1.49,1.99,1.61,2.5,1.45,0,2.37,bull,alcista,0,0.422,32,2702,3,
s11998,GRTUSDT,1782338400000,testB,1,3.75,0.604,3.89,3.56,0.44,1.39,1.69,1.25,1.67,1.12,0,2.37,bull,alcista,0,0.091,32,2702,4,
s11999,LDOUSDT,1782338400000,testB,1,3.3,0.474,4.18,3.63,0.46,0.94,1.48,1.12,1.69,0.99,0,2.37,bull,alcista,0,0.696,32,2702,3,
s12000,SANDUSDT,1782338400000,testB,1,2.78,0.482,3.14,2.72,0.51,0.41,1.46,0.52,0.7,0.52,0,2.37,bull,alcista,0,-0.08,32,2702,4,
s12001,MANAUSDT,1782338400000,testB,1,3.07,0.476,3.43,2.98,0.25,0.7,1.28,0.81,0.84,0.59,0,2.37,bull,neutral,0,-0.15,32,2702,1,
s12002,AXSUSDT,1782338400000,testB,1,3.35,0.673,4.13,3.24,0.34,0.99,1.21,0.47,0.7,0.57,0,2.37,bull,neutral,0,0.455,32,2702,1,
s12003,APEUSDT,1782338400000,testB,1,4.25,0.474,4.98,4.3,0.44,1.88,1.83,1.2,1.34,1.27,0,2.37,bull,neutral,0,-0.491,32,2702,0,
s12004,XPLUSDT,1782339300000,train,1,4.16,0.366,6.74,6.01,0.62,2.18,2.98,0.79,0.71,0.48,1,1.98,neutral,alcista,0,0.048,32,2704,2,
s12005,0GUSDT,1782339300000,train,1,2.04,0.354,3.65,2.78,0.69,0.06,1.3,0.97,1.59,1.47,0,1.98,neutral,neutral,1,2.0,21,2704,0,
s12006,ENAUSDT,1782339300000,train,1,3.22,0.443,4.97,4.17,0.54,1.24,1.58,0.89,1.11,0.76,0,1.98,neutral,neutral,0,0.745,32,2704,0,
s12007,ARBUSDT,1782339300000,train,1,2.95,0.52,4.59,3.77,0.43,0.98,1.47,1.63,1.96,1.2,0,1.98,neutral,neutral,0,0.24,32,2704,0,
s12008,OPUSDT,1782339300000,train,1,6.24,0.735,6.74,6.26,0.73,4.27,3.1,1.81,2.38,1.62,0,1.98,neutral,alcista,0,0.708,32,2704,4,
s12009,TIAUSDT,1782339300000,train,1,4.22,0.484,6.05,5.5,0.56,2.24,2.43,0.9,1.18,0.94,0,1.98,neutral,alcista,0,0.652,32,2704,4,
s12010,SEIUSDT,1782339300000,train,1,4.71,0.574,5.39,4.81,0.61,2.74,2.24,1.97,1.9,1.45,1,1.98,neutral,neutral,0,0.811,32,2704,0,
s12011,JUPUSDT,1782339300000,train,1,6.09,0.604,8.13,7.16,0.65,4.11,3.24,2.54,2.78,1.82,0,1.98,neutral,alcista,0,1.064,32,2704,2,
s12012,PENDLEUSDT,1782339300000,train,1,3.27,0.552,4.85,4.23,0.35,1.29,1.82,1.06,1.13,0.85,0,1.98,neutral,neutral,0,0.484,32,2704,0,
s12013,ONDOUSDT,1782339300000,train,1,2.68,0.407,4.67,3.64,0.67,0.7,1.62,1.28,1.38,0.9,0,1.98,neutral,neutral,0,0.867,32,2703,0,
s12014,FETUSDT,1782339300000,train,1,2.5,0.404,4.6,3.61,0.67,0.53,1.49,1.39,1.7,1.04,0,1.98,neutral,neutral,0,0.742,32,2703,0,
s12015,ARUSDT,1782339300000,testB,1,3.41,0.437,5.7,4.85,0.3,1.44,1.61,2.91,2.71,1.6,1,1.98,neutral,neutral,0,0.604,32,2703,0,
s12016,STXUSDT,1782339300000,testB,1,2.5,0.457,3.78,3.08,0.46,0.52,1.63,1.61,2.5,1.45,0,1.98,neutral,neutral,0,0.528,32,2703,0,
s12017,GRTUSDT,1782339300000,testB,1,2.27,0.432,3.84,3.25,0.44,0.29,1.27,1.25,1.67,1.12,0,1.98,neutral,neutral,0,0.133,32,2703,0,
s12018,LDOUSDT,1782339300000,testB,1,2.39,0.381,4.19,3.52,0.62,0.41,1.26,1.12,1.69,0.99,0,1.98,neutral,neutral,0,0.775,32,2703,0,
s12019,AXSUSDT,1782339300000,testB,1,2.21,0.579,3.54,2.65,0.34,0.23,1.11,0.47,0.7,0.57,0,1.98,neutral,alcista,0,0.37,32,2703,2,
s12020,XPLUSDT,1782340200000,train,1,5.04,0.464,6.73,6.14,0.5,2.75,2.62,0.79,0.71,0.48,1,2.3,bull,alcista,0,0.003,32,2705,3,
s12021,STBLUSDT,1782340200000,train,1,2.26,0.366,4.0,3.04,0.56,-0.04,1.33,1.58,1.86,1.51,0,2.3,bull,neutral,0,-0.178,32,2705,0,
s12022,0GUSDT,1782340200000,train,1,2.27,0.408,3.66,2.57,0.77,-0.02,0.98,0.97,1.59,1.47,0,2.3,bull,neutral,1,2.0,12,2705,0,
s12023,ENAUSDT,1782340200000,train,1,3.53,0.504,4.97,4.19,0.6,1.24,1.5,0.89,1.11,0.76,0,2.3,bull,neutral,0,0.729,32,2705,0,
s12024,ARBUSDT,1782340200000,train,1,3.07,0.55,4.59,3.64,0.54,0.78,1.21,1.63,1.96,1.2,0,2.3,bull,neutral,0,0.289,32,2705,0,
s12025,OPUSDT,1782340200000,train,1,5.72,0.667,6.76,5.99,0.82,3.42,2.56,1.81,2.38,1.62,0,2.3,bull,neutral,0,0.806,32,2705,0,
s12026,SUIUSDT,1782340200000,train,1,2.37,0.458,3.38,2.81,0.56,0.07,1.26,1.31,1.76,1.11,0,2.3,bull,neutral,0,0.358,32,2705,1,
s12027,TIAUSDT,1782340200000,train,1,4.87,0.586,6.04,5.58,0.62,2.58,2.31,0.9,1.18,0.94,0,2.3,bull,alcista,0,0.554,32,2705,5,
s12028,SEIUSDT,1782340200000,train,1,4.44,0.544,5.4,4.71,0.59,2.15,1.9,1.97,1.9,1.45,1,2.3,bull,neutral,0,0.892,32,2705,0,
s12029,JUPUSDT,1782340200000,train,1,5.94,0.581,8.14,7.03,0.59,3.65,3.01,2.54,2.78,1.82,0,2.3,bull,neutral,0,0.856,32,2705,0,
s12030,PENDLEUSDT,1782340200000,train,1,3.31,0.561,4.85,4.08,0.38,1.02,1.52,1.06,1.13,0.85,0,2.3,bull,neutral,0,0.55,32,2705,0,
s12031,ONDOUSDT,1782340200000,train,1,2.68,0.407,4.68,3.58,0.67,0.39,1.46,1.28,1.38,0.9,0,2.3,bull,neutral,0,0.874,32,2704,0,
s12032,FETUSDT,1782340200000,train,1,2.81,0.475,4.6,3.55,0.63,0.52,1.29,1.39,1.7,1.04,0,2.3,bull,neutral,0,0.738,32,2704,0,
s12033,ARUSDT,1782340200000,testB,1,3.54,0.457,5.72,4.44,0.38,1.25,1.06,2.91,2.71,1.6,1,2.3,bull,neutral,0,0.639,32,2704,0,
s12034,STXUSDT,1782340200000,testB,1,2.44,0.441,3.78,3.02,0.55,0.15,1.35,1.61,2.5,1.45,0,2.3,bull,neutral,0,0.538,32,2704,0,
s12035,GRTUSDT,1782340200000,testB,1,2.16,0.402,3.85,2.99,0.45,-0.13,0.91,1.25,1.67,1.12,0,2.3,bull,neutral,0,0.236,32,2704,0,
s12036,LDOUSDT,1782340200000,testB,1,2.39,0.381,4.19,3.4,0.78,0.1,1.06,1.12,1.69,0.99,0,2.3,bull,neutral,0,0.907,32,2704,0,
s12037,SANDUSDT,1782340200000,testB,1,2.03,0.413,3.14,2.59,0.59,-0.27,1.1,0.52,0.7,0.52,0,2.3,bull,neutral,0,-0.154,32,2704,0,
s12038,AXSUSDT,1782340200000,testB,1,2.01,0.5,3.55,2.46,0.4,-0.29,0.88,0.47,0.7,0.57,0,2.3,bull,neutral,0,0.6,32,2704,0,
s12039,STBLUSDT,1782341100000,train,1,2.22,0.356,4.0,2.88,0.59,0.07,0.9,1.58,1.86,1.51,0,2.15,bull,neutral,0,-0.174,32,2706,0,
s12040,0GUSDT,1782341100000,train,1,2.14,0.393,3.66,2.61,0.75,-0.01,0.82,0.97,1.59,1.47,0,2.15,bull,neutral,1,2.0,12,2706,0,
s12041,WLDUSDT,1782341100000,train,1,4.05,0.361,5.9,4.87,0.75,1.9,1.52,0.69,0.89,0.92,0,2.15,bull,neutral,0,-0.512,32,2706,1,
s12042,ENAUSDT,1782341100000,train,1,3.65,0.528,4.97,4.14,0.62,1.5,1.13,0.89,1.11,0.76,0,2.15,bull,neutral,0,0.715,32,2706,0,
s12043,ARBUSDT,1782341100000,train,1,3.04,0.538,4.61,3.25,0.66,0.89,0.62,1.63,1.96,1.2,0,2.15,bull,neutral,0,0.425,32,2706,0,
s12044,OPUSDT,1782341100000,train,1,4.97,0.62,5.9,5.03,0.82,2.82,2.04,1.81,2.38,1.62,0,2.15,bull,neutral,0,1.077,32,2706,0,
s12045,SUIUSDT,1782341100000,train,1,2.13,0.394,3.37,2.52,0.57,-0.02,0.72,1.31,1.76,1.11,0,2.15,bull,neutral,0,0.509,32,2706,0,
s12046,TIAUSDT,1782341100000,train,1,4.74,0.559,6.06,5.24,0.51,2.59,1.6,0.9,1.18,0.94,0,2.15,bull,neutral,0,0.67,32,2706,0,
s12047,SEIUSDT,1782341100000,train,1,4.14,0.528,5.19,4.63,0.55,1.99,1.69,1.97,1.9,1.45,1,2.15,bull,neutral,0,0.996,32,2706,1,
s12048,JUPUSDT,1782341100000,train,1,6.2,0.614,8.13,7.08,0.34,4.05,2.49,2.54,2.78,1.82,0,2.15,bull,neutral,0,0.981,32,2706,1,
s12049,PENDLEUSDT,1782341100000,train,1,2.94,0.465,4.89,3.38,0.5,0.79,0.51,1.06,1.13,0.85,0,2.15,bull,neutral,0,0.839,32,2706,0,
s12050,FETUSDT,1782341100000,train,1,3.12,0.553,4.6,3.55,0.57,0.97,1.04,1.39,1.7,1.04,0,2.15,bull,neutral,0,0.672,32,2705,0,
s12051,ARUSDT,1782341100000,testB,1,3.88,0.507,5.72,4.54,0.49,1.73,1.11,2.91,2.71,1.6,1,2.15,bull,neutral,0,0.6,32,2705,1,
s12052,STXUSDT,1782341100000,testB,1,2.51,0.457,3.67,2.79,0.61,0.36,0.96,1.61,2.5,1.45,0,2.15,bull,neutral,0,0.625,32,2705,0,
s12053,LDOUSDT,1782341100000,testB,1,2.64,0.436,4.2,3.25,0.64,0.49,0.74,1.12,1.69,0.99,0,2.15,bull,neutral,0,0.939,32,2705,0,
s12054,PUMPUSDT,1782342000000,train,1,3.81,0.431,6.17,3.9,0.45,1.78,0.29,1.73,2.48,1.52,0,2.03,bull,neutral,0,0.36,32,2707,0,
s12055,STBLUSDT,1782342000000,train,1,2.31,0.375,4.01,2.8,0.22,0.27,0.61,0.78,1.83,1.52,0,2.03,bull,neutral,0,-0.09,32,2707,0,
s12056,WLDUSDT,1782342000000,train,1,5.14,0.465,5.87,5.24,0.62,3.11,1.51,0.59,0.86,0.92,0,2.03,bull,alcista,0,-0.676,32,2707,2,
s12057,ENAUSDT,1782342000000,train,1,4.35,0.634,4.86,4.32,0.56,2.32,1.21,0.83,1.11,0.79,0,2.03,bull,neutral,0,0.394,32,2707,1,
s12058,ARBUSDT,1782342000000,train,1,2.95,0.513,4.62,3.14,0.59,0.92,0.38,1.19,1.92,1.21,0,2.03,bull,neutral,0,0.462,32,2707,0,
s12059,OPUSDT,1782342000000,train,1,5.58,0.647,8.08,5.58,1.76,3.55,2.23,1.94,2.64,1.79,0,2.03,bull,neutral,0,0.81,32,2707,1,
s12060,SUIUSDT,1782342000000,train,1,2.27,0.429,3.37,2.48,0.42,0.24,0.46,0.96,1.68,1.11,0,2.03,bull,neutral,0,0.506,32,2707,0,
s12061,TIAUSDT,1782342000000,train,1,5.43,0.653,6.05,5.45,0.46,3.39,1.55,0.94,1.19,1.0,0,2.03,bull,neutral,0,0.472,32,2707,1,
s12062,SEIUSDT,1782342000000,train,1,4.47,0.57,4.89,4.48,0.46,2.44,1.49,1.77,1.89,1.47,0,2.03,bull,alcista,0,0.895,32,2707,2,
s12063,JUPUSDT,1782342000000,train,1,6.79,0.653,8.24,7.46,0.46,4.76,2.33,2.04,2.54,1.86,0,2.03,bull,alcista,0,0.84,32,2707,2,
s12064,PENDLEUSDT,1782342000000,train,1,3.44,0.565,4.88,3.49,0.47,1.41,0.41,0.8,1.11,0.85,0,2.03,bull,neutral,0,0.711,32,2707,1,
s12065,ONDOUSDT,1782342000000,train,1,3.73,0.609,4.66,3.89,0.58,1.7,1.15,1.08,1.35,0.92,0,2.03,bull,neutral,0,0.603,32,2706,1,
s12066,FETUSDT,1782342000000,train,1,3.79,0.649,4.46,3.83,0.47,1.76,1.15,1.06,1.7,1.07,0,2.03,bull,neutral,0,0.485,32,2706,1,
s12067,ARUSDT,1782342000000,testB,1,4.58,0.631,5.71,4.64,0.39,2.55,1.02,2.01,2.7,1.61,0,2.03,bull,alcista,0,0.54,32,2706,2,
s12068,STXUSDT,1782342000000,testB,1,2.63,0.478,3.66,2.85,0.42,0.6,0.77,1.15,2.41,1.46,0,2.03,bull,neutral,0,0.633,32,2706,1,
s12069,GRTUSDT,1782342000000,testB,1,2.79,0.543,3.86,2.88,0.33,0.76,0.4,0.89,1.64,1.13,0,2.03,bull,neutral,0,0.264,32,2706,1,
s12070,LDOUSDT,1782342000000,testB,1,3.39,0.565,4.15,3.52,0.52,1.36,0.85,0.82,1.65,0.99,0,2.03,bull,neutral,0,0.73,32,2706,1,
s12071,SANDUSDT,1782342000000,testB,1,2.16,0.449,3.15,2.26,0.39,0.13,0.41,0.32,0.69,0.52,0,2.03,bull,neutral,0,-0.035,32,2706,0,
s12072,XPLUSDT,1782342900000,train,1,4.66,0.526,6.81,4.98,0.68,2.73,0.8,0.63,0.72,0.49,0,1.93,neutral,neutral,0,-0.107,32,2708,0,
s12073,PUMPUSDT,1782342900000,train,1,2.9,0.353,5.63,3.21,0.53,0.97,0.21,1.73,2.48,1.52,0,1.93,neutral,neutral,0,0.415,32,2708,0,
s12074,STBLUSDT,1782342900000,train,1,2.7,0.46,4.01,2.84,0.19,0.77,0.62,0.78,1.83,1.52,0,1.93,neutral,neutral,0,-0.162,32,2708,1,
s12075,WLDUSDT,1782342900000,train,1,3.64,0.363,4.9,4.0,0.59,1.71,1.18,0.59,0.86,0.92,0,1.93,neutral,neutral,0,-1.0,13,2708,0,
s12076,ENAUSDT,1782342900000,train,1,4.16,0.625,4.73,4.55,0.68,2.23,1.5,0.83,1.11,0.79,0,1.93,neutral,alcista,0,0.312,32,2708,2,
s12077,ARBUSDT,1782342900000,train,1,2.59,0.482,4.12,2.78,0.61,0.67,0.5,1.19,1.92,1.21,0,1.93,neutral,neutral,0,0.54,32,2708,1,
s12078,OPUSDT,1782342900000,train,1,5.16,0.614,7.99,5.39,2.21,3.23,1.9,1.94,2.64,1.79,0,1.93,neutral,neutral,0,0.839,32,2708,0,
s12079,TIAUSDT,1782342900000,train,1,6.31,0.687,6.99,6.77,0.81,4.38,2.8,0.94,1.19,1.0,0,1.93,neutral,alcista,0,0.199,32,2708,2,
s12080,SEIUSDT,1782342900000,train,1,3.86,0.535,4.78,4.42,0.47,1.93,1.38,1.77,1.89,1.47,0,1.93,neutral,alcista,0,0.943,32,2708,3,
s12081,JUPUSDT,1782342900000,train,1,6.64,0.636,8.25,7.38,0.49,4.72,2.02,2.04,2.54,1.86,0,1.93,neutral,neutral,0,0.907,32,2708,0,
s12082,PENDLEUSDT,1782342900000,train,1,2.84,0.52,4.12,3.02,0.57,0.91,0.67,0.8,1.11,0.85,0,1.93,neutral,alcista,0,0.755,32,2708,2,
s12083,ONDOUSDT,1782342900000,train,1,3.82,0.615,4.51,4.13,0.55,1.89,1.4,1.08,1.35,0.92,0,1.93,neutral,alcista,0,0.775,32,2707,2,
s12084,FETUSDT,1782342900000,train,1,3.22,0.614,3.99,3.58,0.59,1.29,1.35,1.06,1.7,1.07,0,1.93,neutral,alcista,0,0.565,32,2707,2,
s12085,ARUSDT,1782342900000,testB,1,4.45,0.625,5.32,4.52,0.4,2.52,1.24,2.01,2.7,1.61,0,1.93,neutral,alcista,0,0.576,32,2707,3,
s12086,STXUSDT,1782342900000,testB,1,2.02,0.415,3.02,2.27,0.38,0.09,0.75,1.15,2.41,1.46,0,1.93,neutral,alcista,0,0.718,32,2707,2,
s12087,GRTUSDT,1782342900000,testB,1,2.33,0.5,3.31,2.5,0.44,0.4,0.53,0.89,1.64,1.13,0,1.93,neutral,alcista,0,0.304,32,2707,2,
s12088,LDOUSDT,1782342900000,testB,1,3.21,0.552,3.7,3.39,0.51,1.28,1.08,0.82,1.65,0.99,0,1.93,neutral,alcista,0,0.57,32,2707,2,
s12089,ASTERUSDT,1782343800000,train,1,4.58,0.828,5.16,5.09,0.37,2.49,1.22,0.5,0.6,0.42,0,2.09,bull,alcista,0,0.331,32,2709,3,
s12090,XPLUSDT,1782343800000,train,1,4.44,0.488,6.82,4.51,0.67,2.35,0.19,0.63,0.72,0.49,0,2.09,bull,neutral,0,0.143,32,2709,0,
s12091,PUMPUSDT,1782343800000,train,1,4.74,0.472,4.9,4.52,0.56,2.65,2.06,1.73,2.48,1.52,0,2.09,bull,neutral,0,-0.169,32,2709,1,
s12092,STBLUSDT,1782343800000,train,1,2.43,0.435,3.62,2.62,0.26,0.34,0.73,0.78,1.83,1.52,0,2.09,bull,alcista,0,-0.222,32,2709,2,
s12093,WLDUSDT,1782343800000,train,1,3.68,0.366,4.92,3.64,0.5,1.59,0.74,0.59,0.86,0.92,0,2.09,bull,neutral,0,-1.0,12,2709,0,
s12094,ENAUSDT,1782343800000,train,1,4.64,0.696,5.19,4.77,0.7,2.56,1.59,0.83,1.11,0.79,0,2.09,bull,alcista,0,0.3,32,2709,3,
s12095,ARBUSDT,1782343800000,train,1,2.76,0.498,3.96,2.81,0.58,0.67,0.68,1.19,1.92,1.21,0,2.09,bull,alcista,0,0.481,32,2709,2,
s12096,OPUSDT,1782343800000,train,1,6.09,0.682,7.93,6.02,2.91,4.0,2.25,1.94,2.64,1.79,0,2.09,bull,neutral,0,0.683,32,2709,1,
s12097,TIAUSDT,1782343800000,train,1,7.72,0.788,7.94,7.62,1.35,5.63,3.4,0.94,1.19,1.0,0,2.09,bull,alcista,0,0.018,32,2709,3,
s12098,SEIUSDT,1782343800000,train,1,4.54,0.663,4.78,4.54,0.54,2.45,1.31,1.77,1.89,1.47,0,2.09,bull,alcista,0,0.857,32,2709,4,
s12099,JUPUSDT,1782343800000,train,1,7.21,0.703,7.73,7.0,0.58,5.12,1.98,2.04,2.54,1.86,0,2.09,bull,neutral,0,0.915,32,2709,1,
s12100,PENDLEUSDT,1782343800000,train,1,3.25,0.553,4.09,3.43,0.74,1.16,1.04,0.8,1.11,0.85,0,2.09,bull,alcista,0,0.622,32,2709,3,
s12101,ONDOUSDT,1782343800000,train,1,4.6,0.719,4.65,4.46,0.55,2.51,1.64,1.08,1.35,0.92,0,2.09,bull,alcista,0,0.486,32,2708,3,
s12102,FETUSDT,1782343800000,train,1,3.7,0.674,3.97,3.92,0.72,1.62,1.58,1.06,1.7,1.07,0,2.09,bull,alcista,0,0.382,32,2708,3,
s12103,ARUSDT,1782343800000,testB,1,3.87,0.593,4.78,4.09,0.34,1.78,1.24,2.01,2.7,1.61,0,2.09,bull,alcista,0,0.584,32,2708,4,
s12104,STXUSDT,1782343800000,testB,1,2.02,0.415,3.03,2.1,0.4,-0.07,0.54,1.15,2.41,1.46,0,2.09,bull,neutral,0,0.833,32,2708,0,
s12105,GRTUSDT,1782343800000,testB,1,2.39,0.506,3.31,2.6,0.4,0.3,0.6,0.89,1.64,1.13,0,2.09,bull,alcista,0,0.25,32,2708,3,
s12106,LDOUSDT,1782343800000,testB,1,3.17,0.549,3.42,3.19,0.34,1.08,1.1,0.82,1.65,0.99,0,2.09,bull,alcista,0,0.642,32,2708,3,
s12107,SANDUSDT,1782343800000,testB,1,2.06,0.502,2.99,2.15,0.47,-0.03,0.43,0.32,0.69,0.52,0,2.09,bull,neutral,0,-0.12,32,2708,0,
s12108,ASTERUSDT,1782344700000,train,1,4.14,0.754,4.4,4.13,0.52,2.26,0.96,0.5,0.6,0.42,0,1.88,neutral,neutral,0,0.465,32,2710,0,
s12109,XPLUSDT,1782344700000,train,1,4.58,0.496,6.4,4.41,0.67,2.7,0.4,0.63,0.72,0.49,0,1.88,neutral,neutral,0,0.369,32,2710,1,
s12110,STBLUSDT,1782344700000,train,1,2.12,0.403,3.2,2.33,0.23,0.24,0.8,0.78,1.83,1.52,0,1.88,neutral,alcista,0,-0.143,32,2710,3,
s12111,ENAUSDT,1782344700000,train,1,4.91,0.708,5.79,4.79,1.38,3.03,2.05,0.83,1.11,0.79,0,1.88,neutral,alcista,0,0.199,32,2710,4,
s12112,ARBUSDT,1782344700000,train,1,2.15,0.43,3.51,2.33,0.47,0.27,0.58,1.19,1.92,1.21,0,1.88,neutral,neutral,0,0.689,32,2710,0,
s12113,OPUSDT,1782344700000,train,1,4.82,0.585,7.0,4.79,3.36,2.94,1.77,1.94,2.64,1.79,0,1.88,neutral,neutral,0,0.84,32,2710,0,
s12114,TIAUSDT,1782344700000,train,1,6.75,0.733,7.18,6.67,1.93,4.87,2.95,0.94,1.19,1.0,0,1.88,neutral,neutral,0,0.108,32,2710,0,
s12115,SEIUSDT,1782344700000,train,1,3.56,0.609,3.83,3.62,0.49,1.68,1.22,1.77,1.89,1.47,0,1.88,neutral,alcista,0,1.075,32,2710,5,
s12116,JUPUSDT,1782344700000,train,1,6.33,0.67,7.0,6.22,0.62,4.44,1.76,2.04,2.54,1.86,0,1.88,neutral,neutral,0,1.088,32,2710,0,
s12117,PENDLEUSDT,1782344700000,train,1,2.66,0.505,3.45,2.8,0.63,0.78,1.01,0.8,1.11,0.85,0,1.88,neutral,alcista,0,0.87,32,2710,4,
s12118,ONDOUSDT,1782344700000,train,1,4.18,0.7,4.26,4.23,0.61,2.29,1.78,1.08,1.35,0.92,0,1.88,neutral,alcista,0,0.429,32,2709,4,
s12119,FETUSDT,1782344700000,train,1,3.28,0.579,3.81,3.41,0.8,1.4,1.19,1.06,1.7,1.07,0,1.88,neutral,neutral,0,0.627,32,2709,0,
s12120,ARUSDT,1782344700000,testB,1,3.35,0.56,4.09,3.45,0.33,1.47,1.25,2.01,2.7,1.61,0,1.88,neutral,alcista,0,0.908,32,2709,5,
s12121,LDOUSDT,1782344700000,testB,1,2.46,0.473,2.91,2.6,0.29,0.58,0.98,0.82,1.65,0.99,0,1.88,neutral,neutral,0,0.818,32,2709,0,
s12122,ASTERUSDT,1782345600000,train,1,2.65,0.644,3.1,2.76,0.76,1.96,0.82,0.47,0.6,0.42,0,0.69,neutral,neutral,0,0.7,32,2711,0,
s12123,XPLUSDT,1782345600000,train,1,2.94,0.392,4.48,3.09,0.5,2.25,1.18,0.55,0.74,0.5,0,0.69,neutral,alcista,0,0.591,32,2711,2,
s12124,0GUSDT,1782345600000,train,1,2.83,0.425,4.33,3.82,5,2.14,2.94,2.0,2.1,1.84,0,0.69,neutral,neutral,0,0.178,32,2711,1,
s12125,ENAUSDT,1782345600000,train,1,2.18,0.443,3.69,2.31,1.56,1.49,1.42,0.73,1.09,0.81,0,0.69,neutral,neutral,0,0.612,32,2711,0,
s12126,OPUSDT,1782345600000,train,1,3.65,0.521,5.14,3.71,1.68,2.96,2.26,2.17,2.8,1.88,0,0.69,neutral,neutral,0,0.949,32,2711,1,
s12127,TIAUSDT,1782345600000,train,1,4.76,0.664,5.11,4.76,2.1,4.07,2.73,0.91,1.19,1.0,0,0.69,neutral,neutral,0,0.101,32,2711,1,
s12128,SEIUSDT,1782345600000,train,1,2.83,0.556,3.04,2.76,0.69,2.14,1.4,1.75,1.9,1.5,0,0.69,neutral,alcista,0,1.725,32,2711,6,
s12129,JUPUSDT,1782345600000,train,1,4.81,0.614,5.54,4.77,0.99,4.12,3.14,1.59,2.56,1.93,0,0.69,neutral,neutral,0,1.094,32,2711,1,
s12130,ONDOUSDT,1782345600000,train,1,3.53,0.667,3.85,3.69,0.84,2.84,2.3,0.99,1.38,0.95,0,0.69,neutral,alcista,0,0.145,32,2710,5,
s12131,FETUSDT,1782345600000,train,1,2.11,0.474,3.44,2.75,1.12,1.42,1.7,0.97,1.74,1.09,0,0.69,neutral,neutral,0,0.375,32,2710,1,
s12132,XPLUSDT,1782346500000,train,1,2.63,0.368,4.13,3.38,0.56,2.39,1.68,0.55,0.74,0.5,0,0.25,neutral,alcista,0,0.127,32,2712,3,
s12133,0GUSDT,1782346500000,train,1,3.89,0.553,4.84,4.47,5,3.65,3.28,2.0,2.1,1.84,0,0.25,neutral,alcista,0,-0.113,32,2712,2,
s12134,OPUSDT,1782346500000,train,1,3.25,0.465,5.53,3.53,2.25,3.0,1.89,2.17,2.8,1.88,0,0.25,neutral,neutral,0,1.081,32,2712,0,
s12135,TIAUSDT,1782346500000,train,1,3.71,0.522,4.54,3.71,1.74,3.46,2.07,0.91,1.19,1.0,0,0.25,neutral,neutral,0,0.319,32,2712,0,
s12136,JUPUSDT,1782346500000,train,1,3.42,0.437,5.26,3.81,1.7,3.17,2.26,1.59,2.56,1.93,0,0.25,neutral,neutral,0,1.5,32,2712,0,
s12137,ONDOUSDT,1782346500000,train,1,2.47,0.514,3.42,2.91,1.04,2.22,1.86,0.99,1.38,0.95,0,0.25,neutral,neutral,0,0.207,32,2711,0,
s12138,AXSUSDT,1782346500000,testB,-1,-2.16,0.733,3.11,3.01,1.4,-2.41,1.11,0.37,0.66,0.57,0,0.25,neutral,bajista,0,-1.0,10,2711,3,
s12139,XPLUSDT,1782347400000,train,1,3.17,0.464,4.13,3.45,0.74,3.22,1.56,0.55,0.74,0.5,0,-0.05,neutral,alcista,0,-0.016,32,2713,4,
s12140,OPUSDT,1782347400000,train,1,2.65,0.391,4.97,2.77,1.59,2.7,1.41,2.17,2.8,1.88,0,-0.05,neutral,neutral,0,1.379,32,2713,0,
s12141,TIAUSDT,1782347400000,train,1,2.57,0.38,4.56,3.32,1.08,2.63,1.41,0.91,1.19,1.0,0,-0.05,neutral,neutral,0,0.366,32,2713,0,
s12142,JUPUSDT,1782347400000,train,1,3.27,0.427,4.71,3.31,1.77,3.33,1.98,1.59,2.56,1.93,0,-0.05,neutral,neutral,1,2.0,30,2713,1,
s12143,ONDOUSDT,1782347400000,train,1,3.02,0.592,3.4,3.31,1.22,3.07,1.97,0.99,1.38,0.95,0,-0.05,neutral,neutral,0,-0.029,32,2712,1,
s12144,AXSUSDT,1782347400000,testB,-1,-2.06,0.724,3.21,3.01,1.52,-2.01,1.01,0.37,0.66,0.57,0,-0.05,neutral,neutral,0,-1.0,9,2712,0,
s12145,XPLUSDT,1782348300000,train,1,2.41,0.4,3.09,2.74,1.01,2.64,1.42,0.55,0.74,0.5,0,-0.23,neutral,alcista,0,-0.375,32,2714,5,
s12146,0GUSDT,1782348300000,train,1,3.67,0.385,4.85,4.3,5,3.9,2.42,2.0,2.1,1.84,0,-0.23,neutral,neutral,0,-0.108,32,2714,1,
s12147,OPUSDT,1782348300000,train,1,2.73,0.4,4.94,3.23,1.36,2.96,1.46,2.17,2.8,1.88,0,-0.23,neutral,neutral,0,0.912,32,2714,1,
s12148,TIAUSDT,1782348300000,train,1,2.46,0.369,4.56,3.42,0.65,2.69,1.1,0.91,1.19,1.0,0,-0.23,neutral,neutral,0,0.22,32,2714,1,
s12149,ONDOUSDT,1782348300000,train,1,2.96,0.572,3.5,3.16,1.37,3.19,1.45,0.99,1.38,0.95,0,-0.23,neutral,neutral,0,-0.08,32,2713,0,
s12150,APEUSDT,1782348300000,testB,-1,-2.96,0.429,4.45,4.3,3.58,-2.73,2.18,1.16,1.49,1.37,0,-0.23,neutral,bajista,0,-1.0,29,2713,3,
s12151,0GUSDT,1782349200000,train,1,4.7,0.476,5.7,4.65,3.31,4.61,2.81,2.45,2.13,1.96,1,0.09,neutral,alcista,0,-0.27,32,2715,2,
s12152,OPUSDT,1782349200000,train,1,2.82,0.408,4.91,3.78,1.26,2.73,1.82,2.11,2.52,1.9,0,0.09,neutral,alcista,0,0.45,32,2715,2,
s12153,ONDOUSDT,1782349200000,train,1,3.22,0.6,3.5,3.21,1.17,3.13,1.41,0.98,1.25,0.97,0,0.09,neutral,neutral,0,-0.157,32,2714,1,
s12154,FETUSDT,1782349200000,train,1,2.53,0.506,3.32,2.64,0.65,2.44,0.98,0.95,1.54,1.11,0,0.09,neutral,alcista,0,0.283,32,2714,2,
s12155,APEUSDT,1782349200000,testB,-1,-2.88,0.413,4.44,4.05,1.39,-2.97,1.64,1.23,1.39,1.38,0,0.09,neutral,neutral,0,-1.0,28,2714,0,
s12156,0GUSDT,1782350100000,train,1,5.01,0.5,5.69,4.85,2.04,5.0,2.73,2.45,2.13,1.96,1,0.01,neutral,alcista,0,-0.379,32,2716,3,
s12157,OPUSDT,1782350100000,train,1,3.53,0.563,4.92,3.6,0.79,3.52,1.41,2.11,2.52,1.9,0,0.01,neutral,neutral,0,0.474,32,2716,0,
s12158,TIAUSDT,1782350100000,train,1,2.52,0.401,4.09,2.54,0.6,2.52,0.4,0.88,1.06,0.97,0,0.01,neutral,neutral,0,0.298,32,2716,0,
s12159,ONDOUSDT,1782350100000,train,1,2.33,0.45,3.0,2.37,1.26,2.32,0.97,0.98,1.25,0.97,0,0.01,neutral,neutral,0,-0.093,32,2715,0,
s12160,FETUSDT,1782350100000,train,1,2.46,0.5,3.03,2.52,0.72,2.45,1.05,0.95,1.54,1.11,0,0.01,neutral,alcista,0,0.114,32,2715,3,
s12161,APEUSDT,1782350100000,testB,-1,-3.03,0.426,4.62,4.46,1.12,-3.04,1.82,1.23,1.39,1.38,0,0.01,neutral,neutral,0,-1.0,27,2715,1,
s12162,0GUSDT,1782351000000,train,1,5.19,0.511,5.6,5.47,1.26,5.62,3.27,2.45,2.13,1.96,1,-0.43,neutral,alcista,0,-0.508,32,2717,4,
s12163,WLDUSDT,1782351000000,train,-1,-2.41,0.426,4.0,3.17,0.81,-1.98,0.94,0.56,0.72,0.88,0,-0.43,neutral,neutral,0,0.53,32,2717,0,
s12164,OPUSDT,1782351000000,train,1,3.02,0.525,4.26,3.03,0.67,3.45,1.31,2.11,2.52,1.9,0,-0.43,neutral,neutral,0,0.375,32,2717,1,
s12165,APEUSDT,1782351000000,testB,-1,-3.39,0.506,4.6,4.05,1.11,-2.96,1.39,1.23,1.39,1.38,0,-0.43,neutral,neutral,0,-1.0,26,2716,0,
s12166,0GUSDT,1782351900000,train,1,4.34,0.431,6.04,5.12,1.15,4.64,2.65,2.45,2.13,1.96,1,-0.3,neutral,neutral,0,-0.463,32,2718,0,
s12167,WLDUSDT,1782351900000,train,-1,-2.2,0.376,3.99,2.9,0.58,-1.9,0.53,0.56,0.72,0.88,0,-0.3,neutral,neutral,0,0.566,32,2718,0,
s12168,OPUSDT,1782351900000,train,1,2.42,0.472,3.69,2.55,0.58,2.72,1.21,2.11,2.52,1.9,0,-0.3,neutral,alcista,0,0.37,32,2718,2,
s12169,ONDOUSDT,1782351900000,train,1,2.47,0.467,3.23,3.17,1.05,2.77,1.59,0.98,1.25,0.97,0,-0.3,neutral,alcista,0,-0.327,32,2717,2,
s12170,FETUSDT,1782351900000,train,1,2.15,0.468,3.41,2.73,0.83,2.44,1.54,0.95,1.54,1.11,0,-0.3,neutral,alcista,0,-0.104,32,2717,5,
s12171,APEUSDT,1782351900000,testB,-1,-3.54,0.516,4.61,4.22,0.78,-3.24,1.42,1.23,1.39,1.38,0,-0.3,neutral,neutral,0,-1.0,25,2717,1,
s12172,0GUSDT,1782352800000,train,1,4.59,0.445,6.01,5.59,0.7,4.96,2.87,2.79,2.26,2.06,1,-0.36,neutral,neutral,0,-0.474,32,2719,1,
s12173,WLDUSDT,1782352800000,train,-1,-2.85,0.477,3.7,3.01,0.82,-2.48,0.82,0.49,0.68,0.87,0,-0.36,neutral,neutral,0,0.567,32,2719,1,
s12174,OPUSDT,1782352800000,train,1,2.8,0.509,3.67,3.1,0.43,3.17,1.73,1.92,2.26,1.9,0,-0.36,neutral,alcista,0,0.121,32,2719,3,
s12175,APEUSDT,1782352800000,testB,-1,-3.17,0.457,4.36,3.74,0.62,-2.8,1.04,0.92,1.32,1.38,0,-0.36,neutral,neutral,0,-1.0,23,2718,0,
s12176,0GUSDT,1782353700000,train,1,4.61,0.445,6.15,5.28,0.71,4.54,2.19,2.79,2.26,2.06,1,0.07,neutral,neutral,0,-0.496,32,2720,0,
s12177,WLDUSDT,1782353700000,train,-1,-2.98,0.486,4.18,4.1,1.09,-3.06,1.9,0.49,0.68,0.87,0,0.07,neutral,bajista,0,0.467,32,2720,2,
s12178,APEUSDT,1782353700000,testB,-1,-2.5,0.379,4.35,3.58,0.58,-2.57,0.91,0.92,1.32,1.38,0,0.07,neutral,neutral,0,-1.0,22,2719,0,
s12179,0GUSDT,1782354600000,train,1,4.05,0.371,6.2,4.56,0.77,4.32,1.23,2.79,2.26,2.06,1,-0.27,neutral,neutral,0,-0.349,32,2721,0,
s12180,WLDUSDT,1782354600000,train,-1,-2.97,0.485,4.85,4.32,1.42,-2.71,1.92,0.49,0.68,0.87,0,-0.27,neutral,bajista,0,0.39,32,2721,3,
s12181,APEUSDT,1782354600000,testB,-1,-2.66,0.393,4.36,3.82,0.4,-2.39,1.03,0.92,1.32,1.38,0,-0.27,neutral,neutral,0,-1.0,21,2720,1,
s12182,WLDUSDT,1782355500000,train,-1,-3.15,0.532,4.83,4.0,1.44,-3.0,1.5,0.49,0.68,0.87,0,-0.14,neutral,neutral,0,0.454,32,2722,0,
s12183,0GUSDT,1782356400000,train,1,4.6,0.412,6.19,4.64,0.73,4.81,1.12,3.9,2.78,2.34,1,-0.21,neutral,neutral,0,-0.45,32,2723,1,
s12184,WLDUSDT,1782356400000,train,-1,-3.54,0.642,4.52,3.71,1.09,-3.33,1.25,0.46,0.64,0.84,0,-0.21,neutral,neutral,0,0.391,32,2723,1,
s12185,0GUSDT,1782357300000,train,1,5.25,0.444,6.07,5.16,0.65,5.57,1.61,3.9,2.78,2.34,1,-0.31,neutral,alcista,0,-0.589,32,2724,2,
s12186,WLDUSDT,1782357300000,train,-1,-3.07,0.558,4.34,3.3,0.76,-2.75,0.89,0.46,0.64,0.84,0,-0.31,neutral,neutral,0,0.48,32,2724,0,
s12187,PUMPUSDT,1782358200000,train,-1,-2.53,0.429,3.46,2.59,0.79,-2.07,0.68,0.99,1.89,1.58,0,-0.46,neutral,bajista,0,-1.0,7,2725,2,
s12188,0GUSDT,1782358200000,train,1,7.21,0.524,8.44,7.01,1.06,7.67,3.28,3.9,2.78,2.34,1,-0.46,neutral,alcista,0,-0.721,32,2725,3,
s12189,WLDUSDT,1782358200000,train,-1,-2.97,0.549,3.91,3.13,0.48,-2.5,1.12,0.46,0.64,0.84,0,-0.46,neutral,neutral,0,0.593,32,2725,1,
s12190,INJUSDT,1782358200000,train,-1,-2.42,0.741,2.89,2.79,0.91,-1.96,1.09,0.6,0.97,1.02,0,-0.46,neutral,bajista,0,-1.0,7,2725,3,
s12191,SEIUSDT,1782358200000,train,1,2.04,0.352,3.44,3.28,1.08,2.51,1.39,1.27,1.79,1.59,0,-0.46,neutral,alcista,0,1.216,32,2725,4,
s12192,0GUSDT,1782359100000,train,1,5.95,0.395,8.51,5.78,1.51,6.27,1.84,3.9,2.78,2.34,1,-0.32,neutral,neutral,0,-0.593,32,2726,0,
s12193,WLDUSDT,1782359100000,train,-1,-3.28,0.572,4.04,3.71,0.74,-2.96,1.85,0.46,0.64,0.84,0,-0.32,neutral,bajista,0,0.258,32,2726,2,
s12194,INJUSDT,1782359100000,train,-1,-2.53,0.761,2.79,2.77,0.82,-2.21,1.09,0.6,0.97,1.02,0,-0.32,neutral,bajista,0,-1.0,5,2726,4,
s12195,SEIUSDT,1782359100000,train,1,2.44,0.394,3.83,3.67,1.28,2.76,1.61,1.27,1.79,1.59,0,-0.32,neutral,alcista,0,0.88,32,2726,5,
s12196,WLDUSDT,1782360000000,train,-1,-3.42,0.582,3.71,3.56,0.74,-2.96,1.79,0.47,0.57,0.82,0,-0.45,neutral,bajista,0,0.33,32,2727,3,
s12197,APEUSDT,1782360000000,testB,-1,-2.44,0.444,2.81,2.42,0.23,-1.98,0.52,0.84,1.04,1.31,0,-0.45,neutral,neutral,0,-1.0,12,2726,1,
s12198,0GUSDT,1782360900000,train,1,4.84,0.356,8.24,7.15,2.62,4.89,3.99,4.87,2.97,2.59,1,-0.05,neutral,alcista,0,-0.949,32,2728,2,
s12199,WLDUSDT,1782360900000,train,-1,-2.54,0.506,3.35,3.27,0.8,-2.49,1.7,0.47,0.57,0.82,0,-0.05,neutral,bajista,0,1.084,32,2728,4,
s12200,AXSUSDT,1782360900000,testB,1,2.11,0.356,3.44,2.26,1.37,2.16,0.54,0.36,0.42,0.59,0,-0.05,neutral,neutral,0,0.652,32,2727,1,
s12201,0GUSDT,1782361800000,train,1,6.1,0.485,7.04,5.83,2.05,5.88,3.49,4.87,2.97,2.59,1,0.22,neutral,neutral,0,-1.0,19,2729,0,
s12202,WLDUSDT,1782361800000,train,-1,-2.33,0.449,3.61,3.07,0.98,-2.55,1.29,0.47,0.57,0.82,0,0.22,neutral,neutral,0,0.79,32,2729,0,
s12203,SEIUSDT,1782361800000,train,1,3.25,0.463,4.21,4.2,1.84,3.02,1.74,1.47,1.74,1.67,0,0.22,neutral,neutral,0,0.485,32,2729,1,
s12204,AXSUSDT,1782361800000,testB,1,2.21,0.367,3.44,2.36,0.63,1.98,0.63,0.36,0.42,0.59,0,0.22,neutral,alcista,0,0.75,32,2728,2,
s12205,0GUSDT,1782362700000,train,1,4.47,0.381,6.22,4.6,1.41,3.59,2.36,4.87,2.97,2.59,1,0.88,neutral,neutral,0,-1.0,4,2730,0,
s12206,SEIUSDT,1782362700000,train,1,3.58,0.488,4.89,4.78,1.73,2.7,2.08,1.47,1.74,1.67,0,0.88,neutral,alcista,0,0.358,32,2730,2,
s12207,AXSUSDT,1782362700000,testB,1,2.51,0.397,3.23,2.54,0.78,1.63,0.98,0.36,0.42,0.59,0,0.88,neutral,alcista,0,0.462,32,2729,3,
s12208,ENAUSDT,1782363600000,train,1,2.07,0.414,3.16,3.01,1.89,0.64,1.92,0.58,0.71,0.85,0,1.43,neutral,alcista,0,-0.678,32,2731,3,
s12209,SEIUSDT,1782363600000,train,1,4.31,0.567,5.25,5.23,1.57,2.88,2.35,1.81,1.81,1.77,0,1.43,neutral,alcista,0,0.186,32,2731,3,
s12210,JUPUSDT,1782363600000,train,1,2.93,0.405,6.71,3.95,3.98,1.49,2.2,1.78,1.95,2.22,0,1.43,neutral,alcista,0,0.169,32,2731,2,
s12211,ARUSDT,1782363600000,testB,1,4.06,0.773,4.06,4.06,1.17,2.63,2.52,0.8,1.42,1.69,0,1.43,neutral,alcista,0,-0.385,32,2730,3,
s12212,STXUSDT,1782363600000,testB,1,2.75,0.485,3.07,2.9,5,1.31,1.87,0.95,1.04,1.6,0,1.43,neutral,alcista,0,-1.0,25,2730,4,
s12213,AXSUSDT,1782363600000,testB,1,2.7,0.415,3.21,3.02,0.81,1.27,1.4,0.39,0.39,0.58,0,1.43,neutral,alcista,0,0.29,32,2730,4,
s12214,ENAUSDT,1782364500000,train,1,2.34,0.492,3.36,2.96,2.22,1.11,1.71,0.58,0.71,0.85,0,1.24,neutral,neutral,0,-0.543,32,2732,0,
s12215,OPUSDT,1782364500000,train,1,2.46,0.394,3.14,3.05,1.73,1.23,2.08,1.38,1.67,1.88,0,1.24,neutral,alcista,0,-1.0,24,2732,4,
s12216,SUIUSDT,1782364500000,train,1,2.08,0.638,2.66,2.21,3.65,0.85,1.45,0.58,0.77,1.14,0,1.24,neutral,alcista,0,0.314,32,2732,5,
s12217,TIAUSDT,1782364500000,train,1,3.33,0.388,4.9,4.71,1.85,2.09,3.05,0.63,0.78,0.93,0,1.24,neutral,alcista,0,-0.828,32,2732,4,
s12218,SEIUSDT,1782364500000,train,1,5.3,0.775,5.36,5.03,1.75,4.07,2.22,1.81,1.81,1.77,0,1.24,neutral,alcista,0,0.248,32,2732,4,
s12219,JUPUSDT,1782364500000,train,1,3.43,0.444,6.67,4.46,5,2.19,2.47,1.78,1.95,2.22,0,1.24,neutral,alcista,0,0.218,32,2732,3,
s12220,PENDLEUSDT,1782364500000,train,1,2.74,0.423,4.01,3.84,2.11,1.5,2.39,0.62,0.71,0.82,0,1.24,neutral,alcista,0,-0.147,32,2732,4,
s12221,ARUSDT,1782364500000,testB,1,4.93,0.835,4.86,4.7,1.83,3.7,2.97,0.8,1.42,1.69,0,1.24,neutral,alcista,0,-0.429,32,2731,4,
s12222,STXUSDT,1782364500000,testB,1,2.39,0.414,2.79,2.34,5,1.16,1.52,0.95,1.04,1.6,0,1.24,neutral,neutral,0,-1.0,23,2731,0,
s12223,AXSUSDT,1782364500000,testB,1,3.6,0.5,3.77,3.67,1.03,2.37,1.98,0.39,0.39,0.58,0,1.24,neutral,alcista,0,0.184,32,2731,5,
s12224,OPUSDT,1782365400000,train,1,2.37,0.385,3.51,3.05,2.28,1.21,1.81,1.38,1.67,1.88,0,1.16,neutral,neutral,0,-1.0,23,2733,0,
s12225,SUIUSDT,1782365400000,train,1,2.07,0.631,2.66,2.13,4.12,0.91,1.22,0.58,0.77,1.14,0,1.16,neutral,neutral,0,-0.633,32,2733,0,
s12226,SEIUSDT,1782365400000,train,1,4.14,0.64,4.71,3.99,1.91,2.98,1.61,1.81,1.81,1.77,0,1.16,neutral,neutral,0,-0.048,32,2733,0,
s12227,JUPUSDT,1782365400000,train,1,2.72,0.38,6.68,4.38,4.79,1.56,2.18,1.78,1.95,2.22,0,1.16,neutral,neutral,0,-1.0,32,2733,0,
s12228,ARUSDT,1782365400000,testB,1,4.43,0.759,4.82,4.3,2.23,3.27,2.55,0.8,1.42,1.69,0,1.16,neutral,neutral,0,-1.0,32,2732,0,
s12229,AXSUSDT,1782365400000,testB,1,3.2,0.432,3.59,3.2,1.05,2.04,1.5,0.39,0.39,0.58,0,1.16,neutral,neutral,0,-0.455,32,2732,0,
s12230,SEIUSDT,1782366300000,train,1,3.26,0.567,3.99,3.19,1.6,2.15,1.41,1.81,1.81,1.77,0,1.11,neutral,neutral,0,-0.787,32,2734,0,
s12231,JUPUSDT,1782366300000,train,1,4.82,0.525,6.81,6.24,5,3.71,3.89,1.78,1.95,2.22,0,1.11,neutral,neutral,0,-1.0,31,2734,1,
s12232,ARUSDT,1782366300000,testB,1,4.46,0.761,4.42,4.42,2.18,3.35,3.0,0.8,1.42,1.69,0,1.11,neutral,neutral,0,-1.0,31,2733,1,
s12233,AXSUSDT,1782366300000,testB,1,3.0,0.395,3.6,2.92,0.86,1.9,1.05,0.39,0.39,0.58,0,1.11,neutral,neutral,0,-1.0,32,2733,0,
s12234,ENAUSDT,1782367200000,train,1,2.59,0.426,3.89,3.16,1.65,1.06,1.6,0.65,0.69,0.87,0,1.53,neutral,neutral,0,-1.0,30,2735,1,
s12235,SUIUSDT,1782367200000,train,1,2.41,0.676,2.65,2.48,1.89,0.88,1.36,0.57,0.66,1.14,0,1.53,neutral,neutral,0,-1.0,31,2735,1,
s12236,SEIUSDT,1782367200000,train,1,3.15,0.559,3.94,3.22,1.24,1.62,1.47,1.88,1.83,1.76,1,1.53,neutral,neutral,0,-0.081,32,2735,1,
s12237,JUPUSDT,1782367200000,train,1,6.91,0.709,7.67,7.37,2.56,5.38,4.63,2.1,1.88,2.36,0,1.53,neutral,alcista,0,-1.0,30,2735,2,
s12238,ARUSDT,1782367200000,testB,1,3.91,0.67,5.47,4.13,2.33,2.38,2.49,0.89,1.11,1.72,0,1.53,neutral,neutral,0,-1.0,30,2734,0,
s12239,ENAUSDT,1782368100000,train,1,2.79,0.445,3.87,3.72,1.31,1.57,1.99,0.65,0.69,0.87,0,1.21,neutral,alcista,0,-1.0,29,2736,2,
s12240,OPUSDT,1782368100000,train,1,2.55,0.429,3.6,3.23,1.33,1.34,1.48,1.04,1.61,1.89,0,1.21,neutral,alcista,0,-1.0,20,2736,2,
s12241,SUIUSDT,1782368100000,train,1,2.11,0.619,2.76,2.41,1.28,0.9,1.18,0.57,0.66,1.14,0,1.21,neutral,neutral,0,-1.0,30,2736,0,
s12242,SEIUSDT,1782368100000,train,1,2.42,0.449,3.62,2.66,1.08,1.21,1.01,1.88,1.83,1.76,1,1.21,neutral,neutral,0,-1.0,30,2736,0,
s12243,JUPUSDT,1782368100000,train,1,7.18,0.717,8.11,7.72,2.68,5.97,4.45,2.1,1.88,2.36,0,1.21,neutral,alcista,0,-1.0,29,2736,3,
s12244,ARUSDT,1782368100000,testB,1,3.42,0.571,5.48,3.83,2.0,2.21,1.92,0.89,1.11,1.72,0,1.21,neutral,neutral,0,-1.0,29,2735,0,
s12245,ENAUSDT,1782369000000,train,1,3.24,0.554,4.24,3.69,1.37,1.6,1.75,0.65,0.69,0.87,0,1.64,neutral,neutral,0,-1.0,28,2737,0,
s12246,OPUSDT,1782369000000,train,1,3.14,0.559,3.59,3.32,0.96,1.5,1.41,1.04,1.61,1.89,0,1.64,neutral,alcista,0,-1.0,19,2737,3,
s12247,SUIUSDT,1782369000000,train,1,2.41,0.712,2.75,2.54,0.97,0.77,1.17,0.57,0.66,1.14,0,1.64,neutral,neutral,0,-1.0,29,2737,1,
s12248,SEIUSDT,1782369000000,train,1,2.7,0.495,3.45,2.67,0.8,1.06,0.97,1.88,1.83,1.76,1,1.64,neutral,neutral,0,-1.0,29,2737,1,
s12249,JUPUSDT,1782369000000,train,1,6.17,0.554,8.24,6.2,2.88,4.53,2.49,2.1,1.88,2.36,0,1.64,neutral,neutral,0,-1.0,28,2737,0,
s12250,ARUSDT,1782369000000,testB,1,2.83,0.438,5.51,3.33,1.92,1.19,1.17,0.89,1.11,1.72,0,1.64,neutral,neutral,0,-1.0,28,2736,0,
s12251,ENAUSDT,1782369900000,train,1,3.08,0.516,4.24,3.56,1.32,1.55,1.48,0.65,0.69,0.87,0,1.53,neutral,neutral,0,-1.0,27,2738,0,
s12252,OPUSDT,1782369900000,train,1,3.42,0.581,3.76,3.76,0.97,1.88,1.62,1.04,1.61,1.89,0,1.53,neutral,alcista,0,-1.0,18,2738,4,
s12253,SUIUSDT,1782369900000,train,1,2.24,0.697,2.75,2.54,0.81,0.71,1.06,0.57,0.66,1.14,0,1.53,neutral,alcista,0,-1.0,28,2738,2,
s12254,SEIUSDT,1782369900000,train,1,2.78,0.503,3.11,2.83,0.82,1.25,1.33,1.88,1.83,1.76,1,1.53,neutral,alcista,0,-1.0,28,2738,2,
s12255,JUPUSDT,1782369900000,train,1,6.94,0.583,8.17,7.05,1.85,5.41,3.2,2.1,1.88,2.36,0,1.53,neutral,neutral,0,-1.0,27,2738,1,
s12256,ARUSDT,1782369900000,testB,1,3.05,0.487,5.51,3.33,1.97,1.52,1.03,0.89,1.11,1.72,0,1.53,neutral,neutral,0,-1.0,27,2737,1,
s12257,OPUSDT,1782370800000,train,1,3.23,0.531,4.14,3.5,0.95,1.59,1.3,0.94,1.54,1.92,0,1.64,neutral,neutral,0,-1.0,17,2739,0,
s12258,SUIUSDT,1782370800000,train,1,2.27,0.713,2.75,2.47,0.74,0.63,0.87,0.68,0.66,1.17,0,1.64,neutral,neutral,0,-1.0,27,2739,0,
s12259,SEIUSDT,1782370800000,train,1,2.28,0.386,3.14,2.4,0.83,0.64,0.74,2.03,1.75,1.71,1,1.64,neutral,neutral,0,-1.0,27,2739,0,
s12260,JUPUSDT,1782370800000,train,1,6.91,0.577,8.18,6.85,0.99,5.27,2.66,2.14,1.84,2.4,0,1.64,neutral,neutral,0,-1.0,26,2739,0,
s12261,ARUSDT,1782370800000,testB,1,3.17,0.513,5.52,3.23,0.88,1.53,0.81,0.84,0.92,1.75,0,1.64,neutral,neutral,0,-1.0,26,2738,0,
s12262,APEUSDT,1782370800000,testB,1,2.34,0.517,2.75,2.52,1.08,0.7,1.28,0.73,0.98,1.18,0,1.64,neutral,alcista,1,2.0,11,2738,5,
s12263,ENAUSDT,1782371700000,train,1,2.53,0.371,4.28,2.77,0.96,0.87,0.56,0.7,0.7,0.88,0,1.66,neutral,neutral,0,-1.0,25,2740,1,
s12264,ARBUSDT,1782371700000,train,1,2.08,0.579,2.67,2.18,0.99,0.42,0.65,0.63,0.75,1.28,0,1.66,neutral,neutral,0,-1.0,20,2740,1,
s12265,OPUSDT,1782371700000,train,1,3.23,0.531,4.05,3.31,0.87,1.57,1.15,0.94,1.54,1.92,0,1.66,neutral,neutral,0,-1.0,15,2740,0,
s12266,SUIUSDT,1782371700000,train,1,2.76,0.751,3.11,2.83,0.82,1.09,1.29,0.68,0.66,1.17,0,1.66,neutral,neutral,0,-1.0,26,2740,1,
s12267,SEIUSDT,1782371700000,train,1,2.26,0.384,2.87,2.35,0.88,0.6,0.87,2.03,1.75,1.71,1,1.66,neutral,neutral,0,-1.0,26,2740,1,
s12268,JUPUSDT,1782371700000,train,1,6.83,0.575,8.16,7.13,0.8,5.17,2.77,2.14,1.84,2.4,0,1.66,neutral,neutral,0,-1.0,25,2740,1,
s12269,ONDOUSDT,1782371700000,train,1,3.07,0.511,3.16,3.16,1.18,1.41,1.35,0.9,0.93,1.08,0,1.66,neutral,neutral,0,-1.0,15,2739,1,
s12270,ARUSDT,1782371700000,testB,1,3.43,0.533,5.34,3.42,0.69,1.77,1.06,0.84,0.92,1.75,0,1.66,neutral,neutral,0,-1.0,20,2739,1,
s12271,APEUSDT,1782371700000,testB,1,2.18,0.483,3.97,2.44,2.48,0.52,1.12,0.73,0.98,1.18,0,1.66,neutral,neutral,1,2.0,10,2739,0,
s12272,ENAUSDT,1782372600000,train,1,2.87,0.411,4.07,2.8,0.78,0.95,0.72,0.7,0.7,0.88,0,1.92,neutral,alcista,0,-1.0,19,2741,2,
s12273,ARBUSDT,1782372600000,train,1,2.17,0.603,2.63,2.19,1.14,0.25,0.62,0.63,0.75,1.28,0,1.92,neutral,alcista,0,-1.0,19,2741,2,
s12274,OPUSDT,1782372600000,train,1,3.32,0.538,4.04,3.58,0.91,1.4,1.27,0.94,1.54,1.92,0,1.92,neutral,neutral,0,-1.0,14,2741,1,
s12275,SUIUSDT,1782372600000,train,1,3.32,0.795,3.34,3.25,1.26,1.39,1.62,0.68,0.66,1.17,0,1.92,neutral,alcista,0,-1.0,25,2741,2,
s12276,JUPUSDT,1782372600000,train,1,5.39,0.506,8.17,7.01,0.54,3.47,2.36,2.14,1.84,2.4,0,1.92,neutral,neutral,0,-1.0,24,2741,0,
s12277,ARUSDT,1782372600000,testB,1,3.22,0.5,5.19,3.17,0.6,1.29,0.89,0.84,0.92,1.75,0,1.92,neutral,neutral,0,-1.0,19,2740,0,
s12278,APEUSDT,1782372600000,testB,1,2.19,0.483,3.97,2.37,2.42,0.26,0.91,0.73,0.98,1.18,0,1.92,neutral,neutral,1,2.0,7,2740,0,
s12279,ENAUSDT,1782373500000,train,1,2.64,0.393,3.79,2.66,0.75,0.95,0.78,0.7,0.7,0.88,0,1.7,neutral,alcista,0,-1.0,18,2742,3,
s12280,ARBUSDT,1782373500000,train,1,2.22,0.609,2.63,2.39,1.14,0.53,0.79,0.63,0.75,1.28,0,1.7,neutral,alcista,0,-1.0,18,2742,3,
s12281,OPUSDT,1782373500000,train,1,2.55,0.415,4.06,3.23,0.91,0.85,0.82,0.94,1.54,1.92,0,1.7,neutral,neutral,0,-1.0,13,2742,0,
s12282,SUIUSDT,1782373500000,train,1,3.1,0.784,3.35,3.24,1.51,1.41,1.49,0.68,0.66,1.17,0,1.7,neutral,neutral,0,-1.0,24,2742,0,
s12283,JUPUSDT,1782373500000,train,1,5.66,0.519,8.14,7.29,0.49,3.96,2.43,2.14,1.84,2.4,0,1.7,neutral,neutral,0,-1.0,23,2742,1,
s12284,ARUSDT,1782373500000,testB,1,3.85,0.545,4.95,3.71,0.75,2.16,1.54,0.84,0.92,1.75,0,1.7,neutral,neutral,0,-1.0,18,2741,1,
s12285,APEUSDT,1782373500000,testB,1,3.5,0.6,4.14,3.84,3.34,1.81,2.27,0.73,0.98,1.18,0,1.7,neutral,neutral,0,-1.0,24,2741,1,
s12286,ARBUSDT,1782374400000,train,1,2.27,0.626,2.63,2.32,0.69,0.65,0.68,0.63,0.62,1.29,0,1.61,neutral,neutral,0,-1.0,17,2743,0,
s12287,OPUSDT,1782374400000,train,1,2.64,0.424,4.04,3.49,0.82,1.03,1.01,0.92,1.43,1.93,0,1.61,neutral,neutral,0,-1.0,12,2743,1,
s12288,SUIUSDT,1782374400000,train,1,2.92,0.702,3.31,2.86,1.59,1.3,1.04,0.74,0.59,1.18,0,1.61,neutral,neutral,0,-1.0,23,2743,0,
s12289,SEIUSDT,1782374400000,train,1,2.9,0.456,3.65,3.42,1.43,1.29,1.61,2.52,1.9,1.85,1,1.61,neutral,neutral,0,-1.0,23,2743,1,
s12290,JUPUSDT,1782374400000,train,1,6.22,0.573,8.21,7.49,0.54,4.61,2.35,2.38,1.78,2.45,0,1.61,neutral,alcista,0,-1.0,22,2743,2,
s12291,ARUSDT,1782374400000,testB,1,4.22,0.568,4.92,4.25,0.98,2.6,1.9,0.94,0.85,1.8,0,1.61,neutral,alcista,0,-1.0,17,2742,2,
s12292,APEUSDT,1782374400000,testB,1,3.98,0.68,4.28,4.05,3.91,2.37,2.24,0.98,0.95,1.19,0,1.61,neutral,alcista,0,-1.0,23,2742,2,
s12293,0GUSDT,1782375300000,train,-1,-5.1,0.575,5.76,5.5,0.12,-6.56,1.61,4.8,3.89,2.9,1,1.46,neutral,neutral,0,1.6,32,2744,1,
s12294,ENAUSDT,1782375300000,train,1,2.7,0.412,3.37,2.72,0.61,1.24,1.11,0.74,0.64,0.89,0,1.46,neutral,alcista,0,-1.0,14,2744,5,
s12295,ARBUSDT,1782375300000,train,1,2.08,0.567,2.63,2.2,0.7,0.62,0.51,0.63,0.62,1.29,0,1.46,neutral,neutral,0,-1.0,16,2744,0,
s12296,OPUSDT,1782375300000,train,1,3.32,0.574,4.04,3.58,0.67,1.86,0.97,0.92,1.43,1.93,0,1.46,neutral,alcista,0,-1.0,11,2744,2,
s12297,SUIUSDT,1782375300000,train,1,2.51,0.604,3.3,2.65,1.32,1.05,0.76,0.74,0.59,1.18,0,1.46,neutral,neutral,0,-1.0,22,2744,0,
s12298,TIAUSDT,1782375300000,train,1,3.24,0.364,5.44,3.24,0.27,1.78,0.54,1.03,0.88,1.0,0,1.46,neutral,neutral,0,-1.0,21,2744,1,
s12299,SEIUSDT,1782375300000,train,1,3.3,0.55,3.47,3.22,1.41,1.85,1.38,2.52,1.9,1.85,1,1.46,neutral,neutral,0,-1.0,22,2744,0,
s12300,JUPUSDT,1782375300000,train,1,6.14,0.56,8.23,7.29,0.52,4.68,1.76,2.38,1.78,2.45,0,1.46,neutral,neutral,0,-1.0,21,2744,0,
s12301,PENDLEUSDT,1782375300000,train,1,3.16,0.43,3.83,3.17,1.04,1.7,0.86,0.82,0.62,0.87,0,1.46,neutral,neutral,0,-1.0,21,2744,1,
s12302,ARUSDT,1782375300000,testB,1,4.38,0.586,4.91,4.35,1.42,2.92,1.79,0.94,0.85,1.8,0,1.46,neutral,alcista,0,-1.0,16,2743,3,
s12303,APEUSDT,1782375300000,testB,1,4.3,0.714,4.64,4.27,2.68,2.84,2.24,0.98,0.95,1.19,0,1.46,neutral,alcista,0,-1.0,22,2743,3,
s12304,0GUSDT,1782376200000,train,-1,-5.03,0.571,5.63,5.42,0.13,-6.31,1.33,4.8,3.89,2.9,1,1.28,neutral,neutral,0,1.805,32,2745,0,
s12305,ENAUSDT,1782376200000,train,1,2.42,0.386,3.01,2.42,0.61,1.14,1.0,0.74,0.64,0.89,0,1.28,neutral,alcista,0,-1.0,11,2745,6,
s12306,OPUSDT,1782376200000,train,1,2.64,0.483,3.31,2.67,0.61,1.36,0.66,0.92,1.43,1.93,0,1.28,neutral,neutral,0,-1.0,7,2745,0,
s12307,SUIUSDT,1782376200000,train,1,2.14,0.566,2.74,2.18,0.84,0.86,0.73,0.74,0.59,1.18,0,1.28,neutral,neutral,0,-1.0,20,2745,1,
s12308,SEIUSDT,1782376200000,train,1,2.62,0.495,2.89,2.79,1.44,1.34,1.66,2.52,1.9,1.85,1,1.28,neutral,neutral,0,-1.0,21,2745,1,
s12309,JUPUSDT,1782376200000,train,1,5.69,0.498,6.84,5.47,0.61,4.41,1.19,2.38,1.78,2.45,0,1.28,neutral,neutral,0,-1.0,20,2745,0,
s12310,PENDLEUSDT,1782376200000,train,1,2.53,0.367,3.24,2.48,0.8,1.25,0.65,0.82,0.62,0.87,0,1.28,neutral,neutral,0,-1.0,20,2745,0,
s12311,ARUSDT,1782376200000,testB,1,2.99,0.35,4.71,2.95,1.47,1.71,0.52,0.94,0.85,1.8,0,1.28,neutral,neutral,0,-1.0,11,2744,0,
s12312,APEUSDT,1782376200000,testB,1,4.53,0.725,4.56,4.33,2.65,3.25,2.27,0.98,0.95,1.19,0,1.28,neutral,alcista,0,-1.0,21,2744,4,
s12313,STBLUSDT,1782377100000,train,1,3.32,0.473,6.58,3.86,5,2.72,2.98,1.06,0.71,1.39,0,0.59,neutral,neutral,0,-1.0,20,2746,1,
s12314,0GUSDT,1782377100000,train,-1,-4.73,0.555,5.98,5.34,0.22,-5.32,1.32,4.8,3.89,2.9,1,0.59,neutral,neutral,0,1.889,32,2746,1,
s12315,SEIUSDT,1782377100000,train,1,2.62,0.497,3.44,3.18,1.86,2.03,2.1,2.52,1.9,1.85,1,0.59,neutral,alcista,0,-1.0,20,2746,2,
s12316,JUPUSDT,1782377100000,train,1,3.91,0.37,5.71,3.85,0.62,3.32,0.68,2.38,1.78,2.45,0,0.59,neutral,neutral,0,-1.0,19,2746,0,
s12317,APEUSDT,1782377100000,testB,1,4.5,0.725,4.97,4.67,1.91,3.9,2.7,0.98,0.95,1.19,0,0.59,neutral,alcista,0,-1.0,20,2745,5,
s12318,STBLUSDT,1782378000000,train,1,2.92,0.443,6.57,3.98,5,2.76,2.8,1.34,0.85,1.39,0,0.16,neutral,alcista,0,-1.0,19,2747,2,
s12319,0GUSDT,1782378000000,train,-1,-3.09,0.444,4.84,4.37,0.22,-3.25,1.68,3.86,3.95,2.87,0,0.16,neutral,bajista,1,2.0,19,2747,2,
s12320,APEUSDT,1782378000000,testB,1,4.24,0.714,4.95,4.58,1.46,4.08,2.79,1.22,1.05,1.23,0,0.16,neutral,alcista,0,-1.0,19,2746,6,
s12321,STBLUSDT,1782378900000,train,1,2.96,0.447,6.55,4.25,5,2.82,2.73,1.34,0.85,1.39,0,0.14,neutral,alcista,0,-1.0,18,2748,3,
s12322,0GUSDT,1782378900000,train,-1,-3.22,0.453,5.16,4.77,0.27,-3.36,1.85,3.86,3.95,2.87,0,0.14,neutral,bajista,1,2.0,18,2748,3,
s12323,TIAUSDT,1782378900000,train,-1,-2.49,0.442,3.6,3.36,0.26,-2.63,0.49,1.04,0.85,1.01,0,0.14,neutral,neutral,1,2.0,18,2748,1,
s12324,APEUSDT,1782378900000,testB,1,5.15,0.753,5.85,5.63,1.53,5.01,3.53,1.22,1.05,1.23,0,0.14,neutral,alcista,0,-1.0,18,2747,7,
s12325,STBLUSDT,1782379800000,train,1,3.1,0.474,6.57,3.94,5,2.73,2.1,1.34,0.85,1.39,0,0.37,neutral,neutral,0,-1.0,17,2749,0,
s12326,0GUSDT,1782379800000,train,-1,-2.7,0.409,5.16,4.86,0.36,-3.06,1.69,3.86,3.95,2.87,0,0.37,neutral,bajista,1,2.0,29,2749,4,
s12327,SEIUSDT,1782379800000,train,1,3.17,0.489,3.82,3.68,1.97,2.81,2.1,2.98,2.13,2.01,1,0.37,neutral,alcista,0,-1.0,17,2749,2,
s12328,APEUSDT,1782379800000,testB,1,5.32,0.793,5.93,5.56,1.64,4.95,3.02,1.22,1.05,1.23,0,0.37,neutral,neutral,0,-1.0,17,2748,0,
s12329,STBLUSDT,1782380700000,train,1,3.01,0.468,6.57,4.01,1.29,2.78,1.9,1.34,0.85,1.39,0,0.23,neutral,neutral,0,-1.0,16,2750,1,
s12330,SEIUSDT,1782380700000,train,1,3.04,0.458,4.01,3.47,1.66,2.81,1.63,2.98,2.13,2.01,1,0.23,neutral,neutral,0,-1.0,16,2750,0,
s12331,PENDLEUSDT,1782380700000,train,1,2.13,0.366,2.33,2.21,1.19,1.9,1.48,0.95,0.67,0.91,0,0.23,neutral,alcista,0,-1.0,15,2750,2,
s12332,APEUSDT,1782380700000,testB,1,5.96,0.928,6.43,5.7,1.49,5.73,2.78,1.22,1.05,1.23,0,0.23,neutral,neutral,0,-1.0,16,2749,1,
s12333,STBLUSDT,1782381600000,train,1,3.13,0.478,6.55,4.25,0.78,3.17,1.91,1.43,0.88,1.38,0,-0.04,neutral,alcista,0,-1.0,15,2751,2,
s12334,0GUSDT,1782381600000,train,-1,-2.69,0.765,3.57,3.02,0.51,-2.65,0.9,3.03,4.05,2.87,0,-0.04,neutral,neutral,1,2.0,15,2751,0,
s12335,SEIUSDT,1782381600000,train,1,3.97,0.525,4.51,4.43,1.4,4.01,2.38,3.53,2.5,2.24,1,-0.04,neutral,neutral,0,-1.0,15,2751,1,
s12336,APEUSDT,1782381600000,testB,1,5.55,0.923,6.2,5.55,1.19,5.59,2.54,1.35,1.1,1.25,0,-0.04,neutral,alcista,0,-1.0,15,2750,2,
s12337,PUMPUSDT,1782382500000,train,-1,-2.82,0.627,2.99,2.83,0.97,-2.68,1.43,0.97,0.94,1.73,0,-0.14,neutral,neutral,1,2.0,14,2752,1,
s12338,STBLUSDT,1782382500000,train,1,3.06,0.459,6.58,3.86,0.25,3.2,1.41,1.43,0.88,1.38,0,-0.14,neutral,neutral,0,-1.0,14,2752,0,
s12339,0GUSDT,1782382500000,train,-1,-2.74,0.767,3.2,2.94,0.74,-2.6,1.0,3.03,4.05,2.87,0,-0.14,neutral,neutral,1,2.0,14,2752,1,
s12340,WLDUSDT,1782382500000,train,-1,-2.31,0.355,3.91,3.61,1.09,-2.17,1.67,0.55,0.5,0.68,0,-0.14,neutral,bajista,0,0.607,32,2752,2,
s12341,OPUSDT,1782382500000,train,-1,-2.31,0.49,3.4,3.31,0.85,-2.16,1.7,1.01,1.43,1.97,0,-0.14,neutral,neutral,1,2.0,14,2752,1,
s12342,SEIUSDT,1782382500000,train,1,3.23,0.388,4.54,3.49,1.64,3.38,1.32,3.53,2.5,2.24,1,-0.14,neutral,neutral,0,-1.0,14,2752,0,
s12343,APEUSDT,1782382500000,testB,1,4.47,0.63,6.12,4.42,1.16,4.61,1.38,1.35,1.1,1.25,0,-0.14,neutral,neutral,0,-1.0,14,2751,0,
s12344,PUMPUSDT,1782383400000,train,-1,-2.68,0.614,3.07,2.91,1.36,-2.1,1.44,0.97,0.94,1.73,0,-0.58,neutral,bajista,1,2.0,13,2753,2,
s12345,STBLUSDT,1782383400000,train,1,4.19,0.538,6.51,4.9,0.41,4.77,2.26,1.43,0.88,1.38,0,-0.58,neutral,neutral,0,-1.0,13,2753,1,
s12346,WLDUSDT,1782383400000,train,-1,-2.93,0.502,3.94,3.59,1.15,-2.35,1.46,0.55,0.5,0.68,0,-0.58,neutral,neutral,0,0.83,32,2753,0,
s12347,OPUSDT,1782383400000,train,-1,-2.49,0.529,3.5,3.4,1.02,-1.91,1.57,1.01,1.43,1.97,0,-0.58,neutral,bajista,1,2.0,13,2753,2,
s12348,SEIUSDT,1782383400000,train,1,3.05,0.375,4.11,3.06,1.29,3.63,1.2,3.53,2.5,2.24,1,-0.58,neutral,neutral,0,-1.0,12,2753,0,
s12349,LDOUSDT,1782383400000,testB,-1,-2.15,0.737,2.55,2.39,1.36,-1.57,1.18,0.59,0.56,1.14,0,-0.58,neutral,bajista,1,2.0,13,2752,4,
s12350,APEUSDT,1782383400000,testB,1,3.99,0.591,5.61,3.84,0.87,4.57,1.24,1.35,1.1,1.25,0,-0.58,neutral,neutral,0,-1.0,13,2752,0,
s12351,PUMPUSDT,1782384300000,train,-1,-2.91,0.679,3.46,2.99,1.55,-2.18,1.44,0.97,0.94,1.73,0,-0.73,neutral,neutral,1,2.0,12,2754,0,
s12352,STBLUSDT,1782384300000,train,1,4.15,0.529,6.52,4.75,0.38,4.88,1.87,1.43,0.88,1.38,0,-0.73,neutral,neutral,0,-1.0,12,2754,0,
s12353,WLDUSDT,1782384300000,train,-1,-2.48,0.431,3.23,2.7,1.32,-1.75,1.19,0.55,0.5,0.68,0,-0.73,neutral,neutral,0,0.861,32,2754,0,
s12354,OPUSDT,1782384300000,train,-1,-3.03,0.702,3.69,3.5,1.1,-2.3,1.58,1.01,1.43,1.97,0,-0.73,neutral,bajista,1,2.0,12,2754,3,
s12355,APEUSDT,1782384300000,testB,1,3.37,0.478,5.41,3.19,0.63,4.1,0.66,1.35,1.1,1.25,0,-0.73,neutral,neutral,0,-1.0,12,2753,0,
s12356,PUMPUSDT,1782385200000,train,-1,-2.23,0.617,3.23,2.44,2.0,-1.59,1.38,1.01,1.0,1.78,0,-0.64,neutral,neutral,1,2.0,11,2755,0,
s12357,STBLUSDT,1782385200000,train,1,3.51,0.433,6.55,4.32,0.44,4.15,1.33,1.53,0.96,1.41,0,-0.64,neutral,neutral,0,-1.0,11,2755,0,
s12358,OPUSDT,1782385200000,train,-1,-2.76,0.682,3.88,3.22,1.57,-2.12,1.44,0.93,1.17,1.95,0,-0.64,neutral,neutral,1,2.0,11,2755,0,
s12359,APEUSDT,1782385200000,testB,1,3.97,0.52,5.36,4.18,0.66,4.6,1.54,1.39,1.14,1.26,0,-0.64,neutral,neutral,0,-1.0,11,2754,1,
s12360,PUMPUSDT,1782386100000,train,-1,-2.47,0.64,3.01,2.69,1.48,-1.57,1.63,1.01,1.0,1.78,0,-0.9,neutral,neutral,1,2.0,10,2756,1,
s12361,OPUSDT,1782386100000,train,-1,-3.31,0.72,4.1,3.9,1.46,-2.42,1.91,0.93,1.17,1.95,0,-0.9,neutral,neutral,0,1.098,32,2756,1,
s12362,ONDOUSDT,1782386100000,train,-1,-2.95,0.714,3.9,3.52,1.08,-2.05,1.02,0.83,0.85,1.09,0,-0.9,neutral,neutral,0,0.809,32,2755,1,
s12363,ARUSDT,1782386100000,testB,-1,-2.8,0.429,4.48,4.38,1.01,-1.9,1.87,1.0,0.9,1.84,0,-0.9,neutral,bajista,0,1.122,32,2755,6,
s12364,STXUSDT,1782386100000,testB,-1,-2.35,1.0,2.69,2.52,3.49,-1.45,1.38,0.59,0.77,1.62,0,-0.9,neutral,bajista,1,2.0,10,2755,7,
s12365,AXSUSDT,1782386100000,testB,1,2.24,0.418,2.57,2.29,1.75,3.14,1.18,0.34,0.36,0.53,0,-0.9,neutral,alcista,0,-1.0,9,2755,4,
s12366,APEUSDT,1782386100000,testB,1,3.59,0.448,5.38,3.76,0.6,4.48,0.93,1.39,1.14,1.26,0,-0.9,neutral,neutral,0,-1.0,10,2755,0,
s12367,PUMPUSDT,1782387000000,train,-1,-2.16,0.538,3.0,2.45,1.44,-1.21,1.28,1.01,1.0,1.78,0,-0.95,neutral,neutral,1,2.0,9,2757,0,
s12368,OPUSDT,1782387000000,train,-1,-3.49,0.792,4.09,3.81,1.47,-2.54,1.71,0.93,1.17,1.95,0,-0.95,neutral,neutral,0,0.9,32,2757,0,
s12369,ONDOUSDT,1782387000000,train,-1,-2.31,0.627,2.84,2.36,1.41,-1.36,0.8,0.83,0.85,1.09,0,-0.95,neutral,neutral,0,-1.0,7,2756,0,
s12370,ARUSDT,1782387000000,testB,-1,-2.8,0.429,4.54,4.49,0.63,-1.85,1.79,1.0,0.9,1.84,0,-0.95,neutral,bajista,0,1.024,32,2756,7,
s12371,STXUSDT,1782387000000,testB,-1,-2.4,1.0,2.58,2.52,2.84,-1.45,1.36,0.59,0.77,1.62,0,-0.95,neutral,bajista,1,2.0,9,2756,8,
s12372,AXSUSDT,1782387000000,testB,1,2.43,0.439,2.75,2.56,2.24,3.38,1.28,0.34,0.36,0.53,0,-0.95,neutral,alcista,0,-1.0,8,2756,5,
s12373,APEUSDT,1782387000000,testB,1,3.51,0.434,5.39,3.62,0.6,4.46,0.69,1.39,1.14,1.26,0,-0.95,neutral,neutral,0,-1.0,9,2756,0,
s12374,PUMPUSDT,1782387900000,train,-1,-2.32,0.556,4.35,2.69,2.36,-1.3,1.28,1.01,1.0,1.78,0,-1.02,neutral,neutral,1,2.0,8,2758,1,
s12375,OPUSDT,1782387900000,train,-1,-2.95,0.696,4.08,3.61,1.21,-1.93,1.34,0.93,1.17,1.95,0,-1.02,neutral,neutral,1,2.0,8,2758,0,
s12376,INJUSDT,1782387900000,train,-1,-2.11,0.385,3.31,2.78,1.19,-1.1,0.99,1.42,1.03,1.12,0,-1.02,neutral,neutral,0,-1.0,4,2758,1,
s12377,ONDOUSDT,1782387900000,train,-1,-2.31,0.627,2.91,2.43,1.56,-1.3,0.85,0.83,0.85,1.09,0,-1.02,neutral,neutral,0,-1.0,6,2757,1,
s12378,FETUSDT,1782387900000,train,-1,-2.21,0.796,2.54,2.31,1.53,-1.19,1.0,0.59,0.64,1.18,0,-1.02,neutral,neutral,1,2.0,8,2757,0,
s12379,ARUSDT,1782387900000,testB,-1,-3.3,0.552,4.53,4.21,0.69,-2.28,1.37,1.0,0.9,1.84,0,-1.02,neutral,neutral,0,1.152,32,2757,0,
s12380,STXUSDT,1782387900000,testB,-1,-2.23,0.907,2.58,2.34,2.53,-1.22,1.14,0.59,0.77,1.62,0,-1.02,neutral,neutral,1,2.0,8,2757,0,
s12381,APEUSDT,1782387900000,testB,1,2.63,0.368,3.96,2.86,0.59,3.65,1.17,1.39,1.14,1.26,0,-1.02,neutral,neutral,0,-1.0,7,2757,1,
s12382,PUMPUSDT,1782388800000,train,-1,-2.93,0.679,4.37,3.1,1.9,-2.0,1.48,1.32,1.18,1.85,0,-0.93,neutral,bajista,1,2.0,7,2759,2,
s12383,WLDUSDT,1782388800000,train,-1,-2.6,0.474,3.32,3.05,0.76,-1.67,1.11,0.73,0.6,0.69,0,-0.93,neutral,neutral,0,0.656,32,2759,1,
s12384,ENAUSDT,1782388800000,train,-1,-2.07,0.489,3.03,2.76,0.88,-1.14,1.03,0.64,0.64,0.87,0,-0.93,neutral,neutral,1,2.0,7,2759,1,
s12385,OPUSDT,1782388800000,train,-1,-3.4,0.822,4.0,3.71,0.78,-2.47,1.37,1.02,1.04,1.97,0,-0.93,neutral,neutral,0,0.897,32,2759,1,
s12386,INJUSDT,1782388800000,train,-1,-2.16,0.397,3.31,2.66,0.48,-1.22,0.99,1.49,1.07,1.12,0,-0.93,neutral,neutral,0,-1.0,3,2759,0,
s12387,JUPUSDT,1782388800000,train,-1,-2.65,0.463,3.21,2.77,0.5,-1.72,1.18,1.35,1.76,2.23,0,-0.93,neutral,bajista,1,2.0,7,2759,2,
s12388,ONDOUSDT,1782388800000,train,-1,-2.17,0.611,2.57,2.31,1.21,-1.23,1.22,0.93,0.87,1.12,0,-0.93,neutral,bajista,0,-1.0,5,2758,2,
s12389,FETUSDT,1782388800000,train,-1,-2.33,0.804,2.61,2.5,1.28,-1.39,1.33,0.7,0.68,1.22,0,-0.93,neutral,neutral,1,2.0,7,2758,1,
s12390,ARUSDT,1782388800000,testB,-1,-3.79,0.698,4.53,4.15,0.73,-2.86,1.24,0.99,0.94,1.84,0,-0.93,neutral,neutral,0,1.077,32,2758,0,
s12391,PUMPUSDT,1782389700000,train,-1,-3.39,0.71,4.39,3.59,2.0,-2.3,1.76,1.32,1.18,1.85,0,-1.1,neutral,bajista,1,2.0,6,2760,3,
s12392,WLDUSDT,1782389700000,train,-1,-5.1,0.645,6.15,5.72,2.54,-4.01,3.24,0.73,0.6,0.69,0,-1.1,neutral,bajista,0,-0.287,32,2760,2,
s12393,ENAUSDT,1782389700000,train,-1,-2.78,0.67,3.76,3.1,1.15,-1.69,1.26,0.64,0.64,0.87,0,-1.1,neutral,bajista,1,2.0,6,2760,2,
s12394,ARBUSDT,1782389700000,train,-1,-2.1,0.818,2.32,2.16,1.47,-1.01,1.22,0.66,0.66,1.31,0,-1.1,neutral,bajista,1,2.0,6,2760,3,
s12395,OPUSDT,1782389700000,train,-1,-4.04,0.88,4.4,4.21,0.84,-2.94,1.79,1.02,1.04,1.97,0,-1.1,neutral,bajista,0,0.591,32,2760,2,
s12396,INJUSDT,1782389700000,train,-1,-2.07,0.386,3.31,2.88,0.39,-0.97,1.05,1.49,1.07,1.12,0,-1.1,neutral,neutral,0,-1.0,2,2760,1,
s12397,TIAUSDT,1782389700000,train,-1,-3.13,0.504,3.48,3.4,1.95,-2.04,1.9,0.91,0.8,0.99,0,-1.1,neutral,bajista,1,2.0,6,2760,5,
s12398,JUPUSDT,1782389700000,train,-1,-3.43,0.526,4.08,3.64,0.79,-2.33,1.96,1.35,1.76,2.23,0,-1.1,neutral,bajista,1,2.0,6,2760,3,
s12399,ONDOUSDT,1782389700000,train,-1,-2.74,0.664,2.91,2.81,1.44,-1.64,1.75,0.93,0.87,1.12,0,-1.1,neutral,bajista,0,-1.0,4,2759,3,
s12400,FETUSDT,1782389700000,train,-1,-3.29,0.853,3.7,3.52,1.84,-2.2,2.12,0.7,0.68,1.22,0,-1.1,neutral,bajista,0,0.85,32,2759,2,
s12401,ARUSDT,1782389700000,testB,-1,-4.71,0.767,5.16,5.05,0.75,-3.61,1.88,0.99,0.94,1.84,0,-1.1,neutral,neutral,0,0.628,32,2759,1,
s12402,STXUSDT,1782389700000,testB,-1,-2.24,0.907,2.53,2.47,0.99,-1.14,1.17,0.7,0.78,1.63,0,-1.1,neutral,bajista,1,2.0,6,2759,2,
s12403,LDOUSDT,1782389700000,testB,-1,-2.55,0.767,2.77,2.65,0.95,-1.45,1.42,0.55,0.62,1.14,0,-1.1,neutral,bajista,1,2.0,6,2759,2,
s12404,MANAUSDT,1782389700000,testB,-1,-2.09,0.7,2.14,2.14,1.07,-1.0,0.98,0.39,0.35,0.61,0,-1.1,neutral,bajista,1,2.0,6,2759,2,
s12405,PUMPUSDT,1782390600000,train,-1,-2.86,0.569,4.21,3.02,3.02,-2.25,1.23,1.32,1.18,1.85,0,-0.61,neutral,neutral,1,2.0,5,2761,0,
s12406,WLDUSDT,1782390600000,train,-1,-3.78,0.412,5.67,3.9,3.17,-3.17,1.75,0.73,0.6,0.69,0,-0.61,neutral,neutral,0,0.621,32,2761,0,
s12407,ENAUSDT,1782390600000,train,-1,-2.25,0.48,3.54,2.29,2.13,-1.64,0.62,0.64,0.64,0.87,0,-0.61,neutral,neutral,1,2.0,5,2761,0,
s12408,OPUSDT,1782390600000,train,-1,-3.22,0.636,4.18,3.33,1.29,-2.61,0.98,1.02,1.04,1.97,0,-0.61,neutral,neutral,1,2.0,5,2761,0,
s12409,JUPUSDT,1782390600000,train,-1,-2.41,0.359,3.57,2.51,1.2,-1.8,1.26,1.35,1.76,2.23,0,-0.61,neutral,neutral,1,2.0,5,2761,0,
s12410,FETUSDT,1782390600000,train,-1,-2.44,0.518,3.66,2.56,3.03,-1.83,1.14,0.7,0.68,1.22,0,-0.61,neutral,neutral,1,2.0,5,2760,0,
s12411,ARUSDT,1782390600000,testB,-1,-2.28,0.361,4.03,2.6,1.53,-1.67,0.61,0.99,0.94,1.84,0,-0.61,neutral,neutral,1,2.0,5,2760,0,
s12412,OPUSDT,1782391500000,train,-1,-2.68,0.547,3.89,2.85,1.48,-1.92,0.75,1.02,1.04,1.97,0,-0.76,neutral,neutral,1,2.0,4,2762,0,
s12413,JUPUSDT,1782391500000,train,-1,-2.98,0.408,4.24,3.61,1.6,-2.22,2.12,1.35,1.76,2.23,0,-0.76,neutral,neutral,0,0.333,32,2762,1,
s12414,FETUSDT,1782391500000,train,-1,-2.21,0.47,3.66,2.44,2.86,-1.45,0.89,0.7,0.68,1.22,0,-0.76,neutral,neutral,1,2.0,4,2761,0,
s12415,XPLUSDT,1782392400000,train,1,5.95,0.532,7.53,7.24,1.28,6.62,3.7,1.12,0.86,0.77,1,-0.68,neutral,alcista,0,-1.0,3,2763,8,
s12416,0GUSDT,1782392400000,train,-1,-2.21,0.413,2.43,2.26,2.37,-1.53,1.47,1.8,3.6,2.98,0,-0.68,neutral,neutral,1,2.0,3,2763,1,
s12417,TIAUSDT,1782392400000,train,-1,-2.51,0.376,3.42,3.15,1.97,-1.83,1.44,1.12,1.09,1.07,1,-0.68,neutral,bajista,1,2.0,3,2763,2,
s12418,ASTERUSDT,1782394200000,train,-1,-2.21,0.616,2.71,2.67,2.82,0.49,1.49,0.41,0.32,0.45,0,-2.71,bear,bajista,0,-0.767,32,2765,3,
s12419,PUMPUSDT,1782394200000,train,-1,-4.12,0.469,5.19,4.87,2.33,-1.42,2.83,2.4,1.67,2.07,0,-2.71,bear,neutral,0,0.667,32,2765,1,
s12420,STBLUSDT,1782394200000,train,-1,-2.6,0.356,5.08,4.83,0.88,0.11,2.11,2.46,1.39,1.46,0,-2.71,bear,neutral,0,0.707,32,2765,1,
s12421,0GUSDT,1782394200000,train,-1,-4.22,0.572,5.3,4.9,2.83,-1.52,3.44,1.8,3.6,2.98,0,-2.71,bear,neutral,0,0.873,32,2765,1,
s12422,ENAUSDT,1782394200000,train,-1,-3.32,0.512,4.25,4.21,1.9,-0.61,2.26,0.99,0.84,0.91,0,-2.71,bear,neutral,0,0.297,32,2765,1,
s12423,ARBUSDT,1782394200000,train,-1,-3.27,0.614,3.52,3.46,1.83,-0.56,2.3,1.3,0.96,1.36,0,-2.71,bear,neutral,0,0.459,32,2765,1,
s12424,OPUSDT,1782394200000,train,-1,-3.09,0.407,3.96,3.76,2.66,-0.38,2.16,2.25,1.61,2.14,0,-2.71,bear,neutral,0,-0.051,32,2765,1,
s12425,TIAUSDT,1782394200000,train,-1,-4.13,0.461,5.52,5.52,2.97,-1.43,3.13,1.12,1.09,1.07,1,-2.71,bear,neutral,0,-0.112,32,2765,1,
s12426,JUPUSDT,1782394200000,train,-1,-6.13,0.45,7.5,7.36,5,-3.42,5.03,2.38,2.32,2.43,0,-2.71,bear,neutral,0,-0.522,32,2765,1,
s12427,FETUSDT,1782394200000,train,-1,-4.05,0.587,4.76,4.64,1.53,-1.35,2.81,1.46,1.05,1.3,0,-2.71,bear,bajista,0,0.167,32,2764,2,
s12428,ARUSDT,1782394200000,testB,-1,-3.96,0.469,4.83,4.56,1.19,-1.25,2.44,1.57,1.21,1.91,0,-2.71,bear,neutral,0,0.345,32,2764,1,
s12429,STXUSDT,1782394200000,testB,-1,-3.63,0.663,3.89,3.89,1.46,-0.93,2.43,1.51,1.17,1.74,0,-2.71,bear,neutral,0,0.462,32,2764,1,
s12430,GRTUSDT,1782394200000,testB,-1,-2.39,0.44,3.12,3.12,1.82,0.31,1.93,1.2,0.86,1.16,0,-2.71,bear,neutral,0,-0.0,32,2764,1,
s12431,LDOUSDT,1782394200000,testB,-1,-3.88,0.595,4.32,4.12,2.1,-1.17,2.69,1.14,0.85,1.05,0,-2.71,bear,bajista,0,0.186,32,2764,2,
s12432,SANDUSDT,1782394200000,testB,-1,-3.21,0.635,3.76,3.69,2.53,-0.51,2.58,0.67,0.44,0.52,0,-2.71,bear,neutral,0,0.64,32,2764,1,
s12433,MANAUSDT,1782394200000,testB,-1,-3.46,0.59,3.58,3.58,2.79,-0.75,2.59,0.89,0.61,0.69,0,-2.71,bear,neutral,0,0.087,32,2764,1,
s12434,APEUSDT,1782394200000,testB,-1,-3.37,0.377,4.47,4.39,0.77,-0.66,2.38,1.76,1.25,1.35,0,-2.71,bear,neutral,0,-1.0,32,2764,1,
s12435,ASTERUSDT,1782395100000,train,-1,-4.58,0.768,5.85,5.46,5,1.02,3.7,0.41,0.32,0.45,0,-5.61,bear,bajista,0,-0.91,32,2766,4,
s12436,WLDUSDT,1782395100000,train,-1,-6.3,0.441,7.35,6.83,3.15,-0.69,4.11,1.09,0.8,0.73,1,-5.61,bear,bajista,0,-0.494,32,2766,2,
s12437,INJUSDT,1782395100000,train,-1,-4.68,0.393,8.0,7.21,3.25,0.92,3.83,1.78,1.38,1.18,1,-5.61,bear,bajista,0,-0.733,32,2766,2,
s12438,SUIUSDT,1782395100000,train,-1,-5.95,0.586,7.43,6.87,5,-0.35,4.96,1.34,1.01,1.18,0,-5.61,bear,bajista,0,-0.612,32,2766,2,
s12439,SEIUSDT,1782395100000,train,-1,-5.38,0.44,7.34,6.83,1.33,0.22,3.7,4.92,3.53,2.72,1,-5.61,bear,bajista,0,-0.372,32,2766,2,
s12440,GRTUSDT,1782395100000,testB,-1,-6.53,0.682,8.32,7.74,5,-0.92,5.62,1.2,0.86,1.16,0,-5.61,bear,bajista,0,-0.624,32,2765,2,
s12441,MANAUSDT,1782395100000,testB,-1,-7.23,0.75,8.44,7.95,5,-1.62,5.93,0.89,0.61,0.69,0,-5.61,bear,bajista,0,-0.51,32,2765,2,
s12442,SANDUSDT,1782396000000,testB,-1,-5.33,0.477,8.58,5.8,5,-1.39,3.55,0.91,0.56,0.56,1,-3.94,bear,neutral,0,0.131,32,2766,0,
s12443,SANDUSDT,1782396900000,testB,-1,-5.09,0.464,8.59,5.98,5,-1.43,3.39,0.91,0.56,0.56,1,-3.67,bear,neutral,0,0.106,32,2767,1,
s12444,FETUSDT,1782399600000,train,-1,-5.52,0.375,8.83,5.97,0.88,-1.78,2.91,2.24,1.42,1.37,1,-3.75,bear,bajista,0,-0.184,32,2770,2,
s12445,SANDUSDT,1782399600000,testB,-1,-4.96,0.413,8.59,5.91,0.76,-1.21,2.52,0.95,0.58,0.56,1,-3.75,bear,neutral,0,0.125,32,2770,1,
s12446,MANAUSDT,1782399600000,testB,-1,-4.83,0.39,8.25,5.56,0.94,-1.09,2.39,1.39,0.86,0.78,1,-3.75,bear,bajista,0,-0.257,32,2770,2,
s12447,SANDUSDT,1782400500000,testB,-1,-4.6,0.381,8.57,5.69,0.65,-1.37,2.1,0.95,0.58,0.56,1,-3.23,bear,neutral,0,0.097,32,2771,0,
s12448,SANDUSDT,1782405000000,testB,-1,-4.95,0.367,8.23,5.91,0.38,-1.52,1.98,1.01,0.61,0.5,1,-3.43,bear,bajista,0,0.061,32,2776,2,
s12449,SANDUSDT,1782405900000,testB,-1,-5.24,0.383,8.26,6.19,0.37,-2.08,2.04,1.01,0.61,0.5,1,-3.16,bear,bajista,0,0.017,32,2777,3,
s12450,SANDUSDT,1782406800000,testB,-1,-4.97,0.359,8.24,5.94,0.27,-1.85,1.55,1.04,0.62,0.45,1,-3.12,bear,neutral,0,0.054,32,2778,0,
s12451,ASTERUSDT,1782409500000,train,1,5.0,0.712,4.93,4.76,0.48,2.59,0.99,0.61,0.44,0.4,1,2.42,bull,neutral,0,0.03,32,2782,1,
s12452,ARBUSDT,1782409500000,train,1,4.15,0.386,5.22,4.02,0.37,1.74,0.16,2.27,1.4,1.17,1,2.42,bull,neutral,0,-0.375,32,2782,1,
s12453,OPUSDT,1782409500000,train,1,4.68,0.404,7.0,4.57,0.2,2.26,-0.36,3.5,2.24,2.0,1,2.42,bull,neutral,0,0.191,32,2782,1,
s12454,SUIUSDT,1782409500000,train,1,4.72,0.435,5.56,4.53,0.55,2.31,0.4,2.14,1.42,1.09,1,2.42,bull,neutral,0,-0.323,32,2782,0,
s12455,TIAUSDT,1782409500000,train,1,5.45,0.408,5.92,5.22,0.25,3.03,0.62,1.8,1.36,1.05,1,2.42,bull,neutral,0,-0.299,32,2782,1,
s12456,PENDLEUSDT,1782409500000,train,1,4.27,0.404,5.43,4.15,0.62,1.85,-0.07,1.29,1.03,0.87,1,2.42,bull,neutral,0,-0.375,32,2782,1,
s12457,ONDOUSDT,1782409500000,train,1,5.22,0.522,5.32,5.0,0.33,2.81,0.63,2.12,1.47,1.19,1,2.42,bull,neutral,0,-0.263,32,2781,1,
s12458,FETUSDT,1782409500000,train,1,4.43,0.447,5.5,4.36,0.26,2.01,0.22,2.35,1.47,1.16,1,2.42,bull,neutral,0,-0.151,32,2781,1,
s12459,ARUSDT,1782409500000,testB,1,3.93,0.439,5.21,3.89,0.25,1.52,0.01,1.98,1.49,1.48,1,2.42,bull,neutral,0,-0.31,32,2781,1,
s12460,STXUSDT,1782409500000,testB,1,3.82,0.37,4.58,3.74,0.2,1.4,-0.07,2.19,1.37,1.21,1,2.42,bull,neutral,0,-0.484,32,2781,1,
s12461,GRTUSDT,1782409500000,testB,1,4.54,0.476,4.45,4.29,0.42,2.12,0.48,1.88,1.25,0.96,1,2.42,bull,neutral,0,-0.156,32,2781,1,
s12462,LDOUSDT,1782409500000,testB,1,5.01,0.45,5.62,4.77,0.24,2.59,0.34,1.65,1.06,0.9,1,2.42,bull,neutral,0,-0.297,32,2781,1,
s12463,MANAUSDT,1782409500000,testB,1,4.06,0.424,4.52,3.9,0.24,1.64,0.12,1.49,0.9,0.69,1,2.42,bull,neutral,0,-0.32,32,2781,1,
s12464,AXSUSDT,1782409500000,testB,1,4.73,0.434,5.99,4.51,0.26,2.31,0.05,0.75,0.55,0.47,1,2.42,bull,neutral,0,-0.152,32,2781,1,
s12465,APEUSDT,1782409500000,testB,1,4.83,0.365,6.8,4.61,0.43,2.42,-0.21,1.99,1.71,1.34,1,2.42,bull,neutral,1,2.0,26,2781,1,
s12466,ASTERUSDT,1782410400000,train,1,2.29,0.438,3.37,2.68,0.58,2.04,0.47,0.62,0.44,0.39,1,0.25,neutral,neutral,0,-0.223,32,2783,0,
s12467,ASTERUSDT,1782411300000,train,1,2.2,0.429,2.78,2.33,0.6,1.53,0.83,0.62,0.44,0.39,1,0.67,neutral,neutral,0,-0.186,32,2784,1,
s12468,STBLUSDT,1782415800000,train,-1,-2.71,0.525,3.74,3.35,0.2,-2.88,0.99,2.26,2.4,1.4,0,0.17,neutral,neutral,0,0.091,32,2789,1,
s12469,SANDUSDT,1782415800000,testB,-1,-2.3,0.372,3.8,3.52,0.6,-2.48,1.26,0.62,0.65,0.44,0,0.17,neutral,bajista,0,0.288,32,2788,3,
s12470,STBLUSDT,1782416700000,train,-1,-2.83,0.563,3.74,3.26,0.21,-2.43,0.66,2.26,2.4,1.4,0,-0.4,neutral,neutral,0,-0.12,32,2790,0,
s12471,SANDUSDT,1782416700000,testB,-1,-2.44,0.406,3.8,3.45,0.64,-2.05,1.01,0.62,0.65,0.44,0,-0.4,neutral,neutral,0,-0.013,32,2789,0,
s12472,OPUSDT,1782417600000,train,-1,-2.68,0.378,4.53,3.05,1.15,-2.39,0.4,1.9,2.51,2.01,0,-0.29,neutral,neutral,0,-1.0,7,2791,0,
s12473,SANDUSDT,1782417600000,testB,-1,-2.85,0.511,3.71,3.21,0.72,-2.56,0.81,0.4,0.66,0.43,0,-0.29,neutral,neutral,0,0.081,32,2790,0,
s12474,AXSUSDT,1782417600000,testB,-1,-2.25,0.354,2.81,2.61,1.23,-1.96,1.2,0.28,0.55,0.43,0,-0.29,neutral,neutral,0,-1.0,15,2790,0,
s12475,SANDUSDT,1782418500000,testB,-1,-2.41,0.404,3.41,2.49,0.74,-2.21,0.37,0.4,0.66,0.43,0,-0.2,neutral,neutral,0,0.336,32,2791,0,
s12476,JUPUSDT,1782421200000,train,1,3.92,0.368,4.26,3.81,0.92,3.56,1.91,1.33,2.14,2.01,0,0.36,neutral,neutral,0,-1.0,20,2795,1,
s12477,0GUSDT,1782422100000,train,-1,-2.6,0.456,3.79,2.9,0.28,-2.85,-0.18,1.09,1.7,2.97,0,0.26,neutral,neutral,1,2.0,19,2796,0,
s12478,APEUSDT,1782423000000,testB,1,4.92,0.474,5.98,5.62,0.64,4.19,3.22,1.46,1.7,1.39,0,0.72,neutral,alcista,0,0.692,32,2796,3,
s12479,APEUSDT,1782423900000,testB,1,6.5,0.544,7.31,7.1,0.96,5.62,4.32,1.46,1.7,1.39,0,0.88,neutral,alcista,0,0.29,32,2797,4,
s12480,APEUSDT,1782424800000,testB,1,6.07,0.488,7.44,6.37,1.06,5.25,2.96,1.35,1.68,1.41,0,0.82,neutral,neutral,0,0.382,32,2798,0,
s12481,OPUSDT,1782425700000,train,1,3.42,0.402,5.77,5.3,0.68,3.31,2.64,1.55,2.59,2.05,0,0.12,neutral,neutral,0,0.036,32,2800,1,
s12482,APEUSDT,1782425700000,testB,1,6.7,0.543,7.42,6.57,1.03,6.58,3.05,1.35,1.68,1.41,0,0.12,neutral,neutral,0,0.38,32,2799,1,
s12483,OPUSDT,1782426600000,train,1,4.43,0.542,5.75,5.57,0.82,3.83,2.56,1.55,2.59,2.05,0,0.61,neutral,alcista,0,0.169,32,2801,2,
s12484,INJUSDT,1782426600000,train,1,2.67,0.476,3.27,2.9,0.72,2.06,1.13,0.83,1.54,1.21,0,0.61,neutral,alcista,0,1.782,32,2801,2,
s12485,APEUSDT,1782426600000,testB,1,6.07,0.5,7.08,6.01,0.95,5.46,2.54,1.35,1.68,1.41,0,0.61,neutral,neutral,0,0.726,32,2800,0,
s12486,OPUSDT,1782427500000,train,1,4.04,0.471,5.97,5.21,0.76,3.49,1.97,1.55,2.59,2.05,0,0.54,neutral,neutral,0,0.218,32,2802,0,
s12487,APEUSDT,1782427500000,testB,1,5.66,0.484,6.92,6.07,0.62,5.11,2.54,1.35,1.68,1.41,0,0.54,neutral,neutral,0,0.682,32,2801,1,
s12488,ENAUSDT,1782428400000,train,1,2.94,0.419,3.63,3.22,0.64,1.76,1.11,0.63,1.09,0.84,0,1.18,neutral,neutral,0,-1.0,16,2803,1,
s12489,OPUSDT,1782428400000,train,1,4.58,0.561,5.99,4.76,0.61,3.39,1.43,1.55,2.59,1.93,0,1.18,neutral,neutral,0,0.44,32,2803,0,
s12490,INJUSDT,1782428400000,train,1,2.11,0.436,3.75,2.32,1.82,0.93,0.62,0.86,1.53,1.26,0,1.18,neutral,neutral,1,2.0,20,2803,0,
s12491,ONDOUSDT,1782428400000,train,1,2.3,0.393,4.01,2.82,0.66,1.12,0.3,1.01,1.58,1.2,0,1.18,neutral,neutral,0,-1.0,12,2802,1,
s12492,APEUSDT,1782428400000,testB,1,6.97,0.582,8.08,6.73,1.19,5.79,3.01,1.57,1.81,1.51,0,1.18,neutral,alcista,0,0.684,32,2802,2,
s12493,PUMPUSDT,1782429300000,train,1,3.79,0.361,4.39,3.81,0.57,2.53,1.6,0.96,2.4,1.7,0,1.26,neutral,alcista,0,-1.0,11,2804,4,
s12494,ENAUSDT,1782429300000,train,1,3.41,0.456,4.1,3.65,0.92,2.15,1.63,0.63,1.09,0.84,0,1.26,neutral,alcista,0,-1.0,12,2804,2,
s12495,OPUSDT,1782429300000,train,1,4.98,0.581,5.78,4.93,0.65,3.72,1.73,1.55,2.59,1.93,0,1.26,neutral,neutral,0,0.519,32,2804,1,
s12496,INJUSDT,1782429300000,train,1,2.12,0.438,3.48,2.55,1.88,0.87,1.1,0.86,1.53,1.26,0,1.26,neutral,neutral,1,2.0,30,2804,1,
s12497,ONDOUSDT,1782429300000,train,1,3.19,0.508,3.83,3.28,0.55,1.94,0.99,1.01,1.58,1.2,0,1.26,neutral,alcista,0,-1.0,11,2803,2,
s12498,GRTUSDT,1782429300000,testB,1,2.04,0.474,2.28,2.05,0.58,0.78,0.76,0.71,1.3,0.92,0,1.26,neutral,neutral,0,-1.0,11,2803,1,
s12499,APEUSDT,1782429300000,testB,1,6.89,0.58,8.01,6.66,1.48,5.64,2.66,1.57,1.81,1.51,0,1.26,neutral,neutral,0,0.745,32,2803,0,
s12500,ENAUSDT,1782430200000,train,1,3.69,0.476,4.22,3.94,1.12,2.55,1.75,0.63,1.09,0.84,0,1.14,neutral,alcista,0,-1.0,11,2805,3,
s12501,OPUSDT,1782430200000,train,1,4.33,0.55,5.29,4.82,0.63,3.2,1.91,1.55,2.59,1.93,0,1.14,neutral,alcista,0,0.275,32,2805,2,
s12502,ONDOUSDT,1782430200000,train,1,3.05,0.497,3.44,3.09,0.61,1.91,1.13,1.01,1.58,1.2,0,1.14,neutral,alcista,0,-1.0,10,2804,3,
s12503,APEUSDT,1782430200000,testB,1,5.53,0.529,7.44,6.09,1.46,4.4,2.32,1.57,1.81,1.51,0,1.14,neutral,neutral,0,1.07,32,2804,0,
s12504,ENAUSDT,1782431100000,train,1,3.0,0.368,4.02,3.21,1.15,2.21,1.19,0.63,1.09,0.84,0,0.8,neutral,neutral,0,-1.0,9,2806,0,
s12505,OPUSDT,1782431100000,train,1,4.04,0.494,5.02,4.17,0.79,3.25,1.51,1.55,2.59,1.93,0,0.8,neutral,neutral,0,-1.0,9,2806,0,
s12506,ONDOUSDT,1782431100000,train,1,2.38,0.417,2.8,2.33,0.89,1.59,0.99,1.01,1.58,1.2,0,0.8,neutral,neutral,0,-1.0,9,2805,0,
s12507,FETUSDT,1782431100000,train,1,2.25,0.389,3.15,2.62,1.09,1.45,1.32,0.78,1.58,1.1,0,0.8,neutral,alcista,0,-1.0,9,2805,4,
s12508,AXSUSDT,1782431100000,testB,1,2.21,0.393,3.43,2.16,1.92,1.41,0.67,0.26,0.51,0.44,0,0.8,neutral,neutral,0,-1.0,9,2805,1,
s12509,APEUSDT,1782431100000,testB,1,6.07,0.574,7.0,5.94,1.72,5.28,2.43,1.57,1.81,1.51,0,0.8,neutral,neutral,0,1.31,32,2805,1,
s12510,OPUSDT,1782432000000,train,1,4.53,0.523,5.18,4.8,1.0,4.01,1.97,1.32,2.54,1.82,0,0.52,neutral,neutral,0,-1.0,8,2807,1,
s12511,INJUSDT,1782432000000,train,1,3.0,0.573,3.49,2.99,1.67,2.49,1.59,0.97,1.56,1.31,0,0.52,neutral,neutral,0,-1.0,8,2807,1,
s12512,ONDOUSDT,1782432000000,train,1,2.34,0.414,2.73,2.48,1.01,1.83,1.22,0.85,1.5,1.17,0,0.52,neutral,neutral,0,-1.0,5,2806,1,
s12513,APEUSDT,1782432000000,testB,1,6.74,0.6,6.67,6.32,1.07,6.23,2.83,2.45,2.3,1.7,1,0.52,neutral,alcista,0,0.856,32,2806,2,
s12514,0GUSDT,1782432900000,train,-1,-2.52,0.5,4.65,4.32,4.74,-2.77,1.86,1.22,1.94,2.91,0,0.25,neutral,bajista,0,-1.0,21,2808,7,
s12515,OPUSDT,1782432900000,train,1,4.81,0.538,5.43,5.34,0.87,4.56,2.17,1.32,2.54,1.82,0,0.25,neutral,alcista,0,-1.0,7,2808,2,
s12516,INJUSDT,1782432900000,train,1,2.45,0.479,3.5,2.78,1.87,2.2,1.18,0.97,1.56,1.31,0,0.25,neutral,neutral,0,-1.0,7,2808,0,
s12517,APEUSDT,1782432900000,testB,1,6.51,0.597,7.69,7.42,1.88,6.26,4.39,2.45,2.3,1.7,1,0.25,neutral,alcista,0,0.472,32,2807,3,
s12518,ENAUSDT,1782433800000,train,1,2.84,0.409,4.03,3.0,0.99,2.41,0.63,0.63,1.04,0.84,0,0.44,neutral,neutral,0,-1.0,6,2809,0,
s12519,OPUSDT,1782433800000,train,1,4.53,0.489,5.46,4.8,0.77,4.09,1.46,1.32,2.54,1.82,0,0.44,neutral,neutral,0,-1.0,6,2809,0,
s12520,INJUSDT,1782433800000,train,1,2.34,0.445,3.49,2.31,1.96,1.9,0.69,0.97,1.56,1.31,0,0.44,neutral,neutral,0,-1.0,6,2809,0,
s12521,APEUSDT,1782433800000,testB,1,7.51,0.699,8.15,7.73,3.07,7.07,4.31,2.45,2.3,1.7,1,0.44,neutral,alcista,0,0.504,32,2808,4,
s12522,OPUSDT,1782434700000,train,1,4.94,0.543,5.46,4.89,0.76,4.58,1.37,1.32,2.54,1.82,0,0.35,neutral,neutral,0,-1.0,5,2810,0,
s12523,INJUSDT,1782434700000,train,1,2.5,0.463,3.18,2.48,2.16,2.14,1.08,0.97,1.56,1.31,0,0.35,neutral,neutral,0,-1.0,5,2810,1,
s12524,0GUSDT,1782435600000,train,-1,-2.35,0.373,5.2,4.67,2.46,-2.31,1.84,1.44,1.64,2.74,0,-0.04,neutral,bajista,0,-1.0,18,2811,2,
s12525,OPUSDT,1782435600000,train,1,3.5,0.462,4.14,3.67,0.56,3.54,1.29,1.11,1.94,1.79,0,-0.04,neutral,neutral,0,-1.0,4,2811,1,
s12526,APEUSDT,1782435600000,testB,1,7.47,0.68,8.86,7.36,5,7.51,3.46,3.83,2.83,2.07,1,-0.04,neutral,neutral,0,0.546,32,2810,0,
s12527,0GUSDT,1782436500000,train,-1,-3.79,0.566,5.73,5.69,2.12,-3.09,2.46,1.44,1.64,2.74,0,-0.69,neutral,bajista,0,-1.0,17,2812,3,
s12528,JUPUSDT,1782436500000,train,-1,-2.8,0.364,3.66,3.39,0.95,-2.11,1.62,0.87,1.51,1.97,0,-0.69,neutral,bajista,0,-1.0,23,2812,3,
s12529,APEUSDT,1782436500000,testB,1,5.53,0.487,8.34,5.58,4.11,6.22,2.18,3.83,2.83,2.07,1,-0.69,neutral,neutral,0,0.642,32,2811,0,
s12530,0GUSDT,1782437400000,train,-1,-3.72,0.556,5.7,5.12,1.28,-2.65,1.74,1.44,1.64,2.74,0,-1.07,neutral,neutral,0,-1.0,16,2813,0,
s12531,WLDUSDT,1782437400000,train,-1,-2.71,0.467,3.84,3.2,1.59,-1.64,1.42,0.52,0.68,0.72,0,-1.07,neutral,bajista,0,0.942,32,2813,5,
s12532,APEUSDT,1782437400000,testB,1,5.77,0.5,7.09,5.45,3.47,6.84,3.06,3.83,2.83,2.07,1,-1.07,neutral,neutral,0,0.312,32,2812,1,
s12533,0GUSDT,1782438300000,train,-1,-4.33,0.6,5.93,5.74,1.06,-3.05,2.11,1.44,1.64,2.74,0,-1.28,neutral,neutral,0,-1.0,15,2814,1,
s12534,WLDUSDT,1782438300000,train,-1,-2.82,0.498,3.83,3.03,1.58,-1.55,1.28,0.52,0.68,0.72,0,-1.28,neutral,neutral,1,2.0,4,2814,0,
s12535,TIAUSDT,1782438300000,train,-1,-2.76,0.617,3.29,3.18,1.48,-1.48,1.17,0.58,0.89,0.97,0,-1.28,neutral,bajista,0,-1.0,22,2814,4,
s12536,SEIUSDT,1782438300000,train,-1,-2.55,0.44,3.22,2.99,1.1,-1.27,1.26,0.93,1.77,2.76,0,-1.28,neutral,bajista,0,1.731,32,2814,7,
s12537,APEUSDT,1782438300000,testB,1,4.19,0.424,6.68,5.11,2.91,5.46,2.69,3.83,2.83,2.07,1,-1.28,neutral,alcista,0,-1.0,6,2813,2,
s12538,PUMPUSDT,1782439200000,train,-1,-3.18,0.452,5.36,4.93,2.37,-1.16,2.85,0.9,1.41,1.73,0,-2.02,bear,neutral,0,-1.0,9,2815,1,
s12539,STBLUSDT,1782439200000,train,-1,-2.59,0.492,4.57,3.59,4.88,-0.57,2.47,0.65,0.81,1.44,0,-2.02,bear,neutral,0,-1.0,18,2815,1,
s12540,WLDUSDT,1782439200000,train,-1,-5.93,0.674,7.83,7.25,3.46,-3.91,4.92,0.77,0.74,0.79,0,-2.02,bear,neutral,0,-0.03,32,2815,1,
s12541,ARBUSDT,1782439200000,train,-1,-3.1,0.587,4.22,3.91,2.24,-1.08,2.56,0.8,0.97,1.09,0,-2.02,bear,neutral,0,-1.0,18,2815,1,
s12542,OPUSDT,1782439200000,train,-1,-3.8,0.385,5.82,5.53,1.76,-1.78,3.11,1.28,1.62,1.85,0,-2.02,bear,neutral,0,-1.0,18,2815,1,
s12543,SUIUSDT,1782439200000,train,-1,-2.72,0.501,4.4,3.96,2.96,-0.7,2.4,0.72,0.86,1.08,0,-2.02,bear,neutral,0,-1.0,18,2815,1,
s12544,TIAUSDT,1782439200000,train,-1,-4.3,0.713,5.28,4.87,2.77,-2.28,3.42,0.71,0.8,0.99,0,-2.02,bear,bajista,0,-1.0,20,2815,5,
s12545,SEIUSDT,1782439200000,train,-1,-4.48,0.578,6.33,5.83,2.58,-2.46,3.56,1.32,1.58,2.84,0,-2.02,bear,bajista,0,0.476,32,2815,8,
s12546,JUPUSDT,1782439200000,train,-1,-3.9,0.433,5.41,4.99,0.87,-1.88,3.01,0.92,1.2,1.99,0,-2.02,bear,bajista,0,-1.0,20,2815,2,
s12547,PENDLEUSDT,1782439200000,train,-1,-2.96,0.639,3.85,3.38,1.36,-0.94,2.29,0.52,0.73,0.85,0,-2.02,bear,neutral,0,-1.0,18,2815,1,
s12548,ONDOUSDT,1782439200000,train,-1,-3.82,0.577,4.7,4.37,2.01,-1.8,2.56,0.87,1.01,1.21,0,-2.02,bear,neutral,0,-1.0,22,2814,1,
s12549,FETUSDT,1782439200000,train,-1,-2.64,0.393,4.51,4.38,1.08,-0.62,2.53,0.93,0.95,1.15,0,-2.02,bear,neutral,0,-1.0,21,2814,1,
s12550,ARUSDT,1782439200000,testB,-1,-3.79,0.645,4.51,4.51,2.55,-1.77,2.84,0.72,0.77,1.09,0,-2.02,bear,neutral,0,-1.0,8,2814,1,
s12551,STXUSDT,1782439200000,testB,-1,-3.34,0.632,4.08,3.64,2.72,-1.32,2.44,1.13,1.01,1.23,0,-2.02,bear,neutral,0,-1.0,18,2814,1,
s12552,GRTUSDT,1782439200000,testB,-1,-3.18,0.64,4.26,4.03,5,-1.16,2.91,1.25,1.08,1.09,0,-2.02,bear,neutral,0,-1.0,21,2814,1,
s12553,LDOUSDT,1782439200000,testB,-1,-3.42,0.6,4.51,4.17,2.38,-1.4,2.82,0.53,0.56,0.79,0,-2.02,bear,neutral,0,-1.0,20,2814,1,
s12554,SANDUSDT,1782439200000,testB,-1,-2.84,0.607,3.8,3.56,3.13,-0.82,2.52,0.44,0.42,0.49,0,-2.02,bear,neutral,0,-1.0,18,2814,1,
s12555,MANAUSDT,1782439200000,testB,-1,-3.28,0.677,3.71,3.55,2.26,-1.26,2.44,0.43,0.53,0.67,0,-2.02,bear,neutral,0,-1.0,18,2814,1,
s12556,AXSUSDT,1782439200000,testB,-1,-2.75,0.389,4.75,4.35,1.35,-0.73,2.14,0.42,0.35,0.46,0,-2.02,bear,neutral,0,-0.186,32,2814,1,
s12557,WLDUSDT,1782440100000,train,-1,-6.3,0.687,8.99,7.76,4.46,-4.78,4.97,0.77,0.74,0.79,0,-1.52,neutral,bajista,0,-0.128,32,2816,2,
s12558,TIAUSDT,1782440100000,train,-1,-2.94,0.422,5.21,3.63,3.46,-1.42,2.09,0.71,0.8,0.99,0,-1.52,neutral,neutral,0,-1.0,19,2816,0,
s12559,SEIUSDT,1782440100000,train,-1,-3.7,0.449,6.29,5.14,2.54,-2.18,2.75,1.32,1.58,2.84,0,-1.52,neutral,neutral,0,0.69,32,2816,0,
s12560,JUPUSDT,1782440100000,train,-1,-3.59,0.4,5.92,4.85,1.18,-2.08,2.57,0.92,1.2,1.99,0,-1.52,neutral,neutral,0,-1.0,19,2816,0,
s12561,PENDLEUSDT,1782440100000,train,-1,-2.13,0.407,3.82,2.62,1.89,-0.61,1.48,0.52,0.73,0.85,0,-1.52,neutral,neutral,0,-1.0,17,2816,0,
s12562,ONDOUSDT,1782440100000,train,-1,-2.47,0.368,4.66,3.61,1.39,-0.95,1.76,0.87,1.01,1.21,0,-1.52,neutral,neutral,0,-1.0,21,2815,0,
s12563,ARUSDT,1782440100000,testB,-1,-3.12,0.479,4.57,3.39,3.74,-1.6,1.72,0.72,0.77,1.09,0,-1.52,neutral,neutral,0,-1.0,7,2815,0,
s12564,STXUSDT,1782440100000,testB,-1,-2.37,0.402,4.29,2.74,4.74,-0.85,1.52,1.13,1.01,1.23,0,-1.52,neutral,neutral,0,-1.0,17,2815,0,
s12565,GRTUSDT,1782440100000,testB,-1,-2.45,0.431,4.34,3.26,5,-0.94,2.02,1.25,1.08,1.09,0,-1.52,neutral,neutral,0,-1.0,20,2815,0,
s12566,SANDUSDT,1782440100000,testB,-1,-2.33,0.456,4.2,3.06,4.31,-0.81,1.91,0.44,0.42,0.49,0,-1.52,neutral,neutral,0,-1.0,17,2815,0,
s12567,MANAUSDT,1782440100000,testB,-1,-2.19,0.412,3.84,2.56,3.51,-0.67,1.56,0.43,0.53,0.67,0,-1.52,neutral,neutral,0,-1.0,17,2815,0,
s12568,STBLUSDT,1782441000000,train,-1,-2.33,0.365,4.56,3.32,5,-0.7,1.91,0.65,0.81,1.44,0,-1.63,neutral,neutral,0,-1.0,16,2817,1,
s12569,ARBUSDT,1782441000000,train,-1,-2.4,0.367,4.18,3.13,4.23,-0.77,1.69,0.8,0.97,1.09,0,-1.63,neutral,neutral,0,-1.0,16,2817,1,
s12570,TIAUSDT,1782441000000,train,-1,-2.55,0.387,5.21,3.66,2.73,-0.92,2.03,0.71,0.8,0.99,0,-1.63,neutral,neutral,0,-1.0,18,2817,1,
s12571,SEIUSDT,1782441000000,train,-1,-3.84,0.457,6.33,5.83,2.42,-2.21,3.16,1.32,1.58,2.84,0,-1.63,neutral,neutral,0,0.599,32,2817,1,
s12572,JUPUSDT,1782441000000,train,-1,-3.82,0.415,5.93,5.09,1.17,-2.18,2.56,0.92,1.2,1.99,0,-1.63,neutral,neutral,0,-1.0,18,2817,1,
s12573,PENDLEUSDT,1782441000000,train,-1,-2.18,0.42,3.79,2.5,1.95,-0.54,1.31,0.52,0.73,0.85,0,-1.63,neutral,neutral,0,-1.0,16,2817,0,
s12574,ONDOUSDT,1782441000000,train,-1,-2.4,0.362,4.66,3.65,1.49,-0.77,1.71,0.87,1.01,1.21,0,-1.63,neutral,neutral,0,-1.0,20,2816,1,
s12575,ARUSDT,1782441000000,testB,-1,-2.96,0.466,4.58,3.5,3.85,-1.33,1.78,0.72,0.77,1.09,0,-1.63,neutral,neutral,0,-1.0,6,2816,1,
s12576,STXUSDT,1782441000000,testB,-1,-2.19,0.383,4.29,2.74,4.47,-0.56,1.5,1.13,1.01,1.23,0,-1.63,neutral,neutral,0,-1.0,16,2816,0,
s12577,GRTUSDT,1782441000000,testB,-1,-2.45,0.431,4.34,3.26,4.43,-0.82,1.88,1.25,1.08,1.09,0,-1.63,neutral,neutral,0,-1.0,19,2816,1,
s12578,LDOUSDT,1782441000000,testB,-1,-2.4,0.371,4.46,3.17,3.47,-0.77,1.71,0.53,0.56,0.79,0,-1.63,neutral,neutral,0,-1.0,18,2816,1,
s12579,SANDUSDT,1782441000000,testB,-1,-2.46,0.469,4.2,3.22,3.47,-0.82,1.89,0.44,0.42,0.49,0,-1.63,neutral,neutral,0,-1.0,16,2816,1,
s12580,MANAUSDT,1782441000000,testB,-1,-2.04,0.394,3.84,2.56,3.82,-0.4,1.44,0.43,0.53,0.67,0,-1.63,neutral,neutral,0,-1.0,16,2816,0,
s12581,AXSUSDT,1782441000000,testB,-1,-2.84,0.42,5.24,4.03,2.69,-1.21,1.59,0.42,0.35,0.46,0,-1.63,neutral,neutral,0,-0.125,32,2816,0,
s12582,STBLUSDT,1782441900000,train,-1,-2.72,0.401,4.58,3.82,5,-0.59,2.12,0.65,0.81,1.44,0,-2.14,bear,bajista,0,-1.0,15,2818,2,
s12583,ARBUSDT,1782441900000,train,-1,-2.93,0.413,4.21,3.82,4.61,-0.79,2.04,0.8,0.97,1.09,0,-2.14,bear,bajista,0,-1.0,15,2818,2,
s12584,OPUSDT,1782441900000,train,-1,-3.6,0.352,5.8,5.01,2.03,-1.46,2.33,1.28,1.62,1.85,0,-2.14,bear,neutral,0,-1.0,15,2818,1,
s12585,SUIUSDT,1782441900000,train,-1,-2.46,0.364,4.39,3.62,4.06,-0.32,1.67,0.72,0.86,1.08,0,-2.14,bear,neutral,0,-1.0,15,2818,1,
s12586,TIAUSDT,1782441900000,train,-1,-2.95,0.422,5.24,4.14,2.91,-0.81,2.11,0.71,0.8,0.99,0,-2.14,bear,bajista,0,-1.0,17,2818,2,
s12587,SEIUSDT,1782441900000,train,-1,-4.16,0.477,6.58,6.36,2.62,-2.03,3.21,1.32,1.58,2.84,0,-2.14,bear,bajista,0,0.468,32,2818,2,
s12588,PENDLEUSDT,1782441900000,train,-1,-2.33,0.437,3.81,2.88,2.07,-0.2,1.45,0.52,0.73,0.85,0,-2.14,bear,neutral,0,-1.0,15,2818,1,
s12589,ONDOUSDT,1782441900000,train,-1,-2.57,0.377,4.68,4.02,1.61,-0.43,1.87,0.87,1.01,1.21,0,-2.14,bear,bajista,0,-1.0,19,2817,2,
s12590,ARUSDT,1782441900000,testB,-1,-3.08,0.475,4.36,3.57,4.15,-0.94,1.79,0.72,0.77,1.09,0,-2.14,bear,bajista,0,-1.0,4,2817,2,
s12591,STXUSDT,1782441900000,testB,-1,-2.56,0.42,4.32,3.32,4.19,-0.42,1.79,1.13,1.01,1.23,0,-2.14,bear,neutral,0,-1.0,15,2817,1,
s12592,GRTUSDT,1782441900000,testB,-1,-3.11,0.519,4.36,3.79,3.63,-0.98,2.11,1.25,1.08,1.09,0,-2.14,bear,bajista,0,-1.0,18,2817,2,
s12593,LDOUSDT,1782441900000,testB,-1,-2.93,0.419,4.49,3.86,3.7,-0.8,2.06,0.53,0.56,0.79,0,-2.14,bear,bajista,0,-1.0,17,2817,2,
s12594,SANDUSDT,1782441900000,testB,-1,-3.24,0.547,4.32,4.02,3.57,-1.11,2.32,0.44,0.42,0.49,0,-2.14,bear,bajista,0,-1.0,15,2817,2,
s12595,MANAUSDT,1782441900000,testB,-1,-2.51,0.444,3.86,3.05,3.44,-0.37,1.73,0.43,0.53,0.67,0,-2.14,bear,neutral,0,-1.0,15,2817,1,
s12596,AXSUSDT,1782441900000,testB,-1,-2.95,0.429,5.27,4.67,2.94,-0.81,1.94,0.42,0.35,0.46,0,-2.14,bear,neutral,0,-0.196,32,2817,1,
s12597,0GUSDT,1782442800000,train,-1,-4.98,0.414,9.49,7.51,1.15,-3.23,1.99,2.42,1.77,2.64,0,-1.75,neutral,neutral,0,-1.0,10,2819,0,
s12598,WLDUSDT,1782442800000,train,-1,-6.1,0.573,9.45,7.59,2.06,-4.35,3.38,0.93,0.76,0.82,0,-1.75,neutral,neutral,0,-0.065,32,2819,0,
s12599,SANDUSDT,1782442800000,testB,-1,-2.35,0.35,5.01,3.13,2.31,-0.6,1.33,0.56,0.46,0.53,0,-1.75,neutral,neutral,0,-1.0,14,2818,0,
s12600,STBLUSDT,1782443700000,train,-1,-2.58,0.39,4.54,2.95,1.31,-0.92,1.04,0.76,0.72,1.48,0,-1.66,neutral,neutral,0,-1.0,13,2820,0,
s12601,0GUSDT,1782443700000,train,-1,-4.93,0.409,9.49,7.46,0.69,-3.27,1.77,2.42,1.77,2.64,0,-1.66,neutral,neutral,0,-1.0,9,2820,0,
s12602,WLDUSDT,1782443700000,train,-1,-6.97,0.681,9.48,7.92,1.4,-5.3,3.32,0.93,0.76,0.82,0,-1.66,neutral,neutral,0,0.011,32,2820,1,
s12603,ENAUSDT,1782443700000,train,-1,-4.34,0.486,5.48,5.15,2.17,-2.68,2.6,0.92,0.79,0.95,0,-1.66,neutral,bajista,0,0.185,32,2820,3,
s12604,ARBUSDT,1782443700000,train,-1,-2.94,0.383,4.56,3.32,2.08,-1.28,1.32,1.09,0.99,1.16,0,-1.66,neutral,neutral,0,-1.0,13,2820,1,
s12605,SEIUSDT,1782443700000,train,-1,-3.82,0.423,6.75,5.21,0.64,-2.16,1.68,1.42,1.49,2.84,0,-1.66,neutral,neutral,0,0.796,32,2820,1,
s12606,JUPUSDT,1782443700000,train,-1,-3.65,0.415,6.18,5.34,0.97,-1.99,2.05,0.95,1.15,2.0,0,-1.66,neutral,neutral,0,-1.0,15,2820,1,
s12607,ONDOUSDT,1782443700000,train,-1,-3.16,0.452,4.68,3.92,0.97,-1.5,1.4,0.94,0.98,1.23,0,-1.66,neutral,neutral,0,-1.0,17,2819,1,
s12608,GRTUSDT,1782443700000,testB,-1,-2.5,0.378,4.33,2.9,0.65,-0.84,1.05,1.4,1.14,1.16,0,-1.66,neutral,neutral,0,-1.0,16,2819,1,
s12609,LDOUSDT,1782443700000,testB,-1,-2.63,0.359,4.7,3.0,1.63,-0.97,1.01,0.62,0.56,0.82,0,-1.66,neutral,neutral,0,-1.0,15,2819,0,
s12610,SANDUSDT,1782443700000,testB,-1,-3.13,0.47,5.03,3.54,1.74,-1.47,1.56,0.56,0.46,0.53,0,-1.66,neutral,neutral,0,-1.0,13,2819,1,
s12611,WLDUSDT,1782444600000,train,-1,-5.92,0.554,9.25,6.91,1.3,-5.12,2.28,0.93,0.76,0.82,0,-0.8,neutral,neutral,0,0.047,32,2821,0,
s12612,SEIUSDT,1782444600000,train,-1,-3.34,0.352,6.7,4.47,0.68,-2.53,0.87,1.42,1.49,2.84,0,-0.8,neutral,neutral,0,1.167,32,2821,0,
s12613,ONDOUSDT,1782444600000,train,-1,-2.74,0.371,4.65,3.27,1.0,-1.94,0.68,0.94,0.98,1.23,0,-0.8,neutral,neutral,0,-1.0,16,2820,0,
s12614,SEIUSDT,1782446400000,train,-1,-3.42,0.36,6.62,3.79,0.67,-3.46,0.32,1.43,1.39,2.78,0,0.04,neutral,neutral,0,1.662,32,2823,1,
s12615,SEIUSDT,1782447300000,train,-1,-3.31,0.352,5.92,3.46,0.75,-3.67,0.66,1.43,1.39,2.78,0,0.36,neutral,bajista,0,1.66,32,2824,2,
s12616,SEIUSDT,1782448200000,train,-1,-3.46,0.361,5.7,3.68,0.67,-3.78,1.07,1.43,1.39,2.78,0,0.32,neutral,bajista,0,1.54,32,2825,3,
s12617,SEIUSDT,1782449100000,train,-1,-3.54,0.366,5.61,3.95,0.6,-3.98,1.32,1.43,1.39,2.78,0,0.44,neutral,bajista,0,1.449,32,2826,4,
s12618,SEIUSDT,1782450000000,train,-1,-3.6,0.37,5.27,3.83,0.59,-4.24,1.33,1.41,1.33,2.7,0,0.64,neutral,bajista,0,1.397,32,2827,5,
s12619,PUMPUSDT,1782453600000,train,1,4.15,0.511,4.9,4.15,0.73,2.38,0.6,1.13,0.98,1.75,0,1.77,neutral,neutral,0,0.92,32,2831,0,
s12620,0GUSDT,1782453600000,train,1,7.59,0.566,8.97,7.38,1.48,5.82,2.94,3.17,2.21,2.14,1,1.77,neutral,neutral,0,-0.152,32,2831,1,
s12621,INJUSDT,1782453600000,train,1,4.1,0.438,6.33,4.33,0.47,2.34,0.6,1.82,1.37,1.62,0,1.77,neutral,neutral,0,0.947,32,2831,0,
s12622,SUIUSDT,1782453600000,train,1,2.44,0.461,3.38,2.61,0.35,0.67,0.21,1.09,0.78,1.13,0,1.77,neutral,neutral,0,0.616,32,2831,0,
s12623,ARUSDT,1782453600000,testB,1,3.48,0.459,5.02,3.47,0.46,1.71,0.33,1.05,0.78,1.11,0,1.77,neutral,neutral,1,2.0,8,2830,0,
s12624,STXUSDT,1782453600000,testB,1,2.38,0.365,3.86,3.06,0.37,0.62,0.25,1.3,0.99,1.2,0,1.77,neutral,neutral,0,0.84,32,2830,0,
s12625,PUMPUSDT,1782454500000,train,1,4.26,0.521,5.31,5.23,0.88,2.29,1.89,1.13,0.98,1.75,0,1.97,neutral,neutral,0,0.547,32,2832,1,
s12626,0GUSDT,1782454500000,train,1,6.61,0.534,8.81,7.41,1.74,4.64,2.75,3.17,2.21,2.14,1,1.97,neutral,alcista,0,-0.17,32,2832,2,
s12627,INJUSDT,1782454500000,train,1,4.32,0.453,6.06,5.18,0.57,2.35,1.48,1.82,1.37,1.62,0,1.97,neutral,neutral,0,0.822,32,2832,1,
s12628,SUIUSDT,1782454500000,train,1,2.91,0.508,3.86,3.84,0.56,0.94,1.38,1.09,0.78,1.13,0,1.97,neutral,neutral,0,0.16,32,2832,1,
s12629,ARUSDT,1782454500000,testB,1,3.27,0.446,4.97,4.32,0.6,1.3,1.1,1.05,0.78,1.11,0,1.97,neutral,neutral,0,0.443,32,2831,1,
s12630,STXUSDT,1782454500000,testB,1,2.43,0.371,3.83,3.77,0.51,0.46,1.06,1.3,0.99,1.2,0,1.97,neutral,neutral,0,0.387,32,2831,1,
s12631,PUMPUSDT,1782455400000,train,1,5.13,0.6,5.93,5.77,0.86,2.45,2.22,1.13,0.98,1.75,0,2.68,bull,alcista,0,0.169,32,2833,2,
s12632,STBLUSDT,1782455400000,train,1,3.19,0.468,4.2,4.07,0.64,0.51,1.41,0.88,0.58,1.51,0,2.68,bull,alcista,0,-1.0,24,2833,2,
s12633,0GUSDT,1782455400000,train,1,7.75,0.622,8.77,7.88,1.18,5.07,3.04,3.17,2.21,2.14,1,2.68,bull,alcista,0,-0.282,32,2833,3,
s12634,WLDUSDT,1782455400000,train,1,4.12,0.371,5.35,5.25,0.75,1.44,1.02,1.14,0.79,0.86,0,2.68,bull,alcista,0,-1.0,25,2833,2,
s12635,ARBUSDT,1782455400000,train,1,3.23,0.409,4.54,4.5,0.66,0.56,1.64,1.25,0.91,1.18,0,2.68,bull,alcista,0,-0.479,32,2833,2,
s12636,OPUSDT,1782455400000,train,1,4.59,0.395,5.79,5.61,0.96,1.92,2.73,1.73,1.54,2.02,0,2.68,bull,alcista,0,-0.25,32,2833,3,
s12637,INJUSDT,1782455400000,train,1,5.39,0.509,6.45,6.4,0.67,2.71,2.5,1.82,1.37,1.62,0,2.68,bull,alcista,0,0.441,32,2833,2,
s12638,SUIUSDT,1782455400000,train,1,3.76,0.572,4.78,4.75,0.96,1.09,2.08,1.09,0.78,1.13,0,2.68,bull,alcista,0,-0.289,32,2833,2,
s12639,JUPUSDT,1782455400000,train,1,4.2,0.398,5.33,5.06,0.78,1.53,1.84,0.95,0.92,1.68,0,2.68,bull,alcista,0,-0.168,32,2833,2,
s12640,PENDLEUSDT,1782455400000,train,1,3.02,0.402,4.17,4.12,0.89,0.34,1.62,0.65,0.58,0.81,0,2.68,bull,alcista,0,-1.0,24,2833,2,
s12641,ONDOUSDT,1782455400000,train,1,2.66,0.384,3.58,3.55,1.21,-0.02,1.42,0.94,0.89,1.21,0,2.68,bull,alcista,0,-0.162,32,2832,2,
s12642,ARUSDT,1782455400000,testB,1,4.41,0.534,5.36,5.25,0.83,1.73,1.86,1.05,0.78,1.11,0,2.68,bull,alcista,0,0.113,32,2832,2,
s12643,STXUSDT,1782455400000,testB,1,3.05,0.426,4.35,4.35,0.93,0.37,1.47,1.3,0.99,1.2,0,2.68,bull,alcista,0,0.042,32,2832,2,
s12644,LDOUSDT,1782455400000,testB,1,2.59,0.356,4.11,4.02,1.05,-0.09,1.31,0.76,0.56,0.79,0,2.68,bull,alcista,0,-0.212,32,2832,2,
s12645,SANDUSDT,1782455400000,testB,1,3.37,0.425,5.1,5.0,0.51,0.7,1.92,0.58,0.43,0.54,0,2.68,bull,alcista,0,-0.352,32,2832,2,
s12646,MANAUSDT,1782455400000,testB,1,2.72,0.395,3.89,3.74,0.62,0.04,1.28,0.62,0.47,0.71,0,2.68,bull,alcista,0,0.0,32,2832,2,
s12647,APEUSDT,1782455400000,testB,1,2.89,0.357,4.8,4.52,1.02,0.22,1.28,4.58,3.56,2.77,1,2.68,bull,alcista,0,0.864,32,2832,2,
s12648,PUMPUSDT,1782456300000,train,1,5.48,0.653,6.01,5.85,1.03,2.47,2.47,1.13,0.98,1.75,0,3.01,bull,alcista,0,0.139,32,2834,3,
s12649,STBLUSDT,1782456300000,train,1,3.73,0.583,4.29,4.11,0.72,0.72,1.69,0.88,0.58,1.51,0,3.01,bull,alcista,0,-1.0,23,2834,3,
s12650,0GUSDT,1782456300000,train,1,7.8,0.629,8.54,7.61,0.91,4.79,3.14,3.17,2.21,2.14,1,3.01,bull,neutral,0,-0.256,32,2834,0,
s12651,WLDUSDT,1782456300000,train,1,5.26,0.477,6.12,5.6,0.98,2.25,1.93,1.14,0.79,0.86,0,3.01,bull,alcista,0,-1.0,24,2834,3,
s12652,ARBUSDT,1782456300000,train,1,3.87,0.528,4.76,4.46,0.84,0.86,1.76,1.25,0.91,1.18,0,3.01,bull,neutral,0,-0.419,32,2834,0,
s12653,OPUSDT,1782456300000,train,1,4.91,0.431,6.46,5.43,1.38,1.9,2.63,1.73,1.54,2.02,0,3.01,bull,neutral,0,-0.138,32,2834,0,
s12654,INJUSDT,1782456300000,train,1,4.23,0.373,6.69,5.54,0.65,1.22,1.71,1.82,1.37,1.62,0,3.01,bull,neutral,0,0.534,32,2834,0,
s12655,SUIUSDT,1782456300000,train,1,4.43,0.731,5.1,4.79,1.2,1.42,2.2,1.09,0.78,1.13,0,3.01,bull,alcista,0,-0.289,32,2834,3,
s12656,TIAUSDT,1782456300000,train,1,3.59,0.403,4.75,4.25,2.15,0.58,2.2,0.82,0.68,0.99,0,3.01,bull,alcista,0,0.243,32,2834,3,
s12657,JUPUSDT,1782456300000,train,1,4.73,0.453,5.86,5.23,1.14,1.72,2.08,0.95,0.92,1.68,0,3.01,bull,alcista,0,-0.111,32,2834,3,
s12658,PENDLEUSDT,1782456300000,train,1,3.48,0.48,4.31,4.19,0.98,0.47,1.81,0.65,0.58,0.81,0,3.01,bull,alcista,0,-1.0,23,2834,3,
s12659,ONDOUSDT,1782456300000,train,1,3.07,0.463,3.71,3.58,1.12,0.05,1.56,0.94,0.89,1.21,0,3.01,bull,alcista,0,-0.205,32,2833,3,
s12660,FETUSDT,1782456300000,train,1,4.09,0.446,4.7,4.4,0.73,1.08,1.41,1.04,0.89,1.2,0,3.01,bull,neutral,0,0.257,32,2833,0,
s12661,ARUSDT,1782456300000,testB,1,4.7,0.589,5.47,5.25,0.81,1.69,2.04,1.05,0.78,1.11,0,3.01,bull,neutral,0,0.124,32,2833,0,
s12662,STXUSDT,1782456300000,testB,1,3.63,0.547,4.65,4.35,0.87,0.62,1.62,1.3,0.99,1.2,0,3.01,bull,neutral,0,0.111,32,2833,0,
s12663,GRTUSDT,1782456300000,testB,1,2.99,0.426,3.4,3.4,0.82,-0.03,1.38,1.45,1.03,1.17,0,3.01,bull,alcista,0,-1.0,26,2833,3,
s12664,LDOUSDT,1782456300000,testB,1,3.27,0.494,4.15,4.02,1.26,0.26,1.55,0.76,0.56,0.79,0,3.01,bull,alcista,0,-0.202,32,2833,3,
s12665,SANDUSDT,1782456300000,testB,1,3.99,0.54,5.11,4.84,0.7,0.98,1.91,0.58,0.43,0.54,0,3.01,bull,neutral,0,-0.285,32,2833,0,
s12666,MANAUSDT,1782456300000,testB,1,3.86,0.545,4.33,4.33,0.84,0.85,2.01,0.62,0.47,0.71,0,3.01,bull,alcista,0,-0.071,32,2833,3,
s12667,AXSUSDT,1782456300000,testB,1,2.43,0.353,3.56,2.97,0.94,-0.58,0.78,0.44,0.37,0.46,0,3.01,bull,neutral,0,0.2,32,2833,0,
s12668,PUMPUSDT,1782457200000,train,1,4.91,0.63,5.49,5.33,1.13,2.15,2.64,1.25,0.99,1.77,0,2.76,bull,alcista,0,0.091,32,2835,4,
s12669,STBLUSDT,1782457200000,train,1,3.54,0.571,3.8,3.63,0.86,0.78,1.73,0.91,0.61,1.52,0,2.76,bull,alcista,0,-1.0,22,2835,4,
s12670,0GUSDT,1782457200000,train,1,7.41,0.62,7.73,7.18,0.59,4.66,3.46,3.19,2.34,2.16,1,2.76,bull,neutral,0,-0.301,32,2835,1,
s12671,WLDUSDT,1782457200000,train,1,4.9,0.462,5.78,5.68,0.8,2.14,2.55,1.17,0.83,0.87,0,2.76,bull,alcista,0,-1.0,22,2835,4,
s12672,ARBUSDT,1782457200000,train,1,3.38,0.496,4.15,4.09,0.9,0.62,1.77,1.31,0.91,1.19,0,2.76,bull,neutral,0,-1.0,22,2835,1,
s12673,OPUSDT,1782457200000,train,1,3.57,0.359,5.78,5.22,1.55,0.81,2.67,1.77,1.45,2.04,0,2.76,bull,neutral,0,-1.0,22,2835,1,
s12674,SUIUSDT,1782457200000,train,1,3.91,0.707,4.29,4.13,1.35,1.15,2.11,1.17,0.82,1.13,0,2.76,bull,alcista,0,-0.373,32,2835,4,
s12675,TIAUSDT,1782457200000,train,1,3.84,0.421,4.75,4.58,2.8,1.08,2.95,0.98,0.76,0.94,0,2.76,bull,alcista,0,-0.012,32,2835,4,
s12676,JUPUSDT,1782457200000,train,1,5.57,0.496,7.12,6.5,2.39,2.81,3.55,1.23,1.06,1.7,0,2.76,bull,alcista,0,-1.0,25,2835,4,
s12677,PENDLEUSDT,1782457200000,train,1,3.15,0.457,3.61,3.52,0.94,0.39,1.89,0.7,0.57,0.79,0,2.76,bull,alcista,0,-1.0,19,2835,4,
s12678,ONDOUSDT,1782457200000,train,1,2.82,0.443,3.57,3.51,1.08,0.06,1.58,0.95,0.84,1.21,0,2.76,bull,alcista,0,-0.236,32,2834,4,
s12679,FETUSDT,1782457200000,train,1,2.75,0.354,3.27,3.15,0.69,-0.01,1.4,1.11,0.94,1.23,0,2.76,bull,neutral,0,0.283,32,2834,1,
s12680,ARUSDT,1782457200000,testB,1,3.63,0.528,4.15,4.1,0.81,0.87,2.05,1.12,0.8,1.12,0,2.76,bull,neutral,0,0.118,32,2834,1,
s12681,STXUSDT,1782457200000,testB,1,3.04,0.505,3.55,3.49,0.89,0.28,1.63,1.23,0.97,1.21,0,2.76,bull,neutral,0,0.19,32,2834,1,
s12682,GRTUSDT,1782457200000,testB,1,2.5,0.386,3.0,2.94,0.88,-0.26,1.6,1.32,1.06,1.18,0,2.76,bull,alcista,0,-1.0,19,2834,4,
s12683,LDOUSDT,1782457200000,testB,1,2.87,0.463,3.64,3.4,1.47,0.11,1.71,0.83,0.59,0.8,0,2.76,bull,alcista,0,-1.0,22,2834,4,
s12684,SANDUSDT,1782457200000,testB,1,3.46,0.506,4.25,4.16,0.78,0.7,1.97,0.57,0.44,0.55,0,2.76,bull,neutral,0,-1.0,25,2834,1,
s12685,MANAUSDT,1782457200000,testB,1,3.35,0.512,3.86,3.7,0.93,0.59,1.99,0.63,0.47,0.71,0,2.76,bull,alcista,0,-1.0,22,2834,4,
s12686,APEUSDT,1782457200000,testB,1,4.09,0.46,5.76,5.62,1.03,1.33,2.53,3.76,3.87,2.92,0,2.76,bull,neutral,0,0.133,32,2834,1,
s12687,XPLUSDT,1782458100000,train,1,7.2,0.436,7.77,6.88,1.09,4.68,2.14,1.41,1.25,1.22,1,2.52,bull,neutral,0,0.341,32,2836,0,
s12688,PUMPUSDT,1782458100000,train,1,5.42,0.653,5.94,5.7,1.29,2.9,2.87,1.25,0.99,1.77,0,2.52,bull,alcista,0,0.254,32,2836,5,
s12689,STBLUSDT,1782458100000,train,1,3.62,0.577,3.83,3.66,0.85,1.09,1.99,0.91,0.61,1.52,0,2.52,bull,alcista,0,-1.0,21,2836,5,
s12690,0GUSDT,1782458100000,train,1,7.46,0.621,7.59,7.13,0.59,4.94,3.28,3.19,2.34,2.16,1,2.52,bull,alcista,0,-0.161,32,2836,2,
s12691,WLDUSDT,1782458100000,train,1,5.37,0.512,5.81,5.65,0.94,2.85,2.48,1.17,0.83,0.87,0,2.52,bull,alcista,0,-1.0,18,2836,5,
s12692,ARBUSDT,1782458100000,train,1,3.88,0.588,4.39,4.21,1.09,1.36,1.76,1.31,0.91,1.19,0,2.52,bull,alcista,0,-1.0,21,2836,2,
s12693,OPUSDT,1782458100000,train,1,5.66,0.58,6.01,6.01,1.67,3.14,3.18,1.77,1.45,2.04,0,2.52,bull,alcista,0,-1.0,21,2836,2,
s12694,SUIUSDT,1782458100000,train,1,4.22,0.723,4.78,4.38,1.97,1.7,2.21,1.17,0.82,1.13,0,2.52,bull,alcista,0,-0.272,32,2836,5,
s12695,TIAUSDT,1782458100000,train,1,4.72,0.509,4.92,4.89,3.09,2.2,3.1,0.98,0.76,0.94,0,2.52,bull,alcista,0,0.225,32,2836,5,
s12696,JUPUSDT,1782458100000,train,1,6.74,0.637,7.11,6.67,2.54,4.22,3.39,1.23,1.06,1.7,0,2.52,bull,alcista,0,-1.0,24,2836,5,
s12697,PENDLEUSDT,1782458100000,train,1,3.14,0.455,3.63,3.33,0.85,0.62,1.67,0.7,0.57,0.79,0,2.52,bull,neutral,0,-1.0,17,2836,0,
s12698,ONDOUSDT,1782458100000,train,1,3.69,0.577,3.94,3.91,1.0,1.17,1.81,0.95,0.84,1.21,0,2.52,bull,alcista,0,-0.179,32,2835,5,
s12699,ARUSDT,1782458100000,testB,1,4.53,0.609,4.82,4.6,1.09,2.01,2.51,1.12,0.8,1.12,0,2.52,bull,alcista,0,0.07,32,2835,2,
s12700,STXUSDT,1782458100000,testB,1,3.11,0.521,3.49,3.31,1.11,0.58,1.42,1.23,0.97,1.21,0,2.52,bull,neutral,0,0.436,32,2835,0,
s12701,GRTUSDT,1782458100000,testB,1,2.9,0.436,3.21,3.1,0.83,0.38,1.7,1.32,1.06,1.18,0,2.52,bull,alcista,0,-1.0,16,2835,5,
s12702,LDOUSDT,1782458100000,testB,1,2.91,0.473,3.44,3.2,1.69,0.39,1.55,0.83,0.59,0.8,0,2.52,bull,neutral,0,-1.0,21,2835,0,
s12703,SANDUSDT,1782458100000,testB,1,4.08,0.612,4.64,4.37,1.01,1.56,2.0,0.57,0.44,0.55,0,2.52,bull,alcista,0,-1.0,24,2835,2,
s12704,MANAUSDT,1782458100000,testB,1,3.67,0.561,4.31,3.85,0.88,1.15,1.94,0.63,0.47,0.71,0,2.52,bull,neutral,0,-1.0,21,2835,0,
s12705,APEUSDT,1782458100000,testB,1,4.89,0.552,5.27,5.0,1.07,2.37,2.59,3.76,3.87,2.92,0,2.52,bull,alcista,0,0.203,32,2835,2,
s12706,PUMPUSDT,1782459000000,train,1,3.78,0.474,4.77,3.8,1.41,1.95,2.03,1.25,0.99,1.77,0,1.82,neutral,neutral,0,0.723,32,2837,0,
s12707,STBLUSDT,1782459000000,train,1,2.27,0.419,3.11,2.6,0.77,0.44,1.62,0.91,0.61,1.52,0,1.82,neutral,neutral,0,-1.0,6,2837,0,
s12708,0GUSDT,1782459000000,train,1,6.29,0.529,7.07,6.01,0.69,4.46,2.5,3.19,2.34,2.16,1,1.82,neutral,neutral,0,-0.085,32,2837,0,
s12709,WLDUSDT,1782459000000,train,1,3.86,0.377,4.63,3.8,1.1,2.04,1.74,1.17,0.83,0.87,0,1.82,neutral,neutral,0,-1.0,9,2837,0,
s12710,ARBUSDT,1782459000000,train,1,2.95,0.491,3.3,2.88,0.98,1.13,1.52,1.31,0.91,1.19,0,1.82,neutral,neutral,0,-1.0,10,2837,0,
s12711,OPUSDT,1782459000000,train,1,4.28,0.423,5.41,4.38,1.46,2.45,2.17,1.77,1.45,2.04,0,1.82,neutral,neutral,0,-1.0,17,2837,0,
s12712,SUIUSDT,1782459000000,train,1,3.32,0.57,4.08,3.24,1.63,1.5,1.68,1.17,0.82,1.13,0,1.82,neutral,neutral,0,-1.0,23,2837,0,
s12713,TIAUSDT,1782459000000,train,1,4.12,0.471,5.39,4.51,3.0,2.3,2.81,0.98,0.76,0.94,0,1.82,neutral,neutral,0,0.47,32,2837,0,
s12714,JUPUSDT,1782459000000,train,1,6.31,0.624,6.33,6.02,2.76,4.49,3.55,1.23,1.06,1.7,0,1.82,neutral,alcista,0,-1.0,17,2837,6,
s12715,PENDLEUSDT,1782459000000,train,1,2.87,0.433,3.2,2.81,0.87,1.05,1.66,0.7,0.57,0.79,0,1.82,neutral,neutral,0,-1.0,15,2837,1,
s12716,ONDOUSDT,1782459000000,train,1,3.47,0.564,4.14,3.42,1.66,1.64,2.06,0.95,0.84,1.21,0,1.82,neutral,alcista,0,-1.0,17,2836,6,
s12717,ARUSDT,1782459000000,testB,1,3.27,0.488,3.86,3.17,1.28,1.45,2.06,1.12,0.8,1.12,0,1.82,neutral,neutral,0,0.542,32,2836,0,
s12718,STXUSDT,1782459000000,testB,1,2.1,0.386,2.54,2.11,0.86,0.27,1.14,1.23,0.97,1.21,0,1.82,neutral,neutral,0,-1.0,23,2836,0,
s12719,LDOUSDT,1782459000000,testB,1,2.03,0.353,2.8,2.27,1.23,0.2,1.27,0.83,0.59,0.8,0,1.82,neutral,neutral,0,-1.0,15,2836,0,
s12720,SANDUSDT,1782459000000,testB,1,3.32,0.535,3.8,3.23,1.03,1.49,1.77,0.57,0.44,0.55,0,1.82,neutral,neutral,0,-1.0,20,2836,0,
s12721,MANAUSDT,1782459000000,testB,1,2.69,0.486,3.39,2.93,0.88,0.87,1.81,0.63,0.47,0.71,0,1.82,neutral,neutral,0,-1.0,17,2836,0,
s12722,APEUSDT,1782459000000,testB,1,6.14,0.608,6.32,5.85,1.24,4.32,3.68,3.76,3.87,2.92,0,1.82,neutral,alcista,0,-0.193,32,2836,3,
s12723,PUMPUSDT,1782459900000,train,1,2.9,0.412,4.75,4.26,1.38,2.1,2.12,1.25,0.99,1.77,0,0.79,neutral,neutral,0,0.547,32,2838,1,
s12724,0GUSDT,1782459900000,train,1,5.75,0.509,6.77,6.03,0.69,4.95,2.4,3.19,2.34,2.16,1,0.79,neutral,neutral,0,-0.26,32,2838,1,
s12725,OPUSDT,1782459900000,train,1,3.26,0.362,5.38,4.82,0.88,2.46,2.15,1.77,1.45,2.04,0,0.79,neutral,neutral,0,-1.0,16,2838,1,
s12726,SUIUSDT,1782459900000,train,1,2.54,0.506,3.48,2.92,1.52,1.74,1.67,1.17,0.82,1.13,0,0.79,neutral,neutral,0,-1.0,8,2838,1,
s12727,TIAUSDT,1782459900000,train,1,3.19,0.411,5.36,5.06,1.94,2.39,2.94,0.98,0.76,0.94,0,0.79,neutral,neutral,0,0.103,32,2838,1,
s12728,JUPUSDT,1782459900000,train,1,4.01,0.463,5.57,4.82,2.43,3.22,2.66,1.23,1.06,1.7,0,0.79,neutral,neutral,0,-1.0,14,2838,0,
s12729,ONDOUSDT,1782459900000,train,1,2.59,0.494,3.94,3.47,1.7,1.8,2.02,0.95,0.84,1.21,0,0.79,neutral,alcista,0,-1.0,16,2837,7,
s12730,ARUSDT,1782459900000,testB,1,2.25,0.398,3.64,3.11,1.23,1.45,1.82,1.12,0.8,1.12,0,0.79,neutral,neutral,0,0.379,32,2837,1,
s12731,SANDUSDT,1782459900000,testB,1,2.35,0.452,3.63,3.25,1.05,1.56,1.66,0.57,0.44,0.55,0,0.79,neutral,neutral,0,-1.0,16,2837,1,
s12732,APEUSDT,1782459900000,testB,1,5.68,0.594,7.15,6.62,1.82,4.89,4.71,3.76,3.87,2.92,0,0.79,neutral,alcista,0,-0.485,32,2837,4,
s12733,0GUSDT,1782460800000,train,1,6.4,0.557,8.54,6.1,1.03,5.8,2.5,2.99,2.6,2.26,1,0.6,neutral,alcista,0,-0.278,32,2839,2,
s12734,SUIUSDT,1782460800000,train,1,2.2,0.41,3.5,2.46,1.66,1.6,1.07,0.97,0.84,1.14,0,0.6,neutral,neutral,0,-1.0,7,2839,0,
s12735,SEIUSDT,1782460800000,train,-1,-2.94,0.415,4.5,3.63,0.9,-3.54,0.92,1.26,1.28,2.52,0,0.6,neutral,neutral,0,0.364,32,2839,1,
s12736,ARUSDT,1782460800000,testB,1,3.0,0.47,7.09,4.29,4.41,2.4,2.79,1.34,1.02,1.19,0,0.6,neutral,alcista,0,0.012,32,2838,2,
s12737,APEUSDT,1782460800000,testB,1,4.67,0.438,8.06,5.19,2.57,4.07,2.88,3.76,4.36,3.17,0,0.6,neutral,neutral,0,-0.321,32,2838,0,
s12738,0GUSDT,1782461700000,train,1,5.93,0.54,8.26,5.87,1.0,5.4,2.22,2.99,2.6,2.26,1,0.53,neutral,neutral,0,-0.391,32,2840,0,
s12739,OPUSDT,1782461700000,train,1,3.28,0.378,5.42,4.2,0.66,2.75,1.27,1.6,1.44,2.05,0,0.53,neutral,neutral,0,-1.0,14,2840,0,
s12740,TIAUSDT,1782461700000,train,1,2.99,0.366,5.42,3.95,1.44,2.46,1.41,0.88,0.79,0.95,0,0.53,neutral,neutral,0,0.455,32,2840,1,
s12741,SEIUSDT,1782461700000,train,-1,-2.83,0.404,3.67,3.06,0.81,-3.35,1.16,1.26,1.28,2.52,0,0.53,neutral,bajista,0,0.402,32,2840,2,
s12742,ARUSDT,1782461700000,testB,1,3.73,0.63,7.09,4.39,4.65,3.2,2.49,1.34,1.02,1.19,0,0.53,neutral,alcista,0,-0.084,32,2839,3,
s12743,APEUSDT,1782461700000,testB,1,5.02,0.456,8.03,5.51,2.88,4.49,2.87,3.76,4.36,3.17,0,0.53,neutral,neutral,0,-0.325,32,2839,1,
s12744,0GUSDT,1782462600000,train,1,3.67,0.395,6.95,4.23,0.76,3.28,1.6,2.99,2.6,2.26,1,0.39,neutral,neutral,0,-1.0,16,2841,0,
s12745,INJUSDT,1782462600000,train,1,3.42,0.424,5.58,4.3,2.01,3.03,1.65,1.94,1.53,1.61,0,0.39,neutral,alcista,0,1.303,32,2841,2,
s12746,SEIUSDT,1782462600000,train,-1,-2.58,0.382,3.2,2.77,0.87,-2.98,1.33,1.26,1.28,2.52,0,0.39,neutral,bajista,0,0.385,32,2841,3,
s12747,ARUSDT,1782462600000,testB,1,3.9,0.676,7.09,4.34,3.97,3.51,2.04,1.34,1.02,1.19,0,0.39,neutral,neutral,0,0.012,32,2840,0,
s12748,APEUSDT,1782462600000,testB,1,6.15,0.537,7.77,5.99,2.2,5.76,3.01,3.76,4.36,3.17,0,0.39,neutral,alcista,0,-0.341,32,2840,2,
s12749,STBLUSDT,1782463500000,train,1,2.31,0.477,3.11,2.73,0.75,1.78,0.88,0.65,0.63,1.34,0,0.53,neutral,alcista,0,-1.0,1,2842,3,
s12750,INJUSDT,1782463500000,train,1,4.44,0.536,5.55,4.85,2.09,3.92,2.12,1.94,1.53,1.61,0,0.53,neutral,alcista,0,0.977,32,2842,3,
s12751,TIAUSDT,1782463500000,train,1,3.78,0.455,5.41,4.14,0.71,3.25,1.26,0.88,0.79,0.95,0,0.53,neutral,neutral,0,0.507,32,2842,1,
s12752,SEIUSDT,1782463500000,train,-1,-2.47,0.37,2.92,2.73,0.71,-2.99,1.41,1.26,1.28,2.52,0,0.53,neutral,bajista,0,0.438,32,2842,4,
s12753,ONDOUSDT,1782463500000,train,1,2.12,0.38,3.99,2.36,0.85,1.59,0.45,0.86,0.85,1.21,0,0.53,neutral,neutral,0,-1.0,12,2841,0,
s12754,ARUSDT,1782463500000,testB,1,4.24,0.748,6.98,4.33,4.07,3.72,1.88,1.34,1.02,1.19,0,0.53,neutral,neutral,0,-0.134,32,2841,1,
s12755,SANDUSDT,1782463500000,testB,1,2.5,0.466,3.57,2.48,0.72,1.98,0.49,0.42,0.43,0.55,0,0.53,neutral,neutral,0,-1.0,12,2841,1,
s12756,MANAUSDT,1782463500000,testB,1,2.06,0.448,3.26,2.02,1.19,1.53,0.25,0.53,0.48,0.72,0,0.53,neutral,neutral,0,-1.0,10,2841,0,
s12757,APEUSDT,1782463500000,testB,1,7.03,0.571,8.71,7.22,2.2,6.5,4.01,3.76,4.36,3.17,0,0.53,neutral,alcista,0,-0.378,32,2841,3,
s12758,INJUSDT,1782464400000,train,1,3.6,0.454,4.93,3.98,1.93,3.28,1.79,1.48,1.6,1.61,0,0.31,neutral,neutral,0,1.492,32,2843,0,
s12759,TIAUSDT,1782464400000,train,1,3.0,0.361,5.43,3.77,0.43,2.68,0.83,0.87,0.74,0.96,0,0.31,neutral,neutral,0,1.103,32,2843,0,
s12760,SEIUSDT,1782464400000,train,-1,-2.42,0.365,3.21,2.91,0.72,-2.73,1.38,1.2,1.31,2.35,0,0.31,neutral,bajista,0,0.303,32,2843,5,
s12761,ARUSDT,1782464400000,testB,1,3.57,0.607,6.95,3.87,0.48,3.26,1.39,1.21,1.05,1.19,0,0.31,neutral,neutral,0,0.096,32,2842,0,
s12762,APEUSDT,1782464400000,testB,1,5.61,0.448,8.78,6.49,1.78,5.29,2.88,4.49,4.92,3.44,0,0.31,neutral,neutral,0,-0.253,32,2842,0,
s12763,TIAUSDT,1782465300000,train,1,3.23,0.386,5.42,3.9,0.35,2.96,0.87,0.87,0.74,0.96,0,0.27,neutral,neutral,0,1.007,32,2844,1,
s12764,SEIUSDT,1782465300000,train,-1,-2.48,0.37,3.01,2.91,0.65,-2.74,1.37,1.2,1.31,2.35,0,0.27,neutral,bajista,0,0.4,32,2844,6,
s12765,SEIUSDT,1782467100000,train,-1,-2.72,0.361,3.08,3.0,0.68,-2.36,1.46,1.2,1.31,2.35,0,-0.35,neutral,neutral,0,0.434,32,2846,1,
s12766,WLDUSDT,1782469800000,train,-1,-3.17,0.427,5.29,4.93,0.89,-1.79,1.8,0.71,0.85,0.89,0,-1.37,neutral,neutral,0,-0.183,32,2849,1,
s12767,ARBUSDT,1782469800000,train,-1,-2.43,0.624,3.53,3.2,1.1,-1.05,1.11,0.94,1.01,1.26,0,-1.37,neutral,neutral,0,-1.0,24,2849,1,
s12768,SEIUSDT,1782469800000,train,-1,-2.96,0.552,4.04,4.0,3.52,-1.59,1.86,1.69,1.55,2.27,0,-1.37,neutral,bajista,0,0.195,32,2849,4,
s12769,STBLUSDT,1782470700000,train,-1,-2.06,0.353,3.98,3.11,0.65,-0.38,1.04,0.85,0.81,1.31,0,-1.67,neutral,bajista,0,-1.0,19,2850,2,
s12770,0GUSDT,1782470700000,train,-1,-2.55,0.35,6.62,6.29,0.48,-0.88,1.85,2.4,2.74,2.28,0,-1.67,neutral,bajista,0,-0.144,32,2850,2,
s12771,WLDUSDT,1782470700000,train,-1,-3.75,0.531,5.64,5.08,0.74,-2.08,1.59,0.71,0.85,0.89,0,-1.67,neutral,bajista,0,-0.123,32,2850,2,
s12772,ARBUSDT,1782470700000,train,-1,-2.59,0.639,3.56,3.41,0.76,-0.92,1.13,0.94,1.01,1.26,0,-1.67,neutral,bajista,0,-1.0,23,2850,2,
s12773,SEIUSDT,1782470700000,train,-1,-2.44,0.494,4.17,3.96,3.53,-0.76,1.39,1.69,1.55,2.27,0,-1.67,neutral,neutral,0,0.212,32,2850,0,
s12774,PENDLEUSDT,1782470700000,train,-1,-2.03,0.44,3.43,3.28,0.56,-0.36,1.0,0.65,0.63,0.78,0,-1.67,neutral,bajista,0,-1.0,25,2850,2,
s12775,MANAUSDT,1782470700000,testB,-1,-2.17,0.7,3.16,3.16,0.61,-0.49,1.17,0.43,0.5,0.73,0,-1.67,neutral,bajista,0,-1.0,19,2849,2,
s12776,STBLUSDT,1782471600000,train,-1,-2.52,0.45,3.99,3.24,0.77,-0.82,1.19,0.88,0.84,1.29,0,-1.7,neutral,bajista,0,-1.0,18,2851,3,
s12777,0GUSDT,1782471600000,train,-1,-3.41,0.529,6.62,6.34,0.39,-1.71,1.75,1.89,2.61,2.27,0,-1.7,neutral,bajista,0,-0.248,32,2851,3,
s12778,WLDUSDT,1782471600000,train,-1,-4.2,0.642,5.62,4.72,0.66,-2.5,1.28,0.71,0.87,0.9,0,-1.7,neutral,neutral,0,-0.209,32,2851,0,
s12779,ARBUSDT,1782471600000,train,-1,-2.86,0.763,3.56,3.32,0.8,-1.17,1.1,0.97,1.05,1.28,0,-1.7,neutral,neutral,0,-1.0,22,2851,0,
s12780,OPUSDT,1782471600000,train,-1,-3.08,0.44,4.33,4.23,0.73,-1.38,1.57,1.25,1.37,2.05,0,-1.7,neutral,bajista,0,-0.75,32,2851,2,
s12781,SUIUSDT,1782471600000,train,-1,-2.26,0.402,4.05,3.09,0.78,-0.57,0.8,0.96,0.95,1.17,0,-1.7,neutral,neutral,0,-1.0,28,2851,0,
s12782,SEIUSDT,1782471600000,train,-1,-2.43,0.494,4.17,3.79,3.05,-0.74,1.22,1.81,1.6,2.09,0,-1.7,neutral,neutral,0,0.201,32,2851,0,
s12783,JUPUSDT,1782471600000,train,-1,-3.56,0.516,5.1,4.78,0.31,-1.86,1.03,1.23,1.08,1.66,0,-1.7,neutral,neutral,0,-1.0,20,2851,0,
s12784,PENDLEUSDT,1782471600000,train,-1,-2.51,0.581,3.43,3.38,0.53,-0.81,1.16,0.7,0.66,0.79,0,-1.7,neutral,bajista,0,-1.0,24,2851,3,
s12785,GRTUSDT,1782471600000,testB,-1,-2.44,0.611,3.18,3.01,0.73,-0.74,1.04,0.94,1.17,1.25,0,-1.7,neutral,neutral,0,-1.0,18,2850,0,
s12786,LDOUSDT,1782471600000,testB,-1,-2.14,0.486,2.77,2.48,0.83,-0.45,0.92,0.7,0.66,0.82,0,-1.7,neutral,neutral,0,-1.0,17,2850,0,
s12787,SANDUSDT,1782471600000,testB,-1,-2.24,0.541,3.03,2.94,1.86,-0.55,1.08,0.38,0.48,0.58,0,-1.7,neutral,bajista,0,-0.853,32,2850,3,
s12788,MANAUSDT,1782471600000,testB,-1,-2.16,0.7,3.15,2.84,0.63,-0.46,0.86,0.41,0.5,0.73,0,-1.7,neutral,neutral,0,-1.0,18,2850,0,
s12789,STBLUSDT,1782472500000,train,-1,-3.06,0.571,3.99,3.42,0.75,-1.14,1.36,0.88,0.84,1.29,0,-1.93,neutral,bajista,0,-1.0,17,2852,4,
s12790,0GUSDT,1782472500000,train,-1,-3.68,0.563,6.68,6.54,0.38,-1.75,1.82,1.89,2.61,2.27,0,-1.93,neutral,bajista,0,-0.314,32,2852,4,
s12791,WLDUSDT,1782472500000,train,-1,-5.18,0.716,5.91,5.65,0.83,-3.25,2.03,0.71,0.87,0.9,0,-1.93,neutral,neutral,0,-0.257,32,2852,1,
s12792,ENAUSDT,1782472500000,train,-1,-3.26,0.509,4.2,4.04,0.59,-1.33,1.21,1.05,1.0,1.04,0,-1.93,neutral,neutral,0,-0.804,32,2852,1,
s12793,ARBUSDT,1782472500000,train,-1,-3.39,0.839,3.93,3.76,0.88,-1.46,1.48,0.97,1.05,1.28,0,-1.93,neutral,neutral,0,-1.0,21,2852,1,
s12794,OPUSDT,1782472500000,train,-1,-4.34,0.662,4.83,4.73,0.85,-2.42,1.99,1.25,1.37,2.05,0,-1.93,neutral,bajista,0,-0.673,32,2852,3,
s12795,SUIUSDT,1782472500000,train,-1,-2.87,0.521,3.81,3.12,0.75,-0.94,1.09,0.96,0.95,1.17,0,-1.93,neutral,neutral,0,-1.0,19,2852,1,
s12796,TIAUSDT,1782472500000,train,-1,-2.64,0.361,3.81,3.56,1.34,-0.71,0.93,1.05,0.83,1.0,0,-1.93,neutral,neutral,0,-1.0,16,2852,1,
s12797,SEIUSDT,1782472500000,train,-1,-3.09,0.64,4.18,4.1,1.76,-1.16,1.43,1.81,1.6,2.09,0,-1.93,neutral,neutral,0,0.158,32,2852,1,
s12798,JUPUSDT,1782472500000,train,-1,-4.56,0.605,6.16,5.7,0.68,-2.63,1.78,1.23,1.08,1.66,0,-1.93,neutral,neutral,0,-1.0,19,2852,1,
s12799,PENDLEUSDT,1782472500000,train,-1,-2.97,0.621,4.28,3.91,0.77,-1.04,1.62,0.7,0.66,0.79,0,-1.93,neutral,bajista,0,-1.0,23,2852,4,
s12800,ONDOUSDT,1782472500000,train,-1,-2.57,0.609,3.88,3.81,0.66,-0.65,1.15,0.83,0.83,1.21,0,-1.93,neutral,neutral,0,-1.0,23,2851,1,
s12801,FETUSDT,1782472500000,train,-1,-2.13,0.514,2.72,2.54,0.51,-0.21,0.88,0.84,0.93,1.28,0,-1.93,neutral,neutral,0,-1.0,10,2851,1,
s12802,GRTUSDT,1782472500000,testB,-1,-3.04,0.753,3.42,3.37,0.75,-1.12,1.33,0.94,1.17,1.25,0,-1.93,neutral,neutral,0,-1.0,17,2851,1,
s12803,LDOUSDT,1782472500000,testB,-1,-2.47,0.521,2.9,2.82,0.75,-0.54,1.27,0.7,0.66,0.82,0,-1.93,neutral,neutral,0,-1.0,16,2851,1,
s12804,SANDUSDT,1782472500000,testB,-1,-2.81,0.655,3.39,3.32,1.86,-0.88,1.44,0.38,0.48,0.58,0,-1.93,neutral,bajista,0,-0.817,32,2851,4,
s12805,MANAUSDT,1782472500000,testB,-1,-2.62,0.81,3.16,3.01,0.75,-0.69,1.16,0.41,0.5,0.73,0,-1.93,neutral,neutral,0,-1.0,17,2851,1,
s12806,STBLUSDT,1782473400000,train,-1,-2.69,0.512,3.95,3.24,0.52,-0.81,1.12,0.88,0.84,1.29,0,-1.88,neutral,neutral,0,-1.0,16,2853,0,
s12807,0GUSDT,1782473400000,train,-1,-3.1,0.504,6.68,6.44,0.38,-1.22,1.56,1.89,2.61,2.27,0,-1.88,neutral,neutral,0,-0.326,32,2853,0,
s12808,WLDUSDT,1782473400000,train,-1,-4.03,0.562,5.19,4.37,0.73,-2.15,1.4,0.71,0.87,0.9,0,-1.88,neutral,neutral,0,-0.532,32,2853,0,
s12809,ENAUSDT,1782473400000,train,-1,-2.29,0.406,4.19,3.95,0.56,-0.41,0.98,1.05,1.0,1.04,0,-1.88,neutral,neutral,0,-0.819,32,2853,0,
s12810,ARBUSDT,1782473400000,train,-1,-3.31,0.836,3.8,3.73,0.82,-1.44,1.42,0.97,1.05,1.28,0,-1.88,neutral,bajista,0,-1.0,20,2853,2,
s12811,OPUSDT,1782473400000,train,-1,-3.82,0.631,5.04,4.65,0.96,-1.95,2.03,1.25,1.37,2.05,0,-1.88,neutral,bajista,0,-0.75,32,2853,4,
s12812,SUIUSDT,1782473400000,train,-1,-2.46,0.482,3.74,3.06,0.39,-0.59,1.01,0.96,0.95,1.17,0,-1.88,neutral,bajista,0,-1.0,18,2853,2,
s12813,TIAUSDT,1782473400000,train,-1,-2.78,0.373,3.79,3.68,0.75,-0.9,1.09,1.05,0.83,1.0,0,-1.88,neutral,bajista,0,-1.0,10,2853,2,
s12814,SEIUSDT,1782473400000,train,-1,-3.55,0.691,4.66,4.52,0.73,-1.67,1.59,1.81,1.6,2.09,0,-1.88,neutral,bajista,0,0.021,32,2853,2,
s12815,JUPUSDT,1782473400000,train,-1,-5.54,0.734,6.61,6.28,0.91,-3.67,2.13,1.23,1.08,1.66,0,-1.88,neutral,bajista,0,-1.0,18,2853,2,
s12816,PENDLEUSDT,1782473400000,train,-1,-3.25,0.672,4.42,4.1,0.93,-1.37,1.64,0.7,0.66,0.79,0,-1.88,neutral,bajista,0,-1.0,22,2853,5,
s12817,ONDOUSDT,1782473400000,train,-1,-2.78,0.698,3.58,3.32,0.55,-0.91,0.87,0.83,0.83,1.21,0,-1.88,neutral,neutral,0,-1.0,18,2852,0,
s12818,FETUSDT,1782473400000,train,-1,-2.01,0.472,2.48,2.18,0.46,-0.14,0.69,0.84,0.93,1.28,0,-1.88,neutral,neutral,0,-1.0,9,2852,0,
s12819,GRTUSDT,1782473400000,testB,-1,-2.61,0.701,3.02,2.91,0.87,-0.73,1.19,0.94,1.17,1.25,0,-1.88,neutral,neutral,0,-1.0,16,2852,0,
s12820,LDOUSDT,1782473400000,testB,-1,-2.27,0.5,2.95,2.82,0.77,-0.4,1.19,0.7,0.66,0.82,0,-1.88,neutral,bajista,0,-1.0,15,2852,2,
s12821,SANDUSDT,1782473400000,testB,-1,-2.66,0.643,3.15,3.04,0.76,-0.79,1.28,0.38,0.48,0.58,0,-1.88,neutral,neutral,0,-1.0,20,2852,0,
s12822,MANAUSDT,1782473400000,testB,-1,-2.62,0.81,3.01,2.85,0.63,-0.74,1.14,0.41,0.5,0.73,0,-1.88,neutral,neutral,0,-1.0,16,2852,0,
s12823,PUMPUSDT,1782474300000,train,-1,-2.57,0.533,2.97,2.73,1.32,-0.76,1.08,0.99,1.0,1.75,0,-1.82,neutral,neutral,0,-1.0,8,2854,1,
s12824,STBLUSDT,1782474300000,train,-1,-3.03,0.568,3.95,3.47,0.45,-1.21,1.26,0.88,0.84,1.29,0,-1.82,neutral,neutral,0,-1.0,15,2854,1,
s12825,0GUSDT,1782474300000,train,-1,-3.32,0.562,6.86,6.34,0.4,-1.5,1.44,1.89,2.61,2.27,0,-1.82,neutral,neutral,0,-0.256,32,2854,0,
s12826,WLDUSDT,1782474300000,train,-1,-4.06,0.563,5.4,4.49,0.99,-2.24,1.59,0.71,0.87,0.9,0,-1.82,neutral,neutral,0,-0.389,32,2854,1,
s12827,ENAUSDT,1782474300000,train,-1,-3.24,0.632,4.82,4.22,0.92,-1.42,1.16,1.05,1.0,1.04,0,-1.82,neutral,neutral,0,-0.462,32,2854,1,
s12828,ARBUSDT,1782474300000,train,-1,-3.62,0.918,4.27,3.89,0.93,-1.8,1.48,0.97,1.05,1.28,0,-1.82,neutral,bajista,0,-1.0,19,2854,3,
s12829,OPUSDT,1782474300000,train,-1,-4.82,0.788,5.56,5.26,1.12,-3.01,2.42,1.25,1.37,2.05,0,-1.82,neutral,bajista,0,-0.5,32,2854,5,
s12830,SUIUSDT,1782474300000,train,-1,-2.92,0.582,3.75,3.26,0.44,-1.1,1.12,0.96,0.95,1.17,0,-1.82,neutral,bajista,0,-1.0,17,2854,3,
s12831,TIAUSDT,1782474300000,train,-1,-3.55,0.504,4.82,3.91,1.03,-1.74,1.36,1.05,0.83,1.0,0,-1.82,neutral,bajista,0,-1.0,9,2854,3,
s12832,SEIUSDT,1782474300000,train,-1,-4.16,0.807,4.48,4.4,0.78,-2.35,1.77,1.81,1.6,2.09,0,-1.82,neutral,bajista,0,0.004,32,2854,3,
s12833,JUPUSDT,1782474300000,train,-1,-5.74,0.74,7.4,6.98,1.4,-3.93,2.75,1.23,1.08,1.66,0,-1.82,neutral,bajista,0,-1.0,17,2854,3,
s12834,PENDLEUSDT,1782474300000,train,-1,-3.26,0.673,4.54,4.23,1.01,-1.44,1.65,0.7,0.66,0.79,0,-1.82,neutral,bajista,0,-1.0,21,2854,6,
s12835,ONDOUSDT,1782474300000,train,-1,-3.34,0.828,4.05,3.66,0.77,-1.53,1.12,0.83,0.83,1.21,0,-1.82,neutral,neutral,0,-1.0,17,2853,1,
s12836,FETUSDT,1782474300000,train,-1,-2.14,0.486,2.85,2.49,0.56,-0.32,0.93,0.84,0.93,1.28,0,-1.82,neutral,neutral,0,-1.0,8,2853,1,
s12837,GRTUSDT,1782474300000,testB,-1,-2.67,0.706,3.25,3.03,0.64,-0.85,1.25,0.94,1.17,1.25,0,-1.82,neutral,neutral,0,-1.0,15,2853,1,
s12838,LDOUSDT,1782474300000,testB,-1,-2.51,0.574,3.2,2.86,0.79,-0.69,1.18,0.7,0.66,0.82,0,-1.82,neutral,bajista,0,-1.0,14,2853,3,
s12839,SANDUSDT,1782474300000,testB,-1,-2.91,0.726,3.48,3.11,1.16,-1.09,1.27,0.38,0.48,0.58,0,-1.82,neutral,neutral,0,-1.0,19,2853,1,
s12840,MANAUSDT,1782474300000,testB,-1,-2.77,0.818,3.33,3.01,0.64,-0.96,1.21,0.41,0.5,0.73,0,-1.82,neutral,neutral,0,-1.0,15,2853,1,
s12841,STBLUSDT,1782475200000,train,-1,-2.7,0.538,3.96,3.61,0.34,-1.36,1.31,1.2,1.03,1.36,0,-1.34,neutral,bajista,0,-1.0,14,2855,2,
s12842,0GUSDT,1782475200000,train,-1,-3.4,0.587,4.85,4.04,0.35,-2.06,1.06,1.64,2.46,2.28,0,-1.34,neutral,neutral,0,-0.506,32,2855,0,
s12843,WLDUSDT,1782475200000,train,-1,-3.3,0.51,4.49,3.65,1.04,-1.96,1.52,0.72,0.92,0.88,0,-1.34,neutral,bajista,0,-0.757,32,2855,2,
s12844,ENAUSDT,1782475200000,train,-1,-2.56,0.547,3.8,3.09,0.95,-1.22,1.02,1.05,1.06,1.04,0,-1.34,neutral,neutral,0,-1.0,21,2855,0,
s12845,ARBUSDT,1782475200000,train,-1,-2.82,0.765,3.57,2.92,0.93,-1.48,1.1,1.03,1.13,1.29,0,-1.34,neutral,neutral,0,-1.0,14,2855,0,
s12846,OPUSDT,1782475200000,train,-1,-4.29,0.742,4.97,4.58,1.16,-2.95,2.23,1.1,1.42,2.05,0,-1.34,neutral,neutral,0,-1.0,28,2855,0,
s12847,SUIUSDT,1782475200000,train,-1,-2.15,0.442,3.03,2.23,0.41,-0.81,0.78,0.92,1.0,1.17,0,-1.34,neutral,neutral,0,-1.0,14,2855,0,
s12848,SEIUSDT,1782475200000,train,-1,-3.46,0.775,3.83,3.76,0.94,-2.12,1.83,1.72,1.64,1.98,0,-1.34,neutral,bajista,0,-0.195,32,2855,4,
s12849,JUPUSDT,1782475200000,train,-1,-4.0,0.584,5.74,4.91,1.6,-2.66,2.15,1.19,1.07,1.63,0,-1.34,neutral,neutral,0,-1.0,12,2855,0,
s12850,PENDLEUSDT,1782475200000,train,-1,-3.05,0.656,4.94,4.52,1.21,-1.71,1.74,0.74,0.68,0.8,0,-1.34,neutral,bajista,0,-1.0,20,2855,7,
s12851,ONDOUSDT,1782475200000,train,-1,-2.17,0.654,2.93,2.31,0.75,-0.83,0.86,0.86,0.88,1.19,0,-1.34,neutral,neutral,0,-1.0,8,2854,0,
s12852,ARUSDT,1782475200000,testB,-1,-2.59,0.576,3.86,3.21,0.36,-1.26,0.9,1.15,1.09,1.15,0,-1.34,neutral,neutral,0,-1.0,16,2854,0,
s12853,GRTUSDT,1782475200000,testB,-1,-2.18,0.619,2.74,2.39,0.65,-0.84,1.07,0.99,1.22,1.26,0,-1.34,neutral,neutral,0,-1.0,14,2854,0,
s12854,SANDUSDT,1782475200000,testB,-1,-2.37,0.667,2.91,2.5,1.19,-1.04,1.14,0.44,0.51,0.59,0,-1.34,neutral,neutral,0,-1.0,14,2854,0,
s12855,MANAUSDT,1782475200000,testB,-1,-2.47,0.8,3.01,2.69,0.63,-1.13,1.12,0.44,0.53,0.73,0,-1.34,neutral,neutral,0,-1.0,10,2854,0,
s12856,STBLUSDT,1782476100000,train,-1,-2.78,0.565,3.96,3.56,0.34,-1.83,1.11,1.2,1.03,1.36,0,-0.95,neutral,neutral,0,-1.0,13,2856,0,
s12857,0GUSDT,1782476100000,train,-1,-3.12,0.515,4.5,3.36,0.59,-2.17,0.59,1.64,2.46,2.28,0,-0.95,neutral,neutral,0,-1.0,12,2856,0,
s12858,WLDUSDT,1782476100000,train,-1,-2.9,0.422,4.32,2.99,1.03,-1.95,0.85,0.72,0.92,0.88,0,-0.95,neutral,neutral,0,-0.626,32,2856,0,
s12859,ARBUSDT,1782476100000,train,-1,-2.08,0.541,3.22,2.11,1.03,-1.14,0.56,1.03,1.13,1.29,0,-0.95,neutral,neutral,0,-1.0,13,2856,0,
s12860,OPUSDT,1782476100000,train,-1,-3.64,0.6,4.75,3.88,1.24,-2.69,1.47,1.1,1.42,2.05,0,-0.95,neutral,neutral,0,-1.0,27,2856,0,
s12861,SEIUSDT,1782476100000,train,-1,-3.0,0.679,3.36,3.08,0.94,-2.05,1.48,1.72,1.64,1.98,0,-0.95,neutral,neutral,0,-1.0,13,2856,0,
s12862,JUPUSDT,1782476100000,train,-1,-3.46,0.47,5.15,3.63,1.52,-2.52,1.4,1.19,1.07,1.63,0,-0.95,neutral,neutral,0,-1.0,11,2856,0,
s12863,PENDLEUSDT,1782476100000,train,-1,-2.84,0.588,4.91,4.05,1.0,-1.89,1.19,0.74,0.68,0.8,0,-0.95,neutral,neutral,0,-1.0,19,2856,0,
s12864,ARUSDT,1782476100000,testB,-1,-2.01,0.396,3.78,2.43,1.08,-1.06,0.15,1.15,1.09,1.15,0,-0.95,neutral,neutral,0,-1.0,15,2855,0,
s12865,MANAUSDT,1782476100000,testB,-1,-2.17,0.7,2.85,2.37,0.69,-1.22,0.87,0.44,0.53,0.73,0,-0.95,neutral,neutral,0,-1.0,7,2855,0,
s12866,STBLUSDT,1782477000000,train,-1,-4.91,0.706,7.19,5.84,1.7,-3.14,2.96,1.2,1.03,1.36,0,-1.77,neutral,neutral,0,-1.0,12,2857,1,
s12867,0GUSDT,1782477000000,train,-1,-4.6,0.61,5.6,5.07,1.11,-2.83,2.25,1.64,2.46,2.28,0,-1.77,neutral,neutral,0,-1.0,11,2857,1,
s12868,WLDUSDT,1782477000000,train,-1,-3.34,0.456,4.0,3.57,1.43,-1.57,1.84,0.72,0.92,0.88,0,-1.77,neutral,neutral,0,-1.0,28,2857,1,
s12869,ENAUSDT,1782477000000,train,-1,-2.71,0.46,3.24,2.87,1.68,-0.94,1.82,1.05,1.06,1.04,0,-1.77,neutral,neutral,0,-1.0,12,2857,1,
s12870,ARBUSDT,1782477000000,train,-1,-2.38,0.572,3.08,2.54,1.44,-0.61,1.27,1.03,1.13,1.29,0,-1.77,neutral,neutral,0,-1.0,6,2857,1,
s12871,OPUSDT,1782477000000,train,-1,-4.12,0.629,5.38,4.4,1.49,-2.35,2.18,1.1,1.42,2.05,0,-1.77,neutral,neutral,0,-1.0,7,2857,1,
s12872,SUIUSDT,1782477000000,train,-1,-2.21,0.386,2.92,2.6,1.0,-0.44,1.15,0.92,1.0,1.17,0,-1.77,neutral,neutral,0,-1.0,6,2857,1,
s12873,SEIUSDT,1782477000000,train,-1,-3.16,0.69,3.88,3.34,0.96,-1.39,1.7,1.72,1.64,1.98,0,-1.77,neutral,neutral,0,-1.0,12,2857,1,
s12874,JUPUSDT,1782477000000,train,-1,-3.9,0.497,4.71,4.29,1.49,-2.13,2.44,1.19,1.07,1.63,0,-1.77,neutral,neutral,0,-1.0,10,2857,1,
s12875,PENDLEUSDT,1782477000000,train,-1,-3.82,0.658,5.64,5.18,1.26,-2.05,2.02,0.74,0.68,0.8,0,-1.77,neutral,neutral,0,-1.0,18,2857,1,
s12876,ONDOUSDT,1782477000000,train,-1,-2.01,0.417,2.77,2.18,1.51,-0.24,0.9,0.86,0.88,1.19,0,-1.77,neutral,neutral,0,-1.0,6,2856,1,
s12877,ARUSDT,1782477000000,testB,-1,-3.33,0.521,4.38,3.89,1.82,-1.56,1.42,1.15,1.09,1.15,0,-1.77,neutral,neutral,0,-1.0,14,2856,1,
s12878,GRTUSDT,1782477000000,testB,-1,-2.57,0.548,3.1,2.87,0.83,-0.8,1.42,0.99,1.22,1.26,0,-1.77,neutral,neutral,0,-1.0,6,2856,1,
s12879,LDOUSDT,1782477000000,testB,-1,-2.89,0.559,3.51,3.1,1.84,-1.11,1.68,0.75,0.73,0.83,0,-1.77,neutral,neutral,0,-1.0,5,2856,1,
s12880,SANDUSDT,1782477000000,testB,-1,-2.96,0.591,3.46,3.26,2.13,-1.18,1.8,0.44,0.51,0.59,0,-1.77,neutral,neutral,0,-1.0,12,2856,1,
s12881,MANAUSDT,1782477000000,testB,-1,-2.95,0.76,3.51,3.19,1.61,-1.17,1.64,0.44,0.53,0.73,0,-1.77,neutral,neutral,0,-1.0,5,2856,1,
s12882,STBLUSDT,1782477900000,train,-1,-5.03,0.737,7.18,5.65,2.07,-3.29,2.46,1.2,1.03,1.36,0,-1.74,neutral,neutral,0,-1.0,11,2858,0,
s12883,0GUSDT,1782477900000,train,-1,-3.26,0.479,5.05,4.23,1.13,-1.52,1.83,1.64,2.46,2.28,0,-1.74,neutral,neutral,0,-1.0,10,2858,0,
s12884,WLDUSDT,1782477900000,train,-1,-4.27,0.517,4.71,4.55,1.73,-2.53,2.46,0.72,0.92,0.88,0,-1.74,neutral,bajista,0,-1.0,27,2858,2,
s12885,ENAUSDT,1782477900000,train,-1,-2.27,0.402,3.23,2.77,1.34,-0.53,1.48,1.05,1.06,1.04,0,-1.74,neutral,neutral,0,-1.0,11,2858,0,
s12886,ARBUSDT,1782477900000,train,-1,-2.12,0.489,2.96,2.2,1.57,-0.38,0.88,1.03,1.13,1.29,0,-1.74,neutral,neutral,0,-1.0,5,2858,0,
s12887,OPUSDT,1782477900000,train,-1,-4.23,0.634,5.39,4.71,1.41,-2.49,2.17,1.1,1.42,2.05,0,-1.74,neutral,bajista,0,-1.0,6,2858,2,
s12888,SUIUSDT,1782477900000,train,-1,-2.1,0.362,2.92,2.46,1.1,-0.36,0.86,0.92,1.0,1.17,0,-1.74,neutral,neutral,0,-1.0,5,2858,0,
s12889,SEIUSDT,1782477900000,train,-1,-3.33,0.701,3.78,3.66,0.89,-1.59,1.8,1.72,1.64,1.98,0,-1.74,neutral,bajista,0,-1.0,11,2858,2,
s12890,JUPUSDT,1782477900000,train,-1,-3.72,0.464,4.52,3.91,1.01,-1.98,1.86,1.19,1.07,1.63,0,-1.74,neutral,neutral,0,-1.0,8,2858,0,
s12891,PENDLEUSDT,1782477900000,train,-1,-3.39,0.629,5.64,5.24,1.37,-1.65,1.82,0.74,0.68,0.8,0,-1.74,neutral,bajista,0,-1.0,17,2858,2,
s12892,ONDOUSDT,1782477900000,train,-1,-2.17,0.442,2.74,2.28,1.54,-0.43,0.79,0.86,0.88,1.19,0,-1.74,neutral,bajista,0,-1.0,4,2857,2,
s12893,ARUSDT,1782477900000,testB,-1,-3.33,0.521,4.1,3.5,1.65,-1.59,1.36,1.15,1.09,1.15,0,-1.74,neutral,neutral,0,-1.0,11,2857,0,
s12894,GRTUSDT,1782477900000,testB,-1,-2.9,0.605,3.11,3.11,1.2,-1.16,1.44,0.99,1.22,1.26,0,-1.74,neutral,bajista,0,-1.0,5,2857,2,
s12895,LDOUSDT,1782477900000,testB,-1,-2.68,0.516,3.51,2.97,2.06,-0.94,1.35,0.75,0.73,0.83,0,-1.74,neutral,neutral,0,-1.0,4,2857,0,
s12896,SANDUSDT,1782477900000,testB,-1,-2.91,0.578,3.46,3.08,1.67,-1.17,1.4,0.44,0.51,0.59,0,-1.74,neutral,neutral,0,-1.0,11,2857,0,
s12897,MANAUSDT,1782477900000,testB,-1,-2.64,0.68,3.51,3.03,1.94,-0.9,1.31,0.44,0.53,0.73,0,-1.74,neutral,neutral,0,-1.0,4,2857,0,
s12898,STBLUSDT,1782478800000,train,-1,-3.81,0.677,5.85,4.59,2.09,-2.04,2.49,1.35,1.13,1.19,0,-1.77,neutral,neutral,0,-1.0,9,2859,1,
s12899,0GUSDT,1782478800000,train,-1,-2.93,0.417,5.04,3.93,1.42,-1.16,1.41,1.48,2.38,2.1,0,-1.77,neutral,neutral,0,-1.0,9,2859,0,
s12900,OPUSDT,1782478800000,train,-1,-3.85,0.562,5.38,4.4,1.46,-2.08,1.68,1.23,1.5,1.8,0,-1.77,neutral,neutral,0,-1.0,5,2859,0,
s12901,SUIUSDT,1782478800000,train,-1,-2.26,0.4,2.87,2.36,1.2,-0.49,0.66,1.03,1.09,1.06,0,-1.77,neutral,neutral,0,-1.0,4,2859,0,
s12902,SEIUSDT,1782478800000,train,-1,-3.0,0.63,3.81,3.48,0.8,-1.23,1.44,1.85,1.72,1.8,0,-1.77,neutral,neutral,0,-1.0,10,2859,0,
s12903,JUPUSDT,1782478800000,train,-1,-3.28,0.422,4.37,3.67,0.96,-1.51,1.62,0.99,1.11,1.36,0,-1.77,neutral,neutral,0,-1.0,5,2859,0,
s12904,PENDLEUSDT,1782478800000,train,-1,-3.41,0.636,5.63,5.1,1.3,-1.64,1.56,0.83,0.75,0.76,0,-1.77,neutral,neutral,0,-1.0,16,2859,0,
s12905,ONDOUSDT,1782478800000,train,-1,-2.11,0.434,2.61,2.12,1.89,-0.34,0.81,0.89,0.9,1.06,0,-1.77,neutral,bajista,0,-1.0,3,2858,3,
s12906,ARUSDT,1782478800000,testB,-1,-2.87,0.474,3.77,3.11,1.85,-1.1,1.2,1.19,1.15,1.03,1,-1.77,neutral,neutral,0,-1.0,10,2858,0,
s12907,GRTUSDT,1782478800000,testB,-1,-2.52,0.506,3.15,2.81,1.32,-0.74,1.01,1.18,1.25,1.19,0,-1.77,neutral,neutral,0,-1.0,4,2858,0,
s12908,LDOUSDT,1782478800000,testB,-1,-2.56,0.481,3.46,2.75,1.69,-0.79,1.16,0.91,0.84,0.72,1,-1.77,neutral,neutral,0,-1.0,3,2858,0,
s12909,SANDUSDT,1782478800000,testB,-1,-2.24,0.471,3.08,2.51,1.7,-0.47,1.07,0.53,0.55,0.52,0,-1.77,neutral,neutral,0,-1.0,9,2858,0,
s12910,MANAUSDT,1782478800000,testB,-1,-2.18,0.538,3.34,2.54,2.06,-0.41,0.88,0.56,0.59,0.63,0,-1.77,neutral,neutral,0,-1.0,3,2858,0,
s12911,STBLUSDT,1782479700000,train,-1,-4.02,0.689,5.86,4.82,3.03,-2.01,2.46,1.35,1.13,1.19,0,-2.01,bear,bajista,0,-1.0,8,2860,2,
s12912,0GUSDT,1782479700000,train,-1,-3.75,0.551,5.49,4.28,1.76,-1.74,1.53,1.48,2.38,2.1,0,-2.01,bear,neutral,0,-1.0,8,2860,1,
s12913,ENAUSDT,1782479700000,train,-1,-2.18,0.401,3.71,2.52,1.62,-0.17,0.88,1.08,1.14,0.97,0,-2.01,bear,neutral,0,-1.0,9,2860,0,
s12914,ARBUSDT,1782479700000,train,-1,-2.05,0.479,3.2,2.16,2.06,-0.03,0.86,1.24,1.27,1.19,0,-2.01,bear,bajista,0,-1.0,2,2860,2,
s12915,OPUSDT,1782479700000,train,-1,-4.03,0.606,5.38,4.4,1.67,-2.02,1.47,1.23,1.5,1.8,0,-2.01,bear,neutral,0,-1.0,4,2860,0,
s12916,SUIUSDT,1782479700000,train,-1,-2.12,0.384,3.35,2.24,1.69,-0.11,0.65,1.03,1.09,1.06,0,-2.01,bear,neutral,0,-1.0,2,2860,1,
s12917,SEIUSDT,1782479700000,train,-1,-2.71,0.581,4.27,3.38,0.93,-0.7,1.19,1.85,1.72,1.8,0,-2.01,bear,neutral,0,-1.0,9,2860,0,
s12918,JUPUSDT,1782479700000,train,-1,-3.56,0.441,4.81,4.16,1.07,-1.55,1.76,0.99,1.11,1.36,0,-2.01,bear,neutral,0,-1.0,4,2860,1,
s12919,PENDLEUSDT,1782479700000,train,-1,-3.18,0.619,6.12,5.14,1.75,-1.17,1.44,0.83,0.75,0.76,0,-2.01,bear,neutral,0,-1.0,15,2860,1,
s12920,ARUSDT,1782479700000,testB,-1,-2.6,0.434,3.66,2.67,2.01,-0.59,0.98,1.19,1.15,1.03,1,-2.01,bear,neutral,0,-1.0,3,2859,0,
s12921,GRTUSDT,1782479700000,testB,-1,-2.68,0.545,3.73,2.87,1.83,-0.67,0.97,1.18,1.25,1.19,0,-2.01,bear,neutral,0,-1.0,3,2859,1,
s12922,LDOUSDT,1782479700000,testB,-1,-2.48,0.473,3.75,2.75,2.24,-0.47,0.97,0.91,0.84,0.72,1,-2.01,bear,neutral,0,-1.0,2,2859,0,
s12923,SANDUSDT,1782479700000,testB,-1,-2.52,0.522,3.63,2.69,2.49,-0.5,1.11,0.53,0.55,0.52,0,-2.01,bear,neutral,0,-1.0,8,2859,1,
s12924,MANAUSDT,1782479700000,testB,-1,-2.33,0.556,3.66,2.71,2.84,-0.32,0.92,0.56,0.59,0.63,0,-2.01,bear,neutral,0,-1.0,2,2859,1,
s12925,STBLUSDT,1782480600000,train,-1,-2.35,0.375,5.08,2.99,1.4,-1.49,1.32,1.35,1.13,1.19,0,-0.87,neutral,neutral,0,-1.0,7,2861,0,
s12926,0GUSDT,1782480600000,train,-1,-2.56,0.35,4.77,2.72,1.19,-1.69,0.46,1.48,2.38,2.1,0,-0.87,neutral,neutral,0,-1.0,7,2861,0,
s12927,PENDLEUSDT,1782480600000,train,-1,-2.75,0.498,4.58,2.84,1.44,-1.89,0.54,0.83,0.75,0.76,0,-0.87,neutral,neutral,0,-1.0,12,2861,0,
s12928,PUMPUSDT,1782481500000,train,1,2.88,0.368,4.47,4.39,2.19,2.13,2.42,1.09,1.17,1.44,0,0.74,neutral,alcista,0,1.255,32,2862,5,
s12929,INJUSDT,1782481500000,train,1,2.87,0.354,3.35,3.27,1.11,2.12,1.56,1.55,1.68,1.48,0,0.74,neutral,alcista,1,2.0,22,2862,5,
s12930,SUIUSDT,1782481500000,train,1,2.33,0.406,3.4,3.33,1.79,1.58,1.43,1.03,1.09,1.06,0,0.74,neutral,alcista,0,0.217,32,2862,2,
s12931,FETUSDT,1782481500000,train,1,3.14,0.433,4.44,4.39,3.08,2.39,2.66,0.96,1.02,1.1,0,0.74,neutral,alcista,0,0.373,32,2861,2,
s12932,PUMPUSDT,1782482400000,train,1,2.96,0.383,4.88,4.32,2.81,2.57,2.09,1.22,1.14,1.3,0,0.4,neutral,neutral,0,1.315,32,2863,0,
s12933,PUMPUSDT,1782483300000,train,1,3.2,0.402,5.25,4.85,2.44,2.64,2.38,1.22,1.14,1.3,0,0.55,neutral,neutral,0,1.295,32,2864,1,
s12934,FETUSDT,1782483300000,train,1,2.71,0.354,4.81,4.11,2.28,2.16,1.92,0.92,0.99,0.97,0,0.55,neutral,neutral,0,0.329,32,2863,1,
s12935,FETUSDT,1782485100000,train,1,2.85,0.364,4.83,3.77,1.25,2.37,1.39,0.92,0.99,0.97,0,0.47,neutral,neutral,0,0.625,32,2865,1,
s12936,AXSUSDT,1782485100000,testB,1,2.11,0.356,3.44,3.15,0.88,1.64,1.15,0.32,0.32,0.33,0,0.47,neutral,neutral,0,-0.438,32,2865,1,
s12937,JUPUSDT,1782486900000,train,1,4.09,0.366,6.84,6.14,1.17,2.79,2.98,1.17,1.21,1.2,0,1.3,neutral,alcista,0,0.273,32,2868,3,
s12938,FETUSDT,1782486900000,train,1,3.81,0.467,5.19,4.66,1.05,2.52,2.03,1.16,1.06,0.98,1,1.3,neutral,alcista,0,0.387,32,2867,3,
s12939,LDOUSDT,1782486900000,testB,1,3.69,0.379,5.2,5.08,0.98,2.4,2.64,1.17,0.9,0.67,1,1.3,neutral,alcista,0,-0.087,32,2867,2,
s12940,AXSUSDT,1782486900000,testB,1,2.41,0.4,3.73,3.53,0.64,1.11,1.29,0.32,0.28,0.33,0,1.3,neutral,alcista,0,-0.5,32,2867,3,
s12941,ASTERUSDT,1782487800000,train,1,2.13,0.375,2.99,2.8,0.93,0.48,1.06,0.64,0.45,0.28,1,1.65,neutral,alcista,0,-0.073,32,2869,2,
s12942,PUMPUSDT,1782487800000,train,1,4.1,0.373,6.06,5.82,0.64,2.44,2.69,1.32,1.15,1.24,0,1.65,neutral,alcista,0,0.905,32,2869,3,
s12943,ARBUSDT,1782487800000,train,1,2.99,0.369,4.4,4.19,0.9,1.34,1.87,1.39,1.15,1.06,1,1.65,neutral,alcista,0,0.188,32,2869,4,
s12944,INJUSDT,1782487800000,train,1,3.92,0.427,4.86,4.6,1.02,2.27,2.2,1.57,1.54,1.39,1,1.65,neutral,alcista,0,0.963,32,2869,3,
s12945,TIAUSDT,1782487800000,train,1,5.03,0.401,7.11,5.87,1.71,3.38,3.07,1.24,1.04,0.85,1,1.65,neutral,alcista,0,0.431,32,2869,4,
s12946,SEIUSDT,1782487800000,train,1,2.07,0.362,4.43,3.72,0.69,0.42,1.23,2.0,1.61,1.57,1,1.65,neutral,alcista,0,0.045,32,2869,3,
s12947,JUPUSDT,1782487800000,train,1,5.73,0.488,7.12,7.08,1.13,4.08,3.67,1.17,1.21,1.2,0,1.65,neutral,alcista,0,0.315,32,2869,4,
s12948,FETUSDT,1782487800000,train,1,5.44,0.556,7.17,6.25,1.39,3.79,3.42,1.16,1.06,0.98,1,1.65,neutral,alcista,0,0.193,32,2868,4,
s12949,GRTUSDT,1782487800000,testB,1,3.25,0.373,4.69,4.58,0.71,1.6,2.23,1.22,1.02,1.07,0,1.65,neutral,alcista,0,-0.133,32,2868,4,
s12950,LDOUSDT,1782487800000,testB,1,3.82,0.39,5.96,5.16,1.35,2.17,2.51,1.17,0.9,0.67,1,1.65,neutral,alcista,0,-0.062,32,2868,3,
s12951,MANAUSDT,1782487800000,testB,1,2.85,0.36,4.62,4.31,0.76,1.2,1.76,0.63,0.54,0.53,1,1.65,neutral,alcista,0,0.286,32,2868,2,
s12952,AXSUSDT,1782487800000,testB,1,2.81,0.438,4.2,3.91,0.65,1.16,1.55,0.32,0.28,0.33,0,1.65,neutral,alcista,0,-0.525,32,2868,4,
s12953,PUMPUSDT,1782488700000,train,1,5.04,0.488,6.05,5.9,0.85,3.51,2.45,1.32,1.15,1.24,0,1.52,neutral,alcista,0,0.987,32,2870,4,
s12954,OPUSDT,1782488700000,train,1,3.02,0.356,5.2,4.16,0.95,1.5,0.95,1.48,1.4,1.56,0,1.52,neutral,neutral,0,-0.023,32,2870,0,
s12955,INJUSDT,1782488700000,train,1,5.15,0.55,5.51,4.94,1.29,3.62,2.52,1.57,1.54,1.39,1,1.52,neutral,alcista,0,0.737,32,2870,4,
s12956,JUPUSDT,1782488700000,train,1,6.42,0.575,7.21,7.08,1.33,4.9,3.28,1.17,1.21,1.2,0,1.52,neutral,neutral,0,0.241,32,2870,0,
s12957,FETUSDT,1782488700000,train,1,5.58,0.575,7.18,6.09,1.68,4.06,2.88,1.16,1.06,0.98,1,1.52,neutral,neutral,0,0.34,32,2869,0,
s12958,LDOUSDT,1782488700000,testB,1,3.57,0.355,5.97,4.89,1.83,2.05,1.99,1.17,0.9,0.67,1,1.52,neutral,neutral,0,0.008,32,2869,0,
s12959,PUMPUSDT,1782489600000,train,1,4.93,0.484,7.12,6.34,1.11,3.72,2.65,1.55,1.26,1.21,1,1.21,neutral,alcista,0,0.877,32,2871,5,
s12960,OPUSDT,1782489600000,train,1,3.21,0.371,5.19,4.43,1.17,2.01,1.18,1.58,1.43,1.51,0,1.21,neutral,neutral,0,-0.128,32,2871,1,
s12961,INJUSDT,1782489600000,train,1,4.97,0.543,6.24,5.14,1.76,3.76,2.6,1.76,1.62,1.46,1,1.21,neutral,alcista,0,0.839,32,2871,5,
s12962,JUPUSDT,1782489600000,train,1,5.7,0.519,8.06,6.84,1.46,4.49,2.83,1.31,1.22,1.16,1,1.21,neutral,neutral,0,0.41,32,2871,0,
s12963,FETUSDT,1782489600000,train,1,6.29,0.605,8.14,6.94,2.67,5.08,3.49,1.54,1.22,1.04,1,1.21,neutral,neutral,0,0.156,32,2870,1,
s12964,MANAUSDT,1782489600000,testB,1,3.33,0.368,4.91,4.6,0.7,2.12,1.76,0.7,0.57,0.52,1,1.21,neutral,neutral,0,0.2,32,2870,1,
s12965,PUMPUSDT,1782490500000,train,1,4.75,0.475,7.11,6.41,1.14,4.22,2.46,1.55,1.26,1.21,1,0.53,neutral,alcista,0,0.634,32,2872,6,
s12966,INJUSDT,1782490500000,train,1,4.9,0.541,6.19,5.87,1.83,4.38,3.11,1.76,1.62,1.46,1,0.53,neutral,alcista,0,0.448,32,2872,6,
s12967,JUPUSDT,1782490500000,train,1,4.19,0.381,8.12,6.14,1.14,3.66,1.94,1.31,1.22,1.16,1,0.53,neutral,neutral,0,0.345,32,2872,0,
s12968,FETUSDT,1782490500000,train,1,5.22,0.534,8.16,6.73,2.64,4.7,2.92,1.54,1.22,1.04,1,0.53,neutral,neutral,0,0.085,32,2871,0,
s12969,MANAUSDT,1782490500000,testB,1,3.16,0.357,4.91,4.6,0.89,2.64,1.59,0.7,0.57,0.52,1,0.53,neutral,neutral,0,0.267,32,2871,0,
s12970,PUMPUSDT,1782491400000,train,1,7.13,0.705,8.28,7.42,1.42,5.57,3.34,1.55,1.26,1.21,1,1.56,neutral,alcista,0,0.333,32,2873,7,
s12971,STBLUSDT,1782491400000,train,1,7.78,0.634,9.88,7.96,2.08,6.22,3.83,1.95,1.41,0.94,1,1.56,neutral,neutral,0,-0.225,32,2873,0,
s12972,ARBUSDT,1782491400000,train,1,3.49,0.455,5.08,4.43,0.83,1.93,1.58,1.48,1.2,1.05,1,1.56,neutral,neutral,0,0.156,32,2873,1,
s12973,OPUSDT,1782491400000,train,1,3.81,0.47,5.18,4.61,1.01,2.25,1.27,1.58,1.43,1.51,0,1.56,neutral,neutral,0,-0.347,32,2873,1,
s12974,INJUSDT,1782491400000,train,1,6.52,0.706,7.0,6.62,1.83,4.96,3.62,1.76,1.62,1.46,1,1.56,neutral,alcista,0,0.274,32,2873,7,
s12975,SUIUSDT,1782491400000,train,1,3.09,0.432,4.45,3.94,0.88,1.53,1.28,1.35,1.15,0.99,1,1.56,neutral,neutral,0,0.047,32,2873,1,
s12976,TIAUSDT,1782491400000,train,1,5.19,0.423,6.42,5.04,0.87,3.63,2.21,1.23,1.1,0.83,1,1.56,neutral,alcista,0,0.267,32,2873,3,
s12977,SEIUSDT,1782491400000,train,1,2.16,0.359,4.46,3.14,0.74,0.6,0.52,1.57,1.64,1.52,0,1.56,neutral,neutral,0,-0.331,32,2873,0,
s12978,JUPUSDT,1782491400000,train,1,6.44,0.611,8.06,6.84,1.21,4.88,2.53,1.31,1.22,1.16,1,1.56,neutral,neutral,0,0.096,32,2873,1,
s12979,PENDLEUSDT,1782491400000,train,1,3.52,0.384,4.95,4.31,0.82,1.96,1.78,0.96,0.8,0.71,1,1.56,neutral,neutral,0,0.258,32,2873,1,
s12980,ONDOUSDT,1782491400000,train,1,2.87,0.355,4.78,4.08,0.97,1.31,1.29,1.07,0.95,0.93,1,1.56,neutral,neutral,0,-0.109,32,2872,1,
s12981,FETUSDT,1782491400000,train,1,6.6,0.703,8.13,7.1,1.97,5.04,3.05,1.54,1.22,1.04,1,1.56,neutral,neutral,0,-0.008,32,2872,1,
s12982,ARUSDT,1782491400000,testB,1,3.5,0.492,4.81,4.07,0.9,1.94,1.32,1.01,1.08,0.91,0,1.56,neutral,neutral,0,-0.312,32,2872,1,
s12983,STXUSDT,1782491400000,testB,1,4.0,0.556,5.73,5.02,0.53,2.44,1.43,1.87,1.34,1.15,1,1.56,neutral,neutral,0,-0.059,32,2872,1,
s12984,GRTUSDT,1782491400000,testB,1,3.16,0.374,4.73,3.89,1.07,1.6,1.03,1.27,1.08,1.08,0,1.56,neutral,neutral,0,-0.1,32,2872,1,
s12985,LDOUSDT,1782491400000,testB,1,5.23,0.616,6.24,5.65,1.19,3.67,2.22,1.28,0.98,0.7,1,1.56,neutral,alcista,0,-0.261,32,2872,3,
s12986,SANDUSDT,1782491400000,testB,1,3.83,0.559,4.79,4.41,0.8,2.28,1.55,0.57,0.46,0.45,1,1.56,neutral,neutral,0,-0.048,32,2872,1,
s12987,MANAUSDT,1782491400000,testB,1,4.31,0.529,5.51,4.75,0.95,2.75,1.6,0.7,0.57,0.52,1,1.56,neutral,neutral,0,0.161,32,2872,0,
s12988,AXSUSDT,1782491400000,testB,1,3.23,0.593,4.21,3.72,0.91,1.67,0.84,0.34,0.29,0.33,0,1.56,neutral,neutral,0,-0.684,32,2872,0,
s12989,XPLUSDT,1782492300000,train,1,6.72,0.41,7.18,6.9,0.93,5.29,2.57,1.42,1.15,1.11,1,1.44,neutral,alcista,0,-1.0,4,2874,3,
s12990,PUMPUSDT,1782492300000,train,1,6.77,0.695,8.28,7.42,1.3,5.33,2.94,1.55,1.26,1.21,1,1.44,neutral,neutral,0,0.375,32,2874,0,
s12991,STBLUSDT,1782492300000,train,1,7.54,0.622,9.89,7.93,2.49,6.1,3.44,1.95,1.41,0.94,1,1.44,neutral,neutral,0,-0.132,32,2874,0,
s12992,ARBUSDT,1782492300000,train,1,3.13,0.415,5.08,4.31,0.76,1.7,1.28,1.48,1.2,1.05,1,1.44,neutral,neutral,0,0.28,32,2874,0,
s12993,OPUSDT,1782492300000,train,1,3.63,0.435,5.2,4.16,0.81,2.19,0.71,1.58,1.43,1.51,0,1.44,neutral,neutral,0,-0.273,32,2874,0,
s12994,INJUSDT,1782492300000,train,1,6.11,0.653,7.02,6.39,1.56,4.67,2.98,1.76,1.62,1.46,1,1.44,neutral,neutral,0,0.521,32,2874,0,
s12995,SUIUSDT,1782492300000,train,1,2.79,0.388,4.46,3.79,0.78,1.35,0.97,1.35,1.15,0.99,1,1.44,neutral,neutral,0,0.19,32,2874,0,
s12996,TIAUSDT,1782492300000,train,1,4.55,0.374,6.35,4.7,0.74,3.11,1.71,1.23,1.1,0.83,1,1.44,neutral,neutral,0,0.397,32,2874,0,
s12997,SEIUSDT,1782492300000,train,1,2.21,0.368,4.47,2.77,0.79,0.77,0.16,1.57,1.64,1.52,0,1.44,neutral,neutral,0,-0.295,32,2874,0,
s12998,JUPUSDT,1782492300000,train,1,6.01,0.568,8.08,6.63,0.93,4.57,2.02,1.31,1.22,1.16,1,1.44,neutral,neutral,0,0.179,32,2874,0,
s12999,PENDLEUSDT,1782492300000,train,1,3.4,0.367,4.96,4.15,0.74,1.97,1.49,0.96,0.8,0.71,1,1.44,neutral,neutral,0,0.311,32,2874,0,
s13000,ONDOUSDT,1782492300000,train,1,3.36,0.404,4.83,4.42,1.05,1.92,1.45,1.07,0.95,0.93,1,1.44,neutral,alcista,0,-0.036,32,2873,2,
s13001,FETUSDT,1782492300000,train,1,6.24,0.64,8.16,6.73,1.62,4.81,2.35,1.54,1.22,1.04,1,1.44,neutral,neutral,0,0.203,32,2873,0,
s13002,ARUSDT,1782492300000,testB,1,2.84,0.377,4.84,3.56,0.83,1.41,0.69,1.01,1.08,0.91,0,1.44,neutral,neutral,0,-0.09,32,2873,0,
s13003,STXUSDT,1782492300000,testB,1,3.81,0.517,5.75,4.8,0.44,2.38,1.08,1.87,1.34,1.15,1,1.44,neutral,neutral,0,0.086,32,2873,0,
s13004,GRTUSDT,1782492300000,testB,1,3.62,0.429,4.72,4.11,0.85,2.19,1.12,1.27,1.08,1.08,0,1.44,neutral,alcista,0,-0.081,32,2873,2,
s13005,LDOUSDT,1782492300000,testB,1,5.1,0.61,6.24,5.65,0.8,3.66,1.95,1.28,0.98,0.7,1,1.44,neutral,alcista,0,-0.211,32,2873,4,
s13006,SANDUSDT,1782492300000,testB,1,3.22,0.452,4.81,4.01,0.76,1.78,1.0,0.57,0.46,0.45,1,1.44,neutral,neutral,0,0.127,32,2873,0,
s13007,MANAUSDT,1782492300000,testB,1,4.15,0.52,5.51,4.75,0.85,2.71,1.44,0.7,0.57,0.52,1,1.44,neutral,neutral,0,0.194,32,2873,0,
s13008,AXSUSDT,1782492300000,testB,1,2.41,0.444,4.22,3.34,0.89,0.98,0.4,0.34,0.29,0.33,0,1.44,neutral,neutral,0,-0.588,32,2873,0,
s13009,XPLUSDT,1782493200000,train,1,7.19,0.427,7.54,7.44,0.83,5.3,2.9,2.0,1.45,1.21,1,1.89,neutral,alcista,0,-1.0,3,2875,4,
s13010,PUMPUSDT,1782493200000,train,1,7.09,0.705,8.24,7.85,1.0,5.2,3.05,1.54,1.27,1.14,1,1.89,neutral,neutral,0,0.314,32,2875,1,
s13011,ENAUSDT,1782493200000,train,1,3.78,0.37,4.76,4.7,0.67,1.9,2.0,1.58,1.3,1.0,1,1.89,neutral,alcista,0,-0.32,32,2875,5,
s13012,ARBUSDT,1782493200000,train,1,3.92,0.471,5.2,5.02,0.63,2.03,1.77,1.49,1.23,1.05,1,1.89,neutral,neutral,0,0.013,32,2875,1,
s13013,OPUSDT,1782493200000,train,1,3.42,0.422,5.2,4.25,0.67,1.54,0.66,1.54,1.41,1.49,0,1.89,neutral,neutral,0,-0.378,32,2875,1,
s13014,INJUSDT,1782493200000,train,1,6.85,0.679,7.62,7.22,1.17,4.97,3.4,1.85,1.68,1.49,1,1.89,neutral,neutral,0,0.218,32,2875,1,
s13015,SUIUSDT,1782493200000,train,1,3.42,0.438,4.5,4.44,0.65,1.54,1.44,1.38,1.17,0.95,1,1.89,neutral,neutral,0,0.019,32,2875,1,
s13016,TIAUSDT,1782493200000,train,1,5.32,0.413,6.99,6.22,0.92,3.44,2.93,1.78,1.42,0.97,1,1.89,neutral,neutral,0,0.009,32,2875,1,
s13017,SEIUSDT,1782493200000,train,1,2.19,0.366,4.47,2.92,0.67,0.3,0.25,1.47,1.66,1.5,0,1.89,neutral,neutral,0,-0.396,32,2875,1,
s13018,JUPUSDT,1782493200000,train,1,6.6,0.592,8.03,7.24,0.68,4.72,2.34,1.36,1.31,1.14,1,1.89,neutral,neutral,0,0.06,32,2875,1,
s13019,PENDLEUSDT,1782493200000,train,1,5.0,0.46,6.51,5.73,1.13,3.11,2.81,1.23,0.96,0.77,1,1.89,neutral,neutral,0,-0.088,32,2875,1,
s13020,ONDOUSDT,1782493200000,train,1,4.47,0.488,5.53,5.31,1.08,2.59,2.06,1.1,0.96,0.93,1,1.89,neutral,alcista,0,-0.253,32,2874,3,
s13021,FETUSDT,1782493200000,train,1,6.16,0.638,8.13,7.0,0.71,4.27,2.28,1.59,1.22,1.04,1,1.89,neutral,neutral,0,0.089,32,2874,1,
s13022,ARUSDT,1782493200000,testB,1,3.33,0.415,4.81,4.07,0.69,1.45,1.02,0.98,1.06,0.9,0,1.89,neutral,neutral,0,-0.208,32,2874,1,
s13023,STXUSDT,1782493200000,testB,1,4.24,0.543,5.72,5.3,0.34,2.35,1.37,1.83,1.34,1.14,1,1.89,neutral,neutral,0,-0.056,32,2874,1,
s13024,GRTUSDT,1782493200000,testB,1,4.07,0.458,5.01,4.79,0.72,2.19,1.62,1.42,1.19,1.11,1,1.89,neutral,alcista,0,-0.287,32,2874,3,
s13025,LDOUSDT,1782493200000,testB,1,5.55,0.63,6.36,6.21,0.65,3.66,2.25,1.32,1.01,0.71,1,1.89,neutral,alcista,0,-0.318,32,2874,5,
s13026,SANDUSDT,1782493200000,testB,1,3.78,0.493,4.82,4.71,0.71,1.89,1.53,0.58,0.48,0.46,1,1.89,neutral,neutral,0,-0.071,32,2874,1,
s13027,MANAUSDT,1782493200000,testB,1,4.61,0.547,5.47,5.47,0.71,2.72,1.98,0.72,0.57,0.52,1,1.89,neutral,neutral,0,0.0,32,2874,1,
s13028,AXSUSDT,1782493200000,testB,1,2.82,0.483,4.21,3.72,0.73,0.93,0.69,0.31,0.29,0.32,0,1.89,neutral,neutral,0,-0.711,32,2874,1,
s13029,PUMPUSDT,1782494100000,train,1,7.15,0.707,6.9,6.9,0.89,4.99,3.26,1.54,1.27,1.14,1,2.16,bull,alcista,0,0.233,32,2876,2,
s13030,STBLUSDT,1782494100000,train,1,8.34,0.688,9.61,7.91,0.53,6.18,3.28,1.99,1.44,0.93,1,2.16,bull,neutral,0,-0.105,32,2876,0,
s13031,0GUSDT,1782494100000,train,1,2.69,0.359,5.25,2.91,1.56,0.54,0.71,1.84,1.91,2.06,0,2.16,bull,alcista,0,-0.081,32,2876,2,
s13032,ENAUSDT,1782494100000,train,1,3.69,0.365,4.08,3.89,0.63,1.53,2.04,1.58,1.3,1.0,1,2.16,bull,neutral,0,-0.364,32,2876,0,
s13033,ARBUSDT,1782494100000,train,1,4.56,0.541,4.71,4.56,0.58,2.4,2.03,1.49,1.23,1.05,1,2.16,bull,alcista,0,-0.029,32,2876,2,
s13034,OPUSDT,1782494100000,train,1,3.32,0.405,4.54,3.5,0.54,1.17,0.63,1.54,1.41,1.49,0,2.16,bull,neutral,0,-0.162,32,2876,0,
s13035,INJUSDT,1782494100000,train,1,5.94,0.551,7.28,6.13,0.98,3.78,2.47,1.85,1.68,1.49,1,2.16,bull,neutral,0,0.451,32,2876,0,
s13036,SUIUSDT,1782494100000,train,1,3.38,0.43,3.61,3.43,0.56,1.22,1.34,1.38,1.17,0.95,1,2.16,bull,neutral,0,0.126,32,2876,0,
s13037,TIAUSDT,1782494100000,train,1,5.89,0.474,6.57,5.72,0.89,3.73,2.71,1.78,1.42,0.97,1,2.16,bull,neutral,0,0.019,32,2876,0,
s13038,PENDLEUSDT,1782494100000,train,1,5.67,0.494,6.11,5.56,1.94,3.51,3.25,1.23,0.96,0.77,1,2.16,bull,alcista,0,-0.159,32,2876,2,
s13039,ONDOUSDT,1782494100000,train,1,4.78,0.525,4.84,4.72,1.01,2.62,2.07,1.1,0.96,0.93,1,2.16,bull,alcista,0,-0.252,32,2875,4,
s13040,FETUSDT,1782494100000,train,1,6.4,0.646,7.03,6.18,0.52,4.24,2.44,1.59,1.22,1.04,1,2.16,bull,alcista,0,0.312,32,2875,2,
s13041,ARUSDT,1782494100000,testB,1,3.28,0.411,4.07,3.38,0.57,1.12,1.16,0.98,1.06,0.9,0,2.16,bull,alcista,0,-0.266,32,2875,2,
s13042,STXUSDT,1782494100000,testB,1,4.31,0.556,4.78,4.25,0.25,2.15,1.33,1.83,1.34,1.14,1,2.16,bull,neutral,0,-0.042,32,2875,0,
s13043,GRTUSDT,1782494100000,testB,1,4.3,0.478,4.29,4.24,0.65,2.15,1.75,1.42,1.19,1.11,1,2.16,bull,alcista,0,-0.286,32,2875,4,
s13044,LDOUSDT,1782494100000,testB,1,5.97,0.647,5.87,5.75,0.53,3.81,2.61,1.32,1.01,0.71,1,2.16,bull,alcista,0,-0.384,32,2875,6,
s13045,SANDUSDT,1782494100000,testB,1,3.83,0.501,4.04,3.81,0.9,1.67,1.44,0.58,0.48,0.46,1,2.16,bull,neutral,0,-0.127,32,2875,0,
s13046,MANAUSDT,1782494100000,testB,1,5.1,0.593,5.0,4.85,0.61,2.94,2.2,0.72,0.57,0.52,1,2.16,bull,alcista,0,-0.125,32,2875,2,
s13047,AXSUSDT,1782494100000,testB,1,3.02,0.5,3.52,3.22,0.65,0.86,0.98,0.31,0.29,0.32,0,2.16,bull,alcista,0,-0.848,32,2875,2,
s13048,PUMPUSDT,1782495000000,train,1,5.34,0.611,6.15,5.69,0.58,4.35,2.68,1.54,1.27,1.14,1,0.99,neutral,neutral,0,0.176,32,2877,0,
s13049,STBLUSDT,1782495000000,train,1,6.78,0.598,8.6,6.52,0.32,5.79,2.59,1.99,1.44,0.93,1,0.99,neutral,neutral,0,-0.09,32,2877,0,
s13050,ARBUSDT,1782495000000,train,1,3.22,0.414,3.92,3.42,0.62,2.23,1.48,1.49,1.23,1.05,1,0.99,neutral,neutral,0,0.083,32,2877,0,
s13051,INJUSDT,1782495000000,train,1,5.48,0.51,6.92,5.55,0.89,4.49,2.02,1.85,1.68,1.49,1,0.99,neutral,neutral,0,0.408,32,2877,0,
s13052,TIAUSDT,1782495000000,train,1,7.2,0.528,7.95,7.41,2.24,6.21,5.22,1.78,1.42,0.97,1,0.99,neutral,neutral,0,-0.418,32,2877,1,
s13053,JUPUSDT,1782495000000,train,1,8.23,0.695,8.24,7.9,0.76,7.24,3.9,1.36,1.31,1.14,1,0.99,neutral,alcista,0,-0.168,32,2877,3,
s13054,PENDLEUSDT,1782495000000,train,1,4.75,0.442,5.93,5.27,2.16,3.76,2.83,1.23,0.96,0.77,1,0.99,neutral,neutral,0,-0.182,32,2877,0,
s13055,ONDOUSDT,1782495000000,train,1,3.26,0.416,3.75,3.47,0.93,2.27,1.74,1.1,0.96,0.93,1,0.99,neutral,neutral,0,-0.306,32,2876,0,
s13056,FETUSDT,1782495000000,train,1,4.71,0.537,5.97,4.84,0.44,3.72,1.95,1.59,1.22,1.04,1,0.99,neutral,neutral,0,0.235,32,2876,0,
s13057,ARUSDT,1782495000000,testB,1,2.55,0.353,3.38,2.7,0.4,1.56,1.03,0.98,1.06,0.9,0,0.99,neutral,neutral,0,-0.333,32,2876,0,
s13058,STXUSDT,1782495000000,testB,1,3.35,0.495,3.95,3.48,0.19,2.36,1.26,1.83,1.34,1.14,1,0.99,neutral,neutral,0,-0.068,32,2876,0,
s13059,GRTUSDT,1782495000000,testB,1,3.63,0.438,4.05,3.72,1.06,2.64,2.12,1.42,1.19,1.11,1,0.99,neutral,alcista,0,-0.5,32,2876,5,
s13060,LDOUSDT,1782495000000,testB,1,4.91,0.604,5.3,5.07,0.45,3.92,2.52,1.32,1.01,0.71,1,0.99,neutral,alcista,0,-0.488,32,2876,7,
s13061,SANDUSDT,1782495000000,testB,1,2.79,0.426,3.09,2.97,0.88,1.8,1.38,0.58,0.48,0.46,1,0.99,neutral,neutral,0,-0.255,32,2876,1,
s13062,MANAUSDT,1782495000000,testB,1,3.92,0.532,4.08,4.08,0.47,2.94,2.24,0.72,0.57,0.52,1,0.99,neutral,alcista,0,-0.259,32,2876,3,
s13063,PUMPUSDT,1782495900000,train,1,3.04,0.373,5.35,4.03,0.56,3.29,1.62,1.54,1.27,1.14,1,-0.25,neutral,neutral,0,0.462,32,2878,0,
s13064,STBLUSDT,1782495900000,train,1,4.69,0.484,7.75,5.4,0.32,4.95,2.14,1.99,1.44,0.93,1,-0.25,neutral,neutral,0,-0.116,32,2878,0,
s13065,INJUSDT,1782495900000,train,1,3.83,0.415,6.04,4.57,0.84,4.09,1.7,1.85,1.68,1.49,1,-0.25,neutral,neutral,0,0.601,32,2878,0,
s13066,TIAUSDT,1782495900000,train,1,5.64,0.448,8.5,7.15,2.95,5.89,4.32,1.78,1.42,0.97,1,-0.25,neutral,neutral,0,-0.38,32,2878,0,
s13067,JUPUSDT,1782495900000,train,1,5.56,0.484,8.12,6.05,1.04,5.82,2.46,1.36,1.31,1.14,1,-0.25,neutral,neutral,0,-0.343,32,2878,0,
s13068,FETUSDT,1782495900000,train,1,2.51,0.355,4.96,3.54,0.41,2.77,1.45,1.59,1.22,1.04,1,-0.25,neutral,neutral,0,0.387,32,2877,0,
s13069,LDOUSDT,1782495900000,testB,1,3.29,0.485,4.68,4.29,0.49,3.55,2.11,1.32,1.01,0.71,1,-0.25,neutral,neutral,0,-0.578,32,2877,0,
s13070,MANAUSDT,1782495900000,testB,1,2.64,0.436,3.47,3.32,0.52,2.89,1.98,0.72,0.57,0.52,1,-0.25,neutral,neutral,0,-0.409,32,2877,0,
s13071,PUMPUSDT,1782496800000,train,1,3.28,0.398,5.34,4.18,0.56,3.09,1.56,1.51,1.25,1.11,1,0.19,neutral,neutral,0,0.537,32,2879,1,
s13072,STBLUSDT,1782496800000,train,1,5.28,0.561,7.61,5.4,0.34,5.1,2.08,1.68,1.44,0.95,1,0.19,neutral,neutral,0,-0.163,32,2879,1,
s13073,ARBUSDT,1782496800000,train,1,2.67,0.422,3.93,3.21,1.06,2.49,1.48,1.5,1.26,1.07,1,0.19,neutral,neutral,0,0.151,32,2879,1,
s13074,INJUSDT,1782496800000,train,1,3.63,0.382,5.81,3.67,0.82,3.45,0.93,1.88,1.68,1.5,1,0.19,neutral,neutral,0,1.109,32,2879,0,
s13075,TIAUSDT,1782496800000,train,1,6.91,0.576,8.53,7.36,3.4,6.72,4.19,2.36,1.68,1.12,1,0.19,neutral,neutral,0,-0.365,32,2879,1,
s13076,JUPUSDT,1782496800000,train,1,4.86,0.423,7.37,4.94,1.11,4.68,1.96,1.38,1.3,1.12,1,0.19,neutral,neutral,0,-0.114,32,2879,0,
s13077,PENDLEUSDT,1782496800000,train,1,3.42,0.385,5.95,4.88,1.85,3.23,1.92,1.22,0.97,0.74,1,0.19,neutral,neutral,0,-0.042,32,2879,0,
s13078,FETUSDT,1782496800000,train,1,3.29,0.467,4.95,3.87,0.42,3.1,1.61,1.62,1.23,1.04,1,0.19,neutral,neutral,0,0.279,32,2878,1,
s13079,LDOUSDT,1782496800000,testB,1,3.11,0.442,4.88,3.61,0.65,2.92,1.25,1.26,1.0,0.72,1,0.19,neutral,neutral,0,-0.363,32,2878,0,
s13080,MANAUSDT,1782496800000,testB,1,2.8,0.474,3.48,3.03,0.54,2.62,1.53,0.65,0.55,0.5,1,0.19,neutral,neutral,0,-0.25,32,2878,0,
s13081,STBLUSDT,1782497700000,train,1,4.3,0.454,7.65,4.92,0.36,4.67,1.28,1.68,1.44,0.95,1,-0.37,neutral,neutral,0,0.026,32,2880,0,
s13082,TIAUSDT,1782497700000,train,1,6.07,0.487,8.58,6.79,4.15,6.44,2.96,2.36,1.68,1.12,1,-0.37,neutral,neutral,0,-0.28,32,2880,0,
s13083,APEUSDT,1782497700000,testB,-1,-3.53,0.375,5.56,4.54,0.51,-3.15,0.93,2.44,3.5,3.74,0,-0.37,neutral,bajista,0,-0.373,32,2879,3,
s13084,PUMPUSDT,1782498600000,train,1,3.38,0.477,5.37,3.58,0.54,3.08,0.38,1.51,1.25,1.11,1,0.3,neutral,neutral,0,0.804,32,2881,0,
s13085,STBLUSDT,1782498600000,train,1,5.57,0.6,7.53,5.27,0.3,5.27,1.35,1.68,1.44,0.95,1,0.3,neutral,neutral,0,-0.032,32,2881,1,
s13086,ARBUSDT,1782498600000,train,1,2.6,0.441,3.93,2.63,0.98,2.31,0.45,1.5,1.26,1.07,1,0.3,neutral,neutral,0,0.6,32,2881,0,
s13087,SUIUSDT,1782498600000,train,1,2.02,0.371,2.84,2.41,0.43,1.72,0.45,1.33,1.12,0.93,1,0.3,neutral,neutral,0,0.661,32,2881,1,
s13088,TIAUSDT,1782498600000,train,1,6.56,0.541,8.61,6.42,2.24,6.27,2.15,2.36,1.68,1.12,1,0.3,neutral,neutral,0,-0.191,32,2881,0,
s13089,PENDLEUSDT,1782498600000,train,1,3.88,0.492,5.99,4.25,0.7,3.58,0.71,1.22,0.97,0.74,1,0.3,neutral,neutral,0,0.292,32,2881,0,
s13090,FETUSDT,1782498600000,train,1,2.95,0.403,4.92,3.15,0.54,2.65,0.36,1.62,1.23,1.04,1,0.3,neutral,neutral,0,1.091,32,2880,1,
s13091,STXUSDT,1782498600000,testB,1,2.05,0.459,2.66,2.07,0.41,1.75,0.39,1.66,1.32,1.15,1,0.3,neutral,neutral,0,0.6,32,2880,0,
s13092,GRTUSDT,1782498600000,testB,1,2.31,0.376,3.64,2.48,0.61,2.02,0.45,1.36,1.18,1.09,1,0.3,neutral,neutral,0,-0.133,32,2880,0,
s13093,LDOUSDT,1782498600000,testB,1,3.28,0.513,4.88,3.45,0.66,2.98,0.58,1.26,1.0,0.72,1,0.3,neutral,neutral,0,-0.264,32,2880,1,
s13094,MANAUSDT,1782498600000,testB,1,2.34,0.405,3.5,2.59,0.45,2.04,0.55,0.65,0.55,0.5,1,0.3,neutral,neutral,0,0.176,32,2880,1,
s13095,PUMPUSDT,1782499500000,train,1,3.22,0.444,5.39,3.36,0.57,3.09,0.14,1.51,1.25,1.11,1,0.13,neutral,neutral,1,2.0,17,2882,0,
s13096,STBLUSDT,1782499500000,train,1,5.05,0.578,7.36,5.14,0.23,4.92,1.31,1.68,1.44,0.95,1,0.13,neutral,alcista,0,-0.024,32,2882,2,
s13097,INJUSDT,1782499500000,train,1,3.75,0.455,5.36,3.74,0.64,3.61,0.97,1.88,1.68,1.5,1,0.13,neutral,neutral,0,0.961,32,2882,0,
s13098,TIAUSDT,1782499500000,train,1,5.89,0.511,8.62,6.37,1.82,5.76,2.02,2.36,1.68,1.12,1,0.13,neutral,neutral,0,-0.209,32,2882,0,
s13099,PENDLEUSDT,1782499500000,train,1,3.4,0.407,6.02,3.74,0.59,3.27,0.24,1.22,0.97,0.74,1,0.13,neutral,neutral,0,0.461,32,2882,0,
s13100,FETUSDT,1782499500000,train,1,2.71,0.371,4.81,2.92,0.54,2.57,0.28,1.62,1.23,1.04,1,0.13,neutral,neutral,0,1.451,32,2881,0,
s13101,LDOUSDT,1782499500000,testB,1,3.07,0.472,4.81,3.22,0.62,2.94,0.45,1.26,1.0,0.72,1,0.13,neutral,neutral,0,-0.247,32,2881,0,
s13102,MANAUSDT,1782499500000,testB,1,2.02,0.371,3.5,2.59,0.38,1.88,0.56,0.65,0.55,0.5,1,0.13,neutral,alcista,0,0.118,32,2881,2,
s13103,PUMPUSDT,1782500400000,train,1,4.34,0.519,4.93,4.31,0.71,4.0,1.32,1.46,1.29,1.13,1,0.33,neutral,neutral,0,0.107,32,2883,1,
s13104,STBLUSDT,1782500400000,train,1,5.32,0.602,7.1,5.05,0.23,4.99,1.28,1.49,1.43,0.97,1,0.33,neutral,alcista,0,-0.165,32,2883,3,
s13105,ARBUSDT,1782500400000,train,1,2.37,0.369,3.39,2.44,0.79,2.03,0.73,1.28,1.26,1.06,1,0.33,neutral,neutral,0,0.392,32,2883,1,
s13106,INJUSDT,1782500400000,train,1,5.58,0.555,5.76,5.6,0.65,5.25,2.6,1.97,1.78,1.55,1,0.33,neutral,neutral,0,0.165,32,2883,1,
s13107,SUIUSDT,1782500400000,train,1,2.46,0.4,2.94,2.51,0.71,2.12,0.87,1.26,1.14,0.95,1,0.33,neutral,neutral,0,0.324,32,2883,1,
s13108,TIAUSDT,1782500400000,train,1,5.69,0.498,7.84,5.54,1.28,5.35,1.75,2.32,1.64,1.15,1,0.33,neutral,neutral,0,-0.33,32,2883,0,
s13109,PENDLEUSDT,1782500400000,train,1,3.26,0.397,5.36,3.33,0.53,2.92,0.4,1.18,0.99,0.74,1,0.33,neutral,neutral,0,0.286,32,2883,1,
s13110,FETUSDT,1782500400000,train,1,3.24,0.414,4.56,3.19,0.57,2.9,0.7,1.44,1.2,1.05,1,0.33,neutral,neutral,0,0.946,32,2882,1,
s13111,GRTUSDT,1782500400000,testB,1,2.53,0.391,3.29,2.63,0.54,2.2,0.82,1.22,1.2,1.12,1,0.33,neutral,neutral,0,-0.604,32,2882,1,
s13112,LDOUSDT,1782500400000,testB,1,3.27,0.488,4.43,3.29,0.44,2.94,0.75,1.14,1.02,0.75,1,0.33,neutral,neutral,0,-0.434,32,2882,1,
s13113,MANAUSDT,1782500400000,testB,1,2.8,0.5,3.18,2.73,0.52,2.47,0.86,0.53,0.54,0.5,0,0.33,neutral,alcista,0,-0.167,32,2882,3,
s13114,PUMPUSDT,1782501300000,train,1,3.25,0.451,4.22,3.76,0.95,3.66,1.72,1.46,1.29,1.13,1,-0.41,neutral,alcista,0,0.122,32,2884,2,
s13115,STBLUSDT,1782501300000,train,1,4.13,0.543,6.26,4.22,0.13,4.54,1.26,1.49,1.43,0.97,1,-0.41,neutral,neutral,0,-0.158,32,2884,0,
s13116,INJUSDT,1782501300000,train,1,5.58,0.556,5.79,5.65,0.76,5.99,2.85,1.97,1.78,1.55,1,-0.41,neutral,alcista,0,0.058,32,2884,2,
s13117,TIAUSDT,1782501300000,train,1,4.65,0.451,7.17,5.51,0.88,5.06,2.27,2.32,1.64,1.15,1,-0.41,neutral,neutral,0,-0.472,32,2884,1,
s13118,MANAUSDT,1782501300000,testB,1,2.01,0.419,3.03,2.58,0.61,2.42,0.84,0.53,0.54,0.5,0,-0.41,neutral,neutral,0,-0.118,32,2883,0,
s13119,PUMPUSDT,1782502200000,train,1,3.3,0.457,4.72,4.42,0.96,4.2,2.2,1.46,1.29,1.13,1,-0.9,neutral,alcista,0,-0.069,32,2885,3,
s13120,STBLUSDT,1782502200000,train,1,3.0,0.467,5.29,3.58,0.14,3.9,1.37,1.49,1.43,0.97,1,-0.9,neutral,neutral,0,-0.314,32,2885,1,
s13121,INJUSDT,1782502200000,train,1,4.97,0.53,5.47,5.32,0.88,5.87,3.0,1.97,1.78,1.55,1,-0.9,neutral,alcista,0,-0.046,32,2885,3,
s13122,TIAUSDT,1782502200000,train,1,3.77,0.402,7.16,5.6,0.69,4.67,2.07,2.32,1.64,1.15,1,-0.9,neutral,alcista,0,-0.542,32,2885,2,
s13123,SEIUSDT,1782502200000,train,-1,-2.12,0.536,2.82,2.3,0.81,-1.22,0.57,1.13,1.5,1.38,0,-0.9,neutral,neutral,0,-1.0,12,2885,0,
s13124,PUMPUSDT,1782503100000,train,1,3.14,0.435,4.5,3.43,1.31,4.1,1.87,1.46,1.29,1.13,1,-0.96,neutral,neutral,0,-0.044,32,2886,0,
s13125,STBLUSDT,1782503100000,train,1,2.8,0.419,5.07,2.72,0.21,3.75,0.68,1.49,1.43,0.97,1,-0.96,neutral,neutral,0,0.046,32,2886,0,
s13126,PUMPUSDT,1782504000000,train,1,3.36,0.453,5.07,4.09,1.58,4.12,2.13,1.52,1.38,1.17,1,-0.75,neutral,neutral,0,-0.148,32,2887,1,
s13127,TIAUSDT,1782504000000,train,1,3.75,0.352,7.07,4.53,0.41,4.5,0.72,2.36,1.68,1.18,1,-0.75,neutral,neutral,0,-0.514,32,2887,1,
s13128,PENDLEUSDT,1782504000000,train,1,2.71,0.38,4.0,3.32,0.93,3.46,1.5,1.21,1.03,0.77,1,-0.75,neutral,alcista,0,-0.116,32,2887,3,
s13129,PUMPUSDT,1782504900000,train,1,4.46,0.523,5.39,4.72,1.7,4.9,2.88,1.52,1.38,1.17,1,-0.45,neutral,alcista,0,-0.381,32,2888,2,
s13130,PENDLEUSDT,1782504900000,train,1,3.05,0.418,3.4,2.96,1.04,3.49,1.45,1.21,1.03,0.77,1,-0.45,neutral,alcista,0,-0.101,32,2888,4,
s13131,LDOUSDT,1782508500000,testB,-1,-2.2,0.438,3.38,2.86,0.84,-1.7,0.8,0.88,1.02,0.78,0,-0.51,neutral,neutral,0,0.324,32,2891,0,
s13132,LDOUSDT,1782509400000,testB,-1,-2.16,0.426,3.37,2.61,0.61,-2.09,0.5,0.88,1.02,0.78,0,-0.07,neutral,neutral,0,0.323,32,2892,0,
s13133,TIAUSDT,1782510300000,train,-1,-2.31,0.352,3.87,3.79,0.2,-2.12,0.83,2.08,1.67,1.16,1,-0.19,neutral,neutral,0,0.042,32,2894,1,
s13134,LDOUSDT,1782510300000,testB,-1,-2.44,0.456,3.39,3.07,0.62,-2.25,0.93,0.88,1.02,0.78,0,-0.19,neutral,neutral,0,0.132,32,2893,1,
s13135,PUMPUSDT,1782513000000,train,1,4.44,0.404,5.37,4.92,0.73,4.14,2.12,1.36,1.47,1.21,0,0.3,neutral,alcista,0,-0.53,32,2897,3,
s13136,SEIUSDT,1782513000000,train,1,2.54,0.449,2.85,2.79,0.8,2.24,1.48,0.93,1.25,1.4,0,0.3,neutral,alcista,0,-0.758,32,2897,3,
s13137,PUMPUSDT,1782513900000,train,1,4.92,0.447,5.36,4.99,0.9,4.32,2.1,1.36,1.47,1.21,0,0.6,neutral,alcista,0,-0.612,32,2898,4,
s13138,SEIUSDT,1782513900000,train,1,2.98,0.492,3.19,3.14,0.87,2.38,1.72,0.93,1.25,1.4,0,0.6,neutral,alcista,0,-0.792,32,2898,4,
s13139,PUMPUSDT,1782514800000,train,1,5.47,0.477,5.69,5.69,1.1,5.38,3.71,1.45,1.51,1.25,0,0.08,neutral,alcista,0,-1.0,24,2899,5,
s13140,SEIUSDT,1782514800000,train,1,3.22,0.512,3.55,3.49,0.96,3.14,2.04,0.96,1.21,1.42,0,0.08,neutral,alcista,0,-1.0,29,2899,5,
s13141,SEIUSDT,1782515700000,train,1,2.5,0.355,3.65,2.6,1.23,2.45,1.04,0.96,1.21,1.42,0,0.05,neutral,neutral,0,-1.0,28,2900,0,
s13142,APEUSDT,1782516600000,testB,-1,-2.14,0.356,3.63,3.08,1.42,-2.44,1.25,0.92,1.84,3.62,0,0.3,neutral,bajista,0,-1.0,12,2900,2,
s13143,FETUSDT,1782517500000,train,1,2.42,0.356,2.98,2.98,2.19,1.83,1.69,0.8,1.2,1.05,0,0.59,neutral,alcista,0,0.585,32,2901,2,
s13144,JUPUSDT,1782518400000,train,1,3.58,0.384,4.6,4.52,0.94,2.94,2.11,0.9,1.15,1.12,0,0.64,neutral,neutral,0,-1.0,20,2903,1,
s13145,INJUSDT,1782521100000,train,1,3.85,0.501,4.38,4.32,2.03,3.28,1.72,1.4,1.66,1.66,0,0.57,neutral,neutral,0,0.225,32,2906,1,
s13146,INJUSDT,1782522000000,train,1,3.49,0.431,4.68,3.53,1.25,3.14,0.91,1.23,1.62,1.66,0,0.35,neutral,neutral,0,0.532,32,2907,0,
s13147,INJUSDT,1782522900000,train,1,3.74,0.448,4.64,3.91,1.03,3.53,1.34,1.23,1.62,1.66,0,0.21,neutral,neutral,0,0.292,32,2908,1,
s13148,FETUSDT,1782522900000,train,1,3.28,0.388,4.12,4.06,1.31,3.07,2.23,0.88,1.17,1.08,0,0.21,neutral,neutral,0,-0.096,32,2907,1,
s13149,0GUSDT,1782524700000,train,-1,-2.13,0.371,2.88,2.79,0.92,-2.18,1.17,0.64,1.13,1.8,0,0.05,neutral,bajista,0,-0.475,32,2910,4,
s13150,INJUSDT,1782524700000,train,1,3.25,0.389,4.65,3.59,0.84,3.19,0.97,1.23,1.62,1.66,0,0.05,neutral,neutral,0,0.278,32,2910,1,
s13151,XPLUSDT,1782525600000,train,1,3.8,0.405,4.39,4.33,1.07,3.45,2.06,0.58,1.38,1.14,0,0.35,neutral,neutral,0,-0.338,32,2911,1,
s13152,INJUSDT,1782525600000,train,1,3.05,0.376,3.92,3.49,0.6,2.7,1.43,1.09,1.53,1.63,0,0.35,neutral,alcista,0,0.262,32,2911,2,
s13153,XPLUSDT,1782526500000,train,1,4.57,0.477,4.8,4.75,1.14,3.87,2.29,0.58,1.38,1.14,0,0.69,neutral,alcista,0,-0.135,32,2912,2,
s13154,INJUSDT,1782526500000,train,1,3.39,0.401,4.21,3.78,0.66,2.69,1.53,1.09,1.53,1.63,0,0.69,neutral,alcista,0,-0.037,32,2912,3,
s13155,FETUSDT,1782526500000,train,1,3.94,0.42,4.12,3.9,0.84,3.24,1.61,0.95,1.17,1.07,0,0.69,neutral,alcista,0,-0.1,32,2911,2,
s13156,XPLUSDT,1782527400000,train,1,4.69,0.495,4.68,4.62,1.11,4.14,2.02,0.58,1.38,1.14,0,0.54,neutral,neutral,0,-0.165,32,2913,0,
s13157,FETUSDT,1782527400000,train,1,4.27,0.44,4.54,4.32,0.9,3.73,2.08,0.95,1.17,1.07,0,0.54,neutral,alcista,0,-0.231,32,2912,3,
s13158,XPLUSDT,1782528300000,train,1,3.52,0.376,4.44,3.84,1.15,3.11,1.39,0.58,1.38,1.14,0,0.42,neutral,neutral,0,-0.201,32,2914,0,
s13159,SEIUSDT,1782528300000,train,-1,-2.09,0.427,3.49,2.78,0.59,-2.51,0.39,0.91,1.0,1.32,0,0.42,neutral,neutral,0,0.575,32,2914,1,
s13160,FETUSDT,1782528300000,train,1,4.6,0.46,4.84,4.45,1.14,4.19,2.5,0.95,1.17,1.07,0,0.42,neutral,alcista,0,-0.407,32,2913,4,
s13161,PUMPUSDT,1782529200000,train,-1,-4.74,0.496,5.06,4.98,1.02,-4.9,1.66,1.0,1.25,1.22,0,0.15,neutral,neutral,0,-0.046,32,2915,1,
s13162,SEIUSDT,1782529200000,train,-1,-2.73,0.6,3.49,2.96,0.74,-2.88,0.54,0.9,0.94,1.29,0,0.15,neutral,bajista,0,0.542,32,2915,2,
s13163,XPLUSDT,1782530100000,train,1,4.33,0.527,4.93,4.45,1.31,3.76,1.76,0.54,1.3,1.13,0,0.57,neutral,alcista,0,-0.215,32,2916,2,
s13164,XPLUSDT,1782531000000,train,1,3.62,0.409,4.64,3.51,1.34,3.21,0.92,0.54,1.3,1.13,0,0.41,neutral,neutral,0,-0.255,32,2917,0,
s13165,XPLUSDT,1782531900000,train,1,4.66,0.472,5.11,4.65,1.56,4.32,1.94,0.54,1.3,1.13,0,0.34,neutral,neutral,0,-0.537,32,2918,1,
s13166,PUMPUSDT,1782531900000,train,-1,-2.67,0.367,3.89,3.44,0.67,-3.01,1.27,1.0,1.25,1.22,0,0.34,neutral,neutral,0,0.067,32,2918,0,
s13167,TIAUSDT,1782531900000,train,-1,-2.28,0.515,2.79,2.71,1.12,-2.62,1.17,0.52,1.32,1.16,0,0.34,neutral,bajista,0,-1.0,21,2918,5,
s13168,PUMPUSDT,1782532800000,train,-1,-2.67,0.367,3.58,2.89,0.44,-3.16,0.65,0.85,1.11,1.21,0,0.49,neutral,neutral,0,0.132,32,2919,0,
s13169,TIAUSDT,1782532800000,train,-1,-2.18,0.48,2.55,2.28,1.12,-2.67,0.89,0.47,1.26,1.19,0,0.49,neutral,neutral,0,-1.0,19,2919,0,
s13170,JUPUSDT,1782532800000,train,-1,-3.24,0.369,4.1,3.35,0.37,-3.73,0.68,0.64,0.85,1.05,0,0.49,neutral,neutral,0,0.882,32,2919,0,
s13171,XPLUSDT,1782533700000,train,1,3.1,0.423,4.61,3.88,1.73,2.52,1.48,0.67,1.25,1.15,0,0.58,neutral,neutral,0,-1.0,18,2920,1,
s13172,XPLUSDT,1782534600000,train,1,3.24,0.448,4.49,3.26,1.87,2.57,0.96,0.67,1.25,1.15,0,0.67,neutral,neutral,0,-1.0,17,2921,0,
s13173,ONDOUSDT,1782534600000,train,1,2.04,0.364,2.84,2.09,1.44,1.37,0.46,0.47,0.54,0.74,0,0.67,neutral,neutral,0,-0.612,32,2920,0,
s13174,XPLUSDT,1782535500000,train,1,3.3,0.454,4.22,3.25,1.74,3.0,1.29,0.67,1.25,1.15,0,0.3,neutral,neutral,0,-1.0,8,2922,1,
s13175,XPLUSDT,1782536400000,train,1,3.57,0.475,3.93,3.71,1.58,3.02,1.95,0.78,0.98,1.18,0,0.55,neutral,alcista,0,-1.0,7,2923,2,
s13176,PUMPUSDT,1782536400000,train,-1,-2.78,0.425,3.4,3.17,0.95,-3.33,1.54,0.8,1.13,1.22,0,0.55,neutral,bajista,0,-0.683,32,2923,4,
s13177,XPLUSDT,1782537300000,train,1,2.71,0.383,3.77,3.27,1.43,2.45,1.62,0.78,0.98,1.18,0,0.26,neutral,neutral,0,-1.0,6,2924,0,
s13178,PUMPUSDT,1782537300000,train,-1,-2.57,0.405,3.18,3.18,1.01,-2.83,1.54,0.8,1.13,1.22,0,0.26,neutral,bajista,0,-0.707,32,2924,5,
s13179,JUPUSDT,1782537300000,train,-1,-3.53,0.506,3.75,3.57,0.55,-3.8,1.42,0.57,0.75,1.04,0,0.26,neutral,bajista,0,0.125,32,2924,5,
s13180,APEUSDT,1782537300000,testB,-1,-2.2,0.371,2.73,2.59,0.86,-2.46,0.91,0.67,0.8,2.28,0,0.26,neutral,bajista,1,2.0,16,2923,2,
s13181,JUPUSDT,1782538200000,train,-1,-3.16,0.477,3.44,3.31,0.58,-3.58,1.37,0.57,0.75,1.04,0,0.42,neutral,bajista,0,-0.041,32,2925,6,
s13182,XPLUSDT,1782539100000,train,1,2.57,0.382,3.22,2.89,1.22,2.09,1.33,0.78,0.98,1.18,0,0.48,neutral,neutral,0,-1.0,3,2926,1,
s13183,SUIUSDT,1782539100000,train,1,2.07,0.551,2.22,2.14,1.19,1.59,1.23,0.68,0.65,0.91,0,0.48,neutral,alcista,0,-1.0,14,2926,2,
s13184,JUPUSDT,1782540000000,train,-1,-2.53,0.558,3.35,2.86,0.84,-2.58,1.3,0.54,0.72,1.03,0,0.05,neutral,neutral,0,-0.078,32,2927,1,
s13185,JUPUSDT,1782540900000,train,-1,-2.53,0.558,3.18,2.96,0.83,-2.37,1.36,0.54,0.72,1.03,0,-0.16,neutral,bajista,0,-0.167,32,2928,2,
s13186,APEUSDT,1782540900000,testB,-1,-2.27,0.447,2.93,2.59,0.67,-2.1,0.8,0.61,0.75,2.18,0,-0.16,neutral,bajista,1,2.0,12,2927,2,
s13187,APEUSDT,1782542700000,testB,-1,-2.27,0.395,2.59,2.39,0.7,-2.42,0.82,0.61,0.75,2.18,0,0.15,neutral,neutral,1,2.0,10,2929,1,
s13188,INJUSDT,1782546300000,train,1,3.68,0.44,5.02,4.86,1.51,3.27,2.36,1.1,1.16,1.49,0,0.41,neutral,alcista,0,-0.604,32,2934,3,
s13189,INJUSDT,1782547200000,train,1,2.93,0.355,5.57,4.56,1.8,2.79,1.85,1.22,1.15,1.46,0,0.14,neutral,neutral,0,-0.751,32,2935,0,
s13190,APEUSDT,1782547200000,testB,-1,-2.63,0.494,3.53,3.47,1.11,-2.77,1.64,0.73,0.74,1.76,0,0.14,neutral,neutral,0,0.48,32,2934,1,
s13191,INJUSDT,1782548100000,train,1,2.96,0.358,5.59,4.33,1.94,2.85,1.48,1.22,1.15,1.46,0,0.1,neutral,neutral,0,-0.751,32,2936,0,
s13192,APEUSDT,1782548100000,testB,-1,-4.11,0.642,5.13,4.85,2.11,-4.21,2.64,0.73,0.74,1.76,0,0.1,neutral,bajista,0,0.159,32,2935,2,
s13193,INJUSDT,1782549000000,train,1,3.1,0.369,5.58,4.54,1.5,3.09,1.62,1.22,1.15,1.46,0,0.01,neutral,neutral,0,-0.86,32,2937,1,
s13194,APEUSDT,1782549000000,testB,-1,-4.54,0.663,6.03,5.96,3.48,-4.54,3.42,0.73,0.74,1.76,0,0.01,neutral,bajista,0,0.012,32,2936,3,
s13195,XPLUSDT,1782549900000,train,-1,-4.35,0.411,5.86,5.62,1.32,-4.7,2.59,1.25,0.87,1.25,0,0.35,neutral,neutral,0,-0.157,32,2938,1,
s13196,TIAUSDT,1782549900000,train,1,2.26,0.404,2.79,2.5,0.43,1.91,1.09,1.19,0.85,1.29,0,0.35,neutral,alcista,0,-1.0,15,2938,2,
s13197,APEUSDT,1782549900000,testB,-1,-5.2,0.762,5.7,5.7,4.34,-5.55,3.38,0.73,0.74,1.76,0,0.35,neutral,bajista,0,-0.013,32,2937,4,
s13198,XPLUSDT,1782550800000,train,-1,-4.71,0.466,5.84,5.23,1.32,-4.81,2.03,1.2,0.83,1.23,0,0.09,neutral,neutral,0,0.093,32,2939,0,
s13199,INJUSDT,1782550800000,train,1,3.64,0.445,5.62,3.85,0.91,3.55,0.72,1.26,1.16,1.44,0,0.09,neutral,neutral,0,-1.0,32,2939,1,
s13200,TIAUSDT,1782550800000,train,1,2.8,0.456,3.71,3.01,0.51,2.7,1.44,1.24,0.87,1.29,0,0.09,neutral,alcista,0,-1.0,14,2939,3,
s13201,APEUSDT,1782550800000,testB,-1,-5.09,0.758,5.43,5.43,4.11,-5.18,3.41,0.84,0.79,1.47,0,0.09,neutral,bajista,0,-0.0,32,2938,5,
s13202,INJUSDT,1782551700000,train,1,3.11,0.375,5.13,3.04,0.84,2.76,0.35,1.26,1.16,1.44,0,0.35,neutral,neutral,0,-1.0,8,2940,0,
s13203,APEUSDT,1782551700000,testB,-1,-4.84,0.747,6.09,5.44,2.88,-5.19,3.2,0.84,0.79,1.47,0,0.35,neutral,bajista,0,-0.053,32,2939,6,
s13204,APEUSDT,1782552600000,testB,-1,-4.71,0.726,6.08,5.37,1.77,-5.0,2.89,0.84,0.79,1.47,0,0.29,neutral,neutral,0,0.253,32,2940,0,
s13205,SUIUSDT,1782553500000,train,-1,-2.05,0.392,3.23,2.38,2.03,-2.36,0.76,1.04,0.76,0.92,0,0.3,neutral,neutral,0,-0.174,32,2942,0,
s13206,APEUSDT,1782553500000,testB,-1,-5.65,0.806,6.35,6.2,1.5,-5.95,3.25,0.84,0.79,1.47,0,0.3,neutral,neutral,0,0.058,32,2941,1,
s13207,APEUSDT,1782554400000,testB,-1,-4.91,0.655,6.38,5.52,1.37,-5.46,2.31,0.94,0.86,1.4,0,0.55,neutral,neutral,0,0.13,32,2942,0,
s13208,APEUSDT,1782555300000,testB,-1,-4.98,0.658,6.38,5.6,0.92,-5.39,2.15,0.94,0.86,1.4,0,0.42,neutral,neutral,0,0.09,32,2943,1,
s13209,SUIUSDT,1782556200000,train,-1,-2.05,0.523,3.22,2.35,0.59,-2.09,0.67,1.0,0.78,0.89,0,0.03,neutral,neutral,0,0.036,32,2945,0,
s13210,APEUSDT,1782556200000,testB,-1,-4.48,0.559,6.33,4.69,1.23,-4.51,1.22,0.94,0.86,1.4,0,0.03,neutral,neutral,0,0.333,32,2944,0,
s13211,APEUSDT,1782557100000,testB,-1,-4.1,0.536,6.05,4.48,1.11,-4.17,1.15,0.94,0.86,1.4,0,0.07,neutral,neutral,0,0.286,32,2945,1,
s13212,APEUSDT,1782558000000,testB,-1,-3.63,0.477,5.97,4.19,0.88,-3.76,0.85,0.96,0.81,1.35,0,0.13,neutral,neutral,0,0.322,32,2946,0,
s13213,SUIUSDT,1782558900000,train,-1,-2.35,0.667,2.87,2.47,0.36,-2.08,0.93,0.96,0.81,0.9,0,-0.27,neutral,bajista,0,0.25,32,2948,2,
s13214,APEUSDT,1782558900000,testB,-1,-3.96,0.527,5.83,4.2,0.94,-3.69,0.94,0.96,0.81,1.35,0,-0.27,neutral,neutral,0,0.627,32,2947,1,
s13215,INJUSDT,1782559800000,train,-1,-2.93,0.378,5.42,4.9,1.52,-2.64,2.05,1.39,1.23,1.44,0,-0.29,neutral,bajista,0,0.304,32,2949,3,
s13216,FETUSDT,1782559800000,train,-1,-2.15,0.494,2.71,2.42,0.93,-1.86,0.88,0.71,0.87,1.04,0,-0.29,neutral,bajista,0,-1.0,11,2948,4,
s13217,APEUSDT,1782559800000,testB,-1,-3.83,0.519,5.84,4.27,0.48,-3.54,0.85,0.96,0.81,1.35,0,-0.29,neutral,neutral,0,0.567,32,2948,0,
s13218,STBLUSDT,1782560700000,train,1,4.67,0.373,6.41,5.86,0.9,4.99,2.84,1.61,0.98,1.1,0,-0.31,neutral,alcista,0,0.177,32,2950,2,
s13219,INJUSDT,1782560700000,train,-1,-3.63,0.524,5.4,4.49,1.74,-3.32,1.47,1.39,1.23,1.44,0,-0.31,neutral,neutral,0,0.468,32,2950,0,
s13220,STBLUSDT,1782561600000,train,1,5.54,0.462,6.41,5.97,0.7,5.87,2.67,2.02,1.19,1.11,1,-0.33,neutral,alcista,0,0.353,32,2951,3,
s13221,INJUSDT,1782561600000,train,-1,-3.52,0.516,5.06,4.35,1.96,-3.2,1.58,1.28,1.14,1.41,0,-0.33,neutral,neutral,0,0.37,32,2951,1,
s13222,STBLUSDT,1782562500000,train,1,6.81,0.523,7.17,6.97,0.93,7.02,3.44,2.02,1.19,1.11,1,-0.2,neutral,alcista,0,0.09,32,2952,4,
s13223,INJUSDT,1782562500000,train,-1,-3.05,0.446,4.8,3.85,0.71,-2.85,1.29,1.28,1.14,1.41,0,-0.2,neutral,neutral,0,0.481,32,2952,0,
s13224,STBLUSDT,1782563400000,train,1,6.95,0.537,7.68,6.97,0.94,7.04,3.06,2.02,1.19,1.11,1,-0.09,neutral,neutral,0,0.09,32,2953,0,
s13225,INJUSDT,1782563400000,train,-1,-3.07,0.45,4.79,3.64,0.54,-2.97,1.14,1.28,1.14,1.41,0,-0.09,neutral,neutral,0,0.537,32,2953,0,
s13226,STBLUSDT,1782564300000,train,1,5.44,0.376,7.79,5.56,1.13,5.49,1.46,2.02,1.19,1.11,1,-0.05,neutral,neutral,0,0.669,32,2954,0,
s13227,INJUSDT,1782564300000,train,-1,-2.35,0.384,3.7,2.61,0.46,-2.3,1.04,1.28,1.14,1.41,0,-0.05,neutral,neutral,0,0.795,32,2954,1,
s13228,INJUSDT,1782565200000,train,-1,-2.27,0.366,3.61,2.36,0.42,-2.39,0.76,1.15,1.13,1.39,0,0.12,neutral,neutral,0,0.826,32,2955,0,
s13229,TIAUSDT,1782565200000,train,-1,-2.33,0.418,3.45,2.38,1.69,-2.45,0.47,0.73,0.92,1.23,0,0.12,neutral,neutral,0,-1.0,10,2955,0,
s13230,STBLUSDT,1782566100000,train,1,5.14,0.403,5.91,5.08,1.52,4.97,2.43,2.26,1.34,1.13,1,0.17,neutral,alcista,0,0.279,32,2956,2,
s13231,STBLUSDT,1782567000000,train,1,4.66,0.38,5.91,5.12,1.38,4.32,2.24,2.26,1.34,1.13,1,0.34,neutral,alcista,0,0.377,32,2957,3,
s13232,GRTUSDT,1782567000000,testB,1,2.24,0.392,2.3,2.19,1.11,1.9,1.14,0.76,0.71,0.83,0,0.34,neutral,neutral,0,-1.0,23,2956,1,
s13233,STBLUSDT,1782567900000,train,1,4.97,0.414,5.92,4.93,0.94,4.7,1.54,2.26,1.34,1.13,1,0.27,neutral,neutral,0,0.432,32,2958,0,
s13234,STBLUSDT,1782568800000,train,1,4.78,0.406,5.9,5.27,0.75,4.46,1.8,2.66,1.55,1.21,1,0.32,neutral,neutral,0,0.463,32,2959,1,
s13235,XPLUSDT,1782569700000,train,-1,-2.98,0.545,3.79,3.22,1.45,-3.21,1.49,0.59,0.91,1.11,0,0.23,neutral,bajista,0,0.707,32,2960,3,
s13236,PUMPUSDT,1782569700000,train,1,2.14,0.424,3.37,2.84,1.22,1.91,1.44,0.84,0.74,1.04,0,0.23,neutral,alcista,1,2.0,8,2960,2,
s13237,STBLUSDT,1782569700000,train,1,5.58,0.467,6.07,5.41,0.6,5.35,1.95,2.66,1.55,1.21,1,0.23,neutral,alcista,0,0.319,32,2960,2,
s13238,XPLUSDT,1782570600000,train,-1,-2.82,0.526,3.65,3.06,1.72,-3.16,1.3,0.59,0.91,1.11,0,0.34,neutral,neutral,0,0.758,32,2961,0,
s13239,PUMPUSDT,1782570600000,train,1,2.14,0.424,3.36,2.99,1.31,1.8,1.34,0.84,0.74,1.04,0,0.34,neutral,alcista,1,2.0,8,2961,3,
s13240,0GUSDT,1782570600000,train,1,2.24,0.471,2.97,2.97,1.58,1.9,1.57,0.31,0.42,0.76,0,0.34,neutral,alcista,1,2.0,7,2961,3,
s13241,XPLUSDT,1782571500000,train,-1,-2.39,0.483,3.66,3.16,1.83,-2.71,1.3,0.59,0.91,1.11,0,0.33,neutral,neutral,0,0.701,32,2962,1,
s13242,PUMPUSDT,1782571500000,train,1,5.27,0.67,6.24,5.73,4.02,4.94,3.91,0.84,0.74,1.04,0,0.33,neutral,alcista,0,0.051,32,2962,4,
s13243,0GUSDT,1782571500000,train,1,2.2,0.456,3.02,2.79,1.69,1.87,1.29,0.31,0.42,0.76,0,0.33,neutral,neutral,1,2.0,6,2962,0,
s13244,XPLUSDT,1782572400000,train,-1,-2.15,0.416,3.57,2.8,1.85,-2.95,1.11,0.59,0.89,1.06,0,0.79,neutral,neutral,0,1.147,32,2963,0,
s13245,PUMPUSDT,1782572400000,train,1,4.89,0.593,6.27,5.32,4.67,4.1,3.13,1.06,0.84,1.05,0,0.79,neutral,neutral,0,-0.041,32,2963,0,
s13246,0GUSDT,1782572400000,train,1,4.96,0.654,6.02,5.35,5,4.16,3.64,0.95,0.71,0.85,0,0.79,neutral,neutral,0,1.425,32,2963,1,
s13247,PENDLEUSDT,1782572400000,train,1,2.5,0.63,3.0,2.66,1.17,1.7,1.38,0.44,0.52,0.64,0,0.79,neutral,alcista,0,-1.0,26,2963,2,
s13248,XPLUSDT,1782573300000,train,-1,-2.71,0.556,3.58,2.96,1.27,-3.63,1.13,0.59,0.89,1.06,0,0.92,neutral,neutral,0,0.951,32,2964,1,
s13249,PUMPUSDT,1782573300000,train,1,5.38,0.686,6.2,5.11,4.12,4.46,2.66,1.06,0.84,1.05,0,0.92,neutral,neutral,0,-0.057,32,2964,0,
s13250,0GUSDT,1782573300000,train,1,6.02,0.8,6.21,5.77,5,5.1,3.67,0.95,0.71,0.85,0,0.92,neutral,alcista,0,1.146,32,2964,2,
s13251,PENDLEUSDT,1782573300000,train,1,2.36,0.573,3.01,2.4,1.52,1.43,1.0,0.44,0.52,0.64,0,0.92,neutral,neutral,0,-1.0,25,2964,0,
s13252,GRTUSDT,1782573300000,testB,1,2.12,0.514,2.24,2.13,0.82,1.2,0.61,0.75,0.67,0.76,0,0.92,neutral,neutral,0,-1.0,14,2963,0,
s13253,PUMPUSDT,1782574200000,train,1,5.15,0.663,6.14,4.97,3.98,4.28,2.36,1.06,0.84,1.05,0,0.87,neutral,neutral,0,-0.015,32,2965,0,
s13254,0GUSDT,1782574200000,train,1,7.0,0.823,6.59,6.54,5,6.14,4.28,0.95,0.71,0.85,0,0.87,neutral,alcista,0,1.054,32,2965,3,
s13255,ARBUSDT,1782574200000,train,1,2.05,0.461,2.17,2.01,0.51,1.18,0.61,0.85,0.68,0.72,0,0.87,neutral,neutral,0,-1.0,15,2965,1,
s13256,JUPUSDT,1782574200000,train,1,2.83,0.548,4.5,4.02,2.95,1.96,1.75,0.54,0.46,0.7,0,0.87,neutral,neutral,0,-1.0,24,2965,0,
s13257,PENDLEUSDT,1782574200000,train,1,3.31,0.653,3.51,3.22,1.96,2.44,1.82,0.44,0.52,0.64,0,0.87,neutral,neutral,0,-1.0,16,2965,1,
s13258,GRTUSDT,1782574200000,testB,1,2.0,0.5,2.18,2.02,0.64,1.14,0.75,0.75,0.67,0.76,0,0.87,neutral,neutral,0,-1.0,10,2964,1,
s13259,PUMPUSDT,1782575100000,train,1,6.35,0.709,6.26,6.04,1.38,5.55,3.55,1.06,0.84,1.05,0,0.8,neutral,neutral,0,-0.452,32,2966,1,
s13260,0GUSDT,1782575100000,train,1,6.58,0.815,6.96,6.44,5,5.78,4.1,0.95,0.71,0.85,0,0.8,neutral,alcista,0,0.986,32,2966,4,
s13261,TIAUSDT,1782575100000,train,1,2.25,0.382,3.54,3.25,1.82,1.45,1.54,0.82,1.03,1.19,0,0.8,neutral,alcista,0,-1.0,14,2966,4,
s13262,JUPUSDT,1782575100000,train,1,3.14,0.593,4.49,4.22,3.44,2.34,1.81,0.54,0.46,0.7,0,0.8,neutral,neutral,0,-1.0,23,2966,1,
s13263,PENDLEUSDT,1782575100000,train,1,2.73,0.552,3.2,2.68,1.93,1.93,1.46,0.44,0.52,0.64,0,0.8,neutral,neutral,0,-1.0,15,2966,0,
s13264,PUMPUSDT,1782576000000,train,1,5.73,0.61,6.87,5.42,1.13,4.97,2.82,1.5,1.04,1.08,0,0.76,neutral,neutral,0,-0.333,32,2967,0,
s13265,0GUSDT,1782576000000,train,1,7.14,0.827,6.84,6.67,2.53,6.38,4.27,1.36,0.9,0.92,0,0.76,neutral,alcista,0,0.608,32,2967,5,
s13266,JUPUSDT,1782576000000,train,1,4.04,0.899,4.36,3.93,1.39,3.28,1.52,0.6,0.5,0.68,0,0.76,neutral,neutral,0,-1.0,22,2967,0,
s13267,PENDLEUSDT,1782576000000,train,1,2.63,0.543,3.16,2.65,1.54,1.87,1.34,0.52,0.45,0.63,0,0.76,neutral,neutral,0,-1.0,13,2967,1,
s13268,PUMPUSDT,1782576900000,train,1,7.52,0.673,7.7,7.56,1.33,6.88,4.72,1.5,1.04,1.08,0,0.64,neutral,neutral,0,-0.458,32,2968,1,
s13269,0GUSDT,1782576900000,train,1,8.24,0.847,8.13,7.83,2.41,7.6,5.01,1.36,0.9,0.92,0,0.64,neutral,alcista,0,0.247,32,2968,6,
s13270,JUPUSDT,1782576900000,train,1,4.11,0.901,4.42,4.16,1.0,3.47,2.04,0.6,0.5,0.68,0,0.64,neutral,neutral,0,-1.0,19,2968,1,
s13271,0GUSDT,1782577800000,train,1,7.35,0.718,8.32,7.23,2.34,6.56,3.82,1.36,0.9,0.92,0,0.79,neutral,neutral,0,0.299,32,2969,0,
s13272,TIAUSDT,1782577800000,train,1,2.56,0.434,3.39,2.7,0.69,1.77,0.94,0.84,1.04,1.16,0,0.79,neutral,neutral,0,-1.0,11,2969,0,
s13273,JUPUSDT,1782577800000,train,1,3.93,0.829,4.26,3.82,1.14,3.14,1.69,0.6,0.5,0.68,0,0.79,neutral,neutral,0,-1.0,12,2969,0,
s13274,PENDLEUSDT,1782577800000,train,1,2.23,0.521,2.9,2.29,1.09,1.45,0.99,0.52,0.45,0.63,0,0.79,neutral,neutral,0,-1.0,11,2969,1,
s13275,PUMPUSDT,1782578700000,train,1,6.58,0.475,9.37,6.74,1.89,5.93,3.19,1.5,1.04,1.08,0,0.65,neutral,neutral,0,-0.505,32,2970,0,
s13276,0GUSDT,1782578700000,train,1,7.56,0.75,8.28,7.07,1.76,6.91,3.32,1.36,0.9,0.92,0,0.65,neutral,neutral,0,0.337,32,2970,0,
s13277,TIAUSDT,1782578700000,train,1,2.04,0.355,3.08,2.21,0.71,1.39,0.72,0.84,1.04,1.16,0,0.65,neutral,neutral,0,-1.0,10,2970,0,
s13278,JUPUSDT,1782578700000,train,1,4.82,0.856,4.73,4.6,1.22,4.17,2.67,0.6,0.5,0.68,0,0.65,neutral,neutral,0,-1.0,11,2970,1,
s13279,PENDLEUSDT,1782578700000,train,1,2.46,0.546,2.85,2.51,1.37,1.82,1.13,0.52,0.45,0.63,0,0.65,neutral,alcista,0,-1.0,10,2970,2,
s13280,0GUSDT,1782579600000,train,1,5.9,0.54,8.03,5.62,2.12,5.67,1.88,1.72,1.08,0.82,1,0.23,neutral,neutral,0,0.477,32,2971,0,
s13281,JUPUSDT,1782579600000,train,1,3.96,0.647,4.71,3.94,1.41,3.73,1.74,0.61,0.52,0.64,0,0.23,neutral,neutral,0,-1.0,10,2971,0,
s13282,FETUSDT,1782579600000,train,-1,-2.28,0.432,3.69,3.24,1.21,-2.51,1.56,0.96,0.84,0.87,0,0.23,neutral,neutral,0,0.579,32,2970,1,
s13283,STBLUSDT,1782580500000,train,-1,-2.25,0.523,4.07,3.63,1.07,-2.43,1.42,1.81,1.73,1.01,1,0.18,neutral,bajista,0,-1.0,5,2972,5,
s13284,JUPUSDT,1782580500000,train,1,3.86,0.642,4.45,3.76,1.46,3.68,1.65,0.61,0.52,0.64,0,0.18,neutral,neutral,0,-1.0,9,2972,1,
s13285,FETUSDT,1782580500000,train,-1,-2.29,0.432,3.71,3.65,1.19,-2.47,1.75,0.96,0.84,0.87,0,0.18,neutral,bajista,0,0.438,32,2971,2,
s13286,XPLUSDT,1782581400000,train,-1,-2.51,0.436,3.18,2.85,1.14,-2.51,1.31,0.6,0.82,0.86,0,-0.01,neutral,bajista,0,0.677,32,2973,3,
s13287,STBLUSDT,1782581400000,train,-1,-2.44,0.554,4.08,3.8,1.28,-2.44,1.23,1.81,1.73,1.01,1,-0.01,neutral,bajista,0,-1.0,4,2973,6,
s13288,JUPUSDT,1782581400000,train,1,3.39,0.613,4.36,3.76,1.01,3.4,1.54,0.61,0.52,0.64,0,-0.01,neutral,alcista,0,-1.0,8,2973,2,
s13289,FETUSDT,1782581400000,train,-1,-2.72,0.563,3.82,3.53,1.26,-2.71,1.53,0.96,0.84,0.87,0,-0.01,neutral,neutral,0,0.435,32,2972,0,
s13290,APEUSDT,1782581400000,testB,-1,-2.89,0.441,3.77,3.63,2.45,-2.88,2.25,0.63,0.8,0.79,0,-0.01,neutral,neutral,0,-0.12,32,2972,1,
s13291,STBLUSDT,1782582300000,train,-1,-2.21,0.519,4.08,3.75,0.57,-2.11,1.2,1.81,1.73,1.01,1,-0.1,neutral,neutral,0,-1.0,3,2974,0,
s13292,INJUSDT,1782582300000,train,-1,-2.79,0.454,4.08,3.64,0.99,-2.69,1.03,0.87,1.14,1.17,0,-0.1,neutral,neutral,0,0.731,32,2974,0,
s13293,JUPUSDT,1782582300000,train,1,2.32,0.351,4.41,2.71,0.88,2.42,0.38,0.61,0.52,0.64,0,-0.1,neutral,neutral,0,-1.0,7,2974,0,
s13294,FETUSDT,1782582300000,train,-1,-2.94,0.596,3.82,3.71,1.24,-2.84,1.56,0.96,0.84,0.87,0,-0.1,neutral,neutral,0,0.415,32,2973,1,
s13295,APEUSDT,1782582300000,testB,-1,-2.26,0.356,3.84,3.4,2.68,-2.17,1.87,0.63,0.8,0.79,0,-0.1,neutral,neutral,0,-0.0,32,2973,0,
s13296,INJUSDT,1782583200000,train,-1,-3.2,0.55,3.68,3.31,0.75,-2.95,0.98,0.87,1.08,1.13,0,-0.25,neutral,neutral,0,0.742,32,2975,1,
s13297,SEIUSDT,1782583200000,train,-1,-2.11,0.532,2.85,2.75,0.75,-1.86,1.32,0.94,0.76,0.79,0,-0.25,neutral,bajista,0,0.331,32,2975,2,
s13298,JUPUSDT,1782583200000,train,1,2.77,0.392,4.13,2.95,0.8,3.02,0.79,0.63,0.5,0.62,0,-0.25,neutral,neutral,0,-1.0,6,2975,1,
s13299,ONDOUSDT,1782583200000,train,-1,-2.18,0.522,2.32,2.23,1.37,-1.93,1.03,0.61,0.52,0.48,1,-0.25,neutral,bajista,0,0.529,32,2974,2,
s13300,FETUSDT,1782583200000,train,-1,-3.2,0.69,4.11,3.65,0.89,-2.95,1.31,0.83,0.79,0.85,0,-0.25,neutral,neutral,0,0.406,32,2974,0,
s13301,APEUSDT,1782583200000,testB,-1,-2.46,0.402,3.83,3.1,1.9,-2.22,1.41,0.6,0.79,0.77,0,-0.25,neutral,neutral,0,0.116,32,2974,0,
s13302,0GUSDT,1782584100000,train,1,4.41,0.397,7.3,4.62,0.5,4.55,1.11,1.9,1.12,0.84,1,-0.14,neutral,neutral,0,0.324,32,2976,1,
s13303,OPUSDT,1782584100000,train,-1,-2.12,0.524,2.56,2.27,0.97,-1.99,1.14,0.69,0.58,0.57,1,-0.14,neutral,neutral,0,0.087,32,2976,1,
s13304,INJUSDT,1782584100000,train,-1,-2.68,0.504,3.4,3.1,0.76,-2.54,1.07,0.87,1.08,1.13,0,-0.14,neutral,bajista,0,0.96,32,2976,2,
s13305,ONDOUSDT,1782584100000,train,-1,-2.03,0.504,2.23,2.14,1.3,-1.9,1.13,0.61,0.52,0.48,1,-0.14,neutral,bajista,0,0.627,32,2975,3,
s13306,FETUSDT,1782584100000,train,-1,-3.21,0.69,3.55,3.32,0.78,-3.08,1.57,0.83,0.79,0.85,0,-0.14,neutral,neutral,0,0.414,32,2975,1,
s13307,OPUSDT,1782585000000,train,-1,-2.13,0.524,2.57,2.47,0.96,-2.01,1.25,0.69,0.58,0.57,1,-0.11,neutral,bajista,0,-0.04,32,2977,2,
s13308,INJUSDT,1782585000000,train,-1,-2.78,0.529,3.42,3.13,0.69,-2.66,1.09,0.87,1.08,1.13,0,-0.11,neutral,neutral,0,0.973,32,2977,0,
s13309,SEIUSDT,1782585000000,train,-1,-2.33,0.55,3.04,3.04,0.46,-2.21,1.32,0.94,0.76,0.79,0,-0.11,neutral,neutral,0,0.261,32,2977,1,
s13310,FETUSDT,1782585000000,train,-1,-2.78,0.641,3.49,3.2,0.59,-2.67,1.38,0.83,0.79,0.85,0,-0.11,neutral,neutral,0,0.089,32,2976,0,
s13311,APEUSDT,1782585000000,testB,-1,-2.47,0.402,3.83,3.18,0.64,-2.35,1.19,0.6,0.79,0.77,0,-0.11,neutral,neutral,0,-0.091,32,2976,1,
s13312,0GUSDT,1782585900000,train,1,5.45,0.433,6.55,5.25,0.49,5.53,2.13,1.9,1.12,0.84,1,-0.08,neutral,neutral,0,0.099,32,2978,1,
s13313,INJUSDT,1782585900000,train,-1,-2.38,0.49,3.15,2.81,0.65,-2.3,1.07,0.87,1.08,1.13,0,-0.08,neutral,neutral,0,1.022,32,2978,1,
s13314,FETUSDT,1782585900000,train,-1,-2.45,0.564,3.48,3.03,0.54,-2.37,1.14,0.83,0.79,0.85,0,-0.08,neutral,neutral,0,0.34,32,2977,0,
s13315,0GUSDT,1782586800000,train,1,5.44,0.439,5.92,5.49,0.83,5.9,4.34,3.65,1.95,1.26,1,-0.47,neutral,alcista,0,-0.338,32,2979,2,
s13316,OPUSDT,1782586800000,train,-1,-2.41,0.758,2.57,2.47,0.45,-1.94,1.07,0.84,0.64,0.55,1,-0.47,neutral,neutral,0,-0.2,32,2979,1,
s13317,INJUSDT,1782586800000,train,-1,-2.26,0.476,3.15,2.88,0.56,-1.8,0.94,0.88,1.02,1.09,0,-0.47,neutral,bajista,0,0.855,32,2979,2,
s13318,SEIUSDT,1782586800000,train,-1,-2.26,0.425,2.77,2.45,1.36,-1.8,0.91,1.16,0.86,0.83,1,-0.47,neutral,neutral,0,0.298,32,2979,1,
s13319,FETUSDT,1782586800000,train,-1,-2.61,0.627,3.48,2.97,0.41,-2.15,0.94,0.88,0.8,0.85,0,-0.47,neutral,neutral,0,0.25,32,2978,0,
s13320,GRTUSDT,1782586800000,testB,-1,-2.08,0.76,2.57,2.4,0.8,-1.61,0.88,0.76,0.75,0.69,1,-0.47,neutral,neutral,0,0.605,32,2978,0,
s13321,APEUSDT,1782586800000,testB,-1,-2.32,0.44,3.82,2.81,0.63,-1.85,0.7,0.71,0.85,0.75,0,-0.47,neutral,neutral,0,-0.385,32,2978,0,
s13322,0GUSDT,1782587700000,train,1,5.46,0.441,6.69,5.89,2.02,6.26,4.27,3.65,1.95,1.26,1,-0.81,neutral,alcista,0,-0.479,32,2980,3,
s13323,WLDUSDT,1782587700000,train,-1,-3.58,0.515,5.36,4.9,1.16,-2.77,2.3,0.65,0.56,0.5,1,-0.81,neutral,neutral,0,0.572,32,2980,1,
s13324,ENAUSDT,1782587700000,train,-1,-2.18,0.377,4.12,3.05,0.41,-1.38,0.98,0.97,0.69,0.58,1,-0.81,neutral,neutral,0,0.208,32,2980,1,
s13325,ARBUSDT,1782587700000,train,-1,-2.03,0.573,2.89,2.54,1.63,-1.22,1.08,0.81,0.76,0.64,1,-0.81,neutral,neutral,0,0.138,32,2980,1,
s13326,OPUSDT,1782587700000,train,-1,-2.9,0.789,3.89,3.39,0.86,-2.1,1.73,0.84,0.64,0.55,1,-0.81,neutral,bajista,0,-0.382,32,2980,2,
s13327,INJUSDT,1782587700000,train,-1,-3.51,0.684,4.36,3.77,1.03,-2.71,1.63,0.88,1.02,1.09,0,-0.81,neutral,bajista,0,0.492,32,2980,3,
s13328,SUIUSDT,1782587700000,train,-1,-2.3,0.606,3.1,3.04,0.81,-1.49,1.4,1.15,1.02,0.82,1,-0.81,neutral,bajista,0,0.46,32,2980,2,
s13329,SEIUSDT,1782587700000,train,-1,-2.88,0.485,3.49,3.17,1.69,-2.08,1.44,1.16,0.86,0.83,1,-0.81,neutral,bajista,0,0.038,32,2980,2,
s13330,ONDOUSDT,1782587700000,train,-1,-2.57,0.612,3.09,2.83,1.11,-1.76,1.5,0.71,0.58,0.49,1,-0.81,neutral,neutral,0,0.125,32,2979,1,
s13331,FETUSDT,1782587700000,train,-1,-3.07,0.663,4.38,4.04,0.71,-2.27,1.72,0.88,0.8,0.85,0,-0.81,neutral,neutral,0,0.029,32,2979,1,
s13332,GRTUSDT,1782587700000,testB,-1,-2.79,0.81,3.77,3.26,1.63,-1.98,1.54,0.76,0.75,0.69,1,-0.81,neutral,neutral,0,0.19,32,2979,1,
s13333,APEUSDT,1782587700000,testB,-1,-3.59,0.548,4.75,4.31,1.02,-2.78,1.95,0.71,0.85,0.75,0,-0.81,neutral,neutral,0,-0.559,32,2979,1,
s13334,XPLUSDT,1782588600000,train,-1,-3.28,0.57,4.65,3.96,1.17,-2.3,1.59,0.67,0.69,0.72,0,-0.97,neutral,bajista,0,0.002,32,2981,3,
s13335,0GUSDT,1782588600000,train,1,6.1,0.471,8.98,7.41,3.52,7.08,5.41,3.65,1.95,1.26,1,-0.97,neutral,alcista,0,-0.592,32,2981,4,
s13336,WLDUSDT,1782588600000,train,-1,-4.54,0.574,6.71,6.21,1.98,-3.57,3.22,0.65,0.56,0.5,1,-0.97,neutral,bajista,0,0.281,32,2981,2,
s13337,ENAUSDT,1782588600000,train,-1,-2.73,0.463,4.13,3.41,0.66,-1.76,1.19,0.97,0.69,0.58,1,-0.97,neutral,bajista,0,0.152,32,2981,2,
s13338,ARBUSDT,1782588600000,train,-1,-2.34,0.663,3.34,2.71,2.01,-1.37,1.13,0.81,0.76,0.64,1,-0.97,neutral,bajista,0,0.1,32,2981,2,
s13339,OPUSDT,1782588600000,train,-1,-3.09,0.842,4.29,3.49,1.16,-2.12,1.6,0.84,0.64,0.55,1,-0.97,neutral,neutral,0,-0.314,32,2981,0,
s13340,INJUSDT,1782588600000,train,-1,-2.97,0.584,3.95,3.11,1.21,-2.0,1.19,0.88,1.02,1.09,0,-0.97,neutral,neutral,0,0.574,32,2981,0,
s13341,SUIUSDT,1782588600000,train,-1,-2.8,0.689,3.65,3.1,2.0,-1.83,1.63,1.15,1.02,0.82,1,-0.97,neutral,bajista,0,0.346,32,2981,3,
s13342,TIAUSDT,1782588600000,train,-1,-3.08,0.478,4.61,4.02,2.45,-2.1,1.81,1.1,0.92,0.89,1,-0.97,neutral,bajista,0,-0.203,32,2981,3,
s13343,SEIUSDT,1782588600000,train,-1,-2.79,0.471,3.41,2.87,1.96,-1.81,1.25,1.16,0.86,0.83,1,-0.97,neutral,neutral,0,0.097,32,2981,0,
s13344,PENDLEUSDT,1782588600000,train,-1,-2.83,0.569,3.7,3.22,1.17,-1.85,1.22,0.69,0.52,0.54,0,-0.97,neutral,bajista,0,0.132,32,2981,2,
s13345,ONDOUSDT,1782588600000,train,-1,-2.6,0.615,3.25,2.77,1.51,-1.63,1.43,0.71,0.58,0.49,1,-0.97,neutral,bajista,0,0.14,32,2980,2,
s13346,FETUSDT,1782588600000,train,-1,-3.24,0.674,4.97,4.22,0.85,-2.27,1.69,0.88,0.8,0.85,0,-0.97,neutral,bajista,0,0.068,32,2980,2,
s13347,GRTUSDT,1782588600000,testB,-1,-3.16,0.935,3.94,3.44,1.87,-2.19,1.54,0.76,0.75,0.69,1,-0.97,neutral,bajista,0,0.23,32,2980,2,
s13348,APEUSDT,1782588600000,testB,-1,-3.79,0.6,4.81,4.16,1.3,-2.81,1.57,0.71,0.85,0.75,0,-0.97,neutral,neutral,0,-0.439,32,2980,0,
s13349,XPLUSDT,1782589500000,train,-1,-3.01,0.516,4.64,3.78,1.24,-1.91,1.32,0.67,0.69,0.72,0,-1.1,neutral,neutral,0,0.06,32,2982,0,
s13350,WLDUSDT,1782589500000,train,-1,-4.31,0.537,6.69,6.02,2.21,-3.22,2.82,0.65,0.56,0.5,1,-1.1,neutral,neutral,0,0.3,32,2982,0,
s13351,ENAUSDT,1782589500000,train,-1,-3.1,0.563,4.13,3.41,0.69,-2.0,1.15,0.97,0.69,0.58,1,-1.1,neutral,bajista,0,0.046,32,2982,3,
s13352,ARBUSDT,1782589500000,train,-1,-2.34,0.663,3.34,2.64,2.21,-1.24,1.04,0.81,0.76,0.64,1,-1.1,neutral,neutral,0,0.015,32,2982,0,
s13353,OPUSDT,1782589500000,train,-1,-3.48,0.9,4.3,3.8,1.3,-2.38,1.81,0.84,0.64,0.55,1,-1.1,neutral,neutral,0,-0.526,32,2982,1,
s13354,INJUSDT,1782589500000,train,-1,-2.8,0.568,3.6,2.99,1.11,-1.7,1.26,0.88,1.02,1.09,0,-1.1,neutral,neutral,0,0.451,32,2982,1,
s13355,SUIUSDT,1782589500000,train,-1,-3.52,0.735,4.12,3.91,3.22,-2.42,2.23,1.15,1.02,0.82,1,-1.1,neutral,bajista,0,0.06,32,2982,4,
s13356,TIAUSDT,1782589500000,train,-1,-3.54,0.579,4.62,4.1,2.38,-2.44,1.85,1.1,0.92,0.89,1,-1.1,neutral,bajista,0,-0.351,32,2982,4,
s13357,SEIUSDT,1782589500000,train,-1,-2.5,0.437,3.41,2.83,1.42,-1.41,1.15,1.16,0.86,0.83,1,-1.1,neutral,neutral,0,-0.035,32,2982,0,
s13358,PENDLEUSDT,1782589500000,train,-1,-2.66,0.554,3.7,3.28,1.38,-1.56,1.29,0.69,0.52,0.54,0,-1.1,neutral,neutral,0,-0.039,32,2982,0,
s13359,ONDOUSDT,1782589500000,train,-1,-2.23,0.49,3.24,2.41,1.84,-1.13,1.03,0.71,0.58,0.49,1,-1.1,neutral,neutral,0,0.227,32,2981,0,
s13360,FETUSDT,1782589500000,train,-1,-3.57,0.78,4.97,4.28,0.94,-2.47,1.61,0.88,0.8,0.85,0,-1.1,neutral,neutral,0,-0.0,32,2981,0,
s13361,GRTUSDT,1782589500000,testB,-1,-3.0,0.873,3.94,3.32,2.03,-1.9,1.36,0.76,0.75,0.69,1,-1.1,neutral,neutral,0,0.203,32,2981,0,
s13362,MANAUSDT,1782589500000,testB,-1,-2.14,0.7,2.96,2.18,2.07,-1.04,0.84,0.28,0.26,0.28,0,-1.1,neutral,neutral,0,-0.071,32,2981,0,
s13363,APEUSDT,1782589500000,testB,-1,-2.96,0.477,4.8,3.78,1.43,-1.86,1.19,0.71,0.85,0.75,0,-1.1,neutral,neutral,0,-0.385,32,2981,0,
s13364,XPLUSDT,1782590400000,train,-1,-2.8,0.497,4.64,3.8,1.17,-2.0,1.19,0.57,0.58,0.7,0,-0.81,neutral,neutral,0,0.062,32,2983,1,
s13365,WLDUSDT,1782590400000,train,-1,-3.38,0.405,6.65,5.34,2.31,-2.58,2.0,0.67,0.55,0.49,1,-0.81,neutral,neutral,0,0.56,32,2983,0,
s13366,ENAUSDT,1782590400000,train,-1,-2.26,0.413,4.1,2.98,0.67,-1.45,0.69,0.97,0.7,0.56,1,-0.81,neutral,neutral,0,0.286,32,2983,0,
s13367,ARBUSDT,1782590400000,train,-1,-2.0,0.592,3.28,2.49,1.28,-1.2,0.83,0.66,0.75,0.62,0,-0.81,neutral,neutral,0,0.109,32,2983,0,
s13368,OPUSDT,1782590400000,train,-1,-3.29,0.895,4.21,3.81,1.35,-2.49,1.68,0.9,0.68,0.54,1,-0.81,neutral,bajista,0,-0.526,32,2983,2,
s13369,SUIUSDT,1782590400000,train,-1,-3.12,0.633,4.1,3.62,3.45,-2.31,1.79,1.11,1.01,0.8,1,-0.81,neutral,neutral,0,0.161,32,2983,0,
s13370,TIAUSDT,1782590400000,train,-1,-2.55,0.424,4.46,3.49,2.51,-1.75,1.27,1.17,0.94,0.89,1,-0.81,neutral,neutral,0,-0.085,32,2983,0,
s13371,PENDLEUSDT,1782590400000,train,-1,-2.46,0.491,3.7,3.06,1.37,-1.65,0.94,0.69,0.53,0.51,1,-0.81,neutral,neutral,0,0.142,32,2983,0,
s13372,FETUSDT,1782590400000,train,-1,-2.41,0.494,3.9,2.47,1.25,-1.6,0.71,0.82,0.79,0.85,0,-0.81,neutral,neutral,0,0.442,32,2982,0,
s13373,GRTUSDT,1782590400000,testB,-1,-2.84,0.867,3.55,2.93,1.79,-2.04,1.22,0.81,0.78,0.67,1,-0.81,neutral,neutral,0,0.269,32,2982,0,
s13374,APEUSDT,1782590400000,testB,-1,-2.75,0.429,4.2,2.9,1.06,-1.94,0.8,0.73,0.74,0.74,0,-0.81,neutral,neutral,0,-0.325,32,2982,0,
s13375,XPLUSDT,1782591300000,train,-1,-3.14,0.595,4.64,3.79,0.75,-2.39,1.18,0.57,0.58,0.7,0,-0.74,neutral,neutral,0,-0.0,32,2984,0,
s13376,WLDUSDT,1782591300000,train,-1,-3.04,0.353,6.63,5.02,1.14,-2.3,1.5,0.67,0.55,0.49,1,-0.74,neutral,neutral,0,0.665,32,2984,0,
s13377,ENAUSDT,1782591300000,train,-1,-2.38,0.429,4.11,3.1,0.51,-1.64,0.76,0.97,0.7,0.56,1,-0.74,neutral,neutral,0,0.208,32,2984,1,
s13378,ARBUSDT,1782591300000,train,-1,-2.13,0.641,3.29,2.53,0.81,-1.39,0.81,0.66,0.75,0.62,0,-0.74,neutral,neutral,0,0.021,32,2984,1,
s13379,OPUSDT,1782591300000,train,-1,-3.29,0.895,4.21,3.81,1.06,-2.55,1.53,0.9,0.68,0.54,1,-0.74,neutral,neutral,0,-0.526,32,2984,0,
s13380,SUIUSDT,1782591300000,train,-1,-3.29,0.696,4.1,3.58,2.47,-2.55,1.6,1.11,1.01,0.8,1,-0.74,neutral,neutral,0,0.138,32,2984,0,
s13381,TIAUSDT,1782591300000,train,-1,-2.93,0.523,4.45,3.26,1.52,-2.19,1.03,1.17,0.94,0.89,1,-0.74,neutral,neutral,0,-0.033,32,2984,0,
s13382,SEIUSDT,1782591300000,train,-1,-2.29,0.393,3.39,2.46,0.5,-1.55,0.64,1.15,0.85,0.79,1,-0.74,neutral,neutral,0,0.089,32,2984,1,
s13383,JUPUSDT,1782591300000,train,-1,-3.86,0.385,5.32,5.1,1.83,-3.12,2.37,0.88,0.65,0.63,1,-0.74,neutral,neutral,0,0.451,32,2984,1,
s13384,PENDLEUSDT,1782591300000,train,-1,-2.31,0.474,3.7,3.16,0.84,-1.56,1.07,0.69,0.53,0.51,1,-0.74,neutral,neutral,0,0.117,32,2984,1,
s13385,FETUSDT,1782591300000,train,-1,-2.3,0.482,3.73,2.41,1.08,-1.56,0.75,0.82,0.79,0.85,0,-0.74,neutral,neutral,0,0.31,32,2983,1,
s13386,GRTUSDT,1782591300000,testB,-1,-2.63,0.857,3.49,2.93,0.98,-1.89,1.19,0.81,0.78,0.67,1,-0.74,neutral,neutral,0,0.231,32,2983,0,
s13387,XPLUSDT,1782592200000,train,-1,-2.89,0.536,4.39,3.35,0.52,-1.99,0.89,0.57,0.58,0.7,0,-0.9,neutral,neutral,0,0.056,32,2985,0,
s13388,WLDUSDT,1782592200000,train,-1,-3.43,0.42,6.61,4.69,0.47,-2.53,1.08,0.67,0.55,0.49,1,-0.9,neutral,neutral,0,0.685,32,2985,0,
s13389,ENAUSDT,1782592200000,train,-1,-2.27,0.4,4.03,2.72,0.36,-1.37,0.46,0.97,0.7,0.56,1,-0.9,neutral,neutral,0,0.393,32,2985,0,
s13390,ARBUSDT,1782592200000,train,-1,-2.21,0.65,3.06,2.51,0.51,-1.31,0.93,0.66,0.75,0.62,0,-0.9,neutral,bajista,0,-0.059,32,2985,2,
s13391,OPUSDT,1782592200000,train,-1,-2.81,0.707,3.99,3.19,0.96,-1.91,1.04,0.9,0.68,0.54,1,-0.9,neutral,neutral,0,-0.469,32,2985,0,
s13392,SUIUSDT,1782592200000,train,-1,-3.33,0.707,4.1,3.59,1.1,-2.44,1.46,1.11,1.01,0.8,1,-0.9,neutral,neutral,0,0.097,32,2985,0,
s13393,TIAUSDT,1782592200000,train,-1,-2.86,0.517,4.14,3.19,0.96,-1.96,1.2,1.17,0.94,0.89,1,-0.9,neutral,neutral,0,-0.093,32,2985,1,
s13394,JUPUSDT,1782592200000,train,-1,-3.74,0.377,5.32,5.14,0.52,-2.84,2.22,0.88,0.65,0.63,1,-0.9,neutral,bajista,0,0.447,32,2985,2,
s13395,PENDLEUSDT,1782592200000,train,-1,-2.51,0.531,3.68,3.19,0.55,-1.61,0.98,0.69,0.53,0.51,1,-0.9,neutral,bajista,0,0.186,32,2985,2,
s13396,FETUSDT,1782592200000,train,-1,-2.2,0.47,3.63,2.59,0.91,-1.3,0.98,0.82,0.79,0.85,0,-0.9,neutral,bajista,0,0.133,32,2984,2,
s13397,GRTUSDT,1782592200000,testB,-1,-2.69,0.86,3.32,2.82,1.04,-1.79,1.12,0.81,0.78,0.67,1,-0.9,neutral,neutral,0,0.12,32,2984,1,
s13398,XPLUSDT,1782593100000,train,-1,-2.82,0.517,4.38,3.12,0.5,-1.98,0.57,0.57,0.58,0.7,0,-0.84,neutral,neutral,0,0.283,32,2986,0,
s13399,STBLUSDT,1782593100000,train,1,4.09,0.372,5.28,4.82,0.63,4.93,1.96,1.38,2.04,1.16,0,-0.84,neutral,neutral,0,0.408,32,2986,1,
s13400,ENAUSDT,1782593100000,train,-1,-2.05,0.366,3.53,2.14,0.32,-1.21,0.28,0.97,0.7,0.56,1,-0.84,neutral,neutral,0,0.596,32,2986,0,
s13401,OPUSDT,1782593100000,train,-1,-2.52,0.619,3.69,2.69,0.89,-1.68,0.73,0.9,0.68,0.54,1,-0.84,neutral,neutral,0,-0.37,32,2986,0,
s13402,SUIUSDT,1782593100000,train,-1,-3.36,0.718,4.03,3.49,0.38,-2.52,1.27,1.11,1.01,0.8,1,-0.84,neutral,neutral,0,0.163,32,2986,0,
s13403,TIAUSDT,1782593100000,train,-1,-2.39,0.423,3.75,2.51,0.97,-1.55,0.75,1.17,0.94,0.89,1,-0.84,neutral,neutral,0,0.065,32,2986,0,
s13404,JUPUSDT,1782593100000,train,-1,-4.73,0.539,5.32,5.1,0.5,-3.88,1.95,0.88,0.65,0.63,1,-0.84,neutral,neutral,0,0.522,32,2986,0,
s13405,PENDLEUSDT,1782593100000,train,-1,-2.75,0.613,3.38,2.85,0.46,-1.91,0.86,0.69,0.53,0.51,1,-0.84,neutral,neutral,0,0.228,32,2986,0,
s13406,FETUSDT,1782593100000,train,-1,-2.14,0.452,3.39,2.24,0.82,-1.3,0.72,0.82,0.79,0.85,0,-0.84,neutral,neutral,0,0.308,32,2985,0,
s13407,STBLUSDT,1782594000000,train,1,5.19,0.453,5.55,5.51,0.83,5.49,2.48,1.7,1.99,1.25,0,-0.29,neutral,alcista,0,-0.056,32,2987,2,
s13408,OPUSDT,1782594000000,train,-1,-2.05,0.568,2.99,2.2,0.92,-1.76,0.84,0.88,0.69,0.52,1,-0.29,neutral,neutral,0,-0.409,32,2987,1,
s13409,SUIUSDT,1782594000000,train,-1,-2.61,0.662,3.18,2.89,0.48,-2.32,1.41,1.0,0.92,0.82,1,-0.29,neutral,neutral,0,0.222,32,2987,1,
s13410,JUPUSDT,1782594000000,train,-1,-3.98,0.479,5.41,4.73,0.41,-3.68,1.73,0.77,0.65,0.61,1,-0.29,neutral,neutral,0,0.648,32,2987,0,
s13411,SUIUSDT,1782594900000,train,-1,-2.67,0.686,3.15,2.81,0.57,-2.46,1.24,1.0,0.92,0.82,1,-0.21,neutral,neutral,0,0.321,32,2988,0,
s13412,JUPUSDT,1782594900000,train,-1,-3.72,0.434,5.39,4.35,0.39,-3.51,1.22,0.77,0.65,0.61,1,-0.21,neutral,neutral,0,0.804,32,2988,0,
s13413,XPLUSDT,1782595800000,train,-1,-2.44,0.477,3.1,3.01,0.7,-1.86,1.67,0.55,0.56,0.67,0,-0.58,neutral,bajista,0,0.145,32,2989,3,
s13414,0GUSDT,1782595800000,train,1,7.57,0.433,9.76,7.7,0.8,8.16,2.38,4.27,2.6,1.58,1,-0.58,neutral,neutral,0,-0.904,32,2989,0,
s13415,SUIUSDT,1782595800000,train,-1,-3.29,0.73,3.61,3.48,0.71,-2.71,1.73,1.0,0.92,0.82,1,-0.58,neutral,neutral,0,-0.0,32,2989,1,
s13416,JUPUSDT,1782595800000,train,-1,-4.88,0.511,5.31,5.13,0.47,-4.3,2.26,0.77,0.65,0.61,1,-0.58,neutral,neutral,0,0.425,32,2989,1,
s13417,PENDLEUSDT,1782595800000,train,-1,-2.18,0.548,2.59,2.33,0.92,-1.6,1.42,0.64,0.53,0.51,1,-0.58,neutral,neutral,0,0.132,32,2989,1,
s13418,XPLUSDT,1782596700000,train,-1,-2.4,0.466,3.41,2.56,0.82,-1.86,1.06,0.55,0.56,0.67,0,-0.53,neutral,neutral,0,0.448,32,2990,0,
s13419,0GUSDT,1782596700000,train,1,7.71,0.437,9.75,7.81,0.7,8.24,2.42,4.27,2.6,1.58,1,-0.53,neutral,neutral,0,-0.926,32,2990,1,
s13420,SUIUSDT,1782596700000,train,-1,-2.74,0.573,3.4,2.85,0.73,-2.21,1.05,1.0,0.92,0.82,1,-0.53,neutral,neutral,0,0.092,32,2990,0,
s13421,JUPUSDT,1782596700000,train,-1,-3.93,0.455,5.82,5.13,0.66,-3.4,2.04,0.77,0.65,0.61,1,-0.53,neutral,bajista,0,0.425,32,2990,2,
s13422,XPLUSDT,1782597600000,train,-1,-2.01,0.422,3.22,2.41,1.01,-1.35,0.89,0.55,0.55,0.69,0,-0.66,neutral,neutral,0,1.066,32,2991,1,
s13423,SUIUSDT,1782597600000,train,-1,-2.28,0.525,3.08,2.72,0.47,-1.62,1.15,1.07,0.95,0.85,1,-0.66,neutral,neutral,0,0.263,32,2991,1,
s13424,JUPUSDT,1782597600000,train,-1,-4.43,0.548,5.82,5.13,0.55,-3.77,1.86,0.69,0.64,0.58,1,-0.66,neutral,neutral,0,0.593,32,2991,0,
s13425,INJUSDT,1782598500000,train,-1,-2.17,0.464,3.02,2.51,1.94,-1.53,1.46,0.86,0.96,1.05,0,-0.63,neutral,bajista,0,0.305,32,2992,2,
s13426,SUIUSDT,1782598500000,train,-1,-2.32,0.54,3.47,2.65,0.75,-1.68,0.97,1.07,0.95,0.85,1,-0.63,neutral,neutral,0,0.227,32,2992,0,
s13427,JUPUSDT,1782598500000,train,-1,-3.64,0.497,5.82,5.18,0.58,-3.0,1.74,0.69,0.64,0.58,1,-0.63,neutral,neutral,0,0.43,32,2992,1,
s13428,INJUSDT,1782599400000,train,-1,-2.4,0.489,3.03,2.78,2.2,-1.75,1.58,0.86,0.96,1.05,0,-0.65,neutral,bajista,0,0.115,32,2993,3,
s13429,SUIUSDT,1782599400000,train,-1,-2.23,0.51,3.46,2.45,0.69,-1.58,0.69,1.07,0.95,0.85,1,-0.65,neutral,neutral,0,0.321,32,2993,0,
s13430,JUPUSDT,1782599400000,train,-1,-3.59,0.488,5.8,4.94,0.49,-2.94,1.23,0.69,0.64,0.58,1,-0.65,neutral,neutral,0,0.459,32,2993,0,
s13431,INJUSDT,1782600300000,train,-1,-2.48,0.498,3.36,2.91,2.67,-1.93,1.54,0.86,0.96,1.05,0,-0.55,neutral,bajista,0,-0.603,32,2994,4,
s13432,JUPUSDT,1782600300000,train,-1,-2.98,0.391,5.78,4.47,0.27,-2.43,0.78,0.69,0.64,0.58,1,-0.55,neutral,neutral,0,0.616,32,2994,0,
s13433,INJUSDT,1782601200000,train,-1,-2.84,0.531,3.46,3.35,2.66,-1.91,1.76,0.9,0.88,1.06,0,-0.92,neutral,bajista,0,-0.712,32,2995,5,
s13434,SUIUSDT,1782601200000,train,-1,-2.07,0.406,3.27,2.16,0.88,-1.15,0.44,1.02,0.94,0.86,1,-0.92,neutral,neutral,0,0.142,32,2995,1,
s13435,JUPUSDT,1782601200000,train,-1,-4.76,0.671,5.68,5.09,0.27,-3.84,1.23,0.63,0.62,0.56,1,-0.92,neutral,neutral,0,0.348,32,2995,1,
s13436,INJUSDT,1782602100000,train,-1,-2.42,0.489,4.08,3.79,1.37,-1.86,1.98,0.9,0.88,1.06,0,-0.56,neutral,bajista,0,-0.58,32,2996,6,
s13437,JUPUSDT,1782602100000,train,-1,-3.15,0.568,3.52,3.3,0.4,-2.59,1.71,0.63,0.62,0.56,1,-0.56,neutral,bajista,0,0.722,32,2996,2,
s13438,INJUSDT,1782603000000,train,-1,-2.83,0.584,4.19,3.97,1.53,-2.6,1.94,0.9,0.88,1.06,0,-0.23,neutral,bajista,0,-0.674,32,2997,7,
s13439,INJUSDT,1782603900000,train,-1,-2.55,0.543,4.21,3.91,1.33,-2.3,1.69,0.9,0.88,1.06,0,-0.25,neutral,neutral,0,-0.547,32,2998,0,
s13440,PUMPUSDT,1782607500000,train,-1,-2.92,0.369,5.73,4.34,0.72,-2.68,0.82,1.24,1.48,1.05,0,-0.25,neutral,bajista,0,-1.0,15,3002,2,
s13441,PUMPUSDT,1782608400000,train,-1,-3.76,0.486,5.75,4.72,0.5,-3.25,1.02,1.05,1.48,1.04,0,-0.51,neutral,bajista,0,-1.0,14,3003,3,
s13442,0GUSDT,1782608400000,train,-1,-4.84,0.412,6.58,5.94,0.93,-4.33,2.26,3.35,3.58,1.99,0,-0.51,neutral,neutral,0,0.547,32,3003,1,
s13443,WLDUSDT,1782608400000,train,-1,-3.78,0.599,4.73,4.27,1.96,-3.27,2.35,0.5,0.57,0.52,0,-0.51,neutral,bajista,0,-1.0,30,3003,3,
s13444,INJUSDT,1782608400000,train,-1,-2.26,0.37,4.18,3.08,0.44,-1.75,0.61,0.89,0.89,1.01,0,-0.51,neutral,neutral,0,-0.472,32,3003,0,
s13445,PUMPUSDT,1782609300000,train,-1,-3.28,0.442,4.5,3.39,0.43,-2.88,1.12,1.05,1.48,1.04,0,-0.4,neutral,neutral,0,-1.0,10,3004,0,
s13446,0GUSDT,1782609300000,train,-1,-5.39,0.467,6.64,6.17,0.88,-4.99,2.51,3.35,3.58,1.99,0,-0.4,neutral,bajista,0,0.521,32,3004,2,
s13447,WLDUSDT,1782609300000,train,-1,-3.76,0.597,4.34,3.98,2.39,-3.36,2.25,0.5,0.57,0.52,0,-0.4,neutral,bajista,0,-1.0,29,3004,4,
s13448,0GUSDT,1782610200000,train,-1,-4.03,0.392,6.65,6.05,0.8,-4.05,2.41,3.35,3.58,1.99,0,0.02,neutral,bajista,0,0.539,32,3005,3,
s13449,WLDUSDT,1782610200000,train,-1,-2.08,0.385,4.03,3.28,2.59,-2.1,1.79,0.5,0.57,0.52,0,0.02,neutral,neutral,0,-1.0,28,3005,0,
s13450,0GUSDT,1782611100000,train,-1,-4.48,0.427,7.1,6.41,0.84,-4.51,2.69,3.35,3.58,1.99,0,0.03,neutral,bajista,0,0.503,32,3006,4,
s13451,WLDUSDT,1782611100000,train,-1,-2.44,0.437,4.04,3.57,3.04,-2.47,1.88,0.5,0.57,0.52,0,0.03,neutral,neutral,0,-1.0,27,3006,1,
s13452,0GUSDT,1782612000000,train,-1,-5.65,0.527,6.77,6.55,0.69,-5.91,3.18,2.75,3.69,2.05,0,0.26,neutral,bajista,0,0.331,32,3007,5,
s13453,WLDUSDT,1782612000000,train,-1,-2.33,0.409,4.04,3.4,1.07,-2.59,1.55,0.54,0.6,0.52,0,0.26,neutral,neutral,0,-1.0,26,3007,0,
s13454,0GUSDT,1782612900000,train,-1,-5.99,0.581,6.72,6.42,0.63,-5.96,2.59,2.75,3.69,2.05,0,-0.03,neutral,neutral,0,0.473,32,3008,0,
s13455,WLDUSDT,1782612900000,train,-1,-3.39,0.502,4.98,4.59,1.33,-3.36,2.24,0.54,0.6,0.52,0,-0.03,neutral,neutral,0,-1.0,25,3008,1,
s13456,WLDUSDT,1782613800000,train,-1,-3.83,0.542,5.18,5.0,1.3,-3.75,2.39,0.54,0.6,0.52,0,-0.08,neutral,bajista,0,-1.0,24,3009,2,
s13457,0GUSDT,1782614700000,train,-1,-4.3,0.419,6.26,5.57,0.57,-4.16,1.99,2.75,3.69,2.05,0,-0.14,neutral,neutral,0,0.62,32,3010,1,
s13458,WLDUSDT,1782614700000,train,-1,-3.77,0.533,5.16,4.61,1.06,-3.64,1.84,0.54,0.6,0.52,0,-0.14,neutral,neutral,0,-1.0,23,3010,0,
s13459,0GUSDT,1782615600000,train,-1,-3.85,0.373,5.9,4.95,0.53,-4.22,1.64,2.31,3.43,2.06,0,0.37,neutral,neutral,0,0.722,32,3011,0,
s13460,WLDUSDT,1782615600000,train,-1,-2.81,0.356,4.46,3.0,1.23,-3.17,0.85,0.53,0.59,0.51,0,0.37,neutral,neutral,0,-1.0,19,3011,0,
s13461,APEUSDT,1782615600000,testB,1,2.03,0.483,3.21,2.92,2.15,1.67,1.37,0.49,0.61,0.67,0,0.37,neutral,alcista,0,-0.171,32,3010,2,
s13462,0GUSDT,1782616500000,train,-1,-3.87,0.373,6.02,5.5,0.61,-4.31,1.65,2.31,3.43,2.06,0,0.44,neutral,neutral,0,0.465,32,3012,1,
s13463,APEUSDT,1782616500000,testB,1,2.49,0.654,2.85,2.43,1.24,2.04,1.08,0.49,0.61,0.67,0,0.44,neutral,neutral,0,-0.206,32,3011,0,
s13464,0GUSDT,1782617400000,train,-1,-5.09,0.569,5.97,5.45,0.51,-5.32,1.6,2.31,3.43,2.06,0,0.23,neutral,neutral,0,0.46,32,3013,0,
s13465,PUMPUSDT,1782618300000,train,1,3.85,0.52,4.06,3.85,1.61,3.56,2.52,0.88,1.27,1.05,0,0.28,neutral,alcista,1,2.0,17,3014,2,
s13466,0GUSDT,1782618300000,train,-1,-4.57,0.507,5.61,4.79,0.39,-4.85,1.15,2.31,3.43,2.06,0,0.28,neutral,neutral,0,0.622,32,3014,0,
s13467,0GUSDT,1782619200000,train,-1,-3.81,0.457,4.7,4.66,0.42,-3.94,1.75,1.98,3.26,2.1,0,0.13,neutral,neutral,0,0.411,32,3015,1,
s13468,WLDUSDT,1782619200000,train,-1,-3.08,0.415,4.43,3.5,0.4,-3.21,1.05,0.53,0.58,0.51,0,0.13,neutral,neutral,0,-1.0,15,3015,1,
s13469,0GUSDT,1782620100000,train,-1,-2.95,0.385,3.65,3.31,0.41,-3.01,1.68,1.98,3.26,2.1,0,0.05,neutral,neutral,0,0.5,32,3016,0,
s13470,WLDUSDT,1782620100000,train,-1,-3.32,0.457,4.41,3.52,0.45,-3.37,0.98,0.53,0.58,0.51,0,0.05,neutral,bajista,0,-1.0,14,3016,2,
s13471,PUMPUSDT,1782621000000,train,1,3.74,0.451,5.23,4.53,3.18,3.75,2.8,1.05,1.19,1.11,0,-0.01,neutral,alcista,0,1.172,32,3017,2,
s13472,STBLUSDT,1782621000000,train,1,2.37,0.384,3.07,2.62,1.17,2.38,1.41,1.04,1.32,1.53,0,-0.01,neutral,alcista,0,-1.0,11,3017,2,
s13473,0GUSDT,1782621000000,train,-1,-3.09,0.395,3.94,3.59,0.62,-3.09,2.0,1.98,3.26,2.1,0,-0.01,neutral,neutral,0,0.061,32,3017,1,
s13474,WLDUSDT,1782621000000,train,-1,-2.85,0.374,4.35,3.03,0.47,-2.85,0.42,0.53,0.58,0.51,0,-0.01,neutral,neutral,0,-1.0,13,3017,0,
s13475,PUMPUSDT,1782621900000,train,1,5.22,0.55,5.8,5.73,2.63,5.25,3.64,1.05,1.19,1.11,0,-0.03,neutral,alcista,0,0.841,32,3018,3,
s13476,STBLUSDT,1782621900000,train,1,2.92,0.449,3.1,3.02,1.1,2.95,1.63,1.04,1.32,1.53,0,-0.03,neutral,alcista,0,-1.0,10,3018,3,
s13477,0GUSDT,1782621900000,train,-1,-3.43,0.429,3.77,3.68,0.68,-3.4,1.82,1.98,3.26,2.1,0,-0.03,neutral,bajista,0,0.179,32,3018,2,
s13478,WLDUSDT,1782621900000,train,-1,-2.72,0.361,3.61,2.79,0.5,-2.69,0.91,0.53,0.58,0.51,0,-0.03,neutral,neutral,0,-1.0,12,3018,1,
s13479,PUMPUSDT,1782622800000,train,1,4.13,0.389,5.88,4.39,2.31,4.24,1.89,1.09,1.15,1.14,0,-0.11,neutral,neutral,0,1.129,32,3019,0,
s13480,0GUSDT,1782622800000,train,-1,-3.21,0.41,3.97,3.71,0.86,-3.1,2.12,1.88,3.19,2.18,0,-0.11,neutral,bajista,0,0.107,32,3019,3,
s13481,0GUSDT,1782623700000,train,-1,-3.85,0.455,4.59,4.54,1.25,-3.23,2.65,1.88,3.19,2.18,0,-0.63,neutral,bajista,0,0.02,32,3020,4,
s13482,XPLUSDT,1782626400000,train,-1,-2.3,0.372,4.49,4.14,2.78,-1.57,2.31,0.55,0.51,0.6,0,-0.74,neutral,bajista,0,-0.027,32,3023,3,
s13483,ENAUSDT,1782626400000,train,-1,-2.24,0.456,2.62,2.41,3.16,-1.5,1.35,0.5,0.52,0.58,0,-0.74,neutral,neutral,0,-1.0,10,3023,1,
s13484,TIAUSDT,1782626400000,train,-1,-2.0,0.366,2.23,2.15,1.23,-1.26,1.04,0.45,0.68,0.89,0,-0.74,neutral,neutral,0,-1.0,4,3023,1,
s13485,JUPUSDT,1782626400000,train,-1,-2.6,0.613,2.76,2.72,1.12,-1.86,1.38,0.34,0.48,0.49,0,-0.74,neutral,bajista,0,-1.0,14,3023,2,
s13486,XPLUSDT,1782628200000,train,-1,-2.44,0.436,4.49,4.09,2.08,-2.17,1.8,0.55,0.51,0.6,0,-0.27,neutral,neutral,0,-0.035,32,3025,0,
s13487,0GUSDT,1782628200000,train,-1,-3.67,0.483,5.09,3.76,0.88,-3.4,1.02,1.46,3.14,2.19,0,-0.27,neutral,neutral,0,0.153,32,3025,0,
s13488,FETUSDT,1782628200000,train,-1,-2.12,0.407,3.05,2.75,0.73,-1.85,0.78,0.51,0.51,0.65,0,-0.27,neutral,neutral,0,-0.489,32,3024,0,
s13489,0GUSDT,1782629100000,train,-1,-2.33,0.351,4.42,2.92,0.81,-2.08,0.65,1.46,3.14,2.19,0,-0.25,neutral,neutral,0,0.348,32,3026,0,
s13490,XPLUSDT,1782630000000,train,-1,-2.49,0.457,4.2,2.73,0.98,-2.29,0.53,0.59,0.49,0.58,0,-0.2,neutral,neutral,0,0.625,32,3027,0,
s13491,XPLUSDT,1782630900000,train,-1,-2.84,0.489,4.23,3.52,0.79,-2.59,1.22,0.59,0.49,0.58,0,-0.25,neutral,neutral,0,0.302,32,3028,1,
s13492,XPLUSDT,1782631800000,train,-1,-2.31,0.381,4.22,3.12,0.76,-2.35,0.76,0.59,0.49,0.58,0,0.05,neutral,neutral,0,0.43,32,3029,0,
s13493,PUMPUSDT,1782631800000,train,1,7.22,0.382,8.48,7.61,2.74,7.17,5.55,2.12,1.59,1.4,1,0.05,neutral,alcista,0,-0.195,32,3029,6,
s13494,XPLUSDT,1782632700000,train,-1,-2.16,0.353,4.21,3.0,0.74,-2.2,0.74,0.59,0.49,0.58,0,0.04,neutral,neutral,0,0.319,32,3030,0,
s13495,WLDUSDT,1782633600000,train,1,3.36,0.452,4.44,4.09,1.4,3.4,2.07,0.47,0.5,0.51,0,-0.04,neutral,alcista,0,-0.411,32,3031,3,
s13496,WLDUSDT,1782634500000,train,1,3.54,0.471,4.68,4.22,1.65,3.5,2.01,0.47,0.5,0.51,0,0.04,neutral,alcista,0,-0.482,32,3032,4,
s13497,WLDUSDT,1782635400000,train,1,3.94,0.499,5.69,4.99,2.39,3.48,2.55,0.47,0.5,0.51,0,0.46,neutral,alcista,0,-0.728,32,3033,5,
s13498,WLDUSDT,1782636300000,train,1,3.94,0.494,5.72,4.51,1.94,3.55,1.91,0.47,0.5,0.51,0,0.39,neutral,neutral,0,-0.722,32,3034,0,
s13499,WLDUSDT,1782637200000,train,1,4.54,0.572,5.64,4.7,1.81,3.96,1.98,0.51,0.52,0.52,0,0.58,neutral,neutral,0,-0.762,32,3035,1,
s13500,PENDLEUSDT,1782637200000,train,1,2.43,0.435,3.14,2.89,1.41,1.84,1.37,0.5,0.45,0.49,0,0.58,neutral,neutral,0,-0.803,32,3035,1,
s13501,WLDUSDT,1782638100000,train,1,4.8,0.592,5.43,4.69,1.81,3.96,1.91,0.51,0.52,0.52,0,0.84,neutral,alcista,0,-0.827,32,3036,2,
s13502,PENDLEUSDT,1782638100000,train,1,2.97,0.544,3.14,3.08,1.52,2.13,1.45,0.5,0.45,0.49,0,0.84,neutral,alcista,0,-0.897,32,3036,2,
s13503,WLDUSDT,1782639000000,train,1,4.31,0.568,4.92,4.31,1.03,3.55,1.91,0.51,0.52,0.52,0,0.77,neutral,alcista,0,-1.0,32,3037,3,
s13504,PENDLEUSDT,1782639000000,train,1,2.21,0.39,3.25,2.61,1.3,1.44,0.88,0.5,0.45,0.49,0,0.77,neutral,neutral,0,-1.0,32,3037,0,
s13505,OPUSDT,1782639900000,train,-1,-2.07,0.396,2.42,2.32,2.16,-2.53,1.33,0.4,0.4,0.54,0,0.46,neutral,bajista,0,-1.0,20,3038,5,
s13506,WLDUSDT,1782640800000,train,1,3.61,0.465,4.85,3.57,0.9,2.9,1.09,0.53,0.53,0.52,1,0.7,neutral,neutral,0,-1.0,28,3039,1,
s13507,PUMPUSDT,1782642600000,train,1,7.42,0.391,8.83,7.64,1.2,7.15,3.37,3.44,2.26,1.86,1,0.27,neutral,neutral,0,-0.609,32,3041,1,
s13508,TIAUSDT,1782642600000,train,1,3.11,0.382,3.41,3.1,1.2,2.84,1.78,0.73,0.59,0.76,0,0.27,neutral,alcista,0,-1.0,23,3041,3,
s13509,STBLUSDT,1782644400000,train,-1,-2.84,0.425,3.4,3.09,0.79,-2.82,1.19,1.04,1.14,1.43,0,-0.02,neutral,neutral,0,0.321,32,3043,0,
s13510,ENAUSDT,1782649800000,train,-1,-2.07,0.386,2.49,2.28,1.1,-1.72,0.72,0.48,0.49,0.61,0,-0.35,neutral,neutral,0,-0.378,32,3049,1,
s13511,INJUSDT,1782649800000,train,-1,-2.05,0.427,2.5,2.37,1.31,-1.7,1.09,0.57,0.58,0.74,0,-0.35,neutral,neutral,0,0.364,32,3049,1,
s13512,ENAUSDT,1782651600000,train,-1,-2.09,0.372,2.57,2.15,1.71,-1.69,0.79,0.52,0.52,0.61,0,-0.4,neutral,neutral,0,-1.0,32,3051,1,
s13513,INJUSDT,1782651600000,train,-1,-2.2,0.5,2.96,2.29,1.93,-1.8,1.0,0.62,0.62,0.76,0,-0.4,neutral,bajista,0,0.302,32,3051,3,
s13514,APEUSDT,1782651600000,testB,-1,-2.28,0.533,2.84,2.26,1.2,-1.88,0.95,0.42,0.44,0.51,0,-0.4,neutral,neutral,0,0.161,32,3050,1,
s13515,STBLUSDT,1782652500000,train,-1,-2.18,0.373,2.67,2.19,0.73,-1.84,1.24,0.76,1.12,1.27,0,-0.34,neutral,bajista,0,0.873,32,3052,4,
s13516,WLDUSDT,1782652500000,train,-1,-2.43,0.435,3.46,3.14,1.04,-2.09,1.24,0.52,0.48,0.51,0,-0.34,neutral,bajista,0,0.579,32,3052,2,
s13517,WLDUSDT,1782653400000,train,-1,-2.36,0.419,2.96,2.44,0.96,-1.95,0.87,0.52,0.48,0.51,0,-0.42,neutral,neutral,0,0.771,32,3053,0,
s13518,APEUSDT,1782655200000,testB,-1,-2.21,0.463,2.63,2.34,0.57,-2.08,1.01,0.4,0.39,0.5,0,-0.14,neutral,bajista,0,-1.0,25,3054,2,
s13519,JUPUSDT,1782657000000,train,-1,-2.03,0.367,3.1,3.01,1.42,-2.0,1.28,0.51,0.48,0.55,0,-0.03,neutral,bajista,0,0.484,32,3057,2,
s13520,WLDUSDT,1782657900000,train,-1,-2.45,0.512,3.1,2.92,1.09,-2.21,1.24,0.46,0.47,0.52,0,-0.24,neutral,bajista,0,0.403,32,3058,2,
s13521,JUPUSDT,1782657900000,train,-1,-2.12,0.377,3.15,3.15,1.46,-1.88,1.41,0.51,0.48,0.55,0,-0.24,neutral,bajista,0,0.955,32,3058,3,
s13522,WLDUSDT,1782658800000,train,-1,-2.01,0.419,3.21,2.55,1.02,-1.92,0.85,0.43,0.47,0.52,0,-0.09,neutral,neutral,0,0.496,32,3059,0,
s13523,OPUSDT,1782658800000,train,1,2.2,0.458,2.35,2.15,1.72,2.29,1.29,0.44,0.42,0.53,0,-0.09,neutral,alcista,0,-1.0,6,3059,2,
s13524,AXSUSDT,1782658800000,testB,1,2.56,0.532,3.29,2.99,2.08,2.65,1.7,0.19,0.14,0.14,1,-0.09,neutral,neutral,0,-0.467,32,3058,1,
s13525,WLDUSDT,1782659700000,train,-1,-2.14,0.451,2.87,2.26,1.0,-1.68,0.8,0.43,0.47,0.52,0,-0.46,neutral,neutral,0,0.32,32,3060,1,
s13526,JUPUSDT,1782659700000,train,-1,-2.25,0.405,3.71,2.82,2.0,-1.78,0.87,0.49,0.53,0.53,0,-0.46,neutral,neutral,0,0.65,32,3060,1,
s13527,AXSUSDT,1782659700000,testB,1,2.04,0.435,3.3,2.8,2.03,2.51,1.27,0.19,0.14,0.14,1,-0.46,neutral,neutral,0,-0.321,32,3059,0,
s13528,WLDUSDT,1782660600000,train,-1,-2.19,0.456,2.72,2.31,1.01,-1.63,0.96,0.43,0.47,0.52,0,-0.57,neutral,bajista,0,-0.216,32,3061,2,
s13529,JUPUSDT,1782660600000,train,-1,-2.52,0.47,3.71,2.86,1.8,-1.95,0.83,0.49,0.53,0.53,0,-0.57,neutral,neutral,0,0.361,32,3061,0,
s13530,JUPUSDT,1782661500000,train,-1,-2.61,0.479,3.48,2.82,1.8,-1.84,0.87,0.49,0.53,0.53,0,-0.77,neutral,neutral,0,0.383,32,3062,1,
s13531,JUPUSDT,1782662400000,train,-1,-2.11,0.404,3.48,2.68,0.86,-1.32,0.77,0.6,0.6,0.54,1,-0.79,neutral,neutral,0,0.596,32,3063,0,
s13532,0GUSDT,1782663300000,train,-1,-2.34,0.411,4.08,3.62,0.64,-1.39,1.16,0.74,0.81,2.1,0,-0.95,neutral,bajista,0,0.762,32,3064,7,
s13533,INJUSDT,1782663300000,train,-1,-2.03,0.503,2.47,2.33,1.04,-1.08,1.2,0.64,0.64,0.7,0,-0.95,neutral,bajista,0,0.346,32,3064,5,
s13534,JUPUSDT,1782663300000,train,-1,-2.57,0.467,3.49,3.06,0.58,-1.62,1.07,0.6,0.6,0.54,1,-0.95,neutral,neutral,0,0.831,32,3064,1,
s13535,0GUSDT,1782664200000,train,-1,-3.24,0.673,3.72,3.31,0.72,-2.21,1.07,0.74,0.81,2.1,0,-1.04,neutral,bajista,0,0.767,32,3065,8,
s13536,TIAUSDT,1782664200000,train,-1,-2.08,0.355,3.12,3.04,1.58,-1.04,1.73,0.6,0.67,0.71,0,-1.04,neutral,bajista,0,-1.0,30,3065,6,
s13537,JUPUSDT,1782664200000,train,-1,-2.87,0.492,3.19,3.05,1.43,-1.84,1.93,0.6,0.6,0.54,1,-1.04,neutral,bajista,0,0.219,32,3065,2,
s13538,0GUSDT,1782665100000,train,-1,-2.38,0.551,3.21,2.62,0.84,-1.37,0.83,0.74,0.81,2.1,0,-1.02,neutral,neutral,0,0.759,32,3066,0,
s13539,0GUSDT,1782666000000,train,-1,-2.08,0.516,2.72,2.22,0.6,-1.27,0.88,0.71,0.69,2.0,0,-0.82,neutral,neutral,0,1.245,32,3067,1,
s13540,INJUSDT,1782666900000,train,-1,-2.17,0.635,2.5,2.39,0.95,-1.29,1.07,0.65,0.64,0.68,0,-0.88,neutral,bajista,0,-0.156,32,3068,2,
s13541,JUPUSDT,1782666900000,train,-1,-2.32,0.362,3.09,2.62,2.11,-1.44,1.21,0.64,0.6,0.54,1,-0.88,neutral,bajista,0,0.491,32,3068,2,
s13542,XPLUSDT,1782670500000,train,-1,-2.66,0.558,2.85,2.81,1.19,-1.74,1.45,0.51,0.51,0.49,0,-0.92,neutral,bajista,0,0.004,32,3072,7,
s13543,0GUSDT,1782670500000,train,-1,-2.14,0.649,2.6,2.5,0.63,-1.22,0.92,0.58,0.62,1.93,0,-0.92,neutral,bajista,0,0.782,32,3072,2,
s13544,WLDUSDT,1782670500000,train,-1,-2.2,0.471,2.36,2.34,0.79,-1.28,1.26,0.43,0.48,0.5,0,-0.92,neutral,bajista,0,0.206,32,3072,2,
s13545,XPLUSDT,1782671400000,train,-1,-2.38,0.526,2.91,2.79,0.95,-1.52,1.28,0.51,0.51,0.49,0,-0.86,neutral,neutral,0,-0.224,32,3073,0,
s13546,0GUSDT,1782671400000,train,-1,-2.05,0.605,2.36,2.14,0.55,-1.19,0.62,0.58,0.62,1.93,0,-0.86,neutral,neutral,0,0.723,32,3073,0,
s13547,TIAUSDT,1782671400000,train,-1,-2.08,0.379,4.46,3.21,1.22,-1.22,0.88,0.92,0.82,0.74,1,-0.86,neutral,bajista,0,-1.0,22,3073,3,
s13548,TIAUSDT,1782672300000,train,-1,-2.1,0.385,4.46,3.04,0.86,-1.41,0.67,0.92,0.82,0.74,1,-0.69,neutral,neutral,0,-1.0,21,3074,0,
s13549,TIAUSDT,1782673200000,train,-1,-2.83,0.527,4.03,2.97,0.33,-1.89,1.03,0.9,0.78,0.69,1,-0.95,neutral,neutral,0,-1.0,20,3075,1,
s13550,TIAUSDT,1782674100000,train,-1,-2.42,0.487,4.01,3.03,0.28,-1.61,1.01,0.9,0.78,0.69,1,-0.81,neutral,bajista,0,-1.0,19,3076,2,
s13551,TIAUSDT,1782675000000,train,-1,-2.13,0.421,3.49,2.31,0.4,-1.25,0.77,0.9,0.78,0.69,1,-0.89,neutral,neutral,0,-1.0,17,3077,0,
s13552,FETUSDT,1782675900000,train,1,2.38,0.369,3.0,2.95,1.24,3.04,1.69,0.8,0.61,0.54,1,-0.67,neutral,neutral,0,0.846,32,3077,1,
s13553,GRTUSDT,1782675900000,testB,-1,-2.45,0.595,3.08,2.62,0.63,-1.78,0.62,0.94,0.93,0.78,1,-0.67,neutral,neutral,0,-0.783,32,3077,0,
s13554,PUMPUSDT,1782676800000,train,-1,-4.11,0.409,7.37,5.76,0.78,-3.84,1.29,1.87,2.27,2.12,0,-0.27,neutral,neutral,0,-0.061,32,3079,0,
s13555,FETUSDT,1782676800000,train,1,2.61,0.413,3.62,3.0,1.99,2.89,1.61,0.97,0.71,0.59,1,-0.27,neutral,neutral,0,0.623,32,3078,0,
s13556,FETUSDT,1782677700000,train,1,4.12,0.526,4.57,4.52,2.25,4.2,2.9,0.97,0.71,0.59,1,-0.08,neutral,neutral,0,0.086,32,3079,1,
s13557,FETUSDT,1782678600000,train,1,3.14,0.355,4.62,3.38,2.6,3.05,1.52,0.97,0.71,0.59,1,0.09,neutral,neutral,0,0.233,32,3080,0,
s13558,PUMPUSDT,1782679500000,train,-1,-4.55,0.507,7.36,5.61,0.63,-4.51,1.13,1.87,2.27,2.12,0,-0.04,neutral,neutral,0,0.288,32,3082,0,
s13559,PUMPUSDT,1782680400000,train,-1,-3.38,0.41,5.53,3.57,0.6,-3.48,0.79,1.76,2.15,2.12,0,0.1,neutral,neutral,0,0.686,32,3083,0,
s13560,PUMPUSDT,1782681300000,train,-1,-2.74,0.357,4.93,3.52,0.34,-2.93,1.12,1.76,2.15,2.12,0,0.19,neutral,neutral,0,0.46,32,3084,1,
s13561,PUMPUSDT,1782683100000,train,-1,-4.04,0.472,5.63,4.85,0.67,-3.8,2.12,1.76,2.15,2.12,0,-0.23,neutral,neutral,0,-0.324,32,3086,1,
s13562,STBLUSDT,1782683100000,train,-1,-2.85,0.766,3.18,3.01,1.1,-2.61,1.24,0.51,0.62,0.87,0,-0.23,neutral,neutral,0,-0.257,32,3086,1,
s13563,0GUSDT,1782683100000,train,-1,-2.53,0.667,2.78,2.6,1.82,-2.3,1.49,0.4,0.57,1.14,0,-0.23,neutral,neutral,0,-0.214,32,3086,1,
s13564,STBLUSDT,1782685800000,train,-1,-2.55,0.604,2.78,2.74,1.67,-1.72,1.42,0.52,0.58,0.85,0,-0.82,neutral,bajista,0,-0.537,32,3089,2,
s13565,STBLUSDT,1782686700000,train,-1,-2.71,0.618,3.4,2.95,1.4,-1.8,1.4,0.52,0.58,0.85,0,-0.91,neutral,bajista,0,-0.542,32,3090,3,
s13566,0GUSDT,1782686700000,train,-1,-2.36,0.491,3.4,2.61,2.21,-1.46,1.36,0.44,0.59,1.04,0,-0.91,neutral,bajista,0,-0.589,32,3090,3,
s13567,JUPUSDT,1782686700000,train,-1,-2.37,0.368,2.96,2.67,3.92,-1.46,1.75,0.52,0.56,0.5,0,-0.91,neutral,bajista,0,-1.0,4,3090,3,
s13568,TIAUSDT,1782691200000,train,1,2.68,0.404,4.24,4.05,1.2,2.81,2.47,0.81,0.87,0.72,0,-0.13,neutral,alcista,0,0.084,32,3095,5,
s13569,XPLUSDT,1782692100000,train,-1,-2.49,0.415,4.14,2.62,0.71,-1.63,1.29,0.81,0.66,0.58,1,-0.86,neutral,bajista,0,-1.0,10,3096,3,
s13570,OPUSDT,1782692100000,train,-1,-2.18,0.393,2.43,2.23,1.45,-1.32,1.05,0.63,0.56,0.46,1,-0.86,neutral,neutral,0,-1.0,10,3096,1,
s13571,SEIUSDT,1782692100000,train,-1,-2.31,0.464,2.76,2.66,1.08,-1.46,1.2,0.75,0.67,0.55,1,-0.86,neutral,bajista,0,-1.0,28,3096,3,
s13572,APEUSDT,1782692100000,testB,-1,-3.15,0.478,4.36,3.47,0.32,-2.29,0.95,0.75,0.54,0.48,1,-0.86,neutral,neutral,0,-0.277,32,3095,1,
s13573,SEIUSDT,1782694800000,train,-1,-2.05,0.359,2.71,2.14,1.6,-1.71,0.98,0.78,0.67,0.56,1,-0.35,neutral,neutral,0,-1.0,22,3099,1,
s13574,ARUSDT,1782697500000,testB,1,2.26,0.432,2.86,2.81,0.8,2.27,1.0,0.62,0.53,0.48,1,-0.01,neutral,alcista,1,2.0,29,3101,2,
s13575,ARUSDT,1782700200000,testB,1,2.48,0.391,3.33,3.17,1.02,1.34,1.26,0.73,0.56,0.49,1,1.14,neutral,alcista,1,2.0,30,3104,2,
s13576,ARUSDT,1782701100000,testB,1,2.37,0.368,2.85,2.58,1.1,1.2,0.96,0.73,0.56,0.49,1,1.17,neutral,neutral,1,2.0,25,3105,0,
s13577,STXUSDT,1782701100000,testB,1,2.37,0.364,2.79,2.68,1.73,1.2,1.2,0.65,0.56,0.5,1,1.17,neutral,alcista,0,-0.178,32,3105,3,
s13578,ARBUSDT,1782702000000,train,1,3.45,0.377,3.75,3.56,1.84,2.2,1.96,1.61,1.07,0.75,1,1.25,neutral,alcista,0,0.145,32,3107,4,
s13579,ARUSDT,1782702000000,testB,1,2.8,0.408,3.16,2.89,1.39,1.55,1.48,0.8,0.6,0.51,1,1.25,neutral,neutral,1,2.0,28,3106,1,
s13580,STXUSDT,1782702000000,testB,1,3.23,0.445,3.66,3.42,2.02,1.97,1.85,0.66,0.57,0.49,1,1.25,neutral,alcista,0,-0.466,32,3106,4,
s13581,ARBUSDT,1782702900000,train,1,3.42,0.376,3.97,3.8,1.92,2.34,2.27,1.61,1.07,0.75,1,1.08,neutral,alcista,0,-0.017,32,3108,5,
s13582,ARUSDT,1782702900000,testB,1,2.51,0.383,3.36,3.25,1.21,1.43,1.71,0.8,0.6,0.51,1,1.08,neutral,alcista,1,2.0,27,3107,2,
s13583,STXUSDT,1782702900000,testB,1,3.16,0.441,3.82,3.71,1.79,2.07,1.98,0.66,0.57,0.49,1,1.08,neutral,alcista,0,-0.508,32,3107,5,
s13584,ARBUSDT,1782706500000,train,1,3.51,0.455,4.15,3.84,3.9,2.24,1.44,1.94,1.24,0.86,1,1.27,neutral,alcista,0,0.326,32,3112,3,
s13585,OPUSDT,1782706500000,train,1,3.74,0.416,4.1,3.71,1.06,2.48,1.48,0.71,0.62,0.53,1,1.27,neutral,neutral,0,-0.184,32,3112,1,
s13586,ARUSDT,1782706500000,testB,1,3.78,0.504,4.91,4.07,2.41,2.51,1.82,1.05,0.75,0.58,1,1.27,neutral,neutral,0,0.974,32,3111,1,
s13587,PENDLEUSDT,1782711900000,train,1,4.23,0.371,6.11,5.56,1.2,3.1,2.22,1.07,0.82,0.61,1,1.13,neutral,alcista,0,0.454,32,3118,3,
s13588,XPLUSDT,1782712800000,train,1,4.03,0.393,5.16,4.8,1.54,2.08,3.35,0.65,0.73,0.62,0,1.95,neutral,alcista,0,-0.706,32,3119,4,
s13589,ENAUSDT,1782712800000,train,1,4.03,0.455,4.11,3.88,0.86,2.08,1.55,0.89,0.81,0.68,1,1.95,neutral,alcista,1,2.0,28,3119,4,
s13590,ARBUSDT,1782712800000,train,1,3.26,0.411,3.83,3.3,0.74,1.31,1.0,2.1,1.4,0.95,1,1.95,neutral,neutral,0,-0.368,32,3119,1,
s13591,OPUSDT,1782712800000,train,1,2.73,0.36,4.04,2.76,0.56,0.78,0.54,0.65,0.64,0.55,1,1.95,neutral,alcista,0,-0.643,32,3119,3,
s13592,INJUSDT,1782712800000,train,1,2.97,0.423,3.23,2.95,0.95,1.02,1.58,0.74,0.65,0.61,1,1.95,neutral,alcista,0,-0.014,32,3119,3,
s13593,SUIUSDT,1782712800000,train,1,2.66,0.377,3.01,2.67,0.59,0.7,1.0,0.69,0.77,0.64,0,1.95,neutral,alcista,0,-0.422,32,3119,3,
s13594,SEIUSDT,1782712800000,train,1,2.27,0.419,2.9,2.48,0.59,0.32,0.51,0.55,0.65,0.59,0,1.95,neutral,neutral,0,-0.452,32,3119,0,
s13595,PENDLEUSDT,1782712800000,train,1,5.18,0.488,5.87,5.13,1.17,3.23,1.92,1.05,0.82,0.63,1,1.95,neutral,neutral,0,0.277,32,3119,0,
s13596,ONDOUSDT,1782712800000,train,1,2.06,0.368,2.53,2.11,0.95,0.11,0.62,0.64,0.6,0.55,1,1.95,neutral,alcista,0,-0.439,32,3118,4,
s13597,ARUSDT,1782712800000,testB,1,3.1,0.429,3.91,3.12,0.42,1.15,1.2,1.09,0.84,0.6,1,1.95,neutral,alcista,0,1.22,32,3118,4,
s13598,LDOUSDT,1782712800000,testB,1,2.84,0.423,2.84,2.84,0.52,0.89,1.16,0.79,0.71,0.61,1,1.95,neutral,alcista,0,-0.211,32,3118,4,
s13599,ENAUSDT,1782713700000,train,1,2.62,0.356,3.12,2.82,1.01,1.58,1.39,0.89,0.81,0.68,1,1.04,neutral,alcista,1,2.0,27,3120,5,
s13600,INJUSDT,1782713700000,train,1,2.32,0.366,2.84,2.56,1.15,1.28,1.37,0.74,0.65,0.61,1,1.04,neutral,neutral,0,0.167,32,3120,0,
s13601,PENDLEUSDT,1782713700000,train,1,3.52,0.368,4.54,3.47,1.28,2.48,1.35,1.05,0.82,0.63,1,1.04,neutral,neutral,0,0.613,32,3120,0,
s13602,ARUSDT,1782713700000,testB,1,2.37,0.367,2.95,2.47,0.56,1.33,1.31,1.09,0.84,0.6,1,1.04,neutral,alcista,1,2.0,15,3119,5,
s13603,LDOUSDT,1782713700000,testB,1,2.24,0.369,3.3,2.62,1.33,1.2,1.5,0.79,0.71,0.61,1,1.04,neutral,alcista,0,-0.273,32,3119,5,
s13604,ARUSDT,1782714600000,testB,1,2.42,0.372,2.73,2.52,0.62,1.92,1.39,1.09,0.84,0.6,1,0.5,neutral,alcista,1,2.0,14,3120,6,
s13605,ARUSDT,1782715500000,testB,1,2.69,0.41,2.83,2.67,0.88,2.16,1.52,1.09,0.84,0.6,1,0.53,neutral,alcista,0,1.49,32,3121,7,
s13606,ARUSDT,1782716400000,testB,1,2.51,0.395,2.97,2.87,1.13,2.39,1.66,1.37,0.99,0.69,1,0.12,neutral,alcista,0,0.945,32,3122,8,
s13607,ARUSDT,1782717300000,testB,1,3.36,0.467,4.18,4.02,1.61,3.49,2.57,1.37,0.99,0.69,1,-0.13,neutral,alcista,0,0.59,32,3123,8,
s13608,PENDLEUSDT,1782718200000,train,1,2.81,0.359,3.77,3.67,1.01,2.58,1.61,1.2,0.93,0.67,1,0.23,neutral,alcista,0,0.634,32,3125,2,
s13609,ARUSDT,1782718200000,testB,1,3.37,0.467,4.45,3.62,1.81,3.14,1.95,1.37,0.99,0.69,1,0.23,neutral,neutral,0,0.871,32,3124,0,
s13610,INJUSDT,1782720000000,train,1,2.92,0.366,4.16,4.08,0.71,2.85,1.97,1.07,0.8,0.66,1,0.07,neutral,alcista,0,0.103,32,3127,2,
s13611,PENDLEUSDT,1782720000000,train,1,4.3,0.516,5.8,5.36,1.87,4.23,2.76,1.53,1.14,0.76,1,0.07,neutral,alcista,0,0.095,32,3127,4,
s13612,ARUSDT,1782720000000,testB,1,2.89,0.37,4.47,3.22,1.67,2.82,1.16,1.48,1.1,0.73,1,0.07,neutral,neutral,1,2.0,32,3126,1,
s13613,FETUSDT,1782720900000,train,-1,-2.11,0.413,2.21,2.16,0.92,-1.9,1.21,0.76,0.95,0.83,0,-0.21,neutral,neutral,0,-1.0,15,3127,1,
s13614,ARUSDT,1782721800000,testB,1,2.88,0.422,4.45,3.62,1.19,2.83,1.35,1.48,1.1,0.73,1,0.04,neutral,neutral,0,1.157,32,3128,1,
s13615,ARUSDT,1782722700000,testB,1,3.68,0.511,4.43,4.17,1.15,3.68,1.79,1.48,1.1,0.73,1,0.0,neutral,alcista,0,0.852,32,3129,2,
s13616,PENDLEUSDT,1782723600000,train,1,3.32,0.353,5.44,3.26,1.4,2.63,0.66,1.51,1.18,0.76,1,0.7,neutral,neutral,0,1.021,32,3131,1,
s13617,ARUSDT,1782723600000,testB,1,4.44,0.58,4.5,4.25,1.2,3.74,1.97,1.61,1.2,0.79,1,0.7,neutral,alcista,0,0.747,32,3130,3,
s13618,TIAUSDT,1782724500000,train,1,2.37,0.452,3.2,2.62,0.97,1.96,1.1,0.98,1.09,0.94,0,0.41,neutral,alcista,0,1.554,32,3132,2,
s13619,PENDLEUSDT,1782724500000,train,1,3.28,0.351,5.06,3.31,0.98,2.87,1.0,1.51,1.18,0.76,1,0.41,neutral,alcista,0,0.933,32,3132,2,
s13620,ARUSDT,1782724500000,testB,1,3.04,0.354,4.4,2.95,1.33,2.63,0.85,1.61,1.2,0.79,1,0.41,neutral,neutral,1,2.0,27,3131,0,
s13621,TIAUSDT,1782725400000,train,1,2.09,0.422,2.57,2.28,1.33,1.99,1.29,0.98,1.09,0.94,0,0.1,neutral,alcista,0,1.682,32,3133,3,
s13622,TIAUSDT,1782726300000,train,1,2.58,0.476,2.9,2.78,1.56,2.67,1.98,0.98,1.09,0.94,0,-0.09,neutral,alcista,0,0.954,32,3134,4,
s13623,ARUSDT,1782726300000,testB,1,3.01,0.354,3.69,3.13,1.08,3.1,1.49,1.61,1.2,0.79,1,-0.09,neutral,alcista,0,0.967,32,3133,2,
s13624,TIAUSDT,1782727200000,train,1,2.5,0.468,3.33,3.03,2.1,2.4,2.02,1.13,1.21,1.0,0,0.1,neutral,alcista,0,0.636,32,3135,5,
s13625,ARUSDT,1782727200000,testB,1,3.7,0.402,5.7,3.72,2.05,3.6,2.02,1.85,1.44,0.93,1,0.1,neutral,alcista,0,0.603,32,3134,3,
s13626,STBLUSDT,1782728100000,train,1,2.37,0.396,2.83,2.79,1.49,2.29,1.98,0.66,0.52,0.55,0,0.08,neutral,alcista,0,-1.0,3,3136,3,
s13627,TIAUSDT,1782728100000,train,1,2.98,0.514,4.22,3.86,2.59,2.9,2.55,1.13,1.21,1.0,0,0.08,neutral,alcista,0,0.059,32,3136,6,
s13628,PUMPUSDT,1782729000000,train,-1,-2.89,0.477,4.1,3.18,0.82,-2.98,0.65,1.02,1.19,1.64,0,0.1,neutral,bajista,0,-1.0,20,3137,2,
s13629,PUMPUSDT,1782729900000,train,-1,-3.51,0.526,3.93,3.71,1.08,-3.53,1.48,1.02,1.19,1.64,0,0.02,neutral,bajista,0,-1.0,19,3138,3,
s13630,TIAUSDT,1782729900000,train,1,3.07,0.374,4.22,3.74,2.93,3.05,1.99,1.13,1.21,1.0,0,0.02,neutral,neutral,0,0.082,32,3138,1,
s13631,JUPUSDT,1782729900000,train,1,3.25,0.479,3.56,3.47,2.74,3.23,2.15,0.43,0.46,0.51,0,0.02,neutral,alcista,0,0.267,32,3138,2,
s13632,GRTUSDT,1782729900000,testB,1,2.3,0.494,2.74,2.63,1.19,2.28,1.29,1.53,1.19,1.06,1,0.02,neutral,neutral,0,0.021,32,3137,1,
s13633,PUMPUSDT,1782730800000,train,-1,-3.46,0.521,3.94,3.8,0.97,-3.24,1.76,0.95,1.15,1.57,0,-0.22,neutral,bajista,0,-1.0,18,3139,4,
s13634,JUPUSDT,1782730800000,train,1,3.2,0.469,3.56,3.29,2.52,3.42,1.83,0.51,0.48,0.53,0,-0.22,neutral,neutral,0,0.169,32,3139,0,
s13635,GRTUSDT,1782730800000,testB,1,2.52,0.517,3.23,2.95,1.08,2.75,1.45,1.6,1.32,1.14,1,-0.22,neutral,alcista,0,-0.241,32,3138,2,
s13636,PUMPUSDT,1782731700000,train,-1,-2.7,0.386,3.99,2.78,1.42,-2.53,1.21,0.95,1.15,1.57,0,-0.18,neutral,neutral,0,-1.0,17,3140,0,
s13637,GRTUSDT,1782731700000,testB,1,2.69,0.533,3.22,3.11,1.14,2.87,1.47,1.6,1.32,1.14,1,-0.18,neutral,alcista,0,-0.175,32,3139,3,
s13638,PUMPUSDT,1782732600000,train,-1,-3.0,0.41,3.96,3.67,1.62,-2.67,1.89,0.95,1.15,1.57,0,-0.33,neutral,neutral,0,-1.0,16,3141,1,
s13639,GRTUSDT,1782732600000,testB,1,2.81,0.568,3.55,3.11,1.19,3.13,1.38,1.6,1.32,1.14,1,-0.33,neutral,alcista,0,-0.211,32,3140,4,
s13640,PUMPUSDT,1782733500000,train,-1,-2.72,0.358,3.94,3.3,1.37,-2.6,1.33,0.95,1.15,1.57,0,-0.12,neutral,neutral,0,-1.0,15,3142,0,
s13641,GRTUSDT,1782733500000,testB,1,2.36,0.438,3.57,2.69,1.46,2.48,0.83,1.6,1.32,1.14,1,-0.12,neutral,neutral,0,-0.265,32,3141,0,
s13642,XPLUSDT,1782734400000,train,1,2.48,0.36,3.51,3.49,1.73,1.29,1.89,0.56,0.61,0.63,0,1.19,neutral,neutral,0,-1.0,5,3143,1,
s13643,JUPUSDT,1782734400000,train,1,4.14,0.465,4.71,4.57,1.82,2.95,2.64,0.62,0.54,0.55,0,1.19,neutral,neutral,0,0.18,32,3143,1,
s13644,GRTUSDT,1782734400000,testB,1,3.87,0.561,4.38,4.11,1.59,2.69,2.1,1.85,1.42,1.2,1,1.19,neutral,neutral,0,-0.539,32,3142,1,
s13645,ENAUSDT,1782735300000,train,1,3.9,0.577,4.24,4.06,2.77,2.88,2.53,1.27,1.09,0.88,1,1.02,neutral,alcista,0,-0.821,32,3144,2,
s13646,JUPUSDT,1782735300000,train,1,3.97,0.435,4.74,3.95,1.87,2.95,1.87,0.62,0.54,0.55,0,1.02,neutral,neutral,0,0.267,32,3144,0,
s13647,GRTUSDT,1782735300000,testB,1,3.94,0.574,4.39,3.9,1.57,2.92,1.71,1.85,1.42,1.2,1,1.02,neutral,neutral,0,-0.556,32,3143,0,
s13648,LDOUSDT,1782735300000,testB,1,2.08,0.51,2.74,2.5,2.76,1.06,1.33,0.76,0.78,0.66,0,1.02,neutral,neutral,0,-1.0,6,3143,0,
s13649,ENAUSDT,1782736200000,train,1,4.7,0.64,5.52,4.69,3.81,4.57,2.9,1.27,1.09,0.88,1,0.13,neutral,alcista,0,-0.924,32,3145,3,
s13650,ENAUSDT,1782737100000,train,1,3.31,0.378,5.6,3.31,4.76,3.11,1.29,1.27,1.09,0.88,1,0.19,neutral,neutral,1,2.0,1,3146,0,
s13651,GRTUSDT,1782738000000,testB,1,2.62,0.353,3.74,3.09,0.81,2.16,1.32,1.98,1.5,1.24,1,0.45,neutral,alcista,0,-1.0,8,3146,2,
s13652,SEIUSDT,1782742500000,train,-1,-2.01,0.362,2.92,2.47,1.31,-0.83,0.89,0.83,0.71,0.69,1,-1.18,neutral,bajista,0,-0.475,32,3152,2,
s13653,APEUSDT,1782743400000,testB,1,2.56,0.354,4.49,3.42,2.08,3.92,1.51,0.7,0.59,0.56,1,-1.36,neutral,neutral,0,0.979,32,3152,0,
s13654,APEUSDT,1782744300000,testB,1,3.07,0.396,4.47,3.97,2.06,4.1,1.92,0.7,0.59,0.56,1,-1.03,neutral,neutral,0,0.821,32,3153,1,
s13655,APEUSDT,1782746100000,testB,1,3.44,0.388,4.46,4.18,1.0,4.27,1.92,0.83,0.68,0.6,1,-0.83,neutral,neutral,0,0.576,32,3155,1,
s13656,APEUSDT,1782747000000,testB,1,5.96,0.583,5.98,5.91,1.05,6.0,3.41,0.83,0.68,0.6,1,-0.04,neutral,alcista,0,0.353,32,3156,2,
s13657,APEUSDT,1782747900000,testB,1,7.13,0.626,7.28,7.07,1.51,7.34,4.29,0.83,0.68,0.6,1,-0.21,neutral,alcista,0,0.0,32,3157,3,
s13658,ASTERUSDT,1782748800000,train,-1,-2.1,0.425,3.04,2.38,0.62,-0.54,0.75,1.28,0.98,0.67,1,-1.55,neutral,bajista,0,-0.432,32,3159,2,
s13659,APEUSDT,1782748800000,testB,1,5.38,0.5,6.76,6.0,1.85,6.93,3.32,0.97,0.75,0.64,1,-1.55,neutral,neutral,0,0.046,32,3158,0,
s13660,ASTERUSDT,1782749700000,train,-1,-2.21,0.438,2.65,2.36,0.64,-0.84,1.01,1.28,0.98,0.67,1,-1.37,neutral,bajista,0,-0.445,32,3160,3,
s13661,WLDUSDT,1782749700000,train,-1,-3.86,0.374,4.57,4.5,0.78,-2.49,1.98,0.94,0.78,0.65,1,-1.37,neutral,bajista,0,-0.053,32,3160,3,
s13662,SEIUSDT,1782749700000,train,-1,-2.07,0.361,2.76,2.23,0.62,-0.69,0.52,0.83,0.7,0.68,1,-1.37,neutral,neutral,0,-1.0,10,3160,1,
s13663,APEUSDT,1782749700000,testB,1,4.89,0.432,6.82,5.15,2.21,6.27,2.24,0.97,0.75,0.64,1,-1.37,neutral,neutral,0,0.135,32,3159,0,
s13664,APEUSDT,1782750600000,testB,1,4.96,0.436,6.82,5.29,1.72,5.06,2.13,0.97,0.75,0.64,1,-0.1,neutral,neutral,0,0.092,32,3160,1,
s13665,PUMPUSDT,1782751500000,train,1,5.96,0.397,7.25,6.44,0.72,6.05,3.03,1.86,1.45,1.54,0,-0.09,neutral,alcista,0,0.032,32,3162,2,
s13666,APEUSDT,1782751500000,testB,1,6.45,0.53,6.47,5.99,1.11,6.53,2.73,0.97,0.75,0.64,1,-0.09,neutral,alcista,0,-0.069,32,3161,2,
s13667,PUMPUSDT,1782752400000,train,1,6.32,0.414,8.28,7.81,1.04,5.9,4.12,2.15,1.55,1.54,1,0.41,neutral,alcista,0,-0.35,32,3163,3,
s13668,APEUSDT,1782752400000,testB,1,5.66,0.5,6.18,5.97,0.76,5.24,2.78,1.05,0.77,0.66,1,0.41,neutral,alcista,0,-0.184,32,3162,3,
s13669,XPLUSDT,1782753300000,train,1,7.45,0.488,8.41,7.39,1.34,6.49,3.79,1.3,0.93,0.8,1,0.96,neutral,alcista,0,-0.222,32,3164,4,
s13670,PUMPUSDT,1782753300000,train,1,6.44,0.421,8.34,7.13,1.26,5.48,3.39,2.15,1.55,1.54,1,0.96,neutral,neutral,0,-0.028,32,3164,0,
s13671,STBLUSDT,1782753300000,train,1,2.98,0.44,4.57,4.22,0.83,2.01,1.96,1.46,1.14,0.75,1,0.96,neutral,alcista,0,-0.093,32,3164,4,
s13672,ARBUSDT,1782753300000,train,1,3.09,0.385,4.41,4.23,1.25,2.13,2.23,1.38,1.15,1.27,0,0.96,neutral,alcista,0,-0.447,32,3164,2,
s13673,OPUSDT,1782753300000,train,1,3.49,0.402,4.91,4.43,1.06,2.52,2.2,1.38,0.96,0.8,1,0.96,neutral,alcista,0,-1.0,29,3164,2,
s13674,ARUSDT,1782753300000,testB,1,2.99,0.401,5.27,3.79,0.62,2.03,1.86,3.19,2.69,1.73,1,0.96,neutral,alcista,0,-0.558,32,3163,2,
s13675,APEUSDT,1782753300000,testB,1,6.61,0.558,6.95,6.61,0.74,5.65,3.13,1.05,0.77,0.66,1,0.96,neutral,alcista,0,-0.216,32,3163,4,
s13676,XPLUSDT,1782754200000,train,1,6.93,0.447,8.44,7.06,1.22,4.97,3.2,1.3,0.93,0.8,1,1.96,neutral,neutral,0,-0.117,32,3165,0,
s13677,PUMPUSDT,1782754200000,train,1,7.33,0.477,8.04,7.23,1.32,5.38,3.41,2.15,1.55,1.54,1,1.96,neutral,neutral,0,-0.111,32,3165,1,
s13678,STBLUSDT,1782754200000,train,1,3.51,0.509,4.71,4.52,0.99,1.55,1.97,1.46,1.14,0.75,1,1.96,neutral,alcista,0,-0.241,32,3165,5,
s13679,ARBUSDT,1782754200000,train,1,3.42,0.442,4.42,4.07,1.29,1.47,1.87,1.38,1.15,1.27,0,1.96,neutral,neutral,0,-0.487,32,3165,0,
s13680,OPUSDT,1782754200000,train,1,4.1,0.482,4.9,4.61,1.1,2.14,2.13,1.38,0.96,0.8,1,1.96,neutral,alcista,0,-1.0,28,3165,3,
s13681,PENDLEUSDT,1782754200000,train,1,4.09,0.364,5.65,5.5,1.21,2.14,3.14,2.48,1.98,1.39,1,1.96,neutral,alcista,0,-0.442,32,3165,3,
s13682,ONDOUSDT,1782754200000,train,1,2.44,0.358,3.58,3.39,1.27,0.49,1.59,1.4,1.06,0.8,1,1.96,neutral,alcista,0,-0.565,32,3164,5,
s13683,ARUSDT,1782754200000,testB,1,3.11,0.421,5.29,3.56,0.64,1.15,1.33,3.19,2.69,1.73,1,1.96,neutral,neutral,0,-0.542,32,3164,0,
s13684,STXUSDT,1782754200000,testB,1,2.66,0.423,3.65,3.47,0.74,0.7,1.7,1.14,0.96,0.76,1,1.96,neutral,alcista,0,-0.814,32,3164,5,
s13685,LDOUSDT,1782754200000,testB,1,3.16,0.382,4.27,4.0,1.17,1.21,2.09,1.35,1.05,0.84,1,1.96,neutral,alcista,0,-0.699,32,3164,3,
s13686,SANDUSDT,1782754200000,testB,1,3.08,0.422,4.14,3.68,1.5,1.12,1.75,0.91,0.57,0.34,1,1.96,neutral,neutral,0,-0.528,32,3164,0,
s13687,MANAUSDT,1782754200000,testB,1,2.54,0.381,3.4,3.25,0.95,0.58,1.52,1.06,0.65,0.43,1,1.96,neutral,alcista,0,-0.571,32,3164,3,
s13688,APEUSDT,1782754200000,testB,1,6.14,0.541,6.54,6.33,0.71,4.19,3.0,1.05,0.77,0.66,1,1.96,neutral,alcista,0,-0.129,32,3164,5,
s13689,XPLUSDT,1782755100000,train,1,7.88,0.48,8.69,7.96,1.29,6.47,3.77,1.3,0.93,0.8,1,1.4,neutral,neutral,0,-0.227,32,3166,1,
s13690,STBLUSDT,1782755100000,train,1,2.74,0.358,4.75,3.81,1.18,1.34,1.0,1.46,1.14,0.75,1,1.4,neutral,neutral,0,-0.124,32,3166,0,
s13691,OPUSDT,1782755100000,train,1,3.09,0.356,4.93,4.06,1.35,1.68,1.3,1.38,0.96,0.8,1,1.4,neutral,neutral,0,-1.0,27,3166,0,
s13692,APEUSDT,1782755100000,testB,1,4.98,0.408,6.19,5.02,0.76,3.57,1.69,1.05,0.77,0.66,1,1.4,neutral,neutral,0,-0.041,32,3165,0,
s13693,STBLUSDT,1782756000000,train,1,3.81,0.511,4.73,4.18,0.83,1.39,1.34,1.13,1.15,0.75,0,2.42,bull,neutral,0,-0.271,32,3167,1,
s13694,ARBUSDT,1782756000000,train,1,3.58,0.486,4.7,3.91,1.37,1.16,1.5,1.34,1.2,1.32,0,2.42,bull,neutral,0,-0.587,32,3167,1,
s13695,OPUSDT,1782756000000,train,1,3.71,0.457,4.93,4.06,1.02,1.29,1.31,1.23,0.99,0.81,1,2.42,bull,neutral,0,-1.0,26,3167,0,
s13696,SUIUSDT,1782756000000,train,1,2.94,0.432,3.64,3.05,1.23,0.52,1.12,1.05,0.96,0.86,1,2.42,bull,neutral,0,-0.637,32,3167,1,
s13697,JUPUSDT,1782756000000,train,1,3.83,0.391,4.78,4.42,1.28,1.41,1.86,0.78,0.69,0.58,1,2.42,bull,neutral,0,-1.0,32,3167,0,
s13698,PENDLEUSDT,1782756000000,train,1,4.9,0.457,5.84,5.47,1.76,2.48,2.45,2.13,2.01,1.41,1,2.42,bull,neutral,0,-0.53,32,3167,1,
s13699,ONDOUSDT,1782756000000,train,1,4.07,0.606,4.38,4.38,1.28,1.65,2.27,1.26,1.1,0.83,1,2.42,bull,alcista,0,-0.752,32,3166,7,
s13700,STXUSDT,1782756000000,testB,1,2.61,0.426,3.66,3.01,0.82,0.19,1.07,0.83,0.94,0.77,0,2.42,bull,neutral,0,-0.922,32,3166,1,
s13701,LDOUSDT,1782756000000,testB,1,3.22,0.426,4.29,3.55,1.0,0.8,1.37,1.22,0.99,0.85,1,2.42,bull,neutral,0,-0.714,32,3166,0,
s13702,SANDUSDT,1782756000000,testB,1,3.18,0.452,4.15,3.43,1.32,0.76,1.29,0.8,0.58,0.36,1,2.42,bull,neutral,0,-0.463,32,3166,1,
s13703,MANAUSDT,1782756000000,testB,1,2.87,0.429,3.41,3.1,1.52,0.45,1.27,1.0,0.68,0.44,1,2.42,bull,neutral,0,-0.65,32,3166,1,
s13704,APEUSDT,1782756000000,testB,1,5.17,0.419,5.67,5.19,0.75,2.75,2.18,1.02,0.78,0.68,1,2.42,bull,neutral,0,-0.158,32,3166,1,
s13705,XPLUSDT,1782756900000,train,1,6.76,0.41,7.83,6.76,0.51,5.46,2.96,1.19,0.88,0.8,1,1.3,neutral,neutral,0,-0.226,32,3168,0,
s13706,ONDOUSDT,1782756900000,train,1,2.74,0.362,4.52,3.27,1.12,1.44,1.13,1.26,1.1,0.83,1,1.3,neutral,neutral,0,-0.548,32,3167,0,
s13707,XPLUSDT,1782757800000,train,1,6.03,0.385,7.82,6.89,0.51,4.38,2.8,1.19,0.88,0.8,1,1.65,neutral,neutral,0,-0.223,32,3169,1,
s13708,PUMPUSDT,1782757800000,train,1,7.1,0.403,8.68,7.36,1.37,5.45,2.87,1.83,1.53,1.53,1,1.65,neutral,neutral,0,-0.315,32,3169,1,
s13709,ONDOUSDT,1782757800000,train,1,3.1,0.397,4.51,3.54,1.07,1.45,1.23,1.26,1.1,0.83,1,1.65,neutral,neutral,0,-0.602,32,3168,1,
s13710,STXUSDT,1782757800000,testB,1,2.18,0.367,3.68,2.61,0.62,0.54,0.58,0.83,0.94,0.77,0,1.65,neutral,neutral,0,-0.682,32,3168,0,
s13711,SANDUSDT,1782757800000,testB,1,2.54,0.355,3.77,2.98,0.53,0.89,1.04,0.8,0.58,0.36,1,1.65,neutral,neutral,0,-0.204,32,3168,1,
s13712,PUMPUSDT,1782758700000,train,1,6.69,0.391,8.65,7.72,0.77,5.29,3.04,1.83,1.53,1.53,1,1.4,neutral,alcista,0,-0.325,32,3170,2,
s13713,XPLUSDT,1782759600000,train,1,5.2,0.375,7.83,6.79,0.37,3.61,2.07,1.12,0.9,0.8,1,1.59,neutral,neutral,0,-0.244,32,3171,0,
s13714,PUMPUSDT,1782759600000,train,1,6.73,0.391,8.1,6.57,0.48,5.14,2.06,1.64,1.54,1.48,1,1.59,neutral,neutral,0,-0.333,32,3171,0,
s13715,ARBUSDT,1782759600000,train,1,2.47,0.363,4.42,2.68,0.66,0.88,0.38,1.5,1.34,1.41,0,1.59,neutral,neutral,0,-0.257,32,3171,0,
s13716,OPUSDT,1782759600000,train,1,3.0,0.395,4.17,2.91,1.59,1.41,0.77,1.22,1.1,0.87,1,1.59,neutral,neutral,0,-1.0,18,3171,1,
s13717,SUIUSDT,1782759600000,train,1,2.08,0.371,3.17,2.1,0.44,0.49,0.38,0.89,0.95,0.85,0,1.59,neutral,neutral,0,-0.415,32,3171,0,
s13718,PENDLEUSDT,1782759600000,train,1,3.81,0.375,5.74,3.94,0.55,2.22,0.72,1.63,1.96,1.44,0,1.59,neutral,neutral,0,-0.259,32,3171,0,
s13719,ONDOUSDT,1782759600000,train,1,2.94,0.44,4.34,2.99,0.66,1.35,0.74,1.13,1.12,0.84,1,1.59,neutral,neutral,0,-0.589,32,3170,0,
s13720,LDOUSDT,1782759600000,testB,1,2.45,0.37,4.2,2.67,0.43,0.86,0.38,1.02,0.97,0.85,1,1.59,neutral,neutral,0,-0.456,32,3170,0,
s13721,SANDUSDT,1782759600000,testB,1,2.65,0.444,3.78,2.85,0.43,1.06,0.76,0.69,0.59,0.36,1,1.59,neutral,neutral,0,-0.154,32,3170,0,
s13722,XPLUSDT,1782760500000,train,1,7.4,0.503,7.08,6.99,0.37,5.79,3.01,1.12,0.9,0.8,1,1.61,neutral,neutral,0,-0.358,32,3172,1,
s13723,PUMPUSDT,1782760500000,train,1,5.96,0.365,6.95,5.76,0.41,4.35,2.2,1.64,1.54,1.48,1,1.61,neutral,neutral,0,-0.241,32,3172,1,
s13724,ARBUSDT,1782760500000,train,1,3.62,0.457,3.74,3.51,1.3,2.01,1.99,1.5,1.34,1.41,0,1.61,neutral,neutral,0,-0.686,32,3172,1,
s13725,ONDOUSDT,1782760500000,train,1,3.09,0.453,3.84,3.15,0.47,1.48,1.28,1.13,1.12,0.84,1,1.61,neutral,neutral,0,-0.762,32,3171,1,
s13726,LDOUSDT,1782760500000,testB,1,2.28,0.354,3.52,2.42,0.42,0.67,0.75,1.02,0.97,0.85,1,1.61,neutral,neutral,0,-0.677,32,3171,1,
s13727,SANDUSDT,1782760500000,testB,1,2.51,0.432,3.14,2.43,0.38,0.9,0.86,0.69,0.59,0.36,1,1.61,neutral,neutral,0,-1.0,23,3171,1,
s13728,XPLUSDT,1782761400000,train,1,5.54,0.437,7.83,7.6,0.44,4.48,3.16,1.12,0.9,0.8,1,1.06,neutral,alcista,0,-0.426,32,3173,2,
s13729,ONDOUSDT,1782761400000,train,1,2.47,0.379,3.69,2.85,0.45,1.41,0.92,1.13,1.12,0.84,1,1.06,neutral,neutral,0,-1.0,26,3172,0,
s13730,XPLUSDT,1782762300000,train,1,5.8,0.465,8.2,7.41,0.54,4.78,2.74,1.12,0.9,0.8,1,1.02,neutral,neutral,0,-0.403,32,3174,0,
s13731,STBLUSDT,1782762300000,train,1,3.42,0.494,4.53,3.84,1.99,2.4,2.28,1.17,1.25,0.81,0,1.02,neutral,neutral,0,-0.69,32,3174,1,
s13732,ONDOUSDT,1782762300000,train,1,2.37,0.359,3.69,2.72,0.53,1.35,0.84,1.13,1.12,0.84,1,1.02,neutral,neutral,0,-1.0,25,3173,0,
s13733,STBLUSDT,1782763200000,train,1,4.01,0.534,4.77,4.39,2.73,2.84,2.49,1.05,1.3,0.85,0,1.17,neutral,alcista,0,-0.548,32,3175,2,
s13734,JUPUSDT,1782763200000,train,1,3.52,0.377,4.4,4.12,0.97,2.35,1.49,0.62,0.73,0.6,0,1.17,neutral,neutral,0,-1.0,19,3175,0,
s13735,ONDOUSDT,1782763200000,train,1,2.31,0.353,3.69,2.75,0.52,1.13,0.72,0.99,1.11,0.85,0,1.17,neutral,neutral,0,-1.0,24,3174,1,
s13736,XPLUSDT,1782764100000,train,1,7.46,0.684,8.07,7.15,0.73,6.12,2.72,1.07,0.93,0.82,1,1.34,neutral,neutral,0,-0.557,32,3176,0,
s13737,STBLUSDT,1782764100000,train,1,4.54,0.62,4.73,4.5,2.26,3.21,2.39,1.05,1.3,0.85,0,1.34,neutral,alcista,0,-0.585,32,3176,3,
s13738,WLDUSDT,1782764100000,train,1,3.44,0.475,3.88,3.47,0.58,2.1,0.7,0.66,0.74,0.69,0,1.34,neutral,neutral,0,-1.0,17,3176,0,
s13739,SUIUSDT,1782764100000,train,1,2.13,0.455,2.61,2.07,0.56,0.79,0.44,0.76,0.93,0.85,0,1.34,neutral,neutral,0,-1.0,24,3176,0,
s13740,JUPUSDT,1782764100000,train,1,3.68,0.398,4.28,3.59,0.96,2.34,0.83,0.62,0.73,0.6,0,1.34,neutral,neutral,0,-1.0,18,3176,0,
s13741,ONDOUSDT,1782764100000,train,1,2.47,0.387,3.61,2.48,0.49,1.14,0.42,0.99,1.11,0.85,0,1.34,neutral,neutral,0,-1.0,23,3175,0,
s13742,XPLUSDT,1782765000000,train,1,6.43,0.649,7.13,6.18,0.72,5.54,2.49,1.07,0.93,0.82,1,0.89,neutral,neutral,0,-0.66,32,3177,0,
s13743,XPLUSDT,1782765900000,train,1,5.39,0.611,6.67,5.79,0.76,4.72,2.13,1.07,0.93,0.82,1,0.67,neutral,neutral,0,-0.751,32,3178,1,
s13744,XPLUSDT,1782766800000,train,1,5.22,0.598,5.93,5.02,0.67,5.32,2.16,0.91,0.92,0.77,0,-0.09,neutral,neutral,0,-1.0,20,3179,0,
s13745,ENAUSDT,1782766800000,train,-1,-2.7,0.485,3.94,3.35,0.73,-2.61,0.66,1.1,2.99,1.9,0,-0.09,neutral,neutral,0,0.672,32,3179,0,
s13746,GRTUSDT,1782766800000,testB,-1,-2.22,0.612,3.11,2.72,0.47,-2.13,0.68,0.66,1.33,1.26,0,-0.09,neutral,neutral,0,-0.408,32,3178,0,
s13747,XPLUSDT,1782767700000,train,1,3.21,0.482,4.62,3.7,0.56,3.54,1.82,0.91,0.92,0.77,0,-0.33,neutral,neutral,0,-1.0,12,3180,0,
s13748,ENAUSDT,1782767700000,train,-1,-3.11,0.596,3.84,3.3,0.77,-2.78,0.7,1.1,2.99,1.9,0,-0.33,neutral,neutral,0,0.698,32,3180,1,
s13749,OPUSDT,1782767700000,train,-1,-2.02,0.412,2.95,2.36,0.35,-1.69,0.61,0.98,1.13,0.88,0,-0.33,neutral,neutral,0,1.375,32,3180,0,
s13750,GRTUSDT,1782767700000,testB,-1,-2.07,0.594,2.61,2.22,0.33,-1.73,0.69,0.66,1.33,1.26,0,-0.33,neutral,neutral,0,-0.1,32,3179,0,
s13751,XPLUSDT,1782768600000,train,1,3.09,0.455,4.59,3.21,0.71,3.35,1.09,0.91,0.92,0.77,0,-0.26,neutral,neutral,0,-1.0,11,3181,0,
s13752,OPUSDT,1782768600000,train,-1,-2.5,0.5,2.96,2.66,0.35,-2.24,0.81,0.98,1.13,0.88,0,-0.26,neutral,neutral,0,1.0,32,3181,1,
s13753,INJUSDT,1782768600000,train,-1,-2.32,0.483,3.21,2.46,0.9,-2.06,0.3,0.59,0.74,0.78,0,-0.26,neutral,bajista,0,-0.19,32,3181,2,
s13754,GRTUSDT,1782768600000,testB,-1,-2.01,0.587,2.61,2.28,0.45,-1.75,0.67,0.66,1.33,1.26,0,-0.26,neutral,neutral,0,-0.146,32,3180,0,
s13755,XPLUSDT,1782769500000,train,1,2.42,0.397,4.08,3.02,0.55,2.32,1.25,0.91,0.92,0.77,0,0.1,neutral,neutral,0,-1.0,10,3182,1,
s13756,PUMPUSDT,1782769500000,train,-1,-4.01,0.439,4.79,4.58,0.35,-4.1,1.69,1.34,1.58,1.46,0,0.1,neutral,neutral,0,-0.328,32,3182,0,
s13757,OPUSDT,1782769500000,train,-1,-2.13,0.458,2.47,2.37,0.41,-2.22,1.08,0.98,1.13,0.88,0,0.1,neutral,bajista,0,1.042,32,3182,2,
s13758,INJUSDT,1782769500000,train,-1,-2.12,0.459,2.75,2.15,0.97,-2.22,0.51,0.59,0.74,0.78,0,0.1,neutral,bajista,0,-1.0,27,3182,3,
s13759,GRTUSDT,1782769500000,testB,-1,-2.18,0.606,2.67,2.4,0.7,-2.28,1.05,0.66,1.33,1.26,0,0.1,neutral,neutral,0,-0.163,32,3181,1,
s13760,OPUSDT,1782770400000,train,-1,-2.51,0.5,2.68,2.68,0.35,-2.39,1.36,0.98,1.14,0.87,0,-0.12,neutral,bajista,0,0.778,32,3183,3,
s13761,GRTUSDT,1782770400000,testB,-1,-2.02,0.536,2.5,2.0,0.88,-1.89,0.73,0.61,1.23,1.21,0,-0.12,neutral,neutral,0,-0.139,32,3182,0,
s13762,XPLUSDT,1782771300000,train,1,2.74,0.474,4.08,3.11,0.77,2.47,0.94,0.74,0.93,0.76,0,0.27,neutral,neutral,0,-1.0,8,3184,1,
s13763,XPLUSDT,1782772200000,train,1,2.93,0.491,4.07,3.43,0.84,2.77,1.02,0.74,0.93,0.76,0,0.16,neutral,alcista,0,-1.0,7,3185,2,
s13764,PUMPUSDT,1782772200000,train,-1,-2.72,0.406,4.09,3.47,0.33,-2.87,1.2,1.19,1.54,1.39,0,0.16,neutral,neutral,0,0.098,32,3185,1,
s13765,XPLUSDT,1782773100000,train,1,2.62,0.42,4.08,3.16,1.01,2.53,0.62,0.74,0.93,0.76,0,0.08,neutral,neutral,0,-1.0,6,3186,0,
s13766,PUMPUSDT,1782773100000,train,-1,-2.44,0.352,3.86,2.57,0.4,-2.53,0.38,1.19,1.54,1.39,0,0.08,neutral,neutral,0,0.447,32,3186,0,
s13767,XPLUSDT,1782774000000,train,1,2.62,0.42,3.66,2.61,0.88,2.4,0.53,0.54,0.92,0.74,0,0.23,neutral,neutral,0,-1.0,5,3187,0,
s13768,OPUSDT,1782774000000,train,-1,-2.42,0.676,3.08,2.98,0.71,-2.65,0.99,0.82,1.11,0.87,0,0.23,neutral,neutral,0,0.6,32,3187,0,
s13769,WLDUSDT,1782774900000,train,-1,-2.64,0.413,2.88,2.74,0.76,-2.26,1.12,0.38,0.7,0.69,0,-0.38,neutral,neutral,0,-1.0,26,3188,1,
s13770,OPUSDT,1782774900000,train,-1,-3.0,0.886,3.29,3.19,0.72,-2.61,1.08,0.82,1.11,0.87,0,-0.38,neutral,neutral,0,0.563,32,3188,1,
s13771,TIAUSDT,1782774900000,train,-1,-2.04,0.384,2.98,2.11,1.04,-1.66,0.85,0.68,1.24,1.29,0,-0.38,neutral,neutral,0,-0.61,32,3188,1,
s13772,OPUSDT,1782775800000,train,-1,-3.19,0.892,3.49,3.39,0.71,-2.82,1.13,0.82,1.11,0.87,0,-0.37,neutral,bajista,0,0.5,32,3189,2,
s13773,XPLUSDT,1782777600000,train,-1,-2.21,0.487,2.97,2.81,0.95,-1.81,1.21,0.73,0.96,0.79,0,-0.4,neutral,bajista,0,1.174,32,3191,2,
s13774,WLDUSDT,1782777600000,train,-1,-2.12,0.408,2.97,2.54,0.86,-1.72,0.79,0.5,0.69,0.72,0,-0.4,neutral,neutral,0,-1.0,23,3191,0,
s13775,XPLUSDT,1782778500000,train,-1,-4.14,0.64,5.11,4.95,2.33,-3.36,3.29,0.73,0.96,0.79,0,-0.78,neutral,bajista,0,0.228,32,3192,3,
s13776,WLDUSDT,1782778500000,train,-1,-3.09,0.502,3.34,3.24,1.12,-2.31,1.57,0.5,0.69,0.72,0,-0.78,neutral,neutral,0,-1.0,21,3192,1,
s13777,OPUSDT,1782778500000,train,-1,-2.16,0.733,2.51,2.31,1.33,-1.38,1.41,0.79,1.02,0.87,0,-0.78,neutral,bajista,0,0.826,32,3192,2,
s13778,JUPUSDT,1782778500000,train,-1,-2.78,0.54,2.9,2.9,1.71,-1.99,1.86,0.4,0.58,0.55,0,-0.78,neutral,bajista,0,1.419,32,3192,2,
s13779,XPLUSDT,1782779400000,train,-1,-4.46,0.656,5.58,5.15,3.31,-3.39,3.27,0.73,0.96,0.79,0,-1.07,neutral,bajista,0,0.326,32,3193,4,
s13780,0GUSDT,1782779400000,train,-1,-2.73,0.747,3.85,3.33,2.19,-1.66,1.69,0.33,0.41,0.4,0,-1.07,neutral,bajista,0,0.514,32,3193,3,
s13781,WLDUSDT,1782779400000,train,-1,-4.04,0.567,4.84,4.33,2.97,-2.97,2.53,0.5,0.69,0.72,0,-1.07,neutral,bajista,0,-1.0,20,3193,2,
s13782,OPUSDT,1782779400000,train,-1,-2.45,0.758,3.02,2.62,1.58,-1.39,1.38,0.79,1.02,0.87,0,-1.07,neutral,bajista,0,1.0,32,3193,3,
s13783,JUPUSDT,1782779400000,train,-1,-3.02,0.559,3.39,3.3,2.52,-1.95,2.38,0.4,0.58,0.55,0,-1.07,neutral,bajista,0,1.214,32,3193,3,
s13784,XPLUSDT,1782780300000,train,-1,-3.66,0.483,5.53,4.2,3.58,-2.89,2.34,0.73,0.96,0.79,0,-0.77,neutral,neutral,0,0.698,32,3194,0,
s13785,0GUSDT,1782780300000,train,-1,-2.87,0.756,3.86,3.62,2.69,-2.1,1.81,0.33,0.41,0.4,0,-0.77,neutral,bajista,0,0.382,32,3194,4,
s13786,WLDUSDT,1782780300000,train,-1,-3.06,0.492,4.84,4.3,3.52,-2.29,2.37,0.5,0.69,0.72,0,-0.77,neutral,neutral,0,-1.0,19,3194,0,
s13787,OPUSDT,1782780300000,train,-1,-2.06,0.636,3.01,2.41,1.52,-1.29,1.04,0.79,1.02,0.87,0,-0.77,neutral,neutral,0,1.208,32,3194,0,
s13788,JUPUSDT,1782780300000,train,-1,-2.85,0.544,3.64,3.54,2.68,-2.07,2.34,0.4,0.58,0.55,0,-0.77,neutral,bajista,0,1.04,32,3194,4,
s13789,XPLUSDT,1782781200000,train,-1,-4.57,0.538,5.59,5.23,3.74,-3.6,2.94,0.74,0.93,0.79,0,-0.97,neutral,neutral,0,0.347,32,3195,1,
s13790,0GUSDT,1782781200000,train,-1,-3.1,0.77,4.11,3.92,2.71,-2.13,1.87,0.36,0.37,0.39,0,-0.97,neutral,bajista,0,0.354,32,3195,5,
s13791,WLDUSDT,1782781200000,train,-1,-3.39,0.518,4.93,4.66,3.8,-2.42,2.44,0.49,0.63,0.72,0,-0.97,neutral,neutral,0,-1.0,18,3195,1,
s13792,OPUSDT,1782781200000,train,-1,-2.46,0.714,2.92,2.62,1.37,-1.49,1.2,0.58,0.9,0.87,0,-0.97,neutral,neutral,0,1.038,32,3195,1,
s13793,JUPUSDT,1782781200000,train,-1,-3.35,0.613,4.13,3.94,2.71,-2.38,2.41,0.38,0.53,0.56,0,-0.97,neutral,bajista,0,0.783,32,3195,5,
s13794,XPLUSDT,1782782100000,train,-1,-4.7,0.545,5.51,5.29,1.67,-4.18,2.79,0.74,0.93,0.79,0,-0.52,neutral,bajista,0,0.327,32,3196,2,
s13795,0GUSDT,1782782100000,train,-1,-2.41,0.51,4.08,3.18,2.64,-1.89,1.09,0.36,0.37,0.39,0,-0.52,neutral,neutral,0,0.642,32,3196,0,
s13796,WLDUSDT,1782782100000,train,-1,-3.79,0.623,4.91,4.28,3.46,-3.27,1.84,0.49,0.63,0.72,0,-0.52,neutral,neutral,0,-1.0,17,3196,0,
s13797,OPUSDT,1782782100000,train,-1,-2.26,0.622,2.91,2.41,1.28,-1.74,0.91,0.58,0.9,0.87,0,-0.52,neutral,neutral,0,1.25,32,3196,0,
s13798,JUPUSDT,1782782100000,train,-1,-3.25,0.587,4.12,3.74,1.79,-2.73,1.95,0.38,0.53,0.56,0,-0.52,neutral,neutral,0,0.861,32,3196,0,
s13799,XPLUSDT,1782783000000,train,-1,-3.8,0.44,5.48,4.79,0.94,-2.76,2.12,0.74,0.93,0.79,0,-1.05,neutral,neutral,0,0.485,32,3197,0,
s13800,0GUSDT,1782783000000,train,-1,-3.01,0.619,4.1,3.57,1.4,-1.96,1.31,0.36,0.37,0.39,0,-1.05,neutral,neutral,0,0.413,32,3197,1,
s13801,WLDUSDT,1782783000000,train,-1,-3.77,0.622,5.02,4.46,1.27,-2.73,1.71,0.49,0.63,0.72,0,-1.05,neutral,neutral,0,-1.0,16,3197,1,
s13802,OPUSDT,1782783000000,train,-1,-2.36,0.632,2.83,2.62,0.99,-1.32,1.16,0.58,0.9,0.87,0,-1.05,neutral,neutral,0,1.0,32,3197,1,
s13803,JUPUSDT,1782783000000,train,-1,-3.57,0.629,4.27,3.98,1.11,-2.52,1.93,0.38,0.53,0.56,0,-1.05,neutral,neutral,0,0.726,32,3197,1,
s13804,ONDOUSDT,1782783000000,train,-1,-2.04,0.489,2.5,2.11,1.3,-0.99,0.84,0.54,0.84,0.85,0,-1.05,neutral,neutral,0,0.152,32,3196,1,
s13805,XPLUSDT,1782783900000,train,-1,-4.12,0.495,5.46,4.79,0.83,-3.24,1.93,0.74,0.93,0.79,0,-0.89,neutral,neutral,0,0.37,32,3198,1,
s13806,0GUSDT,1782783900000,train,-1,-3.05,0.635,4.0,3.48,0.95,-2.16,1.18,0.36,0.37,0.39,0,-0.89,neutral,bajista,0,0.397,32,3198,2,
s13807,WLDUSDT,1782783900000,train,-1,-3.5,0.594,4.65,4.04,0.94,-2.61,1.51,0.49,0.63,0.72,0,-0.89,neutral,neutral,0,-1.0,15,3198,0,
s13808,OPUSDT,1782783900000,train,-1,-2.17,0.611,2.52,2.32,0.86,-1.29,1.06,0.58,0.9,0.87,0,-0.89,neutral,neutral,0,1.087,32,3198,0,
s13809,JUPUSDT,1782783900000,train,-1,-3.44,0.62,3.98,3.7,0.97,-2.55,1.76,0.38,0.53,0.56,0,-0.89,neutral,neutral,0,0.795,32,3198,0,
s13810,XPLUSDT,1782784800000,train,-1,-4.5,0.516,5.97,5.48,0.65,-3.4,2.33,0.7,0.88,0.79,0,-1.1,neutral,bajista,0,0.206,32,3199,2,
s13811,STBLUSDT,1782784800000,train,-1,-2.13,0.524,3.08,2.81,0.71,-1.03,1.29,0.62,0.84,0.92,0,-1.1,neutral,bajista,0,-1.0,12,3199,8,
s13812,0GUSDT,1782784800000,train,-1,-3.15,0.642,3.58,3.3,0.94,-2.05,1.28,0.37,0.32,0.39,0,-1.1,neutral,bajista,0,0.319,32,3199,3,
s13813,WLDUSDT,1782784800000,train,-1,-4.01,0.625,4.57,4.42,0.96,-2.91,2.3,0.53,0.6,0.7,0,-1.1,neutral,neutral,0,-1.0,13,3199,1,
s13814,OPUSDT,1782784800000,train,-1,-2.48,0.641,2.95,2.85,1.26,-1.38,1.59,0.61,0.87,0.88,0,-1.1,neutral,neutral,0,0.607,32,3199,1,
s13815,JUPUSDT,1782784800000,train,-1,-3.72,0.638,4.43,4.19,0.77,-2.62,2.03,0.35,0.48,0.56,0,-1.1,neutral,neutral,0,0.705,32,3199,1,
s13816,XPLUSDT,1782785700000,train,-1,-4.16,0.461,5.93,4.73,0.69,-3.38,1.42,0.7,0.88,0.79,0,-0.77,neutral,neutral,0,0.503,32,3200,0,
s13817,STBLUSDT,1782785700000,train,-1,-2.16,0.538,3.08,2.77,0.71,-1.39,1.21,0.62,0.84,0.92,0,-0.77,neutral,neutral,0,-1.0,11,3200,0,
s13818,0GUSDT,1782785700000,train,-1,-2.37,0.495,3.1,2.48,0.69,-1.6,0.89,0.37,0.32,0.39,0,-0.77,neutral,neutral,0,0.538,32,3200,0,
s13819,WLDUSDT,1782785700000,train,-1,-2.94,0.44,4.25,3.34,1.06,-2.16,1.44,0.53,0.6,0.7,0,-0.77,neutral,neutral,0,-1.0,12,3200,0,
s13820,OPUSDT,1782785700000,train,-1,-2.18,0.524,2.74,2.33,1.23,-1.41,1.13,0.61,0.87,0.88,0,-0.77,neutral,neutral,0,0.913,32,3200,0,
s13821,JUPUSDT,1782785700000,train,-1,-2.3,0.352,4.38,3.06,0.71,-1.53,0.88,0.35,0.48,0.56,0,-0.77,neutral,neutral,0,1.385,32,3200,0,
s13822,AXSUSDT,1782785700000,testB,1,2.11,0.429,2.46,2.26,0.79,2.88,1.16,0.44,0.4,0.28,1,-0.77,neutral,alcista,0,-1.0,8,3199,5,
s13823,XPLUSDT,1782786600000,train,-1,-4.34,0.494,5.92,4.59,0.67,-3.72,1.2,0.7,0.88,0.79,0,-0.62,neutral,neutral,0,0.546,32,3201,0,
s13824,STBLUSDT,1782786600000,train,-1,-2.21,0.543,3.09,2.93,0.56,-1.59,1.2,0.62,0.84,0.92,0,-0.62,neutral,neutral,0,-1.0,10,3201,1,
s13825,WLDUSDT,1782786600000,train,-1,-3.08,0.451,4.26,3.62,0.87,-2.46,1.52,0.53,0.6,0.7,0,-0.62,neutral,neutral,0,-1.0,11,3201,1,
s13826,OPUSDT,1782786600000,train,-1,-2.28,0.561,2.74,2.33,1.34,-1.66,1.0,0.61,0.87,0.88,0,-0.62,neutral,neutral,0,0.957,32,3201,0,
s13827,JUPUSDT,1782786600000,train,-1,-2.76,0.417,4.4,3.36,0.71,-2.14,1.03,0.35,0.48,0.56,0,-0.62,neutral,neutral,0,1.239,32,3201,1,
s13828,XPLUSDT,1782787500000,train,-1,-4.06,0.475,5.92,4.58,0.54,-3.39,1.05,0.7,0.88,0.79,0,-0.67,neutral,neutral,0,0.371,32,3202,0,
s13829,STBLUSDT,1782787500000,train,-1,-2.36,0.56,3.17,3.13,0.58,-1.69,1.27,0.62,0.84,0.92,0,-0.67,neutral,bajista,0,-1.0,9,3202,2,
s13830,WLDUSDT,1782787500000,train,-1,-2.61,0.379,4.25,3.34,0.89,-1.94,1.08,0.53,0.6,0.7,0,-0.67,neutral,neutral,0,-1.0,10,3202,0,
s13831,XPLUSDT,1782788400000,train,-1,-4.17,0.481,5.85,4.73,0.42,-3.44,1.21,0.7,0.79,0.78,0,-0.73,neutral,neutral,0,0.634,32,3203,1,
s13832,STBLUSDT,1782788400000,train,-1,-2.78,0.706,3.33,3.21,0.39,-2.05,1.23,0.48,0.75,0.92,0,-0.73,neutral,bajista,0,-1.0,8,3203,3,
s13833,WLDUSDT,1782788400000,train,-1,-2.51,0.361,4.13,2.67,0.78,-1.78,0.42,0.54,0.56,0.68,0,-0.73,neutral,neutral,0,-1.0,8,3203,0,
s13834,JUPUSDT,1782788400000,train,-1,-2.52,0.39,4.23,2.68,0.64,-1.8,0.33,0.36,0.45,0.53,0,-0.73,neutral,neutral,0,1.491,32,3203,0,
s13835,XPLUSDT,1782789300000,train,-1,-3.06,0.359,5.07,3.48,0.34,-2.45,0.7,0.7,0.79,0.78,0,-0.61,neutral,neutral,0,1.496,32,3204,0,
s13836,STBLUSDT,1782789300000,train,-1,-2.09,0.587,3.33,3.05,0.41,-1.49,0.96,0.48,0.75,0.92,0,-0.61,neutral,neutral,0,-1.0,7,3204,0,
s13837,XPLUSDT,1782790200000,train,-1,-3.25,0.382,4.91,3.41,0.31,-2.41,0.68,0.7,0.79,0.78,0,-0.84,neutral,neutral,0,1.716,32,3205,1,
s13838,ENAUSDT,1782790200000,train,-1,-2.66,0.469,3.25,3.03,0.63,-1.82,1.12,0.66,0.88,1.88,0,-0.84,neutral,bajista,1,2.0,20,3205,5,
s13839,JUPUSDT,1782790200000,train,-1,-2.25,0.374,4.1,2.64,0.7,-1.42,0.35,0.36,0.45,0.53,0,-0.84,neutral,bajista,1,2.0,32,3205,2,
s13840,STBLUSDT,1782791100000,train,-1,-2.05,0.609,3.31,2.6,0.62,-1.0,0.44,0.48,0.75,0.92,0,-1.04,neutral,neutral,0,-1.0,5,3206,0,
s13841,ENAUSDT,1782791100000,train,-1,-2.59,0.462,3.14,2.78,0.84,-1.55,1.26,0.66,0.88,1.88,0,-1.04,neutral,bajista,1,2.0,19,3206,6,
s13842,JUPUSDT,1782791100000,train,-1,-2.71,0.437,4.11,2.98,0.7,-1.67,0.68,0.36,0.45,0.53,0,-1.04,neutral,bajista,0,1.524,32,3206,3,
s13843,FETUSDT,1782791100000,train,-1,-2.09,0.457,3.0,2.54,0.85,-1.05,0.74,0.47,0.57,0.71,0,-1.04,neutral,neutral,0,0.864,32,3205,1,
s13844,ENAUSDT,1782792000000,train,-1,-2.41,0.426,3.11,2.63,1.04,-1.35,1.02,0.76,0.81,1.89,0,-1.07,neutral,neutral,1,2.0,18,3207,0,
s13845,JUPUSDT,1782792000000,train,-1,-2.49,0.415,3.68,2.55,0.71,-1.42,0.55,0.34,0.42,0.51,0,-1.07,neutral,neutral,1,2.0,30,3207,0,
s13846,FETUSDT,1782792000000,train,-1,-2.03,0.439,3.0,2.3,0.92,-0.97,0.46,0.5,0.57,0.71,0,-1.07,neutral,neutral,0,1.275,32,3206,0,
s13847,ENAUSDT,1782792900000,train,-1,-2.45,0.427,3.27,2.56,1.86,-1.8,1.78,0.76,0.81,1.89,0,-0.65,neutral,neutral,1,2.0,17,3208,1,
s13848,WLDUSDT,1782795600000,train,1,3.05,0.375,4.07,3.86,1.23,3.7,1.97,0.75,0.56,0.66,0,-0.65,neutral,neutral,0,-1.0,29,3211,1,
s13849,GRTUSDT,1782795600000,testB,1,2.82,0.735,2.85,2.74,2.11,3.47,1.64,0.91,0.71,1.17,0,-0.65,neutral,neutral,0,-1.0,14,3210,1,
s13850,WLDUSDT,1782796500000,train,1,3.31,0.395,4.75,4.45,1.77,4.4,2.53,0.75,0.56,0.66,0,-1.09,neutral,alcista,0,-1.0,28,3212,2,
s13851,WLDUSDT,1782797400000,train,1,4.41,0.485,5.71,5.27,2.17,4.85,3.08,0.75,0.56,0.66,0,-0.44,neutral,alcista,0,-1.0,27,3213,3,
s13852,ENAUSDT,1782797400000,train,-1,-2.03,0.479,3.26,2.31,1.19,-1.59,0.76,0.8,0.77,1.88,0,-0.44,neutral,bajista,1,2.0,12,3213,2,
s13853,WLDUSDT,1782798300000,train,1,4.7,0.501,5.98,5.58,2.73,5.19,3.13,0.75,0.56,0.66,0,-0.49,neutral,alcista,0,-1.0,26,3214,4,
s13854,ENAUSDT,1782798300000,train,-1,-2.18,0.535,3.2,2.24,1.15,-1.69,0.64,0.8,0.77,1.88,0,-0.49,neutral,neutral,1,2.0,11,3214,0,
s13855,STBLUSDT,1782799200000,train,1,2.06,0.388,3.68,2.52,0.57,2.41,0.84,0.53,0.75,0.96,0,-0.36,neutral,neutral,0,0.538,32,3215,0,
s13856,WLDUSDT,1782799200000,train,1,5.28,0.592,6.58,5.23,2.63,5.64,2.43,0.73,0.6,0.67,0,-0.36,neutral,neutral,0,-1.0,25,3215,0,
s13857,SEIUSDT,1782799200000,train,1,2.09,0.582,2.39,2.33,1.2,2.45,1.62,0.54,0.5,0.64,0,-0.36,neutral,alcista,0,-1.0,14,3215,3,
s13858,AXSUSDT,1782799200000,testB,-1,-2.47,0.49,3.75,3.24,0.44,-2.11,0.94,0.63,0.48,0.31,1,-0.36,neutral,neutral,0,0.438,32,3214,1,
s13859,STBLUSDT,1782800100000,train,1,2.45,0.431,3.66,2.93,0.73,2.91,1.2,0.53,0.75,0.96,0,-0.46,neutral,neutral,0,0.211,32,3216,1,
s13860,WLDUSDT,1782800100000,train,1,4.1,0.475,6.14,4.34,2.36,4.56,1.81,0.73,0.6,0.67,0,-0.46,neutral,neutral,0,-1.0,23,3216,0,
s13861,ENAUSDT,1782800100000,train,-1,-2.18,0.668,2.71,2.27,1.03,-1.71,1.04,0.75,0.74,1.89,0,-0.46,neutral,bajista,1,2.0,9,3216,2,
s13862,AXSUSDT,1782800100000,testB,-1,-2.76,0.583,3.74,3.14,0.43,-2.29,0.8,0.63,0.48,0.31,1,-0.46,neutral,neutral,0,0.484,32,3215,0,
s13863,STBLUSDT,1782801000000,train,1,2.77,0.486,3.7,3.08,0.94,3.51,1.24,0.53,0.75,0.96,0,-0.74,neutral,alcista,0,-0.012,32,3217,2,
s13864,WLDUSDT,1782801000000,train,1,3.96,0.45,6.17,3.95,1.72,4.7,1.26,0.73,0.6,0.67,0,-0.74,neutral,neutral,0,-1.0,22,3217,0,
s13865,ENAUSDT,1782801000000,train,-1,-2.54,0.701,2.93,2.86,1.09,-1.8,1.48,0.75,0.74,1.89,0,-0.74,neutral,bajista,1,2.0,18,3217,3,
s13866,AXSUSDT,1782801000000,testB,-1,-2.27,0.469,3.53,2.62,0.59,-1.53,0.48,0.63,0.48,0.31,1,-0.74,neutral,neutral,0,0.769,32,3216,0,
s13867,STBLUSDT,1782801900000,train,1,3.13,0.552,3.69,3.23,1.06,3.71,1.3,0.53,0.75,0.96,0,-0.58,neutral,alcista,0,-0.298,32,3218,3,
s13868,WLDUSDT,1782801900000,train,1,3.29,0.37,5.81,3.21,1.42,3.88,0.92,0.73,0.6,0.67,0,-0.58,neutral,neutral,0,-1.0,19,3218,0,
s13869,ENAUSDT,1782801900000,train,-1,-2.38,0.634,3.08,2.7,1.36,-1.8,1.09,0.75,0.74,1.89,0,-0.58,neutral,neutral,1,2.0,17,3218,0,
s13870,AXSUSDT,1782801900000,testB,-1,-2.77,0.519,3.56,3.35,0.78,-2.18,1.11,0.63,0.48,0.31,1,-0.58,neutral,neutral,0,0.515,32,3217,1,
s13871,STBLUSDT,1782802800000,train,1,2.86,0.48,3.67,2.85,1.1,3.54,0.86,0.52,0.64,0.96,0,-0.68,neutral,neutral,0,-0.351,32,3219,0,
s13872,ENAUSDT,1782802800000,train,-1,-2.43,0.639,3.11,2.74,1.52,-1.75,1.1,0.8,0.75,1.91,0,-0.68,neutral,neutral,1,2.0,16,3219,1,
s13873,JUPUSDT,1782802800000,train,-1,-2.26,0.615,2.74,2.5,1.23,-1.58,1.17,0.29,0.33,0.51,0,-0.68,neutral,bajista,0,-0.0,32,3219,3,
s13874,AXSUSDT,1782802800000,testB,-1,-2.58,0.5,3.56,3.46,0.82,-1.9,1.15,0.6,0.48,0.33,1,-0.68,neutral,bajista,0,0.471,32,3218,2,
s13875,STBLUSDT,1782803700000,train,1,3.01,0.494,3.58,3.08,1.05,3.65,1.08,0.52,0.64,0.96,0,-0.64,neutral,neutral,0,-0.525,32,3220,1,
s13876,ENAUSDT,1782803700000,train,-1,-2.61,0.656,2.76,2.72,1.3,-1.98,1.27,0.8,0.75,1.91,0,-0.64,neutral,bajista,1,2.0,15,3220,2,
s13877,JUPUSDT,1782803700000,train,-1,-2.4,0.63,2.75,2.65,0.97,-1.76,1.15,0.29,0.33,0.51,0,-0.64,neutral,bajista,0,-0.055,32,3220,4,
s13878,MANAUSDT,1782803700000,testB,-1,-2.04,0.52,2.24,2.08,0.86,-1.4,0.92,0.68,0.59,0.6,0,-0.64,neutral,neutral,0,0.923,32,3219,1,
s13879,AXSUSDT,1782803700000,testB,-1,-2.77,0.56,3.56,3.46,0.86,-2.13,1.02,0.6,0.48,0.33,1,-0.64,neutral,bajista,0,0.471,32,3219,3,
s13880,STBLUSDT,1782804600000,train,1,2.73,0.439,3.58,2.89,0.84,3.11,0.82,0.52,0.64,0.96,0,-0.37,neutral,neutral,0,-0.573,32,3221,0,
s13881,ENAUSDT,1782804600000,train,-1,-2.03,0.574,2.42,2.2,1.11,-1.66,1.08,0.8,0.75,1.91,0,-0.37,neutral,neutral,1,2.0,14,3221,0,
s13882,JUPUSDT,1782804600000,train,-1,-2.02,0.506,2.55,2.16,0.92,-1.65,0.82,0.29,0.33,0.51,0,-0.37,neutral,neutral,1,2.0,21,3221,0,
s13883,AXSUSDT,1782804600000,testB,-1,-2.58,0.542,2.85,2.75,0.62,-2.2,0.89,0.6,0.48,0.33,1,-0.37,neutral,neutral,0,0.63,32,3220,0,
s13884,STBLUSDT,1782805500000,train,1,2.29,0.387,3.59,2.82,0.51,2.45,0.68,0.52,0.64,0.96,0,-0.17,neutral,neutral,0,-0.411,32,3222,1,
s13885,ENAUSDT,1782806400000,train,-1,-2.02,0.552,2.18,2.05,0.74,-1.81,0.96,1.45,1.05,2.08,0,-0.21,neutral,neutral,1,2.0,2,3223,1,
s13886,INJUSDT,1782806400000,train,-1,-2.1,0.521,3.26,3.24,0.6,-1.89,1.24,0.74,0.57,0.67,0,-0.21,neutral,neutral,0,0.497,32,3223,1,
s13887,ENAUSDT,1782807300000,train,-1,-2.67,0.617,3.78,3.44,2.1,-2.44,2.22,1.45,1.05,2.08,0,-0.23,neutral,bajista,0,1.278,32,3224,2,
s13888,INJUSDT,1782807300000,train,-1,-2.77,0.635,4.21,3.77,1.05,-2.54,1.51,0.74,0.57,0.67,0,-0.23,neutral,bajista,0,0.337,32,3224,2,
s13889,JUPUSDT,1782807300000,train,-1,-3.03,0.552,4.1,3.51,4.66,-2.8,2.04,0.55,0.44,0.58,0,-0.23,neutral,bajista,0,-0.208,32,3224,2,
s13890,XPLUSDT,1782808200000,train,-1,-2.06,0.528,2.5,2.18,1.85,-1.51,1.22,0.49,0.59,0.76,0,-0.55,neutral,bajista,1,2.0,13,3225,2,
s13891,ENAUSDT,1782808200000,train,-1,-4.64,0.737,6.27,5.58,4.15,-4.09,3.78,1.45,1.05,2.08,0,-0.55,neutral,bajista,0,0.343,32,3225,3,
s13892,ARBUSDT,1782808200000,train,-1,-2.21,0.636,3.58,3.22,1.46,-1.65,1.36,0.75,0.64,1.01,0,-0.55,neutral,bajista,0,-0.167,32,3225,8,
s13893,OPUSDT,1782808200000,train,-1,-2.02,0.455,3.31,3.1,3.03,-1.47,1.6,0.86,0.73,0.94,0,-0.55,neutral,bajista,0,0.7,32,3225,3,
s13894,INJUSDT,1782808200000,train,-1,-2.49,0.538,4.34,3.39,1.42,-1.94,1.01,0.74,0.57,0.67,0,-0.55,neutral,neutral,0,0.361,32,3225,0,
s13895,JUPUSDT,1782808200000,train,-1,-3.92,0.686,4.57,4.07,5,-3.36,2.33,0.55,0.44,0.58,0,-0.55,neutral,bajista,0,-0.41,32,3225,3,
s13896,STXUSDT,1782808200000,testB,-1,-2.0,0.647,2.29,2.16,3.2,-1.45,1.06,0.78,0.61,0.75,0,-0.55,neutral,bajista,0,0.2,32,3224,2,
s13897,XPLUSDT,1782809100000,train,-1,-2.23,0.547,2.91,2.57,2.04,-1.94,1.5,0.49,0.59,0.76,0,-0.29,neutral,bajista,1,2.0,12,3226,3,
s13898,ENAUSDT,1782809100000,train,-1,-4.64,0.741,6.26,5.34,4.82,-4.35,3.25,1.45,1.05,2.08,0,-0.29,neutral,neutral,0,0.407,32,3226,0,
s13899,INJUSDT,1782809100000,train,-1,-2.12,0.488,3.41,2.43,1.9,-1.83,0.97,0.74,0.57,0.67,0,-0.29,neutral,neutral,0,0.407,32,3226,0,
s13900,TIAUSDT,1782809100000,train,-1,-2.15,0.359,4.19,3.45,5,-1.86,1.89,1.29,1.03,1.28,0,-0.29,neutral,bajista,0,1.508,32,3226,2,
s13901,JUPUSDT,1782809100000,train,-1,-3.5,0.638,4.81,3.78,5,-3.21,2.02,0.55,0.44,0.58,0,-0.29,neutral,neutral,0,-0.545,32,3226,0,
s13902,ENAUSDT,1782810000000,train,-1,-4.67,0.752,6.23,5.15,5,-4.53,2.68,1.54,1.1,2.11,0,-0.15,neutral,neutral,0,0.547,32,3227,0,
s13903,INJUSDT,1782810000000,train,-1,-2.52,0.566,3.38,2.65,2.07,-2.37,1.13,0.73,0.61,0.67,0,-0.15,neutral,neutral,0,0.187,32,3227,1,
s13904,JUPUSDT,1782810000000,train,-1,-3.22,0.567,4.65,3.38,5,-3.07,1.59,0.59,0.46,0.58,0,-0.15,neutral,neutral,0,-0.435,32,3227,0,
s13905,GRTUSDT,1782810000000,testB,-1,-2.36,0.705,3.09,2.36,1.29,-2.21,0.64,1.11,0.9,1.12,0,-0.15,neutral,neutral,0,0.333,32,3226,0,
s13906,WLDUSDT,1782810900000,train,-1,-2.87,0.407,5.6,5.21,0.67,-2.73,1.24,0.88,0.69,0.71,0,-0.14,neutral,bajista,0,0.116,32,3228,2,
s13907,ENAUSDT,1782810900000,train,-1,-4.66,0.751,6.01,5.02,2.56,-4.53,2.51,1.54,1.1,2.11,0,-0.14,neutral,neutral,0,0.57,32,3228,1,
s13908,OPUSDT,1782810900000,train,-1,-2.03,0.476,3.63,3.42,2.17,-1.89,1.49,0.86,0.74,0.95,0,-0.14,neutral,bajista,0,0.515,32,3228,6,
s13909,INJUSDT,1782810900000,train,-1,-2.42,0.556,3.0,2.53,1.55,-2.29,1.27,0.73,0.61,0.67,0,-0.14,neutral,bajista,0,0.128,32,3228,2,
s13910,TIAUSDT,1782810900000,train,-1,-2.11,0.353,4.26,4.05,2.69,-1.98,1.96,1.61,1.19,1.35,0,-0.14,neutral,bajista,0,1.234,32,3228,4,
s13911,JUPUSDT,1782810900000,train,-1,-2.43,0.486,4.06,2.74,1.51,-2.3,1.44,0.59,0.46,0.58,0,-0.14,neutral,neutral,0,-0.554,32,3228,0,
s13912,STBLUSDT,1782811800000,train,1,2.29,0.444,4.56,3.8,3.15,2.65,1.39,1.23,0.86,1.12,0,-0.35,neutral,alcista,0,-1.0,14,3229,4,
s13913,WLDUSDT,1782811800000,train,-1,-3.1,0.46,5.56,4.55,0.55,-2.75,0.49,0.88,0.69,0.71,0,-0.35,neutral,neutral,0,0.302,32,3229,0,
s13914,ENAUSDT,1782811800000,train,-1,-4.8,0.756,5.89,5.12,0.95,-4.45,2.51,1.54,1.1,2.11,0,-0.35,neutral,bajista,0,0.538,32,3229,2,
s13915,OPUSDT,1782811800000,train,-1,-2.33,0.59,3.63,3.42,0.93,-1.98,1.31,0.86,0.74,0.95,0,-0.35,neutral,neutral,0,0.515,32,3229,0,
s13916,INJUSDT,1782811800000,train,-1,-2.26,0.538,2.96,2.42,1.83,-1.91,1.32,0.73,0.61,0.67,0,-0.35,neutral,bajista,0,0.027,32,3229,3,
s13917,JUPUSDT,1782811800000,train,-1,-2.29,0.453,4.05,2.64,0.95,-1.94,1.17,0.59,0.46,0.58,0,-0.35,neutral,neutral,0,-0.5,32,3229,0,
s13918,PUMPUSDT,1782812700000,train,-1,-2.36,0.443,3.31,2.55,0.5,-1.89,0.72,0.81,0.77,1.19,0,-0.47,neutral,bajista,0,0.054,32,3230,2,
s13919,WLDUSDT,1782812700000,train,-1,-2.67,0.375,5.52,3.75,0.45,-2.21,-0.03,0.88,0.69,0.71,0,-0.47,neutral,neutral,0,0.592,32,3230,0,
s13920,ENAUSDT,1782812700000,train,-1,-4.63,0.71,5.87,4.92,0.58,-4.16,2.14,1.54,1.1,2.11,0,-0.47,neutral,neutral,0,0.589,32,3230,0,
s13921,OPUSDT,1782812700000,train,-1,-2.23,0.55,3.62,3.31,0.41,-1.76,1.08,0.86,0.74,0.95,0,-0.47,neutral,neutral,0,0.5,32,3230,0,
s13922,INJUSDT,1782812700000,train,-1,-2.03,0.485,2.94,2.29,1.52,-1.57,1.12,0.73,0.61,0.67,0,-0.47,neutral,neutral,0,0.283,32,3230,0,
s13923,TIAUSDT,1782812700000,train,-1,-3.15,0.547,5.0,4.6,1.42,-2.68,2.06,1.61,1.19,1.35,0,-0.47,neutral,neutral,0,0.994,32,3230,1,
s13924,JUPUSDT,1782812700000,train,-1,-2.57,0.529,4.01,2.64,0.6,-2.1,1.1,0.59,0.46,0.58,0,-0.47,neutral,neutral,0,-0.537,32,3230,1,
s13925,WLDUSDT,1782813600000,train,-1,-2.54,0.362,4.19,2.66,0.49,-2.2,0.27,0.88,0.71,0.71,0,-0.34,neutral,neutral,0,0.658,32,3231,1,
s13926,ENAUSDT,1782813600000,train,-1,-4.46,0.702,5.57,4.68,0.43,-4.11,1.98,1.47,1.11,2.1,0,-0.34,neutral,neutral,0,0.538,32,3231,1,
s13927,OPUSDT,1782813600000,train,-1,-2.13,0.512,3.62,3.21,0.4,-1.78,0.9,0.87,0.72,0.95,0,-0.34,neutral,neutral,0,0.484,32,3231,0,
s13928,TIAUSDT,1782813600000,train,-1,-3.61,0.58,5.66,5.16,1.71,-3.27,2.3,1.71,1.22,1.31,0,-0.34,neutral,bajista,0,0.732,32,3231,2,
s13929,SEIUSDT,1782813600000,train,-1,-2.05,0.45,2.62,2.28,0.44,-1.71,0.45,0.64,0.57,0.64,0,-0.34,neutral,neutral,0,1.214,32,3231,1,
s13930,JUPUSDT,1782813600000,train,-1,-2.68,0.538,3.88,3.0,0.77,-2.33,1.33,0.67,0.5,0.57,0,-0.34,neutral,bajista,0,-1.0,23,3231,2,
s13931,ENAUSDT,1782814500000,train,-1,-4.49,0.703,5.34,4.76,0.41,-3.95,2.06,1.47,1.11,2.1,0,-0.54,neutral,bajista,0,0.443,32,3232,2,
s13932,OPUSDT,1782814500000,train,-1,-2.23,0.524,3.62,3.31,0.33,-1.68,0.95,0.87,0.72,0.95,0,-0.54,neutral,neutral,0,0.344,32,3232,1,
s13933,INJUSDT,1782814500000,train,-1,-2.14,0.513,2.94,2.38,1.21,-1.59,0.91,0.63,0.62,0.67,0,-0.54,neutral,neutral,0,-0.055,32,3232,1,
s13934,TIAUSDT,1782814500000,train,-1,-4.0,0.614,5.68,5.52,1.54,-3.45,2.38,1.71,1.22,1.31,0,-0.54,neutral,bajista,0,0.633,32,3232,3,
s13935,JUPUSDT,1782814500000,train,-1,-3.05,0.604,3.89,3.25,0.84,-2.51,1.42,0.67,0.5,0.57,0,-0.54,neutral,bajista,0,-1.0,22,3232,3,
s13936,AXSUSDT,1782814500000,testB,-1,-2.33,0.489,3.21,3.01,2.74,-1.78,1.83,0.53,0.59,0.43,0,-0.54,neutral,bajista,0,0.138,32,3231,3,
s13937,ENAUSDT,1782815400000,train,-1,-3.9,0.662,5.28,4.66,0.31,-3.51,1.83,1.47,1.11,2.1,0,-0.39,neutral,neutral,0,0.42,32,3233,0,
s13938,OPUSDT,1782815400000,train,-1,-2.92,0.784,3.32,3.11,0.33,-2.53,0.95,0.87,0.72,0.95,0,-0.39,neutral,bajista,0,0.167,32,3233,2,
s13939,INJUSDT,1782815400000,train,-1,-2.14,0.513,2.75,2.45,0.66,-1.75,1.04,0.63,0.62,0.67,0,-0.39,neutral,bajista,0,-0.292,32,3233,2,
s13940,TIAUSDT,1782815400000,train,-1,-3.71,0.547,5.65,4.94,1.29,-3.31,1.75,1.71,1.22,1.31,0,-0.39,neutral,neutral,0,0.806,32,3233,0,
s13941,JUPUSDT,1782815400000,train,-1,-3.01,0.6,3.7,3.26,0.9,-2.62,1.49,0.67,0.5,0.57,0,-0.39,neutral,bajista,0,-1.0,16,3233,4,
s13942,AXSUSDT,1782815400000,testB,-1,-2.42,0.522,3.0,2.59,2.88,-2.03,1.5,0.53,0.59,0.43,0,-0.39,neutral,neutral,0,0.36,32,3232,0,
s13943,ENAUSDT,1782816300000,train,-1,-4.29,0.717,5.3,4.94,0.35,-3.84,1.86,1.47,1.11,2.1,0,-0.45,neutral,neutral,0,0.266,32,3234,1,
s13944,OPUSDT,1782816300000,train,-1,-2.72,0.771,3.11,3.01,0.43,-2.27,0.96,0.87,0.72,0.95,0,-0.45,neutral,bajista,0,-0.0,32,3234,3,
s13945,INJUSDT,1782816300000,train,-1,-2.04,0.485,2.51,2.15,0.62,-1.59,0.86,0.63,0.62,0.67,0,-0.45,neutral,neutral,0,-0.455,32,3234,0,
s13946,TIAUSDT,1782816300000,train,-1,-3.92,0.56,5.68,5.36,0.62,-3.47,1.93,1.71,1.22,1.31,0,-0.45,neutral,neutral,0,0.672,32,3234,1,
s13947,JUPUSDT,1782816300000,train,-1,-2.21,0.442,3.69,2.85,0.8,-1.76,0.95,0.67,0.5,0.57,0,-0.45,neutral,neutral,0,-1.0,15,3234,0,
s13948,ENAUSDT,1782817200000,train,-1,-4.95,0.745,6.38,5.34,0.84,-4.76,2.33,1.74,1.27,2.16,0,-0.19,neutral,bajista,0,0.18,32,3235,2,
s13949,OPUSDT,1782817200000,train,-1,-2.53,0.758,3.01,2.91,0.38,-2.34,0.96,0.99,0.77,0.96,0,-0.19,neutral,bajista,0,0.036,32,3235,4,
s13950,TIAUSDT,1782817200000,train,-1,-4.76,0.706,5.83,5.72,0.32,-4.57,2.07,2.02,1.41,1.36,1,-0.19,neutral,bajista,0,0.621,32,3235,2,
s13951,XPLUSDT,1782818100000,train,-1,-4.0,0.544,5.85,5.24,2.43,-3.56,2.73,1.13,0.89,0.9,0,-0.44,neutral,bajista,0,1.339,32,3236,2,
s13952,ENAUSDT,1782818100000,train,-1,-4.78,0.738,6.38,5.48,0.91,-4.35,2.17,1.74,1.27,2.16,0,-0.44,neutral,bajista,0,0.181,32,3236,3,
s13953,OPUSDT,1782818100000,train,-1,-2.94,0.784,3.24,3.24,0.7,-2.5,1.51,0.99,0.77,0.96,0,-0.44,neutral,bajista,0,-0.161,32,3236,5,
s13954,INJUSDT,1782818100000,train,-1,-2.11,0.488,3.68,2.48,1.68,-1.67,1.05,0.73,0.69,0.69,0,-0.44,neutral,neutral,0,-0.596,32,3236,1,
s13955,TIAUSDT,1782818100000,train,-1,-6.42,0.824,7.65,7.27,0.64,-5.99,3.19,2.02,1.41,1.36,1,-0.44,neutral,bajista,0,0.354,32,3236,3,
s13956,JUPUSDT,1782818100000,train,-1,-2.41,0.417,3.7,3.36,0.74,-1.97,1.23,0.83,0.58,0.59,0,-0.44,neutral,neutral,0,-1.0,13,3236,1,
s13957,PENDLEUSDT,1782818100000,train,-1,-2.98,0.606,4.3,3.37,3.03,-2.54,2.05,1.25,0.98,1.35,0,-0.44,neutral,bajista,0,0.257,32,3236,2,
s13958,XPLUSDT,1782819000000,train,-1,-4.61,0.579,6.35,6.07,2.67,-4.15,3.22,1.13,0.89,0.9,0,-0.46,neutral,bajista,0,0.995,32,3237,3,
s13959,ENAUSDT,1782819000000,train,-1,-4.98,0.761,6.36,5.6,1.09,-4.52,2.11,1.74,1.27,2.16,0,-0.46,neutral,bajista,0,0.177,32,3237,4,
s13960,OPUSDT,1782819000000,train,-1,-2.23,0.524,3.22,2.6,0.84,-1.78,0.77,0.99,0.77,0.96,0,-0.46,neutral,neutral,0,-0.16,32,3237,0,
s13961,TIAUSDT,1782819000000,train,-1,-6.25,0.794,7.48,6.88,0.7,-5.79,2.76,2.02,1.41,1.36,1,-0.46,neutral,neutral,0,0.406,32,3237,0,
s13962,JUPUSDT,1782819000000,train,-1,-3.08,0.525,4.56,3.77,1.39,-2.62,1.41,0.83,0.58,0.59,0,-0.46,neutral,bajista,0,-1.0,12,3237,2,
s13963,PENDLEUSDT,1782819000000,train,-1,-2.48,0.502,4.02,2.82,4.16,-2.03,1.59,1.25,0.98,1.35,0,-0.46,neutral,neutral,0,0.174,32,3237,0,
s13964,APEUSDT,1782819000000,testB,-1,-2.64,0.429,5.08,4.94,1.49,-2.19,1.95,0.79,0.65,0.71,0,-0.46,neutral,bajista,0,-0.493,32,3236,4,
s13965,XPLUSDT,1782819900000,train,-1,-5.56,0.623,8.8,7.2,4.64,-4.99,3.83,1.13,0.89,0.9,0,-0.56,neutral,bajista,0,0.643,32,3238,4,
s13966,ENAUSDT,1782819900000,train,-1,-5.28,0.816,6.31,5.68,1.26,-4.71,2.02,1.74,1.27,2.16,0,-0.56,neutral,bajista,0,0.185,32,3238,5,
s13967,OPUSDT,1782819900000,train,-1,-2.63,0.619,3.23,2.81,1.0,-2.07,0.84,0.99,0.77,0.96,0,-0.56,neutral,neutral,0,-0.259,32,3238,1,
s13968,INJUSDT,1782819900000,train,-1,-2.38,0.519,3.68,2.5,1.55,-1.82,0.86,0.73,0.69,0.69,0,-0.56,neutral,neutral,0,-0.383,32,3238,1,
s13969,TIAUSDT,1782819900000,train,-1,-6.81,0.807,8.1,7.42,1.03,-6.25,3.48,2.02,1.41,1.36,1,-0.56,neutral,neutral,0,0.251,32,3238,1,
s13970,JUPUSDT,1782819900000,train,-1,-3.12,0.537,4.55,3.56,1.25,-2.55,1.08,0.83,0.58,0.59,0,-0.56,neutral,neutral,0,-1.0,11,3238,0,
s13971,PENDLEUSDT,1782819900000,train,-1,-2.66,0.519,3.88,2.89,4.95,-2.09,1.76,1.25,0.98,1.35,0,-0.56,neutral,neutral,0,-0.072,32,3238,1,
s13972,AXSUSDT,1782819900000,testB,-1,-2.24,0.458,3.22,3.01,0.96,-1.67,1.24,0.57,0.6,0.45,0,-0.56,neutral,neutral,0,-0.0,32,3237,1,
s13973,APEUSDT,1782819900000,testB,-1,-2.44,0.4,5.22,4.87,1.47,-1.88,1.7,0.79,0.65,0.71,0,-0.56,neutral,neutral,0,-0.443,32,3237,0,
s13974,ENAUSDT,1782820800000,train,-1,-4.93,0.781,5.96,5.23,0.77,-4.23,1.69,1.81,1.27,2.06,0,-0.7,neutral,neutral,0,0.257,32,3239,0,
s13975,OPUSDT,1782820800000,train,-1,-2.35,0.59,2.61,2.61,1.06,-1.64,1.11,1.03,0.81,0.93,0,-0.7,neutral,bajista,0,-0.4,32,3239,2,
s13976,INJUSDT,1782820800000,train,-1,-2.04,0.477,2.87,2.3,1.68,-1.34,1.33,0.9,0.77,0.71,1,-0.7,neutral,bajista,0,-1.0,28,3239,2,
s13977,TIAUSDT,1782820800000,train,-1,-6.59,0.8,7.83,7.69,0.96,-5.89,3.78,2.23,1.5,1.34,1,-0.7,neutral,bajista,0,0.136,32,3239,2,
s13978,JUPUSDT,1782820800000,train,-1,-3.45,0.562,4.13,3.58,1.23,-2.75,1.36,0.97,0.62,0.59,1,-0.7,neutral,neutral,0,-1.0,7,3239,1,
s13979,PENDLEUSDT,1782820800000,train,-1,-2.87,0.538,3.66,2.96,5,-2.17,1.78,1.52,1.09,1.32,0,-0.7,neutral,bajista,0,-0.304,32,3239,2,
s13980,LDOUSDT,1782820800000,testB,-1,-2.19,0.873,2.52,2.24,3.61,-1.48,1.34,0.97,0.68,0.77,0,-0.7,neutral,bajista,0,1.273,32,3238,4,
s13981,MANAUSDT,1782820800000,testB,-1,-2.08,0.684,2.28,2.28,2.73,-1.37,1.41,0.89,0.78,0.75,1,-0.7,neutral,bajista,0,-1.0,22,3238,2,
s13982,AXSUSDT,1782820800000,testB,-1,-2.54,0.49,3.44,3.34,1.0,-1.84,1.4,0.59,0.6,0.45,0,-0.7,neutral,bajista,0,-0.094,32,3238,2,
s13983,APEUSDT,1782820800000,testB,-1,-2.85,0.438,5.59,5.38,0.98,-2.15,2.06,0.89,0.7,0.72,0,-0.7,neutral,neutral,0,-0.442,32,3238,1,
s13984,PUMPUSDT,1782821700000,train,-1,-2.54,0.416,4.02,3.24,1.69,-1.61,1.87,1.01,0.92,1.14,0,-0.93,neutral,bajista,0,-1.0,26,3240,3,
s13985,ENAUSDT,1782821700000,train,-1,-2.89,0.543,4.32,3.07,0.8,-1.96,1.07,1.81,1.27,2.06,0,-0.93,neutral,neutral,0,0.62,32,3240,0,
s13986,OPUSDT,1782821700000,train,-1,-2.35,0.59,2.93,2.62,1.16,-1.42,1.18,1.03,0.81,0.93,0,-0.93,neutral,bajista,0,-0.28,32,3240,3,
s13987,TIAUSDT,1782821700000,train,-1,-7.2,0.833,8.67,7.95,0.81,-6.27,3.91,2.23,1.5,1.34,1,-0.93,neutral,bajista,0,0.146,32,3240,3,
s13988,SEIUSDT,1782821700000,train,-1,-2.34,0.547,2.95,2.43,2.68,-1.41,1.51,0.84,0.68,0.67,1,-0.93,neutral,bajista,0,0.703,32,3240,3,
s13989,JUPUSDT,1782821700000,train,-1,-2.15,0.44,3.04,2.54,1.38,-1.22,1.58,0.97,0.62,0.59,1,-0.93,neutral,bajista,0,-1.0,6,3240,2,
s13990,PENDLEUSDT,1782821700000,train,-1,-3.43,0.581,3.93,3.67,2.23,-2.5,2.34,1.52,1.09,1.32,0,-0.93,neutral,bajista,0,-0.376,32,3240,3,
s13991,ONDOUSDT,1782821700000,train,-1,-2.05,0.571,2.42,2.12,2.26,-1.12,1.48,0.74,0.66,0.78,0,-0.93,neutral,bajista,0,-1.0,27,3239,3,
s13992,LDOUSDT,1782821700000,testB,-1,-2.19,0.873,2.81,2.32,2.95,-1.26,1.41,0.97,0.68,0.77,0,-0.93,neutral,bajista,0,1.228,32,3239,5,
s13993,MANAUSDT,1782821700000,testB,-1,-2.24,0.7,2.61,2.45,2.96,-1.31,1.4,0.89,0.78,0.75,1,-0.93,neutral,bajista,0,-1.0,21,3239,3,
s13994,AXSUSDT,1782821700000,testB,-1,-2.54,0.49,3.65,3.34,1.09,-1.61,1.27,0.59,0.6,0.45,0,-0.93,neutral,neutral,0,-0.062,32,3239,0,
s13995,APEUSDT,1782821700000,testB,-1,-3.0,0.449,5.89,5.75,1.05,-2.07,2.22,0.89,0.7,0.72,0,-0.93,neutral,bajista,0,-0.488,32,3239,2,
s13996,PUMPUSDT,1782822600000,train,-1,-3.43,0.51,5.4,4.05,3.53,-2.69,2.48,1.01,0.92,1.14,0,-0.74,neutral,bajista,0,-1.0,25,3241,4,
s13997,INJUSDT,1782822600000,train,-1,-2.11,0.583,2.88,2.52,0.75,-1.37,1.31,0.9,0.77,0.71,1,-0.74,neutral,bajista,0,-1.0,26,3241,4,
s13998,TIAUSDT,1782822600000,train,-1,-6.16,0.808,7.06,6.64,0.91,-5.42,3.76,2.23,1.5,1.34,1,-0.74,neutral,bajista,0,0.184,32,3241,4,
s13999,PENDLEUSDT,1782822600000,train,-1,-3.11,0.555,4.28,3.89,2.07,-2.37,2.38,1.52,1.09,1.32,0,-0.74,neutral,bajista,0,-0.392,32,3241,4,
s14000,AXSUSDT,1782822600000,testB,-1,-2.43,0.462,3.64,3.01,1.01,-1.7,0.88,0.59,0.6,0.45,0,-0.74,neutral,neutral,0,0.103,32,3240,0,
s14001,APEUSDT,1782822600000,testB,-1,-2.93,0.434,6.24,5.68,1.04,-2.19,1.93,0.89,0.7,0.72,0,-0.74,neutral,neutral,0,-0.333,32,3240,0,
s14002,PUMPUSDT,1782823500000,train,-1,-5.12,0.676,5.62,5.4,4.38,-3.59,3.36,1.01,0.92,1.14,0,-1.54,neutral,bajista,0,-1.0,24,3242,5,
s14003,0GUSDT,1782823500000,train,-1,-2.71,0.683,3.18,3.13,1.18,-1.17,2.04,0.79,0.54,0.47,1,-1.54,neutral,bajista,0,-0.111,32,3242,5,
s14004,INJUSDT,1782823500000,train,-1,-2.1,0.583,4.26,2.48,1.55,-0.57,1.02,0.9,0.77,0.71,1,-1.54,neutral,neutral,0,-1.0,25,3242,0,
s14005,SUIUSDT,1782823500000,train,-1,-2.08,0.567,2.74,2.72,4.45,-0.54,1.67,0.79,0.67,0.72,0,-1.54,neutral,neutral,0,-1.0,17,3242,1,
s14006,TIAUSDT,1782823500000,train,-1,-6.31,0.811,7.32,7.15,0.71,-4.77,3.71,2.23,1.5,1.34,1,-1.54,neutral,bajista,0,0.121,32,3242,5,
s14007,SEIUSDT,1782823500000,train,-1,-2.43,0.577,3.06,2.95,4.04,-0.9,1.91,0.84,0.68,0.67,1,-1.54,neutral,bajista,0,0.38,32,3242,5,
s14008,JUPUSDT,1782823500000,train,-1,-2.35,0.471,3.47,3.26,1.37,-0.82,1.94,0.97,0.62,0.59,1,-1.54,neutral,neutral,0,-1.0,4,3242,1,
s14009,PENDLEUSDT,1782823500000,train,-1,-3.87,0.633,4.71,4.59,1.66,-2.33,2.74,1.52,1.09,1.32,0,-1.54,neutral,bajista,0,-0.481,32,3242,5,
s14010,ONDOUSDT,1782823500000,train,-1,-2.12,0.55,2.46,2.4,2.39,-0.58,1.52,0.74,0.66,0.78,0,-1.54,neutral,neutral,0,-1.0,25,3241,1,
s14011,GRTUSDT,1782823500000,testB,-1,-2.25,0.625,2.99,2.99,2.15,-0.71,1.81,0.94,0.94,0.94,0,-1.54,neutral,neutral,0,-0.058,32,3241,1,
s14012,LDOUSDT,1782823500000,testB,-1,-2.48,0.886,2.71,2.71,1.73,-0.95,1.76,0.97,0.68,0.77,0,-1.54,neutral,neutral,0,-1.0,5,3241,1,
s14013,MANAUSDT,1782823500000,testB,-1,-2.25,0.636,2.79,2.63,3.06,-0.71,1.65,0.89,0.78,0.75,1,-1.54,neutral,neutral,0,-1.0,18,3241,1,
s14014,AXSUSDT,1782823500000,testB,-1,-2.94,0.509,3.66,3.55,0.9,-1.4,1.27,0.59,0.6,0.45,0,-1.54,neutral,neutral,0,-0.088,32,3241,1,
s14015,APEUSDT,1782823500000,testB,-1,-2.8,0.423,6.26,5.98,0.99,-1.27,1.99,0.89,0.7,0.72,0,-1.54,neutral,neutral,0,-0.4,32,3241,1,
s14016,PUMPUSDT,1782824400000,train,-1,-4.59,0.604,5.6,5.1,4.13,-3.08,2.83,1.14,0.94,1.1,0,-1.51,neutral,neutral,0,-1.0,23,3243,0,
s14017,TIAUSDT,1782824400000,train,-1,-5.56,0.688,7.28,6.55,0.82,-4.05,2.89,2.4,1.6,1.31,1,-1.51,neutral,neutral,0,0.237,32,3243,0,
s14018,PENDLEUSDT,1782824400000,train,-1,-3.31,0.497,4.68,3.99,1.45,-1.8,1.94,1.95,1.34,1.32,1,-1.51,neutral,neutral,0,-0.376,32,3243,0,
s14019,GRTUSDT,1782824400000,testB,-1,-2.08,0.552,3.1,2.76,2.41,-0.57,1.43,0.98,0.99,0.92,0,-1.51,neutral,neutral,0,0.104,32,3242,0,
s14020,AXSUSDT,1782824400000,testB,-1,-2.53,0.41,3.64,3.01,0.96,-1.03,0.68,0.67,0.62,0.46,1,-1.51,neutral,neutral,0,-0.0,32,3242,0,
s14021,APEUSDT,1782824400000,testB,-1,-2.65,0.394,6.21,5.09,1.0,-1.14,1.03,0.92,0.74,0.72,1,-1.51,neutral,neutral,0,-0.219,32,3242,0,
s14022,PUMPUSDT,1782825300000,train,-1,-3.98,0.492,5.57,4.5,3.08,-2.64,2.07,1.14,0.94,1.1,0,-1.33,neutral,neutral,0,-1.0,22,3244,0,
s14023,TIAUSDT,1782825300000,train,-1,-5.18,0.663,7.27,6.49,0.53,-3.85,2.38,2.4,1.6,1.31,1,-1.33,neutral,neutral,0,0.235,32,3244,0,
s14024,PENDLEUSDT,1782825300000,train,-1,-3.18,0.471,4.67,3.87,0.74,-1.84,1.57,1.95,1.34,1.32,1,-1.33,neutral,neutral,0,-0.255,32,3244,0,
s14025,GRTUSDT,1782825300000,testB,-1,-2.08,0.552,3.1,2.76,2.77,-0.75,1.24,0.98,0.99,0.92,0,-1.33,neutral,neutral,0,0.167,32,3243,0,
s14026,MANAUSDT,1782825300000,testB,-1,-2.24,0.583,2.79,2.46,2.0,-0.91,1.22,1.07,0.87,0.77,1,-1.33,neutral,neutral,0,-1.0,16,3243,1,
s14027,AXSUSDT,1782825300000,testB,-1,-2.44,0.4,3.64,3.12,0.79,-1.1,0.74,0.67,0.62,0.46,1,-1.33,neutral,neutral,0,-0.133,32,3243,0,
s14028,PUMPUSDT,1782826200000,train,-1,-3.79,0.478,5.58,4.72,1.35,-2.44,2.13,1.14,0.94,1.1,0,-1.34,neutral,neutral,0,-1.0,21,3245,1,
s14029,STBLUSDT,1782826200000,train,-1,-3.57,0.516,5.08,4.45,0.59,-2.23,1.41,1.46,0.99,1.0,0,-1.34,neutral,neutral,0,0.531,32,3245,1,
s14030,0GUSDT,1782826200000,train,-1,-2.13,0.512,3.71,2.57,1.54,-0.79,1.07,0.84,0.56,0.47,1,-1.34,neutral,neutral,0,0.173,32,3245,1,
s14031,TIAUSDT,1782826200000,train,-1,-4.79,0.583,7.24,5.99,0.65,-3.44,1.69,2.4,1.6,1.31,1,-1.34,neutral,neutral,0,0.281,32,3245,0,
s14032,PENDLEUSDT,1782826200000,train,-1,-2.95,0.423,4.86,3.44,1.71,-1.6,1.07,1.95,1.34,1.32,1,-1.34,neutral,neutral,0,-0.223,32,3245,0,
s14033,MANAUSDT,1782826200000,testB,-1,-2.08,0.52,2.78,2.29,1.62,-0.74,0.92,1.07,0.87,0.77,1,-1.34,neutral,neutral,0,-1.0,15,3244,0,
s14034,AXSUSDT,1782826200000,testB,-1,-2.83,0.5,3.64,2.91,0.82,-1.49,0.57,0.67,0.62,0.46,1,-1.34,neutral,neutral,0,-0.036,32,3244,0,
s14035,PUMPUSDT,1782827100000,train,-1,-3.66,0.469,5.59,4.87,1.02,-2.58,2.02,1.14,0.94,1.1,0,-1.07,neutral,bajista,0,-1.0,20,3246,2,
s14036,WLDUSDT,1782827100000,train,-1,-2.29,0.511,4.08,2.62,0.95,-1.22,0.61,0.82,0.8,0.7,1,-1.07,neutral,neutral,0,0.103,32,3246,0,
s14037,TIAUSDT,1782827100000,train,-1,-3.97,0.5,5.98,4.46,0.82,-2.9,1.25,2.4,1.6,1.31,1,-1.07,neutral,neutral,0,0.389,32,3246,0,
s14038,PUMPUSDT,1782828000000,train,-1,-3.09,0.372,5.53,3.76,1.15,-2.47,0.86,1.11,0.98,1.07,0,-0.62,neutral,neutral,0,-1.0,19,3247,0,
s14039,TIAUSDT,1782828000000,train,-1,-3.46,0.464,5.37,3.86,0.98,-2.83,1.09,1.93,1.62,1.27,1,-0.62,neutral,neutral,0,0.464,32,3247,0,
s14040,TIAUSDT,1782828900000,train,-1,-2.83,0.381,5.36,3.54,1.28,-2.27,0.72,1.93,1.62,1.27,1,-0.56,neutral,neutral,0,0.636,32,3248,0,
s14041,TIAUSDT,1782829800000,train,-1,-3.74,0.52,5.32,3.89,1.14,-3.04,0.92,1.93,1.62,1.27,1,-0.7,neutral,neutral,0,0.482,32,3249,1,
s14042,JUPUSDT,1782829800000,train,1,3.31,0.379,5.21,5.11,1.53,4.0,2.61,0.99,0.76,0.6,1,-0.7,neutral,alcista,0,0.047,32,3249,7,
s14043,PUMPUSDT,1782830700000,train,-1,-3.84,0.394,5.57,4.5,0.66,-2.42,1.33,1.11,0.98,1.07,0,-1.42,neutral,bajista,0,-1.0,16,3250,2,
s14044,0GUSDT,1782830700000,train,-1,-2.18,0.385,3.41,2.32,0.6,-0.75,0.93,0.53,0.58,0.44,0,-1.42,neutral,bajista,0,0.191,32,3250,2,
s14045,ENAUSDT,1782830700000,train,-1,-2.03,0.382,3.33,2.63,1.27,-0.61,1.34,1.66,1.56,1.26,1,-1.42,neutral,bajista,0,-0.269,32,3250,5,
s14046,TIAUSDT,1782830700000,train,-1,-3.68,0.515,4.98,3.87,0.79,-2.25,1.06,1.93,1.62,1.27,1,-1.42,neutral,bajista,0,0.443,32,3250,2,
s14047,SEIUSDT,1782830700000,train,-1,-2.29,0.394,3.04,2.46,0.74,-0.86,0.9,0.83,0.76,0.66,1,-1.42,neutral,bajista,0,0.882,32,3250,2,
s14048,GRTUSDT,1782830700000,testB,-1,-2.18,0.358,2.92,2.23,1.07,-0.76,0.92,0.97,1.02,0.88,0,-1.42,neutral,bajista,0,0.051,32,3249,2,
s14049,0GUSDT,1782831600000,train,-1,-2.18,0.385,3.12,2.28,0.51,-0.6,1.07,0.53,0.59,0.44,0,-1.58,neutral,bajista,0,0.217,32,3251,3,
s14050,SEIUSDT,1782831600000,train,-1,-2.17,0.381,2.72,2.26,0.4,-0.59,0.94,0.86,0.76,0.66,1,-1.58,neutral,bajista,0,0.844,32,3251,3,
s14051,GRTUSDT,1782831600000,testB,-1,-2.19,0.358,2.53,2.24,0.91,-0.61,1.19,1.17,1.14,0.9,1,-1.58,neutral,bajista,0,-0.41,32,3250,3,
s14052,XPLUSDT,1782832500000,train,-1,-6.86,0.539,8.63,7.72,0.36,-5.45,2.78,1.83,1.21,0.99,1,-1.41,neutral,neutral,0,0.496,32,3252,0,
s14053,XPLUSDT,1782833400000,train,-1,-5.97,0.489,7.67,6.6,0.34,-4.61,2.49,1.83,1.21,0.99,1,-1.36,neutral,neutral,0,0.572,32,3253,0,
s14054,APEUSDT,1782833400000,testB,1,2.16,0.373,3.48,3.34,0.53,3.52,0.85,0.98,0.72,0.66,1,-1.36,neutral,neutral,0,-0.306,32,3252,1,
s14055,XPLUSDT,1782834300000,train,-1,-5.7,0.475,7.11,6.81,0.3,-4.34,2.73,1.83,1.21,0.99,1,-1.36,neutral,neutral,0,0.507,32,3254,1,
s14056,SEIUSDT,1782834300000,train,-1,-2.08,0.395,2.31,2.17,0.54,-0.72,1.07,0.86,0.76,0.66,1,-1.36,neutral,bajista,0,0.577,32,3254,6,
s14057,APEUSDT,1782834300000,testB,1,2.51,0.409,3.73,3.73,0.63,3.87,1.18,0.98,0.72,0.66,1,-1.36,neutral,alcista,0,-0.327,32,3253,2,
s14058,XPLUSDT,1782835200000,train,-1,-4.31,0.402,5.05,4.74,0.43,-3.29,2.21,2.02,1.32,0.98,1,-1.02,neutral,neutral,0,0.72,32,3255,0,
s14059,APEUSDT,1782835200000,testB,1,2.59,0.425,4.16,3.34,0.92,3.61,0.84,0.82,0.74,0.63,1,-1.02,neutral,neutral,0,-0.102,32,3254,0,
s14060,ASTERUSDT,1782836100000,train,1,2.01,0.51,2.56,2.06,0.56,2.92,0.48,1.06,0.75,0.66,1,-0.92,neutral,neutral,0,-0.163,32,3256,0,
s14061,XPLUSDT,1782836100000,train,-1,-3.7,0.362,6.07,5.09,0.79,-2.78,3.04,2.02,1.32,0.98,1,-0.92,neutral,neutral,0,0.536,32,3256,1,
s14062,APEUSDT,1782836100000,testB,1,3.16,0.529,4.15,3.54,0.96,4.07,1.08,0.82,0.74,0.63,1,-0.92,neutral,neutral,0,-0.096,32,3255,1,
s14063,ASTERUSDT,1782837000000,train,1,2.12,0.524,2.56,2.25,0.45,2.98,0.65,1.06,0.75,0.66,1,-0.86,neutral,neutral,0,-0.113,32,3257,1,
s14064,APEUSDT,1782837000000,testB,1,2.73,0.438,3.96,3.0,0.88,3.6,0.65,0.82,0.74,0.63,1,-0.86,neutral,neutral,0,0.295,32,3256,0,
s14065,ASTERUSDT,1782837900000,train,1,2.28,0.543,2.42,2.29,0.49,2.1,0.86,1.06,0.75,0.66,1,0.18,neutral,alcista,0,-0.153,32,3258,2,
s14066,PUMPUSDT,1782837900000,train,1,3.38,0.431,4.39,3.34,1.81,3.2,1.21,1.55,1.13,1.08,1,0.18,neutral,neutral,0,-0.646,32,3258,0,
s14067,ARBUSDT,1782837900000,train,1,2.61,0.397,2.73,2.61,0.97,2.43,1.17,1.03,0.88,0.88,0,0.18,neutral,alcista,0,0.406,32,3258,5,
s14068,SUIUSDT,1782837900000,train,1,2.41,0.432,2.72,2.48,0.39,2.23,0.82,1.39,0.9,0.76,1,0.18,neutral,alcista,0,-0.203,32,3258,2,
s14069,JUPUSDT,1782837900000,train,1,4.52,0.455,5.19,4.32,0.47,4.34,1.15,1.0,0.83,0.6,1,0.18,neutral,alcista,0,0.222,32,3258,2,
s14070,FETUSDT,1782837900000,train,1,2.79,0.448,3.24,2.72,0.81,2.62,1.1,1.09,0.99,0.76,1,0.18,neutral,alcista,0,-0.234,32,3257,2,
s14071,APEUSDT,1782837900000,testB,1,3.16,0.517,3.89,3.07,0.81,2.99,0.78,0.82,0.74,0.63,1,0.18,neutral,neutral,0,0.356,32,3257,1,
s14072,PUMPUSDT,1782838800000,train,1,3.37,0.431,4.17,3.4,2.1,3.45,1.44,1.52,1.11,1.0,1,-0.07,neutral,neutral,0,-1.0,32,3259,1,
s14073,APEUSDT,1782838800000,testB,1,3.0,0.506,3.05,2.91,0.5,3.07,1.37,0.67,0.73,0.61,0,-0.07,neutral,alcista,0,-0.372,32,3258,2,
s14074,MANAUSDT,1782839700000,testB,1,2.46,0.429,2.88,2.72,1.05,2.65,1.57,1.35,0.97,0.77,1,-0.19,neutral,alcista,0,-0.529,32,3259,4,
s14075,APEUSDT,1782839700000,testB,1,2.14,0.425,3.04,2.77,0.55,2.33,1.35,0.67,0.73,0.61,0,-0.19,neutral,alcista,0,-0.268,32,3259,3,
s14076,PUMPUSDT,1782840600000,train,1,3.43,0.4,4.15,3.8,0.61,3.74,1.89,1.52,1.11,1.0,1,-0.31,neutral,neutral,0,-1.0,30,3261,1,
s14077,MANAUSDT,1782840600000,testB,1,2.78,0.459,3.18,3.03,1.19,3.09,1.95,1.35,0.97,0.77,1,-0.31,neutral,alcista,0,-1.0,30,3260,5,
s14078,PUMPUSDT,1782841500000,train,1,3.65,0.429,4.01,3.73,0.47,4.19,1.73,1.52,1.11,1.0,1,-0.54,neutral,alcista,0,-1.0,29,3262,2,
s14079,MANAUSDT,1782841500000,testB,1,2.61,0.444,3.49,3.33,1.28,3.14,1.98,1.35,0.97,0.77,1,-0.54,neutral,alcista,0,-1.0,29,3261,6,
s14080,STBLUSDT,1782842400000,train,-1,-3.17,0.709,4.18,3.35,0.66,-2.29,0.6,0.62,1.01,0.88,0,-0.88,neutral,neutral,0,0.271,32,3263,0,
s14081,SEIUSDT,1782842400000,train,-1,-2.07,0.457,2.57,2.28,0.64,-1.19,0.57,0.73,0.79,0.64,0,-0.88,neutral,neutral,0,0.394,32,3263,0,
s14082,LDOUSDT,1782842400000,testB,-1,-4.09,0.773,5.77,4.6,1.46,-3.21,2.1,1.99,1.47,0.93,1,-0.88,neutral,bajista,0,-0.191,32,3262,5,
s14083,MANAUSDT,1782842400000,testB,1,2.1,0.394,3.96,3.64,1.8,2.98,2.13,1.2,1.02,0.79,1,-0.88,neutral,alcista,0,-1.0,28,3262,7,
s14084,STBLUSDT,1782843300000,train,-1,-2.8,0.658,3.86,2.96,0.87,-1.95,0.37,0.62,1.01,0.88,0,-0.85,neutral,neutral,0,0.227,32,3264,0,
s14085,LDOUSDT,1782843300000,testB,-1,-4.05,0.759,5.68,4.39,1.54,-3.2,1.84,1.99,1.47,0.93,1,-0.85,neutral,neutral,0,-0.257,32,3263,0,
s14086,MANAUSDT,1782843300000,testB,1,2.27,0.437,4.27,3.64,1.83,3.11,1.9,1.2,1.02,0.79,1,-0.85,neutral,neutral,0,-1.0,27,3263,0,
s14087,PUMPUSDT,1782844200000,train,1,2.69,0.388,4.27,3.86,0.42,3.47,1.6,1.22,1.11,0.96,1,-0.78,neutral,neutral,0,-1.0,26,3265,1,
s14088,STBLUSDT,1782844200000,train,-1,-2.66,0.645,3.28,2.73,1.14,-1.88,0.79,0.62,1.01,0.88,0,-0.78,neutral,neutral,0,-0.174,32,3265,1,
s14089,LDOUSDT,1782844200000,testB,-1,-2.61,0.667,4.35,3.14,1.59,-1.83,1.82,1.99,1.47,0.93,1,-0.78,neutral,neutral,0,-0.573,32,3264,1,
s14090,MANAUSDT,1782844200000,testB,1,2.6,0.533,4.28,3.49,1.45,3.38,1.5,1.2,1.02,0.79,1,-0.78,neutral,neutral,0,-1.0,26,3264,0,
s14091,PUMPUSDT,1782845100000,train,1,4.07,0.626,4.94,4.25,0.62,3.72,1.68,1.22,1.11,0.96,1,0.34,neutral,alcista,0,-1.0,25,3266,2,
s14092,ARBUSDT,1782845100000,train,1,2.59,0.448,3.39,3.01,1.94,2.25,1.32,1.09,0.94,0.85,1,0.34,neutral,alcista,0,0.417,32,3266,2,
s14093,MANAUSDT,1782845100000,testB,1,3.1,0.704,4.28,3.49,1.18,2.76,1.25,1.2,1.02,0.79,1,0.34,neutral,neutral,0,-1.0,25,3265,0,
s14094,PUMPUSDT,1782846000000,train,1,2.91,0.471,4.96,3.86,0.61,2.54,1.05,1.06,1.1,0.95,0,0.36,neutral,neutral,0,-1.0,24,3267,0,
s14095,ARBUSDT,1782846000000,train,1,2.03,0.365,3.4,2.84,1.23,1.67,1.01,1.04,0.94,0.79,1,0.36,neutral,neutral,0,0.429,32,3267,0,
s14096,LDOUSDT,1782846000000,testB,-1,-3.02,0.638,4.71,3.66,1.32,-3.38,2.06,2.08,1.63,1.02,1,0.36,neutral,neutral,0,-0.644,32,3266,1,
s14097,MANAUSDT,1782846000000,testB,1,2.61,0.533,4.3,3.03,0.78,2.25,0.72,1.1,1.07,0.8,1,0.36,neutral,neutral,0,-1.0,24,3266,0,
s14098,PUMPUSDT,1782846900000,train,1,3.06,0.506,4.9,3.66,0.59,2.56,0.88,1.06,1.1,0.95,0,0.5,neutral,neutral,0,-1.0,23,3268,0,
s14099,ARBUSDT,1782846900000,train,1,2.42,0.464,3.4,2.81,0.7,1.92,0.91,1.04,0.94,0.79,1,0.5,neutral,neutral,0,0.407,32,3268,0,
s14100,LDOUSDT,1782846900000,testB,-1,-3.1,0.644,4.71,3.79,1.3,-3.6,1.77,2.08,1.63,1.02,1,0.5,neutral,bajista,0,-0.544,32,3267,2,
s14101,MANAUSDT,1782846900000,testB,1,2.45,0.517,3.98,2.71,0.58,1.95,0.71,1.1,1.07,0.8,1,0.5,neutral,neutral,0,-1.0,23,3267,1,
s14102,PUMPUSDT,1782847800000,train,1,2.98,0.5,4.89,3.85,0.54,2.43,1.11,1.06,1.1,0.95,0,0.55,neutral,neutral,0,-1.0,22,3269,1,
s14103,ARBUSDT,1782847800000,train,1,2.55,0.499,3.25,2.47,0.67,2.0,0.79,1.04,0.94,0.79,1,0.55,neutral,neutral,0,0.691,32,3269,0,
s14104,OPUSDT,1782847800000,train,1,2.0,0.514,2.69,2.59,0.74,1.46,1.22,0.9,1.01,0.81,0,0.55,neutral,neutral,0,-1.0,22,3269,1,
s14105,LDOUSDT,1782847800000,testB,-1,-2.9,0.607,4.71,3.7,1.28,-3.45,1.49,2.08,1.63,1.02,1,0.55,neutral,neutral,0,-0.682,32,3268,0,
s14106,MANAUSDT,1782847800000,testB,1,3.11,0.655,3.97,3.02,0.61,2.56,1.0,1.1,1.07,0.8,1,0.55,neutral,alcista,0,-1.0,22,3268,2,
s14107,PUMPUSDT,1782848700000,train,1,2.04,0.397,4.89,3.79,0.29,1.29,0.85,1.06,1.1,0.95,0,0.75,neutral,neutral,0,-1.0,21,3270,0,
s14108,ARBUSDT,1782848700000,train,1,2.18,0.429,3.16,2.21,0.72,1.43,0.51,1.04,0.94,0.79,1,0.75,neutral,neutral,0,0.863,32,3270,0,
s14109,OPUSDT,1782848700000,train,1,2.0,0.514,2.89,2.69,0.68,1.25,1.14,0.9,1.01,0.81,0,0.75,neutral,alcista,0,-1.0,21,3270,2,
s14110,LDOUSDT,1782848700000,testB,-1,-2.9,0.607,4.46,3.4,1.32,-3.65,1.34,2.08,1.63,1.02,1,0.75,neutral,neutral,0,-0.901,32,3269,0,
s14111,MANAUSDT,1782848700000,testB,1,2.62,0.5,3.99,2.55,1.05,1.87,0.47,1.1,1.07,0.8,1,0.75,neutral,neutral,0,-1.0,21,3269,0,
s14112,STBLUSDT,1782849600000,train,-1,-2.22,0.626,2.87,2.4,1.59,-3.0,1.15,0.53,0.91,0.83,0,0.78,neutral,bajista,0,-1.0,27,3271,2,
s14113,LDOUSDT,1782849600000,testB,-1,-2.05,0.424,4.18,2.68,0.54,-2.83,0.79,1.61,1.64,1.03,0,0.78,neutral,neutral,0,-1.0,31,3270,0,
s14114,STBLUSDT,1782850500000,train,-1,-2.08,0.609,2.36,2.2,2.11,-2.81,1.3,0.53,0.91,0.83,0,0.73,neutral,bajista,0,-1.0,26,3272,3,
s14115,INJUSDT,1782850500000,train,1,2.4,0.519,2.88,2.56,0.84,1.67,1.15,0.5,0.73,0.64,0,0.73,neutral,alcista,0,-1.0,8,3272,2,
s14116,LDOUSDT,1782850500000,testB,-1,-2.09,0.429,4.19,2.94,0.49,-2.82,0.93,1.61,1.64,1.03,0,0.73,neutral,neutral,0,-1.0,30,3271,1,
s14117,MANAUSDT,1782850500000,testB,1,2.28,0.467,3.83,2.39,1.18,1.55,0.42,1.11,1.1,0.83,1,0.73,neutral,neutral,0,-1.0,19,3271,0,
s14118,LDOUSDT,1782851400000,testB,-1,-2.38,0.46,4.21,3.24,0.43,-2.94,1.11,1.61,1.64,1.03,0,0.56,neutral,bajista,0,-1.0,29,3272,2,
s14119,TIAUSDT,1782852300000,train,-1,-2.01,0.658,3.18,2.96,1.33,-2.41,1.31,0.79,1.38,1.22,0,0.39,neutral,bajista,0,-1.0,28,3274,3,
s14120,LDOUSDT,1782852300000,testB,-1,-2.5,0.496,4.2,3.07,0.43,-2.89,0.8,1.61,1.64,1.03,0,0.39,neutral,neutral,0,-1.0,28,3273,0,
s14121,XPLUSDT,1782853200000,train,-1,-2.11,0.371,3.27,2.99,1.07,-2.39,1.36,0.62,1.24,0.94,0,0.29,neutral,bajista,0,-1.0,19,3275,4,
s14122,STBLUSDT,1782853200000,train,-1,-2.09,0.417,2.74,2.5,1.92,-2.38,1.56,0.5,0.71,0.79,0,0.29,neutral,bajista,0,-1.0,23,3275,2,
s14123,WLDUSDT,1782853200000,train,-1,-2.06,0.407,3.07,2.7,0.82,-2.35,0.92,0.5,0.64,0.65,0,0.29,neutral,neutral,0,-1.0,28,3275,1,
s14124,TIAUSDT,1782853200000,train,-1,-2.15,0.672,3.47,3.1,1.24,-2.44,1.18,0.75,1.19,1.21,0,0.29,neutral,bajista,0,-1.0,27,3275,4,
s14125,LDOUSDT,1782853200000,testB,-1,-2.33,0.449,3.94,2.64,0.33,-2.62,0.54,1.45,1.64,1.05,0,0.29,neutral,neutral,0,-1.0,27,3274,0,
s14126,XPLUSDT,1782854100000,train,-1,-2.34,0.396,4.06,3.44,1.41,-2.68,1.7,0.62,1.24,0.94,0,0.33,neutral,bajista,0,-1.0,18,3276,5,
s14127,LDOUSDT,1782854100000,testB,-1,-2.46,0.462,3.82,2.69,0.32,-2.79,0.64,1.45,1.64,1.05,0,0.33,neutral,neutral,0,-1.0,23,3275,1,
s14128,XPLUSDT,1782855000000,train,-1,-2.58,0.447,4.06,3.49,1.32,-2.93,1.72,0.62,1.24,0.94,0,0.35,neutral,bajista,0,-1.0,17,3277,6,
s14129,STBLUSDT,1782855000000,train,-1,-2.06,0.394,2.91,2.66,0.6,-2.41,1.4,0.5,0.71,0.79,0,0.35,neutral,neutral,0,-1.0,21,3277,1,
s14130,APEUSDT,1782855000000,testB,-1,-2.03,0.556,2.63,2.49,0.94,-2.38,1.08,0.37,0.68,0.61,0,0.35,neutral,neutral,0,-1.0,13,3276,1,
s14131,XPLUSDT,1782856800000,train,-1,-3.0,0.517,4.37,3.99,1.48,-3.43,1.88,0.5,1.27,0.95,0,0.43,neutral,neutral,0,-1.0,15,3279,1,
s14132,XPLUSDT,1782857700000,train,-1,-2.13,0.357,4.35,3.45,1.22,-2.32,1.26,0.5,1.27,0.95,0,0.19,neutral,neutral,0,-1.0,14,3280,0,
s14133,XPLUSDT,1782858600000,train,-1,-2.86,0.447,4.43,4.08,1.37,-3.09,1.61,0.5,1.27,0.95,0,0.23,neutral,neutral,0,-1.0,13,3281,1,
s14134,WLDUSDT,1782858600000,train,-1,-2.3,0.408,3.0,2.67,0.87,-2.53,0.85,0.35,0.64,0.66,0,0.23,neutral,bajista,0,-1.0,22,3281,2,
s14135,XPLUSDT,1782859500000,train,-1,-3.95,0.527,6.04,5.32,1.74,-3.81,2.58,0.5,1.27,0.95,0,-0.14,neutral,bajista,0,-1.0,12,3282,2,
s14136,PUMPUSDT,1782859500000,train,-1,-2.26,0.493,2.74,2.53,0.52,-2.12,0.81,0.45,1.01,0.89,0,-0.14,neutral,neutral,0,-1.0,24,3282,1,
s14137,INJUSDT,1782859500000,train,-1,-2.38,0.422,3.72,3.43,1.62,-2.24,1.53,0.6,0.74,0.67,0,-0.14,neutral,neutral,0,-1.0,16,3282,1,
s14138,XPLUSDT,1782860400000,train,-1,-3.06,0.366,5.98,4.36,1.46,-2.97,1.48,0.48,1.02,0.95,0,-0.09,neutral,neutral,0,-1.0,11,3283,0,
s14139,PUMPUSDT,1782860400000,train,-1,-2.07,0.469,2.46,2.46,0.63,-1.98,0.93,0.4,0.97,0.87,0,-0.09,neutral,bajista,0,-1.0,19,3283,2,
s14140,INJUSDT,1782860400000,train,-1,-2.42,0.433,3.61,3.28,1.23,-2.33,1.39,0.55,0.67,0.67,0,-0.09,neutral,neutral,0,-1.0,15,3283,0,
s14141,XPLUSDT,1782861300000,train,-1,-3.67,0.425,6.01,4.84,1.46,-3.56,1.77,0.48,1.02,0.95,0,-0.11,neutral,neutral,0,-1.0,10,3284,1,
s14142,PUMPUSDT,1782861300000,train,-1,-2.28,0.493,2.96,2.82,0.85,-2.17,1.22,0.4,0.97,0.87,0,-0.11,neutral,bajista,0,-1.0,18,3284,3,
s14143,STBLUSDT,1782861300000,train,-1,-2.33,0.444,2.67,2.5,0.22,-2.22,0.82,0.47,0.58,0.78,0,-0.11,neutral,neutral,0,-1.0,13,3284,1,
s14144,INJUSDT,1782861300000,train,-1,-2.49,0.443,3.61,3.32,0.99,-2.38,1.34,0.55,0.67,0.67,0,-0.11,neutral,neutral,0,-1.0,14,3284,1,
s14145,XPLUSDT,1782862200000,train,-1,-3.7,0.433,6.0,4.61,1.32,-3.44,1.4,0.48,1.02,0.95,0,-0.26,neutral,neutral,0,-1.0,9,3285,0,
s14146,PUMPUSDT,1782862200000,train,-1,-2.82,0.594,3.61,3.19,1.19,-2.56,1.48,0.4,0.97,0.87,0,-0.26,neutral,bajista,0,-1.0,17,3285,4,
s14147,STBLUSDT,1782862200000,train,-1,-2.01,0.367,2.46,2.01,0.38,-1.75,0.48,0.47,0.58,0.78,0,-0.26,neutral,neutral,0,-1.0,12,3285,0,
s14148,INJUSDT,1782862200000,train,-1,-2.15,0.407,3.61,3.34,0.59,-1.89,1.28,0.55,0.67,0.67,0,-0.26,neutral,neutral,0,-1.0,13,3285,0,
s14149,XPLUSDT,1782863100000,train,-1,-4.53,0.533,5.96,5.02,0.75,-4.21,1.66,0.48,1.02,0.95,0,-0.32,neutral,neutral,0,-1.0,8,3286,1,
s14150,PUMPUSDT,1782863100000,train,-1,-2.75,0.588,3.26,2.83,1.36,-2.43,1.28,0.4,0.97,0.87,0,-0.32,neutral,neutral,0,-1.0,16,3286,0,
s14151,ENAUSDT,1782863100000,train,1,2.01,0.538,2.76,2.68,0.96,2.33,1.13,0.52,1.03,1.16,0,-0.32,neutral,alcista,0,-0.466,32,3286,5,
s14152,ARUSDT,1782863100000,testB,1,2.41,0.456,3.71,3.66,3.87,2.74,2.11,0.81,0.83,0.78,0,-0.32,neutral,alcista,0,0.233,32,3285,8,
s14153,XPLUSDT,1782864000000,train,-1,-4.61,0.547,5.91,4.92,0.88,-4.23,1.48,0.52,0.81,0.91,0,-0.37,neutral,neutral,0,-1.0,7,3287,0,
s14154,INJUSDT,1782864000000,train,-1,-2.25,0.467,3.59,2.98,0.95,-1.88,0.75,0.59,0.61,0.68,0,-0.37,neutral,neutral,0,-1.0,11,3287,0,
s14155,ARUSDT,1782864000000,testB,1,2.92,0.504,4.43,4.38,3.04,3.29,2.62,1.15,0.97,0.78,1,-0.37,neutral,alcista,0,-0.193,32,3286,8,
s14156,XPLUSDT,1782864900000,train,-1,-4.05,0.512,4.68,4.26,0.99,-3.44,1.9,0.52,0.81,0.91,0,-0.61,neutral,neutral,0,-1.0,5,3288,1,
s14157,INJUSDT,1782864900000,train,-1,-2.9,0.636,3.6,3.21,1.06,-2.29,0.83,0.59,0.61,0.68,0,-0.61,neutral,neutral,0,-1.0,10,3288,1,
s14158,ARUSDT,1782864900000,testB,1,2.46,0.393,4.55,3.95,2.76,3.07,1.88,1.15,0.97,0.78,1,-0.61,neutral,neutral,0,-0.051,32,3287,0,
s14159,XPLUSDT,1782865800000,train,-1,-3.15,0.416,4.17,3.48,1.0,-2.85,1.53,0.52,0.81,0.91,0,-0.3,neutral,neutral,0,-1.0,4,3289,0,
s14160,INJUSDT,1782865800000,train,-1,-2.48,0.547,3.6,3.0,1.11,-2.18,0.55,0.59,0.61,0.68,0,-0.3,neutral,neutral,0,-1.0,9,3289,0,
s14161,ARUSDT,1782865800000,testB,1,2.67,0.441,4.56,3.76,2.5,2.98,1.53,1.15,0.97,0.78,1,-0.3,neutral,neutral,0,0.067,32,3288,0,
s14162,PUMPUSDT,1782866700000,train,-1,-2.23,0.485,2.78,2.7,1.77,-1.96,1.22,0.34,0.79,0.85,0,-0.27,neutral,neutral,0,-1.0,12,3290,1,
s14163,INJUSDT,1782866700000,train,-1,-2.71,0.602,3.6,3.12,1.12,-2.44,0.68,0.59,0.61,0.68,0,-0.27,neutral,neutral,0,-1.0,8,3290,1,
s14164,ARUSDT,1782866700000,testB,1,4.13,0.597,4.96,4.81,2.36,4.4,2.36,1.15,0.97,0.78,1,-0.27,neutral,neutral,0,-0.144,32,3289,1,
s14165,GRTUSDT,1782866700000,testB,1,2.3,0.4,3.26,2.81,1.68,2.57,1.17,1.57,1.38,1.16,1,-0.27,neutral,neutral,0,-0.36,32,3289,1,
s14166,PUMPUSDT,1782867600000,train,-1,-4.2,0.638,6.35,5.33,5,-3.48,3.28,0.61,0.84,0.9,0,-0.71,neutral,bajista,0,-1.0,11,3291,2,
s14167,STBLUSDT,1782867600000,train,-1,-2.01,0.481,3.58,2.75,3.34,-1.3,1.96,0.61,0.57,0.79,0,-0.71,neutral,bajista,0,-1.0,2,3291,4,
s14168,INJUSDT,1782867600000,train,-1,-2.97,0.623,4.67,3.24,1.13,-2.26,0.97,0.67,0.6,0.71,0,-0.71,neutral,bajista,0,-1.0,7,3291,2,
s14169,PUMPUSDT,1782868500000,train,-1,-4.05,0.604,6.33,4.95,5,-3.62,2.66,0.61,0.84,0.9,0,-0.43,neutral,neutral,0,-1.0,10,3292,0,
s14170,INJUSDT,1782868500000,train,-1,-2.83,0.611,4.47,3.06,1.3,-2.4,0.87,0.67,0.6,0.71,0,-0.43,neutral,bajista,0,-1.0,6,3292,3,
s14171,PUMPUSDT,1782869400000,train,-1,-3.55,0.495,6.27,4.04,5,-4.08,1.67,0.61,0.84,0.9,0,0.53,neutral,neutral,0,-1.0,9,3293,0,
s14172,ARUSDT,1782869400000,testB,1,3.74,0.383,5.01,3.71,1.73,3.21,1.19,1.51,1.06,0.86,1,0.53,neutral,alcista,0,0.108,32,3292,2,
s14173,PUMPUSDT,1782870300000,train,-1,-3.27,0.448,6.26,3.81,5,-3.49,1.26,0.61,0.84,0.9,0,0.22,neutral,neutral,0,-1.0,8,3294,0,
s14174,ARUSDT,1782870300000,testB,1,3.74,0.383,4.95,3.7,1.47,3.52,1.21,1.51,1.06,0.86,1,0.22,neutral,alcista,0,-0.014,32,3293,3,
s14175,PUMPUSDT,1782871200000,train,-1,-2.93,0.42,5.47,3.02,1.59,-3.05,1.17,0.65,0.81,0.9,0,0.12,neutral,neutral,0,-1.0,6,3295,1,
s14176,PENDLEUSDT,1782872100000,train,1,2.04,0.358,3.65,3.47,1.34,1.53,1.43,0.89,0.84,1.19,0,0.51,neutral,alcista,0,0.286,32,3296,5,
s14177,GRTUSDT,1782872100000,testB,1,2.93,0.357,3.57,3.29,1.0,2.42,1.35,2.08,1.65,1.33,1,0.51,neutral,neutral,0,-0.678,32,3295,1,
s14178,INJUSDT,1782873000000,train,1,2.37,0.495,4.28,4.15,0.73,1.45,1.8,0.78,0.64,0.74,0,0.92,neutral,alcista,0,-0.124,32,3297,2,
s14179,JUPUSDT,1782873000000,train,1,3.29,0.361,5.86,5.86,1.29,2.37,2.79,0.44,0.43,0.59,0,0.92,neutral,alcista,0,1.291,32,3297,2,
s14180,PENDLEUSDT,1782873000000,train,1,2.96,0.453,4.35,4.29,1.15,2.04,2.08,0.89,0.84,1.19,0,0.92,neutral,alcista,0,0.082,32,3297,6,
s14181,GRTUSDT,1782873000000,testB,1,3.28,0.399,3.56,3.45,0.52,2.36,1.3,2.08,1.65,1.33,1,0.92,neutral,alcista,0,-0.71,32,3296,2,
s14182,INJUSDT,1782873900000,train,1,3.69,0.677,5.87,5.07,1.75,2.86,2.56,0.78,0.64,0.74,0,0.83,neutral,alcista,0,-0.293,32,3298,3,
s14183,PENDLEUSDT,1782873900000,train,1,2.93,0.446,5.26,4.25,1.65,2.1,1.83,0.89,0.84,1.19,0,0.83,neutral,neutral,0,0.105,32,3298,0,
s14184,GRTUSDT,1782873900000,testB,1,3.04,0.381,3.61,3.61,0.37,2.2,1.35,2.08,1.65,1.33,1,0.83,neutral,alcista,0,-0.723,32,3297,3,
s14185,APEUSDT,1782873900000,testB,1,2.84,0.39,2.96,2.76,0.81,2.01,1.3,0.38,0.4,0.58,0,0.83,neutral,alcista,0,-1.0,16,3297,3,
s14186,PENDLEUSDT,1782874800000,train,1,2.94,0.446,5.26,4.17,1.46,2.27,1.56,0.94,0.83,1.21,0,0.66,neutral,neutral,0,0.22,32,3299,0,
s14187,APEUSDT,1782874800000,testB,1,2.7,0.379,2.9,2.69,0.9,2.03,1.22,0.43,0.4,0.57,0,0.66,neutral,alcista,0,-1.0,14,3298,4,
s14188,PENDLEUSDT,1782875700000,train,1,2.83,0.435,5.26,4.16,1.35,2.29,1.4,0.94,0.83,1.21,0,0.54,neutral,neutral,0,0.174,32,3300,0,
s14189,GRTUSDT,1782875700000,testB,1,2.68,0.364,4.05,3.77,0.38,2.14,1.34,2.16,1.57,1.35,1,0.54,neutral,alcista,0,-0.691,32,3299,5,
s14190,PENDLEUSDT,1782876600000,train,1,3.51,0.489,5.35,4.97,1.23,2.94,2.06,0.94,0.83,1.21,0,0.57,neutral,neutral,0,-0.042,32,3301,1,
s14191,XPLUSDT,1782877500000,train,1,4.3,0.367,6.54,5.8,0.63,3.34,1.81,0.73,0.68,0.96,0,0.96,neutral,neutral,0,0.189,32,3302,0,
s14192,INJUSDT,1782877500000,train,1,3.47,0.414,5.89,4.89,0.82,2.51,1.95,0.82,0.67,0.73,0,0.96,neutral,alcista,0,-0.143,32,3302,2,
s14193,SUIUSDT,1782877500000,train,1,2.52,0.433,4.39,4.28,1.02,1.56,1.8,0.9,0.63,0.78,0,0.96,neutral,alcista,0,-0.294,32,3302,2,
s14194,TIAUSDT,1782877500000,train,1,3.26,0.472,5.69,5.67,0.84,2.3,2.79,0.78,0.76,1.22,0,0.96,neutral,alcista,0,0.115,32,3302,2,
s14195,JUPUSDT,1782877500000,train,1,4.06,0.364,7.63,7.31,2.14,3.1,3.01,0.65,0.48,0.64,0,0.96,neutral,neutral,0,0.901,32,3302,1,
s14196,PENDLEUSDT,1782877500000,train,1,2.88,0.442,5.48,5.25,0.62,1.92,2.13,0.94,0.83,1.21,0,0.96,neutral,alcista,0,-0.073,32,3302,2,
s14197,LDOUSDT,1782877500000,testB,1,2.29,0.447,4.36,4.08,1.09,1.33,1.39,0.9,1.18,1.16,0,0.96,neutral,alcista,0,-0.11,32,3301,2,
s14198,XPLUSDT,1782878400000,train,1,4.57,0.382,6.52,6.09,0.59,3.77,1.98,0.69,0.6,0.97,0,0.8,neutral,neutral,0,0.131,32,3303,1,
s14199,INJUSDT,1782878400000,train,1,3.0,0.365,5.89,4.75,0.48,2.2,1.63,0.74,0.67,0.71,0,0.8,neutral,neutral,0,-0.112,32,3303,0,
s14200,TIAUSDT,1782878400000,train,1,3.42,0.502,5.9,5.41,0.8,2.62,2.28,0.93,0.77,1.23,0,0.8,neutral,neutral,0,0.172,32,3303,0,
s14201,JUPUSDT,1782878400000,train,1,4.49,0.394,8.15,7.61,2.41,3.69,2.96,0.8,0.53,0.68,0,0.8,neutral,alcista,0,0.786,32,3303,2,
s14202,LDOUSDT,1782878400000,testB,1,2.25,0.443,4.36,4.12,1.0,1.45,1.32,0.96,1.14,1.17,0,0.8,neutral,alcista,0,-0.208,32,3302,3,
s14203,XPLUSDT,1782879300000,train,1,6.19,0.496,7.04,6.98,0.66,4.67,2.64,0.69,0.6,0.97,0,1.52,neutral,alcista,0,-0.105,32,3304,2,
s14204,ARBUSDT,1782879300000,train,1,2.58,0.426,4.15,4.05,0.91,1.06,1.38,1.04,0.9,0.88,1,1.52,neutral,alcista,0,-0.354,32,3304,4,
s14205,INJUSDT,1782879300000,train,1,3.58,0.428,5.87,5.07,0.5,2.06,1.79,0.74,0.67,0.71,0,1.52,neutral,neutral,0,-0.18,32,3304,1,
s14206,SUIUSDT,1782879300000,train,1,2.48,0.397,4.4,4.21,0.89,0.96,1.43,1.02,0.65,0.78,0,1.52,neutral,neutral,0,-0.319,32,3304,1,
s14207,TIAUSDT,1782879300000,train,1,4.53,0.593,6.52,6.28,1.03,3.01,2.92,0.93,0.77,1.23,0,1.52,neutral,neutral,0,0.0,32,3304,1,
s14208,PENDLEUSDT,1782879300000,train,1,2.83,0.432,5.51,4.76,0.64,1.31,1.28,1.0,0.8,1.21,0,1.52,neutral,neutral,0,-0.016,32,3304,1,
s14209,LDOUSDT,1782879300000,testB,1,2.71,0.52,4.47,4.39,0.98,1.19,1.46,0.96,1.14,1.17,0,1.52,neutral,alcista,0,-0.185,32,3303,4,
s14210,XPLUSDT,1782880200000,train,1,5.79,0.472,7.09,6.89,0.56,4.3,2.35,0.69,0.6,0.97,0,1.5,neutral,neutral,0,-0.153,32,3305,0,
s14211,ARBUSDT,1782880200000,train,1,2.24,0.393,4.19,4.09,0.7,0.75,1.27,1.04,0.9,0.88,1,1.5,neutral,alcista,0,-0.451,32,3305,5,
s14212,INJUSDT,1782880200000,train,1,3.6,0.429,5.86,5.27,0.52,2.1,1.8,0.74,0.67,0.71,0,1.5,neutral,alcista,0,-0.217,32,3305,2,
s14213,TIAUSDT,1782880200000,train,1,4.73,0.607,6.7,6.43,1.06,3.23,2.76,0.93,0.77,1.23,0,1.5,neutral,alcista,0,-0.059,32,3305,2,
s14214,PENDLEUSDT,1782880200000,train,1,2.81,0.427,5.51,4.7,0.57,1.31,0.98,1.0,0.8,1.21,0,1.5,neutral,neutral,0,-0.243,32,3305,0,
s14215,LDOUSDT,1782880200000,testB,1,2.84,0.531,4.83,4.62,0.94,1.34,1.55,0.96,1.14,1.17,0,1.5,neutral,alcista,0,-0.281,32,3304,5,
s14216,XPLUSDT,1782881100000,train,1,6.37,0.496,7.88,7.71,0.61,5.07,2.93,0.69,0.6,0.97,0,1.3,neutral,neutral,0,-0.235,32,3306,1,
s14217,ARBUSDT,1782881100000,train,1,2.23,0.39,4.43,4.0,0.44,0.93,1.05,1.04,0.9,0.88,1,1.3,neutral,neutral,0,-0.442,32,3306,0,
s14218,INJUSDT,1782881100000,train,1,3.42,0.4,5.88,5.01,0.48,2.12,1.34,0.74,0.67,0.71,0,1.3,neutral,neutral,0,-0.246,32,3306,0,
s14219,TIAUSDT,1782881100000,train,1,5.83,0.719,7.3,7.04,1.15,4.52,3.15,0.93,0.77,1.23,0,1.3,neutral,alcista,0,-0.187,32,3306,3,
s14220,PENDLEUSDT,1782881100000,train,1,3.14,0.478,5.5,4.84,0.48,1.84,1.01,1.0,0.8,1.21,0,1.3,neutral,neutral,0,-0.323,32,3306,1,
s14221,LDOUSDT,1782881100000,testB,1,2.83,0.531,4.95,4.66,0.72,1.53,1.43,0.96,1.14,1.17,0,1.3,neutral,neutral,0,-0.278,32,3305,0,
s14222,XPLUSDT,1782882000000,train,1,7.57,0.561,7.25,7.23,0.67,5.65,3.51,0.76,0.62,0.99,0,1.93,neutral,alcista,0,-0.351,32,3307,2,
s14223,PUMPUSDT,1782882000000,train,1,4.89,0.519,7.65,4.94,1.38,2.96,1.06,0.95,0.67,0.9,0,1.93,neutral,neutral,0,-0.465,32,3307,0,
s14224,STBLUSDT,1782882000000,train,1,4.28,0.578,5.21,4.02,0.62,2.35,0.56,0.65,0.55,0.79,0,1.93,neutral,neutral,0,-1.0,22,3307,0,
s14225,0GUSDT,1782882000000,train,1,2.86,0.626,3.37,3.03,0.31,0.93,0.79,0.49,0.34,0.46,0,1.93,neutral,neutral,0,-1.0,28,3307,0,
s14226,WLDUSDT,1782882000000,train,1,3.84,0.582,5.37,3.92,0.68,1.91,0.61,0.76,0.53,0.67,0,1.93,neutral,neutral,0,-1.0,8,3307,0,
s14227,ARBUSDT,1782882000000,train,1,2.98,0.591,3.87,3.2,0.43,1.05,0.75,1.06,0.87,0.88,0,1.93,neutral,neutral,0,-0.442,32,3307,0,
s14228,INJUSDT,1782882000000,train,1,3.28,0.375,5.22,3.88,0.44,1.35,0.81,0.76,0.65,0.7,0,1.93,neutral,neutral,0,-0.082,32,3307,0,
s14229,SUIUSDT,1782882000000,train,1,3.05,0.494,3.62,3.15,0.64,1.13,0.84,1.05,0.66,0.77,0,1.93,neutral,neutral,0,-0.221,32,3307,0,
s14230,TIAUSDT,1782882000000,train,1,5.69,0.684,6.57,5.62,0.99,3.76,2.23,0.99,0.77,1.22,0,1.93,neutral,neutral,0,-0.125,32,3307,0,
s14231,JUPUSDT,1782882000000,train,1,8.26,0.781,8.26,7.9,0.85,6.33,3.17,0.88,0.55,0.7,0,1.93,neutral,alcista,0,0.74,32,3307,6,
s14232,PENDLEUSDT,1782882000000,train,1,2.96,0.432,4.74,2.98,0.51,1.03,0.01,1.06,0.82,1.21,0,1.93,neutral,neutral,0,-0.153,32,3307,0,
s14233,ONDOUSDT,1782882000000,train,1,3.01,0.535,3.72,3.18,0.46,1.08,0.78,0.94,0.69,0.79,0,1.93,neutral,neutral,0,-0.51,32,3306,0,
s14234,FETUSDT,1782882000000,train,1,3.49,0.522,4.46,3.66,0.45,1.56,0.66,1.02,0.76,0.8,0,1.93,neutral,neutral,0,0.469,32,3306,0,
s14235,ARUSDT,1782882000000,testB,1,2.94,0.363,4.38,2.86,0.98,1.01,0.86,1.65,1.22,0.96,1,1.93,neutral,neutral,0,-0.655,32,3306,0,
s14236,STXUSDT,1782882000000,testB,1,2.97,0.54,3.43,3.0,0.27,1.04,0.53,0.83,0.57,0.78,0,1.93,neutral,neutral,0,-0.571,32,3306,0,
s14237,LDOUSDT,1782882000000,testB,1,3.32,0.675,4.14,3.62,0.53,1.39,1.09,0.99,1.11,1.18,0,1.93,neutral,neutral,0,-0.247,32,3306,0,
s14238,MANAUSDT,1782882000000,testB,1,2.12,0.419,3.04,2.4,0.26,0.19,0.09,1.01,0.91,0.92,0,1.93,neutral,neutral,0,-0.467,32,3306,0,
s14239,AXSUSDT,1782882000000,testB,1,2.2,0.636,3.07,2.46,0.57,0.27,0.4,0.68,0.45,0.47,0,1.93,neutral,neutral,0,1.083,32,3306,0,
s14240,XPLUSDT,1782882900000,train,1,6.2,0.515,6.3,5.97,0.85,4.78,3.24,0.76,0.62,0.99,0,1.42,neutral,alcista,0,-0.447,32,3308,3,
s14241,STBLUSDT,1782882900000,train,1,3.18,0.494,4.54,3.28,0.92,1.75,0.43,0.65,0.55,0.79,0,1.42,neutral,neutral,0,-1.0,10,3308,0,
s14242,0GUSDT,1782882900000,train,1,2.05,0.482,2.69,2.1,0.51,0.62,0.46,0.49,0.34,0.46,0,1.42,neutral,neutral,0,-1.0,19,3308,0,
s14243,WLDUSDT,1782882900000,train,1,2.77,0.419,4.81,2.82,0.64,1.35,0.04,0.76,0.53,0.67,0,1.42,neutral,neutral,0,-1.0,6,3308,0,
s14244,ARBUSDT,1782882900000,train,1,2.05,0.438,2.98,2.03,0.49,0.63,0.37,1.06,0.87,0.88,0,1.42,neutral,neutral,0,-0.299,32,3308,0,
s14245,SUIUSDT,1782882900000,train,1,2.45,0.41,3.28,2.61,0.68,1.02,0.57,1.05,0.66,0.77,0,1.42,neutral,neutral,0,-0.022,32,3308,0,
s14246,TIAUSDT,1782882900000,train,1,5.18,0.65,6.03,5.01,1.04,3.76,1.95,0.99,0.77,1.22,0,1.42,neutral,neutral,0,-0.097,32,3308,0,
s14247,JUPUSDT,1782882900000,train,1,6.44,0.573,7.63,6.09,0.96,5.01,1.75,0.88,0.55,0.7,0,1.42,neutral,neutral,0,1.096,32,3308,0,
s14248,PENDLEUSDT,1782882900000,train,1,2.67,0.408,4.29,2.72,0.61,1.25,0.17,1.06,0.82,1.21,0,1.42,neutral,neutral,0,-0.08,32,3308,1,
s14249,ONDOUSDT,1782882900000,train,1,2.05,0.364,3.13,2.11,0.66,0.63,0.22,0.94,0.69,0.79,0,1.42,neutral,neutral,0,-0.273,32,3307,0,
s14250,STXUSDT,1782882900000,testB,1,2.0,0.421,2.7,2.15,0.47,0.58,0.39,0.83,0.57,0.78,0,1.42,neutral,neutral,0,-0.486,32,3307,0,
s14251,LDOUSDT,1782882900000,testB,1,2.76,0.55,3.63,2.77,0.63,1.34,0.67,0.99,1.11,1.18,0,1.42,neutral,neutral,0,-0.015,32,3307,0,
s14252,XPLUSDT,1782883800000,train,1,4.73,0.453,6.26,5.84,1.1,4.23,3.82,0.76,0.62,0.99,0,0.49,neutral,alcista,0,-0.687,32,3309,4,
s14253,PUMPUSDT,1782883800000,train,1,3.46,0.381,6.9,4.04,2.13,2.97,0.85,0.95,0.67,0.9,0,0.49,neutral,neutral,0,-0.345,32,3309,1,
s14254,ENAUSDT,1782883800000,train,1,2.4,0.467,2.82,2.73,0.92,1.91,1.1,0.88,0.68,1.17,0,0.49,neutral,alcista,0,-1.0,5,3309,3,
s14255,SUIUSDT,1782883800000,train,1,2.19,0.384,3.04,2.5,0.66,1.69,0.64,1.05,0.66,0.77,0,0.49,neutral,neutral,0,-0.045,32,3309,1,
s14256,TIAUSDT,1782883800000,train,1,3.9,0.486,5.94,4.25,0.96,3.41,1.21,0.99,0.77,1.22,0,0.49,neutral,neutral,0,0.071,32,3309,0,
s14257,JUPUSDT,1782883800000,train,1,6.18,0.565,6.76,6.13,0.88,5.68,2.45,0.88,0.55,0.7,0,0.49,neutral,neutral,0,0.956,32,3309,1,
s14258,SUIUSDT,1782884700000,train,1,2.28,0.406,2.98,2.43,0.38,1.63,0.68,1.05,0.66,0.77,0,0.65,neutral,neutral,0,0.246,32,3310,0,
s14259,TIAUSDT,1782884700000,train,1,4.28,0.53,5.79,4.29,0.68,3.63,1.34,0.99,0.77,1.22,0,0.65,neutral,neutral,0,0.234,32,3310,1,
s14260,JUPUSDT,1782884700000,train,1,5.68,0.536,6.49,5.78,0.68,5.03,2.32,0.88,0.55,0.7,0,0.65,neutral,neutral,0,1.202,32,3310,0,
s14261,XPLUSDT,1782885600000,train,1,4.08,0.407,6.32,4.92,1.4,3.83,2.17,0.8,0.66,1.01,0,0.25,neutral,neutral,0,-0.406,32,3311,1,
s14262,SUIUSDT,1782885600000,train,1,2.0,0.359,2.67,2.0,0.42,1.75,0.46,1.27,0.75,0.83,0,0.25,neutral,neutral,0,0.752,32,3311,0,
s14263,TIAUSDT,1782885600000,train,1,4.11,0.502,5.66,4.03,0.63,3.86,1.04,1.05,0.81,1.25,0,0.25,neutral,neutral,0,0.486,32,3311,0,
s14264,JUPUSDT,1782885600000,train,1,5.12,0.458,6.31,4.96,0.67,4.87,1.45,1.06,0.64,0.74,0,0.25,neutral,neutral,0,1.409,32,3311,0,
s14265,ARUSDT,1782885600000,testB,1,2.52,0.362,3.83,2.51,0.71,2.27,0.84,1.49,1.32,1.01,1,0.25,neutral,neutral,0,-1.0,24,3310,0,
s14266,XPLUSDT,1782886500000,train,1,4.64,0.438,6.28,5.45,1.4,4.92,2.15,0.8,0.66,1.01,0,-0.28,neutral,alcista,0,-0.539,32,3312,2,
s14267,TIAUSDT,1782886500000,train,1,2.93,0.361,5.06,2.87,0.81,3.21,0.36,1.05,0.81,1.25,0,-0.28,neutral,neutral,0,0.724,32,3312,0,
s14268,JUPUSDT,1782886500000,train,1,4.5,0.429,5.34,4.4,0.78,4.78,1.53,1.06,0.64,0.74,0,-0.28,neutral,neutral,0,1.449,32,3312,1,
s14269,OPUSDT,1782887400000,train,-1,-2.17,0.447,3.06,2.64,1.41,-1.42,1.39,1.01,0.74,0.9,0,-0.74,neutral,bajista,0,-1.0,31,3313,3,
s14270,SEIUSDT,1782887400000,train,-1,-2.13,0.429,2.65,2.44,1.36,-1.39,1.21,0.73,0.58,0.69,0,-0.74,neutral,bajista,0,-1.0,29,3313,4,
s14271,GRTUSDT,1782887400000,testB,-1,-2.06,0.569,3.07,2.73,0.75,-1.32,1.17,1.52,1.55,1.31,0,-0.74,neutral,bajista,0,-0.208,32,3312,4,
s14272,WLDUSDT,1782888300000,train,-1,-2.8,0.421,5.4,4.98,2.43,-2.23,2.37,0.96,0.62,0.68,0,-0.57,neutral,bajista,0,0.186,32,3314,5,
s14273,OPUSDT,1782888300000,train,-1,-2.28,0.458,3.83,3.29,2.28,-1.71,1.87,1.01,0.74,0.9,0,-0.57,neutral,bajista,0,-1.0,30,3314,4,
s14274,GRTUSDT,1782888300000,testB,-1,-2.33,0.656,3.07,2.85,0.84,-1.76,1.16,1.52,1.55,1.31,0,-0.57,neutral,bajista,0,-0.3,32,3313,5,
s14275,WLDUSDT,1782889200000,train,-1,-3.65,0.487,7.76,6.09,4.32,-3.12,3.15,1.02,0.74,0.72,1,-0.54,neutral,bajista,0,-0.154,32,3315,6,
s14276,OPUSDT,1782889200000,train,-1,-2.29,0.458,3.94,3.51,2.49,-1.75,1.93,0.9,0.79,0.91,0,-0.54,neutral,bajista,0,-1.0,29,3315,5,
s14277,SEIUSDT,1782889200000,train,-1,-2.16,0.431,3.18,2.92,1.57,-1.63,1.49,0.59,0.59,0.69,0,-0.54,neutral,bajista,0,-1.0,27,3315,6,
s14278,GRTUSDT,1782889200000,testB,-1,-2.44,0.687,3.3,2.85,0.72,-1.91,1.19,0.9,1.51,1.3,0,-0.54,neutral,bajista,0,-0.36,32,3314,6,
s14279,WLDUSDT,1782890100000,train,-1,-3.98,0.508,7.81,6.8,3.29,-3.66,3.46,1.02,0.74,0.72,1,-0.33,neutral,bajista,0,-0.39,32,3316,7,
s14280,OPUSDT,1782890100000,train,-1,-2.29,0.458,3.95,3.74,2.19,-1.97,1.96,0.9,0.79,0.91,0,-0.33,neutral,bajista,0,-1.0,28,3316,6,
s14281,PENDLEUSDT,1782890100000,train,-1,-2.05,0.369,3.72,3.51,1.17,-1.73,1.48,0.86,0.78,1.19,0,-0.33,neutral,bajista,0,-1.0,28,3316,7,
s14282,GRTUSDT,1782890100000,testB,-1,-2.61,0.746,3.3,2.91,0.8,-2.28,1.15,0.9,1.51,1.3,0,-0.33,neutral,bajista,0,-0.608,32,3315,7,
s14283,STBLUSDT,1782891000000,train,-1,-2.79,0.464,3.84,3.44,2.51,-2.36,1.78,0.75,0.67,0.85,0,-0.43,neutral,neutral,0,-0.671,32,3317,1,
s14284,WLDUSDT,1782891000000,train,-1,-4.71,0.647,7.82,6.93,3.09,-4.28,3.24,1.02,0.74,0.72,1,-0.43,neutral,bajista,0,-0.357,32,3317,8,
s14285,OPUSDT,1782891000000,train,-1,-2.91,0.609,4.17,3.96,1.95,-2.48,1.9,0.9,0.79,0.91,0,-0.43,neutral,bajista,0,-1.0,27,3317,7,
s14286,SEIUSDT,1782891000000,train,-1,-2.01,0.421,3.17,2.5,1.09,-1.58,0.85,0.59,0.59,0.69,0,-0.43,neutral,neutral,0,-1.0,25,3317,0,
s14287,PENDLEUSDT,1782891000000,train,-1,-2.89,0.619,3.77,3.51,0.72,-2.46,1.33,0.86,0.78,1.19,0,-0.43,neutral,neutral,0,-1.0,27,3317,0,
s14288,GRTUSDT,1782891000000,testB,-1,-2.07,0.698,3.02,2.68,0.76,-1.64,1.11,0.9,1.51,1.3,0,-0.43,neutral,bajista,0,-0.574,32,3316,8,
s14289,PUMPUSDT,1782891900000,train,-1,-2.62,0.358,5.24,4.53,0.99,-1.9,0.77,0.73,0.67,0.89,0,-0.72,neutral,neutral,0,-1.0,29,3318,0,
s14290,STBLUSDT,1782891900000,train,-1,-4.08,0.591,4.62,4.62,2.64,-3.36,2.61,0.75,0.67,0.85,0,-0.72,neutral,bajista,0,-0.575,32,3318,2,
s14291,WLDUSDT,1782891900000,train,-1,-5.53,0.804,7.84,7.2,2.0,-4.81,3.14,1.02,0.74,0.72,1,-0.72,neutral,bajista,0,-0.319,32,3318,8,
s14292,OPUSDT,1782891900000,train,-1,-2.71,0.591,4.17,3.96,1.18,-1.99,1.7,0.9,0.79,0.91,0,-0.72,neutral,neutral,0,-1.0,26,3318,0,
s14293,SEIUSDT,1782891900000,train,-1,-2.55,0.545,3.04,2.62,1.08,-1.83,0.97,0.59,0.59,0.69,0,-0.72,neutral,neutral,0,-1.0,24,3318,1,
s14294,PENDLEUSDT,1782891900000,train,-1,-3.03,0.672,3.63,3.23,0.76,-2.31,1.07,0.86,0.78,1.19,0,-0.72,neutral,neutral,0,-1.0,6,3318,0,
s14295,GRTUSDT,1782891900000,testB,-1,-2.01,0.667,3.01,2.39,0.82,-1.29,0.76,0.9,1.51,1.3,0,-0.72,neutral,neutral,0,-0.405,32,3317,0,
s14296,MANAUSDT,1782891900000,testB,-1,-2.07,0.52,2.6,2.11,0.81,-1.35,0.67,0.58,0.81,0.93,0,-0.72,neutral,neutral,0,-1.0,24,3317,0,
s14297,APEUSDT,1782891900000,testB,-1,-2.61,0.438,3.65,2.82,0.79,-1.9,0.91,0.47,0.43,0.57,0,-0.72,neutral,neutral,0,0.878,32,3317,1,
s14298,STBLUSDT,1782892800000,train,-1,-2.88,0.39,4.91,3.73,3.2,-2.17,1.6,0.75,0.64,0.79,0,-0.71,neutral,neutral,0,-0.326,32,3319,0,
s14299,WLDUSDT,1782892800000,train,-1,-5.69,0.856,7.62,6.7,0.64,-4.98,2.56,1.09,0.81,0.72,1,-0.71,neutral,neutral,0,-0.11,32,3319,0,
s14300,OPUSDT,1782892800000,train,-1,-2.71,0.591,4.39,4.07,1.04,-2.0,1.6,0.94,0.83,0.86,0,-0.71,neutral,neutral,0,-1.0,25,3319,1,
s14301,INJUSDT,1782892800000,train,-1,-2.0,0.37,2.8,2.78,0.75,-1.29,0.97,0.49,0.63,0.68,0,-0.71,neutral,neutral,0,-1.0,24,3319,1,
s14302,PENDLEUSDT,1782892800000,train,-1,-2.32,0.572,3.5,2.97,0.74,-1.61,0.85,0.76,0.81,1.2,0,-0.71,neutral,neutral,0,-1.0,5,3319,0,
s14303,ARUSDT,1782892800000,testB,-1,-2.45,0.463,3.56,3.51,0.57,-1.74,0.95,1.14,1.39,1.02,0,-0.71,neutral,neutral,0,-0.2,32,3318,1,
s14304,APEUSDT,1782892800000,testB,-1,-3.22,0.49,3.74,3.39,0.75,-2.51,1.28,0.51,0.44,0.57,0,-0.71,neutral,bajista,0,0.408,32,3318,2,
s14305,PUMPUSDT,1782893700000,train,-1,-2.71,0.364,5.64,5.43,0.71,-1.6,1.46,0.7,0.67,0.87,0,-1.11,neutral,bajista,0,-1.0,27,3320,2,
s14306,STBLUSDT,1782893700000,train,-1,-3.23,0.427,4.92,4.03,2.72,-2.12,1.75,0.75,0.64,0.79,0,-1.11,neutral,neutral,0,-0.525,32,3320,1,
s14307,WLDUSDT,1782893700000,train,-1,-6.04,0.863,7.64,7.07,0.83,-4.93,2.9,1.09,0.81,0.72,1,-1.11,neutral,neutral,0,-0.21,32,3320,1,
s14308,ENAUSDT,1782893700000,train,-1,-2.36,0.428,4.13,3.03,0.77,-1.25,0.84,0.89,0.81,1.04,0,-1.11,neutral,neutral,0,-0.611,32,3320,1,
s14309,OPUSDT,1782893700000,train,-1,-3.73,0.857,4.73,4.52,1.19,-2.62,1.89,0.94,0.83,0.86,0,-1.11,neutral,bajista,0,-1.0,24,3320,2,
s14310,INJUSDT,1782893700000,train,-1,-2.38,0.467,3.28,2.82,0.91,-1.26,0.99,0.49,0.63,0.68,0,-1.11,neutral,bajista,0,-1.0,23,3320,2,
s14311,SEIUSDT,1782893700000,train,-1,-2.22,0.582,2.92,2.49,0.88,-1.11,0.84,0.6,0.6,0.67,0,-1.11,neutral,neutral,0,-1.0,22,3320,1,
s14312,PENDLEUSDT,1782893700000,train,-1,-2.6,0.621,3.43,3.11,0.8,-1.49,1.07,0.76,0.81,1.2,0,-1.11,neutral,neutral,0,-1.0,4,3320,1,
s14313,ONDOUSDT,1782893700000,train,-1,-2.03,0.593,2.66,2.43,0.74,-0.92,0.87,0.86,0.79,0.84,0,-1.11,neutral,bajista,0,-1.0,23,3319,2,
s14314,ARUSDT,1782893700000,testB,-1,-2.59,0.505,3.16,2.71,0.66,-1.48,0.66,1.14,1.39,1.02,0,-1.11,neutral,neutral,0,-0.185,32,3319,0,
s14315,MANAUSDT,1782893700000,testB,-1,-2.39,0.714,2.45,2.45,0.89,-1.28,0.98,0.59,0.78,0.93,0,-1.11,neutral,bajista,0,-1.0,22,3319,2,
s14316,APEUSDT,1782893700000,testB,-1,-3.3,0.495,3.97,3.9,0.89,-2.19,1.67,0.51,0.44,0.57,0,-1.11,neutral,bajista,0,0.304,32,3319,3,
s14317,STBLUSDT,1782894600000,train,-1,-2.68,0.354,4.91,3.73,1.48,-1.65,1.35,0.75,0.64,0.79,0,-1.04,neutral,neutral,0,-0.5,32,3321,0,
s14318,WLDUSDT,1782894600000,train,-1,-5.53,0.737,7.59,6.44,0.87,-4.5,2.19,1.09,0.81,0.72,1,-1.04,neutral,neutral,0,-0.063,32,3321,0,
s14319,ENAUSDT,1782894600000,train,-1,-2.36,0.428,4.13,3.08,0.82,-1.32,0.84,0.89,0.81,1.04,0,-1.04,neutral,bajista,0,-0.47,32,3321,2,
s14320,OPUSDT,1782894600000,train,-1,-3.62,0.814,4.72,4.29,1.02,-2.58,1.5,0.94,0.83,0.86,0,-1.04,neutral,neutral,0,-1.0,23,3321,0,
s14321,INJUSDT,1782894600000,train,-1,-2.37,0.467,3.27,2.6,1.1,-1.33,0.82,0.49,0.63,0.68,0,-1.04,neutral,neutral,0,-1.0,22,3321,0,
s14322,GRTUSDT,1782894600000,testB,-1,-2.01,0.783,2.62,2.28,1.1,-0.97,0.76,0.83,1.47,1.28,0,-1.04,neutral,neutral,0,-0.4,32,3320,0,
s14323,MANAUSDT,1782894600000,testB,-1,-2.07,0.619,2.61,2.28,1.18,-1.04,0.81,0.59,0.78,0.93,0,-1.04,neutral,neutral,0,-1.0,21,3320,0,
s14324,APEUSDT,1782894600000,testB,-1,-2.98,0.468,4.4,4.12,1.09,-1.94,1.85,0.51,0.44,0.57,0,-1.04,neutral,bajista,0,0.186,32,3320,4,
s14325,STBLUSDT,1782895500000,train,-1,-2.9,0.398,4.77,3.15,0.96,-2.29,0.77,0.75,0.64,0.79,0,-0.61,neutral,neutral,0,-0.346,32,3322,0,
s14326,WLDUSDT,1782895500000,train,-1,-5.0,0.623,7.29,5.57,0.91,-4.4,1.53,1.09,0.81,0.72,1,-0.61,neutral,neutral,0,0.177,32,3322,0,
s14327,OPUSDT,1782895500000,train,-1,-3.3,0.696,4.48,3.52,0.95,-2.69,0.86,0.94,0.83,0.86,0,-0.61,neutral,neutral,0,-1.0,22,3322,0,
s14328,JUPUSDT,1782895500000,train,1,3.23,0.367,5.04,5.04,2.23,3.84,2.75,1.34,0.87,0.79,1,-0.61,neutral,alcista,0,0.552,32,3322,2,
s14329,MANAUSDT,1782895500000,testB,-1,-2.23,0.7,2.61,2.28,1.27,-1.62,0.65,0.59,0.78,0.93,0,-0.61,neutral,neutral,0,-1.0,20,3321,0,
s14330,APEUSDT,1782895500000,testB,-1,-3.76,0.683,4.32,3.9,1.12,-3.15,1.55,0.51,0.44,0.57,0,-0.61,neutral,neutral,0,0.357,32,3321,0,
s14331,WLDUSDT,1782896400000,train,-1,-4.59,0.601,6.61,4.97,0.82,-4.04,1.43,1.1,0.84,0.73,1,-0.55,neutral,neutral,0,0.148,32,3323,1,
s14332,OPUSDT,1782896400000,train,-1,-3.0,0.644,4.37,3.3,0.87,-2.45,0.77,0.93,0.84,0.86,0,-0.55,neutral,neutral,0,-1.0,20,3323,0,
s14333,JUPUSDT,1782896400000,train,1,3.03,0.354,5.76,5.33,1.67,3.59,2.65,1.6,1.11,0.89,1,-0.55,neutral,alcista,0,0.39,32,3323,3,
s14334,ARUSDT,1782896400000,testB,-1,-2.02,0.376,2.51,2.36,0.63,-1.47,1.17,1.11,1.4,1.03,0,-0.55,neutral,neutral,0,0.191,32,3322,1,
s14335,MANAUSDT,1782896400000,testB,-1,-2.08,0.684,2.28,2.12,1.27,-1.52,0.8,0.61,0.78,0.95,0,-0.55,neutral,neutral,0,-1.0,19,3322,1,
s14336,APEUSDT,1782896400000,testB,-1,-3.97,0.694,4.27,4.2,1.2,-3.41,1.72,0.5,0.46,0.58,0,-0.55,neutral,neutral,0,0.217,32,3322,1,
s14337,STBLUSDT,1782897300000,train,-1,-2.64,0.366,4.05,2.8,0.71,-2.17,0.94,0.78,0.67,0.7,0,-0.47,neutral,bajista,0,-1.0,16,3324,2,
s14338,WLDUSDT,1782897300000,train,-1,-3.43,0.439,6.04,3.73,0.5,-2.95,0.69,1.1,0.84,0.73,1,-0.47,neutral,neutral,0,0.446,32,3324,0,
s14339,ENAUSDT,1782897300000,train,-1,-2.33,0.363,4.12,2.92,0.73,-1.86,0.7,0.88,0.84,1.01,0,-0.47,neutral,neutral,0,-0.221,32,3324,1,
s14340,OPUSDT,1782897300000,train,-1,-2.8,0.628,4.05,2.99,0.69,-2.33,0.71,0.93,0.84,0.86,0,-0.47,neutral,neutral,0,-1.0,19,3324,0,
s14341,JUPUSDT,1782897300000,train,1,4.88,0.6,6.54,5.9,2.25,5.35,2.94,1.6,1.11,0.89,1,-0.47,neutral,alcista,0,0.197,32,3324,4,
s14342,FETUSDT,1782897300000,train,1,2.58,0.464,3.92,3.81,2.04,3.06,2.15,0.9,0.9,0.87,0,-0.47,neutral,alcista,0,0.015,32,3323,4,
s14343,APEUSDT,1782897300000,testB,-1,-3.12,0.639,3.5,3.29,1.21,-2.65,1.48,0.5,0.46,0.58,0,-0.47,neutral,neutral,0,0.277,32,3323,0,
s14344,STBLUSDT,1782898200000,train,-1,-3.08,0.402,4.07,3.3,0.72,-2.57,1.38,0.78,0.67,0.7,0,-0.51,neutral,bajista,0,-1.0,15,3325,3,
s14345,WLDUSDT,1782898200000,train,-1,-4.25,0.51,6.08,4.46,0.51,-3.73,1.26,1.1,0.84,0.73,1,-0.51,neutral,neutral,0,0.489,32,3325,1,
s14346,ENAUSDT,1782898200000,train,-1,-2.51,0.405,4.04,2.6,0.66,-2.0,0.4,0.88,0.84,1.01,0,-0.51,neutral,neutral,0,-0.21,32,3325,0,
s14347,OPUSDT,1782898200000,train,-1,-2.49,0.545,3.94,2.66,0.57,-1.98,0.48,0.93,0.84,0.86,0,-0.51,neutral,neutral,0,-1.0,18,3325,0,
s14348,JUPUSDT,1782898200000,train,1,3.89,0.54,6.55,5.86,2.5,4.41,2.61,1.6,1.11,0.89,1,-0.51,neutral,neutral,0,0.176,32,3325,0,
s14349,APEUSDT,1782898200000,testB,-1,-2.79,0.612,3.15,2.94,0.95,-2.28,1.54,0.5,0.46,0.58,0,-0.51,neutral,neutral,0,0.429,32,3324,1,
s14350,STBLUSDT,1782899100000,train,-1,-3.36,0.423,3.96,3.51,0.76,-3.02,1.47,0.78,0.67,0.7,0,-0.34,neutral,bajista,0,-1.0,14,3326,4,
s14351,WLDUSDT,1782899100000,train,-1,-4.21,0.507,5.75,4.42,0.43,-3.87,1.35,1.1,0.84,0.73,1,-0.34,neutral,bajista,0,0.575,32,3326,2,
s14352,OPUSDT,1782899100000,train,-1,-2.28,0.478,3.82,2.34,0.56,-1.94,0.21,0.93,0.84,0.86,0,-0.34,neutral,neutral,0,-1.0,17,3326,0,
s14353,JUPUSDT,1782899100000,train,1,4.21,0.573,6.53,6.06,2.0,4.55,2.48,1.6,1.11,0.89,1,-0.34,neutral,neutral,0,0.17,32,3326,1,
s14354,APEUSDT,1782899100000,testB,-1,-2.86,0.618,3.23,3.16,0.97,-2.52,1.61,0.5,0.46,0.58,0,-0.34,neutral,bajista,0,0.267,32,3325,2,
s14355,XPLUSDT,1782900000000,train,-1,-3.01,0.356,5.41,4.78,0.69,-2.69,1.42,0.71,0.7,1.0,0,-0.32,neutral,bajista,0,0.411,32,3327,4,
s14356,STBLUSDT,1782900000000,train,-1,-3.32,0.42,3.72,3.44,0.75,-3.01,1.46,0.85,0.73,0.69,1,-0.32,neutral,bajista,0,-1.0,13,3327,5,
s14357,WLDUSDT,1782900000000,train,-1,-3.7,0.473,5.09,3.84,0.39,-3.38,1.21,1.09,0.89,0.75,1,-0.32,neutral,bajista,0,0.854,32,3327,3,
s14358,JUPUSDT,1782900000000,train,1,6.04,0.761,7.48,7.1,2.23,6.36,3.43,2.16,1.47,1.05,1,-0.32,neutral,alcista,0,-0.024,32,3327,2,
s14359,ARUSDT,1782900000000,testB,-1,-2.16,0.361,2.51,2.31,0.52,-1.84,0.74,0.91,1.4,1.05,0,-0.32,neutral,bajista,0,0.283,32,3326,2,
s14360,AXSUSDT,1782900000000,testB,1,2.27,0.458,3.43,2.42,1.09,2.59,0.83,0.89,0.75,0.57,1,-0.32,neutral,neutral,0,0.208,32,3326,1,
s14361,APEUSDT,1782900000000,testB,-1,-3.34,0.71,3.73,3.38,0.95,-3.02,1.59,0.5,0.48,0.53,0,-0.32,neutral,bajista,0,0.167,32,3326,3,
s14362,XPLUSDT,1782900900000,train,-1,-3.26,0.401,5.39,4.46,0.77,-3.18,1.16,0.71,0.7,1.0,0,-0.08,neutral,neutral,0,0.7,32,3328,0,
s14363,WLDUSDT,1782900900000,train,-1,-3.63,0.467,4.86,4.2,0.66,-3.55,1.64,1.09,0.89,0.75,1,-0.08,neutral,bajista,0,1.098,32,3328,4,
s14364,JUPUSDT,1782900900000,train,1,5.7,0.751,8.32,7.18,2.2,5.78,3.05,2.16,1.47,1.05,1,-0.08,neutral,alcista,0,-0.101,32,3328,3,
s14365,WLDUSDT,1782901800000,train,-1,-3.26,0.413,4.31,3.4,0.65,-3.13,1.21,1.09,0.89,0.75,1,-0.13,neutral,neutral,0,1.767,32,3329,0,
s14366,JUPUSDT,1782901800000,train,1,5.14,0.626,7.89,5.75,2.14,5.27,1.86,2.16,1.47,1.05,1,-0.13,neutral,neutral,0,0.097,32,3329,0,
s14367,PENDLEUSDT,1782901800000,train,1,2.13,0.361,3.65,2.79,1.19,2.26,0.8,0.99,0.98,1.28,0,-0.13,neutral,alcista,0,0.581,32,3329,2,
s14368,FETUSDT,1782901800000,train,1,3.01,0.473,3.94,3.26,1.85,3.15,1.12,1.14,1.06,0.94,1,-0.13,neutral,neutral,0,0.069,32,3328,1,
s14369,JUPUSDT,1782902700000,train,1,5.1,0.617,7.77,5.46,2.24,5.26,1.6,2.16,1.47,1.05,1,-0.16,neutral,neutral,0,0.055,32,3330,0,
s14370,PENDLEUSDT,1782902700000,train,1,2.24,0.379,3.65,2.84,1.19,2.4,0.82,0.99,0.98,1.28,0,-0.16,neutral,alcista,0,0.361,32,3330,3,
s14371,FETUSDT,1782902700000,train,1,2.77,0.453,3.65,3.15,2.1,2.93,1.18,1.14,1.06,0.94,1,-0.16,neutral,alcista,0,-0.107,32,3329,2,
s14372,AXSUSDT,1782902700000,testB,1,2.06,0.435,3.42,2.52,0.64,2.22,0.82,0.89,0.75,0.57,1,-0.16,neutral,neutral,0,0.2,32,3329,1,
s14373,JUPUSDT,1782903600000,train,1,6.07,0.659,7.08,6.1,1.28,6.02,2.61,2.37,1.63,1.08,1,0.05,neutral,neutral,0,-0.069,32,3331,1,
s14374,PENDLEUSDT,1782903600000,train,1,2.8,0.454,3.63,3.21,1.0,2.75,1.14,0.97,1.0,1.16,0,0.05,neutral,alcista,0,0.272,32,3331,4,
s14375,FETUSDT,1782903600000,train,1,2.94,0.468,4.2,3.42,1.95,2.89,1.38,1.28,1.14,0.95,1,0.05,neutral,alcista,0,-0.148,32,3330,3,
s14376,AXSUSDT,1782903600000,testB,1,2.67,0.52,3.41,3.01,0.62,2.63,1.14,0.96,0.81,0.58,1,0.05,neutral,alcista,0,0.0,32,3330,2,
s14377,JUPUSDT,1782904500000,train,1,4.56,0.481,7.14,5.3,0.75,4.62,1.63,2.37,1.63,1.08,1,-0.06,neutral,neutral,0,-0.185,32,3332,0,
s14378,PENDLEUSDT,1782904500000,train,1,2.84,0.462,3.64,3.01,0.97,2.9,0.93,0.97,1.0,1.16,0,-0.06,neutral,neutral,0,0.273,32,3332,0,
s14379,FETUSDT,1782904500000,train,1,3.41,0.562,4.2,3.53,1.57,3.48,1.43,1.28,1.14,0.95,1,-0.06,neutral,alcista,0,-0.206,32,3331,4,
s14380,AXSUSDT,1782904500000,testB,1,2.88,0.538,3.1,2.9,0.6,2.94,1.24,0.96,0.81,0.58,1,-0.06,neutral,alcista,0,-0.103,32,3331,3,
s14381,JUPUSDT,1782905400000,train,1,4.35,0.447,7.17,4.89,0.6,4.36,1.1,2.37,1.63,1.08,1,-0.01,neutral,neutral,0,-0.158,32,3333,0,
s14382,PENDLEUSDT,1782905400000,train,1,2.76,0.444,3.58,2.88,0.66,2.77,0.78,0.97,1.0,1.16,0,-0.01,neutral,neutral,0,0.376,32,3333,0,
s14383,FETUSDT,1782905400000,train,1,2.83,0.458,3.93,2.92,0.99,2.84,0.93,1.28,1.14,0.95,1,-0.01,neutral,neutral,0,-0.269,32,3332,0,
s14384,AXSUSDT,1782905400000,testB,1,2.56,0.51,2.9,2.7,0.55,2.57,1.2,0.96,0.81,0.58,1,-0.01,neutral,alcista,0,-0.185,32,3332,4,
s14385,JUPUSDT,1782906300000,train,1,4.4,0.452,5.84,4.35,0.63,4.66,1.65,2.37,1.63,1.08,1,-0.26,neutral,neutral,0,-0.431,32,3334,1,
s14386,PENDLEUSDT,1782906300000,train,1,2.73,0.441,3.58,2.99,0.47,2.98,0.83,0.97,1.0,1.16,0,-0.26,neutral,neutral,0,0.305,32,3334,1,
s14387,FETUSDT,1782906300000,train,1,2.24,0.371,3.88,2.64,0.82,2.5,0.62,1.28,1.14,0.95,1,-0.26,neutral,neutral,0,-0.213,32,3333,0,
s14388,JUPUSDT,1782907200000,train,1,3.72,0.389,5.85,4.1,0.73,4.14,1.18,2.64,1.87,1.15,1,-0.42,neutral,neutral,0,-0.5,32,3335,0,
s14389,PENDLEUSDT,1782907200000,train,1,2.3,0.364,3.44,2.56,0.47,2.72,0.52,1.01,1.03,1.09,0,-0.42,neutral,neutral,0,0.475,32,3335,0,
s14390,AXSUSDT,1782907200000,testB,1,2.36,0.535,2.7,2.3,0.72,2.77,0.83,1.02,0.86,0.59,1,-0.42,neutral,neutral,0,0.174,32,3334,0,
s14391,PENDLEUSDT,1782908100000,train,1,2.6,0.418,3.44,2.64,0.55,2.71,0.54,1.01,1.03,1.09,0,-0.11,neutral,neutral,0,0.507,32,3336,1,
s14392,TIAUSDT,1782911700000,train,-1,-2.6,0.495,3.48,2.75,0.9,-2.46,0.64,1.17,1.04,0.89,1,-0.13,neutral,neutral,0,0.277,32,3340,0,
s14393,OPUSDT,1782913500000,train,1,2.12,0.417,2.81,2.7,2.98,1.2,1.73,0.89,0.9,0.85,0,0.92,neutral,alcista,0,-1.0,20,3342,4,
s14394,LDOUSDT,1782913500000,testB,1,2.3,0.444,3.17,2.97,3.48,1.38,1.93,0.83,0.93,1.2,0,0.92,neutral,alcista,0,0.405,32,3341,5,
s14395,SANDUSDT,1782913500000,testB,1,2.02,0.516,2.83,2.83,2.38,1.1,1.64,0.72,0.71,0.64,1,0.92,neutral,alcista,0,0.582,32,3341,4,
s14396,MANAUSDT,1782913500000,testB,1,2.76,0.586,3.48,3.48,4.01,1.84,2.3,1.0,0.79,0.94,0,0.92,neutral,alcista,0,0.273,32,3341,4,
s14397,0GUSDT,1782914400000,train,1,2.25,0.391,3.42,3.23,1.1,0.18,1.59,0.41,0.37,0.35,1,2.07,bull,alcista,0,0.303,32,3343,6,
s14398,OPUSDT,1782914400000,train,1,3.09,0.569,3.41,3.31,3.23,1.02,2.14,0.95,0.95,0.84,1,2.07,bull,alcista,0,-1.0,19,3343,5,
s14399,INJUSDT,1782914400000,train,1,2.12,0.412,2.62,2.52,1.74,0.05,1.06,0.78,0.63,0.63,1,2.07,bull,alcista,0,0.311,32,3343,2,
s14400,LDOUSDT,1782914400000,testB,1,4.28,0.65,5.45,4.54,5,2.21,3.25,1.43,1.21,1.22,0,2.07,bull,alcista,0,-0.096,32,3342,6,
s14401,SANDUSDT,1782914400000,testB,1,3.66,0.68,4.38,4.28,4.13,1.59,2.86,0.97,0.83,0.69,1,2.07,bull,alcista,0,0.005,32,3342,5,
s14402,MANAUSDT,1782914400000,testB,1,4.39,0.73,4.83,4.83,4.99,2.32,3.39,1.24,0.91,0.98,0,2.07,bull,alcista,0,-0.097,32,3342,5,
s14403,OPUSDT,1782915300000,train,1,2.77,0.481,3.95,2.7,3.85,1.0,1.43,0.95,0.95,0.84,1,1.77,neutral,neutral,0,-1.0,18,3344,0,
s14404,INJUSDT,1782915300000,train,1,2.64,0.508,3.04,2.66,1.78,0.87,1.15,0.78,0.63,0.63,1,1.77,neutral,alcista,0,-0.127,32,3344,3,
s14405,ONDOUSDT,1782915300000,train,1,2.45,0.521,4.04,3.12,5,0.68,1.78,1.18,1.02,0.85,1,1.77,neutral,alcista,0,0.98,32,3343,6,
s14406,LDOUSDT,1782915300000,testB,1,3.5,0.48,5.48,3.86,5,1.72,2.26,1.43,1.21,1.22,0,1.77,neutral,neutral,0,-0.041,32,3343,0,
s14407,SANDUSDT,1782915300000,testB,1,2.99,0.509,4.41,3.74,5,1.22,2.08,0.97,0.83,0.69,1,1.77,neutral,neutral,0,0.095,32,3343,0,
s14408,MANAUSDT,1782915300000,testB,1,3.42,0.488,4.88,3.78,5,1.65,2.0,1.24,0.91,0.98,0,1.77,neutral,neutral,0,0.125,32,3343,0,
s14409,INJUSDT,1782916200000,train,1,2.28,0.473,2.5,2.36,1.22,0.59,1.28,0.78,0.63,0.63,1,1.69,neutral,alcista,0,-0.223,32,3345,4,
s14410,ONDOUSDT,1782916200000,train,1,2.26,0.461,4.04,2.91,4.54,0.57,1.38,1.18,1.02,0.85,1,1.69,neutral,neutral,0,1.0,32,3344,0,
s14411,LDOUSDT,1782916200000,testB,1,3.05,0.394,5.51,3.39,5,1.36,1.59,1.43,1.21,1.22,0,1.69,neutral,neutral,0,0.0,32,3344,0,
s14412,PUMPUSDT,1782917100000,train,1,3.25,0.418,6.02,5.6,1.27,1.72,2.45,0.76,0.73,0.78,0,1.52,neutral,alcista,0,-0.366,32,3346,3,
s14413,STBLUSDT,1782917100000,train,1,3.22,0.378,4.82,4.51,0.65,1.7,2.06,1.44,1.09,0.8,1,1.52,neutral,neutral,0,-0.421,32,3346,1,
s14414,INJUSDT,1782917100000,train,1,3.21,0.562,3.21,3.21,1.36,1.69,2.05,0.78,0.63,0.63,1,1.52,neutral,alcista,0,-1.0,32,3346,5,
s14415,SUIUSDT,1782917100000,train,1,2.27,0.476,2.98,2.58,2.19,0.75,1.11,1.23,1.08,0.85,1,1.52,neutral,neutral,0,0.571,32,3346,1,
s14416,ONDOUSDT,1782917100000,train,1,2.62,0.497,4.03,3.3,3.48,1.09,1.68,1.18,1.02,0.85,1,1.52,neutral,neutral,0,0.733,32,3345,1,
s14417,LDOUSDT,1782917100000,testB,1,3.12,0.4,5.49,3.78,3.99,1.6,1.84,1.43,1.21,1.22,0,1.52,neutral,neutral,0,-0.168,32,3345,1,
s14418,PUMPUSDT,1782918000000,train,1,4.37,0.492,7.96,6.82,1.49,2.3,3.4,1.06,0.86,0.82,1,2.07,bull,alcista,0,-0.842,32,3347,4,
s14419,INJUSDT,1782918000000,train,1,2.25,0.412,3.35,2.87,1.32,0.18,1.56,0.84,0.66,0.66,0,2.07,bull,neutral,0,-1.0,31,3347,0,
s14420,SUIUSDT,1782918000000,train,1,2.29,0.479,3.15,2.84,1.46,0.22,1.28,1.34,1.11,0.84,1,2.07,bull,alcista,0,0.202,32,3347,2,
s14421,ONDOUSDT,1782918000000,train,1,2.25,0.461,4.09,3.3,3.09,0.18,1.55,1.36,1.08,0.88,1,2.07,bull,neutral,0,0.552,32,3346,0,
s14422,STXUSDT,1782918000000,testB,1,2.04,0.44,4.48,4.06,0.76,-0.03,1.58,0.97,0.72,0.63,1,2.07,bull,alcista,0,0.239,32,3346,2,
s14423,LDOUSDT,1782918000000,testB,1,3.06,0.397,5.47,4.16,0.82,0.99,2.03,1.56,1.22,1.2,1,2.07,bull,alcista,0,-0.448,32,3346,2,
s14424,PUMPUSDT,1782918900000,train,1,5.35,0.543,8.82,7.75,1.73,2.6,4.0,1.06,0.86,0.82,1,2.75,bull,alcista,0,-0.776,32,3348,5,
s14425,STBLUSDT,1782918900000,train,1,3.68,0.378,5.32,4.81,0.83,0.92,1.97,1.59,1.18,0.84,1,2.75,bull,neutral,0,-0.656,32,3348,1,
s14426,0GUSDT,1782918900000,train,1,2.09,0.396,3.65,3.56,0.86,-0.66,1.43,0.44,0.37,0.35,1,2.75,bull,alcista,0,-0.041,32,3348,4,
s14427,WLDUSDT,1782918900000,train,1,2.83,0.407,4.79,4.51,1.11,0.08,2.26,0.87,0.99,0.74,0,2.75,bull,alcista,0,-1.0,9,3348,3,
s14428,OPUSDT,1782918900000,train,1,2.22,0.356,3.73,2.8,1.15,-0.53,1.36,1.02,0.98,0.85,1,2.75,bull,alcista,0,-1.0,13,3348,3,
s14429,INJUSDT,1782918900000,train,1,2.91,0.482,4.04,3.45,1.48,0.16,1.89,0.84,0.66,0.66,0,2.75,bull,neutral,0,-1.0,30,3348,1,
s14430,SUIUSDT,1782918900000,train,1,3.02,0.548,3.93,3.6,1.46,0.27,1.91,1.34,1.11,0.84,1,2.75,bull,alcista,0,-0.073,32,3348,3,
s14431,SEIUSDT,1782918900000,train,1,2.56,0.502,3.7,3.22,1.19,-0.19,1.48,0.69,0.66,0.63,1,2.75,bull,neutral,0,-0.679,32,3348,1,
s14432,PENDLEUSDT,1782918900000,train,1,2.22,0.37,5.13,4.75,1.44,-0.53,1.84,1.26,1.07,0.93,1,2.75,bull,alcista,0,0.692,32,3348,3,
s14433,ONDOUSDT,1782918900000,train,1,3.06,0.537,4.4,4.06,1.49,0.3,2.12,1.36,1.08,0.88,1,2.75,bull,neutral,0,0.538,32,3347,1,
s14434,STXUSDT,1782918900000,testB,1,3.47,0.622,5.51,5.15,0.8,0.72,2.5,0.97,0.72,0.63,1,2.75,bull,alcista,0,-0.047,32,3347,3,
s14435,LDOUSDT,1782918900000,testB,1,4.3,0.522,5.42,4.95,0.79,1.55,2.6,1.56,1.22,1.2,1,2.75,bull,alcista,0,-0.548,32,3347,3,
s14436,SANDUSDT,1782918900000,testB,1,2.4,0.357,4.41,3.7,1.03,-0.36,1.5,1.04,0.83,0.7,1,2.75,bull,neutral,0,-0.073,32,3347,1,
s14437,MANAUSDT,1782918900000,testB,1,2.91,0.36,4.87,3.93,1.04,0.16,1.61,1.46,1.02,1.02,0,2.75,bull,alcista,0,-0.08,32,3347,2,
s14438,STBLUSDT,1782919800000,train,1,3.78,0.39,5.38,4.47,0.79,1.16,1.48,1.59,1.18,0.84,1,2.62,bull,neutral,0,-0.628,32,3349,0,
s14439,WLDUSDT,1782919800000,train,1,2.6,0.362,4.8,4.23,1.09,-0.02,1.75,0.87,0.99,0.74,0,2.62,bull,neutral,0,-1.0,8,3349,0,
s14440,INJUSDT,1782919800000,train,1,2.48,0.417,4.04,3.29,1.41,-0.14,1.55,0.84,0.66,0.66,0,2.62,bull,neutral,0,-1.0,29,3349,0,
s14441,SUIUSDT,1782919800000,train,1,2.34,0.402,3.95,3.13,1.29,-0.27,1.29,1.34,1.11,0.84,1,2.62,bull,neutral,0,-0.022,32,3349,0,
s14442,SEIUSDT,1782919800000,train,1,2.18,0.398,3.72,2.76,1.31,-0.43,0.88,0.69,0.66,0.63,1,2.62,bull,neutral,0,-0.647,32,3349,0,
s14443,PENDLEUSDT,1782919800000,train,1,2.14,0.352,5.14,4.6,1.14,-0.47,1.51,1.26,1.07,0.93,1,2.62,bull,neutral,0,0.683,32,3349,0,
s14444,ONDOUSDT,1782919800000,train,1,2.9,0.495,4.41,3.91,1.17,0.28,1.77,1.36,1.08,0.88,1,2.62,bull,neutral,0,0.448,32,3348,0,
s14445,STXUSDT,1782919800000,testB,1,3.1,0.521,5.54,4.75,1.11,0.48,1.85,0.97,0.72,0.63,1,2.62,bull,neutral,0,-0.063,32,3348,0,
s14446,LDOUSDT,1782919800000,testB,1,3.76,0.447,5.44,4.61,0.62,1.15,1.97,1.56,1.22,1.2,1,2.62,bull,neutral,0,-0.547,32,3348,0,
s14447,SANDUSDT,1782919800000,testB,1,2.77,0.42,4.41,3.8,0.86,0.15,1.45,1.04,0.83,0.7,1,2.62,bull,alcista,0,-0.176,32,3348,2,
s14448,MANAUSDT,1782919800000,testB,1,3.24,0.385,4.86,4.23,1.06,0.62,1.74,1.46,1.02,1.02,0,2.62,bull,alcista,0,-0.185,32,3348,3,
s14449,INJUSDT,1782920700000,train,1,3.17,0.507,4.02,3.75,1.2,0.56,1.76,0.84,0.66,0.66,0,2.6,bull,neutral,0,-1.0,28,3350,1,
s14450,SUIUSDT,1782920700000,train,1,2.38,0.409,3.96,3.03,1.11,-0.23,1.04,1.34,1.11,0.84,1,2.6,bull,neutral,0,-0.009,32,3350,0,
s14451,PENDLEUSDT,1782920700000,train,1,2.13,0.351,5.14,4.7,1.06,-0.47,1.41,1.26,1.07,0.93,1,2.6,bull,neutral,0,0.738,32,3350,1,
s14452,ONDOUSDT,1782920700000,train,1,3.15,0.521,4.4,4.12,1.02,0.55,1.75,1.36,1.08,0.88,1,2.6,bull,neutral,0,0.303,32,3349,1,
s14453,STXUSDT,1782920700000,testB,1,2.85,0.46,5.55,4.52,0.96,0.25,1.43,0.97,0.72,0.63,1,2.6,bull,neutral,0,-0.08,32,3349,0,
s14454,LDOUSDT,1782920700000,testB,1,3.81,0.454,5.45,4.54,0.6,1.21,1.65,1.56,1.22,1.2,1,2.6,bull,neutral,0,-0.617,32,3349,0,
s14455,SANDUSDT,1782920700000,testB,1,2.51,0.367,4.42,3.54,0.79,-0.09,0.99,1.04,0.83,0.7,1,2.6,bull,neutral,0,-0.148,32,3349,0,
s14456,MANAUSDT,1782920700000,testB,1,3.08,0.358,4.87,3.93,1.11,0.48,1.24,1.46,1.02,1.02,0,2.6,bull,neutral,0,-0.2,32,3349,0,
s14457,PUMPUSDT,1782921600000,train,1,6.61,0.571,9.34,7.87,1.41,3.72,2.87,1.19,0.82,0.76,1,2.89,bull,neutral,0,-1.0,31,3351,0,
s14458,0GUSDT,1782921600000,train,1,2.36,0.475,3.67,3.04,1.04,-0.53,0.59,0.49,0.39,0.35,1,2.89,bull,neutral,0,0.113,32,3351,1,
s14459,INJUSDT,1782921600000,train,1,3.34,0.52,4.89,3.93,1.25,0.45,1.77,0.88,0.69,0.68,1,2.89,bull,alcista,0,-1.0,27,3351,2,
s14460,SUIUSDT,1782921600000,train,1,2.83,0.523,3.96,3.05,0.98,-0.06,0.95,1.28,1.1,0.85,1,2.89,bull,neutral,0,-0.018,32,3351,0,
s14461,PENDLEUSDT,1782921600000,train,1,2.48,0.423,5.13,4.76,0.86,-0.41,1.35,1.27,1.13,0.94,1,2.89,bull,alcista,0,0.686,32,3351,2,
s14462,ONDOUSDT,1782921600000,train,1,3.99,0.719,4.49,4.24,0.72,1.1,1.69,1.47,1.13,0.89,1,2.89,bull,alcista,0,0.324,32,3350,2,
s14463,STXUSDT,1782921600000,testB,1,4.29,0.611,8.05,5.55,5,1.4,2.32,2.06,1.25,0.87,1,2.89,bull,neutral,0,-0.258,32,3350,1,
s14464,LDOUSDT,1782921600000,testB,1,4.36,0.53,5.44,4.69,0.69,1.47,1.68,1.74,1.29,1.21,1,2.89,bull,neutral,0,-0.639,32,3350,1,
s14465,SANDUSDT,1782921600000,testB,1,2.6,0.384,4.43,3.36,0.61,-0.29,0.74,1.01,0.85,0.68,1,2.89,bull,neutral,0,-0.063,32,3350,0,
s14466,MANAUSDT,1782921600000,testB,1,3.08,0.358,4.88,3.78,1.13,0.19,0.96,1.55,1.08,1.03,1,2.89,bull,neutral,0,-0.125,32,3350,0,
s14467,0GUSDT,1782922500000,train,1,2.82,0.583,3.67,3.18,1.06,0.1,0.65,0.49,0.39,0.35,1,2.71,bull,alcista,0,0.138,32,3352,2,
s14468,INJUSDT,1782922500000,train,1,3.38,0.53,4.89,3.93,0.91,0.67,1.56,0.88,0.69,0.68,1,2.71,bull,neutral,0,-1.0,26,3352,0,
s14469,SUIUSDT,1782922500000,train,1,3.07,0.543,3.94,3.53,0.63,0.35,1.29,1.28,1.1,0.85,1,2.71,bull,neutral,0,-0.209,32,3352,1,
s14470,PENDLEUSDT,1782922500000,train,1,2.7,0.444,5.19,5.03,0.74,-0.01,1.5,1.27,1.13,0.94,1,2.71,bull,alcista,0,0.578,32,3352,3,
s14471,ONDOUSDT,1782922500000,train,1,3.98,0.719,4.6,4.39,0.6,1.26,1.67,1.47,1.13,0.89,1,2.71,bull,alcista,0,0.177,32,3351,3,
s14472,STXUSDT,1782922500000,testB,1,4.1,0.6,8.05,5.55,5,1.39,2.1,2.06,1.25,0.87,1,2.71,bull,neutral,0,-0.323,32,3351,0,
s14473,LDOUSDT,1782922500000,testB,1,4.3,0.528,5.42,4.95,0.63,1.59,1.75,1.74,1.29,1.21,1,2.71,bull,alcista,0,-0.73,32,3351,2,
s14474,SANDUSDT,1782922500000,testB,1,2.56,0.38,4.42,3.46,0.46,-0.16,0.8,1.01,0.85,0.68,1,2.71,bull,neutral,0,-0.212,32,3351,1,
s14475,MANAUSDT,1782922500000,testB,1,3.07,0.358,4.87,4.08,0.67,0.36,1.15,1.55,1.08,1.03,1,2.71,bull,neutral,0,-0.269,32,3351,1,
s14476,PUMPUSDT,1782923400000,train,1,7.91,0.655,9.33,7.93,0.66,5.02,2.41,1.19,0.82,0.76,1,2.89,bull,neutral,0,-1.0,29,3353,0,
s14477,0GUSDT,1782923400000,train,1,2.72,0.551,3.58,2.94,0.91,-0.17,0.45,0.49,0.39,0.35,1,2.89,bull,neutral,0,-0.183,32,3353,0,
s14478,INJUSDT,1782923400000,train,1,3.7,0.556,4.87,4.21,0.91,0.81,1.7,0.88,0.69,0.68,1,2.89,bull,neutral,0,-1.0,25,3353,1,
s14479,SUIUSDT,1782923400000,train,1,2.64,0.434,3.95,3.11,0.48,-0.25,0.79,1.28,1.1,0.85,1,2.89,bull,neutral,0,-0.224,32,3353,0,
s14480,PENDLEUSDT,1782923400000,train,1,3.48,0.644,5.52,4.67,0.75,0.59,0.99,1.27,1.13,0.94,1,2.89,bull,neutral,0,0.661,32,3353,0,
s14481,ONDOUSDT,1782923400000,train,1,3.57,0.598,4.64,3.7,0.59,0.68,0.86,1.47,1.13,0.89,1,2.89,bull,neutral,0,0.288,32,3352,0,
s14482,STXUSDT,1782923400000,testB,1,4.68,0.714,8.05,5.66,4.81,1.79,2.01,2.06,1.25,0.87,1,2.89,bull,neutral,0,-0.389,32,3352,1,
s14483,LDOUSDT,1782923400000,testB,1,4.19,0.505,5.44,4.61,0.57,1.3,1.27,1.74,1.29,1.21,1,2.89,bull,neutral,0,-0.718,32,3352,0,
s14484,PUMPUSDT,1782924300000,train,1,6.38,0.503,9.43,7.0,0.61,3.97,1.31,1.19,0.82,0.76,1,2.41,bull,neutral,0,-1.0,28,3354,0,
s14485,0GUSDT,1782924300000,train,1,2.56,0.526,3.19,2.5,1.02,0.16,0.49,0.49,0.39,0.35,1,2.41,bull,neutral,0,-0.078,32,3354,0,
s14486,INJUSDT,1782924300000,train,1,3.07,0.419,4.92,3.27,0.82,0.67,0.65,0.88,0.69,0.68,1,2.41,bull,neutral,0,-1.0,24,3354,0,
s14487,PENDLEUSDT,1782924300000,train,1,3.77,0.734,5.52,4.67,0.86,1.37,0.94,1.27,1.13,0.94,1,2.41,bull,neutral,0,0.857,32,3354,0,
s14488,ONDOUSDT,1782924300000,train,1,3.28,0.523,4.53,3.24,0.64,0.87,0.55,1.47,1.13,0.89,1,2.41,bull,neutral,0,0.67,32,3353,0,
s14489,STXUSDT,1782924300000,testB,1,4.37,0.636,8.07,5.32,4.98,1.96,1.52,2.06,1.25,0.87,1,2.41,bull,neutral,0,-0.315,32,3353,0,
s14490,LDOUSDT,1782924300000,testB,1,3.49,0.392,5.48,4.01,0.69,1.09,0.62,1.74,1.29,1.21,1,2.41,bull,neutral,0,-0.604,32,3353,0,
s14491,PUMPUSDT,1782925200000,train,1,5.34,0.429,9.47,6.63,0.82,3.23,0.84,1.32,0.86,0.77,1,2.11,bull,neutral,0,-1.0,27,3355,0,
s14492,PENDLEUSDT,1782925200000,train,1,3.61,0.692,5.52,4.56,0.8,1.5,0.73,1.34,1.15,0.96,1,2.11,bull,neutral,0,1.08,32,3355,0,
s14493,ONDOUSDT,1782925200000,train,1,2.71,0.472,4.53,3.21,0.67,0.6,0.45,1.58,1.17,0.91,1,2.11,bull,neutral,0,1.343,32,3354,0,
s14494,STXUSDT,1782925200000,testB,1,4.37,0.636,8.07,5.38,0.35,2.26,1.41,2.15,1.28,0.9,1,2.11,bull,neutral,0,-0.267,32,3354,0,
s14495,PUMPUSDT,1782926100000,train,1,5.19,0.422,9.47,6.63,0.68,2.92,0.88,1.32,0.86,0.77,1,2.27,bull,neutral,0,-1.0,26,3356,0,
s14496,PENDLEUSDT,1782926100000,train,1,3.71,0.698,5.49,5.05,0.88,1.44,1.28,1.34,1.15,0.96,1,2.27,bull,neutral,0,1.027,32,3356,1,
s14497,ONDOUSDT,1782926100000,train,1,2.38,0.44,4.52,3.45,0.59,0.11,0.68,1.58,1.17,0.91,1,2.27,bull,neutral,0,1.045,32,3355,1,
s14498,STXUSDT,1782926100000,testB,1,4.16,0.626,8.04,5.72,0.3,1.88,1.66,2.15,1.28,0.9,1,2.27,bull,neutral,0,-0.333,32,3355,1,
s14499,PUMPUSDT,1782927000000,train,1,4.52,0.39,7.3,4.46,0.64,2.59,0.74,1.32,0.86,0.77,1,1.93,neutral,neutral,0,-1.0,22,3357,0,
s14500,PENDLEUSDT,1782927000000,train,1,2.39,0.423,3.81,2.56,0.67,0.46,0.46,1.34,1.15,0.96,1,1.93,neutral,neutral,1,2.0,22,3357,0,
s14501,ONDOUSDT,1782927000000,train,1,2.34,0.437,3.48,2.51,0.6,0.41,0.71,1.58,1.17,0.91,1,1.93,neutral,alcista,0,1.975,32,3356,2,
s14502,STXUSDT,1782927000000,testB,1,4.16,0.626,6.56,4.17,0.25,2.23,1.45,2.15,1.28,0.9,1,1.93,neutral,neutral,0,-0.357,32,3356,0,
s14503,PENDLEUSDT,1782927900000,train,1,2.4,0.426,3.69,2.73,0.67,1.22,0.68,1.34,1.15,0.96,1,1.18,neutral,neutral,1,2.0,30,3358,1,
s14504,STXUSDT,1782927900000,testB,1,3.26,0.558,5.9,3.46,0.28,2.08,1.25,2.15,1.28,0.9,1,1.18,neutral,neutral,0,-0.5,32,3357,0,
s14505,XPLUSDT,1782928800000,train,-1,-2.97,0.409,4.41,3.79,0.65,-3.14,1.35,0.59,0.57,0.61,0,0.17,neutral,neutral,0,-1.0,13,3359,0,
s14506,WLDUSDT,1782928800000,train,-1,-4.21,0.445,6.6,6.39,1.9,-4.38,2.95,1.46,1.2,0.88,1,0.17,neutral,bajista,0,0.469,32,3359,4,
s14507,OPUSDT,1782928800000,train,-1,-2.48,0.387,3.39,3.28,0.69,-2.65,0.94,1.07,0.92,0.83,1,0.17,neutral,neutral,0,-0.613,32,3359,1,
s14508,STXUSDT,1782928800000,testB,1,2.13,0.443,5.07,2.57,0.27,1.96,1.0,2.19,1.29,0.91,1,0.17,neutral,neutral,0,-0.651,32,3358,0,
s14509,XPLUSDT,1782929700000,train,-1,-3.45,0.444,5.14,4.72,0.82,-4.06,1.97,0.59,0.57,0.61,0,0.61,neutral,neutral,0,-1.0,12,3360,1,
s14510,OPUSDT,1782929700000,train,-1,-2.28,0.367,3.4,3.29,0.8,-2.89,1.18,1.07,0.92,0.83,1,0.61,neutral,bajista,0,-1.0,16,3360,2,
s14511,ARUSDT,1782929700000,testB,-1,-2.28,0.397,2.9,2.69,0.74,-2.89,1.2,0.84,0.82,1.09,0,0.61,neutral,bajista,0,-0.094,32,3359,3,
s14512,APEUSDT,1782929700000,testB,-1,-2.02,0.408,2.49,2.49,0.53,-2.63,0.85,0.71,0.59,0.5,1,0.61,neutral,neutral,0,-0.286,32,3359,1,
s14513,XPLUSDT,1782930600000,train,-1,-2.96,0.405,5.16,4.97,0.92,-4.0,2.04,0.59,0.57,0.61,0,1.04,neutral,bajista,0,-1.0,11,3361,2,
s14514,XPLUSDT,1782931500000,train,-1,-3.77,0.566,5.69,5.09,0.86,-4.8,2.06,0.59,0.57,0.61,0,1.04,neutral,bajista,0,-1.0,10,3362,3,
s14515,XPLUSDT,1782932400000,train,-1,-3.66,0.559,5.69,5.21,0.88,-4.27,1.91,0.53,0.56,0.61,0,0.6,neutral,bajista,0,-1.0,9,3363,4,
s14516,TIAUSDT,1782932400000,train,-1,-2.32,0.384,3.73,3.5,1.41,-2.92,1.49,0.71,0.94,0.84,0,0.6,neutral,bajista,0,0.118,32,3363,5,
s14517,ARUSDT,1782932400000,testB,-1,-2.45,0.426,5.39,3.69,3.46,-3.06,1.87,0.93,0.93,1.15,0,0.6,neutral,bajista,0,-0.542,32,3362,2,
s14518,XPLUSDT,1782933300000,train,-1,-3.8,0.599,5.27,4.26,0.87,-3.54,1.17,0.53,0.56,0.61,0,-0.26,neutral,neutral,0,-1.0,7,3364,0,
s14519,STBLUSDT,1782933300000,train,-1,-2.48,0.391,3.47,3.11,0.24,-2.22,0.81,1.12,1.26,0.94,0,-0.26,neutral,neutral,0,-0.364,32,3364,1,
s14520,ENAUSDT,1782933300000,train,-1,-2.15,0.483,2.67,2.21,2.27,-1.89,0.72,0.99,0.87,0.81,1,-0.26,neutral,neutral,0,-1.0,9,3364,1,
s14521,OPUSDT,1782933300000,train,-1,-2.59,0.455,3.51,2.87,1.38,-2.33,0.8,0.9,0.9,0.84,1,-0.26,neutral,neutral,0,-1.0,10,3364,1,
s14522,TIAUSDT,1782933300000,train,-1,-3.19,0.58,3.43,3.4,1.58,-2.92,1.45,0.71,0.94,0.84,0,-0.26,neutral,bajista,0,-0.0,32,3364,6,
s14523,FETUSDT,1782933300000,train,-1,-2.37,0.623,2.82,2.54,0.59,-2.1,0.67,1.08,1.32,1.02,0,-0.26,neutral,neutral,0,-0.6,32,3363,1,
s14524,ARUSDT,1782933300000,testB,-1,-3.23,0.607,4.99,3.5,3.47,-2.97,1.8,0.93,0.93,1.15,0,-0.26,neutral,bajista,0,-0.75,32,3363,3,
s14525,LDOUSDT,1782933300000,testB,-1,-2.16,0.401,2.77,2.41,0.72,-1.9,0.7,1.64,1.24,1.06,1,-0.26,neutral,neutral,0,-0.067,32,3363,1,
s14526,APEUSDT,1782933300000,testB,-1,-2.37,0.486,2.57,2.5,1.57,-2.11,1.0,0.7,0.62,0.52,1,-0.26,neutral,bajista,0,-1.0,30,3363,2,
s14527,XPLUSDT,1782934200000,train,-1,-3.4,0.545,4.93,3.78,0.93,-3.39,1.02,0.53,0.56,0.61,0,-0.01,neutral,neutral,0,-1.0,6,3365,0,
s14528,PUMPUSDT,1782934200000,train,-1,-4.55,0.57,5.39,4.9,0.56,-4.54,1.51,1.05,0.85,0.76,1,-0.01,neutral,bajista,0,0.085,32,3365,2,
s14529,STBLUSDT,1782934200000,train,-1,-2.85,0.424,3.91,3.66,0.33,-2.84,1.51,1.12,1.26,0.94,0,-0.01,neutral,bajista,0,-0.544,32,3365,2,
s14530,TIAUSDT,1782934200000,train,-1,-3.62,0.611,3.84,3.78,1.95,-3.61,1.85,0.71,0.94,0.84,0,-0.01,neutral,bajista,0,-0.191,32,3365,7,
s14531,FETUSDT,1782934200000,train,-1,-2.21,0.606,2.43,2.32,0.74,-2.2,1.01,1.08,1.32,1.02,0,-0.01,neutral,bajista,0,-1.0,11,3364,2,
s14532,ARUSDT,1782934200000,testB,-1,-2.7,0.551,4.78,3.24,3.75,-2.69,1.53,0.93,0.93,1.15,0,-0.01,neutral,neutral,0,-0.778,32,3364,0,
s14533,APEUSDT,1782934200000,testB,-1,-2.31,0.478,2.79,2.5,1.7,-2.29,1.15,0.7,0.62,0.52,1,-0.01,neutral,bajista,0,-1.0,29,3364,3,
s14534,XPLUSDT,1782935100000,train,-1,-2.41,0.388,4.9,3.27,0.93,-2.21,0.46,0.53,0.56,0.61,0,-0.2,neutral,neutral,0,-1.0,5,3366,0,
s14535,PUMPUSDT,1782935100000,train,-1,-4.7,0.577,5.62,5.34,0.58,-4.5,1.97,1.05,0.85,0.76,1,-0.2,neutral,bajista,0,-0.377,32,3366,3,
s14536,STBLUSDT,1782935100000,train,-1,-2.19,0.359,3.99,3.79,0.38,-1.99,1.38,1.12,1.26,0.94,0,-0.2,neutral,bajista,0,-0.624,32,3366,3,
s14537,INJUSDT,1782935100000,train,-1,-2.41,0.542,3.83,3.63,0.51,-2.21,0.87,0.76,0.72,0.67,1,-0.2,neutral,bajista,0,0.673,32,3366,3,
s14538,TIAUSDT,1782935100000,train,-1,-3.71,0.616,4.27,3.96,1.83,-3.51,1.91,0.71,0.94,0.84,0,-0.2,neutral,bajista,0,-0.458,32,3366,8,
s14539,ARUSDT,1782935100000,testB,-1,-3.0,0.577,4.8,3.61,3.76,-2.8,1.74,0.93,0.93,1.15,0,-0.2,neutral,neutral,0,-0.943,32,3365,1,
s14540,APEUSDT,1782935100000,testB,-1,-2.33,0.478,3.9,3.54,0.92,-2.13,1.91,0.7,0.62,0.52,1,-0.2,neutral,bajista,0,-1.0,28,3365,4,
s14541,PUMPUSDT,1782936000000,train,-1,-3.8,0.514,5.76,5.27,0.58,-3.57,1.86,0.91,0.84,0.76,1,-0.24,neutral,neutral,0,-0.408,32,3367,0,
s14542,INJUSDT,1782936000000,train,-1,-2.24,0.486,3.77,2.8,0.61,-2.0,0.54,0.66,0.71,0.67,0,-0.24,neutral,neutral,1,2.0,15,3367,0,
s14543,TIAUSDT,1782936000000,train,-1,-2.97,0.545,3.85,3.23,1.1,-2.74,1.75,0.66,0.86,0.83,0,-0.24,neutral,neutral,0,-0.474,32,3367,0,
s14544,JUPUSDT,1782936000000,train,-1,-2.92,0.496,4.45,4.36,1.01,-2.68,1.82,1.68,2.46,1.65,0,-0.24,neutral,bajista,0,-1.0,6,3367,4,
s14545,FETUSDT,1782936000000,train,-1,-2.05,0.607,2.83,2.38,0.76,-1.82,1.04,0.89,1.29,1.03,0,-0.24,neutral,neutral,0,-1.0,9,3366,1,
s14546,ARUSDT,1782936000000,testB,-1,-3.19,0.64,4.79,3.45,0.39,-2.95,1.52,0.88,0.9,1.16,0,-0.24,neutral,neutral,0,-0.866,32,3366,0,
s14547,LDOUSDT,1782936000000,testB,-1,-2.13,0.422,2.94,2.66,0.58,-1.89,0.92,1.01,1.22,1.04,0,-0.24,neutral,bajista,0,-0.364,32,3366,4,
s14548,APEUSDT,1782936000000,testB,-1,-2.95,0.656,4.05,3.69,0.94,-2.71,1.94,0.66,0.61,0.52,1,-0.24,neutral,bajista,0,-1.0,27,3366,5,
s14549,XPLUSDT,1782936900000,train,-1,-2.42,0.417,4.21,2.47,0.96,-2.14,0.35,0.54,0.55,0.63,0,-0.28,neutral,neutral,0,-1.0,3,3368,1,
s14550,PUMPUSDT,1782936900000,train,-1,-4.7,0.689,5.56,5.14,0.64,-4.43,2.06,0.91,0.84,0.76,1,-0.28,neutral,neutral,0,-0.527,32,3368,1,
s14551,WLDUSDT,1782936900000,train,-1,-7.32,0.662,9.86,7.9,0.56,-7.04,2.63,1.42,1.1,0.94,1,-0.28,neutral,neutral,0,-0.548,32,3368,0,
s14552,TIAUSDT,1782936900000,train,-1,-2.98,0.545,3.71,3.15,1.07,-2.7,1.61,0.66,0.86,0.83,0,-0.28,neutral,neutral,0,-0.602,32,3368,1,
s14553,JUPUSDT,1782936900000,train,-1,-3.29,0.6,4.8,4.36,1.11,-3.01,1.59,1.68,2.46,1.65,0,-0.28,neutral,neutral,0,-1.0,5,3368,0,
s14554,FETUSDT,1782936900000,train,-1,-2.27,0.695,2.72,2.27,0.85,-1.99,0.91,0.89,1.29,1.03,0,-0.28,neutral,bajista,0,-1.0,7,3367,2,
s14555,ARUSDT,1782936900000,testB,-1,-3.34,0.65,4.64,3.46,0.36,-3.06,1.45,0.88,0.9,1.16,0,-0.28,neutral,neutral,0,-1.0,30,3367,1,
s14556,LDOUSDT,1782936900000,testB,-1,-2.48,0.512,2.82,2.58,0.62,-2.2,0.86,1.01,1.22,1.04,0,-0.28,neutral,bajista,0,-0.344,32,3367,5,
s14557,APEUSDT,1782936900000,testB,-1,-2.96,0.656,4.43,4.07,1.14,-2.68,2.03,0.66,0.61,0.52,1,-0.28,neutral,bajista,0,-1.0,26,3367,6,
s14558,PUMPUSDT,1782937800000,train,-1,-3.6,0.54,4.7,3.73,0.51,-3.52,1.38,0.91,0.84,0.76,1,-0.08,neutral,neutral,0,-0.667,32,3369,0,
s14559,STBLUSDT,1782937800000,train,-1,-2.07,0.388,2.85,2.44,0.32,-1.99,0.85,0.97,1.21,0.9,0,-0.08,neutral,bajista,0,-0.667,32,3369,2,
s14560,WLDUSDT,1782937800000,train,-1,-6.34,0.568,9.45,6.93,0.59,-6.26,1.82,1.42,1.1,0.94,1,-0.08,neutral,neutral,0,-0.359,32,3369,0,
s14561,TIAUSDT,1782937800000,train,-1,-2.37,0.465,3.7,3.04,0.86,-2.28,1.34,0.66,0.86,0.83,0,-0.08,neutral,neutral,0,-0.78,32,3369,0,
s14562,JUPUSDT,1782937800000,train,-1,-2.87,0.523,4.79,4.13,1.08,-2.79,1.23,1.68,2.46,1.65,0,-0.08,neutral,neutral,0,-1.0,4,3369,0,
s14563,ARUSDT,1782937800000,testB,-1,-2.85,0.564,4.37,2.99,0.35,-2.77,1.12,0.88,0.9,1.16,0,-0.08,neutral,neutral,0,-1.0,27,3368,0,
s14564,LDOUSDT,1782937800000,testB,-1,-2.01,0.436,2.37,2.01,0.56,-1.93,0.66,1.01,1.22,1.04,0,-0.08,neutral,neutral,0,-1.0,7,3368,0,
s14565,APEUSDT,1782937800000,testB,-1,-2.88,0.631,4.13,3.48,1.03,-2.8,1.45,0.66,0.61,0.52,1,-0.08,neutral,neutral,0,-1.0,24,3368,0,
s14566,PUMPUSDT,1782938700000,train,-1,-2.69,0.465,4.08,3.18,0.52,-3.02,1.2,0.91,0.84,0.76,1,0.33,neutral,neutral,0,-1.0,32,3370,1,
s14567,APEUSDT,1782938700000,testB,-1,-2.54,0.6,4.13,3.63,0.74,-2.87,1.51,0.66,0.61,0.52,1,0.33,neutral,neutral,0,-1.0,23,3369,1,
s14568,XPLUSDT,1782939600000,train,1,2.67,0.38,5.19,4.95,1.51,1.75,2.49,0.57,0.57,0.63,0,0.92,neutral,alcista,0,0.73,32,3371,3,
s14569,APEUSDT,1782939600000,testB,-1,-2.05,0.433,4.11,3.03,0.62,-2.97,0.8,0.64,0.62,0.53,1,0.92,neutral,neutral,0,-1.0,22,3370,0,
s14570,XPLUSDT,1782940500000,train,1,3.14,0.445,5.7,5.16,1.73,2.51,2.55,0.57,0.57,0.63,0,0.63,neutral,alcista,0,0.461,32,3372,4,
s14571,WLDUSDT,1782940500000,train,-1,-5.71,0.492,8.36,6.05,0.46,-6.34,1.46,1.36,1.1,0.96,1,0.63,neutral,neutral,0,-0.43,32,3372,1,
s14572,XPLUSDT,1782941400000,train,1,4.54,0.568,6.71,6.21,1.62,3.44,3.51,0.57,0.57,0.63,0,1.1,neutral,alcista,0,0.123,32,3373,5,
s14573,OPUSDT,1782941400000,train,1,2.12,0.4,3.32,3.11,1.2,1.02,1.51,0.73,0.88,0.86,0,1.1,neutral,alcista,0,-0.033,32,3373,6,
s14574,ONDOUSDT,1782941400000,train,1,2.19,0.427,3.1,2.91,1.59,1.1,1.86,0.93,1.14,0.97,0,1.1,neutral,alcista,0,0.368,32,3372,5,
s14575,XPLUSDT,1782942300000,train,1,5.54,0.636,6.96,6.96,1.42,4.49,3.89,0.57,0.57,0.63,0,1.05,neutral,alcista,0,-0.057,32,3374,6,
s14576,XPLUSDT,1782943200000,train,1,5.01,0.545,7.37,6.51,1.38,3.76,3.09,0.58,0.58,0.63,0,1.25,neutral,neutral,0,0.002,32,3375,0,
s14577,OPUSDT,1782943200000,train,1,2.01,0.442,3.43,2.91,0.89,0.76,1.07,0.81,0.91,0.9,0,1.25,neutral,neutral,0,-0.036,32,3375,0,
s14578,ONDOUSDT,1782943200000,train,1,2.82,0.517,3.87,3.65,2.01,1.57,2.18,1.02,1.24,1.03,0,1.25,neutral,alcista,0,0.05,32,3374,7,
s14579,AXSUSDT,1782943200000,testB,1,2.01,0.588,2.36,2.36,0.51,0.76,1.04,0.83,0.91,0.78,0,1.25,neutral,neutral,0,-0.667,32,3374,1,
s14580,XPLUSDT,1782944100000,train,1,5.33,0.592,7.42,5.96,1.31,4.66,2.27,0.58,0.58,0.63,0,0.67,neutral,neutral,0,0.125,32,3376,0,
s14581,OPUSDT,1782944100000,train,1,2.44,0.561,3.84,3.01,1.26,1.78,1.09,0.81,0.91,0.9,0,0.67,neutral,neutral,0,0.103,32,3376,1,
s14582,PENDLEUSDT,1782944100000,train,1,3.01,0.599,5.34,3.83,2.84,2.34,2.27,1.26,1.27,1.11,0,0.67,neutral,alcista,0,0.941,32,3376,8,
s14583,ONDOUSDT,1782944100000,train,1,2.9,0.535,4.37,3.18,2.83,2.23,1.51,1.02,1.24,1.03,0,0.67,neutral,neutral,0,0.269,32,3375,0,
s14584,XPLUSDT,1782945000000,train,1,4.95,0.526,7.46,5.39,1.19,4.5,1.52,0.58,0.58,0.63,0,0.45,neutral,neutral,0,0.226,32,3377,0,
s14585,OPUSDT,1782945000000,train,1,2.23,0.488,3.85,2.71,1.32,1.79,0.65,0.81,0.91,0.9,0,0.45,neutral,neutral,0,0.346,32,3377,0,
s14586,PENDLEUSDT,1782945000000,train,1,4.48,0.725,5.44,5.03,3.46,4.03,3.17,1.26,1.27,1.11,0,0.45,neutral,alcista,0,0.487,32,3377,8,
s14587,ONDOUSDT,1782945000000,train,1,2.49,0.432,4.39,2.82,2.44,2.04,0.98,1.02,1.24,1.03,0,0.45,neutral,neutral,0,0.609,32,3376,0,
s14588,AXSUSDT,1782945000000,testB,1,2.0,0.5,3.04,2.55,0.89,1.55,1.07,0.83,0.91,0.78,0,0.45,neutral,neutral,0,-0.692,32,3376,1,
s14589,XPLUSDT,1782945900000,train,1,5.49,0.565,7.08,5.42,1.2,4.99,1.74,0.58,0.58,0.63,0,0.51,neutral,neutral,0,-0.044,32,3378,1,
s14590,PENDLEUSDT,1782945900000,train,1,5.15,0.891,5.49,5.13,4.28,4.65,3.02,1.26,1.27,1.11,0,0.51,neutral,alcista,0,0.366,32,3378,8,
s14591,ONDOUSDT,1782945900000,train,1,2.29,0.403,4.33,2.7,2.39,1.79,0.86,1.02,1.24,1.03,0,0.51,neutral,neutral,0,0.398,32,3377,0,
s14592,PUMPUSDT,1782946800000,train,-1,-4.25,0.413,7.16,6.66,3.28,-4.18,3.83,0.76,1.05,0.87,0,-0.07,neutral,bajista,0,-1.0,23,3379,5,
s14593,INJUSDT,1782946800000,train,-1,-3.05,0.409,5.09,4.98,5,-2.99,2.98,1.06,0.96,0.8,1,-0.07,neutral,bajista,0,0.219,32,3379,2,
s14594,SEIUSDT,1782946800000,train,-1,-3.09,0.505,3.36,3.17,1.18,-3.02,1.38,0.77,0.84,0.74,0,-0.07,neutral,bajista,0,0.107,32,3379,6,
s14595,PENDLEUSDT,1782946800000,train,1,4.69,0.814,6.1,4.93,5,4.75,2.53,1.47,1.4,1.19,1,-0.07,neutral,neutral,0,0.351,32,3379,0,
s14596,INJUSDT,1782947700000,train,-1,-3.86,0.467,6.11,6.03,4.16,-3.95,3.56,1.06,0.96,0.8,1,0.09,neutral,bajista,0,-0.026,32,3380,3,
s14597,SEIUSDT,1782947700000,train,-1,-2.27,0.426,2.94,2.79,0.89,-2.36,1.29,0.77,0.84,0.74,0,0.09,neutral,bajista,0,0.197,32,3380,7,
s14598,PENDLEUSDT,1782947700000,train,1,4.72,0.821,6.12,4.72,2.36,4.63,2.1,1.47,1.4,1.19,1,0.09,neutral,neutral,0,0.403,32,3380,0,
s14599,ONDOUSDT,1782947700000,train,1,2.7,0.398,4.31,3.24,0.93,2.61,1.32,1.0,1.28,1.06,0,0.09,neutral,neutral,0,0.302,32,3379,1,
s14600,XPLUSDT,1782948600000,train,1,3.82,0.355,6.84,4.12,0.62,3.93,0.71,0.57,0.58,0.63,0,-0.11,neutral,alcista,0,0.205,32,3381,2,
s14601,PUMPUSDT,1782948600000,train,-1,-4.14,0.357,7.42,7.35,3.23,-4.03,3.65,0.76,1.05,0.87,0,-0.11,neutral,neutral,0,-1.0,21,3381,1,
s14602,INJUSDT,1782948600000,train,-1,-4.54,0.507,6.92,6.83,4.25,-4.43,3.91,1.06,0.96,0.8,1,-0.11,neutral,bajista,0,-0.355,32,3381,4,
s14603,PENDLEUSDT,1782948600000,train,1,4.23,0.722,6.13,4.44,1.54,4.34,1.71,1.47,1.4,1.19,1,-0.11,neutral,neutral,0,0.536,32,3381,0,
s14604,PUMPUSDT,1782949500000,train,-1,-4.09,0.353,8.03,7.81,2.98,-4.09,3.75,0.76,1.05,0.87,0,-0.0,neutral,bajista,0,-1.0,20,3382,2,
s14605,INJUSDT,1782949500000,train,-1,-4.57,0.508,7.86,6.99,3.25,-4.57,3.69,1.06,0.96,0.8,1,-0.0,neutral,bajista,0,-0.347,32,3382,5,
s14606,SEIUSDT,1782949500000,train,-1,-2.35,0.509,3.06,2.87,0.95,-2.35,1.26,0.77,0.84,0.74,0,-0.0,neutral,bajista,0,0.074,32,3382,8,
s14607,PENDLEUSDT,1782949500000,train,1,4.72,0.757,6.11,4.84,1.32,4.72,1.89,1.47,1.4,1.19,1,-0.0,neutral,neutral,0,0.419,32,3382,1,
s14608,PUMPUSDT,1782950400000,train,-1,-4.09,0.353,8.53,7.74,1.51,-4.0,3.26,0.82,1.06,0.89,0,-0.09,neutral,neutral,0,-1.0,19,3383,0,
s14609,INJUSDT,1782950400000,train,-1,-5.44,0.596,7.91,7.59,1.66,-5.35,3.82,1.24,1.05,0.84,1,-0.09,neutral,bajista,0,-0.339,32,3383,6,
s14610,PENDLEUSDT,1782950400000,train,1,4.55,0.716,6.12,4.7,0.87,4.64,1.61,1.62,1.46,1.24,1,-0.09,neutral,neutral,0,0.766,32,3383,0,
s14611,INJUSDT,1782951300000,train,-1,-5.95,0.681,8.47,7.69,1.65,-5.62,3.54,1.24,1.05,0.84,1,-0.33,neutral,bajista,0,-0.364,32,3384,7,
s14612,PENDLEUSDT,1782951300000,train,1,4.29,0.691,5.68,4.22,0.98,4.62,1.38,1.62,1.46,1.24,1,-0.33,neutral,neutral,0,0.877,32,3384,0,
s14613,PUMPUSDT,1782952200000,train,-1,-4.29,0.36,8.53,7.66,0.83,-3.59,2.58,0.82,1.06,0.89,0,-0.69,neutral,neutral,0,-1.0,17,3385,1,
s14614,INJUSDT,1782952200000,train,-1,-6.21,0.721,8.48,7.79,1.39,-5.51,3.28,1.24,1.05,0.84,1,-0.69,neutral,bajista,0,-0.386,32,3385,8,
s14615,PENDLEUSDT,1782952200000,train,1,3.75,0.617,5.34,3.67,0.9,4.44,1.08,1.62,1.46,1.24,1,-0.69,neutral,neutral,0,1.096,32,3385,0,
s14616,INJUSDT,1782953100000,train,-1,-5.52,0.612,8.43,7.16,1.08,-4.89,2.51,1.24,1.05,0.84,1,-0.63,neutral,neutral,0,-0.271,32,3386,0,
s14617,PENDLEUSDT,1782953100000,train,1,4.45,0.657,5.03,4.26,0.83,5.08,1.78,1.62,1.46,1.24,1,-0.63,neutral,neutral,0,0.838,32,3386,1,
s14618,APEUSDT,1782953100000,testB,1,2.25,0.392,2.55,2.48,0.9,2.88,1.1,0.63,0.67,0.58,0,-0.63,neutral,alcista,0,0.543,32,3385,3,
s14619,INJUSDT,1782954000000,train,-1,-6.05,0.721,8.43,7.09,0.78,-5.17,2.28,1.41,1.08,0.86,1,-0.88,neutral,neutral,0,-0.157,32,3387,0,
s14620,PENDLEUSDT,1782954000000,train,1,4.17,0.645,4.68,4.21,0.82,5.05,2.28,1.94,1.52,1.27,1,-0.88,neutral,alcista,0,0.543,32,3387,2,
s14621,APEUSDT,1782954000000,testB,1,2.31,0.4,2.82,2.61,0.82,3.19,1.63,0.6,0.65,0.57,0,-0.88,neutral,alcista,0,0.216,32,3386,4,
s14622,INJUSDT,1782954900000,train,-1,-5.76,0.666,8.4,6.78,0.56,-4.91,1.83,1.41,1.08,0.86,1,-0.85,neutral,neutral,0,-0.17,32,3388,0,
s14623,PENDLEUSDT,1782954900000,train,1,4.79,0.677,4.77,4.68,0.75,5.63,2.73,1.94,1.52,1.27,1,-0.85,neutral,alcista,0,0.419,32,3388,3,
s14624,INJUSDT,1782955800000,train,-1,-5.71,0.662,8.36,6.24,0.73,-4.69,1.19,1.41,1.08,0.86,1,-1.02,neutral,neutral,0,-0.22,32,3389,0,
s14625,PENDLEUSDT,1782955800000,train,1,6.59,0.742,6.38,6.32,0.99,7.62,4.05,1.94,1.52,1.27,1,-1.02,neutral,alcista,0,0.268,32,3389,4,
s14626,PUMPUSDT,1782956700000,train,-1,-4.53,0.392,8.36,5.52,0.34,-3.46,0.5,0.8,0.93,0.82,0,-1.07,neutral,neutral,0,-1.0,12,3390,1,
s14627,INJUSDT,1782956700000,train,-1,-5.88,0.667,8.14,6.89,0.74,-4.81,1.96,1.41,1.08,0.86,1,-1.07,neutral,neutral,0,-0.301,32,3390,1,
s14628,PENDLEUSDT,1782956700000,train,1,6.29,0.715,6.48,6.15,1.07,7.36,3.42,1.94,1.52,1.27,1,-1.07,neutral,neutral,0,0.353,32,3390,0,
s14629,STXUSDT,1782956700000,testB,-1,-2.37,0.526,3.88,3.34,1.15,-1.3,0.69,0.86,1.43,1.0,0,-1.07,neutral,neutral,0,-0.345,32,3389,1,
s14630,PUMPUSDT,1782957600000,train,-1,-4.33,0.376,8.35,5.45,0.28,-3.21,0.37,0.84,0.88,0.81,0,-1.13,neutral,neutral,0,-1.0,11,3391,0,
s14631,ARBUSDT,1782957600000,train,-1,-2.14,0.477,3.92,3.36,0.91,-1.02,0.59,0.95,1.09,0.99,0,-1.13,neutral,bajista,0,-0.55,32,3391,2,
s14632,INJUSDT,1782957600000,train,-1,-5.81,0.655,8.13,6.75,0.68,-4.69,1.65,1.46,1.06,0.83,1,-1.13,neutral,neutral,0,-0.238,32,3391,0,
s14633,PENDLEUSDT,1782957600000,train,1,5.27,0.549,6.29,5.08,1.04,6.39,2.25,2.08,1.52,1.27,1,-1.13,neutral,neutral,0,0.683,32,3391,0,
s14634,STXUSDT,1782957600000,testB,-1,-2.6,0.611,3.88,3.34,1.13,-1.48,0.63,0.86,1.37,0.99,0,-1.13,neutral,neutral,0,-0.364,32,3390,0,
s14635,ARBUSDT,1782958500000,train,-1,-2.04,0.465,2.8,2.27,0.88,-1.48,0.62,0.95,1.09,0.99,0,-0.56,neutral,bajista,0,-1.0,6,3392,3,
s14636,INJUSDT,1782958500000,train,-1,-4.68,0.554,7.22,5.48,0.59,-4.11,1.24,1.46,1.06,0.83,1,-0.56,neutral,neutral,0,-0.19,32,3392,0,
s14637,PENDLEUSDT,1782958500000,train,1,4.38,0.506,5.3,4.54,0.91,4.94,2.44,2.08,1.52,1.27,1,-0.56,neutral,neutral,0,0.626,32,3392,1,
s14638,STXUSDT,1782958500000,testB,-1,-2.08,0.556,2.79,2.31,0.91,-1.52,0.68,0.86,1.37,0.99,0,-0.56,neutral,neutral,0,-0.579,32,3391,1,
s14639,ENAUSDT,1782959400000,train,1,5.11,0.477,7.42,6.98,2.57,5.26,3.84,1.65,1.24,1.05,1,-0.15,neutral,alcista,0,0.198,32,3393,2,
s14640,INJUSDT,1782959400000,train,-1,-4.19,0.469,6.65,4.37,0.35,-4.04,0.53,1.46,1.06,0.83,1,-0.15,neutral,neutral,0,-0.172,32,3393,0,
s14641,PENDLEUSDT,1782959400000,train,1,3.48,0.451,5.17,4.56,0.8,3.63,2.54,2.08,1.52,1.27,1,-0.15,neutral,alcista,0,0.385,32,3393,2,
s14642,WLDUSDT,1782960300000,train,1,2.78,0.381,5.17,4.9,0.9,2.87,1.33,0.82,1.11,1.03,0,-0.09,neutral,alcista,0,0.148,32,3394,3,
s14643,ENAUSDT,1782960300000,train,1,6.02,0.558,8.48,7.38,3.19,6.11,3.89,1.65,1.24,1.05,1,-0.09,neutral,alcista,0,0.057,32,3394,3,
s14644,PENDLEUSDT,1782960300000,train,1,3.19,0.41,5.18,4.4,0.77,3.28,2.12,2.08,1.52,1.27,1,-0.09,neutral,neutral,0,0.385,32,3394,0,
s14645,APEUSDT,1782960300000,testB,1,3.23,0.446,4.24,4.03,0.84,3.31,2.1,0.62,0.63,0.58,0,-0.09,neutral,alcista,0,-0.19,32,3393,3,
s14646,XPLUSDT,1782961200000,train,1,3.63,0.474,4.74,4.02,1.5,3.24,2.14,0.49,0.53,0.57,0,0.39,neutral,neutral,0,-0.602,32,3395,0,
s14647,WLDUSDT,1782961200000,train,1,4.14,0.679,5.19,4.62,0.96,3.75,1.0,0.9,1.13,1.05,0,0.39,neutral,neutral,0,0.552,32,3395,0,
s14648,ENAUSDT,1782961200000,train,1,7.68,0.729,9.0,7.74,3.18,7.29,4.06,2.17,1.46,1.17,1,0.39,neutral,alcista,0,0.054,32,3395,4,
s14649,OPUSDT,1782961200000,train,1,2.01,0.487,3.21,2.69,0.51,1.62,0.53,0.72,0.72,0.86,0,0.39,neutral,neutral,0,0.885,32,3395,0,
s14650,PENDLEUSDT,1782961200000,train,1,3.09,0.391,5.2,4.1,0.56,2.7,1.46,2.1,1.5,1.28,1,0.39,neutral,neutral,0,0.695,32,3395,0,
s14651,APEUSDT,1782961200000,testB,1,4.34,0.638,4.29,4.16,0.95,3.95,2.16,0.61,0.62,0.58,0,0.39,neutral,alcista,0,-0.067,32,3394,4,
s14652,WLDUSDT,1782962100000,train,1,3.65,0.615,4.79,4.06,1.47,3.09,0.91,0.9,1.13,1.05,0,0.56,neutral,neutral,0,0.497,32,3396,0,
s14653,OPUSDT,1782962100000,train,1,2.22,0.512,3.51,3.1,1.09,1.65,0.9,0.72,0.72,0.86,0,0.56,neutral,neutral,0,0.5,32,3396,1,
s14654,PENDLEUSDT,1782962100000,train,1,3.48,0.444,5.19,4.25,0.66,2.92,1.29,2.1,1.5,1.28,1,0.56,neutral,neutral,0,0.577,32,3396,1,
s14655,APEUSDT,1782962100000,testB,1,3.37,0.553,4.02,3.74,1.0,2.81,1.76,0.61,0.62,0.58,0,0.56,neutral,neutral,0,-0.111,32,3395,0,
s14656,XPLUSDT,1782963000000,train,1,2.98,0.351,4.75,3.79,1.87,1.88,1.6,0.49,0.53,0.57,0,1.1,neutral,neutral,0,-0.494,32,3397,1,
s14657,PUMPUSDT,1782963000000,train,1,3.89,0.491,4.85,4.85,1.52,2.79,1.64,0.99,0.83,0.85,0,1.1,neutral,alcista,1,2.0,30,3397,2,
s14658,WLDUSDT,1782963000000,train,1,3.27,0.59,4.51,4.03,1.43,2.17,1.15,0.9,1.13,1.05,0,1.1,neutral,neutral,0,0.487,32,3397,1,
s14659,ENAUSDT,1782963000000,train,1,6.93,0.565,9.37,7.32,2.68,5.83,2.94,2.17,1.46,1.17,1,1.1,neutral,neutral,0,0.175,32,3397,0,
s14660,OPUSDT,1782963000000,train,1,2.43,0.59,3.51,3.1,1.15,1.33,0.91,0.72,0.72,0.86,0,1.1,neutral,alcista,0,0.433,32,3397,2,
s14661,PENDLEUSDT,1782963000000,train,1,3.59,0.462,5.06,3.94,0.53,2.49,0.99,2.1,1.5,1.28,1,1.1,neutral,neutral,0,0.698,32,3397,0,
s14662,APEUSDT,1782963000000,testB,1,2.8,0.419,3.77,2.93,1.08,1.7,1.14,0.61,0.62,0.58,0,1.1,neutral,neutral,0,0.095,32,3396,0,
s14663,PUMPUSDT,1782963900000,train,1,6.37,0.667,6.94,6.67,2.5,4.65,3.62,0.99,0.83,0.85,0,1.72,neutral,alcista,0,1.051,32,3398,3,
s14664,WLDUSDT,1782963900000,train,1,3.6,0.613,4.73,4.49,1.39,1.88,1.69,0.9,1.13,1.05,0,1.72,neutral,alcista,0,0.304,32,3398,2,
s14665,ARBUSDT,1782963900000,train,1,2.35,0.492,2.79,2.78,1.38,0.63,1.54,1.06,1.11,0.99,0,1.72,neutral,alcista,0,-0.188,32,3398,4,
s14666,OPUSDT,1782963900000,train,1,2.86,0.659,3.5,3.4,1.45,1.13,1.22,0.72,0.72,0.86,0,1.72,neutral,alcista,0,0.485,32,3398,3,
s14667,INJUSDT,1782963900000,train,1,2.23,0.365,3.66,3.57,0.86,0.5,1.14,1.57,1.06,0.85,1,1.72,neutral,alcista,0,-0.274,32,3398,2,
s14668,SUIUSDT,1782963900000,train,1,2.32,0.494,3.16,3.03,1.76,0.6,1.27,0.97,0.83,0.95,0,1.72,neutral,neutral,0,0.41,32,3398,1,
s14669,TIAUSDT,1782963900000,train,1,2.33,0.58,3.07,3.01,1.54,0.6,1.38,0.68,0.68,0.84,0,1.72,neutral,alcista,0,0.545,32,3398,7,
s14670,PENDLEUSDT,1782963900000,train,1,3.65,0.467,5.02,4.37,0.6,1.92,1.35,2.1,1.5,1.28,1,1.72,neutral,neutral,0,0.491,32,3398,1,
s14671,ARUSDT,1782963900000,testB,1,2.61,0.662,3.04,2.94,1.88,0.89,1.41,0.68,0.74,0.9,0,1.72,neutral,neutral,0,-0.407,32,3397,1,
s14672,LDOUSDT,1782963900000,testB,1,2.19,0.491,2.86,2.74,1.24,0.47,1.32,0.92,0.91,1.06,0,1.72,neutral,alcista,0,0.333,32,3397,3,
s14673,MANAUSDT,1782963900000,testB,1,2.06,0.52,2.33,2.33,2.1,0.34,1.12,0.95,0.86,0.92,0,1.72,neutral,alcista,0,-0.267,32,3397,3,
s14674,APEUSDT,1782963900000,testB,1,2.86,0.426,3.69,3.13,0.98,1.14,1.39,0.61,0.62,0.58,0,1.72,neutral,neutral,0,-0.044,32,3397,1,
s14675,PUMPUSDT,1782964800000,train,1,6.51,0.672,6.59,6.31,2.94,4.84,3.35,1.03,0.83,0.83,1,1.67,neutral,alcista,0,1.226,32,3399,4,
s14676,WLDUSDT,1782964800000,train,1,5.69,0.774,7.8,5.83,2.73,4.02,3.05,1.1,1.22,1.1,0,1.67,neutral,alcista,0,0.005,32,3399,3,
s14677,ENAUSDT,1782964800000,train,1,7.48,0.622,8.5,7.65,1.08,5.81,3.5,2.26,1.52,1.2,1,1.67,neutral,alcista,0,0.086,32,3399,2,
s14678,ARBUSDT,1782964800000,train,1,2.83,0.547,3.25,3.2,1.9,1.16,1.76,1.03,1.11,1.0,0,1.67,neutral,alcista,0,-0.183,32,3399,5,
s14679,OPUSDT,1782964800000,train,1,2.43,0.511,3.1,2.58,1.55,0.76,0.7,0.62,0.71,0.84,0,1.67,neutral,neutral,0,1.04,32,3399,0,
s14680,TIAUSDT,1782964800000,train,1,2.22,0.537,3.27,2.83,1.55,0.54,1.1,0.62,0.68,0.81,0,1.67,neutral,neutral,0,1.019,32,3399,0,
s14681,PENDLEUSDT,1782964800000,train,1,3.47,0.433,5.04,4.07,0.69,1.8,0.96,1.76,1.5,1.32,1,1.67,neutral,neutral,0,0.685,32,3399,0,
s14682,ARUSDT,1782964800000,testB,1,2.25,0.55,3.05,2.7,1.54,0.58,1.0,0.59,0.75,0.84,0,1.67,neutral,neutral,0,-0.296,32,3398,0,
s14683,XPLUSDT,1782965700000,train,1,3.64,0.352,4.69,4.09,1.38,1.83,1.81,0.47,0.52,0.58,0,1.8,neutral,alcista,0,-0.505,32,3400,2,
s14684,PUMPUSDT,1782965700000,train,1,6.25,0.664,6.56,6.56,2.17,4.45,3.52,1.03,0.83,0.83,1,1.8,neutral,alcista,0,1.041,32,3400,5,
s14685,WLDUSDT,1782965700000,train,1,5.68,0.774,7.0,5.64,2.35,3.88,3.23,1.1,1.22,1.1,0,1.8,neutral,alcista,0,-0.023,32,3400,4,
s14686,ENAUSDT,1782965700000,train,1,6.78,0.561,8.53,7.31,0.71,4.98,2.82,2.26,1.52,1.2,1,1.8,neutral,neutral,0,0.119,32,3400,0,
s14687,ARBUSDT,1782965700000,train,1,2.36,0.418,3.27,2.69,1.83,0.56,1.27,1.03,1.11,1.0,0,1.8,neutral,neutral,0,-0.005,32,3400,0,
s14688,OPUSDT,1782965700000,train,1,2.22,0.467,3.1,2.48,0.86,0.42,0.56,0.62,0.71,0.84,0,1.8,neutral,neutral,0,1.25,32,3400,0,
s14689,INJUSDT,1782965700000,train,1,2.56,0.37,3.28,2.86,0.68,0.75,0.94,1.42,1.05,0.85,1,1.8,neutral,neutral,0,0.0,32,3400,1,
s14690,SUIUSDT,1782965700000,train,1,2.33,0.466,4.0,2.85,1.77,0.52,0.94,1.05,0.88,0.97,0,1.8,neutral,neutral,0,0.582,32,3400,1,
s14691,TIAUSDT,1782965700000,train,1,2.7,0.632,3.26,3.12,1.2,0.89,1.28,0.62,0.68,0.81,0,1.8,neutral,neutral,0,0.596,32,3400,1,
s14692,PENDLEUSDT,1782965700000,train,1,3.73,0.457,5.03,4.26,0.69,1.93,1.09,1.76,1.5,1.32,1,1.8,neutral,neutral,0,0.785,32,3400,1,
s14693,ARUSDT,1782965700000,testB,1,2.31,0.57,3.06,2.46,1.15,0.5,0.77,0.59,0.75,0.84,0,1.8,neutral,neutral,0,0.143,32,3399,0,
s14694,LDOUSDT,1782965700000,testB,1,2.08,0.451,2.88,2.24,1.01,0.28,0.67,0.83,0.82,1.05,0,1.8,neutral,neutral,0,1.75,32,3399,0,
s14695,XPLUSDT,1782966600000,train,1,4.32,0.416,4.46,4.2,1.34,2.38,1.99,0.47,0.52,0.58,0,1.94,neutral,alcista,0,-0.645,32,3401,3,
s14696,PUMPUSDT,1782966600000,train,1,7.08,0.766,6.75,6.75,2.26,5.14,3.49,1.03,0.83,0.83,1,1.94,neutral,alcista,0,0.72,32,3401,6,
s14697,WLDUSDT,1782966600000,train,1,3.84,0.479,6.69,4.1,2.36,1.9,1.78,1.1,1.22,1.1,0,1.94,neutral,neutral,0,0.116,32,3401,0,
s14698,ENAUSDT,1782966600000,train,1,8.09,0.684,8.33,7.53,0.57,6.15,2.98,2.26,1.52,1.2,1,1.94,neutral,neutral,0,0.015,32,3401,1,
s14699,ARBUSDT,1782966600000,train,1,2.67,0.49,3.24,2.7,1.34,0.73,1.22,1.03,1.11,1.0,0,1.94,neutral,neutral,0,-0.009,32,3401,1,
s14700,OPUSDT,1782966600000,train,1,2.65,0.532,2.99,2.68,1.26,0.71,0.81,0.62,0.71,0.84,0,1.94,neutral,neutral,0,0.923,32,3401,1,
s14701,INJUSDT,1782966600000,train,1,2.98,0.417,3.03,2.94,0.71,1.04,1.17,1.42,1.05,0.85,1,1.94,neutral,alcista,0,-0.111,32,3401,2,
s14702,SUIUSDT,1782966600000,train,1,3.23,0.632,3.77,3.12,1.77,1.3,1.31,1.05,0.88,0.97,0,1.94,neutral,alcista,0,0.284,32,3401,2,
s14703,TIAUSDT,1782966600000,train,1,3.58,0.779,3.54,3.54,1.32,1.64,1.74,0.62,0.68,0.81,0,1.94,neutral,alcista,0,0.4,32,3401,2,
s14704,JUPUSDT,1782966600000,train,1,2.11,0.392,4.23,2.2,1.57,0.18,0.38,0.93,1.29,1.86,0,1.94,neutral,neutral,0,-1.0,4,3401,0,
s14705,PENDLEUSDT,1782966600000,train,1,4.24,0.512,4.65,4.19,0.74,2.31,1.2,1.76,1.5,1.32,1,1.94,neutral,alcista,0,0.471,32,3401,2,
s14706,ARUSDT,1782966600000,testB,1,2.15,0.512,2.91,2.16,1.07,0.21,0.58,0.59,0.75,0.84,0,1.94,neutral,neutral,0,0.209,32,3400,0,
s14707,LDOUSDT,1782966600000,testB,1,2.16,0.469,2.71,2.12,0.97,0.22,0.69,0.83,0.82,1.05,0,1.94,neutral,neutral,1,2.0,32,3400,0,
s14708,APEUSDT,1782966600000,testB,1,2.93,0.383,3.19,2.91,0.79,0.99,1.24,0.58,0.58,0.57,1,1.94,neutral,alcista,0,0.31,32,3400,2,
s14709,PUMPUSDT,1782967500000,train,1,6.52,0.752,7.46,6.19,1.3,4.78,3.45,1.03,0.83,0.83,1,1.74,neutral,alcista,0,0.772,32,3402,7,
s14710,ENAUSDT,1782967500000,train,1,6.95,0.59,8.06,6.73,0.49,5.21,2.07,2.26,1.52,1.2,1,1.74,neutral,neutral,0,0.118,32,3402,0,
s14711,ARBUSDT,1782967500000,train,1,2.06,0.403,3.03,2.35,1.12,0.32,0.98,1.03,1.11,1.0,0,1.74,neutral,neutral,0,-1.0,10,3402,0,
s14712,OPUSDT,1782967500000,train,1,2.11,0.476,2.37,2.06,0.95,0.37,0.73,0.62,0.71,0.84,0,1.74,neutral,neutral,0,1.4,32,3402,0,
s14713,INJUSDT,1782967500000,train,1,2.43,0.369,3.14,2.98,0.64,0.69,1.17,1.42,1.05,0.85,1,1.74,neutral,alcista,0,-0.139,32,3402,3,
s14714,SUIUSDT,1782967500000,train,1,2.46,0.53,3.27,2.47,1.52,0.72,1.05,1.05,0.88,0.97,0,1.74,neutral,neutral,0,0.343,32,3402,0,
s14715,TIAUSDT,1782967500000,train,1,2.19,0.443,3.18,2.33,0.9,0.45,0.81,0.62,0.68,0.81,0,1.74,neutral,neutral,0,1.059,32,3402,0,
s14716,PENDLEUSDT,1782967500000,train,1,3.98,0.499,4.04,3.94,0.82,2.25,1.68,1.76,1.5,1.32,1,1.74,neutral,alcista,0,0.302,32,3402,3,
s14717,PUMPUSDT,1782968400000,train,1,5.47,0.681,7.01,5.53,0.99,3.9,2.85,0.87,0.82,0.84,0,1.57,neutral,neutral,0,0.939,32,3403,0,
s14718,WLDUSDT,1782968400000,train,1,3.36,0.39,6.0,3.41,1.1,1.79,1.45,1.01,1.13,1.1,0,1.57,neutral,neutral,0,-1.0,7,3403,1,
s14719,ENAUSDT,1782968400000,train,1,6.21,0.533,7.6,5.97,0.45,4.63,1.56,2.2,1.57,1.22,1,1.57,neutral,neutral,0,0.224,32,3403,0,
s14720,INJUSDT,1782968400000,train,1,2.61,0.386,3.04,2.91,0.62,1.03,1.29,1.05,1.05,0.86,0,1.57,neutral,alcista,0,-0.149,32,3403,4,
s14721,PUMPUSDT,1782969300000,train,1,5.11,0.621,6.89,5.14,0.92,3.9,2.39,0.87,0.82,0.84,0,1.21,neutral,neutral,0,0.987,32,3404,0,
s14722,ENAUSDT,1782969300000,train,1,5.27,0.459,7.02,5.0,0.39,4.05,1.17,2.2,1.57,1.22,1,1.21,neutral,neutral,0,0.522,32,3404,0,
s14723,SANDUSDT,1782969300000,testB,-1,-2.14,0.407,3.81,3.74,0.71,-3.36,1.48,1.81,1.36,1.07,1,1.21,neutral,bajista,0,-1.0,32,3403,8,
s14724,PUMPUSDT,1782970200000,train,1,4.45,0.589,6.89,5.14,0.82,3.75,2.04,0.87,0.82,0.84,0,0.69,neutral,neutral,0,1.079,32,3405,0,
s14725,JUPUSDT,1782970200000,train,-1,-2.53,0.462,5.2,4.55,0.96,-3.22,1.76,0.98,1.31,1.88,0,0.69,neutral,bajista,0,-1.0,21,3405,5,
s14726,SANDUSDT,1782970200000,testB,-1,-2.73,0.589,4.08,3.65,0.97,-3.42,1.31,1.81,1.36,1.07,1,0.69,neutral,neutral,0,-1.0,31,3404,0,
s14727,PUMPUSDT,1782971100000,train,1,6.8,0.738,7.29,6.9,0.8,6.25,3.47,0.87,0.82,0.84,0,0.55,neutral,neutral,0,0.481,32,3406,1,
s14728,INJUSDT,1782971100000,train,1,2.32,0.406,3.05,2.55,0.68,1.77,0.56,1.05,1.05,0.86,0,0.55,neutral,neutral,0,1.179,32,3406,0,
s14729,JUPUSDT,1782971100000,train,-1,-2.1,0.357,5.15,3.69,1.33,-2.65,0.87,0.98,1.31,1.88,0,0.55,neutral,neutral,0,-1.0,20,3406,0,
s14730,SANDUSDT,1782971100000,testB,-1,-2.48,0.526,4.07,3.48,1.0,-3.03,1.1,1.81,1.36,1.07,1,0.55,neutral,neutral,0,-1.0,30,3405,0,
s14731,PUMPUSDT,1782972000000,train,1,5.17,0.483,6.93,5.05,1.04,4.73,1.76,0.92,0.88,0.88,0,0.44,neutral,neutral,0,0.747,32,3407,0,
s14732,JUPUSDT,1782972000000,train,-1,-2.32,0.379,5.17,4.05,1.43,-2.76,1.14,1.0,1.27,1.87,0,0.44,neutral,neutral,0,-1.0,19,3407,1,
s14733,SANDUSDT,1782972000000,testB,-1,-3.22,0.629,4.1,4.1,1.13,-3.66,1.59,1.86,1.39,1.05,1,0.44,neutral,neutral,0,-1.0,29,3406,1,
s14734,PUMPUSDT,1782972900000,train,1,5.51,0.5,6.83,5.49,1.15,5.06,2.0,0.92,0.88,0.88,0,0.45,neutral,neutral,0,0.341,32,3408,1,
s14735,SANDUSDT,1782972900000,testB,-1,-3.56,0.749,4.1,4.07,0.97,-4.0,1.51,1.86,1.39,1.05,1,0.45,neutral,neutral,0,-1.0,28,3407,0,
s14736,PUMPUSDT,1782973800000,train,1,5.75,0.512,6.76,6.43,1.4,5.53,2.78,0.92,0.88,0.88,0,0.22,neutral,alcista,0,0.072,32,3409,2,
s14737,SANDUSDT,1782973800000,testB,-1,-3.69,0.804,4.09,3.87,0.55,-3.91,1.19,1.86,1.39,1.05,1,0.22,neutral,neutral,0,-1.0,27,3408,0,
s14738,JUPUSDT,1782974700000,train,-1,-2.33,0.364,5.2,4.68,0.91,-2.09,1.52,1.0,1.27,1.87,0,-0.24,neutral,neutral,0,-1.0,16,3410,1,
s14739,SANDUSDT,1782974700000,testB,-1,-3.68,0.803,3.91,3.89,0.49,-3.44,1.39,1.86,1.39,1.05,1,-0.24,neutral,neutral,0,-1.0,23,3409,1,
s14740,PUMPUSDT,1782975600000,train,1,5.35,0.437,6.81,5.68,0.91,5.74,1.61,1.0,0.9,0.88,1,-0.39,neutral,neutral,0,0.047,32,3411,1,
s14741,SANDUSDT,1782975600000,testB,-1,-2.68,0.746,3.68,3.38,0.45,-2.29,1.34,1.72,1.4,1.08,1,-0.39,neutral,bajista,0,-1.0,21,3410,2,
s14742,JUPUSDT,1782976500000,train,-1,-2.55,0.411,5.54,5.32,0.78,-1.92,1.71,1.0,1.22,1.86,0,-0.63,neutral,bajista,0,-1.0,14,3412,3,
s14743,SANDUSDT,1782976500000,testB,-1,-2.7,0.747,3.25,2.97,0.48,-2.07,1.28,1.72,1.4,1.08,1,-0.63,neutral,bajista,0,-1.0,17,3411,3,
s14744,SANDUSDT,1782977400000,testB,-1,-2.66,0.744,3.25,3.01,0.53,-1.56,1.15,1.72,1.4,1.08,1,-1.1,neutral,bajista,0,-1.0,16,3412,4,
s14745,SANDUSDT,1782978300000,testB,-1,-2.5,0.706,2.97,2.67,0.57,-1.01,0.84,1.72,1.4,1.08,1,-1.49,neutral,neutral,0,-1.0,13,3413,0,
s14746,0GUSDT,1782979200000,train,1,3.15,0.461,4.23,3.67,1.88,4.19,2.43,0.99,1.12,0.71,0,-1.04,neutral,alcista,0,-0.244,32,3415,5,
s14747,ARBUSDT,1782979200000,train,-1,-2.46,0.505,3.29,2.58,1.92,-1.43,0.68,1.23,1.09,1.11,0,-1.04,neutral,neutral,0,-1.0,21,3415,1,
s14748,SANDUSDT,1782979200000,testB,-1,-2.5,0.706,2.78,2.54,0.52,-1.47,0.82,1.74,1.41,1.09,1,-1.04,neutral,neutral,0,-1.0,12,3414,1,
s14749,STBLUSDT,1782980100000,train,1,3.8,0.508,5.39,5.01,5,4.62,3.69,1.26,0.91,1.07,0,-0.82,neutral,alcista,0,-0.054,32,3416,2,
s14750,0GUSDT,1782980100000,train,1,3.84,0.568,4.22,3.94,1.96,4.67,2.37,0.99,1.12,0.71,0,-0.82,neutral,alcista,0,-0.417,32,3416,6,
s14751,WLDUSDT,1782980100000,train,-1,-3.42,0.398,5.08,3.51,0.85,-2.6,0.31,1.13,0.95,1.01,0,-0.82,neutral,neutral,0,-1.0,11,3416,0,
s14752,JUPUSDT,1782980100000,train,-1,-2.87,0.366,3.77,2.99,0.9,-2.04,0.85,0.98,1.04,1.79,0,-0.82,neutral,neutral,0,-1.0,9,3416,0,
s14753,STBLUSDT,1782981000000,train,1,3.08,0.376,6.09,4.27,5,3.63,2.58,1.26,0.91,1.07,0,-0.55,neutral,neutral,0,0.155,32,3417,0,
s14754,0GUSDT,1782981000000,train,1,4.57,0.61,4.75,4.51,2.1,5.12,2.73,0.99,1.12,0.71,0,-0.55,neutral,alcista,0,-0.392,32,3417,7,
s14755,STBLUSDT,1782981900000,train,1,4.0,0.439,6.04,5.15,5,4.45,3.25,1.26,0.91,1.07,0,-0.45,neutral,neutral,0,0.045,32,3418,1,
s14756,0GUSDT,1782981900000,train,1,6.33,0.686,7.09,6.77,3.72,6.77,4.77,0.99,1.12,0.71,0,-0.45,neutral,alcista,0,-0.664,32,3418,8,
s14757,XPLUSDT,1782982800000,train,-1,-2.74,0.446,5.45,4.28,0.7,-2.09,0.76,0.5,0.49,0.53,0,-0.64,neutral,bajista,0,-0.624,32,3419,2,
s14758,STBLUSDT,1782982800000,train,1,3.81,0.408,6.06,4.79,5,4.45,2.57,1.42,0.98,1.1,0,-0.64,neutral,neutral,0,0.024,32,3419,0,
s14759,WLDUSDT,1782982800000,train,-1,-3.2,0.379,4.48,3.88,0.9,-2.56,1.52,1.16,1.01,1.04,0,-0.64,neutral,bajista,0,-1.0,4,3419,2,
s14760,STBLUSDT,1782983700000,train,1,4.19,0.464,6.06,4.75,3.05,4.41,2.3,1.42,0.98,1.1,0,-0.22,neutral,neutral,0,0.073,32,3420,1,
s14761,WLDUSDT,1782983700000,train,-1,-3.04,0.363,3.85,3.19,0.92,-2.82,1.17,1.16,1.01,1.04,0,-0.22,neutral,neutral,0,-1.0,3,3420,0,
s14762,STBLUSDT,1782984600000,train,1,4.54,0.485,6.04,5.15,0.89,3.75,2.46,1.42,0.98,1.1,0,0.8,neutral,alcista,0,-0.104,32,3421,2,
s14763,TIAUSDT,1782984600000,train,1,2.02,0.374,3.15,2.66,1.46,1.23,1.16,0.59,0.63,0.7,0,0.8,neutral,alcista,0,0.02,32,3421,2,
s14764,PENDLEUSDT,1782984600000,train,1,2.58,0.373,4.62,3.97,1.78,1.79,1.98,1.81,1.98,1.54,0,0.8,neutral,alcista,0,0.343,32,3421,2,
s14765,GRTUSDT,1782984600000,testB,1,2.19,0.481,3.08,2.7,1.63,1.4,1.26,0.93,0.9,0.85,1,0.8,neutral,neutral,0,-0.102,32,3420,1,
s14766,STBLUSDT,1782985500000,train,1,4.44,0.466,6.06,4.75,0.71,3.31,1.86,1.42,0.98,1.1,0,1.12,neutral,neutral,0,-0.171,32,3422,0,
s14767,PENDLEUSDT,1782985500000,train,1,2.82,0.394,4.68,4.32,2.01,1.69,2.23,1.81,1.98,1.54,0,1.12,neutral,alcista,0,-0.051,32,3422,3,
s14768,GRTUSDT,1782985500000,testB,1,2.25,0.488,3.08,2.75,1.55,1.12,1.16,0.93,0.9,0.85,1,1.12,neutral,neutral,0,-0.06,32,3421,0,
s14769,STBLUSDT,1782986400000,train,1,4.65,0.498,5.99,4.56,0.65,3.28,1.62,1.49,1.01,1.1,0,1.38,neutral,neutral,0,-0.153,32,3423,0,
s14770,ENAUSDT,1782986400000,train,1,2.53,0.432,3.73,3.06,1.39,1.15,1.1,0.96,1.63,1.23,0,1.38,neutral,neutral,0,-1.0,25,3423,1,
s14771,OPUSDT,1782986400000,train,1,2.7,0.433,3.04,2.73,1.85,1.32,1.17,0.71,0.66,0.79,0,1.38,neutral,alcista,0,0.185,32,3423,4,
s14772,TIAUSDT,1782986400000,train,1,2.28,0.441,3.16,2.32,1.98,0.91,0.69,0.6,0.61,0.69,0,1.38,neutral,neutral,0,0.188,32,3423,0,
s14773,PENDLEUSDT,1782986400000,train,1,4.09,0.602,4.8,4.7,2.09,2.71,2.43,1.82,1.82,1.54,0,1.38,neutral,alcista,0,-0.01,32,3423,4,
s14774,GRTUSDT,1782986400000,testB,1,2.14,0.452,3.09,2.48,1.05,0.76,0.78,0.94,0.85,0.85,0,1.38,neutral,neutral,0,0.022,32,3422,0,
s14775,LDOUSDT,1782986400000,testB,1,2.43,0.5,2.72,2.65,2.29,1.05,1.25,0.84,0.84,1.05,0,1.38,neutral,neutral,0,1.09,32,3422,1,
s14776,STBLUSDT,1782987300000,train,1,3.83,0.408,5.79,3.92,0.63,2.59,1.07,1.49,1.01,1.1,0,1.24,neutral,neutral,0,0.079,32,3424,0,
s14777,ENAUSDT,1782987300000,train,1,2.97,0.474,3.72,3.46,1.41,1.72,1.48,0.96,1.63,1.23,0,1.24,neutral,alcista,0,-1.0,24,3424,2,
s14778,OPUSDT,1782987300000,train,1,2.28,0.393,2.63,2.43,1.72,1.03,1.22,0.71,0.66,0.79,0,1.24,neutral,neutral,0,0.167,32,3424,0,
s14779,TIAUSDT,1782987300000,train,1,2.11,0.422,2.85,2.2,2.22,0.87,0.86,0.6,0.61,0.69,0,1.24,neutral,neutral,0,0.025,32,3424,1,
s14780,PENDLEUSDT,1782987300000,train,1,3.62,0.544,4.81,4.54,2.18,2.38,2.09,1.82,1.82,1.54,0,1.24,neutral,neutral,0,0.217,32,3424,0,
s14781,GRTUSDT,1782987300000,testB,1,2.42,0.494,3.08,2.7,1.27,1.18,0.99,0.94,0.85,0.85,0,1.24,neutral,neutral,0,-0.02,32,3423,1,
s14782,LDOUSDT,1782987300000,testB,1,2.18,0.458,2.73,2.57,2.56,0.94,1.14,0.84,0.84,1.05,0,1.24,neutral,neutral,0,1.185,32,3423,0,
s14783,STBLUSDT,1782988200000,train,1,3.47,0.358,5.8,3.62,0.53,2.36,0.72,1.49,1.01,1.1,0,1.11,neutral,neutral,0,0.29,32,3425,0,
s14784,PENDLEUSDT,1782988200000,train,1,2.78,0.387,4.84,3.9,0.81,1.67,1.25,1.82,1.82,1.54,0,1.11,neutral,neutral,0,0.545,32,3425,0,
s14785,GRTUSDT,1782988200000,testB,1,2.36,0.488,3.08,2.75,1.03,1.25,0.94,0.94,0.85,0.85,0,1.11,neutral,neutral,0,-0.14,32,3424,0,
s14786,SUIUSDT,1782989100000,train,1,2.16,0.636,2.93,2.51,1.45,0.52,1.25,0.92,0.98,0.95,0,1.64,neutral,alcista,0,-0.134,32,3426,4,
s14787,JUPUSDT,1782989100000,train,1,3.9,0.464,6.8,4.55,2.91,2.26,2.62,1.16,1.05,1.6,0,1.64,neutral,alcista,0,0.33,32,3426,3,
s14788,PENDLEUSDT,1782989100000,train,1,3.0,0.427,4.85,3.67,0.67,1.35,1.03,1.82,1.82,1.54,0,1.64,neutral,neutral,0,0.564,32,3426,0,
s14789,GRTUSDT,1782989100000,testB,1,2.54,0.542,3.08,2.75,0.69,0.89,0.87,0.94,0.85,0.85,0,1.64,neutral,neutral,0,-0.2,32,3425,0,
s14790,LDOUSDT,1782989100000,testB,1,2.06,0.495,2.73,2.38,0.89,0.42,0.83,0.84,0.84,1.05,0,1.64,neutral,neutral,0,1.2,32,3425,0,
s14791,PUMPUSDT,1782990000000,train,1,5.14,0.362,6.48,5.78,1.72,3.42,3.23,1.39,1.14,1.11,1,1.73,neutral,alcista,0,-0.253,32,3427,2,
s14792,WLDUSDT,1782990000000,train,1,4.38,0.408,4.93,4.61,0.85,2.65,2.29,1.0,1.0,1.07,0,1.73,neutral,neutral,0,0.619,32,3427,1,
s14793,OPUSDT,1782990000000,train,1,2.28,0.393,2.73,2.33,0.59,0.55,0.83,0.8,0.69,0.8,0,1.73,neutral,neutral,0,0.043,32,3427,1,
s14794,SUIUSDT,1782990000000,train,1,2.7,0.726,3.13,2.91,1.79,0.98,1.5,1.11,1.07,1.0,1,1.73,neutral,alcista,0,-0.323,32,3427,5,
s14795,SEIUSDT,1782990000000,train,1,2.22,0.488,2.98,2.61,0.82,0.5,1.01,0.81,0.77,0.81,0,1.73,neutral,neutral,0,-0.389,32,3427,1,
s14796,JUPUSDT,1782990000000,train,1,5.05,0.563,6.75,5.3,3.98,3.32,3.12,1.42,1.21,1.63,0,1.73,neutral,alcista,0,0.18,32,3427,4,
s14797,PENDLEUSDT,1782990000000,train,1,4.23,0.56,4.81,4.47,0.6,2.5,1.65,1.73,1.72,1.57,1,1.73,neutral,neutral,0,0.336,32,3427,1,
s14798,GRTUSDT,1782990000000,testB,1,2.99,0.596,3.12,3.07,0.84,1.26,1.15,0.97,0.86,0.85,1,1.73,neutral,neutral,0,-0.393,32,3426,1,
s14799,LDOUSDT,1782990000000,testB,1,2.75,0.567,3.15,3.03,0.73,1.02,1.34,0.99,0.83,1.08,0,1.73,neutral,neutral,0,0.649,32,3426,1,
s14800,SANDUSDT,1782990000000,testB,1,2.56,0.811,2.83,2.67,1.05,0.84,1.35,1.07,1.46,1.17,0,1.73,neutral,neutral,0,-0.031,32,3426,1,
s14801,ASTERUSDT,1782990900000,train,1,2.13,0.691,2.16,2.13,2.16,0.26,1.32,1.14,0.84,0.74,1,1.87,neutral,alcista,0,-0.555,32,3428,3,
s14802,STBLUSDT,1782990900000,train,1,3.66,0.408,5.39,3.65,0.31,1.79,0.88,1.49,1.0,1.09,0,1.87,neutral,alcista,0,0.021,32,3428,2,
s14803,SUIUSDT,1782990900000,train,1,2.75,0.745,2.95,2.74,2.0,0.88,1.32,1.11,1.07,1.0,1,1.87,neutral,neutral,0,-0.363,32,3428,0,
s14804,TIAUSDT,1782990900000,train,1,2.63,0.531,2.91,2.62,1.02,0.76,1.25,0.65,0.63,0.69,0,1.87,neutral,alcista,0,-0.155,32,3428,2,
s14805,SEIUSDT,1782990900000,train,1,2.17,0.468,2.99,2.31,0.96,0.3,0.58,0.81,0.77,0.81,0,1.87,neutral,neutral,0,-0.297,32,3428,0,
s14806,JUPUSDT,1782990900000,train,1,6.59,0.665,6.55,6.26,3.93,4.72,3.87,1.42,1.21,1.63,0,1.87,neutral,alcista,0,-0.026,32,3428,5,
s14807,PENDLEUSDT,1782990900000,train,1,4.04,0.523,4.58,4.01,0.63,2.18,1.26,1.73,1.72,1.57,1,1.87,neutral,neutral,0,0.469,32,3428,0,
s14808,STXUSDT,1782990900000,testB,1,2.01,0.541,2.09,2.03,0.65,0.14,0.81,0.73,0.77,1.1,0,1.87,neutral,alcista,0,-0.471,32,3427,2,
s14809,GRTUSDT,1782990900000,testB,1,2.87,0.573,3.01,2.85,0.59,1.01,0.97,0.97,0.86,0.85,1,1.87,neutral,neutral,0,-0.442,32,3427,0,
s14810,LDOUSDT,1782990900000,testB,1,2.79,0.58,2.99,2.79,0.67,0.92,1.12,0.99,0.83,1.08,0,1.87,neutral,neutral,0,0.676,32,3427,0,
s14811,SANDUSDT,1782990900000,testB,1,2.76,0.832,2.89,2.81,1.04,0.89,1.35,1.07,1.46,1.17,0,1.87,neutral,alcista,0,-0.178,32,3427,2,
s14812,SUIUSDT,1782991800000,train,1,2.4,0.669,2.78,2.45,1.93,0.47,1.12,1.11,1.07,1.0,1,1.92,neutral,neutral,0,-0.412,32,3429,0,
s14813,TIAUSDT,1782991800000,train,1,2.04,0.468,2.7,2.43,1.09,0.11,1.16,0.65,0.63,0.69,0,1.92,neutral,alcista,0,-0.233,32,3429,3,
s14814,SEIUSDT,1782991800000,train,1,2.33,0.487,3.11,2.38,1.66,0.41,0.9,0.81,0.77,0.81,0,1.92,neutral,neutral,0,-0.417,32,3429,1,
s14815,JUPUSDT,1782991800000,train,1,6.6,0.668,7.04,6.92,3.72,4.68,4.64,1.42,1.21,1.63,0,1.92,neutral,alcista,0,-0.216,32,3429,6,
s14816,PENDLEUSDT,1782991800000,train,1,3.97,0.518,4.5,4.03,0.58,2.05,1.29,1.73,1.72,1.57,1,1.92,neutral,neutral,0,0.399,32,3429,1,
s14817,GRTUSDT,1782991800000,testB,1,2.25,0.455,2.69,2.25,0.49,0.32,0.65,0.97,0.86,0.85,1,1.92,neutral,neutral,0,-0.415,32,3428,0,
s14818,LDOUSDT,1782991800000,testB,1,2.5,0.554,2.75,2.59,0.8,0.58,1.15,0.99,0.83,1.08,0,1.92,neutral,neutral,0,0.727,32,3428,1,
s14819,SANDUSDT,1782991800000,testB,1,2.93,0.862,3.07,2.93,0.99,1.01,1.38,1.07,1.46,1.17,0,1.92,neutral,alcista,0,-0.234,32,3428,3,
s14820,TIAUSDT,1782992700000,train,1,2.09,0.475,2.45,2.21,1.44,0.09,1.1,0.65,0.63,0.69,0,2.0,bull,alcista,0,-0.415,32,3430,4,
s14821,JUPUSDT,1782992700000,train,1,6.79,0.675,7.68,7.48,2.21,4.79,4.79,1.42,1.21,1.63,0,2.0,bull,alcista,0,-0.21,32,3430,7,
s14822,PENDLEUSDT,1782992700000,train,1,3.77,0.488,4.39,3.8,0.54,1.77,1.1,1.73,1.72,1.57,1,2.0,bull,neutral,0,0.241,32,3430,0,
s14823,LDOUSDT,1782992700000,testB,1,2.38,0.513,2.72,2.4,1.1,0.38,0.89,0.99,0.83,1.08,0,2.0,bull,neutral,0,0.82,32,3429,0,
s14824,SANDUSDT,1782992700000,testB,1,2.93,0.862,3.11,2.99,0.89,0.93,1.31,1.07,1.46,1.17,0,2.0,bull,alcista,0,-0.319,32,3429,4,
s14825,PUMPUSDT,1782993600000,train,1,6.51,0.427,6.68,6.18,1.1,4.77,3.1,1.51,1.23,1.16,1,1.74,neutral,alcista,0,-0.378,32,3431,3,
s14826,OPUSDT,1782993600000,train,1,2.26,0.367,2.62,2.52,1.21,0.53,1.17,1.03,0.79,0.85,0,1.74,neutral,alcista,0,-0.36,32,3431,2,
s14827,SUIUSDT,1782993600000,train,1,2.33,0.558,2.69,2.27,1.01,0.59,0.9,1.2,1.11,1.01,1,1.74,neutral,neutral,0,-0.45,32,3431,1,
s14828,TIAUSDT,1782993600000,train,1,3.22,0.6,3.6,3.09,2.28,1.48,1.99,0.83,0.72,0.72,0,1.74,neutral,alcista,0,-0.5,32,3431,5,
s14829,JUPUSDT,1782993600000,train,1,7.86,0.858,7.93,7.4,2.07,6.12,4.32,1.59,1.3,1.58,0,1.74,neutral,neutral,0,-0.185,32,3431,0,
s14830,PENDLEUSDT,1782993600000,train,1,2.66,0.406,3.53,3.25,0.42,0.92,1.29,1.74,1.69,1.58,1,1.74,neutral,neutral,0,0.152,32,3431,1,
s14831,ONDOUSDT,1782993600000,train,1,2.21,0.453,2.37,2.34,1.5,0.47,1.42,1.4,1.32,1.3,1,1.74,neutral,neutral,0,-1.0,18,3430,1,
s14832,GRTUSDT,1782993600000,testB,1,2.13,0.442,2.25,2.08,0.4,0.39,0.78,1.0,0.83,0.86,0,1.74,neutral,alcista,0,-0.579,32,3430,2,
s14833,LDOUSDT,1782993600000,testB,1,2.53,0.529,2.66,2.59,1.09,0.79,1.25,2.05,1.32,1.32,1,1.74,neutral,neutral,0,0.652,32,3430,1,
s14834,SANDUSDT,1782993600000,testB,1,3.23,0.904,3.17,3.15,0.64,1.49,1.39,1.15,1.52,1.22,0,1.74,neutral,alcista,0,-0.303,32,3430,5,
s14835,PUMPUSDT,1782994500000,train,1,5.62,0.365,6.59,5.57,0.8,3.99,2.26,1.51,1.23,1.16,1,1.63,neutral,neutral,0,-0.523,32,3432,0,
s14836,SUIUSDT,1782994500000,train,1,2.1,0.508,2.65,2.14,0.95,0.47,0.69,1.2,1.11,1.01,1,1.63,neutral,neutral,0,-0.553,32,3432,0,
s14837,TIAUSDT,1782994500000,train,1,2.28,0.39,3.52,2.31,2.11,0.65,1.08,0.83,0.72,0.72,0,1.63,neutral,neutral,0,-0.407,32,3432,0,
s14838,JUPUSDT,1782994500000,train,1,6.98,0.703,7.99,6.69,1.95,5.35,3.02,1.59,1.3,1.58,0,1.63,neutral,neutral,0,-0.2,32,3432,0,
s14839,PENDLEUSDT,1782994500000,train,1,3.38,0.465,3.69,3.49,0.53,1.75,1.82,1.74,1.69,1.58,1,1.63,neutral,alcista,0,-1.0,15,3432,2,
s14840,ONDOUSDT,1782994500000,train,1,2.02,0.427,2.52,2.31,1.83,0.39,1.25,1.4,1.32,1.3,1,1.63,neutral,neutral,0,-1.0,17,3431,0,
s14841,LDOUSDT,1782994500000,testB,1,4.16,0.65,4.38,4.23,3.29,2.53,2.87,2.05,1.32,1.32,1,1.63,neutral,alcista,0,-0.164,32,3431,2,
s14842,SANDUSDT,1782994500000,testB,1,3.02,0.899,3.04,2.98,0.74,1.39,1.43,1.15,1.52,1.22,0,1.63,neutral,alcista,0,-0.438,32,3431,6,
s14843,TIAUSDT,1782995400000,train,1,2.05,0.366,3.38,2.31,2.37,0.52,1.09,0.83,0.72,0.72,0,1.54,neutral,neutral,0,-1.0,32,3433,1,
s14844,JUPUSDT,1782995400000,train,1,5.61,0.56,7.96,5.96,1.38,4.07,2.03,1.59,1.3,1.58,0,1.54,neutral,neutral,0,-0.068,32,3433,0,
s14845,LDOUSDT,1782995400000,testB,1,3.11,0.453,4.8,3.52,4.11,1.58,1.91,2.05,1.32,1.32,1,1.54,neutral,neutral,0,0.0,32,3432,0,
s14846,SANDUSDT,1782995400000,testB,1,2.82,0.893,3.22,2.87,1.4,1.28,1.48,1.15,1.52,1.22,0,1.54,neutral,alcista,0,-0.468,32,3432,7,
s14847,ASTERUSDT,1782996300000,train,1,2.04,0.549,2.15,2.07,1.36,0.35,1.15,1.43,0.97,0.79,1,1.69,neutral,neutral,0,-1.0,8,3434,1,
s14848,0GUSDT,1782996300000,train,-1,-3.45,0.413,5.41,4.52,0.33,-5.14,0.04,1.48,1.12,0.87,1,1.69,neutral,neutral,0,0.292,32,3434,1,
s14849,JUPUSDT,1782996300000,train,1,7.04,0.639,7.87,7.02,1.09,5.36,3.02,1.59,1.3,1.58,0,1.69,neutral,neutral,0,-0.115,32,3434,1,
s14850,LDOUSDT,1782996300000,testB,1,4.15,0.531,5.56,4.45,5,2.47,2.57,2.05,1.32,1.32,1,1.69,neutral,neutral,0,-0.164,32,3433,1,
s14851,SANDUSDT,1782996300000,testB,1,2.86,0.894,3.22,2.97,1.48,1.17,1.44,1.15,1.52,1.22,0,1.69,neutral,alcista,0,-0.479,32,3433,8,
s14852,WLDUSDT,1782997200000,train,1,4.1,0.429,6.08,4.22,0.85,2.1,1.03,1.02,1.09,1.07,0,2.0,neutral,neutral,0,0.913,32,3435,1,
s14853,OPUSDT,1782997200000,train,1,2.57,0.49,3.51,2.61,2.04,0.57,0.99,1.2,0.88,0.84,1,2.0,neutral,neutral,0,-0.538,32,3435,0,
s14854,JUPUSDT,1782997200000,train,1,8.4,0.703,8.39,7.99,0.93,6.41,3.69,1.79,1.41,1.5,0,2.0,neutral,alcista,0,-0.18,32,3435,2,
s14855,STXUSDT,1782997200000,testB,1,2.01,0.559,2.5,2.09,1.84,0.01,0.61,1.01,0.83,1.13,0,2.0,neutral,neutral,0,-0.486,32,3434,1,
s14856,LDOUSDT,1782997200000,testB,1,4.05,0.508,5.59,3.9,5,2.06,1.74,2.61,1.59,1.39,1,2.0,neutral,neutral,0,-0.03,32,3434,0,
s14857,SANDUSDT,1782997200000,testB,1,2.82,0.869,3.16,2.81,1.41,0.83,1.15,1.27,1.52,1.24,0,2.0,neutral,neutral,0,-0.426,32,3434,0,
s14858,ASTERUSDT,1782998100000,train,1,2.28,0.59,2.55,2.22,1.26,0.49,1.11,1.76,1.12,0.83,1,1.79,neutral,neutral,0,-1.0,6,3436,1,
s14859,WLDUSDT,1782998100000,train,1,4.37,0.444,5.75,4.21,0.97,2.58,1.15,1.02,1.09,1.07,0,1.79,neutral,alcista,0,0.988,32,3436,2,
s14860,OPUSDT,1782998100000,train,1,2.04,0.435,2.8,2.0,1.99,0.26,0.92,1.2,0.88,0.84,1,1.79,neutral,neutral,0,-0.85,32,3436,0,
s14861,JUPUSDT,1782998100000,train,1,7.36,0.57,9.03,6.85,0.96,5.57,2.39,1.79,1.41,1.5,0,1.79,neutral,neutral,0,-0.088,32,3436,0,
s14862,ARUSDT,1782998100000,testB,1,2.13,0.457,2.34,2.09,1.86,0.35,1.19,1.12,0.89,0.83,1,1.79,neutral,neutral,0,-0.381,32,3435,1,
s14863,LDOUSDT,1782998100000,testB,1,3.96,0.503,5.43,3.85,3.24,2.18,1.64,2.61,1.59,1.39,1,1.79,neutral,neutral,0,-0.05,32,3435,1,
s14864,SANDUSDT,1782998100000,testB,1,2.81,0.869,3.31,2.8,1.66,1.03,1.25,1.27,1.52,1.24,0,1.79,neutral,neutral,0,-0.485,32,3435,1,
s14865,APEUSDT,1782998100000,testB,1,2.1,0.429,2.81,2.19,1.71,0.31,1.05,0.61,0.5,0.57,0,1.79,neutral,neutral,0,-1.0,15,3435,1,
s14866,WLDUSDT,1782999000000,train,1,3.68,0.407,4.41,3.76,0.87,2.23,1.88,1.02,1.09,1.07,0,1.45,neutral,alcista,0,0.897,32,3437,3,
s14867,OPUSDT,1782999000000,train,1,2.03,0.435,2.89,2.39,1.34,0.58,1.38,1.2,0.88,0.84,1,1.45,neutral,neutral,0,-1.0,27,3437,1,
s14868,TIAUSDT,1782999000000,train,1,3.04,0.459,3.77,3.53,1.42,1.59,2.29,1.04,0.81,0.73,1,1.45,neutral,alcista,0,-1.0,17,3437,2,
s14869,SEIUSDT,1782999000000,train,1,2.02,0.53,2.57,2.39,0.96,0.58,1.42,0.96,0.85,0.84,1,1.45,neutral,alcista,0,-1.0,8,3437,2,
s14870,JUPUSDT,1782999000000,train,1,6.81,0.554,8.3,6.7,0.94,5.36,2.71,1.79,1.41,1.5,0,1.45,neutral,neutral,0,-0.192,32,3437,1,
s14871,FETUSDT,1782999000000,train,1,3.24,0.592,3.62,3.46,2.44,1.79,2.62,1.61,1.19,1.05,1,1.45,neutral,alcista,0,-0.141,32,3436,2,
s14872,ARUSDT,1782999000000,testB,1,2.17,0.462,2.81,2.57,1.99,0.72,1.61,1.12,0.89,0.83,1,1.45,neutral,alcista,0,-0.538,32,3436,2,
s14873,LDOUSDT,1782999000000,testB,1,3.6,0.481,4.42,3.85,2.59,2.15,2.41,2.61,1.59,1.39,1,1.45,neutral,alcista,0,-0.347,32,3436,2,
s14874,SANDUSDT,1782999000000,testB,1,2.98,0.877,3.24,3.14,1.2,1.54,1.91,1.27,1.52,1.24,0,1.45,neutral,alcista,0,-0.721,32,3436,2,
s14875,WLDUSDT,1782999900000,train,1,5.59,0.511,5.59,5.37,1.47,4.35,4.03,1.02,1.09,1.07,0,1.23,neutral,alcista,0,0.151,32,3438,4,
s14876,OPUSDT,1782999900000,train,1,2.13,0.447,2.88,2.68,1.5,0.89,1.64,1.2,0.88,0.84,1,1.23,neutral,alcista,0,-1.0,26,3438,2,
s14877,INJUSDT,1782999900000,train,1,3.26,0.509,4.68,4.64,2.4,2.02,3.09,1.0,0.97,1.03,0,1.23,neutral,alcista,0,-0.438,32,3438,4,
s14878,TIAUSDT,1782999900000,train,1,3.07,0.465,4.32,3.53,1.69,1.84,2.14,1.04,0.81,0.73,1,1.23,neutral,alcista,0,-1.0,16,3438,3,
s14879,SEIUSDT,1782999900000,train,1,2.1,0.54,2.51,2.43,1.08,0.87,1.61,0.96,0.85,0.84,1,1.23,neutral,alcista,0,-1.0,4,3438,3,
s14880,JUPUSDT,1782999900000,train,1,7.05,0.563,8.23,7.03,0.97,5.82,2.84,1.79,1.41,1.5,0,1.23,neutral,alcista,0,-0.244,32,3438,2,
s14881,FETUSDT,1782999900000,train,1,3.63,0.619,3.83,3.5,3.39,2.4,2.78,1.61,1.19,1.05,1,1.23,neutral,alcista,0,-0.185,32,3437,3,
s14882,ARUSDT,1782999900000,testB,1,2.72,0.519,3.48,3.19,2.3,1.49,2.08,1.12,0.89,0.83,1,1.23,neutral,alcista,0,-0.415,32,3437,3,
s14883,LDOUSDT,1782999900000,testB,1,3.48,0.458,4.32,3.52,1.37,2.25,2.03,2.61,1.59,1.39,1,1.23,neutral,neutral,0,-0.261,32,3437,0,
s14884,SANDUSDT,1782999900000,testB,1,2.35,0.609,3.08,2.44,1.47,1.12,1.25,1.27,1.52,1.24,0,1.23,neutral,neutral,0,-0.563,32,3437,0,
s14885,WLDUSDT,1783000800000,train,1,3.76,0.398,5.96,4.69,2.31,2.38,3.44,1.29,1.22,1.13,1,1.38,neutral,neutral,0,0.146,32,3439,0,
s14886,INJUSDT,1783000800000,train,1,3.05,0.459,4.7,4.13,2.98,1.67,2.25,1.18,1.07,1.06,1,1.38,neutral,neutral,0,-0.5,32,3439,0,
s14887,TIAUSDT,1783000800000,train,1,3.24,0.502,4.33,3.38,1.55,1.86,1.76,1.16,0.87,0.74,1,1.38,neutral,neutral,0,-1.0,15,3439,0,
s14888,JUPUSDT,1783000800000,train,1,6.51,0.497,8.28,6.39,0.84,5.13,1.93,2.09,1.56,1.5,1,1.38,neutral,neutral,0,-0.182,32,3439,0,
s14889,FETUSDT,1783000800000,train,1,2.72,0.485,3.73,3.08,3.88,1.34,2.19,1.93,1.33,1.07,1,1.38,neutral,neutral,0,-0.228,32,3438,0,
s14890,LDOUSDT,1783000800000,testB,1,3.2,0.429,4.32,3.44,0.97,1.81,1.73,2.99,1.83,1.34,1,1.38,neutral,neutral,0,-0.411,32,3438,0,
s14891,SANDUSDT,1783000800000,testB,1,2.22,0.576,3.08,2.38,1.77,0.84,1.03,1.32,1.55,1.21,0,1.38,neutral,neutral,0,-0.552,32,3438,0,
s14892,WLDUSDT,1783003500000,train,1,3.7,0.387,6.03,3.64,2.2,2.99,1.2,1.29,1.22,1.13,1,0.7,neutral,neutral,0,0.641,32,3442,0,
s14893,PUMPUSDT,1783004400000,train,-1,-4.64,0.465,6.53,6.26,1.01,-5.14,2.68,1.8,1.46,1.16,1,0.5,neutral,bajista,0,-0.128,32,3443,6,
s14894,PENDLEUSDT,1783005300000,train,-1,-2.08,0.382,3.74,3.43,1.67,-2.77,1.34,1.87,1.86,1.71,1,0.69,neutral,bajista,0,-1.0,9,3444,7,
s14895,PENDLEUSDT,1783006200000,train,-1,-2.04,0.372,3.73,3.28,1.6,-2.7,1.05,1.87,1.86,1.71,1,0.66,neutral,neutral,0,-1.0,8,3445,0,
s14896,ENAUSDT,1783008000000,train,-1,-2.59,0.399,5.35,5.03,1.14,-3.14,1.57,1.58,1.28,1.42,0,0.55,neutral,bajista,0,-0.136,32,3447,2,
s14897,AXSUSDT,1783008000000,testB,1,2.88,0.547,3.38,3.19,1.14,2.33,1.69,1.21,0.77,0.75,1,0.55,neutral,neutral,0,-0.576,32,3446,1,
s14898,ENAUSDT,1783008900000,train,-1,-3.17,0.448,6.04,5.83,1.12,-2.94,2.09,1.58,1.28,1.42,0,-0.23,neutral,bajista,0,-0.13,32,3448,3,
s14899,ARBUSDT,1783008900000,train,-1,-2.02,0.383,3.78,3.61,0.36,-1.78,1.17,1.67,1.53,1.3,1,-0.23,neutral,neutral,0,-0.094,32,3448,1,
s14900,AXSUSDT,1783008900000,testB,1,2.39,0.414,3.11,2.43,1.38,2.62,1.11,1.21,0.77,0.75,1,-0.23,neutral,neutral,0,-0.8,32,3447,0,
s14901,ENAUSDT,1783009800000,train,-1,-3.38,0.463,6.46,6.41,1.02,-3.47,2.35,1.58,1.28,1.42,0,0.09,neutral,bajista,0,-0.144,32,3449,4,
s14902,AXSUSDT,1783009800000,testB,1,2.38,0.414,3.1,2.42,1.14,2.29,1.2,1.21,0.77,0.75,1,0.09,neutral,neutral,0,-1.0,32,3448,1,
s14903,ENAUSDT,1783010700000,train,-1,-3.17,0.423,6.43,6.01,1.01,-3.39,1.91,1.58,1.28,1.42,0,0.23,neutral,neutral,0,-0.084,32,3450,0,
s14904,ENAUSDT,1783011600000,train,-1,-4.01,0.511,6.76,6.68,1.01,-4.17,2.26,1.65,1.3,1.46,0,0.17,neutral,neutral,0,-0.299,32,3451,1,
s14905,ENAUSDT,1783012500000,train,-1,-3.56,0.436,6.67,5.27,0.85,-3.85,0.82,1.65,1.3,1.46,0,0.28,neutral,neutral,0,-0.175,32,3452,0,
s14906,APEUSDT,1783012500000,testB,-1,-2.12,0.403,3.15,2.94,0.91,-2.41,1.15,0.77,0.57,0.57,1,0.28,neutral,bajista,0,0.119,32,3451,2,
s14907,0GUSDT,1783013400000,train,-1,-2.1,0.437,2.86,2.38,0.52,-1.78,0.42,0.7,1.1,0.98,0,-0.32,neutral,neutral,0,-1.0,26,3453,1,
s14908,ENAUSDT,1783013400000,train,-1,-3.4,0.41,6.63,4.63,0.79,-3.08,0.22,1.65,1.3,1.46,0,-0.32,neutral,neutral,0,-0.184,32,3453,0,
s14909,TIAUSDT,1783013400000,train,-1,-2.9,0.539,4.23,3.8,0.49,-2.58,0.84,1.22,0.94,0.8,1,-0.32,neutral,neutral,0,-0.071,32,3453,1,
s14910,SANDUSDT,1783013400000,testB,-1,-2.18,0.517,2.75,2.27,0.39,-1.87,0.38,1.37,1.23,1.3,0,-0.32,neutral,neutral,0,-0.532,32,3452,1,
s14911,APEUSDT,1783013400000,testB,-1,-2.46,0.474,3.16,2.73,0.89,-2.15,1.17,0.77,0.57,0.57,1,-0.32,neutral,bajista,0,-0.0,32,3452,3,
s14912,ASTERUSDT,1783014300000,train,-1,-2.07,0.657,2.79,2.21,0.26,-1.63,0.51,2.19,1.65,1.04,1,-0.44,neutral,bajista,0,-0.443,32,3454,2,
s14913,ENAUSDT,1783014300000,train,-1,-3.62,0.441,6.63,4.71,0.63,-3.18,0.3,1.65,1.3,1.46,0,-0.44,neutral,neutral,0,-0.251,32,3454,1,
s14914,INJUSDT,1783014300000,train,-1,-2.24,0.393,3.05,2.34,0.47,-1.81,-0.15,1.07,1.01,1.04,0,-0.44,neutral,neutral,0,-1.0,26,3454,1,
s14915,TIAUSDT,1783014300000,train,-1,-3.21,0.565,4.22,3.86,0.52,-2.78,0.98,1.22,0.94,0.8,1,-0.44,neutral,bajista,0,-0.162,32,3454,2,
s14916,SEIUSDT,1783014300000,train,-1,-2.45,0.508,3.84,3.05,0.24,-2.01,0.44,1.23,1.03,0.89,1,-0.44,neutral,bajista,0,-0.692,32,3454,2,
s14917,JUPUSDT,1783014300000,train,-1,-3.43,0.426,4.71,3.85,0.54,-3.0,1.42,1.71,1.58,1.47,1,-0.44,neutral,bajista,0,-0.118,32,3454,2,
s14918,TIAUSDT,1783015200000,train,-1,-2.72,0.462,3.74,3.04,0.48,-2.3,0.6,1.03,0.93,0.8,1,-0.42,neutral,neutral,0,0.045,32,3455,0,
s14919,SEIUSDT,1783015200000,train,-1,-2.28,0.459,3.75,2.73,0.28,-1.87,0.26,1.12,1.02,0.86,1,-0.42,neutral,neutral,0,-0.618,32,3455,0,
s14920,APEUSDT,1783015200000,testB,-1,-2.33,0.586,3.15,2.59,0.73,-1.91,0.89,0.6,0.56,0.54,1,-0.42,neutral,neutral,0,0.108,32,3454,1,
s14921,XPLUSDT,1783016100000,train,1,4.22,0.359,5.82,5.5,0.26,3.92,1.84,1.28,0.85,0.7,1,0.3,neutral,alcista,0,0.359,32,3456,2,
s14922,TIAUSDT,1783016100000,train,-1,-2.28,0.417,3.07,2.55,0.44,-2.58,0.97,1.03,0.93,0.8,1,0.3,neutral,neutral,0,-0.149,32,3456,1,
s14923,FETUSDT,1783016100000,train,1,2.52,0.377,3.42,3.05,0.75,2.22,1.2,2.23,1.66,1.22,1,0.3,neutral,neutral,0,-0.456,32,3455,0,
s14924,XPLUSDT,1783017000000,train,1,6.94,0.578,6.61,6.5,0.33,6.39,2.82,1.28,0.85,0.7,1,0.56,neutral,alcista,0,0.027,32,3457,3,
s14925,PENDLEUSDT,1783017000000,train,1,3.35,0.39,4.44,4.29,0.7,2.79,1.91,2.55,2.18,1.94,1,0.56,neutral,alcista,0,-0.367,32,3457,3,
s14926,FETUSDT,1783017000000,train,1,2.53,0.377,3.43,2.79,0.69,1.97,0.79,2.23,1.66,1.22,1,0.56,neutral,neutral,0,-0.481,32,3456,0,
s14927,APEUSDT,1783017000000,testB,-1,-2.06,0.625,2.88,2.53,0.44,-2.62,0.83,0.6,0.56,0.54,1,0.56,neutral,bajista,0,-0.083,32,3456,3,
s14928,XPLUSDT,1783017900000,train,1,5.09,0.438,6.19,5.37,0.37,4.99,1.8,1.28,0.85,0.7,1,0.1,neutral,neutral,0,0.188,32,3458,0,
s14929,FETUSDT,1783017900000,train,1,2.25,0.35,3.22,2.57,0.57,2.14,0.76,2.23,1.66,1.22,1,0.1,neutral,neutral,0,-0.562,32,3457,0,
s14930,XPLUSDT,1783018800000,train,1,5.89,0.486,6.63,5.93,0.52,5.75,2.52,1.35,0.9,0.72,1,0.13,neutral,neutral,0,-0.105,32,3459,1,
s14931,PENDLEUSDT,1783018800000,train,1,3.42,0.377,4.44,4.26,0.62,3.29,1.65,2.94,2.49,2.14,1,0.13,neutral,neutral,0,-0.418,32,3459,1,
s14932,APEUSDT,1783018800000,testB,-1,-2.0,0.617,2.61,2.47,0.57,-2.14,1.04,0.56,0.58,0.54,0,0.13,neutral,bajista,0,-0.371,32,3458,5,
s14933,PENDLEUSDT,1783019700000,train,1,4.04,0.459,4.43,4.4,1.15,4.19,1.63,2.94,2.49,2.14,1,-0.15,neutral,alcista,0,-0.315,32,3460,2,
s14934,WLDUSDT,1783020600000,train,1,2.91,0.418,3.99,3.59,0.74,3.1,1.02,1.01,1.01,0.98,1,-0.19,neutral,neutral,1,2.0,20,3461,0,
s14935,PENDLEUSDT,1783020600000,train,1,3.72,0.422,5.15,4.24,1.54,3.91,1.33,2.94,2.49,2.14,1,-0.19,neutral,neutral,0,-0.345,32,3461,0,
s14936,APEUSDT,1783020600000,testB,-1,-2.0,0.674,2.61,2.33,0.59,-1.81,0.83,0.56,0.58,0.54,0,-0.19,neutral,neutral,0,-0.394,32,3460,0,
s14937,XPLUSDT,1783021500000,train,1,5.49,0.43,6.64,5.78,0.57,5.71,1.91,1.35,0.9,0.72,1,-0.21,neutral,neutral,0,0.28,32,3462,1,
s14938,WLDUSDT,1783021500000,train,1,3.99,0.552,4.24,4.19,0.96,4.21,1.65,1.01,1.01,0.98,1,-0.21,neutral,neutral,1,2.0,23,3462,1,
s14939,APEUSDT,1783021500000,testB,-1,-2.0,0.674,2.61,2.25,1.41,-1.79,0.66,0.56,0.58,0.54,0,-0.21,neutral,neutral,0,-0.281,32,3461,0,
s14940,WLDUSDT,1783022400000,train,1,3.49,0.523,4.49,4.29,1.21,3.91,2.48,0.78,1.02,0.97,0,-0.41,neutral,alcista,1,2.0,24,3463,2,
s14941,ENAUSDT,1783024200000,train,1,2.1,0.375,3.08,2.38,0.45,2.19,0.2,1.09,1.18,1.4,0,-0.1,neutral,neutral,0,0.099,32,3465,1,
s14942,WLDUSDT,1783025100000,train,1,2.85,0.372,4.55,3.02,1.35,2.99,0.78,0.78,1.02,0.97,0,-0.15,neutral,alcista,1,2.0,15,3466,2,
s14943,ENAUSDT,1783026000000,train,1,2.45,0.493,3.03,2.42,0.43,2.86,0.33,0.75,1.1,1.39,0,-0.41,neutral,neutral,0,0.059,32,3467,0,
s14944,PUMPUSDT,1783033200000,train,-1,-2.45,0.388,3.11,2.97,0.61,-1.95,1.3,0.52,1.0,1.09,0,-0.5,neutral,neutral,0,-1.0,18,3475,1,
s14945,0GUSDT,1783036800000,train,1,3.46,0.643,3.72,3.44,1.57,3.48,2.18,0.72,0.68,0.91,0,-0.02,neutral,neutral,1,2.0,10,3479,1,
s14946,0GUSDT,1783037700000,train,1,4.71,0.731,4.55,4.46,2.73,4.87,3.06,0.72,0.68,0.91,0,-0.16,neutral,alcista,0,-0.175,32,3480,2,
s14947,WLDUSDT,1783037700000,train,1,5.02,0.612,6.08,5.19,2.89,5.18,3.61,1.16,1.14,1.07,1,-0.16,neutral,alcista,0,0.111,32,3480,3,
s14948,0GUSDT,1783038600000,train,1,3.36,0.455,4.55,3.34,3.66,3.4,1.76,0.72,0.68,0.91,0,-0.04,neutral,neutral,1,2.0,8,3481,0,
s14949,WLDUSDT,1783038600000,train,1,7.27,0.696,7.76,7.46,5,7.31,5.44,1.16,1.14,1.07,1,-0.04,neutral,alcista,0,-0.186,32,3481,4,
s14950,INJUSDT,1783038600000,train,1,2.2,0.465,3.3,2.3,4.01,2.24,1.34,0.63,0.82,0.89,0,-0.04,neutral,alcista,0,0.722,32,3481,3,
s14951,0GUSDT,1783039500000,train,1,3.62,0.475,4.56,3.59,5,4.07,2.43,0.72,0.68,0.91,0,-0.44,neutral,neutral,1,2.0,7,3482,1,
s14952,WLDUSDT,1783039500000,train,1,6.21,0.545,7.84,6.58,5,6.65,3.85,1.16,1.14,1.07,1,-0.44,neutral,neutral,0,-0.176,32,3482,0,
s14953,0GUSDT,1783040400000,train,1,4.53,0.531,4.61,4.43,3.7,4.35,3.01,1.04,0.79,0.95,0,0.18,neutral,alcista,0,-0.381,32,3483,2,
s14954,WLDUSDT,1783040400000,train,1,6.97,0.613,7.81,6.87,5,6.79,3.99,1.47,1.22,1.15,1,0.18,neutral,neutral,0,-0.158,32,3483,1,
s14955,INJUSDT,1783040400000,train,1,2.74,0.453,3.26,2.86,3.64,2.56,1.76,0.66,0.74,0.86,0,0.18,neutral,neutral,0,0.252,32,3483,1,
s14956,0GUSDT,1783041300000,train,1,5.0,0.556,5.35,4.95,3.55,4.96,3.2,1.04,0.79,0.95,0,0.04,neutral,alcista,0,-0.45,32,3484,3,
s14957,INJUSDT,1783041300000,train,1,2.57,0.439,3.37,3.14,1.58,2.53,1.88,0.66,0.74,0.86,0,0.04,neutral,alcista,0,0.161,32,3484,2,
s14958,0GUSDT,1783042200000,train,1,5.3,0.587,5.48,5.03,2.97,5.06,2.92,1.04,0.79,0.95,0,0.23,neutral,alcista,0,-0.477,32,3485,4,
s14959,OPUSDT,1783042200000,train,1,3.37,0.647,3.85,3.56,2.37,3.14,2.16,0.56,0.67,0.78,0,0.23,neutral,neutral,0,0.194,32,3485,1,
s14960,INJUSDT,1783042200000,train,1,2.92,0.47,3.91,3.57,1.33,2.68,2.11,0.66,0.74,0.86,0,0.23,neutral,alcista,0,0.106,32,3485,3,
s14961,SEIUSDT,1783042200000,train,1,2.71,0.466,3.21,3.01,1.34,2.48,1.75,0.63,0.83,0.84,0,0.23,neutral,alcista,0,0.381,32,3485,3,
s14962,0GUSDT,1783043100000,train,1,3.56,0.369,5.45,3.85,2.35,3.57,1.59,1.04,0.79,0.95,0,-0.01,neutral,neutral,0,-0.286,32,3486,0,
s14963,OPUSDT,1783043100000,train,1,2.75,0.551,3.96,3.37,2.51,2.75,1.78,0.56,0.67,0.78,0,-0.01,neutral,neutral,0,0.206,32,3486,0,
s14964,INJUSDT,1783043100000,train,1,3.46,0.513,4.16,4.07,1.28,3.46,2.38,0.66,0.74,0.86,0,-0.01,neutral,alcista,0,-0.031,32,3486,4,
s14965,SEIUSDT,1783043100000,train,1,2.56,0.452,2.84,2.66,1.6,2.57,1.61,0.63,0.83,0.84,0,-0.01,neutral,neutral,0,0.392,32,3486,0,
s14966,XPLUSDT,1783044000000,train,1,2.66,0.359,4.24,3.5,1.38,2.67,1.59,0.38,0.78,0.68,0,-0.01,neutral,neutral,0,0.097,32,3487,0,
s14967,0GUSDT,1783044000000,train,1,4.66,0.454,5.41,4.64,2.26,4.67,2.17,2.37,1.36,1.28,1,-0.01,neutral,neutral,0,-0.363,32,3487,1,
s14968,OPUSDT,1783044000000,train,1,3.16,0.608,3.95,3.65,2.49,3.17,1.91,0.63,0.62,0.79,0,-0.01,neutral,neutral,0,0.324,32,3487,1,
s14969,INJUSDT,1783044000000,train,1,3.5,0.518,4.81,3.57,1.98,3.51,1.6,0.79,0.69,0.89,0,-0.01,neutral,neutral,0,0.147,32,3487,0,
s14970,SEIUSDT,1783044000000,train,1,2.39,0.41,2.99,2.42,1.71,2.4,1.27,0.79,0.75,0.87,0,-0.01,neutral,neutral,0,0.686,32,3487,0,
s14971,ONDOUSDT,1783044000000,train,1,2.05,0.65,2.34,2.1,1.93,2.06,0.95,0.78,0.82,1.12,0,-0.01,neutral,neutral,0,-0.414,32,3486,1,
s14972,0GUSDT,1783044900000,train,1,4.95,0.468,5.39,4.94,1.22,5.15,2.28,2.37,1.36,1.28,1,-0.2,neutral,alcista,0,-0.33,32,3488,2,
s14973,OPUSDT,1783044900000,train,1,2.96,0.547,4.17,3.17,2.62,3.16,1.31,0.63,0.62,0.79,0,-0.2,neutral,neutral,0,0.562,32,3488,0,
s14974,INJUSDT,1783044900000,train,1,3.05,0.422,4.84,3.02,1.72,3.25,0.91,0.79,0.69,0.89,0,-0.2,neutral,neutral,0,0.42,32,3488,0,
s14975,SEIUSDT,1783044900000,train,1,2.18,0.369,3.22,2.2,2.05,2.38,1.05,0.79,0.75,0.87,0,-0.2,neutral,neutral,0,0.841,32,3488,0,
s14976,OPUSDT,1783045800000,train,1,2.97,0.547,4.17,3.08,1.15,3.22,1.04,0.63,0.62,0.79,0,-0.25,neutral,neutral,0,0.742,32,3489,0,
s14977,INJUSDT,1783045800000,train,1,3.11,0.427,4.66,3.08,1.61,3.36,1.04,0.79,0.69,0.89,0,-0.25,neutral,neutral,0,0.459,32,3489,1,
s14978,GRTUSDT,1783045800000,testB,1,2.0,0.621,2.45,1.96,1.89,2.25,0.92,0.68,0.55,0.74,0,-0.25,neutral,alcista,0,1.083,32,3488,3,
s14979,OPUSDT,1783046700000,train,1,3.06,0.556,3.96,3.17,1.01,3.12,1.23,0.63,0.62,0.79,0,-0.05,neutral,neutral,0,0.75,32,3490,1,
s14980,OPUSDT,1783047600000,train,1,2.24,0.379,3.59,2.19,0.77,2.29,0.61,0.63,0.58,0.77,0,-0.05,neutral,neutral,0,1.409,32,3491,0,
s14981,GRTUSDT,1783047600000,testB,1,2.38,0.705,2.54,2.49,2.32,2.43,1.41,0.95,0.71,0.8,0,-0.05,neutral,alcista,0,0.478,32,3490,5,
s14982,GRTUSDT,1783048500000,testB,1,2.98,0.75,3.33,3.27,2.42,2.93,2.02,0.95,0.71,0.8,0,0.05,neutral,alcista,0,0.115,32,3491,6,
s14983,PUMPUSDT,1783049400000,train,1,2.62,0.364,3.83,3.39,1.71,2.76,1.89,0.38,0.54,1.02,0,-0.14,neutral,alcista,0,0.396,32,3493,2,
s14984,GRTUSDT,1783049400000,testB,1,3.09,0.757,3.69,3.53,1.93,3.23,2.01,0.95,0.71,0.8,0,-0.14,neutral,alcista,0,0.091,32,3492,7,
s14985,PUMPUSDT,1783050300000,train,1,3.09,0.431,3.89,3.57,2.17,3.31,1.95,0.38,0.54,1.02,0,-0.22,neutral,alcista,0,0.321,32,3494,3,
s14986,WLDUSDT,1783050300000,train,1,6.04,0.38,8.35,5.74,0.51,6.25,1.97,1.85,1.26,1.23,1,-0.22,neutral,alcista,0,-0.114,32,3494,3,
s14987,OPUSDT,1783050300000,train,1,2.43,0.4,3.17,2.47,0.39,2.65,1.02,0.63,0.58,0.77,0,-0.22,neutral,neutral,0,1.2,32,3494,1,
s14988,GRTUSDT,1783050300000,testB,1,4.09,0.841,4.72,4.35,2.83,4.3,2.62,0.95,0.71,0.8,0,-0.22,neutral,alcista,0,-0.183,32,3493,8,
s14989,PUMPUSDT,1783051200000,train,1,2.62,0.377,3.9,3.45,2.4,2.61,1.57,0.43,0.52,1.0,0,0.01,neutral,neutral,0,0.37,32,3495,0,
s14990,OPUSDT,1783051200000,train,1,2.33,0.39,2.96,2.37,0.42,2.31,0.91,0.72,0.58,0.78,0,0.01,neutral,neutral,0,1.792,32,3495,0,
s14991,GRTUSDT,1783051200000,testB,1,2.65,0.429,4.78,3.06,3.22,2.64,1.1,1.16,0.81,0.84,0,0.01,neutral,neutral,0,0.281,32,3494,0,
s14992,PUMPUSDT,1783052100000,train,1,3.43,0.542,3.89,3.51,2.01,3.21,1.45,0.43,0.52,1.0,0,0.22,neutral,neutral,0,0.109,32,3496,1,
s14993,OPUSDT,1783052100000,train,1,2.12,0.368,2.96,2.37,0.48,1.9,0.81,0.72,0.58,0.78,0,0.22,neutral,neutral,0,1.333,32,3496,1,
s14994,SEIUSDT,1783052100000,train,1,2.38,0.422,3.04,2.67,0.59,2.16,1.18,0.92,0.66,0.87,0,0.22,neutral,alcista,0,0.389,32,3496,5,
s14995,GRTUSDT,1783052100000,testB,1,2.93,0.495,4.78,3.06,2.69,2.72,0.98,1.16,0.81,0.84,0,0.22,neutral,neutral,0,0.123,32,3495,0,
s14996,XPLUSDT,1783053000000,train,1,4.23,0.393,5.12,4.19,1.32,3.97,1.31,0.45,0.51,0.67,0,0.26,neutral,neutral,1,2.0,30,3497,1,
s14997,PUMPUSDT,1783053000000,train,1,4.35,0.6,4.42,4.42,1.8,4.09,2.33,0.43,0.52,1.0,0,0.26,neutral,alcista,0,0.057,32,3497,2,
s14998,OPUSDT,1783053000000,train,1,2.02,0.357,2.87,2.27,0.64,1.76,0.78,0.72,0.58,0.78,0,0.26,neutral,neutral,0,1.261,32,3497,0,
s14999,GRTUSDT,1783053000000,testB,1,3.49,0.548,4.6,3.37,2.48,3.23,1.34,1.16,0.81,0.84,0,0.26,neutral,neutral,0,-0.127,32,3496,1,
s15000,APEUSDT,1783053000000,testB,1,2.56,0.563,2.49,2.49,0.96,2.3,1.29,0.32,0.38,0.45,0,0.26,neutral,alcista,0,0.417,32,3496,2,
s15001,SEIUSDT,1783053900000,train,1,2.3,0.353,2.82,2.29,1.23,2.08,0.93,0.92,0.66,0.87,0,0.22,neutral,neutral,0,0.652,32,3498,1,
s15002,GRTUSDT,1783053900000,testB,1,3.15,0.487,4.5,3.06,1.25,2.93,1.01,1.16,0.81,0.84,0,0.22,neutral,neutral,0,-0.053,32,3497,0,
s15003,MANAUSDT,1783053900000,testB,1,2.04,0.619,2.76,2.15,1.5,1.81,1.05,0.77,0.65,0.8,0,0.22,neutral,alcista,1,2.0,6,3497,2,
s15004,APEUSDT,1783053900000,testB,1,2.33,0.541,2.63,2.35,1.29,2.11,1.28,0.32,0.38,0.45,0,0.22,neutral,alcista,0,0.588,32,3497,3,
s15005,GRTUSDT,1783054800000,testB,1,2.57,0.439,3.63,2.62,0.81,2.73,1.34,1.35,0.88,0.87,1,-0.16,neutral,neutral,0,-0.122,32,3498,1,
s15006,GRTUSDT,1783055700000,testB,1,2.3,0.375,3.64,2.36,0.88,2.19,0.97,1.35,0.88,0.87,1,0.11,neutral,neutral,0,0.023,32,3499,0,
s15007,MANAUSDT,1783056600000,testB,1,2.02,0.619,2.28,2.13,2.0,1.97,1.61,0.91,0.71,0.82,0,0.05,neutral,alcista,1,2.0,3,3500,2,
s15008,MANAUSDT,1783057500000,testB,1,2.02,0.619,2.43,2.28,1.19,1.84,1.53,0.91,0.71,0.82,0,0.18,neutral,alcista,1,2.0,2,3501,3,
s15009,PUMPUSDT,1783058400000,train,1,3.19,0.363,4.1,3.91,0.93,2.86,1.6,0.52,0.47,0.96,0,0.33,neutral,neutral,0,0.081,32,3503,1,
s15010,MANAUSDT,1783058400000,testB,1,4.35,0.875,4.17,4.17,2.86,4.03,3.17,14.57,7.37,4.2,1,0.33,neutral,alcista,1,2.0,24,3502,4,
s15011,SANDUSDT,1783059300000,testB,1,3.7,0.624,4.71,4.21,5,3.19,3.07,2.07,1.23,1.21,1,0.51,neutral,alcista,0,0.711,32,3503,6,
s15012,AXSUSDT,1783059300000,testB,1,3.38,0.68,4.04,3.75,5,2.87,2.68,1.26,0.8,0.83,0,0.51,neutral,alcista,0,0.103,32,3503,2,
s15013,0GUSDT,1783060200000,train,-1,-4.09,0.648,5.24,4.73,0.26,-4.53,1.15,2.82,1.74,1.43,1,0.44,neutral,bajista,0,-0.294,32,3505,2,
s15014,FETUSDT,1783060200000,train,1,2.06,0.487,3.03,2.71,2.06,1.63,1.4,0.76,0.69,1.2,0,0.44,neutral,alcista,0,-0.235,32,3504,7,
s15015,STBLUSDT,1783061100000,train,1,2.11,0.529,5.39,2.75,5,1.67,1.49,1.32,0.83,1.14,0,0.44,neutral,neutral,0,0.125,32,3506,0,
s15016,0GUSDT,1783061100000,train,-1,-3.49,0.609,4.87,4.36,0.4,-3.93,1.15,2.82,1.74,1.43,1,0.44,neutral,bajista,0,-0.34,32,3506,3,
s15017,FETUSDT,1783061100000,train,1,2.39,0.55,3.03,2.92,1.92,1.96,1.51,0.76,0.69,1.2,0,0.44,neutral,alcista,0,-0.091,32,3505,8,
s15018,STBLUSDT,1783062000000,train,1,2.77,0.64,5.4,3.23,5,2.17,1.81,2.01,1.17,1.3,0,0.6,neutral,neutral,0,-0.082,32,3507,1,
s15019,0GUSDT,1783062000000,train,-1,-3.02,0.573,4.6,4.27,0.54,-3.62,1.25,2.49,1.75,1.41,1,0.6,neutral,bajista,0,-0.337,32,3507,4,
s15020,FETUSDT,1783062000000,train,1,2.24,0.494,3.05,2.3,1.66,1.64,0.74,0.84,0.7,1.22,0,0.6,neutral,neutral,0,0.093,32,3506,0,
s15021,SANDUSDT,1783062000000,testB,1,3.43,0.457,4.75,3.36,5,2.83,1.74,2.66,1.48,1.32,1,0.6,neutral,alcista,0,1.12,32,3506,2,
s15022,STBLUSDT,1783062900000,train,1,3.82,0.71,5.34,4.36,5,3.46,2.71,2.01,1.17,1.3,0,0.36,neutral,alcista,0,-0.31,32,3508,2,
s15023,0GUSDT,1783062900000,train,-1,-2.98,0.569,3.49,3.3,0.49,-3.34,1.52,2.49,1.75,1.41,1,0.36,neutral,bajista,0,-0.394,32,3508,5,
s15024,TIAUSDT,1783062900000,train,1,2.53,0.417,3.36,3.26,1.17,2.17,1.75,0.61,0.52,0.73,0,0.36,neutral,neutral,1,2.0,19,3508,1,
s15025,SANDUSDT,1783062900000,testB,1,3.13,0.435,4.48,3.16,3.59,2.77,1.64,2.66,1.48,1.32,1,0.36,neutral,alcista,1,2.0,20,3507,3,
s15026,XPLUSDT,1783063800000,train,1,3.49,0.439,3.6,3.48,1.92,2.79,2.6,0.47,0.41,0.66,0,0.7,neutral,alcista,1,2.0,19,3509,2,
s15027,STBLUSDT,1783063800000,train,1,4.02,0.752,5.41,4.43,2.21,3.32,2.61,2.01,1.17,1.3,0,0.7,neutral,alcista,0,-0.373,32,3509,3,
s15028,TIAUSDT,1783063800000,train,1,2.99,0.482,3.94,3.54,1.94,2.29,1.78,0.61,0.52,0.73,0,0.7,neutral,alcista,1,2.0,18,3509,2,
s15029,FETUSDT,1783063800000,train,1,2.12,0.459,2.87,2.55,0.93,1.42,1.04,0.84,0.7,1.22,0,0.7,neutral,neutral,0,-0.375,32,3508,1,
s15030,SANDUSDT,1783063800000,testB,1,3.36,0.458,4.48,3.33,1.11,2.66,1.63,2.66,1.48,1.32,1,0.7,neutral,alcista,0,1.042,32,3508,4,
s15031,STBLUSDT,1783064700000,train,1,5.12,0.804,5.72,5.39,2.54,4.59,3.32,2.01,1.17,1.3,0,0.53,neutral,alcista,0,-0.476,32,3510,4,
s15032,0GUSDT,1783064700000,train,-1,-2.0,0.431,3.53,2.97,0.35,-2.53,0.97,2.49,1.75,1.41,1,0.53,neutral,neutral,0,-0.516,32,3510,1,
s15033,SEIUSDT,1783064700000,train,1,2.08,0.393,2.48,2.34,1.39,1.55,1.32,0.82,0.72,0.86,0,0.53,neutral,alcista,0,0.241,32,3510,5,
s15034,SANDUSDT,1783064700000,testB,1,3.66,0.48,4.45,3.93,1.09,3.13,2.13,2.66,1.48,1.32,1,0.53,neutral,alcista,0,0.792,32,3509,5,
s15035,STBLUSDT,1783065600000,train,1,5.53,0.898,5.98,5.46,1.36,5.01,3.04,2.01,1.22,1.13,1,0.52,neutral,alcista,0,-0.537,32,3511,5,
s15036,0GUSDT,1783065600000,train,-1,-2.32,0.486,3.54,3.21,0.39,-2.84,1.06,1.19,1.77,1.32,0,0.52,neutral,bajista,0,-0.333,32,3511,2,
s15037,SANDUSDT,1783065600000,testB,1,4.17,0.542,4.8,4.14,1.07,3.65,2.11,3.48,1.85,1.48,1,0.52,neutral,alcista,0,0.524,32,3510,6,
s15038,STBLUSDT,1783066500000,train,1,5.41,0.863,5.91,5.28,1.13,4.85,2.65,2.01,1.22,1.13,1,0.56,neutral,neutral,0,-0.563,32,3512,0,
s15039,SANDUSDT,1783066500000,testB,1,4.74,0.574,4.6,4.6,1.02,4.17,2.63,3.48,1.85,1.48,1,0.56,neutral,alcista,0,0.399,32,3511,7,
s15040,STBLUSDT,1783067400000,train,1,5.21,0.816,5.88,5.1,0.85,4.62,2.26,2.01,1.22,1.13,1,0.59,neutral,neutral,0,-0.54,32,3513,0,
s15041,0GUSDT,1783067400000,train,-1,-2.17,0.444,3.51,2.5,0.49,-2.76,0.18,1.19,1.77,1.32,0,0.59,neutral,neutral,0,-0.093,32,3513,0,
s15042,TIAUSDT,1783067400000,train,1,5.09,0.63,8.05,5.44,5,4.5,2.88,1.32,0.84,0.9,0,0.59,neutral,neutral,0,0.948,32,3513,1,
s15043,FETUSDT,1783067400000,train,1,2.17,0.426,3.46,2.45,1.33,1.58,0.84,0.86,0.72,1.23,0,0.59,neutral,neutral,0,-0.283,32,3512,1,
s15044,SANDUSDT,1783067400000,testB,1,3.41,0.361,4.86,3.44,1.31,2.82,1.21,3.48,1.85,1.48,1,0.59,neutral,neutral,0,1.041,32,3512,0,
s15045,AXSUSDT,1783067400000,testB,1,2.68,0.36,3.78,2.81,1.02,2.09,1.25,1.75,1.04,0.95,1,0.59,neutral,alcista,0,0.517,32,3512,2,
s15046,STBLUSDT,1783068300000,train,1,4.86,0.729,5.9,4.82,0.46,4.64,1.81,2.01,1.22,1.13,1,0.22,neutral,neutral,0,-0.504,32,3514,0,
s15047,TIAUSDT,1783068300000,train,1,5.18,0.646,8.06,5.32,5,4.96,2.52,1.32,0.84,0.9,0,0.22,neutral,neutral,0,0.849,32,3514,0,
s15048,STBLUSDT,1783069200000,train,1,5.61,0.773,5.86,5.42,0.32,5.34,2.22,2.1,1.25,1.08,1,0.26,neutral,neutral,0,-0.589,32,3515,1,
s15049,TIAUSDT,1783069200000,train,1,5.83,0.673,7.59,5.59,0.98,5.57,2.99,1.75,1.05,0.98,1,0.26,neutral,neutral,0,0.581,32,3515,1,
s15050,FETUSDT,1783069200000,train,1,2.01,0.366,3.41,2.29,0.71,1.75,0.67,0.88,0.73,1.18,0,0.26,neutral,neutral,0,-0.116,32,3514,1,
s15051,STBLUSDT,1783070100000,train,1,5.41,0.742,5.98,5.31,0.34,5.32,1.89,2.1,1.25,1.08,1,0.08,neutral,neutral,0,-0.587,32,3516,0,
s15052,TIAUSDT,1783070100000,train,1,5.66,0.668,6.94,5.43,1.64,5.58,3.15,1.75,1.05,0.98,1,0.08,neutral,alcista,0,0.387,32,3516,2,
s15053,STBLUSDT,1783071000000,train,1,5.67,0.751,5.96,5.66,0.29,5.74,2.05,2.1,1.25,1.08,1,-0.07,neutral,neutral,0,-0.621,32,3517,1,
s15054,TIAUSDT,1783071000000,train,1,5.83,0.675,6.63,5.63,1.51,5.89,3.35,1.75,1.05,0.98,1,-0.07,neutral,alcista,0,0.507,32,3517,3,
s15055,STBLUSDT,1783071900000,train,1,5.44,0.698,5.9,5.35,0.26,5.42,1.62,2.1,1.25,1.08,1,0.02,neutral,neutral,0,-0.639,32,3518,0,
s15056,TIAUSDT,1783071900000,train,1,5.57,0.666,6.55,5.56,1.4,5.55,3.0,1.75,1.05,0.98,1,0.02,neutral,neutral,0,0.39,32,3518,0,
s15057,STBLUSDT,1783072800000,train,1,3.42,0.574,4.27,3.6,0.17,3.43,1.35,2.17,1.31,1.07,1,-0.01,neutral,neutral,0,-1.0,17,3519,0,
s15058,TIAUSDT,1783072800000,train,1,5.46,0.662,6.53,5.89,1.29,5.47,2.95,2.1,1.25,1.06,1,-0.01,neutral,neutral,0,0.254,32,3519,1,
s15059,MANAUSDT,1783072800000,testB,1,5.51,0.389,7.91,5.37,0.22,5.52,3.33,22.11,10.94,5.88,1,-0.01,neutral,alcista,1,2.0,8,3518,4,
s15060,STBLUSDT,1783073700000,train,1,3.07,0.494,4.14,3.17,0.2,3.04,0.93,2.17,1.31,1.07,1,0.04,neutral,neutral,0,-1.0,16,3520,0,
s15061,TIAUSDT,1783073700000,train,1,6.7,0.714,7.11,6.93,0.89,6.66,3.65,2.1,1.25,1.06,1,0.04,neutral,alcista,0,0.043,32,3520,2,
s15062,STBLUSDT,1783074600000,train,1,3.05,0.494,4.26,3.7,0.28,2.44,1.49,2.17,1.31,1.07,1,0.61,neutral,neutral,0,-1.0,15,3521,1,
s15063,OPUSDT,1783074600000,train,1,2.08,0.488,2.43,2.23,1.87,1.47,1.3,0.72,0.7,0.77,0,0.61,neutral,alcista,0,1.522,32,3521,3,
s15064,INJUSDT,1783074600000,train,1,2.06,0.536,2.12,1.99,1.12,1.45,1.04,0.65,0.73,0.76,0,0.61,neutral,alcista,0,1.052,32,3521,3,
s15065,TIAUSDT,1783074600000,train,1,6.06,0.6,7.08,5.79,0.97,5.45,2.23,2.1,1.25,1.06,1,0.61,neutral,neutral,0,0.167,32,3521,0,
s15066,AXSUSDT,1783074600000,testB,1,2.16,0.647,2.69,2.69,0.47,1.55,1.22,1.95,1.17,1.0,1,0.61,neutral,alcista,0,0.286,32,3520,3,
s15067,STBLUSDT,1783075500000,train,1,3.06,0.494,4.26,3.52,0.36,2.72,0.94,2.17,1.31,1.07,1,0.33,neutral,neutral,0,-1.0,14,3522,0,
s15068,OPUSDT,1783075500000,train,1,2.27,0.511,2.71,2.61,1.83,1.94,1.46,0.72,0.7,0.77,0,0.33,neutral,alcista,0,1.148,32,3522,4,
s15069,TIAUSDT,1783075500000,train,1,5.21,0.511,7.12,5.36,0.95,4.87,1.53,2.1,1.25,1.06,1,0.33,neutral,neutral,0,0.162,32,3522,0,
s15070,MANAUSDT,1783075500000,testB,1,3.51,0.364,4.24,4.1,0.84,3.17,2.29,22.11,10.94,5.88,1,0.33,neutral,alcista,1,2.0,5,3521,2,
s15071,AXSUSDT,1783075500000,testB,1,2.06,0.6,2.69,2.5,0.66,1.73,0.9,1.95,1.17,1.0,1,0.33,neutral,neutral,0,0.423,32,3521,0,
s15072,XPLUSDT,1783076400000,train,1,4.93,0.373,5.22,5.09,2.32,4.41,3.13,1.18,0.79,0.83,0,0.51,neutral,alcista,1,2.0,16,3523,4,
s15073,STBLUSDT,1783076400000,train,1,2.85,0.478,3.99,3.14,0.7,2.34,1.11,2.41,1.42,1.11,1,0.51,neutral,neutral,0,-1.0,12,3523,1,
s15074,OPUSDT,1783076400000,train,1,2.48,0.556,2.9,2.71,1.29,1.96,1.42,0.82,0.75,0.78,0,0.51,neutral,alcista,0,1.179,32,3523,5,
s15075,INJUSDT,1783076400000,train,1,2.57,0.604,2.96,2.53,1.97,2.06,1.64,0.79,0.81,0.78,0,0.51,neutral,alcista,0,0.008,32,3523,5,
s15076,TIAUSDT,1783076400000,train,1,6.21,0.57,6.88,5.92,0.96,5.7,2.11,2.29,1.35,1.08,1,0.51,neutral,neutral,0,-0.06,32,3523,1,
s15077,AXSUSDT,1783076400000,testB,1,2.06,0.6,2.88,2.69,0.78,1.54,0.68,2.02,1.25,1.02,1,0.51,neutral,neutral,0,0.464,32,3522,1,
s15078,XPLUSDT,1783077300000,train,1,4.67,0.362,5.75,5.54,2.0,4.31,3.3,1.18,0.79,0.83,0,0.36,neutral,alcista,1,2.0,20,3524,5,
s15079,0GUSDT,1783077300000,train,1,2.23,0.585,2.73,2.64,1.58,1.87,1.37,0.67,1.87,1.18,0,0.36,neutral,alcista,0,-0.276,32,3524,7,
s15080,OPUSDT,1783077300000,train,1,2.08,0.429,2.91,2.23,1.35,1.72,0.87,0.82,0.75,0.78,0,0.36,neutral,neutral,0,1.957,32,3524,0,
s15081,TIAUSDT,1783077300000,train,1,4.08,0.414,5.75,4.22,0.56,3.72,1.46,2.29,1.35,1.08,1,0.36,neutral,neutral,0,0.259,32,3524,0,
s15082,OPUSDT,1783078200000,train,1,2.27,0.451,2.8,2.7,1.09,2.16,1.38,0.82,0.75,0.78,0,0.11,neutral,neutral,0,1.429,32,3525,1,
s15083,INJUSDT,1783078200000,train,1,2.64,0.612,3.26,3.26,2.4,2.53,2.1,0.79,0.81,0.78,0,0.11,neutral,alcista,0,-0.138,32,3525,7,
s15084,TIAUSDT,1783078200000,train,1,4.7,0.449,5.52,4.89,0.48,4.59,2.09,2.29,1.35,1.08,1,0.11,neutral,neutral,0,-0.041,32,3525,1,
s15085,MANAUSDT,1783078200000,testB,1,3.94,0.36,4.49,4.21,0.73,3.83,2.25,23.64,11.69,6.21,1,0.11,neutral,alcista,1,2.0,2,3524,2,
s15086,XPLUSDT,1783079100000,train,1,5.01,0.419,7.43,7.29,1.99,4.59,4.37,1.18,0.79,0.83,0,0.42,neutral,alcista,0,0.242,32,3526,7,
s15087,OPUSDT,1783079100000,train,1,2.87,0.547,3.17,3.07,1.15,2.45,1.61,0.82,0.75,0.78,0,0.42,neutral,alcista,0,1.125,32,3526,2,
s15088,INJUSDT,1783079100000,train,1,3.3,0.773,3.72,3.54,1.78,2.88,2.17,0.79,0.81,0.78,0,0.42,neutral,alcista,0,-0.31,32,3526,8,
s15089,TIAUSDT,1783079100000,train,1,5.14,0.5,5.47,4.94,0.46,4.72,2.0,2.29,1.35,1.08,1,0.42,neutral,alcista,0,-0.087,32,3526,2,
s15090,MANAUSDT,1783079100000,testB,1,4.8,0.407,5.0,4.86,0.88,4.38,2.89,23.64,11.69,6.21,1,0.42,neutral,alcista,1,2.0,1,3525,3,
s15091,ARBUSDT,1783080000000,train,1,2.44,0.535,2.71,2.53,2.47,1.79,1.57,0.9,0.81,0.94,0,0.65,neutral,alcista,0,0.079,32,3527,7,
s15092,OPUSDT,1783080000000,train,1,4.46,0.692,4.45,4.36,1.66,3.8,2.7,1.07,0.85,0.77,1,0.65,neutral,alcista,0,0.63,32,3527,3,
s15093,INJUSDT,1783080000000,train,1,3.26,0.756,3.89,3.36,1.81,2.61,1.68,0.92,0.79,0.79,0,0.65,neutral,neutral,0,-0.242,32,3527,0,
s15094,TIAUSDT,1783080000000,train,1,6.45,0.56,6.68,6.53,0.85,5.8,4.06,2.84,1.63,1.17,1,0.65,neutral,alcista,0,-0.376,32,3527,3,
s15095,STXUSDT,1783080000000,testB,1,2.38,0.588,2.5,2.44,0.88,1.73,1.29,0.94,0.84,0.8,1,0.65,neutral,alcista,0,-0.143,32,3526,2,
s15096,LDOUSDT,1783080000000,testB,1,2.65,0.527,3.36,3.06,1.38,1.99,1.6,1.38,0.98,1.25,0,0.65,neutral,alcista,0,0.061,32,3526,3,
s15097,SANDUSDT,1783080000000,testB,1,4.52,0.527,5.96,5.44,2.54,3.86,4.08,4.46,3.14,1.95,1,0.65,neutral,alcista,0,-0.423,32,3526,7,
s15098,AXSUSDT,1783080000000,testB,1,3.4,0.686,3.76,3.48,2.18,2.75,2.48,2.14,1.64,1.19,1,0.65,neutral,alcista,0,0.135,32,3526,3,
s15099,OPUSDT,1783080900000,train,1,3.37,0.447,4.5,3.35,1.94,3.09,1.41,1.07,0.85,0.77,1,0.27,neutral,neutral,0,1.114,32,3528,0,
s15100,INJUSDT,1783080900000,train,1,2.23,0.427,3.93,2.45,1.9,1.95,0.66,0.92,0.79,0.79,0,0.27,neutral,neutral,0,0.176,32,3528,0,
s15101,TIAUSDT,1783080900000,train,1,4.69,0.352,6.58,4.53,1.55,4.41,1.87,2.84,1.63,1.17,1,0.27,neutral,neutral,0,0.017,32,3528,0,
s15102,LDOUSDT,1783080900000,testB,1,2.57,0.504,3.37,2.85,1.75,2.3,1.22,1.38,0.98,1.25,0,0.27,neutral,neutral,0,0.263,32,3527,0,
s15103,SANDUSDT,1783080900000,testB,1,4.28,0.515,6.15,5.96,3.87,4.01,4.17,4.46,3.14,1.95,1,0.27,neutral,alcista,0,-0.4,32,3527,8,
s15104,AXSUSDT,1783080900000,testB,1,2.81,0.569,3.68,3.11,3.69,2.54,1.92,2.14,1.64,1.19,1,0.27,neutral,neutral,0,0.394,32,3527,0,
s15105,SANDUSDT,1783081800000,testB,1,3.64,0.399,6.36,4.22,5,3.54,1.97,4.46,3.14,1.95,1,0.1,neutral,neutral,0,-0.114,32,3528,0,
s15106,PUMPUSDT,1783082700000,train,1,2.83,0.407,3.57,3.44,0.97,2.18,1.38,0.57,0.53,0.71,0,0.65,neutral,alcista,0,0.745,32,3530,2,
s15107,0GUSDT,1783082700000,train,1,2.14,0.5,3.09,2.68,1.16,1.49,1.12,0.65,1.76,1.19,0,0.65,neutral,neutral,0,-0.102,32,3530,1,
s15108,ARBUSDT,1783082700000,train,1,2.17,0.489,2.71,2.44,2.61,1.52,1.15,0.9,0.81,0.94,0,0.65,neutral,neutral,0,0.477,32,3530,1,
s15109,OPUSDT,1783082700000,train,1,2.86,0.397,4.03,2.78,1.85,2.21,1.14,1.07,0.85,0.77,1,0.65,neutral,neutral,0,1.345,32,3530,1,
s15110,INJUSDT,1783082700000,train,1,2.5,0.515,3.91,2.81,1.22,1.85,0.94,0.92,0.79,0.79,0,0.65,neutral,neutral,0,0.102,32,3530,1,
s15111,SUIUSDT,1783082700000,train,1,2.46,0.565,2.69,2.48,1.44,1.81,1.27,0.88,0.82,0.85,0,0.65,neutral,alcista,0,0.947,32,3530,2,
s15112,ONDOUSDT,1783082700000,train,1,2.37,0.488,2.9,2.67,2.65,1.72,1.7,0.96,0.83,0.94,0,0.65,neutral,alcista,0,-0.022,32,3529,2,
s15113,LDOUSDT,1783082700000,testB,1,2.14,0.394,2.92,2.29,2.09,1.5,0.97,1.38,0.98,1.25,0,0.65,neutral,neutral,0,0.525,32,3529,1,
s15114,SANDUSDT,1783082700000,testB,1,4.5,0.509,6.33,4.44,5,3.85,1.98,4.46,3.14,1.95,1,0.65,neutral,neutral,0,-0.061,32,3529,1,
s15115,PUMPUSDT,1783083600000,train,1,2.75,0.402,4.04,3.98,0.81,2.18,1.72,0.69,0.59,0.69,0,0.57,neutral,alcista,0,0.453,32,3531,3,
s15116,OPUSDT,1783083600000,train,1,2.45,0.362,3.83,2.78,1.21,1.88,1.2,1.18,0.87,0.75,1,0.57,neutral,alcista,0,1.034,32,3531,2,
s15117,INJUSDT,1783083600000,train,1,2.54,0.524,3.91,2.83,0.88,1.97,0.86,0.94,0.77,0.74,1,0.57,neutral,neutral,0,0.087,32,3531,0,
s15118,PUMPUSDT,1783084500000,train,1,3.14,0.458,4.47,4.16,0.88,2.48,1.7,0.69,0.59,0.69,0,0.66,neutral,alcista,0,0.164,32,3532,4,
s15119,STBLUSDT,1783084500000,train,-1,-2.12,0.429,3.91,3.57,1.15,-2.78,1.55,1.07,1.54,1.09,0,0.66,neutral,bajista,0,-0.096,32,3532,6,
s15120,ARBUSDT,1783084500000,train,1,2.29,0.536,3.0,2.74,1.03,1.64,1.11,1.07,0.89,0.81,1,0.66,neutral,alcista,0,0.259,32,3532,3,
s15121,OPUSDT,1783084500000,train,1,2.94,0.417,3.81,3.15,1.01,2.29,1.36,1.18,0.87,0.75,1,0.66,neutral,alcista,0,0.697,32,3532,3,
s15122,INJUSDT,1783084500000,train,1,2.27,0.458,3.63,2.36,0.63,1.61,0.55,0.94,0.77,0.74,1,0.66,neutral,neutral,0,0.017,32,3532,0,
s15123,SUIUSDT,1783084500000,train,1,2.05,0.521,2.62,2.17,1.58,1.4,0.75,0.98,0.85,0.79,1,0.66,neutral,neutral,0,1.037,32,3532,0,
s15124,LDOUSDT,1783084500000,testB,1,2.06,0.397,2.77,2.39,1.05,1.4,1.01,1.53,1.05,1.11,0,0.66,neutral,neutral,0,0.172,32,3531,1,
s15125,PUMPUSDT,1783085400000,train,1,4.76,0.638,5.1,4.61,1.38,3.96,2.62,0.69,0.59,0.69,0,0.8,neutral,alcista,0,-0.027,32,3533,5,
s15126,STBLUSDT,1783085400000,train,-1,-2.59,0.556,4.03,3.69,1.16,-3.39,1.47,1.07,1.54,1.09,0,0.8,neutral,bajista,0,-0.124,32,3533,7,
s15127,ARBUSDT,1783085400000,train,1,2.59,0.649,2.99,2.57,1.29,1.79,1.08,1.07,0.89,0.81,1,0.8,neutral,neutral,0,0.243,32,3533,0,
s15128,OPUSDT,1783085400000,train,1,2.94,0.417,3.72,3.05,0.88,2.14,1.25,1.18,0.87,0.75,1,0.8,neutral,neutral,0,0.625,32,3533,0,
s15129,INJUSDT,1783085400000,train,1,2.36,0.469,3.35,2.49,0.64,1.56,0.91,0.94,0.77,0.74,1,0.8,neutral,neutral,0,-0.238,32,3533,1,
s15130,SUIUSDT,1783085400000,train,1,2.04,0.515,2.45,1.99,1.59,1.24,0.77,0.98,0.85,0.79,1,0.8,neutral,neutral,0,1.02,32,3533,0,
s15131,ONDOUSDT,1783085400000,train,1,2.22,0.412,2.76,2.23,2.43,1.42,1.08,1.1,0.86,0.89,0,0.8,neutral,alcista,0,-0.373,32,3532,2,
s15132,LDOUSDT,1783085400000,testB,1,2.22,0.439,2.62,2.13,0.95,1.42,0.82,1.53,1.05,1.11,0,0.8,neutral,neutral,0,0.088,32,3532,0,
s15133,PUMPUSDT,1783086300000,train,1,3.86,0.462,5.15,3.78,1.46,3.22,1.48,0.69,0.59,0.69,0,0.64,neutral,neutral,0,0.246,32,3534,0,
s15134,STBLUSDT,1783086300000,train,-1,-2.56,0.552,4.08,3.92,0.63,-3.2,1.62,1.07,1.54,1.09,0,0.64,neutral,bajista,0,-0.214,32,3534,8,
s15135,ARBUSDT,1783086300000,train,1,2.11,0.47,3.0,2.08,1.37,1.47,0.48,1.07,0.89,0.81,1,0.64,neutral,neutral,0,0.843,32,3534,0,
s15136,OPUSDT,1783086300000,train,1,3.44,0.479,3.71,3.33,0.95,2.8,1.31,1.18,0.87,0.75,1,0.64,neutral,neutral,0,0.571,32,3534,1,
s15137,INJUSDT,1783086300000,train,1,2.17,0.419,3.21,2.19,0.61,1.53,0.68,0.94,0.77,0.74,1,0.64,neutral,neutral,0,0.037,32,3534,0,
s15138,SUIUSDT,1783086300000,train,1,2.06,0.519,2.4,2.09,1.19,1.42,0.89,0.98,0.85,0.79,1,0.64,neutral,neutral,0,1.07,32,3534,1,
s15139,ONDOUSDT,1783086300000,train,1,2.1,0.381,2.77,2.11,1.06,1.45,0.84,1.1,0.86,0.89,0,0.64,neutral,neutral,0,-0.07,32,3533,0,
s15140,LDOUSDT,1783086300000,testB,1,2.56,0.475,2.53,2.5,0.88,1.92,1.07,1.53,1.05,1.11,0,0.64,neutral,neutral,0,0.194,32,3533,1,
s15141,STBLUSDT,1783087200000,train,-1,-2.86,0.579,4.51,4.36,0.73,-2.92,1.83,0.95,1.5,1.05,0,0.06,neutral,bajista,0,-0.202,32,3535,8,
s15142,STBLUSDT,1783088100000,train,-1,-2.76,0.569,5.25,4.56,0.64,-3.06,1.88,0.95,1.5,1.05,0,0.3,neutral,bajista,0,-0.303,32,3536,8,
s15143,STBLUSDT,1783089000000,train,-1,-3.07,0.686,5.23,4.16,0.72,-3.15,1.32,0.95,1.5,1.05,0,0.08,neutral,neutral,0,-0.156,32,3537,0,
s15144,STBLUSDT,1783089900000,train,-1,-2.63,0.577,5.22,3.88,0.69,-3.05,0.94,0.95,1.5,1.05,0,0.41,neutral,neutral,0,-0.127,32,3538,0,
s15145,XPLUSDT,1783090800000,train,1,7.08,0.503,10.93,7.85,1.43,6.81,2.14,3.82,2.17,1.45,1,0.26,neutral,neutral,0,-0.351,32,3539,0,
s15146,STBLUSDT,1783090800000,train,-1,-3.03,0.695,4.57,3.35,0.67,-3.3,0.92,0.83,1.48,0.96,0,0.26,neutral,neutral,0,-0.0,32,3539,1,
s15147,STBLUSDT,1783091700000,train,-1,-2.81,0.655,4.3,3.01,0.41,-2.85,0.86,0.83,1.48,0.96,0,0.04,neutral,neutral,0,0.152,32,3540,0,
s15148,OPUSDT,1783091700000,train,1,2.62,0.403,2.84,2.65,0.63,2.59,1.03,1.38,0.99,0.75,1,0.04,neutral,alcista,0,0.464,32,3540,3,
s15149,STBLUSDT,1783092600000,train,-1,-2.64,0.64,4.12,3.05,0.32,-2.56,0.96,0.83,1.48,0.96,0,-0.08,neutral,neutral,0,-0.0,32,3541,1,
s15150,STBLUSDT,1783093500000,train,-1,-2.6,0.625,3.93,2.79,0.26,-2.44,0.84,0.83,1.48,0.96,0,-0.16,neutral,bajista,0,0.055,32,3542,2,
s15151,STBLUSDT,1783094400000,train,-1,-2.68,0.632,3.67,2.83,0.24,-2.31,1.01,0.75,1.48,0.93,0,-0.37,neutral,bajista,0,-0.081,32,3543,3,
s15152,XPLUSDT,1783095300000,train,1,6.52,0.364,7.6,6.89,1.04,6.34,3.81,4.28,2.53,1.5,1,0.18,neutral,alcista,0,-1.0,15,3544,2,
s15153,STBLUSDT,1783095300000,train,-1,-2.32,0.596,3.18,2.49,0.24,-2.5,1.0,0.75,1.48,0.93,0,0.18,neutral,bajista,0,-0.077,32,3544,4,
s15154,OPUSDT,1783095300000,train,1,2.2,0.404,3.19,2.62,1.32,2.03,1.6,1.51,1.08,0.79,1,0.18,neutral,neutral,0,0.071,32,3544,1,
s15155,XPLUSDT,1783096200000,train,1,6.5,0.366,8.01,7.5,1.11,6.3,4.36,4.28,2.53,1.5,1,0.2,neutral,alcista,0,-1.0,13,3545,3,
s15156,STBLUSDT,1783096200000,train,-1,-2.03,0.54,2.83,2.07,0.3,-2.22,0.84,0.75,1.48,0.93,0,0.2,neutral,neutral,0,0.204,32,3545,0,
s15157,WLDUSDT,1783096200000,train,1,3.34,0.383,3.63,3.28,1.72,3.14,1.64,1.2,1.02,1.18,0,0.2,neutral,alcista,0,0.845,32,3545,2,
s15158,MANAUSDT,1783099800000,testB,1,3.07,0.367,5.01,3.93,0.63,2.96,0.37,16.27,25.2,12.07,0,0.12,neutral,neutral,0,-1.0,26,3548,0,
s15159,MANAUSDT,1783100700000,testB,1,4.21,0.5,4.72,4.04,0.62,4.07,1.36,16.27,25.2,12.07,0,0.14,neutral,neutral,0,-1.0,22,3549,1,
s15160,TIAUSDT,1783105200000,train,-1,-3.29,0.353,3.94,3.84,0.67,-3.29,1.72,1.56,2.3,1.36,0,0.0,neutral,bajista,0,-0.457,32,3555,6,
s15161,SUIUSDT,1783106100000,train,1,2.29,0.51,3.07,3.07,1.72,1.94,1.89,1.45,1.22,0.92,1,0.35,neutral,neutral,0,-0.616,32,3556,1,
s15162,OPUSDT,1783107000000,train,1,2.28,0.364,2.88,2.79,0.68,1.65,1.22,1.24,1.2,0.83,1,0.63,neutral,alcista,0,-0.233,32,3557,3,
s15163,SUIUSDT,1783107000000,train,1,2.17,0.467,3.27,2.49,1.95,1.54,1.16,1.45,1.22,0.92,1,0.63,neutral,neutral,0,-0.403,32,3557,0,
s15164,JUPUSDT,1783107000000,train,1,2.29,0.524,3.86,2.64,1.27,1.66,0.88,0.78,0.71,0.54,1,0.63,neutral,alcista,0,-0.677,32,3557,2,
s15165,PUMPUSDT,1783107900000,train,1,3.34,0.505,3.9,3.35,0.63,2.88,0.9,1.16,0.92,0.65,1,0.46,neutral,neutral,0,-0.164,32,3558,1,
s15166,OPUSDT,1783107900000,train,1,2.38,0.385,3.06,2.79,0.76,1.92,1.1,1.24,1.2,0.83,1,0.46,neutral,alcista,0,-0.233,32,3558,4,
s15167,SUIUSDT,1783107900000,train,1,2.19,0.47,3.26,2.56,2.28,1.74,1.11,1.45,1.22,0.92,1,0.46,neutral,neutral,0,-0.442,32,3558,1,
s15168,PUMPUSDT,1783108800000,train,1,3.65,0.527,4.19,3.82,1.29,2.83,1.11,1.05,0.95,0.66,1,0.82,neutral,alcista,0,-0.175,32,3559,2,
s15169,OPUSDT,1783108800000,train,1,3.34,0.507,3.6,3.41,1.01,2.52,1.55,1.23,1.28,0.87,0,0.82,neutral,alcista,0,-0.297,32,3559,5,
s15170,SUIUSDT,1783108800000,train,1,2.79,0.595,3.26,2.84,2.29,1.97,1.24,1.46,1.26,0.96,1,0.82,neutral,alcista,0,-0.443,32,3559,2,
s15171,JUPUSDT,1783108800000,train,1,2.04,0.441,3.8,2.0,1.44,1.23,0.37,0.72,0.72,0.55,1,0.82,neutral,neutral,0,-1.0,31,3559,0,
s15172,AXSUSDT,1783108800000,testB,1,2.5,0.591,2.62,2.53,2.25,1.68,1.49,0.8,1.35,1.13,0,0.82,neutral,neutral,0,-1.0,20,3558,1,
s15173,PUMPUSDT,1783109700000,train,1,3.07,0.441,3.77,3.1,1.32,2.17,0.76,1.05,0.95,0.66,1,0.9,neutral,neutral,0,-0.059,32,3560,0,
s15174,SUIUSDT,1783109700000,train,1,3.21,0.629,3.66,3.38,1.47,2.3,1.73,1.46,1.26,0.96,1,0.9,neutral,alcista,0,-0.588,32,3560,3,
s15175,AXSUSDT,1783109700000,testB,1,2.48,0.591,2.8,2.7,2.71,1.58,1.76,0.8,1.35,1.13,0,0.9,neutral,alcista,0,-1.0,19,3559,2,
s15176,XPLUSDT,1783110600000,train,-1,-7.06,0.646,9.27,7.83,0.57,-8.12,1.42,2.89,3.03,1.67,0,1.07,neutral,neutral,0,-0.16,32,3561,0,
s15177,SUIUSDT,1783110600000,train,1,2.85,0.592,3.66,3.11,1.31,1.78,1.52,1.46,1.26,0.96,1,1.07,neutral,neutral,0,-0.444,32,3561,0,
s15178,AXSUSDT,1783110600000,testB,1,2.39,0.581,2.7,2.42,2.87,1.32,1.56,0.8,1.35,1.13,0,1.07,neutral,alcista,0,-1.0,18,3560,3,
s15179,XPLUSDT,1783111500000,train,-1,-5.2,0.568,7.35,5.93,0.57,-6.29,1.51,2.89,3.03,1.67,0,1.09,neutral,neutral,0,-0.203,32,3562,0,
s15180,SUIUSDT,1783111500000,train,1,2.88,0.601,3.52,2.93,0.98,1.79,1.38,1.46,1.26,0.96,1,1.09,neutral,neutral,0,-0.48,32,3562,0,
s15181,STXUSDT,1783111500000,testB,1,2.0,0.63,2.25,2.02,2.59,0.91,1.18,0.78,0.87,0.72,0,1.09,neutral,alcista,0,-0.057,32,3561,4,
s15182,AXSUSDT,1783111500000,testB,1,2.0,0.467,2.71,2.15,3.3,0.91,1.19,0.8,1.35,1.13,0,1.09,neutral,neutral,0,-1.0,17,3561,0,
s15183,XPLUSDT,1783112400000,train,-1,-3.9,0.46,6.55,4.82,0.51,-4.81,1.34,2.15,3.05,1.7,0,0.91,neutral,neutral,0,-0.191,32,3563,0,
s15184,SUIUSDT,1783112400000,train,1,2.31,0.516,3.26,2.53,0.9,1.4,1.1,1.35,1.28,0.98,1,0.91,neutral,neutral,0,-0.622,32,3563,0,
s15185,XPLUSDT,1783113300000,train,-1,-3.53,0.432,6.59,5.5,0.48,-4.25,1.95,2.15,3.05,1.7,0,0.73,neutral,neutral,0,-0.152,32,3564,1,
s15186,SUIUSDT,1783113300000,train,1,2.11,0.452,3.26,2.34,0.67,1.39,0.78,1.35,1.28,0.98,1,0.73,neutral,neutral,0,-0.724,32,3564,0,
s15187,XPLUSDT,1783114200000,train,-1,-4.27,0.538,5.86,5.08,0.47,-4.9,1.76,2.15,3.05,1.7,0,0.63,neutral,bajista,0,-0.315,32,3565,2,
s15188,XPLUSDT,1783115100000,train,-1,-3.58,0.446,5.04,3.86,0.53,-4.44,1.09,2.15,3.05,1.7,0,0.86,neutral,neutral,0,-0.143,32,3566,0,
s15189,SUIUSDT,1783115100000,train,1,2.2,0.427,3.25,2.57,0.41,1.34,0.82,1.35,1.28,0.98,1,0.86,neutral,neutral,0,-0.824,32,3566,1,
s15190,STXUSDT,1783115100000,testB,1,2.12,0.529,2.82,2.25,0.94,1.26,1.05,0.79,0.9,0.73,0,0.86,neutral,neutral,0,-0.436,32,3565,1,
s15191,XPLUSDT,1783116000000,train,-1,-2.87,0.389,3.64,3.03,0.56,-3.64,1.36,1.47,2.93,1.72,0,0.77,neutral,neutral,0,-1.0,26,3567,1,
s15192,GRTUSDT,1783120500000,testB,1,3.52,0.579,3.55,3.55,5,2.86,2.63,1.87,1.25,1.21,1,0.65,neutral,alcista,0,-0.652,32,3571,2,
s15193,GRTUSDT,1783121400000,testB,1,2.56,0.369,3.74,2.7,5,1.82,1.6,1.87,1.25,1.21,1,0.74,neutral,neutral,0,-0.558,32,3572,0,
s15194,GRTUSDT,1783122300000,testB,1,2.88,0.403,3.63,2.85,5,2.25,1.68,1.87,1.25,1.21,1,0.62,neutral,neutral,0,-0.618,32,3573,1,
s15195,GRTUSDT,1783123200000,testB,1,2.71,0.389,3.31,2.64,5,2.07,1.56,2.15,1.39,1.28,1,0.64,neutral,alcista,0,-0.824,32,3574,2,
s15196,WLDUSDT,1783125000000,train,1,2.68,0.384,4.13,3.6,3.06,2.67,2.35,0.86,1.0,1.18,0,0.01,neutral,alcista,0,-1.0,27,3577,5,
s15197,MANAUSDT,1783125000000,testB,-1,-2.61,0.373,3.53,3.24,1.78,-2.62,1.43,2.11,5.7,13.9,0,0.01,neutral,bajista,0,0.739,32,3576,5,
s15198,WLDUSDT,1783125900000,train,1,3.19,0.437,4.19,3.98,3.73,3.23,2.34,0.86,1.0,1.18,0,-0.04,neutral,alcista,0,-1.0,26,3578,6,
s15199,PENDLEUSDT,1783125900000,train,-1,-2.44,0.664,3.48,2.86,4.38,-2.4,1.68,0.87,0.87,0.88,0,-0.04,neutral,bajista,0,-0.062,32,3578,2,
s15200,SANDUSDT,1783125900000,testB,-1,-2.45,0.789,2.89,2.75,3.93,-2.41,1.23,1.26,1.68,2.44,0,-0.04,neutral,bajista,0,0.266,32,3577,6,
s15201,MANAUSDT,1783125900000,testB,-1,-2.74,0.4,3.52,3.1,1.66,-2.7,1.06,2.11,5.7,13.9,0,-0.04,neutral,neutral,0,0.909,32,3577,0,
s15202,STBLUSDT,1783126800000,train,-1,-2.01,0.445,3.06,2.71,1.28,-1.63,1.49,0.54,0.48,1.01,0,-0.38,neutral,bajista,0,0.029,32,3579,4,
s15203,PENDLEUSDT,1783126800000,train,-1,-2.76,0.691,3.86,3.27,3.0,-2.38,1.85,1.06,0.94,0.9,1,-0.38,neutral,bajista,0,-0.156,32,3579,3,
s15204,SANDUSDT,1783126800000,testB,-1,-3.15,0.827,3.63,3.55,2.57,-2.77,1.87,1.41,1.48,2.6,0,-0.38,neutral,bajista,0,0.011,32,3578,7,
s15205,MANAUSDT,1783126800000,testB,-1,-2.62,0.388,4.11,3.83,1.36,-2.25,1.7,2.07,3.47,14.27,0,-0.38,neutral,neutral,0,0.444,32,3578,1,
s15206,AXSUSDT,1783126800000,testB,-1,-2.06,0.579,3.06,2.68,1.66,-1.68,1.36,0.93,0.82,1.28,0,-0.38,neutral,bajista,0,-0.393,32,3578,4,
s15207,STBLUSDT,1783127700000,train,-1,-2.16,0.496,3.05,2.47,1.81,-1.94,1.1,0.54,0.48,1.01,0,-0.22,neutral,neutral,0,0.141,32,3580,0,
s15208,PENDLEUSDT,1783127700000,train,-1,-2.63,0.68,3.87,3.48,2.97,-2.41,1.86,1.06,0.94,0.9,1,-0.22,neutral,bajista,0,-0.097,32,3580,4,
s15209,SANDUSDT,1783127700000,testB,-1,-3.28,0.867,3.69,3.47,2.46,-3.06,1.76,1.41,1.48,2.6,0,-0.22,neutral,bajista,0,-0.023,32,3579,8,
s15210,MANAUSDT,1783127700000,testB,-1,-3.56,0.619,4.11,3.83,0.95,-3.34,1.56,2.07,3.47,14.27,0,-0.22,neutral,bajista,0,0.444,32,3579,2,
s15211,AXSUSDT,1783127700000,testB,-1,-2.34,0.641,2.78,2.49,1.78,-2.12,1.4,0.93,0.82,1.28,0,-0.22,neutral,bajista,0,-0.769,32,3579,5,
s15212,APEUSDT,1783127700000,testB,-1,-2.04,0.417,2.37,2.23,0.72,-1.82,1.11,0.52,0.51,0.47,1,-0.22,neutral,bajista,0,-0.375,32,3579,2,
s15213,PENDLEUSDT,1783128600000,train,-1,-2.96,0.736,3.98,3.73,2.72,-2.7,1.88,1.06,0.94,0.9,1,-0.26,neutral,bajista,0,-0.122,32,3581,5,
s15214,SANDUSDT,1783128600000,testB,-1,-2.81,0.792,3.68,3.35,2.06,-2.54,1.55,1.41,1.48,2.6,0,-0.26,neutral,neutral,0,0.167,32,3580,0,
s15215,MANAUSDT,1783128600000,testB,-1,-2.9,0.568,3.13,3.13,0.74,-2.64,1.7,2.07,3.47,14.27,0,-0.26,neutral,bajista,0,0.5,32,3580,3,
s15216,STBLUSDT,1783129500000,train,-1,-2.12,0.483,2.89,2.12,1.03,-1.71,0.76,0.54,0.48,1.01,0,-0.41,neutral,neutral,0,0.255,32,3582,0,
s15217,PENDLEUSDT,1783129500000,train,-1,-3.34,0.8,3.55,3.45,1.39,-2.93,1.94,1.06,0.94,0.9,1,-0.41,neutral,bajista,0,-0.199,32,3582,6,
s15218,FETUSDT,1783129500000,train,-1,-2.21,0.488,2.42,2.31,0.98,-1.8,1.03,0.66,0.85,0.92,0,-0.41,neutral,bajista,0,0.512,32,3581,6,
s15219,SANDUSDT,1783129500000,testB,-1,-2.86,0.822,3.4,2.94,1.91,-2.45,1.29,1.41,1.48,2.6,0,-0.41,neutral,neutral,0,0.176,32,3581,0,
s15220,MANAUSDT,1783129500000,testB,-1,-3.04,0.579,3.14,3.14,0.86,-2.63,1.69,2.07,3.47,14.27,0,-0.41,neutral,bajista,0,0.318,32,3581,4,
s15221,AXSUSDT,1783129500000,testB,-1,-2.07,0.611,2.31,2.21,1.26,-1.66,1.25,0.93,0.82,1.28,0,-0.41,neutral,neutral,0,-1.0,26,3581,1,
s15222,PENDLEUSDT,1783130400000,train,-1,-2.73,0.697,3.63,3.1,1.12,-2.55,1.55,1.11,0.95,0.89,1,-0.17,neutral,neutral,0,-1.0,20,3583,0,
s15223,FETUSDT,1783130400000,train,-1,-2.0,0.463,2.48,2.15,0.79,-1.83,0.96,0.6,0.73,0.92,0,-0.17,neutral,neutral,0,0.525,32,3582,0,
s15224,SANDUSDT,1783130400000,testB,-1,-2.21,0.655,3.11,2.38,1.06,-2.04,0.93,1.46,1.41,2.7,0,-0.17,neutral,neutral,0,0.325,32,3582,0,
s15225,PENDLEUSDT,1783131300000,train,-1,-2.61,0.648,3.62,2.76,1.09,-2.39,1.12,1.11,0.95,0.89,1,-0.22,neutral,neutral,0,-1.0,19,3584,0,
s15226,FETUSDT,1783131300000,train,-1,-2.21,0.5,2.64,2.32,0.79,-1.99,1.03,0.6,0.73,0.92,0,-0.22,neutral,neutral,0,0.372,32,3583,1,
s15227,SANDUSDT,1783131300000,testB,-1,-2.15,0.649,2.98,2.26,0.95,-1.94,0.81,1.46,1.41,2.7,0,-0.22,neutral,neutral,0,0.342,32,3583,1,
s15228,PENDLEUSDT,1783132200000,train,-1,-2.05,0.527,3.46,2.38,0.81,-1.85,0.84,1.11,0.95,0.89,1,-0.19,neutral,neutral,0,-1.0,18,3585,0,
s15229,SANDUSDT,1783133100000,testB,-1,-2.14,0.625,2.88,2.18,0.84,-2.08,0.66,1.46,1.41,2.7,0,-0.06,neutral,neutral,0,0.4,32,3585,1,
s15230,GRTUSDT,1783134900000,testB,-1,-2.57,0.455,3.12,2.8,0.36,-2.48,0.56,2.31,1.52,1.29,1,-0.09,neutral,bajista,0,-0.0,32,3587,5,
s15231,GRTUSDT,1783136700000,testB,-1,-2.23,0.453,2.65,2.6,0.65,-2.3,0.7,2.31,1.52,1.29,1,0.07,neutral,neutral,0,-0.143,32,3589,1,
s15232,JUPUSDT,1783137600000,train,-1,-3.0,0.412,4.15,3.76,2.63,-2.72,2.18,0.94,0.81,0.7,1,-0.27,neutral,bajista,0,0.022,32,3591,2,
s15233,GRTUSDT,1783137600000,testB,-1,-2.07,0.408,2.64,2.17,0.66,-1.8,0.75,2.49,1.57,1.26,1,-0.27,neutral,neutral,0,-0.171,32,3590,0,
s15234,JUPUSDT,1783138500000,train,-1,-3.15,0.445,4.18,3.68,3.49,-3.0,1.9,0.94,0.81,0.7,1,-0.16,neutral,neutral,0,0.023,32,3592,0,
s15235,JUPUSDT,1783140300000,train,-1,-3.26,0.44,4.09,3.37,3.69,-3.15,1.46,0.94,0.81,0.7,1,-0.12,neutral,neutral,0,0.162,32,3594,1,
s15236,JUPUSDT,1783141200000,train,-1,-2.27,0.35,3.6,3.22,1.11,-2.37,1.65,0.96,0.82,0.71,1,0.1,neutral,bajista,0,0.066,32,3595,2,
s15237,OPUSDT,1783142100000,train,1,3.1,0.579,3.65,3.46,3.7,3.06,2.21,0.88,0.83,0.98,0,0.04,neutral,neutral,0,-0.5,32,3596,1,
s15238,PUMPUSDT,1783143000000,train,1,2.49,0.385,2.97,2.91,0.78,2.3,1.18,0.56,0.55,0.73,0,0.19,neutral,alcista,0,-1.0,9,3597,2,
s15239,0GUSDT,1783144800000,train,-1,-2.54,0.407,4.26,3.74,3.73,-2.39,1.7,0.86,0.65,0.55,1,-0.15,neutral,bajista,0,-0.0,32,3599,5,
s15240,JUPUSDT,1783144800000,train,-1,-2.3,0.412,3.7,2.61,0.67,-2.15,0.51,0.97,0.8,0.72,1,-0.15,neutral,neutral,0,0.274,32,3599,0,
s15241,0GUSDT,1783145700000,train,-1,-2.81,0.452,4.27,3.89,1.17,-2.71,1.69,0.86,0.65,0.55,1,-0.1,neutral,bajista,0,-0.024,32,3600,6,
s15242,JUPUSDT,1783145700000,train,-1,-2.67,0.448,3.38,2.79,0.68,-2.57,0.87,0.97,0.8,0.72,1,-0.1,neutral,neutral,0,0.106,32,3600,1,
s15243,0GUSDT,1783146600000,train,-1,-3.21,0.556,4.26,3.64,1.14,-3.15,1.34,0.86,0.65,0.55,1,-0.06,neutral,neutral,0,0.039,32,3601,0,
s15244,JUPUSDT,1783146600000,train,-1,-2.55,0.431,3.25,2.62,0.62,-2.49,0.83,0.97,0.8,0.72,1,-0.06,neutral,neutral,0,0.048,32,3601,0,
s15245,0GUSDT,1783147500000,train,-1,-2.85,0.508,4.26,3.55,0.9,-2.78,1.2,0.86,0.65,0.55,1,-0.07,neutral,neutral,0,0.04,32,3602,0,
s15246,0GUSDT,1783148400000,train,-1,-2.63,0.487,4.26,3.69,0.94,-2.6,1.23,0.84,0.7,0.56,1,-0.03,neutral,neutral,0,-0.103,32,3603,1,
s15247,0GUSDT,1783149300000,train,-1,-2.48,0.45,4.25,3.3,0.98,-2.45,0.86,0.84,0.7,0.56,1,-0.04,neutral,neutral,0,-0.1,32,3604,0,
s15248,WLDUSDT,1783149300000,train,-1,-3.89,0.482,5.48,4.75,1.46,-3.85,2.59,1.39,1.15,1.1,1,-0.04,neutral,neutral,0,-0.365,32,3604,1,
s15249,PUMPUSDT,1783150200000,train,-1,-2.62,0.387,3.0,3.0,0.83,-2.28,1.23,0.55,0.56,0.75,0,-0.33,neutral,bajista,0,0.542,32,3605,3,
s15250,0GUSDT,1783150200000,train,-1,-3.84,0.656,4.57,4.19,0.97,-3.51,1.55,0.84,0.7,0.56,1,-0.33,neutral,neutral,0,-0.352,32,3605,1,
s15251,WLDUSDT,1783150200000,train,-1,-5.46,0.569,7.04,6.33,2.49,-5.13,3.79,1.39,1.15,1.1,1,-0.33,neutral,bajista,0,-0.545,32,3605,2,
s15252,ARBUSDT,1783150200000,train,-1,-2.19,0.748,2.42,2.32,1.01,-1.86,1.05,0.77,0.88,0.92,0,-0.33,neutral,bajista,0,-0.897,32,3605,3,
s15253,INJUSDT,1783150200000,train,-1,-2.39,0.413,3.57,3.05,1.6,-2.05,1.57,0.75,0.67,0.76,0,-0.33,neutral,bajista,0,-0.425,32,3605,3,
s15254,JUPUSDT,1783150200000,train,-1,-2.44,0.407,3.18,2.59,0.57,-2.11,0.84,0.93,0.79,0.73,1,-0.33,neutral,neutral,0,-0.18,32,3605,0,
s15255,MANAUSDT,1783150200000,testB,-1,-2.8,0.714,3.46,2.88,1.59,-2.47,1.46,1.24,1.67,7.73,0,-0.33,neutral,bajista,0,-1.0,32,3604,3,
s15256,0GUSDT,1783151100000,train,-1,-3.08,0.519,4.03,3.22,0.95,-2.98,0.97,0.84,0.7,0.56,1,-0.1,neutral,neutral,0,-0.294,32,3606,0,
s15257,WLDUSDT,1783151100000,train,-1,-3.8,0.38,6.97,5.2,2.76,-3.71,2.54,1.39,1.15,1.1,1,-0.1,neutral,neutral,0,-0.534,32,3606,0,
s15258,TIAUSDT,1783151100000,train,-1,-2.74,0.613,3.47,3.17,0.48,-2.64,0.87,1.03,0.94,1.66,0,-0.1,neutral,neutral,0,-0.264,32,3606,0,
s15259,MANAUSDT,1783151100000,testB,-1,-2.39,0.68,3.31,2.74,1.67,-2.29,1.38,1.24,1.67,7.73,0,-0.1,neutral,neutral,0,-1.0,31,3605,0,
s15260,0GUSDT,1783152000000,train,-1,-2.36,0.451,3.27,2.46,0.76,-2.18,0.91,0.84,0.71,0.55,1,-0.18,neutral,neutral,0,-0.404,32,3607,0,
s15261,WLDUSDT,1783152000000,train,-1,-4.57,0.482,6.36,4.76,2.91,-4.39,2.46,1.36,1.17,1.1,1,-0.18,neutral,neutral,0,-0.5,32,3607,1,
s15262,INJUSDT,1783152000000,train,-1,-2.37,0.367,3.51,3.07,1.85,-2.19,1.51,0.77,0.65,0.75,0,-0.18,neutral,neutral,0,-0.333,32,3607,1,
s15263,TIAUSDT,1783152000000,train,-1,-3.9,0.693,5.73,4.19,2.78,-3.73,2.03,1.45,1.12,1.62,0,-0.18,neutral,neutral,0,-0.656,32,3607,1,
s15264,MANAUSDT,1783152000000,testB,-1,-2.39,0.68,3.32,2.89,1.25,-2.22,1.38,1.27,1.64,7.1,0,-0.18,neutral,neutral,0,-1.0,30,3606,1,
s15265,WLDUSDT,1783152900000,train,-1,-3.38,0.366,6.19,4.13,1.83,-3.19,1.82,1.36,1.17,1.1,1,-0.19,neutral,neutral,0,-0.688,32,3608,0,
s15266,TIAUSDT,1783152900000,train,-1,-2.43,0.503,5.02,3.15,3.49,-2.24,1.62,1.45,1.12,1.62,0,-0.19,neutral,neutral,0,-1.0,32,3608,0,
s15267,MANAUSDT,1783152900000,testB,-1,-2.11,0.556,3.31,2.59,1.44,-1.93,1.07,1.27,1.64,7.1,0,-0.19,neutral,neutral,0,-1.0,29,3607,0,
s15268,WLDUSDT,1783153800000,train,-1,-3.69,0.404,6.2,4.25,0.73,-3.54,1.66,1.36,1.17,1.1,1,-0.15,neutral,neutral,0,-0.696,32,3609,1,
s15269,TIAUSDT,1783153800000,train,-1,-2.17,0.429,5.01,2.84,3.87,-2.03,1.35,1.45,1.12,1.62,0,-0.15,neutral,neutral,0,-1.0,31,3609,0,
s15270,MANAUSDT,1783153800000,testB,-1,-2.67,0.655,3.32,3.03,1.04,-2.53,1.3,1.27,1.64,7.1,0,-0.15,neutral,neutral,0,-1.0,28,3608,1,
s15271,WLDUSDT,1783154700000,train,-1,-3.1,0.36,6.2,4.23,0.62,-2.88,1.57,1.36,1.17,1.1,1,-0.21,neutral,neutral,0,-0.522,32,3610,0,
s15272,INJUSDT,1783154700000,train,-1,-2.21,0.353,3.49,2.43,0.61,-2.0,0.67,0.77,0.65,0.75,0,-0.21,neutral,neutral,0,-0.128,32,3610,0,
s15273,TIAUSDT,1783154700000,train,-1,-2.48,0.46,5.03,3.21,4.15,-2.26,1.51,1.45,1.12,1.62,0,-0.21,neutral,neutral,0,-1.0,30,3610,1,
s15274,MANAUSDT,1783154700000,testB,-1,-2.95,0.677,3.48,3.33,1.19,-2.74,1.42,1.27,1.64,7.1,0,-0.21,neutral,bajista,0,-1.0,27,3609,2,
s15275,MANAUSDT,1783155600000,testB,-1,-2.67,0.576,3.46,2.89,1.18,-2.55,0.9,1.11,1.52,6.71,0,-0.12,neutral,neutral,0,-1.0,26,3610,0,
s15276,PUMPUSDT,1783156500000,train,-1,-2.69,0.393,3.96,3.78,1.4,-2.63,1.63,0.64,0.59,0.78,0,-0.07,neutral,bajista,0,-0.067,32,3612,3,
s15277,WLDUSDT,1783156500000,train,-1,-3.99,0.426,6.27,5.34,0.68,-3.92,2.17,1.36,1.21,1.11,1,-0.07,neutral,bajista,0,-0.693,32,3612,2,
s15278,OPUSDT,1783156500000,train,-1,-2.83,0.508,3.1,2.91,0.46,-2.76,0.73,1.05,0.74,1.02,0,-0.07,neutral,bajista,0,-0.839,32,3612,3,
s15279,TIAUSDT,1783156500000,train,-1,-2.51,0.5,5.05,3.66,0.58,-2.45,1.49,1.37,1.11,1.5,0,-0.07,neutral,neutral,0,-1.0,28,3612,1,
s15280,MANAUSDT,1783156500000,testB,-1,-2.67,0.576,3.32,2.74,0.91,-2.6,0.83,1.11,1.52,6.71,0,-0.07,neutral,neutral,0,-1.0,25,3611,0,
s15281,AXSUSDT,1783156500000,testB,1,2.41,0.49,3.29,3.1,2.9,2.47,1.74,1.65,1.09,1.21,0,-0.07,neutral,neutral,0,0.0,32,3611,1,
s15282,PUMPUSDT,1783157400000,train,-1,-4.37,0.655,5.65,4.63,3.08,-4.18,2.19,0.64,0.59,0.78,0,-0.19,neutral,bajista,0,-0.301,32,3613,4,
s15283,WLDUSDT,1783157400000,train,-1,-4.88,0.574,6.2,5.34,0.74,-4.69,1.95,1.36,1.21,1.11,1,-0.19,neutral,bajista,0,-0.764,32,3613,3,
s15284,ENAUSDT,1783157400000,train,-1,-2.2,0.537,3.04,2.8,1.36,-2.01,1.14,0.55,0.47,0.6,0,-0.19,neutral,bajista,0,-1.0,21,3613,4,
s15285,INJUSDT,1783157400000,train,-1,-2.64,0.434,3.91,3.61,1.13,-2.45,1.53,0.84,0.7,0.78,0,-0.19,neutral,bajista,0,-0.576,32,3613,3,
s15286,TIAUSDT,1783157400000,train,-1,-2.56,0.505,5.06,3.87,0.62,-2.38,1.53,1.37,1.11,1.5,0,-0.19,neutral,bajista,0,-1.0,27,3613,2,
s15287,JUPUSDT,1783157400000,train,-1,-2.06,0.441,3.92,2.84,2.95,-1.88,1.49,1.18,0.88,0.78,1,-0.19,neutral,bajista,0,-1.0,32,3613,2,
s15288,MANAUSDT,1783157400000,testB,-1,-2.12,0.517,2.75,2.31,0.82,-1.94,0.88,1.11,1.52,6.71,0,-0.19,neutral,neutral,0,-1.0,22,3612,1,
s15289,PUMPUSDT,1783158300000,train,-1,-4.02,0.635,5.39,4.38,3.13,-4.05,1.92,0.64,0.59,0.78,0,0.03,neutral,neutral,0,-0.449,32,3614,0,
s15290,WLDUSDT,1783158300000,train,-1,-3.89,0.461,6.1,4.78,0.63,-3.92,1.31,1.36,1.21,1.11,1,0.03,neutral,neutral,0,-0.787,32,3614,0,
s15291,INJUSDT,1783158300000,train,-1,-2.74,0.459,3.91,3.55,1.43,-2.77,1.22,0.84,0.7,0.78,0,0.03,neutral,neutral,0,-0.68,32,3614,0,
s15292,TIAUSDT,1783158300000,train,-1,-3.15,0.692,5.06,3.92,0.52,-3.18,1.34,1.37,1.11,1.5,0,0.03,neutral,bajista,0,-1.0,26,3614,3,
s15293,JUPUSDT,1783158300000,train,-1,-2.44,0.509,3.93,3.11,3.23,-2.47,1.53,1.18,0.88,0.78,1,0.03,neutral,bajista,0,-1.0,31,3614,3,
s15294,PUMPUSDT,1783159200000,train,-1,-2.95,0.533,4.44,3.3,2.31,-2.99,1.65,0.58,0.6,0.75,0,0.04,neutral,neutral,0,-0.519,32,3615,0,
s15295,WLDUSDT,1783159200000,train,-1,-4.14,0.51,5.98,4.61,0.55,-4.19,1.16,1.26,1.23,1.1,1,0.04,neutral,neutral,0,-0.677,32,3615,0,
s15296,INJUSDT,1783159200000,train,-1,-2.85,0.49,3.87,3.14,1.4,-2.89,0.74,0.81,0.72,0.75,0,0.04,neutral,neutral,0,-0.553,32,3615,0,
s15297,TIAUSDT,1783159200000,train,-1,-3.2,0.696,4.68,3.62,0.47,-3.24,1.32,1.25,1.14,1.42,0,0.04,neutral,bajista,0,-1.0,21,3615,4,
s15298,JUPUSDT,1783159200000,train,-1,-2.02,0.387,3.74,2.45,3.49,-2.06,0.96,0.87,0.88,0.78,0,0.04,neutral,neutral,0,-1.0,30,3615,0,
s15299,AXSUSDT,1783159200000,testB,1,2.32,0.414,3.3,2.83,1.4,2.28,1.19,1.85,1.22,1.23,0,0.04,neutral,neutral,0,0.067,32,3614,1,
s15300,PUMPUSDT,1783160100000,train,-1,-2.54,0.494,4.38,3.49,2.01,-2.64,1.85,0.58,0.6,0.75,0,0.11,neutral,neutral,0,-0.073,32,3616,1,
s15301,WLDUSDT,1783160100000,train,-1,-3.43,0.46,5.32,4.04,0.4,-3.53,1.25,1.26,1.23,1.1,1,0.11,neutral,neutral,0,-1.0,24,3616,1,
s15302,INJUSDT,1783160100000,train,-1,-2.05,0.391,3.16,2.32,1.46,-2.15,0.62,0.81,0.72,0.75,0,0.11,neutral,neutral,0,-0.613,32,3616,0,
s15303,TIAUSDT,1783160100000,train,-1,-2.66,0.602,4.31,3.07,0.48,-2.77,1.01,1.25,1.14,1.42,0,0.11,neutral,neutral,0,-1.0,19,3616,0,
s15304,PUMPUSDT,1783161000000,train,-1,-2.78,0.57,4.38,3.36,0.45,-2.82,1.51,0.58,0.6,0.75,0,0.04,neutral,neutral,0,-0.0,32,3617,0,
s15305,WLDUSDT,1783161000000,train,-1,-3.18,0.428,4.68,3.28,0.28,-3.22,0.95,1.26,1.23,1.1,1,0.04,neutral,neutral,0,-1.0,21,3617,0,
s15306,TIAUSDT,1783161000000,train,-1,-2.09,0.449,3.96,2.31,0.45,-2.13,0.62,1.25,1.14,1.42,0,0.04,neutral,neutral,0,-1.0,18,3617,0,
s15307,PUMPUSDT,1783161900000,train,-1,-3.39,0.632,4.21,3.77,0.4,-3.41,1.75,0.58,0.6,0.75,0,0.02,neutral,neutral,0,-0.203,32,3618,1,
s15308,STBLUSDT,1783161900000,train,-1,-2.13,0.583,2.95,2.29,0.86,-2.14,0.36,0.65,0.56,0.56,1,0.02,neutral,neutral,0,-1.0,7,3618,1,
s15309,WLDUSDT,1783161900000,train,-1,-2.78,0.394,4.47,3.19,0.24,-2.8,1.01,1.26,1.23,1.1,1,0.02,neutral,neutral,0,-1.0,18,3618,1,
s15310,PUMPUSDT,1783162800000,train,-1,-3.71,0.652,4.62,3.79,1.14,-3.68,2.06,0.67,0.61,0.76,0,-0.03,neutral,bajista,0,-1.0,27,3619,2,
s15311,WLDUSDT,1783162800000,train,-1,-2.92,0.406,4.31,3.17,0.26,-2.89,0.93,1.11,1.23,1.07,0,-0.03,neutral,bajista,0,-1.0,17,3619,2,
s15312,ARUSDT,1783162800000,testB,1,2.51,0.455,3.27,2.64,0.75,2.53,1.39,1.47,1.08,0.92,1,-0.03,neutral,alcista,0,1.241,32,3618,6,
s15313,AXSUSDT,1783162800000,testB,1,2.23,0.365,3.31,2.46,0.54,2.26,0.58,1.85,1.26,1.22,1,-0.03,neutral,neutral,0,-0.077,32,3618,0,
s15314,PUMPUSDT,1783163700000,train,-1,-3.05,0.605,4.63,3.86,1.24,-2.95,1.98,0.67,0.61,0.76,0,-0.11,neutral,neutral,0,-1.0,26,3620,0,
s15315,ARUSDT,1783163700000,testB,1,3.15,0.512,3.83,3.54,1.0,3.25,2.09,1.47,1.08,0.92,1,-0.11,neutral,alcista,0,0.74,32,3619,7,
s15316,AXSUSDT,1783163700000,testB,1,2.13,0.355,3.31,2.46,0.48,2.23,0.53,1.85,1.26,1.22,1,-0.11,neutral,neutral,0,0.077,32,3619,0,
s15317,PUMPUSDT,1783164600000,train,-1,-3.0,0.6,4.64,4.06,1.34,-2.98,1.97,0.67,0.61,0.76,0,-0.02,neutral,neutral,0,-1.0,25,3621,1,
s15318,ARUSDT,1783164600000,testB,1,3.76,0.62,4.06,3.77,1.05,3.78,2.12,1.47,1.08,0.92,1,-0.02,neutral,alcista,0,0.564,32,3620,8,
s15319,AXSUSDT,1783164600000,testB,1,2.33,0.4,3.32,2.28,0.35,2.35,0.29,1.85,1.26,1.22,1,-0.02,neutral,neutral,0,0.125,32,3620,0,
s15320,PUMPUSDT,1783165500000,train,-1,-3.6,0.784,4.64,4.19,1.34,-3.46,1.86,0.67,0.61,0.76,0,-0.14,neutral,bajista,0,-1.0,24,3622,2,
s15321,ARUSDT,1783165500000,testB,1,4.08,0.641,4.73,4.5,1.19,4.23,2.87,1.47,1.08,0.92,1,-0.14,neutral,alcista,0,0.149,32,3621,8,
s15322,PUMPUSDT,1783166400000,train,-1,-3.05,0.62,4.62,3.72,0.42,-3.08,1.18,0.64,0.59,0.75,0,0.03,neutral,neutral,0,-1.0,23,3623,0,
s15323,ARUSDT,1783166400000,testB,1,4.35,0.707,4.88,4.4,1.36,4.31,2.46,1.69,1.22,0.96,1,0.03,neutral,neutral,0,0.217,32,3622,0,
s15324,AXSUSDT,1783166400000,testB,1,2.03,0.368,2.74,1.99,0.38,2.0,0.51,1.96,1.26,1.04,1,0.03,neutral,alcista,0,-0.143,32,3622,2,
s15325,PUMPUSDT,1783167300000,train,-1,-3.17,0.63,4.63,3.86,0.4,-3.23,1.15,0.64,0.59,0.75,0,0.06,neutral,neutral,0,-1.0,22,3624,1,
s15326,ARUSDT,1783167300000,testB,1,3.34,0.496,4.49,3.23,1.32,3.28,1.56,1.69,1.22,0.96,1,0.06,neutral,neutral,0,0.478,32,3623,0,
s15327,PUMPUSDT,1783168200000,train,-1,-3.23,0.65,4.43,3.46,0.42,-3.27,0.94,0.64,0.59,0.75,0,0.05,neutral,neutral,0,-1.0,21,3625,0,
s15328,PUMPUSDT,1783169100000,train,-1,-2.92,0.58,4.23,3.07,0.46,-3.09,0.66,0.64,0.59,0.75,0,0.17,neutral,neutral,0,-1.0,20,3626,0,
s15329,STBLUSDT,1783169100000,train,1,2.25,0.537,3.45,2.95,3.12,2.08,1.42,0.69,0.62,0.53,1,0.17,neutral,alcista,0,0.064,32,3626,4,
s15330,PUMPUSDT,1783170000000,train,-1,-2.74,0.564,3.78,2.76,0.43,-2.91,0.71,0.68,0.61,0.74,0,0.17,neutral,neutral,0,-1.0,14,3627,1,
s15331,STBLUSDT,1783170000000,train,1,2.29,0.551,3.45,2.84,3.76,2.12,1.23,0.73,0.63,0.52,1,0.17,neutral,neutral,0,0.187,32,3627,0,
s15332,XPLUSDT,1783170900000,train,1,5.09,0.519,6.64,5.79,3.11,4.8,3.32,1.23,0.99,1.65,0,0.28,neutral,alcista,0,-0.379,32,3628,3,
s15333,ARUSDT,1783170900000,testB,1,3.02,0.379,4.13,3.41,0.92,2.73,1.5,1.79,1.26,0.98,1,0.28,neutral,neutral,0,0.789,32,3627,0,
s15334,XPLUSDT,1783171800000,train,1,4.62,0.448,6.69,5.11,4.06,4.42,2.46,1.23,0.99,1.65,0,0.21,neutral,neutral,0,-0.583,32,3629,0,
s15335,ARUSDT,1783171800000,testB,1,3.03,0.379,4.14,3.03,0.9,2.82,0.97,1.79,1.26,0.98,1,0.21,neutral,neutral,0,0.762,32,3628,0,
s15336,XPLUSDT,1783172700000,train,1,7.3,0.564,7.52,7.46,5,7.15,4.49,1.23,0.99,1.65,0,0.16,neutral,neutral,0,-0.667,32,3630,1,
s15337,ARUSDT,1783172700000,testB,1,3.37,0.405,4.08,3.36,0.81,3.22,1.12,1.79,1.26,0.98,1,0.16,neutral,neutral,0,0.471,32,3629,1,
s15338,XPLUSDT,1783173600000,train,1,6.22,0.514,8.83,6.65,5,5.89,4.1,1.63,1.23,1.58,0,0.33,neutral,neutral,0,-0.858,32,3631,0,
s15339,STBLUSDT,1783173600000,train,1,2.87,0.536,4.0,2.98,2.12,2.54,1.51,1.1,0.85,0.6,1,0.33,neutral,alcista,0,0.165,32,3631,2,
s15340,XPLUSDT,1783174500000,train,1,6.79,0.543,8.76,7.04,4.61,6.51,4.16,1.63,1.23,1.58,0,0.28,neutral,neutral,0,-0.853,32,3632,1,
s15341,STBLUSDT,1783174500000,train,1,2.56,0.458,3.93,2.65,3.11,2.28,1.18,1.1,0.85,0.6,1,0.28,neutral,neutral,0,0.286,32,3632,0,
s15342,PENDLEUSDT,1783174500000,train,1,2.06,0.537,2.88,2.09,2.53,1.78,1.32,1.18,0.96,0.94,1,0.28,neutral,alcista,0,-0.291,32,3632,3,
s15343,XPLUSDT,1783175400000,train,1,8.09,0.615,8.56,7.73,3.69,7.78,4.57,1.63,1.23,1.58,0,0.31,neutral,alcista,0,-0.893,32,3633,2,
s15344,STBLUSDT,1783175400000,train,1,2.64,0.466,3.89,2.76,3.24,2.32,1.15,1.1,0.85,0.6,1,0.31,neutral,neutral,0,0.082,32,3633,1,
s15345,PENDLEUSDT,1783175400000,train,1,2.27,0.56,2.83,2.32,2.66,1.95,1.46,1.18,0.96,0.94,1,0.31,neutral,alcista,0,-0.345,32,3633,4,
s15346,XPLUSDT,1783176300000,train,1,7.23,0.533,8.41,6.98,2.63,6.93,3.45,1.63,1.23,1.58,0,0.3,neutral,neutral,0,-0.867,32,3634,0,
s15347,STBLUSDT,1783176300000,train,1,2.21,0.363,3.83,2.24,3.31,1.91,0.62,1.1,0.85,0.6,1,0.3,neutral,neutral,0,0.254,32,3634,0,
s15348,ENAUSDT,1783176300000,train,1,2.31,0.446,3.01,2.54,2.23,2.01,1.63,0.66,0.57,0.53,1,0.3,neutral,alcista,0,-0.218,32,3634,2,
s15349,PENDLEUSDT,1783176300000,train,1,2.13,0.546,2.82,2.55,2.89,1.83,1.55,1.18,0.96,0.94,1,0.3,neutral,alcista,0,-0.363,32,3634,5,
s15350,XPLUSDT,1783177200000,train,1,6.24,0.49,8.07,6.53,1.37,5.76,3.02,1.8,1.34,1.42,0,0.49,neutral,neutral,0,-1.0,28,3635,0,
s15351,ENAUSDT,1783177200000,train,1,3.45,0.563,3.89,3.43,2.61,2.96,2.42,0.88,0.71,0.57,1,0.49,neutral,alcista,0,-0.674,32,3635,3,
s15352,SEIUSDT,1783177200000,train,1,2.08,0.6,2.83,2.35,1.08,1.59,1.21,0.69,0.75,0.57,0,0.49,neutral,alcista,0,-0.127,32,3635,5,
s15353,PENDLEUSDT,1783177200000,train,1,2.11,0.538,3.02,2.53,2.81,1.62,1.36,1.37,1.05,0.98,1,0.49,neutral,alcista,0,-0.674,32,3635,6,
s15354,XPLUSDT,1783178100000,train,1,6.68,0.536,8.06,6.57,0.95,5.98,2.81,1.8,1.34,1.42,0,0.71,neutral,neutral,0,-1.0,27,3636,1,
s15355,WLDUSDT,1783178100000,train,1,3.06,0.449,3.66,3.2,1.84,2.35,1.86,0.67,1.02,1.02,0,0.71,neutral,alcista,0,-1.0,32,3636,2,
s15356,ENAUSDT,1783178100000,train,1,4.2,0.611,4.68,4.1,3.68,3.49,2.95,0.88,0.71,0.57,1,0.71,neutral,alcista,0,-0.67,32,3636,4,
s15357,PENDLEUSDT,1783178100000,train,1,2.03,0.523,3.03,2.51,1.19,1.32,1.2,1.37,1.05,0.98,1,0.71,neutral,neutral,0,-0.735,32,3636,0,
s15358,STXUSDT,1783178100000,testB,1,2.65,0.6,2.93,2.58,1.56,1.95,1.63,0.99,1.18,0.94,0,0.71,neutral,alcista,0,-0.222,32,3635,2,
s15359,LDOUSDT,1783178100000,testB,1,2.58,0.618,2.81,2.52,1.26,1.87,1.73,1.62,1.2,0.93,1,0.71,neutral,alcista,0,0.147,32,3635,3,
s15360,XPLUSDT,1783179000000,train,1,5.27,0.404,8.14,5.68,0.79,4.57,1.63,1.8,1.34,1.42,0,0.69,neutral,neutral,0,-1.0,26,3637,0,
s15361,WLDUSDT,1783179000000,train,1,2.74,0.423,3.66,3.24,1.9,2.05,1.74,0.67,1.02,1.02,0,0.69,neutral,alcista,0,-1.0,31,3637,3,
s15362,ENAUSDT,1783179000000,train,1,4.2,0.612,4.67,4.41,4.36,3.5,2.97,0.88,0.71,0.57,1,0.69,neutral,alcista,0,-0.724,32,3637,5,
s15363,SUIUSDT,1783179000000,train,1,2.35,0.654,2.43,2.41,2.86,1.66,1.7,0.81,0.74,0.87,0,0.69,neutral,alcista,0,-0.62,32,3637,5,
s15364,TIAUSDT,1783179000000,train,1,2.1,0.376,2.83,2.4,2.67,1.4,1.55,0.85,1.12,1.09,0,0.69,neutral,alcista,0,-0.51,32,3637,5,
s15365,PENDLEUSDT,1783179000000,train,1,2.36,0.658,3.03,2.44,1.34,1.66,0.96,1.37,1.05,0.98,1,0.69,neutral,neutral,0,-0.62,32,3637,0,
s15366,LDOUSDT,1783179000000,testB,1,2.92,0.647,2.98,2.94,1.39,2.22,2.03,1.62,1.2,0.93,1,0.69,neutral,alcista,0,0.1,32,3636,4,
s15367,STBLUSDT,1783179900000,train,1,2.08,0.37,3.01,2.11,0.33,1.36,0.89,1.11,0.86,0.61,1,0.72,neutral,alcista,0,-0.161,32,3638,3,
s15368,WLDUSDT,1783179900000,train,1,3.75,0.59,3.76,3.62,2.04,3.03,1.97,0.67,1.02,1.02,0,0.72,neutral,alcista,0,-1.0,30,3638,4,
s15369,ENAUSDT,1783179900000,train,1,3.83,0.527,4.7,3.69,3.3,3.11,2.0,0.88,0.71,0.57,1,0.72,neutral,neutral,0,-0.678,32,3638,0,
s15370,SUIUSDT,1783179900000,train,1,2.01,0.51,2.46,1.97,3.45,1.29,1.14,0.81,0.74,0.87,0,0.72,neutral,neutral,0,-0.678,32,3638,0,
s15371,PENDLEUSDT,1783179900000,train,1,2.22,0.596,2.89,2.16,1.29,1.5,0.74,1.37,1.05,0.98,1,0.72,neutral,neutral,0,-0.682,32,3638,0,
s15372,STXUSDT,1783179900000,testB,1,2.11,0.545,2.35,2.12,2.28,1.39,1.44,0.99,1.18,0.94,0,0.72,neutral,neutral,0,-0.324,32,3637,1,
s15373,LDOUSDT,1783179900000,testB,1,3.52,0.699,3.81,3.48,1.9,2.8,2.33,1.62,1.2,0.93,1,0.72,neutral,alcista,0,-0.095,32,3637,5,
s15374,STBLUSDT,1783180800000,train,1,3.0,0.459,3.39,3.13,0.55,2.64,1.74,1.23,0.94,0.64,1,0.35,neutral,alcista,0,-0.345,32,3639,4,
s15375,WLDUSDT,1783180800000,train,1,2.5,0.402,3.52,2.81,1.35,2.15,1.29,0.72,1.0,0.97,0,0.35,neutral,neutral,0,-1.0,28,3639,0,
s15376,ENAUSDT,1783180800000,train,1,2.93,0.404,4.71,3.26,2.18,2.58,1.38,0.93,0.78,0.59,1,0.35,neutral,neutral,0,-0.66,32,3639,0,
s15377,LDOUSDT,1783180800000,testB,1,2.8,0.529,3.9,2.98,1.66,2.44,1.67,1.73,1.28,0.94,1,0.35,neutral,neutral,0,0.086,32,3638,0,
s15378,PUMPUSDT,1783181700000,train,1,2.51,0.429,3.2,3.2,1.93,2.06,1.7,0.8,0.69,0.61,1,0.44,neutral,neutral,0,-1.0,31,3640,1,
s15379,STBLUSDT,1783181700000,train,1,2.61,0.4,3.4,2.95,0.61,2.16,1.44,1.23,0.94,0.64,1,0.44,neutral,neutral,0,-0.354,32,3640,0,
s15380,WLDUSDT,1783181700000,train,1,3.42,0.479,4.06,3.7,0.99,2.98,1.96,0.72,1.0,0.97,0,0.44,neutral,neutral,0,-1.0,27,3640,1,
s15381,ENAUSDT,1783181700000,train,1,3.17,0.423,4.7,3.51,1.4,2.73,1.44,0.93,0.78,0.59,1,0.44,neutral,neutral,0,-0.724,32,3640,1,
s15382,TIAUSDT,1783181700000,train,1,2.98,0.413,3.91,3.63,1.54,2.53,2.32,1.06,1.17,1.09,0,0.44,neutral,alcista,0,-0.823,32,3640,2,
s15383,STXUSDT,1783181700000,testB,1,2.04,0.479,2.51,2.51,1.04,1.6,1.45,1.29,1.33,1.01,0,0.44,neutral,neutral,0,-0.477,32,3639,1,
s15384,LDOUSDT,1783181700000,testB,1,3.29,0.569,3.88,3.55,1.41,2.84,2.01,1.73,1.28,0.94,1,0.44,neutral,neutral,0,-0.021,32,3639,1,
s15385,XPLUSDT,1783182600000,train,1,5.89,0.373,7.95,5.68,0.66,5.44,1.57,1.95,1.38,1.26,1,0.45,neutral,alcista,0,-1.0,22,3641,2,
s15386,STBLUSDT,1783182600000,train,1,2.35,0.378,3.48,3.26,0.74,1.9,2.13,1.23,0.94,0.64,1,0.45,neutral,neutral,0,-0.58,32,3641,1,
s15387,WLDUSDT,1783182600000,train,1,2.86,0.436,4.06,3.7,0.9,2.41,1.84,0.72,1.0,0.97,0,0.45,neutral,neutral,0,-1.0,26,3641,0,
s15388,ENAUSDT,1783182600000,train,1,3.91,0.48,4.67,4.16,1.09,3.47,1.98,0.93,0.78,0.59,1,0.45,neutral,alcista,0,-0.757,32,3641,2,
s15389,TIAUSDT,1783182600000,train,1,4.57,0.551,5.15,4.86,1.71,4.12,3.27,1.06,1.17,1.09,0,0.45,neutral,alcista,0,-0.809,32,3641,3,
s15390,ONDOUSDT,1783182600000,train,1,2.23,0.544,2.77,2.68,1.64,1.78,1.66,1.1,0.9,0.89,1,0.45,neutral,alcista,0,-1.0,32,3640,2,
s15391,ARUSDT,1783182600000,testB,1,2.39,0.458,4.43,2.43,2.97,1.94,0.76,1.71,1.49,1.04,1,0.45,neutral,alcista,0,-0.137,32,3640,5,
s15392,LDOUSDT,1783182600000,testB,1,3.25,0.558,3.88,3.41,1.12,2.8,1.69,1.73,1.28,0.94,1,0.45,neutral,neutral,0,0.065,32,3640,0,
s15393,ENAUSDT,1783183500000,train,1,3.12,0.362,4.69,3.58,0.98,2.7,1.17,0.93,0.78,0.59,1,0.42,neutral,neutral,0,-0.682,32,3642,0,
s15394,TIAUSDT,1783183500000,train,1,4.23,0.506,5.58,4.67,1.9,3.81,2.73,1.06,1.17,1.09,0,0.42,neutral,neutral,0,-0.78,32,3642,0,
s15395,ONDOUSDT,1783183500000,train,1,2.08,0.496,3.36,2.56,2.34,1.66,1.35,1.1,0.9,0.89,1,0.42,neutral,neutral,0,-1.0,31,3641,0,
s15396,LDOUSDT,1783183500000,testB,1,2.64,0.432,3.9,2.98,0.67,2.23,1.09,1.73,1.28,0.94,1,0.42,neutral,neutral,0,0.136,32,3641,0,
s15397,STBLUSDT,1783184400000,train,1,2.39,0.373,3.56,3.22,0.67,1.98,1.67,1.27,0.98,0.66,1,0.41,neutral,neutral,0,-0.736,32,3643,1,
s15398,ENAUSDT,1783184400000,train,1,3.1,0.358,4.7,3.4,0.85,2.69,0.89,1.0,0.81,0.61,1,0.41,neutral,neutral,0,-0.719,32,3643,0,
s15399,ARBUSDT,1783184400000,train,1,2.15,0.422,2.3,2.23,0.89,1.74,0.95,0.87,0.82,0.83,0,0.41,neutral,neutral,0,-0.729,32,3643,1,
s15400,TIAUSDT,1783184400000,train,1,3.95,0.453,5.62,3.92,1.91,3.54,1.73,1.32,1.24,1.11,1,0.41,neutral,neutral,0,-0.686,32,3643,0,
s15401,ONDOUSDT,1783184400000,train,1,3.05,0.66,3.72,3.22,2.59,2.64,1.84,1.52,1.07,0.96,1,0.41,neutral,neutral,0,-1.0,30,3642,1,
s15402,STXUSDT,1783184400000,testB,1,2.4,0.547,3.54,2.63,2.24,1.99,1.14,1.28,1.1,1.02,1,0.41,neutral,neutral,0,-0.652,32,3642,1,
s15403,LDOUSDT,1783184400000,testB,1,2.8,0.468,3.9,2.87,0.45,2.39,0.87,1.98,1.38,0.99,1,0.41,neutral,neutral,0,0.269,32,3642,0,
s15404,ARBUSDT,1783185300000,train,1,2.11,0.418,2.61,2.6,1.04,1.58,1.21,0.87,0.82,0.83,0,0.52,neutral,alcista,0,-1.0,32,3644,2,
s15405,TIAUSDT,1783185300000,train,1,4.51,0.488,5.56,5.0,1.36,3.99,2.64,1.32,1.24,1.11,1,0.52,neutral,neutral,0,-0.79,32,3644,1,
s15406,ONDOUSDT,1783185300000,train,1,3.91,0.714,4.2,4.17,2.63,3.39,2.57,1.52,1.07,0.96,1,0.52,neutral,alcista,0,-1.0,29,3643,2,
s15407,ARUSDT,1783185300000,testB,1,2.11,0.449,3.85,2.96,2.1,1.59,1.9,1.99,1.74,1.15,1,0.52,neutral,alcista,0,-0.746,32,3643,8,
s15408,STXUSDT,1783185300000,testB,1,2.16,0.521,3.54,2.68,2.15,1.63,1.08,1.28,1.1,1.02,1,0.52,neutral,alcista,0,-0.723,32,3643,2,
s15409,LDOUSDT,1783185300000,testB,1,2.68,0.458,3.89,3.09,0.37,2.16,1.0,1.98,1.38,0.99,1,0.52,neutral,neutral,0,-0.024,32,3643,1,
s15410,MANAUSDT,1783185300000,testB,1,2.14,0.405,3.07,2.79,0.62,1.61,1.2,1.08,1.07,1.58,0,0.52,neutral,neutral,0,-1.0,24,3643,1,
s15411,PUMPUSDT,1783186200000,train,1,2.57,0.4,3.88,3.38,0.41,1.61,1.29,0.76,0.71,0.61,1,0.96,neutral,alcista,0,-1.0,26,3645,3,
s15412,STBLUSDT,1783186200000,train,1,2.79,0.448,3.42,2.71,0.54,1.83,0.92,1.27,0.98,0.66,1,0.96,neutral,neutral,0,-1.0,31,3645,1,
s15413,WLDUSDT,1783186200000,train,1,3.4,0.562,4.24,3.67,0.94,2.44,1.19,0.79,0.95,0.94,0,0.96,neutral,alcista,0,-1.0,22,3645,3,
s15414,ENAUSDT,1783186200000,train,1,3.82,0.479,4.68,3.92,0.61,2.86,1.17,1.0,0.81,0.61,1,0.96,neutral,alcista,0,-0.796,32,3645,2,
s15415,ARBUSDT,1783186200000,train,1,2.81,0.579,3.04,2.83,1.31,1.85,1.31,0.87,0.82,0.83,0,0.96,neutral,alcista,0,-1.0,31,3645,3,
s15416,SUIUSDT,1783186200000,train,1,2.52,0.474,2.64,2.6,1.09,1.56,1.26,1.16,0.88,0.9,0,0.96,neutral,alcista,0,-1.0,27,3645,3,
s15417,TIAUSDT,1783186200000,train,1,4.71,0.517,5.95,4.62,1.63,3.75,2.0,1.32,1.24,1.11,1,0.96,neutral,neutral,0,-0.778,32,3645,0,
s15418,ONDOUSDT,1783186200000,train,1,3.77,0.668,4.31,3.78,2.27,2.81,1.94,1.52,1.07,0.96,1,0.96,neutral,neutral,0,-1.0,28,3644,0,
s15419,ARUSDT,1783186200000,testB,1,2.41,0.543,3.86,2.87,2.26,1.45,1.54,1.99,1.74,1.15,1,0.96,neutral,neutral,0,-1.0,32,3644,0,
s15420,STXUSDT,1783186200000,testB,1,2.57,0.629,3.53,2.85,0.78,1.61,1.12,1.28,1.1,1.02,1,0.96,neutral,alcista,0,-0.8,32,3644,3,
s15421,LDOUSDT,1783186200000,testB,1,3.63,0.6,3.91,3.62,0.56,2.68,1.39,1.98,1.38,0.99,1,0.96,neutral,alcista,0,-0.222,32,3644,2,
s15422,SANDUSDT,1783186200000,testB,1,2.54,0.614,2.65,2.6,1.14,1.58,1.22,1.72,1.92,1.66,0,0.96,neutral,alcista,0,-0.383,32,3644,3,
s15423,MANAUSDT,1783186200000,testB,1,3.14,0.524,3.73,3.6,0.88,2.18,1.89,1.08,1.07,1.58,0,0.96,neutral,alcista,0,-1.0,23,3644,2,
s15424,PUMPUSDT,1783187100000,train,1,3.41,0.505,3.92,3.3,0.57,2.32,1.7,0.76,0.71,0.61,1,1.09,neutral,alcista,0,-1.0,21,3646,4,
s15425,STBLUSDT,1783187100000,train,1,2.55,0.427,3.38,2.68,0.52,1.46,0.85,1.27,0.98,0.66,1,1.09,neutral,neutral,0,-1.0,30,3646,0,
s15426,WLDUSDT,1783187100000,train,1,3.34,0.559,3.71,3.3,0.96,2.25,1.14,0.79,0.95,0.94,0,1.09,neutral,alcista,0,-1.0,17,3646,4,
s15427,ENAUSDT,1783187100000,train,1,3.47,0.432,4.37,3.41,0.56,2.38,0.9,1.0,0.81,0.61,1,1.09,neutral,neutral,0,-1.0,30,3646,0,
s15428,ARBUSDT,1783187100000,train,1,2.85,0.584,3.13,2.85,1.45,1.76,1.44,0.87,0.82,0.83,0,1.09,neutral,alcista,0,-1.0,30,3646,4,
s15429,SUIUSDT,1783187100000,train,1,2.9,0.509,3.07,2.89,1.53,1.81,1.62,1.16,0.88,0.9,0,1.09,neutral,alcista,0,-1.0,25,3646,4,
s15430,TIAUSDT,1783187100000,train,1,4.03,0.457,5.86,4.34,1.42,2.94,1.7,1.32,1.24,1.11,1,1.09,neutral,neutral,0,-0.74,32,3646,0,
s15431,SEIUSDT,1783187100000,train,1,2.75,0.535,2.8,2.7,1.72,1.66,1.49,0.78,0.81,0.6,0,1.09,neutral,neutral,0,-0.898,32,3646,1,
s15432,ONDOUSDT,1783187100000,train,1,4.8,0.719,4.72,4.61,1.77,3.71,2.72,1.52,1.07,0.96,1,1.09,neutral,neutral,0,-1.0,27,3645,1,
s15433,ARUSDT,1783187100000,testB,1,2.3,0.533,3.85,3.14,2.42,1.21,1.51,1.99,1.74,1.15,1,1.09,neutral,neutral,0,-1.0,31,3645,1,
s15434,STXUSDT,1783187100000,testB,1,2.86,0.653,3.29,2.95,0.63,1.77,1.37,1.28,1.1,1.02,1,1.09,neutral,alcista,0,-1.0,31,3645,4,
s15435,LDOUSDT,1783187100000,testB,1,4.62,0.656,4.52,4.41,0.71,3.53,2.19,1.98,1.38,0.99,1,1.09,neutral,alcista,0,-0.246,32,3645,3,
s15436,SANDUSDT,1783187100000,testB,1,2.28,0.538,2.93,2.37,1.29,1.19,0.94,1.72,1.92,1.66,0,1.09,neutral,neutral,0,-0.281,32,3645,0,
s15437,MANAUSDT,1783187100000,testB,1,3.29,0.561,3.74,3.46,1.19,2.2,1.56,1.08,1.07,1.58,0,1.09,neutral,neutral,0,-1.0,22,3645,0,
s15438,PUMPUSDT,1783188000000,train,1,2.43,0.404,3.49,2.74,0.66,1.38,1.39,0.79,0.71,0.62,1,1.04,neutral,neutral,0,-1.0,16,3647,0,
s15439,WLDUSDT,1783188000000,train,1,2.35,0.382,3.46,2.47,0.8,1.3,0.52,0.79,0.92,0.93,0,1.04,neutral,neutral,0,-1.0,16,3647,0,
s15440,ENAUSDT,1783188000000,train,1,2.58,0.357,3.75,2.73,0.46,1.53,0.69,1.05,0.81,0.62,1,1.04,neutral,neutral,0,-1.0,20,3647,0,
s15441,SUIUSDT,1783188000000,train,1,2.31,0.436,2.88,2.6,1.61,1.26,1.34,1.27,0.91,0.88,1,1.04,neutral,neutral,0,-1.0,24,3647,0,
s15442,ONDOUSDT,1783188000000,train,1,4.58,0.704,4.7,4.47,1.45,3.54,2.41,1.65,1.13,0.99,1,1.04,neutral,neutral,0,-1.0,26,3646,0,
s15443,ARUSDT,1783188000000,testB,1,2.26,0.516,3.86,2.78,0.66,1.22,1.03,1.74,1.72,1.17,1,1.04,neutral,neutral,0,-1.0,30,3646,0,
s15444,STXUSDT,1783188000000,testB,1,2.39,0.547,3.3,2.73,0.65,1.34,0.99,1.29,1.09,1.03,1,1.04,neutral,neutral,0,-1.0,30,3646,0,
s15445,LDOUSDT,1783188000000,testB,1,3.5,0.487,4.33,3.6,0.75,2.46,1.37,2.12,1.47,1.04,1,1.04,neutral,neutral,0,-0.475,32,3646,0,
s15446,SANDUSDT,1783188000000,testB,1,2.08,0.515,2.74,2.17,0.92,1.03,0.85,1.72,1.87,1.68,0,1.04,neutral,neutral,0,-0.802,32,3646,0,
s15447,MANAUSDT,1783188000000,testB,1,3.15,0.524,3.75,3.19,1.16,2.11,1.19,1.01,1.04,1.41,0,1.04,neutral,neutral,0,-1.0,21,3646,0,
s15448,XPLUSDT,1783188900000,train,-1,-4.76,0.42,6.97,6.64,0.47,-5.57,2.49,2.25,1.5,1.13,1,0.81,neutral,bajista,0,0.293,32,3648,7,
s15449,ONDOUSDT,1783188900000,train,1,3.37,0.455,4.6,3.35,1.15,2.56,1.28,1.65,1.13,0.99,1,0.81,neutral,neutral,0,-1.0,25,3647,0,
s15450,ARUSDT,1783188900000,testB,1,2.08,0.453,3.84,2.18,0.59,1.27,0.47,1.74,1.72,1.17,1,0.81,neutral,neutral,0,-1.0,28,3647,0,
s15451,STXUSDT,1783188900000,testB,1,2.28,0.506,3.31,2.29,0.6,1.47,0.51,1.29,1.09,1.03,1,0.81,neutral,neutral,0,-1.0,29,3647,0,
s15452,SANDUSDT,1783188900000,testB,1,2.2,0.55,2.74,2.21,1.12,1.39,0.82,1.72,1.87,1.68,0,0.81,neutral,neutral,0,-0.699,32,3647,1,
s15453,MANAUSDT,1783188900000,testB,1,2.87,0.455,3.77,2.79,1.03,2.06,0.72,1.01,1.04,1.41,0,0.81,neutral,neutral,0,-1.0,20,3647,0,
s15454,XPLUSDT,1783189800000,train,-1,-4.97,0.453,6.81,5.83,0.57,-5.66,2.02,2.25,1.5,1.13,1,0.69,neutral,neutral,0,0.703,32,3649,0,
s15455,ONDOUSDT,1783189800000,train,1,2.82,0.376,4.61,3.04,0.9,2.13,0.86,1.65,1.13,0.99,1,0.69,neutral,neutral,0,-1.0,24,3648,0,
s15456,ARUSDT,1783189800000,testB,1,2.42,0.49,3.68,2.36,0.45,1.73,0.67,1.74,1.72,1.17,1,0.69,neutral,neutral,0,-1.0,27,3648,1,
s15457,SANDUSDT,1783189800000,testB,1,2.03,0.526,2.66,2.11,0.92,1.35,0.71,1.72,1.87,1.68,0,0.69,neutral,neutral,0,-0.889,32,3648,0,
s15458,MANAUSDT,1783189800000,testB,1,2.57,0.429,3.48,2.65,0.61,1.88,0.81,1.01,1.04,1.41,0,0.69,neutral,neutral,0,-1.0,19,3648,1,
s15459,XPLUSDT,1783190700000,train,-1,-4.56,0.43,6.08,5.26,0.59,-5.3,1.95,2.25,1.5,1.13,1,0.74,neutral,neutral,0,1.014,32,3650,1,
s15460,ONDOUSDT,1783190700000,train,1,3.36,0.418,4.27,3.31,0.58,2.62,1.31,1.65,1.13,0.99,1,0.74,neutral,neutral,0,-1.0,22,3649,1,
s15461,ARUSDT,1783190700000,testB,1,2.07,0.453,3.63,2.4,0.34,1.33,0.74,1.74,1.72,1.17,1,0.74,neutral,alcista,0,-1.0,26,3649,2,
s15462,STXUSDT,1783190700000,testB,1,2.04,0.422,3.09,2.06,0.4,1.3,0.4,1.29,1.09,1.03,1,0.74,neutral,neutral,0,-1.0,26,3649,1,
s15463,XPLUSDT,1783191600000,train,-1,-4.71,0.438,5.82,5.26,0.56,-5.25,2.06,1.83,1.5,1.12,1,0.55,neutral,bajista,0,0.922,32,3651,2,
s15464,XPLUSDT,1783192500000,train,-1,-4.37,0.395,5.8,4.85,0.39,-5.09,1.64,1.83,1.5,1.12,1,0.71,neutral,neutral,0,1.249,32,3652,0,
s15465,ARUSDT,1783192500000,testB,1,2.12,0.423,3.63,2.31,0.26,1.41,0.6,1.68,1.75,1.19,0,0.71,neutral,neutral,0,-1.0,24,3651,1,
s15466,APEUSDT,1783195200000,testB,1,2.27,0.452,2.62,2.55,1.55,1.39,1.49,0.76,0.5,0.45,1,0.88,neutral,neutral,0,-1.0,13,3654,1,
s15467,WLDUSDT,1783196100000,train,-1,-2.46,0.372,3.46,3.09,1.15,-2.95,1.48,0.8,0.7,0.92,0,0.49,neutral,bajista,0,0.902,32,3656,3,
s15468,ENAUSDT,1783196100000,train,-1,-2.08,0.384,3.51,3.15,0.74,-2.57,1.57,0.93,0.79,0.6,1,0.49,neutral,neutral,0,0.518,32,3656,1,
s15469,XPLUSDT,1783197000000,train,-1,-4.07,0.638,5.13,4.5,0.88,-4.68,1.01,1.24,1.42,1.08,0,0.62,neutral,bajista,0,0.994,32,3657,2,
s15470,ENAUSDT,1783197000000,train,-1,-2.57,0.526,3.5,2.97,0.79,-3.19,1.16,0.93,0.79,0.6,1,0.62,neutral,neutral,0,0.57,32,3657,0,
s15471,TIAUSDT,1783197000000,train,-1,-2.81,0.361,4.97,3.99,0.87,-3.42,0.51,1.45,1.09,1.1,0,0.62,neutral,neutral,0,0.352,32,3657,0,
s15472,XPLUSDT,1783197900000,train,-1,-3.64,0.605,4.66,4.0,0.4,-4.13,0.79,1.24,1.42,1.08,0,0.5,neutral,neutral,0,1.221,32,3658,0,
s15473,XPLUSDT,1783198800000,train,-1,-2.73,0.438,4.63,3.4,0.38,-3.5,0.34,1.06,1.42,1.08,0,0.77,neutral,neutral,0,1.488,32,3659,0,
s15474,TIAUSDT,1783199700000,train,-1,-2.75,0.461,4.96,3.78,0.32,-3.47,0.57,1.22,1.04,1.07,0,0.72,neutral,neutral,0,0.563,32,3660,0,
s15475,XPLUSDT,1783200600000,train,-1,-2.37,0.398,4.03,3.54,0.89,-2.55,1.96,1.06,1.42,1.08,0,0.18,neutral,bajista,0,0.661,32,3661,2,
s15476,ENAUSDT,1783200600000,train,-1,-2.09,0.517,3.1,2.32,0.49,-2.27,0.59,0.63,0.75,0.59,0,0.18,neutral,neutral,0,1.321,32,3661,1,
s15477,TIAUSDT,1783200600000,train,-1,-2.91,0.474,3.83,3.2,0.31,-3.09,0.98,1.22,1.04,1.07,0,0.18,neutral,neutral,0,0.803,32,3661,1,
s15478,WLDUSDT,1783201500000,train,-1,-2.51,0.393,3.06,2.59,0.66,-2.55,0.89,0.65,0.65,0.92,0,0.05,neutral,bajista,0,1.45,32,3662,3,
s15479,TIAUSDT,1783201500000,train,-1,-2.75,0.459,3.6,3.0,0.37,-2.79,0.81,1.22,1.04,1.07,0,0.05,neutral,bajista,0,0.773,32,3662,2,
s15480,ONDOUSDT,1783201500000,train,-1,-2.65,0.484,3.31,2.93,1.14,-2.7,0.67,1.77,1.26,0.98,1,0.05,neutral,bajista,0,0.98,32,3661,2,
s15481,MANAUSDT,1783201500000,testB,-1,-2.08,0.517,2.55,2.26,0.51,-2.12,0.67,0.64,0.83,1.19,0,0.05,neutral,neutral,0,-1.0,10,3661,1,
s15482,XPLUSDT,1783202400000,train,-1,-2.57,0.367,4.32,4.03,1.06,-2.47,1.75,0.9,1.42,1.1,0,-0.11,neutral,neutral,0,0.32,32,3663,1,
s15483,PUMPUSDT,1783202400000,train,-1,-2.68,0.374,3.01,2.75,0.66,-2.57,0.99,0.44,0.62,0.6,0,-0.11,neutral,neutral,0,0.93,32,3663,1,
s15484,WLDUSDT,1783202400000,train,-1,-2.54,0.395,3.2,2.92,0.91,-2.44,1.39,0.62,0.66,0.95,0,-0.11,neutral,bajista,0,1.04,32,3663,4,
s15485,ENAUSDT,1783202400000,train,-1,-2.21,0.493,2.73,2.34,0.56,-2.11,0.87,0.51,0.71,0.6,0,-0.11,neutral,neutral,0,0.973,32,3663,1,
s15486,TIAUSDT,1783202400000,train,-1,-2.62,0.445,3.17,3.04,0.41,-2.51,1.4,0.97,1.01,1.09,0,-0.11,neutral,bajista,0,0.558,32,3663,3,
s15487,ONDOUSDT,1783202400000,train,-1,-2.94,0.51,3.35,3.06,1.33,-2.83,1.03,1.45,1.26,0.95,1,-0.11,neutral,bajista,0,0.845,32,3662,3,
s15488,WLDUSDT,1783203300000,train,-1,-2.55,0.395,3.45,3.33,0.78,-2.62,1.66,0.62,0.66,0.95,0,0.06,neutral,bajista,0,0.773,32,3664,5,
s15489,XPLUSDT,1783204200000,train,-1,-2.02,0.37,4.32,3.97,0.81,-2.17,1.36,0.9,1.42,1.1,0,0.15,neutral,neutral,0,0.413,32,3665,1,
s15490,WLDUSDT,1783204200000,train,-1,-2.78,0.431,3.55,3.45,0.81,-2.93,1.63,0.62,0.66,0.95,0,0.15,neutral,bajista,0,0.671,32,3665,6,
s15491,WLDUSDT,1783205100000,train,-1,-2.72,0.42,3.62,2.94,0.9,-2.77,0.95,0.62,0.66,0.95,0,0.05,neutral,neutral,0,0.984,32,3666,0,
s15492,ONDOUSDT,1783205100000,train,-1,-2.06,0.504,2.73,2.25,0.51,-2.11,0.68,1.45,1.26,0.95,1,0.05,neutral,neutral,0,1.224,32,3665,0,
s15493,XPLUSDT,1783206000000,train,-1,-2.76,0.403,5.41,5.19,1.28,-2.47,2.01,0.8,1.5,1.13,0,-0.29,neutral,neutral,0,0.186,32,3667,1,
s15494,WLDUSDT,1783206000000,train,-1,-2.22,0.369,3.22,3.06,0.7,-1.94,1.49,0.58,0.68,0.95,0,-0.29,neutral,neutral,0,0.798,32,3667,1,
s15495,ONDOUSDT,1783206000000,train,-1,-2.28,0.527,2.72,2.69,0.62,-1.99,1.22,1.14,1.32,0.99,0,-0.29,neutral,neutral,0,0.767,32,3666,1,
s15496,MANAUSDT,1783206000000,testB,-1,-2.1,0.517,2.43,2.43,1.04,-1.81,1.27,0.49,0.79,1.1,0,-0.29,neutral,neutral,0,-1.0,5,3666,1,
s15497,XPLUSDT,1783206900000,train,-1,-3.19,0.493,5.6,5.25,1.49,-2.76,1.96,0.8,1.5,1.13,0,-0.43,neutral,bajista,0,0.038,32,3668,2,
s15498,WLDUSDT,1783206900000,train,-1,-2.51,0.441,3.5,2.91,0.8,-2.08,1.24,0.58,0.68,0.95,0,-0.43,neutral,neutral,0,0.813,32,3668,0,
s15499,FETUSDT,1783206900000,train,-1,-2.4,0.391,3.61,3.11,0.9,-1.97,0.99,0.95,1.13,0.88,0,-0.43,neutral,neutral,0,1.088,32,3667,0,
s15500,XPLUSDT,1783207800000,train,-1,-3.12,0.485,5.6,5.23,1.42,-2.87,1.74,0.8,1.5,1.13,0,-0.25,neutral,neutral,0,0.174,32,3669,0,
s15501,WLDUSDT,1783207800000,train,-1,-2.25,0.38,3.44,2.33,0.86,-2.0,0.71,0.58,0.68,0.95,0,-0.25,neutral,neutral,0,1.051,32,3669,0,
s15502,FETUSDT,1783207800000,train,-1,-2.19,0.369,3.61,3.23,1.01,-1.94,1.07,0.95,1.13,0.88,0,-0.25,neutral,neutral,0,0.881,32,3668,1,
s15503,XPLUSDT,1783208700000,train,-1,-3.23,0.51,4.37,3.96,1.44,-2.99,1.51,0.8,1.5,1.13,0,-0.24,neutral,neutral,0,0.217,32,3670,0,
s15504,FETUSDT,1783208700000,train,-1,-2.56,0.436,2.85,2.63,1.03,-2.32,1.13,0.95,1.13,0.88,0,-0.24,neutral,bajista,0,1.0,32,3669,2,
s15505,XPLUSDT,1783209600000,train,-1,-3.52,0.534,4.35,3.96,1.01,-3.06,1.67,0.79,1.53,1.11,0,-0.46,neutral,neutral,0,0.043,32,3671,1,
s15506,FETUSDT,1783209600000,train,-1,-2.47,0.426,2.69,2.58,0.98,-2.0,1.34,1.1,1.15,0.93,0,-0.46,neutral,bajista,0,0.957,32,3670,3,
s15507,XPLUSDT,1783210500000,train,-1,-3.4,0.525,4.68,4.08,1.1,-3.21,1.62,0.79,1.53,1.11,0,-0.19,neutral,bajista,0,-0.083,32,3672,2,
s15508,MANAUSDT,1783210500000,testB,1,2.83,0.417,4.26,4.13,4.29,3.02,2.58,1.13,1.08,1.16,0,-0.19,neutral,alcista,0,-1.0,6,3671,3,
s15509,XPLUSDT,1783211400000,train,-1,-3.52,0.533,4.94,4.53,1.13,-3.2,1.86,0.79,1.53,1.11,0,-0.32,neutral,bajista,0,-0.096,32,3673,3,
s15510,WLDUSDT,1783211400000,train,-1,-2.53,0.48,4.68,3.34,2.29,-2.21,1.44,0.69,0.73,0.93,0,-0.32,neutral,bajista,0,0.4,32,3673,3,
s15511,FETUSDT,1783211400000,train,-1,-2.9,0.628,3.37,2.98,1.45,-2.58,1.51,1.1,1.15,0.93,0,-0.32,neutral,bajista,0,0.759,32,3672,5,
s15512,MANAUSDT,1783211400000,testB,1,4.24,0.517,5.43,5.43,5,4.56,3.6,1.13,1.08,1.16,0,-0.32,neutral,alcista,0,-1.0,5,3672,4,
s15513,XPLUSDT,1783212300000,train,-1,-3.4,0.506,4.93,4.37,1.18,-3.01,1.56,0.79,1.53,1.11,0,-0.39,neutral,neutral,0,-0.058,32,3674,0,
s15514,PUMPUSDT,1783212300000,train,-1,-2.41,0.388,3.58,2.93,2.1,-2.02,1.13,0.42,0.6,0.59,0,-0.39,neutral,neutral,0,0.089,32,3674,1,
s15515,WLDUSDT,1783212300000,train,-1,-2.89,0.512,4.7,3.84,2.54,-2.5,1.71,0.69,0.73,0.93,0,-0.39,neutral,bajista,0,0.206,32,3674,4,
s15516,SUIUSDT,1783212300000,train,-1,-2.17,0.524,3.4,3.08,1.95,-1.78,1.5,0.82,1.04,0.81,0,-0.39,neutral,bajista,0,0.297,32,3674,6,
s15517,FETUSDT,1783212300000,train,-1,-3.39,0.663,4.23,3.57,2.29,-3.0,2.11,1.1,1.15,0.93,0,-0.39,neutral,bajista,0,0.422,32,3673,6,
s15518,XPLUSDT,1783213200000,train,-1,-3.7,0.581,4.89,4.05,1.0,-3.11,1.13,0.72,1.29,1.08,0,-0.58,neutral,neutral,0,0.172,32,3675,0,
s15519,PUMPUSDT,1783213200000,train,-1,-2.6,0.423,3.58,2.99,0.8,-2.02,1.03,0.44,0.59,0.6,0,-0.58,neutral,bajista,0,0.022,32,3675,2,
s15520,WLDUSDT,1783213200000,train,-1,-2.95,0.531,4.7,3.76,2.36,-2.37,1.38,0.75,0.74,0.89,0,-0.58,neutral,neutral,0,0.178,32,3675,0,
s15521,SUIUSDT,1783213200000,train,-1,-2.53,0.631,3.41,3.21,1.61,-1.95,1.38,1.12,1.18,0.87,0,-0.58,neutral,bajista,0,0.237,32,3675,7,
s15522,ONDOUSDT,1783213200000,train,-1,-2.01,0.548,2.89,2.35,1.18,-1.43,0.96,1.07,1.42,1.03,0,-0.58,neutral,bajista,0,0.564,32,3674,6,
s15523,FETUSDT,1783213200000,train,-1,-3.08,0.64,4.18,3.51,2.18,-2.5,1.79,1.07,1.16,0.95,0,-0.58,neutral,neutral,0,0.381,32,3674,0,
s15524,XPLUSDT,1783214100000,train,-1,-2.76,0.405,4.48,2.94,0.63,-1.98,0.34,0.72,1.29,1.08,0,-0.78,neutral,neutral,0,0.454,32,3676,0,
s15525,PUMPUSDT,1783214100000,train,-1,-2.79,0.44,3.91,3.26,1.2,-2.01,1.21,0.44,0.59,0.6,0,-0.78,neutral,bajista,0,0.16,32,3676,3,
s15526,0GUSDT,1783214100000,train,-1,-2.07,0.423,3.36,2.11,0.87,-1.28,0.78,0.71,0.5,0.53,0,-0.78,neutral,bajista,0,0.773,32,3676,3,
s15527,WLDUSDT,1783214100000,train,-1,-2.75,0.513,4.12,2.97,2.28,-1.97,1.33,0.75,0.74,0.89,0,-0.78,neutral,neutral,0,0.637,32,3676,1,
s15528,ARBUSDT,1783214100000,train,-1,-2.17,0.625,2.73,2.37,1.1,-1.39,0.85,0.75,0.85,0.78,0,-0.78,neutral,bajista,0,0.709,32,3676,3,
s15529,OPUSDT,1783214100000,train,-1,-2.19,0.5,2.71,2.24,1.13,-1.41,0.73,0.68,0.77,0.74,0,-0.78,neutral,neutral,0,0.417,32,3676,1,
s15530,SUIUSDT,1783214100000,train,-1,-3.51,0.824,4.3,3.88,3.24,-2.73,1.87,1.12,1.18,0.87,0,-0.78,neutral,bajista,0,0.117,32,3676,8,
s15531,ONDOUSDT,1783214100000,train,-1,-2.36,0.597,3.05,2.69,1.02,-1.58,1.24,1.07,1.42,1.03,0,-0.78,neutral,bajista,0,0.539,32,3675,7,
s15532,FETUSDT,1783214100000,train,-1,-3.56,0.733,4.25,3.8,2.13,-2.77,1.98,1.07,1.16,0.95,0,-0.78,neutral,neutral,0,0.353,32,3675,1,
s15533,ARUSDT,1783214100000,testB,-1,-2.76,0.457,3.6,2.88,1.27,-1.97,1.0,1.02,1.35,1.32,0,-0.78,neutral,bajista,0,1.033,32,3675,2,
s15534,PUMPUSDT,1783215000000,train,-1,-2.61,0.423,3.99,3.6,1.31,-1.93,1.44,0.44,0.59,0.6,0,-0.69,neutral,bajista,0,0.218,32,3677,4,
s15535,WLDUSDT,1783215000000,train,-1,-2.83,0.519,4.04,3.17,1.26,-2.14,1.45,0.75,0.74,0.89,0,-0.69,neutral,bajista,0,0.689,32,3677,2,
s15536,ARBUSDT,1783215000000,train,-1,-2.25,0.633,2.69,2.28,1.19,-1.57,1.02,0.75,0.85,0.78,0,-0.69,neutral,bajista,0,0.884,32,3677,4,
s15537,SUIUSDT,1783215000000,train,-1,-3.61,0.828,4.42,3.99,3.29,-2.93,1.96,1.12,1.18,0.87,0,-0.69,neutral,bajista,0,0.212,32,3677,8,
s15538,ONDOUSDT,1783215000000,train,-1,-2.36,0.597,2.78,2.45,0.68,-1.68,1.15,1.07,1.42,1.03,0,-0.69,neutral,bajista,0,0.864,32,3676,8,
s15539,FETUSDT,1783215000000,train,-1,-3.78,0.745,4.44,4.32,1.8,-3.1,2.19,1.07,1.16,0.95,0,-0.69,neutral,bajista,0,0.325,32,3676,2,
s15540,ARUSDT,1783215000000,testB,-1,-2.54,0.435,3.09,2.61,1.24,-1.86,1.39,1.02,1.35,1.32,0,-0.69,neutral,bajista,0,1.259,32,3676,3,
s15541,PUMPUSDT,1783215900000,train,-1,-2.47,0.394,3.96,2.73,1.41,-1.81,0.57,0.44,0.59,0.6,0,-0.66,neutral,neutral,0,0.429,32,3678,0,
s15542,WLDUSDT,1783215900000,train,-1,-2.31,0.401,4.02,2.73,1.22,-1.66,0.94,0.75,0.74,0.89,0,-0.66,neutral,neutral,0,1.0,32,3678,0,
s15543,SUIUSDT,1783215900000,train,-1,-3.65,0.829,4.21,3.87,2.68,-3.0,1.89,1.12,1.18,0.87,0,-0.66,neutral,bajista,0,0.139,32,3678,8,
s15544,ONDOUSDT,1783215900000,train,-1,-2.04,0.519,2.57,2.08,0.6,-1.39,0.93,1.07,1.42,1.03,0,-0.66,neutral,neutral,0,1.0,32,3677,0,
s15545,FETUSDT,1783215900000,train,-1,-3.61,0.691,4.42,3.86,0.89,-2.96,1.65,1.07,1.16,0.95,0,-0.66,neutral,neutral,0,0.478,32,3677,0,
s15546,ARUSDT,1783215900000,testB,-1,-2.17,0.39,3.04,2.51,1.19,-1.52,1.36,1.02,1.35,1.32,0,-0.66,neutral,bajista,0,1.404,32,3677,4,
s15547,STBLUSDT,1783216800000,train,-1,-2.48,0.6,3.04,2.58,2.31,-1.66,1.41,0.58,0.7,0.78,0,-0.82,neutral,bajista,1,2.0,30,3679,2,
s15548,0GUSDT,1783216800000,train,-1,-2.04,0.402,2.75,2.17,0.77,-1.22,1.18,0.75,0.55,0.54,1,-0.82,neutral,neutral,0,0.778,32,3679,1,
s15549,WLDUSDT,1783216800000,train,-1,-2.35,0.403,3.18,2.53,1.37,-1.53,1.41,0.79,0.79,0.89,0,-0.82,neutral,neutral,0,0.838,32,3679,1,
s15550,ARBUSDT,1783216800000,train,-1,-2.23,0.566,2.8,2.59,1.75,-1.41,1.65,0.84,0.91,0.79,0,-0.82,neutral,neutral,0,0.471,32,3679,1,
s15551,SUIUSDT,1783216800000,train,-1,-4.17,0.847,4.59,4.46,2.96,-3.35,2.47,1.18,1.23,0.91,0,-0.82,neutral,bajista,0,-0.106,32,3679,8,
s15552,PENDLEUSDT,1783216800000,train,-1,-2.05,0.488,2.9,2.64,1.6,-1.23,1.3,0.53,0.7,0.83,0,-0.82,neutral,neutral,0,0.371,32,3679,1,
s15553,ONDOUSDT,1783216800000,train,-1,-2.55,0.573,3.11,2.89,1.23,-1.73,1.61,1.22,1.54,1.08,0,-0.82,neutral,neutral,0,0.379,32,3678,1,
s15554,FETUSDT,1783216800000,train,-1,-4.16,0.72,4.63,4.46,0.9,-3.35,2.27,1.1,1.22,0.98,0,-0.82,neutral,neutral,0,0.291,32,3678,1,
s15555,ARUSDT,1783216800000,testB,-1,-2.47,0.419,3.36,3.26,1.36,-1.65,1.94,1.04,1.38,1.33,0,-0.82,neutral,bajista,0,0.91,32,3678,5,
s15556,GRTUSDT,1783216800000,testB,-1,-2.22,0.5,2.48,2.32,0.86,-1.4,1.4,1.15,1.05,0.98,1,-0.82,neutral,neutral,0,0.581,32,3678,1,
s15557,AXSUSDT,1783216800000,testB,-1,-2.2,0.365,4.49,4.3,0.65,-1.38,1.6,1.62,1.24,1.25,0,-0.82,neutral,neutral,0,0.205,32,3678,1,
s15558,STBLUSDT,1783217700000,train,-1,-2.55,0.607,3.04,2.66,2.4,-1.82,1.34,0.58,0.7,0.78,0,-0.73,neutral,bajista,0,1.754,32,3680,3,
s15559,ARBUSDT,1783217700000,train,-1,-2.01,0.5,2.8,2.43,1.57,-1.28,1.33,0.84,0.91,0.79,0,-0.73,neutral,neutral,0,0.495,32,3680,0,
s15560,SUIUSDT,1783217700000,train,-1,-3.3,0.631,4.35,3.57,1.1,-2.57,1.68,1.18,1.23,0.91,0,-0.73,neutral,neutral,0,-0.004,32,3680,0,
s15561,ONDOUSDT,1783217700000,train,-1,-2.55,0.573,3.11,2.93,1.21,-1.82,1.48,1.22,1.54,1.08,0,-0.73,neutral,bajista,0,0.229,32,3679,2,
s15562,FETUSDT,1783217700000,train,-1,-3.64,0.65,4.51,4.0,0.84,-2.91,1.87,1.1,1.22,0.98,0,-0.73,neutral,neutral,0,0.437,32,3679,0,
s15563,PUMPUSDT,1783218600000,train,-1,-2.75,0.443,3.29,3.09,1.13,-1.86,1.51,0.45,0.6,0.61,0,-0.89,neutral,neutral,0,-1.0,32,3681,1,
s15564,STBLUSDT,1783218600000,train,-1,-2.71,0.621,2.94,2.94,1.86,-1.82,1.71,0.58,0.7,0.78,0,-0.89,neutral,bajista,0,1.566,32,3681,4,
s15565,WLDUSDT,1783218600000,train,-1,-2.79,0.41,4.18,3.53,1.16,-1.9,2.0,0.79,0.79,0.89,0,-0.89,neutral,neutral,0,0.234,32,3681,1,
s15566,ARBUSDT,1783218600000,train,-1,-2.65,0.594,3.11,3.01,1.39,-1.76,1.64,0.84,0.91,0.79,0,-0.89,neutral,neutral,0,0.127,32,3681,1,
s15567,INJUSDT,1783218600000,train,-1,-2.56,0.496,3.61,2.76,1.88,-1.67,1.55,0.54,0.6,0.62,0,-0.89,neutral,neutral,0,0.377,32,3681,1,
s15568,SUIUSDT,1783218600000,train,-1,-3.7,0.683,4.35,3.88,0.94,-2.8,1.79,1.18,1.23,0.91,0,-0.89,neutral,neutral,0,-0.08,32,3681,1,
s15569,PENDLEUSDT,1783218600000,train,-1,-2.25,0.484,2.73,2.43,1.15,-1.36,1.02,0.53,0.7,0.83,0,-0.89,neutral,neutral,0,1.106,32,3681,1,
s15570,ONDOUSDT,1783218600000,train,-1,-3.21,0.635,3.77,3.59,1.69,-2.31,1.89,1.22,1.54,1.08,0,-0.89,neutral,bajista,0,0.085,32,3680,3,
s15571,FETUSDT,1783218600000,train,-1,-4.29,0.687,5.0,4.83,0.86,-3.4,2.42,1.1,1.22,0.98,0,-0.89,neutral,neutral,0,0.094,32,3680,1,
s15572,ARUSDT,1783218600000,testB,-1,-2.75,0.483,3.76,3.56,0.73,-1.86,1.73,1.04,1.38,1.33,0,-0.89,neutral,neutral,0,0.74,32,3680,1,
s15573,STXUSDT,1783218600000,testB,-1,-2.19,0.613,2.59,2.48,1.26,-1.3,1.44,0.98,1.09,1.07,0,-0.89,neutral,bajista,0,-0.071,32,3680,3,
s15574,AXSUSDT,1783218600000,testB,-1,-2.21,0.365,4.8,4.71,0.62,-1.31,1.64,1.62,1.24,1.25,0,-0.89,neutral,neutral,0,0.063,32,3680,1,
s15575,XPLUSDT,1783219500000,train,-1,-3.83,0.472,5.26,4.06,2.03,-3.05,2.32,0.92,1.08,1.12,0,-0.78,neutral,bajista,0,-0.421,32,3682,2,
s15576,PUMPUSDT,1783219500000,train,-1,-2.55,0.4,3.21,2.69,0.9,-1.77,0.91,0.45,0.6,0.61,0,-0.78,neutral,neutral,0,-1.0,31,3682,0,
s15577,STBLUSDT,1783219500000,train,-1,-2.64,0.614,3.25,2.94,2.13,-1.86,1.66,0.58,0.7,0.78,0,-0.78,neutral,bajista,0,1.645,32,3682,5,
s15578,WLDUSDT,1783219500000,train,-1,-2.56,0.367,4.15,2.78,1.28,-1.78,1.08,0.79,0.79,0.89,0,-0.78,neutral,neutral,0,0.513,32,3682,0,
s15579,ARBUSDT,1783219500000,train,-1,-2.62,0.586,3.13,2.71,1.43,-1.84,1.18,0.84,0.91,0.79,0,-0.78,neutral,neutral,0,0.239,32,3682,0,
s15580,INJUSDT,1783219500000,train,-1,-2.27,0.417,3.59,2.34,2.22,-1.49,1.07,0.54,0.6,0.62,0,-0.78,neutral,neutral,0,0.658,32,3682,0,
s15581,SUIUSDT,1783219500000,train,-1,-3.59,0.651,4.34,3.72,0.91,-2.81,1.45,1.18,1.23,0.91,0,-0.78,neutral,neutral,0,-0.065,32,3682,0,
s15582,SEIUSDT,1783219500000,train,-1,-2.28,0.55,2.75,2.36,1.32,-1.5,1.01,0.86,0.85,0.75,1,-0.78,neutral,neutral,0,0.638,32,3682,0,
s15583,PENDLEUSDT,1783219500000,train,-1,-2.35,0.517,2.72,2.41,0.99,-1.57,0.91,0.53,0.7,0.83,0,-0.78,neutral,neutral,0,1.383,32,3682,0,
s15584,ONDOUSDT,1783219500000,train,-1,-3.08,0.598,3.73,3.24,1.85,-2.3,1.39,1.22,1.54,1.08,0,-0.78,neutral,neutral,0,0.16,32,3681,0,
s15585,FETUSDT,1783219500000,train,-1,-4.39,0.717,4.99,4.59,1.04,-3.61,2.06,1.1,1.22,0.98,0,-0.78,neutral,neutral,0,0.148,32,3681,0,
s15586,ARUSDT,1783219500000,testB,-1,-2.75,0.483,3.75,3.41,0.8,-1.97,1.38,1.04,1.38,1.33,0,-0.78,neutral,neutral,0,0.8,32,3681,0,
s15587,STXUSDT,1783219500000,testB,-1,-2.3,0.667,2.59,2.42,1.3,-1.52,1.21,0.98,1.09,1.07,0,-0.78,neutral,neutral,0,-0.049,32,3681,0,
s15588,STBLUSDT,1783220400000,train,-1,-2.04,0.466,3.24,2.59,0.86,-1.68,1.19,0.65,0.69,0.78,0,-0.36,neutral,neutral,1,2.0,31,3683,0,
s15589,SUIUSDT,1783220400000,train,-1,-2.66,0.525,4.02,3.16,0.56,-2.29,1.06,1.16,1.1,0.9,1,-0.36,neutral,neutral,0,0.004,32,3683,0,
s15590,FETUSDT,1783220400000,train,-1,-3.07,0.56,4.41,3.67,0.89,-2.7,1.51,1.12,1.17,1.0,0,-0.36,neutral,neutral,0,0.262,32,3682,0,
s15591,XPLUSDT,1783221300000,train,-1,-2.95,0.378,4.63,4.05,2.61,-2.27,2.49,0.93,0.99,1.14,0,-0.68,neutral,neutral,0,-1.0,20,3684,1,
s15592,STBLUSDT,1783221300000,train,-1,-2.53,0.545,3.33,2.98,0.9,-1.85,1.38,0.65,0.69,0.78,0,-0.68,neutral,neutral,0,1.377,32,3684,1,
s15593,WLDUSDT,1783221300000,train,-1,-2.58,0.382,4.18,3.42,1.08,-1.9,1.38,0.81,0.73,0.87,0,-0.68,neutral,bajista,0,0.262,32,3684,2,
s15594,ARBUSDT,1783221300000,train,-1,-2.61,0.633,2.88,2.82,0.75,-1.93,1.38,0.79,0.83,0.79,0,-0.68,neutral,neutral,0,0.027,32,3684,1,
s15595,INJUSDT,1783221300000,train,-1,-2.06,0.456,3.43,2.54,2.42,-1.37,1.21,0.58,0.56,0.61,0,-0.68,neutral,neutral,0,0.633,32,3684,1,
s15596,SUIUSDT,1783221300000,train,-1,-3.27,0.628,4.04,3.57,0.5,-2.59,1.32,1.16,1.1,0.9,1,-0.68,neutral,neutral,0,-0.076,32,3684,1,
s15597,ONDOUSDT,1783221300000,train,-1,-2.83,0.59,3.55,3.28,1.05,-2.15,1.36,1.12,1.45,1.08,0,-0.68,neutral,neutral,0,0.112,32,3683,1,
s15598,FETUSDT,1783221300000,train,-1,-3.72,0.667,4.37,4.03,0.97,-3.03,1.71,1.12,1.17,1.0,0,-0.68,neutral,neutral,0,0.183,32,3683,1,
s15599,ARUSDT,1783221300000,testB,-1,-2.89,0.521,3.75,3.51,0.51,-2.21,1.25,0.98,1.36,1.34,0,-0.68,neutral,neutral,0,0.778,32,3683,1,
s15600,STXUSDT,1783221300000,testB,-1,-2.02,0.614,2.48,2.36,0.68,-1.34,1.07,1.01,1.0,1.08,0,-0.68,neutral,neutral,0,0.1,32,3683,1,
s15601,AXSUSDT,1783221300000,testB,-1,-2.11,0.367,4.8,4.71,0.38,-1.43,1.18,1.68,1.21,1.26,0,-0.68,neutral,neutral,0,0.042,32,3683,1,
s15602,PUMPUSDT,1783222200000,train,-1,-2.38,0.416,2.76,2.63,0.66,-1.63,1.1,0.48,0.53,0.59,0,-0.74,neutral,bajista,0,-1.0,28,3685,2,
s15603,STBLUSDT,1783222200000,train,-1,-2.79,0.597,3.34,3.14,0.97,-2.05,1.37,0.65,0.69,0.78,0,-0.74,neutral,bajista,0,1.148,32,3685,2,
s15604,WLDUSDT,1783222200000,train,-1,-2.92,0.459,4.17,3.25,0.74,-2.17,1.16,0.81,0.73,0.87,0,-0.74,neutral,neutral,0,0.351,32,3685,0,
s15605,ARBUSDT,1783222200000,train,-1,-2.62,0.637,3.0,2.79,0.73,-1.88,1.28,0.79,0.83,0.79,0,-0.74,neutral,bajista,0,-0.037,32,3685,2,
s15606,INJUSDT,1783222200000,train,-1,-2.48,0.577,3.44,2.67,1.09,-1.74,1.22,0.58,0.56,0.61,0,-0.74,neutral,bajista,0,0.46,32,3685,2,
s15607,SUIUSDT,1783222200000,train,-1,-2.96,0.579,3.72,3.14,0.4,-2.22,1.11,1.16,1.1,0.9,1,-0.74,neutral,neutral,0,-0.116,32,3685,0,
s15608,ONDOUSDT,1783222200000,train,-1,-2.88,0.61,3.55,3.09,0.76,-2.14,1.09,1.12,1.45,1.08,0,-0.74,neutral,neutral,0,0.149,32,3684,0,
s15609,FETUSDT,1783222200000,train,-1,-3.5,0.627,4.14,3.68,0.8,-2.76,1.48,1.12,1.17,1.0,0,-0.74,neutral,neutral,0,0.215,32,3684,0,
s15610,ARUSDT,1783222200000,testB,-1,-3.11,0.589,3.75,3.36,0.42,-2.37,1.03,0.98,1.36,1.34,0,-0.74,neutral,neutral,0,0.739,32,3684,0,
s15611,STXUSDT,1783222200000,testB,-1,-2.19,0.655,2.54,2.48,0.51,-1.45,1.1,1.01,1.0,1.08,0,-0.74,neutral,bajista,0,-0.0,32,3684,2,
s15612,STBLUSDT,1783223100000,train,-1,-2.5,0.541,3.33,3.02,0.65,-1.9,1.1,0.65,0.69,0.78,0,-0.6,neutral,neutral,0,1.231,32,3686,0,
s15613,WLDUSDT,1783223100000,train,-1,-2.78,0.428,4.04,2.88,0.53,-2.18,0.73,0.81,0.73,0.87,0,-0.6,neutral,neutral,0,0.504,32,3686,0,
s15614,ARBUSDT,1783223100000,train,-1,-2.45,0.621,2.77,2.59,0.67,-1.86,1.09,0.79,0.83,0.79,0,-0.6,neutral,bajista,0,-0.094,32,3686,3,
s15615,SUIUSDT,1783223100000,train,-1,-2.6,0.524,3.45,2.76,0.29,-2.0,0.81,1.16,1.1,0.9,1,-0.6,neutral,neutral,0,-0.044,32,3686,0,
s15616,ONDOUSDT,1783223100000,train,-1,-2.59,0.584,3.12,2.69,0.68,-2.0,0.9,1.12,1.45,1.08,0,-0.6,neutral,neutral,0,0.261,32,3685,0,
s15617,FETUSDT,1783223100000,train,-1,-3.34,0.616,4.02,3.57,0.57,-2.75,1.2,1.12,1.17,1.0,0,-0.6,neutral,neutral,0,0.27,32,3685,0,
s15618,ARUSDT,1783223100000,testB,-1,-3.31,0.603,3.62,3.52,0.64,-2.72,1.31,0.98,1.36,1.34,0,-0.6,neutral,neutral,0,0.556,32,3685,1,
s15619,STXUSDT,1783223100000,testB,-1,-2.02,0.593,2.54,2.36,0.49,-1.43,0.81,1.01,1.0,1.08,0,-0.6,neutral,neutral,0,0.075,32,3685,0,
s15620,STBLUSDT,1783224000000,train,-1,-2.26,0.469,3.2,2.35,0.88,-1.85,0.53,0.69,0.64,0.8,0,-0.41,neutral,neutral,1,2.0,20,3687,0,
s15621,ARBUSDT,1783224000000,train,-1,-2.05,0.554,2.54,2.21,0.74,-1.64,0.95,0.82,0.81,0.78,1,-0.41,neutral,neutral,0,-0.017,32,3687,0,
s15622,SUIUSDT,1783224000000,train,-1,-2.15,0.457,2.96,2.18,0.27,-1.74,0.68,1.25,1.07,0.91,1,-0.41,neutral,neutral,0,0.031,32,3687,0,
s15623,SEIUSDT,1783224000000,train,-1,-2.25,0.617,2.43,2.3,0.29,-1.84,0.81,0.88,0.77,0.76,1,-0.41,neutral,neutral,0,0.646,32,3687,1,
s15624,FETUSDT,1783224000000,train,-1,-2.86,0.531,3.68,3.0,0.65,-2.45,0.92,1.19,1.1,1.02,1,-0.41,neutral,neutral,0,0.396,32,3686,0,
s15625,ARUSDT,1783224000000,testB,-1,-2.53,0.535,3.53,2.94,1.22,-2.12,1.47,1.07,1.2,1.36,0,-0.41,neutral,bajista,0,0.583,32,3686,2,
s15626,STXUSDT,1783224000000,testB,-1,-2.02,0.593,2.41,2.06,0.51,-1.61,0.6,1.06,0.83,1.08,0,-0.41,neutral,neutral,0,0.371,32,3686,0,
s15627,AXSUSDT,1783224000000,testB,-1,-2.95,0.633,3.43,3.23,0.27,-2.54,0.81,1.68,1.2,1.27,0,-0.41,neutral,neutral,0,0.182,32,3686,1,
s15628,STBLUSDT,1783224900000,train,-1,-2.08,0.44,3.2,2.31,0.71,-1.78,0.46,0.69,0.64,0.8,0,-0.3,neutral,neutral,1,2.0,18,3688,0,
s15629,FETUSDT,1783224900000,train,-1,-2.09,0.373,3.32,2.14,0.74,-1.8,0.36,1.19,1.1,1.02,1,-0.3,neutral,neutral,0,0.553,32,3687,0,
s15630,ARUSDT,1783224900000,testB,-1,-2.58,0.551,3.52,2.74,1.53,-2.28,1.21,1.07,1.2,1.36,0,-0.3,neutral,neutral,0,0.482,32,3687,0,
s15631,STBLUSDT,1783225800000,train,-1,-2.08,0.44,3.2,2.27,0.76,-1.84,0.35,0.69,0.64,0.8,0,-0.24,neutral,neutral,1,2.0,17,3689,0,
s15632,ARUSDT,1783225800000,testB,-1,-2.15,0.455,3.52,2.49,1.57,-1.91,0.83,1.07,1.2,1.36,0,-0.24,neutral,neutral,0,0.588,32,3688,0,
s15633,SANDUSDT,1783225800000,testB,-1,-2.78,0.456,3.61,2.99,0.51,-2.54,0.2,2.47,2.04,2.0,1,-0.24,neutral,neutral,0,0.285,32,3688,1,
s15634,MANAUSDT,1783225800000,testB,-1,-4.61,0.472,5.97,4.84,0.21,-4.37,0.22,1.84,1.21,1.15,1,-0.24,neutral,neutral,0,-0.0,32,3688,1,
s15635,ARUSDT,1783226700000,testB,-1,-2.44,0.495,3.52,2.74,1.26,-2.16,0.83,1.07,1.2,1.36,0,-0.28,neutral,neutral,0,0.411,32,3689,1,
s15636,SANDUSDT,1783226700000,testB,-1,-2.49,0.427,3.03,2.91,0.6,-2.21,0.66,2.47,2.04,2.0,1,-0.28,neutral,bajista,0,0.123,32,3689,2,
s15637,MANAUSDT,1783226700000,testB,-1,-3.57,0.406,5.56,4.56,0.29,-3.29,0.41,1.84,1.21,1.15,1,-0.28,neutral,bajista,0,-0.156,32,3689,2,
s15638,APEUSDT,1783226700000,testB,-1,-2.7,0.645,3.12,3.05,0.82,-2.42,0.88,0.84,0.73,0.49,1,-0.28,neutral,neutral,0,0.364,32,3689,1,
s15639,ARUSDT,1783227600000,testB,-1,-2.49,0.5,3.09,2.55,0.43,-2.12,1.01,1.85,1.37,1.57,0,-0.37,neutral,bajista,0,0.288,32,3690,2,
s15640,MANAUSDT,1783227600000,testB,-1,-3.3,0.364,4.83,3.55,0.33,-2.92,0.49,1.82,1.16,1.14,1,-0.37,neutral,neutral,0,-0.04,32,3690,0,
s15641,APEUSDT,1783227600000,testB,-1,-2.03,0.469,2.69,2.21,0.69,-1.65,0.43,0.89,0.77,0.49,1,-0.37,neutral,neutral,0,0.687,32,3690,0,
s15642,ARUSDT,1783228500000,testB,-1,-2.11,0.458,2.6,2.11,0.31,-1.82,0.93,1.85,1.37,1.57,0,-0.29,neutral,bajista,0,0.581,32,3691,3,
s15643,APEUSDT,1783228500000,testB,-1,-2.1,0.477,2.43,2.43,0.72,-1.81,0.92,0.89,0.77,0.49,1,-0.29,neutral,neutral,0,0.6,32,3691,1,
s15644,ENAUSDT,1783229400000,train,-1,-2.03,0.438,2.73,2.22,1.2,-1.72,1.13,0.62,0.53,0.67,0,-0.31,neutral,bajista,0,-0.38,32,3693,2,
s15645,INJUSDT,1783229400000,train,-1,-2.07,0.452,2.65,2.48,0.71,-1.77,1.05,0.62,0.51,0.6,0,-0.31,neutral,bajista,0,0.103,32,3693,4,
s15646,ARUSDT,1783229400000,testB,-1,-2.66,0.514,3.47,2.98,2.05,-2.35,1.82,1.85,1.37,1.57,0,-0.31,neutral,bajista,0,0.033,32,3692,4,
s15647,APEUSDT,1783229400000,testB,-1,-2.31,0.5,2.92,2.78,1.1,-2.0,1.23,0.89,0.77,0.49,1,-0.31,neutral,bajista,0,0.35,32,3692,2,
s15648,INJUSDT,1783230300000,train,-1,-2.09,0.459,2.64,2.24,0.83,-1.86,0.71,0.62,0.51,0.6,0,-0.23,neutral,neutral,0,0.143,32,3694,0,
s15649,APEUSDT,1783230300000,testB,-1,-2.44,0.545,2.91,2.57,1.13,-2.21,0.89,0.89,0.77,0.49,1,-0.23,neutral,neutral,0,0.486,32,3693,0,
s15650,APEUSDT,1783231200000,testB,-1,-2.24,0.524,2.85,2.64,1.03,-2.22,0.88,0.88,0.8,0.49,1,-0.02,neutral,neutral,0,0.5,32,3694,1,
s15651,STBLUSDT,1783238400000,train,-1,-2.2,0.543,2.6,2.56,0.49,-2.55,1.35,0.94,0.74,0.85,0,0.35,neutral,bajista,0,1.046,32,3703,2,
s15652,STBLUSDT,1783239300000,train,-1,-3.12,0.638,3.82,3.5,1.51,-3.24,2.02,0.94,0.74,0.85,0,0.12,neutral,bajista,0,0.455,32,3704,3,
s15653,STBLUSDT,1783240200000,train,-1,-3.51,0.674,3.83,3.75,1.87,-3.5,2.16,0.94,0.74,0.85,0,-0.0,neutral,bajista,0,0.394,32,3705,4,
s15654,STBLUSDT,1783241100000,train,-1,-4.47,0.725,5.0,4.84,2.41,-4.64,2.96,0.94,0.74,0.85,0,0.17,neutral,bajista,0,0.008,32,3706,5,
s15655,STBLUSDT,1783242000000,train,-1,-4.08,0.624,5.34,4.38,2.89,-4.29,2.29,1.11,0.86,0.89,0,0.21,neutral,neutral,0,0.092,32,3707,0,
s15656,STBLUSDT,1783242900000,train,-1,-4.05,0.621,5.11,4.26,1.64,-4.02,2.19,1.11,0.86,0.89,0,-0.03,neutral,neutral,0,0.085,32,3708,1,
s15657,STBLUSDT,1783243800000,train,-1,-4.34,0.636,5.18,4.9,1.86,-4.12,2.59,1.11,0.86,0.89,0,-0.22,neutral,bajista,0,-0.041,32,3709,2,
s15658,STBLUSDT,1783244700000,train,-1,-4.37,0.646,5.18,4.77,1.27,-4.19,2.25,1.11,0.86,0.89,0,-0.19,neutral,neutral,0,-0.008,32,3710,0,
s15659,STBLUSDT,1783245600000,train,-1,-4.1,0.582,5.12,4.35,0.66,-4.04,1.69,1.24,0.95,0.93,1,-0.06,neutral,neutral,0,0.028,32,3711,0,
s15660,STBLUSDT,1783246500000,train,-1,-3.32,0.528,4.65,4.12,0.63,-3.16,1.7,1.24,0.95,0.93,1,-0.16,neutral,neutral,0,0.039,32,3712,1,
s15661,STBLUSDT,1783247400000,train,-1,-4.01,0.617,4.79,4.63,0.62,-3.92,1.99,1.24,0.95,0.93,1,-0.1,neutral,bajista,0,-0.167,32,3713,2,
s15662,PUMPUSDT,1783248300000,train,1,2.31,0.422,3.87,2.64,3.09,2.33,1.5,0.48,0.47,0.54,0,-0.02,neutral,alcista,1,2.0,18,3714,5,
s15663,STBLUSDT,1783248300000,train,-1,-4.55,0.701,5.37,4.93,1.13,-4.53,2.07,1.24,0.95,0.93,1,-0.02,neutral,bajista,0,-0.248,32,3714,3,
s15664,PUMPUSDT,1783249200000,train,1,2.11,0.372,3.88,2.26,2.77,2.19,1.08,0.5,0.48,0.52,0,-0.08,neutral,neutral,1,2.0,17,3715,0,
s15665,STBLUSDT,1783249200000,train,-1,-3.71,0.556,5.02,4.05,1.14,-3.63,1.26,1.29,0.98,0.94,1,-0.08,neutral,neutral,0,-0.19,32,3715,0,
s15666,STBLUSDT,1783250100000,train,-1,-3.4,0.503,5.01,3.84,1.14,-3.2,0.99,1.29,0.98,0.94,1,-0.2,neutral,neutral,0,-0.084,32,3716,0,
s15667,STBLUSDT,1783251000000,train,-1,-3.12,0.444,4.83,3.3,1.03,-2.77,0.61,1.29,0.98,0.94,1,-0.35,neutral,neutral,0,0.049,32,3717,0,
s15668,STBLUSDT,1783251900000,train,-1,-2.97,0.432,4.59,3.06,0.5,-2.39,0.51,1.29,0.98,0.94,1,-0.58,neutral,neutral,0,0.026,32,3718,0,
s15669,WLDUSDT,1783251900000,train,-1,-2.26,0.566,3.66,2.45,0.46,-1.68,0.51,0.69,0.78,0.71,0,-0.58,neutral,bajista,0,0.09,32,3718,2,
s15670,STBLUSDT,1783252800000,train,-1,-2.29,0.367,3.75,2.42,0.45,-1.68,0.62,1.08,0.97,0.9,1,-0.61,neutral,neutral,0,-0.033,32,3719,1,
s15671,PENDLEUSDT,1783252800000,train,-1,-3.02,0.44,4.87,3.9,0.73,-2.41,1.17,1.58,1.1,0.99,1,-0.61,neutral,neutral,0,-0.303,32,3719,1,
s15672,PUMPUSDT,1783257300000,train,1,2.43,0.407,3.78,3.2,0.8,2.5,1.13,0.58,0.47,0.52,0,-0.07,neutral,alcista,1,2.0,8,3724,2,
s15673,TIAUSDT,1783257300000,train,-1,-2.64,0.422,4.1,2.68,0.67,-2.57,0.32,0.89,0.77,0.88,0,-0.07,neutral,bajista,0,-1.0,25,3724,2,
s15674,PENDLEUSDT,1783257300000,train,-1,-2.75,0.409,4.71,3.01,0.36,-2.68,0.45,1.63,1.1,0.99,1,-0.07,neutral,bajista,0,-0.061,32,3724,2,
s15675,PUMPUSDT,1783258200000,train,1,3.63,0.604,3.63,3.56,0.75,3.29,1.53,0.58,0.47,0.52,0,0.34,neutral,alcista,0,1.179,32,3725,3,
s15676,JUPUSDT,1783258200000,train,1,2.3,0.397,3.46,3.33,0.83,1.96,0.94,0.76,0.61,0.57,1,0.34,neutral,alcista,0,0.575,32,3725,2,
s15677,PENDLEUSDT,1783258200000,train,-1,-2.43,0.379,4.25,2.65,0.29,-2.77,0.51,1.63,1.1,0.99,1,0.34,neutral,bajista,0,-0.099,32,3725,3,
s15678,PUMPUSDT,1783259100000,train,1,4.2,0.64,4.54,4.54,1.15,3.93,2.3,0.58,0.47,0.52,0,0.27,neutral,alcista,0,0.597,32,3726,4,
s15679,JUPUSDT,1783259100000,train,1,2.48,0.439,3.46,3.21,1.06,2.21,0.71,0.76,0.61,0.57,1,0.27,neutral,neutral,0,0.649,32,3726,0,
s15680,PUMPUSDT,1783260000000,train,1,2.55,0.351,3.89,2.61,1.32,2.46,1.12,0.67,0.49,0.54,0,0.09,neutral,neutral,1,2.0,5,3727,0,
s15681,JUPUSDT,1783260000000,train,1,2.69,0.46,3.45,2.79,1.76,2.6,1.02,0.81,0.64,0.57,1,0.09,neutral,neutral,0,0.776,32,3727,1,
s15682,XPLUSDT,1783263600000,train,1,2.24,0.403,2.69,2.33,1.42,2.07,0.98,0.53,0.63,0.79,0,0.17,neutral,neutral,0,0.444,32,3731,0,
s15683,PUMPUSDT,1783263600000,train,1,3.3,0.429,4.32,3.94,1.74,3.13,2.16,1.3,0.81,0.67,1,0.17,neutral,alcista,0,0.714,32,3731,2,
s15684,PENDLEUSDT,1783263600000,train,1,2.09,0.685,2.74,2.72,0.44,1.92,0.78,1.43,1.1,0.82,1,0.17,neutral,alcista,0,0.018,32,3731,4,
s15685,PUMPUSDT,1783264500000,train,1,5.86,0.652,8.61,5.6,5,5.64,3.54,1.3,0.81,0.67,1,0.22,neutral,alcista,0,0.099,32,3732,3,
s15686,JUPUSDT,1783267200000,train,1,2.46,0.468,3.02,2.4,1.4,2.32,0.97,0.85,0.78,0.62,1,0.14,neutral,alcista,0,0.345,32,3735,3,
s15687,WLDUSDT,1783268100000,train,-1,-2.24,0.418,3.69,2.91,0.91,-2.03,1.31,0.82,0.79,0.74,1,-0.21,neutral,bajista,0,-1.0,19,3736,2,
s15688,WLDUSDT,1783269000000,train,-1,-2.28,0.431,3.68,2.81,0.66,-2.15,1.09,0.82,0.79,0.74,1,-0.13,neutral,neutral,0,-1.0,18,3737,0,
s15689,JUPUSDT,1783269000000,train,1,3.16,0.664,3.8,3.06,1.96,3.29,1.83,0.85,0.78,0.62,1,-0.13,neutral,alcista,0,-0.187,32,3737,5,
s15690,WLDUSDT,1783269900000,train,-1,-2.45,0.479,3.63,2.68,0.62,-2.28,0.95,0.82,0.79,0.74,1,-0.17,neutral,neutral,0,-1.0,17,3738,0,
s15691,JUPUSDT,1783269900000,train,1,3.23,0.67,3.5,3.25,2.28,3.4,2.15,0.85,0.78,0.62,1,-0.17,neutral,alcista,0,-0.2,32,3738,6,
s15692,WLDUSDT,1783270800000,train,-1,-2.11,0.416,3.62,2.53,0.43,-2.08,0.81,0.81,0.75,0.72,1,-0.03,neutral,neutral,0,-1.0,16,3739,0,
s15693,JUPUSDT,1783270800000,train,1,2.94,0.574,3.47,2.9,1.9,2.97,1.5,0.88,0.79,0.62,1,-0.03,neutral,neutral,0,0.085,32,3739,0,
s15694,OPUSDT,1783271700000,train,1,2.35,0.61,2.84,2.84,1.82,2.35,1.77,0.8,0.72,0.7,1,-0.0,neutral,alcista,0,-0.29,32,3740,5,
s15695,JUPUSDT,1783271700000,train,1,2.47,0.496,3.15,2.41,2.03,2.48,1.29,0.88,0.79,0.62,1,-0.0,neutral,neutral,0,0.169,32,3740,0,
s15696,WLDUSDT,1783272600000,train,-1,-2.24,0.411,3.64,2.97,0.41,-2.02,1.11,0.81,0.75,0.72,1,-0.23,neutral,neutral,0,-1.0,14,3741,1,
s15697,WLDUSDT,1783273500000,train,-1,-2.52,0.491,3.63,2.76,0.36,-2.25,0.8,0.81,0.75,0.72,1,-0.27,neutral,neutral,0,-1.0,13,3742,0,
s15698,OPUSDT,1783273500000,train,1,2.06,0.407,3.12,2.84,1.81,2.33,1.51,0.8,0.72,0.7,1,-0.27,neutral,neutral,0,-0.29,32,3742,1,
s15699,OPUSDT,1783274400000,train,1,2.17,0.434,3.13,2.4,1.27,2.3,0.96,0.83,0.76,0.72,1,-0.14,neutral,neutral,0,-0.269,32,3743,0,
s15700,XPLUSDT,1783275300000,train,1,4.02,0.412,5.4,4.4,1.38,4.07,2.15,0.8,0.7,0.72,0,-0.04,neutral,alcista,0,-0.665,32,3744,3,
s15701,ENAUSDT,1783275300000,train,1,2.85,0.492,3.43,2.97,1.15,2.9,1.71,0.67,0.59,0.54,1,-0.04,neutral,alcista,0,-0.249,32,3744,3,
s15702,OPUSDT,1783275300000,train,1,2.73,0.492,3.48,2.93,1.21,2.77,1.33,0.83,0.76,0.72,1,-0.04,neutral,neutral,0,-0.312,32,3744,1,
s15703,TIAUSDT,1783275300000,train,1,2.09,0.415,2.96,2.61,1.58,2.14,1.4,0.6,0.74,0.67,0,-0.04,neutral,alcista,0,0.214,32,3744,3,
s15704,ENAUSDT,1783276200000,train,1,3.37,0.535,3.48,3.35,1.09,3.33,2.14,0.67,0.59,0.54,1,0.04,neutral,alcista,0,-0.498,32,3745,4,
s15705,OPUSDT,1783276200000,train,1,3.11,0.541,3.47,3.2,0.98,3.07,1.45,0.83,0.76,0.72,1,0.04,neutral,alcista,0,-0.4,32,3745,2,
s15706,SEIUSDT,1783276200000,train,1,2.22,0.6,2.84,2.4,1.6,2.18,1.52,0.86,0.78,0.71,1,0.04,neutral,alcista,0,-0.303,32,3745,2,
s15707,STXUSDT,1783276200000,testB,1,2.12,0.6,2.65,2.42,2.45,2.07,1.62,1.03,0.85,0.81,1,0.04,neutral,neutral,0,-0.5,32,3744,1,
s15708,OPUSDT,1783277100000,train,1,2.64,0.424,3.49,2.75,0.92,2.64,0.97,0.83,0.76,0.72,1,0.0,neutral,neutral,0,-0.167,32,3746,0,
s15709,SEIUSDT,1783277100000,train,1,2.01,0.57,2.8,2.34,2.4,2.01,1.39,0.86,0.78,0.71,1,0.0,neutral,neutral,0,-0.284,32,3746,0,
s15710,ENAUSDT,1783278000000,train,1,2.53,0.359,3.51,3.03,1.3,2.49,1.76,0.75,0.61,0.56,1,0.04,neutral,neutral,0,-0.51,32,3747,1,
s15711,OPUSDT,1783278000000,train,1,2.83,0.441,3.3,2.75,0.97,2.78,1.05,0.84,0.78,0.66,1,0.04,neutral,neutral,0,-0.2,32,3747,1,
s15712,TIAUSDT,1783278000000,train,1,2.24,0.424,3.1,2.98,1.5,2.2,1.47,0.58,0.74,0.67,0,0.04,neutral,neutral,0,0.085,32,3747,1,
s15713,SEIUSDT,1783278000000,train,1,2.03,0.572,2.79,2.71,2.47,1.98,1.64,0.91,0.8,0.73,1,0.04,neutral,neutral,0,-0.407,32,3747,1,
s15714,LDOUSDT,1783278000000,testB,1,2.58,0.58,3.17,2.77,2.26,2.53,1.92,0.94,0.98,0.82,0,0.04,neutral,alcista,0,-0.447,32,3746,3,
s15715,MANAUSDT,1783278000000,testB,1,2.84,0.37,3.59,3.31,1.25,2.79,1.83,0.69,0.75,0.99,0,0.04,neutral,alcista,0,-1.0,22,3746,3,
s15716,TIAUSDT,1783278900000,train,1,2.43,0.475,3.01,2.73,0.88,2.41,1.18,0.58,0.74,0.67,0,0.02,neutral,neutral,0,-0.074,32,3748,0,
s15717,SEIUSDT,1783278900000,train,1,2.24,0.669,2.79,2.61,3.08,2.21,1.39,0.91,0.8,0.73,1,0.02,neutral,neutral,0,-0.462,32,3748,0,
s15718,LDOUSDT,1783278900000,testB,1,2.02,0.403,3.18,2.2,2.89,1.99,1.16,0.94,0.98,0.82,0,0.02,neutral,neutral,0,-0.433,32,3747,0,
s15719,TIAUSDT,1783279800000,train,1,2.95,0.553,3.83,3.07,0.97,2.79,1.37,0.58,0.74,0.67,0,0.16,neutral,neutral,0,-0.254,32,3749,1,
s15720,SEIUSDT,1783279800000,train,1,2.08,0.591,2.8,2.36,1.68,1.91,0.99,0.91,0.8,0.73,1,0.16,neutral,neutral,0,-0.496,32,3749,0,
s15721,TIAUSDT,1783280700000,train,1,3.1,0.566,3.81,3.48,1.0,3.05,1.65,0.58,0.74,0.67,0,0.05,neutral,alcista,0,-0.201,32,3750,2,
s15722,SEIUSDT,1783280700000,train,1,2.8,0.723,2.87,2.87,0.71,2.75,1.32,0.91,0.8,0.73,1,0.05,neutral,neutral,0,-0.462,32,3750,1,
s15723,LDOUSDT,1783280700000,testB,1,2.13,0.393,3.18,2.27,2.37,2.08,1.03,0.94,0.98,0.82,0,0.05,neutral,neutral,0,-0.468,32,3749,1,
s15724,TIAUSDT,1783281600000,train,1,4.09,0.681,4.58,4.03,1.55,3.92,2.2,0.68,0.78,0.67,0,0.17,neutral,alcista,0,-0.309,32,3751,3,
s15725,SEIUSDT,1783281600000,train,1,2.86,0.743,3.17,2.84,0.69,2.69,1.25,0.89,0.81,0.73,1,0.17,neutral,alcista,0,-0.493,32,3751,2,
s15726,LDOUSDT,1783281600000,testB,1,2.09,0.389,3.18,2.37,0.92,1.92,1.03,0.92,0.98,0.81,0,0.17,neutral,alcista,0,-0.538,32,3750,2,
s15727,TIAUSDT,1783282500000,train,1,3.73,0.61,4.59,3.82,1.65,3.56,1.8,0.68,0.78,0.67,0,0.16,neutral,neutral,0,-0.471,32,3752,0,
s15728,SEIUSDT,1783282500000,train,1,2.7,0.679,3.17,2.71,0.76,2.54,1.02,0.89,0.81,0.73,1,0.16,neutral,neutral,0,-0.556,32,3752,0,
s15729,LDOUSDT,1783282500000,testB,1,2.32,0.449,3.11,2.27,0.63,2.16,0.91,0.92,0.98,0.81,0,0.16,neutral,neutral,0,-0.677,32,3751,0,
s15730,WLDUSDT,1783283400000,train,1,2.11,0.491,2.53,2.34,1.58,1.93,1.3,0.67,0.72,0.69,0,0.19,neutral,alcista,0,1.583,32,3753,5,
s15731,TIAUSDT,1783283400000,train,1,3.18,0.479,4.44,3.13,1.55,3.0,1.11,0.68,0.78,0.67,0,0.19,neutral,neutral,0,-0.472,32,3753,0,
s15732,SEIUSDT,1783283400000,train,1,2.53,0.618,3.09,2.49,0.61,2.35,0.82,0.89,0.81,0.73,1,0.19,neutral,neutral,0,-0.581,32,3753,0,
s15733,WLDUSDT,1783284300000,train,1,2.36,0.519,2.77,2.65,1.77,2.21,1.5,0.67,0.72,0.69,0,0.15,neutral,alcista,0,1.239,32,3754,6,
s15734,SEIUSDT,1783284300000,train,1,2.44,0.61,2.81,2.41,0.67,2.3,0.93,0.89,0.81,0.73,1,0.15,neutral,neutral,0,-0.683,32,3754,1,
s15735,WLDUSDT,1783285200000,train,1,2.88,0.569,3.5,3.28,2.51,2.84,1.98,0.58,0.74,0.73,0,0.04,neutral,alcista,0,0.522,32,3755,7,
s15736,WLDUSDT,1783286100000,train,1,3.17,0.593,4.3,3.7,3.75,2.81,2.17,0.58,0.74,0.73,0,0.36,neutral,alcista,0,-0.013,32,3756,8,
s15737,ENAUSDT,1783286100000,train,1,3.14,0.376,4.09,3.86,1.08,2.78,2.05,0.85,0.67,0.6,1,0.36,neutral,neutral,0,-1.0,32,3756,1,
s15738,WLDUSDT,1783287000000,train,1,3.19,0.593,4.32,3.16,3.5,2.51,1.44,0.58,0.74,0.73,0,0.68,neutral,neutral,0,0.397,32,3757,0,
s15739,INJUSDT,1783287000000,train,1,2.09,0.574,2.43,2.07,1.21,1.42,0.93,0.47,0.54,0.53,0,0.68,neutral,neutral,0,0.408,32,3757,0,
s15740,TIAUSDT,1783287000000,train,1,2.44,0.358,3.76,2.48,1.5,1.76,0.85,0.78,0.73,0.7,1,0.68,neutral,alcista,0,-1.0,31,3757,2,
s15741,LDOUSDT,1783287000000,testB,1,2.08,0.4,2.51,2.18,0.71,1.4,0.99,0.95,0.92,0.83,1,0.68,neutral,alcista,0,-1.0,27,3756,2,
s15742,WLDUSDT,1783287900000,train,1,3.68,0.627,4.29,3.62,3.65,2.93,1.9,0.58,0.74,0.73,0,0.75,neutral,neutral,0,0.219,32,3758,1,
s15743,INJUSDT,1783287900000,train,1,2.37,0.604,2.86,2.38,1.78,1.62,1.23,0.47,0.54,0.53,0,0.75,neutral,neutral,0,0.301,32,3758,1,
s15744,LDOUSDT,1783287900000,testB,1,2.04,0.396,2.8,2.22,0.92,1.29,0.85,0.95,0.92,0.83,1,0.75,neutral,alcista,0,-1.0,26,3757,3,
s15745,WLDUSDT,1783288800000,train,1,3.2,0.549,4.02,3.13,2.92,2.29,1.5,0.64,0.73,0.76,0,0.91,neutral,neutral,0,0.269,32,3759,0,
s15746,INJUSDT,1783288800000,train,1,2.28,0.596,2.52,2.23,1.97,1.37,1.28,0.56,0.5,0.56,0,0.91,neutral,alcista,0,0.094,32,3759,2,
s15747,LDOUSDT,1783288800000,testB,1,2.08,0.406,2.8,2.22,0.88,1.17,0.76,1.06,0.94,0.87,1,0.91,neutral,alcista,0,-1.0,25,3758,4,
s15748,WLDUSDT,1783289700000,train,1,3.82,0.592,3.99,3.77,1.77,2.16,2.05,0.64,0.73,0.76,0,1.66,neutral,neutral,0,0.038,32,3760,1,
s15749,ARBUSDT,1783289700000,train,1,2.08,0.414,2.38,2.35,1.59,0.42,1.63,0.86,0.72,0.77,0,1.66,neutral,alcista,0,-1.0,28,3760,5,
s15750,INJUSDT,1783289700000,train,1,2.7,0.636,3.25,2.73,2.36,1.04,1.83,0.56,0.5,0.56,0,1.66,neutral,alcista,0,-0.122,32,3760,3,
s15751,ONDOUSDT,1783289700000,train,1,2.29,0.676,2.44,2.3,5,0.63,1.39,0.88,0.92,0.96,0,1.66,neutral,alcista,0,-1.0,20,3759,5,
s15752,FETUSDT,1783289700000,train,1,2.91,0.573,3.11,3.05,2.16,1.25,2.08,0.8,0.81,0.9,0,1.66,neutral,alcista,0,-1.0,20,3759,6,
s15753,LDOUSDT,1783289700000,testB,1,2.67,0.468,2.82,2.57,1.26,1.01,1.29,1.06,0.94,0.87,1,1.66,neutral,alcista,0,-1.0,23,3759,5,
s15754,WLDUSDT,1783290600000,train,1,3.04,0.468,4.29,3.38,1.68,1.75,1.45,0.64,0.73,0.76,0,1.29,neutral,neutral,0,0.035,32,3761,0,
s15755,PUMPUSDT,1783291500000,train,1,2.37,0.422,3.1,2.49,1.93,0.89,1.05,0.52,0.91,0.68,0,1.48,neutral,neutral,0,-1.0,31,3762,1,
s15756,WLDUSDT,1783291500000,train,1,3.37,0.54,4.29,3.4,1.35,1.89,1.3,0.64,0.73,0.76,0,1.48,neutral,neutral,0,0.085,32,3762,0,
s15757,INJUSDT,1783291500000,train,1,2.52,0.522,3.25,2.71,1.96,1.04,1.47,0.56,0.5,0.56,0,1.48,neutral,neutral,0,0.169,32,3762,1,
s15758,FETUSDT,1783291500000,train,1,2.56,0.484,3.38,3.11,2.3,1.08,1.76,0.8,0.81,0.9,0,1.48,neutral,neutral,0,-1.0,18,3761,1,
s15759,PUMPUSDT,1783292400000,train,1,2.05,0.371,3.05,2.31,1.47,0.24,0.8,0.53,0.92,0.69,0,1.82,neutral,neutral,0,-1.0,30,3763,0,
s15760,WLDUSDT,1783292400000,train,1,3.6,0.557,4.17,3.91,1.2,1.79,1.73,0.84,0.83,0.8,1,1.82,neutral,neutral,0,-0.213,32,3763,1,
s15761,INJUSDT,1783292400000,train,1,2.7,0.54,3.27,3.21,2.11,0.89,1.95,0.62,0.53,0.57,0,1.82,neutral,alcista,0,0.0,32,3763,2,
s15762,FETUSDT,1783292400000,train,1,2.61,0.489,3.37,3.37,1.99,0.79,1.87,0.88,0.86,0.91,0,1.82,neutral,alcista,0,-1.0,17,3762,2,
s15763,WLDUSDT,1783293300000,train,1,3.46,0.522,4.04,3.42,1.07,2.04,1.19,0.84,0.83,0.8,1,1.42,neutral,neutral,0,-0.161,32,3764,0,
s15764,INJUSDT,1783293300000,train,1,2.3,0.425,3.33,2.6,1.39,0.88,1.15,0.62,0.53,0.57,0,1.42,neutral,neutral,0,0.304,32,3764,0,
s15765,FETUSDT,1783293300000,train,1,2.79,0.538,3.44,3.11,1.61,1.37,1.35,0.88,0.86,0.91,0,1.42,neutral,neutral,0,-1.0,16,3763,0,
s15766,WLDUSDT,1783294200000,train,1,3.64,0.536,5.36,3.75,1.34,2.21,1.79,0.84,0.83,0.8,1,1.43,neutral,neutral,0,-0.133,32,3765,1,
s15767,INJUSDT,1783294200000,train,1,2.43,0.445,3.33,2.69,1.13,1.0,1.14,0.62,0.53,0.57,0,1.43,neutral,neutral,0,0.279,32,3765,1,
s15768,FETUSDT,1783294200000,train,1,2.45,0.453,3.45,2.84,1.2,1.02,0.99,0.88,0.86,0.91,0,1.43,neutral,neutral,0,-1.0,15,3764,0,
s15769,WLDUSDT,1783295100000,train,1,2.95,0.395,5.21,2.92,1.64,1.56,0.95,0.84,0.83,0.8,1,1.39,neutral,neutral,0,-0.025,32,3766,0,
s15770,INJUSDT,1783295100000,train,1,2.71,0.494,3.26,2.77,1.12,1.32,1.09,0.62,0.53,0.57,0,1.39,neutral,alcista,0,0.218,32,3766,2,
s15771,FETUSDT,1783295100000,train,1,2.16,0.396,3.45,2.67,1.23,0.77,0.71,0.88,0.86,0.91,0,1.39,neutral,neutral,0,-1.0,14,3765,0,
s15772,INJUSDT,1783296000000,train,1,2.45,0.451,3.27,2.66,0.92,1.21,0.92,0.77,0.58,0.6,0,1.25,neutral,neutral,0,-0.008,32,3767,0,
s15773,MANAUSDT,1783296900000,testB,-1,-3.17,0.489,3.7,3.7,0.6,-4.26,1.69,0.85,0.77,0.92,0,1.09,neutral,bajista,0,0.615,32,3767,6,
s15774,MANAUSDT,1783297800000,testB,-1,-2.22,0.364,2.84,2.41,0.82,-3.6,1.31,0.85,0.77,0.92,0,1.37,neutral,neutral,0,1.235,32,3768,0,
s15775,STBLUSDT,1783298700000,train,1,2.14,0.477,2.53,2.49,1.14,0.51,1.38,0.73,0.68,0.83,0,1.63,neutral,alcista,0,-1.0,8,3770,2,
s15776,INJUSDT,1783298700000,train,1,3.01,0.374,3.38,3.24,1.74,1.38,1.71,0.77,0.58,0.6,0,1.63,neutral,alcista,0,-0.357,32,3770,2,
s15777,XPLUSDT,1783301400000,train,-1,-2.48,0.377,4.14,3.14,0.6,-3.57,0.73,0.68,0.74,0.7,0,1.09,neutral,neutral,0,-1.0,6,3773,0,
s15778,XPLUSDT,1783302300000,train,-1,-2.77,0.422,4.09,3.25,0.53,-3.52,0.83,0.68,0.74,0.7,0,0.75,neutral,neutral,0,-1.0,5,3774,1,
s15779,MANAUSDT,1783302300000,testB,-1,-2.09,0.556,2.84,2.56,0.84,-2.84,0.83,0.8,0.75,0.79,0,0.75,neutral,neutral,0,1.056,32,3773,0,
s15780,XPLUSDT,1783303200000,train,-1,-2.54,0.395,4.09,3.21,0.49,-2.89,0.85,0.79,0.77,0.69,1,0.36,neutral,neutral,0,-1.0,4,3775,0,
s15781,MANAUSDT,1783303200000,testB,-1,-2.09,0.556,3.14,2.85,0.82,-2.45,1.12,0.7,0.74,0.76,0,0.36,neutral,neutral,0,0.65,32,3774,1,
s15782,FETUSDT,1783304100000,train,-1,-2.39,0.402,3.41,2.84,0.83,-2.07,0.82,1.12,0.95,0.88,1,-0.32,neutral,neutral,0,0.94,32,3775,0,
s15783,MANAUSDT,1783304100000,testB,-1,-2.64,0.76,3.14,3.0,0.66,-2.33,1.09,0.7,0.74,0.76,0,-0.32,neutral,bajista,0,0.667,32,3775,2,
s15784,FETUSDT,1783305000000,train,-1,-2.34,0.396,3.42,3.25,0.62,-2.05,1.16,1.12,0.95,0.88,1,-0.29,neutral,neutral,0,0.772,32,3776,1,
s15785,MANAUSDT,1783305000000,testB,-1,-2.79,0.769,3.01,3.01,0.75,-2.5,1.3,0.7,0.74,0.76,0,-0.29,neutral,bajista,0,0.429,32,3776,3,
s15786,FETUSDT,1783305900000,train,-1,-2.61,0.465,3.42,3.02,0.54,-2.15,0.91,1.12,0.95,0.88,1,-0.46,neutral,neutral,0,0.868,32,3777,0,
s15787,SANDUSDT,1783305900000,testB,-1,-2.03,0.433,2.55,2.31,1.33,-1.57,0.79,1.05,0.84,0.97,0,-0.46,neutral,neutral,0,0.284,32,3777,0,
s15788,MANAUSDT,1783305900000,testB,-1,-2.65,0.704,3.15,2.86,1.08,-2.19,1.01,0.7,0.74,0.76,0,-0.46,neutral,neutral,0,0.5,32,3777,0,
s15789,ENAUSDT,1783306800000,train,-1,-3.02,0.401,3.65,3.24,0.58,-2.13,1.03,0.92,0.89,0.7,1,-0.89,neutral,neutral,0,0.402,32,3779,0,
s15790,FETUSDT,1783306800000,train,-1,-2.77,0.51,3.41,2.9,0.49,-1.88,0.84,1.44,1.06,0.96,1,-0.89,neutral,neutral,0,0.922,32,3778,0,
s15791,SANDUSDT,1783306800000,testB,-1,-2.28,0.502,2.55,2.37,0.61,-1.39,0.83,0.99,0.83,0.92,0,-0.89,neutral,neutral,0,0.303,32,3778,1,
s15792,MANAUSDT,1783306800000,testB,-1,-2.51,0.643,3.14,2.71,1.23,-1.62,0.84,0.69,0.79,0.77,0,-0.89,neutral,neutral,0,0.632,32,3778,0,
s15793,STBLUSDT,1783307700000,train,-1,-2.16,0.38,4.13,3.64,1.42,-1.45,1.56,0.98,0.78,0.87,0,-0.71,neutral,bajista,0,0.157,32,3780,7,
s15794,FETUSDT,1783307700000,train,-1,-3.77,0.586,4.55,4.03,1.46,-3.07,1.88,1.44,1.06,0.96,1,-0.71,neutral,neutral,0,0.371,32,3779,1,
s15795,SANDUSDT,1783307700000,testB,-1,-2.08,0.477,2.22,2.14,0.52,-1.37,1.08,0.99,0.83,0.92,0,-0.71,neutral,bajista,0,0.224,32,3779,2,
s15796,MANAUSDT,1783307700000,testB,-1,-2.52,0.643,2.73,2.58,1.47,-1.81,1.13,0.69,0.79,0.77,0,-0.71,neutral,neutral,0,0.556,32,3779,1,
s15797,STBLUSDT,1783308600000,train,-1,-2.04,0.357,4.13,3.55,1.64,-1.27,1.36,0.98,0.78,0.87,0,-0.77,neutral,neutral,0,0.149,32,3781,0,
s15798,0GUSDT,1783308600000,train,1,2.77,0.533,3.22,3.17,1.67,3.54,1.68,0.8,0.58,0.55,1,-0.77,neutral,neutral,0,-1.0,6,3781,1,
s15799,ENAUSDT,1783308600000,train,-1,-2.44,0.371,3.64,3.27,0.73,-1.67,1.34,0.92,0.89,0.7,1,-0.77,neutral,neutral,0,0.261,32,3781,0,
s15800,FETUSDT,1783308600000,train,-1,-4.17,0.61,4.53,4.35,2.2,-3.4,2.38,1.44,1.06,0.96,1,-0.77,neutral,bajista,0,0.227,32,3780,2,
s15801,SANDUSDT,1783308600000,testB,-1,-2.16,0.487,2.2,2.16,0.52,-1.39,1.1,0.99,0.83,0.92,0,-0.77,neutral,bajista,0,0.12,32,3780,3,
s15802,MANAUSDT,1783308600000,testB,-1,-2.38,0.63,2.73,2.44,1.72,-1.61,1.02,0.69,0.79,0.77,0,-0.77,neutral,neutral,0,0.588,32,3780,0,
s15803,XPLUSDT,1783309500000,train,1,4.93,0.579,6.38,6.1,2.17,5.47,3.54,1.0,0.85,0.73,1,-0.54,neutral,alcista,0,-1.0,32,3782,2,
s15804,STBLUSDT,1783309500000,train,-1,-2.08,0.366,4.12,3.47,1.7,-1.54,1.16,0.98,0.78,0.87,0,-0.54,neutral,neutral,0,0.341,32,3782,0,
s15805,0GUSDT,1783309500000,train,1,2.72,0.528,4.49,3.17,2.6,3.26,1.54,0.8,0.58,0.55,1,-0.54,neutral,neutral,0,-1.0,5,3782,0,
s15806,FETUSDT,1783309500000,train,-1,-3.45,0.477,4.44,3.69,2.46,-2.91,1.68,1.44,1.06,0.96,1,-0.54,neutral,neutral,0,0.641,32,3781,0,
s15807,MANAUSDT,1783309500000,testB,-1,-2.11,0.6,2.44,2.3,1.56,-1.57,1.05,0.69,0.79,0.77,0,-0.54,neutral,neutral,0,1.0,32,3781,0,
s15808,XPLUSDT,1783310400000,train,1,4.32,0.51,6.66,5.84,2.07,4.73,3.04,1.04,0.9,0.73,1,-0.42,neutral,neutral,0,-1.0,31,3783,0,
s15809,0GUSDT,1783310400000,train,1,2.18,0.405,4.51,2.8,2.64,2.6,1.11,0.9,0.67,0.58,1,-0.42,neutral,neutral,0,-1.0,4,3783,0,
s15810,ENAUSDT,1783310400000,train,-1,-2.71,0.424,3.63,2.95,0.7,-2.29,0.74,0.84,0.88,0.71,0,-0.42,neutral,neutral,0,1.297,32,3783,1,
s15811,FETUSDT,1783310400000,train,-1,-3.58,0.485,4.4,4.06,2.69,-3.16,1.85,1.38,1.09,0.95,1,-0.42,neutral,neutral,0,0.686,32,3782,1,
s15812,XPLUSDT,1783311300000,train,1,5.26,0.685,6.34,5.26,1.74,5.54,2.46,1.04,0.9,0.73,1,-0.28,neutral,neutral,0,-1.0,30,3784,0,
s15813,JUPUSDT,1783311300000,train,1,2.61,0.423,3.23,2.78,1.74,2.89,0.96,0.83,0.74,0.75,0,-0.28,neutral,alcista,0,-1.0,13,3784,2,
s15814,FETUSDT,1783311300000,train,-1,-2.77,0.419,3.78,3.61,1.34,-2.49,2.0,1.38,1.09,0.95,1,-0.28,neutral,bajista,0,0.565,32,3783,2,
s15815,XPLUSDT,1783312200000,train,1,4.14,0.558,6.29,4.77,1.61,4.61,1.95,1.04,0.9,0.73,1,-0.47,neutral,neutral,0,-1.0,29,3785,0,
s15816,JUPUSDT,1783312200000,train,1,2.1,0.372,2.21,2.01,1.45,2.56,1.11,0.83,0.74,0.75,0,-0.47,neutral,alcista,0,-1.0,3,3785,3,
s15817,FETUSDT,1783312200000,train,-1,-2.76,0.419,3.76,3.13,0.89,-2.29,1.38,1.38,1.09,0.95,1,-0.47,neutral,neutral,0,1.0,32,3784,0,
s15818,XPLUSDT,1783313100000,train,1,4.59,0.595,6.27,5.1,1.02,5.35,2.03,1.04,0.9,0.73,1,-0.76,neutral,neutral,0,-1.0,28,3786,1,
s15819,STBLUSDT,1783313100000,train,-1,-2.96,0.524,4.11,3.26,0.31,-2.2,0.75,0.81,0.77,0.86,0,-0.76,neutral,neutral,0,0.575,32,3786,1,
s15820,ENAUSDT,1783313100000,train,-1,-2.07,0.438,3.2,2.42,0.57,-1.31,0.55,0.84,0.88,0.71,0,-0.76,neutral,neutral,1,2.0,29,3786,0,
s15821,FETUSDT,1783313100000,train,-1,-3.15,0.452,3.78,3.61,0.75,-2.39,1.62,1.38,1.09,0.95,1,-0.76,neutral,neutral,0,0.742,32,3785,1,
s15822,XPLUSDT,1783314000000,train,1,3.82,0.45,6.32,4.27,0.9,4.78,1.2,1.02,0.88,0.75,1,-0.96,neutral,neutral,0,-1.0,27,3787,0,
s15823,ENAUSDT,1783314000000,train,-1,-2.69,0.523,3.16,2.86,0.68,-1.73,0.76,0.92,0.92,0.73,0,-0.96,neutral,neutral,0,1.594,32,3787,1,
s15824,SEIUSDT,1783314000000,train,-1,-2.03,0.571,2.32,2.07,1.15,-1.07,0.81,1.09,1.07,0.87,1,-0.96,neutral,neutral,0,-1.0,25,3787,1,
s15825,ONDOUSDT,1783314000000,train,-1,-2.6,0.592,2.83,2.76,0.79,-1.64,0.93,0.88,0.9,0.91,0,-0.96,neutral,bajista,0,0.056,32,3786,2,
s15826,FETUSDT,1783314000000,train,-1,-3.6,0.508,4.14,3.91,0.84,-2.64,1.56,1.39,1.13,0.97,1,-0.96,neutral,bajista,0,0.701,32,3786,2,
s15827,ARUSDT,1783314000000,testB,-1,-2.56,0.531,2.94,2.78,1.58,-1.6,1.28,0.9,0.74,0.87,0,-0.96,neutral,bajista,0,0.273,32,3786,4,
s15828,LDOUSDT,1783314000000,testB,-1,-2.19,0.556,2.42,2.42,0.99,-1.23,0.94,0.75,0.89,0.88,0,-0.96,neutral,bajista,0,1.0,32,3786,2,
s15829,AXSUSDT,1783314000000,testB,-1,-2.42,0.714,2.78,2.58,0.57,-1.46,0.83,1.13,0.83,0.72,1,-0.96,neutral,bajista,0,0.462,32,3786,2,
s15830,ENAUSDT,1783314900000,train,-1,-3.48,0.585,4.25,4.04,1.45,-2.33,1.85,0.92,0.92,0.73,0,-1.15,neutral,bajista,0,0.764,32,3788,2,
s15831,ARBUSDT,1783314900000,train,-1,-2.09,0.422,2.74,2.62,1.21,-0.94,1.41,0.82,0.83,0.78,0,-1.15,neutral,bajista,0,1.073,32,3788,3,
s15832,SUIUSDT,1783314900000,train,-1,-2.87,0.652,3.6,3.56,1.63,-1.72,1.76,0.98,0.82,0.75,1,-1.15,neutral,bajista,0,0.466,32,3788,3,
s15833,TIAUSDT,1783314900000,train,-1,-3.08,0.37,4.43,4.33,3.84,-1.93,2.55,0.86,0.86,0.78,1,-1.15,neutral,bajista,0,0.627,32,3788,5,
s15834,PENDLEUSDT,1783314900000,train,-1,-2.15,0.486,3.09,2.7,2.09,-1.0,1.36,0.69,0.69,0.86,0,-1.15,neutral,bajista,0,-1.0,29,3788,3,
s15835,ONDOUSDT,1783314900000,train,-1,-2.5,0.58,2.81,2.81,1.15,-1.35,1.33,0.88,0.9,0.91,0,-1.15,neutral,bajista,0,-1.0,23,3787,3,
s15836,FETUSDT,1783314900000,train,-1,-3.4,0.492,3.93,3.81,0.77,-2.25,1.89,1.39,1.13,0.97,1,-1.15,neutral,bajista,0,0.569,32,3787,3,
s15837,ARUSDT,1783314900000,testB,-1,-2.92,0.562,3.61,3.36,2.33,-1.77,1.66,0.9,0.74,0.87,0,-1.15,neutral,bajista,0,0.061,32,3787,5,
s15838,LDOUSDT,1783314900000,testB,-1,-2.42,0.579,3.11,3.04,1.49,-1.27,1.44,0.75,0.89,0.88,0,-1.15,neutral,bajista,0,0.469,32,3787,3,
s15839,MANAUSDT,1783314900000,testB,-1,-2.7,0.704,3.35,3.06,1.22,-1.55,1.66,0.75,0.81,0.79,0,-1.15,neutral,bajista,0,0.571,32,3787,4,
s15840,AXSUSDT,1783314900000,testB,-1,-2.43,0.714,2.79,2.69,0.72,-1.29,1.15,1.13,0.83,0.72,1,-1.15,neutral,bajista,0,0.222,32,3787,3,
s15841,APEUSDT,1783314900000,testB,-1,-2.18,0.463,2.8,2.66,0.89,-1.03,1.08,0.91,0.67,0.57,1,-1.15,neutral,bajista,0,1.27,32,3787,3,
s15842,STBLUSDT,1783315800000,train,-1,-2.55,0.41,3.51,2.7,1.28,-1.59,1.0,0.91,0.81,0.88,0,-0.96,neutral,bajista,0,0.333,32,3789,2,
s15843,ENAUSDT,1783315800000,train,-1,-2.17,0.37,3.04,2.21,1.7,-1.21,1.19,0.92,0.92,0.73,0,-0.96,neutral,neutral,0,1.384,32,3789,0,
s15844,SUIUSDT,1783315800000,train,-1,-2.94,0.682,3.37,3.03,2.22,-1.98,1.56,0.98,0.82,0.75,1,-0.96,neutral,neutral,0,0.368,32,3789,0,
s15845,TIAUSDT,1783315800000,train,-1,-2.96,0.353,4.48,3.55,3.39,-2.0,1.74,0.86,0.86,0.78,1,-0.96,neutral,neutral,0,0.65,32,3789,0,
s15846,PENDLEUSDT,1783315800000,train,-1,-2.17,0.495,2.79,2.22,2.06,-1.21,1.13,0.69,0.69,0.86,0,-0.96,neutral,neutral,0,-1.0,25,3789,0,
s15847,ONDOUSDT,1783315800000,train,-1,-2.11,0.455,2.61,2.12,1.28,-1.15,0.98,0.88,0.9,0.91,0,-0.96,neutral,neutral,0,-1.0,21,3788,0,
s15848,FETUSDT,1783315800000,train,-1,-3.12,0.44,3.98,3.51,0.81,-2.16,1.5,1.39,1.13,0.97,1,-0.96,neutral,neutral,0,0.3,32,3788,0,
s15849,ARUSDT,1783315800000,testB,-1,-2.47,0.439,3.44,2.53,2.11,-1.51,1.09,0.9,0.74,0.87,0,-0.96,neutral,neutral,0,-0.12,32,3788,0,
s15850,STXUSDT,1783315800000,testB,-1,-2.2,0.594,2.48,2.19,1.48,-1.24,1.1,1.23,1.11,0.91,1,-0.96,neutral,neutral,0,0.73,32,3788,0,
s15851,LDOUSDT,1783315800000,testB,-1,-2.3,0.538,2.81,2.36,1.55,-1.34,1.1,0.75,0.89,0.88,0,-0.96,neutral,neutral,0,-1.0,23,3788,0,
s15852,SANDUSDT,1783315800000,testB,-1,-2.19,0.698,2.65,2.26,1.34,-1.23,1.02,1.06,0.85,0.84,1,-0.96,neutral,bajista,0,0.688,32,3788,4,
s15853,MANAUSDT,1783315800000,testB,-1,-2.41,0.63,3.06,2.62,1.57,-1.45,1.37,0.75,0.81,0.79,0,-0.96,neutral,neutral,0,0.278,32,3788,0,
s15854,AXSUSDT,1783315800000,testB,-1,-2.34,0.706,2.7,2.5,1.12,-1.38,1.14,1.13,0.83,0.72,1,-0.96,neutral,bajista,0,-0.04,32,3788,4,
s15855,APEUSDT,1783315800000,testB,-1,-2.39,0.531,2.59,2.37,1.16,-1.43,0.99,0.91,0.67,0.57,1,-0.96,neutral,neutral,0,1.303,32,3788,0,
s15856,SUIUSDT,1783316700000,train,-1,-2.41,0.636,3.22,2.89,2.51,-1.69,1.45,0.98,0.82,0.75,1,-0.72,neutral,neutral,0,0.366,32,3790,1,
s15857,FETUSDT,1783316700000,train,-1,-2.56,0.378,3.97,3.39,0.84,-1.84,1.28,1.39,1.13,0.97,1,-0.72,neutral,neutral,0,0.259,32,3789,0,
s15858,APEUSDT,1783316700000,testB,-1,-2.05,0.492,2.74,2.38,1.82,-1.33,1.12,0.91,0.67,0.57,1,-0.72,neutral,neutral,0,1.333,32,3789,1,
s15859,SUIUSDT,1783318500000,train,-1,-2.18,0.607,2.97,2.43,1.66,-1.4,1.04,1.0,0.88,0.77,1,-0.78,neutral,neutral,0,0.285,32,3792,1,
s15860,TIAUSDT,1783318500000,train,-1,-2.52,0.355,3.93,2.79,1.34,-1.74,1.18,0.88,0.85,0.79,1,-0.78,neutral,neutral,0,0.759,32,3792,1,
s15861,FETUSDT,1783318500000,train,-1,-2.84,0.446,3.57,3.16,0.58,-2.07,1.12,1.29,1.14,0.98,1,-0.78,neutral,neutral,0,0.204,32,3791,1,
s15862,ARUSDT,1783318500000,testB,-1,-2.33,0.495,3.19,2.38,0.83,-1.55,0.94,0.94,0.77,0.76,1,-0.78,neutral,bajista,0,-0.468,32,3791,2,
s15863,PUMPUSDT,1783319400000,train,-1,-2.95,0.386,5.08,4.4,1.97,-2.45,2.27,1.17,0.93,0.92,1,-0.5,neutral,bajista,0,0.211,32,3793,4,
s15864,PUMPUSDT,1783320300000,train,-1,-4.09,0.479,5.95,5.51,2.22,-3.36,2.95,1.17,0.93,0.92,1,-0.73,neutral,bajista,0,-0.057,32,3794,5,
s15865,TIAUSDT,1783320300000,train,-1,-2.27,0.369,3.93,2.74,0.81,-1.54,0.81,0.88,0.85,0.79,1,-0.73,neutral,neutral,0,0.774,32,3794,1,
s15866,FETUSDT,1783320300000,train,-1,-2.56,0.391,3.57,3.04,0.45,-1.83,0.76,1.29,1.14,0.98,1,-0.73,neutral,neutral,0,0.423,32,3793,1,
s15867,STXUSDT,1783320300000,testB,-1,-2.03,0.778,2.43,2.25,0.46,-1.3,0.76,0.86,0.96,0.9,0,-0.73,neutral,neutral,0,0.289,32,3793,1,
s15868,PUMPUSDT,1783321200000,train,-1,-4.03,0.475,5.95,5.51,2.28,-3.33,2.79,1.11,1.03,0.97,1,-0.7,neutral,neutral,0,-0.273,32,3795,0,
s15869,0GUSDT,1783321200000,train,-1,-2.52,0.351,5.31,4.38,0.39,-1.82,0.61,0.98,0.76,0.58,1,-0.7,neutral,neutral,0,-0.067,32,3795,1,
s15870,TIAUSDT,1783321200000,train,-1,-2.32,0.38,3.86,2.45,0.28,-1.61,0.62,0.88,0.85,0.79,1,-0.7,neutral,neutral,0,0.758,32,3795,0,
s15871,FETUSDT,1783321200000,train,-1,-2.73,0.421,3.45,2.98,0.37,-2.03,0.79,1.22,1.17,0.98,1,-0.7,neutral,neutral,0,0.255,32,3794,0,
s15872,STXUSDT,1783321200000,testB,-1,-2.09,0.818,2.43,2.25,0.44,-1.39,0.7,0.9,0.93,0.91,0,-0.7,neutral,neutral,0,0.079,32,3794,0,
s15873,GRTUSDT,1783321200000,testB,-1,-2.75,0.464,4.52,3.37,0.34,-2.05,0.56,1.64,1.14,0.88,1,-0.7,neutral,neutral,0,0.065,32,3794,1,
s15874,MANAUSDT,1783321200000,testB,-1,-2.0,0.538,2.77,2.48,0.44,-1.3,0.84,0.67,0.74,0.76,0,-0.7,neutral,neutral,0,-0.353,32,3794,0,
s15875,PUMPUSDT,1783322100000,train,-1,-3.52,0.439,6.29,5.91,1.62,-3.11,2.87,1.11,1.03,0.97,1,-0.41,neutral,neutral,0,-0.287,32,3796,1,
s15876,0GUSDT,1783323000000,train,-1,-2.51,0.381,5.29,3.98,0.25,-2.35,0.25,0.98,0.76,0.58,1,-0.16,neutral,neutral,0,-0.073,32,3797,0,
s15877,JUPUSDT,1783323000000,train,-1,-2.72,0.411,4.79,4.0,1.96,-2.56,1.77,1.05,0.87,0.83,1,-0.16,neutral,bajista,0,0.01,32,3797,2,
s15878,PUMPUSDT,1783323900000,train,-1,-3.98,0.434,6.34,5.78,1.24,-3.65,2.34,1.11,1.03,0.97,1,-0.33,neutral,neutral,0,-0.511,32,3798,1,
s15879,0GUSDT,1783323900000,train,-1,-2.79,0.413,4.38,3.31,0.28,-2.46,0.52,0.98,0.76,0.58,1,-0.33,neutral,neutral,0,-0.338,32,3798,1,
s15880,TIAUSDT,1783323900000,train,-1,-2.12,0.412,3.71,2.4,0.55,-1.79,0.58,0.88,0.85,0.79,1,-0.33,neutral,neutral,0,0.172,32,3798,1,
s15881,JUPUSDT,1783323900000,train,-1,-2.32,0.373,4.8,4.05,2.29,-1.99,1.66,1.05,0.87,0.83,1,-0.33,neutral,bajista,0,-0.062,32,3798,3,
s15882,GRTUSDT,1783323900000,testB,-1,-2.18,0.494,4.51,3.32,0.32,-1.85,0.55,1.64,1.14,0.88,1,-0.33,neutral,neutral,0,-0.361,32,3797,1,
s15883,0GUSDT,1783324800000,train,-1,-2.61,0.396,3.56,2.68,0.36,-2.17,0.59,0.92,0.74,0.58,1,-0.44,neutral,bajista,0,-1.0,10,3799,2,
s15884,TIAUSDT,1783324800000,train,-1,-2.85,0.516,3.71,2.96,0.65,-2.41,0.96,1.05,0.9,0.84,1,-0.44,neutral,bajista,0,-0.184,32,3799,2,
s15885,JUPUSDT,1783324800000,train,-1,-3.2,0.53,4.81,4.44,2.97,-2.76,1.82,1.36,0.99,0.92,1,-0.44,neutral,bajista,0,-0.113,32,3799,4,
s15886,TIAUSDT,1783325700000,train,-1,-2.13,0.442,2.93,2.23,0.79,-1.89,0.88,1.05,0.9,0.84,1,-0.24,neutral,bajista,0,-0.105,32,3800,3,
s15887,JUPUSDT,1783325700000,train,-1,-3.91,0.66,5.29,4.79,2.78,-3.68,1.99,1.36,0.99,0.92,1,-0.24,neutral,bajista,0,-0.184,32,3800,5,
s15888,PUMPUSDT,1783326600000,train,-1,-3.23,0.36,6.3,4.08,1.12,-2.6,0.49,1.25,1.12,1.03,1,-0.63,neutral,neutral,0,-0.712,32,3801,0,
s15889,WLDUSDT,1783326600000,train,-1,-3.05,0.445,4.72,4.36,0.89,-2.42,1.42,0.96,1.06,0.89,0,-0.63,neutral,bajista,0,-0.211,32,3801,4,
s15890,TIAUSDT,1783326600000,train,-1,-3.26,0.547,4.5,3.63,1.29,-2.63,2.08,1.05,0.9,0.84,1,-0.63,neutral,bajista,0,-0.543,32,3801,4,
s15891,JUPUSDT,1783326600000,train,-1,-3.86,0.649,5.78,4.48,1.61,-3.24,1.48,1.36,0.99,0.92,1,-0.63,neutral,neutral,0,-0.15,32,3801,0,
s15892,MANAUSDT,1783326600000,testB,-1,-2.01,0.538,2.34,2.05,0.74,-1.38,0.78,0.64,0.68,0.74,0,-0.63,neutral,neutral,0,-1.0,29,3800,1,
s15893,WLDUSDT,1783327500000,train,-1,-2.8,0.403,3.58,3.05,0.88,-2.22,1.17,0.96,1.06,0.89,0,-0.58,neutral,neutral,0,-0.135,32,3802,0,
s15894,TIAUSDT,1783327500000,train,-1,-3.01,0.522,4.05,3.16,1.48,-2.43,1.89,1.05,0.9,0.84,1,-0.58,neutral,neutral,0,-0.542,32,3802,0,
s15895,JUPUSDT,1783327500000,train,-1,-3.04,0.581,4.9,3.56,2.08,-2.46,1.38,1.36,0.99,0.92,1,-0.58,neutral,neutral,0,-0.118,32,3802,0,
s15896,PUMPUSDT,1783328400000,train,-1,-3.79,0.396,6.06,4.87,0.59,-3.25,1.28,1.18,1.11,1.03,1,-0.54,neutral,neutral,0,-0.692,32,3803,1,
s15897,TIAUSDT,1783328400000,train,-1,-2.72,0.495,3.66,3.01,1.41,-2.18,1.82,1.06,0.84,0.79,1,-0.54,neutral,neutral,0,-0.614,32,3803,1,
s15898,JUPUSDT,1783328400000,train,-1,-3.25,0.597,4.54,3.53,1.85,-2.71,1.6,1.24,0.99,0.89,1,-0.54,neutral,neutral,0,-0.131,32,3803,1,
s15899,PUMPUSDT,1783329300000,train,-1,-3.32,0.355,5.55,4.24,0.54,-2.93,1.22,1.18,1.11,1.03,1,-0.39,neutral,neutral,0,-1.0,28,3804,0,
s15900,JUPUSDT,1783329300000,train,-1,-2.18,0.477,3.94,2.85,1.26,-1.78,1.41,1.24,0.99,0.89,1,-0.39,neutral,neutral,0,-0.176,32,3804,0,
s15901,PUMPUSDT,1783330200000,train,-1,-3.31,0.355,5.1,3.42,0.41,-2.66,0.72,1.18,1.11,1.03,1,-0.65,neutral,neutral,0,-1.0,26,3805,0,
s15902,WLDUSDT,1783330200000,train,-1,-2.19,0.4,3.24,2.83,0.9,-1.55,1.64,0.95,1.02,0.88,0,-0.65,neutral,neutral,0,-1.0,6,3805,1,
s15903,JUPUSDT,1783330200000,train,-1,-2.62,0.571,3.79,2.94,0.7,-1.97,1.39,1.24,0.99,0.89,1,-0.65,neutral,neutral,0,-0.129,32,3805,1,
s15904,WLDUSDT,1783331100000,train,-1,-2.33,0.437,3.31,2.75,1.18,-1.64,1.3,0.95,1.02,0.88,0,-0.7,neutral,neutral,0,-1.0,5,3806,0,
s15905,JUPUSDT,1783331100000,train,-1,-2.82,0.611,3.79,3.07,0.36,-2.13,1.36,1.24,0.99,0.89,1,-0.7,neutral,bajista,0,-0.096,32,3806,2,
s15906,JUPUSDT,1783332000000,train,-1,-2.26,0.505,3.78,2.86,0.38,-1.82,0.9,1.27,1.04,0.9,1,-0.44,neutral,neutral,0,-0.0,32,3807,0,
s15907,JUPUSDT,1783332900000,train,-1,-2.14,0.473,3.78,2.77,0.41,-1.91,0.77,1.27,1.04,0.9,1,-0.23,neutral,neutral,0,-0.045,32,3808,0,
s15908,0GUSDT,1783333800000,train,1,2.78,0.613,3.46,3.18,3.0,3.01,2.02,0.74,0.78,0.57,0,-0.23,neutral,alcista,0,-1.0,6,3809,5,
s15909,JUPUSDT,1783333800000,train,-1,-2.25,0.514,3.77,2.56,0.43,-2.02,0.52,1.27,1.04,0.9,1,-0.23,neutral,neutral,0,-0.082,32,3809,0,
s15910,0GUSDT,1783334700000,train,1,2.63,0.6,3.51,3.27,3.2,2.89,1.95,0.74,0.78,0.57,0,-0.26,neutral,alcista,0,-1.0,5,3810,6,
s15911,ONDOUSDT,1783334700000,train,1,2.12,0.552,2.62,2.62,1.85,2.38,1.58,1.0,0.91,0.92,0,-0.26,neutral,alcista,0,-1.0,9,3809,5,
s15912,XPLUSDT,1783335600000,train,-1,-3.9,0.427,5.06,4.9,0.47,-3.64,1.75,1.04,1.04,0.87,1,-0.26,neutral,bajista,0,-0.264,32,3811,2,
s15913,0GUSDT,1783335600000,train,1,2.24,0.469,3.62,2.81,3.48,2.5,1.25,0.74,0.83,0.59,0,-0.26,neutral,neutral,0,-1.0,4,3811,0,
s15914,JUPUSDT,1783335600000,train,-1,-2.25,0.487,3.77,2.38,0.76,-1.99,0.25,1.23,1.05,0.9,1,-0.26,neutral,neutral,0,-0.123,32,3811,1,
s15915,ONDOUSDT,1783335600000,train,1,2.43,0.594,3.21,2.88,1.44,2.69,1.69,1.0,0.94,0.94,1,-0.26,neutral,alcista,0,-1.0,8,3810,6,
s15916,XPLUSDT,1783336500000,train,-1,-3.43,0.394,5.34,5.26,0.65,-3.31,1.81,1.04,1.04,0.87,1,-0.12,neutral,bajista,0,-0.386,32,3812,3,
s15917,XPLUSDT,1783337400000,train,-1,-4.76,0.66,5.63,5.16,0.76,-4.53,1.5,1.04,1.04,0.87,1,-0.23,neutral,neutral,0,-0.425,32,3813,0,
s15918,XPLUSDT,1783338300000,train,-1,-6.03,0.71,7.4,7.0,1.22,-5.08,3.35,1.04,1.04,0.87,1,-0.96,neutral,neutral,0,-0.464,32,3814,1,
s15919,TIAUSDT,1783338300000,train,-1,-2.35,0.497,3.04,2.56,0.6,-1.39,1.02,0.77,0.81,0.74,0,-0.96,neutral,bajista,0,-1.0,17,3814,2,
s15920,APEUSDT,1783338300000,testB,-1,-2.1,0.475,2.88,2.66,3.2,-1.14,1.91,0.95,0.92,0.67,1,-0.96,neutral,neutral,0,-1.0,21,3813,1,
s15921,XPLUSDT,1783339200000,train,-1,-5.55,0.69,9.04,7.07,3.26,-3.86,3.65,1.28,1.17,0.94,1,-1.69,neutral,bajista,0,-0.547,32,3815,2,
s15922,PUMPUSDT,1783339200000,train,-1,-2.61,0.389,5.73,3.57,2.49,-0.91,1.93,1.14,1.15,1.09,0,-1.69,neutral,bajista,0,-1.0,12,3815,2,
s15923,STBLUSDT,1783339200000,train,-1,-2.56,0.504,4.01,2.8,2.54,-0.87,1.74,1.17,0.97,0.8,1,-1.69,neutral,bajista,0,-1.0,15,3815,2,
s15924,ENAUSDT,1783339200000,train,-1,-2.58,0.473,4.95,3.37,5,-0.89,2.19,1.15,0.98,0.9,1,-1.69,neutral,bajista,0,-1.0,19,3815,2,
s15925,ARBUSDT,1783339200000,train,-1,-2.53,0.676,3.9,2.68,4.29,-0.84,1.78,1.1,0.9,0.84,1,-1.69,neutral,bajista,0,-1.0,14,3815,6,
s15926,OPUSDT,1783339200000,train,-1,-2.8,0.682,4.22,3.07,5,-1.1,1.89,1.42,0.97,0.84,1,-1.69,neutral,bajista,0,-1.0,15,3815,2,
s15927,TIAUSDT,1783339200000,train,-1,-2.8,0.54,4.16,3.02,1.99,-1.11,1.85,0.94,0.91,0.8,1,-1.69,neutral,bajista,0,-1.0,15,3815,3,
s15928,ARUSDT,1783339200000,testB,-1,-2.05,0.383,4.5,2.86,3.94,-0.36,1.71,1.27,1.11,0.88,1,-1.69,neutral,bajista,0,-1.0,12,3814,2,
s15929,XPLUSDT,1783340100000,train,-1,-5.06,0.667,9.04,7.06,3.9,-3.49,3.51,1.28,1.17,0.94,1,-1.58,neutral,neutral,0,-0.527,32,3816,0,
s15930,STBLUSDT,1783340100000,train,-1,-2.24,0.44,4.0,2.62,3.0,-0.66,1.44,1.17,0.97,0.8,1,-1.58,neutral,neutral,0,-1.0,14,3816,0,
s15931,ENAUSDT,1783340100000,train,-1,-2.31,0.404,4.93,3.01,5,-0.74,1.72,1.15,0.98,0.9,1,-1.58,neutral,neutral,0,-1.0,18,3816,0,
s15932,ARBUSDT,1783340100000,train,-1,-2.17,0.526,3.83,2.21,5,-0.59,1.27,1.1,0.9,0.84,1,-1.58,neutral,neutral,0,-1.0,13,3816,0,
s15933,OPUSDT,1783340100000,train,-1,-2.33,0.51,4.19,2.48,5,-0.75,1.25,1.42,0.97,0.84,1,-1.58,neutral,neutral,0,-1.0,14,3816,0,
s15934,TIAUSDT,1783340100000,train,-1,-2.08,0.357,4.13,2.31,2.2,-0.5,1.07,0.94,0.91,0.8,1,-1.58,neutral,neutral,0,-1.0,14,3816,0,
s15935,XPLUSDT,1783341000000,train,-1,-5.02,0.661,7.63,5.39,3.85,-3.28,2.87,1.28,1.17,0.94,1,-1.74,neutral,neutral,0,-0.386,32,3817,0,
s15936,ENAUSDT,1783341000000,train,-1,-2.33,0.405,4.95,3.42,5,-0.59,1.85,1.15,0.98,0.9,1,-1.74,neutral,neutral,0,-1.0,17,3817,1,
s15937,ARBUSDT,1783341000000,train,-1,-2.35,0.546,3.58,2.51,5,-0.61,1.63,1.1,0.9,0.84,1,-1.74,neutral,neutral,0,-1.0,12,3817,1,
s15938,OPUSDT,1783341000000,train,-1,-2.25,0.5,3.83,2.49,5,-0.51,1.43,1.42,0.97,0.84,1,-1.74,neutral,neutral,0,-1.0,13,3817,1,
s15939,LDOUSDT,1783341000000,testB,-1,-2.15,0.363,5.2,4.02,3.78,-0.41,1.6,1.5,1.06,1.03,1,-1.74,neutral,neutral,0,-1.0,12,3816,1,
s15940,APEUSDT,1783341000000,testB,-1,-2.17,0.441,4.14,2.58,5,-0.43,1.44,1.47,1.14,0.79,1,-1.74,neutral,neutral,0,-1.0,18,3816,1,
s15941,XPLUSDT,1783341900000,train,-1,-4.83,0.651,7.59,5.47,3.22,-3.01,2.53,1.28,1.17,0.94,1,-1.82,neutral,neutral,0,-0.512,32,3818,1,
s15942,ENAUSDT,1783341900000,train,-1,-2.89,0.459,4.98,4.0,5,-1.07,2.2,1.15,0.98,0.9,1,-1.82,neutral,bajista,0,-1.0,16,3818,2,
s15943,ARBUSDT,1783341900000,train,-1,-2.52,0.563,3.55,2.69,4.55,-0.7,1.67,1.1,0.9,0.84,1,-1.82,neutral,bajista,0,-1.0,11,3818,2,
s15944,OPUSDT,1783341900000,train,-1,-2.24,0.5,3.82,2.39,5,-0.43,1.25,1.42,0.97,0.84,1,-1.82,neutral,neutral,0,-1.0,12,3818,0,
s15945,SUIUSDT,1783341900000,train,-1,-2.05,0.49,2.76,2.72,5,-0.24,1.7,1.13,1.06,0.88,1,-1.82,neutral,bajista,0,-1.0,13,3818,2,
s15946,FETUSDT,1783341900000,train,-1,-2.16,0.481,3.77,2.51,5,-0.35,1.41,1.74,1.53,1.21,1,-1.82,neutral,bajista,0,-1.0,12,3817,2,
s15947,LDOUSDT,1783341900000,testB,-1,-2.27,0.374,5.21,4.34,3.87,-0.45,1.76,1.5,1.06,1.03,1,-1.82,neutral,bajista,0,-1.0,11,3817,2,
s15948,APEUSDT,1783341900000,testB,-1,-2.6,0.486,4.16,3.19,3.57,-0.79,1.84,1.47,1.14,0.79,1,-1.82,neutral,bajista,0,-1.0,17,3817,2,
s15949,XPLUSDT,1783342800000,train,-1,-4.86,0.651,7.63,6.09,0.74,-2.92,2.75,1.12,1.21,0.97,0,-1.94,neutral,bajista,0,-0.827,32,3819,2,
s15950,ENAUSDT,1783342800000,train,-1,-3.38,0.498,5.01,4.64,0.97,-1.44,2.54,1.33,1.01,0.95,1,-1.94,neutral,bajista,0,-1.0,15,3819,3,
s15951,ARBUSDT,1783342800000,train,-1,-2.64,0.573,3.45,2.8,1.16,-0.69,1.7,1.34,1.0,0.89,1,-1.94,neutral,bajista,0,-1.0,10,3819,3,
s15952,OPUSDT,1783342800000,train,-1,-2.44,0.52,3.65,2.79,1.64,-0.5,1.66,1.67,1.08,0.88,1,-1.94,neutral,neutral,0,-1.0,10,3819,1,
s15953,SUIUSDT,1783342800000,train,-1,-2.35,0.524,3.36,3.07,2.0,-0.41,1.85,1.38,1.15,0.94,1,-1.94,neutral,bajista,0,-1.0,12,3819,3,
s15954,FETUSDT,1783342800000,train,-1,-2.29,0.494,3.78,2.88,0.99,-0.34,1.59,1.99,1.62,1.28,1,-1.94,neutral,bajista,0,-1.0,11,3818,3,
s15955,GRTUSDT,1783342800000,testB,-1,-2.11,0.639,3.05,2.33,1.23,-0.17,1.25,1.11,1.39,0.98,0,-1.94,neutral,bajista,0,-1.0,10,3818,3,
s15956,LDOUSDT,1783342800000,testB,-1,-2.71,0.417,5.35,4.81,1.1,-0.77,2.02,1.77,1.22,1.09,1,-1.94,neutral,bajista,0,-1.0,10,3818,3,
s15957,SANDUSDT,1783342800000,testB,-1,-2.11,0.451,3.37,2.88,1.87,-0.17,1.62,1.42,1.08,0.93,1,-1.94,neutral,bajista,0,-1.0,11,3818,3,
s15958,MANAUSDT,1783342800000,testB,-1,-2.04,0.412,3.58,2.83,0.75,-0.1,1.53,0.8,0.74,0.76,0,-1.94,neutral,bajista,0,-1.0,6,3818,3,
s15959,APEUSDT,1783342800000,testB,-1,-2.46,0.472,4.16,3.19,0.8,-0.52,1.7,1.63,1.24,0.85,1,-1.94,neutral,neutral,0,-1.0,16,3818,0,
s15960,XPLUSDT,1783343700000,train,-1,-6.15,0.871,7.68,6.66,0.67,-4.08,3.0,1.12,1.21,0.97,0,-2.07,bear,bajista,0,-0.865,32,3820,3,
s15961,ENAUSDT,1783343700000,train,-1,-3.0,0.428,5.0,4.32,0.92,-0.93,1.98,1.33,1.01,0.95,1,-2.07,bear,neutral,0,-1.0,14,3820,0,
s15962,ARBUSDT,1783343700000,train,-1,-2.4,0.534,3.45,2.73,0.96,-0.33,1.43,1.34,1.0,0.89,1,-2.07,bear,neutral,0,-1.0,9,3820,0,
s15963,OPUSDT,1783343700000,train,-1,-2.26,0.5,3.65,2.79,1.56,-0.19,1.44,1.67,1.08,0.88,1,-2.07,bear,neutral,0,-1.0,9,3820,0,
s15964,SUIUSDT,1783343700000,train,-1,-2.22,0.48,3.36,2.92,1.75,-0.15,1.5,1.38,1.15,0.94,1,-2.07,bear,neutral,0,-1.0,11,3820,0,
s15965,FETUSDT,1783343700000,train,-1,-2.11,0.45,3.77,2.76,0.98,-0.04,1.3,1.99,1.62,1.28,1,-2.07,bear,neutral,0,-1.0,10,3819,0,
s15966,GRTUSDT,1783343700000,testB,-1,-2.12,0.639,3.05,2.38,1.3,-0.05,1.18,1.11,1.39,0.98,0,-2.07,bear,bajista,0,-1.0,9,3819,4,
s15967,SANDUSDT,1783343700000,testB,-1,-2.3,0.471,4.13,3.16,2.95,-0.23,1.67,1.42,1.08,0.93,1,-2.07,bear,bajista,0,-1.0,10,3819,4,
s15968,APEUSDT,1783343700000,testB,-1,-2.61,0.486,4.17,3.35,0.65,-0.54,1.65,1.63,1.24,0.85,1,-2.07,bear,neutral,0,-1.0,15,3819,1,
s15969,XPLUSDT,1783344600000,train,-1,-4.82,0.643,6.99,5.06,0.69,-3.16,1.85,1.12,1.21,0.97,0,-1.66,neutral,neutral,0,-1.0,10,3821,0,
s15970,APEUSDT,1783344600000,testB,-1,-2.53,0.467,4.15,3.04,0.61,-0.87,1.21,1.63,1.24,0.85,1,-1.66,neutral,neutral,0,-1.0,14,3820,0,
s15971,XPLUSDT,1783345500000,train,-1,-4.19,0.578,6.9,4.78,0.81,-2.76,1.43,1.12,1.21,0.97,0,-1.43,neutral,neutral,0,-1.0,9,3822,0,
s15972,APEUSDT,1783345500000,testB,-1,-2.54,0.467,4.17,3.35,0.94,-1.11,1.34,1.63,1.24,0.85,1,-1.43,neutral,neutral,0,-1.0,13,3821,1,
s15973,APEUSDT,1783346400000,testB,-1,-3.17,0.647,4.17,3.43,0.84,-1.74,1.28,1.7,1.31,0.89,1,-1.43,neutral,bajista,0,-1.0,12,3822,2,
s15974,APEUSDT,1783347300000,testB,-1,-2.6,0.5,4.15,2.97,0.92,-1.32,0.79,1.7,1.31,0.89,1,-1.28,neutral,neutral,0,-1.0,11,3823,0,
s15975,0GUSDT,1783348200000,train,-1,-2.47,0.542,3.7,2.97,0.72,-1.06,0.5,1.08,0.94,0.68,1,-1.41,neutral,bajista,0,-1.0,26,3825,2,
s15976,ENAUSDT,1783348200000,train,-1,-2.54,0.368,4.93,3.04,0.47,-1.13,0.34,1.38,1.02,0.97,1,-1.41,neutral,neutral,0,-1.0,9,3825,1,
s15977,APEUSDT,1783348200000,testB,-1,-2.6,0.5,4.0,2.74,0.88,-1.19,0.61,1.7,1.31,0.89,1,-1.41,neutral,neutral,0,-1.0,10,3824,0,
s15978,0GUSDT,1783349100000,train,-1,-2.61,0.579,3.7,3.02,0.67,-1.37,0.58,1.08,0.94,0.68,1,-1.24,neutral,bajista,0,-1.0,25,3826,3,
s15979,ENAUSDT,1783349100000,train,-1,-2.63,0.376,4.94,3.22,0.39,-1.39,0.51,1.38,1.02,0.97,1,-1.24,neutral,bajista,0,-1.0,8,3826,2,
s15980,APEUSDT,1783349100000,testB,-1,-2.89,0.526,3.87,3.05,0.56,-1.65,1.03,1.7,1.31,0.89,1,-1.24,neutral,neutral,0,-1.0,9,3825,1,
s15981,APEUSDT,1783350000000,testB,-1,-2.68,0.481,3.86,2.9,0.54,-2.16,0.78,1.77,1.31,0.91,1,-0.52,neutral,neutral,0,-1.0,8,3826,0,
s15982,APEUSDT,1783350900000,testB,-1,-2.61,0.474,3.65,2.83,0.44,-1.92,0.85,1.77,1.31,0.91,1,-0.69,neutral,neutral,0,-1.0,7,3827,1,
s15983,XPLUSDT,1783352700000,train,1,3.19,0.355,6.55,5.78,0.83,1.49,1.83,1.27,1.22,1.04,1,1.7,neutral,alcista,0,0.222,32,3830,2,
s15984,PUMPUSDT,1783352700000,train,1,3.93,0.47,6.41,6.28,0.63,2.23,2.26,1.09,1.14,0.99,0,1.7,neutral,alcista,0,-0.107,32,3830,2,
s15985,STBLUSDT,1783352700000,train,1,2.11,0.378,4.29,4.25,0.35,0.41,1.4,1.03,0.95,0.83,1,1.7,neutral,alcista,0,-0.305,32,3830,4,
s15986,ARBUSDT,1783352700000,train,1,2.56,0.369,4.97,4.68,0.82,0.86,2.2,1.54,1.1,0.96,1,1.7,neutral,alcista,0,0.153,32,3830,4,
s15987,SEIUSDT,1783352700000,train,1,2.82,0.409,5.39,5.27,2.77,1.12,1.95,3.31,2.12,1.56,1,1.7,neutral,alcista,0,0.243,32,3830,8,
s15988,ONDOUSDT,1783352700000,train,1,2.16,0.353,4.05,3.87,1.05,0.46,1.45,1.75,1.27,1.1,1,1.7,neutral,alcista,0,-0.223,32,3829,2,
s15989,ARUSDT,1783352700000,testB,1,2.68,0.438,5.76,5.36,0.81,0.98,1.77,1.38,1.19,0.93,1,1.7,neutral,alcista,0,-0.128,32,3829,2,
s15990,MANAUSDT,1783352700000,testB,1,3.09,0.447,5.56,4.99,0.69,1.39,1.97,0.86,0.71,0.76,0,1.7,neutral,alcista,0,-0.171,32,3829,2,
s15991,XPLUSDT,1783353600000,train,1,4.93,0.541,6.37,5.99,1.05,2.1,2.49,1.4,1.25,1.07,1,2.83,bull,alcista,0,0.103,32,3831,3,
s15992,PUMPUSDT,1783353600000,train,1,6.11,0.632,7.26,7.08,0.69,3.29,3.63,1.25,1.21,0.98,1,2.83,bull,alcista,0,-0.339,32,3831,3,
s15993,STBLUSDT,1783353600000,train,1,3.38,0.704,3.51,3.39,0.38,0.55,1.46,1.13,0.98,0.84,1,2.83,bull,alcista,0,-0.417,32,3831,5,
s15994,WLDUSDT,1783353600000,train,1,3.08,0.432,4.87,4.54,0.95,0.26,1.91,1.39,1.19,1.02,1,2.83,bull,alcista,0,-0.644,32,3831,3,
s15995,ENAUSDT,1783353600000,train,1,2.85,0.437,4.52,4.27,0.72,0.02,1.72,1.62,1.17,1.03,1,2.83,bull,alcista,0,0.03,32,3831,5,
s15996,ARBUSDT,1783353600000,train,1,4.26,0.646,5.26,4.98,1.18,1.44,2.55,1.78,1.23,1.02,1,2.83,bull,alcista,0,-0.035,32,3831,5,
s15997,OPUSDT,1783353600000,train,1,3.55,0.569,4.35,4.17,0.63,0.72,1.79,1.92,1.28,0.94,1,2.83,bull,alcista,0,-0.2,32,3831,3,
s15998,TIAUSDT,1783353600000,train,1,3.44,0.514,4.62,4.41,1.2,0.62,1.84,1.06,1.06,0.89,0,2.83,bull,alcista,0,-0.304,32,3831,3,
s15999,SEIUSDT,1783353600000,train,1,4.47,0.65,4.91,4.55,2.24,1.64,2.45,3.75,2.43,1.69,1,2.83,bull,alcista,0,0.384,32,3831,8,
s16000,PENDLEUSDT,1783353600000,train,1,4.37,0.483,5.33,5.02,1.15,1.55,2.1,1.64,1.25,0.94,1,2.83,bull,alcista,0,-0.202,32,3831,3,
s16001,ONDOUSDT,1783353600000,train,1,3.24,0.51,4.88,4.47,1.29,0.41,1.95,1.93,1.47,1.17,1,2.83,bull,alcista,0,-0.311,32,3830,3,
s16002,FETUSDT,1783353600000,train,1,3.46,0.492,4.55,4.38,0.72,0.63,2.05,2.36,1.67,1.39,1,2.83,bull,alcista,0,-0.276,32,3830,5,
s16003,ARUSDT,1783353600000,testB,1,5.01,0.831,5.36,5.06,1.21,2.18,2.55,1.54,1.28,0.98,1,2.83,bull,alcista,0,-0.279,32,3830,3,
s16004,STXUSDT,1783353600000,testB,1,3.72,0.633,4.63,4.46,1.43,0.9,2.43,2.25,1.63,1.37,1,2.83,bull,alcista,0,-0.195,32,3830,3,
s16005,GRTUSDT,1783353600000,testB,1,4.74,0.741,5.74,5.37,1.39,1.92,3.33,1.81,1.3,1.14,1,2.83,bull,alcista,0,-0.647,32,3830,5,
s16006,LDOUSDT,1783353600000,testB,1,4.57,0.553,6.11,5.89,1.11,1.75,2.71,2.97,1.85,1.39,1,2.83,bull,alcista,0,0.27,32,3830,5,
s16007,SANDUSDT,1783353600000,testB,1,2.92,0.513,4.85,4.69,0.8,0.1,1.93,1.79,1.19,1.01,1,2.83,bull,alcista,0,-0.081,32,3830,3,
s16008,MANAUSDT,1783353600000,testB,1,4.43,0.6,5.66,5.52,0.81,1.6,2.58,0.94,0.73,0.78,0,2.83,bull,alcista,0,-0.231,32,3830,3,
s16009,AXSUSDT,1783353600000,testB,1,2.82,0.583,3.13,3.04,1.04,-0.01,1.4,1.77,1.3,1.04,1,2.83,bull,alcista,0,-0.226,32,3830,3,
s16010,XPLUSDT,1783354500000,train,1,4.71,0.505,6.38,5.8,1.29,2.47,2.04,1.4,1.25,1.07,1,2.23,bull,neutral,0,0.437,32,3832,0,
s16011,PUMPUSDT,1783354500000,train,1,3.53,0.35,7.55,5.72,1.16,1.3,1.93,1.25,1.21,0.98,1,2.23,bull,neutral,0,-0.011,32,3832,0,
s16012,STBLUSDT,1783354500000,train,1,2.71,0.528,3.53,2.92,0.91,0.48,0.86,1.13,0.98,0.84,1,2.23,bull,neutral,0,-0.264,32,3832,0,
s16013,ARBUSDT,1783354500000,train,1,3.0,0.428,5.3,4.2,1.97,0.77,1.56,1.78,1.23,1.02,1,2.23,bull,neutral,0,0.263,32,3832,0,
s16014,TIAUSDT,1783354500000,train,1,2.36,0.372,4.66,4.07,1.83,0.13,1.34,1.06,1.06,0.89,0,2.23,bull,neutral,0,-0.076,32,3832,0,
s16015,SEIUSDT,1783354500000,train,1,2.68,0.387,4.95,3.69,3.43,0.45,1.42,3.75,2.43,1.69,1,2.23,bull,neutral,0,0.886,32,3832,0,
s16016,ONDOUSDT,1783354500000,train,1,2.47,0.363,4.91,3.9,1.65,0.24,1.16,1.93,1.47,1.17,1,2.23,bull,neutral,0,0.038,32,3831,0,
s16017,ARUSDT,1783354500000,testB,1,4.06,0.727,5.37,4.83,2.17,1.83,2.07,1.54,1.28,0.98,1,2.23,bull,neutral,0,-0.192,32,3831,0,
s16018,STXUSDT,1783354500000,testB,1,2.76,0.411,4.67,3.62,2.57,0.53,1.38,2.25,1.63,1.37,1,2.23,bull,neutral,0,0.113,32,3831,0,
s16019,GRTUSDT,1783354500000,testB,1,3.3,0.448,5.81,4.26,2.94,1.07,1.92,1.81,1.3,1.14,1,2.23,bull,neutral,0,-0.475,32,3831,0,
s16020,LDOUSDT,1783354500000,testB,1,3.35,0.392,6.34,5.21,1.64,1.12,1.8,2.97,1.85,1.39,1,2.23,bull,neutral,0,0.58,32,3831,0,
s16021,SANDUSDT,1783354500000,testB,1,2.36,0.42,4.9,4.46,1.17,0.13,1.51,1.79,1.19,1.01,1,2.23,bull,neutral,0,0.098,32,3831,0,
s16022,MANAUSDT,1783354500000,testB,1,3.98,0.529,5.82,5.25,1.4,1.75,2.07,0.94,0.73,0.78,0,2.23,bull,neutral,0,-0.135,32,3831,0,
s16023,XPLUSDT,1783355400000,train,1,4.6,0.5,6.42,5.96,1.14,1.47,2.26,1.4,1.25,1.07,1,3.13,bull,neutral,0,0.319,32,3833,1,
s16024,PUMPUSDT,1783355400000,train,1,5.51,0.497,7.45,7.03,1.46,2.39,3.24,1.25,1.21,0.98,1,3.13,bull,neutral,0,-0.256,32,3833,1,
s16025,STBLUSDT,1783355400000,train,1,2.83,0.548,3.53,3.0,1.02,-0.29,0.93,1.13,0.98,0.84,1,3.13,bull,neutral,0,-0.324,32,3833,1,
s16026,0GUSDT,1783355400000,train,1,2.43,0.51,3.27,3.27,1.21,-0.7,1.76,1.06,0.85,0.72,1,3.13,bull,neutral,0,-0.101,32,3833,1,
s16027,ENAUSDT,1783355400000,train,1,3.28,0.434,4.62,4.62,1.39,0.15,1.89,1.62,1.17,1.03,1,3.13,bull,neutral,0,-0.047,32,3833,1,
s16028,ARBUSDT,1783355400000,train,1,4.35,0.599,5.27,4.9,1.98,1.22,2.19,1.78,1.23,1.02,1,3.13,bull,neutral,0,0.038,32,3833,1,
s16029,OPUSDT,1783355400000,train,1,2.97,0.449,4.37,3.81,0.97,-0.16,1.32,1.92,1.28,0.94,1,3.13,bull,neutral,0,-0.049,32,3833,1,
s16030,INJUSDT,1783355400000,train,1,3.17,0.46,4.76,4.31,1.21,0.05,1.44,1.79,1.38,1.08,1,3.13,bull,neutral,0,-0.238,32,3833,1,
s16031,SUIUSDT,1783355400000,train,1,2.86,0.55,3.9,3.78,1.41,-0.27,1.5,1.97,1.43,1.04,1,3.13,bull,neutral,0,0.074,32,3833,1,
s16032,TIAUSDT,1783355400000,train,1,3.44,0.568,4.64,4.41,1.6,0.32,1.63,1.06,1.06,0.89,0,3.13,bull,neutral,0,-0.251,32,3833,1,
s16033,SEIUSDT,1783355400000,train,1,4.01,0.598,4.93,4.17,1.61,0.88,1.89,3.75,2.43,1.69,1,3.13,bull,neutral,0,0.555,32,3833,1,
s16034,PENDLEUSDT,1783355400000,train,1,3.36,0.378,5.33,5.14,1.08,0.23,1.92,1.64,1.25,0.94,1,3.13,bull,neutral,0,-0.135,32,3833,1,
s16035,ONDOUSDT,1783355400000,train,1,3.28,0.476,4.89,4.3,1.95,0.15,1.61,1.93,1.47,1.17,1,3.13,bull,neutral,0,-0.152,32,3832,1,
s16036,FETUSDT,1783355400000,train,1,3.65,0.504,4.56,4.27,1.39,0.52,1.76,2.36,1.67,1.39,1,3.13,bull,neutral,0,-0.27,32,3832,1,
s16037,ARUSDT,1783355400000,testB,1,4.47,0.746,5.34,5.25,1.87,1.34,2.41,1.54,1.28,0.98,1,3.13,bull,neutral,0,-0.343,32,3832,1,
s16038,STXUSDT,1783355400000,testB,1,3.43,0.514,4.66,3.9,2.48,0.31,1.62,2.25,1.63,1.37,1,3.13,bull,neutral,0,-0.045,32,3832,1,
s16039,GRTUSDT,1783355400000,testB,1,3.97,0.529,5.79,4.62,3.3,0.85,2.15,1.81,1.3,1.14,1,3.13,bull,neutral,0,-0.598,32,3832,1,
s16040,LDOUSDT,1783355400000,testB,1,4.7,0.559,6.3,5.72,1.28,1.58,2.26,2.97,1.85,1.39,1,3.13,bull,neutral,0,0.373,32,3832,1,
s16041,SANDUSDT,1783355400000,testB,1,3.4,0.606,4.91,4.91,1.15,0.27,1.89,1.79,1.19,1.01,1,3.13,bull,neutral,0,-0.093,32,3832,1,
s16042,MANAUSDT,1783355400000,testB,1,3.85,0.5,5.84,4.84,1.71,0.72,1.62,0.94,0.73,0.78,0,3.13,bull,neutral,0,-0.118,32,3832,0,
s16043,AXSUSDT,1783355400000,testB,1,2.41,0.522,3.24,2.85,1.86,-0.71,1.05,1.77,1.3,1.04,1,3.13,bull,neutral,0,0.0,32,3832,1,
s16044,XPLUSDT,1783356300000,train,1,4.83,0.526,6.61,6.05,1.08,1.62,2.24,1.4,1.25,1.07,1,3.2,bull,alcista,0,0.284,32,3834,2,
s16045,PUMPUSDT,1783356300000,train,1,5.6,0.506,7.53,6.75,1.28,2.4,2.7,1.25,1.21,0.98,1,3.2,bull,neutral,0,-0.107,32,3834,0,
s16046,0GUSDT,1783356300000,train,1,2.39,0.495,3.28,2.9,0.89,-0.81,1.34,1.06,0.85,0.72,1,3.2,bull,neutral,0,-0.131,32,3834,0,
s16047,ENAUSDT,1783356300000,train,1,4.34,0.577,5.93,5.07,1.58,1.14,2.39,1.62,1.17,1.03,1,3.2,bull,alcista,0,-0.093,32,3834,2,
s16048,ARBUSDT,1783356300000,train,1,4.32,0.59,5.28,4.68,1.35,1.12,1.9,1.78,1.23,1.02,1,3.2,bull,neutral,0,0.123,32,3834,0,
s16049,OPUSDT,1783356300000,train,1,2.68,0.4,4.38,3.63,0.67,-0.53,1.19,1.92,1.28,0.94,1,3.2,bull,neutral,0,-0.051,32,3834,0,
s16050,INJUSDT,1783356300000,train,1,3.82,0.57,4.75,4.5,0.82,0.62,1.57,1.79,1.38,1.08,1,3.2,bull,alcista,0,-0.318,32,3834,2,
s16051,SUIUSDT,1783356300000,train,1,3.1,0.623,3.91,3.63,1.15,-0.1,1.29,1.97,1.43,1.04,1,3.2,bull,neutral,0,0.159,32,3834,0,
s16052,TIAUSDT,1783356300000,train,1,3.37,0.548,4.78,4.19,1.31,0.17,1.4,1.06,1.06,0.89,0,3.2,bull,neutral,0,-0.191,32,3834,0,
s16053,SEIUSDT,1783356300000,train,1,3.37,0.517,4.94,3.96,1.07,0.17,1.62,3.75,2.43,1.69,1,3.2,bull,neutral,0,0.606,32,3834,0,
s16054,PENDLEUSDT,1783356300000,train,1,3.46,0.39,5.5,4.49,0.99,0.26,1.25,1.64,1.25,0.94,1,3.2,bull,neutral,0,0.029,32,3834,0,
s16055,ONDOUSDT,1783356300000,train,1,3.63,0.551,4.9,4.18,1.63,0.43,1.4,1.93,1.47,1.17,1,3.2,bull,neutral,0,-0.071,32,3833,0,
s16056,FETUSDT,1783356300000,train,1,3.47,0.468,4.56,4.1,0.99,0.26,1.54,2.36,1.67,1.39,1,3.2,bull,neutral,0,-0.155,32,3833,0,
s16057,ARUSDT,1783356300000,testB,1,4.07,0.635,5.47,4.79,1.61,0.86,1.9,1.54,1.28,0.98,1,3.2,bull,neutral,0,-0.265,32,3833,0,
s16058,STXUSDT,1783356300000,testB,1,3.07,0.443,4.67,3.62,2.09,-0.13,1.32,2.25,1.63,1.37,1,3.2,bull,neutral,0,0.097,32,3833,0,
s16059,GRTUSDT,1783356300000,testB,1,4.25,0.554,5.77,4.82,3.14,1.05,2.27,1.81,1.3,1.14,1,3.2,bull,alcista,0,-0.56,32,3833,2,
s16060,LDOUSDT,1783356300000,testB,1,6.5,0.676,8.25,7.04,1.77,3.3,3.53,2.97,1.85,1.39,1,3.2,bull,alcista,0,0.102,32,3833,2,
s16061,SANDUSDT,1783356300000,testB,1,3.85,0.639,5.31,5.31,0.76,0.65,2.24,1.79,1.19,1.01,1,3.2,bull,alcista,0,-0.171,32,3833,2,
s16062,MANAUSDT,1783356300000,testB,1,4.31,0.592,5.84,4.84,1.03,1.11,1.52,0.94,0.73,0.78,0,3.2,bull,neutral,0,-0.118,32,3833,0,
s16063,AXSUSDT,1783356300000,testB,1,2.21,0.478,3.24,2.75,0.87,-0.99,0.98,1.77,1.3,1.04,1,3.2,bull,neutral,0,0.036,32,3833,0,
s16064,APEUSDT,1783356300000,testB,1,2.38,0.516,2.83,2.76,1.39,-0.82,1.5,2.01,1.41,0.95,1,3.2,bull,alcista,0,0.158,32,3833,6,
s16065,XPLUSDT,1783357200000,train,1,5.15,0.577,6.62,5.79,0.82,1.56,1.77,1.38,1.22,1.06,1,3.59,bull,neutral,0,0.253,32,3835,0,
s16066,PUMPUSDT,1783357200000,train,1,6.02,0.56,7.01,5.92,0.93,2.43,2.02,1.27,1.17,0.99,1,3.59,bull,neutral,0,-0.122,32,3835,0,
s16067,STBLUSDT,1783357200000,train,1,2.54,0.473,3.04,2.47,0.8,-1.05,0.86,1.2,0.95,0.84,1,3.59,bull,neutral,0,-0.623,32,3835,1,
s16068,0GUSDT,1783357200000,train,1,2.43,0.5,2.9,2.66,0.67,-1.16,1.31,0.95,0.8,0.73,1,3.59,bull,neutral,0,-0.393,32,3835,1,
s16069,WLDUSDT,1783357200000,train,1,2.67,0.362,4.91,3.06,0.9,-0.92,0.53,1.3,1.11,1.03,1,3.59,bull,neutral,0,-1.0,30,3835,1,
s16070,ENAUSDT,1783357200000,train,1,5.39,0.731,5.91,5.43,1.19,1.79,2.46,1.62,1.12,1.03,1,3.59,bull,alcista,0,-0.262,32,3835,3,
s16071,ARBUSDT,1783357200000,train,1,4.65,0.643,5.21,4.72,0.82,1.06,1.77,1.78,1.21,1.02,1,3.59,bull,neutral,0,-0.042,32,3835,1,
s16072,OPUSDT,1783357200000,train,1,3.46,0.545,4.18,3.62,0.69,-0.13,1.17,1.98,1.29,0.92,1,3.59,bull,neutral,0,-0.231,32,3835,1,
s16073,INJUSDT,1783357200000,train,1,5.03,0.686,5.11,5.07,1.0,1.44,2.14,1.98,1.45,1.15,1,3.59,bull,alcista,0,-0.472,32,3835,3,
s16074,SUIUSDT,1783357200000,train,1,3.31,0.689,3.78,3.35,0.97,-0.28,1.0,2.03,1.35,1.06,1,3.59,bull,neutral,0,0.06,32,3835,0,
s16075,TIAUSDT,1783357200000,train,1,3.59,0.604,4.37,3.68,1.05,0.0,1.07,1.17,0.98,0.91,1,3.59,bull,neutral,0,-0.43,32,3835,0,
s16076,SEIUSDT,1783357200000,train,1,3.74,0.604,4.88,3.88,0.48,0.14,1.33,3.5,2.39,1.71,1,3.59,bull,neutral,0,0.418,32,3835,0,
s16077,JUPUSDT,1783357200000,train,1,2.13,0.403,2.88,2.17,1.1,-1.46,0.11,1.33,1.3,1.02,1,3.59,bull,neutral,0,-0.058,32,3835,0,
s16078,PENDLEUSDT,1783357200000,train,1,4.29,0.512,5.23,4.35,0.78,0.7,1.06,1.56,1.21,0.95,1,3.59,bull,neutral,0,-0.156,32,3835,1,
s16079,ONDOUSDT,1783357200000,train,1,3.51,0.523,4.37,3.51,1.05,-0.08,1.11,1.88,1.46,1.18,1,3.59,bull,neutral,0,-0.11,32,3834,0,
s16080,FETUSDT,1783357200000,train,1,3.84,0.542,4.45,3.99,0.78,0.25,1.34,2.37,1.69,1.42,1,3.59,bull,neutral,0,-0.29,32,3834,1,
s16081,ARUSDT,1783357200000,testB,1,4.59,0.738,5.22,4.68,0.73,1.0,1.76,1.55,1.2,0.98,1,3.59,bull,neutral,0,-0.417,32,3834,1,
s16082,STXUSDT,1783357200000,testB,1,3.5,0.527,4.55,3.56,0.73,-0.09,1.24,2.23,1.59,1.37,1,3.59,bull,neutral,0,-0.082,32,3834,1,
s16083,GRTUSDT,1783357200000,testB,1,4.04,0.51,5.7,4.21,1.43,0.45,1.53,2.07,1.3,1.21,1,3.59,bull,neutral,0,-0.646,32,3834,0,
s16084,LDOUSDT,1783357200000,testB,1,5.88,0.57,8.08,5.81,1.56,2.29,2.15,2.93,1.93,1.43,1,3.59,bull,neutral,0,0.255,32,3834,0,
s16085,SANDUSDT,1783357200000,testB,1,4.22,0.74,5.37,5.23,0.67,0.63,1.91,1.89,1.17,1.02,1,3.59,bull,neutral,0,-0.223,32,3834,0,
s16086,MANAUSDT,1783357200000,testB,1,4.47,0.625,5.85,4.71,0.91,0.88,1.22,0.92,0.68,0.76,0,3.59,bull,neutral,0,-0.152,32,3834,0,
s16087,AXSUSDT,1783357200000,testB,1,2.41,0.545,3.14,2.65,0.62,-1.18,0.82,1.82,1.27,1.06,1,3.59,bull,neutral,0,-0.074,32,3834,0,
s16088,APEUSDT,1783357200000,testB,1,2.97,0.571,3.9,3.32,1.31,-0.62,1.85,1.86,1.4,0.99,1,3.59,bull,alcista,0,-0.261,32,3834,7,
s16089,XPLUSDT,1783358100000,train,1,5.56,0.647,6.63,5.65,0.6,1.61,1.42,1.38,1.22,1.06,1,3.95,bull,neutral,0,0.173,32,3836,0,
s16090,PUMPUSDT,1783358100000,train,1,5.75,0.542,7.01,5.86,0.85,1.8,1.84,1.27,1.17,0.99,1,3.95,bull,neutral,0,-0.165,32,3836,0,
s16091,0GUSDT,1783358100000,train,1,2.34,0.471,2.9,2.57,0.67,-1.61,1.13,0.95,0.8,0.73,1,3.95,bull,neutral,0,-0.426,32,3836,0,
s16092,ENAUSDT,1783358100000,train,1,4.93,0.688,5.57,4.96,1.17,0.98,2.16,1.62,1.12,1.03,1,3.95,bull,neutral,0,-0.332,32,3836,0,
s16093,ARBUSDT,1783358100000,train,1,4.65,0.643,5.21,4.78,0.6,0.7,1.73,1.78,1.21,1.02,1,3.95,bull,alcista,0,-0.136,32,3836,2,
s16094,OPUSDT,1783358100000,train,1,3.46,0.545,4.18,3.62,0.67,-0.49,1.11,1.98,1.29,0.92,1,3.95,bull,alcista,0,-0.385,32,3836,2,
s16095,INJUSDT,1783358100000,train,1,5.42,0.718,5.44,5.34,1.11,1.47,2.37,1.98,1.45,1.15,1,3.95,bull,alcista,0,-0.53,32,3836,4,
s16096,SUIUSDT,1783358100000,train,1,3.26,0.686,3.67,3.35,0.5,-0.69,1.13,2.03,1.35,1.06,1,3.95,bull,neutral,0,-0.096,32,3836,1,
s16097,TIAUSDT,1783358100000,train,1,3.59,0.604,4.37,3.75,0.7,-0.36,1.13,1.17,0.98,0.91,1,3.95,bull,neutral,0,-0.593,32,3836,1,
s16098,SEIUSDT,1783358100000,train,1,3.72,0.599,4.88,3.82,0.29,-0.23,1.25,3.5,2.39,1.71,1,3.95,bull,neutral,0,0.215,32,3836,0,
s16099,PENDLEUSDT,1783358100000,train,1,3.78,0.482,4.85,4.0,0.54,-0.17,1.02,1.56,1.21,0.95,1,3.95,bull,alcista,0,-0.266,32,3836,2,
s16100,ONDOUSDT,1783358100000,train,1,3.25,0.5,4.34,3.45,0.69,-0.7,1.02,1.88,1.46,1.18,1,3.95,bull,neutral,0,-0.284,32,3835,0,
s16101,FETUSDT,1783358100000,train,1,4.07,0.557,4.43,4.15,0.78,0.12,1.62,2.37,1.69,1.42,1,3.95,bull,alcista,0,-0.444,32,3835,2,
s16102,ARUSDT,1783358100000,testB,1,4.23,0.643,5.23,4.35,0.55,0.28,1.27,1.55,1.2,0.98,1,3.95,bull,neutral,0,-0.438,32,3835,0,
s16103,STXUSDT,1783358100000,testB,1,3.69,0.54,4.55,3.73,0.36,-0.26,1.33,2.23,1.59,1.37,1,3.95,bull,alcista,0,-0.297,32,3835,2,
s16104,GRTUSDT,1783358100000,testB,1,3.94,0.49,5.71,4.05,0.92,-0.01,1.27,2.07,1.3,1.21,1,3.95,bull,neutral,0,-0.671,32,3835,0,
s16105,LDOUSDT,1783358100000,testB,1,5.97,0.575,7.79,6.03,1.62,2.02,2.51,2.93,1.93,1.43,1,3.95,bull,neutral,0,0.083,32,3835,1,
s16106,SANDUSDT,1783358100000,testB,1,4.37,0.785,4.63,4.37,0.76,0.42,1.69,1.89,1.17,1.02,1,3.95,bull,neutral,0,-0.276,32,3835,0,
s16107,MANAUSDT,1783358100000,testB,1,3.86,0.565,5.29,4.0,0.76,-0.09,1.01,0.92,0.68,0.76,0,3.95,bull,neutral,0,-0.214,32,3835,0,
s16108,AXSUSDT,1783358100000,testB,1,2.31,0.535,2.94,2.55,0.47,-1.64,0.87,1.82,1.27,1.06,1,3.95,bull,neutral,0,-0.269,32,3835,1,
s16109,APEUSDT,1783358100000,testB,1,2.75,0.507,3.91,2.97,1.08,-1.2,1.4,1.86,1.4,0.99,1,3.95,bull,neutral,0,-0.341,32,3835,0,
s16110,XPLUSDT,1783359000000,train,1,4.09,0.506,5.95,4.49,0.63,0.76,0.87,1.38,1.22,1.06,1,3.33,bull,neutral,0,0.384,32,3837,0,
s16111,PUMPUSDT,1783359000000,train,1,4.64,0.437,6.14,4.44,0.63,1.31,1.21,1.27,1.17,0.99,1,3.33,bull,neutral,0,-0.014,32,3837,0,
s16112,ENAUSDT,1783359000000,train,1,3.68,0.523,5.03,3.87,1.2,0.34,1.52,1.62,1.12,1.03,1,3.33,bull,neutral,0,-0.188,32,3837,0,
s16113,ARBUSDT,1783359000000,train,1,3.67,0.539,4.34,3.64,0.56,0.34,1.34,1.78,1.21,1.02,1,3.33,bull,neutral,0,-0.055,32,3837,0,
s16114,OPUSDT,1783359000000,train,1,2.48,0.419,3.45,2.61,0.77,-0.85,0.73,1.98,1.29,0.92,1,3.33,bull,neutral,0,-0.286,32,3837,0,
s16115,INJUSDT,1783359000000,train,1,3.74,0.516,4.54,3.77,1.4,0.41,1.58,1.98,1.45,1.15,1,3.33,bull,neutral,0,-0.551,32,3837,0,
s16116,SUIUSDT,1783359000000,train,1,2.2,0.485,3.0,2.26,0.54,-1.14,0.7,2.03,1.35,1.06,1,3.33,bull,neutral,0,0.03,32,3837,0,
s16117,SEIUSDT,1783359000000,train,1,2.71,0.441,4.34,2.82,0.28,-0.63,0.66,3.5,2.39,1.71,1,3.33,bull,neutral,0,0.543,32,3837,0,
s16118,PENDLEUSDT,1783359000000,train,1,3.03,0.425,4.01,3.13,0.58,-0.3,1.0,1.56,1.21,0.95,1,3.33,bull,neutral,0,-0.298,32,3837,0,
s16119,ONDOUSDT,1783359000000,train,1,2.29,0.362,3.7,2.42,0.42,-1.05,0.63,1.88,1.46,1.18,1,3.33,bull,neutral,0,-0.123,32,3836,0,
s16120,ARUSDT,1783359000000,testB,1,2.83,0.483,4.03,2.8,0.6,-0.51,0.85,1.55,1.2,0.98,1,3.33,bull,neutral,0,-0.404,32,3836,0,
s16121,STXUSDT,1783359000000,testB,1,2.58,0.381,3.98,2.64,0.42,-0.75,0.71,2.23,1.59,1.37,1,3.33,bull,neutral,0,-0.2,32,3836,0,
s16122,GRTUSDT,1783359000000,testB,1,3.26,0.413,5.08,3.16,1.01,-0.08,0.91,2.07,1.3,1.21,1,3.33,bull,neutral,0,-0.763,32,3836,0,
s16123,LDOUSDT,1783359000000,testB,1,4.82,0.516,6.61,4.78,1.42,1.49,2.24,2.93,1.93,1.43,1,3.33,bull,neutral,0,0.241,32,3836,0,
s16124,SANDUSDT,1783359000000,testB,1,3.61,0.704,3.98,3.56,0.94,0.28,1.38,1.89,1.17,1.02,1,3.33,bull,neutral,0,-0.261,32,3836,0,
s16125,MANAUSDT,1783359000000,testB,1,2.49,0.436,4.01,2.58,0.48,-0.84,0.85,0.92,0.68,0.76,0,3.33,bull,neutral,0,0.0,32,3836,0,
s16126,APEUSDT,1783359000000,testB,1,2.15,0.397,3.92,2.69,0.86,-1.18,1.08,1.86,1.4,0.99,1,3.33,bull,neutral,0,-0.189,32,3836,0,
s16127,XPLUSDT,1783359900000,train,1,3.49,0.421,5.39,3.53,0.64,0.55,0.51,1.38,1.22,1.06,1,2.94,bull,neutral,0,0.697,32,3838,0,
s16128,0GUSDT,1783359900000,train,1,2.14,0.5,2.86,2.43,0.46,-0.8,0.87,0.95,0.8,0.73,1,2.94,bull,neutral,0,-0.431,32,3838,0,
s16129,ENAUSDT,1783359900000,train,1,3.14,0.417,4.89,3.22,0.66,0.2,1.0,1.62,1.12,1.03,1,2.94,bull,neutral,0,-0.048,32,3838,0,
s16130,ARBUSDT,1783359900000,train,1,2.88,0.428,4.03,2.98,0.57,-0.05,0.92,1.78,1.21,1.02,1,2.94,bull,neutral,0,0.013,32,3838,0,
s16131,INJUSDT,1783359900000,train,1,3.41,0.494,4.46,3.79,1.38,0.47,1.56,1.98,1.45,1.15,1,2.94,bull,neutral,0,-0.527,32,3838,1,
s16132,SUIUSDT,1783359900000,train,1,2.1,0.462,3.0,2.21,0.55,-0.84,0.63,2.03,1.35,1.06,1,2.94,bull,neutral,0,0.085,32,3838,0,
s16133,SEIUSDT,1783359900000,train,1,2.6,0.432,3.96,2.57,0.24,-0.34,0.77,3.5,2.39,1.71,1,2.94,bull,neutral,0,0.539,32,3838,1,
s16134,ARUSDT,1783359900000,testB,1,2.62,0.464,3.93,2.7,0.57,-0.32,0.81,1.55,1.2,0.98,1,2.94,bull,neutral,0,-0.527,32,3837,1,
s16135,GRTUSDT,1783359900000,testB,1,2.87,0.356,5.04,2.84,1.13,-0.07,0.63,2.07,1.3,1.21,1,2.94,bull,neutral,0,-0.717,32,3837,0,
s16136,LDOUSDT,1783359900000,testB,1,4.74,0.512,6.61,4.81,0.6,1.8,2.12,2.93,1.93,1.43,1,2.94,bull,neutral,0,0.261,32,3837,1,
s16137,SANDUSDT,1783359900000,testB,1,3.4,0.692,3.84,3.35,0.88,0.46,1.31,1.89,1.17,1.02,1,2.94,bull,neutral,0,-0.213,32,3837,0,
s16138,APEUSDT,1783359900000,testB,1,2.38,0.457,3.92,2.62,0.79,-0.56,0.91,1.86,1.4,0.99,1,2.94,bull,neutral,0,-0.167,32,3837,0,
s16139,XPLUSDT,1783360800000,train,1,2.67,0.36,4.38,2.64,0.51,-0.16,0.64,1.07,1.18,1.03,0,2.84,bull,neutral,0,0.616,32,3839,1,
s16140,ENAUSDT,1783360800000,train,1,2.76,0.379,4.63,2.9,0.62,-0.08,0.81,1.08,1.12,1.0,0,2.84,bull,neutral,0,-0.088,32,3839,0,
s16141,ARBUSDT,1783360800000,train,1,2.92,0.431,4.02,3.09,0.47,0.08,0.93,1.34,1.22,1.02,1,2.84,bull,neutral,0,-0.065,32,3839,1,
s16142,INJUSDT,1783360800000,train,1,3.6,0.517,4.23,3.68,0.92,0.76,1.53,1.63,1.49,1.2,1,2.84,bull,alcista,0,-0.58,32,3839,2,
s16143,SEIUSDT,1783360800000,train,1,2.07,0.354,3.9,2.33,0.23,-0.76,0.54,2.8,2.39,1.66,1,2.84,bull,neutral,0,0.828,32,3839,0,
s16144,ARUSDT,1783360800000,testB,1,2.66,0.469,3.92,2.94,0.56,-0.17,0.96,1.04,1.16,0.98,0,2.84,bull,alcista,0,-0.7,32,3838,2,
s16145,LDOUSDT,1783360800000,testB,1,4.17,0.442,6.63,4.47,0.53,1.33,1.53,2.49,2.01,1.46,1,2.84,bull,neutral,0,0.597,32,3838,0,
s16146,SANDUSDT,1783360800000,testB,1,2.96,0.597,3.85,3.12,0.64,0.13,1.0,1.51,1.18,1.02,1,2.84,bull,neutral,0,-0.172,32,3838,0,
s16147,APEUSDT,1783360800000,testB,1,2.68,0.5,3.92,2.83,0.48,-0.16,1.04,1.34,1.4,1.0,0,2.84,bull,neutral,0,-0.179,32,3838,1,
s16148,0GUSDT,1783361700000,train,1,2.09,0.506,2.85,2.52,0.51,-0.62,0.73,0.77,0.79,0.73,0,2.71,bull,alcista,0,-1.0,31,3840,2,
s16149,ENAUSDT,1783361700000,train,1,2.85,0.388,4.6,3.32,0.63,0.14,1.05,1.08,1.12,1.0,0,2.71,bull,neutral,0,-0.323,32,3840,1,
s16150,ARBUSDT,1783361700000,train,1,2.77,0.419,3.66,2.98,0.46,0.06,0.98,1.34,1.22,1.02,1,2.71,bull,alcista,0,-0.332,32,3840,2,
s16151,INJUSDT,1783361700000,train,1,3.66,0.522,4.15,3.87,0.91,0.95,2.02,1.63,1.49,1.2,1,2.71,bull,alcista,0,-1.0,32,3840,3,
s16152,ARUSDT,1783361700000,testB,1,2.86,0.487,3.56,3.07,0.6,0.15,1.18,1.04,1.16,0.98,0,2.71,bull,alcista,0,-0.905,32,3839,3,
s16153,LDOUSDT,1783361700000,testB,1,5.03,0.489,6.57,5.32,0.4,2.32,2.07,2.49,2.01,1.46,1,2.71,bull,neutral,0,0.128,32,3839,1,
s16154,SANDUSDT,1783361700000,testB,1,2.5,0.552,3.37,2.62,0.57,-0.21,0.81,1.51,1.18,1.02,1,2.71,bull,neutral,0,-0.326,32,3839,0,
s16155,APEUSDT,1783361700000,testB,1,2.45,0.478,3.91,3.04,0.56,-0.26,1.1,1.34,1.4,1.0,0,2.71,bull,alcista,0,-0.357,32,3839,2,
s16156,0GUSDT,1783362600000,train,1,2.38,0.59,2.85,2.61,0.5,-0.45,0.79,0.77,0.79,0.73,0,2.83,bull,alcista,0,-1.0,30,3841,3,
s16157,ENAUSDT,1783362600000,train,1,3.18,0.426,4.59,3.53,0.57,0.35,1.14,1.08,1.12,1.0,0,2.83,bull,alcista,0,-0.466,32,3841,2,
s16158,ARBUSDT,1783362600000,train,1,2.83,0.425,3.65,3.08,0.41,-0.01,0.93,1.34,1.22,1.02,1,2.83,bull,alcista,0,-0.382,32,3841,3,
s16159,INJUSDT,1783362600000,train,1,3.66,0.522,4.22,3.81,0.74,0.82,1.71,1.63,1.49,1.2,1,2.83,bull,neutral,0,-1.0,31,3841,0,
s16160,SUIUSDT,1783362600000,train,1,2.08,0.458,2.61,2.29,0.51,-0.76,0.79,1.51,1.32,1.09,1,2.83,bull,alcista,0,-0.62,32,3841,2,
s16161,ONDOUSDT,1783362600000,train,1,2.18,0.356,3.06,2.32,0.49,-0.65,0.73,1.57,1.49,1.2,1,2.83,bull,alcista,0,-0.628,32,3840,3,
s16162,FETUSDT,1783362600000,train,1,2.42,0.398,3.17,2.77,0.55,-0.41,0.86,1.63,1.69,1.43,0,2.83,bull,alcista,0,-1.0,32,3840,2,
s16163,ARUSDT,1783362600000,testB,1,2.86,0.487,3.56,3.02,0.51,0.02,0.99,1.04,1.16,0.98,0,2.83,bull,neutral,0,-0.806,32,3840,0,
s16164,LDOUSDT,1783362600000,testB,1,5.56,0.529,6.55,5.66,0.43,2.73,2.18,2.49,2.01,1.46,1,2.83,bull,alcista,0,0.132,32,3840,2,
s16165,SANDUSDT,1783362600000,testB,1,2.75,0.579,3.37,2.83,0.48,-0.09,0.9,1.51,1.18,1.02,1,2.83,bull,neutral,0,-0.392,32,3840,1,
s16166,APEUSDT,1783362600000,testB,1,2.37,0.471,3.91,3.04,0.46,-0.46,1.04,1.34,1.4,1.0,0,2.83,bull,neutral,0,-0.405,32,3840,0,
s16167,XPLUSDT,1783363500000,train,1,2.41,0.383,3.81,2.67,0.42,-0.26,0.81,1.07,1.18,1.03,0,2.67,bull,alcista,0,-0.128,32,3842,2,
s16168,0GUSDT,1783363500000,train,1,2.24,0.535,2.86,2.43,0.55,-0.43,0.52,0.77,0.79,0.73,0,2.67,bull,neutral,0,-1.0,29,3842,0,
s16169,ENAUSDT,1783363500000,train,1,3.56,0.474,4.49,3.63,0.46,0.89,1.17,1.08,1.12,1.0,0,2.67,bull,alcista,0,-0.565,32,3842,3,
s16170,ARBUSDT,1783363500000,train,1,2.76,0.408,3.51,2.67,0.45,0.09,0.59,1.34,1.22,1.02,1,2.67,bull,neutral,0,-0.484,32,3842,0,
s16171,INJUSDT,1783363500000,train,1,3.36,0.495,4.26,3.77,0.79,0.69,1.52,1.63,1.49,1.2,1,2.67,bull,neutral,0,-1.0,30,3842,0,
s16172,SUIUSDT,1783363500000,train,1,2.04,0.45,2.32,1.98,0.49,-0.63,0.69,1.51,1.32,1.09,1,2.67,bull,neutral,0,-0.791,32,3842,0,
s16173,FETUSDT,1783363500000,train,1,2.61,0.44,3.0,2.48,0.52,-0.07,0.7,1.63,1.69,1.43,0,2.67,bull,neutral,0,-1.0,30,3841,0,
s16174,ARUSDT,1783363500000,testB,1,2.51,0.417,3.18,2.39,0.45,-0.17,0.65,1.04,1.16,0.98,0,2.67,bull,neutral,0,-1.0,30,3841,0,
s16175,LDOUSDT,1783363500000,testB,1,5.57,0.529,6.38,5.31,0.52,2.9,1.78,2.49,2.01,1.46,1,2.67,bull,neutral,0,0.047,32,3841,0,
s16176,SANDUSDT,1783363500000,testB,1,2.6,0.542,3.25,2.62,0.42,-0.07,0.7,1.51,1.18,1.02,1,2.67,bull,neutral,0,-0.47,32,3841,0,
s16177,APEUSDT,1783363500000,testB,1,2.53,0.515,3.92,2.76,0.45,-0.14,0.68,1.34,1.4,1.0,0,2.67,bull,neutral,0,-0.395,32,3841,0,
s16178,0GUSDT,1783364400000,train,1,2.28,0.54,2.85,2.71,0.64,0.24,0.74,0.67,0.82,0.73,0,2.04,bull,neutral,0,-1.0,28,3843,1,
s16179,INJUSDT,1783364400000,train,1,2.87,0.426,4.41,3.56,0.86,0.83,1.07,1.76,1.62,1.29,1,2.04,bull,neutral,0,-1.0,29,3843,0,
s16180,FETUSDT,1783364400000,train,1,2.42,0.423,2.99,2.76,0.56,0.38,0.86,1.32,1.68,1.43,0,2.04,bull,neutral,0,-1.0,29,3842,1,
s16181,LDOUSDT,1783364400000,testB,1,4.83,0.496,5.96,4.93,0.93,2.79,2.15,2.45,2.15,1.49,1,2.04,bull,neutral,0,-0.151,32,3842,1,
s16182,SANDUSDT,1783364400000,testB,1,2.6,0.542,3.24,2.89,0.31,0.56,0.83,0.94,1.19,1.01,0,2.04,bull,neutral,0,-0.616,32,3842,1,
s16183,APEUSDT,1783364400000,testB,1,2.53,0.515,3.84,2.83,0.53,0.49,0.69,1.15,1.4,1.03,0,2.04,bull,neutral,0,-0.487,32,3842,1,
s16184,0GUSDT,1783365300000,train,1,2.24,0.523,2.66,2.42,0.64,0.01,0.6,0.67,0.82,0.73,0,2.22,bull,neutral,0,-1.0,27,3844,0,
s16185,ENAUSDT,1783365300000,train,1,3.88,0.459,4.5,4.2,0.65,1.66,2.04,0.95,1.16,1.0,0,2.22,bull,neutral,0,-0.883,32,3844,1,
s16186,ARBUSDT,1783365300000,train,1,2.22,0.36,3.04,2.56,0.46,0.0,0.74,1.16,1.26,1.03,0,2.22,bull,alcista,0,-0.849,32,3844,2,
s16187,ONDOUSDT,1783365300000,train,1,2.26,0.405,2.51,2.45,0.23,0.04,1.15,1.37,1.52,1.21,0,2.22,bull,alcista,0,-1.0,28,3843,2,
s16188,FETUSDT,1783365300000,train,1,2.47,0.429,2.87,2.81,0.48,0.25,0.97,1.32,1.68,1.43,0,2.22,bull,alcista,0,-1.0,28,3843,2,
s16189,LDOUSDT,1783365300000,testB,1,4.62,0.486,5.27,4.49,1.07,2.4,2.19,2.45,2.15,1.49,1,2.22,bull,alcista,0,-0.323,32,3843,2,
s16190,SANDUSDT,1783365300000,testB,1,2.8,0.59,3.16,2.88,0.34,0.58,0.82,0.94,1.19,1.01,0,2.22,bull,alcista,0,-0.753,32,3843,2,
s16191,APEUSDT,1783365300000,testB,1,3.5,0.627,3.74,3.52,0.44,1.28,1.34,1.15,1.4,1.03,0,2.22,bull,alcista,0,-0.694,32,3843,2,
s16192,APEUSDT,1783366200000,testB,1,2.66,0.529,3.31,2.88,0.55,1.17,1.14,1.15,1.4,1.03,0,1.49,neutral,neutral,0,-0.825,32,3844,0,
s16193,APEUSDT,1783367100000,testB,1,2.73,0.536,3.31,2.95,0.7,2.44,1.07,1.15,1.4,1.03,0,0.29,neutral,neutral,0,-0.829,32,3845,0,
s16194,WLDUSDT,1783368000000,train,-1,-2.52,0.535,3.24,3.02,0.57,-2.3,0.52,0.71,1.0,1.04,0,-0.22,neutral,bajista,0,0.952,32,3847,3,
s16195,GRTUSDT,1783368000000,testB,-1,-2.74,0.591,3.09,2.82,0.49,-2.52,0.61,1.6,1.41,1.3,1,-0.22,neutral,bajista,0,0.788,32,3846,3,
s16196,XPLUSDT,1783369800000,train,-1,-2.41,0.413,3.62,3.14,1.99,-2.54,1.59,0.92,1.05,1.06,0,0.13,neutral,bajista,0,-1.0,7,3849,4,
s16197,GRTUSDT,1783369800000,testB,-1,-2.02,0.633,2.55,2.33,0.9,-2.15,0.72,1.6,1.41,1.3,1,0.13,neutral,neutral,0,0.953,32,3848,1,
s16198,GRTUSDT,1783370700000,testB,-1,-2.17,0.719,2.54,2.27,0.91,-2.31,0.87,1.6,1.41,1.3,1,0.14,neutral,neutral,0,0.976,32,3849,0,
s16199,LDOUSDT,1783371600000,testB,1,3.07,0.48,4.27,3.47,1.02,2.35,1.97,2.06,2.25,1.53,0,0.72,neutral,alcista,0,-0.859,32,3850,3,
s16200,LDOUSDT,1783372500000,testB,1,2.66,0.446,3.95,3.25,1.14,2.14,1.8,2.06,2.25,1.53,0,0.52,neutral,alcista,0,-1.0,32,3851,4,
s16201,LDOUSDT,1783373400000,testB,1,2.52,0.412,3.75,2.84,1.17,1.71,1.25,2.06,2.25,1.53,0,0.81,neutral,neutral,0,-1.0,30,3852,0,
s16202,PUMPUSDT,1783374300000,train,1,2.26,0.507,2.81,2.33,2.62,0.83,1.24,0.63,0.86,0.99,0,1.43,neutral,alcista,0,-1.0,2,3854,2,
s16203,ARBUSDT,1783374300000,train,1,2.06,0.526,2.88,2.11,2.43,0.63,1.19,1.13,1.35,1.07,0,1.43,neutral,neutral,0,-1.0,14,3854,1,
s16204,SUIUSDT,1783374300000,train,1,2.3,0.474,3.39,2.43,4.44,0.87,1.35,1.16,1.45,1.16,0,1.43,neutral,neutral,0,-1.0,18,3854,1,
s16205,LDOUSDT,1783374300000,testB,1,2.77,0.435,3.74,3.11,1.14,1.33,1.52,2.06,2.25,1.53,0,1.43,neutral,neutral,0,-1.0,29,3853,1,
s16206,LDOUSDT,1783375200000,testB,1,2.45,0.366,3.76,2.46,0.41,1.39,0.7,1.45,2.25,1.5,0,1.06,neutral,neutral,0,-1.0,28,3854,0,
s16207,SEIUSDT,1783376100000,train,1,2.01,0.704,3.0,2.19,0.81,1.29,0.94,0.94,2.38,1.68,0,0.72,neutral,neutral,0,-1.0,29,3856,0,
s16208,SEIUSDT,1783377000000,train,1,2.38,0.756,2.87,2.38,0.87,1.73,1.12,0.94,2.38,1.68,0,0.65,neutral,neutral,0,-1.0,27,3857,1,
s16209,SEIUSDT,1783377900000,train,1,2.54,0.768,2.87,2.61,0.96,1.67,1.25,0.94,2.38,1.68,0,0.87,neutral,alcista,0,-1.0,26,3858,2,
s16210,SEIUSDT,1783378800000,train,1,2.46,0.726,2.75,2.42,0.98,1.62,1.07,1.03,2.31,1.72,0,0.84,neutral,neutral,0,-1.0,25,3859,0,
s16211,SEIUSDT,1783382400000,train,1,2.75,0.578,3.03,2.77,2.39,2.08,1.34,1.49,2.2,1.79,0,0.68,neutral,alcista,0,-1.0,20,3863,2,
s16212,SEIUSDT,1783383300000,train,1,3.19,0.614,3.13,3.07,2.9,2.42,1.72,1.49,2.2,1.79,0,0.77,neutral,alcista,0,-1.0,19,3864,3,
s16213,XPLUSDT,1783384200000,train,1,4.42,0.427,5.26,4.31,1.35,4.02,1.42,0.81,0.95,1.07,0,0.4,neutral,neutral,0,-1.0,17,3865,0,
s16214,SEIUSDT,1783384200000,train,1,2.5,0.465,3.14,2.59,3.03,2.1,1.18,1.49,2.2,1.79,0,0.4,neutral,neutral,0,-1.0,14,3865,0,
s16215,XPLUSDT,1783385100000,train,1,3.72,0.379,4.87,3.83,1.59,3.13,1.23,0.81,0.95,1.07,0,0.59,neutral,neutral,0,-1.0,16,3866,0,
s16216,SEIUSDT,1783385100000,train,1,2.2,0.41,2.89,2.21,2.47,1.6,0.94,1.49,2.2,1.79,0,0.59,neutral,neutral,0,-1.0,10,3866,0,
s16217,WLDUSDT,1783386000000,train,-1,-2.45,0.436,3.92,3.03,2.34,-1.93,1.0,0.64,0.74,0.93,0,-0.53,neutral,neutral,0,0.715,32,3867,1,
s16218,ENAUSDT,1783386000000,train,-1,-2.03,0.367,3.18,2.62,1.08,-1.5,0.96,0.64,0.8,0.91,0,-0.53,neutral,neutral,0,0.725,32,3867,1,
s16219,INJUSDT,1783386000000,train,-1,-2.26,0.541,3.08,2.31,1.65,-1.73,0.65,0.83,1.3,1.28,0,-0.53,neutral,bajista,0,0.441,32,3867,3,
s16220,TIAUSDT,1783386000000,train,-1,-2.16,0.525,4.37,3.47,1.64,-1.64,1.18,0.86,0.89,0.92,0,-0.53,neutral,neutral,0,-0.25,32,3867,1,
s16221,PENDLEUSDT,1783386000000,train,-1,-2.57,0.553,3.1,2.75,0.68,-2.04,0.87,0.68,0.84,0.93,0,-0.53,neutral,neutral,0,0.069,32,3867,1,
s16222,FETUSDT,1783386000000,train,-1,-2.4,0.457,3.04,2.75,0.68,-1.87,0.72,0.95,1.15,1.41,0,-0.53,neutral,neutral,0,0.702,32,3866,1,
s16223,GRTUSDT,1783386000000,testB,-1,-2.09,0.549,2.3,2.24,1.38,-1.56,0.86,0.81,1.21,1.32,0,-0.53,neutral,neutral,0,0.317,32,3866,1,
s16224,SANDUSDT,1783386000000,testB,-1,-2.11,0.5,2.44,2.22,1.37,-1.59,0.68,0.66,0.81,0.95,0,-0.53,neutral,bajista,0,0.568,32,3866,3,
s16225,WLDUSDT,1783386900000,train,-1,-2.32,0.421,3.88,3.14,2.62,-1.9,1.05,0.64,0.74,0.93,0,-0.42,neutral,bajista,0,0.732,32,3868,2,
s16226,ENAUSDT,1783386900000,train,-1,-2.01,0.364,3.19,3.0,1.31,-1.59,1.17,0.64,0.8,0.91,0,-0.42,neutral,bajista,0,0.647,32,3868,2,
s16227,OPUSDT,1783386900000,train,-1,-2.12,0.561,2.73,2.73,1.24,-1.7,1.22,0.67,0.79,0.94,0,-0.42,neutral,bajista,0,0.517,32,3868,4,
s16228,TIAUSDT,1783386900000,train,-1,-2.75,0.591,3.49,3.17,1.92,-2.34,1.56,0.86,0.89,0.92,0,-0.42,neutral,bajista,0,-0.442,32,3868,2,
s16229,PENDLEUSDT,1783386900000,train,-1,-2.73,0.567,3.24,3.03,0.93,-2.31,1.16,0.68,0.84,0.93,0,-0.42,neutral,bajista,0,-0.007,32,3868,2,
s16230,FETUSDT,1783386900000,train,-1,-2.24,0.438,2.76,2.58,0.88,-1.82,0.97,0.95,1.15,1.41,0,-0.42,neutral,bajista,0,0.727,32,3867,2,
s16231,ARUSDT,1783386900000,testB,-1,-2.1,0.573,2.49,2.24,1.04,-1.68,0.97,0.84,0.9,1.04,0,-0.42,neutral,bajista,0,0.311,32,3867,2,
s16232,LDOUSDT,1783386900000,testB,-1,-2.1,0.462,2.57,2.36,1.45,-1.68,0.77,0.92,1.71,1.49,0,-0.42,neutral,bajista,0,-1.0,24,3867,2,
s16233,WLDUSDT,1783387800000,train,-1,-2.1,0.367,3.86,2.76,0.87,-1.67,0.59,0.64,0.74,0.93,0,-0.42,neutral,neutral,0,1.134,32,3869,0,
s16234,TIAUSDT,1783387800000,train,-1,-2.47,0.511,3.48,2.93,2.75,-2.05,1.18,0.86,0.89,0.92,0,-0.42,neutral,neutral,0,-0.685,32,3869,0,
s16235,PENDLEUSDT,1783387800000,train,-1,-2.26,0.496,2.91,2.59,1.02,-1.84,0.92,0.68,0.84,0.93,0,-0.42,neutral,neutral,0,-0.067,32,3869,0,
s16236,WLDUSDT,1783388700000,train,-1,-2.57,0.471,3.87,2.88,0.64,-1.54,0.84,0.64,0.74,0.93,0,-1.03,neutral,neutral,0,1.009,32,3870,1,
s16237,ENAUSDT,1783388700000,train,-1,-2.29,0.44,3.17,2.52,1.0,-1.26,0.73,0.64,0.8,0.91,0,-1.03,neutral,neutral,0,0.862,32,3870,0,
s16238,OPUSDT,1783388700000,train,-1,-2.12,0.535,2.63,2.26,1.34,-1.09,0.96,0.67,0.79,0.94,0,-1.03,neutral,neutral,0,0.708,32,3870,0,
s16239,SUIUSDT,1783388700000,train,-1,-2.06,0.588,2.44,2.12,1.41,-1.04,0.85,0.9,1.07,1.12,0,-1.03,neutral,neutral,0,0.342,32,3870,0,
s16240,TIAUSDT,1783388700000,train,-1,-2.52,0.527,3.43,2.77,2.88,-1.49,1.14,0.86,0.89,0.92,0,-1.03,neutral,neutral,0,-0.6,32,3870,0,
s16241,PENDLEUSDT,1783388700000,train,-1,-2.5,0.545,2.92,2.74,1.08,-1.47,1.14,0.68,0.84,0.93,0,-1.03,neutral,neutral,0,-0.729,32,3870,1,
s16242,FETUSDT,1783388700000,train,-1,-2.52,0.564,2.94,2.76,0.97,-1.5,1.15,0.95,1.15,1.41,0,-1.03,neutral,neutral,0,0.617,32,3869,1,
s16243,WLDUSDT,1783389600000,train,-1,-2.62,0.476,3.8,3.01,0.52,-1.77,0.9,0.69,0.7,0.92,0,-0.85,neutral,bajista,0,0.836,32,3871,2,
s16244,ENAUSDT,1783389600000,train,-1,-2.3,0.441,3.0,2.51,0.58,-1.45,0.76,0.67,0.78,0.92,0,-0.85,neutral,neutral,0,0.667,32,3871,1,
s16245,TIAUSDT,1783389600000,train,-1,-2.37,0.511,3.27,2.69,0.67,-1.52,1.11,0.87,0.89,0.92,0,-0.85,neutral,neutral,0,-0.696,32,3871,1,
s16246,PENDLEUSDT,1783389600000,train,-1,-2.25,0.516,2.5,2.31,0.87,-1.4,1.0,0.69,0.8,0.93,0,-0.85,neutral,neutral,0,-1.0,31,3871,0,
s16247,FETUSDT,1783389600000,train,-1,-2.3,0.541,2.65,2.53,0.64,-1.45,1.02,1.01,1.1,1.43,0,-0.85,neutral,bajista,0,0.628,32,3870,2,
s16248,0GUSDT,1783390500000,train,-1,-2.19,0.59,3.55,2.67,3.49,-1.17,1.58,0.91,0.77,0.79,0,-1.01,neutral,bajista,0,-0.073,32,3872,3,
s16249,WLDUSDT,1783390500000,train,-1,-2.83,0.494,3.28,2.93,0.84,-1.81,1.5,0.69,0.7,0.92,0,-1.01,neutral,bajista,0,0.678,32,3872,3,
s16250,ENAUSDT,1783390500000,train,-1,-2.04,0.41,2.2,2.08,0.73,-1.02,1.04,0.67,0.78,0.92,0,-1.01,neutral,bajista,0,0.702,32,3872,2,
s16251,ARBUSDT,1783390500000,train,-1,-2.1,0.541,2.17,2.15,0.85,-1.09,1.24,0.89,1.01,1.03,0,-1.01,neutral,bajista,0,0.088,32,3872,3,
s16252,INJUSDT,1783390500000,train,-1,-2.01,0.57,2.12,2.08,0.8,-1.0,1.22,0.84,1.27,1.29,0,-1.01,neutral,bajista,0,0.04,32,3872,2,
s16253,SUIUSDT,1783390500000,train,-1,-2.55,0.637,3.12,2.82,2.42,-1.54,1.6,1.18,1.13,1.18,0,-1.01,neutral,bajista,0,-0.274,32,3872,2,
s16254,TIAUSDT,1783390500000,train,-1,-2.51,0.524,3.02,2.83,0.6,-1.49,1.35,0.87,0.89,0.92,0,-1.01,neutral,bajista,0,-0.794,32,3872,2,
s16255,PENDLEUSDT,1783390500000,train,-1,-2.32,0.523,2.44,2.42,0.8,-1.31,1.28,0.69,0.8,0.93,0,-1.01,neutral,neutral,0,-1.0,30,3872,1,
s16256,FETUSDT,1783390500000,train,-1,-2.43,0.553,2.55,2.55,0.88,-1.41,1.55,1.01,1.1,1.43,0,-1.01,neutral,bajista,0,0.372,32,3871,3,
s16257,STXUSDT,1783390500000,testB,-1,-2.15,0.552,2.56,2.44,2.23,-1.14,1.46,1.05,1.23,1.31,0,-1.01,neutral,bajista,0,0.317,32,3871,3,
s16258,GRTUSDT,1783390500000,testB,-1,-2.05,0.576,2.04,2.04,1.28,-1.04,1.11,0.74,1.18,1.3,0,-1.01,neutral,bajista,0,0.243,32,3871,2,
s16259,0GUSDT,1783391400000,train,-1,-2.19,0.59,3.55,2.62,3.99,-1.22,1.39,0.91,0.77,0.79,0,-0.96,neutral,neutral,0,0.13,32,3873,0,
s16260,WLDUSDT,1783391400000,train,-1,-2.31,0.434,3.23,2.68,0.86,-1.34,1.36,0.69,0.7,0.92,0,-0.96,neutral,neutral,0,0.907,32,3873,0,
s16261,ENAUSDT,1783391400000,train,-1,-2.04,0.41,2.54,2.41,0.92,-1.08,1.35,0.67,0.78,0.92,0,-0.96,neutral,bajista,0,0.548,32,3873,3,
s16262,SUIUSDT,1783391400000,train,-1,-2.61,0.654,3.26,2.84,2.64,-1.64,1.59,1.18,1.13,1.18,0,-0.96,neutral,neutral,0,-0.167,32,3873,0,
s16263,TIAUSDT,1783391400000,train,-1,-2.38,0.495,3.36,2.75,0.59,-1.41,1.17,0.87,0.89,0.92,0,-0.96,neutral,neutral,0,-0.606,32,3873,0,
s16264,PENDLEUSDT,1783391400000,train,-1,-2.07,0.494,2.78,2.22,0.9,-1.11,1.24,0.69,0.8,0.93,0,-0.96,neutral,bajista,0,-1.0,29,3873,2,
s16265,FETUSDT,1783391400000,train,-1,-2.37,0.547,2.9,2.55,0.96,-1.41,1.48,1.01,1.1,1.43,0,-0.96,neutral,neutral,0,0.395,32,3872,0,
s16266,0GUSDT,1783392300000,train,-1,-2.37,0.641,3.55,2.72,4.37,-0.93,1.3,0.91,0.77,0.79,0,-1.45,neutral,neutral,0,0.107,32,3874,1,
s16267,WLDUSDT,1783392300000,train,-1,-2.65,0.468,3.25,3.15,0.89,-1.2,1.62,0.69,0.7,0.92,0,-1.45,neutral,neutral,0,0.706,32,3874,1,
s16268,ENAUSDT,1783392300000,train,-1,-2.31,0.448,2.73,2.63,1.07,-0.86,1.4,0.67,0.78,0.92,0,-1.45,neutral,bajista,0,0.5,32,3874,4,
s16269,ARBUSDT,1783392300000,train,-1,-2.1,0.54,2.6,2.48,1.04,-0.66,1.46,0.89,1.01,1.03,0,-1.45,neutral,bajista,0,0.092,32,3874,5,
s16270,SUIUSDT,1783392300000,train,-1,-2.71,0.663,3.12,2.86,3.06,-1.27,1.53,1.18,1.13,1.18,0,-1.45,neutral,neutral,0,-0.176,32,3874,1,
s16271,TIAUSDT,1783392300000,train,-1,-2.58,0.526,3.34,2.89,0.69,-1.14,1.17,0.87,0.89,0.92,0,-1.45,neutral,neutral,0,-1.0,29,3874,1,
s16272,PENDLEUSDT,1783392300000,train,-1,-2.25,0.515,2.78,2.45,0.94,-0.81,1.3,0.69,0.8,0.93,0,-1.45,neutral,bajista,0,-1.0,28,3874,3,
s16273,FETUSDT,1783392300000,train,-1,-2.43,0.553,3.03,2.79,1.09,-0.99,1.51,1.01,1.1,1.43,0,-1.45,neutral,neutral,0,0.319,32,3873,1,
s16274,STXUSDT,1783392300000,testB,-1,-2.39,0.532,2.98,2.74,1.87,-0.94,1.5,1.05,1.23,1.31,0,-1.45,neutral,neutral,0,0.217,32,3873,1,
s16275,GRTUSDT,1783392300000,testB,-1,-2.27,0.583,2.43,2.38,0.93,-0.83,1.38,0.74,1.18,1.3,0,-1.45,neutral,neutral,0,-0.0,32,3873,1,
s16276,0GUSDT,1783393200000,train,-1,-2.51,0.707,3.55,2.67,0.95,-1.02,1.13,0.91,0.75,0.74,1,-1.49,neutral,neutral,0,0.345,32,3875,0,
s16277,WLDUSDT,1783393200000,train,-1,-2.82,0.483,3.68,3.15,1.26,-1.33,1.64,0.66,0.65,0.9,0,-1.49,neutral,bajista,0,0.762,32,3875,2,
s16278,ENAUSDT,1783393200000,train,-1,-2.8,0.535,2.91,2.89,1.17,-1.31,1.45,0.58,0.75,0.91,0,-1.49,neutral,bajista,0,0.387,32,3875,5,
s16279,ARBUSDT,1783393200000,train,-1,-2.45,0.61,2.72,2.69,1.26,-0.96,1.49,0.73,0.94,1.03,0,-1.49,neutral,bajista,0,0.005,32,3875,6,
s16280,OPUSDT,1783393200000,train,-1,-2.31,0.532,2.65,2.56,1.32,-0.83,1.12,0.54,0.68,0.95,0,-1.49,neutral,bajista,0,0.333,32,3875,2,
s16281,SUIUSDT,1783393200000,train,-1,-2.47,0.633,2.88,2.6,3.2,-0.98,1.33,0.91,1.04,1.19,0,-1.49,neutral,neutral,0,-0.094,32,3875,0,
s16282,TIAUSDT,1783393200000,train,-1,-2.74,0.541,3.06,2.9,0.88,-1.25,1.29,0.73,0.83,0.92,0,-1.49,neutral,bajista,0,-1.0,16,3875,2,
s16283,PENDLEUSDT,1783393200000,train,-1,-2.55,0.545,2.88,2.8,1.1,-1.06,1.5,0.65,0.69,0.94,0,-1.49,neutral,bajista,0,-1.0,27,3875,4,
s16284,FETUSDT,1783393200000,train,-1,-2.38,0.547,2.97,2.68,1.35,-0.89,1.39,0.89,1.04,1.36,0,-1.49,neutral,bajista,0,0.289,32,3874,2,
s16285,STXUSDT,1783393200000,testB,-1,-2.73,0.58,3.05,2.99,1.22,-1.25,1.59,0.93,1.16,1.32,0,-1.49,neutral,bajista,0,0.24,32,3874,2,
s16286,GRTUSDT,1783393200000,testB,-1,-2.22,0.577,2.44,2.33,1.24,-0.73,1.29,0.73,1.17,1.21,0,-1.49,neutral,bajista,0,-0.0,32,3874,2,
s16287,XPLUSDT,1783394100000,train,-1,-3.0,0.378,4.69,4.53,0.91,-1.73,1.91,0.7,0.78,1.02,0,-1.27,neutral,bajista,0,0.109,32,3876,6,
s16288,0GUSDT,1783394100000,train,-1,-2.75,0.744,3.55,2.87,0.87,-1.48,1.2,0.91,0.75,0.74,1,-1.27,neutral,neutral,0,0.051,32,3876,1,
s16289,WLDUSDT,1783394100000,train,-1,-2.71,0.472,3.69,3.31,0.9,-1.44,1.55,0.66,0.65,0.9,0,-1.27,neutral,bajista,0,0.553,32,3876,3,
s16290,ENAUSDT,1783394100000,train,-1,-2.63,0.519,3.16,3.11,1.23,-1.36,1.47,0.58,0.75,0.91,0,-1.27,neutral,bajista,0,0.176,32,3876,6,
s16291,ARBUSDT,1783394100000,train,-1,-2.65,0.628,3.0,2.99,1.07,-1.38,1.57,0.73,0.94,1.03,0,-1.27,neutral,bajista,0,-0.107,32,3876,7,
s16292,OPUSDT,1783394100000,train,-1,-2.41,0.542,2.66,2.57,1.12,-1.14,1.35,0.54,0.68,0.95,0,-1.27,neutral,bajista,0,0.296,32,3876,3,
s16293,SUIUSDT,1783394100000,train,-1,-2.28,0.613,3.01,2.85,1.45,-1.01,1.43,0.91,1.04,1.19,0,-1.27,neutral,neutral,0,-0.244,32,3876,1,
s16294,TIAUSDT,1783394100000,train,-1,-2.77,0.543,3.01,2.96,0.86,-1.5,1.35,0.73,0.83,0.92,0,-1.27,neutral,bajista,0,-1.0,15,3876,3,
s16295,PENDLEUSDT,1783394100000,train,-1,-2.34,0.523,3.17,3.12,1.05,-1.08,1.59,0.65,0.69,0.94,0,-1.27,neutral,bajista,0,-1.0,26,3876,5,
s16296,FETUSDT,1783394100000,train,-1,-2.27,0.534,2.98,2.8,1.19,-1.0,1.36,0.89,1.04,1.36,0,-1.27,neutral,bajista,0,0.191,32,3875,3,
s16297,STXUSDT,1783394100000,testB,-1,-2.51,0.558,3.23,3.11,1.0,-1.24,1.54,0.93,1.16,1.32,0,-1.27,neutral,bajista,0,0.192,32,3875,3,
s16298,GRTUSDT,1783394100000,testB,-1,-2.11,0.565,2.44,2.33,1.15,-0.85,1.13,0.73,1.17,1.21,0,-1.27,neutral,neutral,0,0.048,32,3875,0,
s16299,0GUSDT,1783395000000,train,-1,-2.52,0.726,3.36,2.68,0.48,-1.17,1.1,0.91,0.75,0.74,1,-1.34,neutral,bajista,0,0.055,32,3877,2,
s16300,WLDUSDT,1783395000000,train,-1,-2.25,0.393,3.68,3.08,0.81,-0.91,1.19,0.66,0.65,0.9,0,-1.34,neutral,neutral,0,0.634,32,3877,0,
s16301,ENAUSDT,1783395000000,train,-1,-2.83,0.576,3.07,2.91,1.11,-1.49,1.36,0.58,0.75,0.91,0,-1.34,neutral,bajista,0,0.076,32,3877,7,
s16302,ARBUSDT,1783395000000,train,-1,-2.62,0.625,3.24,3.13,1.16,-1.27,1.53,0.73,0.94,1.03,0,-1.34,neutral,bajista,0,-0.196,32,3877,8,
s16303,SUIUSDT,1783395000000,train,-1,-2.03,0.551,3.01,2.74,1.0,-0.68,1.19,0.91,1.04,1.19,0,-1.34,neutral,neutral,0,-0.234,32,3877,0,
s16304,TIAUSDT,1783395000000,train,-1,-2.26,0.465,2.93,2.74,0.67,-0.92,1.11,0.73,0.83,0.92,0,-1.34,neutral,neutral,0,-1.0,14,3877,0,
s16305,PENDLEUSDT,1783395000000,train,-1,-2.41,0.531,3.36,3.18,0.83,-1.06,1.49,0.65,0.69,0.94,0,-1.34,neutral,bajista,0,-1.0,25,3877,6,
s16306,FETUSDT,1783395000000,train,-1,-2.22,0.528,3.22,3.04,1.19,-0.87,1.42,0.89,1.04,1.36,0,-1.34,neutral,bajista,0,0.098,32,3876,4,
s16307,STXUSDT,1783395000000,testB,-1,-2.4,0.547,3.3,3.18,1.02,-1.05,1.45,0.93,1.16,1.32,0,-1.34,neutral,bajista,0,0.17,32,3876,4,
s16308,GRTUSDT,1783395000000,testB,-1,-2.12,0.565,2.38,2.27,1.07,-0.77,1.13,0.73,1.17,1.21,0,-1.34,neutral,neutral,0,-0.122,32,3876,1,
s16309,0GUSDT,1783395900000,train,-1,-2.42,0.718,3.36,2.73,0.49,-1.08,1.07,0.91,0.75,0.74,1,-1.34,neutral,bajista,0,-0.0,32,3878,3,
s16310,WLDUSDT,1783395900000,train,-1,-2.46,0.449,3.68,3.08,0.8,-1.12,1.07,0.66,0.65,0.9,0,-1.34,neutral,neutral,0,0.504,32,3878,0,
s16311,ENAUSDT,1783395900000,train,-1,-2.46,0.541,3.02,2.73,1.04,-1.12,1.32,0.58,0.75,0.91,0,-1.34,neutral,bajista,0,-0.086,32,3878,8,
s16312,ARBUSDT,1783395900000,train,-1,-2.59,0.623,3.34,3.13,1.0,-1.25,1.4,0.73,0.94,1.03,0,-1.34,neutral,neutral,0,-0.359,32,3878,0,
s16313,PENDLEUSDT,1783395900000,train,-1,-2.23,0.512,3.44,3.24,0.75,-0.89,1.45,0.65,0.69,0.94,0,-1.34,neutral,bajista,0,-1.0,24,3878,7,
s16314,FETUSDT,1783395900000,train,-1,-2.57,0.579,3.41,3.35,1.24,-1.22,1.53,0.89,1.04,1.36,0,-1.34,neutral,bajista,0,-0.143,32,3877,5,
s16315,STXUSDT,1783395900000,testB,-1,-2.51,0.589,3.42,3.18,1.02,-1.17,1.32,0.93,1.16,1.32,0,-1.34,neutral,neutral,0,0.038,32,3877,0,
s16316,GRTUSDT,1783395900000,testB,-1,-2.06,0.559,2.33,2.22,0.85,-0.72,1.0,0.73,1.17,1.21,0,-1.34,neutral,neutral,0,-0.175,32,3877,0,
s16317,SANDUSDT,1783395900000,testB,-1,-2.05,0.528,2.68,2.45,1.81,-0.71,1.21,0.62,0.74,0.93,0,-1.34,neutral,bajista,0,-0.347,32,3877,8,
s16318,0GUSDT,1783396800000,train,-1,-2.33,0.71,3.36,2.78,0.51,-1.01,1.02,0.96,0.73,0.74,0,-1.32,neutral,bajista,0,-0.14,32,3879,4,
s16319,WLDUSDT,1783396800000,train,-1,-2.47,0.449,3.69,3.36,0.38,-1.15,1.18,0.69,0.58,0.89,0,-1.32,neutral,neutral,0,0.246,32,3879,1,
s16320,ARBUSDT,1783396800000,train,-1,-2.45,0.609,3.37,3.27,0.87,-1.13,1.37,0.81,0.88,1.07,0,-1.32,neutral,neutral,0,-0.529,32,3879,1,
s16321,SUIUSDT,1783396800000,train,-1,-2.03,0.551,3.01,2.67,0.64,-0.71,0.83,0.91,0.92,1.19,0,-1.32,neutral,neutral,0,-0.5,32,3879,1,
s16322,PENDLEUSDT,1783396800000,train,-1,-2.3,0.52,3.53,3.41,0.79,-0.98,1.38,0.63,0.61,0.94,0,-1.32,neutral,bajista,0,-1.0,23,3879,8,
s16323,FETUSDT,1783396800000,train,-1,-2.45,0.538,3.53,3.23,1.08,-1.13,1.25,0.92,0.96,1.35,0,-1.32,neutral,neutral,0,-0.222,32,3878,0,
s16324,STXUSDT,1783396800000,testB,-1,-2.45,0.568,3.41,3.11,0.92,-1.13,1.1,0.93,0.94,1.31,0,-1.32,neutral,neutral,0,-0.135,32,3878,0,
s16325,APEUSDT,1783396800000,testB,-1,-2.96,0.651,4.69,3.73,2.7,-1.65,1.71,0.75,0.78,1.1,0,-1.32,neutral,neutral,0,-1.0,32,3878,1,
s16326,XPLUSDT,1783397700000,train,-1,-3.34,0.524,4.88,3.97,0.65,-1.8,0.79,0.68,0.71,0.99,0,-1.54,neutral,neutral,0,-0.187,32,3880,0,
s16327,0GUSDT,1783397700000,train,-1,-2.52,0.815,3.31,2.63,0.49,-0.97,0.8,0.96,0.73,0.74,0,-1.54,neutral,neutral,0,-0.056,32,3880,0,
s16328,WLDUSDT,1783397700000,train,-1,-2.92,0.561,3.72,3.21,0.51,-1.38,1.12,0.69,0.58,0.89,0,-1.54,neutral,bajista,0,0.289,32,3880,2,
s16329,ENAUSDT,1783397700000,train,-1,-2.21,0.582,3.02,2.61,0.78,-0.67,0.95,0.55,0.63,0.91,0,-1.54,neutral,neutral,0,-0.295,32,3880,0,
s16330,ARBUSDT,1783397700000,train,-1,-2.8,0.768,3.39,3.07,0.95,-1.26,1.13,0.81,0.88,1.07,0,-1.54,neutral,neutral,0,-0.479,32,3880,0,
s16331,OPUSDT,1783397700000,train,-1,-2.23,0.6,2.85,2.47,0.82,-0.69,0.86,0.52,0.62,0.96,0,-1.54,neutral,neutral,0,-0.154,32,3880,1,
s16332,SUIUSDT,1783397700000,train,-1,-2.43,0.747,2.93,2.57,0.58,-0.89,0.72,0.91,0.92,1.19,0,-1.54,neutral,neutral,0,-0.45,32,3880,0,
s16333,TIAUSDT,1783397700000,train,-1,-2.16,0.516,2.92,2.42,1.37,-0.62,0.52,0.87,0.84,0.96,0,-1.54,neutral,neutral,0,-1.0,11,3880,0,
s16334,SEIUSDT,1783397700000,train,-1,-2.58,0.494,3.23,2.77,0.41,-1.04,0.46,1.45,1.21,1.87,0,-1.54,neutral,neutral,0,0.022,32,3880,1,
s16335,PENDLEUSDT,1783397700000,train,-1,-3.13,0.86,3.65,3.37,0.88,-1.59,1.29,0.63,0.61,0.94,0,-1.54,neutral,bajista,0,-1.0,22,3880,8,
s16336,ONDOUSDT,1783397700000,train,-1,-2.35,0.497,2.83,2.5,0.52,-0.81,0.71,0.81,0.74,1.13,0,-1.54,neutral,neutral,0,-0.683,32,3879,0,
s16337,FETUSDT,1783397700000,train,-1,-3.02,0.722,3.59,3.35,1.16,-1.48,1.2,0.92,0.96,1.35,0,-1.54,neutral,neutral,0,-0.161,32,3879,1,
s16338,STXUSDT,1783397700000,testB,-1,-3.03,0.743,3.66,3.3,0.98,-1.48,1.13,0.93,0.94,1.31,0,-1.54,neutral,neutral,0,-0.164,32,3879,1,
s16339,APEUSDT,1783397700000,testB,-1,-3.38,0.825,4.69,3.73,2.67,-1.84,1.56,0.75,0.78,1.1,0,-1.54,neutral,neutral,0,-1.0,31,3879,0,
s16340,XPLUSDT,1783398600000,train,-1,-3.02,0.498,4.64,3.85,0.61,-1.56,0.79,0.68,0.71,0.99,0,-1.46,neutral,neutral,0,-0.188,32,3881,1,
s16341,0GUSDT,1783398600000,train,-1,-2.71,0.826,3.13,2.89,0.6,-1.25,1.1,0.96,0.73,0.74,0,-1.46,neutral,neutral,0,-0.169,32,3881,1,
s16342,ENAUSDT,1783398600000,train,-1,-2.06,0.565,3.02,2.83,0.67,-0.6,0.99,0.55,0.63,0.91,0,-1.46,neutral,neutral,0,-0.375,32,3881,1,
s16343,ARBUSDT,1783398600000,train,-1,-2.64,0.757,3.35,3.04,1.75,-1.18,1.03,0.81,0.88,1.07,0,-1.46,neutral,neutral,0,-0.395,32,3881,1,
s16344,OPUSDT,1783398600000,train,-1,-2.14,0.59,2.66,2.38,0.78,-0.68,0.83,0.52,0.62,0.96,0,-1.46,neutral,bajista,0,-0.04,32,3881,2,
s16345,SUIUSDT,1783398600000,train,-1,-2.36,0.741,2.8,2.73,0.58,-0.89,0.91,0.91,0.92,1.19,0,-1.46,neutral,neutral,0,-0.48,32,3881,1,
s16346,SEIUSDT,1783398600000,train,-1,-2.24,0.458,3.03,2.65,0.47,-0.78,0.49,1.45,1.21,1.87,0,-1.46,neutral,bajista,0,0.218,32,3881,2,
s16347,PENDLEUSDT,1783398600000,train,-1,-3.23,0.863,3.7,3.7,0.89,-1.77,1.54,0.63,0.61,0.94,0,-1.46,neutral,bajista,0,-1.0,21,3881,8,
s16348,ONDOUSDT,1783398600000,train,-1,-2.12,0.47,2.83,2.65,0.53,-0.65,0.77,0.81,0.74,1.13,0,-1.46,neutral,neutral,0,-0.747,32,3880,1,
s16349,FETUSDT,1783398600000,train,-1,-2.63,0.692,3.36,3.24,1.17,-1.16,1.2,0.92,0.96,1.35,0,-1.46,neutral,bajista,0,-0.13,32,3880,2,
s16350,STXUSDT,1783398600000,testB,-1,-2.98,0.739,3.61,3.49,0.78,-1.51,1.25,0.93,0.94,1.31,0,-1.46,neutral,bajista,0,-0.103,32,3880,2,
s16351,APEUSDT,1783398600000,testB,-1,-3.67,0.836,4.63,3.96,2.61,-2.21,1.71,0.75,0.78,1.1,0,-1.46,neutral,neutral,0,-1.0,30,3880,1,
s16352,XPLUSDT,1783399500000,train,-1,-3.91,0.562,4.55,4.11,0.88,-2.19,1.64,0.68,0.71,0.99,0,-1.72,neutral,bajista,0,-0.513,32,3882,2,
s16353,PUMPUSDT,1783399500000,train,-1,-2.25,0.398,3.48,2.92,1.0,-0.52,0.87,0.48,0.57,0.89,0,-1.72,neutral,neutral,0,-1.0,7,3882,0,
s16354,0GUSDT,1783399500000,train,-1,-2.2,0.742,2.59,2.25,0.52,-0.47,0.89,0.96,0.73,0.74,0,-1.72,neutral,neutral,0,-0.152,32,3882,0,
s16355,WLDUSDT,1783399500000,train,-1,-2.04,0.542,2.84,2.44,0.84,-0.32,0.99,0.69,0.58,0.89,0,-1.72,neutral,neutral,0,0.639,32,3882,0,
s16356,ENAUSDT,1783399500000,train,-1,-2.07,0.57,2.6,2.19,0.6,-0.35,0.64,0.55,0.63,0.91,0,-1.72,neutral,neutral,0,-0.274,32,3882,0,
s16357,ARBUSDT,1783399500000,train,-1,-2.55,0.714,3.2,2.65,1.74,-0.83,0.68,0.81,0.88,1.07,0,-1.72,neutral,neutral,0,-0.192,32,3882,0,
s16358,SUIUSDT,1783399500000,train,-1,-2.34,0.733,2.66,2.4,0.52,-0.62,0.7,0.91,0.92,1.19,0,-1.72,neutral,neutral,0,-0.403,32,3882,0,
s16359,PENDLEUSDT,1783399500000,train,-1,-3.06,0.784,3.5,3.15,0.95,-1.33,1.09,0.63,0.61,0.94,0,-1.72,neutral,neutral,0,-1.0,20,3882,0,
s16360,ONDOUSDT,1783399500000,train,-1,-2.17,0.49,2.59,2.22,0.5,-0.45,0.54,0.81,0.74,1.13,0,-1.72,neutral,neutral,0,-0.603,32,3881,0,
s16361,FETUSDT,1783399500000,train,-1,-2.79,0.774,3.29,2.99,1.01,-1.07,0.93,0.92,0.96,1.35,0,-1.72,neutral,neutral,0,-0.02,32,3881,0,
s16362,STXUSDT,1783399500000,testB,-1,-2.97,0.739,3.48,3.12,0.57,-1.24,0.92,0.93,0.94,1.31,0,-1.72,neutral,neutral,0,0.019,32,3881,0,
s16363,APEUSDT,1783399500000,testB,-1,-2.96,0.672,4.17,3.13,3.01,-1.24,1.25,0.75,0.78,1.1,0,-1.72,neutral,neutral,0,-1.0,28,3881,0,
s16364,XPLUSDT,1783400400000,train,-1,-4.06,0.569,4.84,4.61,0.97,-2.25,2.32,0.71,0.71,0.98,0,-1.81,neutral,bajista,0,-0.39,32,3883,3,
s16365,PUMPUSDT,1783400400000,train,-1,-2.86,0.456,3.95,3.88,1.11,-1.05,1.74,0.48,0.56,0.86,0,-1.81,neutral,neutral,0,-1.0,6,3883,1,
s16366,STBLUSDT,1783400400000,train,-1,-2.1,0.548,2.48,2.31,0.96,-0.29,1.47,0.67,0.5,0.72,0,-1.81,neutral,neutral,0,-1.0,25,3883,1,
s16367,WLDUSDT,1783400400000,train,-1,-3.06,0.639,3.81,3.64,1.54,-1.24,1.99,0.79,0.62,0.87,0,-1.81,neutral,neutral,0,0.287,32,3883,1,
s16368,ENAUSDT,1783400400000,train,-1,-2.57,0.621,3.16,3.13,0.93,-0.76,1.61,0.68,0.67,0.91,0,-1.81,neutral,neutral,0,-0.325,32,3883,1,
s16369,ARBUSDT,1783400400000,train,-1,-2.82,0.733,3.13,2.99,2.35,-1.0,1.51,0.98,0.94,1.1,0,-1.81,neutral,neutral,0,-0.47,32,3883,1,
s16370,SUIUSDT,1783400400000,train,-1,-2.43,0.74,2.66,2.56,0.58,-0.62,1.24,0.93,0.91,1.15,0,-1.81,neutral,neutral,0,-0.519,32,3883,1,
s16371,JUPUSDT,1783400400000,train,-1,-2.64,0.521,2.92,2.88,1.92,-0.82,1.56,0.61,0.56,0.94,0,-1.81,neutral,neutral,0,-1.0,8,3883,1,
s16372,PENDLEUSDT,1783400400000,train,-1,-3.23,0.792,3.67,3.67,1.07,-1.42,1.87,0.58,0.61,0.92,0,-1.81,neutral,neutral,0,-1.0,18,3883,1,
s16373,ONDOUSDT,1783400400000,train,-1,-2.45,0.519,2.78,2.66,0.63,-0.63,1.09,0.86,0.74,1.12,0,-1.81,neutral,neutral,0,-0.701,32,3882,1,
s16374,FETUSDT,1783400400000,train,-1,-2.81,0.774,3.07,3.01,1.01,-0.99,1.39,0.93,0.92,1.33,0,-1.81,neutral,neutral,0,-0.08,32,3882,1,
s16375,STXUSDT,1783400400000,testB,-1,-3.04,0.743,3.26,3.2,0.75,-1.23,1.48,1.22,1.05,1.35,0,-1.81,neutral,neutral,0,-0.075,32,3882,1,
s16376,APEUSDT,1783400400000,testB,-1,-2.91,0.667,3.52,3.15,0.68,-1.1,1.79,0.79,0.73,1.07,0,-1.81,neutral,neutral,0,-1.0,24,3882,1,
s16377,XPLUSDT,1783401300000,train,-1,-2.6,0.352,4.79,3.7,1.58,-1.02,1.26,0.71,0.71,0.98,0,-1.58,neutral,neutral,0,0.17,32,3884,0,
s16378,WLDUSDT,1783401300000,train,-1,-2.91,0.628,4.07,3.64,1.72,-1.33,1.59,0.79,0.62,0.87,0,-1.58,neutral,neutral,0,0.483,32,3884,0,
s16379,ENAUSDT,1783401300000,train,-1,-2.48,0.611,4.09,3.4,2.09,-0.9,1.64,0.68,0.67,0.91,0,-1.58,neutral,bajista,0,-0.171,32,3884,2,
s16380,ARBUSDT,1783401300000,train,-1,-2.2,0.593,3.02,2.63,2.85,-0.62,1.13,0.98,0.94,1.1,0,-1.58,neutral,neutral,0,-0.273,32,3884,0,
s16381,JUPUSDT,1783401300000,train,-1,-2.02,0.429,3.74,2.62,2.69,-0.44,1.28,0.61,0.56,0.94,0,-1.58,neutral,neutral,0,-1.0,7,3884,0,
s16382,PENDLEUSDT,1783401300000,train,-1,-2.41,0.572,3.23,2.74,0.96,-0.83,1.21,0.58,0.61,0.92,0,-1.58,neutral,neutral,0,-1.0,16,3884,0,
s16383,FETUSDT,1783401300000,train,-1,-2.11,0.581,3.0,2.52,1.03,-0.53,0.86,0.93,0.92,1.33,0,-1.58,neutral,neutral,0,0.238,32,3883,0,
s16384,STXUSDT,1783401300000,testB,-1,-2.36,0.667,2.78,2.6,0.93,-0.77,1.25,1.22,1.05,1.35,0,-1.58,neutral,neutral,0,0.116,32,3883,0,
s16385,APEUSDT,1783401300000,testB,-1,-2.27,0.564,3.37,2.84,0.66,-0.68,1.49,0.79,0.73,1.07,0,-1.58,neutral,neutral,0,-1.0,19,3883,0,
s16386,WLDUSDT,1783402200000,train,-1,-2.36,0.457,4.03,2.67,1.7,-1.12,0.67,0.79,0.62,0.87,0,-1.24,neutral,neutral,0,0.896,32,3885,0,
s16387,ENAUSDT,1783402200000,train,-1,-2.16,0.497,4.06,2.67,2.29,-0.92,0.88,0.68,0.67,0.91,0,-1.24,neutral,neutral,0,-0.039,32,3885,0,
s16388,APEUSDT,1783402200000,testB,-1,-2.12,0.509,3.36,2.46,0.67,-0.88,0.97,0.79,0.73,1.07,0,-1.24,neutral,neutral,0,-1.0,18,3884,0,
s16389,XPLUSDT,1783403100000,train,-1,-2.61,0.352,4.73,3.05,1.34,-1.47,0.47,0.71,0.71,0.98,0,-1.13,neutral,neutral,0,0.673,32,3886,1,
s16390,PUMPUSDT,1783403100000,train,-1,-2.72,0.437,3.98,3.05,0.86,-1.59,0.71,0.48,0.56,0.86,0,-1.13,neutral,neutral,0,-1.0,3,3886,1,
s16391,ENAUSDT,1783403100000,train,-1,-2.04,0.458,3.8,2.22,2.4,-0.91,0.54,0.68,0.67,0.91,0,-1.13,neutral,neutral,0,0.325,32,3886,0,
s16392,APEUSDT,1783403100000,testB,-1,-2.04,0.483,3.35,2.38,0.72,-0.91,0.71,0.79,0.73,1.07,0,-1.13,neutral,neutral,0,-1.0,17,3885,0,
s16393,PUMPUSDT,1783404000000,train,-1,-2.73,0.437,3.68,2.99,0.73,-1.5,0.82,0.72,0.68,0.86,0,-1.23,neutral,bajista,0,-1.0,2,3887,2,
s16394,WLDUSDT,1783404000000,train,-1,-2.05,0.382,3.6,2.24,1.11,-0.82,0.54,0.65,0.64,0.86,0,-1.23,neutral,neutral,0,1.528,32,3887,1,
s16395,ENAUSDT,1783404000000,train,-1,-2.15,0.47,3.81,2.5,1.84,-0.92,0.69,0.69,0.69,0.91,0,-1.23,neutral,neutral,0,0.342,32,3887,1,
s16396,APEUSDT,1783404000000,testB,-1,-2.48,0.567,3.21,2.54,0.52,-1.25,0.84,0.82,0.74,1.08,0,-1.23,neutral,neutral,0,-1.0,16,3886,1,
s16397,TIAUSDT,1783407600000,train,1,2.42,0.44,3.56,2.96,0.97,2.32,1.67,0.73,0.8,0.89,0,0.1,neutral,alcista,0,0.553,32,3891,4,
s16398,PUMPUSDT,1783408500000,train,1,4.02,0.43,5.54,5.12,4.24,4.1,2.91,0.98,0.82,0.87,0,-0.07,neutral,neutral,0,-0.547,32,3892,1,
s16399,LDOUSDT,1783408500000,testB,1,2.58,0.545,4.83,4.34,1.0,2.66,1.63,1.29,1.12,1.68,0,-0.07,neutral,alcista,0,1.048,32,3891,8,
s16400,PUMPUSDT,1783409400000,train,1,3.2,0.356,5.55,4.89,2.48,3.3,2.48,0.98,0.82,0.87,0,-0.1,neutral,neutral,0,-0.561,32,3893,0,
s16401,LDOUSDT,1783409400000,testB,1,3.05,0.586,4.81,4.77,1.17,3.15,1.98,1.29,1.12,1.68,0,-0.1,neutral,alcista,0,1.102,32,3892,8,
s16402,PUMPUSDT,1783410300000,train,1,3.27,0.366,5.56,4.72,1.94,3.43,2.12,0.98,0.82,0.87,0,-0.16,neutral,neutral,0,-0.506,32,3894,0,
s16403,LDOUSDT,1783410300000,testB,1,2.69,0.49,4.99,4.47,1.18,2.85,1.56,1.29,1.12,1.68,0,-0.16,neutral,neutral,0,1.281,32,3893,0,
s16404,LDOUSDT,1783411200000,testB,1,3.3,0.554,5.32,4.97,1.56,3.41,1.95,1.57,1.33,1.8,0,-0.11,neutral,neutral,0,1.126,32,3894,1,
s16405,LDOUSDT,1783412100000,testB,1,2.91,0.463,5.37,4.64,1.91,3.18,1.44,1.57,1.33,1.8,0,-0.27,neutral,neutral,0,1.308,32,3895,0,
s16406,LDOUSDT,1783413000000,testB,1,2.62,0.399,5.39,4.24,1.88,2.7,0.91,1.57,1.33,1.8,0,-0.08,neutral,neutral,1,2.0,32,3896,0,
s16407,PUMPUSDT,1783414800000,train,1,4.07,0.448,5.6,4.03,0.66,3.4,1.01,1.25,0.95,0.88,1,0.68,neutral,alcista,0,-0.642,32,3899,2,
s16408,TIAUSDT,1783414800000,train,1,2.38,0.466,3.57,2.53,0.38,1.7,0.81,0.78,0.75,0.85,0,0.68,neutral,neutral,0,1.021,32,3899,1,
s16409,JUPUSDT,1783414800000,train,1,2.75,0.582,4.06,3.64,0.75,2.08,0.62,0.69,0.6,0.8,0,0.68,neutral,neutral,0,0.253,32,3899,1,
s16410,PENDLEUSDT,1783414800000,train,1,3.15,0.615,3.07,3.02,1.0,2.47,1.22,0.79,0.72,0.99,0,0.68,neutral,alcista,1,2.0,27,3899,2,
s16411,LDOUSDT,1783414800000,testB,1,3.32,0.465,5.38,4.47,2.04,2.64,1.02,1.65,1.31,1.84,0,0.68,neutral,neutral,1,2.0,30,3898,1,
s16412,PUMPUSDT,1783415700000,train,1,3.43,0.39,5.25,3.5,0.71,3.07,0.8,1.25,0.95,0.88,1,0.36,neutral,neutral,0,-1.0,21,3900,0,
s16413,TIAUSDT,1783415700000,train,1,2.19,0.436,3.24,2.14,0.54,1.82,0.72,0.78,0.75,0.85,0,0.36,neutral,neutral,0,1.671,32,3900,0,
s16414,JUPUSDT,1783415700000,train,1,2.45,0.514,3.02,2.43,0.77,2.09,0.46,0.69,0.6,0.8,0,0.36,neutral,neutral,0,0.534,32,3900,0,
s16415,PENDLEUSDT,1783415700000,train,1,2.49,0.524,3.06,2.45,1.21,2.13,1.03,0.79,0.72,0.99,0,0.36,neutral,neutral,1,2.0,11,3900,0,
s16416,LDOUSDT,1783415700000,testB,1,3.47,0.495,4.33,3.36,1.42,3.11,0.88,1.65,1.31,1.84,0,0.36,neutral,neutral,1,2.0,28,3899,0,
s16417,PENDLEUSDT,1783416600000,train,1,2.05,0.477,2.82,2.27,1.69,1.85,1.12,0.79,0.72,0.99,0,0.2,neutral,neutral,1,2.0,10,3901,1,
s16418,LDOUSDT,1783416600000,testB,1,2.9,0.453,3.41,2.82,1.55,2.7,1.12,1.65,1.31,1.84,0,0.2,neutral,neutral,0,-1.0,20,3900,1,
s16419,PENDLEUSDT,1783417500000,train,1,3.56,0.613,4.58,3.88,4.02,3.35,2.66,0.79,0.72,0.99,0,0.21,neutral,alcista,0,1.138,32,3902,2,
s16420,LDOUSDT,1783417500000,testB,1,2.68,0.429,3.24,2.61,0.87,2.47,1.06,1.65,1.31,1.84,0,0.21,neutral,neutral,0,-1.0,19,3901,0,
s16421,PUMPUSDT,1783418400000,train,1,3.61,0.403,5.11,3.67,0.88,3.11,0.96,1.24,0.84,0.87,0,0.5,neutral,alcista,0,-1.0,18,3903,2,
s16422,PENDLEUSDT,1783418400000,train,1,4.19,0.741,4.53,4.02,3.97,3.69,2.54,0.84,0.74,0.95,0,0.5,neutral,alcista,0,1.073,32,3903,3,
s16423,LDOUSDT,1783418400000,testB,1,3.47,0.492,3.38,3.35,0.82,2.96,1.78,1.95,1.47,1.93,0,0.5,neutral,neutral,0,-1.0,18,3902,1,
s16424,APEUSDT,1783418400000,testB,1,2.47,0.508,2.7,2.48,2.15,1.96,1.53,0.74,0.74,1.09,0,0.5,neutral,neutral,1,2.0,20,3902,1,
s16425,PENDLEUSDT,1783419300000,train,1,4.77,0.765,4.73,4.64,3.64,4.55,2.9,0.84,0.74,0.95,0,0.23,neutral,alcista,0,0.706,32,3904,4,
s16426,LDOUSDT,1783419300000,testB,1,3.67,0.507,3.95,3.61,1.01,3.44,1.9,1.95,1.47,1.93,0,0.23,neutral,alcista,0,-1.0,17,3903,2,
s16427,PENDLEUSDT,1783420200000,train,1,4.13,0.638,4.56,4.04,2.91,4.11,2.2,0.84,0.74,0.95,0,0.02,neutral,neutral,0,0.835,32,3905,0,
s16428,LDOUSDT,1783420200000,testB,1,2.94,0.449,3.68,3.3,1.18,2.92,1.66,1.95,1.47,1.93,0,0.02,neutral,neutral,0,-1.0,15,3904,0,
s16429,MANAUSDT,1783420200000,testB,1,2.02,0.389,3.39,2.69,3.23,2.0,1.89,0.44,0.43,0.56,0,0.02,neutral,alcista,0,-1.0,15,3904,4,
s16430,WLDUSDT,1783421100000,train,-1,-2.22,0.56,2.66,2.48,1.17,-2.14,0.92,0.63,0.66,0.8,0,-0.08,neutral,bajista,0,0.206,32,3906,3,
s16431,PENDLEUSDT,1783421100000,train,1,3.75,0.598,4.4,3.8,0.9,3.83,1.96,0.84,0.74,0.95,0,-0.08,neutral,neutral,0,0.43,32,3906,0,
s16432,LDOUSDT,1783421100000,testB,1,2.51,0.376,3.69,3.03,1.24,2.59,1.23,1.95,1.47,1.93,0,-0.08,neutral,neutral,0,-1.0,14,3905,0,
s16433,WLDUSDT,1783422000000,train,-1,-2.45,0.583,2.9,2.72,1.42,-2.08,1.29,0.56,0.67,0.79,0,-0.37,neutral,bajista,0,0.075,32,3907,4,
s16434,PENDLEUSDT,1783422000000,train,1,3.35,0.553,4.34,3.63,0.69,3.73,1.65,0.88,0.73,0.94,0,-0.37,neutral,neutral,0,0.483,32,3907,0,
s16435,PUMPUSDT,1783422900000,train,-1,-2.62,0.458,3.73,2.81,0.47,-2.51,0.83,1.28,0.86,0.88,0,-0.11,neutral,neutral,0,0.913,32,3908,0,
s16436,PENDLEUSDT,1783422900000,train,1,3.61,0.572,4.42,4.33,0.71,3.72,2.13,0.88,0.73,0.94,0,-0.11,neutral,neutral,0,0.273,32,3908,1,
s16437,PUMPUSDT,1783423800000,train,-1,-2.45,0.441,3.73,2.87,0.6,-2.62,0.93,1.28,0.86,0.88,0,0.17,neutral,neutral,0,0.745,32,3909,0,
s16438,PENDLEUSDT,1783423800000,train,1,3.69,0.59,4.53,4.28,0.7,3.51,1.84,0.88,0.73,0.94,0,0.17,neutral,neutral,0,0.476,32,3909,0,
s16439,PUMPUSDT,1783424700000,train,-1,-2.09,0.376,3.6,2.56,0.67,-2.59,0.65,1.28,0.86,0.88,0,0.5,neutral,neutral,0,0.881,32,3910,0,
s16440,STBLUSDT,1783424700000,train,1,2.0,0.615,2.91,2.74,5,1.5,1.56,0.86,0.76,0.76,1,0.5,neutral,alcista,0,-1.0,6,3910,4,
s16441,PENDLEUSDT,1783424700000,train,1,4.17,0.674,4.55,4.46,0.76,3.67,1.8,0.88,0.73,0.94,0,0.5,neutral,neutral,0,0.392,32,3910,1,
s16442,APEUSDT,1783424700000,testB,1,2.74,0.481,2.95,2.88,1.02,2.24,1.73,0.78,0.78,1.04,0,0.5,neutral,alcista,0,0.075,32,3909,2,
s16443,TIAUSDT,1783425600000,train,1,2.28,0.465,3.05,2.72,0.97,1.18,1.13,0.73,0.8,0.83,0,1.11,neutral,alcista,0,-1.0,10,3911,3,
s16444,PENDLEUSDT,1783425600000,train,1,5.28,0.724,6.15,5.23,1.67,4.18,2.82,1.21,0.89,0.92,0,1.11,neutral,alcista,0,0.006,32,3911,2,
s16445,APEUSDT,1783425600000,testB,1,2.51,0.447,3.46,2.81,1.23,1.41,1.54,1.19,1.0,1.01,0,1.11,neutral,neutral,0,0.231,32,3910,0,
s16446,PENDLEUSDT,1783426500000,train,1,5.72,0.74,6.22,5.84,1.92,4.74,3.17,1.21,0.89,0.92,0,0.98,neutral,alcista,0,-0.151,32,3912,3,
s16447,APEUSDT,1783426500000,testB,1,2.95,0.488,3.72,3.51,1.44,1.97,2.02,1.19,1.0,1.01,0,0.98,neutral,neutral,0,-0.02,32,3911,1,
s16448,STBLUSDT,1783427400000,train,1,2.76,0.6,3.98,3.41,2.28,1.94,1.91,1.3,1.02,0.77,1,0.81,neutral,neutral,0,-1.0,3,3913,1,
s16449,PENDLEUSDT,1783427400000,train,1,6.01,0.784,6.01,5.73,2.0,5.2,2.99,1.21,0.89,0.92,0,0.81,neutral,alcista,0,-0.26,32,3913,4,
s16450,APEUSDT,1783427400000,testB,1,3.62,0.59,5.21,3.85,2.91,2.81,2.17,1.19,1.0,1.01,0,0.81,neutral,alcista,0,-0.204,32,3912,2,
s16451,STBLUSDT,1783428300000,train,1,2.01,0.375,4.01,2.66,2.52,1.41,1.02,1.3,1.02,0.77,1,0.6,neutral,neutral,0,-1.0,2,3914,0,
s16452,PENDLEUSDT,1783428300000,train,1,5.15,0.62,6.02,5.03,1.96,4.55,1.99,1.21,0.89,0.92,0,0.6,neutral,neutral,0,-0.198,32,3914,0,
s16453,APEUSDT,1783428300000,testB,1,4.81,0.699,5.16,4.73,3.22,4.22,2.79,1.19,1.0,1.01,0,0.6,neutral,alcista,0,-0.239,32,3913,3,
s16454,PENDLEUSDT,1783429200000,train,1,3.39,0.387,5.79,3.54,1.61,3.24,0.79,1.6,1.08,0.98,1,0.15,neutral,neutral,0,0.149,32,3915,0,
s16455,APEUSDT,1783429200000,testB,1,4.14,0.571,5.11,4.19,2.89,3.99,2.02,1.39,1.07,0.99,1,0.15,neutral,neutral,0,0.051,32,3914,0,
s16456,WLDUSDT,1783430100000,train,-1,-2.38,0.412,2.98,2.61,1.88,-2.3,1.58,0.78,0.72,0.73,0,-0.07,neutral,bajista,0,-1.0,10,3916,5,
s16457,PENDLEUSDT,1783430100000,train,1,3.84,0.43,5.77,3.81,1.81,3.91,0.99,1.6,1.08,0.98,1,-0.07,neutral,neutral,0,-0.129,32,3916,1,
s16458,APEUSDT,1783430100000,testB,1,4.07,0.556,5.12,3.99,2.57,4.15,1.67,1.39,1.07,0.99,1,-0.07,neutral,neutral,0,0.071,32,3915,0,
s16459,PENDLEUSDT,1783431000000,train,1,3.61,0.415,5.59,3.67,1.78,3.79,0.91,1.6,1.08,0.98,1,-0.19,neutral,alcista,0,-0.29,32,3917,2,
s16460,APEUSDT,1783431000000,testB,1,3.63,0.476,5.14,3.64,1.23,3.82,1.21,1.39,1.07,0.99,1,-0.19,neutral,neutral,0,0.255,32,3916,0,
s16461,WLDUSDT,1783431900000,train,-1,-2.28,0.378,3.19,2.91,2.71,-1.98,1.63,0.78,0.72,0.73,0,-0.31,neutral,neutral,0,-1.0,8,3918,1,
s16462,APEUSDT,1783431900000,testB,1,4.74,0.552,5.09,4.6,0.93,5.05,1.99,1.39,1.07,0.99,1,-0.31,neutral,neutral,0,-0.046,32,3917,1,
s16463,WLDUSDT,1783432800000,train,-1,-2.96,0.47,3.5,3.42,2.24,-2.38,1.88,0.91,0.77,0.74,1,-0.59,neutral,bajista,0,-1.0,7,3919,2,
s16464,WLDUSDT,1783433700000,train,-1,-2.31,0.351,3.56,2.73,1.76,-2.07,1.22,0.91,0.77,0.74,1,-0.24,neutral,neutral,0,-1.0,6,3920,0,
s16465,APEUSDT,1783433700000,testB,1,3.51,0.436,4.1,3.61,1.08,3.75,1.69,1.82,1.26,1.05,1,-0.24,neutral,neutral,0,-0.235,32,3919,1,
s16466,ASTERUSDT,1783434600000,train,-1,-2.18,0.537,2.9,2.63,3.57,-1.66,1.49,1.58,1.06,1.04,1,-0.52,neutral,neutral,0,-0.335,32,3921,1,
s16467,WLDUSDT,1783434600000,train,-1,-2.52,0.371,4.02,3.37,1.34,-2.0,1.68,0.91,0.77,0.74,1,-0.52,neutral,neutral,0,-1.0,5,3921,1,
s16468,MANAUSDT,1783434600000,testB,-1,-2.97,0.724,3.35,3.06,0.69,-2.45,1.05,0.56,0.49,0.48,1,-0.52,neutral,neutral,0,-0.19,32,3920,1,
s16469,APEUSDT,1783434600000,testB,1,3.2,0.415,3.95,3.67,1.14,3.73,1.73,1.82,1.26,1.05,1,-0.52,neutral,alcista,0,-0.192,32,3920,2,
s16470,APEUSDT,1783435500000,testB,1,4.15,0.487,4.62,4.48,1.57,3.72,2.13,1.82,1.26,1.05,1,0.44,neutral,alcista,0,-0.375,32,3921,3,
s16471,APEUSDT,1783436400000,testB,1,5.99,0.603,6.2,5.93,1.85,5.42,3.39,2.59,1.62,1.2,1,0.57,neutral,alcista,0,-0.477,32,3922,4,
s16472,APEUSDT,1783437300000,testB,1,5.19,0.483,6.46,5.0,2.35,4.29,2.22,2.59,1.62,1.2,1,0.91,neutral,neutral,0,-0.292,32,3923,0,
s16473,LDOUSDT,1783438200000,testB,1,5.11,0.351,8.3,7.91,3.66,4.19,3.99,4.4,3.09,2.42,1,0.92,neutral,alcista,0,0.469,32,3924,6,
s16474,APEUSDT,1783438200000,testB,1,4.5,0.449,5.83,4.44,2.2,3.58,2.08,2.59,1.62,1.2,1,0.92,neutral,neutral,0,-1.0,15,3924,1,
s16475,PENDLEUSDT,1783443600000,train,1,2.55,0.413,4.24,3.52,0.46,1.47,0.9,1.76,1.33,0.98,1,1.08,neutral,alcista,0,-1.0,20,3931,3,
s16476,ENAUSDT,1783444500000,train,1,2.91,0.413,4.94,4.41,0.66,1.28,1.12,1.07,0.81,0.74,1,1.63,neutral,neutral,0,-0.528,32,3932,1,
s16477,PENDLEUSDT,1783444500000,train,1,2.87,0.442,4.21,4.1,0.49,1.24,1.34,1.76,1.33,0.98,1,1.63,neutral,alcista,0,-1.0,19,3932,4,
s16478,STXUSDT,1783444500000,testB,1,2.48,0.547,3.54,3.48,0.82,0.85,1.13,1.22,1.02,1.05,0,1.63,neutral,alcista,0,-1.0,19,3931,2,
s16479,ENAUSDT,1783445400000,train,1,2.73,0.398,4.93,4.47,0.72,1.04,1.1,1.07,0.81,0.74,1,1.69,neutral,alcista,0,-0.84,32,3933,2,
s16480,STXUSDT,1783445400000,testB,1,2.54,0.553,3.6,3.6,0.81,0.85,1.15,1.22,1.02,1.05,0,1.69,neutral,alcista,0,-1.0,18,3932,3,
s16481,WLDUSDT,1783446300000,train,1,2.83,0.388,4.7,4.01,0.48,1.03,0.86,1.04,0.8,0.71,1,1.8,neutral,neutral,0,-1.0,17,3934,1,
s16482,ENAUSDT,1783446300000,train,1,3.42,0.543,4.93,4.51,0.67,1.63,1.12,1.07,0.81,0.74,1,1.8,neutral,alcista,0,-0.918,32,3934,3,
s16483,INJUSDT,1783446300000,train,1,2.64,0.378,4.59,3.17,0.6,0.85,0.52,1.56,1.05,1.02,1,1.8,neutral,neutral,0,-1.0,17,3934,0,
s16484,PENDLEUSDT,1783446300000,train,1,2.89,0.41,4.24,3.75,0.56,1.1,1.06,1.76,1.33,0.98,1,1.8,neutral,neutral,0,-1.0,17,3934,1,
s16485,STXUSDT,1783446300000,testB,1,2.54,0.553,3.6,3.54,0.77,0.75,1.03,1.22,1.02,1.05,0,1.8,neutral,neutral,0,-1.0,17,3933,0,
s16486,WLDUSDT,1783447200000,train,1,3.65,0.511,4.68,4.3,0.41,2.0,1.15,1.06,0.81,0.73,1,1.65,neutral,alcista,0,-1.0,16,3935,2,
s16487,ENAUSDT,1783447200000,train,1,3.57,0.576,4.94,4.25,0.6,1.91,0.86,1.08,0.82,0.76,1,1.65,neutral,neutral,0,-1.0,32,3935,0,
s16488,INJUSDT,1783447200000,train,1,2.99,0.432,4.43,3.15,0.67,1.33,0.65,1.96,1.27,1.09,1,1.65,neutral,neutral,0,-1.0,16,3935,1,
s16489,TIAUSDT,1783447200000,train,1,3.43,0.473,5.01,4.2,0.46,1.78,0.81,1.61,1.16,0.98,1,1.65,neutral,neutral,0,-1.0,13,3935,1,
s16490,PENDLEUSDT,1783447200000,train,1,3.24,0.464,4.24,3.86,0.6,1.58,1.03,1.57,1.39,1.01,1,1.65,neutral,alcista,0,-1.0,16,3935,2,
s16491,STXUSDT,1783447200000,testB,1,2.12,0.422,3.62,2.97,0.55,0.47,0.46,1.37,1.06,1.08,0,1.65,neutral,neutral,0,-1.0,16,3934,0,
s16492,WLDUSDT,1783448100000,train,1,2.7,0.38,4.73,3.87,0.44,1.37,0.59,1.06,0.81,0.73,1,1.33,neutral,neutral,0,-1.0,15,3936,0,
s16493,ENAUSDT,1783448100000,train,1,2.52,0.399,4.97,3.7,0.57,1.19,0.22,1.08,0.82,0.76,1,1.33,neutral,neutral,0,-1.0,31,3936,0,
s16494,PENDLEUSDT,1783448100000,train,1,2.88,0.405,4.25,3.64,0.56,1.54,0.71,1.57,1.39,1.01,1,1.33,neutral,neutral,0,-1.0,15,3936,0,
s16495,WLDUSDT,1783449000000,train,1,4.0,0.556,4.07,3.84,0.47,2.17,1.18,1.06,0.81,0.73,1,1.83,neutral,neutral,0,-1.0,13,3937,1,
s16496,ENAUSDT,1783449000000,train,1,3.48,0.585,4.37,3.35,0.49,1.66,0.52,1.08,0.82,0.76,1,1.83,neutral,neutral,0,-1.0,14,3937,1,
s16497,PENDLEUSDT,1783449000000,train,1,2.87,0.402,3.73,2.8,0.61,1.04,0.4,1.57,1.39,1.01,1,1.83,neutral,neutral,0,-1.0,11,3937,0,
s16498,FETUSDT,1783449000000,train,1,2.01,0.429,2.87,1.97,0.46,0.18,0.15,1.85,1.29,1.11,1,1.83,neutral,neutral,0,-1.0,2,3936,1,
s16499,STXUSDT,1783449000000,testB,1,2.43,0.5,2.85,2.31,0.87,0.6,0.5,1.37,1.06,1.08,0,1.83,neutral,neutral,0,-1.0,12,3936,1,
s16500,XPLUSDT,1783449900000,train,-1,-3.53,0.416,5.08,4.76,1.15,-3.72,2.09,1.07,0.82,0.78,1,0.18,neutral,neutral,0,1.573,32,3938,1,
s16501,PUMPUSDT,1783449900000,train,-1,-3.29,0.391,4.16,3.85,0.7,-3.48,1.71,1.18,1.14,0.87,1,0.18,neutral,neutral,0,0.984,32,3938,1,
s16502,XPLUSDT,1783450800000,train,-1,-3.56,0.417,5.53,5.17,1.52,-3.59,2.35,0.93,0.84,0.79,1,0.03,neutral,bajista,0,1.266,32,3939,2,
s16503,STBLUSDT,1783450800000,train,-1,-2.6,0.538,3.86,3.31,3.85,-2.63,1.61,0.99,1.38,0.94,0,0.03,neutral,bajista,0,0.936,32,3939,5,
s16504,APEUSDT,1783450800000,testB,-1,-3.24,0.495,4.2,3.99,0.66,-3.26,0.68,2.24,1.82,1.25,1,0.03,neutral,bajista,0,-1.0,29,3938,2,
s16505,STBLUSDT,1783451700000,train,-1,-2.89,0.593,3.91,3.48,3.45,-2.66,1.69,0.99,1.38,0.94,0,-0.23,neutral,bajista,0,0.866,32,3940,6,
s16506,0GUSDT,1783451700000,train,-1,-2.09,0.462,3.77,2.87,1.95,-1.86,1.47,0.99,0.83,0.79,1,-0.23,neutral,bajista,1,2.0,27,3940,3,
s16507,APEUSDT,1783451700000,testB,-1,-3.68,0.525,5.19,4.4,1.3,-3.45,1.8,2.24,1.82,1.25,1,-0.23,neutral,bajista,0,-1.0,23,3939,3,
s16508,STBLUSDT,1783452600000,train,-1,-3.05,0.649,3.78,3.31,2.06,-2.98,1.56,0.99,1.38,0.94,0,-0.07,neutral,neutral,0,0.872,32,3941,0,
s16509,0GUSDT,1783452600000,train,-1,-2.18,0.495,3.76,2.82,2.35,-2.11,1.41,0.99,0.83,0.79,1,-0.07,neutral,neutral,1,2.0,26,3941,0,
s16510,APEUSDT,1783452600000,testB,-1,-3.61,0.51,4.97,4.03,1.58,-3.54,1.61,2.24,1.82,1.25,1,-0.07,neutral,neutral,0,-1.0,22,3940,0,
s16511,STBLUSDT,1783453500000,train,-1,-2.65,0.615,3.36,2.93,1.11,-2.47,1.5,0.99,1.38,0.94,0,-0.18,neutral,neutral,0,1.072,32,3942,0,
s16512,0GUSDT,1783453500000,train,-1,-2.18,0.495,3.61,2.52,2.07,-2.0,1.13,0.99,0.83,0.79,1,-0.18,neutral,neutral,1,2.0,23,3942,0,
s16513,INJUSDT,1783453500000,train,-1,-2.38,0.379,4.29,2.88,0.75,-2.2,0.43,1.82,1.37,1.05,1,-0.18,neutral,neutral,0,0.584,32,3942,0,
s16514,FETUSDT,1783453500000,train,-1,-2.03,0.459,3.16,2.74,0.93,-1.85,1.07,1.78,1.34,1.13,1,-0.18,neutral,neutral,0,0.644,32,3941,1,
s16515,STBLUSDT,1783454400000,train,-1,-2.24,0.519,3.35,2.71,0.38,-2.09,1.18,0.75,1.4,0.95,0,-0.15,neutral,neutral,0,1.156,32,3943,0,
s16516,FETUSDT,1783454400000,train,-1,-2.14,0.486,3.16,2.8,0.74,-2.0,1.07,1.33,1.35,1.14,0,-0.15,neutral,bajista,0,0.609,32,3942,2,
s16517,0GUSDT,1783455300000,train,-1,-2.13,0.524,3.51,2.32,0.77,-1.72,0.91,0.88,0.83,0.78,1,-0.41,neutral,neutral,1,2.0,21,3944,1,
s16518,TIAUSDT,1783455300000,train,-1,-2.66,0.443,3.8,3.41,0.65,-2.25,1.18,1.28,1.25,1.03,1,-0.41,neutral,neutral,0,-0.13,32,3944,1,
s16519,FETUSDT,1783455300000,train,-1,-2.49,0.6,3.05,2.74,0.71,-2.08,1.05,1.33,1.35,1.14,0,-0.41,neutral,neutral,0,0.356,32,3943,0,
s16520,PUMPUSDT,1783456200000,train,-1,-2.44,0.377,3.38,2.44,0.45,-1.86,0.64,0.99,0.96,0.91,1,-0.59,neutral,neutral,1,2.0,22,3945,1,
s16521,STBLUSDT,1783456200000,train,-1,-2.49,0.652,3.36,2.98,0.3,-1.9,1.16,0.75,1.4,0.95,0,-0.59,neutral,bajista,0,1.043,32,3945,2,
s16522,0GUSDT,1783456200000,train,-1,-2.66,0.579,3.53,3.03,0.55,-2.08,1.47,0.88,0.83,0.78,1,-0.59,neutral,bajista,1,2.0,22,3945,2,
s16523,WLDUSDT,1783456200000,train,-1,-2.14,0.385,2.98,2.39,0.47,-1.55,0.73,0.73,0.81,0.74,0,-0.59,neutral,neutral,1,2.0,24,3945,1,
s16524,ENAUSDT,1783456200000,train,-1,-2.11,0.374,3.22,2.6,0.7,-1.52,0.98,0.94,0.86,0.77,1,-0.59,neutral,bajista,0,1.407,32,3945,4,
s16525,ARBUSDT,1783456200000,train,-1,-2.44,0.542,3.36,2.91,0.57,-1.85,1.22,0.97,1.0,1.0,0,-0.59,neutral,bajista,0,0.619,32,3945,3,
s16526,INJUSDT,1783456200000,train,-1,-2.54,0.367,3.77,2.92,0.28,-1.95,1.19,1.66,1.36,1.02,1,-0.59,neutral,bajista,0,0.442,32,3945,2,
s16527,TIAUSDT,1783456200000,train,-1,-2.91,0.466,3.99,3.73,0.59,-2.33,1.4,1.28,1.25,1.03,1,-0.59,neutral,bajista,0,-0.378,32,3945,2,
s16528,ONDOUSDT,1783456200000,train,-1,-2.23,0.49,3.19,2.55,0.54,-1.64,1.08,0.73,0.8,0.76,0,-0.59,neutral,bajista,0,0.536,32,3944,4,
s16529,FETUSDT,1783456200000,train,-1,-2.61,0.611,3.05,2.93,0.59,-2.03,1.21,1.33,1.35,1.14,0,-0.59,neutral,neutral,0,0.333,32,3944,1,
s16530,STBLUSDT,1783457100000,train,-1,-2.33,0.636,3.36,2.98,0.36,-1.87,1.02,0.75,1.4,0.95,0,-0.46,neutral,neutral,0,0.914,32,3946,0,
s16531,0GUSDT,1783457100000,train,-1,-2.43,0.543,3.28,2.73,0.56,-1.97,1.26,0.88,0.83,0.78,1,-0.46,neutral,neutral,1,2.0,21,3946,0,
s16532,WLDUSDT,1783457100000,train,-1,-2.01,0.354,2.97,2.26,0.44,-1.55,0.51,0.73,0.81,0.74,0,-0.46,neutral,neutral,1,2.0,21,3946,0,
s16533,ENAUSDT,1783457100000,train,-1,-2.19,0.383,3.16,2.61,0.39,-1.73,1.01,0.94,0.86,0.77,1,-0.46,neutral,bajista,0,1.135,32,3946,5,
s16534,ARBUSDT,1783457100000,train,-1,-2.26,0.522,3.09,2.66,0.49,-1.8,1.08,0.97,1.0,1.0,0,-0.46,neutral,bajista,0,0.607,32,3946,4,
s16535,TIAUSDT,1783457100000,train,-1,-2.6,0.436,4.0,3.87,0.54,-2.14,1.43,1.28,1.25,1.03,1,-0.46,neutral,bajista,0,-0.52,32,3946,3,
s16536,PENDLEUSDT,1783457100000,train,-1,-2.4,0.377,3.72,3.22,0.94,-1.94,1.38,1.25,1.52,1.07,0,-0.46,neutral,bajista,0,-0.056,32,3946,5,
s16537,ONDOUSDT,1783457100000,train,-1,-2.05,0.463,2.88,2.22,0.47,-1.59,0.89,0.73,0.8,0.76,0,-0.46,neutral,neutral,0,0.644,32,3945,0,
s16538,FETUSDT,1783457100000,train,-1,-2.44,0.594,3.05,2.93,0.71,-1.98,1.1,1.33,1.35,1.14,0,-0.46,neutral,neutral,0,0.333,32,3945,0,
s16539,STBLUSDT,1783458000000,train,-1,-2.65,0.744,3.36,3.11,0.28,-2.28,0.99,0.75,1.45,0.97,0,-0.38,neutral,neutral,0,0.89,32,3947,1,
s16540,0GUSDT,1783458000000,train,-1,-2.18,0.474,3.28,2.53,0.56,-1.81,0.99,0.97,0.93,0.82,1,-0.38,neutral,neutral,1,2.0,20,3947,0,
s16541,ARBUSDT,1783458000000,train,-1,-2.05,0.454,3.09,2.38,0.5,-1.68,0.79,0.89,1.03,0.97,0,-0.38,neutral,neutral,0,0.368,32,3947,0,
s16542,TIAUSDT,1783458000000,train,-1,-2.59,0.436,3.99,3.73,0.58,-2.22,1.25,1.06,1.26,1.01,0,-0.38,neutral,neutral,0,-0.566,32,3947,0,
s16543,STBLUSDT,1783458900000,train,-1,-3.15,0.776,4.15,3.73,0.71,-2.18,1.48,0.75,1.45,0.97,0,-0.98,neutral,bajista,0,0.713,32,3948,2,
s16544,0GUSDT,1783458900000,train,-1,-3.39,0.636,4.21,3.56,1.75,-2.41,1.77,0.97,0.93,0.82,1,-0.98,neutral,neutral,0,1.254,32,3948,1,
s16545,WLDUSDT,1783458900000,train,-1,-2.3,0.36,3.73,3.34,0.75,-1.33,1.53,0.66,0.83,0.74,0,-0.98,neutral,neutral,0,0.953,32,3948,1,
s16546,ENAUSDT,1783458900000,train,-1,-2.58,0.411,3.47,3.12,0.53,-1.61,1.33,0.82,0.88,0.75,0,-0.98,neutral,neutral,0,0.693,32,3948,1,
s16547,ARBUSDT,1783458900000,train,-1,-2.89,0.578,3.48,3.08,0.79,-1.92,1.33,0.89,1.03,0.97,0,-0.98,neutral,neutral,0,0.029,32,3948,1,
s16548,SUIUSDT,1783458900000,train,-1,-2.66,0.573,3.28,3.05,0.64,-1.69,1.41,1.17,1.01,0.88,1,-0.98,neutral,neutral,0,0.518,32,3948,1,
s16549,TIAUSDT,1783458900000,train,-1,-4.13,0.732,5.02,4.36,0.66,-3.16,1.73,1.06,1.26,1.01,0,-0.98,neutral,neutral,0,-0.518,32,3948,1,
s16550,SEIUSDT,1783458900000,train,-1,-2.51,0.626,3.05,2.72,0.7,-1.53,1.14,0.76,0.89,1.06,0,-0.98,neutral,neutral,0,0.908,32,3948,1,
s16551,PENDLEUSDT,1783458900000,train,-1,-3.27,0.476,3.83,3.52,1.15,-2.3,1.43,1.05,1.41,1.07,0,-0.98,neutral,neutral,0,-0.463,32,3948,1,
s16552,ONDOUSDT,1783458900000,train,-1,-2.15,0.434,2.89,2.53,0.72,-1.17,1.07,0.66,0.82,0.75,0,-0.98,neutral,neutral,0,0.446,32,3947,1,
s16553,FETUSDT,1783458900000,train,-1,-2.55,0.518,3.11,2.62,1.04,-1.58,0.92,1.16,1.4,1.11,0,-0.98,neutral,neutral,0,0.698,32,3947,1,
s16554,ARUSDT,1783458900000,testB,-1,-2.29,0.354,2.65,2.55,0.47,-1.31,1.12,0.58,0.6,0.59,0,-0.98,neutral,neutral,0,-0.22,32,3947,1,
s16555,STXUSDT,1783458900000,testB,-1,-2.19,0.457,2.6,2.36,0.68,-1.21,0.93,1.0,1.07,1.03,0,-0.98,neutral,neutral,0,0.846,32,3947,1,
s16556,STBLUSDT,1783459800000,train,-1,-2.95,0.763,4.15,3.73,0.76,-1.65,1.32,0.75,1.45,0.97,0,-1.3,neutral,neutral,0,0.954,32,3949,0,
s16557,0GUSDT,1783459800000,train,-1,-3.06,0.568,4.2,3.35,1.73,-1.76,1.4,0.97,0.93,0.82,1,-1.3,neutral,neutral,1,2.0,22,3949,0,
s16558,WLDUSDT,1783459800000,train,-1,-2.76,0.402,4.11,3.88,1.21,-1.46,1.85,0.66,0.83,0.74,0,-1.3,neutral,bajista,0,0.819,32,3949,2,
s16559,ENAUSDT,1783459800000,train,-1,-3.23,0.475,3.99,3.75,0.76,-1.93,1.75,0.82,0.88,0.75,0,-1.3,neutral,bajista,0,0.507,32,3949,2,
s16560,ARBUSDT,1783459800000,train,-1,-3.14,0.598,3.62,3.38,0.85,-1.84,1.43,0.89,1.03,0.97,0,-1.3,neutral,bajista,0,-0.027,32,3949,2,
s16561,SUIUSDT,1783459800000,train,-1,-3.43,0.712,3.96,3.56,1.22,-2.13,1.72,1.17,1.01,0.88,1,-1.3,neutral,bajista,0,0.391,32,3949,2,
s16562,TIAUSDT,1783459800000,train,-1,-3.7,0.709,4.87,4.37,0.74,-2.4,1.65,1.06,1.26,1.01,0,-1.3,neutral,bajista,0,-0.416,32,3949,2,
s16563,SEIUSDT,1783459800000,train,-1,-2.85,0.675,3.26,3.01,0.89,-1.55,1.26,0.76,0.89,1.06,0,-1.3,neutral,bajista,0,0.821,32,3949,2,
s16564,PENDLEUSDT,1783459800000,train,-1,-3.16,0.466,4.24,4.08,1.14,-1.86,1.79,1.05,1.41,1.07,0,-1.3,neutral,bajista,0,-0.52,32,3949,2,
s16565,ONDOUSDT,1783459800000,train,-1,-2.65,0.539,2.87,2.69,0.92,-1.35,1.17,0.66,0.82,0.75,0,-1.3,neutral,bajista,0,0.432,32,3948,2,
s16566,FETUSDT,1783459800000,train,-1,-2.68,0.529,3.12,2.81,1.0,-1.38,0.98,1.16,1.4,1.11,0,-1.3,neutral,bajista,0,0.717,32,3948,2,
s16567,ARUSDT,1783459800000,testB,-1,-2.29,0.354,2.45,2.4,0.55,-0.99,1.02,0.58,0.6,0.59,0,-1.3,neutral,neutral,0,-1.0,12,3948,0,
s16568,STXUSDT,1783459800000,testB,-1,-2.71,0.535,2.97,2.79,0.84,-1.42,1.22,1.0,1.07,1.03,0,-1.3,neutral,bajista,0,0.696,32,3948,2,
s16569,STBLUSDT,1783460700000,train,-1,-3.28,0.868,4.29,3.86,1.0,-2.08,1.34,0.75,1.45,0.97,0,-1.19,neutral,neutral,0,0.878,32,3950,1,
s16570,0GUSDT,1783460700000,train,-1,-3.21,0.579,4.21,3.66,1.83,-2.01,1.53,0.97,0.93,0.82,1,-1.19,neutral,neutral,0,1.123,32,3950,1,
s16571,WLDUSDT,1783460700000,train,-1,-3.21,0.479,4.33,4.04,1.37,-2.01,1.71,0.66,0.83,0.74,0,-1.19,neutral,bajista,0,0.71,32,3950,3,
s16572,ENAUSDT,1783460700000,train,-1,-3.62,0.508,4.19,4.12,0.87,-2.42,1.86,0.82,0.88,0.75,0,-1.19,neutral,bajista,0,0.318,32,3950,3,
s16573,ARBUSDT,1783460700000,train,-1,-3.29,0.627,3.6,3.43,1.05,-2.1,1.37,0.89,1.03,0.97,0,-1.19,neutral,bajista,0,-0.14,32,3950,3,
s16574,SUIUSDT,1783460700000,train,-1,-3.35,0.707,3.89,3.49,1.38,-2.16,1.55,1.17,1.01,0.88,1,-1.19,neutral,neutral,0,0.375,32,3950,0,
s16575,TIAUSDT,1783460700000,train,-1,-3.93,0.721,5.15,4.78,0.77,-2.74,1.87,1.06,1.26,1.01,0,-1.19,neutral,bajista,0,-0.536,32,3950,3,
s16576,SEIUSDT,1783460700000,train,-1,-3.03,0.701,3.27,3.16,0.97,-1.84,1.29,0.76,0.89,1.06,0,-1.19,neutral,bajista,0,0.809,32,3950,3,
s16577,PENDLEUSDT,1783460700000,train,-1,-3.17,0.47,4.28,3.79,0.55,-1.98,1.37,1.05,1.41,1.07,0,-1.19,neutral,neutral,0,-0.563,32,3950,0,
s16578,ONDOUSDT,1783460700000,train,-1,-2.62,0.537,2.81,2.69,1.0,-1.43,1.08,0.66,0.82,0.75,0,-1.19,neutral,bajista,0,0.477,32,3949,3,
s16579,FETUSDT,1783460700000,train,-1,-2.62,0.512,3.11,2.75,0.88,-1.42,0.83,1.16,1.4,1.11,0,-1.19,neutral,neutral,0,0.622,32,3949,0,
s16580,STXUSDT,1783460700000,testB,-1,-2.77,0.54,2.98,2.91,0.92,-1.58,1.26,1.0,1.07,1.03,0,-1.19,neutral,bajista,0,0.542,32,3949,3,
s16581,STBLUSDT,1783461600000,train,-1,-3.24,0.867,4.42,4.04,1.54,-2.34,1.35,0.83,1.5,0.99,0,-0.9,neutral,bajista,0,0.957,32,3951,2,
s16582,0GUSDT,1783461600000,train,-1,-2.92,0.536,4.56,3.56,2.14,-2.02,1.33,1.0,0.92,0.85,1,-0.9,neutral,neutral,0,1.31,32,3951,0,
s16583,WLDUSDT,1783461600000,train,-1,-4.56,0.614,6.09,5.2,2.33,-3.66,2.53,0.67,0.86,0.76,0,-0.9,neutral,bajista,0,0.416,32,3951,4,
s16584,ENAUSDT,1783461600000,train,-1,-3.2,0.456,4.16,3.43,1.03,-2.31,1.58,0.71,0.86,0.74,0,-0.9,neutral,neutral,0,0.556,32,3951,0,
s16585,ARBUSDT,1783461600000,train,-1,-2.85,0.592,3.83,3.08,1.43,-1.95,1.27,0.85,1.06,0.97,0,-0.9,neutral,neutral,0,-0.219,32,3951,0,
s16586,INJUSDT,1783461600000,train,-1,-2.63,0.372,4.32,2.7,0.59,-1.73,1.07,1.25,1.38,1.01,0,-0.9,neutral,bajista,0,0.339,32,3951,4,
s16587,SUIUSDT,1783461600000,train,-1,-2.61,0.569,3.83,2.77,1.68,-1.72,1.15,1.08,1.01,0.88,1,-0.9,neutral,neutral,0,0.597,32,3951,0,
s16588,TIAUSDT,1783461600000,train,-1,-4.66,0.814,6.06,4.94,0.99,-3.76,2.29,0.94,1.28,1.02,0,-0.9,neutral,bajista,0,-0.489,32,3951,4,
s16589,SEIUSDT,1783461600000,train,-1,-2.82,0.685,3.61,2.92,1.98,-1.92,1.31,0.73,0.97,1.07,0,-0.9,neutral,bajista,0,0.764,32,3951,4,
s16590,PENDLEUSDT,1783461600000,train,-1,-2.83,0.399,5.0,3.29,0.86,-1.93,0.9,1.07,1.43,1.1,0,-0.9,neutral,neutral,0,-0.365,32,3951,0,
s16591,ONDOUSDT,1783461600000,train,-1,-2.24,0.472,3.36,2.56,1.41,-1.34,0.87,0.63,0.84,0.76,0,-0.9,neutral,neutral,0,0.798,32,3950,0,
s16592,FETUSDT,1783461600000,train,-1,-2.15,0.462,3.54,2.38,1.33,-1.25,0.78,1.04,1.41,1.11,0,-0.9,neutral,neutral,0,0.846,32,3950,0,
s16593,STXUSDT,1783461600000,testB,-1,-2.38,0.5,3.65,2.68,1.4,-1.48,1.32,0.99,1.11,1.05,0,-0.9,neutral,bajista,0,0.591,32,3950,4,
s16594,PUMPUSDT,1783462500000,train,-1,-2.69,0.402,3.66,3.41,1.79,-1.86,2.14,0.69,0.95,0.88,0,-0.83,neutral,bajista,0,0.491,32,3952,2,
s16595,STBLUSDT,1783462500000,train,-1,-2.8,0.807,3.61,3.13,1.06,-1.96,1.12,0.83,1.5,0.99,0,-0.83,neutral,neutral,0,1.123,32,3952,0,
s16596,0GUSDT,1783462500000,train,-1,-2.78,0.504,4.56,3.46,0.72,-1.94,1.1,1.0,0.92,0.85,1,-0.83,neutral,neutral,0,1.406,32,3952,0,
s16597,WLDUSDT,1783462500000,train,-1,-4.32,0.6,5.95,5.26,1.96,-3.49,2.47,0.67,0.86,0.76,0,-0.83,neutral,bajista,0,0.462,32,3952,5,
s16598,ENAUSDT,1783462500000,train,-1,-2.55,0.388,3.98,3.16,0.79,-1.72,1.35,0.71,0.86,0.74,0,-0.83,neutral,neutral,0,0.69,32,3952,0,
s16599,ARBUSDT,1783462500000,train,-1,-2.64,0.571,3.45,2.93,1.07,-1.8,1.36,0.85,1.06,0.97,0,-0.83,neutral,neutral,0,-0.378,32,3952,1,
s16600,SUIUSDT,1783462500000,train,-1,-2.34,0.54,3.36,2.41,1.36,-1.51,1.18,1.08,1.01,0.88,1,-0.83,neutral,neutral,0,0.68,32,3952,1,
s16601,TIAUSDT,1783462500000,train,-1,-3.93,0.786,5.47,4.38,0.82,-3.1,2.01,0.94,1.28,1.02,0,-0.83,neutral,bajista,0,-1.0,27,3952,5,
s16602,SEIUSDT,1783462500000,train,-1,-2.4,0.648,3.13,2.5,1.81,-1.57,1.25,0.73,0.97,1.07,0,-0.83,neutral,bajista,0,0.892,32,3952,5,
s16603,PENDLEUSDT,1783462500000,train,-1,-2.85,0.401,4.58,3.13,0.87,-2.01,0.95,1.07,1.43,1.1,0,-0.83,neutral,neutral,0,-0.307,32,3952,1,
s16604,ONDOUSDT,1783462500000,train,-1,-2.18,0.465,2.88,2.32,1.28,-1.35,1.05,0.63,0.84,0.76,0,-0.83,neutral,neutral,0,1.053,32,3951,1,
s16605,STXUSDT,1783462500000,testB,-1,-2.26,0.487,3.65,2.68,1.36,-1.43,1.22,0.99,1.11,1.05,0,-0.83,neutral,neutral,0,0.614,32,3951,0,
s16606,XPLUSDT,1783463400000,train,-1,-3.06,0.355,3.67,3.4,0.76,-2.29,1.69,0.64,0.83,0.75,0,-0.77,neutral,bajista,1,2.0,20,3953,2,
s16607,PUMPUSDT,1783463400000,train,-1,-2.49,0.364,3.51,2.68,1.8,-1.72,1.37,0.69,0.95,0.88,0,-0.77,neutral,neutral,0,0.905,32,3953,0,
s16608,STBLUSDT,1783463400000,train,-1,-2.09,0.61,3.08,2.27,1.19,-1.33,0.74,0.83,1.5,0.99,0,-0.77,neutral,neutral,1,2.0,30,3953,0,
s16609,0GUSDT,1783463400000,train,-1,-2.71,0.491,4.53,2.94,0.73,-1.95,0.52,1.0,0.92,0.85,1,-0.77,neutral,neutral,1,2.0,14,3953,0,
s16610,WLDUSDT,1783463400000,train,-1,-4.12,0.562,5.9,4.38,1.57,-3.35,1.54,0.67,0.86,0.76,0,-0.77,neutral,neutral,0,0.743,32,3953,0,
s16611,ARBUSDT,1783463400000,train,-1,-2.46,0.513,3.44,2.57,1.15,-1.69,0.92,0.85,1.06,0.97,0,-0.77,neutral,neutral,0,-0.253,32,3953,0,
s16612,TIAUSDT,1783463400000,train,-1,-3.44,0.628,5.26,3.62,0.74,-2.68,1.31,0.94,1.28,1.02,0,-0.77,neutral,neutral,0,-1.0,26,3953,0,
s16613,FETUSDT,1783463400000,train,-1,-2.09,0.522,3.42,2.2,0.89,-1.32,0.57,1.04,1.41,1.11,0,-0.77,neutral,neutral,0,1.0,32,3952,0,
s16614,STXUSDT,1783463400000,testB,-1,-2.19,0.468,3.46,2.18,1.25,-1.43,0.82,0.99,1.11,1.05,0,-0.77,neutral,neutral,0,0.917,32,3952,0,
s16615,SANDUSDT,1783463400000,testB,-1,-2.27,0.568,2.84,2.41,1.35,-1.5,1.06,0.67,0.74,0.65,0,-0.77,neutral,neutral,0,0.821,32,3952,0,
s16616,WLDUSDT,1783464300000,train,-1,-2.18,0.399,4.25,2.83,1.45,-1.96,1.53,0.67,0.86,0.76,0,-0.22,neutral,neutral,0,0.926,32,3954,1,
s16617,TIAUSDT,1783464300000,train,-1,-3.08,0.6,4.82,3.39,0.69,-2.86,1.41,0.94,1.28,1.02,0,-0.22,neutral,neutral,0,-1.0,24,3954,1,
s16618,LDOUSDT,1783464300000,testB,1,3.98,0.392,5.06,4.71,0.64,4.2,1.52,4.78,5.39,3.54,0,-0.22,neutral,alcista,0,0.255,32,3953,4,
s16619,TIAUSDT,1783465200000,train,-1,-2.87,0.538,4.72,2.98,0.4,-3.04,0.88,0.86,1.23,1.0,0,0.16,neutral,neutral,0,-1.0,23,3955,0,
s16620,APEUSDT,1783466100000,testB,1,2.31,0.444,2.33,2.33,0.57,2.23,0.73,1.07,1.83,1.28,0,0.08,neutral,alcista,0,1.182,32,3955,2,
s16621,XPLUSDT,1783467000000,train,-1,-4.74,0.535,6.53,6.17,1.62,-4.18,3.19,0.75,0.89,0.77,0,-0.56,neutral,neutral,0,0.844,32,3957,1,
s16622,PUMPUSDT,1783467000000,train,-1,-2.38,0.404,3.46,2.82,0.52,-1.81,0.97,0.65,0.93,0.87,0,-0.56,neutral,neutral,0,0.409,32,3957,1,
s16623,WLDUSDT,1783467000000,train,-1,-2.43,0.45,4.25,2.94,0.45,-1.87,1.0,0.63,0.84,0.76,0,-0.56,neutral,neutral,0,0.554,32,3957,1,
s16624,XPLUSDT,1783467900000,train,-1,-5.03,0.588,6.53,6.15,1.74,-4.31,2.82,0.75,0.89,0.77,0,-0.72,neutral,neutral,0,0.88,32,3958,0,
s16625,PUMPUSDT,1783467900000,train,-1,-2.31,0.389,3.45,2.69,0.48,-1.59,0.79,0.65,0.93,0.87,0,-0.72,neutral,neutral,0,0.595,32,3958,0,
s16626,WLDUSDT,1783467900000,train,-1,-2.41,0.448,4.26,3.0,0.45,-1.69,0.94,0.63,0.84,0.76,0,-0.72,neutral,bajista,0,0.675,32,3958,2,
s16627,XPLUSDT,1783468800000,train,-1,-6.1,0.706,7.21,6.85,2.04,-5.64,3.25,0.82,0.95,0.78,0,-0.46,neutral,neutral,0,0.712,32,3959,1,
s16628,WLDUSDT,1783468800000,train,-1,-2.18,0.388,4.09,2.57,0.6,-1.72,0.6,0.6,0.83,0.72,0,-0.46,neutral,neutral,0,0.827,32,3959,0,
s16629,XPLUSDT,1783469700000,train,-1,-4.69,0.498,7.34,5.64,2.55,-4.49,1.99,0.82,0.95,0.78,0,-0.2,neutral,neutral,0,1.252,32,3960,0,
s16630,XPLUSDT,1783470600000,train,-1,-4.36,0.479,7.36,5.92,1.22,-4.41,2.08,0.82,0.95,0.78,0,0.05,neutral,neutral,0,1.247,32,3961,1,
s16631,APEUSDT,1783470600000,testB,1,2.88,0.444,3.28,3.0,0.83,2.83,1.48,1.01,1.63,1.3,0,0.05,neutral,neutral,0,0.488,32,3960,1,
s16632,XPLUSDT,1783471500000,train,-1,-3.95,0.414,6.73,4.8,1.44,-3.82,1.51,0.82,0.95,0.78,0,-0.13,neutral,neutral,0,1.68,32,3962,0,
s16633,APEUSDT,1783471500000,testB,1,2.5,0.412,2.86,2.51,0.97,2.63,1.48,1.01,1.63,1.3,0,-0.13,neutral,alcista,0,0.667,32,3961,2,
s16634,XPLUSDT,1783472400000,train,-1,-4.81,0.525,6.75,5.12,1.25,-4.57,1.59,0.89,0.92,0.8,0,-0.23,neutral,neutral,0,1.535,32,3963,1,
s16635,APEUSDT,1783472400000,testB,1,2.55,0.419,3.8,3.39,1.44,2.78,2.16,1.12,1.7,1.38,0,-0.23,neutral,alcista,0,0.041,32,3962,3,
s16636,XPLUSDT,1783473300000,train,-1,-4.09,0.481,5.81,4.6,0.99,-3.92,1.74,0.89,0.92,0.8,0,-0.16,neutral,bajista,0,1.62,32,3964,2,
s16637,APEUSDT,1783473300000,testB,1,2.7,0.452,3.8,3.39,1.89,2.86,2.0,1.12,1.7,1.38,0,-0.16,neutral,neutral,0,0.041,32,3963,0,
s16638,XPLUSDT,1783474200000,train,-1,-3.83,0.461,5.23,4.64,1.16,-3.42,2.55,0.89,0.92,0.8,0,-0.41,neutral,bajista,0,1.106,32,3965,3,
s16639,STBLUSDT,1783474200000,train,-1,-2.01,0.54,3.63,2.45,4.2,-1.6,1.87,0.79,0.9,1.08,0,-0.41,neutral,bajista,0,0.607,32,3965,2,
s16640,0GUSDT,1783474200000,train,-1,-2.85,0.442,4.84,3.4,5,-2.44,2.53,1.44,1.22,1.01,1,-0.41,neutral,bajista,0,1.061,32,3965,2,
s16641,XPLUSDT,1783475100000,train,-1,-4.53,0.522,5.81,5.25,1.02,-3.9,2.9,0.89,0.92,0.8,0,-0.62,neutral,bajista,0,1.053,32,3966,4,
s16642,STBLUSDT,1783475100000,train,-1,-2.1,0.551,3.64,2.67,5,-1.48,1.87,0.79,0.9,1.08,0,-0.62,neutral,bajista,0,0.541,32,3966,3,
s16643,0GUSDT,1783475100000,train,-1,-3.36,0.482,4.88,4.26,4.76,-2.74,3.05,1.44,1.22,1.01,1,-0.62,neutral,bajista,0,0.72,32,3966,3,
s16644,APEUSDT,1783475100000,testB,1,2.27,0.364,3.81,3.12,3.76,2.89,1.24,1.12,1.7,1.38,0,-0.62,neutral,neutral,0,0.467,32,3965,1,
s16645,XPLUSDT,1783476000000,train,-1,-6.16,0.601,6.76,6.64,1.24,-5.25,3.95,1.01,0.85,0.82,1,-0.9,neutral,bajista,0,0.63,32,3967,5,
s16646,PUMPUSDT,1783476000000,train,-1,-3.33,0.356,5.63,5.63,3.09,-2.43,3.26,1.03,1.01,1.0,1,-0.9,neutral,neutral,0,0.294,32,3967,1,
s16647,STBLUSDT,1783476000000,train,-1,-2.49,0.592,3.66,3.26,5,-1.59,2.13,0.9,0.83,1.1,0,-0.9,neutral,bajista,0,0.284,32,3967,4,
s16648,0GUSDT,1783476000000,train,-1,-4.91,0.59,6.33,5.85,5,-4.01,3.97,1.81,1.36,1.02,1,-0.9,neutral,bajista,0,0.252,32,3967,4,
s16649,SEIUSDT,1783476000000,train,-1,-2.54,0.466,3.96,3.68,3.39,-1.64,2.5,1.28,1.04,0.99,1,-0.9,neutral,bajista,0,0.349,32,3967,5,
s16650,FETUSDT,1783476000000,train,-1,-2.14,0.814,2.74,2.56,1.4,-1.23,1.47,1.08,1.22,1.16,0,-0.9,neutral,neutral,0,0.951,32,3966,1,
s16651,STXUSDT,1783476000000,testB,-1,-2.49,0.414,4.3,3.74,5,-1.59,2.55,2.84,1.99,1.53,1,-0.9,neutral,bajista,0,-0.15,32,3966,5,
s16652,SANDUSDT,1783476000000,testB,-1,-2.07,0.529,2.28,2.24,2.84,-1.17,1.54,0.84,0.76,0.7,1,-0.9,neutral,neutral,0,0.71,32,3966,1,
s16653,APEUSDT,1783476000000,testB,1,3.06,0.483,3.59,3.31,3.16,3.96,1.52,1.78,1.88,1.56,0,-0.9,neutral,alcista,0,0.75,32,3966,2,
s16654,XPLUSDT,1783476900000,train,-1,-5.9,0.584,6.76,6.59,1.34,-4.99,3.36,1.01,0.85,0.82,1,-0.91,neutral,neutral,0,0.551,32,3968,0,
s16655,0GUSDT,1783476900000,train,-1,-4.71,0.553,6.31,5.52,5,-3.8,3.35,1.81,1.36,1.02,1,-0.91,neutral,neutral,0,0.238,32,3968,0,
s16656,SEIUSDT,1783476900000,train,-1,-2.42,0.443,3.95,3.61,4.52,-1.51,2.17,1.28,1.04,0.99,1,-0.91,neutral,neutral,0,0.249,32,3968,0,
s16657,APEUSDT,1783476900000,testB,1,3.57,0.568,4.27,3.51,4.02,4.48,1.52,1.78,1.88,1.56,0,-0.91,neutral,alcista,0,0.686,32,3967,3,
s16658,XPLUSDT,1783477800000,train,-1,-5.34,0.514,7.26,6.06,1.39,-4.34,2.68,1.01,0.85,0.82,1,-1.0,neutral,neutral,0,0.672,32,3969,0,
s16659,PUMPUSDT,1783477800000,train,-1,-3.19,0.368,6.6,5.28,1.88,-2.19,2.41,1.03,1.01,1.0,1,-1.0,neutral,neutral,0,0.288,32,3969,0,
s16660,STBLUSDT,1783477800000,train,-1,-2.4,0.491,3.64,2.72,1.6,-1.39,1.33,0.9,0.83,1.1,0,-1.0,neutral,neutral,0,0.532,32,3969,1,
s16661,0GUSDT,1783477800000,train,-1,-4.83,0.581,6.44,5.08,1.98,-3.83,2.68,1.81,1.36,1.02,1,-1.0,neutral,neutral,0,0.32,32,3969,0,
s16662,OPUSDT,1783477800000,train,-1,-2.25,0.469,4.91,3.41,3.01,-1.25,1.78,1.3,1.35,1.05,0,-1.0,neutral,neutral,0,0.647,32,3969,1,
s16663,SEIUSDT,1783477800000,train,-1,-2.18,0.385,4.29,2.93,3.97,-1.18,1.36,1.28,1.04,0.99,1,-1.0,neutral,neutral,0,0.442,32,3969,0,
s16664,APEUSDT,1783477800000,testB,1,3.84,0.587,4.24,3.97,4.07,4.84,1.96,1.78,1.88,1.56,0,-1.0,neutral,alcista,0,0.69,32,3968,4,
s16665,XPLUSDT,1783478700000,train,-1,-5.95,0.54,7.32,6.98,1.27,-5.06,3.2,1.01,0.85,0.82,1,-0.89,neutral,neutral,0,0.498,32,3970,1,
s16666,STBLUSDT,1783478700000,train,-1,-2.14,0.417,3.63,2.45,1.2,-1.25,0.95,0.9,0.83,1.1,0,-0.89,neutral,neutral,0,0.75,32,3970,0,
s16667,0GUSDT,1783478700000,train,-1,-4.65,0.571,6.45,5.19,1.59,-3.76,2.54,1.81,1.36,1.02,1,-0.89,neutral,neutral,0,0.303,32,3970,1,
s16668,OPUSDT,1783478700000,train,-1,-2.45,0.49,4.92,3.61,2.81,-1.56,1.78,1.3,1.35,1.05,0,-0.89,neutral,bajista,0,0.583,32,3970,2,
s16669,SEIUSDT,1783478700000,train,-1,-2.14,0.38,4.29,3.02,4.13,-1.25,1.29,1.28,1.04,0.99,1,-0.89,neutral,neutral,0,0.423,32,3970,1,
s16670,JUPUSDT,1783478700000,train,-1,-2.7,0.376,5.64,4.69,2.1,-1.82,2.19,0.93,1.02,0.86,0,-0.89,neutral,bajista,0,1.37,32,3970,8,
s16671,XPLUSDT,1783479600000,train,-1,-5.61,0.497,7.17,6.21,1.01,-4.71,2.32,1.13,0.89,0.87,1,-0.9,neutral,neutral,0,0.548,32,3971,0,
s16672,STBLUSDT,1783479600000,train,-1,-2.35,0.447,3.55,2.54,0.75,-1.45,1.02,0.8,0.77,1.08,0,-0.9,neutral,neutral,0,0.69,32,3971,1,
s16673,0GUSDT,1783479600000,train,-1,-5.69,0.64,7.62,6.19,1.53,-4.79,3.15,2.02,1.5,1.1,1,-0.9,neutral,bajista,0,0.077,32,3971,2,
s16674,MANAUSDT,1783479600000,testB,-1,-2.02,0.437,3.54,2.51,0.9,-1.12,0.84,0.41,0.33,0.42,0,-0.9,neutral,neutral,0,-0.276,32,3970,0,
s16675,XPLUSDT,1783480500000,train,-1,-5.86,0.523,7.08,6.23,0.93,-4.91,2.17,1.13,0.89,0.87,1,-0.95,neutral,neutral,0,0.522,32,3972,1,
s16676,STBLUSDT,1783480500000,train,-1,-2.52,0.48,3.55,2.63,0.44,-1.57,1.05,0.8,0.77,1.08,0,-0.95,neutral,bajista,0,0.567,32,3972,2,
s16677,0GUSDT,1783480500000,train,-1,-5.38,0.587,7.53,5.69,1.46,-4.43,2.55,2.02,1.5,1.1,1,-0.95,neutral,neutral,0,0.157,32,3972,0,
s16678,JUPUSDT,1783480500000,train,-1,-2.81,0.392,5.62,4.24,1.52,-1.86,1.44,0.97,0.99,0.88,0,-0.95,neutral,neutral,0,1.612,32,3972,1,
s16679,MANAUSDT,1783480500000,testB,-1,-2.02,0.437,3.53,2.36,0.88,-1.07,0.68,0.41,0.33,0.42,0,-0.95,neutral,neutral,0,-0.381,32,3971,0,
s16680,XPLUSDT,1783481400000,train,-1,-5.32,0.492,6.74,6.66,0.8,-4.54,3.95,1.13,0.89,0.87,1,-0.78,neutral,bajista,0,-0.01,32,3973,2,
s16681,0GUSDT,1783481400000,train,-1,-4.48,0.539,7.43,5.64,1.14,-3.7,2.32,2.02,1.5,1.1,1,-0.78,neutral,neutral,0,0.056,32,3973,1,
s16682,OPUSDT,1783481400000,train,-1,-2.64,0.429,4.91,3.51,0.63,-1.86,1.36,1.33,1.33,1.08,0,-0.78,neutral,neutral,0,0.257,32,3973,1,
s16683,JUPUSDT,1783481400000,train,-1,-2.91,0.399,5.65,4.87,0.87,-2.13,1.84,0.97,0.99,0.88,0,-0.78,neutral,bajista,0,1.098,32,3973,2,
s16684,MANAUSDT,1783481400000,testB,-1,-2.17,0.455,3.55,2.81,0.49,-1.39,0.98,0.41,0.33,0.42,0,-0.78,neutral,neutral,0,-1.0,32,3972,1,
s16685,STBLUSDT,1783482300000,train,-1,-2.31,0.435,3.42,2.63,0.25,-1.38,1.0,0.8,0.77,1.08,0,-0.94,neutral,neutral,0,0.4,32,3974,1,
s16686,0GUSDT,1783482300000,train,-1,-4.67,0.578,7.43,5.64,1.16,-3.73,2.13,2.02,1.5,1.1,1,-0.94,neutral,bajista,0,0.028,32,3974,2,
s16687,OPUSDT,1783482300000,train,-1,-2.45,0.41,4.92,3.61,0.6,-1.51,1.32,1.33,1.33,1.08,0,-0.94,neutral,bajista,0,0.25,32,3974,2,
s16688,JUPUSDT,1783482300000,train,-1,-3.46,0.446,5.68,5.42,0.75,-2.52,2.15,0.97,0.99,0.88,0,-0.94,neutral,bajista,0,0.879,32,3974,3,
s16689,MANAUSDT,1783482300000,testB,-1,-2.46,0.486,3.57,3.27,0.38,-1.53,1.36,0.41,0.33,0.42,0,-0.94,neutral,bajista,0,-1.0,31,3973,2,
s16690,XPLUSDT,1783483200000,train,-1,-5.54,0.436,9.15,7.59,1.58,-4.44,3.93,1.23,0.93,0.89,1,-1.1,neutral,neutral,0,0.037,32,3975,0,
s16691,0GUSDT,1783483200000,train,-1,-5.25,0.677,7.44,5.81,0.38,-4.15,2.08,2.05,1.53,1.12,1,-1.1,neutral,bajista,0,0.091,32,3975,3,
s16692,OPUSDT,1783483200000,train,-1,-2.45,0.41,4.92,3.72,0.52,-1.35,1.31,1.32,1.3,1.09,1,-1.1,neutral,bajista,0,0.189,32,3975,3,
s16693,SEIUSDT,1783483200000,train,-1,-2.41,0.392,4.3,3.06,0.33,-1.31,0.97,1.15,0.93,0.98,0,-1.1,neutral,neutral,0,0.403,32,3975,0,
s16694,JUPUSDT,1783483200000,train,-1,-4.61,0.625,6.06,5.88,0.76,-3.51,2.4,0.94,0.89,0.89,0,-1.1,neutral,bajista,0,0.761,32,3975,4,
s16695,STXUSDT,1783483200000,testB,-1,-2.3,0.388,4.28,3.04,0.27,-1.2,1.03,2.93,1.94,1.54,1,-1.1,neutral,bajista,0,-0.755,32,3974,3,
s16696,LDOUSDT,1783483200000,testB,1,4.09,0.356,5.98,5.4,1.71,5.19,2.2,6.53,6.13,5.39,1,-1.1,neutral,alcista,0,-1.0,17,3974,2,
s16697,MANAUSDT,1783483200000,testB,-1,-2.46,0.486,3.56,3.12,0.36,-1.36,1.12,0.42,0.33,0.4,0,-1.1,neutral,neutral,0,-1.0,30,3974,0,
s16698,AXSUSDT,1783483200000,testB,-1,-2.23,0.55,3.73,3.01,0.79,-1.13,1.23,1.16,1.0,0.87,1,-1.1,neutral,bajista,0,-1.0,32,3974,3,
s16699,XPLUSDT,1783484100000,train,-1,-6.4,0.55,9.13,7.35,1.81,-5.25,2.98,1.23,0.93,0.89,1,-1.15,neutral,neutral,0,0.079,32,3976,0,
s16700,0GUSDT,1783484100000,train,-1,-4.95,0.615,7.41,5.31,0.35,-3.79,1.33,2.05,1.53,1.12,1,-1.15,neutral,neutral,0,0.139,32,3976,0,
s16701,ENAUSDT,1783484100000,train,-1,-3.95,0.554,5.29,4.45,0.55,-2.8,1.23,0.83,0.73,0.79,0,-1.15,neutral,neutral,0,0.17,32,3976,0,
s16702,OPUSDT,1783484100000,train,-1,-2.34,0.387,4.9,3.2,0.39,-1.19,0.75,1.32,1.3,1.09,1,-1.15,neutral,neutral,0,0.25,32,3976,0,
s16703,SUIUSDT,1783484100000,train,-1,-2.0,0.415,3.45,2.53,0.68,-0.85,0.71,0.97,1.03,0.89,0,-1.15,neutral,neutral,0,0.37,32,3976,0,
s16704,SEIUSDT,1783484100000,train,-1,-2.36,0.383,4.28,2.78,0.33,-1.21,0.59,1.15,0.93,0.98,0,-1.15,neutral,neutral,0,0.542,32,3976,0,
s16705,JUPUSDT,1783484100000,train,-1,-4.3,0.563,6.16,5.33,0.78,-3.15,1.64,0.94,0.89,0.89,0,-1.15,neutral,neutral,0,0.943,32,3976,0,
s16706,STXUSDT,1783484100000,testB,-1,-2.3,0.388,4.27,2.84,0.27,-1.14,0.72,2.93,1.94,1.54,1,-1.15,neutral,neutral,0,-1.0,32,3975,0,
s16707,MANAUSDT,1783484100000,testB,-1,-2.6,0.529,3.56,2.96,0.37,-1.44,0.84,0.42,0.33,0.4,0,-1.15,neutral,neutral,0,-1.0,29,3975,0,
s16708,AXSUSDT,1783484100000,testB,-1,-2.32,0.59,3.72,2.69,0.79,-1.17,0.79,1.16,1.0,0.87,1,-1.15,neutral,neutral,0,-1.0,31,3975,0,
s16709,XPLUSDT,1783485000000,train,-1,-5.84,0.499,9.1,6.99,1.41,-4.32,2.42,1.23,0.93,0.89,1,-1.53,neutral,neutral,0,0.118,32,3977,0,
s16710,STBLUSDT,1783485000000,train,-1,-2.27,0.417,3.42,2.63,0.42,-0.75,0.75,0.74,0.78,1.05,0,-1.53,neutral,neutral,0,0.55,32,3977,1,
s16711,0GUSDT,1783485000000,train,-1,-4.9,0.613,7.2,5.15,0.39,-3.37,1.28,2.05,1.53,1.12,1,-1.53,neutral,neutral,0,0.133,32,3977,1,
s16712,WLDUSDT,1783485000000,train,-1,-3.13,0.419,5.03,3.93,0.78,-1.61,0.81,0.64,0.65,0.75,0,-1.53,neutral,neutral,0,0.102,32,3977,1,
s16713,ENAUSDT,1783485000000,train,-1,-4.48,0.613,5.16,4.69,0.61,-2.95,1.4,0.83,0.73,0.79,0,-1.53,neutral,neutral,0,0.116,32,3977,1,
s16714,ARBUSDT,1783485000000,train,-1,-2.16,0.404,4.29,2.8,0.65,-0.63,0.37,1.34,1.09,1.09,0,-1.53,neutral,neutral,0,-1.0,11,3977,1,
s16715,OPUSDT,1783485000000,train,-1,-3.31,0.531,4.93,3.82,0.35,-1.78,1.18,1.32,1.3,1.09,1,-1.53,neutral,neutral,0,0.158,32,3977,1,
s16716,INJUSDT,1783485000000,train,-1,-2.06,0.36,3.02,2.34,0.38,-0.53,0.79,0.84,1.05,1.03,0,-1.53,neutral,neutral,0,0.844,32,3977,1,
s16717,SUIUSDT,1783485000000,train,-1,-2.57,0.543,3.46,2.79,0.65,-1.04,0.84,0.97,1.03,0.89,0,-1.53,neutral,neutral,0,0.337,32,3977,1,
s16718,SEIUSDT,1783485000000,train,-1,-2.87,0.456,4.3,3.13,0.31,-1.35,0.83,1.15,0.93,0.98,0,-1.53,neutral,neutral,0,0.34,32,3977,1,
s16719,JUPUSDT,1783485000000,train,-1,-5.11,0.711,6.17,5.56,0.76,-3.58,1.69,0.94,0.89,0.89,0,-1.53,neutral,neutral,0,0.906,32,3977,1,
s16720,ONDOUSDT,1783485000000,train,-1,-2.05,0.378,2.99,2.37,0.48,-0.52,0.78,0.9,0.76,0.77,0,-1.53,neutral,neutral,0,0.844,32,3976,1,
s16721,ARUSDT,1783485000000,testB,-1,-2.34,0.376,3.52,2.4,0.4,-0.82,0.37,0.77,0.66,0.62,1,-1.53,neutral,neutral,0,-0.191,32,3976,1,
s16722,STXUSDT,1783485000000,testB,-1,-2.83,0.495,4.28,3.04,0.25,-1.3,0.77,2.93,1.94,1.54,1,-1.53,neutral,neutral,0,-1.0,31,3976,1,
s16723,SANDUSDT,1783485000000,testB,-1,-2.26,0.567,3.13,2.35,0.36,-0.73,0.75,0.68,0.68,0.65,1,-1.53,neutral,neutral,0,0.08,32,3976,1,
s16724,MANAUSDT,1783485000000,testB,-1,-2.74,0.576,3.41,2.81,0.44,-1.21,0.74,0.42,0.33,0.4,0,-1.53,neutral,neutral,0,-1.0,28,3976,0,
s16725,AXSUSDT,1783485000000,testB,-1,-2.82,0.667,3.73,3.11,0.75,-1.3,1.08,1.16,1.0,0.87,1,-1.53,neutral,neutral,0,-1.0,30,3976,1,
s16726,0GUSDT,1783485900000,train,-1,-4.17,0.542,6.77,4.51,0.37,-2.89,1.03,2.05,1.53,1.12,1,-1.29,neutral,neutral,0,0.267,32,3978,0,
s16727,WLDUSDT,1783485900000,train,-1,-3.03,0.405,4.41,3.26,0.95,-1.74,0.72,0.64,0.65,0.75,0,-1.29,neutral,neutral,0,0.189,32,3978,0,
s16728,ENAUSDT,1783485900000,train,-1,-3.21,0.441,4.78,3.68,0.55,-1.92,0.75,0.83,0.73,0.79,0,-1.29,neutral,neutral,0,0.308,32,3978,0,
s16729,OPUSDT,1783485900000,train,-1,-3.2,0.508,4.91,3.51,0.35,-1.92,0.79,1.32,1.3,1.09,1,-1.29,neutral,neutral,0,0.314,32,3978,0,
s16730,INJUSDT,1783485900000,train,-1,-2.14,0.381,3.02,2.27,0.36,-0.85,0.72,0.84,1.05,1.03,0,-1.29,neutral,neutral,0,1.066,32,3978,0,
s16731,SUIUSDT,1783485900000,train,-1,-2.42,0.496,3.44,2.6,0.58,-1.13,0.62,0.97,1.03,0.89,0,-1.29,neutral,neutral,0,0.618,32,3978,0,
s16732,SEIUSDT,1783485900000,train,-1,-2.67,0.41,4.14,2.74,0.23,-1.38,0.57,1.15,0.93,0.98,0,-1.29,neutral,neutral,0,0.574,32,3978,0,
s16733,JUPUSDT,1783485900000,train,-1,-4.98,0.682,6.16,5.37,0.69,-3.69,1.48,0.94,0.89,0.89,0,-1.29,neutral,neutral,0,1.13,32,3978,0,
s16734,ONDOUSDT,1783485900000,train,-1,-2.02,0.374,2.74,2.16,0.58,-0.73,0.8,0.9,0.76,0.77,0,-1.29,neutral,neutral,0,1.129,32,3977,0,
s16735,STXUSDT,1783485900000,testB,-1,-2.53,0.429,4.26,2.78,0.16,-1.24,0.52,2.93,1.94,1.54,1,-1.29,neutral,neutral,0,-1.0,30,3977,0,
s16736,MANAUSDT,1783485900000,testB,-1,-2.02,0.389,3.24,2.06,0.51,-0.73,0.16,0.42,0.33,0.4,0,-1.29,neutral,neutral,0,-1.0,27,3977,0,
s16737,AXSUSDT,1783485900000,testB,-1,-2.32,0.511,3.62,2.58,0.39,-1.03,0.64,1.16,1.0,0.87,1,-1.29,neutral,neutral,0,-1.0,29,3977,0,
s16738,STBLUSDT,1783486800000,train,-1,-2.1,0.358,3.15,2.15,0.27,-0.78,0.42,0.93,0.85,1.06,0,-1.32,neutral,neutral,0,0.939,32,3979,1,
s16739,0GUSDT,1783486800000,train,-1,-3.92,0.494,6.69,4.13,0.23,-2.6,0.67,2.03,1.52,1.11,1,-1.32,neutral,neutral,0,0.304,32,3979,0,
s16740,WLDUSDT,1783486800000,train,-1,-3.06,0.407,4.28,3.15,0.99,-1.74,0.74,0.67,0.64,0.72,0,-1.32,neutral,neutral,0,0.093,32,3979,1,
s16741,ENAUSDT,1783486800000,train,-1,-3.12,0.426,4.71,3.25,0.5,-1.8,0.55,0.88,0.71,0.76,0,-1.32,neutral,neutral,0,0.426,32,3979,0,
s16742,OPUSDT,1783486800000,train,-1,-2.92,0.469,4.61,3.11,0.41,-1.6,0.68,1.34,1.3,1.08,1,-1.32,neutral,neutral,0,0.677,32,3979,0,
s16743,INJUSDT,1783486800000,train,-1,-2.01,0.356,3.0,2.16,0.39,-0.7,0.63,0.85,1.0,1.02,0,-1.32,neutral,neutral,0,1.0,32,3979,0,
s16744,SUIUSDT,1783486800000,train,-1,-2.29,0.459,3.41,2.36,0.32,-0.98,0.4,0.95,1.0,0.87,0,-1.32,neutral,neutral,0,0.751,32,3979,0,
s16745,SEIUSDT,1783486800000,train,-1,-2.57,0.4,3.97,2.63,0.19,-1.25,0.61,1.13,0.91,0.93,0,-1.32,neutral,neutral,0,0.508,32,3979,1,
s16746,JUPUSDT,1783486800000,train,-1,-4.16,0.538,5.86,4.43,0.65,-2.84,0.78,1.14,0.96,0.91,1,-1.32,neutral,neutral,0,1.441,32,3979,0,
s16747,STXUSDT,1783486800000,testB,-1,-2.23,0.374,3.95,2.28,0.1,-0.92,0.33,2.95,1.9,1.48,1,-1.32,neutral,neutral,0,-1.0,29,3978,0,
s16748,XPLUSDT,1783487700000,train,-1,-4.96,0.391,8.15,5.36,0.55,-3.94,1.41,1.16,0.96,0.89,1,-1.02,neutral,neutral,0,0.276,32,3980,1,
s16749,STBLUSDT,1783487700000,train,-1,-2.49,0.397,3.04,2.51,0.63,-1.46,0.84,0.93,0.85,1.06,0,-1.02,neutral,bajista,0,0.684,32,3980,2,
s16750,0GUSDT,1783487700000,train,-1,-3.83,0.487,6.24,3.99,0.22,-2.81,0.88,2.03,1.52,1.11,1,-1.02,neutral,neutral,0,0.368,32,3980,1,
s16751,ENAUSDT,1783487700000,train,-1,-2.42,0.363,4.08,2.66,0.6,-1.4,0.56,0.88,0.71,0.76,0,-1.02,neutral,neutral,0,0.616,32,3980,1,
s16752,OPUSDT,1783487700000,train,-1,-2.63,0.443,4.31,2.81,0.42,-1.61,0.67,1.34,1.3,1.08,1,-1.02,neutral,neutral,0,0.714,32,3980,0,
s16753,JUPUSDT,1783487700000,train,-1,-5.47,0.604,6.31,5.87,0.99,-4.44,2.28,1.14,0.96,0.91,1,-1.02,neutral,neutral,0,0.932,32,3980,1,
s16754,XPLUSDT,1783488600000,train,-1,-4.21,0.35,7.26,4.76,0.51,-3.38,1.61,1.16,0.96,0.89,1,-0.84,neutral,bajista,0,-0.007,32,3981,2,
s16755,JUPUSDT,1783488600000,train,-1,-3.28,0.456,4.1,3.53,0.87,-2.45,1.95,1.14,0.96,0.91,1,-0.84,neutral,neutral,0,1.387,32,3981,0,
s16756,JUPUSDT,1783489500000,train,-1,-2.7,0.406,3.75,3.13,1.43,-2.09,1.82,1.14,0.96,0.91,1,-0.62,neutral,neutral,1,2.0,13,3982,1,
s16757,ARBUSDT,1783490400000,train,1,2.58,0.593,3.23,3.16,0.97,2.99,0.94,1.61,1.25,1.11,1,-0.4,neutral,alcista,0,-0.392,32,3983,2,
s16758,JUPUSDT,1783490400000,train,-1,-2.66,0.403,3.88,3.0,1.58,-2.26,1.65,1.53,1.14,1.01,1,-0.4,neutral,bajista,1,2.0,11,3983,2,
s16759,LDOUSDT,1783490400000,testB,1,4.8,0.395,6.12,4.58,0.57,5.21,0.75,7.45,6.32,5.98,1,-0.4,neutral,neutral,0,-1.0,7,3982,0,
s16760,ARBUSDT,1783491300000,train,1,2.7,0.604,3.63,3.35,1.26,3.12,1.18,1.61,1.25,1.11,1,-0.42,neutral,alcista,0,-0.496,32,3984,3,
s16761,ARBUSDT,1783492200000,train,1,2.21,0.528,2.71,2.32,1.37,2.89,1.01,1.61,1.25,1.11,1,-0.68,neutral,neutral,0,-1.0,8,3985,0,
s16762,JUPUSDT,1783492200000,train,-1,-2.55,0.371,3.24,2.98,1.31,-1.87,1.56,1.53,1.14,1.01,1,-0.68,neutral,neutral,0,-1.0,1,3985,1,
s16763,ONDOUSDT,1783492200000,train,-1,-2.69,0.587,3.9,3.84,2.59,-2.02,1.84,1.05,0.88,0.82,1,-0.68,neutral,bajista,0,0.336,32,3984,5,
s16764,ARBUSDT,1783493100000,train,1,2.34,0.543,2.82,2.35,1.39,2.86,1.24,1.61,1.25,1.11,1,-0.51,neutral,neutral,0,-1.0,7,3986,1,
s16765,ONDOUSDT,1783493100000,train,-1,-2.65,0.576,3.98,3.41,2.19,-2.14,1.23,1.05,0.88,0.82,1,-0.51,neutral,neutral,0,0.679,32,3985,0,
s16766,ONDOUSDT,1783494000000,train,-1,-2.92,0.676,3.75,3.03,1.47,-2.41,1.01,0.99,0.87,0.84,1,-0.51,neutral,neutral,0,1.021,32,3986,0,
s16767,ARBUSDT,1783494900000,train,1,2.3,0.497,3.12,3.09,1.31,2.68,1.66,1.55,1.29,1.13,1,-0.38,neutral,neutral,0,-1.0,5,3988,1,
s16768,JUPUSDT,1783494900000,train,-1,-2.46,0.358,3.59,2.88,2.75,-2.08,0.95,1.49,1.15,1.02,1,-0.38,neutral,bajista,1,2.0,6,3988,2,
s16769,PENDLEUSDT,1783494900000,train,1,2.97,0.362,4.14,4.05,2.17,3.35,2.53,1.31,1.1,1.29,0,-0.38,neutral,alcista,0,-1.0,15,3988,3,
s16770,ONDOUSDT,1783494900000,train,-1,-2.61,0.566,3.74,2.68,1.08,-2.23,0.68,0.99,0.87,0.84,1,-0.38,neutral,neutral,0,1.291,32,3987,0,
s16771,PENDLEUSDT,1783495800000,train,1,3.12,0.384,4.45,3.55,2.86,3.31,1.79,1.31,1.1,1.29,0,-0.19,neutral,neutral,0,-1.0,14,3989,0,
s16772,ONDOUSDT,1783495800000,train,-1,-2.13,0.493,3.61,2.46,0.94,-1.94,0.58,0.99,0.87,0.84,1,-0.19,neutral,neutral,0,1.278,32,3988,0,
s16773,PENDLEUSDT,1783496700000,train,1,3.1,0.383,4.45,3.67,2.48,2.92,1.76,1.31,1.1,1.29,0,0.18,neutral,neutral,0,-1.0,13,3990,1,
s16774,ONDOUSDT,1783496700000,train,-1,-2.11,0.489,3.15,2.18,0.82,-2.29,0.75,0.99,0.87,0.84,1,0.18,neutral,neutral,0,1.329,32,3989,1,
s16775,ARBUSDT,1783497600000,train,1,2.46,0.478,3.3,2.52,1.02,2.4,0.72,1.78,1.54,1.24,1,0.06,neutral,neutral,0,-1.0,2,3991,1,
s16776,PENDLEUSDT,1783497600000,train,1,3.26,0.408,4.47,3.48,3.0,3.2,1.31,1.89,1.36,1.46,0,0.06,neutral,neutral,0,-1.0,12,3991,0,
s16777,APEUSDT,1783497600000,testB,1,5.14,0.497,5.63,5.63,1.28,5.08,2.67,4.73,3.19,2.62,1,0.06,neutral,alcista,0,0.25,32,3990,4,
s16778,WLDUSDT,1783498500000,train,-1,-2.71,0.429,3.66,2.86,2.22,-1.45,1.6,0.77,0.74,0.78,0,-1.26,neutral,neutral,0,-1.0,13,3992,1,
s16779,OPUSDT,1783498500000,train,-1,-3.0,0.652,3.92,3.3,5,-1.74,1.99,1.96,1.6,1.4,1,-1.26,neutral,bajista,0,-0.5,32,3992,2,
s16780,JUPUSDT,1783498500000,train,-1,-3.84,0.53,5.5,5.45,1.03,-2.58,2.66,1.85,1.38,1.16,1,-1.26,neutral,bajista,0,0.358,32,3992,6,
s16781,ONDOUSDT,1783498500000,train,-1,-2.7,0.473,3.03,2.87,1.54,-1.44,1.53,1.19,1.03,0.91,1,-1.26,neutral,neutral,0,0.385,32,3991,1,
s16782,FETUSDT,1783498500000,train,-1,-2.28,0.468,3.34,2.52,3.49,-1.01,1.18,1.39,1.23,1.31,0,-1.26,neutral,neutral,0,0.725,32,3991,1,
s16783,LDOUSDT,1783498500000,testB,-1,-5.46,0.402,7.45,6.38,1.07,-4.19,2.91,8.08,6.45,6.64,0,-1.26,neutral,bajista,0,-1.0,22,3991,4,
s16784,PUMPUSDT,1783499400000,train,-1,-4.41,0.507,5.9,5.29,4.06,-3.31,3.49,1.16,1.07,1.01,1,-1.1,neutral,bajista,0,-0.167,32,3993,5,
s16785,OPUSDT,1783499400000,train,-1,-2.11,0.488,3.91,2.98,5,-1.01,1.52,1.96,1.6,1.4,1,-1.1,neutral,neutral,0,-0.483,32,3993,0,
s16786,JUPUSDT,1783499400000,train,-1,-4.16,0.549,6.21,6.03,1.28,-3.06,2.83,1.85,1.38,1.16,1,-1.1,neutral,bajista,0,0.333,32,3993,7,
s16787,ONDOUSDT,1783499400000,train,-1,-2.56,0.459,3.35,2.81,1.96,-1.46,1.59,1.19,1.03,0.91,1,-1.1,neutral,bajista,0,0.247,32,3992,2,
s16788,FETUSDT,1783499400000,train,-1,-2.46,0.488,3.16,2.59,3.27,-1.37,1.41,1.39,1.23,1.31,0,-1.1,neutral,bajista,0,0.39,32,3992,2,
s16789,LDOUSDT,1783499400000,testB,-1,-4.46,0.351,7.14,6.68,1.08,-3.36,3.32,8.08,6.45,6.64,0,-1.1,neutral,bajista,0,-1.0,21,3992,5,
s16790,XPLUSDT,1783500300000,train,-1,-2.77,0.369,4.23,4.04,2.31,-1.53,1.61,1.03,1.02,0.95,1,-1.24,neutral,bajista,0,-0.024,32,3994,5,
s16791,PUMPUSDT,1783500300000,train,-1,-4.84,0.591,5.89,5.22,4.84,-3.6,3.15,1.16,1.07,1.01,1,-1.24,neutral,neutral,0,-0.247,32,3994,0,
s16792,ENAUSDT,1783500300000,train,-1,-2.28,0.396,3.55,3.02,4.31,-1.04,1.71,1.0,0.82,0.84,0,-1.24,neutral,bajista,0,-0.685,32,3994,5,
s16793,OPUSDT,1783500300000,train,-1,-2.41,0.6,3.91,2.98,5,-1.17,1.36,1.96,1.6,1.4,1,-1.24,neutral,neutral,0,-0.414,32,3994,0,
s16794,SEIUSDT,1783500300000,train,-1,-2.06,0.416,2.58,2.19,2.04,-0.82,1.33,1.11,1.19,1.04,0,-1.24,neutral,bajista,0,-0.594,32,3994,3,
s16795,ONDOUSDT,1783500300000,train,-1,-2.62,0.464,3.35,2.91,2.06,-1.38,1.45,1.19,1.03,0.91,1,-1.24,neutral,bajista,0,0.087,32,3993,3,
s16796,FETUSDT,1783500300000,train,-1,-2.65,0.506,3.1,2.72,3.59,-1.41,1.44,1.39,1.23,1.31,0,-1.24,neutral,bajista,0,0.093,32,3993,3,
s16797,LDOUSDT,1783500300000,testB,-1,-6.13,0.473,8.1,7.84,1.12,-4.89,4.06,8.08,6.45,6.64,0,-1.24,neutral,bajista,0,-1.0,20,3993,6,
s16798,XPLUSDT,1783501200000,train,-1,-3.4,0.488,4.18,3.83,2.4,-1.94,1.55,1.04,1.08,0.96,0,-1.46,neutral,bajista,0,-0.066,32,3995,6,
s16799,PUMPUSDT,1783501200000,train,-1,-4.33,0.528,5.74,4.8,5,-2.87,2.7,0.98,1.13,1.0,0,-1.46,neutral,neutral,0,-0.141,32,3995,0,
s16800,ENAUSDT,1783501200000,train,-1,-2.52,0.461,3.55,2.9,4.48,-1.06,1.46,1.04,0.83,0.85,0,-1.46,neutral,neutral,0,-0.782,32,3995,0,
s16801,OPUSDT,1783501200000,train,-1,-2.71,0.659,3.91,3.19,4.36,-1.25,1.48,2.07,1.69,1.46,1,-1.46,neutral,neutral,0,-0.452,32,3995,1,
s16802,SUIUSDT,1783501200000,train,-1,-2.03,0.516,2.74,2.54,5,-0.57,1.38,1.02,1.01,1.01,1,-1.46,neutral,bajista,0,-0.337,32,3995,4,
s16803,SEIUSDT,1783501200000,train,-1,-2.04,0.414,2.58,2.21,2.07,-0.58,1.28,1.14,1.22,1.06,0,-1.46,neutral,bajista,0,-0.637,32,3995,4,
s16804,ONDOUSDT,1783501200000,train,-1,-2.68,0.475,3.32,2.91,1.64,-1.22,1.36,1.15,1.03,0.92,1,-1.46,neutral,bajista,0,0.163,32,3994,4,
s16805,FETUSDT,1783501200000,train,-1,-2.9,0.528,3.12,3.05,3.88,-1.45,1.85,1.72,1.37,1.4,0,-1.46,neutral,bajista,0,-0.062,32,3994,4,
s16806,XPLUSDT,1783502100000,train,-1,-2.63,0.422,3.37,3.01,1.58,-1.3,1.45,1.04,1.08,0.96,0,-1.33,neutral,bajista,0,-1.0,18,3996,7,
s16807,PUMPUSDT,1783502100000,train,-1,-3.65,0.483,5.68,4.73,3.67,-2.31,2.43,0.98,1.13,1.0,0,-1.33,neutral,neutral,0,-0.229,32,3996,0,
s16808,ENAUSDT,1783502100000,train,-1,-2.36,0.425,3.55,2.78,2.06,-1.03,1.17,1.04,0.83,0.85,0,-1.33,neutral,neutral,0,-0.792,32,3996,0,
s16809,OPUSDT,1783502100000,train,-1,-2.91,0.674,3.72,3.2,1.6,-1.57,1.45,2.07,1.69,1.46,1,-1.33,neutral,bajista,0,-0.613,32,3996,2,
s16810,ONDOUSDT,1783502100000,train,-1,-2.9,0.495,3.39,3.08,0.92,-1.56,1.4,1.15,1.03,0.92,1,-1.33,neutral,bajista,0,-0.113,32,3995,5,
s16811,FETUSDT,1783502100000,train,-1,-2.55,0.494,3.57,2.8,1.85,-1.22,1.82,1.72,1.37,1.4,0,-1.33,neutral,bajista,0,-0.25,32,3995,5,
s16812,ARUSDT,1783502100000,testB,-1,-2.18,0.518,2.9,2.8,2.11,-0.85,1.33,0.89,0.81,0.68,1,-1.33,neutral,bajista,0,-0.481,32,3995,2,
s16813,LDOUSDT,1783502100000,testB,-1,-7.12,0.559,8.22,7.8,0.94,-5.79,3.42,7.35,6.54,6.78,0,-1.33,neutral,neutral,0,-1.0,18,3995,0,
s16814,0GUSDT,1783503000000,train,-1,-2.19,0.389,4.17,3.15,1.62,-1.43,1.4,1.92,2.0,1.47,0,-0.76,neutral,neutral,0,0.017,32,3997,0,
s16815,OPUSDT,1783503000000,train,-1,-2.31,0.535,3.7,2.88,0.77,-1.55,1.08,2.07,1.69,1.46,1,-0.76,neutral,neutral,0,-0.536,32,3997,0,
s16816,JUPUSDT,1783503000000,train,-1,-4.54,0.493,9.23,7.2,1.62,-3.78,2.41,2.06,1.51,1.23,1,-0.76,neutral,neutral,0,-0.0,32,3997,0,
s16817,ONDOUSDT,1783503000000,train,-1,-2.19,0.364,3.0,2.24,0.47,-1.43,0.87,1.15,1.03,0.92,1,-0.76,neutral,neutral,0,-0.042,32,3996,0,
s16818,LDOUSDT,1783503000000,testB,-1,-4.87,0.367,8.11,6.26,0.91,-4.11,1.92,7.35,6.54,6.78,0,-0.76,neutral,neutral,0,-1.0,17,3996,0,
s16819,PUMPUSDT,1783503900000,train,-1,-3.25,0.385,5.65,4.24,0.94,-2.32,1.69,0.98,1.13,1.0,0,-0.93,neutral,neutral,0,-0.143,32,3998,1,
s16820,0GUSDT,1783503900000,train,-1,-2.3,0.4,4.18,3.43,1.6,-1.37,1.55,1.92,2.0,1.47,0,-0.93,neutral,neutral,0,-0.047,32,3998,1,
s16821,ENAUSDT,1783503900000,train,-1,-2.15,0.388,3.54,2.65,0.59,-1.22,1.0,1.04,0.83,0.85,0,-0.93,neutral,neutral,0,-0.57,32,3998,1,
s16822,OPUSDT,1783503900000,train,-1,-2.71,0.574,3.72,3.31,0.63,-1.78,1.36,2.07,1.69,1.46,1,-0.93,neutral,neutral,0,-0.594,32,3998,1,
s16823,JUPUSDT,1783503900000,train,-1,-5.03,0.518,9.29,7.85,0.84,-4.1,2.81,2.06,1.51,1.23,1,-0.93,neutral,neutral,0,-0.006,32,3998,1,
s16824,ONDOUSDT,1783503900000,train,-1,-2.23,0.367,2.82,2.28,0.35,-1.3,0.99,1.15,1.03,0.92,1,-0.93,neutral,neutral,0,0.028,32,3997,1,
s16825,FETUSDT,1783503900000,train,-1,-2.48,0.513,3.57,2.74,1.44,-1.55,1.43,1.72,1.37,1.4,0,-0.93,neutral,neutral,0,-0.07,32,3997,1,
s16826,LDOUSDT,1783503900000,testB,-1,-5.76,0.456,8.12,6.47,0.66,-4.83,2.01,7.35,6.54,6.78,0,-0.93,neutral,neutral,0,-1.0,16,3997,1,
s16827,PUMPUSDT,1783504800000,train,-1,-3.26,0.385,5.66,4.38,0.68,-2.26,1.55,0.99,1.09,1.0,0,-1.0,neutral,bajista,0,-0.215,32,3999,2,
s16828,OPUSDT,1783504800000,train,-1,-2.52,0.556,3.72,3.41,0.57,-1.52,1.32,2.16,1.73,1.49,1,-1.0,neutral,bajista,0,-0.697,32,3999,2,
s16829,FETUSDT,1783504800000,train,-1,-2.55,0.519,3.58,3.13,1.53,-1.56,1.56,1.74,1.4,1.42,0,-1.0,neutral,bajista,0,-0.327,32,3998,2,
s16830,JUPUSDT,1783505700000,train,-1,-5.24,0.506,9.3,7.95,0.48,-4.44,2.16,2.11,1.52,1.25,1,-0.8,neutral,neutral,0,-0.041,32,4000,0,
s16831,FETUSDT,1783505700000,train,-1,-2.56,0.519,3.58,3.2,0.71,-1.75,1.42,1.74,1.4,1.42,0,-0.8,neutral,bajista,0,-0.3,32,3999,3,
s16832,JUPUSDT,1783506600000,train,-1,-4.35,0.445,9.29,7.8,0.43,-3.72,1.82,2.11,1.52,1.25,1,-0.63,neutral,neutral,0,0.024,32,4001,0,
s16833,FETUSDT,1783506600000,train,-1,-2.18,0.422,3.57,2.87,0.6,-1.55,1.05,1.74,1.4,1.42,0,-0.63,neutral,neutral,0,-0.244,32,4000,0,
s16834,JUPUSDT,1783507500000,train,-1,-4.81,0.522,6.77,5.19,0.38,-4.05,1.56,2.11,1.52,1.25,1,-0.76,neutral,neutral,0,-0.054,32,4002,0,
s16835,FETUSDT,1783507500000,train,-1,-2.24,0.439,3.56,2.61,0.55,-1.47,0.68,1.74,1.4,1.42,0,-0.76,neutral,neutral,0,-0.293,32,4001,0,
s16836,JUPUSDT,1783508400000,train,-1,-4.59,0.491,6.76,5.0,0.46,-3.59,1.28,2.02,1.58,1.28,1,-1.0,neutral,neutral,0,0.074,32,4003,0,
s16837,FETUSDT,1783508400000,train,-1,-2.12,0.425,3.56,2.61,0.27,-1.12,0.61,1.72,1.42,1.42,0,-1.0,neutral,neutral,0,-0.293,32,4002,0,
s16838,PUMPUSDT,1783509300000,train,-1,-3.95,0.53,5.66,4.52,0.37,-2.86,1.07,1.01,1.11,1.0,0,-1.09,neutral,neutral,0,-0.478,32,4004,1,
s16839,0GUSDT,1783509300000,train,-1,-2.23,0.473,3.99,2.5,0.15,-1.15,0.34,1.95,2.04,1.49,0,-1.09,neutral,neutral,0,0.234,32,4004,0,
s16840,ARBUSDT,1783509300000,train,-1,-3.13,0.531,4.07,3.44,0.44,-2.04,0.82,1.85,1.69,1.35,1,-1.09,neutral,bajista,0,-0.211,32,4004,3,
s16841,JUPUSDT,1783509300000,train,-1,-4.47,0.483,6.4,4.82,0.44,-3.39,1.21,2.02,1.58,1.28,1,-1.09,neutral,neutral,0,0.019,32,4004,1,
s16842,PENDLEUSDT,1783509300000,train,-1,-3.42,0.503,5.29,3.94,0.51,-2.33,0.55,2.28,1.64,1.51,1,-1.09,neutral,neutral,0,-1.0,22,4004,0,
s16843,FETUSDT,1783509300000,train,-1,-2.24,0.462,3.56,2.48,0.25,-1.15,0.43,1.72,1.42,1.42,0,-1.09,neutral,neutral,0,-0.333,32,4003,0,
s16844,PUMPUSDT,1783510200000,train,-1,-3.43,0.431,5.43,3.76,0.42,-2.65,0.53,1.01,1.11,1.0,0,-0.79,neutral,neutral,0,-0.286,32,4005,0,
s16845,PENDLEUSDT,1783510200000,train,-1,-2.49,0.37,5.27,3.49,0.6,-1.71,0.27,2.28,1.64,1.51,1,-0.79,neutral,neutral,0,-1.0,21,4005,0,
s16846,PUMPUSDT,1783511100000,train,-1,-3.05,0.395,5.43,3.69,0.44,-2.12,0.4,1.01,1.11,1.0,0,-0.93,neutral,neutral,0,-0.273,32,4006,0,
s16847,INJUSDT,1783511100000,train,-1,-2.47,0.36,4.38,3.3,0.79,-1.54,0.31,1.19,1.02,1.19,0,-0.93,neutral,neutral,0,-0.211,32,4006,1,
s16848,PUMPUSDT,1783512000000,train,-1,-3.26,0.41,4.78,3.43,0.49,-2.43,0.86,1.01,1.1,0.98,0,-0.83,neutral,neutral,0,-0.333,32,4007,1,
s16849,INJUSDT,1783512000000,train,-1,-3.14,0.476,4.15,3.28,0.77,-2.31,0.56,1.38,1.08,1.23,0,-0.83,neutral,bajista,0,-0.298,32,4007,2,
s16850,WLDUSDT,1783512900000,train,1,2.4,0.53,3.73,2.9,0.82,2.08,0.58,0.87,0.77,0.8,0,0.32,neutral,neutral,0,1.193,32,4008,0,
s16851,OPUSDT,1783512900000,train,1,2.27,0.5,2.82,2.72,0.66,1.95,1.09,2.93,2.15,1.72,1,0.32,neutral,neutral,0,0.0,32,4008,1,
s16852,STXUSDT,1783512900000,testB,1,2.99,0.774,4.17,3.44,0.93,2.67,1.53,2.03,2.53,1.81,0,0.32,neutral,alcista,0,0.421,32,4007,5,
s16853,MANAUSDT,1783512900000,testB,1,4.91,0.64,5.66,5.14,1.53,4.59,3.07,2.12,1.32,0.83,1,0.32,neutral,neutral,0,0.732,32,4007,1,
s16854,AXSUSDT,1783512900000,testB,1,2.39,0.489,4.15,3.34,0.84,2.07,0.87,2.97,2.1,1.52,1,0.32,neutral,neutral,0,0.212,32,4007,0,
s16855,STXUSDT,1783513800000,testB,1,2.74,0.667,4.36,3.15,1.72,2.65,1.17,2.03,2.53,1.81,0,0.09,neutral,neutral,0,0.385,32,4008,0,
s16856,LDOUSDT,1783513800000,testB,1,3.18,0.389,5.13,4.81,0.76,3.09,1.62,5.28,6.88,7.26,0,0.09,neutral,alcista,0,-0.229,32,4008,4,
s16857,MANAUSDT,1783513800000,testB,1,3.85,0.468,5.7,4.4,1.15,3.76,2.03,2.12,1.32,0.83,1,0.09,neutral,neutral,0,0.974,32,4008,0,
s16858,AXSUSDT,1783513800000,testB,1,2.92,0.636,3.64,2.94,0.7,2.83,0.89,2.97,2.1,1.52,1,0.09,neutral,neutral,0,0.31,32,4008,0,
s16859,STXUSDT,1783514700000,testB,1,2.36,0.543,4.37,2.86,1.97,2.45,0.74,2.03,2.53,1.81,0,-0.09,neutral,neutral,0,0.404,32,4009,0,
s16860,LDOUSDT,1783514700000,testB,1,3.74,0.483,5.15,4.3,0.89,3.83,1.01,5.28,6.88,7.26,0,-0.09,neutral,neutral,0,-0.088,32,4009,0,
s16861,MANAUSDT,1783514700000,testB,1,3.08,0.355,5.74,3.83,1.31,3.17,1.22,2.12,1.32,0.83,1,-0.09,neutral,neutral,1,2.0,29,4009,0,
s16862,AXSUSDT,1783514700000,testB,1,2.39,0.561,3.44,2.63,0.78,2.48,0.66,2.97,2.1,1.52,1,-0.09,neutral,neutral,0,0.346,32,4009,0,
s16863,STXUSDT,1783515600000,testB,1,2.43,0.565,4.37,2.86,2.09,2.37,0.85,2.26,2.44,1.86,0,0.06,neutral,neutral,0,0.149,32,4010,0,
s16864,LDOUSDT,1783515600000,testB,1,4.28,0.586,5.15,4.33,1.19,4.23,1.13,5.67,7.38,7.65,0,0.06,neutral,neutral,0,0.058,32,4010,0,
s16865,AXSUSDT,1783515600000,testB,1,2.49,0.6,3.44,2.63,0.79,2.43,0.82,3.08,2.22,1.6,1,0.06,neutral,neutral,0,0.115,32,4010,0,
s16866,STXUSDT,1783516500000,testB,1,2.5,0.588,4.08,2.37,1.89,2.66,0.6,2.26,2.44,1.86,0,-0.17,neutral,neutral,1,2.0,15,4011,0,
s16867,LDOUSDT,1783516500000,testB,1,3.82,0.518,4.85,3.77,0.83,3.98,0.88,5.67,7.38,7.65,0,-0.17,neutral,neutral,1,2.0,3,4011,0,
s16868,MANAUSDT,1783516500000,testB,1,3.4,0.381,5.68,3.46,1.13,3.57,0.91,2.27,1.42,0.9,1,-0.17,neutral,neutral,1,2.0,23,4011,1,
s16869,AXSUSDT,1783516500000,testB,1,2.07,0.476,3.15,2.03,0.72,2.24,0.52,3.08,2.22,1.6,1,-0.17,neutral,neutral,0,0.4,32,4011,0,
s16870,STXUSDT,1783517400000,testB,1,2.67,0.606,3.87,2.9,1.05,2.95,1.2,2.26,2.44,1.86,0,-0.29,neutral,neutral,0,0.104,32,4012,1,
s16871,LDOUSDT,1783517400000,testB,1,3.66,0.511,4.79,4.69,1.0,3.95,2.12,5.67,7.38,7.65,0,-0.29,neutral,neutral,0,-0.1,32,4012,1,
s16872,MANAUSDT,1783517400000,testB,1,3.75,0.406,5.64,4.28,1.04,4.04,1.58,2.27,1.42,0.9,1,-0.29,neutral,alcista,0,1.201,32,4012,2,
s16873,WLDUSDT,1783518300000,train,1,2.14,0.374,2.55,2.12,1.34,2.32,1.08,0.94,0.79,0.77,1,-0.18,neutral,alcista,0,1.8,32,4014,2,
s16874,TIAUSDT,1783518300000,train,1,2.97,0.405,3.21,3.19,0.76,3.14,1.39,1.59,1.46,1.3,1,-0.18,neutral,alcista,0,-0.392,32,4014,2,
s16875,STXUSDT,1783518300000,testB,1,2.73,0.611,3.86,3.02,0.93,2.9,1.2,2.26,2.44,1.86,0,-0.18,neutral,alcista,0,0.04,32,4013,2,
s16876,LDOUSDT,1783518300000,testB,1,7.41,0.704,7.23,7.11,2.09,7.58,5.11,5.67,7.38,7.65,0,-0.18,neutral,alcista,0,-0.417,32,4013,2,
s16877,MANAUSDT,1783518300000,testB,1,4.04,0.448,5.64,4.19,1.0,4.21,1.39,2.27,1.42,0.9,1,-0.18,neutral,neutral,0,1.382,32,4013,0,
s16878,WLDUSDT,1783519200000,train,1,2.62,0.424,3.44,2.68,1.88,2.55,1.81,0.85,0.81,0.76,1,0.06,neutral,alcista,0,0.912,32,4015,3,
s16879,TIAUSDT,1783519200000,train,1,3.4,0.439,5.6,3.52,1.76,3.34,1.89,1.7,1.52,1.3,1,0.06,neutral,alcista,0,-0.194,32,4015,3,
s16880,STXUSDT,1783519200000,testB,1,2.85,0.639,3.56,2.77,1.03,2.79,1.17,2.14,1.7,1.85,0,0.06,neutral,alcista,0,0.022,32,4014,3,
s16881,MANAUSDT,1783519200000,testB,1,3.85,0.417,5.55,3.71,0.93,3.79,0.94,2.04,1.48,0.92,1,0.06,neutral,neutral,1,2.0,24,4014,0,
s16882,STXUSDT,1783520100000,testB,1,2.35,0.559,3.26,2.36,0.63,2.54,0.88,2.14,1.7,1.85,0,-0.19,neutral,neutral,0,0.154,32,4015,0,
s16883,ONDOUSDT,1783522800000,train,-1,-2.46,0.443,3.42,3.36,4.64,-1.66,1.93,1.21,1.19,0.98,1,-0.8,neutral,bajista,0,-0.51,32,4018,6,
s16884,ONDOUSDT,1783523700000,train,-1,-2.4,0.437,3.68,3.39,3.21,-1.6,1.78,1.21,1.19,0.98,1,-0.79,neutral,bajista,0,-0.514,32,4019,7,
s16885,XPLUSDT,1783524600000,train,-1,-2.71,0.39,4.68,3.82,1.43,-1.58,1.17,0.83,0.94,0.91,0,-1.13,neutral,neutral,0,0.121,32,4021,0,
s16886,JUPUSDT,1783524600000,train,-1,-2.07,0.385,3.28,2.95,1.03,-0.94,0.87,0.87,1.48,1.24,0,-1.13,neutral,neutral,0,-0.0,32,4021,0,
s16887,ONDOUSDT,1783524600000,train,-1,-2.66,0.515,3.63,2.93,1.88,-1.53,1.28,1.21,1.19,0.98,1,-1.13,neutral,neutral,0,-0.451,32,4020,0,
s16888,ARUSDT,1783524600000,testB,-1,-2.09,0.441,2.7,2.49,0.43,-0.96,1.0,1.18,1.03,0.79,1,-1.13,neutral,neutral,0,-0.479,32,4020,0,
s16889,XPLUSDT,1783525500000,train,-1,-2.72,0.39,4.69,4.1,1.35,-1.76,1.39,0.83,0.94,0.91,0,-0.96,neutral,neutral,0,-0.005,32,4022,1,
s16890,ONDOUSDT,1783525500000,train,-1,-2.51,0.488,3.63,2.86,0.77,-1.55,1.08,1.21,1.19,0.98,1,-0.96,neutral,neutral,0,-0.494,32,4021,0,
s16891,FETUSDT,1783525500000,train,-1,-2.02,0.516,2.77,2.39,4.42,-1.07,1.06,1.32,1.53,1.33,0,-0.96,neutral,neutral,0,-1.0,12,4021,1,
s16892,ARUSDT,1783525500000,testB,-1,-2.04,0.435,2.7,2.55,0.36,-1.08,0.93,1.18,1.03,0.79,1,-0.96,neutral,neutral,0,-0.531,32,4021,1,
s16893,ONDOUSDT,1783526400000,train,-1,-2.03,0.363,3.51,2.17,0.59,-1.27,0.45,1.25,1.21,0.97,1,-0.76,neutral,neutral,0,-0.279,32,4022,0,
s16894,LDOUSDT,1783527300000,testB,1,6.05,0.369,8.7,6.86,0.69,6.63,3.66,8.71,8.4,8.48,0,-0.58,neutral,alcista,0,-1.0,11,4023,3,
s16895,INJUSDT,1783528200000,train,1,2.54,0.523,3.63,3.41,0.83,2.61,1.16,1.29,1.18,1.11,1,-0.07,neutral,alcista,0,0.681,32,4025,6,
s16896,LDOUSDT,1783528200000,testB,1,6.64,0.391,8.64,7.49,0.74,6.71,3.89,8.71,8.4,8.48,0,-0.07,neutral,alcista,0,-1.0,10,4024,4,
s16897,INJUSDT,1783529100000,train,1,3.93,0.719,3.97,3.91,0.98,3.69,1.96,1.29,1.18,1.11,1,0.25,neutral,alcista,0,0.584,32,4026,7,
s16898,PENDLEUSDT,1783529100000,train,1,3.34,0.405,4.17,4.14,1.66,3.09,2.41,1.47,1.88,1.37,0,0.25,neutral,alcista,0,-1.0,14,4026,7,
s16899,STXUSDT,1783529100000,testB,1,3.16,0.456,3.95,3.83,1.43,2.91,2.51,2.26,1.74,1.88,0,0.25,neutral,alcista,0,-0.446,32,4025,6,
s16900,LDOUSDT,1783529100000,testB,1,7.37,0.442,8.63,7.63,0.81,7.12,3.61,8.71,8.4,8.48,0,0.25,neutral,alcista,0,-1.0,9,4025,5,
s16901,STXUSDT,1783530000000,testB,1,3.89,0.508,5.61,4.5,5,3.66,2.88,3.15,2.38,2.2,1,0.23,neutral,alcista,0,-0.351,32,4026,7,
s16902,LDOUSDT,1783530000000,testB,1,6.61,0.381,8.24,6.55,0.68,6.37,2.46,8.96,8.09,8.37,0,0.23,neutral,neutral,0,-1.0,8,4026,0,
s16903,INJUSDT,1783530900000,train,1,2.67,0.37,3.75,2.58,2.87,1.91,1.02,1.61,1.41,1.21,1,0.76,neutral,neutral,0,1.421,32,4028,1,
s16904,STXUSDT,1783530900000,testB,1,3.71,0.473,5.63,4.17,5,2.95,2.31,3.15,2.38,2.2,1,0.76,neutral,neutral,0,-0.31,32,4027,0,
s16905,LDOUSDT,1783530900000,testB,1,6.27,0.354,8.26,5.99,0.58,5.51,1.68,8.96,8.09,8.37,0,0.76,neutral,neutral,0,-1.0,7,4027,0,
s16906,MANAUSDT,1783530900000,testB,1,3.74,0.455,4.8,4.67,0.96,2.97,2.63,1.6,1.73,1.02,0,0.76,neutral,alcista,0,0.955,32,4027,6,
s16907,XPLUSDT,1783531800000,train,-1,-2.38,0.412,4.94,3.41,0.49,-2.87,0.19,0.8,0.89,0.92,0,0.49,neutral,bajista,0,-0.295,32,4029,2,
s16908,STXUSDT,1783531800000,testB,1,2.78,0.383,5.64,4.0,5,2.29,1.96,3.15,2.38,2.2,1,0.49,neutral,neutral,0,-0.397,32,4028,0,
s16909,MANAUSDT,1783531800000,testB,1,3.08,0.41,4.9,4.87,1.05,2.58,2.65,1.6,1.73,1.02,0,0.49,neutral,alcista,0,0.712,32,4028,7,
s16910,APEUSDT,1783531800000,testB,1,3.83,0.392,6.1,5.84,1.62,3.33,3.76,4.93,6.87,4.34,0,0.49,neutral,alcista,0,0.587,32,4028,4,
s16911,XPLUSDT,1783532700000,train,-1,-2.18,0.39,4.23,3.11,0.41,-2.44,0.57,0.8,0.89,0.92,0,0.26,neutral,bajista,0,-1.0,29,4030,3,
s16912,MANAUSDT,1783532700000,testB,1,3.02,0.399,5.32,4.74,1.14,2.76,2.33,1.6,1.73,1.02,0,0.26,neutral,neutral,0,0.698,32,4029,0,
s16913,XPLUSDT,1783533600000,train,-1,-2.1,0.371,3.82,2.53,0.51,-2.51,0.41,0.78,0.87,0.9,0,0.41,neutral,neutral,0,-1.0,28,4031,0,
s16914,MANAUSDT,1783533600000,testB,1,3.56,0.484,5.87,4.87,1.65,3.16,2.2,1.58,1.89,1.12,0,0.41,neutral,neutral,0,0.823,32,4030,1,
s16915,MANAUSDT,1783534500000,testB,1,4.44,0.575,5.84,5.42,1.53,4.12,2.41,1.58,1.89,1.12,0,0.32,neutral,alcista,0,0.636,32,4031,2,
s16916,MANAUSDT,1783535400000,testB,1,6.0,0.686,6.88,6.56,1.53,5.7,3.3,1.58,1.89,1.12,0,0.3,neutral,alcista,0,0.393,32,4032,3,
s16917,APEUSDT,1783535400000,testB,1,4.29,0.367,7.53,6.26,3.93,3.99,3.01,5.83,7.62,4.98,0,0.3,neutral,alcista,0,0.293,32,4032,2,
s16918,SANDUSDT,1783536300000,testB,1,2.26,0.522,3.12,3.1,0.64,1.79,1.37,1.02,1.15,0.9,0,0.47,neutral,alcista,0,0.0,32,4033,2,
s16919,MANAUSDT,1783536300000,testB,1,6.34,0.699,7.44,7.3,2.18,5.87,3.78,1.58,1.89,1.12,0,0.47,neutral,alcista,0,0.152,32,4033,4,
s16920,APEUSDT,1783536300000,testB,1,5.83,0.468,7.57,7.26,2.87,5.35,3.8,5.83,7.62,4.98,0,0.47,neutral,alcista,0,0.009,32,4033,3,
s16921,PUMPUSDT,1783537200000,train,1,2.58,0.559,3.38,3.11,0.64,1.8,0.96,0.63,0.83,0.84,0,0.78,neutral,neutral,0,-0.532,32,4035,0,
s16922,WLDUSDT,1783537200000,train,1,3.51,0.544,4.5,4.19,0.59,2.72,1.56,0.68,0.81,0.71,0,0.78,neutral,alcista,0,-0.457,32,4035,5,
s16923,OPUSDT,1783537200000,train,1,2.37,0.697,2.41,2.41,0.7,1.58,0.88,0.67,1.93,1.48,0,0.78,neutral,alcista,0,0.583,32,4035,2,
s16924,SEIUSDT,1783537200000,train,1,2.34,0.771,2.52,2.43,0.81,1.55,1.06,0.74,0.9,0.97,0,0.78,neutral,alcista,0,0.009,32,4035,3,
s16925,STXUSDT,1783537200000,testB,1,2.98,0.353,5.68,3.43,0.54,2.2,0.76,2.64,2.51,2.23,1,0.78,neutral,neutral,0,-0.362,32,4034,0,
s16926,SANDUSDT,1783537200000,testB,1,2.68,0.677,3.5,2.86,0.96,1.9,1.07,0.93,1.21,0.93,0,0.78,neutral,neutral,0,0.072,32,4034,0,
s16927,MANAUSDT,1783537200000,testB,1,6.25,0.67,7.82,6.29,2.35,5.46,2.43,1.66,2.01,1.23,0,0.78,neutral,neutral,0,0.326,32,4034,0,
s16928,APEUSDT,1783537200000,testB,1,5.82,0.468,9.19,7.38,2.86,5.04,3.44,6.82,8.24,5.49,0,0.78,neutral,alcista,0,0.0,32,4034,4,
s16929,PUMPUSDT,1783538100000,train,1,2.92,0.589,3.7,3.5,0.65,1.94,1.28,0.63,0.83,0.84,0,0.98,neutral,neutral,0,-0.623,32,4036,1,
s16930,WLDUSDT,1783538100000,train,1,4.42,0.701,4.67,4.51,0.67,3.43,1.71,0.68,0.81,0.71,0,0.98,neutral,alcista,0,-0.491,32,4036,6,
s16931,OPUSDT,1783538100000,train,1,2.05,0.667,2.11,2.11,0.83,1.07,0.81,0.67,1.93,1.48,0,0.98,neutral,alcista,0,0.762,32,4036,3,
s16932,SUIUSDT,1783538100000,train,1,2.04,0.587,2.22,2.12,0.51,1.05,0.67,0.93,1.08,0.96,0,0.98,neutral,neutral,0,0.311,32,4036,1,
s16933,SEIUSDT,1783538100000,train,1,2.25,0.765,2.39,2.31,0.77,1.26,0.97,0.74,0.9,0.97,0,0.98,neutral,neutral,0,0.046,32,4036,0,
s16934,FETUSDT,1783538100000,train,1,2.26,0.574,2.71,2.58,0.38,1.27,0.75,1.26,1.47,1.24,0,0.98,neutral,neutral,0,-0.244,32,4035,1,
s16935,STXUSDT,1783538100000,testB,1,3.36,0.414,5.68,3.37,0.39,2.38,0.68,2.64,2.51,2.23,1,0.98,neutral,neutral,0,-0.368,32,4035,0,
s16936,SANDUSDT,1783538100000,testB,1,2.51,0.628,3.28,2.53,0.94,1.52,0.9,0.93,1.21,0.93,0,0.98,neutral,neutral,0,0.049,32,4035,0,
s16937,MANAUSDT,1783538100000,testB,1,5.08,0.523,7.23,4.94,2.53,4.09,1.55,1.66,2.01,1.23,0,0.98,neutral,neutral,0,0.504,32,4035,0,
s16938,APEUSDT,1783538100000,testB,1,5.29,0.408,9.23,6.91,2.97,4.31,2.69,6.82,8.24,5.49,0,0.98,neutral,neutral,0,0.109,32,4035,0,
s16939,PUMPUSDT,1783539000000,train,1,2.1,0.403,3.05,2.32,0.62,1.03,0.62,0.63,0.83,0.84,0,1.07,neutral,neutral,0,-1.0,31,4037,0,
s16940,WLDUSDT,1783539000000,train,1,3.92,0.664,4.08,3.87,0.73,2.84,1.57,0.68,0.81,0.71,0,1.07,neutral,neutral,0,-0.46,32,4037,0,
s16941,SUIUSDT,1783539000000,train,1,2.12,0.597,2.2,2.19,0.41,1.05,0.77,0.93,1.08,0.96,0,1.07,neutral,alcista,0,0.365,32,4037,2,
s16942,SEIUSDT,1783539000000,train,1,2.01,0.689,2.31,2.12,0.84,0.93,0.74,0.74,0.9,0.97,0,1.07,neutral,neutral,0,0.27,32,4037,0,
s16943,FETUSDT,1783539000000,train,1,2.25,0.574,2.71,2.71,0.63,1.18,0.81,1.26,1.47,1.24,0,1.07,neutral,alcista,0,-0.186,32,4036,2,
s16944,STXUSDT,1783539000000,testB,1,3.18,0.382,5.69,3.2,0.39,2.11,0.41,2.64,2.51,2.23,1,1.07,neutral,neutral,0,-0.204,32,4036,0,
s16945,SANDUSDT,1783539000000,testB,1,2.44,0.622,3.13,2.45,2.97,1.37,0.86,0.93,1.21,0.93,0,1.07,neutral,neutral,0,0.212,32,4036,1,
s16946,MANAUSDT,1783539000000,testB,1,6.58,0.588,7.05,6.49,2.51,5.51,2.9,1.66,2.01,1.23,0,1.07,neutral,neutral,0,0.236,32,4036,1,
s16947,APEUSDT,1783539000000,testB,1,5.28,0.408,9.21,7.14,1.53,4.2,2.71,6.82,8.24,5.49,0,1.07,neutral,neutral,0,0.009,32,4036,1,
s16948,WLDUSDT,1783539900000,train,1,3.36,0.618,3.49,3.23,0.77,2.43,1.49,0.68,0.81,0.71,0,0.94,neutral,neutral,0,-0.488,32,4038,0,
s16949,FETUSDT,1783539900000,train,1,2.71,0.677,3.2,2.95,0.89,1.77,1.1,1.26,1.47,1.24,0,0.94,neutral,alcista,0,-0.191,32,4037,3,
s16950,MANAUSDT,1783539900000,testB,1,6.9,0.624,7.01,6.51,1.64,5.96,2.81,1.66,2.01,1.23,0,0.94,neutral,alcista,0,0.306,32,4037,2,
s16951,APEUSDT,1783539900000,testB,1,5.47,0.417,9.18,7.43,1.48,4.53,2.72,6.82,8.24,5.49,0,0.94,neutral,alcista,0,0.008,32,4037,2,
s16952,WLDUSDT,1783540800000,train,1,3.24,0.61,4.28,3.27,0.98,2.57,1.63,0.57,0.71,0.72,0,0.68,neutral,neutral,0,-0.709,32,4039,1,
s16953,FETUSDT,1783540800000,train,1,2.44,0.655,2.76,2.57,1.0,1.77,1.08,1.24,1.22,1.23,0,0.68,neutral,alcista,0,-0.39,32,4038,4,
s16954,MANAUSDT,1783540800000,testB,1,5.42,0.48,7.45,5.27,1.27,4.75,1.74,1.83,1.99,1.33,0,0.68,neutral,neutral,0,0.251,32,4038,0,
s16955,APEUSDT,1783540800000,testB,1,5.61,0.431,9.19,7.32,1.17,4.94,2.34,7.96,8.36,5.98,0,0.68,neutral,neutral,0,-0.017,32,4038,0,
s16956,WLDUSDT,1783541700000,train,1,2.78,0.574,4.28,3.3,0.95,2.21,1.44,0.57,0.71,0.72,0,0.57,neutral,neutral,0,-0.695,32,4040,0,
s16957,PENDLEUSDT,1783541700000,train,-1,-3.0,0.436,4.4,4.23,1.08,-3.57,1.27,1.07,1.36,1.35,0,0.57,neutral,bajista,0,-0.261,32,4040,6,
s16958,MANAUSDT,1783541700000,testB,1,4.26,0.405,6.52,4.12,1.11,3.69,1.33,1.83,1.99,1.33,0,0.57,neutral,neutral,0,0.272,32,4039,0,
s16959,APEUSDT,1783541700000,testB,1,6.91,0.531,9.14,7.84,0.95,6.34,2.6,7.96,8.36,5.98,0,0.57,neutral,neutral,0,0.032,32,4039,1,
s16960,WLDUSDT,1783542600000,train,1,2.49,0.485,4.08,2.82,1.04,2.27,0.98,0.57,0.71,0.72,0,0.22,neutral,neutral,0,-0.56,32,4041,0,
s16961,PENDLEUSDT,1783542600000,train,-1,-3.68,0.534,4.65,4.63,1.27,-3.9,1.54,1.07,1.36,1.35,0,0.22,neutral,bajista,0,-0.453,32,4041,7,
s16962,APEUSDT,1783542600000,testB,1,7.7,0.615,8.33,7.09,0.97,7.48,2.38,7.96,8.36,5.98,0,0.22,neutral,alcista,0,0.035,32,4040,2,
s16963,WLDUSDT,1783543500000,train,1,2.78,0.544,4.02,2.89,1.17,2.8,0.96,0.57,0.71,0.72,0,-0.02,neutral,neutral,0,-0.339,32,4042,1,
s16964,INJUSDT,1783543500000,train,-1,-2.56,0.419,3.38,2.93,0.2,-2.54,0.79,1.21,1.23,1.03,0,-0.02,neutral,bajista,0,-1.0,13,4042,3,
s16965,PENDLEUSDT,1783543500000,train,-1,-3.84,0.578,4.74,4.07,1.32,-3.83,1.0,1.07,1.36,1.35,0,-0.02,neutral,neutral,0,-0.448,32,4042,0,
s16966,LDOUSDT,1783543500000,testB,-1,-7.21,0.63,9.77,7.78,0.22,-7.2,1.49,5.2,6.8,7.74,0,-0.02,neutral,neutral,0,-0.245,32,4041,0,
s16967,MANAUSDT,1783543500000,testB,1,3.81,0.361,5.63,3.71,1.08,3.83,1.5,1.83,1.99,1.33,0,-0.02,neutral,neutral,0,0.315,32,4041,1,
s16968,PENDLEUSDT,1783544400000,train,-1,-3.65,0.564,4.31,3.9,1.34,-3.56,1.31,1.05,1.25,1.36,0,-0.09,neutral,neutral,0,-0.577,32,4043,1,
s16969,STXUSDT,1783544400000,testB,-1,-3.33,0.588,3.87,3.75,0.37,-3.24,1.44,2.49,2.33,2.29,1,-0.09,neutral,bajista,0,-0.629,32,4042,3,
s16970,LDOUSDT,1783544400000,testB,-1,-5.96,0.519,9.17,6.53,0.23,-5.87,1.07,3.78,6.39,7.56,0,-0.09,neutral,neutral,0,-0.121,32,4042,0,
s16971,MANAUSDT,1783544400000,testB,1,3.95,0.369,5.57,3.82,0.75,4.05,1.39,1.8,1.88,1.36,0,-0.09,neutral,alcista,0,0.21,32,4042,2,
s16972,APEUSDT,1783544400000,testB,1,6.49,0.405,7.46,6.16,1.02,6.58,2.2,9.08,8.42,6.47,1,-0.09,neutral,neutral,0,0.535,32,4042,1,
s16973,JUPUSDT,1783545300000,train,-1,-2.49,0.519,3.12,2.88,1.57,-2.17,1.19,0.49,0.68,1.11,0,-0.32,neutral,neutral,0,0.164,32,4044,0,
s16974,PENDLEUSDT,1783545300000,train,-1,-2.74,0.419,4.1,3.2,1.15,-2.42,0.79,1.05,1.25,1.36,0,-0.32,neutral,neutral,0,-0.532,32,4044,0,
s16975,STXUSDT,1783545300000,testB,-1,-2.88,0.527,3.56,3.32,0.7,-2.55,1.3,2.49,2.33,2.29,1,-0.32,neutral,neutral,0,-0.509,32,4043,0,
s16976,APEUSDT,1783545300000,testB,1,5.12,0.354,5.74,4.94,1.19,5.44,2.82,9.08,8.42,6.47,1,-0.32,neutral,alcista,0,0.55,32,4043,2,
s16977,WLDUSDT,1783546200000,train,1,2.06,0.429,3.59,2.2,0.9,2.33,0.56,0.51,0.7,0.71,0,-0.27,neutral,alcista,0,-1.0,23,4045,2,
s16978,JUPUSDT,1783546200000,train,-1,-2.4,0.51,2.6,2.46,1.68,-2.13,1.2,0.49,0.68,1.11,0,-0.27,neutral,neutral,0,-0.019,32,4045,1,
s16979,STXUSDT,1783546200000,testB,-1,-2.41,0.432,3.13,2.59,0.75,-2.14,1.08,2.49,2.33,2.29,1,-0.27,neutral,neutral,0,-0.535,32,4044,0,
s16980,WLDUSDT,1783547100000,train,1,3.25,0.542,3.4,3.17,1.05,3.12,1.58,0.51,0.7,0.71,0,0.12,neutral,alcista,0,-1.0,17,4046,3,
s16981,STXUSDT,1783548000000,testB,-1,-2.07,0.412,2.89,2.41,0.6,-1.93,0.97,2.26,2.3,2.3,0,-0.14,neutral,neutral,0,-0.7,32,4046,0,
s16982,TIAUSDT,1783549800000,train,1,2.7,0.356,3.79,3.59,2.8,2.34,1.84,0.72,1.15,1.16,0,0.36,neutral,alcista,0,0.021,32,4049,6,
s16983,TIAUSDT,1783550700000,train,1,2.76,0.363,4.57,4.24,4.14,2.53,2.27,0.72,1.15,1.16,0,0.23,neutral,alcista,0,-0.166,32,4050,7,
s16984,TIAUSDT,1783551600000,train,1,2.73,0.361,4.86,4.39,4.39,2.37,2.23,0.94,1.09,1.23,0,0.36,neutral,alcista,0,-0.286,32,4051,8,
s16985,LDOUSDT,1783551600000,testB,1,2.79,0.54,4.15,3.74,0.78,2.42,0.67,1.86,5.64,7.32,0,0.36,neutral,neutral,0,-0.008,32,4050,0,
s16986,TIAUSDT,1783552500000,train,1,2.75,0.363,4.93,4.63,3.85,2.72,2.27,0.94,1.09,1.23,0,0.03,neutral,alcista,0,-0.324,32,4052,8,
s16987,LDOUSDT,1783552500000,testB,1,2.82,0.543,4.14,3.83,0.76,2.78,0.82,1.86,5.64,7.32,0,0.03,neutral,neutral,0,-0.089,32,4051,1,
s16988,TIAUSDT,1783554300000,train,1,2.96,0.382,4.96,4.53,1.86,2.96,1.71,0.94,1.09,1.23,0,0.01,neutral,neutral,0,-0.227,32,4054,1,
s16989,LDOUSDT,1783554300000,testB,1,3.82,0.721,4.08,3.86,0.82,3.81,1.63,1.86,5.64,7.32,0,0.01,neutral,neutral,0,-0.224,32,4053,1,
s16990,INJUSDT,1783555200000,train,1,2.6,0.596,3.54,3.5,3.87,2.63,2.05,0.74,1.12,1.11,0,-0.03,neutral,alcista,0,0.305,32,4055,4,
s16991,LDOUSDT,1783555200000,testB,1,2.14,0.362,3.78,2.44,1.13,2.17,0.44,1.34,5.36,7.15,0,-0.03,neutral,neutral,0,0.321,32,4054,0,
s16992,INJUSDT,1783556100000,train,1,3.01,0.648,4.01,3.82,5,3.14,2.15,0.74,1.12,1.11,0,-0.13,neutral,alcista,0,0.213,32,4056,5,
s16993,0GUSDT,1783557000000,train,1,2.36,0.478,4.13,3.66,5,2.34,1.8,1.38,1.09,1.59,0,0.01,neutral,alcista,0,0.271,32,4057,8,
s16994,INJUSDT,1783557000000,train,1,3.7,0.826,4.59,4.05,5,3.68,2.17,0.74,1.12,1.11,0,0.01,neutral,alcista,0,0.098,32,4057,6,
s16995,TIAUSDT,1783557000000,train,1,2.91,0.364,4.99,3.86,1.02,2.89,0.79,1.07,1.06,1.26,0,0.01,neutral,neutral,0,0.248,32,4057,1,
s16996,XPLUSDT,1783557900000,train,1,2.23,0.405,2.93,2.87,1.91,2.19,1.71,0.43,0.61,0.81,0,0.04,neutral,alcista,0,-1.0,8,4058,5,
s16997,0GUSDT,1783557900000,train,1,2.8,0.619,4.14,3.61,5,2.76,1.55,1.38,1.09,1.59,0,0.04,neutral,neutral,0,0.391,32,4058,0,
s16998,INJUSDT,1783557900000,train,1,4.97,0.966,5.06,4.92,5,4.93,2.8,0.74,1.12,1.11,0,0.04,neutral,alcista,0,-0.109,32,4058,7,
s16999,LDOUSDT,1783557900000,testB,1,2.76,0.42,2.93,2.81,1.17,2.72,1.39,1.34,5.36,7.15,0,0.04,neutral,neutral,0,0.319,32,4057,1,
s17000,XPLUSDT,1783558800000,train,1,2.76,0.5,3.99,3.11,2.04,2.12,1.77,0.51,0.58,0.8,0,0.64,neutral,alcista,0,-1.0,7,4059,6,
s17001,0GUSDT,1783558800000,train,1,4.55,0.913,5.23,4.4,2.71,3.91,2.33,1.86,1.3,1.57,0,0.64,neutral,neutral,0,0.035,32,4059,1,
s17002,ENAUSDT,1783558800000,train,1,2.21,0.533,2.86,2.3,1.04,1.57,0.63,0.54,0.61,0.8,0,0.64,neutral,alcista,0,0.965,32,4059,2,
s17003,ARBUSDT,1783558800000,train,1,2.49,0.596,3.2,2.61,1.66,1.85,1.28,1.0,0.93,1.33,0,0.64,neutral,alcista,1,2.0,12,4059,4,
s17004,INJUSDT,1783558800000,train,1,5.51,0.969,5.55,5.32,3.44,4.87,3.01,1.0,1.18,1.15,0,0.64,neutral,alcista,0,-0.212,32,4059,8,
s17005,TIAUSDT,1783558800000,train,1,3.79,0.446,4.99,3.95,0.8,3.15,0.77,1.25,1.09,1.3,0,0.64,neutral,neutral,0,0.076,32,4059,1,
s17006,SEIUSDT,1783558800000,train,1,2.17,0.546,2.44,2.23,1.65,1.53,0.88,0.74,0.74,0.97,0,0.64,neutral,neutral,0,0.17,32,4059,1,
s17007,LDOUSDT,1783558800000,testB,1,2.18,0.365,4.35,2.53,1.92,1.53,1.3,1.27,4.83,7.03,0,0.64,neutral,alcista,0,-1.0,8,4058,2,
s17008,XPLUSDT,1783559700000,train,1,2.04,0.38,4.0,2.83,1.82,1.58,1.38,0.51,0.58,0.8,0,0.46,neutral,neutral,0,-1.0,6,4060,0,
s17009,0GUSDT,1783559700000,train,1,5.72,0.93,5.67,5.36,2.94,5.26,3.49,1.86,1.3,1.57,0,0.46,neutral,alcista,0,-0.229,32,4060,2,
s17010,ARBUSDT,1783559700000,train,1,2.74,0.619,3.06,2.68,1.57,2.28,1.61,1.0,0.93,1.33,0,0.46,neutral,alcista,1,2.0,13,4060,5,
s17011,INJUSDT,1783559700000,train,1,5.28,0.953,5.39,5.04,2.35,4.82,2.74,1.0,1.18,1.15,0,0.46,neutral,neutral,0,-0.237,32,4060,0,
s17012,TIAUSDT,1783559700000,train,1,4.42,0.486,4.38,4.28,0.84,3.96,1.83,1.25,1.09,1.3,0,0.46,neutral,alcista,0,-0.279,32,4060,2,
s17013,SEIUSDT,1783559700000,train,1,2.2,0.551,2.53,2.15,3.69,1.74,1.44,0.74,0.74,0.97,0,0.46,neutral,alcista,0,-0.049,32,4060,2,
s17014,LDOUSDT,1783559700000,testB,1,2.26,0.375,3.72,2.3,2.23,1.8,1.53,1.27,4.83,7.03,0,0.46,neutral,alcista,0,-1.0,7,4059,3,
s17015,MANAUSDT,1783559700000,testB,1,2.52,0.407,3.34,2.54,2.64,2.06,1.48,1.86,1.79,1.66,1,0.46,neutral,alcista,0,-0.812,32,4059,3,
s17016,0GUSDT,1783560600000,train,1,4.63,0.717,5.55,4.58,1.78,4.59,2.6,1.86,1.3,1.57,0,0.03,neutral,neutral,0,-0.18,32,4061,0,
s17017,INJUSDT,1783560600000,train,1,4.23,0.726,5.07,4.08,1.93,4.19,1.92,1.0,1.18,1.15,0,0.03,neutral,neutral,0,-0.076,32,4061,0,
s17018,0GUSDT,1783561500000,train,1,4.57,0.702,5.56,4.53,1.59,5.02,2.38,1.86,1.3,1.57,0,-0.45,neutral,neutral,0,-0.125,32,4062,0,
s17019,WLDUSDT,1783561500000,train,-1,-2.68,0.484,3.65,3.49,1.37,-2.23,1.16,0.6,0.64,0.71,0,-0.45,neutral,bajista,0,-0.376,32,4062,3,
s17020,INJUSDT,1783561500000,train,1,3.73,0.599,5.01,3.58,1.72,4.18,1.33,1.0,1.18,1.15,0,-0.45,neutral,neutral,0,0.07,32,4062,0,
s17021,0GUSDT,1783562400000,train,1,4.63,0.717,5.56,4.43,1.13,4.85,2.01,1.95,1.21,1.48,0,-0.22,neutral,neutral,0,-0.093,32,4063,0,
s17022,ARBUSDT,1783562400000,train,1,2.1,0.441,2.48,2.35,1.23,2.32,1.52,1.08,0.92,1.29,0,-0.22,neutral,neutral,1,2.0,9,4063,1,
s17023,INJUSDT,1783562400000,train,1,3.67,0.596,4.84,3.89,1.27,3.88,1.62,1.14,1.18,1.13,0,-0.22,neutral,neutral,0,0.021,32,4063,1,
s17024,0GUSDT,1783563300000,train,1,4.79,0.724,5.44,4.62,0.79,5.26,2.05,1.95,1.21,1.48,0,-0.48,neutral,neutral,0,-0.211,32,4064,1,
s17025,OPUSDT,1783563300000,train,1,2.33,0.469,2.87,2.48,1.15,2.81,1.28,1.68,1.09,1.62,0,-0.48,neutral,alcista,0,1.28,32,4064,2,
s17026,INJUSDT,1783563300000,train,1,3.92,0.612,4.6,3.94,1.16,4.4,1.68,1.14,1.18,1.13,0,-0.48,neutral,alcista,0,0.099,32,4064,2,
s17027,0GUSDT,1783564200000,train,1,4.3,0.635,5.3,4.17,0.35,5.12,1.57,1.95,1.21,1.48,0,-0.83,neutral,neutral,0,-0.123,32,4065,0,
s17028,WLDUSDT,1783564200000,train,-1,-2.37,0.377,2.95,2.69,1.22,-1.54,1.43,0.63,0.6,0.7,0,-0.83,neutral,bajista,0,-1.0,13,4065,2,
s17029,OPUSDT,1783564200000,train,1,2.03,0.4,2.88,2.28,0.55,2.85,0.99,1.68,1.09,1.62,0,-0.83,neutral,neutral,1,2.0,25,4065,0,
s17030,INJUSDT,1783564200000,train,1,3.49,0.511,4.62,3.52,0.87,4.32,1.11,1.14,1.18,1.13,0,-0.83,neutral,neutral,0,0.276,32,4065,0,
s17031,JUPUSDT,1783564200000,train,-1,-2.02,0.374,3.64,3.35,1.48,-1.19,1.36,0.83,0.67,1.11,0,-0.83,neutral,neutral,0,-1.0,18,4065,1,
s17032,0GUSDT,1783565100000,train,1,3.69,0.58,5.0,3.76,0.34,4.57,1.35,1.95,1.21,1.48,0,-0.88,neutral,neutral,0,-0.205,32,4066,0,
s17033,WLDUSDT,1783565100000,train,-1,-2.37,0.377,2.95,2.63,1.19,-1.48,1.19,0.63,0.6,0.7,0,-0.88,neutral,neutral,0,-1.0,12,4066,0,
s17034,OPUSDT,1783565100000,train,1,2.12,0.412,2.87,2.57,0.35,3.01,1.15,1.68,1.09,1.62,0,-0.88,neutral,neutral,0,1.115,32,4066,1,
s17035,INJUSDT,1783565100000,train,1,3.36,0.492,4.62,3.46,0.72,4.25,0.88,1.14,1.18,1.13,0,-0.88,neutral,neutral,0,0.084,32,4066,0,
s17036,JUPUSDT,1783565100000,train,-1,-2.11,0.385,3.79,3.5,1.2,-1.23,1.43,0.83,0.67,1.11,0,-0.88,neutral,bajista,0,-1.0,17,4066,2,
s17037,0GUSDT,1783566000000,train,1,3.1,0.453,5.03,3.26,0.33,3.86,0.72,1.94,1.2,1.37,0,-0.76,neutral,neutral,0,-0.095,32,4067,0,
s17038,WLDUSDT,1783566000000,train,-1,-2.29,0.369,2.9,2.77,0.64,-1.53,1.23,0.61,0.55,0.7,0,-0.76,neutral,neutral,0,-1.0,11,4067,1,
s17039,OPUSDT,1783566000000,train,1,2.13,0.412,2.88,2.38,0.29,2.89,0.86,1.72,1.09,1.6,0,-0.76,neutral,neutral,0,1.708,32,4067,0,
s17040,INJUSDT,1783566000000,train,1,3.11,0.438,4.62,3.14,0.69,3.87,0.51,1.3,1.17,1.14,1,-0.76,neutral,neutral,0,0.384,32,4067,0,
s17041,JUPUSDT,1783566000000,train,-1,-2.25,0.4,3.84,3.7,0.92,-1.49,1.49,0.87,0.67,1.1,0,-0.76,neutral,bajista,0,-1.0,16,4067,3,
s17042,0GUSDT,1783566900000,train,1,2.99,0.444,4.87,3.21,0.32,3.54,0.73,1.94,1.2,1.37,0,-0.56,neutral,neutral,0,-0.113,32,4068,1,
s17043,WLDUSDT,1783566900000,train,-1,-2.24,0.361,2.98,2.74,0.6,-1.69,1.1,0.61,0.55,0.7,0,-0.56,neutral,neutral,0,-1.0,10,4068,0,
s17044,JUPUSDT,1783566900000,train,-1,-2.21,0.388,4.13,3.6,0.81,-1.65,1.26,0.87,0.67,1.1,0,-0.56,neutral,neutral,0,-1.0,15,4068,0,
s17045,0GUSDT,1783567800000,train,1,2.72,0.402,4.51,2.7,0.25,3.16,0.45,1.94,1.2,1.37,0,-0.45,neutral,neutral,0,0.231,32,4069,0,
s17046,ARBUSDT,1783567800000,train,1,3.38,0.515,3.54,3.41,1.7,3.83,1.96,1.54,1.12,1.4,0,-0.45,neutral,alcista,1,2.0,7,4069,4,
s17047,0GUSDT,1783568700000,train,1,2.45,0.365,4.46,2.54,0.22,2.95,0.31,1.94,1.2,1.37,0,-0.5,neutral,neutral,0,0.102,32,4070,0,
s17048,ARBUSDT,1783568700000,train,1,4.84,0.604,5.06,4.98,2.66,5.34,3.42,1.54,1.12,1.4,0,-0.5,neutral,alcista,0,1.474,32,4070,5,
s17049,ARBUSDT,1783569600000,train,1,6.53,0.705,6.5,6.27,4.07,6.87,4.35,2.81,1.72,1.73,0,-0.34,neutral,alcista,0,0.84,32,4071,6,
s17050,ARBUSDT,1783570500000,train,1,6.58,0.706,6.49,6.26,4.13,6.75,4.03,2.81,1.72,1.73,0,-0.16,neutral,alcista,0,0.867,32,4072,7,
s17051,OPUSDT,1783570500000,train,1,3.62,0.621,4.95,3.98,2.81,3.78,2.45,2.33,1.42,1.79,0,-0.16,neutral,alcista,0,0.049,32,4072,2,
s17052,ARBUSDT,1783571400000,train,1,8.28,0.752,7.94,7.69,4.91,8.12,5.14,2.81,1.72,1.73,0,0.16,neutral,alcista,0,0.574,32,4073,8,
s17053,OPUSDT,1783571400000,train,1,3.12,0.492,4.99,3.23,3.42,2.96,1.44,2.33,1.42,1.79,0,0.16,neutral,neutral,0,0.212,32,4073,0,
s17054,OPUSDT,1783572300000,train,1,3.82,0.543,4.84,3.97,3.65,3.31,2.12,2.33,1.42,1.79,0,0.51,neutral,neutral,0,-0.146,32,4074,1,
s17055,SUIUSDT,1783572300000,train,1,2.29,0.4,2.74,2.7,0.64,1.78,1.43,0.87,0.68,0.87,0,0.51,neutral,alcista,0,-0.51,32,4074,4,
s17056,ARUSDT,1783572300000,testB,1,2.42,0.359,2.61,2.56,1.85,1.91,1.61,0.63,0.48,0.81,0,0.51,neutral,alcista,0,-0.196,32,4073,3,
s17057,XPLUSDT,1783573200000,train,-1,-2.74,0.374,5.37,3.39,0.49,-2.9,0.2,0.72,0.53,0.71,0,0.16,neutral,neutral,0,-1.0,6,4075,1,
s17058,OPUSDT,1783573200000,train,1,3.0,0.455,4.27,3.2,3.23,2.84,1.74,2.49,1.66,1.91,0,0.16,neutral,neutral,0,-0.182,32,4075,0,
s17059,APEUSDT,1783573200000,testB,1,4.4,0.449,5.48,5.12,1.82,4.24,2.6,6.47,8.59,9.09,0,0.16,neutral,alcista,0,-0.459,32,4074,4,
s17060,XPLUSDT,1783574100000,train,-1,-2.58,0.36,4.59,2.73,0.52,-2.44,0.31,0.72,0.53,0.71,0,-0.14,neutral,bajista,0,-1.0,5,4076,2,
s17061,ARBUSDT,1783574100000,train,1,6.39,0.543,9.06,6.91,5,6.53,3.5,5.18,2.88,2.31,1,-0.14,neutral,neutral,0,0.387,32,4076,0,
s17062,OPUSDT,1783574100000,train,1,2.69,0.429,4.27,3.2,0.97,2.83,1.61,2.49,1.66,1.91,0,-0.14,neutral,neutral,0,-0.242,32,4076,0,
s17063,APEUSDT,1783574100000,testB,1,3.22,0.377,5.77,5.35,2.51,3.36,2.73,6.47,8.59,9.09,0,-0.14,neutral,alcista,0,-0.494,32,4075,5,
s17064,ARBUSDT,1783575000000,train,1,8.04,0.635,8.95,7.98,4.23,7.62,4.19,5.18,2.88,2.31,1,0.42,neutral,neutral,0,0.351,32,4077,1,
s17065,PUMPUSDT,1783575900000,train,1,2.55,0.404,3.6,3.6,1.58,1.45,1.75,0.5,0.4,0.64,0,1.1,neutral,alcista,0,-0.036,32,4078,2,
s17066,ENAUSDT,1783575900000,train,1,2.32,0.376,2.98,2.86,1.29,1.21,1.21,0.62,0.53,0.75,0,1.1,neutral,alcista,0,0.221,32,4078,2,
s17067,ARBUSDT,1783575900000,train,1,7.71,0.592,8.99,7.6,3.76,6.61,3.28,5.18,2.88,2.31,1,1.1,neutral,neutral,0,0.248,32,4078,0,
s17068,SUIUSDT,1783575900000,train,1,2.36,0.458,3.42,2.5,1.73,1.25,0.76,1.15,0.78,0.93,0,1.1,neutral,alcista,0,-0.232,32,4078,2,
s17069,PENDLEUSDT,1783575900000,train,1,3.06,0.475,4.08,3.53,1.89,1.96,1.84,0.92,0.86,1.37,0,1.1,neutral,alcista,0,0.503,32,4078,2,
s17070,ONDOUSDT,1783575900000,train,1,2.29,0.511,2.74,2.71,0.85,1.18,1.09,0.62,0.51,0.87,0,1.1,neutral,alcista,0,0.209,32,4077,2,
s17071,SANDUSDT,1783575900000,testB,1,3.03,0.603,3.24,3.2,1.09,1.93,1.72,1.34,1.06,1.12,0,1.1,neutral,alcista,0,0.189,32,4077,4,
s17072,PUMPUSDT,1783577700000,train,1,2.15,0.381,3.75,3.35,1.23,0.82,1.28,0.46,0.39,0.62,0,1.32,neutral,neutral,0,-0.275,32,4080,1,
s17073,ENAUSDT,1783577700000,train,1,3.1,0.493,4.48,4.06,1.77,1.78,2.21,0.76,0.59,0.77,0,1.32,neutral,alcista,0,-0.298,32,4080,4,
s17074,PENDLEUSDT,1783577700000,train,1,2.45,0.402,3.73,3.57,2.25,1.13,1.91,0.98,0.92,1.39,0,1.32,neutral,neutral,0,0.107,32,4080,1,
s17075,APEUSDT,1783577700000,testB,1,4.22,0.358,6.9,6.25,1.69,2.89,2.53,6.13,7.97,9.17,0,1.32,neutral,neutral,0,-0.448,32,4079,1,
s17076,PUMPUSDT,1783578600000,train,1,2.56,0.487,3.75,3.29,1.39,0.86,1.21,0.46,0.39,0.62,0,1.7,neutral,neutral,0,-0.2,32,4081,0,
s17077,STBLUSDT,1783578600000,train,1,2.12,0.5,2.98,2.76,0.97,0.42,1.0,0.44,0.42,0.61,0,1.7,neutral,alcista,0,-0.266,32,4081,2,
s17078,WLDUSDT,1783578600000,train,1,2.03,0.358,3.05,2.38,1.22,0.33,1.01,0.69,0.61,0.71,0,1.7,neutral,alcista,0,-0.239,32,4081,2,
s17079,ENAUSDT,1783578600000,train,1,4.26,0.692,4.61,4.5,1.99,2.56,2.45,0.76,0.59,0.77,0,1.7,neutral,alcista,0,-0.34,32,4081,5,
s17080,SUIUSDT,1783578600000,train,1,2.46,0.559,2.99,2.62,0.8,0.76,1.19,1.26,0.8,0.95,0,1.7,neutral,alcista,0,-0.581,32,4081,2,
s17081,JUPUSDT,1783578600000,train,1,2.63,0.39,3.87,3.31,0.89,0.93,1.27,0.82,0.67,0.94,0,1.7,neutral,neutral,0,-1.0,31,4081,0,
s17082,PENDLEUSDT,1783578600000,train,1,3.17,0.529,3.92,3.85,2.2,1.47,2.04,0.98,0.92,1.39,0,1.7,neutral,alcista,0,-0.057,32,4081,2,
s17083,ONDOUSDT,1783578600000,train,1,3.0,0.732,3.95,3.16,2.8,1.3,1.4,0.79,0.62,0.86,0,1.7,neutral,alcista,0,0.0,32,4080,2,
s17084,FETUSDT,1783578600000,train,1,2.53,0.476,3.21,3.02,2.59,0.83,1.65,0.68,0.69,1.11,0,1.7,neutral,alcista,0,-0.429,32,4080,2,
s17085,STXUSDT,1783578600000,testB,1,2.09,0.479,2.52,2.46,0.86,0.4,1.34,1.02,1.04,1.82,0,1.7,neutral,alcista,0,0.119,32,4080,2,
s17086,APEUSDT,1783578600000,testB,1,4.29,0.365,6.91,6.13,1.29,2.59,2.16,6.13,7.97,9.17,0,1.7,neutral,neutral,0,-0.621,32,4080,0,
s17087,XPLUSDT,1783579500000,train,1,4.64,0.604,5.27,4.82,1.62,2.73,2.46,0.77,0.58,0.73,0,1.91,neutral,alcista,0,-0.253,32,4082,3,
s17088,PUMPUSDT,1783579500000,train,1,2.83,0.525,3.74,3.48,0.73,0.92,1.16,0.46,0.39,0.62,0,1.91,neutral,neutral,0,-0.264,32,4082,1,
s17089,ENAUSDT,1783579500000,train,1,3.95,0.611,4.74,4.09,2.13,2.04,1.71,0.76,0.59,0.77,0,1.91,neutral,neutral,0,-0.217,32,4082,0,
s17090,OPUSDT,1783579500000,train,1,3.96,0.4,4.48,4.48,0.78,2.05,2.61,2.41,1.8,1.96,0,1.91,neutral,alcista,0,-0.426,32,4082,5,
s17091,JUPUSDT,1783579500000,train,1,3.26,0.459,3.85,3.76,1.01,1.35,1.6,0.82,0.67,0.94,0,1.91,neutral,neutral,0,-1.0,30,4082,1,
s17092,PENDLEUSDT,1783579500000,train,1,4.69,0.624,5.56,5.42,1.88,2.77,3.24,0.98,0.92,1.39,0,1.91,neutral,alcista,0,-0.377,32,4082,3,
s17093,ONDOUSDT,1783579500000,train,1,2.8,0.719,3.6,2.91,2.95,0.89,1.26,0.79,0.62,0.86,0,1.91,neutral,alcista,0,-0.108,32,4081,3,
s17094,FETUSDT,1783579500000,train,1,2.34,0.435,3.71,2.9,3.1,0.43,1.29,0.68,0.69,1.11,0,1.91,neutral,neutral,0,-0.404,32,4081,0,
s17095,STXUSDT,1783579500000,testB,1,2.16,0.5,2.52,2.29,0.73,0.25,0.95,1.02,1.04,1.82,0,1.91,neutral,neutral,0,0.333,32,4081,0,
s17096,APEUSDT,1783579500000,testB,1,5.5,0.473,6.46,5.87,1.07,3.59,2.46,6.13,7.97,9.17,0,1.91,neutral,neutral,0,-0.737,32,4081,1,
s17097,XPLUSDT,1783580400000,train,1,4.14,0.519,5.25,4.34,2.54,2.37,1.88,0.84,0.65,0.75,0,1.77,neutral,neutral,0,-0.084,32,4083,0,
s17098,PUMPUSDT,1783580400000,train,1,2.36,0.422,3.75,3.16,0.84,0.59,0.84,0.51,0.45,0.64,0,1.77,neutral,neutral,0,-0.083,32,4083,0,
s17099,STBLUSDT,1783580400000,train,1,2.07,0.495,2.51,2.16,0.47,0.31,0.74,0.42,0.35,0.59,0,1.77,neutral,neutral,0,-0.16,32,4083,0,
s17100,ENAUSDT,1783580400000,train,1,3.33,0.477,4.76,3.56,2.15,1.56,1.08,0.79,0.64,0.78,0,1.77,neutral,neutral,0,0.07,32,4083,0,
s17101,ARBUSDT,1783580400000,train,1,8.22,0.491,11.02,7.94,1.28,6.45,1.87,7.73,4.32,2.93,1,1.77,neutral,neutral,0,0.281,32,4083,0,
s17102,OPUSDT,1783580400000,train,1,3.77,0.373,4.59,4.11,0.86,2.0,1.95,2.31,1.94,2.0,0,1.77,neutral,neutral,0,-0.279,32,4083,0,
s17103,JUPUSDT,1783580400000,train,1,3.22,0.45,4.19,3.54,1.12,1.45,1.18,0.67,0.68,0.91,0,1.77,neutral,neutral,0,-1.0,29,4083,0,
s17104,PENDLEUSDT,1783580400000,train,1,5.69,0.773,5.92,5.78,2.58,3.92,3.27,1.66,1.26,1.49,0,1.77,neutral,alcista,0,-0.378,32,4083,4,
s17105,ONDOUSDT,1783580400000,train,1,2.34,0.584,3.55,2.57,2.86,0.58,0.9,0.79,0.64,0.85,0,1.77,neutral,neutral,0,0.085,32,4082,0,
s17106,FETUSDT,1783580400000,train,1,2.47,0.47,3.72,2.66,3.14,0.71,0.95,0.69,0.69,1.1,0,1.77,neutral,neutral,0,-0.488,32,4082,0,
s17107,SANDUSDT,1783580400000,testB,1,2.67,0.462,3.58,3.28,0.95,0.9,1.26,1.06,1.07,1.16,0,1.77,neutral,neutral,0,-0.282,32,4082,1,
s17108,APEUSDT,1783580400000,testB,1,4.81,0.395,6.5,5.31,0.99,3.04,1.74,5.83,7.46,9.24,0,1.77,neutral,neutral,0,-1.0,32,4082,0,
s17109,XPLUSDT,1783581300000,train,1,4.12,0.518,5.13,4.23,2.9,2.5,1.83,0.84,0.65,0.75,0,1.62,neutral,neutral,0,-0.081,32,4084,1,
s17110,ENAUSDT,1783581300000,train,1,2.93,0.412,4.32,2.85,1.49,1.31,0.83,0.79,0.64,0.78,0,1.62,neutral,neutral,0,0.12,32,4084,0,
s17111,JUPUSDT,1783581300000,train,1,2.64,0.35,3.74,2.62,0.76,1.02,0.72,0.67,0.68,0.91,0,1.62,neutral,neutral,0,-1.0,28,4084,0,
s17112,PENDLEUSDT,1783581300000,train,1,7.0,0.808,7.46,6.68,4.58,5.38,4.15,1.66,1.26,1.49,0,1.62,neutral,alcista,0,-0.546,32,4084,5,
s17113,ONDOUSDT,1783581300000,train,1,2.05,0.508,3.11,1.98,2.75,0.43,0.77,0.79,0.64,0.85,0,1.62,neutral,neutral,0,0.095,32,4083,0,
s17114,FETUSDT,1783581300000,train,1,2.03,0.364,3.48,2.05,2.91,0.41,0.59,0.69,0.69,1.1,0,1.62,neutral,neutral,0,-0.333,32,4083,0,
s17115,SANDUSDT,1783581300000,testB,1,2.63,0.452,3.07,2.54,0.9,1.01,0.93,1.06,1.07,1.16,0,1.62,neutral,neutral,0,-0.349,32,4083,0,
s17116,XPLUSDT,1783582200000,train,1,3.04,0.415,5.15,4.01,1.87,1.33,1.63,0.84,0.65,0.75,0,1.72,neutral,neutral,0,-0.142,32,4085,0,
s17117,PUMPUSDT,1783582200000,train,1,2.49,0.381,3.09,2.57,1.34,0.78,0.86,0.51,0.45,0.64,0,1.72,neutral,neutral,0,-0.641,32,4085,1,
s17118,ENAUSDT,1783582200000,train,1,2.4,0.366,4.01,2.65,1.3,0.68,0.86,0.79,0.64,0.78,0,1.72,neutral,neutral,0,0.238,32,4085,1,
s17119,ARBUSDT,1783582200000,train,1,6.81,0.424,9.15,6.42,0.98,5.09,1.97,7.73,4.32,2.93,1,1.72,neutral,neutral,0,0.379,32,4085,1,
s17120,PENDLEUSDT,1783582200000,train,1,6.42,0.726,7.49,6.35,5,4.7,3.38,1.66,1.26,1.49,0,1.72,neutral,neutral,0,-0.696,32,4085,0,
s17121,FETUSDT,1783582200000,train,1,2.02,0.364,3.41,2.23,1.96,0.31,0.75,0.69,0.69,1.1,0,1.72,neutral,neutral,0,-0.528,32,4084,1,
s17122,SANDUSDT,1783582200000,testB,1,2.31,0.421,2.66,2.28,0.74,0.59,1.02,1.06,1.07,1.16,0,1.72,neutral,neutral,0,-0.531,32,4084,1,
s17123,XPLUSDT,1783583100000,train,1,3.25,0.441,5.14,4.11,1.87,1.58,1.56,0.84,0.65,0.75,0,1.66,neutral,neutral,0,-0.217,32,4086,1,
s17124,PUMPUSDT,1783583100000,train,1,2.63,0.394,4.33,2.82,2.54,0.96,1.0,0.51,0.45,0.64,0,1.66,neutral,alcista,0,-0.721,32,4086,2,
s17125,ARBUSDT,1783583100000,train,1,5.24,0.366,7.51,5.06,0.68,3.57,1.98,7.73,4.32,2.93,1,1.66,neutral,alcista,0,0.247,32,4086,2,
s17126,PENDLEUSDT,1783583100000,train,1,6.22,0.721,7.48,6.52,4.34,4.56,3.3,1.66,1.26,1.49,0,1.66,neutral,neutral,0,-0.674,32,4086,1,
s17127,MANAUSDT,1783583100000,testB,-1,-2.27,0.433,2.81,2.43,0.41,-3.93,0.45,1.21,1.56,1.86,0,1.66,neutral,neutral,0,-1.0,22,4085,1,
s17128,XPLUSDT,1783584000000,train,1,3.68,0.525,5.15,4.01,1.38,2.18,1.3,0.72,0.68,0.71,0,1.5,neutral,neutral,0,-0.177,32,4087,0,
s17129,PUMPUSDT,1783584000000,train,1,2.7,0.408,4.27,2.56,2.3,1.2,0.74,0.5,0.46,0.55,0,1.5,neutral,neutral,0,-0.795,32,4087,0,
s17130,ENAUSDT,1783584000000,train,1,2.61,0.451,3.99,2.54,0.72,1.11,0.61,0.82,0.67,0.69,0,1.5,neutral,neutral,0,0.149,32,4087,0,
s17131,PENDLEUSDT,1783584000000,train,1,6.24,0.716,7.52,5.93,3.03,4.74,2.4,1.8,1.3,1.36,0,1.5,neutral,neutral,0,-0.783,32,4087,0,
s17132,STXUSDT,1783584000000,testB,1,2.15,0.462,2.74,2.45,0.92,0.65,1.18,0.94,1.04,1.78,0,1.5,neutral,alcista,0,-0.095,32,4086,4,
s17133,XPLUSDT,1783584900000,train,1,4.47,0.574,4.58,4.29,1.16,2.93,1.84,0.72,0.68,0.71,0,1.54,neutral,neutral,0,-0.531,32,4088,1,
s17134,PUMPUSDT,1783584900000,train,1,2.15,0.356,3.88,2.23,1.64,0.61,0.72,0.5,0.46,0.55,0,1.54,neutral,neutral,0,-1.0,32,4088,1,
s17135,ENAUSDT,1783584900000,train,1,2.64,0.455,3.55,2.57,0.61,1.1,0.88,0.82,0.67,0.69,0,1.54,neutral,neutral,0,-0.254,32,4088,1,
s17136,ARBUSDT,1783584900000,train,1,5.21,0.35,6.16,5.17,0.4,3.67,2.76,8.59,4.82,3.05,1,1.54,neutral,neutral,0,-0.011,32,4088,1,
s17137,PENDLEUSDT,1783584900000,train,1,5.71,0.699,6.85,5.4,1.2,4.17,2.26,1.8,1.3,1.36,0,1.54,neutral,neutral,0,-0.87,32,4088,1,
s17138,STXUSDT,1783584900000,testB,1,2.44,0.494,2.56,2.44,1.04,0.9,1.28,0.94,1.04,1.78,0,1.54,neutral,alcista,0,-0.286,32,4087,5,
s17139,SANDUSDT,1783584900000,testB,1,2.38,0.417,2.43,2.41,0.5,0.84,1.1,0.97,1.05,1.11,0,1.54,neutral,alcista,0,-0.9,32,4087,2,
s17140,XPLUSDT,1783585800000,train,1,3.93,0.544,4.54,4.27,0.73,2.75,1.7,0.72,0.68,0.71,0,1.18,neutral,alcista,0,-0.401,32,4089,2,
s17141,ENAUSDT,1783585800000,train,1,2.02,0.392,3.02,2.19,0.63,0.84,0.88,0.82,0.67,0.69,0,1.18,neutral,alcista,0,-0.268,32,4089,2,
s17142,PENDLEUSDT,1783585800000,train,1,4.39,0.533,6.59,4.46,0.83,3.21,1.38,1.8,1.3,1.36,0,1.18,neutral,neutral,0,-0.963,32,4089,0,
s17143,STXUSDT,1783585800000,testB,1,2.44,0.494,2.5,2.5,1.42,1.26,1.4,0.94,1.04,1.78,0,1.18,neutral,alcista,0,-0.372,32,4088,6,
s17144,SANDUSDT,1783585800000,testB,1,2.07,0.381,2.57,2.39,0.62,0.89,0.9,0.97,1.05,1.11,0,1.18,neutral,neutral,0,-0.84,32,4088,0,
s17145,XPLUSDT,1783586700000,train,1,3.02,0.47,4.25,3.84,0.56,2.29,1.54,0.72,0.68,0.71,0,0.72,neutral,neutral,0,-0.486,32,4090,0,
s17146,PENDLEUSDT,1783586700000,train,1,4.14,0.52,6.32,4.23,0.65,3.42,1.37,1.8,1.3,1.36,0,0.72,neutral,neutral,0,-1.0,29,4090,1,
s17147,STXUSDT,1783586700000,testB,1,2.01,0.447,2.72,2.67,1.51,1.29,1.44,0.94,1.04,1.78,0,0.72,neutral,alcista,0,-0.435,32,4089,7,
s17148,XPLUSDT,1783587600000,train,1,2.47,0.352,4.3,2.83,0.6,1.89,0.44,0.76,0.75,0.68,1,0.58,neutral,neutral,0,-0.217,32,4091,0,
s17149,PENDLEUSDT,1783587600000,train,1,3.82,0.479,6.12,3.87,0.69,3.23,1.01,1.98,1.39,1.34,1,0.58,neutral,neutral,0,-1.0,28,4091,0,
s17150,LDOUSDT,1783587600000,testB,1,3.16,0.37,3.76,3.61,1.0,2.58,1.99,1.59,1.62,4.31,0,0.58,neutral,alcista,0,-1.0,10,4090,5,
s17151,PENDLEUSDT,1783588500000,train,1,4.44,0.522,6.0,4.32,0.63,3.45,1.35,1.98,1.39,1.34,1,0.99,neutral,neutral,0,-1.0,27,4092,1,
s17152,OPUSDT,1783589400000,train,1,3.26,0.355,4.02,3.15,0.7,2.58,0.68,2.53,2.14,1.7,1,0.68,neutral,neutral,0,-0.273,32,4093,0,
s17153,PENDLEUSDT,1783589400000,train,1,4.41,0.52,5.76,4.3,0.59,3.73,1.38,1.98,1.39,1.34,1,0.68,neutral,alcista,0,-1.0,25,4093,2,
s17154,PENDLEUSDT,1783590300000,train,1,3.56,0.47,5.08,3.86,0.6,2.98,1.45,1.98,1.39,1.34,1,0.57,neutral,alcista,0,-1.0,23,4094,3,
s17155,PENDLEUSDT,1783591200000,train,1,3.84,0.508,4.93,3.84,0.5,3.09,1.43,2.09,1.46,1.32,1,0.76,neutral,alcista,0,-1.0,22,4095,4,
s17156,PENDLEUSDT,1783592100000,train,1,2.92,0.397,4.41,2.97,0.5,2.84,0.93,2.09,1.46,1.32,1,0.09,neutral,neutral,0,-1.0,17,4096,0,
s17157,JUPUSDT,1783593900000,train,-1,-2.6,0.7,3.38,3.1,1.71,-2.32,1.45,0.57,0.7,0.68,0,-0.28,neutral,bajista,0,-0.015,32,4098,4,
s17158,TIAUSDT,1783594800000,train,1,3.25,0.538,3.52,3.39,1.66,3.48,1.75,1.43,1.27,1.16,1,-0.23,neutral,alcista,0,0.783,32,4099,2,
s17159,JUPUSDT,1783594800000,train,-1,-2.23,0.615,3.0,2.57,1.49,-2.01,1.25,0.52,0.69,0.65,0,-0.23,neutral,neutral,0,0.037,32,4099,0,
s17160,TIAUSDT,1783595700000,train,1,3.88,0.582,4.11,3.98,0.92,4.22,2.22,1.43,1.27,1.16,1,-0.33,neutral,alcista,0,0.436,32,4100,3,
s17161,TIAUSDT,1783596600000,train,1,2.94,0.408,4.04,3.2,0.96,3.55,1.37,1.43,1.27,1.16,1,-0.61,neutral,neutral,0,0.738,32,4101,0,
s17162,JUPUSDT,1783599300000,train,-1,-2.24,0.649,2.67,2.38,0.93,-1.86,0.83,0.5,0.66,0.63,0,-0.38,neutral,neutral,0,0.04,32,4104,0,
s17163,LDOUSDT,1783599300000,testB,-1,-3.48,0.396,5.93,5.39,2.45,-3.1,2.07,1.45,1.8,3.85,0,-0.38,neutral,neutral,0,0.799,32,4103,1,
s17164,MANAUSDT,1783599300000,testB,-1,-2.05,0.412,3.35,2.69,0.87,-1.67,0.32,0.78,1.22,1.52,0,-0.38,neutral,neutral,0,-1.0,3,4103,1,
s17165,XPLUSDT,1783600200000,train,-1,-2.23,0.386,3.23,2.64,0.67,-1.55,0.81,0.62,0.7,0.64,0,-0.67,neutral,neutral,0,-1.0,28,4105,1,
s17166,LDOUSDT,1783600200000,testB,-1,-3.32,0.372,5.91,5.02,2.45,-2.65,1.47,1.45,1.8,3.85,0,-0.67,neutral,neutral,0,0.924,32,4104,0,
s17167,MANAUSDT,1783600200000,testB,-1,-2.12,0.436,3.34,2.58,1.07,-1.45,0.19,0.78,1.22,1.52,0,-0.67,neutral,neutral,0,-1.0,2,4104,0,
s17168,XPLUSDT,1783601100000,train,-1,-2.33,0.397,3.11,2.68,0.77,-1.87,0.88,0.62,0.7,0.64,0,-0.46,neutral,bajista,0,-1.0,21,4106,2,
s17169,OPUSDT,1783601100000,train,-1,-2.47,0.448,2.92,2.83,0.72,-2.01,1.02,1.38,1.93,1.51,0,-0.46,neutral,bajista,0,-0.103,32,4106,4,
s17170,LDOUSDT,1783601100000,testB,-1,-3.83,0.448,5.92,5.12,1.81,-3.37,1.48,1.45,1.8,3.85,0,-0.46,neutral,neutral,0,1.05,32,4105,1,
s17171,LDOUSDT,1783602000000,testB,-1,-4.79,0.632,5.89,5.16,1.07,-4.8,1.5,1.49,1.71,3.51,0,0.01,neutral,bajista,0,1.031,32,4106,2,
s17172,0GUSDT,1783602900000,train,1,2.79,0.482,3.52,3.37,3.72,3.1,2.42,0.93,0.75,1.03,0,-0.31,neutral,alcista,0,-0.284,32,4108,5,
s17173,OPUSDT,1783602900000,train,-1,-2.39,0.49,3.42,3.23,0.67,-2.08,1.3,1.2,1.79,1.45,0,-0.31,neutral,bajista,0,-0.121,32,4108,6,
s17174,LDOUSDT,1783602900000,testB,-1,-3.88,0.57,5.38,4.58,0.79,-3.58,1.33,1.49,1.71,3.51,0,-0.31,neutral,neutral,0,1.236,32,4107,0,
s17175,MANAUSDT,1783602900000,testB,1,2.39,0.402,3.82,3.45,2.35,2.7,1.95,0.93,1.09,1.49,0,-0.31,neutral,alcista,0,-1.0,13,4107,4,
s17176,0GUSDT,1783603800000,train,1,2.28,0.361,3.55,2.64,3.97,2.02,1.44,0.93,0.75,1.03,0,0.26,neutral,neutral,0,-0.077,32,4109,0,
s17177,OPUSDT,1783603800000,train,-1,-2.01,0.396,3.71,2.93,0.72,-2.27,1.03,1.2,1.79,1.45,0,0.26,neutral,neutral,0,-0.067,32,4109,0,
s17178,LDOUSDT,1783603800000,testB,-1,-3.18,0.518,4.49,3.79,0.59,-3.44,1.34,1.49,1.71,3.51,0,0.26,neutral,neutral,0,1.378,32,4108,1,
s17179,0GUSDT,1783604700000,train,1,2.59,0.391,3.53,3.13,3.21,2.47,1.79,0.93,0.75,1.03,0,0.12,neutral,neutral,0,-0.21,32,4110,1,
s17180,TIAUSDT,1783604700000,train,1,3.11,0.36,3.75,3.28,1.02,2.99,1.7,1.69,1.34,1.19,1,0.12,neutral,alcista,0,-0.23,32,4110,3,
s17181,0GUSDT,1783605600000,train,1,2.38,0.354,3.54,2.98,2.62,2.51,1.47,1.11,0.77,1.0,0,-0.14,neutral,neutral,0,-0.136,32,4111,0,
s17182,TIAUSDT,1783605600000,train,1,4.32,0.44,5.03,4.77,1.55,4.46,3.01,2.01,1.54,1.21,1,-0.14,neutral,alcista,0,-0.432,32,4111,4,
s17183,PENDLEUSDT,1783605600000,train,-1,-2.28,0.367,3.36,2.7,0.78,-2.15,0.88,1.41,1.63,1.27,0,-0.14,neutral,neutral,0,0.681,32,4111,1,
s17184,TIAUSDT,1783606500000,train,1,4.09,0.427,5.03,4.77,1.9,4.09,2.71,2.01,1.54,1.21,1,-0.0,neutral,alcista,0,-0.467,32,4112,5,
s17185,PENDLEUSDT,1783606500000,train,-1,-2.47,0.384,3.47,3.26,0.73,-2.47,1.32,1.41,1.63,1.27,0,-0.0,neutral,bajista,0,0.352,32,4112,2,
s17186,TIAUSDT,1783607400000,train,1,4.09,0.427,5.21,4.58,2.32,4.08,2.23,2.01,1.54,1.21,1,0.01,neutral,neutral,0,-0.492,32,4113,0,
s17187,PENDLEUSDT,1783607400000,train,-1,-2.24,0.36,3.87,3.59,0.95,-2.25,1.51,1.41,1.63,1.27,0,0.01,neutral,bajista,0,0.321,32,4113,3,
s17188,PENDLEUSDT,1783608300000,train,-1,-3.3,0.605,3.98,3.79,1.05,-3.66,1.56,1.41,1.63,1.27,0,0.36,neutral,bajista,0,0.25,32,4114,4,
s17189,PENDLEUSDT,1783609200000,train,-1,-2.89,0.525,3.48,2.97,1.12,-3.35,1.15,1.43,1.73,1.32,0,0.46,neutral,neutral,0,0.452,32,4115,0,
s17190,0GUSDT,1783610100000,train,1,2.86,0.374,3.43,2.88,0.78,2.41,1.03,1.2,0.8,1.0,0,0.45,neutral,alcista,0,-0.211,32,4116,2,
s17191,PENDLEUSDT,1783610100000,train,-1,-2.33,0.469,3.25,3.01,1.17,-2.78,1.22,1.43,1.73,1.32,0,0.45,neutral,neutral,0,0.464,32,4116,1,
s17192,PENDLEUSDT,1783611000000,train,-1,-3.71,0.637,4.34,4.19,1.22,-4.21,2.26,1.43,1.73,1.32,0,0.51,neutral,bajista,0,0.133,32,4117,2,
s17193,JUPUSDT,1783611900000,train,-1,-2.71,0.429,4.25,3.76,1.66,-2.83,1.73,0.99,0.76,0.71,1,0.13,neutral,bajista,0,-1.0,29,4118,2,
s17194,PENDLEUSDT,1783611900000,train,-1,-3.76,0.655,4.37,3.93,1.27,-3.89,1.84,1.43,1.73,1.32,0,0.13,neutral,neutral,0,0.102,32,4118,0,
s17195,STBLUSDT,1783612800000,train,1,2.07,0.58,2.37,2.24,0.68,1.95,0.93,0.64,0.63,0.49,1,0.12,neutral,alcista,0,1.269,32,4119,2,
s17196,PENDLEUSDT,1783612800000,train,-1,-3.85,0.658,4.25,4.11,1.62,-3.96,2.34,1.44,1.79,1.3,0,0.12,neutral,neutral,0,-0.042,32,4119,1,
s17197,PUMPUSDT,1783613700000,train,-1,-2.18,0.379,3.65,3.17,1.45,-2.02,1.48,0.4,0.44,0.4,0,-0.16,neutral,bajista,0,0.128,32,4120,5,
s17198,PENDLEUSDT,1783613700000,train,-1,-3.19,0.596,4.08,3.75,1.77,-3.03,2.09,1.44,1.79,1.3,0,-0.16,neutral,neutral,0,-0.058,32,4120,0,
s17199,STBLUSDT,1783614600000,train,1,2.07,0.566,2.41,2.32,0.88,1.88,0.93,0.64,0.63,0.49,1,0.19,neutral,neutral,0,0.852,32,4121,1,
s17200,TIAUSDT,1783614600000,train,1,4.56,0.379,5.58,4.6,0.82,4.37,1.78,2.22,1.74,1.32,1,0.19,neutral,neutral,0,-0.508,32,4121,1,
s17201,PENDLEUSDT,1783614600000,train,-1,-3.47,0.626,4.03,3.94,1.07,-3.66,2.15,1.44,1.79,1.3,0,0.19,neutral,neutral,0,-0.081,32,4121,1,
s17202,LDOUSDT,1783614600000,testB,-1,-2.1,0.363,4.61,3.93,0.87,-2.29,1.28,1.49,1.38,1.96,0,0.19,neutral,neutral,0,0.909,32,4120,0,
s17203,PENDLEUSDT,1783615500000,train,-1,-2.88,0.52,4.01,3.55,0.92,-3.02,1.57,1.44,1.79,1.3,0,0.14,neutral,neutral,0,-0.225,32,4122,0,
s17204,LDOUSDT,1783615500000,testB,-1,-2.23,0.376,4.62,4.17,1.0,-2.37,1.48,1.49,1.38,1.96,0,0.14,neutral,neutral,0,0.68,32,4121,1,
s17205,PUMPUSDT,1783616400000,train,-1,-2.5,0.514,3.64,2.96,1.2,-2.24,1.06,0.42,0.42,0.4,1,-0.26,neutral,neutral,0,0.045,32,4123,0,
s17206,PENDLEUSDT,1783616400000,train,-1,-3.18,0.57,4.02,3.73,0.56,-2.92,1.5,1.36,1.75,1.28,0,-0.26,neutral,neutral,0,-0.206,32,4123,1,
s17207,LDOUSDT,1783616400000,testB,-1,-2.36,0.389,4.63,4.37,1.07,-2.1,1.43,1.56,1.46,1.79,0,-0.26,neutral,bajista,0,0.582,32,4122,2,
s17208,SANDUSDT,1783616400000,testB,-1,-2.13,0.624,2.83,2.5,0.43,-1.87,0.69,0.61,0.66,0.87,0,-0.26,neutral,neutral,0,0.32,32,4122,0,
s17209,MANAUSDT,1783616400000,testB,-1,-3.11,0.492,4.6,4.53,0.46,-2.85,1.3,0.95,0.84,1.41,0,-0.26,neutral,bajista,0,0.201,32,4122,5,
s17210,PUMPUSDT,1783617300000,train,-1,-2.57,0.52,3.65,3.17,0.67,-2.75,1.1,0.42,0.42,0.4,1,0.18,neutral,neutral,0,-0.213,32,4124,1,
s17211,PENDLEUSDT,1783617300000,train,-1,-2.56,0.439,4.0,3.27,0.48,-2.74,0.96,1.36,1.75,1.28,0,0.18,neutral,neutral,0,-0.663,32,4124,0,
s17212,LDOUSDT,1783617300000,testB,-1,-2.71,0.431,5.82,4.68,1.5,-2.88,1.61,1.56,1.46,1.79,0,0.18,neutral,bajista,0,0.161,32,4123,3,
s17213,SANDUSDT,1783617300000,testB,-1,-2.34,0.736,2.82,2.42,0.38,-2.52,0.53,0.61,0.66,0.87,0,0.18,neutral,neutral,0,0.169,32,4123,0,
s17214,MANAUSDT,1783617300000,testB,-1,-3.76,0.672,4.37,4.07,0.54,-3.94,0.98,0.95,0.84,1.41,0,0.18,neutral,neutral,0,0.129,32,4123,0,
s17215,SANDUSDT,1783618200000,testB,-1,-2.06,0.682,2.82,2.35,0.51,-2.16,0.46,0.61,0.66,0.87,0,0.1,neutral,neutral,0,0.087,32,4124,0,
s17216,MANAUSDT,1783618200000,testB,-1,-3.07,0.556,4.29,3.67,0.58,-3.16,0.69,0.95,0.84,1.41,0,0.1,neutral,neutral,0,0.165,32,4124,0,
s17217,LDOUSDT,1783619100000,testB,-1,-3.61,0.642,5.35,3.85,1.74,-3.8,1.03,1.56,1.46,1.79,0,0.18,neutral,neutral,0,-0.042,32,4125,1,
s17218,SANDUSDT,1783619100000,testB,-1,-2.18,0.703,2.83,2.46,0.63,-2.37,0.6,0.61,0.66,0.87,0,0.18,neutral,neutral,0,-0.133,32,4125,1,
s17219,MANAUSDT,1783619100000,testB,-1,-3.26,0.618,4.24,3.37,0.46,-3.45,0.57,0.95,0.84,1.41,0,0.18,neutral,neutral,0,0.093,32,4125,0,
s17220,ARBUSDT,1783620000000,train,1,6.03,0.43,6.73,6.09,2.22,5.28,3.55,5.38,5.93,5.17,0,0.75,neutral,neutral,0,0.044,32,4127,1,
s17221,LDOUSDT,1783620000000,testB,-1,-3.48,0.632,4.98,4.0,2.1,-4.23,1.41,1.33,1.41,1.63,0,0.75,neutral,bajista,0,-0.057,32,4126,2,
s17222,STBLUSDT,1783620900000,train,1,2.09,0.667,2.6,2.34,4.64,1.27,1.16,0.99,0.78,0.59,1,0.81,neutral,alcista,0,0.891,32,4128,2,
s17223,ARBUSDT,1783620900000,train,1,5.11,0.392,6.58,5.69,2.3,4.29,3.38,5.38,5.93,5.17,0,0.81,neutral,alcista,0,0.08,32,4128,2,
s17224,LDOUSDT,1783620900000,testB,-1,-4.04,0.688,5.0,4.51,1.03,-4.86,1.71,1.33,1.41,1.63,0,0.81,neutral,bajista,0,-0.029,32,4127,3,
s17225,STBLUSDT,1783621800000,train,1,2.26,0.743,2.64,2.38,3.15,1.6,1.14,0.99,0.78,0.59,1,0.66,neutral,alcista,0,0.946,32,4129,3,
s17226,ENAUSDT,1783621800000,train,1,2.37,0.398,2.56,2.54,1.48,1.71,1.48,0.81,0.77,0.66,1,0.66,neutral,alcista,0,0.298,32,4129,6,
s17227,ARBUSDT,1783621800000,train,1,5.75,0.451,6.22,5.48,1.48,5.09,3.36,5.38,5.93,5.17,0,0.66,neutral,alcista,0,0.105,32,4129,3,
s17228,LDOUSDT,1783621800000,testB,-1,-3.59,0.646,4.38,3.82,0.79,-4.24,1.68,1.33,1.41,1.63,0,0.66,neutral,neutral,0,-0.543,32,4128,0,
s17229,STBLUSDT,1783622700000,train,1,2.78,0.78,2.88,2.88,0.47,2.44,1.52,0.99,0.78,0.59,1,0.35,neutral,alcista,0,0.676,32,4130,4,
s17230,LDOUSDT,1783622700000,testB,-1,-3.54,0.642,4.3,4.07,0.78,-3.89,1.96,1.33,1.41,1.63,0,0.35,neutral,neutral,0,-0.48,32,4129,1,
s17231,STBLUSDT,1783623600000,train,1,2.95,0.791,3.12,2.91,0.52,2.76,1.73,1.0,0.88,0.61,1,0.19,neutral,alcista,0,0.507,32,4131,5,
s17232,ARBUSDT,1783623600000,train,1,4.27,0.409,6.26,5.0,1.06,4.08,2.2,5.03,5.52,5.38,0,0.19,neutral,neutral,0,0.434,32,4131,0,
s17233,LDOUSDT,1783623600000,testB,-1,-3.8,0.665,4.11,4.05,0.55,-3.99,1.99,1.26,1.39,1.53,0,0.19,neutral,bajista,0,-0.705,32,4130,2,
s17234,STBLUSDT,1783624500000,train,1,2.99,0.793,3.16,3.03,0.52,2.55,1.7,1.0,0.88,0.61,1,0.44,neutral,alcista,0,0.389,32,4132,6,
s17235,ARBUSDT,1783624500000,train,1,4.08,0.399,6.24,5.17,0.79,3.64,2.22,5.03,5.52,5.38,0,0.44,neutral,neutral,0,0.344,32,4132,1,
s17236,LDOUSDT,1783624500000,testB,-1,-2.84,0.595,3.89,3.42,0.43,-3.28,1.87,1.26,1.39,1.53,0,0.44,neutral,bajista,0,-0.66,32,4131,3,
s17237,XPLUSDT,1783625400000,train,1,2.86,0.398,4.16,4.09,1.92,2.24,2.25,0.52,0.52,0.57,0,0.62,neutral,alcista,0,0.108,32,4133,2,
s17238,STBLUSDT,1783625400000,train,1,3.82,0.846,3.84,3.76,0.64,3.19,2.23,1.0,0.88,0.61,1,0.62,neutral,alcista,0,0.089,32,4133,7,
s17239,ARBUSDT,1783625400000,train,1,4.52,0.424,6.21,5.74,0.7,3.9,2.32,5.03,5.52,5.38,0,0.62,neutral,alcista,0,0.16,32,4133,2,
s17240,JUPUSDT,1783625400000,train,1,2.53,0.605,3.27,3.08,0.56,1.91,1.01,1.02,0.76,0.72,1,0.62,neutral,neutral,0,0.462,32,4133,0,
s17241,LDOUSDT,1783625400000,testB,-1,-4.06,0.733,4.83,4.5,0.7,-4.68,2.53,1.26,1.39,1.53,0,0.62,neutral,bajista,0,-0.881,32,4132,4,
s17242,STBLUSDT,1783626300000,train,1,4.2,0.858,4.62,4.12,1.32,3.59,2.4,1.0,0.88,0.61,1,0.62,neutral,alcista,0,-0.03,32,4134,8,
s17243,ARBUSDT,1783626300000,train,1,4.83,0.461,6.09,5.02,0.77,4.22,1.67,5.03,5.52,5.38,0,0.62,neutral,neutral,0,0.35,32,4134,0,
s17244,JUPUSDT,1783626300000,train,1,2.34,0.533,3.05,2.34,0.55,1.73,0.51,1.02,0.76,0.72,1,0.62,neutral,neutral,0,0.959,32,4134,0,
s17245,LDOUSDT,1783626300000,testB,-1,-3.87,0.723,4.74,4.47,0.66,-4.49,2.36,1.26,1.39,1.53,0,0.62,neutral,bajista,0,-0.865,32,4133,5,
s17246,STBLUSDT,1783627200000,train,1,2.85,0.541,4.65,3.31,1.98,2.29,1.39,1.27,0.99,0.69,1,0.55,neutral,neutral,0,0.063,32,4135,0,
s17247,ARBUSDT,1783627200000,train,1,4.59,0.45,6.48,5.46,0.95,4.04,1.88,4.89,5.31,5.6,0,0.55,neutral,neutral,0,0.2,32,4135,1,
s17248,LDOUSDT,1783627200000,testB,-1,-3.58,0.634,4.39,3.82,0.73,-4.14,1.71,1.13,1.36,1.5,0,0.55,neutral,neutral,0,-1.0,23,4134,0,
s17249,XPLUSDT,1783628100000,train,1,4.28,0.557,4.38,4.22,1.34,3.37,2.18,0.52,0.52,0.59,0,0.92,neutral,neutral,0,-0.158,32,4136,1,
s17250,STBLUSDT,1783628100000,train,1,2.46,0.435,4.67,2.91,2.41,1.54,0.88,1.27,0.99,0.69,1,0.92,neutral,neutral,0,0.188,32,4136,0,
s17251,ARBUSDT,1783628100000,train,1,5.15,0.529,6.48,5.44,0.97,4.24,1.66,4.89,5.31,5.6,0,0.92,neutral,neutral,0,0.087,32,4136,0,
s17252,LDOUSDT,1783628100000,testB,-1,-2.57,0.467,4.07,3.07,0.66,-3.48,1.2,1.13,1.36,1.5,0,0.92,neutral,neutral,0,-1.0,22,4135,0,
s17253,XPLUSDT,1783629000000,train,1,2.8,0.353,4.37,3.32,1.02,1.87,1.23,0.52,0.52,0.59,0,0.93,neutral,neutral,0,0.0,32,4137,0,
s17254,STBLUSDT,1783629000000,train,1,2.63,0.452,4.66,3.27,2.74,1.7,1.13,1.27,0.99,0.69,1,0.93,neutral,neutral,0,0.09,32,4137,1,
s17255,ARBUSDT,1783629000000,train,1,4.88,0.517,6.48,5.48,0.92,3.95,1.66,4.89,5.31,5.6,0,0.93,neutral,neutral,0,0.288,32,4137,1,
s17256,TIAUSDT,1783629000000,train,-1,-2.03,0.399,3.77,3.4,0.69,-2.95,1.25,1.62,1.83,1.52,0,0.93,neutral,neutral,0,-0.479,32,4137,1,
s17257,LDOUSDT,1783629000000,testB,-1,-2.6,0.476,4.0,3.0,0.39,-3.53,1.05,1.13,1.36,1.5,0,0.93,neutral,neutral,0,-1.0,21,4136,0,
s17258,STBLUSDT,1783629900000,train,1,2.8,0.489,4.65,3.31,1.62,1.82,0.99,1.27,0.99,0.69,1,0.99,neutral,alcista,0,-0.051,32,4138,2,
s17259,ARBUSDT,1783629900000,train,1,5.52,0.62,6.31,5.32,0.76,4.53,1.4,4.89,5.31,5.6,0,0.99,neutral,neutral,0,0.268,32,4138,0,
s17260,TIAUSDT,1783629900000,train,-1,-2.21,0.454,3.77,3.35,0.36,-3.2,0.99,1.62,1.83,1.52,0,0.99,neutral,neutral,0,-0.558,32,4138,0,
s17261,LDOUSDT,1783629900000,testB,-1,-3.22,0.529,3.97,3.83,0.35,-4.21,1.73,1.13,1.36,1.5,0,0.99,neutral,neutral,0,-1.0,20,4137,1,
s17262,STBLUSDT,1783630800000,train,1,2.45,0.456,4.65,3.35,0.7,1.47,0.94,1.24,0.94,0.69,1,0.97,neutral,alcista,0,-0.025,32,4139,3,
s17263,ARBUSDT,1783630800000,train,1,4.64,0.501,6.18,4.58,0.49,3.67,0.8,4.71,5.23,5.87,0,0.97,neutral,neutral,0,0.6,32,4139,0,
s17264,TIAUSDT,1783630800000,train,-1,-2.67,0.5,4.11,3.81,0.5,-3.64,1.38,1.37,1.8,1.56,0,0.97,neutral,neutral,0,-1.0,26,4139,1,
s17265,SEIUSDT,1783630800000,train,1,2.61,0.534,3.03,2.58,1.95,1.63,1.77,0.77,0.83,0.71,0,0.97,neutral,alcista,1,2.0,19,4139,2,
s17266,LDOUSDT,1783630800000,testB,-1,-3.03,0.514,4.04,3.83,0.33,-4.01,1.48,1.04,1.26,1.48,0,0.97,neutral,neutral,0,-1.0,19,4138,0,
s17267,ARBUSDT,1783631700000,train,1,3.25,0.382,5.31,3.38,0.5,2.6,0.39,4.71,5.23,5.87,0,0.65,neutral,neutral,0,0.894,32,4140,0,
s17268,TIAUSDT,1783631700000,train,-1,-3.49,0.636,4.45,4.3,0.77,-4.14,1.9,1.37,1.8,1.56,0,0.65,neutral,bajista,0,-1.0,25,4140,2,
s17269,LDOUSDT,1783631700000,testB,-1,-3.04,0.514,4.18,4.15,0.33,-3.69,1.62,1.04,1.26,1.48,0,0.65,neutral,neutral,0,-1.0,18,4139,1,
s17270,STBLUSDT,1783632600000,train,1,2.27,0.417,4.66,3.27,0.15,1.95,0.71,1.24,0.94,0.69,1,0.32,neutral,neutral,0,-0.026,32,4141,1,
s17271,TIAUSDT,1783632600000,train,-1,-2.77,0.547,4.44,4.15,0.97,-3.09,1.62,1.37,1.8,1.56,0,0.32,neutral,neutral,0,-1.0,24,4141,0,
s17272,LDOUSDT,1783632600000,testB,-1,-3.31,0.593,4.24,3.76,0.52,-3.63,1.1,1.04,1.26,1.48,0,0.32,neutral,neutral,0,-1.0,17,4140,0,
s17273,STBLUSDT,1783633500000,train,1,2.02,0.359,3.49,1.89,0.15,1.8,0.4,1.24,0.94,0.69,1,0.21,neutral,neutral,0,0.022,32,4142,0,
s17274,TIAUSDT,1783633500000,train,-1,-2.55,0.498,4.44,3.99,1.01,-2.77,1.32,1.37,1.8,1.56,0,0.21,neutral,neutral,0,-1.0,23,4142,0,
s17275,LDOUSDT,1783633500000,testB,-1,-2.87,0.524,3.83,3.19,0.56,-3.08,0.82,1.04,1.26,1.48,0,0.21,neutral,neutral,0,-1.0,16,4141,0,
s17276,TIAUSDT,1783634400000,train,-1,-2.29,0.432,4.43,3.77,0.87,-2.07,1.05,1.13,1.7,1.51,0,-0.23,neutral,neutral,0,-1.0,22,4143,0,
s17277,SEIUSDT,1783634400000,train,1,3.38,0.448,3.79,3.71,2.33,3.61,2.68,1.23,1.09,0.83,1,-0.23,neutral,alcista,0,0.038,32,4143,3,
s17278,LDOUSDT,1783634400000,testB,-1,-2.16,0.418,3.18,2.34,0.52,-1.93,0.52,0.9,1.21,1.45,0,-0.23,neutral,neutral,0,-1.0,14,4142,0,
s17279,ARBUSDT,1783635300000,train,-1,-2.07,0.352,3.79,3.45,1.03,-2.0,1.21,4.63,4.94,6.01,0,-0.08,neutral,bajista,0,-1.0,18,4144,2,
s17280,TIAUSDT,1783635300000,train,-1,-2.99,0.612,4.43,3.94,0.69,-2.92,1.02,1.13,1.7,1.51,0,-0.08,neutral,neutral,0,-1.0,21,4144,1,
s17281,SEIUSDT,1783635300000,train,1,3.99,0.504,4.18,4.15,2.05,4.06,2.8,1.23,1.09,0.83,1,-0.08,neutral,alcista,0,-0.097,32,4144,4,
s17282,TIAUSDT,1783636200000,train,-1,-3.37,0.689,4.44,4.15,0.52,-3.42,1.09,1.13,1.7,1.51,0,0.05,neutral,bajista,0,-1.0,20,4145,2,
s17283,SEIUSDT,1783636200000,train,1,4.31,0.524,5.21,4.6,3.08,4.26,2.94,1.23,1.09,0.83,1,0.05,neutral,alcista,0,-0.191,32,4145,5,
s17284,TIAUSDT,1783637100000,train,-1,-3.47,0.695,3.99,3.71,0.67,-3.45,1.2,1.13,1.7,1.51,0,-0.02,neutral,bajista,0,-1.0,12,4146,3,
s17285,SEIUSDT,1783637100000,train,1,4.14,0.49,5.24,4.17,3.48,4.16,2.25,1.23,1.09,0.83,1,-0.02,neutral,neutral,0,-0.149,32,4146,0,
s17286,TIAUSDT,1783638000000,train,-1,-2.83,0.648,3.25,2.93,0.75,-2.76,1.34,0.93,1.61,1.47,0,-0.06,neutral,bajista,0,-1.0,10,4147,4,
s17287,SEIUSDT,1783638000000,train,1,3.68,0.413,5.24,3.67,2.25,3.74,1.58,1.5,1.21,0.9,1,-0.06,neutral,neutral,0,-0.06,32,4147,0,
s17288,JUPUSDT,1783638000000,train,1,2.43,0.436,3.21,3.07,3.09,2.49,2.26,0.58,0.77,0.74,0,-0.06,neutral,alcista,0,-1.0,6,4147,6,
s17289,APEUSDT,1783638000000,testB,1,3.01,0.419,5.42,4.88,1.82,3.07,1.88,1.45,1.66,3.76,0,-0.06,neutral,alcista,0,-0.878,32,4146,3,
s17290,TIAUSDT,1783638900000,train,-1,-2.43,0.577,3.15,2.56,0.88,-2.36,1.13,0.93,1.61,1.47,0,-0.07,neutral,neutral,0,-1.0,9,4148,0,
s17291,APEUSDT,1783638900000,testB,1,3.46,0.509,5.43,4.71,1.4,3.52,1.67,1.45,1.66,3.76,0,-0.07,neutral,neutral,0,-0.835,32,4147,0,
s17292,TIAUSDT,1783639800000,train,-1,-2.16,0.506,3.12,2.36,0.87,-2.04,0.85,0.93,1.61,1.47,0,-0.12,neutral,neutral,0,-1.0,8,4149,0,
s17293,SEIUSDT,1783639800000,train,1,3.37,0.357,5.24,3.77,1.3,3.5,1.45,1.5,1.21,0.9,1,-0.12,neutral,neutral,0,-0.075,32,4149,1,
s17294,APEUSDT,1783639800000,testB,1,3.71,0.566,5.43,4.71,1.59,3.84,1.46,1.45,1.66,3.76,0,-0.12,neutral,neutral,0,-0.785,32,4148,1,
s17295,SEIUSDT,1783640700000,train,1,4.02,0.434,5.23,3.94,1.22,4.06,1.49,1.5,1.21,0.9,1,-0.04,neutral,alcista,0,-0.128,32,4150,2,
s17296,APEUSDT,1783640700000,testB,1,4.09,0.611,5.42,4.94,1.38,4.13,1.6,1.45,1.66,3.76,0,-0.04,neutral,alcista,0,-0.53,32,4149,2,
s17297,ARBUSDT,1783641600000,train,-1,-3.54,0.416,5.11,4.41,0.87,-3.58,1.67,3.65,4.76,6.39,0,0.05,neutral,bajista,0,-1.0,10,4151,3,
s17298,SEIUSDT,1783641600000,train,1,4.49,0.462,5.0,4.36,1.09,4.44,1.86,1.76,1.26,0.96,1,0.05,neutral,alcista,0,-0.206,32,4151,3,
s17299,APEUSDT,1783641600000,testB,1,3.11,0.403,5.49,3.68,1.07,3.06,0.33,1.52,1.64,3.43,0,0.05,neutral,neutral,0,-0.246,32,4150,0,
s17300,ARBUSDT,1783642500000,train,-1,-3.53,0.415,5.11,4.43,0.74,-3.24,1.61,3.65,4.76,6.39,0,-0.28,neutral,neutral,0,-1.0,9,4152,0,
s17301,MANAUSDT,1783642500000,testB,-1,-2.04,0.558,2.88,2.25,0.95,-1.76,1.01,0.4,0.61,0.93,0,-0.28,neutral,neutral,0,-1.0,6,4151,1,
s17302,APEUSDT,1783642500000,testB,1,2.93,0.37,5.51,3.27,1.06,3.21,-0.05,1.52,1.64,3.43,0,-0.28,neutral,neutral,0,-0.185,32,4151,0,
s17303,ARBUSDT,1783643400000,train,-1,-3.39,0.393,4.9,4.03,0.98,-2.97,1.21,3.65,4.76,6.39,0,-0.42,neutral,neutral,0,-1.0,8,4153,0,
s17304,SEIUSDT,1783643400000,train,1,4.04,0.367,4.7,3.88,1.09,4.47,1.51,1.76,1.26,0.96,1,-0.42,neutral,neutral,0,-0.165,32,4153,1,
s17305,MANAUSDT,1783643400000,testB,-1,-2.56,0.63,3.08,2.74,1.04,-2.14,1.34,0.4,0.61,0.93,0,-0.42,neutral,bajista,0,-1.0,5,4152,2,
s17306,APEUSDT,1783643400000,testB,1,3.36,0.403,5.42,3.73,0.82,3.79,0.46,1.52,1.64,3.43,0,-0.42,neutral,neutral,0,0.065,32,4152,1,
s17307,ARBUSDT,1783644300000,train,-1,-3.54,0.403,4.91,4.18,0.94,-3.22,1.29,3.65,4.76,6.39,0,-0.32,neutral,neutral,0,-1.0,7,4154,1,
s17308,MANAUSDT,1783644300000,testB,-1,-2.39,0.58,3.09,2.63,1.2,-2.06,1.15,0.4,0.61,0.93,0,-0.32,neutral,neutral,0,-1.0,4,4153,0,
s17309,APEUSDT,1783644300000,testB,1,3.66,0.424,4.79,3.65,0.76,3.99,0.96,1.52,1.64,3.43,0,-0.32,neutral,alcista,0,-1.0,25,4153,2,
s17310,ARBUSDT,1783645200000,train,-1,-3.06,0.367,3.77,3.16,0.83,-2.76,1.26,3.68,4.61,6.58,0,-0.29,neutral,bajista,0,-1.0,3,4155,2,
s17311,TIAUSDT,1783646100000,train,1,2.24,0.419,2.93,2.93,1.05,2.0,1.42,0.95,1.54,1.46,0,0.23,neutral,neutral,0,-0.418,32,4156,1,
s17312,SEIUSDT,1783646100000,train,1,5.52,0.525,5.29,5.25,0.9,5.29,2.9,2.06,1.42,1.0,1,0.23,neutral,alcista,0,-0.41,32,4156,4,
s17313,LDOUSDT,1783646100000,testB,1,2.36,0.372,3.13,3.0,1.42,2.13,1.41,0.74,1.01,1.4,0,0.23,neutral,alcista,0,0.187,32,4155,4,
s17314,TIAUSDT,1783647000000,train,1,2.38,0.435,3.81,3.21,1.27,2.13,1.54,0.95,1.54,1.46,0,0.25,neutral,alcista,0,-0.276,32,4157,2,
s17315,SEIUSDT,1783647000000,train,1,5.35,0.517,5.62,5.07,0.94,5.1,2.55,2.06,1.42,1.0,1,0.25,neutral,alcista,0,-0.232,32,4157,5,
s17316,LDOUSDT,1783647000000,testB,1,2.89,0.422,3.95,3.85,1.62,2.64,2.21,0.74,1.01,1.4,0,0.25,neutral,alcista,0,0.068,32,4156,5,
s17317,TIAUSDT,1783647900000,train,1,2.7,0.466,4.58,3.65,1.5,1.94,1.89,0.95,1.54,1.46,0,0.76,neutral,alcista,0,-0.34,32,4158,3,
s17318,SEIUSDT,1783647900000,train,1,4.59,0.477,5.55,4.47,1.14,3.84,2.15,2.06,1.42,1.0,1,0.76,neutral,neutral,0,-0.338,32,4158,0,
s17319,PENDLEUSDT,1783647900000,train,1,2.4,0.367,4.34,3.74,2.32,1.65,2.39,0.69,0.89,1.25,0,0.76,neutral,alcista,0,-0.325,32,4158,3,
s17320,LDOUSDT,1783647900000,testB,1,3.12,0.441,5.4,4.23,2.64,2.37,2.35,0.74,1.01,1.4,0,0.76,neutral,alcista,0,-0.038,32,4157,6,
s17321,PUMPUSDT,1783648800000,train,1,2.29,0.486,3.68,3.55,2.71,1.3,2.07,0.52,0.43,0.42,1,0.98,neutral,alcista,0,-0.278,32,4159,2,
s17322,TIAUSDT,1783648800000,train,1,2.84,0.479,4.56,3.99,1.53,1.85,2.11,1.0,1.32,1.45,0,0.98,neutral,alcista,0,-0.28,32,4159,4,
s17323,ENAUSDT,1783649700000,train,1,2.89,0.575,3.86,3.75,3.3,2.15,2.32,0.76,0.69,0.74,0,0.74,neutral,alcista,0,0.105,32,4160,3,
s17324,OPUSDT,1783649700000,train,1,2.24,0.489,3.34,3.24,2.52,1.5,1.8,0.92,0.84,1.33,0,0.74,neutral,alcista,0,0.853,32,4160,5,
s17325,TIAUSDT,1783649700000,train,1,3.06,0.527,4.56,4.04,1.45,2.32,1.93,1.0,1.32,1.45,0,0.74,neutral,alcista,0,-0.088,32,4160,5,
s17326,PUMPUSDT,1783650600000,train,1,2.42,0.439,3.81,3.62,2.79,1.62,1.79,0.52,0.43,0.42,1,0.8,neutral,neutral,0,-0.091,32,4161,1,
s17327,ENAUSDT,1783650600000,train,1,2.04,0.358,3.89,3.02,3.43,1.24,1.4,0.76,0.69,0.74,0,0.8,neutral,neutral,0,0.38,32,4161,0,
s17328,TIAUSDT,1783650600000,train,1,3.19,0.56,4.57,3.97,1.06,2.39,1.65,1.0,1.32,1.45,0,0.8,neutral,neutral,0,-0.126,32,4161,0,
s17329,LDOUSDT,1783650600000,testB,1,3.78,0.402,5.35,5.13,1.91,2.98,2.69,0.82,0.99,1.37,0,0.8,neutral,neutral,0,0.063,32,4160,1,
s17330,PUMPUSDT,1783651500000,train,1,3.18,0.566,4.32,3.99,1.32,1.99,1.99,0.52,0.43,0.42,1,1.19,neutral,alcista,0,-0.311,32,4162,2,
s17331,STBLUSDT,1783651500000,train,1,2.21,0.542,2.66,2.49,0.47,1.02,0.94,0.63,0.95,0.77,0,1.19,neutral,alcista,0,-1.0,25,4162,2,
s17332,ENAUSDT,1783651500000,train,1,2.83,0.461,3.87,3.59,1.63,1.64,1.79,0.76,0.69,0.74,0,1.19,neutral,neutral,0,0.141,32,4162,1,
s17333,OPUSDT,1783651500000,train,1,2.63,0.509,3.8,3.7,1.25,1.45,1.92,0.92,0.84,1.33,0,1.19,neutral,neutral,0,0.667,32,4162,1,
s17334,TIAUSDT,1783651500000,train,1,3.05,0.521,4.66,3.6,0.77,1.87,1.11,1.0,1.32,1.45,0,1.19,neutral,neutral,0,-0.152,32,4162,0,
s17335,PUMPUSDT,1783652400000,train,1,2.77,0.471,4.73,3.68,1.21,1.58,1.49,0.58,0.45,0.43,1,1.18,neutral,neutral,0,-0.321,32,4163,0,
s17336,STBLUSDT,1783652400000,train,1,2.21,0.542,2.66,2.45,0.35,1.02,0.84,0.62,0.93,0.76,0,1.18,neutral,neutral,0,-1.0,24,4163,0,
s17337,ENAUSDT,1783652400000,train,1,3.39,0.506,4.14,4.12,1.51,2.21,2.13,0.86,0.7,0.76,0,1.18,neutral,alcista,0,-0.012,32,4163,2,
s17338,ARBUSDT,1783652400000,train,1,5.1,0.567,7.27,5.63,1.96,3.91,2.79,4.17,4.71,7.14,0,1.18,neutral,neutral,0,0.723,32,4163,0,
s17339,OPUSDT,1783652400000,train,1,3.31,0.567,4.71,4.43,1.59,2.13,2.46,1.15,0.91,1.38,0,1.18,neutral,alcista,0,0.404,32,4163,2,
s17340,TIAUSDT,1783652400000,train,1,3.38,0.583,4.65,3.72,0.62,2.19,1.14,0.98,1.18,1.44,0,1.18,neutral,neutral,0,-0.179,32,4163,1,
s17341,PENDLEUSDT,1783652400000,train,1,2.44,0.365,4.36,3.2,0.47,1.26,1.08,0.84,0.75,1.26,0,1.18,neutral,neutral,0,-0.204,32,4163,0,
s17342,STXUSDT,1783652400000,testB,1,2.06,0.593,3.0,2.77,1.7,0.88,1.16,1.19,0.84,1.02,0,1.18,neutral,neutral,0,0.104,32,4162,0,
s17343,MANAUSDT,1783652400000,testB,1,2.26,0.448,3.69,3.5,0.47,1.07,1.33,0.57,0.46,0.76,0,1.18,neutral,alcista,0,-0.187,32,4162,3,
s17344,PUMPUSDT,1783653300000,train,1,2.71,0.455,4.75,3.36,0.98,1.72,1.06,0.58,0.45,0.43,1,0.98,neutral,neutral,0,-0.353,32,4164,0,
s17345,ENAUSDT,1783653300000,train,1,2.83,0.39,4.16,3.52,1.27,1.85,1.33,0.86,0.7,0.76,0,0.98,neutral,neutral,0,0.126,32,4164,0,
s17346,ARBUSDT,1783653300000,train,1,4.06,0.486,7.28,5.44,2.17,3.07,2.3,4.17,4.71,7.14,0,0.98,neutral,neutral,0,0.687,32,4164,0,
s17347,OPUSDT,1783653300000,train,1,2.93,0.469,4.74,3.8,1.64,1.95,1.59,1.15,0.91,1.38,0,0.98,neutral,neutral,0,0.725,32,4164,0,
s17348,TIAUSDT,1783653300000,train,1,4.09,0.629,4.4,4.28,0.67,3.1,1.8,0.98,1.18,1.44,0,0.98,neutral,alcista,0,-0.486,32,4164,2,
s17349,PENDLEUSDT,1783653300000,train,1,2.95,0.451,4.36,3.36,0.47,1.97,1.17,0.84,0.75,1.26,0,0.98,neutral,neutral,0,-0.434,32,4164,1,
s17350,STXUSDT,1783653300000,testB,1,2.59,0.647,4.42,3.38,4.06,1.61,1.64,1.19,0.84,1.02,0,0.98,neutral,neutral,0,-0.22,32,4163,1,
s17351,MANAUSDT,1783653300000,testB,1,2.57,0.541,3.69,3.43,0.54,1.59,1.15,0.57,0.46,0.76,0,0.98,neutral,neutral,0,-0.214,32,4163,0,
s17352,PUMPUSDT,1783654200000,train,1,2.9,0.473,4.72,3.81,0.89,1.87,1.43,0.58,0.45,0.43,1,1.03,neutral,neutral,0,-0.466,32,4165,1,
s17353,ENAUSDT,1783654200000,train,1,3.38,0.443,4.14,3.94,1.0,2.35,1.63,0.86,0.7,0.76,0,1.03,neutral,neutral,0,-0.035,32,4165,1,
s17354,ARBUSDT,1783654200000,train,1,4.18,0.506,7.3,5.21,2.24,3.16,1.71,4.17,4.71,7.14,0,1.03,neutral,neutral,0,0.75,32,4165,0,
s17355,OPUSDT,1783654200000,train,1,3.71,0.543,4.71,4.43,1.48,2.69,2.05,1.15,0.91,1.38,0,1.03,neutral,neutral,0,0.447,32,4165,1,
s17356,TIAUSDT,1783654200000,train,1,3.96,0.622,4.52,4.09,0.87,2.93,1.7,0.98,1.18,1.44,0,1.03,neutral,alcista,0,-0.543,32,4165,3,
s17357,PENDLEUSDT,1783654200000,train,1,3.15,0.494,4.36,3.24,0.7,2.12,0.94,0.84,0.75,1.26,0,1.03,neutral,neutral,0,-0.364,32,4165,0,
s17358,STXUSDT,1783654200000,testB,1,2.48,0.6,4.43,3.05,4.4,1.45,1.17,1.19,0.84,1.02,0,1.03,neutral,neutral,0,-0.245,32,4164,0,
s17359,MANAUSDT,1783654200000,testB,1,4.35,0.667,5.23,5.23,0.88,3.32,2.82,0.57,0.46,0.76,0,1.03,neutral,neutral,0,-0.514,32,4164,1,
s17360,PUMPUSDT,1783655100000,train,1,3.11,0.523,4.72,3.81,0.71,1.97,1.28,0.58,0.45,0.43,1,1.14,neutral,neutral,0,-0.517,32,4166,0,
s17361,ENAUSDT,1783655100000,train,1,3.72,0.491,4.15,4.05,0.88,2.58,1.58,0.86,0.7,0.76,0,1.14,neutral,alcista,0,-0.012,32,4166,2,
s17362,ARBUSDT,1783655100000,train,1,4.66,0.562,7.28,5.43,1.1,3.52,2.07,4.17,4.71,7.14,0,1.14,neutral,neutral,0,0.537,32,4166,1,
s17363,OPUSDT,1783655100000,train,1,3.53,0.5,4.73,3.98,1.32,2.39,1.41,1.15,0.91,1.38,0,1.14,neutral,neutral,0,0.524,32,4166,0,
s17364,TIAUSDT,1783655100000,train,1,2.29,0.367,4.55,3.36,0.84,1.15,0.87,0.98,1.18,1.44,0,1.14,neutral,neutral,0,-0.355,32,4166,0,
s17365,PENDLEUSDT,1783655100000,train,1,2.53,0.407,4.37,3.02,0.79,1.39,0.66,0.84,0.75,1.26,0,1.14,neutral,neutral,0,-0.253,32,4166,0,
s17366,STXUSDT,1783655100000,testB,1,2.42,0.577,4.45,2.77,4.39,1.28,0.81,1.19,0.84,1.02,0,1.14,neutral,neutral,0,-0.187,32,4165,0,
s17367,MANAUSDT,1783655100000,testB,1,3.55,0.483,5.28,4.28,1.14,2.41,1.72,0.57,0.46,0.76,0,1.14,neutral,neutral,0,-0.391,32,4165,0,
s17368,APEUSDT,1783655100000,testB,-1,-2.74,0.354,4.35,4.28,0.77,-3.88,1.77,1.58,1.38,2.79,0,1.14,neutral,bajista,0,-0.414,32,4165,7,
s17369,PUMPUSDT,1783656000000,train,1,2.92,0.473,4.74,3.43,0.41,1.74,0.83,0.62,0.44,0.43,1,1.18,neutral,neutral,0,-0.365,32,4167,0,
s17370,ENAUSDT,1783656000000,train,1,3.41,0.432,4.37,3.71,0.76,2.23,1.11,0.91,0.71,0.76,0,1.18,neutral,neutral,0,-0.024,32,4167,0,
s17371,ARBUSDT,1783656000000,train,1,4.8,0.586,7.15,5.11,0.58,3.62,1.59,4.19,4.66,6.89,0,1.18,neutral,neutral,0,0.441,32,4167,0,
s17372,OPUSDT,1783656000000,train,1,3.03,0.425,4.65,3.61,0.79,1.85,1.05,1.23,0.92,1.22,0,1.18,neutral,neutral,0,0.579,32,4167,0,
s17373,TIAUSDT,1783656000000,train,1,2.52,0.417,4.53,3.33,0.97,1.34,0.77,0.99,1.06,1.43,0,1.18,neutral,neutral,0,-0.5,32,4167,0,
s17374,PENDLEUSDT,1783656000000,train,1,2.59,0.419,4.34,2.73,0.9,1.42,0.41,0.93,0.7,1.27,0,1.18,neutral,neutral,0,-0.167,32,4167,0,
s17375,STXUSDT,1783656000000,testB,1,3.43,0.659,4.4,3.72,5,2.25,1.61,1.51,1.0,1.07,0,1.18,neutral,neutral,0,-0.369,32,4166,1,
s17376,LDOUSDT,1783656000000,testB,1,3.95,0.355,5.38,5.22,0.53,2.77,1.59,0.88,0.9,1.17,0,1.18,neutral,neutral,0,-0.222,32,4166,1,
s17377,PUMPUSDT,1783656900000,train,1,2.85,0.457,4.75,3.36,0.42,1.61,0.66,0.62,0.44,0.43,1,1.24,neutral,neutral,0,-0.373,32,4168,0,
s17378,ENAUSDT,1783656900000,train,1,3.22,0.399,4.38,3.47,0.69,1.98,0.79,0.91,0.71,0.76,0,1.24,neutral,neutral,0,0.095,32,4168,0,
s17379,ARBUSDT,1783656900000,train,1,4.15,0.469,7.1,4.4,0.52,2.91,0.91,4.19,4.66,6.89,0,1.24,neutral,neutral,0,0.622,32,4168,0,
s17380,OPUSDT,1783656900000,train,1,3.34,0.486,4.65,3.61,0.7,2.09,0.96,1.23,0.92,1.22,0,1.24,neutral,neutral,0,0.658,32,4168,0,
s17381,TIAUSDT,1783656900000,train,1,2.7,0.458,4.54,3.06,0.97,1.46,0.41,0.99,1.06,1.43,0,1.24,neutral,neutral,0,-0.336,32,4168,0,
s17382,STXUSDT,1783656900000,testB,1,3.14,0.57,4.42,3.27,1.49,1.9,1.07,1.51,1.0,1.07,0,1.24,neutral,neutral,0,-0.333,32,4167,0,
s17383,LDOUSDT,1783656900000,testB,1,4.19,0.38,5.54,4.18,0.59,2.95,0.86,0.88,0.9,1.17,0,1.24,neutral,neutral,0,-0.047,32,4167,0,
s17384,PUMPUSDT,1783657800000,train,1,3.12,0.479,4.4,3.29,0.44,1.45,0.86,0.62,0.44,0.43,1,1.67,neutral,neutral,0,-0.52,32,4169,1,
s17385,ENAUSDT,1783657800000,train,1,3.2,0.397,4.16,3.3,0.6,1.53,0.79,0.91,0.71,0.76,0,1.67,neutral,neutral,0,0.096,32,4169,1,
s17386,ARBUSDT,1783657800000,train,1,5.15,0.523,6.94,5.41,0.51,3.48,1.89,4.19,4.66,6.89,0,1.67,neutral,neutral,0,0.258,32,4169,1,
s17387,OPUSDT,1783657800000,train,1,3.53,0.5,4.64,3.88,0.7,1.86,1.17,1.23,0.92,1.22,0,1.67,neutral,neutral,0,0.244,32,4169,1,
s17388,JUPUSDT,1783657800000,train,1,2.39,0.472,3.13,2.66,0.88,0.72,0.61,0.74,0.55,0.66,0,1.67,neutral,neutral,0,-1.0,10,4169,1,
s17389,STXUSDT,1783657800000,testB,1,2.84,0.511,4.2,2.88,1.44,1.17,0.84,1.51,1.0,1.07,0,1.67,neutral,neutral,0,-0.22,32,4168,0,
s17390,LDOUSDT,1783657800000,testB,1,4.28,0.386,5.26,4.26,0.53,2.61,1.15,0.88,0.9,1.17,0,1.67,neutral,neutral,0,-0.227,32,4168,1,
s17391,PUMPUSDT,1783658700000,train,1,2.77,0.451,4.4,3.29,0.66,1.29,0.81,0.62,0.44,0.43,1,1.48,neutral,alcista,0,-0.6,32,4170,2,
s17392,ENAUSDT,1783658700000,train,1,3.04,0.386,3.83,3.12,0.56,1.56,0.86,0.91,0.71,0.76,0,1.48,neutral,alcista,0,0.028,32,4170,2,
s17393,ARBUSDT,1783658700000,train,1,5.15,0.521,6.95,5.26,0.58,3.67,1.61,4.19,4.66,6.89,0,1.48,neutral,neutral,0,0.083,32,4170,0,
s17394,OPUSDT,1783658700000,train,1,3.53,0.5,4.64,3.79,0.56,2.05,0.94,1.23,0.92,1.22,0,1.48,neutral,neutral,0,0.2,32,4170,0,
s17395,STXUSDT,1783658700000,testB,1,2.54,0.483,4.09,2.76,1.36,1.06,0.76,1.51,1.0,1.07,0,1.48,neutral,neutral,0,-0.292,32,4169,0,
s17396,LDOUSDT,1783658700000,testB,1,4.39,0.393,5.04,4.69,0.56,2.91,1.66,0.88,0.9,1.17,0,1.48,neutral,alcista,0,-0.425,32,4169,2,
s17397,PUMPUSDT,1783659600000,train,1,2.77,0.451,3.68,2.69,0.63,1.42,0.85,0.62,0.43,0.42,1,1.35,neutral,alcista,0,-0.854,32,4171,3,
s17398,ENAUSDT,1783659600000,train,1,3.41,0.415,3.41,3.31,0.51,2.06,1.34,0.95,0.73,0.76,0,1.35,neutral,alcista,0,-0.129,32,4171,3,
s17399,ARBUSDT,1783659600000,train,1,5.99,0.57,6.65,5.66,0.65,4.64,2.1,4.04,4.35,6.23,0,1.35,neutral,neutral,0,0.0,32,4171,1,
s17400,OPUSDT,1783659600000,train,1,3.63,0.507,4.26,3.5,0.46,2.28,0.98,1.28,0.95,1.1,0,1.35,neutral,neutral,0,0.189,32,4171,1,
s17401,LDOUSDT,1783659600000,testB,1,4.25,0.384,4.53,4.14,0.53,2.9,1.59,0.91,0.78,1.15,0,1.35,neutral,neutral,0,-0.473,32,4170,0,
s17402,XPLUSDT,1783660500000,train,-1,-2.21,0.4,3.86,3.51,1.56,-3.12,1.12,0.47,0.54,0.55,0,0.91,neutral,bajista,0,0.018,32,4172,4,
s17403,ARBUSDT,1783660500000,train,1,4.75,0.509,5.9,4.86,0.62,3.84,1.82,4.04,4.35,6.23,0,0.91,neutral,neutral,0,-0.004,32,4172,0,
s17404,OPUSDT,1783660500000,train,1,2.64,0.36,4.0,2.67,0.46,1.73,0.35,1.28,0.95,1.1,0,0.91,neutral,neutral,0,0.393,32,4172,0,
s17405,SEIUSDT,1783660500000,train,-1,-2.35,0.732,3.59,3.51,0.37,-3.26,0.68,1.33,1.42,1.04,0,0.91,neutral,bajista,0,-0.137,32,4172,3,
s17406,APEUSDT,1783660500000,testB,-1,-2.62,0.44,4.77,4.22,0.89,-3.53,0.91,1.13,1.3,2.21,0,0.91,neutral,neutral,0,-0.029,32,4171,1,
s17407,XPLUSDT,1783661400000,train,-1,-2.03,0.356,3.84,3.09,1.73,-3.28,0.68,0.47,0.54,0.55,0,1.25,neutral,neutral,0,0.052,32,4173,0,
s17408,PUMPUSDT,1783661400000,train,1,2.48,0.398,3.27,2.55,0.77,1.23,0.91,0.62,0.43,0.42,1,1.25,neutral,neutral,0,-1.0,26,4173,1,
s17409,ENAUSDT,1783661400000,train,1,2.84,0.369,3.02,2.83,0.67,1.59,1.1,0.95,0.73,0.76,0,1.25,neutral,neutral,0,-0.124,32,4173,1,
s17410,ARBUSDT,1783661400000,train,1,4.15,0.424,5.66,4.1,0.63,2.9,1.19,4.04,4.35,6.23,0,1.25,neutral,neutral,0,0.207,32,4173,0,
s17411,SEIUSDT,1783661400000,train,-1,-2.27,0.69,3.67,3.39,0.44,-3.52,0.56,1.33,1.42,1.04,0,1.25,neutral,neutral,0,-0.166,32,4173,0,
s17412,APEUSDT,1783661400000,testB,-1,-2.74,0.451,5.03,4.48,1.0,-3.99,1.12,1.13,1.3,2.21,0,1.25,neutral,bajista,0,0.027,32,4172,2,
s17413,SEIUSDT,1783662300000,train,-1,-2.49,0.709,2.93,2.91,0.53,-3.06,0.81,1.33,1.42,1.04,0,0.57,neutral,neutral,0,-0.179,32,4174,1,
s17414,PENDLEUSDT,1783662300000,train,-1,-2.37,0.681,2.92,2.56,0.88,-2.94,0.63,0.93,0.71,1.25,0,0.57,neutral,neutral,0,-0.12,32,4174,0,
s17415,APEUSDT,1783662300000,testB,-1,-2.76,0.451,3.45,3.39,0.89,-3.33,1.4,1.13,1.3,2.21,0,0.57,neutral,bajista,0,-1.0,27,4173,3,
s17416,XPLUSDT,1783663200000,train,-1,-2.02,0.398,2.66,2.15,1.23,-2.28,0.94,0.55,0.54,0.54,0,0.25,neutral,bajista,0,0.856,32,4175,2,
s17417,PENDLEUSDT,1783663200000,train,-1,-2.26,0.67,2.79,2.68,0.96,-2.51,1.05,0.9,0.72,1.21,0,0.25,neutral,neutral,0,-0.015,32,4175,1,
s17418,APEUSDT,1783663200000,testB,-1,-2.5,0.396,3.49,2.63,0.87,-2.76,0.74,1.01,1.28,1.91,0,0.25,neutral,neutral,0,-1.0,26,4174,0,
s17419,XPLUSDT,1783664100000,train,-1,-2.28,0.425,3.43,2.97,1.67,-2.43,1.75,0.55,0.54,0.54,0,0.15,neutral,bajista,0,0.058,32,4176,3,
s17420,SEIUSDT,1783664100000,train,-1,-2.11,0.728,2.64,2.54,0.66,-2.26,1.04,1.06,1.42,1.03,0,0.15,neutral,bajista,0,-1.0,20,4176,3,
s17421,PENDLEUSDT,1783664100000,train,-1,-2.32,0.675,3.36,3.16,0.92,-2.47,1.46,0.9,0.72,1.21,0,0.15,neutral,bajista,0,0.015,32,4176,2,
s17422,APEUSDT,1783664100000,testB,-1,-2.75,0.418,3.32,3.01,0.91,-2.9,1.15,1.01,1.28,1.91,0,0.15,neutral,neutral,0,-1.0,21,4175,1,
s17423,XPLUSDT,1783665000000,train,-1,-2.44,0.471,3.42,2.86,1.59,-2.47,1.41,0.55,0.54,0.54,0,0.03,neutral,neutral,0,0.436,32,4177,0,
s17424,SEIUSDT,1783665000000,train,-1,-2.07,0.724,2.44,2.34,0.58,-2.1,0.95,1.06,1.42,1.03,0,0.03,neutral,bajista,0,-1.0,19,4177,4,
s17425,PENDLEUSDT,1783665000000,train,-1,-2.58,0.795,3.36,3.21,0.82,-2.61,1.43,0.9,0.72,1.21,0,0.03,neutral,bajista,0,0.342,32,4177,3,
s17426,APEUSDT,1783665000000,testB,-1,-2.82,0.423,3.33,3.27,0.7,-2.85,1.2,1.01,1.28,1.91,0,0.03,neutral,bajista,0,-1.0,20,4176,2,
s17427,XPLUSDT,1783665900000,train,-1,-2.08,0.382,3.41,2.54,2.14,-1.92,1.04,0.55,0.54,0.54,0,-0.16,neutral,neutral,0,0.498,32,4178,0,
s17428,SEIUSDT,1783665900000,train,-1,-2.33,0.787,2.61,2.52,0.62,-2.17,0.92,1.06,1.42,1.03,0,-0.16,neutral,bajista,0,-1.0,18,4178,5,
s17429,PENDLEUSDT,1783665900000,train,-1,-2.53,0.767,3.23,3.02,0.82,-2.37,1.19,0.9,0.72,1.21,0,-0.16,neutral,neutral,0,0.24,32,4178,0,
s17430,APEUSDT,1783665900000,testB,-1,-2.4,0.351,3.32,2.95,0.64,-2.24,0.87,1.01,1.28,1.91,0,-0.16,neutral,neutral,0,-1.0,19,4177,0,
s17431,PENDLEUSDT,1783666800000,train,-1,-2.36,0.685,3.22,2.85,0.79,-2.36,0.88,0.73,0.71,1.02,0,-0.0,neutral,neutral,0,0.221,32,4179,0,
s17432,APEUSDT,1783666800000,testB,-1,-3.48,0.439,3.86,3.8,0.92,-3.48,1.86,0.93,1.31,1.67,0,-0.0,neutral,neutral,0,-1.0,7,4178,1,
s17433,TIAUSDT,1783667700000,train,-1,-2.44,0.64,3.2,2.98,2.63,-2.62,1.02,1.01,0.98,1.47,0,0.19,neutral,bajista,0,0.813,32,4180,3,
s17434,PENDLEUSDT,1783667700000,train,-1,-2.28,0.648,3.21,2.6,0.62,-2.47,0.61,0.73,0.71,1.02,0,0.19,neutral,neutral,0,0.395,32,4180,0,
s17435,XPLUSDT,1783668600000,train,-1,-2.93,0.619,3.44,3.2,1.06,-2.95,1.24,0.51,0.52,0.51,0,0.03,neutral,bajista,0,0.347,32,4181,3,
s17436,ARBUSDT,1783668600000,train,1,2.3,0.361,3.64,3.03,1.29,2.27,1.07,3.86,3.93,5.3,0,0.03,neutral,alcista,0,-1.0,28,4181,3,
s17437,TIAUSDT,1783668600000,train,-1,-2.13,0.517,2.8,2.22,2.42,-2.15,0.55,1.01,0.98,1.47,0,0.03,neutral,neutral,0,1.12,32,4181,0,
s17438,JUPUSDT,1783668600000,train,-1,-2.48,0.582,3.36,3.07,0.99,-2.5,1.26,0.55,0.55,0.65,0,0.03,neutral,bajista,0,1.094,32,4181,8,
s17439,PENDLEUSDT,1783668600000,train,-1,-2.49,0.667,3.22,2.94,0.56,-2.52,0.85,0.73,0.71,1.02,0,0.03,neutral,neutral,0,0.817,32,4181,1,
s17440,MANAUSDT,1783668600000,testB,-1,-2.67,0.556,3.23,2.75,0.45,-2.7,0.25,0.37,0.44,0.62,0,0.03,neutral,neutral,0,0.995,32,4180,0,
s17441,XPLUSDT,1783669500000,train,-1,-2.89,0.616,3.95,3.39,0.69,-2.95,1.22,0.51,0.52,0.51,0,0.06,neutral,bajista,0,0.379,32,4182,4,
s17442,JUPUSDT,1783669500000,train,-1,-2.71,0.674,3.36,3.02,0.92,-2.77,1.06,0.55,0.55,0.65,0,0.06,neutral,neutral,0,1.079,32,4182,0,
s17443,PENDLEUSDT,1783669500000,train,-1,-2.08,0.562,2.69,2.22,0.62,-2.14,0.6,0.73,0.71,1.02,0,0.06,neutral,neutral,0,-1.0,7,4182,0,
s17444,ARBUSDT,1783670400000,train,1,2.83,0.416,3.66,3.57,1.18,2.75,1.52,3.27,3.83,5.1,0,0.09,neutral,neutral,0,-1.0,26,4183,1,
s17445,JUPUSDT,1783670400000,train,-1,-2.29,0.59,3.06,2.58,0.6,-2.38,0.89,0.53,0.58,0.64,0,0.09,neutral,neutral,0,1.444,32,4183,0,
s17446,STXUSDT,1783670400000,testB,-1,-2.06,0.621,2.69,2.16,0.39,-2.14,0.44,1.59,1.09,1.03,1,0.09,neutral,neutral,0,-0.0,32,4182,0,
s17447,ARBUSDT,1783671300000,train,1,3.51,0.563,3.76,3.59,1.11,2.81,1.43,3.27,3.83,5.1,0,0.71,neutral,alcista,0,-1.0,25,4184,2,
s17448,ARBUSDT,1783672200000,train,1,2.21,0.427,3.25,2.95,0.95,2.05,1.14,3.27,3.83,5.1,0,0.16,neutral,neutral,0,-1.0,23,4185,0,
s17449,JUPUSDT,1783672200000,train,-1,-2.1,0.517,3.0,2.15,0.93,-2.26,0.53,0.53,0.58,0.64,0,0.16,neutral,neutral,1,2.0,24,4185,1,
s17450,ARBUSDT,1783673100000,train,1,2.25,0.436,2.71,2.29,0.97,1.95,0.95,3.27,3.83,5.1,0,0.3,neutral,neutral,0,-1.0,22,4186,0,
s17451,LDOUSDT,1783673100000,testB,-1,-2.41,0.449,4.01,3.78,1.03,-2.71,1.17,0.67,0.74,1.08,0,0.3,neutral,bajista,0,0.113,32,4185,3,
s17452,ARBUSDT,1783674000000,train,1,2.72,0.485,4.58,3.41,1.66,2.36,2.0,3.65,4.08,5.19,0,0.35,neutral,neutral,0,-1.0,21,4187,1,
s17453,JUPUSDT,1783674000000,train,-1,-2.06,0.537,2.77,2.2,1.06,-2.41,0.62,0.55,0.61,0.65,0,0.35,neutral,bajista,0,1.804,32,4187,3,
s17454,LDOUSDT,1783674000000,testB,-1,-2.28,0.42,4.07,3.68,0.9,-2.63,0.88,0.65,0.75,1.03,0,0.35,neutral,neutral,0,-0.054,32,4186,0,
s17455,ARBUSDT,1783674900000,train,1,3.52,0.559,4.55,4.11,1.79,2.84,2.32,3.65,4.08,5.19,0,0.68,neutral,alcista,0,-1.0,20,4188,2,
s17456,WLDUSDT,1783678500000,train,1,2.79,0.493,4.03,3.45,1.85,1.97,1.9,0.72,0.65,0.57,1,0.82,neutral,alcista,0,-1.0,17,4192,5,
s17457,INJUSDT,1783678500000,train,1,2.77,0.668,3.35,2.98,1.0,1.95,1.7,0.87,0.83,0.86,0,0.82,neutral,alcista,0,-0.497,32,4192,5,
s17458,SUIUSDT,1783678500000,train,1,2.71,0.636,3.05,2.93,4.39,1.89,1.99,1.2,0.96,0.75,1,0.82,neutral,alcista,0,-0.472,32,4192,2,
s17459,PENDLEUSDT,1783678500000,train,1,2.39,0.504,2.86,2.5,1.73,1.57,1.07,0.85,0.89,0.94,0,0.82,neutral,neutral,0,-1.0,16,4192,1,
s17460,ONDOUSDT,1783678500000,train,1,2.05,0.579,2.41,2.32,1.54,1.23,1.38,1.03,0.77,0.67,1,0.82,neutral,alcista,0,-0.132,32,4191,2,
s17461,INJUSDT,1783679400000,train,1,2.58,0.596,3.35,2.8,1.45,1.66,1.35,0.87,0.83,0.86,0,0.92,neutral,neutral,0,-0.623,32,4193,0,
s17462,SUIUSDT,1783679400000,train,1,3.43,0.693,3.7,3.59,5,2.51,2.44,1.2,0.96,0.75,1,0.92,neutral,alcista,0,-0.595,32,4193,3,
s17463,WLDUSDT,1783680300000,train,1,2.43,0.413,4.05,2.98,1.49,1.58,1.18,0.72,0.65,0.57,1,0.85,neutral,neutral,0,-1.0,15,4194,1,
s17464,ARBUSDT,1783680300000,train,1,2.63,0.351,4.06,3.1,0.63,1.79,1.36,3.62,4.08,5.05,0,0.85,neutral,alcista,0,-1.0,8,4194,4,
s17465,OPUSDT,1783680300000,train,1,2.76,0.475,3.34,3.06,0.52,1.91,0.92,1.11,1.17,0.99,0,0.85,neutral,neutral,0,-1.0,14,4194,0,
s17466,INJUSDT,1783680300000,train,1,2.54,0.581,3.36,2.69,1.58,1.7,1.09,0.87,0.83,0.86,0,0.85,neutral,neutral,0,-0.652,32,4194,0,
s17467,SUIUSDT,1783680300000,train,1,2.85,0.515,3.84,2.91,5,2.0,1.55,1.2,0.96,0.75,1,0.85,neutral,neutral,0,-0.491,32,4194,0,
s17468,SEIUSDT,1783680300000,train,1,2.32,0.615,2.66,2.57,1.11,1.47,1.29,0.58,1.1,1.09,0,0.85,neutral,neutral,0,-1.0,15,4194,1,
s17469,PENDLEUSDT,1783680300000,train,1,2.12,0.374,2.87,2.25,1.35,1.27,0.72,0.85,0.89,0.94,0,0.85,neutral,neutral,0,-1.0,14,4194,1,
s17470,WLDUSDT,1783681200000,train,1,2.29,0.4,4.04,3.23,1.43,1.47,1.38,0.66,0.68,0.58,0,0.82,neutral,alcista,0,-1.0,14,4195,2,
s17471,ARBUSDT,1783681200000,train,1,2.69,0.356,3.55,3.06,0.73,1.87,1.66,3.68,4.04,4.98,0,0.82,neutral,alcista,0,-1.0,7,4195,5,
s17472,OPUSDT,1783681200000,train,1,2.66,0.467,2.96,2.78,0.53,1.84,0.98,1.11,1.2,0.96,0,0.82,neutral,neutral,0,-1.0,13,4195,1,
s17473,SUIUSDT,1783681200000,train,1,2.36,0.422,3.83,2.63,5,1.54,1.2,1.42,1.07,0.79,1,0.82,neutral,neutral,0,-0.313,32,4195,0,
s17474,SEIUSDT,1783681200000,train,1,2.22,0.573,2.67,2.37,1.17,1.4,1.0,1.25,1.3,1.26,0,0.82,neutral,neutral,0,-1.0,14,4195,0,
s17475,APEUSDT,1783681200000,testB,1,3.11,0.446,3.98,3.2,0.41,2.29,0.82,0.85,1.0,1.37,0,0.82,neutral,neutral,0,-1.0,18,4194,1,
s17476,OPUSDT,1783682100000,train,1,2.95,0.492,3.05,2.95,0.59,2.24,1.1,1.11,1.2,0.96,0,0.71,neutral,alcista,0,-1.0,11,4196,2,
s17477,SUIUSDT,1783682100000,train,1,2.35,0.419,3.84,2.51,2.74,1.64,0.97,1.42,1.07,0.79,1,0.71,neutral,neutral,0,-0.28,32,4196,0,
s17478,SEIUSDT,1783682100000,train,1,2.48,0.6,3.37,2.7,5,1.77,1.21,1.25,1.3,1.26,0,0.71,neutral,neutral,0,-1.0,13,4196,1,
s17479,APEUSDT,1783682100000,testB,1,3.6,0.483,3.9,3.66,0.66,2.89,1.38,0.85,1.0,1.37,0,0.71,neutral,alcista,0,-1.0,16,4195,2,
s17480,WLDUSDT,1783683000000,train,1,2.12,0.357,4.07,2.54,0.58,1.43,0.53,0.66,0.68,0.58,0,0.69,neutral,neutral,0,-1.0,12,4197,0,
s17481,OPUSDT,1783683000000,train,1,2.56,0.443,2.96,2.77,0.62,1.87,1.02,1.11,1.2,0.96,0,0.69,neutral,neutral,0,-1.0,10,4197,0,
s17482,INJUSDT,1783683000000,train,1,2.02,0.464,3.29,2.09,0.58,1.34,0.53,0.85,0.75,0.86,0,0.69,neutral,neutral,0,-1.0,12,4197,1,
s17483,APEUSDT,1783683000000,testB,1,3.35,0.466,3.66,3.24,0.82,2.66,1.21,0.85,1.0,1.37,0,0.69,neutral,neutral,0,-1.0,13,4196,0,
s17484,WLDUSDT,1783683900000,train,1,2.47,0.431,4.04,2.56,0.68,1.78,0.48,0.66,0.68,0.58,0,0.69,neutral,neutral,0,-1.0,10,4198,1,
s17485,INJUSDT,1783683900000,train,1,2.0,0.457,3.29,2.07,0.49,1.32,0.42,0.85,0.75,0.86,0,0.69,neutral,neutral,0,-1.0,11,4198,0,
s17486,SUIUSDT,1783683900000,train,1,2.15,0.351,3.77,2.13,0.9,1.46,0.54,1.42,1.07,0.79,1,0.69,neutral,neutral,0,-0.064,32,4198,1,
s17487,SEIUSDT,1783683900000,train,1,2.12,0.385,3.38,2.28,5,1.44,0.71,1.25,1.3,1.26,0,0.69,neutral,neutral,0,-1.0,11,4198,1,
s17488,WLDUSDT,1783684800000,train,1,2.04,0.386,3.45,2.02,0.76,1.23,0.48,0.67,0.61,0.57,1,0.8,neutral,alcista,0,-1.0,9,4199,2,
s17489,ONDOUSDT,1783684800000,train,1,2.24,0.444,2.62,2.31,0.82,1.44,1.04,1.09,0.87,0.69,1,0.8,neutral,alcista,0,-0.316,32,4198,2,
s17490,WLDUSDT,1783685700000,train,1,2.16,0.401,3.15,2.29,0.81,1.91,1.02,0.67,0.61,0.57,1,0.24,neutral,alcista,0,-1.0,8,4200,3,
s17491,ONDOUSDT,1783685700000,train,1,2.04,0.423,2.64,2.64,0.89,1.8,1.25,1.09,0.87,0.69,1,0.24,neutral,alcista,0,-0.552,32,4199,3,
s17492,STBLUSDT,1783689300000,train,-1,-2.59,0.685,3.4,2.83,5,-2.2,2.15,1.26,0.85,0.89,0,-0.39,neutral,bajista,0,-0.431,32,4204,2,
s17493,ARBUSDT,1783689300000,train,-1,-3.42,0.439,4.53,3.85,0.83,-3.03,1.42,3.58,3.89,4.71,0,-0.39,neutral,neutral,0,-0.152,32,4204,1,
s17494,STBLUSDT,1783691100000,train,-1,-2.21,0.361,3.43,2.47,5,-2.35,1.52,1.26,0.85,0.89,0,0.14,neutral,neutral,0,-0.614,32,4206,1,
s17495,OPUSDT,1783691100000,train,-1,-2.13,0.469,2.84,2.55,1.11,-2.27,1.11,1.12,1.15,0.96,0,0.14,neutral,neutral,0,0.63,32,4206,1,
s17496,OPUSDT,1783692000000,train,-1,-2.05,0.458,3.14,3.04,1.44,-1.91,1.49,1.23,1.22,1.02,1,-0.14,neutral,bajista,0,0.344,32,4207,2,
s17497,PUMPUSDT,1783692900000,train,-1,-2.82,0.589,4.12,2.97,1.89,-2.37,1.08,0.79,0.59,0.5,1,-0.46,neutral,bajista,0,0.318,32,4208,3,
s17498,WLDUSDT,1783692900000,train,-1,-2.82,0.569,3.65,3.03,1.78,-2.36,1.37,0.84,0.7,0.6,1,-0.46,neutral,bajista,0,0.009,32,4208,3,
s17499,OPUSDT,1783692900000,train,-1,-2.51,0.574,3.9,3.24,2.29,-2.05,1.53,1.23,1.22,1.02,1,-0.46,neutral,bajista,0,0.294,32,4208,3,
s17500,TIAUSDT,1783692900000,train,-1,-3.32,0.517,4.37,3.53,1.19,-2.86,1.37,1.22,1.11,1.23,0,-0.46,neutral,bajista,0,0.392,32,4208,2,
s17501,JUPUSDT,1783692900000,train,-1,-3.55,0.743,5.3,4.22,1.57,-3.1,1.92,1.11,0.79,0.69,1,-0.46,neutral,bajista,0,0.163,32,4208,3,
s17502,PENDLEUSDT,1783692900000,train,-1,-2.38,0.448,2.99,2.6,1.69,-1.92,1.29,1.21,0.98,0.91,1,-0.46,neutral,bajista,0,0.084,32,4208,2,
s17503,MANAUSDT,1783692900000,testB,-1,-2.02,0.69,2.36,2.18,1.96,-1.56,1.22,0.46,0.42,0.46,0,-0.46,neutral,bajista,0,0.455,32,4207,2,
s17504,XPLUSDT,1783693800000,train,-1,-2.52,0.436,4.12,2.85,2.53,-1.95,1.53,0.71,0.62,0.56,1,-0.58,neutral,neutral,0,-0.275,32,4209,1,
s17505,PUMPUSDT,1783693800000,train,-1,-3.63,0.647,5.07,3.76,3.96,-3.05,2.14,0.79,0.59,0.5,1,-0.58,neutral,bajista,0,-0.091,32,4209,4,
s17506,WLDUSDT,1783693800000,train,-1,-2.5,0.538,4.26,3.03,2.74,-1.92,1.51,0.84,0.7,0.6,1,-0.58,neutral,bajista,0,-0.052,32,4209,4,
s17507,ARBUSDT,1783693800000,train,-1,-3.01,0.386,6.56,5.13,1.54,-2.43,1.91,3.98,3.8,4.71,0,-0.58,neutral,bajista,0,-0.444,32,4209,3,
s17508,OPUSDT,1783693800000,train,-1,-2.78,0.652,4.48,3.34,2.73,-2.2,1.57,1.23,1.22,1.02,1,-0.58,neutral,bajista,0,0.343,32,4209,4,
s17509,TIAUSDT,1783693800000,train,-1,-3.66,0.541,5.06,3.82,1.59,-3.08,1.76,1.22,1.11,1.23,0,-0.58,neutral,bajista,0,0.26,32,4209,3,
s17510,JUPUSDT,1783693800000,train,-1,-3.74,0.752,5.47,4.14,2.09,-3.17,1.91,1.11,0.79,0.69,1,-0.58,neutral,bajista,0,0.155,32,4209,4,
s17511,PENDLEUSDT,1783693800000,train,-1,-2.84,0.49,4.59,3.34,2.37,-2.27,2.12,1.21,0.98,0.91,1,-0.58,neutral,bajista,0,-0.229,32,4209,3,
s17512,LDOUSDT,1783693800000,testB,-1,-3.34,0.732,4.22,3.52,2.24,-2.77,1.59,0.68,0.68,0.84,0,-0.58,neutral,bajista,0,-0.075,32,4208,4,
s17513,MANAUSDT,1783693800000,testB,-1,-2.23,0.718,3.41,2.4,3.02,-1.66,1.28,0.46,0.42,0.46,0,-0.58,neutral,bajista,0,0.339,32,4208,3,
s17514,PUMPUSDT,1783694700000,train,-1,-3.51,0.639,4.67,3.78,4.2,-2.78,2.25,0.79,0.59,0.5,1,-0.74,neutral,bajista,0,-0.182,32,4210,5,
s17515,WLDUSDT,1783694700000,train,-1,-2.42,0.514,4.26,2.9,2.88,-1.68,1.28,0.84,0.7,0.6,1,-0.74,neutral,neutral,0,-0.036,32,4210,0,
s17516,ARBUSDT,1783694700000,train,-1,-3.59,0.505,6.52,4.56,1.75,-2.85,1.26,3.98,3.8,4.71,0,-0.74,neutral,neutral,0,-0.414,32,4210,0,
s17517,OPUSDT,1783694700000,train,-1,-2.97,0.667,4.49,3.53,2.39,-2.23,1.52,1.23,1.22,1.02,1,-0.74,neutral,bajista,0,0.216,32,4210,5,
s17518,INJUSDT,1783694700000,train,-1,-2.07,0.56,2.8,2.2,2.21,-1.34,1.21,0.9,0.79,0.81,0,-0.74,neutral,bajista,0,-1.0,23,4210,5,
s17519,TIAUSDT,1783694700000,train,-1,-3.36,0.519,4.74,3.63,1.61,-2.62,1.77,1.22,1.11,1.23,0,-0.74,neutral,bajista,0,0.199,32,4210,4,
s17520,SEIUSDT,1783694700000,train,-1,-2.25,0.509,3.88,3.13,0.67,-1.51,1.12,1.45,1.0,1.24,0,-0.74,neutral,bajista,0,-0.374,32,4210,5,
s17521,JUPUSDT,1783694700000,train,-1,-3.38,0.732,4.83,3.65,1.83,-2.64,1.8,1.11,0.79,0.69,1,-0.74,neutral,bajista,0,-0.041,32,4210,5,
s17522,PENDLEUSDT,1783694700000,train,-1,-2.78,0.477,4.57,2.89,2.24,-2.04,1.53,1.21,0.98,0.91,1,-0.74,neutral,neutral,0,-0.149,32,4210,0,
s17523,LDOUSDT,1783694700000,testB,-1,-2.46,0.585,3.48,2.52,2.58,-1.72,1.23,0.68,0.68,0.84,0,-0.74,neutral,neutral,0,-1.0,9,4209,0,
s17524,MANAUSDT,1783694700000,testB,-1,-2.51,0.741,3.42,2.74,2.56,-1.77,1.47,0.46,0.42,0.46,0,-0.74,neutral,bajista,0,0.062,32,4209,4,
s17525,XPLUSDT,1783695600000,train,-1,-2.18,0.362,3.87,2.51,1.86,-1.47,1.27,0.8,0.67,0.59,1,-0.71,neutral,neutral,0,-0.039,32,4211,1,
s17526,PUMPUSDT,1783695600000,train,-1,-3.79,0.655,4.7,4.35,4.14,-3.08,2.68,0.92,0.64,0.53,1,-0.71,neutral,bajista,0,-0.27,32,4211,6,
s17527,WLDUSDT,1783695600000,train,-1,-2.47,0.53,4.25,2.69,2.39,-1.76,1.1,0.84,0.72,0.6,1,-0.71,neutral,neutral,0,0.204,32,4211,0,
s17528,ARBUSDT,1783695600000,train,-1,-3.96,0.592,6.39,4.35,1.87,-3.25,1.09,3.17,3.53,4.52,0,-0.71,neutral,neutral,0,-0.188,32,4211,0,
s17529,OPUSDT,1783695600000,train,-1,-3.33,0.72,4.5,3.83,2.03,-2.62,1.67,1.16,1.16,1.03,1,-0.71,neutral,bajista,0,0.25,32,4211,6,
s17530,TIAUSDT,1783695600000,train,-1,-3.36,0.519,4.74,3.63,1.54,-2.65,1.71,1.17,1.09,1.15,0,-0.71,neutral,bajista,0,0.233,32,4211,5,
s17531,JUPUSDT,1783695600000,train,-1,-3.76,0.782,4.85,3.96,1.82,-3.05,2.04,1.16,0.83,0.65,1,-0.71,neutral,bajista,0,-0.188,32,4211,6,
s17532,PENDLEUSDT,1783695600000,train,-1,-2.34,0.397,4.38,2.44,2.18,-1.63,1.22,1.34,1.07,0.91,1,-0.71,neutral,neutral,0,-0.043,32,4211,0,
s17533,LDOUSDT,1783695600000,testB,-1,-2.2,0.557,3.38,2.42,2.47,-1.5,1.17,0.68,0.67,0.82,0,-0.71,neutral,neutral,0,-1.0,8,4210,0,
s17534,MANAUSDT,1783695600000,testB,-1,-2.55,0.762,3.42,2.7,2.0,-1.84,1.33,0.41,0.4,0.43,0,-0.71,neutral,neutral,0,0.198,32,4210,0,
s17535,PUMPUSDT,1783696500000,train,-1,-3.4,0.614,4.7,3.87,3.36,-2.97,2.31,0.92,0.64,0.53,1,-0.43,neutral,neutral,0,-0.268,32,4212,0,
s17536,ARBUSDT,1783696500000,train,-1,-4.03,0.596,6.22,4.78,1.55,-3.6,1.55,3.17,3.53,4.52,0,-0.43,neutral,neutral,0,-0.351,32,4212,1,
s17537,OPUSDT,1783696500000,train,-1,-3.23,0.686,4.48,3.44,1.33,-2.8,1.2,1.16,1.16,1.03,1,-0.43,neutral,neutral,0,0.389,32,4212,0,
s17538,TIAUSDT,1783696500000,train,-1,-2.78,0.469,4.5,3.4,1.09,-2.35,1.55,1.17,1.09,1.15,0,-0.43,neutral,bajista,0,0.343,32,4212,6,
s17539,JUPUSDT,1783696500000,train,-1,-3.01,0.649,4.64,3.45,0.97,-2.58,1.58,1.16,0.83,0.65,1,-0.43,neutral,neutral,0,-0.1,32,4212,0,
s17540,MANAUSDT,1783696500000,testB,-1,-2.64,0.768,3.43,2.95,1.82,-2.21,1.42,0.41,0.4,0.43,0,-0.43,neutral,neutral,0,0.091,32,4211,1,
s17541,APEUSDT,1783696500000,testB,-1,-3.24,0.482,4.58,4.15,1.32,-2.81,1.53,1.03,1.0,1.22,0,-0.43,neutral,bajista,0,0.194,32,4211,4,
s17542,PUMPUSDT,1783697400000,train,-1,-3.41,0.614,4.7,4.01,1.22,-2.73,2.15,0.92,0.64,0.53,1,-0.68,neutral,neutral,0,-0.241,32,4213,1,
s17543,ARBUSDT,1783697400000,train,-1,-4.34,0.613,6.11,5.06,0.73,-3.66,1.91,3.17,3.53,4.52,0,-0.68,neutral,bajista,0,-0.443,32,4213,2,
s17544,OPUSDT,1783697400000,train,-1,-3.23,0.686,4.3,3.34,0.69,-2.56,1.17,1.16,1.16,1.03,1,-0.68,neutral,neutral,0,0.343,32,4213,0,
s17545,TIAUSDT,1783697400000,train,-1,-2.39,0.391,4.48,3.1,0.52,-1.72,1.08,1.17,1.09,1.15,0,-0.68,neutral,neutral,0,0.384,32,4213,0,
s17546,JUPUSDT,1783697400000,train,-1,-3.59,0.688,4.67,4.12,0.55,-2.91,1.93,1.16,0.83,0.65,1,-0.68,neutral,neutral,0,-0.241,32,4213,1,
s17547,PENDLEUSDT,1783697400000,train,-1,-3.7,0.532,4.87,4.4,1.4,-3.02,2.65,1.34,1.07,0.91,1,-0.68,neutral,bajista,0,-0.394,32,4213,2,
s17548,LDOUSDT,1783697400000,testB,-1,-2.11,0.504,3.16,2.36,0.77,-1.44,1.14,0.68,0.67,0.82,0,-0.68,neutral,neutral,0,-1.0,6,4212,1,
s17549,MANAUSDT,1783697400000,testB,-1,-2.72,0.773,3.43,3.15,0.77,-2.05,1.45,0.41,0.4,0.43,0,-0.68,neutral,bajista,0,-0.009,32,4212,2,
s17550,APEUSDT,1783697400000,testB,-1,-3.9,0.528,5.05,4.87,1.17,-3.22,1.97,1.03,1.0,1.22,0,-0.68,neutral,bajista,0,-0.026,32,4212,5,
s17551,XPLUSDT,1783698300000,train,-1,-2.11,0.352,4.05,3.17,0.88,-1.53,1.46,0.8,0.67,0.59,1,-0.58,neutral,bajista,0,-0.134,32,4214,4,
s17552,PUMPUSDT,1783698300000,train,-1,-2.81,0.488,4.68,3.58,1.13,-2.23,1.54,0.92,0.64,0.53,1,-0.58,neutral,neutral,0,-0.096,32,4214,0,
s17553,ARBUSDT,1783698300000,train,-1,-3.49,0.533,5.16,3.96,0.59,-2.91,1.66,3.17,3.53,4.52,0,-0.58,neutral,neutral,0,-0.528,32,4214,0,
s17554,OPUSDT,1783698300000,train,-1,-2.6,0.56,4.1,2.86,0.64,-2.01,0.82,1.16,1.16,1.03,1,-0.58,neutral,neutral,0,0.533,32,4214,0,
s17555,TIAUSDT,1783698300000,train,-1,-2.58,0.437,4.48,2.99,0.49,-2.0,0.89,1.17,1.09,1.15,0,-0.58,neutral,neutral,0,0.471,32,4214,0,
s17556,JUPUSDT,1783698300000,train,-1,-2.84,0.596,4.66,3.96,0.54,-2.26,1.63,1.16,0.83,0.65,1,-0.58,neutral,neutral,0,-0.175,32,4214,0,
s17557,PENDLEUSDT,1783698300000,train,-1,-3.19,0.428,4.83,3.65,1.37,-2.61,1.74,1.34,1.07,0.91,1,-0.58,neutral,neutral,0,-0.267,32,4214,0,
s17558,MANAUSDT,1783698300000,testB,-1,-2.51,0.675,3.42,2.89,0.66,-1.93,1.1,0.41,0.4,0.43,0,-0.58,neutral,neutral,0,0.01,32,4213,0,
s17559,APEUSDT,1783698300000,testB,-1,-3.85,0.525,5.63,5.13,1.02,-3.27,2.11,1.03,1.0,1.22,0,-0.58,neutral,bajista,0,-0.024,32,4213,6,
s17560,PUMPUSDT,1783699200000,train,-1,-3.47,0.605,4.56,3.8,1.01,-2.73,1.66,0.99,0.69,0.55,1,-0.74,neutral,neutral,0,-0.073,32,4215,1,
s17561,ARBUSDT,1783699200000,train,-1,-2.5,0.421,4.06,2.68,0.48,-1.76,1.26,3.0,3.45,4.44,0,-0.74,neutral,neutral,0,-1.0,21,4215,0,
s17562,OPUSDT,1783699200000,train,-1,-2.51,0.551,3.91,2.86,0.61,-1.77,0.95,1.16,1.14,1.03,1,-0.74,neutral,neutral,0,0.533,32,4215,1,
s17563,JUPUSDT,1783699200000,train,-1,-3.32,0.67,4.67,4.33,0.59,-2.58,1.72,1.13,0.85,0.65,1,-0.74,neutral,neutral,0,-0.149,32,4215,1,
s17564,PENDLEUSDT,1783699200000,train,-1,-3.37,0.448,4.57,3.53,1.48,-2.63,1.61,1.3,1.07,0.88,1,-0.74,neutral,neutral,0,-0.152,32,4215,1,
s17565,MANAUSDT,1783699200000,testB,-1,-2.46,0.651,3.21,2.55,0.74,-1.72,0.86,0.44,0.39,0.42,0,-0.74,neutral,neutral,0,0.26,32,4214,0,
s17566,APEUSDT,1783699200000,testB,-1,-3.32,0.478,5.63,5.06,1.08,-2.58,1.95,1.12,1.02,1.2,0,-0.74,neutral,neutral,0,-0.074,32,4214,0,
s17567,PUMPUSDT,1783700100000,train,-1,-3.2,0.545,4.55,3.59,0.87,-2.46,1.3,0.99,0.69,0.55,1,-0.75,neutral,neutral,0,-0.058,32,4216,0,
s17568,ARBUSDT,1783700100000,train,-1,-3.27,0.486,4.09,3.64,0.45,-2.52,1.98,3.0,3.45,4.44,0,-0.75,neutral,neutral,0,-1.0,20,4216,1,
s17569,OPUSDT,1783700100000,train,-1,-2.88,0.66,3.82,2.87,0.55,-2.13,0.93,1.16,1.14,1.03,1,-0.75,neutral,bajista,0,0.333,32,4216,2,
s17570,TIAUSDT,1783700100000,train,-1,-2.73,0.465,4.49,3.28,0.38,-1.98,0.9,1.07,1.06,1.07,0,-0.75,neutral,neutral,0,0.439,32,4216,1,
s17571,JUPUSDT,1783700100000,train,-1,-3.41,0.689,4.68,4.38,0.61,-2.66,1.6,1.13,0.85,0.65,1,-0.75,neutral,bajista,0,-0.193,32,4216,2,
s17572,PENDLEUSDT,1783700100000,train,-1,-3.1,0.406,4.44,3.21,1.36,-2.35,1.31,1.3,1.07,0.88,1,-0.75,neutral,neutral,0,-0.233,32,4216,0,
s17573,FETUSDT,1783700100000,train,-1,-2.0,0.6,3.16,2.05,0.54,-1.26,0.54,0.92,0.75,0.58,1,-0.75,neutral,bajista,0,-0.121,32,4215,2,
s17574,MANAUSDT,1783700100000,testB,-1,-2.39,0.644,2.98,2.52,0.74,-1.65,0.96,0.44,0.39,0.42,0,-0.75,neutral,neutral,0,-0.274,32,4215,1,
s17575,APEUSDT,1783700100000,testB,-1,-3.56,0.522,5.63,5.13,0.94,-2.81,1.82,1.12,1.02,1.2,0,-0.75,neutral,neutral,0,-0.049,32,4215,1,
s17576,PUMPUSDT,1783701000000,train,-1,-3.14,0.54,4.56,3.73,0.84,-2.51,1.27,0.99,0.69,0.55,1,-0.64,neutral,neutral,0,-0.13,32,4217,1,
s17577,ARBUSDT,1783701000000,train,-1,-3.34,0.491,4.1,3.91,0.45,-2.7,1.92,3.0,3.45,4.44,0,-0.64,neutral,bajista,0,-1.0,19,4217,2,
s17578,JUPUSDT,1783701000000,train,-1,-3.42,0.689,3.89,3.79,0.62,-2.78,1.63,1.13,0.85,0.65,1,-0.64,neutral,bajista,0,-0.316,32,4217,3,
s17579,MANAUSDT,1783701000000,testB,-1,-2.11,0.552,2.94,2.29,0.67,-1.47,0.7,0.44,0.39,0.42,0,-0.64,neutral,neutral,0,-0.172,32,4216,0,
s17580,APEUSDT,1783701000000,testB,-1,-4.72,0.798,5.64,5.33,0.91,-4.08,1.78,1.12,1.02,1.2,0,-0.64,neutral,bajista,0,-0.035,32,4216,2,
s17581,PUMPUSDT,1783701900000,train,-1,-2.75,0.482,4.55,3.59,0.89,-2.53,1.08,0.99,0.69,0.55,1,-0.22,neutral,neutral,0,-0.0,32,4218,0,
s17582,JUPUSDT,1783701900000,train,-1,-2.66,0.495,3.72,3.03,0.66,-2.44,0.96,1.13,0.85,0.65,1,-0.22,neutral,neutral,0,-0.148,32,4218,0,
s17583,APEUSDT,1783701900000,testB,-1,-4.39,0.785,5.03,4.72,0.76,-4.17,1.88,1.12,1.02,1.2,0,-0.22,neutral,bajista,0,-0.627,32,4217,3,
s17584,PUMPUSDT,1783702800000,train,-1,-2.96,0.5,4.57,4.02,0.83,-2.52,1.34,0.99,0.7,0.55,1,-0.44,neutral,neutral,0,-0.121,32,4219,1,
s17585,JUPUSDT,1783702800000,train,-1,-2.76,0.504,3.69,3.39,0.55,-2.32,1.24,1.07,0.87,0.67,1,-0.44,neutral,neutral,0,-0.397,32,4219,1,
s17586,APEUSDT,1783702800000,testB,-1,-4.36,0.783,4.62,4.56,0.81,-3.92,2.29,1.14,1.0,1.18,0,-0.44,neutral,bajista,0,-0.542,32,4218,4,
s17587,PUMPUSDT,1783703700000,train,-1,-2.42,0.391,4.55,3.59,0.61,-2.14,0.81,0.99,0.7,0.55,1,-0.29,neutral,neutral,0,-0.115,32,4220,0,
s17588,JUPUSDT,1783703700000,train,-1,-2.33,0.421,3.68,3.13,0.55,-2.04,0.86,1.07,0.87,0.67,1,-0.29,neutral,neutral,0,-0.365,32,4220,0,
s17589,APEUSDT,1783703700000,testB,-1,-3.12,0.614,4.1,3.66,0.86,-2.83,1.88,1.14,1.0,1.18,0,-0.29,neutral,neutral,0,-1.0,30,4219,0,
s17590,PUMPUSDT,1783704600000,train,-1,-3.28,0.576,4.49,3.73,0.4,-2.51,0.88,0.99,0.7,0.55,1,-0.76,neutral,neutral,0,0.019,32,4221,1,
s17591,TIAUSDT,1783704600000,train,-1,-2.08,0.45,3.19,2.52,0.47,-1.31,0.88,0.99,1.06,1.01,0,-0.76,neutral,bajista,0,0.04,32,4221,3,
s17592,JUPUSDT,1783704600000,train,-1,-2.51,0.473,3.67,2.98,0.37,-1.75,0.62,1.07,0.87,0.67,1,-0.76,neutral,neutral,0,-0.217,32,4221,0,
s17593,APEUSDT,1783704600000,testB,-1,-2.46,0.513,4.09,3.46,0.87,-1.69,1.44,1.14,1.0,1.18,0,-0.76,neutral,neutral,0,-1.0,29,4220,0,
s17594,PUMPUSDT,1783705500000,train,-1,-2.95,0.537,3.94,3.11,0.39,-1.94,0.71,0.99,0.7,0.55,1,-1.01,neutral,neutral,0,0.022,32,4222,0,
s17595,TIAUSDT,1783705500000,train,-1,-2.32,0.503,3.17,2.62,0.51,-1.31,0.93,0.99,1.06,1.01,0,-1.01,neutral,bajista,0,-0.21,32,4222,4,
s17596,JUPUSDT,1783705500000,train,-1,-2.66,0.487,3.23,2.78,0.56,-1.65,0.74,1.07,0.87,0.67,1,-1.01,neutral,neutral,0,-0.393,32,4222,1,
s17597,PENDLEUSDT,1783705500000,train,-1,-2.4,0.35,4.01,2.6,0.35,-1.39,0.65,1.26,1.04,0.87,1,-1.01,neutral,neutral,0,-0.767,32,4222,1,
s17598,APEUSDT,1783705500000,testB,-1,-3.3,0.675,4.11,3.98,0.72,-2.29,1.66,1.14,1.0,1.18,0,-1.01,neutral,neutral,0,-1.0,28,4221,1,
s17599,PUMPUSDT,1783706400000,train,-1,-2.49,0.481,3.52,2.62,0.47,-1.99,0.56,1.03,0.75,0.57,1,-0.5,neutral,neutral,0,0.105,32,4223,0,
s17600,ARBUSDT,1783706400000,train,-1,-2.69,0.376,3.26,2.87,0.23,-2.19,0.97,2.03,3.06,3.83,0,-0.5,neutral,bajista,0,-1.0,12,4223,2,
s17601,APEUSDT,1783706400000,testB,-1,-3.49,0.687,4.5,4.25,0.58,-2.99,1.61,1.12,1.02,1.17,0,-0.5,neutral,bajista,0,-1.0,27,4222,2,
s17602,PUMPUSDT,1783707300000,train,-1,-2.3,0.459,3.25,2.56,0.41,-1.97,0.79,1.03,0.75,0.57,1,-0.32,neutral,neutral,0,-0.0,32,4224,1,
s17603,APEUSDT,1783707300000,testB,-1,-3.05,0.556,4.54,3.59,0.78,-2.73,0.82,1.12,1.02,1.17,0,-0.32,neutral,neutral,0,-1.0,26,4223,0,
s17604,APEUSDT,1783708200000,testB,-1,-2.57,0.437,4.02,2.63,0.86,-2.23,0.4,1.12,1.02,1.17,0,-0.33,neutral,neutral,0,-1.0,25,4224,0,
s17605,APEUSDT,1783709100000,testB,-1,-2.21,0.4,3.65,2.52,0.75,-2.05,0.58,1.12,1.02,1.17,0,-0.17,neutral,neutral,0,-1.0,24,4225,1,
s17606,APEUSDT,1783710000000,testB,-1,-2.41,0.419,3.11,2.72,0.74,-2.25,1.23,0.97,0.97,1.16,0,-0.16,neutral,bajista,0,-1.0,23,4226,2,
s17607,ARBUSDT,1783715400000,train,1,2.15,0.453,2.41,2.13,1.08,2.24,1.22,1.23,2.66,3.49,0,-0.09,neutral,alcista,0,-0.638,32,4233,3,
s17608,0GUSDT,1783717200000,train,1,2.59,0.694,3.38,2.72,5,2.61,1.97,0.67,0.58,0.61,0,-0.02,neutral,alcista,0,-0.556,32,4235,3,
s17609,ARBUSDT,1783717200000,train,1,2.05,0.415,3.26,2.66,2.06,2.07,1.66,1.26,2.28,3.38,0,-0.02,neutral,neutral,0,-1.0,28,4235,1,
s17610,0GUSDT,1783718100000,train,1,2.69,0.703,3.37,2.92,5,2.64,1.94,0.67,0.58,0.61,0,0.05,neutral,alcista,0,-0.603,32,4236,4,
s17611,ARBUSDT,1783718100000,train,1,2.37,0.451,4.06,3.02,3.01,2.32,1.87,1.26,2.28,3.38,0,0.05,neutral,alcista,0,-1.0,27,4236,2,
s17612,0GUSDT,1783719000000,train,1,2.48,0.615,3.38,2.63,5,2.24,1.48,0.67,0.58,0.61,0,0.24,neutral,neutral,0,-0.615,32,4237,0,
s17613,ARBUSDT,1783719000000,train,1,2.84,0.496,4.03,3.67,2.62,2.6,2.17,1.26,2.28,3.38,0,0.24,neutral,alcista,0,-1.0,26,4237,3,
s17614,0GUSDT,1783719900000,train,1,2.85,0.679,3.38,2.87,5,2.56,1.57,0.67,0.58,0.61,0,0.29,neutral,neutral,0,-0.632,32,4238,1,
s17615,ARBUSDT,1783719900000,train,1,2.9,0.511,4.04,3.54,2.51,2.61,1.88,1.26,2.28,3.38,0,0.29,neutral,neutral,0,-1.0,25,4238,0,
s17616,0GUSDT,1783720800000,train,1,2.74,0.671,3.38,2.87,1.0,2.5,1.4,0.63,0.57,0.6,0,0.24,neutral,alcista,0,-0.596,32,4239,2,
s17617,ARBUSDT,1783720800000,train,1,3.71,0.685,4.03,3.77,1.6,3.47,1.92,1.06,2.07,3.28,0,0.24,neutral,neutral,0,-1.0,24,4239,1,
s17618,INJUSDT,1783720800000,train,1,2.24,0.431,3.68,3.08,1.9,2.0,1.56,0.85,0.77,0.78,0,0.24,neutral,alcista,0,0.477,32,4239,5,
s17619,0GUSDT,1783721700000,train,1,2.59,0.625,3.38,2.77,0.57,2.28,1.19,0.63,0.57,0.6,0,0.31,neutral,neutral,0,-0.6,32,4240,0,
s17620,ARBUSDT,1783721700000,train,1,3.55,0.662,4.03,3.72,0.88,3.24,1.66,1.06,2.07,3.28,0,0.31,neutral,neutral,0,-1.0,23,4240,0,
s17621,INJUSDT,1783721700000,train,1,3.11,0.534,4.11,3.77,2.46,2.8,2.06,0.85,0.77,0.78,0,0.31,neutral,alcista,0,0.376,32,4240,6,
s17622,0GUSDT,1783722600000,train,1,2.28,0.512,3.39,2.43,0.36,1.91,0.77,0.63,0.57,0.6,0,0.37,neutral,neutral,0,-0.542,32,4241,0,
s17623,ENAUSDT,1783722600000,train,1,2.53,0.393,3.73,2.82,0.77,2.16,1.11,1.26,1.24,1.01,1,0.37,neutral,neutral,0,0.061,32,4241,0,
s17624,ARBUSDT,1783722600000,train,1,3.36,0.602,4.04,3.44,0.65,2.99,1.26,1.06,2.07,3.28,0,0.37,neutral,neutral,0,-1.0,22,4241,0,
s17625,INJUSDT,1783722600000,train,1,2.77,0.447,4.14,3.02,2.89,2.4,1.14,0.85,0.77,0.78,0,0.37,neutral,neutral,0,0.8,32,4241,0,
s17626,PUMPUSDT,1783723500000,train,1,2.02,0.387,2.59,2.12,0.58,1.55,0.37,0.42,0.71,0.59,0,0.47,neutral,neutral,0,-1.0,18,4242,0,
s17627,0GUSDT,1783723500000,train,1,2.43,0.528,3.34,2.53,0.23,1.97,0.82,0.63,0.57,0.6,0,0.47,neutral,neutral,0,-0.58,32,4242,1,
s17628,ENAUSDT,1783723500000,train,1,2.45,0.386,3.32,2.72,0.83,1.98,1.23,1.26,1.24,1.01,1,0.47,neutral,neutral,0,-0.198,32,4242,1,
s17629,ARBUSDT,1783723500000,train,1,3.32,0.6,3.88,3.44,0.59,2.85,1.36,1.06,2.07,3.28,0,0.47,neutral,neutral,0,-1.0,21,4242,1,
s17630,INJUSDT,1783723500000,train,1,2.44,0.373,4.04,2.47,2.96,1.98,0.63,0.85,0.77,0.78,0,0.47,neutral,neutral,0,0.721,32,4242,0,
s17631,0GUSDT,1783724400000,train,1,2.22,0.494,3.34,2.48,0.21,1.86,0.68,0.7,0.59,0.61,0,0.36,neutral,neutral,0,-0.592,32,4243,0,
s17632,0GUSDT,1783725300000,train,1,2.43,0.553,3.23,2.43,0.5,1.93,0.67,0.7,0.59,0.61,0,0.5,neutral,neutral,0,-0.604,32,4244,1,
s17633,ENAUSDT,1783725300000,train,1,2.3,0.402,3.3,2.42,0.61,1.8,0.84,1.18,1.28,1.03,0,0.5,neutral,neutral,0,0.091,32,4244,1,
s17634,ARBUSDT,1783725300000,train,1,2.45,0.37,3.61,2.43,0.87,1.95,0.52,1.14,1.9,3.16,0,0.5,neutral,neutral,0,-1.0,19,4244,1,
s17635,INJUSDT,1783725300000,train,1,2.26,0.357,3.36,2.25,1.05,1.76,1.01,0.94,0.8,0.76,1,0.5,neutral,alcista,0,1.152,32,4244,2,
s17636,INJUSDT,1783726200000,train,1,2.65,0.394,3.32,2.9,0.83,2.33,1.55,0.94,0.8,0.76,1,0.32,neutral,alcista,0,0.593,32,4245,3,
s17637,INJUSDT,1783727100000,train,1,2.71,0.4,3.31,3.01,0.8,2.35,1.44,0.94,0.8,0.76,1,0.36,neutral,alcista,0,0.523,32,4246,4,
s17638,ENAUSDT,1783728900000,train,1,2.08,0.469,2.97,2.04,0.66,1.51,0.43,1.06,1.28,1.04,0,0.58,neutral,neutral,0,0.217,32,4248,1,
s17639,INJUSDT,1783728900000,train,1,3.22,0.416,3.67,3.53,1.12,2.64,1.65,1.19,0.92,0.81,1,0.58,neutral,neutral,0,0.371,32,4248,1,
s17640,INJUSDT,1783729800000,train,1,3.07,0.407,4.42,4.1,1.42,2.67,2.03,1.19,0.92,0.81,1,0.4,neutral,alcista,0,0.173,32,4249,2,
s17641,INJUSDT,1783730700000,train,1,2.78,0.352,4.46,3.26,1.7,2.36,1.0,1.19,0.92,0.81,1,0.42,neutral,neutral,0,0.348,32,4250,0,
s17642,STXUSDT,1783730700000,testB,1,2.12,0.692,2.42,2.14,2.74,1.7,1.09,0.41,0.51,0.87,0,0.42,neutral,neutral,0,0.0,32,4249,0,
s17643,APEUSDT,1783730700000,testB,1,3.54,0.509,3.91,3.48,1.97,3.12,2.4,0.44,0.79,0.89,0,0.42,neutral,neutral,0,-1.0,20,4249,1,
s17644,STXUSDT,1783732500000,testB,1,2.41,0.651,2.41,2.41,2.77,2.07,1.54,0.5,0.54,0.89,0,0.34,neutral,neutral,0,-0.143,32,4251,1,
s17645,ARBUSDT,1783734300000,train,-1,-2.41,0.444,2.93,2.88,0.92,-2.4,1.28,1.48,1.71,2.97,0,-0.01,neutral,bajista,0,-0.015,32,4254,2,
s17646,ARBUSDT,1783735200000,train,-1,-2.47,0.461,3.02,2.68,0.97,-2.39,1.04,1.49,1.39,2.72,0,-0.07,neutral,neutral,0,0.053,32,4255,0,
s17647,WLDUSDT,1783737900000,train,1,2.17,0.491,3.35,3.07,2.16,2.1,1.91,0.39,0.5,0.59,0,0.06,neutral,alcista,0,0.417,32,4258,2,
s17648,STXUSDT,1783737900000,testB,1,2.22,0.373,2.75,2.4,1.28,2.16,1.19,0.61,0.5,0.89,0,0.06,neutral,alcista,0,-0.095,32,4257,2,
s17649,WLDUSDT,1783738800000,train,1,2.41,0.575,3.35,2.87,2.67,2.32,1.52,0.44,0.5,0.6,0,0.1,neutral,neutral,0,0.589,32,4259,0,
s17650,TIAUSDT,1783738800000,train,1,2.1,0.462,3.16,2.89,1.21,2.01,1.48,0.49,0.54,0.82,0,0.1,neutral,alcista,0,-0.364,32,4259,3,
s17651,PENDLEUSDT,1783738800000,train,1,2.4,0.469,3.76,3.63,1.21,2.3,1.79,0.66,0.64,0.85,0,0.1,neutral,alcista,0,0.348,32,4259,4,
s17652,STXUSDT,1783738800000,testB,1,2.64,0.429,2.68,2.57,1.27,2.54,1.31,0.73,0.53,0.77,0,0.1,neutral,alcista,0,-0.2,32,4258,3,
s17653,MANAUSDT,1783738800000,testB,1,2.97,0.486,3.25,3.14,0.96,2.87,1.98,0.39,0.36,0.38,0,0.1,neutral,alcista,0,-0.087,32,4258,3,
s17654,WLDUSDT,1783739700000,train,1,2.02,0.472,3.36,2.64,2.92,2.13,1.17,0.44,0.5,0.6,0,-0.12,neutral,neutral,0,1.01,32,4260,0,
s17655,TIAUSDT,1783739700000,train,1,2.11,0.462,3.18,2.56,1.49,2.23,1.05,0.49,0.54,0.82,0,-0.12,neutral,neutral,0,-0.173,32,4260,0,
s17656,PENDLEUSDT,1783739700000,train,1,2.73,0.563,3.82,3.65,1.32,2.84,1.65,0.66,0.64,0.85,0,-0.12,neutral,alcista,0,0.428,32,4260,5,
s17657,LDOUSDT,1783739700000,testB,1,2.4,0.537,2.6,2.54,1.62,2.52,1.32,0.29,0.43,0.55,0,-0.12,neutral,alcista,0,-0.385,32,4259,2,
s17658,MANAUSDT,1783739700000,testB,1,2.57,0.399,3.27,2.8,1.19,2.69,1.47,0.39,0.36,0.38,0,-0.12,neutral,neutral,0,0.197,32,4259,0,
s17659,WLDUSDT,1783740600000,train,1,2.38,0.538,3.35,2.89,2.83,2.44,1.28,0.44,0.5,0.6,0,-0.06,neutral,neutral,0,0.965,32,4261,1,
s17660,TIAUSDT,1783740600000,train,1,2.26,0.479,3.16,2.97,1.59,2.32,1.31,0.49,0.54,0.82,0,-0.06,neutral,neutral,0,-0.041,32,4261,1,
s17661,PENDLEUSDT,1783740600000,train,1,2.8,0.569,3.85,3.74,1.39,2.86,1.56,0.66,0.64,0.85,0,-0.06,neutral,alcista,0,0.361,32,4261,6,
s17662,MANAUSDT,1783740600000,testB,1,4.7,0.549,4.96,4.87,2.38,4.76,3.27,0.39,0.36,0.38,0,-0.06,neutral,neutral,0,-0.391,32,4260,1,
s17663,WLDUSDT,1783741500000,train,1,2.12,0.453,3.37,2.52,1.2,2.14,0.86,0.44,0.5,0.6,0,-0.02,neutral,neutral,0,1.439,32,4262,0,
s17664,TIAUSDT,1783741500000,train,1,2.33,0.503,3.16,2.92,1.14,2.35,1.15,0.49,0.54,0.82,0,-0.02,neutral,neutral,0,0.042,32,4262,0,
s17665,PENDLEUSDT,1783741500000,train,1,3.39,0.623,4.49,4.26,1.61,3.41,1.92,0.66,0.64,0.85,0,-0.02,neutral,alcista,0,0.185,32,4262,7,
s17666,MANAUSDT,1783741500000,testB,1,3.35,0.353,5.02,3.82,3.03,3.37,1.98,0.39,0.36,0.38,0,-0.02,neutral,neutral,0,-0.154,32,4261,0,
s17667,PENDLEUSDT,1783742400000,train,1,4.79,0.841,5.14,4.99,1.95,4.71,2.48,0.88,0.71,0.88,0,0.08,neutral,alcista,0,0.07,32,4263,8,
s17668,MANAUSDT,1783742400000,testB,1,5.38,0.511,5.38,5.19,3.13,5.3,3.11,0.53,0.4,0.4,1,0.08,neutral,neutral,0,-0.399,32,4262,1,
s17669,PENDLEUSDT,1783743300000,train,1,4.53,0.834,4.74,4.62,2.21,4.48,2.38,0.88,0.71,0.88,0,0.05,neutral,alcista,0,0.07,32,4264,8,
s17670,PENDLEUSDT,1783744200000,train,1,4.47,0.832,4.85,4.45,2.55,4.46,2.26,0.88,0.71,0.88,0,0.0,neutral,alcista,0,0.056,32,4265,8,
s17671,MANAUSDT,1783744200000,testB,1,4.39,0.393,4.96,4.86,2.07,4.38,2.66,0.53,0.4,0.4,1,0.0,neutral,neutral,0,-0.331,32,4264,1,
s17672,PENDLEUSDT,1783745100000,train,1,3.69,0.634,4.67,3.67,2.26,3.63,1.57,0.88,0.71,0.88,0,0.05,neutral,neutral,0,0.262,32,4266,0,
s17673,MANAUSDT,1783745100000,testB,1,4.91,0.451,5.04,4.94,2.0,4.86,2.54,0.53,0.4,0.4,1,0.05,neutral,alcista,0,-0.448,32,4265,2,
s17674,APEUSDT,1783745100000,testB,-1,-2.75,0.529,3.27,2.89,0.6,-2.8,0.48,0.44,0.49,0.76,0,0.05,neutral,neutral,0,0.696,32,4265,1,
s17675,PENDLEUSDT,1783746000000,train,1,2.9,0.452,4.51,2.82,1.73,2.86,0.75,1.0,0.75,0.89,0,0.05,neutral,neutral,0,0.675,32,4267,0,
s17676,MANAUSDT,1783746000000,testB,1,4.72,0.426,5.06,4.73,1.59,4.67,1.95,0.66,0.46,0.42,1,0.05,neutral,neutral,0,-0.665,32,4266,0,
s17677,PENDLEUSDT,1783746900000,train,1,2.24,0.369,4.28,2.43,1.58,2.29,0.51,1.0,0.75,0.89,0,-0.05,neutral,neutral,0,0.942,32,4268,0,
s17678,MANAUSDT,1783746900000,testB,1,4.97,0.439,5.87,5.24,1.62,5.02,2.26,0.66,0.46,0.42,1,-0.05,neutral,neutral,0,-0.714,32,4267,1,
s17679,SUIUSDT,1783747800000,train,1,2.34,0.592,3.12,2.36,1.73,2.13,1.19,0.86,0.61,0.97,0,0.21,neutral,alcista,0,-0.294,32,4269,2,
s17680,MANAUSDT,1783747800000,testB,1,5.06,0.448,5.89,4.94,1.74,4.85,1.8,0.66,0.46,0.42,1,0.21,neutral,neutral,0,-0.649,32,4268,0,
s17681,SUIUSDT,1783748700000,train,1,2.14,0.525,3.05,2.13,2.07,1.89,0.93,0.86,0.61,0.97,0,0.25,neutral,neutral,0,-0.296,32,4270,0,
s17682,APEUSDT,1783748700000,testB,-1,-2.67,0.473,3.51,2.81,2.4,-2.93,1.94,0.51,0.48,0.75,0,0.25,neutral,bajista,0,0.386,32,4269,2,
s17683,SUIUSDT,1783749600000,train,1,2.31,0.543,2.99,2.27,2.39,2.03,1.02,0.95,0.65,0.99,0,0.27,neutral,neutral,0,-0.3,32,4271,1,
s17684,XPLUSDT,1783752300000,train,-1,-2.55,0.431,3.34,3.24,0.79,-2.63,0.82,0.44,0.4,0.51,0,0.09,neutral,neutral,0,-0.447,32,4274,1,
s17685,ARBUSDT,1783752300000,train,-1,-2.6,0.492,3.9,2.92,0.52,-2.69,0.3,1.2,1.31,2.28,0,0.09,neutral,neutral,0,-1.0,28,4274,1,
s17686,XPLUSDT,1783753200000,train,-1,-2.85,0.511,3.35,2.93,0.9,-2.89,0.8,0.47,0.4,0.51,0,0.05,neutral,neutral,0,-0.487,32,4275,0,
s17687,ARBUSDT,1783753200000,train,-1,-2.17,0.416,3.43,2.27,0.61,-2.21,0.19,1.07,1.28,2.14,0,0.05,neutral,neutral,0,-1.0,15,4275,0,
s17688,APEUSDT,1783753200000,testB,-1,-2.0,0.4,3.51,2.75,0.7,-2.05,1.04,0.43,0.43,0.71,0,0.05,neutral,neutral,0,0.093,32,4274,1,
s17689,XPLUSDT,1783754100000,train,-1,-2.15,0.404,2.99,2.35,0.83,-2.31,0.58,0.47,0.4,0.51,0,0.16,neutral,neutral,0,-0.512,32,4276,0,
s17690,INJUSDT,1783754100000,train,1,2.7,0.366,3.27,2.75,1.46,2.54,1.33,1.24,1.25,0.95,0,0.16,neutral,alcista,0,-0.343,32,4276,2,
s17691,APEUSDT,1783754100000,testB,-1,-2.06,0.418,3.5,2.42,0.6,-2.22,0.68,0.43,0.43,0.71,0,0.16,neutral,neutral,0,0.211,32,4275,0,
s17692,XPLUSDT,1783755000000,train,-1,-2.17,0.406,3.0,2.75,1.04,-2.2,0.98,0.47,0.4,0.51,0,0.03,neutral,neutral,0,-0.252,32,4277,1,
s17693,APEUSDT,1783755000000,testB,-1,-2.25,0.439,3.0,2.23,0.49,-2.27,0.88,0.43,0.43,0.71,0,0.03,neutral,neutral,0,0.086,32,4276,1,
s17694,INJUSDT,1783758600000,train,1,2.37,0.391,3.74,2.78,1.04,2.16,0.84,1.39,1.31,0.98,1,0.21,neutral,alcista,0,-1.0,30,4281,2,
s17695,LDOUSDT,1783758600000,testB,1,2.3,0.385,3.25,2.83,1.22,2.09,1.2,0.59,0.41,0.53,0,0.21,neutral,alcista,0,0.58,32,4280,2,
s17696,INJUSDT,1783760400000,train,1,2.29,0.352,3.39,2.3,1.08,2.2,0.67,1.47,1.36,1.01,1,0.09,neutral,neutral,0,-1.0,28,4283,1,
s17697,WLDUSDT,1783761300000,train,1,2.84,0.372,3.17,2.94,0.96,2.72,1.74,0.91,0.66,0.66,0,0.12,neutral,alcista,0,1.137,32,4284,4,
s17698,WLDUSDT,1783762200000,train,1,4.06,0.471,4.68,3.96,1.95,4.04,2.6,0.91,0.66,0.66,0,0.02,neutral,alcista,0,0.836,32,4285,5,
s17699,WLDUSDT,1783764000000,train,1,2.61,0.354,4.14,3.12,2.69,2.56,1.86,0.96,0.72,0.66,1,0.05,neutral,neutral,0,1.032,32,4287,1,
s17700,ARBUSDT,1783766700000,train,1,2.08,0.439,2.5,2.07,1.56,2.11,1.3,0.85,1.17,1.67,0,-0.04,neutral,alcista,1,2.0,14,4290,3,
s17701,PENDLEUSDT,1783766700000,train,1,2.43,0.498,2.69,2.66,1.52,2.47,1.19,0.82,0.83,0.87,0,-0.04,neutral,neutral,0,0.093,32,4290,1,
s17702,PENDLEUSDT,1783768500000,train,1,2.01,0.382,2.39,2.27,1.53,2.07,0.91,0.73,0.85,0.86,0,-0.05,neutral,neutral,0,0.028,32,4292,1,
s17703,WLDUSDT,1783769400000,train,1,3.24,0.444,4.03,3.24,0.77,3.21,1.34,0.98,0.8,0.68,1,0.02,neutral,alcista,0,0.738,32,4293,3,
s17704,PENDLEUSDT,1783769400000,train,1,2.13,0.411,2.37,2.14,1.22,2.1,0.78,0.73,0.85,0.86,0,0.02,neutral,neutral,0,0.047,32,4293,0,
s17705,ONDOUSDT,1783769400000,train,1,2.15,0.473,2.52,2.22,0.97,2.12,0.91,0.87,0.72,0.74,0,0.02,neutral,neutral,0,0.189,32,4292,0,
s17706,WLDUSDT,1783770300000,train,1,3.41,0.457,4.29,3.64,1.1,3.34,1.56,0.98,0.8,0.68,1,0.07,neutral,alcista,0,0.571,32,4294,4,
s17707,WLDUSDT,1783771200000,train,1,3.1,0.399,4.4,3.23,1.5,3.12,1.19,1.05,0.89,0.72,1,-0.01,neutral,neutral,0,0.731,32,4295,0,
s17708,TIAUSDT,1783771200000,train,1,2.44,0.49,2.48,2.39,1.01,2.46,1.37,0.57,0.53,0.61,0,-0.01,neutral,alcista,0,0.204,32,4295,5,
s17709,ONDOUSDT,1783771200000,train,1,2.27,0.507,2.39,2.33,1.0,2.28,0.99,0.89,0.7,0.72,0,-0.01,neutral,alcista,0,0.051,32,4294,2,
s17710,WLDUSDT,1783772100000,train,1,3.13,0.404,4.41,3.11,1.49,3.23,1.01,1.05,0.89,0.72,1,-0.1,neutral,neutral,0,0.832,32,4296,0,
s17711,TIAUSDT,1783772100000,train,1,2.06,0.449,2.41,2.33,1.48,2.16,1.42,0.57,0.53,0.61,0,-0.1,neutral,alcista,0,0.26,32,4296,6,
s17712,WLDUSDT,1783773000000,train,1,3.0,0.394,4.33,3.09,1.35,3.21,0.92,1.05,0.89,0.72,1,-0.21,neutral,neutral,0,0.718,32,4297,1,
s17713,TIAUSDT,1783773000000,train,1,2.21,0.476,2.45,2.43,1.69,2.42,1.36,0.57,0.53,0.61,0,-0.21,neutral,alcista,0,0.22,32,4297,7,
s17714,GRTUSDT,1783773000000,testB,1,2.32,0.547,2.6,2.38,2.23,2.53,1.57,0.6,0.52,0.53,0,-0.21,neutral,neutral,0,-0.302,32,4296,1,
s17715,WLDUSDT,1783773900000,train,1,4.24,0.48,4.43,4.09,1.13,4.35,2.36,1.05,0.89,0.72,1,-0.11,neutral,alcista,0,0.042,32,4298,2,
s17716,TIAUSDT,1783773900000,train,1,2.43,0.5,3.01,2.64,2.05,2.54,1.44,0.57,0.53,0.61,0,-0.11,neutral,alcista,0,0.165,32,4298,8,
s17717,TIAUSDT,1783774800000,train,1,2.35,0.492,3.43,2.92,1.93,2.39,1.5,0.75,0.61,0.63,0,-0.04,neutral,alcista,0,0.215,32,4299,8,
s17718,GRTUSDT,1783774800000,testB,1,2.32,0.471,2.49,2.32,3.62,2.36,1.41,0.74,0.59,0.54,1,-0.04,neutral,neutral,0,-0.333,32,4298,1,
s17719,MANAUSDT,1783774800000,testB,-1,-2.5,0.473,2.68,2.6,1.68,-2.47,1.43,0.32,0.55,0.45,0,-0.04,neutral,bajista,0,-0.107,32,4298,2,
s17720,TIAUSDT,1783775700000,train,1,3.91,0.648,4.39,4.24,2.63,4.03,2.62,0.75,0.61,0.63,0,-0.11,neutral,alcista,0,-0.32,32,4300,8,
s17721,GRTUSDT,1783775700000,testB,1,2.15,0.432,2.49,2.16,3.65,2.26,1.15,0.74,0.59,0.54,1,-0.11,neutral,neutral,0,-0.462,32,4299,0,
s17722,TIAUSDT,1783776600000,train,1,3.45,0.614,4.46,4.22,3.01,3.37,2.35,0.75,0.61,0.63,0,0.08,neutral,neutral,0,-0.277,32,4301,0,
s17723,XPLUSDT,1783777500000,train,1,2.13,0.379,3.37,3.34,0.64,2.02,1.47,0.61,0.54,0.52,1,0.11,neutral,alcista,0,0.083,32,4302,3,
s17724,ARBUSDT,1783777500000,train,1,3.11,0.45,3.37,3.22,2.37,2.99,1.97,1.06,1.08,1.42,0,0.11,neutral,alcista,0,1.528,32,4302,3,
s17725,TIAUSDT,1783777500000,train,1,2.89,0.466,4.49,3.65,2.62,2.78,1.52,0.75,0.61,0.63,0,0.11,neutral,neutral,0,-0.191,32,4302,0,
s17726,ARBUSDT,1783778400000,train,1,3.42,0.474,3.61,3.42,2.4,3.33,2.06,1.75,1.42,1.44,0,0.09,neutral,alcista,0,1.286,32,4303,4,
s17727,WLDUSDT,1783779300000,train,1,3.32,0.382,5.03,3.89,1.16,3.0,1.46,1.42,1.06,0.75,1,0.31,neutral,neutral,0,-0.588,32,4304,1,
s17728,ARBUSDT,1783779300000,train,1,5.65,0.6,6.72,6.27,4.21,5.33,4.8,1.75,1.42,1.44,0,0.31,neutral,alcista,0,0.038,32,4304,5,
s17729,JUPUSDT,1783779300000,train,1,2.68,0.567,3.23,2.66,1.38,2.37,0.92,0.72,0.59,0.6,0,0.31,neutral,alcista,0,-0.5,32,4304,2,
s17730,WLDUSDT,1783780200000,train,1,3.49,0.398,5.03,4.01,0.83,3.06,1.53,1.42,1.06,0.75,1,0.44,neutral,alcista,0,-0.661,32,4305,2,
s17731,ARBUSDT,1783780200000,train,1,4.22,0.4,7.04,5.11,5,3.78,3.21,1.75,1.42,1.44,0,0.44,neutral,neutral,0,0.31,32,4305,0,
s17732,TIAUSDT,1783780200000,train,1,2.71,0.423,4.49,3.53,0.79,2.28,1.05,0.75,0.63,0.58,1,0.44,neutral,alcista,0,-0.503,32,4305,2,
s17733,JUPUSDT,1783780200000,train,1,2.14,0.44,3.09,2.19,1.18,1.7,0.58,0.72,0.59,0.6,0,0.44,neutral,neutral,0,-0.543,32,4305,0,
s17734,WLDUSDT,1783781100000,train,1,3.68,0.427,5.04,3.84,0.73,3.44,1.17,1.42,1.06,0.75,1,0.24,neutral,neutral,0,-0.576,32,4306,0,
s17735,ENAUSDT,1783781100000,train,1,2.14,0.496,2.47,2.19,1.99,1.89,1.4,0.9,0.83,1.0,0,0.24,neutral,neutral,0,-1.0,7,4306,1,
s17736,ARBUSDT,1783781100000,train,1,5.03,0.443,6.98,6.04,4.35,4.79,3.81,1.75,1.42,1.44,0,0.24,neutral,neutral,0,0.15,32,4306,1,
s17737,TIAUSDT,1783781100000,train,1,3.57,0.595,4.36,3.6,0.68,3.33,1.08,0.75,0.63,0.58,1,0.24,neutral,alcista,0,-0.507,32,4306,3,
s17738,WLDUSDT,1783782000000,train,1,3.5,0.415,4.6,3.43,0.68,3.12,1.17,1.36,1.12,0.78,1,0.38,neutral,neutral,0,-0.78,32,4307,1,
s17739,ARBUSDT,1783782000000,train,1,5.95,0.511,7.12,6.55,4.74,5.57,3.8,2.39,1.66,1.53,1,0.38,neutral,alcista,0,-0.153,32,4307,2,
s17740,TIAUSDT,1783782000000,train,1,3.22,0.528,4.13,3.15,0.62,2.84,0.77,1.18,0.82,0.67,1,0.38,neutral,neutral,0,-0.42,32,4307,0,
s17741,TIAUSDT,1783782900000,train,1,2.72,0.451,3.85,2.65,1.34,2.33,0.55,1.18,0.82,0.67,1,0.39,neutral,neutral,0,-1.0,32,4308,0,
s17742,LDOUSDT,1783782900000,testB,1,4.63,0.54,4.96,4.49,1.75,4.25,2.94,0.62,0.6,0.51,1,0.39,neutral,alcista,0,-0.587,32,4307,3,
s17743,TIAUSDT,1783783800000,train,1,2.14,0.394,3.1,2.07,2.57,2.29,0.73,1.18,0.82,0.67,1,-0.15,neutral,neutral,0,-1.0,29,4309,1,
s17744,ARBUSDT,1783784700000,train,1,5.54,0.387,7.14,6.36,1.81,5.6,2.88,2.39,1.66,1.53,1,-0.06,neutral,neutral,0,-0.394,32,4310,1,
s17745,ARBUSDT,1783785600000,train,1,6.11,0.411,8.21,7.03,2.04,6.17,3.2,2.9,1.9,1.62,1,-0.05,neutral,alcista,0,-0.481,32,4311,2,
s17746,ARBUSDT,1783786500000,train,1,5.64,0.367,8.24,6.61,2.04,5.58,2.51,2.9,1.9,1.62,1,0.05,neutral,neutral,0,-0.25,32,4312,0,
s17747,OPUSDT,1783786500000,train,1,2.21,0.39,2.35,2.16,2.21,2.16,1.07,1.07,0.76,0.61,1,0.05,neutral,alcista,0,-1.0,25,4312,3,
s17748,ARBUSDT,1783787400000,train,1,5.65,0.366,8.28,6.16,1.36,5.66,1.83,2.9,1.9,1.62,1,-0.01,neutral,neutral,0,-0.301,32,4313,0,
s17749,ARBUSDT,1783788300000,train,1,7.57,0.46,8.17,7.39,1.15,7.6,2.84,2.9,1.9,1.62,1,-0.03,neutral,neutral,0,-0.431,32,4314,1,
s17750,ARBUSDT,1783789200000,train,1,6.69,0.385,8.11,6.27,0.71,6.67,1.61,3.16,2.01,1.69,1,0.01,neutral,neutral,0,-0.329,32,4315,0,
s17751,STBLUSDT,1783793700000,train,1,2.53,0.518,4.42,2.85,5,2.6,1.9,1.78,1.15,0.71,1,-0.07,neutral,alcista,0,-1.0,25,4320,2,
s17752,STBLUSDT,1783794600000,train,1,2.74,0.538,4.4,3.38,5,2.84,2.25,1.78,1.15,0.71,1,-0.11,neutral,alcista,0,-1.0,24,4321,3,
s17753,STBLUSDT,1783795500000,train,1,2.55,0.522,4.39,3.63,5,2.59,2.26,1.78,1.15,0.71,1,-0.03,neutral,alcista,0,-1.0,23,4322,4,
s17754,STBLUSDT,1783796400000,train,1,2.94,0.557,4.37,4.11,5,3.16,2.49,2.22,1.36,0.81,1,-0.22,neutral,alcista,0,-1.0,22,4323,5,
s17755,STBLUSDT,1783797300000,train,1,2.99,0.57,4.37,3.99,0.81,3.29,2.08,2.22,1.36,0.81,1,-0.3,neutral,neutral,0,-1.0,21,4324,0,
s17756,STBLUSDT,1783798200000,train,1,4.27,0.831,5.31,4.39,1.13,3.99,2.32,2.22,1.36,0.81,1,0.28,neutral,neutral,0,-1.0,20,4325,1,
s17757,LDOUSDT,1783798200000,testB,1,3.45,0.358,5.12,4.81,0.78,3.17,2.07,1.08,0.8,0.57,1,0.28,neutral,neutral,0,-1.0,18,4324,1,
s17758,STBLUSDT,1783799100000,train,1,3.31,0.567,5.06,3.33,1.2,3.12,1.35,2.22,1.36,0.81,1,0.19,neutral,neutral,0,-1.0,19,4326,0,
s17759,LDOUSDT,1783799100000,testB,1,5.51,0.557,6.01,5.8,1.14,5.32,2.82,1.08,0.8,0.57,1,0.19,neutral,alcista,0,-1.0,17,4325,2,
s17760,STBLUSDT,1783800000000,train,1,3.53,0.583,5.0,3.49,1.21,3.3,1.43,2.22,1.39,0.83,1,0.22,neutral,neutral,0,-1.0,18,4327,1,
s17761,LDOUSDT,1783800000000,testB,1,4.43,0.431,5.59,4.24,1.49,4.21,1.61,1.18,0.84,0.62,1,0.22,neutral,neutral,0,-1.0,13,4326,0,
s17762,XPLUSDT,1783800900000,train,1,2.62,0.471,3.39,2.96,1.73,2.4,1.59,0.45,0.55,0.47,0,0.22,neutral,alcista,0,-1.0,12,4328,4,
s17763,STBLUSDT,1783800900000,train,1,2.91,0.456,4.94,2.96,0.91,2.69,0.96,2.22,1.39,0.83,1,0.22,neutral,neutral,0,-1.0,17,4328,0,
s17764,XPLUSDT,1783801800000,train,1,3.5,0.593,4.5,3.49,3.16,3.07,1.92,0.45,0.55,0.47,0,0.43,neutral,alcista,0,-1.0,11,4329,5,
s17765,STBLUSDT,1783801800000,train,1,3.13,0.486,4.94,3.08,0.35,2.7,0.97,2.22,1.39,0.83,1,0.43,neutral,neutral,0,-1.0,16,4329,1,
s17766,XPLUSDT,1783802700000,train,1,2.75,0.482,4.09,2.81,3.49,2.43,1.49,0.45,0.55,0.47,0,0.32,neutral,neutral,0,-1.0,9,4330,0,
s17767,STBLUSDT,1783802700000,train,1,3.04,0.479,4.93,3.16,0.24,2.72,0.95,2.22,1.39,0.83,1,0.32,neutral,neutral,0,-1.0,15,4330,0,
s17768,XPLUSDT,1783803600000,train,1,2.41,0.451,3.72,2.6,3.47,2.19,1.51,0.39,0.51,0.47,0,0.23,neutral,neutral,0,-1.0,7,4331,1,
s17769,STBLUSDT,1783803600000,train,1,5.39,0.639,5.37,5.16,0.53,5.17,2.8,2.83,1.64,0.98,1,0.23,neutral,neutral,0,-1.0,14,4331,1,
s17770,STBLUSDT,1783804500000,train,1,4.69,0.529,5.35,4.61,0.94,4.59,2.04,2.83,1.64,0.98,1,0.1,neutral,neutral,0,-1.0,13,4332,0,
s17771,STBLUSDT,1783805400000,train,1,3.6,0.372,5.28,3.6,1.1,3.61,0.98,2.83,1.64,0.98,1,-0.01,neutral,neutral,0,-1.0,12,4333,0,
s17772,WLDUSDT,1783805400000,train,-1,-2.48,0.528,3.63,2.86,1.6,-2.47,1.11,0.9,1.12,0.86,0,-0.01,neutral,neutral,0,0.612,32,4333,0,
s17773,STBLUSDT,1783806300000,train,1,4.04,0.406,5.26,3.92,1.1,3.98,1.21,2.83,1.64,0.98,1,0.06,neutral,neutral,0,-1.0,11,4334,1,
s17774,WLDUSDT,1783807200000,train,-1,-2.25,0.531,3.64,3.02,1.98,-2.33,1.16,0.93,1.13,0.89,0,0.09,neutral,neutral,0,0.148,32,4335,1,
s17775,WLDUSDT,1783808100000,train,-1,-3.23,0.728,3.98,3.66,0.89,-3.08,1.74,0.93,1.13,0.89,0,-0.14,neutral,bajista,0,0.252,32,4336,2,
s17776,ENAUSDT,1783808100000,train,-1,-2.27,0.443,3.61,3.24,1.38,-2.12,1.49,0.79,0.94,0.84,0,-0.14,neutral,bajista,0,0.648,32,4336,5,
s17777,WLDUSDT,1783809000000,train,-1,-3.12,0.721,3.49,3.22,1.11,-2.91,1.72,0.93,1.13,0.89,0,-0.21,neutral,bajista,0,0.116,32,4337,3,
s17778,ENAUSDT,1783809000000,train,-1,-2.65,0.55,3.61,3.3,1.42,-2.44,1.33,0.79,0.94,0.84,0,-0.21,neutral,bajista,0,0.468,32,4337,6,
s17779,WLDUSDT,1783809900000,train,-1,-2.43,0.581,3.46,2.89,1.29,-2.22,1.34,0.93,1.13,0.89,0,-0.2,neutral,neutral,0,0.043,32,4338,0,
s17780,ENAUSDT,1783809900000,train,-1,-3.02,0.683,3.61,3.16,1.59,-2.82,1.15,0.79,0.94,0.84,0,-0.2,neutral,neutral,0,0.457,32,4338,0,
s17781,PENDLEUSDT,1783809900000,train,-1,-2.11,0.679,2.36,2.31,1.79,-1.91,1.33,0.61,0.8,0.8,0,-0.2,neutral,bajista,0,0.619,32,4338,3,
s17782,WLDUSDT,1783810800000,train,-1,-2.79,0.615,3.47,3.35,1.37,-2.5,1.67,0.99,1.18,0.96,0,-0.29,neutral,neutral,0,-0.127,32,4339,1,
s17783,ENAUSDT,1783810800000,train,-1,-2.62,0.65,3.6,3.33,1.4,-2.33,1.35,0.97,0.99,0.88,0,-0.29,neutral,neutral,0,0.369,32,4339,1,
s17784,OPUSDT,1783810800000,train,-1,-2.27,0.5,3.97,3.78,2.16,-1.98,1.78,1.04,1.1,0.78,0,-0.29,neutral,bajista,0,0.487,32,4339,5,
s17785,PENDLEUSDT,1783810800000,train,-1,-2.35,0.701,2.74,2.66,2.18,-2.05,1.56,0.79,0.88,0.85,0,-0.29,neutral,bajista,0,0.502,32,4339,4,
s17786,ONDOUSDT,1783810800000,train,-1,-2.06,0.831,2.52,2.22,2.88,-1.76,1.19,0.68,0.8,0.75,0,-0.29,neutral,bajista,0,0.493,32,4338,5,
s17787,PUMPUSDT,1783811700000,train,-1,-2.72,0.709,3.66,3.23,3.35,-2.25,2.08,0.55,0.53,0.47,1,-0.48,neutral,bajista,0,0.067,32,4340,2,
s17788,0GUSDT,1783811700000,train,-1,-2.83,0.797,3.76,3.18,5,-2.36,2.08,0.96,0.62,0.78,0,-0.48,neutral,bajista,0,-0.117,32,4340,2,
s17789,WLDUSDT,1783811700000,train,-1,-3.21,0.653,4.14,3.76,1.26,-2.73,1.82,0.99,1.18,0.96,0,-0.48,neutral,bajista,0,-0.16,32,4340,2,
s17790,ENAUSDT,1783811700000,train,-1,-3.55,0.771,4.63,4.14,1.32,-3.07,1.96,0.97,0.99,0.88,0,-0.48,neutral,bajista,0,0.102,32,4340,2,
s17791,OPUSDT,1783811700000,train,-1,-3.03,0.571,5.28,4.79,2.09,-2.56,2.44,1.04,1.1,0.78,0,-0.48,neutral,bajista,0,0.224,32,4340,6,
s17792,SUIUSDT,1783811700000,train,-1,-2.05,0.68,2.97,2.58,2.06,-1.57,1.58,0.95,0.92,0.86,1,-0.48,neutral,bajista,0,-0.148,32,4340,6,
s17793,SEIUSDT,1783811700000,train,-1,-2.09,0.669,3.84,3.37,1.32,-1.61,1.48,0.79,0.66,0.57,1,-0.48,neutral,bajista,0,0.139,32,4340,2,
s17794,JUPUSDT,1783811700000,train,-1,-2.81,0.621,4.22,3.39,3.81,-2.34,2.15,0.62,0.72,0.62,0,-0.48,neutral,bajista,0,0.333,32,4340,6,
s17795,PENDLEUSDT,1783811700000,train,-1,-3.11,0.756,3.89,3.59,2.79,-2.63,2.25,0.79,0.88,0.85,0,-0.48,neutral,bajista,0,0.135,32,4340,5,
s17796,ONDOUSDT,1783811700000,train,-1,-2.54,0.859,3.19,2.82,2.79,-2.07,1.83,0.68,0.8,0.75,0,-0.48,neutral,bajista,0,0.098,32,4339,6,
s17797,GRTUSDT,1783811700000,testB,-1,-2.01,0.643,3.07,2.39,3.07,-1.53,1.52,0.6,0.77,0.61,0,-0.48,neutral,bajista,0,0.214,32,4339,3,
s17798,LDOUSDT,1783811700000,testB,-1,-3.43,0.417,6.61,6.32,1.33,-2.95,2.8,1.14,0.99,0.73,1,-0.48,neutral,bajista,0,0.153,32,4339,5,
s17799,PUMPUSDT,1783812600000,train,-1,-2.38,0.607,3.72,3.01,3.74,-1.88,1.69,0.55,0.53,0.47,1,-0.5,neutral,neutral,0,0.095,32,4341,0,
s17800,0GUSDT,1783812600000,train,-1,-2.99,0.806,4.52,3.4,4.56,-2.49,2.08,0.96,0.62,0.78,0,-0.5,neutral,bajista,0,-0.188,32,4341,3,
s17801,WLDUSDT,1783812600000,train,-1,-3.19,0.652,4.47,3.87,1.3,-2.69,1.68,0.99,1.18,0.96,0,-0.5,neutral,bajista,0,-0.182,32,4341,3,
s17802,ENAUSDT,1783812600000,train,-1,-3.9,0.787,4.97,4.67,1.77,-3.4,2.3,0.97,0.99,0.88,0,-0.5,neutral,bajista,0,-0.045,32,4341,3,
s17803,ARBUSDT,1783812600000,train,-1,-2.9,0.395,5.75,5.74,1.65,-2.4,2.82,1.57,2.42,1.85,0,-0.5,neutral,bajista,0,-1.0,16,4341,3,
s17804,OPUSDT,1783812600000,train,-1,-3.32,0.593,5.69,5.2,1.91,-2.82,2.57,1.04,1.1,0.78,0,-0.5,neutral,bajista,0,0.113,32,4341,7,
s17805,SUIUSDT,1783812600000,train,-1,-2.04,0.679,3.02,2.61,2.26,-1.54,1.47,0.95,0.92,0.86,1,-0.5,neutral,bajista,0,-0.173,32,4341,7,
s17806,SEIUSDT,1783812600000,train,-1,-2.26,0.704,3.84,3.52,1.44,-1.77,1.48,0.79,0.66,0.57,1,-0.5,neutral,bajista,0,0.133,32,4341,3,
s17807,JUPUSDT,1783812600000,train,-1,-3.0,0.677,4.22,3.44,4.02,-2.5,1.99,0.62,0.72,0.62,0,-0.5,neutral,bajista,0,0.486,32,4341,7,
s17808,PENDLEUSDT,1783812600000,train,-1,-3.03,0.749,3.89,3.58,2.99,-2.53,2.02,0.79,0.88,0.85,0,-0.5,neutral,bajista,0,0.124,32,4341,6,
s17809,ONDOUSDT,1783812600000,train,-1,-2.84,0.905,3.26,3.08,2.93,-2.34,1.86,0.68,0.8,0.75,0,-0.5,neutral,bajista,0,0.02,32,4340,7,
s17810,FETUSDT,1783812600000,train,-1,-2.15,0.714,3.02,2.64,3.15,-1.66,1.57,0.77,0.74,0.51,1,-0.5,neutral,bajista,0,-0.071,32,4340,2,
s17811,LDOUSDT,1783812600000,testB,-1,-4.07,0.545,6.66,6.01,1.33,-3.57,2.36,1.14,0.99,0.73,1,-0.5,neutral,neutral,0,0.171,32,4340,0,
s17812,PUMPUSDT,1783813500000,train,-1,-3.07,0.667,3.89,3.75,3.95,-2.33,2.16,0.55,0.53,0.47,1,-0.75,neutral,neutral,0,-0.019,32,4342,1,
s17813,0GUSDT,1783813500000,train,-1,-3.2,0.816,4.53,3.62,4.02,-2.45,2.08,0.96,0.62,0.78,0,-0.75,neutral,bajista,0,-0.25,32,4342,4,
s17814,WLDUSDT,1783813500000,train,-1,-3.57,0.71,4.66,4.16,1.62,-2.82,1.76,0.99,1.18,0.96,0,-0.75,neutral,bajista,0,-0.273,32,4342,4,
s17815,ENAUSDT,1783813500000,train,-1,-4.7,0.934,5.33,5.17,2.02,-3.95,2.42,0.97,0.99,0.88,0,-0.75,neutral,bajista,0,-0.14,32,4342,4,
s17816,ARBUSDT,1783813500000,train,-1,-2.88,0.395,5.75,5.32,1.8,-2.14,2.19,1.57,2.42,1.85,0,-0.75,neutral,neutral,0,-1.0,15,4342,0,
s17817,OPUSDT,1783813500000,train,-1,-3.41,0.621,5.69,5.2,2.26,-2.67,2.33,1.04,1.1,0.78,0,-0.75,neutral,neutral,0,0.113,32,4342,0,
s17818,INJUSDT,1783813500000,train,-1,-2.13,0.43,3.11,3.05,2.84,-1.38,1.51,0.69,0.85,1.07,0,-0.75,neutral,bajista,0,0.133,32,4342,4,
s17819,SUIUSDT,1783813500000,train,-1,-2.46,0.748,3.1,2.99,3.47,-1.72,1.68,0.95,0.92,0.86,1,-0.75,neutral,bajista,0,-0.454,32,4342,8,
s17820,TIAUSDT,1783813500000,train,-1,-2.2,0.431,3.94,3.54,1.49,-1.46,1.51,0.85,1.09,0.8,0,-0.75,neutral,bajista,0,-0.573,32,4342,3,
s17821,SEIUSDT,1783813500000,train,-1,-2.86,0.818,4.06,3.98,1.83,-2.11,1.75,0.79,0.66,0.57,1,-0.75,neutral,bajista,0,0.005,32,4342,4,
s17822,JUPUSDT,1783813500000,train,-1,-3.85,0.786,4.25,4.15,5,-3.1,2.43,0.62,0.72,0.62,0,-0.75,neutral,bajista,0,0.286,32,4342,8,
s17823,PENDLEUSDT,1783813500000,train,-1,-3.25,0.832,3.89,3.64,2.46,-2.51,1.86,0.79,0.88,0.85,0,-0.75,neutral,bajista,0,0.11,32,4342,7,
s17824,ONDOUSDT,1783813500000,train,-1,-3.14,0.913,3.49,3.46,3.21,-2.39,2.07,0.68,0.8,0.75,0,-0.75,neutral,bajista,0,-0.134,32,4341,8,
s17825,FETUSDT,1783813500000,train,-1,-2.7,0.88,3.22,2.97,3.43,-1.96,1.69,0.77,0.74,0.51,1,-0.75,neutral,bajista,0,-0.191,32,4341,3,
s17826,GRTUSDT,1783813500000,testB,-1,-2.67,0.828,3.14,2.91,3.06,-1.92,1.71,0.6,0.77,0.61,0,-0.75,neutral,bajista,0,0.039,32,4341,5,
s17827,LDOUSDT,1783813500000,testB,-1,-5.62,0.814,6.79,6.63,1.37,-4.87,2.71,1.14,0.99,0.73,1,-0.75,neutral,neutral,0,0.078,32,4341,1,
s17828,SANDUSDT,1783813500000,testB,-1,-2.22,0.786,2.76,2.29,5,-1.47,1.49,0.56,0.48,0.53,0,-0.75,neutral,bajista,0,-0.108,32,4341,7,
s17829,MANAUSDT,1783813500000,testB,-1,-2.06,0.544,2.71,2.57,2.43,-1.31,1.44,0.3,0.29,0.42,0,-0.75,neutral,bajista,0,-1.0,12,4341,5,
s17830,XPLUSDT,1783814400000,train,-1,-2.61,0.386,6.41,5.18,1.6,-1.78,1.56,0.51,0.46,0.49,0,-0.84,neutral,neutral,0,-0.049,32,4343,0,
s17831,PUMPUSDT,1783814400000,train,-1,-3.15,0.672,4.26,3.9,3.54,-2.31,2.07,0.65,0.58,0.49,1,-0.84,neutral,bajista,0,-0.148,32,4343,2,
s17832,0GUSDT,1783814400000,train,-1,-4.01,0.907,4.99,4.34,4.5,-3.18,2.49,1.3,0.79,0.84,0,-0.84,neutral,bajista,0,-0.358,32,4343,5,
s17833,WLDUSDT,1783814400000,train,-1,-3.28,0.634,5.23,3.92,2.13,-2.44,1.39,1.12,1.19,1.01,0,-0.84,neutral,neutral,0,-0.571,32,4343,0,
s17834,ENAUSDT,1783814400000,train,-1,-4.39,0.929,5.26,4.83,2.4,-3.56,2.33,1.06,1.05,0.93,1,-0.84,neutral,bajista,0,-0.383,32,4343,5,
s17835,ARBUSDT,1783814400000,train,-1,-2.75,0.383,5.76,5.51,1.48,-1.91,2.06,1.68,2.54,1.84,0,-0.84,neutral,neutral,0,-1.0,14,4343,1,
s17836,OPUSDT,1783814400000,train,-1,-4.45,0.701,7.14,6.24,3.33,-3.61,2.96,1.43,1.3,0.87,1,-0.84,neutral,neutral,0,-0.143,32,4343,1,
s17837,SUIUSDT,1783814400000,train,-1,-2.87,0.775,3.64,3.48,3.68,-2.03,1.88,1.17,1.03,0.92,1,-0.84,neutral,bajista,0,-0.619,32,4343,8,
s17838,TIAUSDT,1783814400000,train,-1,-3.46,0.544,5.59,4.94,2.59,-2.63,2.54,1.07,1.19,0.86,0,-0.84,neutral,bajista,0,-0.807,32,4343,4,
s17839,SEIUSDT,1783814400000,train,-1,-3.07,0.928,3.61,3.29,1.89,-2.23,1.6,0.79,0.69,0.58,1,-0.84,neutral,neutral,0,-0.143,32,4343,0,
s17840,JUPUSDT,1783814400000,train,-1,-4.71,0.818,5.8,5.3,5,-3.88,3.21,0.82,0.81,0.68,1,-0.84,neutral,bajista,0,-0.066,32,4343,8,
s17841,PENDLEUSDT,1783814400000,train,-1,-3.24,0.826,4.29,3.53,2.39,-2.4,1.58,0.86,0.91,0.87,0,-0.84,neutral,neutral,0,0.002,32,4343,0,
s17842,ONDOUSDT,1783814400000,train,-1,-3.2,0.915,3.74,3.37,2.57,-2.36,1.88,0.84,0.86,0.78,0,-0.84,neutral,bajista,0,-0.394,32,4342,8,
s17843,FETUSDT,1783814400000,train,-1,-2.7,0.88,3.47,3.03,3.58,-1.87,1.57,0.85,0.8,0.54,1,-0.84,neutral,bajista,0,-0.437,32,4342,4,
s17844,GRTUSDT,1783814400000,testB,-1,-2.72,0.86,3.37,2.91,3.38,-1.89,1.52,0.76,0.76,0.63,0,-0.84,neutral,neutral,0,-0.118,32,4342,0,
s17845,LDOUSDT,1783814400000,testB,-1,-5.38,0.806,6.43,5.95,1.77,-4.54,2.84,1.07,1.04,0.76,1,-0.84,neutral,bajista,0,-0.093,32,4342,2,
s17846,SANDUSDT,1783814400000,testB,-1,-2.38,0.797,2.89,2.5,5,-1.54,1.52,0.67,0.5,0.46,1,-0.84,neutral,bajista,0,-0.281,32,4342,8,
s17847,MANAUSDT,1783814400000,testB,-1,-2.29,0.596,3.42,2.73,2.88,-1.45,1.43,0.39,0.33,0.42,0,-0.84,neutral,bajista,0,-1.0,11,4342,6,
s17848,AXSUSDT,1783814400000,testB,-1,-2.08,0.778,2.94,2.23,5,-1.24,1.38,0.8,0.56,0.52,1,-0.84,neutral,bajista,0,-0.455,32,4342,2,
s17849,ASTERUSDT,1783815300000,train,-1,-2.12,0.77,3.2,2.46,4.96,-1.3,1.44,1.45,1.01,0.69,1,-0.82,neutral,bajista,0,-0.217,32,4344,5,
s17850,XPLUSDT,1783815300000,train,-1,-3.59,0.591,6.42,5.38,1.2,-2.77,1.58,0.51,0.46,0.49,0,-0.82,neutral,neutral,0,-0.08,32,4344,1,
s17851,PUMPUSDT,1783815300000,train,-1,-3.21,0.697,4.26,3.82,1.49,-2.39,1.79,0.65,0.58,0.49,1,-0.82,neutral,neutral,0,-0.132,32,4344,0,
s17852,0GUSDT,1783815300000,train,-1,-4.17,0.91,4.99,4.51,2.63,-3.35,2.4,1.3,0.79,0.84,0,-0.82,neutral,bajista,0,-0.345,32,4344,6,
s17853,WLDUSDT,1783815300000,train,-1,-3.18,0.604,5.22,3.71,1.87,-2.36,1.07,1.12,1.19,1.01,0,-0.82,neutral,neutral,0,-0.446,32,4344,0,
s17854,ENAUSDT,1783815300000,train,-1,-4.24,0.927,4.95,4.59,1.75,-3.42,2.15,1.06,1.05,0.93,1,-0.82,neutral,bajista,0,-0.601,32,4344,6,
s17855,OPUSDT,1783815300000,train,-1,-5.26,0.966,6.64,5.75,2.14,-4.44,2.68,1.43,1.3,0.87,1,-0.82,neutral,neutral,0,-0.155,32,4344,0,
s17856,SUIUSDT,1783815300000,train,-1,-2.92,0.801,3.64,3.46,1.76,-2.1,1.69,1.17,1.03,0.92,1,-0.82,neutral,neutral,0,-0.526,32,4344,0,
s17857,TIAUSDT,1783815300000,train,-1,-3.87,0.611,5.61,5.15,2.06,-3.05,2.5,1.07,1.19,0.86,0,-0.82,neutral,bajista,0,-0.639,32,4344,5,
s17858,SEIUSDT,1783815300000,train,-1,-3.2,0.964,3.56,3.31,1.38,-2.39,1.53,0.79,0.69,0.58,1,-0.82,neutral,neutral,0,-0.086,32,4344,1,
s17859,JUPUSDT,1783815300000,train,-1,-4.81,0.835,5.8,5.35,3.25,-3.99,2.98,0.82,0.81,0.68,1,-0.82,neutral,bajista,0,-0.187,32,4344,8,
s17860,PENDLEUSDT,1783815300000,train,-1,-3.27,0.844,4.28,3.45,1.57,-2.45,1.36,0.86,0.91,0.87,0,-0.82,neutral,neutral,0,0.009,32,4344,0,
s17861,ONDOUSDT,1783815300000,train,-1,-3.08,0.851,3.73,3.24,1.61,-2.26,1.61,0.84,0.86,0.78,0,-0.82,neutral,neutral,0,-0.248,32,4343,0,
s17862,FETUSDT,1783815300000,train,-1,-2.64,0.843,3.47,2.97,1.92,-1.82,1.37,0.85,0.8,0.54,1,-0.82,neutral,neutral,0,-0.362,32,4343,0,
s17863,ARUSDT,1783815300000,testB,-1,-2.14,0.662,2.54,2.24,1.58,-1.32,1.04,0.63,0.73,0.52,0,-0.82,neutral,bajista,0,-0.273,32,4343,3,
s17864,GRTUSDT,1783815300000,testB,-1,-2.56,0.852,3.14,2.69,1.56,-1.74,1.37,0.76,0.76,0.63,0,-0.82,neutral,neutral,0,-0.085,32,4343,0,
s17865,LDOUSDT,1783815300000,testB,-1,-5.49,0.809,6.16,6.07,1.35,-4.67,3.05,1.07,1.04,0.76,1,-0.82,neutral,bajista,0,-0.172,32,4343,3,
s17866,SANDUSDT,1783815300000,testB,-1,-2.3,0.75,2.89,2.41,5,-1.48,1.3,0.67,0.5,0.46,1,-0.82,neutral,neutral,0,-0.162,32,4343,0,
s17867,MANAUSDT,1783815300000,testB,-1,-2.77,0.735,3.43,2.95,2.1,-1.95,1.48,0.39,0.33,0.42,0,-0.82,neutral,bajista,0,-1.0,10,4343,7,
s17868,ASTERUSDT,1783816200000,train,-1,-2.32,0.795,3.24,2.65,5,-1.36,1.5,1.45,1.01,0.69,1,-0.96,neutral,bajista,0,-0.262,32,4345,6,
s17869,XPLUSDT,1783816200000,train,-1,-4.08,0.737,5.76,4.63,1.29,-3.11,1.37,0.51,0.46,0.49,0,-0.96,neutral,neutral,0,-0.048,32,4345,0,
s17870,PUMPUSDT,1783816200000,train,-1,-3.56,0.761,4.48,4.05,1.23,-2.59,1.82,0.65,0.58,0.49,1,-0.96,neutral,neutral,0,-0.214,32,4345,1,
s17871,STBLUSDT,1783816200000,train,-1,-3.29,0.379,6.63,5.93,1.23,-2.33,2.49,2.42,2.01,1.2,1,-0.96,neutral,bajista,0,-0.022,32,4345,4,
s17872,0GUSDT,1783816200000,train,-1,-4.02,0.867,4.88,4.29,1.38,-3.05,2.08,1.3,0.79,0.84,0,-0.96,neutral,neutral,0,-0.375,32,4345,0,
s17873,WLDUSDT,1783816200000,train,-1,-2.61,0.498,4.6,2.83,1.6,-1.64,0.74,1.12,1.19,1.01,0,-0.96,neutral,neutral,0,-0.558,32,4345,0,
s17874,ENAUSDT,1783816200000,train,-1,-4.17,0.925,5.15,4.42,1.64,-3.21,2.15,1.06,1.05,0.93,1,-0.96,neutral,bajista,0,-0.636,32,4345,7,
s17875,OPUSDT,1783816200000,train,-1,-5.18,0.965,6.26,5.67,2.45,-4.22,2.7,1.43,1.3,0.87,1,-0.96,neutral,neutral,0,-0.211,32,4345,1,
s17876,INJUSDT,1783816200000,train,-1,-3.0,0.555,3.26,3.09,1.9,-2.04,1.46,0.95,0.98,1.08,0,-0.96,neutral,neutral,0,-0.197,32,4345,1,
s17877,SUIUSDT,1783816200000,train,-1,-3.22,0.876,4.03,3.65,1.86,-2.26,1.7,1.17,1.03,0.92,1,-0.96,neutral,neutral,0,-0.625,32,4345,1,
s17878,TIAUSDT,1783816200000,train,-1,-4.3,0.64,6.06,5.6,2.09,-3.34,2.69,1.07,1.19,0.86,0,-0.96,neutral,bajista,0,-0.59,32,4345,6,
s17879,SEIUSDT,1783816200000,train,-1,-3.02,0.962,3.6,3.13,1.5,-2.05,1.52,0.79,0.69,0.58,1,-0.96,neutral,bajista,0,-0.209,32,4345,2,
s17880,JUPUSDT,1783816200000,train,-1,-5.09,0.884,6.16,5.46,3.38,-4.12,2.86,0.82,0.81,0.68,1,-0.96,neutral,bajista,0,-0.147,32,4345,8,
s17881,PENDLEUSDT,1783816200000,train,-1,-3.63,0.857,4.32,4.05,1.44,-2.67,1.78,0.86,0.91,0.87,0,-0.96,neutral,neutral,0,-0.196,32,4345,1,
s17882,ONDOUSDT,1783816200000,train,-1,-3.05,0.85,3.89,3.37,1.5,-2.09,1.56,0.84,0.86,0.78,0,-0.96,neutral,neutral,0,-0.303,32,4344,1,
s17883,FETUSDT,1783816200000,train,-1,-2.64,0.843,3.47,2.84,1.41,-1.68,1.22,0.85,0.8,0.54,1,-0.96,neutral,neutral,0,-0.356,32,4344,0,
s17884,STXUSDT,1783816200000,testB,-1,-2.0,0.522,2.92,2.57,1.06,-1.04,0.92,0.94,0.88,0.82,1,-0.96,neutral,neutral,0,-1.0,13,4344,1,
s17885,GRTUSDT,1783816200000,testB,-1,-2.62,0.855,3.15,2.8,1.61,-1.65,1.38,0.76,0.76,0.63,0,-0.96,neutral,neutral,0,-0.102,32,4344,1,
s17886,LDOUSDT,1783816200000,testB,-1,-5.6,0.812,6.91,6.42,1.08,-4.63,3.26,1.07,1.04,0.76,1,-0.96,neutral,bajista,0,-0.214,32,4344,4,
s17887,SANDUSDT,1783816200000,testB,-1,-2.24,0.735,2.87,2.37,1.29,-1.27,1.17,0.67,0.5,0.46,1,-0.96,neutral,neutral,0,-0.157,32,4344,0,
s17888,MANAUSDT,1783816200000,testB,-1,-2.76,0.734,3.74,3.17,2.19,-1.8,1.55,0.39,0.33,0.42,0,-0.96,neutral,bajista,0,-1.0,9,4344,8,
s17889,AXSUSDT,1783816200000,testB,-1,-2.09,0.724,2.84,2.33,3.7,-1.12,1.32,0.8,0.56,0.52,1,-0.96,neutral,neutral,0,-0.478,32,4344,1,
s17890,ASTERUSDT,1783817100000,train,-1,-2.24,0.747,3.23,2.54,4.26,-1.39,1.25,1.45,1.01,0.69,1,-0.86,neutral,neutral,0,-0.172,32,4346,0,
s17891,XPLUSDT,1783817100000,train,-1,-3.74,0.699,5.75,4.55,1.56,-2.88,1.26,0.51,0.46,0.49,0,-0.86,neutral,neutral,0,0.014,32,4346,0,
s17892,PUMPUSDT,1783817100000,train,-1,-3.42,0.754,4.49,4.12,1.03,-2.57,1.7,0.65,0.58,0.49,1,-0.86,neutral,bajista,0,-0.193,32,4346,2,
s17893,STBLUSDT,1783817100000,train,-1,-4.01,0.434,7.07,6.63,1.15,-3.15,2.86,2.42,2.01,1.2,1,-0.86,neutral,bajista,0,-0.099,32,4346,5,
s17894,0GUSDT,1783817100000,train,-1,-3.66,0.798,4.77,4.02,1.41,-2.81,1.76,1.3,0.79,0.84,0,-0.86,neutral,neutral,0,-0.24,32,4346,0,
s17895,WLDUSDT,1783817100000,train,-1,-2.18,0.438,4.37,2.52,1.23,-1.32,0.59,1.12,1.19,1.01,0,-0.86,neutral,neutral,0,-0.772,32,4346,0,
s17896,ENAUSDT,1783817100000,train,-1,-3.62,0.829,5.07,4.13,1.45,-2.77,1.7,1.06,1.05,0.93,1,-0.86,neutral,neutral,0,-0.567,32,4346,0,
s17897,OPUSDT,1783817100000,train,-1,-5.0,0.898,6.25,5.46,2.21,-4.14,2.29,1.43,1.3,0.87,1,-0.86,neutral,neutral,0,-0.145,32,4346,0,
s17898,INJUSDT,1783817100000,train,-1,-3.11,0.563,4.15,3.56,2.61,-2.26,1.82,0.95,0.98,1.08,0,-0.86,neutral,bajista,0,-0.293,32,4346,2,
s17899,SUIUSDT,1783817100000,train,-1,-3.18,0.875,4.03,3.68,1.65,-2.33,1.56,1.17,1.03,0.92,1,-0.86,neutral,bajista,0,-0.609,32,4346,2,
s17900,TIAUSDT,1783817100000,train,-1,-4.51,0.675,6.07,5.71,2.01,-3.66,2.52,1.07,1.19,0.86,0,-0.86,neutral,bajista,0,-0.615,32,4346,7,
s17901,SEIUSDT,1783817100000,train,-1,-2.88,0.96,3.52,3.11,1.02,-2.03,1.46,0.79,0.69,0.58,1,-0.86,neutral,bajista,0,-0.191,32,4346,3,
s17902,JUPUSDT,1783817100000,train,-1,-4.9,0.851,6.15,5.35,2.67,-4.04,2.48,0.82,0.81,0.68,1,-0.86,neutral,neutral,0,-0.159,32,4346,0,
s17903,PENDLEUSDT,1783817100000,train,-1,-3.38,0.783,4.32,3.88,1.1,-2.53,1.47,0.86,0.91,0.87,0,-0.86,neutral,neutral,0,-0.046,32,4346,0,
s17904,ONDOUSDT,1783817100000,train,-1,-3.26,0.886,3.9,3.53,1.35,-2.41,1.55,0.84,0.86,0.78,0,-0.86,neutral,bajista,0,-0.307,32,4345,2,
s17905,FETUSDT,1783817100000,train,-1,-2.64,0.843,3.47,2.97,1.19,-1.79,1.21,0.85,0.8,0.54,1,-0.86,neutral,neutral,0,-0.362,32,4345,1,
s17906,GRTUSDT,1783817100000,testB,-1,-2.51,0.789,3.14,2.69,1.46,-1.65,1.15,0.76,0.76,0.63,0,-0.86,neutral,neutral,0,-0.021,32,4345,0,
s17907,LDOUSDT,1783817100000,testB,-1,-5.21,0.8,6.91,6.42,1.0,-4.36,2.86,1.07,1.04,0.76,1,-0.86,neutral,neutral,0,-0.214,32,4345,0,
s17908,SANDUSDT,1783817100000,testB,-1,-2.18,0.73,2.87,2.46,1.07,-1.32,1.13,0.67,0.5,0.46,1,-0.86,neutral,neutral,0,-0.16,32,4345,1,
s17909,MANAUSDT,1783817100000,testB,-1,-2.6,0.7,3.74,3.11,2.09,-1.74,1.36,0.39,0.33,0.42,0,-0.86,neutral,neutral,0,-1.0,8,4345,0,
s17910,ASTERUSDT,1783818000000,train,-1,-2.21,0.729,3.23,2.47,3.16,-1.55,1.06,1.48,1.04,0.7,1,-0.67,neutral,neutral,0,-0.124,32,4347,0,
s17911,XPLUSDT,1783818000000,train,-1,-3.75,0.706,5.33,3.99,0.86,-3.09,1.12,0.53,0.45,0.5,0,-0.67,neutral,neutral,0,0.058,32,4347,0,
s17912,PUMPUSDT,1783818000000,train,-1,-3.21,0.676,4.32,3.46,0.86,-2.54,1.11,0.78,0.62,0.51,1,-0.67,neutral,neutral,0,-0.042,32,4347,0,
s17913,STBLUSDT,1783818000000,train,-1,-5.9,0.836,6.84,6.27,1.17,-5.24,2.42,2.28,2.2,1.31,1,-0.67,neutral,neutral,0,-0.566,32,4347,0,
s17914,0GUSDT,1783818000000,train,-1,-3.81,0.841,4.77,4.07,0.91,-3.15,1.65,1.43,0.84,0.6,1,-0.67,neutral,neutral,0,-0.197,32,4347,1,
s17915,WLDUSDT,1783818000000,train,-1,-2.79,0.5,4.18,2.97,0.67,-2.12,1.13,1.17,1.08,1.03,1,-0.67,neutral,neutral,0,-1.0,32,4347,1,
s17916,ENAUSDT,1783818000000,train,-1,-3.9,0.852,4.95,4.26,1.07,-3.23,1.74,1.08,1.06,0.93,1,-0.67,neutral,neutral,0,-0.493,32,4347,1,
s17917,ARBUSDT,1783818000000,train,-1,-3.42,0.439,5.67,4.71,0.99,-2.75,1.05,1.65,2.44,1.81,0,-0.67,neutral,neutral,0,-1.0,10,4347,0,
s17918,OPUSDT,1783818000000,train,-1,-4.54,0.828,6.04,5.05,0.6,-3.87,2.01,1.46,1.31,0.87,1,-0.67,neutral,neutral,0,-0.118,32,4347,0,
s17919,INJUSDT,1783818000000,train,-1,-3.57,0.621,3.94,3.7,1.43,-2.9,1.96,1.02,0.97,1.06,0,-0.67,neutral,bajista,0,-0.278,32,4347,3,
s17920,SUIUSDT,1783818000000,train,-1,-3.13,0.848,3.78,3.26,1.12,-2.46,1.27,1.08,1.06,0.93,1,-0.67,neutral,neutral,0,-0.581,32,4347,0,
s17921,TIAUSDT,1783818000000,train,-1,-4.73,0.738,5.72,5.12,0.9,-4.07,2.09,1.12,1.13,0.88,0,-0.67,neutral,neutral,0,-0.448,32,4347,0,
s17922,SEIUSDT,1783818000000,train,-1,-2.84,0.935,3.4,2.93,0.75,-2.18,1.27,0.81,0.68,0.59,1,-0.67,neutral,neutral,0,-0.14,32,4347,0,
s17923,JUPUSDT,1783818000000,train,-1,-4.85,0.836,6.05,5.2,0.99,-4.19,2.21,0.88,0.79,0.7,1,-0.67,neutral,neutral,0,-0.096,32,4347,0,
s17924,PENDLEUSDT,1783818000000,train,-1,-3.32,0.779,3.94,3.52,0.75,-2.65,1.36,0.88,0.88,0.87,1,-0.67,neutral,neutral,0,0.032,32,4347,1,
s17925,ONDOUSDT,1783818000000,train,-1,-3.14,0.854,3.71,3.28,0.95,-2.48,1.35,0.91,0.86,0.78,1,-0.67,neutral,neutral,0,-0.217,32,4346,0,
s17926,FETUSDT,1783818000000,train,-1,-2.34,0.731,3.21,2.52,0.79,-1.67,0.93,0.87,0.81,0.56,1,-0.67,neutral,neutral,0,-0.2,32,4346,0,
s17927,GRTUSDT,1783818000000,testB,-1,-2.28,0.672,3.08,2.34,0.82,-1.62,0.77,0.83,0.71,0.64,1,-0.67,neutral,neutral,0,0.195,32,4346,0,
s17928,LDOUSDT,1783818000000,testB,-1,-5.2,0.8,6.9,6.21,0.69,-4.54,2.38,0.95,1.03,0.77,0,-0.67,neutral,neutral,0,-0.037,32,4346,0,
s17929,SANDUSDT,1783818000000,testB,-1,-2.06,0.662,2.82,2.12,0.68,-1.39,0.76,0.68,0.51,0.45,1,-0.67,neutral,neutral,0,-0.019,32,4346,0,
s17930,MANAUSDT,1783818000000,testB,-1,-2.56,0.688,3.59,2.63,1.22,-1.9,0.97,0.43,0.31,0.43,0,-0.67,neutral,neutral,0,-1.0,7,4346,0,
s17931,XPLUSDT,1783818900000,train,-1,-2.18,0.36,4.79,2.29,0.96,-1.53,0.04,0.53,0.45,0.5,0,-0.65,neutral,neutral,0,0.597,32,4348,0,
s17932,PUMPUSDT,1783818900000,train,-1,-2.16,0.403,4.14,2.43,1.22,-1.51,0.25,0.78,0.62,0.51,1,-0.65,neutral,neutral,0,0.265,32,4348,0,
s17933,STBLUSDT,1783818900000,train,-1,-3.36,0.391,6.7,4.04,2.05,-2.71,0.31,2.28,2.2,1.31,1,-0.65,neutral,neutral,0,-0.33,32,4348,0,
s17934,0GUSDT,1783818900000,train,-1,-3.3,0.667,4.69,3.52,0.64,-2.65,1.05,1.43,0.84,0.6,1,-0.65,neutral,neutral,0,-0.106,32,4348,0,
s17935,ENAUSDT,1783818900000,train,-1,-2.79,0.593,4.32,2.99,0.98,-2.14,0.97,1.08,1.06,0.93,1,-0.65,neutral,neutral,0,-1.0,28,4348,0,
s17936,OPUSDT,1783818900000,train,-1,-3.97,0.656,5.8,4.13,0.64,-3.31,1.16,1.46,1.31,0.87,1,-0.65,neutral,neutral,0,0.048,32,4348,0,
s17937,INJUSDT,1783818900000,train,-1,-2.84,0.505,3.79,3.24,1.37,-2.19,1.56,1.02,0.97,1.06,0,-0.65,neutral,neutral,0,-0.095,32,4348,0,
s17938,SUIUSDT,1783818900000,train,-1,-2.32,0.634,3.41,2.49,1.11,-1.67,0.81,1.08,1.06,0.93,1,-0.65,neutral,neutral,0,-0.624,32,4348,0,
s17939,TIAUSDT,1783818900000,train,-1,-3.19,0.471,5.67,4.09,0.89,-2.54,1.03,1.12,1.13,0.88,0,-0.65,neutral,neutral,0,-0.189,32,4348,0,
s17940,SEIUSDT,1783818900000,train,-1,-2.39,0.75,3.24,2.47,0.82,-1.74,0.84,0.81,0.68,0.59,1,-0.65,neutral,neutral,0,-0.0,32,4348,0,
s17941,JUPUSDT,1783818900000,train,-1,-3.96,0.664,6.02,4.62,1.03,-3.31,1.54,0.88,0.79,0.7,1,-0.65,neutral,neutral,0,0.011,32,4348,0,
s17942,PENDLEUSDT,1783818900000,train,-1,-2.39,0.54,3.49,2.51,0.73,-1.74,0.7,0.88,0.88,0.87,1,-0.65,neutral,neutral,0,0.273,32,4348,0,
s17943,ONDOUSDT,1783818900000,train,-1,-2.43,0.609,3.57,2.61,0.81,-1.78,0.73,0.91,0.86,0.78,1,-0.65,neutral,neutral,0,-0.118,32,4347,0,
s17944,LDOUSDT,1783818900000,testB,-1,-4.77,0.688,6.44,5.23,0.67,-4.12,1.66,0.95,1.03,0.77,0,-0.65,neutral,neutral,0,0.068,32,4347,0,
s17945,PUMPUSDT,1783819800000,train,-1,-2.1,0.395,4.14,2.43,1.03,-1.79,0.2,0.78,0.62,0.51,1,-0.31,neutral,neutral,0,-0.088,32,4349,0,
s17946,0GUSDT,1783819800000,train,-1,-2.73,0.495,4.66,2.86,0.45,-2.42,0.35,1.43,0.84,0.6,1,-0.31,neutral,neutral,0,0.056,32,4349,0,
s17947,ENAUSDT,1783819800000,train,-1,-2.45,0.513,4.31,2.78,0.62,-2.15,0.64,1.08,1.06,0.93,1,-0.31,neutral,neutral,0,-1.0,27,4349,0,
s17948,OPUSDT,1783819800000,train,-1,-3.69,0.619,5.7,3.93,0.4,-3.38,0.96,1.46,1.31,0.87,1,-0.31,neutral,neutral,0,0.025,32,4349,0,
s17949,INJUSDT,1783819800000,train,-1,-2.77,0.488,3.79,3.17,1.33,-2.46,1.3,1.02,0.97,1.06,0,-0.31,neutral,neutral,0,-0.135,32,4349,0,
s17950,SUIUSDT,1783819800000,train,-1,-2.03,0.53,3.4,2.25,0.75,-1.72,0.52,1.08,1.06,0.93,1,-0.31,neutral,neutral,0,-0.774,32,4349,0,
s17951,TIAUSDT,1783819800000,train,-1,-3.18,0.471,5.56,3.81,0.73,-2.88,0.79,1.12,1.13,0.88,0,-0.31,neutral,neutral,0,-0.268,32,4349,0,
s17952,JUPUSDT,1783819800000,train,-1,-3.86,0.638,6.0,4.26,0.68,-3.55,1.07,0.88,0.79,0.7,1,-0.31,neutral,neutral,0,-0.0,32,4349,0,
s17953,LDOUSDT,1783819800000,testB,-1,-3.97,0.547,6.4,4.62,0.48,-3.67,0.93,0.95,1.03,0.77,0,-0.31,neutral,neutral,0,0.07,32,4348,0,
s17954,PUMPUSDT,1783820700000,train,-1,-2.45,0.432,4.08,2.72,0.98,-2.1,0.54,0.78,0.62,0.51,1,-0.34,neutral,neutral,0,-0.237,32,4350,1,
s17955,STBLUSDT,1783820700000,train,-1,-2.67,0.356,5.62,2.83,1.62,-2.33,0.44,2.28,2.2,1.31,1,-0.34,neutral,neutral,0,-0.273,32,4350,0,
s17956,0GUSDT,1783820700000,train,-1,-2.63,0.486,4.61,2.81,0.37,-2.29,0.33,1.43,0.84,0.6,1,-0.34,neutral,neutral,0,0.038,32,4350,0,
s17957,ENAUSDT,1783820700000,train,-1,-2.2,0.456,4.03,2.35,0.61,-1.86,0.45,1.08,1.06,0.93,1,-0.34,neutral,neutral,0,-1.0,26,4350,0,
s17958,OPUSDT,1783820700000,train,-1,-3.69,0.619,5.6,3.83,0.38,-3.35,0.83,1.46,1.31,0.87,1,-0.34,neutral,neutral,0,0.026,32,4350,1,
s17959,INJUSDT,1783820700000,train,-1,-2.84,0.509,3.76,2.98,0.57,-2.5,1.05,1.02,0.97,1.06,0,-0.34,neutral,neutral,0,-0.151,32,4350,0,
s17960,SUIUSDT,1783820700000,train,-1,-2.03,0.53,3.34,2.08,0.62,-1.68,0.38,1.08,1.06,0.93,1,-0.34,neutral,neutral,0,-1.0,32,4350,0,
s17961,TIAUSDT,1783820700000,train,-1,-2.85,0.415,4.92,2.96,0.63,-2.51,0.58,1.12,1.13,0.88,0,-0.34,neutral,neutral,0,-1.0,23,4350,0,
s17962,JUPUSDT,1783820700000,train,-1,-4.09,0.672,5.86,4.27,0.64,-3.75,1.1,0.88,0.79,0.7,1,-0.34,neutral,neutral,0,-0.116,32,4350,1,
s17963,PENDLEUSDT,1783820700000,train,-1,-2.08,0.513,3.41,2.37,0.51,-1.73,0.5,0.88,0.88,0.87,1,-0.34,neutral,neutral,0,-0.022,32,4350,1,
s17964,LDOUSDT,1783820700000,testB,-1,-4.2,0.56,6.23,4.87,0.51,-3.86,1.24,0.95,1.03,0.77,0,-0.34,neutral,neutral,0,0.007,32,4349,1,
s17965,XPLUSDT,1783821600000,train,-1,-2.68,0.441,4.4,2.77,0.68,-2.2,0.7,0.41,0.42,0.49,0,-0.48,neutral,bajista,0,-0.245,32,4351,3,
s17966,PUMPUSDT,1783821600000,train,-1,-2.8,0.465,3.88,2.88,0.71,-2.32,0.78,0.79,0.6,0.5,1,-0.48,neutral,bajista,0,-0.325,32,4351,2,
s17967,STBLUSDT,1783821600000,train,-1,-3.05,0.386,5.55,3.14,1.13,-2.57,0.68,2.26,2.2,1.34,1,-0.48,neutral,neutral,0,-0.384,32,4351,1,
s17968,0GUSDT,1783821600000,train,-1,-2.89,0.509,4.52,2.98,0.29,-2.41,0.53,1.5,0.89,0.58,1,-0.48,neutral,neutral,0,-0.036,32,4351,1,
s17969,ENAUSDT,1783821600000,train,-1,-2.15,0.449,3.77,2.37,0.52,-1.67,0.59,1.05,0.96,0.9,1,-0.48,neutral,neutral,0,-1.0,25,4351,1,
s17970,OPUSDT,1783821600000,train,-1,-3.51,0.607,5.41,3.74,0.38,-3.03,0.85,1.36,1.23,0.87,1,-0.48,neutral,bajista,0,0.026,32,4351,2,
s17971,INJUSDT,1783821600000,train,-1,-3.14,0.534,3.78,3.26,0.68,-2.66,1.29,1.07,0.95,1.08,0,-0.48,neutral,neutral,0,-0.258,32,4351,1,
s17972,SUIUSDT,1783821600000,train,-1,-2.07,0.535,3.24,2.2,0.52,-1.59,0.49,1.12,1.03,0.94,1,-0.48,neutral,neutral,0,-1.0,31,4351,1,
s17973,TIAUSDT,1783821600000,train,-1,-2.5,0.383,4.51,2.66,0.48,-2.02,0.55,1.17,1.12,0.88,1,-0.48,neutral,neutral,0,-1.0,19,4351,1,
s17974,SEIUSDT,1783821600000,train,-1,-2.18,0.616,2.88,2.25,0.51,-1.7,0.75,0.63,0.66,0.59,0,-0.48,neutral,neutral,0,-0.291,32,4351,1,
s17975,JUPUSDT,1783821600000,train,-1,-4.2,0.677,5.49,4.39,0.55,-3.73,1.39,0.9,0.77,0.67,1,-0.48,neutral,bajista,0,-0.136,32,4351,2,
s17976,PENDLEUSDT,1783821600000,train,-1,-2.04,0.499,3.26,2.18,0.47,-1.56,0.37,0.89,0.8,0.87,0,-0.48,neutral,neutral,0,0.159,32,4351,0,
s17977,ONDOUSDT,1783821600000,train,-1,-2.34,0.542,3.29,2.43,0.55,-1.87,0.65,0.94,0.8,0.78,1,-0.48,neutral,neutral,0,-0.241,32,4350,1,
s17978,LDOUSDT,1783821600000,testB,-1,-4.91,0.617,5.94,5.19,0.43,-4.43,1.69,0.77,0.98,0.77,0,-0.48,neutral,bajista,0,-0.101,32,4350,2,
s17979,STBLUSDT,1783822500000,train,-1,-2.68,0.352,5.34,2.88,0.34,-2.47,0.45,2.26,2.2,1.34,1,-0.21,neutral,neutral,0,-0.388,32,4352,0,
s17980,OPUSDT,1783822500000,train,-1,-2.58,0.509,4.52,2.75,0.28,-2.38,0.66,1.36,1.23,0.87,1,-0.21,neutral,neutral,0,0.036,32,4352,0,
s17981,JUPUSDT,1783822500000,train,-1,-3.51,0.613,5.03,3.84,0.42,-3.3,1.2,0.9,0.77,0.67,1,-0.21,neutral,neutral,0,-0.117,32,4352,0,
s17982,LDOUSDT,1783822500000,testB,-1,-2.87,0.394,4.8,3.37,0.41,-2.66,0.88,0.77,0.98,0.77,0,-0.21,neutral,neutral,0,-0.106,32,4351,0,
s17983,OPUSDT,1783823400000,train,-1,-2.02,0.412,4.12,2.16,0.3,-1.81,0.42,1.36,1.23,0.87,1,-0.21,neutral,neutral,0,0.136,32,4353,0,
s17984,JUPUSDT,1783823400000,train,-1,-3.52,0.613,4.64,3.64,0.32,-3.31,1.28,0.9,0.77,0.67,1,-0.21,neutral,neutral,0,-0.164,32,4353,1,
s17985,LDOUSDT,1783823400000,testB,-1,-2.69,0.378,4.38,3.09,0.37,-2.48,0.89,0.77,0.98,0.77,0,-0.21,neutral,neutral,0,0.063,32,4352,1,
s17986,OPUSDT,1783824300000,train,-1,-2.12,0.423,3.93,2.16,0.27,-1.93,0.52,1.36,1.23,0.87,1,-0.19,neutral,neutral,0,0.045,32,4354,1,
s17987,INJUSDT,1783824300000,train,-1,-2.02,0.375,3.51,2.34,0.66,-1.83,0.48,1.07,0.95,1.08,0,-0.19,neutral,neutral,0,0.2,32,4354,1,
s17988,JUPUSDT,1783824300000,train,-1,-3.14,0.546,4.58,3.39,0.26,-2.95,0.93,0.9,0.77,0.67,1,-0.19,neutral,neutral,0,-0.088,32,4354,0,
s17989,TIAUSDT,1783825200000,train,-1,-2.12,0.37,4.25,2.31,0.44,-2.07,0.2,1.11,0.91,0.87,1,-0.04,neutral,neutral,0,-1.0,8,4355,1,
s17990,JUPUSDT,1783825200000,train,-1,-2.58,0.495,3.94,2.89,0.26,-2.53,0.89,0.92,0.72,0.67,1,-0.04,neutral,neutral,0,-0.034,32,4355,1,
s17991,LDOUSDT,1783825200000,testB,-1,-2.53,0.351,4.0,2.73,0.25,-2.49,0.59,0.74,0.91,0.77,0,-0.04,neutral,neutral,0,0.143,32,4354,1,
s17992,ARBUSDT,1783826100000,train,1,3.62,0.441,4.71,4.46,1.11,3.3,2.07,1.99,2.06,1.93,0,0.33,neutral,alcista,0,-1.0,31,4356,5,
s17993,APEUSDT,1783826100000,testB,1,2.65,0.471,3.21,3.14,0.46,2.32,0.98,0.53,0.45,0.48,0,0.33,neutral,alcista,0,-1.0,30,4355,6,
s17994,ARBUSDT,1783827000000,train,1,6.42,0.705,6.58,6.06,2.18,6.07,3.39,1.99,2.06,1.93,0,0.35,neutral,alcista,0,-1.0,30,4357,6,
s17995,STXUSDT,1783827000000,testB,1,2.34,0.556,2.74,2.68,0.71,1.98,1.17,1.03,0.9,0.81,1,0.35,neutral,alcista,0,0.234,32,4356,3,
s17996,APEUSDT,1783827000000,testB,1,3.03,0.505,3.38,3.13,0.61,2.68,1.37,0.53,0.45,0.48,0,0.35,neutral,alcista,0,-1.0,25,4356,7,
s17997,ARBUSDT,1783827900000,train,1,5.0,0.518,6.73,5.1,2.99,4.35,2.38,1.99,2.06,1.93,0,0.66,neutral,neutral,0,-1.0,29,4358,0,
s17998,STXUSDT,1783827900000,testB,1,2.27,0.549,2.96,2.79,1.42,1.62,1.17,1.03,0.9,0.81,1,0.66,neutral,alcista,0,0.143,32,4357,4,
s17999,MANAUSDT,1783827900000,testB,1,2.08,0.447,4.0,3.17,0.61,1.43,0.66,0.58,0.34,0.4,0,0.66,neutral,neutral,0,-0.754,32,4357,0,
s18000,ARBUSDT,1783828800000,train,1,5.91,0.579,6.66,5.72,3.41,5.29,2.93,2.34,1.99,2.02,0,0.61,neutral,neutral,0,-1.0,28,4359,1,
s18001,STXUSDT,1783828800000,testB,1,2.51,0.573,2.9,2.9,1.59,1.89,1.38,1.19,1.01,0.89,1,0.61,neutral,alcista,0,0.137,32,4358,5,
s18002,MANAUSDT,1783828800000,testB,1,2.1,0.451,4.01,3.03,0.48,1.49,0.54,0.59,0.34,0.37,0,0.61,neutral,neutral,0,-0.674,32,4358,0,
s18003,ARBUSDT,1783829700000,train,1,4.09,0.445,6.4,5.04,3.54,3.7,2.4,2.34,1.99,2.02,0,0.4,neutral,neutral,0,-1.0,19,4360,0,
s18004,STXUSDT,1783829700000,testB,1,3.14,0.628,4.34,3.78,3.28,2.74,2.07,1.19,1.01,0.89,1,0.4,neutral,alcista,0,-0.119,32,4359,6,
s18005,MANAUSDT,1783829700000,testB,1,2.63,0.552,3.99,3.33,0.61,2.24,0.79,0.59,0.34,0.37,0,0.4,neutral,neutral,0,-0.692,32,4359,1,
s18006,ARBUSDT,1783830600000,train,1,4.42,0.494,6.21,4.49,2.31,4.06,1.78,2.34,1.99,2.02,0,0.37,neutral,neutral,0,-1.0,18,4361,0,
s18007,TIAUSDT,1783830600000,train,1,2.9,0.697,3.53,3.24,0.77,2.54,1.09,1.02,0.88,0.88,1,0.37,neutral,alcista,0,-0.083,32,4361,2,
s18008,STXUSDT,1783830600000,testB,1,2.98,0.573,4.2,2.95,3.96,2.61,1.22,1.19,1.01,0.89,1,0.37,neutral,neutral,0,-0.058,32,4360,0,
s18009,MANAUSDT,1783830600000,testB,1,2.43,0.486,3.65,2.56,0.72,2.06,0.38,0.59,0.34,0.37,0,0.37,neutral,neutral,0,-0.788,32,4360,0,
s18010,ARBUSDT,1783831500000,train,1,4.63,0.511,6.16,4.57,1.77,4.36,1.76,2.34,1.99,2.02,0,0.27,neutral,neutral,0,-1.0,17,4362,1,
s18011,TIAUSDT,1783831500000,train,1,2.65,0.6,3.47,2.83,0.93,2.38,0.86,1.02,0.88,0.88,1,0.27,neutral,neutral,0,-0.026,32,4362,0,
s18012,STXUSDT,1783831500000,testB,1,2.5,0.518,3.75,2.44,2.67,2.23,1.05,1.19,1.01,0.89,1,0.27,neutral,neutral,0,-0.186,32,4361,0,
s18013,ARBUSDT,1783832400000,train,1,4.88,0.525,6.06,4.84,1.45,4.77,1.75,2.21,1.92,2.05,0,0.11,neutral,alcista,0,-1.0,16,4363,2,
s18014,TIAUSDT,1783832400000,train,1,3.53,0.667,3.77,3.55,1.22,3.42,1.81,0.96,0.88,0.9,0,0.11,neutral,neutral,0,-0.267,32,4363,1,
s18015,STXUSDT,1783832400000,testB,1,2.61,0.529,3.68,2.66,2.49,2.5,1.17,1.12,0.99,0.91,1,0.11,neutral,neutral,0,-0.255,32,4362,1,
s18016,MANAUSDT,1783832400000,testB,1,2.42,0.411,3.09,2.4,0.93,2.31,0.75,0.58,0.37,0.35,1,0.11,neutral,neutral,0,-1.0,24,4362,1,
s18017,ARBUSDT,1783833300000,train,1,3.24,0.352,5.55,3.55,1.02,3.3,0.97,2.21,1.92,2.05,0,-0.06,neutral,neutral,0,-1.0,14,4364,0,
s18018,MANAUSDT,1783834200000,testB,1,2.11,0.377,2.29,2.14,0.87,2.4,1.13,0.58,0.37,0.35,1,-0.29,neutral,neutral,0,-1.0,13,4364,1,
s18019,MANAUSDT,1783835100000,testB,1,2.02,0.367,2.55,2.22,1.42,2.28,1.46,0.58,0.37,0.35,1,-0.26,neutral,alcista,0,-1.0,8,4365,2,
s18020,APEUSDT,1783841400000,testB,-1,-2.44,0.448,2.76,2.57,0.98,-1.95,0.95,0.31,0.38,0.44,0,-0.49,neutral,bajista,0,0.475,32,4372,2,
s18021,ARBUSDT,1783843200000,train,-1,-3.17,0.433,4.64,4.2,0.67,-2.96,1.29,2.44,2.04,2.21,0,-0.21,neutral,neutral,0,0.466,32,4375,1,
s18022,ARBUSDT,1783844100000,train,-1,-3.16,0.432,4.08,3.8,0.79,-3.02,1.76,2.44,2.04,2.21,0,-0.14,neutral,bajista,0,0.38,32,4376,2,
s18023,ARBUSDT,1783845000000,train,-1,-3.65,0.467,4.77,4.7,1.12,-3.63,2.24,2.44,2.04,2.21,0,-0.03,neutral,bajista,0,0.18,32,4377,3,
s18024,ARBUSDT,1783845900000,train,-1,-3.59,0.455,4.85,4.48,1.27,-3.55,1.94,2.44,2.04,2.21,0,-0.04,neutral,neutral,0,0.269,32,4378,0,
s18025,ARBUSDT,1783846800000,train,-1,-5.07,0.588,5.78,5.55,1.22,-4.91,2.76,2.05,2.06,2.26,0,-0.17,neutral,neutral,0,0.099,32,4379,1,
s18026,APEUSDT,1783846800000,testB,-1,-2.02,0.39,2.12,2.06,0.87,-1.85,0.82,0.29,0.41,0.45,0,-0.17,neutral,bajista,0,-0.281,32,4378,2,
s18027,WLDUSDT,1783847700000,train,1,2.89,0.412,4.15,3.79,0.99,3.01,1.47,1.07,1.04,1.06,0,-0.12,neutral,neutral,0,1.155,32,4380,1,
s18028,ARBUSDT,1783847700000,train,-1,-4.02,0.486,5.14,4.56,1.17,-3.89,2.15,2.05,2.06,2.26,0,-0.12,neutral,neutral,0,0.17,32,4380,0,
s18029,WLDUSDT,1783848600000,train,1,3.85,0.483,4.84,4.7,1.24,3.79,2.24,1.07,1.04,1.06,0,0.05,neutral,alcista,0,0.768,32,4381,2,
s18030,ARBUSDT,1783848600000,train,-1,-3.27,0.41,4.68,3.88,0.86,-3.32,1.77,2.05,2.06,2.26,0,0.05,neutral,neutral,0,0.226,32,4381,0,
s18031,MANAUSDT,1783848600000,testB,-1,-2.47,0.47,3.82,3.42,0.67,-2.52,0.89,0.5,0.5,0.31,0,0.05,neutral,neutral,0,0.236,32,4380,0,
s18032,WLDUSDT,1783849500000,train,1,3.96,0.502,5.28,4.53,1.48,3.97,1.82,1.07,1.04,1.06,0,-0.01,neutral,neutral,0,0.642,32,4382,0,
s18033,ARBUSDT,1783849500000,train,-1,-3.32,0.419,4.42,3.55,0.91,-3.3,1.59,2.05,2.06,2.26,0,-0.01,neutral,neutral,0,0.521,32,4382,0,
s18034,MANAUSDT,1783849500000,testB,-1,-2.74,0.556,3.51,2.86,0.61,-2.73,0.69,0.5,0.5,0.31,0,-0.01,neutral,neutral,0,0.438,32,4381,0,
s18035,WLDUSDT,1783850400000,train,1,2.98,0.435,4.39,4.15,1.28,2.69,2.17,1.14,1.05,1.08,0,0.29,neutral,neutral,0,0.512,32,4383,1,
s18036,ENAUSDT,1783850400000,train,1,2.51,0.48,3.48,2.96,1.17,2.22,1.1,0.8,0.87,0.9,0,0.29,neutral,neutral,0,-0.58,32,4383,0,
s18037,WLDUSDT,1783851300000,train,1,3.92,0.65,4.23,3.79,1.6,3.59,1.78,1.14,1.05,1.08,0,0.33,neutral,neutral,0,0.599,32,4384,0,
s18038,ENAUSDT,1783851300000,train,1,2.67,0.523,3.49,2.7,1.21,2.34,0.75,0.8,0.87,0.9,0,0.33,neutral,neutral,0,-0.489,32,4384,0,
s18039,STBLUSDT,1783852200000,train,1,2.2,0.367,4.48,3.72,0.3,2.07,1.43,1.63,1.6,1.62,0,0.14,neutral,neutral,0,-0.568,32,4385,1,
s18040,WLDUSDT,1783852200000,train,1,4.48,0.681,4.72,4.29,1.46,4.34,2.42,1.14,1.05,1.08,0,0.14,neutral,neutral,0,0.279,32,4385,1,
s18041,ENAUSDT,1783852200000,train,1,2.01,0.425,2.97,2.03,0.87,1.87,0.56,0.8,0.87,0.9,0,0.14,neutral,neutral,0,-0.633,32,4385,0,
s18042,ARBUSDT,1783852200000,train,-1,-2.58,0.388,4.19,3.98,0.52,-2.72,1.59,1.62,2.02,2.25,0,0.14,neutral,bajista,0,0.373,32,4385,3,
s18043,WLDUSDT,1783853100000,train,1,3.71,0.594,4.51,3.87,1.14,3.54,1.79,1.14,1.05,1.08,0,0.17,neutral,neutral,0,0.453,32,4386,0,
s18044,ARBUSDT,1783853100000,train,-1,-2.99,0.481,4.36,3.96,0.55,-3.16,1.26,1.62,2.02,2.25,0,0.17,neutral,neutral,0,0.38,32,4386,0,
s18045,MANAUSDT,1783853100000,testB,-1,-2.19,0.556,2.52,2.38,0.39,-2.36,0.84,0.46,0.5,0.31,0,0.17,neutral,bajista,0,0.482,32,4385,2,
s18046,WLDUSDT,1783854000000,train,1,3.16,0.479,4.53,3.45,1.21,3.12,1.37,1.4,1.09,1.12,0,0.04,neutral,neutral,0,0.993,32,4387,0,
s18047,ARBUSDT,1783854000000,train,-1,-4.23,0.65,5.3,4.81,0.75,-4.27,1.8,1.59,1.95,2.29,0,0.04,neutral,neutral,0,0.088,32,4387,1,
s18048,WLDUSDT,1783854900000,train,1,3.39,0.531,4.53,3.45,1.2,3.31,1.2,1.4,1.09,1.12,0,0.08,neutral,neutral,0,1.49,32,4388,0,
s18049,ARBUSDT,1783854900000,train,-1,-2.76,0.37,5.12,3.38,0.91,-2.84,0.54,1.59,1.95,2.29,0,0.08,neutral,neutral,0,0.48,32,4388,0,
s18050,WLDUSDT,1783855800000,train,1,5.04,0.627,5.15,4.96,1.16,4.82,2.46,1.4,1.09,1.12,0,0.22,neutral,neutral,0,0.789,32,4389,1,
s18051,ARBUSDT,1783855800000,train,-1,-2.83,0.375,5.13,3.58,0.99,-3.04,0.72,1.59,1.95,2.29,0,0.22,neutral,neutral,0,0.469,32,4389,1,
s18052,XPLUSDT,1783856700000,train,1,2.37,0.417,2.75,2.62,1.5,2.15,1.45,0.33,0.36,0.38,0,0.22,neutral,alcista,0,-1.0,24,4390,3,
s18053,WLDUSDT,1783856700000,train,1,5.85,0.662,5.95,5.67,1.61,5.64,3.06,1.4,1.09,1.12,0,0.22,neutral,alcista,0,0.56,32,4390,2,
s18054,ARBUSDT,1783856700000,train,-1,-2.94,0.398,4.77,3.04,1.1,-3.15,0.56,1.59,1.95,2.29,0,0.22,neutral,neutral,0,0.559,32,4390,0,
s18055,WLDUSDT,1783857600000,train,1,5.16,0.636,6.01,5.56,1.77,5.07,3.4,1.64,1.22,1.19,1,0.09,neutral,alcista,0,0.042,32,4391,3,
s18056,WLDUSDT,1783858500000,train,1,4.54,0.517,6.94,4.58,2.6,4.44,2.18,1.64,1.22,1.19,1,0.1,neutral,neutral,0,0.155,32,4392,0,
s18057,WLDUSDT,1783859400000,train,1,4.53,0.517,6.76,4.59,2.57,4.5,2.12,1.64,1.22,1.19,1,0.03,neutral,neutral,0,0.159,32,4393,1,
s18058,WLDUSDT,1783860300000,train,1,3.24,0.355,6.34,3.35,2.07,3.16,1.0,1.64,1.22,1.19,1,0.07,neutral,neutral,0,0.482,32,4394,0,
s18059,WLDUSDT,1783861200000,train,1,3.9,0.405,6.3,3.9,1.62,3.65,1.48,1.75,1.26,1.16,1,0.25,neutral,neutral,0,0.103,32,4395,1,
s18060,0GUSDT,1783865700000,train,-1,-2.81,0.688,3.93,3.33,5,-3.0,2.13,0.99,0.77,0.83,0,0.19,neutral,bajista,0,0.049,32,4400,5,
s18061,0GUSDT,1783866600000,train,-1,-2.75,0.667,3.92,3.1,4.54,-3.08,1.74,0.99,0.77,0.83,0,0.33,neutral,neutral,0,0.14,32,4401,0,
s18062,PUMPUSDT,1783867500000,train,1,2.43,0.515,3.69,3.0,2.92,1.9,1.7,0.52,0.58,0.57,0,0.53,neutral,alcista,0,0.279,32,4402,2,
s18063,0GUSDT,1783867500000,train,-1,-2.28,0.506,3.9,2.66,3.25,-2.81,1.18,0.99,0.77,0.83,0,0.53,neutral,neutral,0,0.224,32,4402,0,
s18064,PUMPUSDT,1783868400000,train,1,3.22,0.672,3.54,3.12,3.72,2.69,1.93,0.59,0.6,0.58,0,0.54,neutral,alcista,0,0.156,32,4403,3,
s18065,PUMPUSDT,1783869300000,train,1,2.99,0.656,3.32,3.25,4.22,2.52,2.1,0.59,0.6,0.58,0,0.48,neutral,alcista,0,0.234,32,4404,4,
s18066,0GUSDT,1783869300000,train,-1,-2.07,0.494,3.9,2.55,0.94,-2.55,0.91,1.16,0.85,0.87,0,0.48,neutral,neutral,0,0.277,32,4404,0,
s18067,WLDUSDT,1783869300000,train,1,3.71,0.387,4.49,3.6,0.64,3.24,1.78,1.71,1.38,1.15,1,0.48,neutral,alcista,0,-1.0,28,4404,2,
s18068,PUMPUSDT,1783870200000,train,1,2.86,0.606,3.4,2.91,4.1,2.63,1.56,0.59,0.6,0.58,0,0.22,neutral,neutral,0,0.476,32,4405,0,
s18069,0GUSDT,1783870200000,train,-1,-2.7,0.586,3.81,3.0,1.19,-2.92,1.3,1.16,0.85,0.87,0,0.22,neutral,neutral,0,0.109,32,4405,1,
s18070,PUMPUSDT,1783871100000,train,1,2.92,0.612,3.53,3.18,1.75,2.68,1.71,0.59,0.6,0.58,0,0.24,neutral,neutral,0,0.326,32,4406,1,
s18071,0GUSDT,1783871100000,train,-1,-2.81,0.596,3.82,3.22,1.08,-3.06,1.34,1.16,0.85,0.87,0,0.24,neutral,bajista,0,-0.017,32,4406,2,
s18072,PUMPUSDT,1783872000000,train,1,2.42,0.459,3.48,2.5,1.2,2.49,1.02,0.68,0.63,0.59,1,-0.06,neutral,neutral,1,2.0,32,4407,0,
s18073,0GUSDT,1783872000000,train,-1,-3.29,0.66,4.11,3.62,1.31,-3.22,1.58,1.57,0.99,0.96,1,-0.06,neutral,bajista,0,-0.5,32,4407,3,
s18074,PUMPUSDT,1783872900000,train,1,2.42,0.459,3.48,2.5,1.0,2.23,0.95,0.68,0.63,0.59,1,0.19,neutral,neutral,1,2.0,31,4408,0,
s18075,0GUSDT,1783872900000,train,-1,-3.23,0.642,4.05,3.39,1.69,-3.42,1.3,1.57,0.99,0.96,1,0.19,neutral,neutral,0,-0.323,32,4408,0,
s18076,PUMPUSDT,1783873800000,train,1,2.49,0.467,3.33,2.57,0.95,2.36,1.02,0.68,0.63,0.59,1,0.13,neutral,neutral,1,2.0,30,4409,1,
s18077,0GUSDT,1783873800000,train,-1,-2.76,0.553,3.77,2.89,1.2,-2.89,0.97,1.57,0.99,0.96,1,0.13,neutral,neutral,0,0.151,32,4409,0,
s18078,PUMPUSDT,1783874700000,train,1,3.27,0.535,3.72,3.31,1.11,3.04,1.62,0.68,0.63,0.59,1,0.23,neutral,alcista,0,0.979,32,4410,2,
s18079,0GUSDT,1783874700000,train,-1,-2.82,0.558,3.72,3.06,1.39,-3.05,1.08,1.57,0.99,0.96,1,0.23,neutral,neutral,0,-0.036,32,4410,1,
s18080,WLDUSDT,1783874700000,train,1,2.4,0.373,3.29,3.01,0.97,2.17,1.03,1.72,1.42,1.16,1,0.23,neutral,neutral,0,-1.0,22,4410,0,
s18081,PUMPUSDT,1783875600000,train,1,2.77,0.448,3.52,2.83,1.02,2.62,1.21,0.7,0.64,0.59,1,0.15,neutral,neutral,0,1.073,32,4411,0,
s18082,0GUSDT,1783875600000,train,-1,-2.82,0.558,3.61,2.95,1.15,-2.97,1.0,1.6,1.01,0.98,1,0.15,neutral,neutral,0,0.519,32,4411,0,
s18083,0GUSDT,1783876500000,train,-1,-2.61,0.516,3.44,2.68,0.65,-2.73,0.77,1.6,1.01,0.98,1,0.12,neutral,neutral,0,0.816,32,4412,0,
s18084,ARBUSDT,1783878300000,train,-1,-2.11,0.518,3.25,2.48,1.6,-2.19,1.39,0.92,1.27,1.66,0,0.08,neutral,neutral,0,0.614,32,4414,1,
s18085,PUMPUSDT,1783880100000,train,1,2.34,0.379,3.33,2.29,0.39,2.24,0.52,0.82,0.62,0.62,0,0.1,neutral,neutral,1,2.0,23,4416,1,
s18086,ARBUSDT,1783880100000,train,-1,-2.12,0.504,3.22,2.75,1.62,-2.23,1.44,0.79,1.12,1.61,0,0.1,neutral,neutral,0,0.553,32,4416,1,
s18087,PUMPUSDT,1783881000000,train,1,2.11,0.357,3.03,2.13,0.96,2.02,1.14,0.82,0.62,0.62,0,0.09,neutral,alcista,1,2.0,22,4417,2,
s18088,ARBUSDT,1783881000000,train,-1,-2.2,0.534,3.22,2.74,1.55,-2.29,1.25,0.79,1.12,1.61,0,0.09,neutral,neutral,0,0.656,32,4417,0,
s18089,STXUSDT,1783882800000,testB,-1,-2.32,0.612,3.07,2.37,0.18,-2.29,0.29,1.08,0.85,0.97,0,-0.03,neutral,neutral,1,2.0,27,4418,1,
s18090,WLDUSDT,1783884600000,train,1,2.67,0.363,4.34,3.86,1.77,2.66,2.27,1.42,1.58,1.26,0,0.01,neutral,alcista,0,-1.0,10,4421,4,
s18091,WLDUSDT,1783885500000,train,1,2.91,0.385,4.58,4.06,2.2,2.83,2.16,1.42,1.58,1.26,0,0.08,neutral,alcista,0,-1.0,9,4422,5,
s18092,0GUSDT,1783886400000,train,1,2.52,0.676,2.67,2.62,0.5,2.33,1.31,1.05,1.01,1.03,0,0.19,neutral,alcista,0,-1.0,9,4423,5,
s18093,ARBUSDT,1783887300000,train,-1,-2.11,0.576,2.52,2.25,0.58,-2.15,0.84,0.67,0.93,1.53,0,0.04,neutral,bajista,0,1.219,32,4424,2,
s18094,ARBUSDT,1783888200000,train,-1,-2.22,0.588,2.62,2.35,0.85,-2.37,1.12,0.67,0.93,1.53,0,0.15,neutral,bajista,0,1.046,32,4425,3,
s18095,XPLUSDT,1783894500000,train,-1,-2.01,0.389,5.05,3.65,5,-1.64,1.8,0.55,0.45,0.38,1,-0.36,neutral,bajista,0,0.151,32,4432,5,
s18096,APEUSDT,1783894500000,testB,-1,-2.25,0.522,3.29,2.83,5,-1.88,1.61,0.31,0.32,0.36,0,-0.36,neutral,neutral,0,-1.0,10,4431,0,
s18097,XPLUSDT,1783895400000,train,-1,-2.2,0.442,5.05,3.66,5,-1.64,1.57,0.55,0.45,0.38,1,-0.56,neutral,bajista,0,0.08,32,4433,6,
s18098,APEUSDT,1783895400000,testB,-1,-2.82,0.647,3.16,3.03,5,-2.26,1.69,0.31,0.32,0.36,0,-0.56,neutral,neutral,0,-1.0,9,4432,1,
s18099,XPLUSDT,1783896300000,train,-1,-2.68,0.513,5.07,4.06,4.83,-2.26,1.78,0.55,0.45,0.38,1,-0.42,neutral,bajista,0,0.019,32,4434,7,
s18100,APEUSDT,1783896300000,testB,-1,-2.82,0.647,3.16,2.9,4.86,-2.39,1.41,0.31,0.32,0.36,0,-0.42,neutral,neutral,0,-1.0,8,4433,0,
s18101,XPLUSDT,1783897200000,train,-1,-2.93,0.572,5.08,4.14,3.03,-2.38,1.69,0.56,0.45,0.38,1,-0.55,neutral,bajista,0,0.022,32,4435,8,
s18102,OPUSDT,1783897200000,train,-1,-2.06,0.724,3.1,2.5,1.43,-1.51,1.05,0.75,0.66,0.77,0,-0.55,neutral,neutral,0,-1.0,29,4435,0,
s18103,STXUSDT,1783897200000,testB,-1,-2.03,0.714,2.6,2.54,2.03,-1.48,1.33,0.7,0.95,0.98,0,-0.55,neutral,neutral,0,1.023,32,4434,1,
s18104,APEUSDT,1783897200000,testB,-1,-2.57,0.625,2.97,2.9,1.42,-2.02,1.48,0.26,0.33,0.34,0,-0.55,neutral,neutral,0,-1.0,7,4434,1,
s18105,XPLUSDT,1783898100000,train,-1,-2.83,0.542,5.06,3.88,1.02,-2.23,1.34,0.56,0.45,0.38,1,-0.6,neutral,neutral,0,-0.076,32,4436,0,
s18106,WLDUSDT,1783898100000,train,-1,-4.13,0.514,6.89,5.5,0.45,-3.53,1.15,1.6,1.59,1.32,1,-0.6,neutral,bajista,0,-0.013,32,4436,2,
s18107,STXUSDT,1783898100000,testB,-1,-2.08,0.75,2.6,2.48,1.32,-1.48,1.17,0.7,0.95,0.98,0,-0.6,neutral,neutral,0,0.929,32,4435,0,
s18108,XPLUSDT,1783899000000,train,-1,-2.62,0.495,5.06,3.73,0.89,-2.08,1.09,0.56,0.45,0.38,1,-0.54,neutral,neutral,0,-0.039,32,4437,0,
s18109,WLDUSDT,1783899000000,train,-1,-4.77,0.609,6.91,5.78,0.47,-4.23,1.32,1.6,1.59,1.32,1,-0.54,neutral,bajista,0,-0.079,32,4437,3,
s18110,STXUSDT,1783899000000,testB,-1,-2.2,0.76,2.72,2.66,1.03,-1.66,1.24,0.7,0.95,0.98,0,-0.54,neutral,neutral,0,0.8,32,4436,1,
s18111,XPLUSDT,1783899900000,train,-1,-3.43,0.774,5.06,3.7,0.56,-2.72,0.99,0.56,0.45,0.38,1,-0.7,neutral,neutral,0,-0.228,32,4438,0,
s18112,WLDUSDT,1783899900000,train,-1,-4.61,0.577,6.38,4.88,0.42,-3.9,1.01,1.6,1.59,1.32,1,-0.7,neutral,neutral,0,0.157,32,4438,0,
s18113,OPUSDT,1783899900000,train,-1,-2.05,0.677,3.0,2.3,0.63,-1.35,0.81,0.75,0.66,0.77,0,-0.7,neutral,neutral,0,-1.0,26,4438,1,
s18114,STXUSDT,1783899900000,testB,-1,-2.6,0.957,2.96,2.78,1.12,-1.89,1.2,0.7,0.95,0.98,0,-0.7,neutral,bajista,0,0.596,32,4437,2,
s18115,PUMPUSDT,1783900800000,train,1,4.21,0.48,6.15,5.03,2.3,4.04,3.47,1.42,1.11,0.82,1,0.17,neutral,neutral,0,-0.066,32,4439,1,
s18116,STXUSDT,1783902600000,testB,-1,-2.66,0.511,3.09,2.73,2.82,-1.99,1.34,1.01,1.05,1.03,0,-0.67,neutral,bajista,0,0.478,32,4440,2,
s18117,STXUSDT,1783903500000,testB,-1,-2.31,0.435,3.08,2.49,2.18,-2.12,0.98,1.01,1.05,1.03,0,-0.2,neutral,neutral,0,0.524,32,4441,0,
s18118,0GUSDT,1783904400000,train,-1,-3.17,0.424,4.33,3.39,4.49,-2.62,2.05,1.61,1.52,1.05,1,-0.56,neutral,neutral,0,0.656,32,4443,1,
s18119,STXUSDT,1783904400000,testB,-1,-3.07,0.505,3.82,3.29,1.53,-2.51,1.62,1.42,1.25,1.11,1,-0.56,neutral,neutral,0,0.2,32,4442,1,
s18120,0GUSDT,1783905300000,train,-1,-3.24,0.429,4.36,3.97,4.77,-2.65,2.33,1.61,1.52,1.05,1,-0.6,neutral,bajista,0,0.352,32,4444,2,
s18121,STXUSDT,1783905300000,testB,-1,-3.42,0.532,3.66,3.54,1.24,-2.82,1.9,1.42,1.25,1.11,1,-0.6,neutral,bajista,0,0.085,32,4443,2,
s18122,0GUSDT,1783906200000,train,-1,-3.19,0.424,4.36,4.02,3.1,-2.65,2.15,1.61,1.52,1.05,1,-0.54,neutral,bajista,0,0.222,32,4445,3,
s18123,STXUSDT,1783906200000,testB,-1,-3.54,0.54,4.09,3.73,1.26,-3.0,1.92,1.42,1.25,1.11,1,-0.54,neutral,bajista,0,0.081,32,4444,3,
s18124,0GUSDT,1783907100000,train,-1,-4.28,0.497,5.32,5.32,3.81,-3.49,3.06,1.61,1.52,1.05,1,-0.79,neutral,bajista,0,-0.106,32,4446,4,
s18125,STXUSDT,1783907100000,testB,-1,-4.19,0.581,4.74,4.37,1.74,-3.4,2.59,1.42,1.25,1.11,1,-0.79,neutral,bajista,0,-0.153,32,4445,4,
s18126,0GUSDT,1783908000000,train,-1,-3.66,0.456,6.81,5.56,2.62,-3.08,2.91,2.17,1.63,1.18,1,-0.59,neutral,bajista,0,-0.214,32,4447,5,
s18127,STXUSDT,1783908000000,testB,-1,-3.57,0.53,5.34,4.01,2.24,-2.99,2.28,1.85,1.43,1.2,1,-0.59,neutral,neutral,0,-0.136,32,4446,0,
s18128,0GUSDT,1783908900000,train,-1,-3.77,0.463,6.82,5.74,2.4,-3.21,2.78,2.17,1.63,1.18,1,-0.57,neutral,bajista,0,-0.218,32,4448,6,
s18129,STXUSDT,1783908900000,testB,-1,-3.17,0.491,5.34,3.94,2.3,-2.61,2.0,1.85,1.43,1.2,1,-0.57,neutral,neutral,0,-0.138,32,4447,0,
s18130,0GUSDT,1783909800000,train,-1,-3.45,0.412,6.8,5.44,2.43,-2.97,2.25,2.17,1.63,1.18,1,-0.47,neutral,neutral,0,-0.167,32,4449,0,
s18131,STXUSDT,1783909800000,testB,-1,-3.24,0.495,5.36,4.26,2.12,-2.76,2.04,1.85,1.43,1.2,1,-0.47,neutral,neutral,0,-0.2,32,4448,1,
s18132,0GUSDT,1783910700000,train,-1,-3.16,0.367,6.76,4.85,1.62,-2.37,1.42,2.17,1.63,1.18,1,-0.8,neutral,neutral,0,-0.035,32,4450,0,
s18133,STXUSDT,1783910700000,testB,-1,-3.3,0.5,5.36,4.32,1.45,-2.5,1.82,1.85,1.43,1.2,1,-0.8,neutral,bajista,0,-0.211,32,4449,2,
s18134,0GUSDT,1783911600000,train,-1,-4.09,0.434,6.82,5.8,0.63,-2.84,2.09,2.63,1.78,1.3,1,-1.25,neutral,neutral,0,-0.245,32,4451,1,
s18135,STXUSDT,1783911600000,testB,-1,-4.31,0.566,6.11,5.74,0.96,-3.06,2.8,2.13,1.4,1.26,1,-1.25,neutral,bajista,0,-0.441,32,4450,3,
s18136,0GUSDT,1783912500000,train,-1,-3.82,0.398,6.81,5.56,0.63,-2.64,1.68,2.63,1.78,1.3,1,-1.18,neutral,neutral,0,-0.235,32,4452,0,
s18137,INJUSDT,1783912500000,train,-1,-2.63,0.381,5.37,4.8,0.86,-1.45,1.72,1.41,0.9,0.83,1,-1.18,neutral,neutral,0,-0.172,32,4452,0,
s18138,STXUSDT,1783912500000,testB,-1,-4.01,0.507,6.09,5.35,0.95,-2.84,2.18,2.13,1.4,1.26,1,-1.18,neutral,neutral,0,-0.391,32,4451,0,
s18139,0GUSDT,1783913400000,train,-1,-4.75,0.451,8.03,6.77,1.09,-3.21,2.58,2.63,1.78,1.3,1,-1.54,neutral,neutral,0,-0.347,32,4453,1,
s18140,ARBUSDT,1783913400000,train,-1,-3.17,0.389,5.3,5.18,1.67,-1.62,2.15,1.15,0.91,1.28,0,-1.54,neutral,neutral,0,-0.585,32,4453,1,
s18141,INJUSDT,1783913400000,train,-1,-3.17,0.425,5.52,5.42,0.98,-1.62,2.15,1.41,0.9,0.83,1,-1.54,neutral,neutral,0,-0.196,32,4453,1,
s18142,STXUSDT,1783913400000,testB,-1,-4.38,0.529,6.25,5.94,1.0,-2.83,2.47,2.13,1.4,1.26,1,-1.54,neutral,neutral,0,-0.458,32,4452,1,
s18143,GRTUSDT,1783913400000,testB,-1,-2.13,0.359,4.34,3.81,2.91,-0.58,1.69,1.31,0.85,0.53,1,-1.54,neutral,neutral,0,-0.323,32,4452,1,
s18144,0GUSDT,1783914300000,train,-1,-4.64,0.436,8.01,6.46,1.03,-3.12,2.09,2.63,1.78,1.3,1,-1.52,neutral,neutral,0,-0.186,32,4454,0,
s18145,INJUSDT,1783914300000,train,-1,-3.25,0.441,5.52,5.33,1.0,-1.72,1.88,1.41,0.9,0.83,1,-1.52,neutral,neutral,0,-0.167,32,4454,0,
s18146,STXUSDT,1783914300000,testB,-1,-4.09,0.489,6.23,5.74,0.95,-2.56,2.04,2.13,1.4,1.26,1,-1.52,neutral,neutral,0,-0.441,32,4453,0,
s18147,XPLUSDT,1783915200000,train,-1,-5.11,0.536,5.95,5.6,0.82,-2.81,1.66,0.98,0.74,0.51,1,-2.3,bear,neutral,0,-0.798,32,4455,1,
s18148,STBLUSDT,1783915200000,train,-1,-2.07,0.407,3.71,2.56,0.98,0.22,0.68,1.11,1.17,1.29,0,-2.3,bear,neutral,0,-1.0,19,4455,0,
s18149,0GUSDT,1783915200000,train,-1,-5.65,0.6,7.99,6.16,0.81,-3.35,1.63,2.63,1.65,1.3,1,-2.3,bear,neutral,0,-0.046,32,4455,0,
s18150,WLDUSDT,1783915200000,train,-1,-2.84,0.355,4.13,3.09,0.75,-0.54,0.6,1.47,1.59,1.49,0,-2.3,bear,neutral,0,-1.0,26,4455,0,
s18151,ENAUSDT,1783915200000,train,-1,-4.03,0.531,5.14,4.39,1.4,-1.73,1.34,1.17,0.88,0.81,1,-2.3,bear,neutral,0,-0.362,32,4455,0,
s18152,ARBUSDT,1783915200000,train,-1,-4.19,0.563,4.86,4.6,0.75,-1.89,1.66,1.1,0.91,1.15,0,-2.3,bear,neutral,0,-0.631,32,4455,1,
s18153,INJUSDT,1783915200000,train,-1,-4.8,0.82,5.93,5.44,1.08,-2.5,1.84,1.46,0.99,0.87,1,-2.3,bear,neutral,0,-0.109,32,4455,1,
s18154,SUIUSDT,1783915200000,train,-1,-2.3,0.442,3.42,2.56,1.06,0.0,0.47,1.3,0.93,0.9,1,-2.3,bear,neutral,0,-0.086,32,4455,0,
s18155,TIAUSDT,1783915200000,train,-1,-3.85,0.473,5.26,4.29,1.26,-1.55,1.13,1.07,0.88,0.76,1,-2.3,bear,neutral,0,-1.0,12,4455,0,
s18156,SEIUSDT,1783915200000,train,-1,-2.77,0.442,3.79,3.02,0.62,-0.47,0.69,0.88,0.71,0.59,1,-2.3,bear,neutral,0,-0.097,32,4455,0,
s18157,JUPUSDT,1783915200000,train,-1,-2.88,0.353,4.93,3.27,1.13,-0.58,0.64,0.9,0.67,0.62,1,-2.3,bear,neutral,0,-0.862,32,4455,0,
s18158,PENDLEUSDT,1783915200000,train,-1,-4.65,0.527,6.1,5.7,0.64,-2.36,1.82,1.13,0.78,0.62,1,-2.3,bear,neutral,0,-0.177,32,4455,1,
s18159,ONDOUSDT,1783915200000,train,-1,-3.12,0.486,4.14,3.41,0.69,-0.82,0.89,1.24,0.98,0.75,1,-2.3,bear,neutral,0,-0.037,32,4454,0,
s18160,FETUSDT,1783915200000,train,-1,-2.18,0.385,3.44,2.48,0.7,0.12,0.34,0.88,0.8,0.6,1,-2.3,bear,neutral,0,-0.615,32,4454,0,
s18161,ARUSDT,1783915200000,testB,-1,-2.64,0.481,3.55,2.92,0.79,-0.34,0.86,1.12,0.77,0.52,1,-2.3,bear,neutral,0,-0.179,32,4454,0,
s18162,STXUSDT,1783915200000,testB,-1,-4.91,0.667,6.27,5.35,0.57,-2.61,1.53,2.1,1.36,1.22,1,-2.3,bear,neutral,0,-0.322,32,4454,0,
s18163,GRTUSDT,1783915200000,testB,-1,-2.78,0.538,4.32,3.21,1.46,-0.48,0.88,1.26,0.85,0.55,1,-2.3,bear,neutral,0,-0.091,32,4454,0,
s18164,LDOUSDT,1783915200000,testB,-1,-5.05,0.449,7.67,6.76,0.79,-2.75,2.22,0.72,0.52,0.45,1,-2.3,bear,neutral,0,-0.677,32,4454,1,
s18165,SANDUSDT,1783915200000,testB,-1,-2.6,0.485,3.64,2.9,1.84,-0.3,0.92,0.86,0.58,0.44,1,-2.3,bear,neutral,0,-0.299,32,4454,0,
s18166,AXSUSDT,1783915200000,testB,-1,-2.4,0.5,3.38,2.56,0.88,-0.1,0.57,1.17,0.85,0.62,1,-2.3,bear,neutral,0,-0.28,32,4454,0,
s18167,XPLUSDT,1783916100000,train,-1,-4.31,0.471,5.18,4.63,0.85,-2.27,1.34,0.98,0.74,0.51,1,-2.04,bear,neutral,0,-1.0,18,4456,0,
s18168,0GUSDT,1783916100000,train,-1,-5.19,0.578,7.48,5.71,0.77,-3.16,1.51,2.63,1.65,1.3,1,-2.04,bear,neutral,0,-0.09,32,4456,1,
s18169,ENAUSDT,1783916100000,train,-1,-3.37,0.453,4.55,3.55,1.36,-1.33,0.97,1.17,0.88,0.81,1,-2.04,bear,neutral,0,-0.36,32,4456,0,
s18170,ARBUSDT,1783916100000,train,-1,-3.08,0.41,4.08,3.21,0.58,-1.05,0.99,1.1,0.91,1.15,0,-2.04,bear,neutral,0,-1.0,19,4456,0,
s18171,INJUSDT,1783916100000,train,-1,-4.69,0.789,5.83,5.13,1.1,-2.65,1.48,1.46,0.99,0.87,1,-2.04,bear,neutral,0,-0.033,32,4456,0,
s18172,TIAUSDT,1783916100000,train,-1,-3.31,0.394,4.96,3.58,0.88,-1.28,0.7,1.07,0.88,0.76,1,-2.04,bear,neutral,0,-1.0,11,4456,0,
s18173,PENDLEUSDT,1783916100000,train,-1,-4.68,0.535,5.88,5.03,0.57,-2.64,1.24,1.13,0.78,0.62,1,-2.04,bear,neutral,0,0.028,32,4456,0,
s18174,ONDOUSDT,1783916100000,train,-1,-2.64,0.422,3.69,2.81,0.66,-0.6,0.67,1.24,0.98,0.75,1,-2.04,bear,neutral,0,0.124,32,4455,0,
s18175,ARUSDT,1783916100000,testB,-1,-2.09,0.376,3.12,2.18,0.85,-0.05,0.51,1.12,0.77,0.52,1,-2.04,bear,neutral,0,0.024,32,4455,0,
s18176,STXUSDT,1783916100000,testB,-1,-3.71,0.521,5.39,3.98,0.58,-1.68,0.92,2.1,1.36,1.22,1,-2.04,bear,neutral,0,-0.185,32,4455,0,
s18177,GRTUSDT,1783916100000,testB,-1,-2.66,0.505,4.07,2.74,1.1,-0.63,0.58,1.26,0.85,0.55,1,-2.04,bear,neutral,0,0.043,32,4455,0,
s18178,LDOUSDT,1783916100000,testB,-1,-5.65,0.541,7.57,6.16,0.63,-3.62,1.59,0.72,0.52,0.45,1,-2.04,bear,neutral,0,-0.598,32,4455,0,
s18179,SANDUSDT,1783916100000,testB,-1,-2.09,0.416,2.98,2.16,1.68,-0.05,0.76,0.86,0.58,0.44,1,-2.04,bear,neutral,0,-0.275,32,4455,0,
s18180,XPLUSDT,1783917000000,train,-1,-3.01,0.366,4.65,3.93,0.63,-1.35,1.07,0.98,0.74,0.51,1,-1.66,neutral,neutral,0,-1.0,15,4457,0,
s18181,0GUSDT,1783917000000,train,-1,-4.06,0.514,6.57,4.91,0.29,-2.4,1.49,2.63,1.65,1.3,1,-1.66,neutral,bajista,0,-0.14,32,4457,2,
s18182,INJUSDT,1783917000000,train,-1,-4.07,0.763,5.16,4.61,1.0,-2.42,1.49,1.46,0.99,0.87,1,-1.66,neutral,neutral,0,-0.069,32,4457,1,
s18183,PENDLEUSDT,1783917000000,train,-1,-3.48,0.443,5.51,4.52,0.39,-1.82,0.99,1.13,0.78,0.62,1,-1.66,neutral,neutral,0,0.066,32,4457,0,
s18184,STXUSDT,1783917000000,testB,-1,-3.09,0.473,4.96,3.68,0.55,-1.43,0.93,2.1,1.36,1.22,1,-1.66,neutral,neutral,0,-0.267,32,4456,1,
s18185,GRTUSDT,1783917000000,testB,-1,-2.06,0.439,3.56,2.45,0.49,-0.4,0.74,1.26,0.85,0.55,1,-1.66,neutral,neutral,0,-0.048,32,4456,1,
s18186,LDOUSDT,1783917000000,testB,-1,-4.11,0.454,6.63,5.19,0.55,-2.45,1.36,0.72,0.52,0.45,1,-1.66,neutral,neutral,0,-1.0,23,4456,0,
s18187,XPLUSDT,1783917900000,train,-1,-3.04,0.372,4.11,3.27,0.54,-0.86,1.2,0.98,0.74,0.51,1,-2.17,bear,neutral,0,-1.0,12,4458,0,
s18188,0GUSDT,1783917900000,train,-1,-4.48,0.586,6.29,4.75,0.27,-2.31,1.64,2.63,1.65,1.3,1,-2.17,bear,bajista,0,-0.048,32,4458,3,
s18189,ENAUSDT,1783917900000,train,-1,-2.49,0.418,3.8,2.86,0.48,-0.32,1.12,1.17,0.88,0.81,1,-2.17,bear,bajista,0,-0.348,32,4458,2,
s18190,ARBUSDT,1783917900000,train,-1,-2.64,0.388,3.88,3.44,0.51,-0.46,1.36,1.1,0.91,1.15,0,-2.17,bear,bajista,0,-1.0,17,4458,2,
s18191,INJUSDT,1783917900000,train,-1,-4.38,0.793,4.98,4.68,1.07,-2.2,1.79,1.46,0.99,0.87,1,-2.17,bear,bajista,0,-0.127,32,4458,2,
s18192,TIAUSDT,1783917900000,train,-1,-2.62,0.382,3.92,2.74,0.31,-0.45,0.96,1.07,0.88,0.76,1,-2.17,bear,neutral,0,-1.0,7,4458,0,
s18193,PENDLEUSDT,1783917900000,train,-1,-4.15,0.557,5.52,4.69,0.43,-1.97,1.28,1.13,0.78,0.62,1,-2.17,bear,neutral,0,-0.013,32,4458,1,
s18194,ONDOUSDT,1783917900000,train,-1,-2.32,0.455,3.16,2.56,0.51,-0.14,0.98,1.24,0.98,0.75,1,-2.17,bear,bajista,0,0.074,32,4457,2,
s18195,STXUSDT,1783917900000,testB,-1,-3.14,0.486,4.71,3.24,0.54,-0.97,0.84,2.1,1.36,1.22,1,-2.17,bear,neutral,0,-0.396,32,4457,0,
s18196,GRTUSDT,1783917900000,testB,-1,-2.28,0.476,3.57,2.63,0.48,-0.11,0.99,1.26,0.85,0.55,1,-2.17,bear,bajista,0,-0.156,32,4457,2,
s18197,LDOUSDT,1783917900000,testB,-1,-4.22,0.475,6.34,4.53,0.67,-2.04,1.17,0.72,0.52,0.45,1,-2.17,bear,neutral,0,-1.0,21,4457,0,
s18198,APEUSDT,1783917900000,testB,-1,-3.33,0.481,4.63,3.51,0.43,-1.15,0.74,0.46,0.39,0.35,1,-2.17,bear,bajista,0,0.245,32,4457,2,
s18199,0GUSDT,1783918800000,train,-1,-2.83,0.459,4.69,3.09,0.26,-1.21,1.36,2.73,1.66,1.32,1,-1.63,neutral,neutral,0,-0.056,32,4459,0,
s18200,INJUSDT,1783918800000,train,-1,-3.5,0.622,4.72,3.92,0.51,-1.87,1.18,1.51,1.01,0.88,1,-1.63,neutral,neutral,0,-0.027,32,4459,0,
s18201,PENDLEUSDT,1783918800000,train,-1,-3.54,0.461,5.5,4.23,0.44,-1.91,0.84,1.11,0.79,0.62,1,-1.63,neutral,neutral,0,0.134,32,4459,0,
s18202,APEUSDT,1783918800000,testB,-1,-2.26,0.376,3.7,2.51,0.54,-0.63,0.56,0.5,0.38,0.36,1,-1.63,neutral,neutral,0,0.368,32,4458,0,
s18203,0GUSDT,1783919700000,train,-1,-2.29,0.406,4.17,2.57,0.28,-0.58,1.05,2.73,1.66,1.32,1,-1.71,neutral,neutral,0,-0.178,32,4460,0,
s18204,INJUSDT,1783919700000,train,-1,-3.41,0.615,4.27,3.81,0.48,-1.7,1.26,1.51,1.01,0.88,1,-1.71,neutral,neutral,0,-0.162,32,4460,1,
s18205,PENDLEUSDT,1783919700000,train,-1,-2.74,0.396,3.91,3.08,0.46,-1.04,1.0,1.11,0.79,0.62,1,-1.71,neutral,neutral,0,0.226,32,4460,1,
s18206,INJUSDT,1783920600000,train,-1,-3.18,0.552,4.07,3.31,0.5,-1.77,0.88,1.51,1.01,0.88,1,-1.41,neutral,neutral,0,-0.16,32,4461,0,
s18207,TIAUSDT,1783926000000,train,1,3.29,0.41,5.32,4.62,1.28,3.63,2.02,1.02,1.05,0.79,0,-0.34,neutral,neutral,0,0.374,32,4467,1,
s18208,LDOUSDT,1783926000000,testB,1,4.45,0.446,5.72,4.85,0.96,4.79,1.33,0.88,0.68,0.51,1,-0.34,neutral,neutral,0,0.147,32,4466,0,
s18209,TIAUSDT,1783926900000,train,1,2.98,0.386,5.39,4.69,1.74,3.16,1.88,1.02,1.05,0.79,0,-0.18,neutral,alcista,0,0.174,32,4468,2,
s18210,LDOUSDT,1783926900000,testB,1,3.55,0.393,5.49,4.65,0.87,3.72,1.23,0.88,0.68,0.51,1,-0.18,neutral,neutral,0,0.056,32,4467,1,
s18211,MANAUSDT,1783926900000,testB,1,3.22,0.527,4.5,4.26,1.09,3.4,2.24,0.66,0.57,0.43,1,-0.18,neutral,alcista,0,-0.305,32,4467,2,
s18212,XPLUSDT,1783927800000,train,1,2.75,0.486,3.52,3.15,1.36,2.52,1.08,0.87,0.87,0.57,1,0.23,neutral,alcista,0,0.243,32,4469,2,
s18213,ARBUSDT,1783927800000,train,1,2.57,0.408,3.05,2.65,0.59,2.34,0.79,0.99,0.94,1.02,0,0.23,neutral,neutral,0,0.588,32,4469,0,
s18214,TIAUSDT,1783927800000,train,1,4.41,0.671,4.91,4.3,1.6,4.18,1.79,1.02,1.05,0.79,0,0.23,neutral,alcista,0,0.069,32,4469,3,
s18215,JUPUSDT,1783927800000,train,1,2.64,0.5,4.06,2.62,0.43,2.41,0.62,1.1,0.82,0.69,1,0.23,neutral,neutral,1,2.0,29,4469,0,
s18216,FETUSDT,1783927800000,train,1,2.43,0.528,2.81,2.44,2.5,2.2,0.99,0.83,0.85,0.66,0,0.23,neutral,neutral,0,-0.103,32,4468,0,
s18217,STXUSDT,1783927800000,testB,1,2.35,0.559,2.78,2.66,0.8,2.12,0.64,1.66,1.54,1.2,1,0.23,neutral,alcista,0,0.045,32,4468,3,
s18218,LDOUSDT,1783927800000,testB,1,4.41,0.514,5.45,4.74,0.73,4.18,1.32,0.88,0.68,0.51,1,0.23,neutral,alcista,0,-0.095,32,4468,2,
s18219,MANAUSDT,1783927800000,testB,1,3.41,0.572,3.98,3.34,1.18,3.18,1.66,0.66,0.57,0.43,1,0.23,neutral,neutral,0,-0.322,32,4468,0,
s18220,XPLUSDT,1783928700000,train,1,3.11,0.517,4.23,3.84,1.47,2.83,1.73,0.87,0.87,0.57,1,0.27,neutral,alcista,0,-0.134,32,4470,3,
s18221,STBLUSDT,1783928700000,train,1,2.08,0.553,2.43,2.12,0.56,1.8,1.03,1.19,1.09,1.33,0,0.27,neutral,alcista,0,-0.878,32,4470,7,
s18222,ARBUSDT,1783928700000,train,1,2.42,0.395,3.04,2.87,0.68,2.15,1.04,0.99,0.94,1.02,0,0.27,neutral,neutral,0,0.158,32,4470,1,
s18223,TIAUSDT,1783928700000,train,1,4.06,0.653,4.84,4.27,1.56,3.78,1.77,1.02,1.05,0.79,0,0.27,neutral,alcista,0,-0.012,32,4470,4,
s18224,FETUSDT,1783928700000,train,1,2.1,0.493,2.49,2.31,3.2,1.83,1.16,0.83,0.85,0.66,0,0.27,neutral,neutral,0,-0.243,32,4469,1,
s18225,STXUSDT,1783928700000,testB,1,2.53,0.577,3.07,3.01,0.97,2.26,1.09,1.66,1.54,1.2,1,0.27,neutral,alcista,0,-0.22,32,4469,4,
s18226,LDOUSDT,1783928700000,testB,1,4.16,0.5,5.45,4.8,0.71,3.89,1.65,0.88,0.68,0.51,1,0.27,neutral,alcista,0,-0.141,32,4469,3,
s18227,MANAUSDT,1783928700000,testB,1,2.7,0.466,3.79,2.88,1.28,2.42,1.37,0.66,0.57,0.43,1,0.27,neutral,neutral,0,-0.345,32,4469,0,
s18228,XPLUSDT,1783929600000,train,1,4.07,0.682,4.08,3.96,1.85,3.73,1.86,0.89,0.94,0.6,0,0.34,neutral,alcista,0,-0.126,32,4471,4,
s18229,ARBUSDT,1783929600000,train,1,2.95,0.475,3.15,3.14,0.69,2.6,1.15,0.89,0.93,0.95,0,0.34,neutral,alcista,0,0.045,32,4471,2,
s18230,TIAUSDT,1783929600000,train,1,4.31,0.667,4.63,4.26,1.14,3.97,1.79,1.03,1.09,0.8,0,0.34,neutral,alcista,0,-0.058,32,4471,5,
s18231,FETUSDT,1783929600000,train,1,2.16,0.5,2.3,2.24,1.12,1.82,1.12,0.81,0.87,0.65,0,0.34,neutral,alcista,0,-0.306,32,4470,2,
s18232,STXUSDT,1783929600000,testB,1,2.28,0.552,2.41,2.22,1.1,1.93,1.04,1.29,1.58,1.2,0,0.34,neutral,alcista,0,-0.405,32,4470,5,
s18233,LDOUSDT,1783929600000,testB,1,4.88,0.569,4.88,4.62,0.6,4.53,1.78,0.87,0.68,0.5,1,0.34,neutral,alcista,0,-0.049,32,4470,4,
s18234,MANAUSDT,1783929600000,testB,1,2.19,0.392,4.19,2.73,1.7,1.85,1.06,0.85,0.69,0.48,1,0.34,neutral,neutral,0,-0.297,32,4470,0,
s18235,XPLUSDT,1783930500000,train,1,4.02,0.68,4.43,4.11,1.0,3.7,2.0,0.89,0.94,0.6,0,0.32,neutral,alcista,0,-0.243,32,4472,5,
s18236,TIAUSDT,1783930500000,train,1,3.48,0.54,4.64,3.88,0.7,3.15,1.43,1.03,1.09,0.8,0,0.32,neutral,neutral,0,0.127,32,4472,0,
s18237,LDOUSDT,1783930500000,testB,1,3.72,0.429,4.81,3.94,0.65,3.39,1.14,0.87,0.68,0.5,1,0.32,neutral,neutral,0,0.139,32,4471,0,
s18238,XPLUSDT,1783931400000,train,1,3.82,0.661,4.5,4.01,1.49,3.19,1.73,0.89,0.94,0.6,0,0.63,neutral,neutral,0,-0.116,32,4473,0,
s18239,TIAUSDT,1783931400000,train,1,4.05,0.617,4.63,4.19,0.73,3.42,1.54,1.03,1.09,0.8,0,0.63,neutral,neutral,0,0.218,32,4473,1,
s18240,LDOUSDT,1783931400000,testB,1,3.92,0.442,4.8,4.15,0.59,3.29,1.19,0.87,0.68,0.5,1,0.63,neutral,neutral,0,0.047,32,4472,1,
s18241,MANAUSDT,1783931400000,testB,1,2.28,0.371,4.18,3.02,2.37,1.65,1.18,0.85,0.69,0.48,1,0.63,neutral,neutral,0,-0.277,32,4472,1,
s18242,XPLUSDT,1783932300000,train,1,4.37,0.691,4.79,4.64,1.47,3.54,2.24,0.89,0.94,0.6,0,0.84,neutral,neutral,0,-0.363,32,4474,1,
s18243,ARBUSDT,1783932300000,train,1,2.54,0.428,3.19,2.93,0.72,1.7,0.83,0.89,0.93,0.95,0,0.84,neutral,alcista,0,-0.757,32,4474,2,
s18244,TIAUSDT,1783932300000,train,1,4.59,0.646,5.07,4.7,0.91,3.75,1.88,1.03,1.09,0.8,0,0.84,neutral,alcista,0,-0.198,32,4474,2,
s18245,LDOUSDT,1783932300000,testB,1,3.6,0.422,4.83,4.22,0.54,2.76,1.17,0.87,0.68,0.5,1,0.84,neutral,alcista,0,-0.076,32,4473,2,
s18246,MANAUSDT,1783932300000,testB,1,2.41,0.397,4.18,3.05,2.64,1.57,1.04,0.85,0.69,0.48,1,0.84,neutral,alcista,0,-0.419,32,4473,2,
s18247,XPLUSDT,1783933200000,train,1,3.5,0.573,4.47,4.01,1.24,2.96,1.7,0.83,0.95,0.62,0,0.54,neutral,neutral,0,-0.381,32,4475,0,
s18248,TIAUSDT,1783933200000,train,1,2.96,0.462,4.45,3.62,0.88,2.42,1.22,0.89,1.09,0.8,0,0.54,neutral,neutral,0,-0.02,32,4475,0,
s18249,LDOUSDT,1783933200000,testB,1,2.91,0.373,3.44,3.05,0.47,2.37,1.2,0.65,0.67,0.5,0,0.54,neutral,alcista,0,-0.179,32,4474,3,
s18250,XPLUSDT,1783934100000,train,1,2.98,0.448,4.5,3.3,1.36,2.21,0.84,0.83,0.95,0.62,0,0.77,neutral,neutral,0,-0.348,32,4476,0,
s18251,TIAUSDT,1783934100000,train,1,2.9,0.445,4.47,3.26,1.02,2.13,0.79,0.89,1.09,0.8,0,0.77,neutral,neutral,0,-0.091,32,4476,0,
s18252,XPLUSDT,1783935000000,train,1,2.39,0.396,3.36,2.54,0.8,1.91,1.09,0.83,0.95,0.62,0,0.48,neutral,neutral,0,-0.607,32,4477,1,
s18253,TIAUSDT,1783935000000,train,1,2.34,0.396,3.82,2.86,0.88,1.86,0.94,0.89,1.09,0.8,0,0.48,neutral,neutral,0,-0.267,32,4477,1,
s18254,XPLUSDT,1783935900000,train,1,2.73,0.43,3.39,3.2,0.77,2.24,1.54,0.83,0.95,0.62,0,0.49,neutral,alcista,0,-0.641,32,4478,2,
s18255,TIAUSDT,1783935900000,train,1,2.48,0.426,3.75,2.74,0.69,1.98,0.66,0.89,1.09,0.8,0,0.49,neutral,neutral,0,-0.441,32,4478,0,
s18256,XPLUSDT,1783936800000,train,1,3.41,0.554,3.38,3.29,0.84,2.85,1.62,0.87,0.9,0.65,0,0.56,neutral,alcista,0,-0.274,32,4479,3,
s18257,0GUSDT,1783936800000,train,1,2.06,0.581,2.41,2.35,0.82,1.5,1.39,0.75,1.71,1.41,0,0.56,neutral,alcista,0,-1.0,26,4479,4,
s18258,ARBUSDT,1783936800000,train,1,2.72,0.46,2.79,2.71,1.31,2.16,1.53,0.82,0.97,0.92,0,0.56,neutral,alcista,0,-1.0,26,4479,3,
s18259,TIAUSDT,1783936800000,train,1,3.35,0.555,3.73,3.24,0.56,2.78,1.11,1.03,1.05,0.84,0,0.56,neutral,neutral,0,-0.333,32,4479,1,
s18260,LDOUSDT,1783936800000,testB,1,2.29,0.361,2.75,2.27,0.6,1.73,1.03,0.65,0.69,0.5,0,0.56,neutral,alcista,0,-0.211,32,4478,3,
s18261,XPLUSDT,1783937700000,train,1,2.24,0.367,3.57,2.67,0.88,1.83,0.83,0.87,0.9,0.65,0,0.41,neutral,neutral,0,-0.349,32,4480,0,
s18262,TIAUSDT,1783937700000,train,1,3.39,0.56,3.4,3.3,0.68,2.98,1.86,1.03,1.05,0.84,0,0.41,neutral,alcista,0,-0.846,32,4480,2,
s18263,OPUSDT,1783938600000,train,-1,-2.64,0.458,3.61,3.11,0.23,-2.8,0.31,3.03,2.15,1.39,1,0.16,neutral,neutral,0,0.516,32,4481,1,
s18264,TIAUSDT,1783938600000,train,1,2.23,0.459,3.49,2.77,1.06,2.07,1.72,1.03,1.05,0.84,0,0.16,neutral,alcista,0,-1.0,28,4481,3,
s18265,XPLUSDT,1783939500000,train,1,2.69,0.408,3.56,3.17,0.9,2.57,1.19,0.87,0.9,0.65,0,0.12,neutral,neutral,0,-0.528,32,4482,1,
s18266,TIAUSDT,1783939500000,train,1,2.26,0.467,3.49,2.77,1.29,2.13,1.6,1.03,1.05,0.84,0,0.12,neutral,neutral,0,-1.0,27,4482,0,
s18267,0GUSDT,1783940400000,train,1,2.06,0.6,2.24,2.13,1.14,1.62,0.97,0.7,1.74,1.42,0,0.44,neutral,neutral,0,-1.0,13,4483,1,
s18268,WLDUSDT,1783940400000,train,1,3.48,0.446,5.23,4.85,1.63,3.04,2.02,1.37,1.49,1.56,0,0.44,neutral,alcista,0,-1.0,19,4483,2,
s18269,0GUSDT,1783941300000,train,1,2.06,0.6,2.18,2.18,1.01,1.94,0.98,0.7,1.74,1.42,0,0.12,neutral,alcista,0,-1.0,12,4484,2,
s18270,WLDUSDT,1783941300000,train,1,3.16,0.423,5.59,5.03,1.54,3.04,2.08,1.37,1.49,1.56,0,0.12,neutral,alcista,0,-1.0,18,4484,3,
s18271,0GUSDT,1783942200000,train,1,2.12,0.627,2.19,2.07,0.92,2.13,0.84,0.7,1.74,1.42,0,-0.01,neutral,neutral,0,-1.0,11,4485,0,
s18272,WLDUSDT,1783942200000,train,1,2.72,0.356,5.6,4.74,1.21,2.73,1.63,1.37,1.49,1.56,0,-0.01,neutral,neutral,0,-1.0,17,4485,0,
s18273,WLDUSDT,1783943100000,train,1,3.2,0.442,5.62,4.39,1.02,3.32,1.25,1.37,1.49,1.56,0,-0.11,neutral,neutral,0,-1.0,16,4486,0,
s18274,TIAUSDT,1783943100000,train,1,2.15,0.412,3.31,2.87,1.03,2.26,1.22,1.01,1.04,0.85,0,-0.11,neutral,alcista,0,-1.0,23,4486,3,
s18275,JUPUSDT,1783946700000,train,1,2.66,0.397,3.75,3.6,2.76,3.58,2.13,0.91,1.01,0.78,0,-0.91,neutral,alcista,0,0.12,32,4490,2,
s18276,JUPUSDT,1783948500000,train,1,3.08,0.388,4.0,3.23,3.46,4.02,1.52,1.21,1.16,0.87,1,-0.94,neutral,neutral,0,-0.134,32,4492,1,
s18277,JUPUSDT,1783949400000,train,1,2.92,0.376,4.14,3.37,3.64,4.15,1.5,1.21,1.16,0.87,1,-1.22,neutral,alcista,0,-0.371,32,4493,2,
s18278,JUPUSDT,1783950300000,train,1,3.48,0.461,4.13,3.51,2.01,4.71,1.52,1.21,1.16,0.87,1,-1.23,neutral,alcista,0,-0.247,32,4494,3,
s18279,JUPUSDT,1783951200000,train,1,5.16,0.559,5.09,5.0,1.33,6.22,3.24,1.71,1.41,0.97,1,-1.06,neutral,alcista,0,-0.415,32,4495,4,
s18280,JUPUSDT,1783952100000,train,1,3.8,0.391,5.0,3.9,2.15,4.66,2.05,1.71,1.41,0.97,1,-0.85,neutral,neutral,0,-0.366,32,4496,0,
s18281,JUPUSDT,1783953000000,train,1,3.84,0.394,4.84,4.08,1.96,4.34,2.21,1.71,1.41,0.97,1,-0.5,neutral,neutral,0,-0.407,32,4497,1,
s18282,JUPUSDT,1783953900000,train,1,4.68,0.442,4.61,4.47,1.98,4.79,2.74,1.71,1.41,0.97,1,-0.12,neutral,alcista,0,-0.726,32,4498,2,
s18283,WLDUSDT,1783954800000,train,-1,-3.32,0.451,5.12,4.2,0.86,-2.87,1.06,1.79,1.57,1.57,0,-0.45,neutral,neutral,0,1.537,32,4499,1,
s18284,JUPUSDT,1783954800000,train,1,5.74,0.494,5.9,5.62,2.17,6.19,3.59,2.28,1.6,1.1,1,-0.45,neutral,alcista,0,-0.868,32,4499,3,
s18285,WLDUSDT,1783955700000,train,-1,-3.57,0.494,4.83,3.99,0.63,-3.24,0.99,1.79,1.57,1.57,0,-0.33,neutral,bajista,0,1.512,32,4500,2,
s18286,JUPUSDT,1783955700000,train,1,4.34,0.376,5.93,5.0,1.3,4.67,2.59,2.28,1.6,1.1,1,-0.33,neutral,neutral,0,-0.757,32,4500,0,
s18287,WLDUSDT,1783956600000,train,-1,-4.07,0.526,4.94,4.85,0.61,-3.58,1.81,1.79,1.57,1.57,0,-0.49,neutral,bajista,0,1.09,32,4501,3,
s18288,JUPUSDT,1783956600000,train,1,5.65,0.494,5.81,5.39,1.25,6.13,2.81,2.28,1.6,1.1,1,-0.49,neutral,neutral,0,-0.845,32,4501,1,
s18289,WLDUSDT,1783957500000,train,-1,-4.6,0.555,5.41,4.89,0.69,-4.14,2.5,1.79,1.57,1.57,0,-0.45,neutral,bajista,0,0.83,32,4502,4,
s18290,JUPUSDT,1783957500000,train,1,6.08,0.512,6.29,5.92,1.55,6.53,3.01,2.28,1.6,1.1,1,-0.45,neutral,alcista,0,-0.719,32,4502,2,
s18291,WLDUSDT,1783958400000,train,-1,-3.44,0.462,4.35,3.69,0.73,-2.97,2.16,1.86,1.63,1.64,0,-0.48,neutral,neutral,0,1.139,32,4503,0,
s18292,JUPUSDT,1783958400000,train,1,6.46,0.528,7.22,6.48,1.32,6.94,3.18,2.86,1.88,1.25,1,-0.48,neutral,alcista,0,-0.752,32,4503,3,
s18293,WLDUSDT,1783959300000,train,-1,-3.31,0.452,4.21,3.64,0.86,-2.67,2.0,1.86,1.63,1.64,0,-0.64,neutral,neutral,0,1.154,32,4504,1,
s18294,WLDUSDT,1783960200000,train,-1,-3.03,0.428,4.84,4.11,1.09,-2.65,2.27,1.86,1.63,1.64,0,-0.38,neutral,bajista,0,0.952,32,4505,2,
s18295,JUPUSDT,1783960200000,train,1,5.33,0.365,6.82,5.1,1.59,5.71,1.93,2.86,1.88,1.25,1,-0.38,neutral,neutral,0,-1.0,20,4505,1,
s18296,STBLUSDT,1783961100000,train,-1,-2.21,0.415,3.32,3.06,0.66,-1.67,1.39,1.45,1.32,1.24,1,-0.54,neutral,bajista,0,0.261,32,4506,3,
s18297,WLDUSDT,1783961100000,train,-1,-4.92,0.586,6.48,5.88,1.44,-4.38,3.4,1.86,1.63,1.64,0,-0.54,neutral,bajista,0,0.285,32,4506,3,
s18298,PENDLEUSDT,1783961100000,train,-1,-2.86,0.429,3.52,3.35,1.36,-2.32,2.21,0.89,0.68,0.73,0,-0.54,neutral,bajista,0,-0.339,32,4506,3,
s18299,STBLUSDT,1783962000000,train,-1,-2.47,0.442,3.51,3.33,0.52,-2.16,1.44,1.84,1.47,1.32,1,-0.31,neutral,bajista,0,0.173,32,4507,4,
s18300,WLDUSDT,1783962000000,train,-1,-4.21,0.54,6.47,5.82,1.42,-3.91,3.01,1.95,1.67,1.68,0,-0.31,neutral,neutral,0,0.395,32,4507,0,
s18301,STBLUSDT,1783962900000,train,-1,-2.21,0.383,3.59,3.1,0.7,-1.68,1.04,1.84,1.47,1.32,1,-0.54,neutral,neutral,0,0.143,32,4508,0,
s18302,WLDUSDT,1783962900000,train,-1,-4.39,0.55,6.77,6.22,1.5,-3.85,2.95,1.95,1.67,1.68,0,-0.54,neutral,neutral,0,0.286,32,4508,1,
s18303,STBLUSDT,1783963800000,train,-1,-2.49,0.41,4.21,4.03,0.76,-2.12,1.81,1.84,1.47,1.32,1,-0.36,neutral,neutral,0,-0.211,32,4509,1,
s18304,WLDUSDT,1783963800000,train,-1,-5.13,0.587,8.32,7.43,1.6,-4.76,3.71,1.95,1.67,1.68,0,-0.36,neutral,bajista,0,0.109,32,4509,2,
s18305,STBLUSDT,1783964700000,train,-1,-4.29,0.673,5.38,5.2,1.5,-3.61,2.64,1.84,1.47,1.32,1,-0.68,neutral,bajista,0,-0.296,32,4510,2,
s18306,0GUSDT,1783964700000,train,-1,-2.45,0.434,4.2,3.68,2.22,-1.77,2.04,1.0,0.85,1.28,0,-0.68,neutral,bajista,0,-0.238,32,4510,5,
s18307,WLDUSDT,1783964700000,train,-1,-5.9,0.665,8.37,7.98,1.16,-5.22,3.72,1.95,1.67,1.68,0,-0.68,neutral,bajista,0,0.07,32,4510,3,
s18308,ARBUSDT,1783964700000,train,-1,-4.2,0.612,5.45,5.19,0.52,-3.52,2.27,1.49,1.09,1.02,1,-0.68,neutral,bajista,0,0.024,32,4510,3,
s18309,STBLUSDT,1783965600000,train,-1,-4.92,0.76,6.72,5.5,2.43,-4.14,2.75,2.35,1.74,1.41,1,-0.79,neutral,bajista,0,-0.331,32,4511,3,
s18310,0GUSDT,1783965600000,train,-1,-2.27,0.392,4.18,3.2,2.22,-1.49,1.47,1.0,0.86,1.31,0,-0.79,neutral,neutral,0,-0.109,32,4511,0,
s18311,WLDUSDT,1783965600000,train,-1,-5.99,0.688,8.32,7.46,1.13,-5.2,2.93,1.69,1.65,1.67,0,-0.79,neutral,neutral,0,0.17,32,4511,0,
s18312,ARBUSDT,1783965600000,train,-1,-3.16,0.434,5.41,4.41,0.83,-2.37,1.34,1.46,1.08,1.02,1,-0.79,neutral,neutral,0,0.185,32,4511,0,
s18313,ONDOUSDT,1783965600000,train,-1,-2.05,0.556,2.8,2.57,1.47,-1.26,1.14,1.13,0.84,0.91,0,-0.79,neutral,neutral,0,0.112,32,4510,0,
s18314,STBLUSDT,1783966500000,train,-1,-4.07,0.58,6.27,4.33,2.99,-3.1,1.77,2.35,1.74,1.41,1,-0.97,neutral,neutral,0,-0.177,32,4512,0,
s18315,0GUSDT,1783966500000,train,-1,-2.88,0.56,4.18,3.2,2.16,-1.91,1.3,1.0,0.86,1.31,0,-0.97,neutral,neutral,0,0.055,32,4512,0,
s18316,WLDUSDT,1783966500000,train,-1,-5.41,0.624,8.3,7.16,1.02,-4.44,2.36,1.69,1.65,1.67,0,-0.97,neutral,neutral,0,0.138,32,4512,0,
s18317,ARBUSDT,1783966500000,train,-1,-3.54,0.517,5.41,4.41,0.9,-2.57,1.2,1.46,1.08,1.02,1,-0.97,neutral,neutral,0,0.313,32,4512,1,
s18318,STBLUSDT,1783967400000,train,-1,-4.33,0.595,6.2,4.62,3.06,-3.34,2.02,2.35,1.74,1.41,1,-0.99,neutral,neutral,0,-0.275,32,4513,1,
s18319,0GUSDT,1783967400000,train,-1,-2.71,0.522,4.06,2.96,2.09,-1.72,1.1,1.0,0.86,1.31,0,-0.99,neutral,neutral,0,-0.039,32,4513,0,
s18320,WLDUSDT,1783967400000,train,-1,-5.66,0.66,8.31,7.27,0.53,-4.68,2.27,1.69,1.65,1.67,0,-0.99,neutral,neutral,0,0.098,32,4513,1,
s18321,ARBUSDT,1783967400000,train,-1,-2.79,0.435,5.41,4.25,0.63,-1.8,1.16,1.46,1.08,1.02,1,-0.99,neutral,neutral,0,0.257,32,4513,0,
s18322,ONDOUSDT,1783967400000,train,-1,-2.01,0.542,2.79,2.21,1.4,-1.02,0.67,1.13,0.84,0.91,0,-0.99,neutral,neutral,0,0.304,32,4512,0,
s18323,PUMPUSDT,1783968300000,train,-1,-3.84,0.475,4.68,4.47,1.1,-2.61,2.22,1.64,1.92,1.77,0,-1.23,neutral,bajista,0,-0.138,32,4514,3,
s18324,STBLUSDT,1783968300000,train,-1,-3.17,0.386,6.14,3.49,2.03,-1.93,0.9,2.35,1.74,1.41,1,-1.23,neutral,neutral,0,0.051,32,4514,0,
s18325,0GUSDT,1783968300000,train,-1,-2.88,0.537,3.9,3.03,0.76,-1.65,1.24,1.0,0.86,1.31,0,-1.23,neutral,neutral,0,0.019,32,4514,1,
s18326,WLDUSDT,1783968300000,train,-1,-6.54,0.783,7.81,7.15,0.42,-5.31,2.48,1.69,1.65,1.67,0,-1.23,neutral,bajista,0,0.142,32,4514,2,
s18327,ARBUSDT,1783968300000,train,-1,-3.45,0.537,5.43,4.63,0.48,-2.22,1.33,1.46,1.08,1.02,1,-1.23,neutral,neutral,0,0.222,32,4514,1,
s18328,INJUSDT,1783968300000,train,-1,-2.51,0.619,3.0,2.64,0.62,-1.28,0.98,0.83,0.69,0.88,0,-1.23,neutral,neutral,0,-1.0,32,4514,1,
s18329,SUIUSDT,1783968300000,train,-1,-2.28,0.555,2.75,2.4,0.64,-1.05,0.86,1.37,1.0,0.97,1,-1.23,neutral,bajista,0,-0.401,32,4514,2,
s18330,TIAUSDT,1783968300000,train,-1,-2.76,0.375,3.56,3.09,0.88,-1.53,0.96,1.04,1.03,1.0,1,-1.23,neutral,neutral,0,0.073,32,4514,0,
s18331,SEIUSDT,1783968300000,train,-1,-2.11,0.543,2.87,2.43,1.31,-0.88,0.75,0.79,0.59,0.66,0,-1.23,neutral,neutral,0,-0.078,32,4514,0,
s18332,PENDLEUSDT,1783968300000,train,-1,-2.79,0.419,3.79,3.14,0.63,-1.56,0.8,0.93,0.71,0.75,0,-1.23,neutral,neutral,0,-0.037,32,4514,1,
s18333,ONDOUSDT,1783968300000,train,-1,-2.29,0.624,2.79,2.34,1.21,-1.06,0.8,1.13,0.84,0.91,0,-1.23,neutral,neutral,0,0.521,32,4513,1,
s18334,PUMPUSDT,1783969200000,train,-1,-4.02,0.513,4.6,4.19,0.97,-2.88,1.86,1.4,1.69,1.8,0,-1.15,neutral,neutral,0,0.016,32,4515,0,
s18335,STBLUSDT,1783969200000,train,-1,-2.88,0.363,5.35,3.1,0.86,-1.74,1.16,2.26,1.73,1.4,1,-1.15,neutral,neutral,0,-0.058,32,4515,1,
s18336,0GUSDT,1783969200000,train,-1,-2.26,0.392,3.88,2.49,0.39,-1.12,0.74,0.95,0.86,1.31,0,-1.15,neutral,neutral,0,0.488,32,4515,0,
s18337,WLDUSDT,1783969200000,train,-1,-5.62,0.755,6.87,6.29,0.35,-4.47,2.27,1.47,1.61,1.59,0,-1.15,neutral,bajista,0,0.182,32,4515,3,
s18338,ARBUSDT,1783969200000,train,-1,-3.8,0.63,5.42,4.59,0.31,-2.65,1.23,1.07,1.08,1.03,0,-1.15,neutral,neutral,0,0.272,32,4515,0,
s18339,PENDLEUSDT,1783969200000,train,-1,-2.38,0.365,3.78,3.01,0.55,-1.23,0.63,0.81,0.7,0.76,0,-1.15,neutral,neutral,0,0.166,32,4515,0,
s18340,APEUSDT,1783969200000,testB,-1,-2.06,0.449,2.45,2.31,1.68,-0.92,1.28,0.42,0.37,0.39,0,-1.15,neutral,neutral,0,0.265,32,4514,1,
s18341,PUMPUSDT,1783970100000,train,-1,-2.93,0.393,4.18,3.42,1.03,-1.66,1.41,1.4,1.69,1.8,0,-1.27,neutral,neutral,0,-0.1,32,4516,0,
s18342,STBLUSDT,1783970100000,train,-1,-2.76,0.352,4.95,2.79,0.5,-1.49,1.12,2.26,1.73,1.4,1,-1.27,neutral,bajista,0,-0.016,32,4516,2,
s18343,0GUSDT,1783970100000,train,-1,-2.55,0.421,3.49,2.68,0.41,-1.28,1.18,0.95,0.86,1.31,0,-1.27,neutral,neutral,0,0.326,32,4516,1,
s18344,WLDUSDT,1783970100000,train,-1,-5.41,0.719,6.63,5.9,0.34,-4.14,1.95,1.47,1.61,1.59,0,-1.27,neutral,neutral,0,0.302,32,4516,0,
s18345,ARBUSDT,1783970100000,train,-1,-3.76,0.623,4.89,4.04,0.35,-2.49,1.01,1.07,1.08,1.03,0,-1.27,neutral,neutral,0,0.258,32,4516,0,
s18346,INJUSDT,1783970100000,train,-1,-2.39,0.553,2.85,2.55,0.66,-1.12,0.93,0.76,0.69,0.89,0,-1.27,neutral,neutral,0,-1.0,30,4516,1,
s18347,PENDLEUSDT,1783970100000,train,-1,-2.96,0.47,3.65,3.08,0.58,-1.69,0.83,0.81,0.7,0.76,0,-1.27,neutral,neutral,0,0.013,32,4516,1,
s18348,ONDOUSDT,1783970100000,train,-1,-2.04,0.537,2.63,2.12,0.8,-0.77,0.66,1.0,0.85,0.89,0,-1.27,neutral,neutral,0,0.833,32,4515,1,
s18349,APEUSDT,1783970100000,testB,-1,-2.07,0.449,2.72,2.38,1.9,-0.8,1.19,0.42,0.37,0.39,0,-1.27,neutral,bajista,0,0.2,32,4515,2,
s18350,WLDUSDT,1783971000000,train,-1,-4.1,0.561,5.74,4.45,0.35,-3.33,1.34,1.47,1.61,1.59,0,-0.76,neutral,neutral,0,0.534,32,4517,0,
s18351,ARBUSDT,1783971000000,train,-1,-3.05,0.451,4.74,3.14,0.4,-2.28,0.27,1.07,1.08,1.03,0,-0.76,neutral,neutral,0,0.545,32,4517,0,
s18352,LDOUSDT,1783971000000,testB,1,2.59,0.364,4.8,2.78,3.07,3.36,1.24,0.78,0.6,0.65,0,-0.76,neutral,neutral,0,-0.432,32,4516,1,
s18353,WLDUSDT,1783971900000,train,-1,-3.4,0.513,5.24,4.15,0.38,-2.86,1.25,1.47,1.61,1.59,0,-0.54,neutral,neutral,0,0.39,32,4518,1,
s18354,ARBUSDT,1783971900000,train,-1,-2.18,0.366,4.06,2.44,0.44,-1.64,0.28,1.07,1.08,1.03,0,-0.54,neutral,neutral,0,0.658,32,4518,0,
s18355,JUPUSDT,1783971900000,train,-1,-3.1,0.396,5.15,4.58,0.28,-2.56,1.01,2.64,1.94,1.37,1,-0.54,neutral,neutral,0,0.667,32,4518,1,
s18356,LDOUSDT,1783971900000,testB,1,2.53,0.351,4.81,2.56,2.78,3.07,0.86,0.78,0.6,0.65,0,-0.54,neutral,neutral,0,-0.136,32,4517,0,
s18357,STBLUSDT,1783972800000,train,-1,-2.63,0.4,4.82,2.84,0.12,-2.11,0.84,1.88,1.52,1.33,1,-0.53,neutral,bajista,0,-0.317,32,4519,5,
s18358,WLDUSDT,1783972800000,train,-1,-3.62,0.552,4.79,3.78,0.38,-3.09,1.19,1.33,1.56,1.54,0,-0.53,neutral,bajista,0,0.074,32,4519,2,
s18359,ARBUSDT,1783972800000,train,-1,-2.72,0.418,3.84,2.79,0.46,-2.19,0.78,0.9,1.1,1.04,0,-0.53,neutral,neutral,0,0.423,32,4519,1,
s18360,JUPUSDT,1783972800000,train,-1,-4.14,0.542,4.46,4.36,0.28,-3.61,1.25,2.17,1.96,1.4,1,-0.53,neutral,bajista,0,0.571,32,4519,2,
s18361,PENDLEUSDT,1783972800000,train,-1,-2.21,0.377,2.89,2.25,0.48,-1.68,0.69,0.64,0.68,0.77,0,-0.53,neutral,bajista,0,-0.024,32,4519,2,
s18362,LDOUSDT,1783972800000,testB,1,2.7,0.368,4.63,3.48,1.33,3.23,1.82,0.81,0.63,0.66,0,-0.53,neutral,neutral,0,-0.351,32,4518,1,
s18363,STBLUSDT,1783973700000,train,-1,-2.29,0.366,4.37,2.39,0.13,-2.07,0.69,1.88,1.52,1.33,1,-0.22,neutral,neutral,0,-0.396,32,4520,0,
s18364,WLDUSDT,1783973700000,train,-1,-4.52,0.607,5.2,4.81,0.58,-4.31,1.9,1.33,1.56,1.54,0,-0.22,neutral,bajista,0,-0.223,32,4520,3,
s18365,ARBUSDT,1783973700000,train,-1,-2.17,0.362,2.7,2.22,0.58,-1.96,1.22,0.9,1.1,1.04,0,-0.22,neutral,bajista,0,0.06,32,4520,2,
s18366,JUPUSDT,1783973700000,train,-1,-2.29,0.38,4.31,3.59,0.35,-2.08,1.12,2.17,1.96,1.4,1,-0.22,neutral,neutral,0,0.627,32,4520,0,
s18367,LDOUSDT,1783973700000,testB,1,2.54,0.354,4.63,3.48,1.12,2.75,1.71,0.81,0.63,0.66,0,-0.22,neutral,neutral,0,-0.009,32,4519,0,
s18368,0GUSDT,1783974600000,train,-1,-2.11,0.398,2.97,2.21,0.62,-1.8,0.77,0.91,0.84,1.31,0,-0.31,neutral,bajista,0,-0.158,32,4521,4,
s18369,WLDUSDT,1783974600000,train,-1,-3.88,0.552,4.71,4.22,0.57,-3.58,1.5,1.33,1.56,1.54,0,-0.31,neutral,neutral,0,-0.309,32,4521,0,
s18370,TIAUSDT,1783974600000,train,-1,-2.93,0.429,3.34,3.22,0.84,-2.62,1.19,0.83,0.95,1.02,0,-0.31,neutral,bajista,0,-0.852,32,4521,4,
s18371,JUPUSDT,1783974600000,train,-1,-3.57,0.636,4.04,3.8,0.38,-3.27,1.52,2.17,1.96,1.4,1,-0.31,neutral,neutral,0,0.43,32,4521,1,
s18372,WLDUSDT,1783975500000,train,-1,-2.2,0.4,3.43,2.89,0.6,-2.07,1.33,1.33,1.56,1.54,0,-0.13,neutral,neutral,0,-0.425,32,4522,0,
s18373,JUPUSDT,1783975500000,train,-1,-2.2,0.409,3.44,2.63,0.41,-2.07,0.94,2.17,1.96,1.4,1,-0.13,neutral,neutral,0,0.873,32,4522,0,
s18374,LDOUSDT,1783975500000,testB,1,2.84,0.37,4.55,3.11,0.85,2.97,1.1,0.81,0.63,0.66,0,-0.13,neutral,neutral,0,0.253,32,4521,1,
s18375,WLDUSDT,1783976400000,train,-1,-2.7,0.458,3.16,2.77,0.91,-2.36,1.61,1.27,1.55,1.53,0,-0.34,neutral,neutral,0,-0.88,32,4523,1,
s18376,JUPUSDT,1783976400000,train,-1,-2.35,0.424,3.17,2.84,0.52,-2.0,1.04,1.72,2.03,1.45,0,-0.34,neutral,neutral,0,0.508,32,4523,1,
s18377,APEUSDT,1783976400000,testB,-1,-2.13,0.485,2.72,2.24,0.57,-1.78,0.54,0.41,0.35,0.4,0,-0.34,neutral,neutral,0,0.212,32,4522,1,
s18378,WLDUSDT,1783977300000,train,-1,-2.94,0.478,3.9,3.05,0.78,-2.68,1.93,1.27,1.55,1.53,0,-0.26,neutral,bajista,0,-1.0,31,4524,2,
s18379,JUPUSDT,1783977300000,train,-1,-3.1,0.5,3.87,3.54,0.7,-2.84,1.7,1.72,2.03,1.45,0,-0.26,neutral,bajista,0,0.233,32,4524,2,
s18380,JUPUSDT,1783978200000,train,-1,-3.3,0.515,3.85,3.51,1.17,-3.11,2.03,1.72,2.03,1.45,0,-0.19,neutral,bajista,0,0.069,32,4525,3,
s18381,TIAUSDT,1783983600000,train,-1,-2.01,0.354,2.97,2.71,0.55,-1.97,0.98,0.64,0.85,0.95,0,-0.04,neutral,bajista,0,-1.0,17,4531,3,
s18382,TIAUSDT,1783984500000,train,-1,-2.08,0.372,2.97,2.64,0.59,-2.32,0.83,0.64,0.85,0.95,0,0.24,neutral,neutral,0,-1.0,16,4532,0,
s18383,TIAUSDT,1783985400000,train,-1,-2.4,0.455,2.89,2.51,0.71,-2.3,0.72,0.64,0.85,0.95,0,-0.09,neutral,neutral,0,-1.0,9,4533,0,
s18384,GRTUSDT,1783989900000,testB,1,2.11,0.5,2.99,2.88,1.29,1.56,1.32,0.68,0.77,0.84,0,0.55,neutral,alcista,0,-0.06,32,4537,5,
s18385,ENAUSDT,1783991700000,train,1,2.76,0.533,4.24,3.96,1.21,1.97,1.69,0.87,0.86,0.84,1,0.79,neutral,alcista,0,0.779,32,4540,3,
s18386,FETUSDT,1783991700000,train,1,2.11,0.559,3.19,3.0,0.92,1.32,1.09,0.69,0.73,0.71,0,0.79,neutral,neutral,0,0.083,32,4539,0,
s18387,XPLUSDT,1783992600000,train,1,2.15,0.492,2.6,2.22,0.97,1.34,0.52,0.52,0.54,0.66,0,0.81,neutral,neutral,0,0.369,32,4541,1,
s18388,PUMPUSDT,1783992600000,train,1,2.32,0.362,2.74,2.4,1.3,1.51,1.14,0.71,1.06,1.61,0,0.81,neutral,alcista,0,-1.0,5,4541,2,
s18389,ENAUSDT,1783992600000,train,1,3.47,0.74,3.59,3.39,1.11,2.65,1.59,0.87,0.86,0.84,1,0.81,neutral,alcista,0,0.889,32,4541,4,
s18390,SUIUSDT,1783992600000,train,1,2.25,0.593,2.56,2.31,1.12,1.44,0.81,0.77,1.05,0.94,0,0.81,neutral,alcista,0,0.22,32,4541,2,
s18391,TIAUSDT,1783992600000,train,1,2.1,0.474,2.51,2.43,1.42,1.29,1.15,0.66,0.78,0.9,0,0.81,neutral,alcista,0,0.276,32,4541,2,
s18392,FETUSDT,1783992600000,train,1,2.5,0.709,2.75,2.63,0.93,1.68,1.03,0.69,0.73,0.71,0,0.81,neutral,neutral,0,0.0,32,4540,1,
s18393,ENAUSDT,1783993500000,train,1,4.0,0.767,4.41,3.91,1.75,3.24,2.17,0.87,0.86,0.84,1,0.76,neutral,alcista,0,0.644,32,4542,5,
s18394,SUIUSDT,1783993500000,train,1,2.05,0.557,2.34,2.05,0.94,1.29,0.73,0.77,1.05,0.94,0,0.76,neutral,neutral,0,0.262,32,4542,0,
s18395,ENAUSDT,1783994400000,train,1,2.58,0.442,4.18,2.67,1.93,2.06,1.09,0.99,0.86,0.85,1,0.52,neutral,neutral,1,2.0,24,4543,0,
s18396,ENAUSDT,1783995300000,train,1,2.31,0.378,4.2,2.39,1.83,1.98,0.8,0.99,0.86,0.85,1,0.34,neutral,neutral,1,2.0,20,4544,0,
s18397,ENAUSDT,1783996200000,train,1,3.18,0.456,4.12,3.34,1.77,2.34,1.63,0.99,0.86,0.85,1,0.84,neutral,neutral,0,1.082,32,4545,1,
s18398,FETUSDT,1783996200000,train,1,2.04,0.485,2.56,2.44,0.83,1.2,0.94,0.7,0.66,0.7,0,0.84,neutral,neutral,0,-0.051,32,4544,1,
s18399,ENAUSDT,1783997100000,train,1,2.88,0.394,4.13,2.99,1.19,1.88,1.09,0.99,0.86,0.85,1,1.0,neutral,neutral,0,1.525,32,4546,0,
s18400,INJUSDT,1783997100000,train,1,3.11,0.541,3.56,3.39,2.81,2.11,2.09,0.88,0.78,0.83,0,1.0,neutral,alcista,0,1.259,32,4546,2,
s18401,FETUSDT,1783997100000,train,1,2.37,0.607,2.56,2.44,0.86,1.37,0.8,0.7,0.66,0.7,0,1.0,neutral,alcista,0,-0.077,32,4545,2,
s18402,INJUSDT,1783998000000,train,1,2.85,0.475,3.55,2.8,4.07,2.31,1.5,1.17,0.93,0.86,1,0.54,neutral,neutral,1,2.0,15,4547,0,
s18403,0GUSDT,1783998900000,train,-1,-2.13,0.425,3.23,2.58,2.24,-2.61,1.06,0.82,0.85,0.83,0,0.49,neutral,bajista,0,-1.0,11,4548,3,
s18404,INJUSDT,1783998900000,train,1,2.82,0.473,3.1,2.8,4.29,2.33,1.77,1.17,0.93,0.86,1,0.49,neutral,neutral,1,2.0,15,4548,1,
s18405,TIAUSDT,1783998900000,train,1,2.76,0.434,2.86,2.86,2.1,2.28,1.53,1.1,0.98,0.99,0,0.49,neutral,neutral,0,-0.259,32,4548,1,
s18406,INJUSDT,1783999800000,train,1,2.97,0.486,3.57,2.97,4.94,2.41,1.78,1.17,0.93,0.86,1,0.55,neutral,alcista,1,2.0,14,4549,2,
s18407,INJUSDT,1784000700000,train,1,2.2,0.375,3.31,2.43,2.22,1.83,1.39,1.17,0.93,0.86,1,0.37,neutral,neutral,1,2.0,11,4550,0,
s18408,0GUSDT,1784001600000,train,-1,-2.29,0.488,3.17,2.4,2.75,-2.49,0.88,0.93,0.88,0.83,1,0.19,neutral,neutral,0,-1.0,8,4551,0,
s18409,INJUSDT,1784001600000,train,1,2.28,0.384,3.29,2.88,1.29,2.09,1.61,1.61,1.08,0.92,1,0.19,neutral,neutral,1,2.0,12,4551,1,
s18410,INJUSDT,1784002500000,train,1,3.1,0.488,3.88,3.44,1.68,2.66,1.98,1.61,1.08,0.92,1,0.44,neutral,alcista,0,1.289,32,4552,2,
s18411,INJUSDT,1784003400000,train,1,5.02,0.654,4.9,4.84,1.67,4.38,3.15,1.61,1.08,0.92,1,0.63,neutral,alcista,0,0.523,32,4553,3,
s18412,PUMPUSDT,1784004300000,train,-1,-3.15,0.376,4.15,4.08,1.15,-3.46,1.76,1.0,0.93,1.53,0,0.31,neutral,neutral,0,-0.441,32,4554,1,
s18413,INJUSDT,1784004300000,train,1,4.88,0.649,5.79,5.24,1.89,4.57,3.19,1.61,1.08,0.92,1,0.31,neutral,alcista,0,0.333,32,4554,4,
s18414,INJUSDT,1784005200000,train,1,5.73,0.74,5.93,5.7,1.94,5.22,3.36,1.76,1.15,0.94,1,0.51,neutral,alcista,0,0.248,32,4555,5,
s18415,LDOUSDT,1784005200000,testB,1,2.48,0.382,4.12,4.06,1.94,1.97,2.16,0.58,0.67,0.61,0,0.51,neutral,alcista,0,0.908,32,4554,8,
s18416,INJUSDT,1784006100000,train,1,5.71,0.736,5.93,5.65,1.22,5.2,3.01,1.76,1.15,0.94,1,0.51,neutral,neutral,0,0.412,32,4556,0,
s18417,LDOUSDT,1784006100000,testB,1,2.72,0.406,5.27,4.56,2.65,2.22,2.47,0.58,0.67,0.61,0,0.51,neutral,alcista,0,0.676,32,4555,8,
s18418,INJUSDT,1784007000000,train,1,5.66,0.734,5.78,5.68,0.92,5.24,2.81,1.76,1.15,0.94,1,0.42,neutral,neutral,0,0.395,32,4557,1,
s18419,LDOUSDT,1784007000000,testB,1,4.37,0.637,5.5,5.35,1.84,3.96,2.92,0.58,0.67,0.61,0,0.42,neutral,alcista,0,0.189,32,4556,8,
s18420,INJUSDT,1784007900000,train,1,5.64,0.729,5.78,5.58,0.62,5.33,2.49,1.76,1.15,0.94,1,0.31,neutral,neutral,0,0.406,32,4558,0,
s18421,TIAUSDT,1784007900000,train,1,2.95,0.421,4.39,4.2,0.46,2.64,1.71,1.27,0.95,1.01,0,0.31,neutral,alcista,0,-0.671,32,4558,4,
s18422,LDOUSDT,1784007900000,testB,1,5.31,0.728,6.02,5.96,2.13,5.0,3.25,0.58,0.67,0.61,0,0.31,neutral,alcista,0,0.143,32,4557,8,
s18423,WLDUSDT,1784008800000,train,1,2.44,0.385,4.79,4.04,1.08,2.18,1.1,1.09,0.92,1.3,0,0.26,neutral,neutral,0,1.205,32,4559,0,
s18424,INJUSDT,1784008800000,train,1,5.68,0.739,6.39,5.58,0.58,5.43,2.25,1.94,1.3,1.0,1,0.26,neutral,neutral,0,0.399,32,4559,0,
s18425,TIAUSDT,1784008800000,train,1,3.06,0.442,4.4,3.94,0.42,2.8,1.26,1.29,0.95,1.0,0,0.26,neutral,neutral,0,-0.636,32,4559,0,
s18426,LDOUSDT,1784008800000,testB,1,5.16,0.684,6.28,5.12,2.48,4.9,2.07,0.64,0.68,0.6,0,0.26,neutral,neutral,0,0.156,32,4558,0,
s18427,WLDUSDT,1784009700000,train,1,2.71,0.411,5.0,4.83,0.67,2.2,1.77,1.09,0.92,1.3,0,0.51,neutral,neutral,0,0.67,32,4560,1,
s18428,ENAUSDT,1784009700000,train,1,2.35,0.359,3.49,2.72,1.13,1.84,0.94,0.98,0.88,0.8,1,0.51,neutral,neutral,0,1.059,32,4560,1,
s18429,OPUSDT,1784009700000,train,1,2.03,0.385,2.99,2.29,2.03,1.52,0.62,0.65,0.61,0.79,0,0.51,neutral,neutral,0,0.435,32,4560,0,
s18430,INJUSDT,1784009700000,train,1,6.37,0.78,6.43,6.03,0.61,5.86,2.5,1.94,1.3,1.0,1,0.51,neutral,neutral,0,0.23,32,4560,1,
s18431,TIAUSDT,1784009700000,train,1,3.19,0.469,4.53,3.92,0.42,2.68,1.03,1.29,0.95,1.0,0,0.51,neutral,neutral,0,-0.516,32,4560,0,
s18432,ARUSDT,1784009700000,testB,1,2.52,0.727,2.67,2.51,0.62,2.01,1.17,0.8,0.91,0.73,0,0.51,neutral,alcista,0,0.286,32,4559,3,
s18433,LDOUSDT,1784009700000,testB,1,4.92,0.662,5.95,4.72,1.79,4.41,1.92,0.64,0.68,0.6,0,0.51,neutral,neutral,0,0.104,32,4559,0,
s18434,MANAUSDT,1784009700000,testB,1,2.1,0.543,2.33,2.33,2.84,1.59,1.3,0.51,0.41,0.54,0,0.51,neutral,alcista,0,-0.537,32,4559,3,
s18435,INJUSDT,1784010600000,train,1,6.17,0.775,6.62,5.9,0.74,6.0,2.53,1.94,1.3,1.0,1,0.18,neutral,alcista,0,0.18,32,4561,2,
s18436,TIAUSDT,1784010600000,train,1,3.06,0.452,3.63,2.97,0.49,2.89,0.98,1.29,0.95,1.0,0,0.18,neutral,neutral,0,-1.0,22,4561,0,
s18437,ARUSDT,1784010600000,testB,1,2.41,0.719,2.86,2.81,0.76,2.23,1.35,0.8,0.91,0.73,0,0.18,neutral,alcista,0,0.2,32,4560,4,
s18438,LDOUSDT,1784010600000,testB,1,4.55,0.645,5.95,4.75,1.73,4.38,1.79,0.64,0.68,0.6,0,0.18,neutral,neutral,0,0.258,32,4560,1,
s18439,MANAUSDT,1784010600000,testB,1,2.25,0.561,3.08,2.85,3.33,2.08,1.65,0.51,0.41,0.54,0,0.18,neutral,alcista,0,-0.485,32,4560,4,
s18440,WLDUSDT,1784011500000,train,1,3.11,0.494,5.13,4.71,0.56,2.98,1.42,1.09,0.92,1.3,0,0.13,neutral,neutral,0,0.862,32,4562,1,
s18441,ENAUSDT,1784011500000,train,1,2.87,0.455,3.87,3.86,0.99,2.74,1.87,0.98,0.88,0.8,1,0.13,neutral,alcista,0,0.588,32,4562,3,
s18442,INJUSDT,1784011500000,train,1,5.36,0.753,6.32,6.26,0.88,5.22,3.18,1.94,1.3,1.0,1,0.13,neutral,alcista,0,0.003,32,4562,3,
s18443,TIAUSDT,1784011500000,train,1,3.37,0.477,3.75,3.6,0.94,3.24,1.62,1.29,0.95,1.0,0,0.13,neutral,neutral,0,-1.0,21,4562,1,
s18444,ARUSDT,1784011500000,testB,1,2.15,0.631,2.87,2.66,0.71,2.01,1.08,0.8,0.91,0.73,0,0.13,neutral,neutral,0,0.346,32,4561,0,
s18445,LDOUSDT,1784011500000,testB,1,4.88,0.673,5.93,4.99,1.29,4.74,1.94,0.64,0.68,0.6,0,0.13,neutral,alcista,0,0.245,32,4561,2,
s18446,WLDUSDT,1784012400000,train,1,3.55,0.561,5.12,4.92,0.55,3.21,1.42,1.15,0.95,1.3,0,0.34,neutral,alcista,0,0.722,32,4563,2,
s18447,ENAUSDT,1784012400000,train,1,3.72,0.638,4.17,4.0,1.22,3.38,1.86,1.16,1.01,0.88,1,0.34,neutral,alcista,0,0.424,32,4563,4,
s18448,OPUSDT,1784012400000,train,1,2.14,0.488,2.99,2.29,0.67,1.8,0.56,0.66,0.62,0.69,0,0.34,neutral,neutral,0,0.652,32,4563,0,
s18449,INJUSDT,1784012400000,train,1,5.93,0.87,7.3,6.35,1.86,5.59,2.97,2.57,1.63,1.15,1,0.34,neutral,alcista,0,-0.081,32,4563,4,
s18450,TIAUSDT,1784012400000,train,1,3.63,0.523,3.91,3.65,1.08,3.29,1.53,1.34,1.0,0.99,1,0.34,neutral,alcista,0,-1.0,20,4563,2,
s18451,ARUSDT,1784012400000,testB,1,2.15,0.631,2.88,2.31,0.8,1.81,0.69,0.83,0.93,0.74,0,0.34,neutral,neutral,0,0.489,32,4562,0,
s18452,LDOUSDT,1784012400000,testB,1,5.4,0.73,5.92,5.28,0.81,5.06,2.02,0.72,0.62,0.61,1,0.34,neutral,alcista,0,0.283,32,4562,3,
s18453,MANAUSDT,1784012400000,testB,1,2.32,0.597,3.09,2.4,2.22,1.98,1.0,0.65,0.44,0.55,0,0.34,neutral,neutral,0,-0.219,32,4562,0,
s18454,0GUSDT,1784013300000,train,1,2.64,0.634,3.66,2.75,0.44,2.36,0.89,1.17,0.92,0.88,1,0.28,neutral,neutral,0,-0.063,32,4564,1,
s18455,WLDUSDT,1784013300000,train,1,4.92,0.731,5.28,5.18,0.58,4.64,2.01,1.15,0.95,1.3,0,0.28,neutral,alcista,0,0.419,32,4564,3,
s18456,ENAUSDT,1784013300000,train,1,4.18,0.665,4.87,4.45,2.1,3.9,2.36,1.16,1.01,0.88,1,0.28,neutral,alcista,0,0.259,32,4564,5,
s18457,INJUSDT,1784013300000,train,1,4.94,0.724,6.3,4.86,2.2,4.66,2.18,2.57,1.63,1.15,1,0.28,neutral,neutral,0,0.053,32,4564,0,
s18458,LDOUSDT,1784013300000,testB,1,4.58,0.598,5.67,4.51,0.8,4.31,1.29,0.72,0.62,0.61,1,0.28,neutral,neutral,0,0.714,32,4563,0,
s18459,0GUSDT,1784014200000,train,1,2.17,0.507,3.67,2.47,0.48,1.99,0.59,1.17,0.92,0.88,1,0.18,neutral,neutral,0,0.14,32,4565,0,
s18460,WLDUSDT,1784014200000,train,1,5.57,0.765,5.32,5.27,0.74,5.38,2.43,1.15,0.95,1.3,0,0.18,neutral,alcista,0,0.414,32,4565,4,
s18461,ENAUSDT,1784014200000,train,1,4.95,0.736,4.99,4.93,2.51,4.77,2.71,1.16,1.01,0.88,1,0.18,neutral,alcista,0,0.019,32,4565,6,
s18462,INJUSDT,1784014200000,train,1,5.03,0.728,6.28,5.11,2.02,4.85,1.98,2.57,1.63,1.15,1,0.18,neutral,neutral,0,-0.043,32,4565,1,
s18463,LDOUSDT,1784014200000,testB,1,4.6,0.6,5.22,4.4,0.9,4.42,1.48,0.72,0.62,0.61,1,0.18,neutral,neutral,0,0.375,32,4564,1,
s18464,APEUSDT,1784014200000,testB,-1,-2.45,0.6,3.98,3.07,5,-2.63,1.98,0.49,0.35,0.36,0,0.18,neutral,bajista,0,-0.045,32,4564,2,
s18465,0GUSDT,1784015100000,train,1,2.11,0.486,3.68,2.3,0.47,2.13,0.47,1.17,0.92,0.88,1,-0.01,neutral,neutral,0,0.05,32,4566,0,
s18466,WLDUSDT,1784015100000,train,1,4.45,0.62,4.85,4.31,0.87,4.47,1.77,1.15,0.95,1.3,0,-0.01,neutral,neutral,0,0.474,32,4566,0,
s18467,ENAUSDT,1784015100000,train,1,3.78,0.479,5.01,3.78,2.72,3.8,1.47,1.16,1.01,0.88,1,-0.01,neutral,neutral,0,0.259,32,4566,0,
s18468,INJUSDT,1784015100000,train,1,4.15,0.529,6.29,3.98,2.02,4.16,0.82,2.57,1.63,1.15,1,-0.01,neutral,neutral,0,0.187,32,4566,0,
s18469,LDOUSDT,1784015100000,testB,1,3.4,0.451,4.7,3.35,1.12,3.41,0.89,0.72,0.62,0.61,1,-0.01,neutral,neutral,0,0.339,32,4565,0,
s18470,APEUSDT,1784015100000,testB,-1,-2.86,0.636,4.0,3.58,5,-2.85,2.18,0.49,0.35,0.36,0,-0.01,neutral,bajista,0,-0.078,32,4565,3,
s18471,XPLUSDT,1784016000000,train,1,2.1,0.476,3.15,2.6,1.67,2.11,1.35,0.67,0.6,0.58,1,-0.01,neutral,alcista,0,1.219,32,4567,5,
s18472,0GUSDT,1784016000000,train,1,2.17,0.493,3.44,2.18,0.43,2.18,0.56,1.16,0.9,0.87,1,-0.01,neutral,neutral,0,0.184,32,4567,1,
s18473,WLDUSDT,1784016000000,train,1,3.2,0.543,4.06,3.6,0.89,3.22,1.73,1.13,0.95,1.27,0,-0.01,neutral,neutral,0,0.459,32,4567,1,
s18474,ENAUSDT,1784016000000,train,1,5.48,0.582,5.55,5.24,3.07,5.49,2.68,1.37,1.18,0.96,1,-0.01,neutral,neutral,0,0.011,32,4567,1,
s18475,INJUSDT,1784016000000,train,1,3.65,0.496,6.03,3.7,1.25,3.66,0.66,2.79,1.84,1.26,1,-0.01,neutral,neutral,0,0.321,32,4567,0,
s18476,APEUSDT,1784016000000,testB,-1,-2.66,0.565,3.99,3.36,5,-2.65,1.8,0.53,0.38,0.36,1,-0.01,neutral,neutral,0,-0.313,32,4566,0,
s18477,XPLUSDT,1784016900000,train,1,2.16,0.495,2.93,2.25,1.79,2.14,1.09,0.67,0.6,0.58,1,0.02,neutral,neutral,1,2.0,32,4568,0,
s18478,WLDUSDT,1784016900000,train,1,4.0,0.598,4.17,3.92,0.96,3.98,2.56,1.13,0.95,1.27,0,0.02,neutral,alcista,0,0.168,32,4568,2,
s18479,ENAUSDT,1784016900000,train,1,4.69,0.514,5.1,4.54,2.16,4.67,2.21,1.37,1.18,0.96,1,0.02,neutral,neutral,0,0.058,32,4568,0,
s18480,INJUSDT,1784016900000,train,1,3.69,0.5,5.28,3.58,1.15,3.67,1.14,2.79,1.84,1.26,1,0.02,neutral,neutral,0,0.123,32,4568,1,
s18481,APEUSDT,1784016900000,testB,-1,-2.52,0.536,3.99,3.29,1.33,-2.54,1.61,0.53,0.38,0.36,1,0.02,neutral,neutral,0,-0.255,32,4567,0,
s18482,WLDUSDT,1784017800000,train,1,3.08,0.445,4.19,3.38,0.81,2.96,1.72,1.13,0.95,1.27,0,0.12,neutral,neutral,0,0.246,32,4569,0,
s18483,ENAUSDT,1784017800000,train,1,3.57,0.364,4.98,3.54,1.96,3.46,1.2,1.37,1.18,0.96,1,0.12,neutral,neutral,0,0.228,32,4569,0,
s18484,INJUSDT,1784017800000,train,1,2.16,0.373,4.14,2.5,1.14,2.05,1.12,2.79,1.84,1.26,1,0.12,neutral,alcista,0,0.2,32,4569,2,
s18485,APEUSDT,1784017800000,testB,-1,-3.0,0.579,4.01,3.87,0.86,-3.12,1.95,0.53,0.38,0.36,1,0.12,neutral,neutral,0,-0.364,32,4568,1,
s18486,WLDUSDT,1784018700000,train,1,2.96,0.419,4.2,3.24,0.81,3.01,1.25,1.13,0.95,1.27,0,-0.05,neutral,neutral,0,0.235,32,4570,0,
s18487,APEUSDT,1784018700000,testB,-1,-2.26,0.398,3.99,3.22,0.85,-2.2,1.21,0.53,0.38,0.36,1,-0.05,neutral,neutral,0,-0.174,32,4569,0,
s18488,APEUSDT,1784019600000,testB,-1,-2.18,0.381,3.98,3.0,0.59,-2.0,0.89,0.54,0.37,0.36,1,-0.18,neutral,neutral,0,-0.093,32,4570,0,
s18489,APEUSDT,1784020500000,testB,-1,-2.52,0.446,3.98,3.14,0.46,-2.25,0.93,0.54,0.37,0.36,1,-0.27,neutral,neutral,0,-0.378,32,4571,1,
s18490,APEUSDT,1784021400000,testB,-1,-2.85,0.538,3.98,3.14,0.3,-2.55,0.82,0.54,0.37,0.36,1,-0.3,neutral,neutral,0,-0.356,32,4572,0,
s18491,PUMPUSDT,1784022300000,train,-1,-2.53,0.468,4.5,3.02,4.44,-2.38,1.9,0.99,0.92,1.2,0,-0.15,neutral,bajista,0,-1.0,12,4574,3,
s18492,APEUSDT,1784022300000,testB,-1,-3.19,0.58,3.99,3.43,0.22,-3.04,1.01,0.54,0.37,0.36,1,-0.15,neutral,neutral,0,-0.612,32,4573,1,
s18493,PUMPUSDT,1784023200000,train,-1,-2.4,0.443,4.28,2.74,4.84,-2.49,1.63,0.89,0.93,1.17,0,0.09,neutral,neutral,0,-1.0,11,4575,0,
s18494,APEUSDT,1784023200000,testB,-1,-3.06,0.57,3.58,3.16,0.2,-3.15,1.07,0.54,0.38,0.36,1,0.09,neutral,bajista,0,-0.644,32,4574,2,
s18495,PUMPUSDT,1784024100000,train,-1,-2.47,0.45,4.3,3.1,5,-2.44,1.87,0.89,0.93,1.17,0,-0.04,neutral,neutral,0,-1.0,10,4576,1,
s18496,APEUSDT,1784024100000,testB,-1,-2.8,0.547,3.37,3.09,0.22,-2.77,1.14,0.54,0.38,0.36,1,-0.04,neutral,bajista,0,-0.727,32,4575,3,
s18497,PUMPUSDT,1784025000000,train,-1,-3.01,0.595,4.3,3.17,4.12,-3.2,1.73,0.89,0.93,1.17,0,0.19,neutral,bajista,0,-1.0,9,4577,2,
s18498,MANAUSDT,1784025000000,testB,-1,-2.12,0.641,2.63,2.37,0.43,-2.3,0.47,0.76,0.55,0.52,1,0.19,neutral,neutral,0,-0.28,32,4576,0,
s18499,APEUSDT,1784025000000,testB,-1,-2.53,0.468,3.29,2.73,0.25,-2.71,0.79,0.54,0.38,0.36,1,0.19,neutral,neutral,0,-0.923,32,4576,0,
s18500,PUMPUSDT,1784025900000,train,-1,-2.54,0.507,4.29,2.96,0.62,-2.81,1.37,0.89,0.93,1.17,0,0.27,neutral,neutral,0,-1.0,8,4578,0,
s18501,STBLUSDT,1784025900000,train,1,2.14,0.686,2.75,2.4,5,1.88,1.38,0.88,0.71,1.11,0,0.27,neutral,neutral,0,0.055,32,4578,1,
s18502,TIAUSDT,1784025900000,train,-1,-3.02,0.635,3.49,3.44,1.24,-3.29,1.43,0.79,1.01,0.96,0,0.27,neutral,bajista,0,0.087,32,4578,3,
s18503,APEUSDT,1784025900000,testB,-1,-2.66,0.481,3.23,2.81,0.25,-2.93,0.81,0.54,0.38,0.36,1,0.27,neutral,neutral,0,-1.0,32,4577,1,
s18504,XPLUSDT,1784026800000,train,1,2.11,0.398,2.31,2.3,1.02,1.8,1.42,0.76,0.68,0.61,1,0.3,neutral,neutral,1,2.0,22,4579,1,
s18505,PUMPUSDT,1784026800000,train,-1,-2.67,0.549,4.29,2.88,0.55,-2.97,1.14,0.77,0.91,1.13,0,0.3,neutral,neutral,0,-1.0,7,4579,0,
s18506,TIAUSDT,1784026800000,train,-1,-2.95,0.61,3.81,3.24,1.5,-3.25,1.18,0.78,1.03,0.95,0,0.3,neutral,neutral,0,0.062,32,4579,0,
s18507,APEUSDT,1784026800000,testB,-1,-2.53,0.446,3.22,2.59,0.25,-2.83,0.48,0.54,0.38,0.36,1,0.3,neutral,neutral,0,-1.0,31,4578,0,
s18508,PUMPUSDT,1784027700000,train,-1,-2.12,0.392,4.19,2.17,0.55,-2.47,0.53,0.77,0.91,1.13,0,0.35,neutral,neutral,0,-1.0,6,4580,0,
s18509,TIAUSDT,1784027700000,train,-1,-2.35,0.519,3.18,2.46,1.67,-2.7,0.93,0.78,1.03,0.95,0,0.35,neutral,neutral,0,0.121,32,4580,0,
s18510,PUMPUSDT,1784028600000,train,-1,-2.06,0.385,3.85,2.1,0.44,-2.5,0.7,0.77,0.91,1.13,0,0.45,neutral,neutral,0,-1.0,4,4581,1,
s18511,TIAUSDT,1784029500000,train,-1,-2.0,0.466,2.47,2.15,0.97,-2.45,1.22,0.78,1.03,0.95,0,0.45,neutral,neutral,0,-0.012,32,4582,1,
s18512,STBLUSDT,1784030400000,train,1,2.1,0.495,2.75,2.4,0.96,1.63,1.05,1.2,0.89,1.19,0,0.47,neutral,neutral,0,-0.345,32,4583,1,
s18513,TIAUSDT,1784030400000,train,-1,-2.52,0.523,3.02,2.92,0.91,-2.99,1.71,0.96,1.13,0.98,0,0.47,neutral,bajista,0,-0.336,32,4583,2,
s18514,XPLUSDT,1784032200000,train,1,2.26,0.372,3.32,2.77,3.51,1.03,1.36,1.18,0.87,0.7,1,1.23,neutral,neutral,0,0.59,32,4585,1,
s18515,STBLUSDT,1784032200000,train,1,3.22,0.529,3.59,3.29,2.03,1.99,1.74,1.2,0.89,1.19,0,1.23,neutral,neutral,0,-0.539,32,4585,1,
s18516,PENDLEUSDT,1784032200000,train,1,2.97,0.495,3.64,3.53,3.97,1.74,2.65,0.65,0.56,0.65,0,1.23,neutral,alcista,0,-0.133,32,4585,2,
s18517,STBLUSDT,1784033100000,train,1,3.75,0.568,3.87,3.7,1.91,1.75,2.13,1.2,0.89,1.19,0,2.0,bull,alcista,0,-0.558,32,4586,2,
s18518,SUIUSDT,1784033100000,train,1,2.44,0.582,2.85,2.7,5,0.43,1.99,1.25,0.97,1.03,0,2.0,bull,alcista,0,0.545,32,4586,3,
s18519,JUPUSDT,1784033100000,train,1,3.08,0.689,3.22,3.18,1.88,1.07,2.14,1.46,1.04,1.5,0,2.0,bull,alcista,0,-0.015,32,4586,4,
s18520,PENDLEUSDT,1784033100000,train,1,3.63,0.596,4.33,3.87,5,1.63,2.71,0.65,0.56,0.65,0,2.0,bull,alcista,0,-0.124,32,4586,3,
s18521,STBLUSDT,1784034000000,train,1,3.07,0.463,3.63,3.11,1.64,1.34,1.61,1.31,0.88,1.19,0,1.73,neutral,neutral,0,-0.514,32,4587,0,
s18522,SUIUSDT,1784034000000,train,1,2.46,0.584,2.91,2.75,5,0.73,1.8,1.76,1.23,1.15,1,1.73,neutral,alcista,0,0.495,32,4587,4,
s18523,JUPUSDT,1784034000000,train,1,2.03,0.398,3.44,2.38,2.16,0.29,1.08,1.42,1.12,1.46,0,1.73,neutral,neutral,0,0.367,32,4587,0,
s18524,PENDLEUSDT,1784034000000,train,1,3.28,0.53,4.81,3.66,5,1.54,2.21,1.03,0.73,0.71,1,1.73,neutral,neutral,0,-0.016,32,4587,0,
s18525,XPLUSDT,1784034900000,train,1,3.26,0.452,4.03,3.55,1.82,1.21,1.9,1.36,0.98,0.75,1,2.05,bull,alcista,0,0.006,32,4588,2,
s18526,STBLUSDT,1784034900000,train,1,3.12,0.473,3.63,3.11,1.72,1.07,1.48,1.31,0.88,1.19,0,2.05,bull,neutral,0,-0.5,32,4588,0,
s18527,ENAUSDT,1784034900000,train,1,2.79,0.389,3.62,2.9,3.17,0.74,1.33,2.04,1.59,1.23,1,2.05,bull,neutral,0,-0.236,32,4588,1,
s18528,ARBUSDT,1784034900000,train,1,3.46,0.487,4.75,4.39,5,1.41,2.82,0.74,0.63,0.75,0,2.05,bull,neutral,0,-0.342,32,4588,1,
s18529,SUIUSDT,1784034900000,train,1,3.93,0.712,4.39,4.05,5,1.88,2.84,1.76,1.23,1.15,1,2.05,bull,alcista,0,0.036,32,4588,5,
s18530,SEIUSDT,1784034900000,train,1,2.95,0.642,3.42,3.18,5,0.9,2.02,1.2,1.0,0.84,1,2.05,bull,neutral,0,-0.445,32,4588,1,
s18531,JUPUSDT,1784034900000,train,1,3.57,0.545,4.11,3.78,2.61,1.52,2.26,1.42,1.12,1.46,0,2.05,bull,neutral,0,-0.127,32,4588,1,
s18532,PENDLEUSDT,1784034900000,train,1,4.23,0.617,4.96,4.41,5,2.18,2.69,1.03,0.73,0.71,1,2.05,bull,neutral,0,-0.053,32,4588,1,
s18533,ONDOUSDT,1784034900000,train,1,2.66,0.461,3.5,3.28,5,0.61,2.09,1.39,1.16,1.03,1,2.05,bull,neutral,0,-0.173,32,4587,1,
s18534,STXUSDT,1784034900000,testB,1,2.56,0.525,3.5,2.97,5,0.51,1.9,1.29,0.95,1.06,0,2.05,bull,neutral,0,-0.1,32,4587,1,
s18535,LDOUSDT,1784034900000,testB,1,3.79,0.384,6.64,5.29,4.04,1.74,2.89,1.29,1.01,0.84,1,2.05,bull,neutral,0,-0.424,32,4587,0,
s18536,SANDUSDT,1784034900000,testB,1,2.55,0.448,3.03,2.76,3.02,0.5,1.87,1.43,1.15,0.93,1,2.05,bull,neutral,0,0.451,32,4587,1,
s18537,PUMPUSDT,1784035800000,train,1,2.85,0.35,6.22,5.21,1.99,0.88,2.06,1.33,1.13,1.09,1,1.97,neutral,neutral,0,-1.0,18,4589,0,
s18538,STBLUSDT,1784035800000,train,1,3.51,0.503,3.61,3.44,0.83,1.55,1.8,1.31,0.88,1.19,0,1.97,neutral,neutral,0,-0.587,32,4589,1,
s18539,SUIUSDT,1784035800000,train,1,3.49,0.586,4.41,3.63,3.74,1.52,2.23,1.76,1.23,1.15,1,1.97,neutral,neutral,0,0.23,32,4589,0,
s18540,SEIUSDT,1784035800000,train,1,2.72,0.563,3.43,2.84,2.19,0.76,1.53,1.2,1.0,0.84,1,1.97,neutral,neutral,0,-0.283,32,4589,0,
s18541,JUPUSDT,1784035800000,train,1,2.96,0.448,3.89,3.21,1.62,1.0,1.81,1.42,1.12,1.46,0,1.97,neutral,neutral,0,0.045,32,4589,0,
s18542,PENDLEUSDT,1784035800000,train,1,3.09,0.386,4.98,3.09,4.07,1.13,1.24,1.03,0.73,0.71,1,1.97,neutral,neutral,0,1.23,32,4589,0,
s18543,STXUSDT,1784035800000,testB,1,2.56,0.525,3.51,2.85,2.74,0.59,1.65,1.29,0.95,1.06,0,1.97,neutral,neutral,0,0.083,32,4588,0,
s18544,SANDUSDT,1784035800000,testB,1,2.17,0.378,3.03,2.56,1.51,0.2,1.52,1.43,1.15,0.93,1,1.97,neutral,neutral,0,0.545,32,4588,0,
s18545,AXSUSDT,1784035800000,testB,1,2.26,0.647,2.71,2.51,4.34,0.29,1.66,1.25,0.86,0.83,1,1.97,neutral,alcista,0,0.04,32,4588,2,
s18546,PUMPUSDT,1784036700000,train,1,4.01,0.553,5.27,4.32,1.43,2.09,1.9,1.33,1.13,1.09,1,1.91,neutral,neutral,0,-1.0,17,4590,1,
s18547,STBLUSDT,1784036700000,train,1,3.29,0.468,3.57,3.27,0.59,1.37,1.46,1.31,0.88,1.19,0,1.91,neutral,neutral,0,-0.579,32,4590,0,
s18548,SUIUSDT,1784036700000,train,1,3.62,0.597,4.4,3.73,2.23,1.7,2.1,1.76,1.23,1.15,1,1.91,neutral,neutral,0,0.089,32,4590,1,
s18549,SEIUSDT,1784036700000,train,1,2.73,0.563,3.37,2.7,1.56,0.81,1.35,1.2,1.0,0.84,1,1.91,neutral,neutral,0,-0.382,32,4590,0,
s18550,JUPUSDT,1784036700000,train,1,2.62,0.376,3.9,2.8,1.3,0.71,1.21,1.42,1.12,1.46,0,1.91,neutral,neutral,0,0.19,32,4590,0,
s18551,PENDLEUSDT,1784036700000,train,1,3.3,0.404,4.96,3.23,2.68,1.39,1.26,1.03,0.73,0.71,1,1.91,neutral,neutral,0,1.188,32,4590,1,
s18552,STXUSDT,1784036700000,testB,1,2.74,0.542,3.5,3.2,2.22,0.82,1.79,1.29,0.95,1.06,0,1.91,neutral,neutral,0,-0.074,32,4589,1,
s18553,AXSUSDT,1784036700000,testB,1,2.16,0.6,2.72,2.41,3.45,0.24,1.41,1.25,0.86,0.83,1,1.91,neutral,neutral,0,0.083,32,4589,0,
s18554,PUMPUSDT,1784037600000,train,1,3.86,0.534,5.27,4.26,1.78,2.02,1.66,1.55,1.16,1.05,1,1.84,neutral,neutral,0,-1.0,16,4591,0,
s18555,STBLUSDT,1784037600000,train,1,4.03,0.52,4.13,3.92,0.69,2.19,2.23,1.39,0.93,1.12,0,1.84,neutral,neutral,0,-0.837,32,4591,1,
s18556,SUIUSDT,1784037600000,train,1,3.5,0.59,4.4,3.86,1.83,1.66,2.03,2.22,1.47,1.23,1,1.84,neutral,alcista,0,-0.024,32,4591,2,
s18557,SEIUSDT,1784037600000,train,1,2.23,0.477,3.38,2.54,1.61,0.39,1.1,1.04,1.06,0.85,0,1.84,neutral,neutral,0,-0.463,32,4591,0,
s18558,JUPUSDT,1784037600000,train,1,2.77,0.389,3.89,3.08,1.21,0.92,1.36,1.3,1.19,1.36,0,1.84,neutral,neutral,0,0.125,32,4591,1,
s18559,STXUSDT,1784037600000,testB,1,2.62,0.506,3.5,2.97,2.33,0.78,1.43,1.66,1.12,1.09,1,1.84,neutral,neutral,0,-0.08,32,4590,0,
s18560,SANDUSDT,1784037600000,testB,1,2.22,0.387,3.03,2.8,0.97,0.38,1.47,1.62,1.26,0.98,1,1.84,neutral,neutral,0,0.17,32,4590,1,
s18561,AXSUSDT,1784037600000,testB,1,2.05,0.588,2.72,2.41,3.35,0.21,1.3,1.54,1.01,0.86,1,1.84,neutral,neutral,0,0.0,32,4590,0,
s18562,PUMPUSDT,1784038500000,train,1,4.51,0.627,5.26,4.52,1.37,2.52,1.87,1.55,1.16,1.05,1,1.99,neutral,neutral,0,-1.0,15,4592,1,
s18563,ARBUSDT,1784038500000,train,1,3.24,0.424,4.79,3.58,1.35,1.25,1.43,0.82,0.68,0.71,0,1.99,neutral,alcista,0,-0.258,32,4592,2,
s18564,SUIUSDT,1784038500000,train,1,4.44,0.698,5.12,4.47,1.38,2.44,2.43,2.22,1.47,1.23,1,1.99,neutral,alcista,0,-0.041,32,4592,3,
s18565,SEIUSDT,1784038500000,train,1,2.64,0.561,3.37,2.74,0.96,0.64,1.2,1.04,1.06,0.85,0,1.99,neutral,neutral,0,-0.263,32,4592,1,
s18566,JUPUSDT,1784038500000,train,1,2.62,0.361,3.76,2.65,0.89,0.63,0.94,1.3,1.19,1.36,0,1.99,neutral,neutral,0,0.655,32,4592,0,
s18567,ARUSDT,1784038500000,testB,1,2.03,0.534,2.7,2.29,1.14,0.03,0.98,0.97,0.88,0.88,1,1.99,neutral,neutral,0,0.689,32,4591,1,
s18568,STXUSDT,1784038500000,testB,1,2.5,0.471,3.51,2.68,1.34,0.51,1.03,1.66,1.12,1.09,1,1.99,neutral,neutral,0,0.178,32,4591,0,
s18569,SANDUSDT,1784038500000,testB,1,2.44,0.418,3.31,2.94,0.71,0.44,1.44,1.62,1.26,0.98,1,1.99,neutral,alcista,0,0.317,32,4591,2,
s18570,AXSUSDT,1784038500000,testB,1,2.37,0.742,2.72,2.41,1.23,0.37,1.19,1.54,1.01,0.86,1,1.99,neutral,neutral,0,0.167,32,4591,1,
s18571,PUMPUSDT,1784039400000,train,1,4.72,0.65,5.19,4.58,1.06,2.78,1.96,1.55,1.16,1.05,1,1.95,neutral,alcista,0,-1.0,14,4593,2,
s18572,STBLUSDT,1784039400000,train,1,2.68,0.384,3.64,2.95,0.6,0.73,1.4,1.39,0.93,1.12,0,1.95,neutral,neutral,0,-1.0,21,4593,0,
s18573,ARBUSDT,1784039400000,train,1,3.17,0.41,4.65,3.34,1.04,1.22,1.2,0.82,0.68,0.71,0,1.95,neutral,neutral,0,-0.248,32,4593,0,
s18574,SUIUSDT,1784039400000,train,1,4.36,0.679,4.95,4.24,1.22,2.41,2.14,2.22,1.47,1.23,1,1.95,neutral,neutral,0,0.046,32,4593,0,
s18575,SEIUSDT,1784039400000,train,1,2.45,0.518,3.17,2.43,0.76,0.5,1.0,1.04,1.06,0.85,0,1.95,neutral,neutral,0,-0.195,32,4593,0,
s18576,STXUSDT,1784039400000,testB,1,2.8,0.5,3.67,3.14,2.01,0.85,1.4,1.66,1.12,1.09,1,1.95,neutral,neutral,0,-0.038,32,4592,1,
s18577,SANDUSDT,1784039400000,testB,1,2.47,0.422,3.5,3.42,0.69,0.52,1.72,1.62,1.26,0.98,1,1.95,neutral,alcista,0,0.217,32,4592,3,
s18578,AXSUSDT,1784039400000,testB,1,2.57,0.758,2.91,2.81,0.98,0.62,1.44,1.54,1.01,0.86,1,1.95,neutral,alcista,0,0.0,32,4592,2,
s18579,PUMPUSDT,1784040300000,train,1,4.64,0.647,5.18,4.71,1.15,2.24,1.88,1.55,1.16,1.05,1,2.41,bull,alcista,0,-1.0,13,4594,3,
s18580,STBLUSDT,1784040300000,train,1,2.71,0.387,3.62,3.53,0.67,0.3,1.78,1.39,0.93,1.12,0,2.41,bull,neutral,0,-1.0,20,4594,1,
s18581,WLDUSDT,1784040300000,train,1,4.66,0.396,5.2,4.89,0.8,2.26,1.88,1.32,1.23,1.15,1,2.41,bull,alcista,0,-0.309,32,4594,2,
s18582,ARBUSDT,1784040300000,train,1,3.14,0.408,4.64,3.51,0.99,0.73,1.2,0.82,0.68,0.71,0,2.41,bull,neutral,0,-0.248,32,4594,1,
s18583,OPUSDT,1784040300000,train,1,2.21,0.423,3.64,2.95,0.69,-0.19,1.02,1.06,0.86,0.78,1,2.41,bull,neutral,0,-0.233,32,4594,1,
s18584,SUIUSDT,1784040300000,train,1,4.35,0.68,4.93,4.59,1.23,1.95,2.23,2.22,1.47,1.23,1,2.41,bull,neutral,0,-0.094,32,4594,1,
s18585,SEIUSDT,1784040300000,train,1,2.78,0.55,3.15,2.97,0.76,0.37,1.37,1.04,1.06,0.85,0,2.41,bull,neutral,0,-0.4,32,4594,1,
s18586,PENDLEUSDT,1784040300000,train,1,2.81,0.36,4.47,3.03,0.55,0.41,1.11,1.15,0.77,0.69,1,2.41,bull,alcista,0,1.163,32,4594,2,
s18587,ARUSDT,1784040300000,testB,1,2.28,0.595,2.79,2.54,0.68,-0.12,1.12,0.97,0.88,0.88,1,2.41,bull,alcista,0,0.3,32,4593,3,
s18588,STXUSDT,1784040300000,testB,1,3.04,0.521,3.66,3.43,1.53,0.64,1.55,1.66,1.12,1.09,1,2.41,bull,alcista,0,-0.121,32,4593,2,
s18589,LDOUSDT,1784040300000,testB,1,4.12,0.378,6.65,4.26,0.71,1.72,1.11,1.19,1.06,0.86,1,2.41,bull,alcista,0,0.085,32,4593,2,
s18590,SANDUSDT,1784040300000,testB,1,3.65,0.614,4.11,3.99,0.86,1.24,2.11,1.62,1.26,0.98,1,2.41,bull,alcista,0,0.036,32,4593,4,
s18591,AXSUSDT,1784040300000,testB,1,3.08,0.789,3.49,3.29,1.07,0.68,1.75,1.54,1.01,0.86,1,2.41,bull,alcista,0,-0.121,32,4593,3,
s18592,PUMPUSDT,1784041200000,train,1,4.15,0.551,5.27,4.05,1.45,1.89,1.38,2.19,1.58,1.24,1,2.26,bull,neutral,0,-1.0,12,4595,0,
s18593,STBLUSDT,1784041200000,train,1,3.65,0.535,3.86,3.77,0.55,1.39,1.78,1.56,1.0,1.08,0,2.26,bull,alcista,0,-1.0,18,4595,2,
s18594,WLDUSDT,1784041200000,train,1,4.15,0.352,5.21,4.63,0.64,1.89,1.53,1.33,1.17,1.13,1,2.26,bull,neutral,0,-0.187,32,4595,0,
s18595,ARBUSDT,1784041200000,train,1,3.39,0.455,4.6,3.41,0.69,1.13,1.15,0.9,0.72,0.7,1,2.26,bull,neutral,0,-0.194,32,4595,0,
s18596,OPUSDT,1784041200000,train,1,2.62,0.52,3.63,3.05,0.62,0.36,1.07,1.18,0.92,0.8,1,2.26,bull,neutral,0,-0.194,32,4595,0,
s18597,SUIUSDT,1784041200000,train,1,4.04,0.602,4.95,4.25,1.14,1.78,1.73,2.57,1.62,1.28,1,2.26,bull,neutral,0,0.025,32,4595,0,
s18598,SEIUSDT,1784041200000,train,1,2.97,0.585,3.09,2.99,0.65,0.71,1.36,1.11,1.12,0.87,0,2.26,bull,alcista,0,-0.308,32,4595,2,
s18599,ARUSDT,1784041200000,testB,1,2.23,0.573,2.8,2.39,0.6,-0.03,0.9,1.06,0.92,0.9,1,2.26,bull,neutral,0,0.468,32,4594,0,
s18600,STXUSDT,1784041200000,testB,1,2.74,0.455,3.67,3.2,1.52,0.48,1.21,1.81,1.2,1.13,1,2.26,bull,neutral,0,-0.037,32,4594,0,
s18601,LDOUSDT,1784041200000,testB,1,4.39,0.393,6.34,4.54,0.58,2.13,1.71,1.26,1.14,0.89,1,2.26,bull,alcista,0,0.046,32,4594,3,
s18602,SANDUSDT,1784041200000,testB,1,3.7,0.626,4.12,3.79,0.92,1.44,1.75,1.78,1.26,1.02,1,2.26,bull,neutral,0,0.108,32,4594,0,
s18603,AXSUSDT,1784041200000,testB,1,2.77,0.659,3.5,3.0,1.15,0.51,1.35,1.76,1.08,0.89,1,2.26,bull,neutral,0,-0.067,32,4594,0,
s18604,PUMPUSDT,1784042100000,train,1,3.7,0.525,4.92,3.91,1.14,1.1,1.44,2.19,1.58,1.24,1,2.6,bull,neutral,0,-1.0,11,4596,1,
s18605,STBLUSDT,1784042100000,train,1,3.47,0.503,3.95,3.65,0.61,0.87,1.52,1.56,1.0,1.08,0,2.6,bull,neutral,0,-1.0,17,4596,0,
s18606,ARBUSDT,1784042100000,train,1,3.66,0.474,4.58,3.76,0.62,1.06,1.37,0.9,0.72,0.7,1,2.6,bull,neutral,0,-0.248,32,4596,1,
s18607,OPUSDT,1784042100000,train,1,2.72,0.529,3.63,3.24,0.65,0.12,1.11,1.18,0.92,0.8,1,2.6,bull,neutral,0,-0.242,32,4596,1,
s18608,SUIUSDT,1784042100000,train,1,4.51,0.627,4.93,4.68,0.66,1.9,1.97,2.57,1.62,1.28,1,2.6,bull,neutral,0,-0.101,32,4596,1,
s18609,SEIUSDT,1784042100000,train,1,2.92,0.582,3.11,3.09,0.62,0.32,1.31,1.11,1.12,0.87,0,2.6,bull,alcista,0,-0.404,32,4596,3,
s18610,ONDOUSDT,1784042100000,train,1,3.02,0.421,3.5,3.37,0.82,0.42,1.42,1.91,1.3,1.11,1,2.6,bull,neutral,0,-0.308,32,4595,1,
s18611,ARUSDT,1784042100000,testB,1,2.18,0.568,2.79,2.49,0.52,-0.42,0.88,1.06,0.92,0.9,1,2.6,bull,neutral,0,0.347,32,4595,1,
s18612,STXUSDT,1784042100000,testB,1,2.8,0.469,3.67,3.2,1.67,0.2,1.06,1.81,1.2,1.13,1,2.6,bull,neutral,0,-0.074,32,4595,0,
s18613,LDOUSDT,1784042100000,testB,1,4.76,0.415,5.73,5.11,0.6,2.16,2.69,1.26,1.14,0.89,1,2.6,bull,alcista,0,-0.198,32,4595,4,
s18614,SANDUSDT,1784042100000,testB,1,4.26,0.694,4.15,4.15,0.87,1.66,1.85,1.78,1.26,1.02,1,2.6,bull,neutral,0,-0.03,32,4595,1,
s18615,AXSUSDT,1784042100000,testB,1,2.78,0.659,3.5,2.9,1.08,0.17,1.1,1.76,1.08,0.89,1,2.6,bull,neutral,0,-0.069,32,4595,0,
s18616,PUMPUSDT,1784043000000,train,1,5.12,0.646,5.2,4.93,1.16,2.05,2.26,2.19,1.58,1.24,1,3.07,bull,alcista,0,-1.0,10,4597,2,
s18617,STBLUSDT,1784043000000,train,1,3.9,0.533,4.35,4.26,0.87,0.83,1.88,1.56,1.0,1.08,0,3.07,bull,neutral,0,-1.0,16,4597,1,
s18618,ARBUSDT,1784043000000,train,1,3.43,0.447,4.58,3.67,0.63,0.36,1.13,0.9,0.72,0.7,1,3.07,bull,neutral,0,-0.145,32,4597,0,
s18619,OPUSDT,1784043000000,train,1,3.23,0.593,3.81,3.61,0.84,0.16,1.4,1.18,0.92,0.8,1,3.07,bull,alcista,0,-0.27,32,4597,2,
s18620,SUIUSDT,1784043000000,train,1,3.83,0.503,4.95,4.17,0.7,0.76,1.23,2.57,1.62,1.28,1,3.07,bull,neutral,0,-0.019,32,4597,0,
s18621,SEIUSDT,1784043000000,train,1,2.97,0.595,3.74,3.05,0.71,-0.1,1.11,1.11,1.12,0.87,0,3.07,bull,neutral,0,-0.349,32,4597,0,
s18622,PENDLEUSDT,1784043000000,train,1,3.25,0.424,4.43,3.28,0.59,0.18,1.03,1.28,0.82,0.7,1,3.07,bull,neutral,0,0.95,32,4597,0,
s18623,ONDOUSDT,1784043000000,train,1,3.16,0.447,3.85,3.31,0.82,0.09,1.21,1.91,1.3,1.11,1,3.07,bull,neutral,0,-0.238,32,4596,0,
s18624,ARUSDT,1784043000000,testB,1,2.6,0.625,3.04,2.83,0.55,-0.47,1.13,1.06,0.92,0.9,1,3.07,bull,alcista,0,0.161,32,4596,2,
s18625,STXUSDT,1784043000000,testB,1,3.11,0.526,3.67,3.31,0.71,0.04,1.06,1.81,1.2,1.13,1,3.07,bull,neutral,0,-0.125,32,4596,1,
s18626,SANDUSDT,1784043000000,testB,1,4.12,0.688,4.49,4.24,0.92,1.05,1.86,1.78,1.26,1.02,1,3.07,bull,alcista,0,0.0,32,4596,2,
s18627,AXSUSDT,1784043000000,testB,1,3.09,0.714,3.5,3.1,0.89,0.02,1.17,1.76,1.08,0.89,1,3.07,bull,neutral,0,-0.097,32,4596,1,
s18628,STBLUSDT,1784043900000,train,1,3.33,0.422,4.37,3.48,0.91,0.28,1.19,1.56,1.0,1.08,0,3.05,bull,neutral,0,-1.0,14,4598,0,
s18629,ARBUSDT,1784043900000,train,1,3.51,0.46,4.58,3.69,0.62,0.46,1.08,0.9,0.72,0.7,1,3.05,bull,neutral,0,-0.029,32,4598,1,
s18630,OPUSDT,1784043900000,train,1,2.92,0.509,3.82,3.33,0.85,-0.13,1.04,1.18,0.92,0.8,1,3.05,bull,neutral,0,-0.176,32,4598,0,
s18631,SUIUSDT,1784043900000,train,1,3.99,0.53,4.97,3.89,0.68,0.94,0.86,2.57,1.62,1.28,1,3.05,bull,neutral,0,0.108,32,4598,0,
s18632,SEIUSDT,1784043900000,train,1,2.5,0.467,3.76,2.65,0.68,-0.55,0.65,1.11,1.12,0.87,0,3.05,bull,neutral,0,-0.178,32,4598,0,
s18633,ARUSDT,1784043900000,testB,1,2.55,0.605,3.04,2.69,0.55,-0.51,0.9,1.06,0.92,0.9,1,3.05,bull,neutral,0,0.189,32,4597,0,
s18634,STXUSDT,1784043900000,testB,1,2.62,0.417,3.68,2.91,0.72,-0.43,0.57,1.81,1.2,1.13,1,3.05,bull,neutral,0,0.061,32,4597,0,
s18635,SANDUSDT,1784043900000,testB,1,3.68,0.571,4.51,3.79,0.81,0.63,1.28,1.78,1.26,1.02,1,3.05,bull,neutral,0,0.157,32,4597,0,
s18636,AXSUSDT,1784043900000,testB,1,2.57,0.556,3.51,2.71,0.69,-0.48,0.7,1.76,1.08,0.89,1,3.05,bull,neutral,0,0.148,32,4597,0,
s18637,ARBUSDT,1784044800000,train,1,3.61,0.476,4.42,3.55,0.63,0.61,0.99,0.91,0.74,0.65,1,3.01,bull,alcista,0,-0.058,32,4599,2,
s18638,OPUSDT,1784044800000,train,1,2.73,0.458,3.64,2.66,1.01,-0.28,0.48,1.19,0.94,0.81,1,3.01,bull,neutral,0,0.074,32,4599,0,
s18639,SUIUSDT,1784044800000,train,1,4.02,0.534,4.95,3.89,0.63,1.01,0.79,2.71,1.7,1.27,1,3.01,bull,neutral,0,0.139,32,4599,0,
s18640,SEIUSDT,1784044800000,train,1,2.65,0.492,3.73,2.71,0.63,-0.36,0.64,1.15,1.15,0.87,1,3.01,bull,neutral,0,-0.235,32,4599,1,
s18641,ONDOUSDT,1784044800000,train,1,2.7,0.366,3.81,2.7,0.77,-0.3,0.55,1.99,1.3,1.12,1,3.01,bull,neutral,0,0.0,32,4598,0,
s18642,ARUSDT,1784044800000,testB,1,2.7,0.634,2.99,2.73,0.73,-0.3,0.88,1.28,0.94,0.92,1,3.01,bull,neutral,0,0.389,32,4598,1,
s18643,STXUSDT,1784044800000,testB,1,2.38,0.364,3.45,2.38,0.66,-0.63,0.25,1.9,1.26,1.14,1,3.01,bull,neutral,0,0.25,32,4598,0,
s18644,SANDUSDT,1784044800000,testB,1,4.09,0.615,5.34,3.99,1.85,1.08,1.44,2.19,1.45,1.15,1,3.01,bull,neutral,0,-0.067,32,4598,1,
s18645,AXSUSDT,1784044800000,testB,1,2.88,0.583,3.4,2.9,0.65,-0.13,0.92,1.97,1.18,0.92,1,3.01,bull,neutral,0,0.0,32,4598,1,
s18646,XPLUSDT,1784045700000,train,1,4.43,0.415,4.5,4.41,1.85,1.47,3.19,2.29,1.46,0.97,1,2.97,bull,alcista,0,-0.435,32,4600,2,
s18647,PUMPUSDT,1784045700000,train,1,5.76,0.417,6.11,5.52,4.48,2.8,3.43,3.39,2.11,1.49,1,2.97,bull,alcista,0,-1.0,7,4600,2,
s18648,ARBUSDT,1784045700000,train,1,3.25,0.451,3.94,3.19,0.59,0.28,0.98,0.91,0.74,0.65,1,2.97,bull,alcista,0,0.01,32,4600,3,
s18649,OPUSDT,1784045700000,train,1,2.21,0.407,2.85,2.06,1.03,-0.76,0.62,1.19,0.94,0.81,1,2.97,bull,neutral,0,-0.143,32,4600,1,
s18650,SUIUSDT,1784045700000,train,1,3.62,0.501,4.64,3.52,0.6,0.65,0.65,2.71,1.7,1.27,1,2.97,bull,neutral,0,0.067,32,4600,0,
s18651,SEIUSDT,1784045700000,train,1,2.43,0.472,3.21,2.39,0.56,-0.53,0.77,1.15,1.15,0.87,1,2.97,bull,alcista,0,-0.316,32,4600,2,
s18652,ARUSDT,1784045700000,testB,1,2.91,0.651,2.88,2.83,0.92,-0.06,1.13,1.28,0.94,0.92,1,2.97,bull,alcista,0,0.375,32,4599,2,
s18653,STXUSDT,1784045700000,testB,1,2.25,0.352,2.97,2.26,0.49,-0.72,0.58,1.9,1.26,1.14,1,2.97,bull,neutral,0,-0.026,32,4599,1,
s18654,SANDUSDT,1784045700000,testB,1,3.91,0.605,5.13,3.82,2.03,0.94,1.31,2.19,1.45,1.15,1,2.97,bull,alcista,0,-0.086,32,4599,2,
s18655,AXSUSDT,1784045700000,testB,1,2.78,0.551,3.2,2.6,0.75,-0.19,0.75,1.97,1.18,0.92,1,2.97,bull,neutral,0,-0.038,32,4599,0,
s18656,SANDUSDT,1784046600000,testB,1,3.05,0.547,4.21,2.94,1.81,1.12,1.22,2.19,1.45,1.15,1,1.94,neutral,alcista,0,-0.153,32,4600,3,
s18657,AXSUSDT,1784046600000,testB,1,2.15,0.488,2.7,2.1,0.6,0.21,0.67,1.97,1.18,0.92,1,1.94,neutral,neutral,0,-0.048,32,4600,0,
s18658,SANDUSDT,1784047500000,testB,1,2.34,0.483,3.77,2.63,2.09,1.14,1.23,2.19,1.45,1.15,1,1.2,neutral,alcista,0,-0.14,32,4601,4,
s18659,SANDUSDT,1784048400000,testB,1,2.18,0.433,3.79,2.17,0.81,0.92,0.66,2.17,1.48,1.17,1,1.26,neutral,neutral,0,-0.009,32,4602,0,
s18660,JUPUSDT,1784051100000,train,1,2.75,0.435,3.89,3.38,1.64,1.5,1.98,1.77,1.55,1.13,1,1.25,neutral,neutral,0,-0.194,32,4606,0,
s18661,STBLUSDT,1784052000000,train,-1,-2.68,0.429,4.38,4.03,0.61,-3.64,1.5,1.41,1.3,0.94,1,0.96,neutral,neutral,0,-0.076,32,4607,1,
s18662,JUPUSDT,1784052900000,train,1,2.65,0.414,3.9,3.29,0.99,1.71,1.43,1.63,1.55,1.12,1,0.95,neutral,neutral,0,-0.329,32,4608,1,
s18663,STBLUSDT,1784053800000,train,-1,-2.31,0.365,4.38,4.12,0.3,-3.17,1.37,1.41,1.3,0.94,1,0.86,neutral,neutral,0,0.011,32,4609,1,
s18664,STBLUSDT,1784054700000,train,-1,-2.51,0.413,4.36,3.71,0.31,-2.93,1.03,1.41,1.3,0.94,1,0.41,neutral,neutral,0,0.153,32,4610,0,
s18665,STBLUSDT,1784055600000,train,-1,-3.1,0.518,4.38,3.98,0.24,-3.73,1.1,1.35,1.34,0.94,1,0.63,neutral,neutral,0,0.132,32,4611,1,
s18666,STBLUSDT,1784056500000,train,-1,-3.35,0.537,4.53,4.39,0.32,-3.45,1.35,1.35,1.34,0.94,1,0.09,neutral,bajista,0,0.05,32,4612,2,
s18667,APEUSDT,1784056500000,testB,1,2.23,0.471,3.07,2.86,1.06,2.13,1.21,0.58,0.53,0.44,1,0.09,neutral,neutral,0,0.095,32,4611,1,
s18668,STBLUSDT,1784057400000,train,-1,-4.22,0.725,4.76,4.67,0.41,-3.85,1.54,1.35,1.34,0.94,1,-0.37,neutral,bajista,0,0.075,32,4613,3,
s18669,STBLUSDT,1784058300000,train,-1,-3.4,0.625,4.35,4.0,0.49,-3.11,1.24,1.35,1.34,0.94,1,-0.29,neutral,neutral,0,0.066,32,4614,0,
s18670,STBLUSDT,1784059200000,train,-1,-3.03,0.597,3.66,3.57,0.54,-2.6,1.35,1.26,1.33,0.95,0,-0.43,neutral,neutral,0,-0.099,32,4615,1,
s18671,STBLUSDT,1784060100000,train,-1,-2.49,0.518,3.65,3.43,0.45,-1.9,1.19,1.26,1.33,0.95,0,-0.59,neutral,neutral,0,-0.0,32,4616,0,
s18672,STBLUSDT,1784061000000,train,-1,-2.66,0.534,3.75,3.62,0.33,-2.21,1.15,1.26,1.33,0.95,0,-0.46,neutral,neutral,0,-0.049,32,4617,1,
s18673,LDOUSDT,1784061000000,testB,-1,-2.13,0.376,2.78,2.6,0.46,-1.67,0.78,0.63,0.92,0.81,0,-0.46,neutral,neutral,0,-1.0,29,4616,1,
s18674,STBLUSDT,1784061900000,train,-1,-2.28,0.438,2.81,2.37,0.32,-2.02,0.67,1.26,1.33,0.95,0,-0.26,neutral,neutral,0,-0.037,32,4618,0,
s18675,LDOUSDT,1784063700000,testB,-1,-2.21,0.457,2.78,2.63,0.51,-2.45,0.81,0.49,0.88,0.81,0,0.23,neutral,neutral,0,-1.0,26,4619,1,
s18676,JUPUSDT,1784064600000,train,-1,-2.11,0.529,3.5,2.54,0.33,-2.45,0.26,1.09,1.26,1.1,0,0.34,neutral,neutral,0,-1.0,25,4621,0,
s18677,PENDLEUSDT,1784064600000,train,1,4.29,0.789,4.64,4.31,5,3.95,3.34,0.82,1.06,0.74,0,0.34,neutral,alcista,0,-0.237,32,4621,4,
s18678,LDOUSDT,1784064600000,testB,-1,-2.36,0.503,2.69,2.51,0.53,-2.7,0.63,0.49,0.88,0.81,0,0.34,neutral,neutral,0,-1.0,6,4620,0,
s18679,JUPUSDT,1784065500000,train,-1,-2.16,0.535,3.5,2.59,0.37,-2.24,0.24,1.09,1.26,1.1,0,0.08,neutral,neutral,0,-1.0,24,4622,0,
s18680,PENDLEUSDT,1784065500000,train,1,4.51,0.797,4.57,4.45,5,4.43,3.23,0.82,1.06,0.74,0,0.08,neutral,alcista,0,-0.226,32,4622,5,
s18681,PUMPUSDT,1784066400000,train,1,5.66,0.812,6.11,5.43,0.34,5.57,1.19,2.74,3.09,1.94,0,0.09,neutral,alcista,1,2.0,14,4623,2,
s18682,PENDLEUSDT,1784066400000,train,1,4.58,0.819,4.76,4.37,5,4.49,2.83,1.07,1.2,0.8,0,0.09,neutral,neutral,0,-0.19,32,4623,0,
s18683,PUMPUSDT,1784067300000,train,1,5.73,0.816,6.98,6.37,0.85,5.08,2.44,2.74,3.09,1.94,0,0.65,neutral,alcista,1,2.0,23,4624,3,
s18684,TIAUSDT,1784067300000,train,1,2.01,0.519,2.73,1.99,1.75,1.36,0.89,0.66,0.93,0.98,0,0.65,neutral,neutral,0,0.16,32,4624,1,
s18685,PENDLEUSDT,1784067300000,train,1,5.52,0.845,5.85,5.36,5,4.87,3.59,1.07,1.2,0.8,0,0.65,neutral,neutral,0,-0.373,32,4624,1,
s18686,PUMPUSDT,1784068200000,train,1,7.25,0.878,7.69,7.29,1.59,6.72,3.46,2.74,3.09,1.94,0,0.53,neutral,alcista,0,1.33,32,4625,4,
s18687,TIAUSDT,1784068200000,train,1,2.01,0.519,2.63,1.97,1.54,1.48,0.88,0.66,0.93,0.98,0,0.53,neutral,alcista,0,0.088,32,4625,2,
s18688,PENDLEUSDT,1784068200000,train,1,5.11,0.781,5.83,5.05,1.94,4.59,3.05,1.07,1.2,0.8,0,0.53,neutral,neutral,0,-0.327,32,4625,0,
s18689,PUMPUSDT,1784069100000,train,1,6.51,0.778,7.19,6.38,1.92,6.06,3.5,2.74,3.09,1.94,0,0.45,neutral,neutral,0,1.568,32,4626,0,
s18690,PENDLEUSDT,1784069100000,train,1,4.18,0.569,5.87,4.26,1.83,3.73,2.0,1.07,1.2,0.8,0,0.45,neutral,neutral,0,-0.314,32,4626,0,
s18691,PUMPUSDT,1784070000000,train,1,7.12,0.794,6.98,6.84,1.8,6.49,3.98,2.68,3.29,2.03,0,0.62,neutral,neutral,0,1.379,32,4627,1,
s18692,PENDLEUSDT,1784070000000,train,1,3.99,0.534,5.88,4.12,1.58,3.36,1.65,1.13,1.24,0.83,0,0.62,neutral,neutral,0,-0.264,32,4627,0,
s18693,PUMPUSDT,1784070900000,train,1,7.4,0.8,7.55,7.15,1.43,6.84,3.91,2.68,3.29,2.03,0,0.56,neutral,alcista,0,1.259,32,4628,2,
s18694,TIAUSDT,1784070900000,train,1,2.14,0.5,2.61,2.44,1.14,1.59,1.42,0.65,0.94,0.99,0,0.56,neutral,alcista,0,-1.0,23,4628,2,
s18695,PENDLEUSDT,1784070900000,train,1,4.1,0.547,5.88,4.18,0.88,3.54,1.52,1.13,1.24,0.83,0,0.56,neutral,neutral,0,-0.492,32,4628,1,
s18696,PUMPUSDT,1784071800000,train,1,6.84,0.789,7.06,6.79,1.25,6.12,3.86,2.68,3.29,2.03,0,0.71,neutral,alcista,0,1.32,32,4629,3,
s18697,PENDLEUSDT,1784071800000,train,1,4.03,0.537,5.61,3.87,0.55,3.31,1.33,1.13,1.24,0.83,0,0.71,neutral,neutral,0,-0.503,32,4629,0,
s18698,PUMPUSDT,1784072700000,train,1,6.11,0.719,6.88,6.22,1.8,5.37,3.17,2.68,3.29,2.03,0,0.73,neutral,neutral,0,1.489,32,4630,0,
s18699,PENDLEUSDT,1784072700000,train,1,4.14,0.545,5.53,4.38,0.55,3.41,1.73,1.13,1.24,0.83,0,0.73,neutral,neutral,0,-0.62,32,4630,1,
s18700,PUMPUSDT,1784073600000,train,1,6.19,0.733,6.89,6.03,2.2,5.48,2.66,2.02,3.38,2.18,0,0.72,neutral,neutral,0,1.659,32,4631,0,
s18701,PENDLEUSDT,1784073600000,train,1,3.97,0.511,5.54,4.16,0.47,3.26,1.36,1.21,1.12,0.84,1,0.72,neutral,neutral,0,-0.626,32,4631,0,
s18702,LDOUSDT,1784073600000,testB,1,2.11,0.445,2.6,2.27,0.71,1.39,1.05,0.4,0.74,0.81,0,0.72,neutral,alcista,0,-1.0,6,4630,2,
s18703,PUMPUSDT,1784074500000,train,1,5.96,0.726,6.42,5.75,2.17,5.27,2.47,2.02,3.38,2.18,0,0.69,neutral,neutral,0,1.667,32,4632,1,
s18704,TIAUSDT,1784074500000,train,1,2.37,0.463,3.27,2.53,0.96,1.68,1.09,0.68,0.85,1.0,0,0.69,neutral,alcista,0,-1.0,19,4632,2,
s18705,PENDLEUSDT,1784074500000,train,1,3.36,0.403,5.57,3.62,0.5,2.67,0.71,1.21,1.12,0.84,1,0.69,neutral,neutral,0,-0.489,32,4632,0,
s18706,PUMPUSDT,1784075400000,train,1,4.68,0.528,6.07,4.41,1.94,4.21,1.31,2.02,3.38,2.18,0,0.47,neutral,neutral,1,2.0,4,4633,0,
s18707,ARBUSDT,1784075400000,train,1,2.92,0.674,3.3,2.94,2.11,2.46,1.79,0.46,0.63,0.59,0,0.47,neutral,alcista,0,-1.0,9,4633,2,
s18708,TIAUSDT,1784075400000,train,1,2.6,0.495,3.26,2.7,1.15,2.13,1.17,0.68,0.85,1.0,0,0.47,neutral,alcista,0,-1.0,18,4633,3,
s18709,PENDLEUSDT,1784075400000,train,1,3.16,0.367,5.58,3.09,0.59,2.69,0.1,1.21,1.12,0.84,1,0.47,neutral,neutral,0,-0.225,32,4633,0,
s18710,ONDOUSDT,1784075400000,train,1,2.01,0.434,2.22,2.22,2.73,1.54,1.51,1.08,1.34,1.15,0,0.47,neutral,alcista,0,-0.056,32,4632,5,
s18711,PUMPUSDT,1784076300000,train,1,5.37,0.562,6.03,5.17,1.64,4.97,1.96,2.02,3.38,2.18,0,0.4,neutral,neutral,1,2.0,13,4634,1,
s18712,0GUSDT,1784076300000,train,1,2.52,0.468,3.13,2.91,2.29,2.12,1.8,0.85,0.78,0.87,0,0.4,neutral,alcista,1,2.0,17,4634,3,
s18713,ARBUSDT,1784076300000,train,1,2.74,0.66,3.25,2.84,2.15,2.34,1.71,0.46,0.63,0.59,0,0.4,neutral,alcista,0,-1.0,8,4634,3,
s18714,TIAUSDT,1784076300000,train,1,2.94,0.527,3.25,3.03,1.05,2.54,1.34,0.68,0.85,1.0,0,0.4,neutral,alcista,0,-1.0,17,4634,4,
s18715,PENDLEUSDT,1784076300000,train,1,2.96,0.353,5.24,2.9,0.46,2.56,0.24,1.21,1.12,0.84,1,0.4,neutral,neutral,0,-0.396,32,4634,1,
s18716,PUMPUSDT,1784077200000,train,1,5.56,0.571,5.72,5.39,1.37,5.37,2.32,2.74,3.82,2.45,0,0.18,neutral,alcista,0,1.622,32,4635,2,
s18717,0GUSDT,1784077200000,train,1,4.58,0.615,4.99,4.88,5,4.4,3.56,2.18,1.37,1.19,1,0.18,neutral,alcista,0,0.652,32,4635,4,
s18718,TIAUSDT,1784077200000,train,1,2.19,0.367,2.95,2.17,1.0,2.01,0.72,0.71,0.8,1.0,0,0.18,neutral,neutral,0,-1.0,16,4635,0,
s18719,ARUSDT,1784077200000,testB,1,3.02,0.545,3.37,3.13,5,2.84,2.38,1.86,1.63,1.24,1,0.18,neutral,alcista,0,-1.0,25,4634,5,
s18720,0GUSDT,1784078100000,train,1,3.82,0.519,5.11,4.56,5,3.57,2.88,2.18,1.37,1.19,1,0.26,neutral,neutral,0,0.952,32,4636,0,
s18721,ARUSDT,1784078100000,testB,1,3.36,0.573,3.83,3.79,5,3.11,2.81,1.86,1.63,1.24,1,0.26,neutral,alcista,0,-1.0,24,4635,6,
s18722,0GUSDT,1784079000000,train,1,4.74,0.58,5.83,5.34,5,4.77,3.37,2.18,1.37,1.19,1,-0.03,neutral,neutral,0,0.786,32,4637,1,
s18723,0GUSDT,1784079900000,train,1,5.49,0.64,7.05,5.86,5,5.5,3.53,2.18,1.37,1.19,1,-0.01,neutral,alcista,0,0.5,32,4638,2,
s18724,TIAUSDT,1784079900000,train,1,2.07,0.362,2.6,2.6,0.84,2.08,1.49,0.71,0.8,1.0,0,-0.01,neutral,alcista,0,-1.0,13,4638,3,
s18725,0GUSDT,1784080800000,train,1,6.44,0.757,6.97,6.16,3.32,6.17,3.48,3.08,1.76,1.39,1,0.27,neutral,alcista,0,0.254,32,4639,3,
s18726,0GUSDT,1784081700000,train,1,6.12,0.748,6.36,5.82,2.28,6.75,3.4,3.08,1.76,1.39,1,-0.63,neutral,alcista,0,0.259,32,4640,4,
s18727,PENDLEUSDT,1784081700000,train,-1,-2.52,0.523,3.25,3.17,0.4,-1.88,0.95,1.25,0.89,0.83,1,-0.63,neutral,bajista,0,-0.706,32,4640,4,
s18728,0GUSDT,1784082600000,train,1,5.13,0.592,7.11,5.15,2.28,5.68,2.44,3.08,1.76,1.39,1,-0.54,neutral,neutral,0,0.432,32,4641,0,
s18729,PENDLEUSDT,1784082600000,train,-1,-2.15,0.449,2.6,2.3,0.43,-1.61,0.73,1.25,0.89,0.83,1,-0.54,neutral,neutral,0,-1.0,30,4641,0,
s18730,0GUSDT,1784083500000,train,1,5.31,0.624,7.11,5.15,1.56,5.88,2.27,3.08,1.76,1.39,1,-0.56,neutral,neutral,0,0.421,32,4642,0,
s18731,0GUSDT,1784084400000,train,1,4.05,0.436,7.07,4.11,1.47,4.64,1.07,3.72,2.06,1.49,1,-0.59,neutral,neutral,0,1.16,32,4643,0,
s18732,PENDLEUSDT,1784085300000,train,-1,-2.03,0.433,3.09,2.97,1.33,-1.58,1.33,0.96,0.88,0.85,1,-0.46,neutral,neutral,0,-1.0,27,4644,1,
s18733,ONDOUSDT,1784085300000,train,1,2.61,0.451,2.98,2.61,2.12,3.07,1.44,1.29,1.11,1.21,0,-0.46,neutral,alcista,0,-0.071,32,4643,4,
s18734,XPLUSDT,1784086200000,train,1,2.29,0.378,3.53,2.37,2.9,2.75,1.41,0.83,1.25,1.14,0,-0.47,neutral,alcista,0,-1.0,16,4645,4,
s18735,PUMPUSDT,1784086200000,train,1,7.06,0.43,10.35,7.89,0.67,7.52,3.37,4.08,4.02,2.76,1,-0.47,neutral,alcista,0,0.125,32,4645,2,
s18736,ONDOUSDT,1784086200000,train,1,2.16,0.37,2.8,2.18,2.33,2.63,1.12,1.29,1.11,1.21,0,-0.47,neutral,neutral,0,0.257,32,4644,0,
s18737,XPLUSDT,1784087100000,train,1,2.16,0.361,3.53,2.34,3.05,2.55,1.22,0.83,1.25,1.14,0,-0.39,neutral,neutral,0,-1.0,15,4646,0,
s18738,ONDOUSDT,1784087100000,train,1,2.29,0.383,2.7,2.27,2.37,2.68,1.15,1.29,1.11,1.21,0,-0.39,neutral,neutral,0,0.11,32,4645,1,
s18739,XPLUSDT,1784088000000,train,1,2.32,0.39,3.53,2.4,2.67,2.47,1.19,0.9,0.89,1.16,0,-0.15,neutral,neutral,0,-1.0,14,4647,1,
s18740,ONDOUSDT,1784088000000,train,1,2.25,0.38,2.76,2.26,2.45,2.4,1.19,1.42,1.12,1.21,0,-0.15,neutral,alcista,0,0.192,32,4646,2,
s18741,0GUSDT,1784088900000,train,1,4.37,0.352,6.47,4.24,0.98,4.57,1.65,5.34,2.87,1.85,1,-0.2,neutral,alcista,1,2.0,31,4648,2,
s18742,ARBUSDT,1784088900000,train,-1,-2.76,0.379,4.37,4.28,0.66,-2.56,1.49,0.63,0.51,0.63,0,-0.2,neutral,bajista,0,0.125,32,4648,2,
s18743,0GUSDT,1784089800000,train,1,6.33,0.441,6.11,5.9,1.51,6.3,3.62,5.34,2.87,1.85,1,0.03,neutral,alcista,1,2.0,32,4649,3,
s18744,ARBUSDT,1784089800000,train,-1,-3.84,0.595,4.69,4.47,0.82,-3.87,1.57,0.63,0.51,0.63,0,0.03,neutral,bajista,0,-0.035,32,4649,3,
s18745,0GUSDT,1784090700000,train,1,5.09,0.384,5.32,4.95,1.74,5.2,3.17,5.34,2.87,1.85,1,-0.12,neutral,neutral,1,2.0,29,4650,0,
s18746,ARBUSDT,1784090700000,train,-1,-3.93,0.611,4.35,4.17,0.97,-3.82,1.45,0.63,0.51,0.63,0,-0.12,neutral,bajista,0,-0.251,32,4650,4,
s18747,0GUSDT,1784091600000,train,1,5.26,0.397,7.13,7.03,1.89,5.44,4.87,7.98,4.23,2.52,1,-0.18,neutral,neutral,0,0.711,32,4651,1,
s18748,ARBUSDT,1784091600000,train,-1,-3.61,0.588,4.64,4.25,1.36,-3.43,1.83,0.66,0.51,0.61,0,-0.18,neutral,bajista,0,-0.433,32,4651,5,
s18749,ARUSDT,1784091600000,testB,-1,-2.49,0.495,3.51,3.46,0.25,-2.31,0.65,2.34,1.47,1.28,1,-0.18,neutral,bajista,0,-0.377,32,4650,2,
s18750,0GUSDT,1784092500000,train,1,5.44,0.414,8.19,6.88,2.89,5.73,4.18,7.98,4.23,2.52,1,-0.28,neutral,neutral,0,0.742,32,4652,0,
s18751,ARBUSDT,1784092500000,train,-1,-3.58,0.586,4.64,4.35,1.25,-3.3,1.87,0.66,0.51,0.61,0,-0.28,neutral,bajista,0,-0.314,32,4652,6,
s18752,ARUSDT,1784092500000,testB,-1,-3.11,0.711,3.51,3.41,0.4,-2.82,0.57,2.34,1.47,1.28,1,-0.28,neutral,neutral,0,-0.309,32,4651,0,
s18753,ARBUSDT,1784093400000,train,-1,-2.27,0.408,3.64,2.97,1.03,-2.25,1.37,0.66,0.51,0.61,0,-0.02,neutral,neutral,0,-0.248,32,4653,0,
s18754,JUPUSDT,1784093400000,train,1,2.57,0.422,2.83,2.73,0.97,2.59,1.54,0.78,0.73,1.15,0,-0.02,neutral,neutral,0,-1.0,6,4653,1,
s18755,JUPUSDT,1784094300000,train,1,2.31,0.398,3.41,3.14,1.23,1.89,1.82,0.78,0.73,1.15,0,0.43,neutral,alcista,0,-1.0,5,4654,2,
s18756,LDOUSDT,1784094300000,testB,1,2.69,0.355,4.03,3.07,0.93,2.27,1.08,0.57,0.49,0.81,0,0.43,neutral,alcista,0,-0.689,32,4653,2,
s18757,ARBUSDT,1784095200000,train,-1,-2.28,0.402,3.63,2.48,0.73,-2.79,0.61,0.64,0.54,0.62,0,0.51,neutral,neutral,0,0.148,32,4655,1,
s18758,LDOUSDT,1784096100000,testB,1,2.92,0.404,4.03,3.07,0.9,2.2,1.08,0.59,0.49,0.8,0,0.72,neutral,neutral,0,-0.796,32,4655,0,
s18759,PUMPUSDT,1784098800000,train,1,3.26,0.394,5.04,3.64,0.51,2.9,0.77,3.29,3.02,3.09,0,0.36,neutral,neutral,0,-0.217,32,4659,1,
s18760,PUMPUSDT,1784099700000,train,1,3.2,0.383,4.56,3.1,0.69,3.34,0.68,3.29,3.02,3.09,0,-0.14,neutral,neutral,0,0.392,32,4660,0,
s18761,ARBUSDT,1784099700000,train,-1,-2.99,0.503,4.09,3.62,2.26,-2.85,2.21,0.67,0.6,0.64,0,-0.14,neutral,bajista,0,-1.0,22,4660,3,
s18762,XPLUSDT,1784100600000,train,-1,-2.42,0.406,3.69,3.19,0.89,-2.27,1.08,1.02,0.74,1.16,0,-0.15,neutral,bajista,0,0.139,32,4661,3,
s18763,ARBUSDT,1784100600000,train,-1,-3.07,0.523,4.08,3.55,2.15,-2.92,1.86,0.67,0.6,0.64,0,-0.15,neutral,neutral,0,-1.0,21,4661,0,
s18764,XPLUSDT,1784101500000,train,-1,-2.62,0.426,3.55,3.28,1.14,-2.26,1.32,1.02,0.74,1.16,0,-0.36,neutral,bajista,0,0.013,32,4662,4,
s18765,STBLUSDT,1784101500000,train,1,2.78,0.36,4.12,3.26,1.36,3.14,1.61,1.39,0.86,1.1,0,-0.36,neutral,alcista,0,-0.092,32,4662,2,
s18766,ARBUSDT,1784101500000,train,-1,-3.21,0.564,4.08,3.41,1.39,-2.85,1.61,0.67,0.6,0.64,0,-0.36,neutral,neutral,0,-1.0,20,4662,0,
s18767,JUPUSDT,1784101500000,train,-1,-3.32,0.406,5.28,5.18,1.09,-2.96,2.28,1.03,0.78,1.14,0,-0.36,neutral,bajista,0,-0.346,32,4662,6,
s18768,LDOUSDT,1784101500000,testB,-1,-2.7,0.419,3.67,3.42,0.69,-2.34,1.19,0.54,0.49,0.78,0,-0.36,neutral,neutral,0,-0.437,32,4661,1,
s18769,XPLUSDT,1784102400000,train,-1,-2.46,0.39,3.23,2.54,1.08,-2.1,1.01,0.99,0.75,1.16,0,-0.36,neutral,neutral,0,0.593,32,4663,0,
s18770,ARBUSDT,1784102400000,train,-1,-2.92,0.535,3.74,3.04,1.42,-2.56,1.4,0.63,0.62,0.64,0,-0.36,neutral,neutral,0,-1.0,19,4663,0,
s18771,JUPUSDT,1784107800000,train,-1,-3.48,0.503,5.42,4.32,0.46,-3.49,0.9,1.11,0.83,1.05,0,0.01,neutral,neutral,0,-0.189,32,4669,1,
s18772,JUPUSDT,1784108700000,train,-1,-3.92,0.603,5.38,4.32,0.38,-3.5,0.84,1.11,0.83,1.05,0,-0.42,neutral,bajista,0,-0.178,32,4670,2,
s18773,JUPUSDT,1784109600000,train,-1,-3.03,0.537,4.42,3.36,0.39,-2.65,0.76,0.96,0.83,1.03,0,-0.38,neutral,neutral,0,-0.386,32,4671,0,
s18774,JUPUSDT,1784110500000,train,-1,-3.54,0.585,4.34,3.76,0.46,-2.99,1.26,0.96,0.83,1.03,0,-0.55,neutral,neutral,0,-0.5,32,4672,1,
s18775,JUPUSDT,1784111400000,train,-1,-2.44,0.448,3.37,2.55,0.41,-1.86,0.98,0.96,0.83,1.03,0,-0.59,neutral,neutral,0,-0.566,32,4673,0,
s18776,0GUSDT,1784113200000,train,1,4.54,0.379,5.86,4.65,0.63,4.76,1.97,9.42,9.36,4.87,1,-0.22,neutral,alcista,1,2.0,4,4675,4,
s18777,0GUSDT,1784114100000,train,1,5.92,0.445,6.36,5.75,1.06,5.76,3.47,9.42,9.36,4.87,1,0.16,neutral,alcista,0,-0.08,32,4676,5,
s18778,INJUSDT,1784114100000,train,1,2.45,0.682,2.59,2.55,1.05,2.28,1.24,0.77,0.77,1.07,0,0.16,neutral,neutral,0,0.578,32,4676,1,
s18779,TIAUSDT,1784114100000,train,1,2.53,0.586,3.38,2.78,1.22,2.36,1.09,0.99,0.92,0.93,0,0.16,neutral,alcista,0,0.183,32,4676,2,
s18780,PENDLEUSDT,1784114100000,train,1,2.12,0.414,4.12,2.82,1.01,1.96,0.44,0.86,0.82,1.03,0,0.16,neutral,neutral,0,0.576,32,4676,1,
s18781,0GUSDT,1784115000000,train,1,4.74,0.379,6.89,4.68,1.92,4.61,2.95,9.42,9.36,4.87,1,0.13,neutral,neutral,0,-0.363,32,4677,0,
s18782,INJUSDT,1784115000000,train,1,2.67,0.701,3.0,2.84,1.63,2.54,1.45,0.77,0.77,1.07,0,0.13,neutral,alcista,0,0.385,32,4677,2,
s18783,TIAUSDT,1784115000000,train,1,3.76,0.679,4.19,4.1,1.8,3.63,2.28,0.99,0.92,0.93,0,0.13,neutral,alcista,0,-0.267,32,4677,3,
s18784,PENDLEUSDT,1784115000000,train,1,2.15,0.417,4.12,2.92,0.78,2.01,0.56,0.86,0.82,1.03,0,0.13,neutral,alcista,0,0.638,32,4677,2,
s18785,INJUSDT,1784115900000,train,1,2.67,0.701,3.13,3.03,1.45,2.39,1.5,0.77,0.77,1.07,0,0.28,neutral,alcista,0,0.281,32,4678,3,
s18786,TIAUSDT,1784115900000,train,1,3.81,0.681,4.41,4.17,2.12,3.53,2.14,0.99,0.92,0.93,0,0.28,neutral,alcista,0,-0.4,32,4678,4,
s18787,PENDLEUSDT,1784115900000,train,1,2.56,0.496,4.11,3.1,0.59,2.28,0.66,0.86,0.82,1.03,0,0.28,neutral,alcista,0,0.432,32,4678,3,
s18788,INJUSDT,1784116800000,train,1,3.58,0.772,3.89,3.6,2.07,3.37,2.24,1.13,0.93,1.01,0,0.21,neutral,alcista,0,0.202,32,4679,4,
s18789,TIAUSDT,1784116800000,train,1,3.22,0.52,4.46,3.33,2.33,3.0,1.43,1.11,0.97,0.91,1,0.21,neutral,neutral,0,-0.122,32,4679,0,
s18790,PENDLEUSDT,1784116800000,train,1,2.46,0.468,3.62,2.4,0.76,2.25,0.54,1.04,0.9,1.01,0,0.21,neutral,neutral,0,0.743,32,4679,0,
s18791,ONDOUSDT,1784116800000,train,1,2.02,0.516,2.19,2.13,1.27,1.8,0.98,1.91,1.67,1.49,1,0.21,neutral,neutral,1,2.0,4,4678,1,
s18792,INJUSDT,1784117700000,train,1,3.61,0.774,3.84,3.72,2.55,3.55,2.26,1.13,0.93,1.01,0,0.06,neutral,alcista,0,0.153,32,4680,5,
s18793,TIAUSDT,1784117700000,train,1,2.84,0.455,4.25,2.91,2.39,2.78,1.07,1.11,0.97,0.91,1,0.06,neutral,neutral,0,0.091,32,4680,0,
s18794,PENDLEUSDT,1784117700000,train,1,2.82,0.503,3.4,2.83,0.94,2.76,1.06,1.04,0.9,1.01,0,0.06,neutral,neutral,0,0.405,32,4680,1,
s18795,ONDOUSDT,1784117700000,train,1,2.01,0.516,2.65,2.0,2.25,1.95,1.22,1.91,1.67,1.49,1,0.06,neutral,alcista,1,2.0,3,4679,2,
s18796,INJUSDT,1784118600000,train,1,3.43,0.707,4.2,3.53,2.35,3.35,1.85,1.13,0.93,1.01,0,0.08,neutral,neutral,0,0.128,32,4681,0,
s18797,TIAUSDT,1784118600000,train,1,2.72,0.433,4.25,2.84,1.47,2.63,0.9,1.11,0.97,0.91,1,0.08,neutral,neutral,0,0.178,32,4681,0,
s18798,PENDLEUSDT,1784118600000,train,1,2.16,0.424,3.22,2.57,1.2,2.08,0.91,1.04,0.9,1.01,0,0.08,neutral,neutral,0,0.468,32,4681,0,
s18799,ONDOUSDT,1784118600000,train,1,2.1,0.528,3.31,2.42,3.86,2.01,1.5,1.91,1.67,1.49,1,0.08,neutral,alcista,1,2.0,30,4680,3,
s18800,WLDUSDT,1784119500000,train,1,3.02,0.441,3.15,3.0,2.17,2.42,1.71,0.92,0.87,0.82,1,0.6,neutral,neutral,0,-1.0,13,4682,1,
s18801,ENAUSDT,1784119500000,train,1,2.01,0.4,2.4,2.07,1.51,1.41,1.52,1.13,0.87,0.92,0,0.6,neutral,alcista,0,-1.0,25,4682,3,
s18802,ARBUSDT,1784119500000,train,1,2.68,0.619,3.17,2.7,1.97,2.08,1.71,0.52,0.58,0.61,0,0.6,neutral,alcista,0,-1.0,13,4682,2,
s18803,OPUSDT,1784119500000,train,1,2.27,0.511,2.42,2.22,3.38,1.67,1.59,0.89,0.77,0.76,1,0.6,neutral,alcista,0,-0.478,32,4682,2,
s18804,INJUSDT,1784119500000,train,1,5.23,0.826,5.1,4.99,3.28,4.63,3.12,1.13,0.93,1.01,0,0.6,neutral,neutral,0,-0.244,32,4682,1,
s18805,TIAUSDT,1784119500000,train,1,3.78,0.537,4.22,3.69,1.09,3.18,1.63,1.11,0.97,0.91,1,0.6,neutral,neutral,0,-0.116,32,4682,1,
s18806,SEIUSDT,1784119500000,train,1,2.09,0.505,2.47,2.19,2.77,1.49,1.68,0.79,0.67,0.69,0,0.6,neutral,alcista,0,-1.0,15,4682,4,
s18807,PENDLEUSDT,1784119500000,train,1,3.89,0.625,3.95,3.79,2.14,3.29,2.1,1.04,0.9,1.01,0,0.6,neutral,neutral,0,-0.091,32,4682,1,
s18808,ONDOUSDT,1784119500000,train,1,3.66,0.661,4.28,3.89,5,3.06,2.78,1.91,1.67,1.49,1,0.6,neutral,alcista,1,2.0,31,4681,4,
s18809,WLDUSDT,1784120400000,train,1,2.6,0.387,3.22,2.51,2.6,1.76,1.44,1.06,0.93,0.79,1,0.84,neutral,neutral,0,-1.0,5,4683,0,
s18810,ENAUSDT,1784120400000,train,1,2.41,0.444,3.32,2.61,2.33,1.57,1.86,1.43,1.05,0.9,1,0.84,neutral,alcista,0,-1.0,24,4683,4,
s18811,ARBUSDT,1784120400000,train,1,2.55,0.608,3.02,2.61,2.03,1.71,1.76,0.51,0.59,0.58,0,0.84,neutral,alcista,0,-1.0,11,4683,3,
s18812,OPUSDT,1784120400000,train,1,2.46,0.532,2.88,2.69,2.84,1.62,1.94,1.16,0.93,0.78,1,0.84,neutral,alcista,0,-0.607,32,4683,3,
s18813,INJUSDT,1784120400000,train,1,5.66,0.838,5.69,5.53,2.85,4.82,3.37,1.46,1.1,0.99,1,0.84,neutral,alcista,0,-0.274,32,4683,2,
s18814,TIAUSDT,1784120400000,train,1,3.59,0.525,4.23,3.63,1.03,2.75,1.73,1.24,1.04,0.91,1,0.84,neutral,alcista,0,-1.0,14,4683,2,
s18815,PENDLEUSDT,1784120400000,train,1,2.74,0.497,3.29,2.7,2.35,1.9,1.65,1.48,1.16,1.05,1,0.84,neutral,neutral,0,0.081,32,4683,0,
s18816,ONDOUSDT,1784120400000,train,1,5.06,0.73,6.3,5.35,5,4.22,3.88,3.01,2.29,1.69,1,0.84,neutral,alcista,0,1.511,32,4682,5,
s18817,OPUSDT,1784121300000,train,1,2.26,0.511,2.88,2.69,3.31,1.52,1.73,1.16,0.93,0.78,1,0.75,neutral,neutral,0,-0.607,32,4684,0,
s18818,INJUSDT,1784121300000,train,1,4.94,0.726,5.63,5.11,2.59,4.19,2.7,1.46,1.1,0.99,1,0.75,neutral,neutral,0,-0.117,32,4684,0,
s18819,TIAUSDT,1784121300000,train,1,2.96,0.471,3.71,3.06,1.12,2.21,1.52,1.24,1.04,0.91,1,0.75,neutral,neutral,0,-1.0,13,4684,0,
s18820,PENDLEUSDT,1784121300000,train,1,4.36,0.612,4.57,4.49,2.9,3.62,3.42,1.48,1.16,1.05,1,0.75,neutral,neutral,0,-0.404,32,4684,1,
s18821,ONDOUSDT,1784121300000,train,1,4.77,0.68,6.31,5.18,5,4.03,3.28,3.01,2.29,1.69,1,0.75,neutral,neutral,0,1.649,32,4683,0,
s18822,ENAUSDT,1784122200000,train,1,2.12,0.444,3.33,2.4,2.08,1.25,1.3,1.43,1.05,0.9,1,0.87,neutral,neutral,0,-1.0,22,4685,0,
s18823,OPUSDT,1784122200000,train,1,2.37,0.545,3.08,2.5,2.8,1.5,1.4,1.16,0.93,0.78,1,0.87,neutral,neutral,0,-0.577,32,4685,0,
s18824,INJUSDT,1784122200000,train,1,4.18,0.551,5.69,4.17,2.4,3.31,1.55,1.46,1.1,0.99,1,0.87,neutral,neutral,0,-0.042,32,4685,0,
s18825,PENDLEUSDT,1784122200000,train,1,2.96,0.358,4.88,3.12,3.74,2.1,1.98,1.48,1.16,1.05,1,0.87,neutral,neutral,0,-0.205,32,4685,0,
s18826,ONDOUSDT,1784122200000,train,1,4.81,0.687,6.32,5.04,4.7,3.95,2.82,3.01,2.29,1.69,1,0.87,neutral,neutral,0,1.639,32,4684,0,
s18827,ENAUSDT,1784123100000,train,1,2.13,0.448,3.33,2.39,1.73,1.44,1.14,1.43,1.05,0.9,1,0.69,neutral,neutral,0,-1.0,21,4686,0,
s18828,OPUSDT,1784123100000,train,1,2.37,0.545,3.09,2.32,2.45,1.68,1.03,1.16,0.93,0.78,1,0.69,neutral,neutral,0,-0.667,32,4686,0,
s18829,INJUSDT,1784123100000,train,1,4.72,0.581,5.54,4.59,1.95,4.03,1.89,1.46,1.1,0.99,1,0.69,neutral,neutral,0,-0.232,32,4686,1,
s18830,ONDOUSDT,1784123100000,train,1,4.86,0.695,6.34,4.81,3.3,4.17,2.3,3.01,2.29,1.69,1,0.69,neutral,neutral,1,2.0,30,4685,0,
s18831,APEUSDT,1784123100000,testB,1,2.96,0.393,5.22,4.96,1.62,2.27,2.94,0.88,0.8,0.65,1,0.69,neutral,neutral,0,0.25,32,4685,1,
s18832,XPLUSDT,1784124000000,train,-1,-2.58,0.455,3.17,2.96,1.55,-3.33,1.66,1.03,1.01,1.06,0,0.75,neutral,bajista,0,-0.136,32,4687,5,
s18833,INJUSDT,1784124000000,train,1,3.79,0.482,5.23,3.94,1.4,3.04,1.36,1.61,1.17,0.98,1,0.75,neutral,neutral,0,-0.197,32,4687,0,
s18834,ONDOUSDT,1784124000000,train,1,4.57,0.652,6.35,4.67,1.0,3.82,1.92,3.11,2.39,1.67,1,0.75,neutral,neutral,1,2.0,28,4686,0,
s18835,INJUSDT,1784124900000,train,1,3.05,0.354,5.07,2.96,1.38,1.97,0.52,1.61,1.17,0.98,1,1.08,neutral,neutral,0,0.166,32,4688,0,
s18836,ONDOUSDT,1784124900000,train,1,4.39,0.609,6.21,4.23,0.83,3.31,1.49,3.11,2.39,1.67,1,1.08,neutral,neutral,1,2.0,27,4687,0,
s18837,INJUSDT,1784125800000,train,1,3.14,0.361,4.74,3.12,1.21,2.04,0.91,1.61,1.17,0.98,1,1.09,neutral,neutral,0,-0.144,32,4689,1,
s18838,ONDOUSDT,1784125800000,train,1,3.93,0.583,5.7,3.87,0.65,2.83,1.52,3.11,2.39,1.67,1,1.09,neutral,neutral,1,2.0,25,4688,1,
s18839,INJUSDT,1784126700000,train,1,3.04,0.355,4.45,3.17,0.76,1.91,1.05,1.61,1.17,0.98,1,1.13,neutral,alcista,0,-0.337,32,4690,2,
s18840,ONDOUSDT,1784126700000,train,1,3.98,0.587,5.68,4.18,0.44,2.84,1.66,3.11,2.39,1.67,1,1.13,neutral,alcista,1,2.0,25,4689,2,
s18841,ONDOUSDT,1784127600000,train,1,3.72,0.545,5.69,4.04,0.44,2.69,1.38,3.25,2.3,1.65,1,1.04,neutral,neutral,1,2.0,24,4690,0,
s18842,APEUSDT,1784127600000,testB,1,3.29,0.353,5.43,3.38,1.63,2.25,1.06,1.4,1.14,0.8,1,1.04,neutral,neutral,0,0.392,32,4690,1,
s18843,ONDOUSDT,1784128500000,train,1,3.7,0.538,5.64,3.75,0.46,2.52,0.95,3.25,2.3,1.65,1,1.18,neutral,neutral,1,2.0,22,4691,0,
s18844,APEUSDT,1784128500000,testB,1,5.59,0.482,5.88,5.81,1.59,4.41,3.4,1.4,1.14,0.8,1,1.18,neutral,alcista,0,-0.178,32,4691,2,
s18845,ONDOUSDT,1784129400000,train,1,3.31,0.512,5.27,3.51,0.43,2.1,0.93,3.25,2.3,1.65,1,1.22,neutral,neutral,1,2.0,20,4692,1,
s18846,APEUSDT,1784129400000,testB,1,6.56,0.533,6.67,6.54,1.97,5.34,3.79,1.4,1.14,0.8,1,1.22,neutral,alcista,0,-0.275,32,4692,3,
s18847,ONDOUSDT,1784130300000,train,1,3.22,0.491,5.28,3.3,0.37,2.17,0.63,3.25,2.3,1.65,1,1.06,neutral,neutral,1,2.0,18,4693,0,
s18848,APEUSDT,1784130300000,testB,1,7.66,0.577,7.43,7.43,2.43,6.6,4.34,1.4,1.14,0.8,1,1.06,neutral,alcista,0,-0.376,32,4693,4,
s18849,ARBUSDT,1784131200000,train,-1,-2.11,0.367,4.45,4.17,1.09,-2.68,1.67,0.67,0.64,0.58,1,0.57,neutral,bajista,0,-0.203,32,4695,2,
s18850,APEUSDT,1784131200000,testB,1,6.08,0.41,7.47,5.8,3.21,5.52,2.49,1.93,1.36,0.94,1,0.57,neutral,neutral,0,-0.222,32,4694,0,
s18851,XPLUSDT,1784132100000,train,-1,-2.94,0.382,4.75,3.96,0.86,-3.68,1.72,1.2,0.93,0.9,1,0.74,neutral,bajista,0,-0.136,32,4696,2,
s18852,PUMPUSDT,1784132100000,train,1,3.38,0.385,3.69,3.39,2.03,2.64,1.9,2.57,2.5,3.26,0,0.74,neutral,neutral,0,-0.105,32,4696,1,
s18853,APEUSDT,1784132100000,testB,1,6.05,0.41,6.99,5.77,2.61,5.32,2.68,1.93,1.36,0.94,1,0.74,neutral,neutral,0,-0.356,32,4695,1,
s18854,ARBUSDT,1784133000000,train,-1,-2.4,0.393,5.06,4.01,1.47,-2.62,1.32,0.67,0.64,0.58,1,0.21,neutral,neutral,0,0.122,32,4697,1,
s18855,APEUSDT,1784133000000,testB,1,6.44,0.426,6.56,6.05,2.64,6.23,3.08,1.93,1.36,0.94,1,0.21,neutral,alcista,0,-0.484,32,4696,2,
s18856,XPLUSDT,1784133900000,train,-1,-3.25,0.505,4.88,4.05,1.24,-3.18,1.47,1.2,0.93,0.9,1,-0.07,neutral,neutral,0,-0.309,32,4698,0,
s18857,0GUSDT,1784133900000,train,-1,-6.65,0.525,8.72,7.28,0.44,-6.59,1.97,24.94,20.41,12.31,1,-0.07,neutral,bajista,0,0.423,32,4698,2,
s18858,WLDUSDT,1784133900000,train,-1,-3.89,0.597,5.16,4.64,1.15,-3.82,1.79,1.2,1.02,0.81,1,-0.07,neutral,bajista,0,-0.064,32,4698,2,
s18859,ARBUSDT,1784133900000,train,-1,-3.07,0.57,5.05,3.85,1.54,-3.0,1.11,0.67,0.64,0.58,1,-0.07,neutral,neutral,0,0.109,32,4698,0,
s18860,TIAUSDT,1784133900000,train,-1,-2.17,0.374,4.48,3.14,0.96,-2.1,0.74,1.3,1.13,0.9,1,-0.07,neutral,neutral,0,-0.574,32,4698,0,
s18861,XPLUSDT,1784134800000,train,-1,-2.95,0.474,4.14,3.27,1.1,-2.4,1.31,1.15,0.93,0.81,1,-0.56,neutral,neutral,0,-0.336,32,4699,0,
s18862,WLDUSDT,1784134800000,train,-1,-3.84,0.594,4.44,4.02,0.82,-3.29,1.7,1.17,1.0,0.81,1,-0.56,neutral,bajista,0,-0.049,32,4699,3,
s18863,ARBUSDT,1784134800000,train,-1,-3.39,0.653,4.8,3.67,1.13,-2.83,1.06,0.68,0.61,0.56,1,-0.56,neutral,neutral,0,0.109,32,4699,1,
s18864,TIAUSDT,1784134800000,train,-1,-2.45,0.446,3.92,2.56,0.87,-1.89,0.62,1.12,1.06,0.9,1,-0.56,neutral,neutral,0,-0.781,32,4699,0,
s18865,STXUSDT,1784134800000,testB,-1,-2.27,0.6,2.92,2.68,0.89,-1.72,0.82,1.17,1.37,1.01,0,-0.56,neutral,neutral,0,-0.311,32,4698,1,
s18866,WLDUSDT,1784135700000,train,-1,-3.09,0.476,4.38,3.56,0.76,-2.67,1.11,1.17,1.0,0.81,1,-0.42,neutral,neutral,0,-0.146,32,4700,0,
s18867,ARBUSDT,1784135700000,train,-1,-3.01,0.624,4.66,3.7,1.02,-2.59,1.19,0.68,0.61,0.56,1,-0.42,neutral,bajista,0,0.065,32,4700,2,
s18868,WLDUSDT,1784136600000,train,-1,-3.14,0.48,4.03,3.29,0.44,-2.77,1.32,1.17,1.0,0.81,1,-0.37,neutral,neutral,0,-0.211,32,4701,1,
s18869,ARBUSDT,1784136600000,train,-1,-2.67,0.57,3.81,2.75,0.53,-2.31,1.1,0.68,0.61,0.56,1,-0.37,neutral,neutral,0,0.104,32,4701,0,
s18870,LDOUSDT,1784136600000,testB,1,4.26,0.569,5.46,4.85,2.07,4.63,2.82,0.9,0.72,0.61,1,-0.37,neutral,alcista,0,1.12,32,4700,4,
s18871,WLDUSDT,1784137500000,train,-1,-2.34,0.369,3.87,2.84,0.41,-2.23,0.91,1.17,1.0,0.81,1,-0.1,neutral,neutral,0,-1.0,11,4702,0,
s18872,LDOUSDT,1784137500000,testB,1,6.52,0.669,7.09,6.83,2.98,6.62,4.56,0.9,0.72,0.61,1,-0.1,neutral,alcista,0,0.46,32,4701,5,
s18873,LDOUSDT,1784138400000,testB,1,7.15,0.736,7.39,7.07,3.09,7.4,4.37,1.08,0.83,0.66,1,-0.25,neutral,alcista,0,0.298,32,4702,6,
s18874,LDOUSDT,1784139300000,testB,1,6.88,0.688,8.12,6.61,3.38,7.29,3.79,1.08,0.83,0.66,1,-0.42,neutral,neutral,0,0.442,32,4703,0,
s18875,LDOUSDT,1784140200000,testB,1,6.13,0.593,8.08,6.04,2.62,6.73,2.94,1.08,0.83,0.66,1,-0.6,neutral,neutral,0,0.757,32,4704,0,
s18876,APEUSDT,1784140200000,testB,1,3.67,0.355,5.73,4.18,0.25,4.26,0.3,1.98,1.37,0.98,1,-0.6,neutral,neutral,0,-0.262,32,4704,0,
s18877,LDOUSDT,1784141100000,testB,1,5.69,0.558,7.83,5.64,1.71,6.5,2.56,1.08,0.83,0.66,1,-0.81,neutral,neutral,0,0.872,32,4705,0,
s18878,LDOUSDT,1784142000000,testB,1,5.49,0.55,7.48,5.35,1.28,6.21,2.37,1.1,0.88,0.68,1,-0.72,neutral,neutral,0,1.129,32,4706,1,
s18879,ENAUSDT,1784142900000,train,-1,-2.1,0.397,2.89,2.39,1.98,-1.27,1.14,1.11,1.27,0.92,0,-0.83,neutral,neutral,0,-0.384,32,4708,0,
s18880,LDOUSDT,1784142900000,testB,1,5.63,0.557,7.31,5.53,0.95,6.46,2.43,1.1,0.88,0.68,1,-0.83,neutral,alcista,0,0.959,32,4707,2,
s18881,0GUSDT,1784143800000,train,-1,-3.63,0.353,4.45,3.92,0.84,-2.87,1.93,5.54,16.94,13.03,0,-0.76,neutral,bajista,0,0.573,32,4709,3,
s18882,LDOUSDT,1784143800000,testB,1,6.07,0.576,7.26,6.23,0.9,6.82,2.84,1.1,0.88,0.68,1,-0.76,neutral,alcista,0,0.639,32,4708,3,
s18883,ENAUSDT,1784144700000,train,-1,-2.61,0.505,2.88,2.71,1.42,-1.93,1.21,1.11,1.27,0.92,0,-0.69,neutral,neutral,0,-0.58,32,4710,1,
s18884,LDOUSDT,1784144700000,testB,1,5.6,0.541,7.24,6.07,0.85,6.28,2.4,1.1,0.88,0.68,1,-0.69,neutral,neutral,0,0.746,32,4709,0,
s18885,ONDOUSDT,1784145600000,train,1,5.94,0.658,6.84,6.33,5,6.17,4.38,4.06,3.7,2.41,1,-0.23,neutral,alcista,0,0.715,32,4710,2,
s18886,LDOUSDT,1784145600000,testB,1,5.97,0.592,7.23,5.77,1.03,6.19,1.88,1.23,0.97,0.73,1,-0.23,neutral,neutral,0,0.975,32,4710,0,
s18887,ONDOUSDT,1784146500000,train,1,6.39,0.675,8.36,7.28,5,6.63,4.89,4.06,3.7,2.41,1,-0.24,neutral,alcista,0,0.397,32,4711,3,
s18888,LDOUSDT,1784146500000,testB,1,4.66,0.48,7.26,5.34,0.99,4.9,1.23,1.23,0.97,0.73,1,-0.24,neutral,neutral,0,1.118,32,4711,0,
s18889,WLDUSDT,1784147400000,train,1,2.55,0.575,3.6,2.87,1.45,2.45,1.38,0.75,0.89,0.84,0,0.1,neutral,neutral,0,-1.0,19,4713,0,
s18890,TIAUSDT,1784147400000,train,1,2.4,0.458,2.56,2.37,0.78,2.3,0.72,0.82,1.07,0.92,0,0.1,neutral,alcista,0,-0.444,32,4713,3,
s18891,ONDOUSDT,1784147400000,train,1,7.84,0.854,8.37,7.39,5,7.75,4.89,4.06,3.7,2.41,1,0.1,neutral,alcista,0,0.26,32,4712,4,
s18892,LDOUSDT,1784147400000,testB,1,6.26,0.622,6.89,5.86,0.84,6.16,1.89,1.23,0.97,0.73,1,0.1,neutral,neutral,0,0.689,32,4712,1,
s18893,WLDUSDT,1784148300000,train,1,2.5,0.558,3.56,2.59,1.97,2.73,1.18,0.75,0.89,0.84,0,-0.23,neutral,neutral,0,-1.0,18,4714,0,
s18894,SEIUSDT,1784148300000,train,1,2.04,0.454,2.49,2.1,2.96,2.27,1.24,1.25,1.16,0.78,1,-0.23,neutral,alcista,0,-1.0,18,4714,6,
s18895,LDOUSDT,1784148300000,testB,1,4.82,0.524,5.99,4.68,0.83,5.05,1.53,1.23,0.97,0.73,1,-0.23,neutral,neutral,0,0.86,32,4713,0,
s18896,WLDUSDT,1784149200000,train,1,2.53,0.567,3.54,2.49,1.71,2.73,0.94,0.71,0.88,0.85,0,-0.2,neutral,neutral,0,-1.0,17,4715,0,
s18897,TIAUSDT,1784149200000,train,1,2.09,0.417,2.24,2.05,0.96,2.29,0.88,0.81,1.06,0.93,0,-0.2,neutral,neutral,0,-1.0,27,4715,1,
s18898,SEIUSDT,1784149200000,train,1,2.73,0.544,2.86,2.68,2.66,2.92,1.63,1.27,1.22,0.82,1,-0.2,neutral,alcista,0,-1.0,17,4715,7,
s18899,LDOUSDT,1784149200000,testB,1,5.75,0.569,6.11,5.43,0.65,5.94,2.53,1.29,1.0,0.76,1,-0.2,neutral,neutral,0,0.658,32,4714,1,
s18900,LDOUSDT,1784150100000,testB,1,6.04,0.583,5.89,5.7,0.62,6.31,3.09,1.29,1.0,0.76,1,-0.27,neutral,alcista,0,0.446,32,4715,2,
s18901,LDOUSDT,1784151000000,testB,1,4.29,0.47,4.82,4.34,0.67,4.64,2.39,1.29,1.0,0.76,1,-0.35,neutral,neutral,0,0.871,32,4716,0,
s18902,LDOUSDT,1784153700000,testB,1,2.95,0.361,4.17,4.14,0.75,3.2,2.23,1.35,1.03,0.78,1,-0.25,neutral,neutral,0,0.591,32,4719,1,
s18903,LDOUSDT,1784155500000,testB,1,3.48,0.392,4.31,4.01,0.92,3.49,1.46,1.35,1.03,0.78,1,-0.01,neutral,neutral,0,0.833,32,4721,1,
s18904,LDOUSDT,1784156400000,testB,1,3.31,0.37,4.54,3.9,0.89,3.34,1.25,1.17,1.04,0.8,1,-0.03,neutral,neutral,0,0.757,32,4722,0,
s18905,LDOUSDT,1784157300000,testB,1,3.33,0.372,3.83,3.55,0.81,3.34,1.53,1.17,1.04,0.8,1,-0.02,neutral,neutral,0,0.898,32,4723,1,
s18906,PUMPUSDT,1784160000000,train,1,2.35,0.6,3.71,3.54,1.65,2.54,1.41,1.33,1.86,2.82,0,-0.19,neutral,alcista,0,-1.0,13,4727,4,
s18907,ONDOUSDT,1784160000000,train,1,5.41,0.578,6.11,5.51,0.64,5.6,2.67,8.04,5.77,3.74,1,-0.19,neutral,alcista,0,-0.074,32,4726,2,
s18908,WLDUSDT,1784160900000,train,-1,-2.1,0.608,3.26,2.91,1.1,-1.42,0.77,0.54,0.78,0.82,0,-0.68,neutral,neutral,0,0.737,32,4728,1,
s18909,LDOUSDT,1784160900000,testB,1,4.39,0.465,4.46,4.26,1.21,5.08,1.81,1.08,1.08,0.83,0,-0.68,neutral,alcista,0,0.213,32,4727,3,
s18910,0GUSDT,1784161800000,train,-1,-3.04,0.45,4.84,4.31,3.88,-2.32,1.86,2.88,7.91,14.51,0,-0.72,neutral,bajista,0,0.457,32,4729,3,
s18911,WLDUSDT,1784161800000,train,-1,-2.58,0.665,3.07,2.92,1.11,-1.86,1.08,0.54,0.78,0.82,0,-0.72,neutral,bajista,0,0.534,32,4729,2,
s18912,LDOUSDT,1784161800000,testB,1,3.33,0.386,3.99,3.5,1.14,4.05,1.53,1.08,1.08,0.83,0,-0.72,neutral,neutral,0,0.228,32,4728,0,
s18913,0GUSDT,1784162700000,train,-1,-2.83,0.407,4.81,3.81,3.48,-2.23,1.47,2.88,7.91,14.51,0,-0.59,neutral,neutral,0,0.625,32,4730,0,
s18914,WLDUSDT,1784162700000,train,-1,-2.15,0.56,2.99,2.65,0.97,-1.56,0.92,0.54,0.78,0.82,0,-0.59,neutral,neutral,0,0.533,32,4730,0,
s18915,LDOUSDT,1784162700000,testB,1,3.8,0.445,3.99,3.66,1.21,4.39,1.57,1.08,1.08,0.83,0,-0.59,neutral,neutral,0,0.008,32,4729,1,
s18916,0GUSDT,1784163600000,train,-1,-2.7,0.394,4.21,4.0,1.72,-2.25,2.02,2.81,4.52,14.34,0,-0.45,neutral,neutral,0,0.44,32,4731,1,
s18917,WLDUSDT,1784163600000,train,-1,-2.28,0.573,2.63,2.48,0.92,-1.83,1.13,0.59,0.7,0.82,0,-0.45,neutral,neutral,0,0.31,32,4731,1,
s18918,SEIUSDT,1784163600000,train,-1,-2.31,0.588,2.76,2.45,0.99,-1.86,0.77,1.22,1.13,0.95,1,-0.45,neutral,neutral,0,0.432,32,4731,1,
s18919,0GUSDT,1784164500000,train,-1,-2.9,0.437,4.69,4.0,1.19,-2.43,1.83,2.81,4.52,14.34,0,-0.47,neutral,neutral,0,0.4,32,4732,0,
s18920,SEIUSDT,1784164500000,train,-1,-2.1,0.563,2.64,2.2,1.35,-1.63,0.86,1.22,1.13,0.95,1,-0.47,neutral,bajista,0,0.415,32,4732,2,
s18921,XPLUSDT,1784170800000,train,-1,-2.88,0.508,4.02,3.26,2.0,-2.56,1.95,1.52,1.11,0.99,1,-0.32,neutral,neutral,0,1.397,32,4739,1,
s18922,XPLUSDT,1784171700000,train,-1,-4.37,0.61,5.8,5.12,3.27,-4.13,3.32,1.52,1.11,0.99,1,-0.24,neutral,bajista,0,0.494,32,4740,2,
s18923,PUMPUSDT,1784171700000,train,-1,-3.21,0.37,4.55,4.36,0.76,-2.97,2.11,1.31,1.65,2.19,0,-0.24,neutral,bajista,0,0.296,32,4740,3,
s18924,XPLUSDT,1784172600000,train,-1,-4.92,0.637,6.67,5.73,4.15,-4.8,3.53,1.52,1.11,0.99,1,-0.11,neutral,bajista,0,0.357,32,4741,3,
s18925,0GUSDT,1784172600000,train,-1,-3.11,0.448,4.71,4.33,0.37,-3.0,1.31,2.23,2.76,13.26,0,-0.11,neutral,bajista,0,0.136,32,4741,2,
s18926,XPLUSDT,1784173500000,train,-1,-6.13,0.686,8.65,7.39,5,-5.93,4.58,1.52,1.11,0.99,1,-0.2,neutral,bajista,0,0.041,32,4742,4,
s18927,0GUSDT,1784173500000,train,-1,-3.11,0.448,4.71,4.28,0.3,-2.91,1.13,2.23,2.76,13.26,0,-0.2,neutral,neutral,0,0.162,32,4742,0,
s18928,PENDLEUSDT,1784173500000,train,1,2.23,0.35,3.34,3.07,1.84,2.43,1.24,0.71,0.76,1.01,0,-0.2,neutral,alcista,0,-0.639,32,4742,2,
s18929,XPLUSDT,1784174400000,train,-1,-6.6,0.756,8.66,7.56,3.95,-6.33,4.27,1.78,1.13,1.02,1,-0.26,neutral,bajista,0,0.035,32,4743,5,
s18930,PUMPUSDT,1784174400000,train,-1,-4.83,0.488,5.27,5.08,1.38,-4.57,2.52,1.37,1.52,2.08,0,-0.26,neutral,bajista,0,0.049,32,4743,2,
s18931,0GUSDT,1784174400000,train,-1,-2.7,0.382,4.69,4.0,0.29,-2.43,0.79,2.1,2.34,12.74,0,-0.26,neutral,neutral,0,0.253,32,4743,0,
s18932,PENDLEUSDT,1784174400000,train,1,2.58,0.385,3.99,3.84,1.88,2.84,1.92,0.86,0.77,1.02,0,-0.26,neutral,alcista,0,-0.755,32,4743,3,
s18933,PUMPUSDT,1784175300000,train,-1,-3.4,0.377,4.51,4.08,1.22,-3.54,2.11,1.37,1.52,2.08,0,0.14,neutral,neutral,0,0.076,32,4744,0,
s18934,PENDLEUSDT,1784175300000,train,1,3.18,0.513,4.04,3.87,2.19,3.04,1.79,0.86,0.77,1.02,0,0.14,neutral,alcista,0,-0.718,32,4744,4,
s18935,XPLUSDT,1784176200000,train,-1,-5.05,0.503,8.59,6.62,1.67,-5.19,2.66,1.78,1.13,1.02,1,0.14,neutral,neutral,0,0.214,32,4745,0,
s18936,PENDLEUSDT,1784176200000,train,1,3.58,0.569,4.21,4.08,1.84,3.44,1.9,0.86,0.77,1.02,0,0.14,neutral,alcista,0,-1.0,32,4745,5,
s18937,XPLUSDT,1784177100000,train,-1,-5.73,0.62,8.58,6.58,0.71,-5.82,2.43,1.78,1.13,1.02,1,0.09,neutral,neutral,0,0.192,32,4746,0,
s18938,PUMPUSDT,1784177100000,train,-1,-3.52,0.444,4.58,4.21,1.39,-3.61,1.92,1.37,1.52,2.08,0,0.09,neutral,neutral,0,0.118,32,4746,1,
s18939,PENDLEUSDT,1784177100000,train,1,3.18,0.476,4.36,3.7,2.23,3.09,1.29,0.86,0.77,1.02,0,0.09,neutral,neutral,0,-1.0,31,4746,0,
s18940,XPLUSDT,1784178000000,train,-1,-5.44,0.583,8.57,6.37,0.5,-5.71,1.94,1.95,1.16,1.04,1,0.27,neutral,neutral,0,0.108,32,4747,0,
s18941,PENDLEUSDT,1784178000000,train,1,3.95,0.55,4.39,4.28,1.64,3.67,1.79,1.09,0.86,1.08,0,0.27,neutral,neutral,0,-1.0,30,4747,1,
s18942,XPLUSDT,1784178900000,train,-1,-5.37,0.579,8.58,6.57,0.42,-5.95,1.91,1.95,1.16,1.04,1,0.58,neutral,neutral,0,-0.053,32,4748,1,
s18943,PENDLEUSDT,1784178900000,train,1,4.32,0.573,4.49,4.16,2.03,3.74,2.06,1.09,0.86,1.08,0,0.58,neutral,alcista,0,-1.0,11,4748,2,
s18944,XPLUSDT,1784179800000,train,-1,-5.58,0.61,8.59,6.63,0.34,-6.05,1.88,1.95,1.16,1.04,1,0.47,neutral,bajista,0,-0.009,32,4749,2,
s18945,XPLUSDT,1784180700000,train,-1,-6.02,0.628,7.86,6.56,0.36,-6.33,2.29,1.95,1.16,1.04,1,0.31,neutral,bajista,0,-0.159,32,4750,3,
s18946,PUMPUSDT,1784180700000,train,-1,-3.71,0.456,4.29,4.04,0.79,-4.02,1.61,1.25,1.41,1.99,0,0.31,neutral,bajista,0,-0.308,32,4750,2,
s18947,WLDUSDT,1784180700000,train,-1,-2.1,0.453,3.34,2.29,0.82,-2.4,0.36,0.74,0.63,0.82,0,0.31,neutral,bajista,0,-0.185,32,4750,2,
s18948,XPLUSDT,1784181600000,train,-1,-5.5,0.604,7.15,6.3,0.42,-5.84,2.44,2.16,1.27,1.08,1,0.33,neutral,bajista,0,-0.261,32,4751,4,
s18949,XPLUSDT,1784182500000,train,-1,-5.84,0.63,7.17,6.58,0.45,-6.08,2.47,2.16,1.27,1.08,1,0.25,neutral,bajista,0,-0.381,32,4752,5,
s18950,PUMPUSDT,1784182500000,train,-1,-3.19,0.381,4.04,3.85,0.97,-3.43,1.41,1.17,1.26,1.97,0,0.25,neutral,neutral,0,-0.71,32,4752,1,
s18951,APEUSDT,1784182500000,testB,-1,-2.01,0.425,3.25,3.11,0.98,-2.26,0.85,0.42,0.49,0.95,0,0.25,neutral,neutral,0,-0.319,32,4751,1,
s18952,XPLUSDT,1784183400000,train,-1,-5.8,0.628,7.18,6.76,0.48,-6.02,2.36,2.16,1.27,1.08,1,0.22,neutral,bajista,0,-0.471,32,4753,6,
s18953,PUMPUSDT,1784183400000,train,-1,-4.02,0.475,4.75,4.37,1.23,-4.23,1.76,1.17,1.26,1.97,0,0.22,neutral,bajista,0,-0.686,32,4753,2,
s18954,WLDUSDT,1784183400000,train,-1,-2.28,0.531,3.27,2.64,1.02,-2.5,1.29,0.82,0.67,0.82,0,0.22,neutral,neutral,0,-0.41,32,4753,1,
s18955,XPLUSDT,1784184300000,train,-1,-6.45,0.661,7.9,7.42,0.64,-6.66,2.55,2.16,1.27,1.08,1,0.21,neutral,bajista,0,-0.498,32,4754,7,
s18956,PUMPUSDT,1784184300000,train,-1,-3.55,0.437,4.12,3.68,0.85,-3.76,1.46,1.17,1.26,1.97,0,0.21,neutral,neutral,0,-1.0,29,4754,0,
s18957,WLDUSDT,1784184300000,train,-1,-2.31,0.54,3.26,2.59,1.04,-2.51,1.03,0.82,0.67,0.82,0,0.21,neutral,neutral,0,-0.35,32,4754,0,
s18958,TIAUSDT,1784184300000,train,-1,-2.01,0.506,2.34,2.02,0.96,-2.22,1.09,0.72,0.69,0.88,0,0.21,neutral,bajista,0,0.699,32,4754,3,
s18959,XPLUSDT,1784185200000,train,-1,-5.21,0.603,6.06,5.52,0.62,-5.13,2.29,2.11,1.31,1.08,1,-0.08,neutral,neutral,0,-0.569,32,4755,0,
s18960,STBLUSDT,1784185200000,train,-1,-2.12,0.62,3.23,2.79,0.6,-2.04,1.12,0.85,0.65,1.24,0,-0.08,neutral,neutral,0,0.651,32,4755,1,
s18961,WLDUSDT,1784185200000,train,-1,-2.29,0.538,2.92,2.39,0.86,-2.21,1.11,0.84,0.7,0.82,0,-0.08,neutral,neutral,0,0.084,32,4755,1,
s18962,XPLUSDT,1784186100000,train,-1,-3.27,0.453,4.39,3.61,0.69,-2.97,1.84,2.11,1.31,1.08,1,-0.3,neutral,neutral,0,-1.0,30,4756,0,
s18963,STBLUSDT,1784186100000,train,-1,-2.59,0.769,3.24,3.02,0.64,-2.29,1.24,0.85,0.65,1.24,0,-0.3,neutral,bajista,0,0.265,32,4756,2,
s18964,XPLUSDT,1784187000000,train,-1,-2.96,0.427,3.62,3.11,0.76,-2.28,1.9,2.11,1.31,1.08,1,-0.67,neutral,neutral,0,-1.0,24,4757,1,
s18965,PUMPUSDT,1784187000000,train,-1,-2.32,0.358,3.44,3.06,0.81,-1.64,1.2,1.09,1.19,1.92,0,-0.67,neutral,neutral,0,-1.0,26,4757,1,
s18966,STBLUSDT,1784187000000,train,-1,-3.32,0.906,3.52,3.52,1.22,-2.65,1.63,0.85,0.65,1.24,0,-0.67,neutral,bajista,0,0.139,32,4757,3,
s18967,SUIUSDT,1784187000000,train,-1,-2.1,0.667,2.47,2.34,1.4,-1.43,1.49,1.41,1.21,1.23,0,-0.67,neutral,bajista,0,-0.374,32,4757,3,
s18968,TIAUSDT,1784187000000,train,-1,-2.03,0.5,2.89,2.72,2.39,-1.36,1.87,0.79,0.73,0.9,0,-0.67,neutral,neutral,0,0.091,32,4757,1,
s18969,JUPUSDT,1784187000000,train,-1,-2.23,0.479,3.57,3.32,2.89,-1.56,2.09,0.85,0.67,0.7,0,-0.67,neutral,bajista,0,-0.343,32,4757,3,
s18970,APEUSDT,1784187000000,testB,-1,-2.1,0.516,2.61,2.48,1.17,-1.42,1.46,0.42,0.46,0.94,0,-0.67,neutral,bajista,0,-1.0,17,4756,6,
s18971,STBLUSDT,1784187900000,train,-1,-2.64,0.735,3.56,3.2,1.69,-2.03,1.19,0.85,0.65,1.24,0,-0.61,neutral,neutral,0,0.361,32,4758,0,
s18972,SUIUSDT,1784187900000,train,-1,-2.34,0.69,3.02,2.45,2.34,-1.73,1.6,1.41,1.21,1.23,0,-0.61,neutral,bajista,0,-0.462,32,4758,4,
s18973,JUPUSDT,1784187900000,train,-1,-2.04,0.437,3.72,3.22,3.7,-1.43,1.79,0.85,0.67,0.7,0,-0.61,neutral,neutral,0,-0.2,32,4758,0,
s18974,STBLUSDT,1784188800000,train,-1,-3.9,0.804,4.78,4.6,2.69,-2.8,2.31,1.23,0.8,1.23,0,-1.1,neutral,neutral,0,0.127,32,4759,1,
s18975,OPUSDT,1784188800000,train,-1,-2.05,0.467,2.89,2.79,5.0,-0.96,1.6,0.93,1.19,1.2,0,-1.1,neutral,neutral,0,0.107,32,4759,1,
s18976,SUIUSDT,1784188800000,train,-1,-3.11,0.747,3.39,3.25,3.45,-2.01,2.28,1.55,1.37,1.32,1,-1.1,neutral,bajista,0,-0.607,32,4759,5,
s18977,TIAUSDT,1784188800000,train,-1,-3.03,0.556,4.3,3.88,3.59,-1.93,2.43,0.96,0.8,0.94,0,-1.1,neutral,neutral,0,-0.077,32,4759,1,
s18978,SEIUSDT,1784188800000,train,-1,-2.73,0.619,3.71,3.58,2.09,-1.63,2.03,1.03,1.01,1.08,0,-1.1,neutral,neutral,0,-0.329,32,4759,1,
s18979,JUPUSDT,1784188800000,train,-1,-3.1,0.571,4.6,4.2,4.43,-2.0,2.37,1.09,0.8,0.74,1,-1.1,neutral,neutral,0,-0.167,32,4759,1,
s18980,PENDLEUSDT,1784188800000,train,-1,-3.42,0.462,4.91,4.83,1.03,-2.32,2.13,1.37,0.96,1.11,0,-1.1,neutral,neutral,0,-0.22,32,4759,1,
s18981,GRTUSDT,1784188800000,testB,-1,-2.14,0.487,3.04,2.47,2.09,-1.04,1.41,1.28,0.85,0.82,1,-1.1,neutral,neutral,0,-0.093,32,4758,1,
s18982,APEUSDT,1784188800000,testB,-1,-2.62,0.526,3.03,2.83,1.99,-1.52,1.54,0.38,0.47,0.94,0,-1.1,neutral,neutral,0,-1.0,9,4758,1,
s18983,STBLUSDT,1784189700000,train,-1,-3.38,0.661,4.31,3.59,3.23,-2.61,1.76,1.23,0.8,1.23,0,-0.77,neutral,neutral,0,0.238,32,4760,0,
s18984,SUIUSDT,1784189700000,train,-1,-2.57,0.575,3.57,2.8,4.19,-1.8,1.65,1.55,1.37,1.32,1,-0.77,neutral,neutral,0,-0.623,32,4760,0,
s18985,TIAUSDT,1784189700000,train,-1,-2.55,0.447,4.29,3.49,4.09,-1.78,1.82,0.96,0.8,0.94,0,-0.77,neutral,neutral,0,-0.107,32,4760,0,
s18986,PENDLEUSDT,1784189700000,train,-1,-3.09,0.4,5.05,4.45,1.13,-2.32,1.71,1.37,0.96,1.11,0,-0.77,neutral,neutral,0,-0.176,32,4760,0,
s18987,STBLUSDT,1784190600000,train,-1,-3.34,0.658,4.09,3.46,2.69,-2.61,1.63,1.23,0.8,1.23,0,-0.74,neutral,neutral,0,0.104,32,4761,1,
s18988,ENAUSDT,1784190600000,train,-1,-2.26,0.375,3.6,3.49,2.48,-1.53,1.83,1.15,0.85,1.08,0,-0.74,neutral,neutral,0,-1.0,22,4761,1,
s18989,SUIUSDT,1784190600000,train,-1,-2.6,0.585,3.57,2.79,2.91,-1.86,1.48,1.55,1.37,1.32,1,-0.74,neutral,neutral,0,-0.549,32,4761,0,
s18990,TIAUSDT,1784190600000,train,-1,-2.8,0.518,4.28,3.28,2.58,-2.07,1.47,0.96,0.8,0.94,0,-0.74,neutral,neutral,0,-0.182,32,4761,0,
s18991,SEIUSDT,1784190600000,train,-1,-2.03,0.425,3.69,2.89,2.43,-1.3,1.13,1.03,1.01,1.08,0,-0.74,neutral,neutral,0,-0.254,32,4761,0,
s18992,JUPUSDT,1784190600000,train,-1,-2.56,0.376,4.57,3.37,2.1,-1.83,1.31,1.09,0.8,0.74,1,-0.74,neutral,neutral,0,-0.0,32,4761,1,
s18993,PENDLEUSDT,1784190600000,train,-1,-3.52,0.458,5.06,4.68,0.92,-2.78,1.78,1.37,0.96,1.11,0,-0.74,neutral,neutral,0,-0.095,32,4761,1,
s18994,STBLUSDT,1784191500000,train,-1,-3.7,0.68,4.25,4.02,2.37,-2.9,1.95,1.23,0.8,1.23,0,-0.8,neutral,bajista,0,-0.056,32,4762,2,
s18995,SUIUSDT,1784191500000,train,-1,-2.08,0.508,3.57,2.71,1.72,-1.28,1.25,1.55,1.37,1.32,1,-0.8,neutral,neutral,0,-0.595,32,4762,0,
s18996,TIAUSDT,1784191500000,train,-1,-2.64,0.502,4.28,3.38,2.23,-1.85,1.41,0.96,0.8,0.94,0,-0.8,neutral,neutral,0,-0.228,32,4762,1,
s18997,SEIUSDT,1784191500000,train,-1,-2.09,0.443,3.69,2.89,2.12,-1.3,1.04,1.03,1.01,1.08,0,-0.8,neutral,neutral,0,-0.254,32,4762,0,
s18998,JUPUSDT,1784191500000,train,-1,-2.46,0.357,4.56,3.22,1.62,-1.67,1.07,1.09,0.8,0.74,1,-0.8,neutral,neutral,0,0.031,32,4762,0,
s18999,PENDLEUSDT,1784191500000,train,-1,-3.42,0.45,5.21,4.99,0.99,-2.62,1.98,1.37,0.96,1.11,0,-0.8,neutral,bajista,0,-0.206,32,4762,2,
s19000,STBLUSDT,1784192400000,train,-1,-2.83,0.489,3.86,3.01,1.3,-1.81,1.19,1.31,0.84,1.23,0,-1.03,neutral,neutral,0,0.269,32,4763,0,
s19001,ENAUSDT,1784192400000,train,-1,-2.37,0.391,3.59,3.17,1.05,-1.35,1.22,1.17,0.87,1.09,0,-1.03,neutral,neutral,0,-1.0,20,4763,1,
s19002,OPUSDT,1784192400000,train,-1,-2.05,0.429,3.39,2.59,1.58,-1.02,0.99,1.09,1.26,1.23,0,-1.03,neutral,bajista,0,0.346,32,4763,3,
s19003,SUIUSDT,1784192400000,train,-1,-2.3,0.596,3.57,2.55,1.2,-1.27,0.98,1.49,1.43,1.34,1,-1.03,neutral,neutral,0,-0.323,32,4763,0,
s19004,TIAUSDT,1784192400000,train,-1,-2.56,0.482,4.27,3.05,0.89,-1.54,0.97,0.82,0.77,0.92,0,-1.03,neutral,neutral,0,0.114,32,4763,0,
s19005,SEIUSDT,1784192400000,train,-1,-2.31,0.493,3.69,3.0,1.0,-1.29,1.01,0.99,0.97,1.09,0,-1.03,neutral,neutral,0,-0.07,32,4763,1,
s19006,JUPUSDT,1784192400000,train,-1,-2.94,0.415,4.57,3.58,1.14,-1.92,1.3,1.19,0.82,0.76,1,-1.03,neutral,neutral,0,0.083,32,4763,1,
s19007,PENDLEUSDT,1784192400000,train,-1,-3.71,0.511,5.19,4.67,0.78,-2.68,1.53,1.31,0.99,1.1,0,-1.03,neutral,neutral,0,0.034,32,4763,0,
s19008,STXUSDT,1784192400000,testB,-1,-2.34,0.526,3.83,2.87,0.54,-1.31,0.82,1.22,0.9,0.9,0,-1.03,neutral,neutral,0,0.25,32,4762,1,
s19009,GRTUSDT,1784192400000,testB,-1,-2.02,0.429,3.04,2.35,0.93,-1.0,0.92,1.38,0.91,0.84,1,-1.03,neutral,neutral,0,0.268,32,4762,0,
s19010,STBLUSDT,1784193300000,train,-1,-2.24,0.415,3.41,2.47,0.98,-0.85,0.98,1.31,0.84,1.23,0,-1.39,neutral,neutral,0,0.545,32,4764,0,
s19011,ENAUSDT,1784193300000,train,-1,-2.73,0.465,3.54,3.22,0.57,-1.35,1.23,1.17,0.87,1.09,0,-1.39,neutral,bajista,0,-1.0,19,4764,2,
s19012,OPUSDT,1784193300000,train,-1,-2.05,0.429,3.39,2.69,0.77,-0.66,1.0,1.09,1.26,1.23,0,-1.39,neutral,bajista,0,0.259,32,4764,4,
s19013,SUIUSDT,1784193300000,train,-1,-2.36,0.603,3.57,2.66,0.64,-0.98,0.99,1.49,1.43,1.34,1,-1.39,neutral,neutral,0,-0.416,32,4764,1,
s19014,TIAUSDT,1784193300000,train,-1,-2.7,0.523,4.26,3.0,0.67,-1.32,0.9,0.82,0.77,0.92,0,-1.39,neutral,neutral,0,0.025,32,4764,0,
s19015,SEIUSDT,1784193300000,train,-1,-2.69,0.629,3.54,2.85,0.53,-1.31,0.93,0.99,0.97,1.09,0,-1.39,neutral,bajista,0,-0.059,32,4764,2,
s19016,JUPUSDT,1784193300000,train,-1,-3.09,0.427,4.59,3.84,0.85,-1.71,1.42,1.19,0.82,0.76,1,-1.39,neutral,bajista,0,0.052,32,4764,2,
s19017,PENDLEUSDT,1784193300000,train,-1,-4.03,0.587,4.83,4.2,0.59,-2.65,1.32,1.31,0.99,1.1,0,-1.39,neutral,neutral,0,-0.102,32,4764,0,
s19018,STXUSDT,1784193300000,testB,-1,-2.11,0.5,3.06,2.16,0.38,-0.72,0.83,1.22,0.9,0.9,0,-1.39,neutral,neutral,0,0.222,32,4763,0,
s19019,GRTUSDT,1784193300000,testB,-1,-2.13,0.452,3.04,2.41,0.68,-0.75,0.9,1.38,0.91,0.84,1,-1.39,neutral,neutral,0,0.19,32,4763,1,
s19020,STBLUSDT,1784194200000,train,-1,-2.11,0.4,3.27,2.33,0.98,-0.85,0.86,1.31,0.84,1.23,0,-1.25,neutral,neutral,0,0.346,32,4765,0,
s19021,ENAUSDT,1784194200000,train,-1,-2.88,0.477,3.55,3.48,0.5,-1.62,1.33,1.17,0.87,1.09,0,-1.25,neutral,bajista,0,-1.0,18,4765,3,
s19022,INJUSDT,1784194200000,train,-1,-2.22,0.451,3.77,3.18,0.39,-0.96,0.86,1.38,0.98,1.12,0,-1.25,neutral,bajista,0,0.335,32,4765,2,
s19023,SUIUSDT,1784194200000,train,-1,-2.27,0.566,3.57,2.54,0.55,-1.02,0.73,1.49,1.43,1.34,1,-1.25,neutral,neutral,0,-0.441,32,4765,0,
s19024,TIAUSDT,1784194200000,train,-1,-2.42,0.463,4.26,2.82,0.5,-1.16,0.62,0.82,0.77,0.92,0,-1.25,neutral,neutral,0,0.096,32,4765,0,
s19025,SEIUSDT,1784194200000,train,-1,-2.47,0.596,3.48,2.75,0.36,-1.22,0.82,0.99,0.97,1.09,0,-1.25,neutral,neutral,0,-0.145,32,4765,0,
s19026,JUPUSDT,1784194200000,train,-1,-2.9,0.39,4.13,3.13,0.75,-1.64,1.07,1.19,0.82,0.76,1,-1.25,neutral,neutral,0,0.063,32,4765,0,
s19027,PENDLEUSDT,1784194200000,train,-1,-2.5,0.397,3.66,2.55,0.74,-1.25,0.71,1.31,0.99,1.1,0,-1.25,neutral,neutral,0,-0.407,32,4765,0,
s19028,GRTUSDT,1784194200000,testB,-1,-2.47,0.524,3.05,2.59,0.83,-1.21,0.95,1.38,0.91,0.84,1,-1.25,neutral,bajista,0,0.044,32,4764,2,
s19029,0GUSDT,1784195100000,train,-1,-3.0,0.463,4.45,4.24,0.45,-1.72,1.05,1.26,1.78,9.02,0,-1.29,neutral,neutral,0,0.103,32,4766,0,
s19030,ENAUSDT,1784195100000,train,-1,-2.88,0.476,3.98,3.82,0.55,-1.59,1.56,1.17,0.87,1.09,0,-1.29,neutral,bajista,0,-1.0,17,4766,4,
s19031,OPUSDT,1784195100000,train,-1,-2.35,0.462,3.41,3.21,1.0,-1.06,1.32,1.09,1.26,1.23,0,-1.29,neutral,neutral,0,0.156,32,4766,1,
s19032,INJUSDT,1784195100000,train,-1,-2.54,0.52,3.77,3.34,0.35,-1.26,1.01,1.38,0.98,1.12,0,-1.29,neutral,bajista,0,0.361,32,4766,3,
s19033,SUIUSDT,1784195100000,train,-1,-2.31,0.57,3.57,2.61,0.6,-1.03,0.77,1.49,1.43,1.34,1,-1.29,neutral,neutral,0,-0.409,32,4766,1,
s19034,TIAUSDT,1784195100000,train,-1,-2.68,0.498,4.27,3.05,0.48,-1.39,0.8,0.82,0.77,0.92,0,-1.29,neutral,neutral,0,-0.244,32,4766,1,
s19035,SEIUSDT,1784195100000,train,-1,-2.56,0.604,3.49,2.96,0.48,-1.27,0.94,0.99,0.97,1.09,0,-1.29,neutral,neutral,0,0.007,32,4766,1,
s19036,JUPUSDT,1784195100000,train,-1,-2.81,0.382,4.03,3.14,0.54,-1.52,1.08,1.19,0.82,0.76,1,-1.29,neutral,neutral,0,-0.032,32,4766,1,
s19037,PENDLEUSDT,1784195100000,train,-1,-2.35,0.381,3.53,2.7,0.65,-1.06,0.97,1.31,0.99,1.1,0,-1.29,neutral,neutral,0,-0.086,32,4766,1,
s19038,0GUSDT,1784196000000,train,-1,-3.09,0.488,4.16,3.52,0.44,-1.98,0.6,1.21,1.68,8.8,0,-1.11,neutral,neutral,0,0.262,32,4767,0,
s19039,ENAUSDT,1784196000000,train,-1,-2.59,0.41,3.96,3.31,0.53,-1.47,1.01,1.17,0.86,1.04,0,-1.11,neutral,neutral,0,-1.0,16,4767,0,
s19040,OPUSDT,1784196000000,train,-1,-2.15,0.407,2.99,2.4,0.99,-1.04,0.83,1.18,1.19,1.24,0,-1.11,neutral,neutral,0,0.292,32,4767,0,
s19041,INJUSDT,1784196000000,train,-1,-2.81,0.562,3.25,3.01,0.98,-1.7,1.09,1.46,1.08,1.16,0,-1.11,neutral,bajista,0,0.23,32,4767,4,
s19042,TIAUSDT,1784196000000,train,-1,-2.73,0.507,4.04,2.85,0.37,-1.62,0.77,0.79,0.75,0.89,0,-1.11,neutral,neutral,0,-0.061,32,4767,0,
s19043,SEIUSDT,1784196000000,train,-1,-2.32,0.546,3.08,2.43,0.45,-1.2,0.8,0.91,0.92,1.09,0,-1.11,neutral,neutral,0,0.017,32,4767,0,
s19044,JUPUSDT,1784196000000,train,-1,-3.24,0.432,4.04,3.44,0.57,-2.13,1.23,1.37,0.9,0.79,1,-1.11,neutral,bajista,0,-0.217,32,4767,2,
s19045,0GUSDT,1784196900000,train,-1,-2.94,0.459,3.89,3.13,0.41,-2.01,0.4,1.21,1.68,8.8,0,-0.93,neutral,neutral,0,0.293,32,4768,0,
s19046,ENAUSDT,1784196900000,train,-1,-2.55,0.402,3.95,3.2,0.55,-1.62,0.8,1.17,0.86,1.04,0,-0.93,neutral,neutral,0,-1.0,15,4768,0,
s19047,OPUSDT,1784196900000,train,-1,-2.05,0.382,2.99,2.29,1.04,-1.12,0.65,1.18,1.19,1.24,0,-0.93,neutral,neutral,0,0.304,32,4768,0,
s19048,TIAUSDT,1784196900000,train,-1,-2.47,0.472,3.82,2.58,0.35,-1.54,0.64,0.79,0.75,0.89,0,-0.93,neutral,neutral,0,-0.606,32,4768,0,
s19049,SEIUSDT,1784196900000,train,-1,-2.03,0.497,2.79,2.08,0.47,-1.1,0.64,0.91,0.92,1.09,0,-0.93,neutral,neutral,0,-0.051,32,4768,0,
s19050,JUPUSDT,1784196900000,train,-1,-2.71,0.354,3.73,2.79,0.47,-1.78,0.81,1.37,0.9,0.79,1,-0.93,neutral,neutral,0,-0.161,32,4768,0,
s19051,0GUSDT,1784197800000,train,-1,-2.68,0.436,3.68,3.03,0.44,-1.84,0.64,1.21,1.68,8.8,0,-0.84,neutral,neutral,0,0.375,32,4769,1,
s19052,ENAUSDT,1784197800000,train,-1,-2.55,0.402,3.95,3.22,0.49,-1.71,0.7,1.17,0.86,1.04,0,-0.84,neutral,neutral,0,-1.0,14,4769,1,
s19053,OPUSDT,1784197800000,train,-1,-2.06,0.382,3.0,2.6,1.08,-1.21,0.84,1.18,1.19,1.24,0,-0.84,neutral,neutral,0,0.231,32,4769,1,
s19054,INJUSDT,1784197800000,train,-1,-2.02,0.452,3.25,2.97,1.1,-1.17,0.93,1.46,1.08,1.16,0,-0.84,neutral,neutral,0,0.5,32,4769,1,
s19055,TIAUSDT,1784197800000,train,-1,-2.09,0.43,3.18,2.14,0.34,-1.25,0.76,0.79,0.75,0.89,0,-0.84,neutral,neutral,0,-0.477,32,4769,1,
s19056,GRTUSDT,1784197800000,testB,-1,-2.38,0.6,2.84,2.67,0.94,-1.53,1.17,1.62,1.04,0.91,1,-0.84,neutral,neutral,0,-0.261,32,4768,1,
s19057,ENAUSDT,1784198700000,train,-1,-2.93,0.494,3.95,3.15,0.28,-2.06,0.6,1.17,0.86,1.04,0,-0.87,neutral,neutral,0,-1.0,13,4770,0,
s19058,OPUSDT,1784198700000,train,-1,-2.44,0.472,2.8,2.5,0.53,-1.57,0.88,1.18,1.19,1.24,0,-0.87,neutral,bajista,0,0.2,32,4770,2,
s19059,INJUSDT,1784198700000,train,-1,-2.44,0.578,2.67,2.5,1.05,-1.57,0.95,1.46,1.08,1.16,0,-0.87,neutral,bajista,0,0.714,32,4770,2,
s19060,GRTUSDT,1784198700000,testB,-1,-2.6,0.639,2.84,2.61,1.25,-1.73,1.28,1.62,1.04,0.91,1,-0.87,neutral,bajista,0,-0.289,32,4769,2,
s19061,ENAUSDT,1784199600000,train,-1,-3.12,0.51,3.84,3.25,0.24,-2.37,0.75,1.14,0.87,1.0,0,-0.74,neutral,neutral,0,-1.0,12,4771,1,
s19062,OPUSDT,1784199600000,train,-1,-2.15,0.44,2.6,2.3,0.6,-1.41,0.79,1.31,1.27,1.27,0,-0.74,neutral,neutral,0,0.261,32,4771,0,
s19063,INJUSDT,1784199600000,train,-1,-2.19,0.551,2.58,2.38,0.35,-1.45,0.94,1.43,1.14,1.16,0,-0.74,neutral,bajista,0,0.617,32,4771,3,
s19064,GRTUSDT,1784199600000,testB,-1,-2.04,0.474,2.83,2.2,1.43,-1.3,0.78,1.47,1.12,0.94,1,-0.74,neutral,neutral,0,-0.079,32,4770,0,
s19065,ENAUSDT,1784200500000,train,-1,-2.96,0.482,3.76,3.08,0.24,-2.47,0.59,1.14,0.87,1.0,0,-0.5,neutral,neutral,0,-1.0,11,4772,0,
s19066,OPUSDT,1784200500000,train,-1,-2.16,0.44,2.51,2.3,0.64,-1.66,0.77,1.31,1.27,1.27,0,-0.5,neutral,neutral,0,0.13,32,4772,1,
s19067,LDOUSDT,1784200500000,testB,-1,-2.74,0.432,3.84,3.12,0.76,-2.24,1.19,1.23,1.2,1.13,1,-0.5,neutral,bajista,0,-1.0,14,4771,5,
s19068,LDOUSDT,1784201400000,testB,-1,-2.68,0.425,3.31,3.08,0.76,-2.73,1.59,1.23,1.2,1.13,1,0.05,neutral,bajista,0,-1.0,7,4772,6,
s19069,INJUSDT,1784202300000,train,-1,-2.24,0.635,2.75,2.33,0.71,-2.28,0.96,1.43,1.14,1.16,0,0.04,neutral,bajista,0,0.419,32,4774,2,
s19070,APEUSDT,1784203200000,testB,1,2.49,0.481,3.02,2.56,1.39,2.14,0.62,0.52,0.47,0.89,0,0.35,neutral,neutral,0,-0.897,32,4774,0,
s19071,APEUSDT,1784204100000,testB,1,2.0,0.429,2.29,2.22,1.75,1.95,1.01,0.52,0.47,0.89,0,0.05,neutral,neutral,0,-1.0,20,4775,1,
s19072,ONDOUSDT,1784205000000,train,1,3.13,0.398,4.43,3.56,2.34,3.5,1.62,5.5,5.31,6.27,0,-0.38,neutral,neutral,0,-0.496,32,4776,0,
s19073,ONDOUSDT,1784205900000,train,1,3.97,0.456,4.5,4.0,2.79,4.21,2.39,5.5,5.31,6.27,0,-0.25,neutral,neutral,0,-0.869,32,4777,1,
s19074,ONDOUSDT,1784206800000,train,1,4.23,0.473,4.58,4.47,3.15,4.27,2.42,6.25,5.69,6.36,0,-0.04,neutral,alcista,0,-0.895,32,4778,2,
s19075,ONDOUSDT,1784207700000,train,1,5.59,0.56,5.99,5.4,2.3,5.25,3.39,6.25,5.69,6.36,0,0.35,neutral,alcista,0,-0.895,32,4779,3,
s19076,MANAUSDT,1784207700000,testB,1,2.71,0.492,2.94,2.75,1.17,2.37,1.76,0.69,0.54,0.45,1,0.35,neutral,alcista,0,0.224,32,4779,3,
s19077,ONDOUSDT,1784208600000,train,1,4.56,0.512,5.65,5.13,1.92,4.48,3.25,6.25,5.69,6.36,0,0.08,neutral,alcista,0,-1.0,29,4780,4,
s19078,MANAUSDT,1784208600000,testB,1,2.72,0.493,3.25,2.92,1.61,2.65,1.76,0.69,0.54,0.45,1,0.08,neutral,alcista,0,0.197,32,4780,4,
s19079,ENAUSDT,1784209500000,train,1,3.48,0.637,3.52,3.5,3.09,3.02,2.4,1.08,0.99,0.92,1,0.45,neutral,alcista,0,-0.24,32,4782,5,
s19080,ONDOUSDT,1784209500000,train,1,4.97,0.552,6.07,5.35,1.74,4.52,3.11,6.25,5.69,6.36,0,0.45,neutral,alcista,0,-1.0,28,4781,5,
s19081,MANAUSDT,1784209500000,testB,1,2.56,0.448,3.48,2.56,2.28,2.1,1.25,0.69,0.54,0.45,1,0.45,neutral,neutral,0,0.352,32,4781,0,
s19082,ENAUSDT,1784210400000,train,1,3.11,0.612,4.28,3.58,5,2.34,2.3,1.32,1.23,1.01,1,0.77,neutral,alcista,0,-0.205,32,4783,6,
s19083,ONDOUSDT,1784210400000,train,1,3.97,0.489,6.07,5.28,1.74,3.2,2.75,6.1,5.93,6.5,0,0.77,neutral,neutral,0,-1.0,27,4782,0,
s19084,MANAUSDT,1784210400000,testB,1,2.66,0.459,3.01,2.58,2.43,1.89,1.56,0.7,0.57,0.45,1,0.77,neutral,neutral,0,0.136,32,4782,1,
s19085,ENAUSDT,1784211300000,train,1,3.65,0.649,4.52,4.19,4.83,2.81,2.7,1.32,1.23,1.01,1,0.84,neutral,alcista,0,-0.611,32,4784,7,
s19086,ONDOUSDT,1784211300000,train,1,4.21,0.529,6.43,4.94,1.4,3.37,1.99,6.1,5.93,6.5,0,0.84,neutral,neutral,0,-1.0,26,4783,0,
s19087,MANAUSDT,1784211300000,testB,1,2.31,0.423,2.96,2.51,1.9,1.47,1.38,0.7,0.57,0.45,1,0.84,neutral,neutral,0,-0.017,32,4783,0,
s19088,XPLUSDT,1784212200000,train,1,2.59,0.482,3.37,3.3,1.04,1.73,1.89,0.85,1.5,1.07,0,0.87,neutral,alcista,0,-0.598,32,4785,4,
s19089,PUMPUSDT,1784212200000,train,1,2.55,0.414,4.0,3.27,1.36,1.68,1.42,0.9,1.02,1.42,0,0.87,neutral,neutral,1,2.0,4,4785,0,
s19090,ENAUSDT,1784212200000,train,1,4.06,0.679,4.64,4.55,3.38,3.2,2.83,1.32,1.23,1.01,1,0.87,neutral,alcista,0,-0.702,32,4785,8,
s19091,ONDOUSDT,1784212200000,train,1,4.16,0.518,6.44,4.74,1.17,3.29,1.63,6.1,5.93,6.5,0,0.87,neutral,neutral,0,-1.0,25,4784,0,
s19092,MANAUSDT,1784212200000,testB,1,2.41,0.449,2.96,2.5,1.17,1.55,1.26,0.7,0.57,0.45,1,0.87,neutral,neutral,0,0.112,32,4784,0,
s19093,XPLUSDT,1784213100000,train,1,2.78,0.531,3.48,3.18,1.03,2.27,1.53,0.85,1.5,1.07,0,0.5,neutral,neutral,0,-0.607,32,4786,0,
s19094,PUMPUSDT,1784213100000,train,1,3.67,0.504,4.44,4.38,2.25,3.16,2.27,0.9,1.02,1.42,0,0.5,neutral,neutral,0,0.452,32,4786,1,
s19095,ENAUSDT,1784213100000,train,1,3.51,0.55,5.45,4.11,3.59,3.01,2.06,1.32,1.23,1.01,1,0.5,neutral,neutral,0,-0.666,32,4786,0,
s19096,ONDOUSDT,1784213100000,train,1,4.15,0.518,6.43,4.89,1.02,3.65,1.5,6.1,5.93,6.5,0,0.5,neutral,neutral,0,-1.0,24,4785,1,
s19097,LDOUSDT,1784213100000,testB,1,3.63,0.379,5.01,4.8,1.64,3.12,2.42,1.31,1.31,1.23,0,0.5,neutral,alcista,0,-0.669,32,4785,3,
s19098,XPLUSDT,1784214000000,train,1,2.43,0.435,4.07,2.7,1.47,2.13,0.92,0.97,1.17,1.12,0,0.3,neutral,neutral,0,-0.405,32,4787,0,
s19099,PUMPUSDT,1784214000000,train,1,3.17,0.408,4.58,3.8,1.86,2.87,1.5,1.95,1.51,1.6,0,0.3,neutral,neutral,0,0.476,32,4787,0,
s19100,ENAUSDT,1784214000000,train,1,3.03,0.441,5.49,3.45,2.24,2.73,1.22,1.48,1.33,1.05,1,0.3,neutral,neutral,0,-0.579,32,4787,0,
s19101,MANAUSDT,1784214000000,testB,1,2.15,0.389,2.97,2.22,0.85,1.85,0.71,0.92,0.66,0.49,1,0.3,neutral,neutral,0,0.386,32,4786,1,
s19102,XPLUSDT,1784214900000,train,1,3.26,0.509,3.87,3.62,1.75,2.24,1.87,0.97,1.17,1.12,0,1.02,neutral,neutral,0,-0.738,32,4788,1,
s19103,PUMPUSDT,1784214900000,train,1,7.28,0.613,8.29,7.31,3.6,6.26,5.08,1.95,1.51,1.6,0,1.02,neutral,neutral,0,-0.365,32,4788,1,
s19104,ENAUSDT,1784214900000,train,1,4.69,0.549,5.4,5.07,1.92,3.67,2.66,1.48,1.33,1.05,1,1.02,neutral,neutral,0,-0.915,32,4788,1,
s19105,ARBUSDT,1784214900000,train,1,2.29,0.373,2.78,2.64,1.3,1.28,1.4,0.38,0.39,0.39,0,1.02,neutral,neutral,0,-0.252,32,4788,1,
s19106,ONDOUSDT,1784214900000,train,1,5.17,0.414,6.14,5.12,1.0,4.15,1.97,6.62,6.25,6.82,0,1.02,neutral,neutral,0,-1.0,22,4787,1,
s19107,LDOUSDT,1784214900000,testB,1,4.48,0.411,5.29,4.9,1.9,3.46,2.3,1.53,1.4,1.3,1,1.02,neutral,neutral,0,-0.676,32,4787,1,
s19108,MANAUSDT,1784214900000,testB,1,3.72,0.525,3.66,3.61,1.2,2.7,2.04,0.92,0.66,0.49,1,1.02,neutral,alcista,0,-0.291,32,4787,2,
s19109,ENAUSDT,1784215800000,train,1,4.73,0.556,5.4,5.06,1.6,4.0,2.38,1.48,1.33,1.05,1,0.72,neutral,neutral,0,-0.864,32,4789,0,
s19110,LDOUSDT,1784215800000,testB,1,5.0,0.479,5.98,4.9,2.21,4.28,2.1,1.53,1.4,1.3,1,0.72,neutral,neutral,0,-0.692,32,4788,0,
s19111,MANAUSDT,1784215800000,testB,1,2.83,0.407,3.72,3.11,1.39,2.11,1.48,0.92,0.66,0.49,1,0.72,neutral,neutral,0,-0.201,32,4788,0,
s19112,ENAUSDT,1784216700000,train,1,4.24,0.472,5.41,4.51,0.94,3.54,1.66,1.48,1.33,1.05,1,0.7,neutral,neutral,0,-0.85,32,4790,0,
s19113,LDOUSDT,1784216700000,testB,1,4.0,0.404,5.89,4.56,1.52,3.3,1.72,1.53,1.4,1.3,1,0.7,neutral,neutral,0,-0.733,32,4789,0,
s19114,MANAUSDT,1784216700000,testB,1,2.48,0.378,3.71,3.42,1.39,1.78,1.65,0.92,0.66,0.49,1,0.7,neutral,neutral,0,-0.263,32,4789,1,
s19115,ENAUSDT,1784217600000,train,1,3.96,0.425,5.3,3.92,0.91,3.42,1.06,1.65,1.42,1.05,1,0.54,neutral,neutral,0,-0.79,32,4791,0,
s19116,LDOUSDT,1784217600000,testB,1,4.1,0.416,5.75,4.0,1.47,3.57,1.2,1.63,1.42,1.33,1,0.54,neutral,neutral,0,-0.487,32,4790,0,
s19117,MANAUSDT,1784217600000,testB,1,2.68,0.418,4.4,3.21,1.89,2.14,1.29,1.14,0.78,0.52,1,0.54,neutral,neutral,0,-0.035,32,4790,0,
s19118,ENAUSDT,1784218500000,train,1,3.97,0.427,5.25,4.29,0.77,3.41,1.34,1.65,1.42,1.05,1,0.55,neutral,neutral,0,-0.815,32,4792,1,
s19119,MANAUSDT,1784218500000,testB,1,3.48,0.482,4.37,3.95,1.43,2.92,1.81,1.14,0.78,0.52,1,0.55,neutral,neutral,0,-0.233,32,4791,1,
s19120,XPLUSDT,1784219400000,train,1,3.55,0.37,3.88,3.62,1.14,2.8,1.28,0.99,1.07,1.09,0,0.75,neutral,alcista,0,-0.688,32,4793,2,
s19121,PUMPUSDT,1784219400000,train,1,8.06,0.617,10.64,7.57,1.05,7.31,3.36,2.4,1.63,1.6,1,0.75,neutral,alcista,0,-0.435,32,4793,2,
s19122,ENAUSDT,1784219400000,train,1,4.09,0.444,5.27,4.02,0.7,3.34,0.97,1.65,1.42,1.05,1,0.75,neutral,neutral,0,-1.0,32,4793,0,
s19123,ARBUSDT,1784219400000,train,1,2.15,0.387,3.06,2.2,0.87,1.4,0.5,0.42,0.41,0.37,1,0.75,neutral,alcista,0,0.284,32,4793,2,
s19124,MANAUSDT,1784219400000,testB,1,3.48,0.479,4.39,3.48,1.43,2.73,1.09,1.14,0.78,0.52,1,0.75,neutral,neutral,0,-0.084,32,4792,0,
s19125,XPLUSDT,1784220300000,train,1,4.01,0.399,3.88,3.84,0.77,3.21,1.75,0.99,1.07,1.09,0,0.8,neutral,alcista,0,-0.641,32,4794,3,
s19126,PUMPUSDT,1784220300000,train,1,8.33,0.626,10.1,7.75,0.99,7.54,3.73,2.4,1.63,1.6,1,0.8,neutral,alcista,0,-0.644,32,4794,3,
s19127,ENAUSDT,1784220300000,train,1,4.39,0.462,4.96,4.23,0.64,3.59,1.36,1.65,1.42,1.05,1,0.8,neutral,neutral,0,-1.0,26,4794,1,
s19128,ARBUSDT,1784220300000,train,1,2.16,0.389,2.89,2.2,0.86,1.36,0.65,0.42,0.41,0.37,1,0.8,neutral,alcista,0,0.338,32,4794,3,
s19129,MANAUSDT,1784220300000,testB,1,2.76,0.37,4.09,2.73,1.42,1.96,0.64,1.14,0.78,0.52,1,0.8,neutral,neutral,0,0.015,32,4793,0,
s19130,APEUSDT,1784223900000,testB,-1,-2.16,0.429,3.02,2.82,1.0,-1.68,1.21,0.35,0.42,0.47,0,-0.48,neutral,bajista,0,-0.167,32,4797,4,
s19131,APEUSDT,1784224800000,testB,-1,-2.29,0.467,3.01,2.54,0.69,-1.6,0.89,0.29,0.41,0.44,0,-0.69,neutral,neutral,0,-0.211,32,4798,0,
s19132,PUMPUSDT,1784225700000,train,1,4.9,0.357,8.42,5.59,0.44,5.74,1.9,2.85,1.77,1.54,1,-0.84,neutral,alcista,0,-1.0,30,4800,2,
s19133,PUMPUSDT,1784226600000,train,1,5.4,0.392,8.4,5.81,0.47,6.31,1.94,2.85,1.77,1.54,1,-0.91,neutral,alcista,0,-1.0,29,4801,3,
s19134,PUMPUSDT,1784227500000,train,1,4.62,0.358,7.51,5.33,0.37,5.07,1.95,2.85,1.77,1.54,1,-0.45,neutral,alcista,0,-1.0,28,4802,4,
s19135,PUMPUSDT,1784228400000,train,1,4.89,0.384,7.53,5.0,0.3,5.09,1.43,3.06,1.9,1.55,1,-0.21,neutral,neutral,0,-1.0,27,4803,0,
s19136,INJUSDT,1784229300000,train,-1,-2.07,0.479,2.53,2.15,1.27,-1.2,0.72,1.28,1.37,1.06,0,-0.87,neutral,neutral,0,0.86,32,4804,0,
s19137,ONDOUSDT,1784229300000,train,-1,-4.04,0.516,5.04,4.27,1.28,-3.18,1.84,4.66,5.78,7.38,0,-0.87,neutral,neutral,0,0.369,32,4803,0,
s19138,LDOUSDT,1784229300000,testB,-1,-2.73,0.383,4.13,3.92,0.42,-1.86,1.2,1.5,1.38,1.23,1,-0.87,neutral,bajista,0,-0.271,32,4803,5,
s19139,APEUSDT,1784229300000,testB,-1,-2.29,0.593,2.61,2.41,0.57,-1.42,0.77,0.28,0.39,0.42,0,-0.87,neutral,bajista,0,-0.25,32,4803,2,
s19140,LDOUSDT,1784230200000,testB,-1,-3.04,0.409,3.52,3.49,0.39,-2.23,1.6,1.5,1.38,1.23,1,-0.81,neutral,bajista,0,-0.547,32,4804,6,
s19141,0GUSDT,1784231100000,train,-1,-2.72,0.6,3.08,2.8,0.67,-2.05,0.67,0.55,0.75,1.43,0,-0.67,neutral,neutral,0,-1.0,22,4806,1,
s19142,ARBUSDT,1784232000000,train,1,2.29,0.459,2.95,2.62,1.38,2.79,1.08,0.5,0.43,0.4,1,-0.5,neutral,alcista,0,-1.0,13,4807,2,
s19143,ONDOUSDT,1784232000000,train,-1,-2.34,0.366,4.65,3.59,0.59,-1.84,1.26,4.01,5.37,6.91,0,-0.5,neutral,neutral,0,0.37,32,4806,0,
s19144,ENAUSDT,1784232900000,train,-1,-2.14,0.417,3.12,2.8,0.75,-1.58,1.21,1.24,1.28,1.05,0,-0.56,neutral,neutral,0,1.197,32,4808,0,
s19145,ARBUSDT,1784232900000,train,1,2.5,0.481,3.61,3.07,1.55,3.06,1.42,0.5,0.43,0.4,1,-0.56,neutral,alcista,0,-1.0,12,4808,3,
s19146,ONDOUSDT,1784232900000,train,-1,-3.59,0.549,4.39,4.07,0.58,-3.03,1.61,4.01,5.37,6.91,0,-0.56,neutral,neutral,0,0.145,32,4807,1,
s19147,ONDOUSDT,1784233800000,train,-1,-3.7,0.556,4.67,4.24,0.9,-3.35,1.57,4.01,5.37,6.91,0,-0.35,neutral,bajista,0,0.057,32,4808,2,
s19148,XPLUSDT,1784234700000,train,-1,-2.15,0.384,2.94,2.62,0.48,-1.6,0.7,0.91,0.87,1.11,0,-0.56,neutral,neutral,0,-0.105,32,4810,1,
s19149,ENAUSDT,1784234700000,train,-1,-2.25,0.501,2.78,2.35,0.96,-1.7,0.77,1.24,1.28,1.05,0,-0.56,neutral,neutral,0,1.294,32,4810,0,
s19150,ONDOUSDT,1784234700000,train,-1,-4.82,0.67,5.28,5.12,1.06,-4.26,2.25,4.01,5.37,6.91,0,-0.56,neutral,bajista,0,-0.016,32,4809,3,
s19151,ARBUSDT,1784235600000,train,1,2.24,0.429,3.64,2.48,1.53,2.2,0.65,0.47,0.43,0.4,1,0.04,neutral,neutral,0,-1.0,9,4811,0,
s19152,TIAUSDT,1784235600000,train,1,2.79,0.424,2.98,2.88,0.81,2.75,1.58,0.9,0.76,0.76,1,0.04,neutral,alcista,0,-1.0,8,4811,5,
s19153,ONDOUSDT,1784235600000,train,-1,-3.63,0.602,4.93,4.63,1.18,-3.67,2.16,3.23,5.17,6.15,0,0.04,neutral,bajista,0,0.006,32,4810,4,
s19154,ONDOUSDT,1784236500000,train,-1,-3.57,0.588,4.92,4.35,1.13,-3.49,1.71,3.23,5.17,6.15,0,-0.08,neutral,neutral,0,0.224,32,4811,0,
s19155,ONDOUSDT,1784237400000,train,-1,-3.31,0.523,4.82,3.96,0.67,-3.42,1.32,3.23,5.17,6.15,0,0.11,neutral,neutral,0,0.238,32,4812,0,
s19156,PUMPUSDT,1784238300000,train,1,2.41,0.363,3.44,2.46,0.39,2.27,0.38,1.98,1.95,1.57,1,0.14,neutral,neutral,0,-1.0,4,4814,0,
s19157,ONDOUSDT,1784238300000,train,-1,-4.55,0.6,6.05,5.67,0.72,-4.69,2.47,3.23,5.17,6.15,0,0.14,neutral,neutral,0,0.159,32,4813,1,
s19158,ONDOUSDT,1784239200000,train,-1,-4.13,0.52,6.03,5.24,0.65,-4.15,1.91,2.85,5.1,5.81,0,0.02,neutral,neutral,0,0.099,32,4814,0,
s19159,XPLUSDT,1784240100000,train,-1,-2.42,0.599,2.91,2.81,0.69,-2.12,0.91,0.62,0.8,1.13,0,-0.3,neutral,neutral,0,-0.357,32,4816,1,
s19160,ONDOUSDT,1784240100000,train,-1,-5.21,0.621,5.86,5.69,0.7,-4.92,2.46,2.85,5.1,5.81,0,-0.3,neutral,neutral,0,-0.005,32,4815,1,
s19161,XPLUSDT,1784241000000,train,-1,-2.47,0.603,3.27,2.94,1.07,-2.36,1.11,0.62,0.8,1.13,0,-0.11,neutral,bajista,0,-0.484,32,4817,2,
s19162,ENAUSDT,1784241000000,train,-1,-2.24,0.404,3.12,2.86,1.76,-2.13,1.36,1.03,1.34,1.09,0,-0.11,neutral,bajista,0,1.021,32,4817,2,
s19163,ONDOUSDT,1784241000000,train,-1,-4.1,0.56,5.24,4.91,0.91,-3.99,2.53,2.85,5.1,5.81,0,-0.11,neutral,bajista,0,-0.275,32,4816,2,
s19164,XPLUSDT,1784241900000,train,-1,-2.07,0.56,2.74,2.45,1.37,-1.64,1.15,0.62,0.8,1.13,0,-0.43,neutral,bajista,0,-0.231,32,4818,3,
s19165,PUMPUSDT,1784241900000,train,-1,-2.52,0.367,3.82,3.59,1.51,-2.09,1.76,1.8,2.12,1.62,0,-0.43,neutral,neutral,0,1.016,32,4818,1,
s19166,ONDOUSDT,1784241900000,train,-1,-2.54,0.37,4.56,3.65,0.81,-2.11,1.8,2.85,5.1,5.81,0,-0.43,neutral,neutral,0,-0.098,32,4817,0,
s19167,PUMPUSDT,1784242800000,train,-1,-2.93,0.402,5.04,4.38,1.21,-2.46,2.34,1.66,2.19,1.62,0,-0.47,neutral,bajista,0,0.649,32,4819,2,
s19168,ONDOUSDT,1784242800000,train,-1,-2.97,0.407,4.58,4.11,0.91,-2.5,2.06,2.79,4.98,5.61,0,-0.47,neutral,neutral,0,0.101,32,4818,1,
s19169,PUMPUSDT,1784243700000,train,-1,-4.0,0.547,5.36,5.01,0.93,-3.3,2.68,1.66,2.19,1.62,0,-0.7,neutral,bajista,0,0.417,32,4820,3,
s19170,ENAUSDT,1784243700000,train,-1,-3.13,0.509,3.58,3.45,1.37,-2.43,1.94,0.95,1.41,1.12,0,-0.7,neutral,neutral,0,0.512,32,4820,1,
s19171,ARBUSDT,1784243700000,train,-1,-2.14,0.432,3.77,3.2,1.1,-1.44,1.2,0.52,0.48,0.43,1,-0.7,neutral,bajista,0,-1.0,16,4820,2,
s19172,INJUSDT,1784243700000,train,-1,-2.03,0.406,3.39,3.14,4.37,-1.33,1.88,1.05,1.16,1.14,0,-0.7,neutral,neutral,0,-0.346,32,4820,1,
s19173,JUPUSDT,1784243700000,train,-1,-2.38,0.649,2.95,2.85,5,-1.68,1.77,0.74,0.95,0.94,0,-0.7,neutral,neutral,0,0.821,32,4820,1,
s19174,ONDOUSDT,1784243700000,train,-1,-3.47,0.481,4.75,4.34,1.0,-2.77,1.86,2.79,4.98,5.61,0,-0.7,neutral,bajista,0,-0.025,32,4819,2,
s19175,PUMPUSDT,1784244600000,train,-1,-3.04,0.398,5.33,4.32,0.85,-2.48,1.9,1.66,2.19,1.62,0,-0.56,neutral,neutral,0,0.644,32,4821,0,
s19176,ENAUSDT,1784244600000,train,-1,-2.55,0.417,3.58,3.17,1.26,-1.99,1.49,0.95,1.41,1.12,0,-0.56,neutral,neutral,0,0.667,32,4821,0,
s19177,JUPUSDT,1784244600000,train,-1,-2.04,0.532,2.94,2.59,3.12,-1.48,1.39,0.74,0.95,0.94,0,-0.56,neutral,neutral,0,0.98,32,4821,0,
s19178,ONDOUSDT,1784244600000,train,-1,-3.38,0.465,4.73,3.94,0.81,-2.82,1.19,2.79,4.98,5.61,0,-0.56,neutral,neutral,0,0.028,32,4820,0,
s19179,WLDUSDT,1784245500000,train,-1,-2.14,0.535,2.65,2.45,2.08,-1.46,1.28,0.45,0.55,0.64,0,-0.69,neutral,neutral,0,0.937,32,4822,1,
s19180,ENAUSDT,1784245500000,train,-1,-2.24,0.385,3.58,3.17,1.09,-1.55,1.34,0.95,1.41,1.12,0,-0.69,neutral,neutral,0,0.824,32,4822,0,
s19181,INJUSDT,1784245500000,train,-1,-2.35,0.485,3.6,3.5,3.83,-1.67,1.81,1.05,1.16,1.14,0,-0.69,neutral,bajista,0,-0.235,32,4822,3,
s19182,JUPUSDT,1784245500000,train,-1,-2.48,0.61,3.06,2.95,2.73,-1.8,1.57,0.74,0.95,0.94,0,-0.69,neutral,neutral,0,0.828,32,4822,1,
s19183,ONDOUSDT,1784245500000,train,-1,-3.25,0.449,4.73,3.88,0.95,-2.56,1.03,2.79,4.98,5.61,0,-0.69,neutral,neutral,0,-0.014,32,4821,0,
s19184,INJUSDT,1784246400000,train,-1,-2.11,0.429,3.82,3.33,4.28,-1.5,1.53,1.0,1.19,1.18,0,-0.61,neutral,neutral,0,-0.228,32,4823,0,
s19185,TIAUSDT,1784246400000,train,-1,-2.64,0.365,5.78,5.02,2.61,-2.03,2.27,1.09,1.0,0.87,1,-0.61,neutral,bajista,0,0.803,32,4823,8,
s19186,JUPUSDT,1784246400000,train,-1,-3.19,0.667,4.52,3.91,1.95,-2.58,2.25,1.03,1.05,1.0,0,-0.61,neutral,bajista,0,0.342,32,4823,2,
s19187,ONDOUSDT,1784246400000,train,-1,-3.11,0.422,4.5,3.43,0.91,-2.5,0.78,2.65,4.43,5.4,0,-0.61,neutral,neutral,0,-0.064,32,4822,0,
s19188,ARUSDT,1784246400000,testB,-1,-2.08,0.562,3.57,2.79,5,-1.47,1.77,1.21,1.13,0.88,1,-0.61,neutral,bajista,0,0.13,32,4822,2,
s19189,INJUSDT,1784247300000,train,-1,-2.59,0.522,3.83,3.61,1.16,-2.0,1.59,1.0,1.19,1.18,0,-0.6,neutral,neutral,0,-0.269,32,4824,1,
s19190,TIAUSDT,1784247300000,train,-1,-2.99,0.439,5.77,4.81,2.28,-2.4,1.87,1.09,1.0,0.87,1,-0.6,neutral,neutral,0,0.9,32,4824,0,
s19191,JUPUSDT,1784247300000,train,-1,-3.53,0.732,4.53,4.12,1.8,-2.93,2.21,1.03,1.05,1.0,0,-0.6,neutral,bajista,0,0.275,32,4824,3,
s19192,PENDLEUSDT,1784247300000,train,-1,-2.21,0.363,4.42,3.68,0.83,-1.61,1.14,1.08,1.03,1.03,0,-0.6,neutral,bajista,0,0.453,32,4824,2,
s19193,ONDOUSDT,1784247300000,train,-1,-3.22,0.429,3.85,3.63,0.96,-2.62,1.51,2.65,4.43,5.4,0,-0.6,neutral,neutral,0,-0.313,32,4823,1,
s19194,ARUSDT,1784247300000,testB,-1,-2.37,0.701,3.57,2.79,5,-1.78,1.56,1.21,1.13,0.88,1,-0.6,neutral,neutral,0,0.167,32,4823,0,
s19195,PUMPUSDT,1784248200000,train,-1,-4.24,0.587,5.8,5.32,0.56,-3.68,2.05,1.6,2.26,1.61,0,-0.56,neutral,bajista,0,0.382,32,4825,3,
s19196,INJUSDT,1784248200000,train,-1,-2.67,0.547,4.1,3.59,1.18,-2.11,1.45,1.0,1.19,1.18,0,-0.56,neutral,neutral,0,-0.121,32,4825,0,
s19197,TIAUSDT,1784248200000,train,-1,-2.72,0.384,5.74,4.31,1.41,-2.16,1.25,1.09,1.0,0.87,1,-0.56,neutral,neutral,0,1.041,32,4825,0,
s19198,JUPUSDT,1784248200000,train,-1,-3.58,0.735,4.95,4.18,2.15,-3.02,2.06,1.03,1.05,1.0,0,-0.56,neutral,neutral,0,0.333,32,4825,0,
s19199,ARUSDT,1784248200000,testB,-1,-2.17,0.606,3.56,2.58,5,-1.61,1.24,1.21,1.13,0.88,1,-0.56,neutral,neutral,0,0.22,32,4824,0,
s19200,PUMPUSDT,1784249100000,train,-1,-5.48,0.686,6.28,6.16,0.7,-5.13,2.78,1.6,2.26,1.61,0,-0.35,neutral,bajista,0,0.225,32,4826,4,
s19201,INJUSDT,1784249100000,train,-1,-2.65,0.541,4.1,3.48,1.44,-2.29,1.21,1.0,1.19,1.18,0,-0.35,neutral,neutral,0,-0.166,32,4826,0,
s19202,TIAUSDT,1784249100000,train,-1,-3.19,0.487,5.73,4.07,1.34,-2.83,0.95,1.09,1.0,0.87,1,-0.35,neutral,neutral,0,1.068,32,4826,0,
s19203,JUPUSDT,1784249100000,train,-1,-3.27,0.635,4.92,3.64,2.17,-2.92,1.38,1.03,1.05,1.0,0,-0.35,neutral,neutral,0,0.352,32,4826,0,
s19204,PENDLEUSDT,1784249100000,train,-1,-2.21,0.366,4.4,3.11,0.79,-1.85,0.52,1.08,1.03,1.03,0,-0.35,neutral,neutral,0,0.64,32,4826,0,
s19205,PUMPUSDT,1784250000000,train,-1,-4.24,0.481,6.22,5.02,0.82,-3.93,1.55,1.46,2.3,1.62,0,-0.31,neutral,neutral,0,0.464,32,4827,0,
s19206,ENAUSDT,1784250000000,train,-1,-2.35,0.462,3.82,2.8,0.93,-2.05,0.44,1.1,1.39,1.18,0,-0.31,neutral,neutral,0,0.771,32,4827,1,
s19207,INJUSDT,1784250000000,train,-1,-2.66,0.547,4.08,3.1,1.14,-2.35,0.8,0.97,1.13,1.17,0,-0.31,neutral,neutral,0,-0.205,32,4827,0,
s19208,TIAUSDT,1784250000000,train,-1,-3.44,0.55,5.72,3.91,0.62,-3.13,0.8,1.21,1.04,0.9,1,-0.31,neutral,neutral,0,1.122,32,4827,0,
s19209,JUPUSDT,1784250000000,train,-1,-3.27,0.635,4.92,3.48,0.79,-2.96,1.13,1.16,1.03,1.03,1,-0.31,neutral,neutral,0,0.382,32,4827,0,
s19210,PENDLEUSDT,1784250000000,train,-1,-2.77,0.511,4.39,3.01,0.53,-2.46,0.42,0.88,0.97,1.02,0,-0.31,neutral,neutral,0,0.592,32,4827,0,
s19211,PUMPUSDT,1784250900000,train,-1,-4.64,0.503,6.25,5.53,0.85,-4.34,1.99,1.46,2.3,1.62,0,-0.3,neutral,neutral,0,0.293,32,4828,1,
s19212,ENAUSDT,1784250900000,train,-1,-2.46,0.473,3.67,2.84,0.85,-2.16,0.57,1.1,1.39,1.18,0,-0.3,neutral,bajista,0,0.628,32,4828,2,
s19213,INJUSDT,1784250900000,train,-1,-2.58,0.535,4.08,3.08,0.96,-2.28,0.72,0.97,1.13,1.17,0,-0.3,neutral,neutral,0,-0.113,32,4828,0,
s19214,TIAUSDT,1784250900000,train,-1,-2.65,0.438,5.58,3.48,0.6,-2.35,0.48,1.21,1.04,0.9,1,-0.3,neutral,neutral,0,1.288,32,4828,0,
s19215,JUPUSDT,1784250900000,train,-1,-3.32,0.638,4.82,3.59,0.68,-3.02,1.21,1.16,1.03,1.03,1,-0.3,neutral,neutral,0,0.257,32,4828,1,
s19216,PENDLEUSDT,1784250900000,train,-1,-2.36,0.469,3.86,2.87,0.4,-2.06,0.75,0.88,0.97,1.02,0,-0.3,neutral,neutral,0,0.372,32,4828,1,
s19217,ARUSDT,1784250900000,testB,-1,-2.17,0.573,3.5,2.32,0.4,-1.87,0.83,1.24,1.1,0.86,1,-0.3,neutral,neutral,0,0.244,32,4827,1,
s19218,PUMPUSDT,1784251800000,train,-1,-5.38,0.553,6.29,6.23,0.67,-4.61,2.43,1.46,2.3,1.62,0,-0.76,neutral,bajista,0,0.136,32,4829,2,
s19219,STBLUSDT,1784251800000,train,-1,-2.36,0.5,4.32,3.11,4.75,-1.59,1.48,1.14,1.05,1.03,1,-0.76,neutral,bajista,1,2.0,24,4829,2,
s19220,0GUSDT,1784251800000,train,1,2.45,0.405,5.69,5.0,1.62,3.22,2.41,1.14,0.84,0.97,0,-0.76,neutral,alcista,0,-1.0,24,4829,7,
s19221,WLDUSDT,1784251800000,train,-1,-2.29,0.431,2.76,2.43,1.0,-1.53,0.97,0.63,0.61,0.67,0,-0.76,neutral,bajista,0,0.755,32,4829,2,
s19222,ENAUSDT,1784251800000,train,-1,-3.16,0.553,3.51,3.3,0.62,-2.4,1.09,1.1,1.39,1.18,0,-0.76,neutral,bajista,0,0.356,32,4829,3,
s19223,INJUSDT,1784251800000,train,-1,-3.05,0.635,4.07,3.31,0.76,-2.29,0.88,0.97,1.13,1.17,0,-0.76,neutral,neutral,0,-0.267,32,4829,1,
s19224,TIAUSDT,1784251800000,train,-1,-4.1,0.61,5.36,4.35,0.67,-3.33,1.52,1.21,1.04,0.9,1,-0.76,neutral,neutral,0,0.721,32,4829,1,
s19225,JUPUSDT,1784251800000,train,-1,-3.92,0.687,4.8,4.13,0.38,-3.15,1.63,1.16,1.03,1.03,1,-0.76,neutral,bajista,0,0.062,32,4829,2,
s19226,PENDLEUSDT,1784251800000,train,-1,-2.86,0.536,3.64,3.07,0.43,-2.1,1.12,0.88,0.97,1.02,0,-0.76,neutral,bajista,0,0.156,32,4829,2,
s19227,ARUSDT,1784251800000,testB,-1,-2.52,0.625,3.51,2.64,0.29,-1.76,1.01,1.24,1.1,0.86,1,-0.76,neutral,bajista,0,0.02,32,4828,2,
s19228,PUMPUSDT,1784252700000,train,-1,-6.7,0.606,8.85,7.92,1.01,-5.73,3.57,1.46,2.3,1.62,0,-0.97,neutral,bajista,0,-0.054,32,4830,3,
s19229,STBLUSDT,1784252700000,train,-1,-2.45,0.509,4.33,3.4,4.92,-1.48,1.61,1.14,1.05,1.03,1,-0.97,neutral,bajista,1,2.0,25,4830,3,
s19230,WLDUSDT,1784252700000,train,-1,-2.18,0.417,3.26,2.62,1.58,-1.2,1.24,0.63,0.61,0.67,0,-0.97,neutral,bajista,0,0.624,32,4830,3,
s19231,ENAUSDT,1784252700000,train,-1,-3.38,0.567,4.38,4.12,1.05,-2.4,2.04,1.1,1.39,1.18,0,-0.97,neutral,bajista,0,0.087,32,4830,4,
s19232,OPUSDT,1784252700000,train,-1,-2.11,0.538,2.77,2.56,1.37,-1.13,1.29,1.15,1.17,1.09,0,-0.97,neutral,bajista,0,0.4,32,4830,3,
s19233,INJUSDT,1784252700000,train,-1,-2.96,0.627,4.08,3.46,0.45,-1.98,0.98,0.97,1.13,1.17,0,-0.97,neutral,bajista,0,-0.339,32,4830,2,
s19234,TIAUSDT,1784252700000,train,-1,-4.45,0.628,5.14,5.01,0.91,-3.47,2.48,1.21,1.04,0.9,1,-0.97,neutral,bajista,0,0.459,32,4830,2,
s19235,JUPUSDT,1784252700000,train,-1,-4.42,0.712,5.14,4.78,0.62,-3.44,2.1,1.16,1.03,1.03,1,-0.97,neutral,bajista,0,-0.033,32,4830,3,
s19236,PENDLEUSDT,1784252700000,train,-1,-2.79,0.528,3.61,3.24,0.44,-1.81,1.42,0.88,0.97,1.02,0,-0.97,neutral,bajista,0,0.026,32,4830,3,
s19237,ARUSDT,1784252700000,testB,-1,-2.68,0.639,3.37,2.91,0.26,-1.7,1.34,1.24,1.1,0.86,1,-0.97,neutral,bajista,0,-0.107,32,4829,3,
s19238,PUMPUSDT,1784253600000,train,-1,-6.53,0.582,8.45,7.23,0.96,-5.6,2.96,1.29,2.2,1.61,0,-0.92,neutral,neutral,0,-0.102,32,4831,0,
s19239,STBLUSDT,1784253600000,train,-1,-2.9,0.571,4.35,3.79,5,-1.98,1.77,1.21,1.06,1.05,1,-0.92,neutral,bajista,0,1.16,32,4831,4,
s19240,WLDUSDT,1784253600000,train,-1,-2.83,0.514,3.7,2.94,2.15,-1.91,1.55,0.83,0.66,0.72,0,-0.92,neutral,bajista,0,0.257,32,4831,4,
s19241,ENAUSDT,1784253600000,train,-1,-4.02,0.658,5.02,4.19,1.46,-3.1,2.22,1.18,1.21,1.22,0,-0.92,neutral,bajista,0,-0.095,32,4831,5,
s19242,OPUSDT,1784253600000,train,-1,-2.2,0.579,2.97,2.25,1.56,-1.28,1.01,1.24,1.21,1.12,1,-0.92,neutral,neutral,0,0.273,32,4831,0,
s19243,INJUSDT,1784253600000,train,-1,-3.01,0.648,3.83,3.13,0.4,-2.09,0.8,1.02,1.02,1.18,0,-0.92,neutral,neutral,0,-0.507,32,4831,0,
s19244,TIAUSDT,1784253600000,train,-1,-5.87,0.69,6.7,6.29,1.63,-4.95,3.52,1.53,1.19,0.98,1,-0.92,neutral,bajista,0,0.083,32,4831,3,
s19245,JUPUSDT,1784253600000,train,-1,-4.12,0.634,4.97,4.3,0.61,-3.2,1.6,1.22,1.01,1.03,0,-0.92,neutral,neutral,0,-0.048,32,4831,0,
s19246,PENDLEUSDT,1784253600000,train,-1,-2.89,0.56,3.62,2.97,0.54,-1.96,0.98,0.86,0.94,1.03,0,-0.92,neutral,neutral,0,-0.026,32,4831,0,
s19247,ARUSDT,1784253600000,testB,-1,-2.63,0.619,3.27,2.75,0.35,-1.7,1.16,1.37,1.1,0.89,1,-0.92,neutral,neutral,0,-0.189,32,4830,0,
s19248,PUMPUSDT,1784254500000,train,-1,-4.5,0.467,6.78,5.38,1.1,-3.73,2.54,1.29,2.2,1.61,0,-0.77,neutral,neutral,0,0.102,32,4832,0,
s19249,STBLUSDT,1784254500000,train,-1,-2.46,0.491,4.34,3.59,4.44,-1.69,1.45,1.21,1.06,1.05,1,-0.77,neutral,neutral,0,1.208,32,4832,0,
s19250,0GUSDT,1784254500000,train,1,2.52,0.397,5.99,4.44,1.65,3.29,1.31,1.46,0.98,1.02,0,-0.77,neutral,neutral,0,-1.0,21,4832,1,
s19251,WLDUSDT,1784254500000,train,-1,-2.32,0.462,3.39,2.71,1.79,-1.55,1.5,0.83,0.66,0.72,0,-0.77,neutral,bajista,0,0.298,32,4832,5,
s19252,ENAUSDT,1784254500000,train,-1,-3.3,0.609,3.95,3.59,1.63,-2.53,2.45,1.18,1.21,1.22,0,-0.77,neutral,bajista,0,-0.222,32,4832,6,
s19253,OPUSDT,1784254500000,train,-1,-2.01,0.556,2.77,2.25,1.51,-1.24,1.11,1.24,1.21,1.12,1,-0.77,neutral,neutral,0,0.227,32,4832,1,
s19254,INJUSDT,1784254500000,train,-1,-2.01,0.495,3.06,2.16,0.47,-1.24,0.58,1.02,1.02,1.18,0,-0.77,neutral,neutral,0,-0.648,32,4832,0,
s19255,TIAUSDT,1784254500000,train,-1,-5.5,0.675,6.71,6.37,1.71,-4.73,3.31,1.53,1.19,0.98,1,-0.77,neutral,bajista,0,0.02,32,4832,4,
s19256,JUPUSDT,1784254500000,train,-1,-3.3,0.55,4.34,3.52,0.65,-2.53,1.32,1.22,1.01,1.03,0,-0.77,neutral,neutral,0,-0.044,32,4832,0,
s19257,ARUSDT,1784254500000,testB,-1,-2.38,0.595,3.06,2.7,0.46,-1.61,1.19,1.37,1.1,0.89,1,-0.77,neutral,neutral,0,-0.25,32,4831,1,
s19258,PUMPUSDT,1784255400000,train,-1,-5.14,0.5,6.15,5.42,1.24,-4.16,2.88,1.29,2.2,1.61,0,-0.98,neutral,neutral,0,-0.102,32,4833,1,
s19259,STBLUSDT,1784255400000,train,-1,-3.08,0.654,3.83,3.27,0.46,-2.1,1.46,1.21,1.06,1.05,1,-0.98,neutral,neutral,1,2.0,22,4833,1,
s19260,0GUSDT,1784255400000,train,1,2.74,0.417,5.98,4.64,1.08,3.72,1.39,1.46,0.98,1.02,0,-0.98,neutral,alcista,0,-1.0,20,4833,2,
s19261,WLDUSDT,1784255400000,train,-1,-2.2,0.448,3.05,2.61,1.78,-1.22,1.5,0.83,0.66,0.72,0,-0.98,neutral,bajista,0,0.19,32,4833,6,
s19262,ENAUSDT,1784255400000,train,-1,-3.22,0.603,3.72,3.56,1.95,-2.25,2.29,1.18,1.21,1.22,0,-0.98,neutral,bajista,0,-0.333,32,4833,7,
s19263,INJUSDT,1784255400000,train,-1,-2.04,0.498,2.66,2.12,0.5,-1.06,0.82,1.02,1.02,1.18,0,-0.98,neutral,neutral,0,-1.0,20,4833,1,
s19264,TIAUSDT,1784255400000,train,-1,-6.32,0.704,7.17,6.8,1.87,-5.34,3.75,1.53,1.19,0.98,1,-0.98,neutral,bajista,0,-0.116,32,4833,5,
s19265,JUPUSDT,1784255400000,train,-1,-2.57,0.486,3.47,2.74,0.63,-1.59,1.27,1.22,1.01,1.03,0,-0.98,neutral,neutral,0,-0.0,32,4833,1,
s19266,ARUSDT,1784255400000,testB,-1,-2.44,0.6,2.71,2.5,0.49,-1.46,1.19,1.37,1.1,0.89,1,-0.98,neutral,bajista,0,-0.375,32,4832,2,
s19267,PUMPUSDT,1784256300000,train,-1,-4.17,0.42,5.77,4.72,0.55,-3.42,2.35,1.29,2.2,1.61,0,-0.75,neutral,neutral,0,-0.013,32,4834,0,
s19268,STBLUSDT,1784256300000,train,-1,-2.24,0.576,2.95,2.43,0.46,-1.49,1.37,1.21,1.06,1.05,1,-0.75,neutral,bajista,1,2.0,19,4834,2,
s19269,0GUSDT,1784256300000,train,1,3.35,0.496,5.96,5.0,1.34,4.11,1.6,1.46,0.98,1.02,0,-0.75,neutral,alcista,0,-1.0,19,4834,3,
s19270,WLDUSDT,1784256300000,train,-1,-2.68,0.512,3.96,3.04,1.58,-1.93,1.76,0.83,0.66,0.72,0,-0.75,neutral,bajista,0,0.034,32,4834,7,
s19271,ENAUSDT,1784256300000,train,-1,-2.91,0.514,3.91,3.21,1.31,-2.16,1.81,1.18,1.21,1.22,0,-0.75,neutral,neutral,0,-0.291,32,4834,0,
s19272,TIAUSDT,1784256300000,train,-1,-6.05,0.694,6.94,6.65,1.59,-5.29,3.49,1.53,1.19,0.98,1,-0.75,neutral,bajista,0,-0.075,32,4834,6,
s19273,JUPUSDT,1784256300000,train,-1,-2.12,0.389,3.41,2.37,0.35,-1.37,0.87,1.22,1.01,1.03,0,-0.75,neutral,neutral,0,0.152,32,4834,0,
s19274,ARUSDT,1784256300000,testB,-1,-2.14,0.525,2.65,2.29,0.48,-1.38,0.94,1.37,1.1,0.89,1,-0.75,neutral,neutral,0,-0.273,32,4833,0,
s19275,STBLUSDT,1784257200000,train,-1,-2.1,0.523,2.89,2.19,0.38,-1.62,1.04,1.31,1.09,1.07,1,-0.48,neutral,neutral,1,2.0,17,4835,0,
s19276,0GUSDT,1784257200000,train,1,3.35,0.496,5.95,5.15,0.83,3.83,1.67,1.56,0.97,1.02,0,-0.48,neutral,alcista,0,-1.0,18,4835,4,
s19277,WLDUSDT,1784257200000,train,-1,-2.2,0.43,3.95,2.85,0.98,-1.72,1.35,0.9,0.64,0.66,0,-0.48,neutral,neutral,0,0.138,32,4835,0,
s19278,ENAUSDT,1784257200000,train,-1,-2.4,0.389,3.75,2.46,0.77,-1.92,0.94,1.22,1.12,1.23,0,-0.48,neutral,neutral,0,-0.101,32,4835,0,
s19279,TIAUSDT,1784257200000,train,-1,-5.15,0.625,5.98,5.48,0.72,-4.67,2.92,1.61,1.24,0.98,1,-0.48,neutral,neutral,0,-0.038,32,4835,0,
s19280,0GUSDT,1784258100000,train,1,3.31,0.484,5.99,4.49,0.91,3.53,0.87,1.56,0.97,1.02,0,-0.22,neutral,neutral,0,-1.0,17,4836,0,
s19281,ARBUSDT,1784258100000,train,1,2.82,0.46,4.49,3.64,1.39,3.04,1.83,0.71,0.59,0.49,1,-0.22,neutral,alcista,0,-0.27,32,4836,6,
s19282,TIAUSDT,1784258100000,train,-1,-3.79,0.476,5.58,4.54,0.83,-3.57,2.15,1.61,1.24,0.98,1,-0.22,neutral,neutral,0,0.126,32,4836,0,
s19283,0GUSDT,1784259000000,train,1,3.75,0.515,5.95,5.1,0.93,4.08,1.4,1.56,0.97,1.02,0,-0.33,neutral,neutral,0,-1.0,16,4837,1,
s19284,TIAUSDT,1784259000000,train,-1,-3.82,0.478,5.59,4.78,0.7,-3.49,2.1,1.61,1.24,0.98,1,-0.33,neutral,neutral,0,0.005,32,4837,1,
s19285,LDOUSDT,1784259000000,testB,1,2.27,0.386,2.81,2.49,1.45,2.61,1.54,0.81,0.84,1.09,0,-0.33,neutral,alcista,0,-1.0,9,4836,3,
s19286,PUMPUSDT,1784259900000,train,-1,-3.48,0.381,5.44,3.97,0.7,-3.07,0.98,1.29,1.67,1.59,0,-0.41,neutral,bajista,0,-0.215,32,4838,3,
s19287,0GUSDT,1784259900000,train,1,4.04,0.575,5.95,5.1,0.42,4.45,1.25,1.56,0.97,1.02,0,-0.41,neutral,neutral,0,-1.0,15,4838,0,
s19288,TIAUSDT,1784259900000,train,-1,-4.23,0.503,5.63,5.42,0.79,-3.82,2.34,1.61,1.24,0.98,1,-0.41,neutral,bajista,0,-0.131,32,4838,2,
s19289,PUMPUSDT,1784260800000,train,-1,-3.43,0.377,4.9,3.74,0.54,-2.97,1.08,1.03,1.43,1.55,0,-0.47,neutral,bajista,0,-0.131,32,4839,4,
s19290,0GUSDT,1784260800000,train,1,5.5,0.649,6.1,5.68,0.77,5.96,3.01,1.93,1.16,1.09,1,-0.47,neutral,neutral,0,-1.0,6,4839,1,
s19291,ENAUSDT,1784260800000,train,-1,-2.3,0.377,3.72,2.82,0.61,-1.84,0.89,1.15,1.08,1.26,0,-0.47,neutral,bajista,0,-0.106,32,4839,3,
s19292,TIAUSDT,1784260800000,train,-1,-4.11,0.494,6.53,5.97,1.12,-3.64,2.47,1.83,1.34,1.03,1,-0.47,neutral,bajista,0,-0.168,32,4839,3,
s19293,PUMPUSDT,1784261700000,train,-1,-3.38,0.373,4.67,3.75,0.56,-2.74,1.29,1.03,1.43,1.55,0,-0.64,neutral,bajista,0,-0.246,32,4840,5,
s19294,TIAUSDT,1784261700000,train,-1,-4.6,0.548,6.92,6.31,1.35,-3.96,2.5,1.83,1.34,1.03,1,-0.64,neutral,bajista,0,-0.109,32,4840,4,
s19295,TIAUSDT,1784262600000,train,-1,-4.91,0.611,6.91,6.14,1.2,-4.42,2.1,1.83,1.34,1.03,1,-0.49,neutral,neutral,0,-0.065,32,4841,0,
s19296,WLDUSDT,1784263500000,train,-1,-2.09,0.427,3.94,2.53,0.5,-1.46,0.41,0.86,0.63,0.66,0,-0.63,neutral,neutral,0,0.371,32,4842,0,
s19297,TIAUSDT,1784263500000,train,-1,-5.05,0.642,6.9,6.06,1.1,-4.42,1.74,1.83,1.34,1.03,1,-0.63,neutral,neutral,0,-0.105,32,4842,0,
s19298,WLDUSDT,1784264400000,train,-1,-2.73,0.532,3.96,2.99,0.38,-1.86,0.77,0.91,0.67,0.68,0,-0.87,neutral,neutral,0,0.632,32,4843,1,
s19299,TIAUSDT,1784264400000,train,-1,-5.67,0.693,6.7,6.35,0.71,-4.8,2.05,1.7,1.38,1.07,1,-0.87,neutral,neutral,0,-0.042,32,4843,1,
s19300,WLDUSDT,1784265300000,train,-1,-2.92,0.548,3.35,2.98,0.5,-1.71,1.22,0.91,0.67,0.68,0,-1.21,neutral,bajista,0,0.584,32,4844,2,
s19301,TIAUSDT,1784265300000,train,-1,-6.33,0.769,7.02,6.75,0.57,-5.12,2.28,1.7,1.38,1.07,1,-1.21,neutral,bajista,0,-0.119,32,4844,2,
s19302,WLDUSDT,1784266200000,train,-1,-2.17,0.472,2.61,2.27,0.74,-0.98,1.22,0.91,0.67,0.68,0,-1.19,neutral,bajista,0,0.884,32,4845,3,
s19303,TIAUSDT,1784266200000,train,-1,-5.39,0.737,6.28,5.72,0.63,-4.2,2.2,1.7,1.38,1.07,1,-1.19,neutral,bajista,0,-0.065,32,4845,3,
s19304,STBLUSDT,1784267100000,train,-1,-2.61,0.538,5.02,3.01,5,-1.5,2.46,2.05,1.36,1.25,1,-1.11,neutral,bajista,0,0.683,32,4846,2,
s19305,WLDUSDT,1784267100000,train,-1,-2.49,0.505,2.97,2.74,1.18,-1.38,1.77,0.91,0.67,0.68,0,-1.11,neutral,bajista,0,0.058,32,4846,4,
s19306,TIAUSDT,1784267100000,train,-1,-4.53,0.7,5.09,4.8,0.66,-3.42,2.25,1.7,1.38,1.07,1,-1.11,neutral,bajista,0,-0.436,32,4846,4,
s19307,TIAUSDT,1784268000000,train,-1,-2.6,0.472,3.81,3.04,0.64,-1.36,1.65,1.6,1.33,1.09,1,-1.24,neutral,neutral,0,-0.623,32,4847,0,
s19308,0GUSDT,1784268900000,train,-1,-3.64,0.351,7.77,7.0,0.95,-2.69,2.49,1.72,1.29,1.05,1,-0.95,neutral,bajista,0,-0.048,32,4848,8,
s19309,0GUSDT,1784269800000,train,-1,-3.68,0.358,7.76,6.82,0.56,-2.77,2.03,1.72,1.29,1.05,1,-0.91,neutral,neutral,0,-0.008,32,4849,0,
s19310,0GUSDT,1784270700000,train,-1,-4.04,0.409,7.76,6.82,0.49,-3.19,1.82,1.72,1.29,1.05,1,-0.85,neutral,neutral,0,0.041,32,4850,0,
s19311,MANAUSDT,1784270700000,testB,-1,-2.11,0.388,3.84,3.68,0.28,-1.25,1.04,1.39,0.98,0.91,1,-0.85,neutral,bajista,0,-0.019,32,4849,2,
s19312,STBLUSDT,1784271600000,train,-1,-3.31,0.42,5.07,4.01,0.88,-2.17,2.35,2.5,1.81,1.44,1,-1.14,neutral,bajista,0,0.651,32,4851,4,
s19313,0GUSDT,1784271600000,train,-1,-4.3,0.438,7.77,6.94,0.26,-3.16,1.77,2.02,1.6,1.17,1,-1.14,neutral,neutral,0,0.072,32,4851,1,
s19314,ARBUSDT,1784271600000,train,-1,-2.07,0.451,4.02,3.23,0.44,-0.93,0.21,0.74,0.65,0.54,1,-1.14,neutral,neutral,0,0.402,32,4851,0,
s19315,PENDLEUSDT,1784271600000,train,-1,-2.3,0.437,3.58,3.38,0.47,-1.17,1.09,0.63,0.75,0.88,0,-1.14,neutral,bajista,0,-0.093,32,4851,3,
s19316,MANAUSDT,1784271600000,testB,-1,-2.43,0.478,3.83,3.62,0.2,-1.29,0.93,1.36,0.99,0.9,1,-1.14,neutral,neutral,0,0.148,32,4850,0,
s19317,STBLUSDT,1784272500000,train,-1,-4.28,0.523,5.3,4.71,0.93,-3.1,2.71,2.5,1.81,1.44,1,-1.18,neutral,bajista,0,0.351,32,4852,5,
s19318,0GUSDT,1784272500000,train,-1,-3.48,0.371,7.76,6.76,0.24,-2.3,1.49,2.02,1.6,1.17,1,-1.18,neutral,neutral,0,0.09,32,4852,0,
s19319,ARBUSDT,1784272500000,train,-1,-2.54,0.556,3.38,2.83,0.42,-1.36,0.4,0.74,0.65,0.54,1,-1.18,neutral,neutral,0,-1.0,13,4852,1,
s19320,TIAUSDT,1784272500000,train,-1,-2.06,0.393,3.12,2.18,0.67,-0.88,0.48,1.55,1.37,1.08,1,-1.18,neutral,neutral,0,-1.0,8,4852,1,
s19321,PENDLEUSDT,1784272500000,train,-1,-2.33,0.446,3.58,3.23,0.49,-1.15,0.89,0.63,0.75,0.88,0,-1.18,neutral,neutral,0,-0.281,32,4852,0,
s19322,AXSUSDT,1784272500000,testB,-1,-2.04,0.556,2.91,2.18,4.35,-0.86,0.97,1.21,1.13,1.13,1,-1.18,neutral,neutral,1,2.0,23,4851,0,
s19323,XPLUSDT,1784273400000,train,-1,-3.04,0.446,4.1,3.78,2.37,-1.94,1.91,1.09,0.81,0.85,0,-1.1,neutral,bajista,0,-0.283,32,4853,4,
s19324,STBLUSDT,1784273400000,train,-1,-5.5,0.584,6.95,6.16,1.4,-4.4,3.74,2.5,1.81,1.44,1,-1.1,neutral,bajista,0,-0.112,32,4853,6,
s19325,0GUSDT,1784273400000,train,-1,-4.99,0.522,8.89,7.77,0.72,-3.9,2.24,2.02,1.6,1.17,1,-1.1,neutral,neutral,0,-0.129,32,4853,1,
s19326,ARBUSDT,1784273400000,train,-1,-2.02,0.462,2.85,2.14,0.51,-0.92,0.28,0.74,0.65,0.54,1,-1.1,neutral,neutral,0,-1.0,7,4853,0,
s19327,JUPUSDT,1784273400000,train,-1,-2.19,0.506,2.66,2.34,1.09,-1.09,0.68,0.65,0.9,0.98,0,-1.1,neutral,neutral,0,-1.0,27,4853,0,
s19328,PENDLEUSDT,1784273400000,train,-1,-2.8,0.558,3.21,3.01,0.49,-1.7,1.0,0.63,0.75,0.88,0,-1.1,neutral,neutral,0,-0.438,32,4853,1,
s19329,AXSUSDT,1784273400000,testB,-1,-2.14,0.568,2.92,2.4,4.98,-1.04,1.07,1.21,1.13,1.13,1,-1.1,neutral,neutral,1,2.0,22,4852,1,
s19330,XPLUSDT,1784274300000,train,-1,-2.96,0.438,4.36,4.15,2.67,-1.79,2.08,1.09,0.81,0.85,0,-1.17,neutral,bajista,0,-0.347,32,4854,5,
s19331,STBLUSDT,1784274300000,train,-1,-5.46,0.582,6.86,6.22,1.41,-4.29,3.55,2.5,1.81,1.44,1,-1.17,neutral,bajista,0,-0.175,32,4854,7,
s19332,0GUSDT,1784274300000,train,-1,-4.3,0.42,8.83,7.0,2.49,-3.13,1.41,2.02,1.6,1.17,1,-1.17,neutral,neutral,0,-0.103,32,4854,0,
s19333,PENDLEUSDT,1784274300000,train,-1,-2.81,0.558,3.22,3.16,0.63,-1.63,1.12,0.63,0.75,0.88,0,-1.17,neutral,bajista,0,-0.622,32,4854,2,
s19334,AXSUSDT,1784274300000,testB,-1,-2.14,0.568,2.82,2.4,4.77,-0.97,1.11,1.21,1.13,1.13,1,-1.17,neutral,bajista,1,2.0,21,4853,2,
s19335,STBLUSDT,1784275200000,train,-1,-5.83,0.604,7.68,6.59,1.43,-4.88,3.57,2.85,2.03,1.46,1,-0.96,neutral,bajista,0,-0.286,32,4855,8,
s19336,0GUSDT,1784275200000,train,-1,-7.19,0.784,8.53,7.8,2.81,-6.24,2.18,1.8,1.65,1.14,1,-0.96,neutral,neutral,0,-0.252,32,4855,1,
s19337,PENDLEUSDT,1784275200000,train,-1,-2.41,0.509,3.33,3.1,0.7,-1.46,0.99,0.68,0.76,0.85,0,-0.96,neutral,neutral,0,-0.715,32,4855,0,
s19338,MANAUSDT,1784275200000,testB,-1,-2.12,0.533,2.78,2.68,0.46,-1.17,0.89,1.32,1.0,0.9,1,-0.96,neutral,neutral,0,-0.106,32,4854,1,
s19339,AXSUSDT,1784275200000,testB,-1,-2.25,0.579,3.35,2.83,1.99,-1.3,1.42,1.75,1.39,1.12,1,-0.96,neutral,bajista,0,0.852,32,4854,3,
s19340,STBLUSDT,1784276100000,train,-1,-6.34,0.636,7.77,7.07,1.23,-5.41,3.61,2.85,2.03,1.46,1,-0.93,neutral,bajista,0,-0.218,32,4856,8,
s19341,0GUSDT,1784276100000,train,-1,-5.31,0.694,6.61,5.72,3.42,-4.38,1.91,1.8,1.65,1.14,1,-0.93,neutral,neutral,0,-0.373,32,4856,0,
s19342,OPUSDT,1784276100000,train,-1,-2.05,0.588,2.82,2.4,1.22,-1.11,1.24,1.37,1.31,1.23,1,-0.93,neutral,neutral,0,-0.348,32,4856,1,
s19343,PENDLEUSDT,1784276100000,train,-1,-2.43,0.51,3.76,3.43,0.93,-1.5,1.22,0.68,0.76,0.85,0,-0.93,neutral,neutral,0,-0.679,32,4856,1,
s19344,AXSUSDT,1784276100000,testB,-1,-2.15,0.568,3.35,2.83,1.62,-1.22,1.28,1.75,1.39,1.12,1,-0.93,neutral,neutral,0,0.778,32,4855,0,
s19345,STBLUSDT,1784277000000,train,-1,-5.42,0.523,7.71,6.33,0.86,-4.33,2.64,2.85,2.03,1.46,1,-1.1,neutral,neutral,0,-0.031,32,4857,0,
s19346,0GUSDT,1784277000000,train,-1,-4.65,0.664,5.78,4.94,2.78,-3.56,1.78,1.8,1.65,1.14,1,-1.1,neutral,neutral,0,-0.443,32,4857,0,
s19347,OPUSDT,1784277000000,train,-1,-2.25,0.611,3.14,2.62,1.52,-1.16,1.28,1.37,1.31,1.23,1,-1.1,neutral,bajista,0,-0.48,32,4857,2,
s19348,PENDLEUSDT,1784277000000,train,-1,-2.85,0.635,4.09,3.52,1.23,-1.76,1.17,0.68,0.76,0.85,0,-1.1,neutral,bajista,0,-0.67,32,4857,2,
s19349,MANAUSDT,1784277000000,testB,-1,-2.63,0.72,3.34,2.84,0.69,-1.53,0.75,1.32,1.0,0.9,1,-1.1,neutral,neutral,0,-0.49,32,4856,1,
s19350,AXSUSDT,1784277000000,testB,-1,-3.17,0.756,3.69,3.59,1.96,-2.07,1.8,1.75,1.39,1.12,1,-1.1,neutral,neutral,0,0.353,32,4856,1,
s19351,STBLUSDT,1784277900000,train,-1,-6.31,0.57,7.78,7.23,0.82,-5.36,3.14,2.85,2.03,1.46,1,-0.95,neutral,neutral,0,-0.117,32,4858,1,
s19352,0GUSDT,1784277900000,train,-1,-2.82,0.481,4.25,3.07,0.52,-1.88,1.59,1.8,1.65,1.14,1,-0.95,neutral,neutral,0,-0.545,32,4858,0,
s19353,PENDLEUSDT,1784277900000,train,-1,-2.68,0.575,3.62,2.74,1.31,-1.73,0.74,0.68,0.76,0.85,0,-0.95,neutral,neutral,0,-0.727,32,4858,0,
s19354,AXSUSDT,1784277900000,testB,-1,-3.78,0.822,4.03,3.92,2.46,-2.83,2.06,1.75,1.39,1.12,1,-0.95,neutral,bajista,0,0.189,32,4857,2,
s19355,STBLUSDT,1784278800000,train,-1,-6.2,0.556,7.76,6.96,0.58,-5.45,2.65,3.27,2.3,1.55,1,-0.75,neutral,neutral,0,-0.157,32,4859,0,
s19356,0GUSDT,1784278800000,train,-1,-2.18,0.392,3.74,2.4,0.31,-1.43,1.03,1.77,1.7,1.14,1,-0.75,neutral,neutral,0,-0.744,32,4859,0,
s19357,LDOUSDT,1784278800000,testB,1,3.06,0.384,3.87,3.66,1.43,3.81,1.94,1.01,0.83,0.97,0,-0.75,neutral,alcista,0,0.37,32,4858,3,
s19358,AXSUSDT,1784278800000,testB,-1,-3.48,0.81,4.14,3.71,1.36,-2.73,1.85,2.19,1.64,1.16,1,-0.75,neutral,neutral,0,0.029,32,4858,0,
s19359,STBLUSDT,1784279700000,train,-1,-6.29,0.565,7.51,6.77,0.32,-5.89,2.41,3.27,2.3,1.55,1,-0.41,neutral,neutral,0,-0.074,32,4860,0,
s19360,AXSUSDT,1784279700000,testB,-1,-3.18,0.795,3.82,3.39,1.83,-2.78,1.72,2.19,1.64,1.16,1,-0.41,neutral,neutral,0,-0.031,32,4859,1,
s19361,STBLUSDT,1784280600000,train,-1,-4.27,0.351,6.86,4.55,0.73,-4.41,0.78,3.27,2.3,1.55,1,0.14,neutral,neutral,0,0.194,32,4861,0,
s19362,TIAUSDT,1784280600000,train,1,2.38,0.492,3.05,2.82,0.8,2.23,1.16,1.22,1.42,1.06,0,0.14,neutral,alcista,0,0.093,32,4861,5,
s19363,AXSUSDT,1784280600000,testB,-1,-3.19,0.795,3.61,3.4,1.44,-3.33,1.76,2.19,1.64,1.16,1,0.14,neutral,bajista,0,0.094,32,4860,2,
s19364,TIAUSDT,1784281500000,train,1,2.33,0.475,3.01,2.46,0.8,2.08,0.83,1.22,1.42,1.06,0,0.25,neutral,neutral,0,0.17,32,4862,0,
s19365,AXSUSDT,1784281500000,testB,-1,-2.89,0.778,3.61,3.4,1.2,-3.14,1.56,2.19,1.64,1.16,1,0.25,neutral,neutral,0,0.094,32,4861,0,
s19366,STBLUSDT,1784282400000,train,-1,-3.72,0.414,6.4,3.91,1.27,-4.15,0.51,4.15,2.77,1.8,1,0.44,neutral,neutral,0,0.15,32,4863,1,
s19367,ARBUSDT,1784282400000,train,1,2.14,0.471,3.24,2.97,1.3,1.7,1.37,0.63,0.68,0.56,0,0.44,neutral,alcista,0,-1.0,12,4863,2,
s19368,TIAUSDT,1784282400000,train,1,2.13,0.455,2.56,2.3,0.82,1.7,1.06,1.03,1.44,1.08,0,0.44,neutral,neutral,0,-1.0,14,4863,1,
s19369,AXSUSDT,1784282400000,testB,-1,-3.09,0.882,3.72,3.4,1.14,-3.53,1.37,2.41,1.76,1.21,1,0.44,neutral,neutral,0,0.156,32,4862,0,
s19370,ARBUSDT,1784283300000,train,1,2.22,0.497,3.24,2.94,1.32,1.96,1.21,0.63,0.68,0.56,0,0.26,neutral,neutral,0,-1.0,11,4864,0,
s19371,AXSUSDT,1784283300000,testB,-1,-3.4,0.892,3.62,3.62,0.62,-3.66,1.5,2.41,1.76,1.21,1,0.26,neutral,neutral,0,0.029,32,4863,1,
s19372,ARBUSDT,1784284200000,train,1,2.37,0.549,3.52,2.92,1.22,1.88,0.99,0.63,0.68,0.56,0,0.49,neutral,neutral,0,-1.0,10,4865,0,
s19373,AXSUSDT,1784284200000,testB,-1,-3.2,0.886,3.52,3.41,0.63,-3.69,1.31,2.41,1.76,1.21,1,0.49,neutral,bajista,0,-0.031,32,4864,2,
s19374,ARBUSDT,1784285100000,train,1,2.35,0.543,3.52,2.91,1.07,1.98,0.97,0.63,0.68,0.56,0,0.37,neutral,neutral,0,-1.0,9,4866,0,
s19375,ONDOUSDT,1784285100000,train,1,3.2,0.367,5.88,4.8,1.78,2.83,2.32,2.25,2.32,4.0,0,0.37,neutral,alcista,0,0.028,32,4865,4,
s19376,AXSUSDT,1784285100000,testB,-1,-3.72,0.9,3.86,3.86,0.56,-4.09,1.79,2.41,1.76,1.21,1,0.37,neutral,bajista,0,-0.389,32,4865,3,
s19377,ONDOUSDT,1784286000000,train,1,4.79,0.603,5.47,4.7,1.94,4.5,2.42,2.13,2.38,3.97,0,0.29,neutral,alcista,0,-0.236,32,4866,5,
s19378,AXSUSDT,1784286000000,testB,-1,-3.02,0.879,3.65,3.44,0.58,-3.31,1.72,2.6,1.77,1.24,1,0.29,neutral,bajista,0,-0.219,32,4866,4,
s19379,ONDOUSDT,1784286900000,train,1,5.6,0.64,6.01,5.46,2.8,5.28,3.06,2.13,2.38,3.97,0,0.32,neutral,alcista,0,-0.335,32,4867,6,
s19380,AXSUSDT,1784286900000,testB,-1,-3.43,1.0,3.66,3.66,0.76,-3.75,1.72,2.6,1.77,1.24,1,0.32,neutral,bajista,0,-0.265,32,4867,5,
s19381,ONDOUSDT,1784287800000,train,1,4.77,0.516,6.05,4.87,2.11,4.17,2.24,2.13,2.38,3.97,0,0.6,neutral,neutral,0,-0.27,32,4868,0,
s19382,AXSUSDT,1784287800000,testB,-1,-2.92,0.824,3.54,3.11,0.81,-3.51,1.26,2.6,1.77,1.24,1,0.6,neutral,neutral,0,-0.103,32,4868,0,
s19383,ONDOUSDT,1784288700000,train,1,4.54,0.505,6.05,4.87,1.52,3.77,2.18,2.13,2.38,3.97,0,0.76,neutral,neutral,0,-0.281,32,4869,0,
s19384,AXSUSDT,1784288700000,testB,-1,-2.82,0.818,3.33,2.9,0.68,-3.58,1.03,2.6,1.77,1.24,1,0.76,neutral,neutral,0,-0.185,32,4869,1,
s19385,ONDOUSDT,1784289600000,train,1,5.04,0.532,6.0,5.68,1.28,4.46,2.73,2.31,2.4,3.7,0,0.58,neutral,neutral,0,-0.509,32,4870,1,
s19386,AXSUSDT,1784289600000,testB,-1,-2.62,0.806,2.9,2.69,0.61,-3.19,1.15,2.8,1.79,1.26,1,0.58,neutral,bajista,0,-0.32,32,4870,2,
s19387,ONDOUSDT,1784290500000,train,1,3.81,0.359,6.07,4.61,0.94,3.17,1.4,2.31,2.4,3.7,0,0.64,neutral,neutral,0,-0.429,32,4871,0,
s19388,AXSUSDT,1784290500000,testB,-1,-2.72,0.812,3.01,2.8,0.73,-3.36,1.11,2.8,1.79,1.26,1,0.64,neutral,bajista,0,-0.269,32,4871,3,
s19389,XPLUSDT,1784293200000,train,-1,-3.17,0.863,4.28,3.64,1.13,-2.94,1.62,1.08,1.09,0.9,0,-0.23,neutral,bajista,0,-0.162,32,4875,4,
s19390,ENAUSDT,1784293200000,train,-1,-2.11,0.552,3.69,3.0,3.47,-1.88,1.8,1.29,1.12,1.26,0,-0.23,neutral,bajista,0,-1.0,13,4875,5,
s19391,ARBUSDT,1784293200000,train,-1,-2.09,0.486,4.15,3.62,1.08,-1.86,1.58,0.64,0.7,0.61,0,-0.23,neutral,neutral,0,-0.874,32,4875,1,
s19392,AXSUSDT,1784293200000,testB,-1,-3.08,0.707,4.27,3.94,1.52,-2.85,2.21,3.14,2.15,1.41,1,-0.23,neutral,bajista,0,-0.861,32,4874,2,
s19393,WLDUSDT,1784294100000,train,-1,-2.02,0.503,2.95,2.6,3.38,-1.88,1.61,0.94,0.92,0.75,1,-0.14,neutral,bajista,0,-1.0,4,4876,4,
s19394,ARBUSDT,1784294100000,train,-1,-2.81,0.774,4.15,3.66,1.28,-2.66,1.5,0.64,0.7,0.61,0,-0.14,neutral,bajista,0,-0.829,32,4876,2,
s19395,AXSUSDT,1784294100000,testB,-1,-2.97,0.667,3.93,3.5,1.96,-2.83,1.81,3.14,2.15,1.41,1,-0.14,neutral,neutral,0,-1.0,31,4875,0,
s19396,XPLUSDT,1784295000000,train,-1,-2.06,0.531,3.46,2.28,1.92,-1.28,1.08,1.08,1.09,0.9,0,-0.78,neutral,neutral,0,-1.0,2,4877,1,
s19397,WLDUSDT,1784295000000,train,-1,-2.34,0.546,3.04,2.91,4.74,-1.56,1.79,0.94,0.92,0.75,1,-0.78,neutral,bajista,0,-1.0,3,4877,5,
s19398,ENAUSDT,1784295000000,train,-1,-2.4,0.542,3.7,3.12,4.52,-1.61,1.67,1.29,1.12,1.26,0,-0.78,neutral,neutral,0,-1.0,11,4877,1,
s19399,ARBUSDT,1784295000000,train,-1,-3.07,0.789,4.34,4.13,1.51,-2.28,1.91,0.64,0.7,0.61,0,-0.78,neutral,bajista,0,-0.803,32,4877,3,
s19400,PENDLEUSDT,1784295000000,train,-1,-2.16,0.485,3.0,2.84,2.68,-1.37,1.54,0.63,0.63,0.78,0,-0.78,neutral,neutral,0,-1.0,2,4877,1,
s19401,ARUSDT,1784295000000,testB,-1,-2.48,0.6,3.29,2.97,4.5,-1.7,1.82,1.28,1.11,1.09,1,-0.78,neutral,neutral,0,-0.5,32,4876,1,
s19402,AXSUSDT,1784295000000,testB,-1,-3.08,0.674,4.17,3.84,2.85,-2.3,1.86,3.14,2.15,1.41,1,-0.78,neutral,neutral,0,-1.0,30,4876,1,
s19403,AXSUSDT,1784295900000,testB,-1,-2.02,0.358,3.69,2.28,2.56,-2.28,0.71,3.14,2.15,1.41,1,0.26,neutral,neutral,0,-1.0,13,4877,0,
s19404,ARBUSDT,1784296800000,train,-1,-2.05,0.4,4.28,2.66,1.36,-2.52,0.53,0.63,0.68,0.6,0,0.47,neutral,neutral,0,-1.0,32,4879,1,
s19405,PUMPUSDT,1784297700000,train,1,4.06,0.413,5.61,5.43,2.84,3.81,2.92,1.34,1.02,1.65,0,0.24,neutral,alcista,0,-0.304,32,4880,3,
s19406,ARBUSDT,1784297700000,train,-1,-2.44,0.442,4.3,3.09,1.26,-2.68,0.83,0.63,0.68,0.6,0,0.24,neutral,bajista,0,-1.0,31,4880,2,
s19407,PUMPUSDT,1784298600000,train,1,4.28,0.427,6.81,6.04,4.08,4.14,3.28,1.34,1.02,1.65,0,0.14,neutral,alcista,0,-0.466,32,4881,4,
s19408,ARBUSDT,1784298600000,train,-1,-2.39,0.434,4.08,2.85,0.88,-2.54,0.77,0.63,0.68,0.6,0,0.14,neutral,neutral,0,-1.0,26,4881,0,
s19409,INJUSDT,1784298600000,train,1,2.39,0.351,3.99,3.85,3.92,2.24,2.16,1.61,1.36,1.18,1,0.14,neutral,alcista,0,0.082,32,4881,4,
s19410,ARBUSDT,1784299500000,train,-1,-2.24,0.396,4.08,2.7,0.66,-2.23,0.58,0.63,0.68,0.6,0,-0.01,neutral,neutral,0,-1.0,25,4882,0,
s19411,INJUSDT,1784299500000,train,1,2.54,0.38,4.0,3.61,3.54,2.55,1.65,1.61,1.36,1.18,1,-0.01,neutral,neutral,0,0.143,32,4882,0,
s19412,ARBUSDT,1784300400000,train,-1,-3.21,0.487,3.9,3.5,0.65,-2.95,1.41,0.6,0.62,0.61,0,-0.26,neutral,neutral,0,-1.0,24,4883,1,
s19413,OPUSDT,1784300400000,train,-1,-2.36,0.404,3.15,2.73,1.21,-2.1,1.15,1.21,1.26,1.24,0,-0.26,neutral,bajista,0,-0.115,32,4883,2,
s19414,ARBUSDT,1784301300000,train,-1,-2.32,0.366,3.28,2.58,0.59,-2.53,1.0,0.6,0.62,0.61,0,0.22,neutral,neutral,0,-1.0,6,4884,0,
s19415,INJUSDT,1784302200000,train,1,3.11,0.383,4.53,4.21,1.05,3.24,1.88,1.75,1.45,1.18,1,-0.14,neutral,alcista,0,0.051,32,4885,2,
s19416,INJUSDT,1784303100000,train,1,3.47,0.412,4.69,4.53,0.7,3.22,2.03,1.75,1.45,1.18,1,0.25,neutral,alcista,0,0.199,32,4886,3,
s19417,INJUSDT,1784304000000,train,1,3.54,0.422,4.69,4.51,0.67,3.21,1.76,1.85,1.49,1.2,1,0.33,neutral,neutral,0,0.274,32,4887,0,
s19418,PUMPUSDT,1784304900000,train,1,3.77,0.352,6.8,6.1,0.56,3.34,1.94,1.51,1.13,1.3,0,0.43,neutral,alcista,0,-0.654,32,4888,3,
s19419,PUMPUSDT,1784305800000,train,1,4.28,0.417,6.81,6.04,0.57,3.63,1.66,1.51,1.13,1.3,0,0.65,neutral,neutral,0,-0.641,32,4889,0,
s19420,PUMPUSDT,1784306700000,train,1,4.67,0.469,6.82,5.93,0.61,3.91,1.48,1.51,1.13,1.3,0,0.76,neutral,neutral,0,-0.564,32,4890,0,
s19421,XPLUSDT,1784307600000,train,1,2.53,0.36,3.02,2.48,0.64,0.72,0.67,0.77,1.01,0.82,0,1.82,neutral,neutral,0,-0.712,32,4891,1,
s19422,PUMPUSDT,1784307600000,train,1,5.21,0.545,6.07,4.89,0.52,3.39,1.04,1.55,1.13,1.24,0,1.82,neutral,neutral,0,-0.747,32,4891,0,
s19423,ENAUSDT,1784307600000,train,1,4.38,0.521,5.01,4.7,0.7,2.56,1.96,1.67,1.22,1.14,1,1.82,neutral,alcista,0,-0.07,32,4891,8,
s19424,INJUSDT,1784307600000,train,1,3.23,0.411,4.73,3.72,0.37,1.41,0.54,1.88,1.46,1.2,1,1.82,neutral,neutral,0,0.734,32,4891,1,
s19425,SUIUSDT,1784307600000,train,1,2.33,0.387,3.28,2.86,0.74,0.52,0.98,1.48,1.38,1.12,1,1.82,neutral,neutral,0,-0.118,32,4891,1,
s19426,SEIUSDT,1784307600000,train,1,2.93,0.444,3.6,3.22,0.78,1.11,1.0,1.29,1.3,1.09,0,1.82,neutral,neutral,0,-0.799,32,4891,1,
s19427,JUPUSDT,1784307600000,train,1,3.46,0.393,4.21,3.55,1.25,1.65,1.14,1.61,1.16,0.99,1,1.82,neutral,alcista,0,-0.243,32,4891,3,
s19428,PENDLEUSDT,1784307600000,train,1,3.05,0.424,4.3,3.8,0.46,1.23,0.98,0.86,0.66,0.78,0,1.82,neutral,neutral,0,-0.204,32,4891,1,
s19429,GRTUSDT,1784307600000,testB,1,2.12,0.419,2.83,2.6,0.42,0.31,0.87,1.45,1.06,0.91,1,1.82,neutral,neutral,0,-0.6,32,4890,1,
s19430,SANDUSDT,1784307600000,testB,1,2.54,0.478,3.41,3.08,0.48,0.72,1.22,1.72,1.13,1.01,1,1.82,neutral,alcista,0,-0.378,32,4890,8,
s19431,MANAUSDT,1784307600000,testB,1,2.52,0.411,2.96,2.81,1.03,0.71,1.04,0.8,0.62,0.75,0,1.82,neutral,neutral,0,0.945,32,4890,1,
s19432,AXSUSDT,1784307600000,testB,1,3.06,0.467,3.72,3.5,0.45,1.25,1.23,2.38,2.5,1.61,0,1.82,neutral,neutral,0,-0.152,32,4890,1,
s19433,PUMPUSDT,1784308500000,train,1,3.62,0.396,5.99,4.21,0.56,1.77,0.48,1.55,1.13,1.24,0,1.85,neutral,neutral,0,-0.775,32,4892,0,
s19434,ENAUSDT,1784308500000,train,1,4.1,0.505,5.4,4.78,0.97,2.24,1.89,1.67,1.22,1.14,1,1.85,neutral,alcista,0,-0.02,32,4892,8,
s19435,INJUSDT,1784308500000,train,1,3.39,0.43,4.72,3.81,0.35,1.54,0.6,1.88,1.46,1.2,1,1.85,neutral,alcista,0,0.57,32,4892,2,
s19436,SUIUSDT,1784308500000,train,1,2.23,0.373,3.28,2.83,0.63,0.38,0.92,1.48,1.38,1.12,1,1.85,neutral,neutral,0,-0.057,32,4892,0,
s19437,SEIUSDT,1784308500000,train,1,2.41,0.357,3.61,2.89,1.16,0.55,0.65,1.29,1.3,1.09,0,1.85,neutral,neutral,0,-0.609,32,4892,0,
s19438,JUPUSDT,1784308500000,train,1,3.55,0.4,4.18,4.08,1.46,1.7,1.57,1.61,1.16,0.99,1,1.85,neutral,alcista,0,-0.16,32,4892,4,
s19439,PENDLEUSDT,1784308500000,train,1,2.78,0.374,4.31,3.56,0.38,0.93,0.72,0.86,0.66,0.78,0,1.85,neutral,neutral,0,-0.316,32,4892,0,
s19440,GRTUSDT,1784308500000,testB,1,2.06,0.412,2.83,2.6,0.38,0.21,0.82,1.45,1.06,0.91,1,1.85,neutral,neutral,0,-0.556,32,4891,0,
s19441,SANDUSDT,1784308500000,testB,1,2.66,0.49,3.44,3.32,0.69,0.81,1.34,1.72,1.13,1.01,1,1.85,neutral,alcista,0,-0.419,32,4891,8,
s19442,MANAUSDT,1784308500000,testB,1,2.66,0.425,3.14,3.11,1.44,0.81,1.25,0.8,0.62,0.75,0,1.85,neutral,alcista,0,0.758,32,4891,2,
s19443,AXSUSDT,1784308500000,testB,1,3.17,0.475,3.81,3.71,0.58,1.32,1.27,2.38,2.5,1.61,0,1.85,neutral,alcista,0,-0.171,32,4891,2,
s19444,PUMPUSDT,1784309400000,train,1,3.56,0.387,5.58,3.68,0.5,1.23,0.39,1.55,1.13,1.24,0,2.33,bull,neutral,0,-1.0,31,4893,0,
s19445,ENAUSDT,1784309400000,train,1,4.18,0.517,5.42,4.41,0.88,1.85,1.4,1.67,1.22,1.14,1,2.33,bull,neutral,0,-0.008,32,4893,0,
s19446,ARBUSDT,1784309400000,train,1,2.73,0.354,3.51,2.82,0.72,0.39,0.84,0.6,0.58,0.62,0,2.33,bull,neutral,0,1.059,32,4893,0,
s19447,INJUSDT,1784309400000,train,1,3.32,0.415,4.56,3.41,0.33,0.98,0.33,1.88,1.46,1.2,1,2.33,bull,neutral,0,0.797,32,4893,0,
s19448,SUIUSDT,1784309400000,train,1,2.53,0.443,3.17,2.59,0.56,0.2,0.76,1.48,1.38,1.12,1,2.33,bull,neutral,0,-0.073,32,4893,0,
s19449,SEIUSDT,1784309400000,train,1,2.39,0.352,3.56,2.46,1.18,0.06,0.29,1.29,1.3,1.09,0,2.33,bull,neutral,0,-0.65,32,4893,0,
s19450,JUPUSDT,1784309400000,train,1,3.35,0.368,3.89,3.44,1.06,1.01,1.1,1.61,1.16,0.99,1,2.33,bull,neutral,0,0.088,32,4893,0,
s19451,PENDLEUSDT,1784309400000,train,1,3.34,0.48,4.32,3.39,0.37,1.01,0.53,0.86,0.66,0.78,0,2.33,bull,neutral,0,-0.41,32,4893,0,
s19452,FETUSDT,1784309400000,train,1,2.43,0.475,2.81,2.5,0.31,0.09,0.5,1.69,1.29,0.95,1,2.33,bull,neutral,0,-0.175,32,4892,0,
s19453,GRTUSDT,1784309400000,testB,1,2.13,0.429,2.72,2.09,0.47,-0.2,0.4,1.45,1.06,0.91,1,2.33,bull,neutral,0,-0.556,32,4892,0,
s19454,SANDUSDT,1784309400000,testB,1,2.71,0.502,3.26,2.83,0.74,0.38,0.93,1.72,1.13,1.01,1,2.33,bull,neutral,0,-0.404,32,4892,0,
s19455,MANAUSDT,1784309400000,testB,1,2.43,0.371,3.11,2.45,0.92,0.09,0.56,0.8,0.62,0.75,0,2.33,bull,neutral,0,0.737,32,4892,0,
s19456,AXSUSDT,1784309400000,testB,1,2.85,0.406,3.62,2.88,0.77,0.52,0.65,2.38,2.5,1.61,0,2.33,bull,neutral,0,0.037,32,4892,0,
s19457,ENAUSDT,1784310300000,train,1,2.64,0.408,4.39,3.59,0.79,1.24,1.62,1.67,1.22,1.14,1,1.4,neutral,neutral,0,-0.091,32,4894,1,
s19458,APEUSDT,1784311200000,testB,-1,-2.01,0.484,2.19,2.05,1.34,-3.1,0.83,0.6,0.45,0.36,1,1.09,neutral,bajista,0,-0.367,32,4894,4,
s19459,ENAUSDT,1784312100000,train,1,2.09,0.37,4.4,3.31,0.67,0.96,1.09,1.68,1.25,1.14,1,1.13,neutral,neutral,0,0.221,32,4896,0,
s19460,APEUSDT,1784312100000,testB,-1,-2.16,0.5,3.03,2.55,2.16,-3.29,1.44,0.6,0.45,0.36,1,1.13,neutral,bajista,0,-0.568,32,4895,5,
s19461,ENAUSDT,1784313000000,train,1,2.05,0.366,4.4,3.36,0.69,0.66,0.81,1.68,1.25,1.14,1,1.38,neutral,neutral,0,0.196,32,4897,1,
s19462,ENAUSDT,1784313900000,train,1,3.42,0.601,4.37,4.02,0.75,1.72,1.27,1.68,1.25,1.14,1,1.71,neutral,alcista,0,-0.039,32,4898,2,
s19463,SANDUSDT,1784313900000,testB,1,2.7,0.577,3.17,3.17,0.88,1.0,1.4,1.8,1.15,1.05,1,1.71,neutral,alcista,0,-0.571,32,4897,2,
s19464,ENAUSDT,1784314800000,train,1,3.22,0.543,4.19,3.21,0.77,1.4,0.63,1.28,1.29,1.16,0,1.83,neutral,neutral,0,0.152,32,4899,0,
s19465,JUPUSDT,1784314800000,train,1,2.34,0.391,3.4,2.64,0.24,0.51,0.08,1.24,1.11,1.01,1,1.83,neutral,neutral,0,0.115,32,4899,0,
s19466,SANDUSDT,1784314800000,testB,1,2.59,0.535,3.17,2.55,1.06,0.76,0.78,0.97,1.16,1.05,0,1.83,neutral,neutral,0,-0.48,32,4898,0,
s19467,MANAUSDT,1784314800000,testB,1,2.02,0.449,2.7,2.04,0.64,0.19,0.75,0.87,0.7,0.8,0,1.83,neutral,alcista,1,2.0,21,4898,4,
s19468,ENAUSDT,1784315700000,train,1,2.21,0.384,3.92,2.51,0.91,0.91,0.18,1.28,1.29,1.16,0,1.3,neutral,neutral,0,0.165,32,4900,0,
s19469,ENAUSDT,1784316600000,train,1,2.24,0.388,3.44,2.22,1.04,0.72,0.42,1.28,1.29,1.16,0,1.52,neutral,neutral,0,0.115,32,4901,1,
s19470,LDOUSDT,1784316600000,testB,-1,-3.64,0.435,5.5,5.1,0.94,-5.16,2.11,1.62,1.36,0.92,1,1.52,neutral,bajista,0,-0.037,32,4900,5,
s19471,LDOUSDT,1784317500000,testB,-1,-3.29,0.406,5.58,5.07,1.11,-4.37,1.82,1.62,1.36,0.92,1,1.09,neutral,neutral,0,-0.122,32,4901,0,
s19472,MANAUSDT,1784317500000,testB,1,2.85,0.576,3.22,3.14,1.44,1.76,1.76,0.87,0.7,0.8,0,1.09,neutral,alcista,0,0.127,32,4901,2,
s19473,STBLUSDT,1784318400000,train,-1,-2.29,0.364,2.84,2.49,0.71,-3.14,0.69,1.04,1.84,2.0,0,0.85,neutral,neutral,0,-1.0,16,4903,1,
s19474,LDOUSDT,1784318400000,testB,-1,-3.7,0.488,5.56,4.73,1.01,-4.55,1.49,1.31,1.32,0.93,0,0.85,neutral,neutral,0,0.006,32,4902,0,
s19475,MANAUSDT,1784318400000,testB,1,3.04,0.592,3.35,3.03,1.47,2.19,1.82,1.01,0.74,0.82,0,0.85,neutral,alcista,0,-0.154,32,4902,3,
s19476,PUMPUSDT,1784319300000,train,-1,-2.4,0.376,3.97,2.88,0.66,-3.28,0.61,0.93,1.14,1.09,0,0.88,neutral,neutral,0,0.687,32,4904,0,
s19477,LDOUSDT,1784319300000,testB,-1,-4.28,0.568,5.58,5.04,0.81,-5.16,1.75,1.31,1.32,0.93,0,0.88,neutral,neutral,0,-0.016,32,4903,1,
s19478,MANAUSDT,1784319300000,testB,1,2.72,0.553,3.06,2.69,1.7,1.84,1.55,1.01,0.74,0.82,0,0.88,neutral,neutral,0,-0.378,32,4903,0,
s19479,PUMPUSDT,1784320200000,train,-1,-2.46,0.382,3.97,3.01,0.51,-3.38,0.76,0.93,1.14,1.09,0,0.92,neutral,neutral,0,0.7,32,4905,1,
s19480,LDOUSDT,1784320200000,testB,-1,-4.21,0.553,5.12,4.5,0.69,-5.12,1.46,1.31,1.32,0.93,0,0.92,neutral,neutral,0,0.066,32,4904,0,
s19481,PUMPUSDT,1784321100000,train,-1,-2.82,0.414,3.99,3.51,0.63,-3.66,1.14,0.93,1.14,1.09,0,0.84,neutral,bajista,0,0.483,32,4906,2,
s19482,0GUSDT,1784321100000,train,1,2.03,0.457,2.69,2.32,1.43,1.2,1.66,0.57,0.56,1.13,0,0.84,neutral,alcista,0,-1.0,27,4906,6,
s19483,LDOUSDT,1784322000000,testB,-1,-2.83,0.425,4.55,3.88,0.56,-3.15,1.32,1.1,1.23,0.93,0,0.32,neutral,neutral,0,0.326,32,4906,1,
s19484,XPLUSDT,1784322900000,train,-1,-2.0,0.494,2.68,2.2,0.85,-2.19,0.64,0.63,0.68,0.85,0,0.18,neutral,neutral,0,0.128,32,4908,0,
s19485,0GUSDT,1784322900000,train,1,3.3,0.652,3.62,3.46,2.28,3.12,2.4,0.56,0.56,1.15,0,0.18,neutral,neutral,0,-1.0,25,4908,1,
s19486,XPLUSDT,1784323800000,train,-1,-2.15,0.511,2.5,2.4,0.8,-2.26,0.99,0.63,0.68,0.85,0,0.11,neutral,neutral,0,-0.172,32,4909,1,
s19487,0GUSDT,1784323800000,train,1,2.97,0.574,3.68,3.26,2.31,2.86,1.99,0.56,0.56,1.15,0,0.11,neutral,neutral,0,-1.0,24,4909,0,
s19488,LDOUSDT,1784323800000,testB,-1,-2.43,0.399,4.53,3.51,0.47,-2.54,0.59,1.1,1.23,0.93,0,0.11,neutral,neutral,0,0.573,32,4908,1,
s19489,MANAUSDT,1784323800000,testB,1,2.65,0.521,3.03,2.92,0.62,2.54,1.42,1.23,0.87,0.88,0,0.11,neutral,neutral,0,-0.701,32,4908,1,
s19490,0GUSDT,1784324700000,train,1,2.7,0.495,3.7,2.89,1.64,2.6,1.42,0.56,0.56,1.15,0,0.09,neutral,neutral,0,-1.0,23,4910,0,
s19491,LDOUSDT,1784324700000,testB,-1,-2.72,0.456,4.54,3.6,0.4,-2.81,0.64,1.1,1.23,0.93,0,0.09,neutral,bajista,0,0.448,32,4909,2,
s19492,MANAUSDT,1784324700000,testB,1,3.66,0.611,4.05,3.82,1.78,3.57,2.08,1.23,0.87,0.88,0,0.09,neutral,alcista,0,-0.826,32,4909,2,
s19493,0GUSDT,1784325600000,train,1,2.75,0.5,3.69,3.05,1.35,2.75,1.47,0.53,0.58,1.15,0,-0.01,neutral,neutral,0,-1.0,22,4911,1,
s19494,TIAUSDT,1784325600000,train,-1,-2.13,0.5,2.71,2.28,2.13,-2.12,1.27,0.72,0.96,1.21,0,-0.01,neutral,neutral,0,1.256,32,4911,0,
s19495,MANAUSDT,1784325600000,testB,1,3.89,0.664,4.63,3.86,2.19,3.9,1.87,1.4,1.02,0.95,1,-0.01,neutral,alcista,0,-0.789,32,4910,3,
s19496,0GUSDT,1784326500000,train,1,2.75,0.5,3.7,2.79,0.66,2.74,1.07,0.53,0.58,1.15,0,0.01,neutral,neutral,0,-1.0,21,4912,0,
s19497,TIAUSDT,1784326500000,train,-1,-2.37,0.526,2.72,2.56,2.64,-2.38,1.3,0.72,0.96,1.21,0,0.01,neutral,neutral,0,0.979,32,4912,1,
s19498,LDOUSDT,1784326500000,testB,-1,-2.59,0.469,3.5,2.72,0.27,-2.61,0.69,0.84,1.21,0.95,0,0.01,neutral,neutral,0,0.376,32,4911,1,
s19499,MANAUSDT,1784326500000,testB,1,3.67,0.608,4.64,3.67,2.9,3.65,1.6,1.4,1.02,0.95,1,0.01,neutral,neutral,0,-0.775,32,4911,0,
s19500,0GUSDT,1784327400000,train,1,2.74,0.5,3.68,3.2,0.56,3.05,1.38,0.53,0.58,1.15,0,-0.31,neutral,neutral,0,-1.0,20,4913,1,
s19501,JUPUSDT,1784327400000,train,-1,-2.07,0.577,2.79,2.63,1.01,-1.76,1.35,0.63,1.04,0.99,0,-0.31,neutral,bajista,0,-1.0,13,4913,2,
s19502,LDOUSDT,1784327400000,testB,-1,-2.11,0.417,2.85,2.13,0.36,-1.8,0.7,0.84,1.21,0.95,0,-0.31,neutral,bajista,0,0.177,32,4912,2,
s19503,MANAUSDT,1784327400000,testB,1,3.37,0.569,4.3,3.24,2.98,3.68,1.37,1.4,1.02,0.95,1,-0.31,neutral,neutral,0,-0.862,32,4912,0,
s19504,0GUSDT,1784328300000,train,1,3.02,0.545,3.68,3.36,0.59,3.44,1.37,0.53,0.58,1.15,0,-0.42,neutral,alcista,0,-1.0,19,4914,2,
s19505,JUPUSDT,1784328300000,train,-1,-2.27,0.672,2.73,2.48,0.99,-1.85,1.14,0.63,1.04,0.99,0,-0.42,neutral,neutral,0,-1.0,12,4914,0,
s19506,ONDOUSDT,1784328300000,train,-1,-2.06,0.429,2.68,2.38,0.64,-1.65,0.65,0.71,1.59,2.04,0,-0.42,neutral,neutral,0,-1.0,10,4913,0,
s19507,MANAUSDT,1784328300000,testB,1,2.85,0.526,3.89,2.82,1.43,3.26,1.25,1.4,1.02,0.95,1,-0.42,neutral,neutral,0,-1.0,28,4913,0,
s19508,0GUSDT,1784329200000,train,1,2.63,0.462,3.69,3.1,0.6,2.89,1.04,0.51,0.57,1.12,0,-0.25,neutral,neutral,0,-1.0,18,4915,0,
s19509,JUPUSDT,1784329200000,train,-1,-2.13,0.656,2.85,2.8,1.13,-1.88,1.38,0.44,1.03,0.93,0,-0.25,neutral,neutral,0,-1.0,11,4915,1,
s19510,MANAUSDT,1784329200000,testB,1,2.55,0.463,3.87,2.61,1.11,2.8,0.95,1.6,1.15,1.01,1,-0.25,neutral,neutral,0,-1.0,26,4914,0,
s19511,0GUSDT,1784330100000,train,1,3.03,0.567,3.63,3.05,0.51,3.22,0.88,0.51,0.57,1.12,0,-0.19,neutral,neutral,0,-1.0,17,4916,1,
s19512,MANAUSDT,1784330100000,testB,1,2.79,0.485,3.85,2.82,1.3,2.98,1.04,1.6,1.15,1.01,1,-0.19,neutral,neutral,0,-1.0,25,4915,1,
s19513,PUMPUSDT,1784331000000,train,-1,-2.09,0.432,2.44,2.26,0.98,-1.78,1.26,0.54,1.05,0.95,0,-0.31,neutral,bajista,0,-0.162,32,4917,3,
s19514,0GUSDT,1784331000000,train,1,2.92,0.546,3.58,2.94,0.51,3.23,0.76,0.51,0.57,1.12,0,-0.31,neutral,neutral,0,-1.0,16,4917,0,
s19515,0GUSDT,1784331900000,train,1,2.3,0.457,3.16,2.36,0.42,2.63,0.53,0.51,0.57,1.12,0,-0.33,neutral,neutral,0,-1.0,11,4918,0,
s19516,STBLUSDT,1784332800000,train,1,2.74,0.495,3.34,3.34,0.71,2.8,1.53,0.66,0.97,2.0,0,-0.06,neutral,neutral,0,0.029,32,4919,1,
s19517,0GUSDT,1784332800000,train,1,3.12,0.533,3.56,3.13,0.96,3.18,1.3,0.65,0.6,1.06,0,-0.06,neutral,neutral,0,-1.0,10,4919,1,
s19518,MANAUSDT,1784332800000,testB,1,2.26,0.379,3.14,3.13,1.11,2.33,1.73,1.88,1.34,1.03,1,-0.06,neutral,alcista,0,-1.0,17,4918,2,
s19519,INJUSDT,1784333700000,train,1,2.11,0.471,2.59,2.42,3.48,2.17,1.43,0.86,1.36,1.13,0,-0.06,neutral,alcista,0,-1.0,27,4920,5,
s19520,INJUSDT,1784334600000,train,1,2.35,0.498,2.53,2.47,4.27,2.64,1.54,0.86,1.36,1.13,0,-0.29,neutral,alcista,0,-1.0,26,4921,6,
s19521,MANAUSDT,1784334600000,testB,1,2.37,0.389,3.22,2.61,1.03,2.66,0.93,1.88,1.34,1.03,1,-0.29,neutral,neutral,0,-1.0,6,4920,1,
s19522,INJUSDT,1784335500000,train,1,2.36,0.5,2.79,2.68,2.95,2.68,1.58,0.86,1.36,1.13,0,-0.32,neutral,alcista,0,-1.0,25,4922,7,
s19523,TIAUSDT,1784335500000,train,-1,-2.02,0.407,2.81,2.6,1.36,-1.7,1.09,0.71,0.92,1.11,0,-0.32,neutral,neutral,0,0.948,32,4922,1,
s19524,TIAUSDT,1784336400000,train,-1,-3.16,0.596,3.43,3.26,1.31,-2.79,1.67,0.79,0.87,1.1,0,-0.37,neutral,bajista,0,0.884,32,4923,2,
s19525,TIAUSDT,1784337300000,train,-1,-2.6,0.547,2.86,2.7,1.46,-2.38,1.53,0.79,0.87,1.1,0,-0.22,neutral,neutral,0,1.23,32,4924,0,
s19526,ONDOUSDT,1784337300000,train,1,3.29,0.466,5.3,4.07,3.21,3.5,2.74,0.96,1.13,1.84,0,-0.22,neutral,alcista,0,-1.0,26,4923,4,
s19527,ARBUSDT,1784338200000,train,1,2.41,0.379,3.07,2.66,1.43,2.65,1.5,0.58,0.49,0.6,0,-0.24,neutral,alcista,0,-1.0,11,4925,3,
s19528,INJUSDT,1784338200000,train,1,2.17,0.474,2.87,2.49,1.5,2.41,1.0,0.96,1.28,1.15,0,-0.24,neutral,neutral,0,-1.0,22,4925,1,
s19529,TIAUSDT,1784338200000,train,-1,-2.01,0.481,2.97,2.38,1.87,-1.77,1.48,0.79,0.87,1.1,0,-0.24,neutral,neutral,0,1.261,32,4925,1,
s19530,INJUSDT,1784339100000,train,1,2.17,0.474,2.88,2.45,1.09,2.39,0.81,0.96,1.28,1.15,0,-0.22,neutral,neutral,0,-1.0,21,4926,0,
s19531,TIAUSDT,1784339100000,train,-1,-2.1,0.491,2.98,2.85,1.58,-1.88,1.8,0.79,0.87,1.1,0,-0.22,neutral,bajista,0,0.829,32,4926,2,
s19532,ONDOUSDT,1784339100000,train,1,3.05,0.356,5.32,3.67,4.19,3.27,1.94,0.96,1.13,1.84,0,-0.22,neutral,neutral,0,-1.0,24,4925,1,
s19533,0GUSDT,1784340000000,train,-1,-2.09,0.394,3.44,3.28,0.79,-1.91,1.5,0.55,0.56,0.89,0,-0.17,neutral,bajista,0,0.85,32,4927,3,
s19534,0GUSDT,1784341800000,train,-1,-2.51,0.516,3.72,3.56,0.75,-2.54,1.39,0.55,0.56,0.89,0,0.03,neutral,bajista,0,0.738,32,4929,5,
s19535,INJUSDT,1784341800000,train,1,2.03,0.417,2.88,2.41,0.71,2.0,0.69,1.06,1.0,1.18,0,0.03,neutral,neutral,0,-1.0,18,4929,1,
s19536,JUPUSDT,1784341800000,train,1,2.22,0.434,3.03,2.53,0.91,2.19,0.94,0.49,0.79,0.83,0,0.03,neutral,alcista,0,-1.0,22,4929,2,
s19537,0GUSDT,1784342700000,train,-1,-2.99,0.596,3.96,3.9,0.68,-2.95,1.58,0.55,0.56,0.89,0,-0.03,neutral,bajista,0,0.62,32,4930,6,
s19538,INJUSDT,1784342700000,train,1,2.01,0.411,2.88,2.34,0.69,2.04,0.51,1.06,1.0,1.18,0,-0.03,neutral,neutral,0,-1.0,17,4930,0,
s19539,TIAUSDT,1784342700000,train,-1,-2.15,0.485,3.39,2.82,1.04,-2.12,1.07,0.87,0.84,1.02,0,-0.03,neutral,bajista,0,0.798,32,4930,2,
s19540,0GUSDT,1784343600000,train,-1,-2.78,0.578,4.12,3.96,0.5,-2.9,1.44,0.47,0.52,0.86,0,0.12,neutral,bajista,0,0.611,32,4931,7,
s19541,INJUSDT,1784343600000,train,1,2.57,0.533,2.85,2.54,0.6,2.45,0.66,1.14,0.93,1.2,0,0.12,neutral,neutral,0,-1.0,16,4931,1,
s19542,JUPUSDT,1784343600000,train,1,2.49,0.5,2.98,2.43,0.45,2.37,0.74,0.48,0.66,0.82,0,0.12,neutral,neutral,0,-1.0,20,4931,1,
s19543,0GUSDT,1784344500000,train,-1,-2.67,0.543,4.12,3.84,0.5,-2.65,1.27,0.47,0.52,0.86,0,-0.02,neutral,neutral,0,0.571,32,4932,0,
s19544,INJUSDT,1784344500000,train,1,2.08,0.482,2.39,2.1,0.64,2.11,0.76,1.14,0.93,1.2,0,-0.02,neutral,alcista,0,-1.0,7,4932,2,
s19545,TIAUSDT,1784344500000,train,-1,-2.02,0.475,3.38,2.6,0.66,-1.99,0.69,0.78,0.77,0.98,0,-0.02,neutral,neutral,0,0.854,32,4932,1,
s19546,0GUSDT,1784345400000,train,-1,-3.05,0.576,4.41,4.3,0.49,-3.0,1.56,0.47,0.52,0.86,0,-0.05,neutral,neutral,0,0.462,32,4933,1,
s19547,INJUSDT,1784345400000,train,1,2.26,0.502,2.59,2.27,0.67,2.31,0.89,1.14,0.93,1.2,0,-0.05,neutral,alcista,0,-1.0,5,4933,3,
s19548,TIAUSDT,1784345400000,train,-1,-2.17,0.532,3.38,2.57,0.52,-2.12,0.63,0.78,0.77,0.98,0,-0.05,neutral,neutral,0,0.958,32,4933,0,
s19549,0GUSDT,1784346300000,train,-1,-2.95,0.567,4.47,4.36,0.49,-3.07,1.43,0.47,0.52,0.86,0,0.12,neutral,bajista,0,0.494,32,4934,2,
s19550,TIAUSDT,1784346300000,train,-1,-2.41,0.587,3.39,2.71,0.5,-2.53,0.66,0.78,0.77,0.98,0,0.12,neutral,neutral,0,0.9,32,4934,1,
s19551,0GUSDT,1784347200000,train,-1,-3.88,0.88,4.14,4.09,0.45,-3.92,1.39,0.46,0.49,0.76,0,0.05,neutral,bajista,0,0.473,32,4935,3,
s19552,TIAUSDT,1784347200000,train,-1,-2.2,0.565,2.99,2.53,0.41,-2.25,0.84,0.87,0.78,0.95,0,0.05,neutral,bajista,0,0.849,32,4935,2,
s19553,MANAUSDT,1784347200000,testB,-1,-2.67,0.525,3.42,2.96,0.33,-2.72,0.77,1.45,1.4,0.93,1,0.05,neutral,bajista,0,1.121,32,4934,2,
s19554,0GUSDT,1784348100000,train,-1,-3.0,0.848,3.43,3.15,0.51,-2.99,1.35,0.46,0.49,0.76,0,-0.02,neutral,bajista,0,0.649,32,4936,4,
s19555,TIAUSDT,1784348100000,train,-1,-3.24,0.685,3.87,3.51,1.22,-3.22,1.64,0.87,0.78,0.95,0,-0.02,neutral,bajista,0,0.453,32,4936,3,
s19556,MANAUSDT,1784348100000,testB,-1,-2.79,0.535,3.62,3.4,0.47,-2.77,1.19,1.45,1.4,0.93,1,-0.02,neutral,bajista,0,0.935,32,4935,3,
s19557,0GUSDT,1784349000000,train,-1,-2.96,0.846,3.5,3.33,0.66,-3.0,1.55,0.46,0.49,0.76,0,0.04,neutral,bajista,0,0.45,32,4937,5,
s19558,TIAUSDT,1784349000000,train,-1,-3.08,0.637,3.67,3.18,1.39,-3.11,1.38,0.87,0.78,0.95,0,0.04,neutral,neutral,0,0.483,32,4937,0,
s19559,MANAUSDT,1784349000000,testB,-1,-3.07,0.579,3.36,3.17,0.75,-3.11,1.3,1.45,1.4,0.93,1,0.04,neutral,bajista,0,0.803,32,4936,4,
s19560,0GUSDT,1784349900000,train,-1,-3.17,0.937,3.5,3.39,1.0,-3.28,1.57,0.46,0.49,0.76,0,0.1,neutral,bajista,0,0.459,32,4938,6,
s19561,TIAUSDT,1784349900000,train,-1,-2.09,0.5,2.79,2.13,1.38,-2.19,1.04,0.87,0.78,0.95,0,0.1,neutral,neutral,0,0.859,32,4938,0,
s19562,0GUSDT,1784350800000,train,-1,-2.22,0.745,2.99,2.6,1.05,-2.23,1.04,0.45,0.48,0.71,0,0.01,neutral,neutral,0,0.787,32,4939,0,
s19563,INJUSDT,1784350800000,train,-1,-2.37,0.468,3.14,3.04,1.69,-2.37,1.68,1.38,1.01,1.25,0,0.01,neutral,bajista,0,-0.331,32,4939,5,
s19564,MANAUSDT,1784350800000,testB,-1,-2.03,0.422,2.47,2.28,1.08,-2.03,1.16,1.23,1.39,0.9,0,0.01,neutral,neutral,0,1.177,32,4938,1,
s19565,0GUSDT,1784351700000,train,-1,-2.22,0.745,2.88,2.49,1.01,-2.18,0.88,0.45,0.48,0.71,0,-0.04,neutral,neutral,0,1.178,32,4940,1,
s19566,ARBUSDT,1784351700000,train,-1,-2.55,0.681,3.47,3.1,0.66,-2.5,0.6,0.45,0.45,0.51,0,-0.04,neutral,neutral,0,-0.039,32,4940,1,
s19567,ONDOUSDT,1784351700000,train,-1,-2.3,0.373,3.1,2.54,0.58,-2.25,0.34,1.05,0.86,1.57,0,-0.04,neutral,neutral,1,2.0,15,4939,1,
s19568,MANAUSDT,1784351700000,testB,-1,-2.33,0.458,2.38,2.38,1.01,-2.29,1.33,1.23,1.39,0.9,0,-0.04,neutral,bajista,0,1.064,32,4939,2,
s19569,0GUSDT,1784352600000,train,-1,-2.06,0.679,2.66,2.16,0.81,-2.1,0.72,0.45,0.48,0.71,0,0.04,neutral,neutral,0,1.41,32,4941,0,
s19570,ARBUSDT,1784352600000,train,-1,-2.71,0.706,3.63,3.24,0.92,-2.74,0.65,0.45,0.45,0.51,0,0.04,neutral,bajista,0,-0.079,32,4941,2,
s19571,LDOUSDT,1784352600000,testB,-1,-2.38,0.452,2.96,2.63,1.78,-2.41,1.27,0.69,0.71,1.02,0,0.04,neutral,bajista,0,0.51,32,4940,3,
s19572,0GUSDT,1784353500000,train,-1,-2.01,0.673,2.44,2.05,0.65,-2.02,0.66,0.45,0.48,0.71,0,0.01,neutral,neutral,0,1.486,32,4942,1,
s19573,ARBUSDT,1784353500000,train,-1,-2.04,0.643,2.8,2.44,0.99,-2.05,0.77,0.45,0.45,0.51,0,0.01,neutral,bajista,0,-0.087,32,4942,3,
s19574,JUPUSDT,1784353500000,train,-1,-2.01,0.444,2.21,2.16,1.82,-2.02,0.87,0.52,0.48,0.82,0,0.01,neutral,neutral,0,0.31,32,4942,1,
s19575,ONDOUSDT,1784353500000,train,-1,-2.8,0.512,3.56,3.32,1.23,-2.81,1.22,1.05,0.86,1.57,0,0.01,neutral,bajista,1,2.0,14,4941,3,
s19576,LDOUSDT,1784353500000,testB,-1,-2.03,0.365,2.95,2.29,2.39,-2.04,0.87,0.69,0.71,1.02,0,0.01,neutral,neutral,0,0.81,32,4941,0,
s19577,ONDOUSDT,1784354400000,train,-1,-2.63,0.495,2.86,2.73,1.16,-2.62,1.47,1.04,0.85,1.5,0,-0.01,neutral,bajista,1,2.0,13,4942,4,
s19578,INJUSDT,1784356200000,train,-1,-2.05,0.438,3.21,2.94,0.71,-2.06,0.99,1.19,1.02,1.22,0,0.01,neutral,bajista,0,-0.497,32,4945,3,
s19579,INJUSDT,1784357100000,train,-1,-2.18,0.454,3.22,3.16,0.68,-2.22,1.06,1.19,1.02,1.22,0,0.04,neutral,bajista,0,-0.444,32,4946,4,
s19580,INJUSDT,1784358000000,train,-1,-2.72,0.557,3.59,3.49,0.73,-2.74,1.21,1.08,1.02,1.18,0,0.02,neutral,bajista,0,-0.54,32,4947,5,
s19581,MANAUSDT,1784358000000,testB,-1,-2.0,0.557,2.72,2.48,0.87,-2.02,0.81,0.68,1.29,0.9,0,0.02,neutral,neutral,0,0.847,32,4946,1,
s19582,0GUSDT,1784358900000,train,-1,-2.03,0.725,2.41,2.24,0.96,-2.13,1.06,0.28,0.44,0.53,0,0.1,neutral,bajista,0,0.7,32,4948,4,
s19583,INJUSDT,1784358900000,train,-1,-2.96,0.611,3.75,3.61,0.72,-3.07,1.27,1.08,1.02,1.18,0,0.1,neutral,bajista,0,-0.374,32,4948,6,
s19584,INJUSDT,1784359800000,train,-1,-3.0,0.624,3.47,3.15,0.59,-3.12,0.98,1.08,1.02,1.18,0,0.12,neutral,neutral,0,-0.358,32,4949,0,
s19585,MANAUSDT,1784359800000,testB,-1,-2.41,0.682,2.67,2.6,0.65,-2.53,0.9,0.68,1.29,0.9,0,0.12,neutral,bajista,0,0.746,32,4948,3,
s19586,INJUSDT,1784360700000,train,-1,-2.88,0.586,3.46,3.01,0.51,-2.87,0.79,1.08,1.02,1.18,0,-0.01,neutral,neutral,0,-0.263,32,4950,0,
s19587,ONDOUSDT,1784360700000,train,-1,-2.99,0.511,3.28,3.19,1.63,-2.98,1.73,0.83,0.9,1.45,0,-0.01,neutral,bajista,1,2.0,6,4949,2,
s19588,MANAUSDT,1784360700000,testB,-1,-2.45,0.686,2.78,2.74,0.68,-2.44,0.99,0.68,1.29,0.9,0,-0.01,neutral,bajista,0,0.677,32,4949,4,
s19589,INJUSDT,1784361600000,train,-1,-2.19,0.516,2.59,2.24,0.36,-2.17,0.82,1.02,1.04,1.16,0,-0.02,neutral,neutral,0,-1.0,24,4951,1,
s19590,ONDOUSDT,1784364300000,train,-1,-2.26,0.407,3.59,2.69,1.57,-2.3,0.86,0.9,0.93,1.46,0,0.05,neutral,neutral,1,2.0,2,4953,1,
s19591,ONDOUSDT,1784365200000,train,-1,-5.73,0.635,6.56,6.11,5,-5.82,3.93,2.92,1.96,1.97,0,0.08,neutral,bajista,0,0.682,32,4954,2,
s19592,XPLUSDT,1784366100000,train,-1,-2.05,0.659,3.29,3.13,1.97,-2.01,1.2,0.66,0.53,0.6,0,-0.04,neutral,bajista,0,0.823,32,4956,4,
s19593,ENAUSDT,1784366100000,train,-1,-2.21,0.739,2.34,2.31,2.02,-2.17,1.39,0.63,0.56,0.88,0,-0.04,neutral,bajista,0,-0.211,32,4956,4,
s19594,TIAUSDT,1784366100000,train,-1,-2.24,0.5,2.96,2.51,2.1,-2.19,1.56,0.96,0.85,0.89,0,-0.04,neutral,bajista,0,0.378,32,4956,4,
s19595,PENDLEUSDT,1784366100000,train,-1,-2.11,0.871,2.37,2.27,1.95,-2.07,1.34,0.5,0.52,0.57,0,-0.04,neutral,bajista,0,-0.07,32,4956,8,
s19596,ONDOUSDT,1784367000000,train,-1,-6.78,0.603,9.7,7.77,5,-6.8,5.26,2.92,1.96,1.97,0,0.02,neutral,neutral,0,0.056,32,4956,0,
s19597,ONDOUSDT,1784367900000,train,-1,-6.68,0.599,9.71,7.83,5,-6.72,4.83,2.92,1.96,1.97,0,0.04,neutral,neutral,0,-0.015,32,4957,1,
s19598,LDOUSDT,1784368800000,testB,-1,-2.28,0.506,4.03,3.7,2.6,-2.33,1.7,0.86,0.72,0.95,0,0.05,neutral,bajista,0,0.158,32,4958,2,
s19599,LDOUSDT,1784369700000,testB,-1,-2.06,0.437,4.02,3.41,2.19,-2.1,1.24,0.86,0.72,0.95,0,0.03,neutral,neutral,0,0.22,32,4959,0,
s19600,LDOUSDT,1784370600000,testB,-1,-2.92,0.667,4.03,3.7,2.54,-2.97,1.42,0.86,0.72,0.95,0,0.05,neutral,neutral,0,0.278,32,4960,1,
s19601,ONDOUSDT,1784371500000,train,-1,-6.82,0.494,9.48,7.38,0.71,-6.86,2.76,3.37,2.21,1.99,1,0.04,neutral,neutral,0,-0.074,32,4961,0,
s19602,LDOUSDT,1784371500000,testB,-1,-2.51,0.525,4.01,3.15,1.39,-2.55,0.87,0.86,0.72,0.95,0,0.04,neutral,neutral,0,0.588,32,4961,0,
s19603,MANAUSDT,1784371500000,testB,-1,-2.09,0.514,2.36,2.15,1.54,-2.13,0.95,0.57,1.01,0.96,0,0.04,neutral,bajista,0,0.391,32,4961,2,
s19604,ONDOUSDT,1784372400000,train,-1,-6.96,0.499,9.51,7.66,0.43,-7.0,2.79,3.37,2.24,1.9,1,0.04,neutral,neutral,0,-0.042,32,4962,1,
s19605,LDOUSDT,1784372400000,testB,-1,-2.09,0.478,3.1,2.35,1.22,-2.12,0.89,0.79,0.73,0.95,0,0.04,neutral,neutral,0,0.8,32,4962,1,
s19606,ONDOUSDT,1784373300000,train,-1,-7.36,0.521,9.45,7.91,0.25,-7.36,2.82,3.37,2.24,1.9,1,0.0,neutral,bajista,0,-0.092,32,4963,2,
s19607,LDOUSDT,1784373300000,testB,-1,-2.76,0.593,3.09,2.84,1.4,-2.76,1.34,0.79,0.73,0.95,0,0.0,neutral,bajista,0,0.373,32,4963,2,
s19608,ONDOUSDT,1784374200000,train,-1,-7.23,0.515,9.18,7.9,0.21,-7.23,2.79,3.37,2.24,1.9,1,0.01,neutral,bajista,0,-0.125,32,4964,3,
s19609,LDOUSDT,1784374200000,testB,-1,-2.2,0.479,2.97,2.47,0.88,-2.21,1.0,0.79,0.73,0.95,0,0.01,neutral,neutral,0,0.483,32,4964,0,
s19610,ONDOUSDT,1784375100000,train,-1,-6.2,0.474,9.08,7.91,0.18,-6.28,2.62,3.37,2.24,1.9,1,0.08,neutral,bajista,0,-0.165,32,4965,4,
s19611,LDOUSDT,1784375100000,testB,-1,-2.12,0.453,2.97,2.36,0.81,-2.2,0.73,0.79,0.73,0.95,0,0.08,neutral,neutral,0,0.471,32,4965,0,
s19612,STBLUSDT,1784376000000,train,-1,-2.66,0.379,3.53,2.88,1.02,-2.89,0.96,1.15,0.89,0.94,0,0.23,neutral,neutral,0,-1.0,17,4967,0,
s19613,ONDOUSDT,1784376000000,train,-1,-6.76,0.542,9.08,7.95,0.19,-6.98,2.41,3.56,2.34,1.84,1,0.23,neutral,bajista,0,-0.172,32,4966,5,
s19614,XPLUSDT,1784376900000,train,-1,-2.32,0.404,3.04,2.52,1.81,-2.43,1.62,0.91,0.65,0.64,1,0.11,neutral,neutral,0,-0.145,32,4968,1,
s19615,STBLUSDT,1784376900000,train,-1,-2.77,0.388,3.64,3.24,1.34,-2.88,1.22,1.15,0.89,0.94,0,0.11,neutral,neutral,0,-1.0,16,4968,1,
s19616,WLDUSDT,1784376900000,train,-1,-5.31,0.727,6.64,5.75,5,-5.43,4.35,1.31,0.87,0.85,1,0.11,neutral,bajista,0,-0.527,32,4968,2,
s19617,TIAUSDT,1784376900000,train,-1,-2.02,0.389,2.79,2.17,0.83,-2.13,0.63,1.0,0.91,0.89,1,0.11,neutral,neutral,0,0.487,32,4968,1,
s19618,LDOUSDT,1784376900000,testB,-1,-2.23,0.432,2.97,2.56,0.72,-2.34,0.77,0.8,0.71,0.95,0,0.11,neutral,neutral,0,0.424,32,4967,1,
s19619,STBLUSDT,1784378700000,train,-1,-2.95,0.54,3.54,3.14,1.04,-3.27,1.14,1.15,0.89,0.94,0,0.32,neutral,neutral,0,-1.0,14,4970,0,
s19620,ONDOUSDT,1784378700000,train,-1,-6.44,0.503,8.48,7.0,0.33,-6.76,1.36,3.56,2.34,1.84,1,0.32,neutral,neutral,0,-0.133,32,4969,0,
s19621,LDOUSDT,1784378700000,testB,-1,-2.45,0.413,2.54,2.43,0.8,-2.77,0.94,0.8,0.71,0.95,0,0.32,neutral,neutral,0,0.207,32,4969,1,
s19622,STBLUSDT,1784379600000,train,-1,-3.07,0.548,3.67,3.67,0.81,-3.12,1.72,1.04,0.94,0.89,1,0.04,neutral,neutral,0,-1.0,13,4971,1,
s19623,LDOUSDT,1784379600000,testB,-1,-2.45,0.413,2.88,2.6,0.78,-2.5,1.11,0.83,0.73,0.92,0,0.04,neutral,bajista,0,-0.118,32,4970,2,
s19624,STBLUSDT,1784380500000,train,-1,-2.21,0.446,4.02,3.57,0.79,-2.38,1.37,1.04,0.94,0.89,1,0.17,neutral,neutral,0,-1.0,12,4972,0,
s19625,XPLUSDT,1784381400000,train,-1,-2.38,0.515,3.92,2.86,1.42,-2.51,1.16,0.99,0.73,0.63,1,0.12,neutral,neutral,0,-0.137,32,4973,0,
s19626,STBLUSDT,1784381400000,train,-1,-2.64,0.587,4.02,3.46,0.89,-2.76,1.28,1.04,0.94,0.89,1,0.12,neutral,neutral,0,-1.0,11,4973,0,
s19627,INJUSDT,1784381400000,train,1,2.02,0.389,2.16,2.1,0.77,1.9,0.87,0.77,0.93,1.12,0,0.12,neutral,neutral,0,-0.009,32,4973,1,
s19628,XPLUSDT,1784382300000,train,-1,-2.82,0.629,3.89,2.98,1.52,-3.0,1.15,0.99,0.73,0.63,1,0.19,neutral,neutral,0,-0.209,32,4974,1,
s19629,STBLUSDT,1784382300000,train,-1,-3.36,0.775,4.03,3.78,1.13,-3.55,1.33,1.04,0.94,0.89,1,0.19,neutral,neutral,0,-1.0,10,4974,1,
s19630,XPLUSDT,1784383200000,train,-1,-2.57,0.607,3.83,2.93,1.36,-2.84,1.02,0.94,0.73,0.62,1,0.26,neutral,bajista,0,-0.279,32,4975,2,
s19631,XPLUSDT,1784384100000,train,-1,-2.71,0.659,3.83,2.95,0.68,-2.97,1.05,0.94,0.73,0.62,1,0.26,neutral,bajista,0,-0.332,32,4976,3,
s19632,XPLUSDT,1784385000000,train,-1,-2.67,0.655,3.54,2.74,0.53,-2.93,1.07,0.94,0.73,0.62,1,0.26,neutral,bajista,0,-0.549,32,4977,4,
s19633,XPLUSDT,1784385900000,train,-1,-2.25,0.603,3.28,2.45,0.52,-2.43,0.9,0.94,0.73,0.62,1,0.18,neutral,neutral,0,-0.575,32,4978,0,
s19634,XPLUSDT,1784386800000,train,-1,-2.08,0.582,3.29,2.75,0.51,-2.2,1.1,0.84,0.74,0.62,1,0.13,neutral,neutral,0,-0.629,32,4979,1,
s19635,XPLUSDT,1784387700000,train,-1,-2.28,0.679,3.29,2.72,0.44,-2.36,0.95,0.84,0.74,0.62,1,0.08,neutral,neutral,0,-0.725,32,4980,0,
s19636,XPLUSDT,1784389500000,train,-1,-2.07,0.59,3.28,2.56,0.48,-2.16,0.55,0.84,0.74,0.62,1,0.09,neutral,neutral,0,-0.478,32,4982,1,
s19637,XPLUSDT,1784390400000,train,-1,-2.21,0.626,2.93,2.28,0.49,-2.23,0.6,0.86,0.76,0.62,1,0.02,neutral,bajista,0,-0.478,32,4983,2,
s19638,ARBUSDT,1784390400000,train,-1,-2.22,0.495,2.38,2.35,2.7,-2.24,1.34,0.51,0.43,0.42,1,0.02,neutral,neutral,0,0.13,32,4983,1,
s19639,STBLUSDT,1784391300000,train,1,2.79,0.368,5.1,3.83,5,2.71,2.15,1.54,1.44,0.99,1,0.09,neutral,alcista,0,0.532,32,4984,4,
s19640,WLDUSDT,1784391300000,train,1,2.25,0.367,3.94,2.28,0.23,2.16,-0.84,1.47,0.9,0.67,1,0.09,neutral,neutral,0,0.976,32,4984,0,
s19641,ARBUSDT,1784393100000,train,-1,-2.02,0.548,2.78,2.34,1.36,-2.17,1.08,0.51,0.43,0.42,1,0.15,neutral,bajista,0,0.063,32,4986,2,
s19642,STBLUSDT,1784394000000,train,1,3.42,0.442,5.11,3.65,2.71,2.92,1.54,1.59,1.41,0.98,1,0.5,neutral,neutral,0,0.507,32,4987,0,
s19643,STBLUSDT,1784394900000,train,1,3.22,0.416,5.11,3.55,0.86,2.84,1.31,1.59,1.41,0.98,1,0.38,neutral,neutral,0,0.89,32,4988,0,
s19644,STBLUSDT,1784395800000,train,1,3.36,0.427,5.1,3.79,0.58,2.76,1.4,1.59,1.41,0.98,1,0.6,neutral,neutral,0,0.833,32,4989,1,
s19645,STBLUSDT,1784396700000,train,1,3.73,0.487,5.1,3.83,0.45,3.15,1.42,1.59,1.41,0.98,1,0.58,neutral,alcista,0,0.734,32,4990,2,
s19646,STBLUSDT,1784397600000,train,1,2.65,0.356,4.88,3.17,0.45,2.18,0.87,1.55,1.37,1.0,1,0.47,neutral,neutral,0,1.108,32,4991,0,
s19647,ONDOUSDT,1784397600000,train,1,2.5,0.459,3.1,3.1,1.54,2.03,1.62,1.04,2.35,1.64,0,0.47,neutral,alcista,0,-0.194,32,4990,4,
s19648,ONDOUSDT,1784398500000,train,1,2.35,0.444,3.39,3.19,1.76,1.73,1.57,1.04,2.35,1.64,0,0.62,neutral,alcista,0,-0.369,32,4991,5,
s19649,STBLUSDT,1784399400000,train,1,3.04,0.433,4.84,3.87,0.32,2.59,1.37,1.55,1.37,1.0,1,0.46,neutral,alcista,0,0.537,32,4993,2,
s19650,LDOUSDT,1784399400000,testB,-1,-2.12,0.399,3.01,2.89,0.79,-2.58,0.95,0.73,0.76,0.71,0,0.46,neutral,neutral,0,-0.66,32,4992,1,
s19651,STBLUSDT,1784400300000,train,1,2.77,0.412,4.82,4.29,0.38,2.18,1.56,1.55,1.37,1.0,1,0.59,neutral,alcista,0,0.64,32,4994,3,
s19652,ONDOUSDT,1784400300000,train,1,2.17,0.381,3.44,3.35,1.03,1.58,1.57,1.04,2.35,1.64,0,0.59,neutral,neutral,0,-0.402,32,4993,1,
s19653,LDOUSDT,1784400300000,testB,-1,-2.1,0.396,3.33,3.21,0.91,-2.69,1.18,0.73,0.76,0.71,0,0.59,neutral,bajista,0,-0.816,32,4993,2,
s19654,STBLUSDT,1784401200000,train,1,3.44,0.561,4.82,4.29,0.29,2.76,1.31,1.62,1.34,1.03,1,0.68,neutral,neutral,0,0.584,32,4995,0,
s19655,LDOUSDT,1784401200000,testB,-1,-2.48,0.479,3.56,3.36,0.98,-3.16,1.28,0.69,0.76,0.67,0,0.68,neutral,bajista,0,-0.782,32,4994,3,
s19656,STBLUSDT,1784402100000,train,1,3.7,0.627,4.82,4.29,0.27,3.07,1.24,1.62,1.34,1.03,1,0.63,neutral,neutral,0,0.539,32,4996,1,
s19657,ONDOUSDT,1784402100000,train,1,2.21,0.377,3.51,2.96,0.68,1.58,0.89,0.97,2.3,1.64,0,0.63,neutral,neutral,0,-0.456,32,4995,1,
s19658,ARUSDT,1784402100000,testB,1,2.01,0.731,2.13,2.07,1.67,1.38,0.9,0.79,0.8,0.61,0,0.63,neutral,neutral,0,-0.575,32,4995,1,
s19659,LDOUSDT,1784402100000,testB,-1,-2.09,0.384,3.32,2.79,0.87,-2.72,0.87,0.69,0.76,0.67,0,0.63,neutral,neutral,0,-1.0,31,4995,0,
s19660,STBLUSDT,1784403000000,train,1,3.78,0.633,4.16,3.78,0.45,3.02,1.64,1.62,1.34,1.03,1,0.75,neutral,alcista,0,0.405,32,4997,2,
s19661,ONDOUSDT,1784403000000,train,1,2.69,0.497,3.37,2.82,0.66,1.94,0.79,0.97,2.3,1.64,0,0.75,neutral,neutral,0,-0.48,32,4996,0,
s19662,ARUSDT,1784403000000,testB,1,2.27,0.754,2.28,2.22,1.04,1.52,1.07,0.79,0.8,0.61,0,0.75,neutral,alcista,0,-0.721,32,4996,2,
s19663,LDOUSDT,1784403000000,testB,-1,-2.17,0.405,3.32,2.67,0.92,-2.92,0.64,0.69,0.76,0.67,0,0.75,neutral,neutral,0,-1.0,30,4996,0,
s19664,STBLUSDT,1784403900000,train,1,2.02,0.35,3.28,2.12,0.7,1.34,0.86,1.62,1.34,1.03,1,0.68,neutral,neutral,0,1.091,32,4998,0,
s19665,ONDOUSDT,1784403900000,train,1,2.53,0.483,3.36,3.02,0.63,1.85,0.93,0.97,2.3,1.64,0,0.68,neutral,neutral,0,-0.543,32,4997,1,
s19666,LDOUSDT,1784403900000,testB,-1,-2.25,0.427,3.31,2.47,0.78,-2.93,0.44,0.69,0.76,0.67,0,0.68,neutral,neutral,0,-1.0,29,4997,0,
s19667,ONDOUSDT,1784404800000,train,1,2.23,0.452,3.07,2.67,0.58,1.49,0.9,0.94,2.26,1.64,0,0.74,neutral,alcista,0,-0.71,32,4998,2,
s19668,LDOUSDT,1784404800000,testB,-1,-2.17,0.418,2.9,2.28,0.66,-2.91,0.59,0.62,0.76,0.66,0,0.74,neutral,neutral,0,-1.0,23,4998,1,
s19669,0GUSDT,1784405700000,train,-1,-2.11,0.649,2.21,2.15,1.14,-2.89,1.45,0.43,0.37,0.38,0,0.78,neutral,bajista,0,1.216,32,5000,6,
s19670,ONDOUSDT,1784405700000,train,1,3.36,0.626,3.36,3.33,0.59,2.58,1.55,0.94,2.26,1.64,0,0.78,neutral,alcista,0,-0.709,32,4999,3,
s19671,0GUSDT,1784406600000,train,-1,-2.23,0.661,2.63,2.51,1.78,-2.96,1.63,0.43,0.37,0.38,0,0.73,neutral,bajista,0,0.884,32,5001,7,
s19672,ONDOUSDT,1784406600000,train,1,2.71,0.474,3.69,2.75,0.82,1.98,0.91,0.94,2.26,1.64,0,0.73,neutral,neutral,0,-0.656,32,5000,0,
s19673,0GUSDT,1784407500000,train,-1,-2.58,0.692,3.23,3.12,2.72,-3.18,2.0,0.43,0.37,0.38,0,0.6,neutral,bajista,0,0.585,32,5002,8,
s19674,XPLUSDT,1784408400000,train,1,2.19,0.443,3.74,3.58,0.92,1.5,1.56,0.75,0.79,0.65,0,0.69,neutral,alcista,0,-0.5,32,5003,8,
s19675,0GUSDT,1784408400000,train,-1,-2.41,0.636,3.23,2.99,3.89,-3.09,1.7,0.49,0.4,0.37,1,0.69,neutral,neutral,0,0.569,32,5003,0,
s19676,ONDOUSDT,1784408400000,train,1,2.44,0.413,3.67,2.55,0.99,1.75,0.63,0.88,1.27,1.64,0,0.69,neutral,neutral,0,-0.427,32,5002,1,
s19677,XPLUSDT,1784409300000,train,1,2.48,0.53,3.87,3.42,0.84,1.82,1.26,0.75,0.79,0.65,0,0.67,neutral,neutral,0,-0.504,32,5004,0,
s19678,0GUSDT,1784409300000,train,-1,-2.34,0.612,3.21,2.51,2.94,-3.01,1.09,0.49,0.4,0.37,1,0.67,neutral,neutral,0,0.837,32,5004,0,
s19679,0GUSDT,1784410200000,train,-1,-2.17,0.559,3.21,2.39,2.03,-2.49,0.85,0.49,0.4,0.37,1,0.32,neutral,neutral,0,0.878,32,5005,0,
s19680,0GUSDT,1784411100000,train,-1,-2.17,0.559,3.21,2.45,0.99,-2.56,0.82,0.49,0.4,0.37,1,0.38,neutral,neutral,0,0.524,32,5006,1,
s19681,0GUSDT,1784412000000,train,-1,-2.17,0.559,3.21,2.45,0.61,-2.68,0.79,0.46,0.41,0.37,1,0.51,neutral,neutral,0,0.548,32,5007,0,
s19682,XPLUSDT,1784412900000,train,1,2.01,0.409,3.89,2.88,0.97,1.77,0.53,0.73,0.79,0.65,0,0.25,neutral,alcista,0,-0.277,32,5008,3,
s19683,0GUSDT,1784412900000,train,-1,-2.4,0.636,3.16,2.45,0.58,-2.64,0.76,0.46,0.41,0.37,1,0.25,neutral,neutral,0,0.429,32,5008,1,
s19684,XPLUSDT,1784413800000,train,1,2.62,0.502,3.87,3.3,0.55,2.16,0.89,0.73,0.79,0.65,0,0.47,neutral,alcista,0,-0.387,32,5009,4,
s19685,0GUSDT,1784413800000,train,-1,-2.11,0.569,3.09,2.28,0.53,-2.58,0.58,0.46,0.41,0.37,1,0.47,neutral,neutral,0,0.436,32,5009,0,
s19686,TIAUSDT,1784413800000,train,1,2.18,0.681,2.83,2.33,1.63,1.71,1.01,0.74,0.77,0.8,0,0.47,neutral,neutral,0,-0.024,32,5009,0,
s19687,XPLUSDT,1784414700000,train,1,2.71,0.528,3.38,2.75,0.52,2.25,0.81,0.73,0.79,0.65,0,0.46,neutral,neutral,0,-0.443,32,5010,0,
s19688,0GUSDT,1784414700000,train,-1,-2.23,0.582,3.1,2.4,0.55,-2.69,0.63,0.46,0.41,0.37,1,0.46,neutral,neutral,0,0.366,32,5010,1,
s19689,XPLUSDT,1784415600000,train,1,2.65,0.522,3.17,2.57,0.48,2.34,0.76,0.68,0.78,0.66,0,0.31,neutral,neutral,0,-0.545,32,5011,1,
s19690,0GUSDT,1784415600000,train,-1,-2.12,0.552,2.98,2.22,0.51,-2.42,0.54,0.49,0.42,0.38,1,0.31,neutral,neutral,0,0.711,32,5011,0,
s19691,XPLUSDT,1784416500000,train,1,2.09,0.464,2.44,2.11,0.5,1.54,0.95,0.68,0.78,0.66,0,0.55,neutral,alcista,0,-1.0,20,5012,2,
s19692,TIAUSDT,1784416500000,train,1,2.12,0.61,2.4,2.16,1.02,1.57,1.13,0.71,0.76,0.82,0,0.55,neutral,alcista,0,-0.051,32,5012,2,
s19693,PUMPUSDT,1784419200000,train,1,2.26,0.569,2.63,2.51,1.25,1.92,1.21,0.31,0.34,0.35,0,0.35,neutral,alcista,0,-0.643,32,5015,2,
s19694,STBLUSDT,1784423700000,train,1,2.52,0.456,3.16,2.93,1.27,2.43,1.61,0.71,1.17,1.06,0,0.09,neutral,alcista,0,-0.516,32,5020,2,
s19695,0GUSDT,1784423700000,train,-1,-2.57,0.647,3.54,3.36,2.7,-2.66,2.05,0.81,0.56,0.42,1,0.09,neutral,bajista,0,-0.357,32,5020,3,
s19696,STBLUSDT,1784424600000,train,1,2.56,0.461,3.2,3.15,1.09,2.35,1.67,0.71,1.17,1.06,0,0.21,neutral,alcista,0,-0.627,32,5021,3,
s19697,0GUSDT,1784424600000,train,-1,-2.63,0.672,3.72,3.3,2.88,-2.83,1.73,0.81,0.56,0.42,1,0.21,neutral,neutral,0,-0.418,32,5021,0,
s19698,STBLUSDT,1784425500000,train,1,2.67,0.487,3.16,2.83,1.06,2.59,1.27,0.71,1.17,1.06,0,0.08,neutral,neutral,0,-0.683,32,5022,0,
s19699,0GUSDT,1784425500000,train,-1,-2.39,0.594,3.71,3.11,2.62,-2.48,1.42,0.81,0.56,0.42,1,0.08,neutral,neutral,0,-0.423,32,5022,0,
s19700,STBLUSDT,1784426400000,train,1,3.01,0.534,3.34,3.06,1.01,2.85,1.37,0.81,1.2,1.11,0,0.16,neutral,neutral,0,-0.708,32,5023,1,
s19701,0GUSDT,1784426400000,train,-1,-2.28,0.549,3.71,2.99,0.93,-2.44,1.24,0.7,0.56,0.42,1,0.16,neutral,neutral,0,-0.42,32,5023,0,
s19702,STBLUSDT,1784427300000,train,1,2.47,0.436,3.31,2.74,0.66,2.32,0.96,0.81,1.2,1.11,0,0.14,neutral,neutral,0,-0.638,32,5024,0,
s19703,0GUSDT,1784427300000,train,-1,-2.4,0.562,3.71,3.17,0.78,-2.54,1.3,0.7,0.56,0.42,1,0.14,neutral,neutral,0,-0.509,32,5024,1,
s19704,STBLUSDT,1784428200000,train,1,2.28,0.388,3.18,2.23,0.63,2.17,0.57,0.81,1.2,1.11,0,0.11,neutral,neutral,0,-0.511,32,5025,0,
s19705,0GUSDT,1784428200000,train,-1,-2.39,0.562,3.71,3.05,0.58,-2.5,1.06,0.7,0.56,0.42,1,0.11,neutral,neutral,0,-0.51,32,5025,0,
s19706,STBLUSDT,1784429100000,train,1,3.0,0.456,3.38,3.0,1.16,2.96,1.52,0.81,1.2,1.11,0,0.03,neutral,neutral,0,-0.672,32,5026,1,
s19707,0GUSDT,1784429100000,train,-1,-2.4,0.562,3.71,3.17,0.39,-2.43,1.07,0.7,0.56,0.42,1,0.03,neutral,neutral,0,-0.887,32,5026,1,
s19708,STBLUSDT,1784430000000,train,1,2.65,0.396,3.24,2.63,1.31,2.65,1.13,0.87,1.09,1.13,0,-0.0,neutral,neutral,0,-1.0,28,5027,0,
s19709,0GUSDT,1784430000000,train,-1,-2.51,0.589,3.71,3.24,0.32,-2.51,1.02,0.65,0.57,0.42,1,-0.0,neutral,neutral,0,-1.0,32,5027,0,
s19710,0GUSDT,1784430900000,train,-1,-2.45,0.568,3.71,3.11,0.26,-2.21,0.83,0.65,0.57,0.42,1,-0.24,neutral,neutral,0,-1.0,31,5028,0,
s19711,0GUSDT,1784431800000,train,-1,-2.39,0.562,3.71,3.11,0.25,-2.16,0.73,0.65,0.57,0.42,1,-0.24,neutral,neutral,0,-1.0,30,5029,0,
s19712,0GUSDT,1784432700000,train,-1,-2.34,0.556,3.71,3.11,0.25,-2.15,0.67,0.65,0.57,0.42,1,-0.19,neutral,neutral,0,-1.0,29,5030,0,
s19713,0GUSDT,1784433600000,train,-1,-2.63,0.634,3.24,2.76,0.35,-2.33,0.72,0.66,0.56,0.42,1,-0.3,neutral,neutral,0,-1.0,27,5031,1,
s19714,0GUSDT,1784435400000,train,-1,-2.05,0.556,2.99,2.27,0.62,-2.03,0.38,0.66,0.56,0.42,1,-0.02,neutral,neutral,0,-1.0,25,5033,0,
s19715,APEUSDT,1784439000000,testB,1,2.17,0.544,2.47,2.4,0.93,2.29,1.52,0.69,0.55,0.43,1,-0.12,neutral,alcista,0,0.2,32,5036,8,
s19716,APEUSDT,1784442600000,testB,1,2.03,0.509,2.4,2.33,0.74,2.19,1.14,0.7,0.55,0.45,1,-0.17,neutral,alcista,0,0.088,32,5040,2,
s19717,APEUSDT,1784443500000,testB,1,2.38,0.567,2.66,2.6,0.82,2.55,1.2,0.7,0.55,0.45,1,-0.17,neutral,alcista,0,0.026,32,5041,3,
s19718,LDOUSDT,1784444400000,testB,-1,-2.06,0.581,2.42,2.33,0.85,-2.0,1.05,0.44,0.43,0.59,0,-0.06,neutral,bajista,0,-0.217,32,5042,4,
s19719,APEUSDT,1784444400000,testB,1,2.17,0.492,2.88,2.26,0.81,2.23,0.74,0.73,0.55,0.48,1,-0.06,neutral,neutral,0,0.061,32,5042,0,
s19720,APEUSDT,1784445300000,testB,1,2.03,0.46,2.74,2.06,1.11,1.94,0.66,0.73,0.55,0.48,1,0.08,neutral,neutral,0,0.0,32,5043,0,
s19721,ONDOUSDT,1784447100000,train,1,2.42,0.516,2.85,2.65,0.86,2.42,1.21,0.66,0.64,1.51,0,0.01,neutral,alcista,0,-0.333,32,5045,3,
s19722,ONDOUSDT,1784448000000,train,1,2.93,0.617,2.99,2.9,1.0,2.83,1.33,0.82,0.7,1.52,0,0.1,neutral,alcista,0,-0.51,32,5046,4,
s19723,ONDOUSDT,1784448900000,train,1,3.59,0.665,3.63,3.52,1.45,3.66,2.03,0.82,0.7,1.52,0,-0.07,neutral,alcista,0,-0.784,32,5047,5,
s19724,ONDOUSDT,1784449800000,train,1,3.5,0.659,4.11,3.52,1.99,3.67,1.85,0.82,0.7,1.52,0,-0.17,neutral,alcista,0,-0.744,32,5048,6,
s19725,ONDOUSDT,1784450700000,train,1,3.21,0.591,3.92,3.13,2.22,3.23,1.52,0.82,0.7,1.52,0,-0.02,neutral,neutral,0,-0.838,32,5049,0,
s19726,ONDOUSDT,1784451600000,train,1,2.12,0.382,3.58,2.19,1.96,2.34,0.8,0.83,0.71,1.03,0,-0.22,neutral,neutral,0,-1.0,29,5050,0,
s19727,ONDOUSDT,1784452500000,train,1,2.43,0.416,3.56,2.6,1.51,2.63,1.09,0.83,0.71,1.03,0,-0.2,neutral,neutral,0,-1.0,28,5051,1,
s19728,ARBUSDT,1784454300000,train,1,2.16,0.674,2.27,2.21,2.03,2.47,1.29,0.31,0.29,0.36,0,-0.31,neutral,alcista,0,-0.54,32,5054,3,
s19729,STBLUSDT,1784458800000,train,1,2.06,0.462,3.94,2.91,4.1,2.22,1.87,1.44,1.09,1.15,0,-0.16,neutral,alcista,0,-1.0,28,5059,5,
s19730,0GUSDT,1784458800000,train,1,2.31,0.619,2.38,2.26,2.58,2.48,1.52,0.37,0.54,0.48,0,-0.16,neutral,alcista,1,2.0,32,5059,7,
s19731,STBLUSDT,1784459700000,train,1,2.29,0.49,3.92,3.32,5,2.56,2.09,1.44,1.09,1.15,0,-0.27,neutral,alcista,0,-1.0,27,5060,6,
s19732,STBLUSDT,1784460600000,train,1,3.34,0.583,5.41,4.3,5,3.72,2.83,1.44,1.09,1.15,0,-0.37,neutral,alcista,0,-1.0,26,5061,7,
s19733,STBLUSDT,1784461500000,train,1,3.21,0.545,5.43,3.86,5,3.59,2.2,1.44,1.09,1.15,0,-0.38,neutral,neutral,0,-1.0,25,5062,0,
s19734,STBLUSDT,1784462400000,train,1,2.87,0.492,5.44,3.72,5,3.43,1.83,1.57,1.1,1.15,0,-0.56,neutral,neutral,0,-1.0,24,5063,0,
s19735,TIAUSDT,1784462400000,train,-1,-2.32,0.656,3.49,3.4,1.35,-1.77,1.7,0.7,0.59,0.67,0,-0.56,neutral,bajista,0,-0.675,32,5063,6,
s19736,STBLUSDT,1784463300000,train,1,3.01,0.504,5.43,3.86,4.59,3.55,1.78,1.57,1.1,1.15,0,-0.54,neutral,neutral,0,-1.0,23,5064,1,
s19737,STBLUSDT,1784464200000,train,1,2.34,0.353,5.47,3.23,1.61,2.72,1.06,1.57,1.1,1.15,0,-0.38,neutral,neutral,0,-1.0,22,5065,0,
s19738,TIAUSDT,1784465100000,train,-1,-2.21,0.541,3.47,2.85,1.07,-1.8,0.89,0.7,0.59,0.67,0,-0.4,neutral,neutral,0,-0.376,32,5066,1,
s19739,STBLUSDT,1784466000000,train,1,2.87,0.441,5.45,3.63,0.35,3.31,1.21,1.54,1.06,1.13,0,-0.44,neutral,alcista,0,-1.0,20,5067,2,
s19740,0GUSDT,1784466000000,train,1,2.25,0.388,3.18,2.6,1.94,2.69,1.31,0.47,0.42,0.49,0,-0.44,neutral,neutral,0,1.333,32,5067,1,
s19741,TIAUSDT,1784466000000,train,-1,-2.1,0.507,3.01,2.31,1.04,-1.66,0.74,0.8,0.65,0.69,0,-0.44,neutral,neutral,0,-0.415,32,5067,0,
s19742,STBLUSDT,1784466900000,train,1,2.59,0.38,5.46,3.32,0.32,2.85,0.8,1.54,1.06,1.13,0,-0.27,neutral,neutral,0,-1.0,19,5068,0,
s19743,TIAUSDT,1784466900000,train,-1,-2.04,0.487,2.93,2.14,1.27,-1.77,0.61,0.8,0.65,0.69,0,-0.27,neutral,neutral,0,-0.224,32,5068,0,
s19744,STBLUSDT,1784467800000,train,1,3.07,0.451,5.45,3.54,0.2,3.23,0.9,1.54,1.06,1.13,0,-0.16,neutral,neutral,0,-1.0,18,5069,1,
s19745,STBLUSDT,1784468700000,train,1,3.08,0.451,5.46,3.32,0.17,3.15,0.65,1.54,1.06,1.13,0,-0.07,neutral,neutral,0,-1.0,17,5070,0,
s19746,STBLUSDT,1784469600000,train,1,2.84,0.401,5.2,2.81,0.24,2.89,0.38,1.62,1.03,1.13,0,-0.05,neutral,neutral,0,-1.0,16,5071,0,
s19747,STBLUSDT,1784470500000,train,1,2.74,0.393,5.1,2.76,0.3,3.0,0.42,1.62,1.03,1.13,0,-0.26,neutral,neutral,0,-1.0,15,5072,1,
s19748,STBLUSDT,1784471400000,train,1,2.49,0.371,5.05,2.71,0.31,2.72,0.41,1.62,1.03,1.13,0,-0.22,neutral,neutral,0,-1.0,14,5073,0,
s19749,STBLUSDT,1784472300000,train,1,2.58,0.38,5.04,2.99,0.31,2.59,0.63,1.62,1.03,1.13,0,-0.0,neutral,neutral,0,-1.0,13,5074,1,
s19750,PENDLEUSDT,1784475000000,train,1,2.15,0.544,2.73,2.54,0.61,2.1,0.9,0.9,0.64,0.5,1,0.05,neutral,neutral,0,0.561,32,5077,1,
s19751,PENDLEUSDT,1784475900000,train,1,2.12,0.529,2.78,2.32,0.55,1.96,0.62,0.9,0.64,0.5,1,0.15,neutral,neutral,0,0.894,32,5078,0,
s19752,PENDLEUSDT,1784476800000,train,1,2.75,0.638,3.48,2.69,1.03,2.43,0.95,1.09,0.74,0.54,1,0.32,neutral,neutral,0,0.734,32,5079,1,
s19753,WLDUSDT,1784479500000,train,-1,-2.45,0.587,3.39,2.78,5,-2.59,1.57,0.69,0.48,0.39,1,0.14,neutral,bajista,0,-0.158,32,5082,2,
s19754,PUMPUSDT,1784480400000,train,1,2.42,0.556,2.6,2.42,2.27,1.9,1.34,0.44,0.31,0.29,1,0.52,neutral,neutral,1,2.0,7,5083,1,
s19755,WLDUSDT,1784480400000,train,-1,-3.43,0.665,5.67,4.16,4.8,-3.95,2.65,1.16,0.73,0.51,1,0.52,neutral,bajista,0,-0.705,32,5083,3,
s19756,PUMPUSDT,1784481300000,train,1,2.24,0.536,2.54,2.3,1.82,1.87,1.25,0.44,0.31,0.29,1,0.36,neutral,alcista,1,2.0,6,5084,2,
s19757,WLDUSDT,1784481300000,train,-1,-3.58,0.704,5.68,4.22,5,-3.95,2.49,1.16,0.73,0.51,1,0.36,neutral,bajista,0,-0.709,32,5084,4,
s19758,PUMPUSDT,1784482200000,train,1,2.42,0.556,2.59,2.42,1.6,2.11,1.36,0.44,0.31,0.29,1,0.31,neutral,alcista,1,2.0,7,5085,3,
s19759,0GUSDT,1784482200000,train,1,2.75,0.662,3.47,3.24,3.31,2.44,2.0,0.58,0.47,0.54,0,0.31,neutral,alcista,0,-0.316,32,5085,6,
s19760,WLDUSDT,1784482200000,train,-1,-3.37,0.635,5.66,3.9,5,-3.67,2.0,1.16,0.73,0.51,1,0.31,neutral,neutral,0,-0.471,32,5085,0,
s19761,LDOUSDT,1784482200000,testB,-1,-2.03,0.541,2.27,2.27,0.99,-2.34,1.18,0.56,0.62,0.54,0,0.31,neutral,bajista,0,-0.088,32,5084,4,
s19762,XPLUSDT,1784483100000,train,-1,-2.2,0.667,3.5,2.7,3.66,-2.31,1.15,0.91,0.71,0.6,1,0.1,neutral,neutral,0,-1.0,29,5086,1,
s19763,STBLUSDT,1784483100000,train,-1,-2.06,0.564,3.0,2.48,1.67,-2.16,1.37,0.81,1.13,0.94,0,0.1,neutral,bajista,0,-1.0,10,5086,5,
s19764,0GUSDT,1784483100000,train,1,3.16,0.711,3.74,3.57,4.41,3.05,1.98,0.58,0.47,0.54,0,0.1,neutral,alcista,0,-0.619,32,5086,7,
s19765,WLDUSDT,1784483100000,train,-1,-3.47,0.642,5.66,4.02,3.46,-3.58,1.87,1.16,0.73,0.51,1,0.1,neutral,neutral,0,-0.299,32,5086,1,
s19766,LDOUSDT,1784483100000,testB,-1,-2.01,0.537,2.79,2.47,1.42,-2.11,1.25,0.56,0.62,0.54,0,0.1,neutral,bajista,0,-0.046,32,5085,5,
s19767,XPLUSDT,1784484000000,train,-1,-2.41,0.738,3.51,2.79,0.85,-2.3,1.14,0.79,0.73,0.59,1,-0.11,neutral,bajista,0,-1.0,28,5087,2,
s19768,STBLUSDT,1784484000000,train,-1,-2.95,0.649,3.86,3.47,1.67,-2.84,2.23,1.11,1.36,1.03,0,-0.11,neutral,bajista,0,-1.0,8,5087,6,
s19769,0GUSDT,1784484000000,train,1,3.09,0.707,3.85,3.74,3.31,3.2,2.02,0.76,0.56,0.59,0,-0.11,neutral,alcista,0,-0.712,32,5087,8,
s19770,WLDUSDT,1784484000000,train,-1,-3.17,0.557,5.64,3.53,0.66,-3.06,1.29,1.15,0.77,0.52,1,-0.11,neutral,neutral,0,-0.378,32,5087,0,
s19771,LDOUSDT,1784484000000,testB,-1,-2.36,0.691,3.21,2.45,1.33,-2.25,1.12,0.55,0.64,0.53,0,-0.11,neutral,bajista,0,-0.151,32,5086,6,
s19772,XPLUSDT,1784484900000,train,-1,-2.25,0.724,3.51,2.87,0.56,-2.15,1.16,0.79,0.73,0.59,1,-0.11,neutral,bajista,0,-1.0,27,5088,3,
s19773,STBLUSDT,1784484900000,train,-1,-2.76,0.584,3.85,3.22,1.84,-2.66,1.83,1.11,1.36,1.03,0,-0.11,neutral,neutral,0,-1.0,7,5088,0,
s19774,0GUSDT,1784484900000,train,1,3.98,0.85,4.84,4.28,3.38,4.08,2.42,0.76,0.56,0.59,0,-0.11,neutral,alcista,0,-0.75,32,5088,8,
s19775,WLDUSDT,1784484900000,train,-1,-2.92,0.535,5.65,3.7,0.41,-2.81,1.32,1.15,0.77,0.52,1,-0.11,neutral,neutral,0,-0.256,32,5088,1,
s19776,LDOUSDT,1784484900000,testB,-1,-2.45,0.698,3.14,2.8,1.49,-2.35,1.4,0.55,0.64,0.53,0,-0.11,neutral,bajista,0,-0.276,32,5087,7,
s19777,XPLUSDT,1784485800000,train,-1,-2.12,0.653,3.5,2.61,0.52,-1.96,0.84,0.79,0.73,0.59,1,-0.16,neutral,neutral,0,-1.0,26,5089,0,
s19778,PUMPUSDT,1784485800000,train,1,3.46,0.483,4.44,4.21,2.45,3.62,2.86,0.92,0.55,0.4,1,-0.16,neutral,alcista,1,2.0,10,5089,2,
s19779,0GUSDT,1784485800000,train,1,2.87,0.495,4.89,3.24,2.98,3.02,1.2,0.76,0.56,0.59,0,-0.16,neutral,neutral,0,-0.632,32,5089,0,
s19780,WLDUSDT,1784485800000,train,-1,-3.15,0.606,5.64,3.64,0.37,-3.0,1.15,1.15,0.77,0.52,1,-0.16,neutral,neutral,0,-0.458,32,5089,0,
s19781,LDOUSDT,1784485800000,testB,-1,-2.48,0.701,3.14,2.83,1.24,-2.32,1.27,0.55,0.64,0.53,0,-0.16,neutral,bajista,0,-0.303,32,5088,8,
s19782,XPLUSDT,1784486700000,train,-1,-2.04,0.625,3.5,2.56,0.52,-1.79,0.73,0.79,0.73,0.59,1,-0.25,neutral,neutral,0,-1.0,25,5090,0,
s19783,PUMPUSDT,1784486700000,train,1,5.12,0.581,6.45,6.06,5,5.37,4.39,0.92,0.55,0.4,1,-0.25,neutral,alcista,1,2.0,17,5090,3,
s19784,0GUSDT,1784486700000,train,1,3.16,0.54,4.88,3.41,2.25,3.41,1.21,0.76,0.56,0.59,0,-0.25,neutral,neutral,0,-0.7,32,5090,1,
s19785,WLDUSDT,1784486700000,train,-1,-2.93,0.542,5.48,3.1,0.38,-2.68,0.71,1.15,0.77,0.52,1,-0.25,neutral,neutral,0,-1.0,21,5090,0,
s19786,LDOUSDT,1784486700000,testB,-1,-2.07,0.578,2.88,2.34,0.94,-1.82,0.99,0.55,0.64,0.53,0,-0.25,neutral,neutral,0,-0.232,32,5089,0,
s19787,PUMPUSDT,1784487600000,train,1,5.31,0.614,6.63,6.0,5,5.5,3.86,1.36,0.78,0.51,1,-0.19,neutral,neutral,1,2.0,16,5091,0,
s19788,0GUSDT,1784487600000,train,1,4.1,0.603,6.46,4.38,3.43,4.29,2.07,0.87,0.67,0.64,1,-0.19,neutral,alcista,0,-0.795,32,5091,2,
s19789,WLDUSDT,1784487600000,train,-1,-2.43,0.469,5.06,2.54,0.25,-2.24,0.46,1.17,0.77,0.53,1,-0.19,neutral,neutral,0,-1.0,20,5091,0,
s19790,PUMPUSDT,1784488500000,train,1,6.62,0.665,7.33,7.16,5,6.72,4.62,1.36,0.78,0.51,1,-0.1,neutral,neutral,1,2.0,19,5092,1,
s19791,0GUSDT,1784488500000,train,1,4.57,0.661,6.45,4.65,2.28,4.67,2.13,0.87,0.67,0.64,1,-0.1,neutral,alcista,0,-0.88,32,5092,3,
s19792,WLDUSDT,1784488500000,train,-1,-2.17,0.44,4.82,2.38,0.24,-2.07,0.54,1.17,0.77,0.53,1,-0.1,neutral,neutral,0,-1.0,19,5092,1,
s19793,PUMPUSDT,1784489400000,train,1,6.02,0.577,7.59,6.69,4.81,6.24,3.64,1.36,0.78,0.51,1,-0.22,neutral,neutral,1,2.0,17,5093,0,
s19794,0GUSDT,1784489400000,train,1,4.33,0.649,5.94,4.15,1.58,4.55,1.94,0.87,0.67,0.64,1,-0.22,neutral,neutral,0,-1.0,31,5093,0,
s19795,WLDUSDT,1784489400000,train,-1,-2.3,0.455,4.82,2.52,0.23,-2.08,0.63,1.17,0.77,0.53,1,-0.22,neutral,bajista,0,-1.0,18,5093,2,
s19796,PUMPUSDT,1784490300000,train,1,6.03,0.577,7.6,6.58,2.16,6.19,3.21,1.36,0.78,0.51,1,-0.17,neutral,neutral,1,2.0,16,5094,0,
s19797,0GUSDT,1784490300000,train,1,4.13,0.64,5.7,4.19,1.65,4.3,1.99,0.87,0.67,0.64,1,-0.17,neutral,neutral,0,-1.0,29,5094,1,
s19798,WLDUSDT,1784490300000,train,-1,-2.52,0.477,4.64,2.58,0.19,-2.35,0.74,1.17,0.77,0.53,1,-0.17,neutral,bajista,0,-1.0,17,5094,3,
s19799,PUMPUSDT,1784491200000,train,1,7.97,0.689,8.1,7.88,1.44,8.04,4.2,1.97,1.11,0.67,1,-0.07,neutral,neutral,0,0.986,32,5095,1,
s19800,0GUSDT,1784491200000,train,1,4.25,0.658,5.7,4.25,0.33,4.32,1.87,0.92,0.69,0.62,1,-0.07,neutral,alcista,0,-1.0,28,5095,2,
s19801,0GUSDT,1784492100000,train,1,3.61,0.525,5.61,3.65,0.46,3.79,1.2,0.92,0.69,0.62,1,-0.19,neutral,neutral,0,-1.0,23,5096,0,
s19802,0GUSDT,1784493000000,train,1,3.37,0.5,5.62,3.6,0.46,3.53,0.97,0.92,0.69,0.62,1,-0.16,neutral,neutral,0,-1.0,22,5097,0,
s19803,0GUSDT,1784493900000,train,1,3.48,0.508,5.61,3.81,0.42,3.47,1.09,0.92,0.69,0.62,1,0.01,neutral,neutral,0,-1.0,21,5098,1,
s19804,PENDLEUSDT,1784493900000,train,1,2.29,0.409,3.25,3.01,0.93,2.28,1.09,1.05,0.96,0.65,1,0.01,neutral,alcista,0,-0.558,32,5098,2,
s19805,0GUSDT,1784494800000,train,1,3.11,0.482,4.64,3.18,0.42,3.36,1.28,0.95,0.72,0.62,1,-0.25,neutral,alcista,0,-1.0,19,5099,2,
s19806,PENDLEUSDT,1784494800000,train,1,2.12,0.392,3.56,3.13,0.88,2.37,1.12,1.07,0.98,0.65,1,-0.25,neutral,alcista,0,-0.769,32,5099,3,
s19807,PENDLEUSDT,1784495700000,train,1,2.52,0.452,3.55,3.4,0.72,2.78,1.32,1.07,0.98,0.65,1,-0.26,neutral,alcista,0,-0.842,32,5100,4,
s19808,STBLUSDT,1784498400000,train,1,3.38,0.389,4.95,3.31,0.93,3.09,0.61,1.42,1.59,1.13,0,0.29,neutral,neutral,0,-1.0,28,5103,1,
s19809,PENDLEUSDT,1784498400000,train,1,2.39,0.353,3.41,2.84,0.56,2.1,0.77,0.97,1.02,0.68,0,0.29,neutral,neutral,0,-1.0,28,5103,1,
s19810,STBLUSDT,1784499300000,train,1,3.08,0.364,4.9,3.22,0.84,2.52,0.55,1.42,1.59,1.13,0,0.55,neutral,neutral,0,-1.0,27,5104,0,
s19811,PENDLEUSDT,1784499300000,train,1,2.9,0.434,3.59,3.03,0.86,2.34,0.87,0.97,1.02,0.68,0,0.55,neutral,alcista,0,-1.0,27,5104,2,
s19812,JUPUSDT,1784500200000,train,1,2.04,0.639,2.82,2.41,3.99,1.46,1.16,0.53,0.54,0.46,0,0.59,neutral,alcista,0,0.043,32,5105,3,
s19813,PENDLEUSDT,1784500200000,train,1,2.84,0.43,3.45,2.94,0.87,2.26,0.85,0.97,1.02,0.68,0,0.59,neutral,alcista,0,-1.0,26,5105,3,
s19814,JUPUSDT,1784504700000,train,1,2.14,0.461,2.35,2.25,1.57,1.74,1.36,0.63,0.57,0.49,1,0.4,neutral,alcista,0,0.227,32,5110,3,
s19815,JUPUSDT,1784505600000,train,1,4.95,0.664,6.11,4.87,4.93,4.17,3.7,1.52,0.97,0.7,1,0.79,neutral,alcista,0,-0.408,32,5111,4,
s19816,JUPUSDT,1784506500000,train,1,4.53,0.592,6.13,4.58,5,3.94,3.05,1.52,0.97,0.7,1,0.59,neutral,neutral,0,-0.446,32,5112,0,
s19817,JUPUSDT,1784507400000,train,1,4.51,0.592,6.11,4.92,5,4.03,3.07,1.52,0.97,0.7,1,0.48,neutral,neutral,0,-0.556,32,5113,1,
s19818,0GUSDT,1784508300000,train,-1,-2.02,0.462,3.03,2.97,3.71,-2.03,1.55,0.8,0.78,0.63,1,0.02,neutral,neutral,0,1.269,32,5114,1,
s19819,PUMPUSDT,1784509200000,train,1,7.5,0.423,9.9,7.43,1.03,7.09,3.22,5.52,3.49,1.83,1,0.41,neutral,neutral,0,-0.267,32,5115,1,
s19820,0GUSDT,1784509200000,train,-1,-2.68,0.615,3.44,3.33,1.13,-3.09,1.65,0.63,0.76,0.59,0,0.41,neutral,bajista,0,1.017,32,5115,2,
s19821,JUPUSDT,1784509200000,train,1,4.51,0.442,6.1,5.01,2.11,4.1,2.7,1.67,1.01,0.74,1,0.41,neutral,neutral,0,-0.505,32,5115,1,
s19822,STBLUSDT,1784510100000,train,-1,-2.08,0.455,2.79,2.65,0.31,-2.66,0.75,0.93,1.03,1.07,0,0.58,neutral,neutral,0,-0.446,32,5116,0,
s19823,0GUSDT,1784510100000,train,-1,-2.24,0.556,3.1,2.81,0.85,-2.82,1.43,0.63,0.76,0.59,0,0.58,neutral,neutral,0,1.163,32,5116,0,
s19824,PUMPUSDT,1784511000000,train,1,6.97,0.46,9.45,6.51,0.94,6.33,2.06,5.52,3.49,1.83,1,0.64,neutral,neutral,0,-0.198,32,5117,0,
s19825,0GUSDT,1784511000000,train,-1,-2.3,0.562,3.1,2.99,0.79,-2.94,1.48,0.63,0.76,0.59,0,0.64,neutral,neutral,0,1.077,32,5117,1,
s19826,PUMPUSDT,1784511900000,train,1,5.35,0.401,8.08,6.06,0.83,5.04,2.51,5.52,3.49,1.83,1,0.31,neutral,neutral,0,-0.333,32,5118,1,
s19827,0GUSDT,1784511900000,train,-1,-3.42,0.735,4.17,3.88,0.9,-3.73,2.16,0.63,0.76,0.59,0,0.31,neutral,bajista,0,0.612,32,5118,2,
s19828,PUMPUSDT,1784512800000,train,1,6.84,0.494,7.62,6.5,0.74,6.59,2.88,5.2,3.67,1.93,1,0.25,neutral,alcista,0,-0.519,32,5119,2,
s19829,STBLUSDT,1784512800000,train,-1,-2.1,0.542,3.29,2.96,0.87,-2.35,1.31,0.72,1.01,1.04,0,0.25,neutral,neutral,0,-0.726,32,5119,0,
s19830,0GUSDT,1784512800000,train,-1,-3.7,0.75,4.42,4.13,0.94,-3.94,2.16,0.62,0.77,0.59,0,0.25,neutral,bajista,0,0.479,32,5119,3,
s19831,PUMPUSDT,1784513700000,train,1,5.39,0.388,7.63,5.76,0.58,5.53,2.11,5.2,3.67,1.93,1,-0.14,neutral,neutral,0,-0.393,32,5120,0,
s19832,STBLUSDT,1784513700000,train,-1,-2.38,0.573,3.49,3.3,1.05,-2.24,1.41,0.72,1.01,1.04,0,-0.14,neutral,neutral,0,-0.609,32,5120,1,
s19833,0GUSDT,1784513700000,train,-1,-3.26,0.725,4.42,4.13,1.0,-3.12,1.95,0.62,0.77,0.59,0,-0.14,neutral,neutral,0,0.451,32,5120,0,
s19834,FETUSDT,1784513700000,train,-1,-2.48,0.459,3.78,3.0,4.78,-2.34,1.81,1.37,1.0,0.74,1,-0.14,neutral,bajista,0,0.196,32,5119,5,
s19835,PUMPUSDT,1784514600000,train,1,5.11,0.376,6.58,4.91,0.45,5.07,1.77,5.2,3.67,1.93,1,0.04,neutral,neutral,0,-1.0,6,5121,1,
s19836,STBLUSDT,1784514600000,train,-1,-2.05,0.458,2.99,2.14,0.89,-2.09,0.6,0.72,1.01,1.04,0,0.04,neutral,neutral,0,-1.0,24,5121,0,
s19837,0GUSDT,1784514600000,train,-1,-3.2,0.704,4.41,4.01,1.06,-3.24,1.7,0.62,0.77,0.59,0,0.04,neutral,neutral,0,0.478,32,5121,0,
s19838,0GUSDT,1784515500000,train,-1,-3.64,0.823,4.42,4.19,0.7,-3.89,1.69,0.62,0.77,0.59,0,0.24,neutral,neutral,0,0.458,32,5122,1,
s19839,XPLUSDT,1784516400000,train,1,2.9,0.352,4.42,3.52,1.61,2.68,1.75,0.86,0.79,0.66,1,0.22,neutral,neutral,0,0.041,32,5123,0,
s19840,0GUSDT,1784516400000,train,-1,-3.54,0.818,4.54,4.31,0.49,-3.76,1.58,0.57,0.77,0.6,0,0.22,neutral,bajista,0,0.486,32,5123,2,
s19841,FETUSDT,1784516400000,train,-1,-2.36,0.374,3.79,3.2,3.99,-2.58,1.61,2.05,1.35,0.91,1,0.22,neutral,bajista,0,0.224,32,5122,2,
s19842,0GUSDT,1784517300000,train,-1,-3.82,0.829,4.73,4.68,0.44,-3.84,1.75,0.57,0.77,0.6,0,0.01,neutral,bajista,0,0.387,32,5124,3,
s19843,FETUSDT,1784517300000,train,-1,-2.69,0.404,3.95,3.95,1.4,-2.7,2.11,2.05,1.35,0.91,1,0.01,neutral,bajista,0,0.067,32,5123,3,
s19844,0GUSDT,1784518200000,train,-1,-3.88,0.852,4.73,4.68,0.36,-4.12,1.62,0.57,0.77,0.6,0,0.24,neutral,neutral,0,0.287,32,5125,0,
s19845,FETUSDT,1784518200000,train,-1,-2.75,0.417,4.14,3.88,1.43,-2.99,1.82,2.05,1.35,0.91,1,0.24,neutral,neutral,0,0.017,32,5124,0,
s19846,0GUSDT,1784519100000,train,-1,-3.82,0.829,4.78,4.49,0.32,-4.04,1.28,0.57,0.77,0.6,0,0.22,neutral,neutral,0,0.26,32,5126,0,
s19847,FETUSDT,1784519100000,train,-1,-3.38,0.495,5.16,4.36,2.1,-3.61,2.05,2.05,1.35,0.91,1,0.22,neutral,neutral,0,-0.197,32,5125,1,
s19848,PUMPUSDT,1784520000000,train,-1,-5.13,0.405,6.95,6.59,0.79,-4.65,2.88,4.57,4.13,2.19,1,-0.48,neutral,bajista,0,-0.148,32,5127,2,
s19849,0GUSDT,1784520000000,train,-1,-3.61,0.821,3.98,3.92,0.33,-3.13,1.47,0.56,0.77,0.59,0,-0.48,neutral,neutral,0,0.224,32,5127,1,
s19850,ARBUSDT,1784520000000,train,-1,-3.86,0.545,4.29,4.17,1.68,-3.38,1.91,0.67,0.49,0.46,1,-0.48,neutral,bajista,0,-0.416,32,5127,2,
s19851,PENDLEUSDT,1784520000000,train,-1,-2.26,0.417,2.76,2.67,0.78,-1.78,1.11,0.78,0.88,0.79,0,-0.48,neutral,bajista,0,-1.0,31,5127,2,
s19852,FETUSDT,1784520000000,train,-1,-4.38,0.67,5.18,4.78,1.33,-3.9,2.16,2.28,1.46,0.97,1,-0.48,neutral,bajista,0,-0.264,32,5126,2,
s19853,0GUSDT,1784520900000,train,-1,-2.61,0.639,3.33,2.92,0.42,-2.44,1.03,0.56,0.77,0.59,0,-0.17,neutral,neutral,0,0.44,32,5128,0,
s19854,ARBUSDT,1784520900000,train,-1,-3.48,0.49,3.98,3.65,2.01,-3.31,1.58,0.67,0.49,0.46,1,-0.17,neutral,neutral,0,-0.429,32,5128,0,
s19855,FETUSDT,1784520900000,train,-1,-3.95,0.62,4.9,4.37,1.37,-3.78,1.85,2.28,1.46,0.97,1,-0.17,neutral,neutral,0,-0.288,32,5127,0,
s19856,0GUSDT,1784521800000,train,-1,-2.78,0.671,3.27,2.98,0.65,-2.65,1.05,0.56,0.77,0.59,0,-0.13,neutral,neutral,0,0.431,32,5129,1,
s19857,ARBUSDT,1784521800000,train,-1,-2.74,0.38,3.7,2.94,1.95,-2.61,1.02,0.67,0.49,0.46,1,-0.13,neutral,neutral,0,-0.316,32,5129,0,
s19858,FETUSDT,1784521800000,train,-1,-3.31,0.481,4.87,3.75,1.29,-3.18,1.18,2.28,1.46,0.97,1,-0.13,neutral,neutral,0,-0.105,32,5128,0,
s19859,0GUSDT,1784522700000,train,-1,-2.17,0.613,2.57,2.4,0.66,-2.15,0.98,0.56,0.77,0.59,0,-0.02,neutral,bajista,0,0.463,32,5130,2,
s19860,FETUSDT,1784522700000,train,-1,-2.95,0.451,4.88,3.96,0.63,-2.92,1.33,2.28,1.46,0.97,1,-0.02,neutral,neutral,0,-0.233,32,5129,1,
s19861,0GUSDT,1784523600000,train,-1,-3.9,0.739,4.84,4.24,2.59,-3.04,2.69,0.75,0.78,0.63,0,-0.86,neutral,bajista,0,-0.268,32,5131,3,
s19862,ARBUSDT,1784523600000,train,-1,-2.91,0.454,4.22,3.47,1.78,-2.05,1.73,0.8,0.53,0.5,1,-0.86,neutral,bajista,0,-0.703,32,5131,2,
s19863,JUPUSDT,1784523600000,train,-1,-2.73,0.35,3.21,2.86,0.8,-1.87,1.49,2.08,1.34,0.91,1,-0.86,neutral,bajista,0,0.214,32,5131,2,
s19864,PENDLEUSDT,1784523600000,train,-1,-2.44,0.472,3.32,2.67,1.43,-1.58,1.52,0.87,0.9,0.83,0,-0.86,neutral,bajista,0,-1.0,26,5131,2,
s19865,FETUSDT,1784523600000,train,-1,-3.51,0.567,4.69,3.9,0.62,-2.65,1.28,2.41,1.48,1.02,1,-0.86,neutral,bajista,0,-0.288,32,5130,2,
s19866,0GUSDT,1784524500000,train,-1,-3.56,0.633,4.76,3.75,3.34,-2.54,2.07,0.75,0.78,0.63,0,-1.02,neutral,neutral,0,-0.19,32,5132,0,
s19867,ARBUSDT,1784524500000,train,-1,-3.07,0.48,3.97,3.29,1.59,-2.05,1.59,0.8,0.53,0.5,1,-1.02,neutral,bajista,0,-0.644,32,5132,3,
s19868,OPUSDT,1784524500000,train,-1,-2.1,0.4,3.54,2.47,3.37,-1.08,1.39,1.11,1.37,1.1,0,-1.02,neutral,bajista,0,0.261,32,5132,3,
s19869,PENDLEUSDT,1784524500000,train,-1,-2.46,0.474,3.32,2.85,1.54,-1.44,1.5,0.87,0.9,0.83,0,-1.02,neutral,bajista,0,-1.0,25,5132,3,
s19870,FETUSDT,1784524500000,train,-1,-3.38,0.558,4.36,3.57,0.51,-2.37,1.15,2.41,1.48,1.02,1,-1.02,neutral,neutral,0,-0.241,32,5131,0,
s19871,0GUSDT,1784525400000,train,-1,-3.22,0.571,4.51,3.33,3.25,-2.36,1.62,0.75,0.78,0.63,0,-0.86,neutral,neutral,0,-0.214,32,5133,0,
s19872,ARBUSDT,1784525400000,train,-1,-2.67,0.444,3.47,2.96,1.54,-1.8,1.42,0.8,0.53,0.5,1,-0.86,neutral,bajista,0,-1.0,31,5133,4,
s19873,PENDLEUSDT,1784525400000,train,-1,-2.03,0.425,3.33,2.91,1.46,-1.17,1.34,0.87,0.9,0.83,0,-0.86,neutral,bajista,0,-1.0,24,5133,4,
s19874,FETUSDT,1784525400000,train,-1,-2.88,0.495,4.09,3.17,0.41,-2.02,0.84,2.41,1.48,1.02,1,-0.86,neutral,neutral,0,-0.313,32,5132,0,
s19875,0GUSDT,1784526300000,train,-1,-2.55,0.512,4.05,3.03,3.26,-1.79,1.58,0.75,0.78,0.63,0,-0.76,neutral,neutral,0,-0.0,32,5134,1,
s19876,ARBUSDT,1784526300000,train,-1,-2.23,0.398,3.48,3.2,1.32,-1.47,1.57,0.8,0.53,0.5,1,-0.76,neutral,bajista,0,-1.0,30,5134,5,
s19877,FETUSDT,1784526300000,train,-1,-2.64,0.471,3.97,3.31,0.43,-1.88,1.06,2.41,1.48,1.02,1,-0.76,neutral,neutral,0,-0.22,32,5133,1,
s19878,APEUSDT,1784526300000,testB,-1,-2.3,0.623,3.42,2.92,2.48,-1.53,1.3,0.99,0.74,0.62,1,-0.76,neutral,bajista,0,-0.268,32,5133,2,
s19879,0GUSDT,1784527200000,train,-1,-2.33,0.488,3.69,2.74,1.0,-1.36,1.49,0.59,0.7,0.63,0,-0.96,neutral,bajista,0,0.109,32,5135,2,
s19880,ARBUSDT,1784527200000,train,-1,-2.62,0.509,3.64,3.07,0.82,-1.66,1.32,0.78,0.56,0.52,1,-0.96,neutral,neutral,0,-1.0,29,5135,0,
s19881,SEIUSDT,1784527200000,train,-1,-2.09,0.642,2.46,2.33,0.49,-1.13,1.1,1.67,1.1,0.86,1,-0.96,neutral,neutral,0,-1.0,23,5135,0,
s19882,PENDLEUSDT,1784527200000,train,-1,-2.09,0.453,3.33,2.89,1.01,-1.13,1.1,0.78,0.88,0.86,0,-0.96,neutral,neutral,0,-1.0,22,5135,0,
s19883,FETUSDT,1784527200000,train,-1,-2.32,0.409,3.3,2.44,0.3,-1.36,0.77,2.45,1.51,1.06,1,-0.96,neutral,neutral,0,-0.108,32,5134,0,
s19884,APEUSDT,1784527200000,testB,-1,-2.57,0.698,3.0,2.64,0.88,-1.61,1.34,1.45,0.99,0.74,1,-0.96,neutral,bajista,0,-0.324,32,5134,3,
s19885,0GUSDT,1784528100000,train,-1,-2.21,0.452,3.69,2.62,0.73,-1.39,1.22,0.59,0.7,0.63,0,-0.82,neutral,neutral,0,-0.045,32,5136,0,
s19886,ARBUSDT,1784528100000,train,-1,-2.45,0.491,3.64,3.14,0.68,-1.63,1.18,0.78,0.56,0.52,1,-0.82,neutral,neutral,0,-1.0,28,5136,1,
s19887,APEUSDT,1784528100000,testB,-1,-2.23,0.615,2.99,2.49,0.7,-1.41,1.05,1.45,0.99,0.74,1,-0.82,neutral,neutral,0,-0.314,32,5135,0,
s19888,0GUSDT,1784529000000,train,-1,-2.44,0.5,3.69,2.74,0.77,-0.88,1.1,0.59,0.7,0.63,0,-1.56,neutral,neutral,0,-0.022,32,5137,1,
s19889,WLDUSDT,1784529000000,train,-1,-2.73,0.403,4.19,3.37,3.62,-1.18,1.76,0.75,0.75,0.76,0,-1.56,neutral,neutral,0,-1.0,21,5137,1,
s19890,ARBUSDT,1784529000000,train,-1,-2.72,0.558,4.16,3.22,0.79,-1.16,1.05,0.78,0.56,0.52,1,-1.56,neutral,bajista,0,-1.0,27,5137,2,
s19891,OPUSDT,1784529000000,train,-1,-2.0,0.543,3.54,2.47,0.85,-0.44,0.68,1.07,1.38,1.13,0,-1.56,neutral,neutral,0,0.348,32,5137,1,
s19892,SEIUSDT,1784529000000,train,-1,-2.05,0.583,2.77,2.4,0.48,-0.49,0.91,1.67,1.1,0.86,1,-1.56,neutral,neutral,0,-1.0,21,5137,1,
s19893,PENDLEUSDT,1784529000000,train,-1,-2.74,0.648,3.72,3.14,1.14,-1.18,1.04,0.78,0.88,0.86,0,-1.56,neutral,neutral,0,-1.0,20,5137,1,
s19894,FETUSDT,1784529000000,train,-1,-2.08,0.432,3.05,2.45,0.6,-0.52,0.77,2.45,1.51,1.06,1,-1.56,neutral,neutral,0,-0.324,32,5136,1,
s19895,APEUSDT,1784529000000,testB,-1,-2.58,0.649,3.72,2.93,3.44,-1.02,1.36,1.45,0.99,0.74,1,-1.56,neutral,neutral,0,-0.244,32,5136,1,
s19896,0GUSDT,1784529900000,train,-1,-2.21,0.463,3.39,2.38,0.77,-0.81,0.9,0.59,0.7,0.63,0,-1.4,neutral,neutral,0,0.05,32,5138,0,
s19897,WLDUSDT,1784529900000,train,-1,-2.51,0.359,4.17,2.94,3.86,-1.11,1.3,0.75,0.75,0.76,0,-1.4,neutral,neutral,0,-1.0,20,5138,0,
s19898,ENAUSDT,1784529900000,train,-1,-2.04,0.364,3.49,2.79,1.89,-0.63,0.95,0.94,0.74,0.65,1,-1.4,neutral,bajista,0,-1.0,20,5138,2,
s19899,ARBUSDT,1784529900000,train,-1,-2.93,0.607,4.09,3.24,0.81,-1.52,1.1,0.78,0.56,0.52,1,-1.4,neutral,bajista,0,-1.0,26,5138,3,
s19900,OPUSDT,1784529900000,train,-1,-2.0,0.543,3.54,2.47,0.74,-0.6,0.66,1.07,1.38,1.13,0,-1.4,neutral,neutral,0,0.348,32,5138,0,
s19901,SEIUSDT,1784529900000,train,-1,-2.03,0.573,2.71,2.29,0.43,-0.62,0.84,1.67,1.1,0.86,1,-1.4,neutral,neutral,0,-1.0,19,5138,0,
s19902,JUPUSDT,1784529900000,train,-1,-2.26,0.366,4.62,3.54,1.0,-0.85,1.15,1.33,1.42,0.96,0,-1.4,neutral,bajista,0,0.203,32,5138,2,
s19903,PENDLEUSDT,1784529900000,train,-1,-2.81,0.653,3.52,3.1,1.02,-1.4,1.13,0.78,0.88,0.86,0,-1.4,neutral,bajista,0,-1.0,19,5138,2,
s19904,ARUSDT,1784529900000,testB,-1,-2.21,0.5,3.34,2.64,1.51,-0.81,0.92,1.43,1.09,0.91,1,-1.4,neutral,bajista,0,-0.184,32,5137,2,
s19905,APEUSDT,1784529900000,testB,-1,-2.79,0.667,3.52,3.09,3.27,-1.39,1.57,1.45,0.99,0.74,1,-1.4,neutral,bajista,0,-0.349,32,5137,2,
s19906,WLDUSDT,1784530800000,train,-1,-2.51,0.359,4.11,2.83,3.35,-1.17,1.05,0.74,0.77,0.77,0,-1.34,neutral,neutral,0,-1.0,19,5139,0,
s19907,ENAUSDT,1784530800000,train,-1,-2.55,0.505,3.49,2.76,1.88,-1.2,0.79,0.91,0.8,0.68,1,-1.34,neutral,neutral,0,-1.0,19,5139,0,
s19908,ARBUSDT,1784530800000,train,-1,-2.84,0.596,3.98,3.12,0.64,-1.49,0.95,0.78,0.58,0.52,1,-1.34,neutral,neutral,0,-1.0,24,5139,0,
s19909,OPUSDT,1784530800000,train,-1,-2.1,0.588,3.54,2.36,0.71,-0.76,0.47,1.08,1.35,1.14,0,-1.34,neutral,neutral,0,0.045,32,5139,0,
s19910,JUPUSDT,1784530800000,train,-1,-2.98,0.556,4.51,3.17,0.97,-1.64,0.73,1.22,1.45,0.96,0,-1.34,neutral,neutral,0,0.065,32,5139,0,
s19911,PENDLEUSDT,1784530800000,train,-1,-2.24,0.486,3.34,2.48,1.07,-0.9,0.6,0.77,0.82,0.87,0,-1.34,neutral,neutral,0,-1.0,18,5139,0,
s19912,ARUSDT,1784530800000,testB,-1,-2.68,0.614,4.16,2.86,2.61,-1.33,1.0,1.78,1.32,1.04,1,-1.34,neutral,bajista,0,-0.491,32,5138,3,
s19913,APEUSDT,1784530800000,testB,-1,-2.66,0.655,3.52,3.09,3.4,-1.31,1.39,1.44,1.0,0.75,1,-1.34,neutral,neutral,0,-0.535,32,5138,0,
s19914,JUPUSDT,1784531700000,train,-1,-2.0,0.417,3.99,2.45,0.98,-1.15,0.53,1.22,1.45,0.96,0,-0.85,neutral,neutral,0,0.125,32,5140,0,
s19915,ARUSDT,1784531700000,testB,-1,-2.06,0.481,3.82,2.26,2.57,-1.21,0.73,1.78,1.32,1.04,1,-0.85,neutral,neutral,0,-0.595,32,5139,0,
s19916,APEUSDT,1784531700000,testB,-1,-2.1,0.517,3.51,2.79,3.57,-1.25,1.0,1.44,1.0,0.75,1,-0.85,neutral,neutral,0,-0.436,32,5139,0,
s19917,WLDUSDT,1784532600000,train,-1,-2.56,0.427,4.11,2.77,0.64,-1.5,0.96,0.74,0.77,0.77,0,-1.06,neutral,neutral,0,-1.0,17,5141,1,
s19918,JUPUSDT,1784532600000,train,-1,-2.3,0.511,3.99,2.45,0.44,-1.24,0.54,1.22,1.45,0.96,0,-1.06,neutral,neutral,0,0.021,32,5141,1,
s19919,APEUSDT,1784532600000,testB,-1,-2.17,0.544,3.51,2.79,0.38,-1.11,0.88,1.44,1.0,0.75,1,-1.06,neutral,neutral,0,-0.615,32,5140,1,
s19920,WLDUSDT,1784533500000,train,-1,-2.35,0.406,4.03,2.71,0.59,-1.44,0.9,0.74,0.77,0.77,0,-0.91,neutral,neutral,0,-1.0,16,5142,0,
s19921,APEUSDT,1784533500000,testB,-1,-2.38,0.607,3.51,2.87,0.34,-1.47,0.84,1.44,1.0,0.75,1,-0.91,neutral,bajista,0,-0.925,32,5141,2,
s19922,APEUSDT,1784534400000,testB,-1,-2.45,0.614,3.59,3.24,0.43,-1.83,1.05,1.61,1.1,0.8,1,-0.62,neutral,bajista,0,-1.0,32,5142,3,
s19923,WLDUSDT,1784535300000,train,-1,-2.41,0.468,4.04,3.09,0.52,-1.6,1.07,0.77,0.79,0.78,0,-0.81,neutral,bajista,0,-1.0,14,5144,2,
s19924,APEUSDT,1784535300000,testB,-1,-2.67,0.633,3.82,3.61,0.47,-1.86,1.28,1.61,1.1,0.8,1,-0.81,neutral,bajista,0,-1.0,31,5143,4,
s19925,WLDUSDT,1784536200000,train,-1,-3.03,0.62,3.88,3.12,0.68,-1.78,1.11,0.77,0.79,0.78,0,-1.24,neutral,bajista,0,-1.0,13,5145,3,
s19926,ENAUSDT,1784536200000,train,-1,-2.15,0.459,2.73,2.28,1.84,-0.91,1.0,1.01,0.91,0.72,1,-1.24,neutral,bajista,0,-1.0,12,5145,3,
s19927,APEUSDT,1784536200000,testB,-1,-3.02,0.662,3.98,3.19,0.82,-1.78,1.5,1.61,1.1,0.8,1,-1.24,neutral,bajista,0,-1.0,20,5144,5,
s19928,STBLUSDT,1784537100000,train,1,2.63,0.355,4.34,4.06,0.93,3.38,1.4,0.93,0.83,1.18,0,-0.74,neutral,neutral,0,0.0,32,5146,1,
s19929,WLDUSDT,1784537100000,train,-1,-2.01,0.465,3.06,2.08,0.54,-1.26,0.71,0.77,0.79,0.78,0,-0.74,neutral,neutral,0,-1.0,11,5146,0,
s19930,SANDUSDT,1784537100000,testB,1,2.15,0.538,3.63,3.11,3.01,2.89,1.34,1.57,1.39,1.33,1,-0.74,neutral,neutral,0,-0.02,32,5145,1,
s19931,APEUSDT,1784537100000,testB,-1,-2.39,0.515,3.68,2.53,0.85,-1.65,1.0,1.61,1.1,0.8,1,-0.74,neutral,neutral,0,-1.0,19,5145,0,
s19932,STBLUSDT,1784538000000,train,1,3.18,0.458,4.34,3.97,1.58,3.39,1.2,1.28,0.86,1.24,0,-0.22,neutral,neutral,0,0.082,32,5147,0,
s19933,SANDUSDT,1784538000000,testB,1,2.76,0.771,3.38,2.94,2.91,2.98,1.26,1.7,1.42,1.38,1,-0.22,neutral,alcista,0,-0.086,32,5146,2,
s19934,MANAUSDT,1784538000000,testB,1,2.4,0.644,2.84,2.49,2.08,2.62,1.01,1.31,0.99,0.72,1,-0.22,neutral,neutral,0,-0.075,32,5146,0,
s19935,STBLUSDT,1784538900000,train,1,3.23,0.469,4.02,3.46,1.41,3.21,0.9,1.28,0.86,1.24,0,0.02,neutral,neutral,0,0.0,32,5148,0,
s19936,SANDUSDT,1784538900000,testB,1,2.91,0.78,3.37,3.12,2.72,2.89,1.3,1.7,1.42,1.38,1,0.02,neutral,alcista,0,-0.141,32,5147,3,
s19937,MANAUSDT,1784538900000,testB,1,2.53,0.656,3.03,2.88,2.39,2.51,1.33,1.31,0.99,0.72,1,0.02,neutral,neutral,0,-0.08,32,5147,1,
s19938,STBLUSDT,1784539800000,train,1,3.13,0.461,3.92,3.55,1.6,3.08,1.05,1.28,0.86,1.24,0,0.05,neutral,neutral,0,-0.171,32,5149,1,
s19939,INJUSDT,1784539800000,train,1,2.45,0.514,3.31,3.04,3.32,2.4,1.74,1.06,0.8,0.67,1,0.05,neutral,alcista,0,0.925,32,5149,4,
s19940,SANDUSDT,1784539800000,testB,1,3.08,0.79,3.41,3.32,0.81,3.03,1.43,1.7,1.42,1.38,1,0.05,neutral,alcista,0,-0.258,32,5148,4,
s19941,MANAUSDT,1784539800000,testB,1,2.59,0.682,3.32,2.8,2.56,2.54,1.15,1.31,0.99,0.72,1,0.05,neutral,neutral,0,-0.067,32,5148,0,
s19942,STBLUSDT,1784540700000,train,1,3.34,0.504,3.93,3.23,1.6,3.22,0.73,1.28,0.86,1.24,0,0.12,neutral,neutral,0,-0.101,32,5150,0,
s19943,INJUSDT,1784540700000,train,1,2.9,0.592,3.45,3.32,4.0,2.79,1.91,1.06,0.8,0.67,1,0.12,neutral,alcista,0,0.839,32,5150,5,
s19944,SANDUSDT,1784540700000,testB,1,2.93,0.747,3.49,3.24,0.75,2.81,1.29,1.7,1.42,1.38,1,0.12,neutral,neutral,0,-0.232,32,5149,0,
s19945,MANAUSDT,1784540700000,testB,1,2.39,0.596,3.32,2.58,2.04,2.27,0.9,1.31,0.99,0.72,1,0.12,neutral,neutral,0,0.045,32,5149,0,
s19946,STBLUSDT,1784541600000,train,1,3.28,0.5,3.78,3.41,0.57,3.14,0.99,1.32,0.84,1.24,0,0.14,neutral,neutral,0,-0.068,32,5151,1,
s19947,INJUSDT,1784541600000,train,1,3.24,0.623,3.82,3.61,3.53,3.1,1.96,1.25,0.9,0.72,1,0.14,neutral,alcista,0,0.747,32,5151,6,
s19948,SANDUSDT,1784541600000,testB,1,2.37,0.529,3.51,2.69,0.86,2.23,0.64,2.0,1.51,1.46,1,0.14,neutral,neutral,0,0.086,32,5150,0,
s19949,MANAUSDT,1784541600000,testB,1,2.19,0.575,3.32,2.58,1.92,2.05,0.78,1.3,1.02,0.72,1,0.14,neutral,neutral,0,0.134,32,5150,1,
s19950,INJUSDT,1784542500000,train,1,2.33,0.436,4.09,3.11,2.9,1.98,1.38,1.25,0.9,0.72,1,0.35,neutral,neutral,0,1.239,32,5152,0,
s19951,SANDUSDT,1784542500000,testB,1,2.21,0.512,3.51,2.8,0.85,1.87,0.67,2.0,1.51,1.46,1,0.35,neutral,neutral,0,0.053,32,5151,1,
s19952,MANAUSDT,1784542500000,testB,1,2.14,0.57,3.32,2.7,1.65,1.8,0.84,1.3,1.02,0.72,1,0.35,neutral,alcista,0,0.048,32,5151,2,
s19953,STBLUSDT,1784543400000,train,1,2.05,0.434,2.81,2.15,0.34,1.25,0.63,1.32,0.84,1.24,0,0.8,neutral,neutral,0,-0.13,32,5153,1,
s19954,SANDUSDT,1784543400000,testB,1,2.62,0.575,3.12,2.72,0.78,1.82,0.88,2.0,1.51,1.46,1,0.8,neutral,alcista,0,-0.146,32,5152,2,
s19955,MANAUSDT,1784543400000,testB,1,2.69,0.685,3.05,2.78,0.47,1.89,1.08,1.3,1.02,0.72,1,0.8,neutral,alcista,0,-0.196,32,5152,3,
s19956,INJUSDT,1784544300000,train,1,2.34,0.412,4.1,2.69,1.32,1.72,0.8,1.25,0.9,0.72,1,0.61,neutral,neutral,0,1.279,32,5154,1,
s19957,ONDOUSDT,1784544300000,train,1,2.17,0.481,2.56,2.33,1.72,1.56,1.22,0.74,0.6,0.58,1,0.61,neutral,neutral,0,1.025,32,5153,1,
s19958,SANDUSDT,1784544300000,testB,1,2.6,0.573,3.03,2.7,1.13,1.99,0.95,2.0,1.51,1.46,1,0.61,neutral,alcista,0,-0.209,32,5153,3,
s19959,MANAUSDT,1784544300000,testB,1,2.61,0.648,2.94,2.52,0.49,1.99,0.82,1.3,1.02,0.72,1,0.61,neutral,neutral,0,-0.273,32,5153,0,
s19960,INJUSDT,1784545200000,train,1,2.91,0.493,4.09,3.06,0.91,2.26,1.02,1.35,1.0,0.76,1,0.65,neutral,alcista,0,1.15,32,5155,2,
s19961,ONDOUSDT,1784545200000,train,1,2.26,0.49,2.89,2.66,1.94,1.6,1.41,0.76,0.67,0.6,1,0.65,neutral,alcista,0,0.688,32,5154,2,
s19962,SANDUSDT,1784545200000,testB,1,2.7,0.583,3.03,2.8,0.93,2.05,0.92,2.05,1.61,1.49,1,0.65,neutral,alcista,0,-0.321,32,5154,4,
s19963,MANAUSDT,1784545200000,testB,1,2.51,0.64,2.81,2.59,0.37,1.86,0.9,1.24,1.04,0.73,1,0.65,neutral,neutral,0,-0.376,32,5154,1,
s19964,INJUSDT,1784546100000,train,1,2.47,0.434,3.75,2.6,0.72,2.12,0.82,1.35,1.0,0.76,1,0.34,neutral,neutral,0,1.64,32,5156,0,
s19965,WLDUSDT,1784547000000,train,1,2.04,0.408,3.32,2.9,1.29,1.08,1.28,0.93,0.84,0.84,0,0.96,neutral,neutral,0,0.632,32,5157,1,
s19966,INJUSDT,1784547000000,train,1,2.53,0.44,3.74,2.77,0.65,1.56,0.95,1.35,1.0,0.76,1,0.96,neutral,neutral,0,1.152,32,5157,1,
s19967,PENDLEUSDT,1784547000000,train,1,2.58,0.57,3.51,3.18,1.82,1.62,1.85,1.11,0.99,0.98,1,0.96,neutral,neutral,0,0.665,32,5157,1,
s19968,ONDOUSDT,1784547000000,train,1,2.48,0.509,3.45,3.14,1.63,1.52,1.65,0.76,0.67,0.6,1,0.96,neutral,neutral,0,0.5,32,5156,1,
s19969,WLDUSDT,1784547900000,train,1,3.08,0.514,4.97,3.85,2.19,1.96,2.05,0.93,0.84,0.84,0,1.12,neutral,alcista,0,0.218,32,5158,2,
s19970,INJUSDT,1784547900000,train,1,3.23,0.503,3.93,3.91,0.91,2.11,1.96,1.35,1.0,0.76,1,1.12,neutral,alcista,0,0.527,32,5158,2,
s19971,PENDLEUSDT,1784547900000,train,1,3.64,0.669,4.31,4.09,2.38,2.51,2.48,1.11,0.99,0.98,1,1.12,neutral,alcista,0,0.285,32,5158,2,
s19972,ONDOUSDT,1784547900000,train,1,3.15,0.568,4.53,3.88,1.87,2.03,2.16,0.76,0.67,0.6,1,1.12,neutral,alcista,0,0.19,32,5157,2,
s19973,WLDUSDT,1784548800000,train,1,2.8,0.446,4.99,3.38,2.65,2.09,1.36,0.72,0.73,0.84,0,0.71,neutral,neutral,0,0.5,32,5159,0,
s19974,INJUSDT,1784548800000,train,1,2.85,0.417,4.21,3.51,1.29,2.13,1.35,1.63,1.08,0.83,1,0.71,neutral,neutral,0,0.449,32,5159,0,
s19975,PENDLEUSDT,1784548800000,train,1,3.62,0.669,4.3,4.16,2.78,2.91,2.23,1.36,1.07,1.03,1,0.71,neutral,alcista,0,0.309,32,5159,3,
s19976,ONDOUSDT,1784548800000,train,1,2.42,0.393,4.56,3.25,1.76,1.71,1.31,0.84,0.73,0.63,1,0.71,neutral,neutral,0,0.386,32,5158,0,
s19977,GRTUSDT,1784548800000,testB,1,2.29,0.627,2.84,2.48,0.85,1.57,0.94,2.03,1.88,1.98,0,0.71,neutral,neutral,0,0.244,32,5158,0,
s19978,WLDUSDT,1784549700000,train,1,3.06,0.489,4.99,3.49,2.89,2.34,1.36,0.72,0.73,0.84,0,0.72,neutral,neutral,0,0.594,32,5160,1,
s19979,ENAUSDT,1784549700000,train,1,2.69,0.477,3.46,3.27,2.64,1.97,1.68,1.31,1.13,0.85,1,0.72,neutral,neutral,0,0.564,32,5160,1,
s19980,ARBUSDT,1784549700000,train,1,2.33,0.528,3.07,2.69,2.02,1.61,1.04,0.59,0.67,0.54,0,0.72,neutral,neutral,0,0.637,32,5160,1,
s19981,INJUSDT,1784549700000,train,1,2.92,0.424,4.2,3.67,1.3,2.2,1.36,1.63,1.08,0.83,1,0.72,neutral,neutral,0,0.448,32,5160,1,
s19982,PENDLEUSDT,1784549700000,train,1,4.17,0.773,4.44,4.39,2.99,3.45,2.27,1.36,1.07,1.03,1,0.72,neutral,alcista,0,0.204,32,5160,4,
s19983,ONDOUSDT,1784549700000,train,1,2.69,0.455,4.56,3.25,1.68,1.97,1.19,0.84,0.73,0.63,1,0.72,neutral,neutral,0,0.447,32,5159,0,
s19984,WLDUSDT,1784550600000,train,1,2.7,0.407,4.82,2.77,1.74,1.64,0.73,0.72,0.73,0.84,0,1.07,neutral,neutral,0,1.059,32,5161,0,
s19985,ENAUSDT,1784550600000,train,1,3.37,0.664,3.89,3.3,1.94,2.3,1.49,1.31,1.13,0.85,1,1.07,neutral,alcista,0,0.627,32,5161,2,
s19986,ARBUSDT,1784550600000,train,1,2.37,0.54,2.92,2.34,1.35,1.31,0.73,0.59,0.67,0.54,0,1.07,neutral,neutral,0,0.864,32,5161,0,
s19987,INJUSDT,1784550600000,train,1,2.58,0.355,3.85,2.67,1.36,1.51,0.58,1.63,1.08,0.83,1,1.07,neutral,neutral,0,0.9,32,5161,0,
s19988,PENDLEUSDT,1784550600000,train,1,4.46,0.822,4.85,4.29,1.62,3.4,2.2,1.36,1.07,1.03,1,1.07,neutral,alcista,0,0.247,32,5161,5,
s19989,WLDUSDT,1784551500000,train,1,2.47,0.386,4.82,2.77,0.81,1.54,0.69,0.72,0.73,0.84,0,0.93,neutral,neutral,0,1.099,32,5162,0,
s19990,ENAUSDT,1784551500000,train,1,2.53,0.556,3.63,2.77,2.1,1.6,1.21,1.31,1.13,0.85,1,0.93,neutral,neutral,0,0.827,32,5162,0,
s19991,ARBUSDT,1784551500000,train,1,2.22,0.525,2.67,2.36,1.31,1.29,0.92,0.59,0.67,0.54,0,0.93,neutral,neutral,0,0.793,32,5162,1,
s19992,INJUSDT,1784551500000,train,1,3.11,0.4,3.32,3.02,1.19,2.18,1.32,1.63,1.08,0.83,1,0.93,neutral,neutral,0,0.55,32,5162,1,
s19993,PENDLEUSDT,1784551500000,train,1,4.93,0.836,5.53,4.87,1.74,4.0,2.53,1.36,1.07,1.03,1,0.93,neutral,alcista,0,0.198,32,5162,6,
s19994,WLDUSDT,1784552400000,train,1,2.38,0.378,4.35,2.35,0.56,1.47,0.7,0.74,0.74,0.86,0,0.91,neutral,neutral,0,1.36,32,5163,1,
s19995,ENAUSDT,1784552400000,train,1,2.73,0.574,3.28,2.65,1.44,1.81,1.37,1.56,1.23,0.93,1,0.91,neutral,neutral,0,0.796,32,5163,1,
s19996,ARBUSDT,1784552400000,train,1,2.23,0.526,2.28,2.18,0.91,1.32,1.16,0.67,0.71,0.56,0,0.91,neutral,alcista,0,0.684,32,5163,2,
s19997,INJUSDT,1784552400000,train,1,2.73,0.37,2.96,2.68,0.8,1.82,1.2,1.81,1.19,0.87,1,0.91,neutral,alcista,0,0.472,32,5163,2,
s19998,PENDLEUSDT,1784552400000,train,1,4.15,0.65,5.35,4.07,1.54,3.24,1.76,1.67,1.22,1.09,1,0.91,neutral,neutral,0,0.331,32,5163,0,
s19999,WLDUSDT,1784553300000,train,1,2.26,0.367,4.04,2.37,0.57,1.71,0.95,0.74,0.74,0.86,0,0.55,neutral,alcista,0,1.069,32,5164,2,
s20000,ENAUSDT,1784553300000,train,1,2.34,0.538,3.18,2.6,1.19,1.79,1.37,1.56,1.23,0.93,1,0.55,neutral,alcista,0,0.608,32,5164,2,
s20001,PENDLEUSDT,1784553300000,train,1,3.77,0.628,4.93,3.68,1.8,3.21,1.63,1.67,1.22,1.09,1,0.55,neutral,neutral,0,0.387,32,5164,1,
s20002,WLDUSDT,1784554200000,train,1,2.14,0.355,3.51,2.1,0.72,1.49,1.06,0.74,0.74,0.86,0,0.65,neutral,alcista,0,1.273,32,5165,3,
s20003,ENAUSDT,1784554200000,train,1,3.26,0.624,3.91,3.45,1.45,2.61,1.95,1.56,1.23,0.93,1,0.65,neutral,alcista,0,0.208,32,5165,3,
s20004,SUIUSDT,1784554200000,train,1,2.19,0.604,2.64,2.26,0.7,1.54,1.0,1.68,1.27,1.02,1,0.65,neutral,alcista,0,0.626,32,5165,4,
s20005,PENDLEUSDT,1784554200000,train,1,2.77,0.499,4.45,2.91,1.73,2.12,1.2,1.67,1.22,1.09,1,0.65,neutral,neutral,0,0.482,32,5165,0,
s20006,JUPUSDT,1784556000000,train,-1,-2.42,0.444,2.84,2.68,1.63,-2.47,1.36,1.19,1.21,1.14,0,0.06,neutral,bajista,0,-0.308,32,5167,2,
s20007,PENDLEUSDT,1784556000000,train,1,2.62,0.448,4.43,2.58,1.29,2.56,0.69,1.71,1.25,1.09,1,0.06,neutral,neutral,0,0.238,32,5167,1,
s20008,ARBUSDT,1784556900000,train,1,2.05,0.388,2.46,2.44,1.72,1.88,1.22,0.76,0.77,0.58,0,0.17,neutral,alcista,0,0.336,32,5168,2,
s20009,PENDLEUSDT,1784556900000,train,1,2.85,0.47,4.27,3.01,1.03,2.67,1.05,1.71,1.25,1.09,1,0.17,neutral,alcista,0,-0.075,32,5168,2,
s20010,ENAUSDT,1784557800000,train,1,2.42,0.358,3.93,2.82,1.32,2.27,0.91,1.61,1.31,0.99,1,0.15,neutral,alcista,0,0.157,32,5169,3,
s20011,ARBUSDT,1784557800000,train,1,2.81,0.472,3.33,3.11,1.9,2.66,1.73,0.76,0.77,0.58,0,0.15,neutral,alcista,0,-0.075,32,5169,3,
s20012,PENDLEUSDT,1784557800000,train,1,2.34,0.356,4.13,2.36,0.7,2.19,0.46,1.71,1.25,1.09,1,0.15,neutral,neutral,0,0.011,32,5169,0,
s20013,PUMPUSDT,1784558700000,train,1,3.07,0.437,4.25,3.64,1.32,2.9,1.08,2.4,2.47,3.31,0,0.18,neutral,alcista,0,0.333,32,5170,6,
s20014,PUMPUSDT,1784559600000,train,1,4.1,0.51,5.34,4.89,1.66,3.19,2.11,2.7,2.51,3.48,0,0.92,neutral,alcista,0,0.0,32,5171,7,
s20015,ENAUSDT,1784559600000,train,1,3.06,0.357,3.9,3.61,0.84,2.14,1.5,1.85,1.45,1.07,1,0.92,neutral,neutral,0,0.158,32,5171,1,
s20016,ARBUSDT,1784559600000,train,1,3.08,0.414,3.46,3.3,1.65,2.17,1.71,0.97,0.87,0.61,1,0.92,neutral,neutral,0,-0.034,32,5171,1,
s20017,PENDLEUSDT,1784559600000,train,1,2.98,0.414,4.01,3.15,0.6,2.06,1.21,1.81,1.36,1.13,1,0.92,neutral,alcista,0,-0.256,32,5171,2,
s20018,PUMPUSDT,1784560500000,train,1,4.59,0.603,4.94,4.49,1.53,3.66,2.29,2.7,2.51,3.48,0,0.93,neutral,neutral,0,0.067,32,5172,0,
s20019,WLDUSDT,1784560500000,train,1,3.02,0.377,3.06,2.98,1.34,2.08,1.54,1.01,0.92,0.95,0,0.93,neutral,alcista,0,0.703,32,5172,2,
s20020,ENAUSDT,1784560500000,train,1,4.26,0.484,4.31,4.12,0.82,3.32,1.99,1.85,1.45,1.07,1,0.93,neutral,alcista,0,0.076,32,5172,2,
s20021,ARBUSDT,1784560500000,train,1,4.01,0.507,4.14,3.86,2.11,3.07,2.17,0.97,0.87,0.61,1,0.93,neutral,alcista,0,-0.049,32,5172,2,
s20022,PENDLEUSDT,1784560500000,train,1,2.65,0.353,3.97,2.73,0.59,1.72,0.74,1.81,1.36,1.13,1,0.93,neutral,neutral,0,-0.13,32,5172,0,
s20023,PUMPUSDT,1784561400000,train,1,4.59,0.605,5.76,5.32,1.58,3.96,3.35,2.7,2.51,3.48,0,0.62,neutral,neutral,0,-0.12,32,5173,1,
s20024,ENAUSDT,1784561400000,train,1,3.74,0.455,3.77,3.63,0.92,3.12,2.32,1.85,1.45,1.07,1,0.62,neutral,alcista,0,-0.033,32,5173,3,
s20025,ARBUSDT,1784561400000,train,1,3.23,0.455,3.38,3.34,1.79,2.61,2.2,0.97,0.87,0.61,1,0.62,neutral,alcista,0,-0.132,32,5173,3,
s20026,PUMPUSDT,1784562300000,train,1,4.27,0.55,6.07,5.09,1.62,3.35,2.75,2.7,2.51,3.48,0,0.92,neutral,neutral,0,0.029,32,5174,0,
s20027,ENAUSDT,1784562300000,train,1,2.72,0.364,3.64,3.11,1.08,1.8,1.93,1.85,1.45,1.07,1,0.92,neutral,neutral,0,-0.12,32,5174,0,
s20028,ARBUSDT,1784562300000,train,1,2.69,0.412,4.15,3.35,2.02,1.77,1.96,0.97,0.87,0.61,1,0.92,neutral,alcista,0,-0.145,32,5174,4,
s20029,APEUSDT,1784562300000,testB,1,2.58,0.486,2.72,2.72,0.82,1.65,1.56,0.88,1.26,0.9,0,0.92,neutral,alcista,0,0.051,32,5173,2,
s20030,XPLUSDT,1784563200000,train,1,2.5,0.39,3.39,3.08,1.78,1.26,1.73,1.25,1.05,0.92,1,1.24,neutral,alcista,0,0.095,32,5175,2,
s20031,WLDUSDT,1784563200000,train,1,2.78,0.411,4.25,3.9,2.21,1.54,2.26,1.11,0.97,0.91,1,1.24,neutral,alcista,0,0.238,32,5175,2,
s20032,ENAUSDT,1784563200000,train,1,3.41,0.423,3.72,3.72,1.08,2.17,2.38,2.0,1.53,1.11,1,1.24,neutral,neutral,0,-0.264,32,5175,1,
s20033,ARBUSDT,1784563200000,train,1,2.85,0.444,4.16,3.21,1.95,1.6,1.67,1.08,0.85,0.63,1,1.24,neutral,neutral,0,-0.216,32,5175,0,
s20034,LDOUSDT,1784563200000,testB,1,3.5,0.569,4.58,4.28,2.62,2.26,2.94,1.01,0.81,0.62,1,1.24,neutral,alcista,0,1.127,32,5174,3,
s20035,APEUSDT,1784563200000,testB,1,2.79,0.52,3.0,2.79,1.03,1.55,1.58,1.02,1.3,0.94,0,1.24,neutral,alcista,0,0.125,32,5174,3,
s20036,XPLUSDT,1784564100000,train,1,2.85,0.432,3.43,3.33,1.82,1.7,1.75,1.25,1.05,0.92,1,1.15,neutral,alcista,0,0.035,32,5176,3,
s20037,PUMPUSDT,1784564100000,train,1,3.07,0.366,5.9,4.46,1.39,1.92,1.82,2.61,2.52,3.6,0,1.15,neutral,neutral,0,0.1,32,5176,1,
s20038,WLDUSDT,1784564100000,train,1,2.62,0.39,4.35,3.85,2.4,1.46,1.86,1.11,0.97,0.91,1,1.15,neutral,neutral,0,0.462,32,5176,0,
s20039,LDOUSDT,1784564100000,testB,1,2.85,0.419,4.61,3.65,2.65,1.7,2.0,1.01,0.81,0.62,1,1.15,neutral,neutral,0,1.677,32,5175,0,
s20040,XPLUSDT,1784565000000,train,1,4.44,0.567,4.83,4.63,2.07,3.24,2.77,1.25,1.05,0.92,1,1.2,neutral,alcista,0,-0.222,32,5177,4,
s20041,0GUSDT,1784565000000,train,1,2.07,0.376,3.42,3.13,1.14,0.87,1.46,0.45,0.47,0.63,0,1.2,neutral,neutral,0,0.63,32,5177,1,
s20042,WLDUSDT,1784565000000,train,1,3.1,0.493,4.36,3.77,1.21,1.9,1.48,1.11,0.97,0.91,1,1.2,neutral,neutral,0,0.521,32,5177,0,
s20043,APEUSDT,1784565000000,testB,1,2.99,0.6,3.53,2.98,2.34,1.8,1.85,1.02,1.3,0.94,0,1.2,neutral,neutral,0,0.233,32,5176,1,
s20044,XPLUSDT,1784565900000,train,1,3.35,0.381,5.05,3.69,2.1,2.03,1.68,1.25,1.05,0.92,1,1.32,neutral,neutral,0,-0.146,32,5178,0,
s20045,0GUSDT,1784565900000,train,1,2.19,0.389,4.63,3.3,1.74,0.87,1.49,0.45,0.47,0.63,0,1.32,neutral,alcista,0,0.439,32,5178,2,
s20046,WLDUSDT,1784565900000,train,1,3.37,0.515,4.35,4.03,0.92,2.05,1.64,1.11,0.97,0.91,1,1.32,neutral,neutral,0,0.289,32,5178,1,
s20047,ONDOUSDT,1784565900000,train,1,3.02,0.418,4.27,4.21,1.52,1.7,2.07,1.22,0.98,0.73,1,1.32,neutral,neutral,0,0.026,32,5177,1,
s20048,LDOUSDT,1784565900000,testB,1,4.98,0.547,5.53,5.29,2.01,3.67,3.2,1.01,0.81,0.62,1,1.32,neutral,neutral,0,1.179,32,5177,1,
s20049,APEUSDT,1784565900000,testB,1,2.41,0.548,3.39,2.9,1.84,1.09,1.74,1.02,1.3,0.94,0,1.32,neutral,alcista,0,0.071,32,5177,2,
s20050,XPLUSDT,1784566800000,train,1,3.81,0.434,5.04,3.88,1.46,2.56,1.71,1.32,1.07,0.88,1,1.25,neutral,neutral,0,-0.123,32,5179,1,
s20051,WLDUSDT,1784566800000,train,1,2.93,0.426,4.36,3.67,0.69,1.68,1.13,1.01,0.96,0.8,1,1.25,neutral,neutral,0,0.58,32,5179,0,
s20052,LDOUSDT,1784566800000,testB,1,5.5,0.581,6.37,5.67,1.44,4.25,3.26,1.22,0.93,0.67,1,1.25,neutral,alcista,0,1.009,32,5178,2,
s20053,APEUSDT,1784566800000,testB,1,2.12,0.484,3.39,2.77,1.76,0.87,1.34,0.9,1.19,0.95,0,1.25,neutral,neutral,0,0.0,32,5178,0,
s20054,XPLUSDT,1784567700000,train,1,3.75,0.424,5.05,3.79,1.5,2.28,1.49,1.32,1.07,0.88,1,1.47,neutral,neutral,0,-0.207,32,5180,0,
s20055,PUMPUSDT,1784567700000,train,1,3.3,0.372,5.94,3.84,0.79,1.83,0.75,2.48,2.51,3.68,0,1.47,neutral,neutral,0,0.299,32,5180,1,
s20056,WLDUSDT,1784567700000,train,1,2.51,0.38,4.37,3.59,0.47,1.04,1.02,1.01,0.96,0.8,1,1.47,neutral,neutral,0,0.415,32,5180,0,
s20057,LDOUSDT,1784567700000,testB,1,5.36,0.558,6.38,5.54,1.42,3.89,2.82,1.22,0.93,0.67,1,1.47,neutral,neutral,0,1.107,32,5179,0,
s20058,XPLUSDT,1784568600000,train,1,2.8,0.357,4.71,3.48,1.03,1.71,1.37,1.32,1.07,0.88,1,1.09,neutral,neutral,0,-0.46,32,5181,1,
s20059,LDOUSDT,1784568600000,testB,1,5.35,0.558,6.37,5.64,1.35,4.26,2.69,1.22,0.93,0.67,1,1.09,neutral,neutral,0,1.086,32,5180,1,
s20060,XPLUSDT,1784569500000,train,1,3.25,0.436,4.5,3.24,0.71,1.31,1.23,1.32,1.07,0.88,1,1.94,neutral,neutral,0,-0.502,32,5182,0,
s20061,0GUSDT,1784569500000,train,1,2.56,0.494,4.64,3.07,0.38,0.62,0.85,0.39,0.37,0.58,0,1.94,neutral,neutral,0,0.491,32,5182,1,
s20062,WLDUSDT,1784569500000,train,1,2.71,0.418,4.38,3.31,0.51,0.78,0.61,1.01,0.96,0.8,1,1.94,neutral,neutral,0,0.516,32,5182,1,
s20063,ENAUSDT,1784569500000,train,1,2.54,0.395,3.82,2.99,0.36,0.61,0.54,1.83,1.5,1.08,1,1.94,neutral,neutral,0,0.004,32,5182,1,
s20064,INJUSDT,1784569500000,train,1,2.16,0.452,3.49,3.21,1.39,0.22,1.28,1.87,1.62,1.08,1,1.94,neutral,alcista,0,-0.428,32,5182,7,
s20065,SUIUSDT,1784569500000,train,1,2.1,0.449,2.66,2.59,0.69,0.17,0.89,1.86,1.6,1.19,1,1.94,neutral,neutral,0,-0.141,32,5182,1,
s20066,ONDOUSDT,1784569500000,train,1,2.71,0.42,4.3,3.46,0.61,0.78,0.94,1.14,0.96,0.74,1,1.94,neutral,neutral,0,0.285,32,5181,0,
s20067,STXUSDT,1784569500000,testB,1,2.21,0.45,2.89,2.35,0.42,0.28,0.64,1.0,0.79,0.77,1,1.94,neutral,neutral,0,-0.077,32,5181,1,
s20068,LDOUSDT,1784569500000,testB,1,7.12,0.649,7.02,6.86,1.41,5.18,3.8,1.22,0.93,0.67,1,1.94,neutral,alcista,0,0.614,32,5181,2,
s20069,XPLUSDT,1784570400000,train,1,2.28,0.354,4.44,3.51,0.54,0.05,1.42,1.4,1.06,0.9,1,2.23,bull,neutral,0,-0.535,32,5183,1,
s20070,0GUSDT,1784570400000,train,1,3.64,0.656,4.61,3.74,0.47,1.42,1.4,0.37,0.34,0.53,0,2.23,bull,alcista,0,0.415,32,5183,2,
s20071,WLDUSDT,1784570400000,train,1,3.66,0.547,4.35,3.82,0.54,1.44,0.99,0.98,0.85,0.78,1,2.23,bull,alcista,0,0.278,32,5183,2,
s20072,ENAUSDT,1784570400000,train,1,2.64,0.404,3.81,3.28,0.48,0.41,0.75,1.6,1.45,1.08,1,2.23,bull,alcista,0,-0.062,32,5183,2,
s20073,ARBUSDT,1784570400000,train,1,2.35,0.369,3.78,2.62,0.36,0.13,0.8,1.03,0.78,0.63,1,2.23,bull,alcista,0,-0.283,32,5183,2,
s20074,OPUSDT,1784570400000,train,1,2.17,0.476,2.55,2.55,0.76,-0.06,0.91,1.42,1.15,1.28,0,2.23,bull,alcista,0,-0.417,32,5183,2,
s20075,INJUSDT,1784570400000,train,1,2.95,0.66,3.76,3.42,1.26,0.73,1.38,2.04,1.84,1.2,1,2.23,bull,alcista,0,-0.416,32,5183,8,
s20076,SUIUSDT,1784570400000,train,1,2.96,0.563,3.51,3.26,0.96,0.73,1.42,1.81,1.65,1.22,1,2.23,bull,alcista,0,-0.329,32,5183,2,
s20077,JUPUSDT,1784570400000,train,1,2.07,0.455,2.83,2.73,0.63,-0.16,0.72,0.91,0.96,1.2,0,2.23,bull,alcista,0,-0.241,32,5183,2,
s20078,ONDOUSDT,1784570400000,train,1,4.05,0.565,4.7,4.4,0.71,1.83,1.69,1.12,0.99,0.78,1,2.23,bull,neutral,0,-0.025,32,5182,1,
s20079,ARUSDT,1784570400000,testB,1,2.14,0.526,2.88,2.57,0.33,-0.09,0.87,1.47,1.48,1.28,0,2.23,bull,alcista,0,-0.429,32,5182,2,
s20080,STXUSDT,1784570400000,testB,1,2.58,0.488,2.87,2.81,0.44,0.35,1.04,0.98,0.76,0.7,1,2.23,bull,alcista,0,-0.255,32,5182,2,
s20081,GRTUSDT,1784570400000,testB,1,2.31,0.543,2.86,2.8,0.41,0.09,0.69,1.3,1.68,1.6,0,2.23,bull,alcista,0,-0.532,32,5182,2,
s20082,LDOUSDT,1784570400000,testB,1,6.61,0.622,7.02,6.25,1.3,4.39,3.35,1.37,1.0,0.7,1,2.23,bull,neutral,0,0.648,32,5182,0,
s20083,APEUSDT,1784570400000,testB,1,2.12,0.441,3.32,2.7,0.6,-0.1,0.9,0.85,0.92,0.95,0,2.23,bull,neutral,0,-0.256,32,5182,1,
s20084,PUMPUSDT,1784571300000,train,1,3.64,0.36,4.75,3.61,0.52,1.9,1.48,2.77,2.67,3.73,0,1.74,neutral,alcista,0,-0.137,32,5184,3,
s20085,0GUSDT,1784571300000,train,1,2.97,0.581,4.27,3.29,0.5,1.23,1.14,0.37,0.34,0.53,0,1.74,neutral,neutral,0,0.474,32,5184,0,
s20086,INJUSDT,1784571300000,train,1,3.09,0.671,3.55,3.29,1.48,1.35,1.8,2.04,1.84,1.2,1,1.74,neutral,alcista,0,-0.603,32,5184,8,
s20087,SUIUSDT,1784571300000,train,1,2.12,0.43,3.04,2.53,1.11,0.38,0.99,1.81,1.65,1.22,1,1.74,neutral,neutral,0,-0.426,32,5184,0,
s20088,ONDOUSDT,1784571300000,train,1,3.4,0.488,5.19,4.18,0.94,1.66,1.3,1.12,0.99,0.78,1,1.74,neutral,neutral,0,-0.007,32,5183,0,
s20089,ARUSDT,1784571300000,testB,1,2.03,0.514,2.88,2.72,0.36,0.29,0.89,1.47,1.48,1.28,0,1.74,neutral,alcista,0,-0.442,32,5183,3,
s20090,STXUSDT,1784571300000,testB,1,2.27,0.446,2.69,2.57,0.42,0.53,0.85,0.98,0.76,0.7,1,1.74,neutral,neutral,0,-0.279,32,5183,0,
s20091,LDOUSDT,1784571300000,testB,1,5.23,0.539,6.85,5.84,1.26,3.49,2.79,1.37,1.0,0.7,1,1.74,neutral,neutral,0,0.75,32,5183,0,
s20092,XPLUSDT,1784572200000,train,1,3.29,0.489,4.57,4.38,0.43,1.85,1.92,1.4,1.06,0.9,1,1.44,neutral,alcista,0,-0.609,32,5185,3,
s20093,PUMPUSDT,1784572200000,train,1,4.01,0.385,4.78,4.39,0.88,2.57,2.64,2.77,2.67,3.73,0,1.44,neutral,alcista,0,-0.344,32,5185,4,
s20094,0GUSDT,1784572200000,train,1,3.15,0.639,4.27,3.29,0.56,1.72,1.15,0.37,0.34,0.53,0,1.44,neutral,neutral,0,0.456,32,5185,0,
s20095,INJUSDT,1784572200000,train,1,3.16,0.676,4.13,3.38,1.86,1.73,1.75,2.04,1.84,1.2,1,1.44,neutral,alcista,0,-0.522,32,5185,8,
s20096,ONDOUSDT,1784572200000,train,1,3.29,0.463,5.2,3.94,0.95,1.85,1.06,1.12,0.99,0.78,1,1.44,neutral,neutral,0,0.135,32,5184,0,
s20097,STXUSDT,1784572200000,testB,1,2.15,0.412,2.7,2.34,0.44,0.71,0.65,0.98,0.76,0.7,1,1.44,neutral,neutral,0,-0.154,32,5184,0,
s20098,LDOUSDT,1784572200000,testB,1,5.42,0.548,6.84,6.02,1.32,3.99,2.71,1.37,1.0,0.7,1,1.44,neutral,neutral,0,0.683,32,5184,1,
s20099,APEUSDT,1784572200000,testB,1,2.27,0.5,3.33,2.43,0.63,0.84,0.49,0.85,0.92,0.95,0,1.44,neutral,neutral,0,-0.429,32,5184,0,
s20100,XPLUSDT,1784573100000,train,1,3.95,0.591,4.96,4.64,0.6,2.67,1.82,1.4,1.06,0.9,1,1.28,neutral,alcista,0,-0.605,32,5186,4,
s20101,PUMPUSDT,1784573100000,train,1,3.59,0.353,5.51,3.86,1.25,2.31,2.27,2.77,2.67,3.73,0,1.28,neutral,neutral,0,-0.392,32,5186,0,
s20102,0GUSDT,1784573100000,train,1,2.86,0.545,4.23,2.84,0.56,1.58,0.72,0.37,0.34,0.53,0,1.28,neutral,neutral,0,0.878,32,5186,0,
s20103,INJUSDT,1784573100000,train,1,2.37,0.433,4.02,2.32,1.78,1.1,0.79,2.04,1.84,1.2,1,1.28,neutral,neutral,0,-0.52,32,5186,0,
s20104,SUIUSDT,1784573100000,train,1,2.05,0.407,2.95,2.06,1.01,0.77,0.62,1.81,1.65,1.22,1,1.28,neutral,neutral,0,-0.139,32,5186,1,
s20105,ONDOUSDT,1784573100000,train,1,3.43,0.488,5.11,3.4,0.94,2.15,0.59,1.12,0.99,0.78,1,1.28,neutral,neutral,0,0.289,32,5185,0,
s20106,ARUSDT,1784573100000,testB,1,2.2,0.577,2.62,2.2,0.39,0.92,0.6,1.47,1.48,1.28,0,1.28,neutral,neutral,0,-0.238,32,5185,1,
s20107,STXUSDT,1784573100000,testB,1,2.03,0.379,2.65,2.05,0.37,0.75,0.35,0.98,0.76,0.7,1,1.28,neutral,neutral,0,0.029,32,5185,0,
s20108,LDOUSDT,1784573100000,testB,1,5.97,0.593,6.82,6.32,0.87,4.69,2.69,1.37,1.0,0.7,1,1.28,neutral,alcista,0,0.707,32,5185,2,
s20109,XPLUSDT,1784574000000,train,1,2.84,0.364,4.64,3.1,0.75,2.64,0.5,1.46,1.08,0.94,1,0.2,neutral,neutral,0,-0.383,32,5187,0,
s20110,LDOUSDT,1784574000000,testB,1,5.91,0.591,6.82,6.32,0.67,5.71,2.29,1.49,1.06,0.74,1,0.2,neutral,neutral,0,0.87,32,5186,0,
s20111,INJUSDT,1784574900000,train,1,2.79,0.514,3.87,3.25,1.24,2.47,1.52,1.99,1.91,1.23,1,0.32,neutral,alcista,0,-0.429,32,5188,2,
s20112,LDOUSDT,1784574900000,testB,1,6.86,0.685,6.79,6.71,0.66,6.54,2.45,1.49,1.06,0.74,1,0.32,neutral,neutral,0,0.757,32,5187,1,
s20113,LDOUSDT,1784575800000,testB,1,7.32,0.7,6.82,6.79,0.76,7.51,2.94,1.49,1.06,0.74,1,-0.19,neutral,alcista,0,0.631,32,5188,2,
s20114,LDOUSDT,1784576700000,testB,1,5.32,0.53,5.87,5.08,0.8,6.01,1.95,1.49,1.06,0.74,1,-0.69,neutral,neutral,0,1.124,32,5189,0,
s20115,PUMPUSDT,1784577600000,train,1,4.3,0.457,5.84,5.41,0.87,4.81,2.51,2.78,2.67,3.62,0,-0.51,neutral,alcista,0,-0.487,32,5191,4,
s20116,LDOUSDT,1784577600000,testB,1,3.11,0.358,5.45,4.2,1.13,3.62,1.41,1.61,1.13,0.8,1,-0.51,neutral,neutral,0,1.371,32,5190,0,
s20117,LDOUSDT,1784578500000,testB,1,4.39,0.506,5.42,4.76,1.21,4.63,1.76,1.61,1.13,0.8,1,-0.24,neutral,neutral,0,1.149,32,5191,1,
s20118,LDOUSDT,1784579400000,testB,1,5.15,0.597,5.48,4.9,1.1,5.25,1.73,1.61,1.13,0.8,1,-0.1,neutral,alcista,0,1.112,32,5192,2,
s20119,LDOUSDT,1784580300000,testB,1,2.62,0.393,3.71,2.81,1.03,2.82,1.06,1.61,1.13,0.8,1,-0.2,neutral,neutral,1,2.0,28,5193,0,
s20120,LDOUSDT,1784581200000,testB,1,2.42,0.375,3.46,2.78,0.6,2.69,1.23,1.52,1.15,0.82,1,-0.28,neutral,neutral,1,2.0,28,5194,1,
s20121,LDOUSDT,1784582100000,testB,1,2.37,0.364,3.34,2.47,0.57,2.67,1.0,1.52,1.15,0.82,1,-0.3,neutral,neutral,1,2.0,23,5195,0,
s20122,LDOUSDT,1784583000000,testB,1,2.47,0.374,3.28,2.62,0.44,2.48,0.81,1.52,1.15,0.82,1,-0.01,neutral,neutral,1,2.0,25,5196,1,
s20123,LDOUSDT,1784584800000,testB,1,2.23,0.362,3.29,3.06,0.56,3.06,1.6,1.36,1.19,0.84,1,-0.83,neutral,alcista,0,1.229,32,5198,3,
s20124,LDOUSDT,1784585700000,testB,1,2.23,0.362,2.94,2.47,0.68,2.8,1.21,1.36,1.19,0.84,1,-0.57,neutral,neutral,1,2.0,26,5199,0,
s20125,INJUSDT,1784586600000,train,-1,-2.02,0.364,2.46,2.31,0.72,-1.69,0.74,1.59,1.7,1.29,0,-0.33,neutral,bajista,0,-0.138,32,5201,2,
s20126,LDOUSDT,1784586600000,testB,1,2.49,0.388,3.52,2.82,0.88,2.82,1.3,1.36,1.19,0.84,1,-0.33,neutral,neutral,0,1.266,32,5200,1,
s20127,XPLUSDT,1784587500000,train,-1,-2.06,0.382,2.76,2.26,0.43,-1.91,0.59,0.86,1.05,0.97,0,-0.15,neutral,bajista,0,0.339,32,5202,3,
s20128,OPUSDT,1784588400000,train,1,2.48,0.561,3.36,3.05,1.48,2.4,1.43,2.08,1.73,1.36,1,0.08,neutral,alcista,0,0.483,32,5203,2,
s20129,0GUSDT,1784589300000,train,1,2.09,0.474,3.87,2.39,4.42,1.96,0.93,0.36,0.37,0.46,0,0.13,neutral,alcista,1,2.0,27,5204,2,
s20130,WLDUSDT,1784589300000,train,1,2.15,0.392,3.24,2.74,1.62,2.02,1.18,0.49,0.75,0.79,0,0.13,neutral,alcista,0,0.288,32,5204,2,
s20131,OPUSDT,1784589300000,train,1,2.05,0.442,3.38,2.74,0.65,1.92,1.06,2.08,1.73,1.36,1,0.13,neutral,neutral,0,0.538,32,5204,0,
s20132,STBLUSDT,1784590200000,train,1,2.03,0.573,2.26,2.08,1.03,1.86,1.28,0.28,0.51,0.67,0,0.17,neutral,alcista,0,0.489,32,5205,3,
s20133,WLDUSDT,1784590200000,train,1,2.96,0.491,3.16,2.98,2.01,2.8,1.68,0.49,0.75,0.79,0,0.17,neutral,alcista,0,0.167,32,5205,3,
s20134,OPUSDT,1784590200000,train,1,2.27,0.512,3.38,2.64,0.67,2.1,0.86,2.08,1.73,1.36,1,0.17,neutral,neutral,0,0.68,32,5205,0,
s20135,PUMPUSDT,1784591100000,train,-1,-2.83,0.358,5.33,3.4,0.49,-2.99,-0.28,1.86,2.23,2.94,0,0.16,neutral,neutral,0,-0.435,32,5206,0,
s20136,STBLUSDT,1784591100000,train,1,2.21,0.595,2.3,2.26,1.42,2.05,1.39,0.28,0.51,0.67,0,0.16,neutral,alcista,0,0.327,32,5206,4,
s20137,WLDUSDT,1784591100000,train,1,2.4,0.363,3.07,2.34,2.31,2.23,1.04,0.49,0.75,0.79,0,0.16,neutral,neutral,0,0.461,32,5206,0,
s20138,PUMPUSDT,1784592000000,train,-1,-3.35,0.402,4.91,3.47,0.51,-3.28,0.4,1.44,2.15,2.61,0,-0.07,neutral,neutral,0,-0.257,32,5207,1,
s20139,0GUSDT,1784592000000,train,1,2.09,0.429,3.35,1.99,4.19,2.16,0.91,0.4,0.39,0.43,0,-0.07,neutral,alcista,1,2.0,22,5207,2,
s20140,WLDUSDT,1784592900000,train,1,2.32,0.355,2.74,2.45,1.86,2.23,1.57,0.56,0.77,0.74,0,0.09,neutral,neutral,0,0.011,32,5208,1,
s20141,LDOUSDT,1784593800000,testB,1,3.07,0.462,4.2,3.79,2.54,2.79,2.35,1.24,1.32,0.91,0,0.27,neutral,alcista,0,0.174,32,5208,3,
s20142,LDOUSDT,1784594700000,testB,1,3.52,0.545,4.19,3.91,2.76,3.23,2.3,1.24,1.32,0.91,0,0.3,neutral,alcista,0,0.214,32,5209,4,
s20143,LDOUSDT,1784595600000,testB,1,3.23,0.51,3.79,3.43,2.41,2.89,1.93,1.23,1.38,0.95,0,0.34,neutral,neutral,0,0.281,32,5210,0,
s20144,LDOUSDT,1784596500000,testB,1,3.68,0.574,4.11,3.68,2.43,3.47,1.93,1.23,1.38,0.95,0,0.21,neutral,neutral,0,0.186,32,5211,1,
s20145,LDOUSDT,1784597400000,testB,1,3.57,0.567,4.08,3.6,1.14,3.59,1.88,1.23,1.38,0.95,0,-0.03,neutral,alcista,0,0.246,32,5212,2,
s20146,LDOUSDT,1784598300000,testB,1,2.18,0.389,3.81,2.97,1.16,2.26,1.34,1.23,1.38,0.95,0,-0.08,neutral,neutral,0,0.573,32,5213,0,
s20147,LDOUSDT,1784600100000,testB,1,2.1,0.38,3.82,2.83,1.2,2.03,0.97,1.14,1.39,0.98,0,0.08,neutral,neutral,0,0.73,32,5215,1,
s20148,WLDUSDT,1784601900000,train,1,2.48,0.371,2.84,2.48,0.68,2.07,0.8,0.64,0.72,0.75,0,0.41,neutral,alcista,0,-0.042,32,5218,2,
s20149,LDOUSDT,1784601900000,testB,1,2.65,0.486,3.8,3.39,0.9,2.24,1.19,1.14,1.39,0.98,0,0.41,neutral,neutral,0,0.351,32,5217,1,
s20150,WLDUSDT,1784602800000,train,1,2.5,0.373,2.8,2.43,0.92,1.98,1.26,0.71,0.64,0.77,0,0.52,neutral,alcista,0,-0.362,32,5219,3,
s20151,JUPUSDT,1784602800000,train,1,2.04,0.513,2.2,2.1,1.36,1.52,1.49,0.6,0.6,0.85,0,0.52,neutral,alcista,0,-0.024,32,5219,4,
s20152,PENDLEUSDT,1784602800000,train,1,2.07,0.482,2.45,2.37,0.88,1.55,1.15,0.83,0.89,1.13,0,0.52,neutral,alcista,0,0.855,32,5219,3,
s20153,LDOUSDT,1784602800000,testB,1,3.61,0.563,4.54,4.33,0.99,3.09,2.01,1.27,1.42,1.03,0,0.52,neutral,alcista,0,-0.017,32,5218,2,
s20154,0GUSDT,1784603700000,train,1,2.56,0.413,3.66,3.38,1.38,2.18,2.3,0.7,0.49,0.47,1,0.38,neutral,alcista,0,0.41,32,5220,3,
s20155,JUPUSDT,1784603700000,train,1,2.09,0.519,2.4,2.35,1.6,1.71,1.6,0.6,0.6,0.85,0,0.38,neutral,alcista,0,-0.128,32,5220,5,
s20156,PENDLEUSDT,1784603700000,train,1,2.41,0.52,2.97,2.76,1.31,2.02,1.44,0.83,0.89,1.13,0,0.38,neutral,alcista,0,0.623,32,5220,4,
s20157,ONDOUSDT,1784603700000,train,1,2.16,0.554,2.28,2.14,1.17,1.78,1.5,0.51,0.71,0.8,0,0.38,neutral,alcista,1,2.0,14,5219,2,
s20158,LDOUSDT,1784603700000,testB,1,3.96,0.644,4.53,4.36,0.9,3.57,1.78,1.27,1.42,1.03,0,0.38,neutral,alcista,0,0.04,32,5219,3,
s20159,0GUSDT,1784604600000,train,1,3.19,0.509,4.75,3.7,2.98,2.72,2.46,0.7,0.49,0.47,1,0.47,neutral,alcista,0,0.418,32,5221,4,
s20160,PENDLEUSDT,1784604600000,train,1,2.93,0.607,3.32,3.1,1.92,2.46,1.61,0.83,0.89,1.13,0,0.47,neutral,alcista,0,0.443,32,5221,5,
s20161,LDOUSDT,1784604600000,testB,1,4.04,0.665,4.53,4.36,0.99,3.57,1.66,1.27,1.42,1.03,0,0.47,neutral,neutral,0,0.121,32,5220,0,
s20162,MANAUSDT,1784604600000,testB,1,2.0,0.663,2.55,2.18,2.12,1.53,0.92,0.94,0.71,0.86,0,0.47,neutral,alcista,0,-0.34,32,5220,5,
s20163,PENDLEUSDT,1784605500000,train,1,2.91,0.606,3.32,3.16,1.97,2.43,1.51,0.83,0.89,1.13,0,0.48,neutral,alcista,0,0.365,32,5222,6,
s20164,LDOUSDT,1784605500000,testB,1,4.94,0.765,5.08,4.91,1.05,4.46,2.04,1.27,1.42,1.03,0,0.48,neutral,neutral,0,0.036,32,5221,1,
s20165,PENDLEUSDT,1784606400000,train,1,3.05,0.651,3.31,3.05,2.36,2.4,1.25,0.86,0.85,1.13,0,0.65,neutral,neutral,0,0.573,32,5223,0,
s20166,LDOUSDT,1784606400000,testB,1,4.03,0.633,4.73,3.95,0.85,3.38,1.52,1.42,1.41,1.1,1,0.65,neutral,neutral,0,0.177,32,5222,0,
s20167,PENDLEUSDT,1784607300000,train,1,2.9,0.64,2.99,2.81,1.85,2.64,1.23,0.86,0.85,1.13,0,0.26,neutral,neutral,0,0.597,32,5224,1,
s20168,LDOUSDT,1784607300000,testB,1,3.75,0.617,4.26,3.71,1.01,3.49,1.66,1.42,1.41,1.1,1,0.26,neutral,neutral,0,0.289,32,5223,1,
s20169,PENDLEUSDT,1784608200000,train,1,2.72,0.626,2.85,2.78,1.07,2.64,1.27,0.86,0.85,1.13,0,0.08,neutral,alcista,0,0.353,32,5225,2,
s20170,LDOUSDT,1784608200000,testB,1,2.31,0.503,3.21,2.96,1.05,2.23,1.81,1.42,1.41,1.1,1,0.08,neutral,alcista,0,0.269,32,5224,2,
s20171,APEUSDT,1784608200000,testB,-1,-2.06,0.577,2.53,2.18,0.36,-2.15,0.47,0.54,0.49,0.9,0,0.08,neutral,bajista,0,-0.258,32,5224,3,
s20172,PENDLEUSDT,1784609100000,train,1,2.49,0.556,2.83,2.58,0.9,2.56,1.02,0.86,0.85,1.13,0,-0.07,neutral,neutral,0,0.657,32,5226,0,
s20173,LDOUSDT,1784609100000,testB,1,2.08,0.456,3.53,2.86,1.36,2.15,1.48,1.42,1.41,1.1,1,-0.07,neutral,neutral,0,0.2,32,5225,0,
s20174,STBLUSDT,1784610900000,train,1,2.23,0.364,3.0,2.96,0.95,1.99,1.11,0.7,0.48,0.73,0,0.25,neutral,alcista,0,-0.369,32,5228,2,
s20175,0GUSDT,1784610900000,train,1,3.95,0.385,4.74,4.02,1.04,3.71,1.74,0.8,0.58,0.47,1,0.25,neutral,alcista,0,0.384,32,5228,4,
s20176,ENAUSDT,1784610900000,train,1,2.21,0.568,2.91,2.78,1.11,1.96,1.26,1.0,0.82,1.17,0,0.25,neutral,neutral,0,0.603,32,5228,1,
s20177,STBLUSDT,1784611800000,train,1,2.85,0.488,3.22,3.09,1.06,2.37,1.17,0.7,0.48,0.73,0,0.48,neutral,alcista,0,-0.368,32,5229,3,
s20178,0GUSDT,1784611800000,train,1,4.36,0.418,4.78,4.18,1.1,3.88,1.87,0.8,0.58,0.47,1,0.48,neutral,alcista,0,0.276,32,5229,5,
s20179,ENAUSDT,1784611800000,train,1,2.62,0.746,2.88,2.75,1.16,2.14,1.16,1.0,0.82,1.17,0,0.48,neutral,neutral,0,0.658,32,5229,0,
s20180,OPUSDT,1784611800000,train,1,2.88,0.6,3.95,3.43,2.42,2.4,1.72,1.04,1.58,1.36,0,0.48,neutral,alcista,0,0.091,32,5229,2,
s20181,STBLUSDT,1784612700000,train,1,3.09,0.55,3.0,2.86,1.15,2.29,1.08,0.7,0.48,0.73,0,0.8,neutral,alcista,0,-0.397,32,5230,4,
s20182,0GUSDT,1784612700000,train,1,4.23,0.411,4.5,4.11,0.81,3.43,1.88,0.8,0.58,0.47,1,0.8,neutral,alcista,0,0.507,32,5230,6,
s20183,ENAUSDT,1784612700000,train,1,3.08,0.776,3.32,3.28,1.44,2.29,1.44,1.0,0.82,1.17,0,0.8,neutral,neutral,0,0.68,32,5230,1,
s20184,OPUSDT,1784612700000,train,1,3.1,0.617,4.15,3.63,3.08,2.3,1.78,1.04,1.58,1.36,0,0.8,neutral,alcista,0,0.114,32,5230,3,
s20185,STBLUSDT,1784613600000,train,1,2.47,0.438,3.01,2.55,1.18,1.79,0.71,0.59,0.51,0.68,0,0.68,neutral,neutral,0,-0.125,32,5231,0,
s20186,0GUSDT,1784613600000,train,1,3.4,0.357,5.27,3.57,1.14,2.72,1.71,1.07,0.74,0.54,1,0.68,neutral,neutral,0,0.415,32,5231,0,
s20187,ENAUSDT,1784613600000,train,1,2.63,0.62,3.66,2.94,1.52,1.95,1.07,1.09,0.84,1.16,0,0.68,neutral,neutral,0,0.733,32,5231,0,
s20188,OPUSDT,1784613600000,train,1,3.22,0.652,4.16,3.33,3.58,2.54,1.37,1.19,1.62,1.39,0,0.68,neutral,neutral,0,0.25,32,5231,0,
s20189,0GUSDT,1784614500000,train,1,5.05,0.461,5.35,4.97,1.62,4.2,2.92,1.07,0.74,0.54,1,0.86,neutral,neutral,0,0.261,32,5232,1,
s20190,ENAUSDT,1784614500000,train,1,2.82,0.643,3.32,2.76,1.36,1.96,1.16,1.09,0.84,1.16,0,0.86,neutral,neutral,0,0.449,32,5232,1,
s20191,OPUSDT,1784614500000,train,1,3.11,0.644,3.95,3.12,3.78,2.25,1.27,1.19,1.62,1.39,0,0.86,neutral,neutral,0,0.267,32,5232,0,
s20192,ONDOUSDT,1784614500000,train,1,2.01,0.545,2.08,2.0,0.98,1.15,0.95,0.79,0.66,0.84,0,0.86,neutral,alcista,1,2.0,2,5231,2,
s20193,ARUSDT,1784614500000,testB,1,2.12,0.714,2.64,2.13,4.24,1.26,1.1,0.91,0.8,1.16,0,0.86,neutral,alcista,0,0.098,32,5231,3,
s20194,LDOUSDT,1784614500000,testB,1,2.37,0.403,3.48,2.86,0.54,1.51,0.78,1.4,1.33,1.17,1,0.86,neutral,alcista,0,-0.339,32,5231,2,
s20195,0GUSDT,1784615400000,train,1,5.34,0.48,5.77,5.12,1.82,4.41,2.79,1.07,0.74,0.54,1,0.93,neutral,alcista,0,0.126,32,5233,2,
s20196,ENAUSDT,1784615400000,train,1,2.44,0.611,2.99,2.48,1.37,1.52,1.08,1.09,0.84,1.16,0,0.93,neutral,alcista,0,0.623,32,5233,2,
s20197,OPUSDT,1784615400000,train,1,3.1,0.644,3.84,3.12,1.36,2.18,1.24,1.19,1.62,1.39,0,0.93,neutral,neutral,0,0.267,32,5233,0,
s20198,ONDOUSDT,1784615400000,train,1,2.14,0.562,2.45,2.31,1.33,1.21,1.22,0.79,0.66,0.84,0,0.93,neutral,alcista,1,2.0,2,5232,3,
s20199,0GUSDT,1784616300000,train,1,4.24,0.385,5.2,4.07,1.99,3.46,1.97,1.07,0.74,0.54,1,0.77,neutral,neutral,0,0.093,32,5234,0,
s20200,ENAUSDT,1784616300000,train,1,2.55,0.621,2.72,2.5,0.92,1.77,1.23,1.09,0.84,1.16,0,0.77,neutral,alcista,0,0.192,32,5234,3,
s20201,OPUSDT,1784616300000,train,1,3.3,0.66,3.4,3.3,1.41,2.53,1.84,1.19,1.62,1.39,0,0.77,neutral,neutral,0,0.031,32,5234,1,
s20202,ONDOUSDT,1784616300000,train,1,5.48,0.767,5.56,5.22,5,4.7,4.09,0.79,0.66,0.84,0,0.77,neutral,alcista,0,1.475,32,5233,4,
s20203,OPUSDT,1784617200000,train,1,2.22,0.447,3.11,2.38,1.1,1.57,1.18,1.28,1.64,1.41,0,0.66,neutral,neutral,0,0.174,32,5235,0,
s20204,ONDOUSDT,1784617200000,train,1,6.78,0.803,6.45,6.45,5,6.13,5.3,1.6,1.05,1.05,1,0.66,neutral,alcista,0,0.851,32,5234,5,
s20205,ONDOUSDT,1784618100000,train,1,6.37,0.795,7.31,6.79,5,5.66,5.08,1.6,1.05,1.05,1,0.72,neutral,alcista,0,0.707,32,5235,6,
s20206,ONDOUSDT,1784619000000,train,1,7.24,0.862,8.65,7.32,5,6.46,5.1,1.6,1.05,1.05,1,0.78,neutral,alcista,0,0.635,32,5236,7,
s20207,FETUSDT,1784619000000,train,1,2.18,0.654,2.45,2.26,1.03,1.4,1.31,1.35,1.01,1.18,0,0.78,neutral,neutral,0,-0.167,32,5236,1,
s20208,ONDOUSDT,1784619900000,train,1,7.43,0.865,8.64,7.51,5,6.48,4.72,1.6,1.05,1.05,1,0.96,neutral,alcista,0,0.59,32,5237,8,
s20209,FETUSDT,1784619900000,train,1,2.37,0.673,2.44,2.32,1.02,1.41,1.44,1.35,1.01,1.18,0,0.96,neutral,alcista,0,-0.243,32,5237,2,
s20210,ONDOUSDT,1784620800000,train,1,7.96,0.889,8.68,7.89,3.79,6.91,4.54,2.03,1.28,1.17,1,1.05,neutral,alcista,0,0.385,32,5238,8,
s20211,FETUSDT,1784620800000,train,1,2.56,0.69,2.81,2.62,1.22,1.51,1.58,1.59,1.13,1.21,0,1.05,neutral,alcista,0,-0.381,32,5238,3,
s20212,OPUSDT,1784621700000,train,1,2.11,0.435,2.89,2.48,0.67,1.03,0.8,1.4,1.7,1.43,0,1.08,neutral,neutral,0,-0.083,32,5240,1,
s20213,ONDOUSDT,1784621700000,train,1,7.13,0.725,8.62,6.69,2.69,6.06,3.07,2.03,1.28,1.17,1,1.08,neutral,neutral,0,0.525,32,5239,0,
s20214,FETUSDT,1784621700000,train,1,2.37,0.607,2.82,2.38,1.46,1.29,1.2,1.59,1.13,1.21,0,1.08,neutral,neutral,0,-0.447,32,5239,0,
s20215,OPUSDT,1784622600000,train,1,2.21,0.447,2.89,2.68,0.74,1.05,0.86,1.4,1.7,1.43,0,1.17,neutral,alcista,0,-0.115,32,5241,2,
s20216,ONDOUSDT,1784622600000,train,1,7.78,0.742,8.39,7.37,1.6,6.61,3.6,2.03,1.28,1.17,1,1.17,neutral,neutral,0,0.319,32,5240,1,
s20217,FETUSDT,1784622600000,train,1,2.3,0.6,2.69,2.31,1.19,1.14,1.13,1.59,1.13,1.21,0,1.17,neutral,neutral,0,-0.432,32,5240,1,
s20218,OPUSDT,1784623500000,train,1,2.22,0.447,2.89,2.58,0.8,1.14,0.72,1.4,1.7,1.43,0,1.08,neutral,neutral,0,0.2,32,5242,0,
s20219,ONDOUSDT,1784623500000,train,1,7.5,0.697,8.28,7.0,1.27,6.42,3.02,2.03,1.28,1.17,1,1.08,neutral,neutral,0,0.374,32,5241,0,
s20220,ONDOUSDT,1784624400000,train,1,7.46,0.697,8.27,7.17,0.87,6.42,2.94,2.66,1.6,1.34,1,1.03,neutral,neutral,0,0.239,32,5242,1,
s20221,ONDOUSDT,1784625300000,train,1,7.76,0.709,8.25,7.41,0.68,6.79,2.85,2.66,1.6,1.34,1,0.97,neutral,alcista,0,0.134,32,5243,2,
s20222,PUMPUSDT,1784630700000,train,-1,-2.63,0.403,3.95,3.3,0.74,-3.04,0.87,1.0,1.0,1.78,0,0.41,neutral,neutral,0,0.015,32,5250,0,
s20223,ONDOUSDT,1784630700000,train,1,6.09,0.443,7.73,6.19,0.78,5.68,2.87,3.18,1.85,1.45,1,0.41,neutral,neutral,0,-0.024,32,5249,0,
s20224,PUMPUSDT,1784631600000,train,-1,-2.82,0.433,3.95,3.4,0.92,-3.29,0.85,0.9,1.0,1.67,0,0.47,neutral,neutral,0,0.059,32,5251,1,
s20225,PUMPUSDT,1784632500000,train,-1,-2.73,0.424,3.66,3.41,0.84,-3.15,1.21,0.9,1.0,1.67,0,0.42,neutral,bajista,0,-0.059,32,5252,2,
s20226,PUMPUSDT,1784633400000,train,-1,-2.54,0.382,3.66,3.2,0.82,-2.98,0.96,0.9,1.0,1.67,0,0.45,neutral,neutral,0,-0.125,32,5253,0,
s20227,PUMPUSDT,1784634300000,train,-1,-2.77,0.435,3.55,2.9,0.7,-3.0,0.7,0.9,1.0,1.67,0,0.23,neutral,neutral,0,-0.069,32,5254,0,
s20228,PUMPUSDT,1784635200000,train,-1,-2.8,0.435,3.49,3.13,0.73,-2.97,1.57,1.01,1.06,1.67,0,0.17,neutral,neutral,0,-0.516,32,5255,1,
s20229,XPLUSDT,1784636100000,train,1,2.24,0.425,3.26,2.73,1.15,1.89,1.34,1.27,0.97,1.04,0,0.36,neutral,neutral,0,-1.0,25,5256,1,
s20230,PUMPUSDT,1784636100000,train,-1,-3.5,0.49,4.34,3.98,1.29,-3.86,2.37,1.01,1.06,1.67,0,0.36,neutral,bajista,0,-0.91,32,5256,2,
s20231,ONDOUSDT,1784636100000,train,1,4.13,0.367,5.26,3.97,0.64,3.77,1.25,3.45,2.13,1.52,1,0.36,neutral,alcista,0,-0.262,32,5255,4,
s20232,LDOUSDT,1784636100000,testB,1,2.74,0.659,2.81,2.71,1.35,2.38,1.36,1.28,1.36,1.37,0,0.36,neutral,alcista,0,-1.0,15,5255,5,
s20233,XPLUSDT,1784637000000,train,1,2.63,0.501,3.54,2.89,1.25,2.31,1.33,1.27,0.97,1.04,0,0.32,neutral,alcista,0,-1.0,24,5257,2,
s20234,LDOUSDT,1784637000000,testB,1,2.45,0.634,3.57,2.74,1.63,2.13,1.22,1.28,1.36,1.37,0,0.32,neutral,alcista,0,-1.0,14,5256,6,
s20235,XPLUSDT,1784637900000,train,1,2.52,0.468,3.55,2.54,0.75,2.02,0.89,1.27,0.97,1.04,0,0.5,neutral,neutral,0,-1.0,23,5258,0,
s20236,XPLUSDT,1784638800000,train,1,2.56,0.473,3.52,2.79,0.58,1.95,1.11,1.33,0.96,1.04,0,0.61,neutral,neutral,0,-1.0,22,5259,1,
s20237,ENAUSDT,1784638800000,train,1,2.48,0.619,3.28,2.66,0.68,1.87,0.63,1.86,1.47,1.25,1,0.61,neutral,neutral,0,-0.099,32,5259,1,
s20238,XPLUSDT,1784639700000,train,1,2.56,0.473,3.52,2.64,0.51,2.26,0.9,1.33,0.96,1.04,0,0.3,neutral,neutral,0,-1.0,21,5260,0,
s20239,PUMPUSDT,1784640600000,train,-1,-3.95,0.597,4.63,4.58,0.94,-4.05,1.93,1.06,1.06,1.62,0,0.1,neutral,neutral,0,-1.0,28,5261,1,
s20240,PUMPUSDT,1784641500000,train,-1,-4.15,0.627,4.99,4.43,1.17,-4.88,1.85,1.06,1.06,1.62,0,0.74,neutral,bajista,0,-1.0,26,5262,2,
s20241,ENAUSDT,1784641500000,train,1,2.03,0.437,2.1,2.0,1.04,1.29,1.11,1.86,1.47,1.25,1,0.74,neutral,alcista,0,-1.0,4,5262,2,
s20242,PUMPUSDT,1784642400000,train,-1,-3.32,0.511,4.52,3.59,1.34,-4.2,1.39,1.17,1.18,1.59,0,0.88,neutral,neutral,0,-1.0,25,5263,0,
s20243,PUMPUSDT,1784643300000,train,-1,-2.35,0.37,4.04,2.71,1.68,-2.84,1.02,1.17,1.18,1.59,0,0.5,neutral,neutral,0,-1.0,14,5264,0,
s20244,STBLUSDT,1784643300000,train,1,3.48,0.463,4.47,4.21,4.14,2.99,3.22,1.03,0.84,0.66,1,0.5,neutral,alcista,0,-0.484,32,5264,4,
s20245,STBLUSDT,1784646000000,train,1,3.92,0.431,4.49,3.95,5,3.25,2.29,1.46,1.04,0.75,1,0.67,neutral,neutral,0,-0.596,32,5267,1,
s20246,INJUSDT,1784646900000,train,-1,-2.15,0.69,2.46,2.35,1.04,-2.72,1.09,1.01,0.96,1.1,0,0.57,neutral,neutral,0,-0.306,32,5268,1,
s20247,INJUSDT,1784647800000,train,-1,-2.23,0.698,2.56,2.48,1.02,-2.64,1.09,1.01,0.96,1.1,0,0.41,neutral,bajista,0,-0.29,32,5269,2,
s20248,INJUSDT,1784648700000,train,-1,-2.01,0.635,2.33,2.16,0.89,-2.5,0.94,1.01,0.96,1.1,0,0.5,neutral,neutral,0,-0.211,32,5270,0,
s20249,LDOUSDT,1784650500000,testB,-1,-3.33,0.509,4.67,4.34,1.33,-3.43,1.69,1.37,1.32,1.4,0,0.1,neutral,bajista,0,0.3,32,5271,3,
s20250,APEUSDT,1784650500000,testB,1,2.02,0.475,2.67,2.39,1.4,1.92,1.28,0.83,0.63,0.56,1,0.1,neutral,alcista,0,1.257,32,5271,3,
s20251,LDOUSDT,1784651400000,testB,-1,-3.43,0.521,3.88,3.63,1.38,-3.48,1.63,1.37,1.32,1.4,0,0.05,neutral,bajista,0,0.352,32,5272,4,
s20252,LDOUSDT,1784652300000,testB,-1,-3.36,0.515,3.81,3.53,1.61,-3.33,1.72,1.37,1.32,1.4,0,-0.03,neutral,bajista,0,0.225,32,5273,5,
s20253,APEUSDT,1784652300000,testB,1,2.1,0.484,3.08,2.12,2.44,2.13,0.73,0.83,0.63,0.56,1,-0.03,neutral,neutral,1,2.0,18,5273,0,
s20254,PENDLEUSDT,1784653200000,train,-1,-2.27,0.402,2.83,2.38,1.53,-2.03,1.12,1.67,1.45,1.17,1,-0.24,neutral,bajista,0,-0.08,32,5275,2,
s20255,LDOUSDT,1784653200000,testB,-1,-3.37,0.515,3.79,3.43,1.42,-3.13,1.7,1.47,1.31,1.38,0,-0.24,neutral,bajista,0,0.269,32,5274,6,
s20256,LDOUSDT,1784654100000,testB,-1,-2.99,0.484,3.78,3.58,0.91,-3.0,1.95,1.47,1.31,1.38,0,0.01,neutral,bajista,0,0.23,32,5275,7,
s20257,APEUSDT,1784654100000,testB,1,2.37,0.515,2.65,2.38,1.52,2.36,1.27,1.06,0.75,0.6,1,0.01,neutral,alcista,0,0.8,32,5275,2,
s20258,PUMPUSDT,1784655000000,train,1,3.24,0.529,3.89,3.79,0.38,3.03,1.64,1.28,1.09,1.33,0,0.21,neutral,neutral,0,0.763,32,5277,1,
s20259,PENDLEUSDT,1784655000000,train,-1,-2.12,0.404,2.8,2.74,1.72,-2.33,1.33,1.67,1.45,1.17,1,0.21,neutral,bajista,0,-0.2,32,5277,4,
s20260,APEUSDT,1784655000000,testB,1,3.11,0.584,3.42,3.22,1.3,2.9,2.55,1.06,0.75,0.6,1,0.21,neutral,alcista,0,0.187,32,5276,3,
s20261,PUMPUSDT,1784655900000,train,1,3.35,0.556,3.79,3.44,0.62,4.2,1.39,1.28,1.09,1.33,0,-0.85,neutral,alcista,0,0.652,32,5278,2,
s20262,JUPUSDT,1784655900000,train,-1,-2.15,0.589,3.12,2.25,2.07,-1.3,1.4,0.75,0.77,0.68,0,-0.85,neutral,neutral,0,-1.0,17,5278,1,
s20263,PENDLEUSDT,1784655900000,train,-1,-2.87,0.569,3.49,3.05,1.06,-2.02,1.48,1.67,1.45,1.17,1,-0.85,neutral,bajista,0,-0.316,32,5278,5,
s20264,LDOUSDT,1784655900000,testB,-1,-2.28,0.381,3.77,3.31,1.09,-1.43,1.38,1.47,1.31,1.38,0,-0.85,neutral,neutral,0,0.14,32,5277,1,
s20265,APEUSDT,1784655900000,testB,1,2.41,0.455,3.43,2.89,1.73,3.26,1.94,1.06,0.75,0.6,1,-0.85,neutral,neutral,0,0.465,32,5277,0,
s20266,PUMPUSDT,1784656800000,train,1,2.36,0.377,3.46,2.51,0.75,3.34,0.69,1.11,1.06,1.21,0,-0.98,neutral,neutral,0,1.02,32,5279,0,
s20267,LDOUSDT,1784656800000,testB,-1,-2.67,0.48,3.77,3.28,0.77,-1.69,1.11,1.26,1.27,1.34,0,-0.98,neutral,neutral,0,0.227,32,5278,0,
s20268,APEUSDT,1784656800000,testB,1,2.55,0.481,3.77,2.96,1.89,3.53,1.81,1.2,0.86,0.65,1,-0.98,neutral,neutral,0,0.227,32,5278,1,
s20269,APEUSDT,1784657700000,testB,1,2.63,0.5,3.78,2.63,2.03,3.37,1.22,1.2,0.86,0.65,1,-0.74,neutral,neutral,0,0.436,32,5279,0,
s20270,APEUSDT,1784658600000,testB,1,2.9,0.525,3.7,2.96,1.19,3.75,1.43,1.2,0.86,0.65,1,-0.85,neutral,neutral,0,0.182,32,5280,1,
s20271,LDOUSDT,1784659500000,testB,-1,-2.0,0.385,3.12,2.28,0.46,-1.23,0.58,1.26,1.27,1.34,0,-0.77,neutral,neutral,0,0.438,32,5281,1,
s20272,APEUSDT,1784659500000,testB,1,3.17,0.548,3.81,3.48,1.27,3.95,1.79,1.2,0.86,0.65,1,-0.77,neutral,alcista,0,0.038,32,5281,2,
s20273,XPLUSDT,1784660400000,train,-1,-2.12,0.392,4.59,2.98,1.9,-1.55,1.13,0.97,1.15,0.9,0,-0.58,neutral,bajista,0,0.292,32,5283,2,
s20274,LDOUSDT,1784660400000,testB,-1,-2.21,0.407,3.13,2.67,0.4,-1.63,0.79,1.07,1.21,1.3,0,-0.58,neutral,bajista,0,0.048,32,5282,2,
s20275,APEUSDT,1784660400000,testB,1,2.56,0.398,3.84,2.7,1.03,3.13,0.94,1.25,0.92,0.67,1,-0.58,neutral,neutral,0,0.175,32,5282,0,
s20276,XPLUSDT,1784661300000,train,-1,-2.17,0.397,4.59,3.15,1.59,-1.85,1.22,0.97,1.15,0.9,0,-0.32,neutral,bajista,0,0.114,32,5284,3,
s20277,APEUSDT,1784661300000,testB,1,3.39,0.467,3.81,3.48,0.98,3.71,1.57,1.25,0.92,0.67,1,-0.32,neutral,neutral,0,-0.038,32,5283,1,
s20278,LDOUSDT,1784662200000,testB,-1,-2.45,0.485,3.08,2.67,0.47,-2.22,0.74,1.07,1.21,1.3,0,-0.24,neutral,neutral,0,-0.317,32,5284,1,
s20279,APEUSDT,1784662200000,testB,1,2.84,0.363,3.97,2.89,1.1,3.07,0.83,1.25,0.92,0.67,1,-0.24,neutral,neutral,0,0.0,32,5284,0,
s20280,LDOUSDT,1784663100000,testB,-1,-2.09,0.444,2.59,2.21,0.43,-1.73,0.67,1.07,1.21,1.3,0,-0.36,neutral,neutral,0,-0.244,32,5285,0,
s20281,APEUSDT,1784663100000,testB,1,2.9,0.368,3.83,2.95,0.61,3.26,0.96,1.25,0.92,0.67,1,-0.36,neutral,neutral,0,-0.136,32,5285,1,
s20282,PUMPUSDT,1784664000000,train,1,2.24,0.5,2.64,2.49,0.57,2.53,0.87,0.79,0.98,1.04,0,-0.29,neutral,neutral,0,0.82,32,5287,1,
s20283,PENDLEUSDT,1784664000000,train,-1,-2.06,0.5,2.31,2.24,0.45,-1.77,0.96,1.19,1.26,1.13,0,-0.29,neutral,bajista,0,-0.183,32,5287,2,
s20284,APEUSDT,1784664000000,testB,1,2.69,0.351,3.83,2.95,0.47,2.98,0.87,1.29,0.89,0.69,1,-0.29,neutral,neutral,0,-0.114,32,5286,0,
s20285,PUMPUSDT,1784664900000,train,1,2.89,0.564,2.91,2.91,0.76,3.1,1.55,0.79,0.98,1.04,0,-0.21,neutral,alcista,0,0.169,32,5288,2,
s20286,XPLUSDT,1784665800000,train,-1,-2.26,0.517,4.57,2.65,0.39,-2.11,0.44,0.91,1.11,0.88,0,-0.15,neutral,neutral,0,0.099,32,5289,0,
s20287,PUMPUSDT,1784665800000,train,1,3.14,0.585,3.48,3.33,1.02,3.29,1.95,0.79,0.98,1.04,0,-0.15,neutral,alcista,0,-0.176,32,5289,3,
s20288,PENDLEUSDT,1784665800000,train,-1,-2.14,0.577,2.29,2.19,0.48,-1.99,0.83,1.19,1.26,1.13,0,-0.15,neutral,neutral,0,-0.235,32,5289,0,
s20289,XPLUSDT,1784666700000,train,-1,-2.2,0.509,4.16,2.3,0.39,-2.0,0.52,0.91,1.11,0.88,0,-0.2,neutral,neutral,0,0.227,32,5290,1,
s20290,PUMPUSDT,1784666700000,train,1,2.47,0.45,4.23,2.76,1.83,2.67,1.43,0.79,0.98,1.04,0,-0.2,neutral,neutral,0,0.0,32,5290,0,
s20291,PUMPUSDT,1784667600000,train,1,2.17,0.374,4.1,2.27,1.99,2.27,0.94,0.62,0.96,1.0,0,-0.1,neutral,neutral,0,-0.109,32,5291,0,
s20292,PUMPUSDT,1784668500000,train,1,2.12,0.362,4.11,2.13,1.82,2.31,0.68,0.62,0.96,1.0,0,-0.19,neutral,neutral,0,0.023,32,5292,0,
s20293,APEUSDT,1784668500000,testB,1,3.54,0.433,3.55,3.48,1.18,3.73,2.29,1.43,1.02,0.75,1,-0.19,neutral,alcista,0,-0.642,32,5291,4,
s20294,JUPUSDT,1784671200000,train,1,2.04,0.465,2.45,2.25,0.4,2.0,1.04,1.16,0.89,0.8,1,0.04,neutral,alcista,0,-1.0,32,5295,5,
s20295,APEUSDT,1784674800000,testB,1,2.09,0.356,3.04,2.18,0.87,2.12,0.75,1.19,1.12,0.78,1,-0.03,neutral,neutral,0,-1.0,19,5298,0,
s20296,APEUSDT,1784676600000,testB,1,2.15,0.457,3.03,2.44,0.78,2.2,0.71,1.19,1.12,0.78,1,-0.05,neutral,alcista,0,-1.0,17,5300,2,
s20297,0GUSDT,1784681100000,train,-1,-2.05,0.528,3.08,2.59,5,-2.38,1.21,0.52,0.68,0.86,0,0.33,neutral,bajista,0,0.043,32,5306,4,
s20298,0GUSDT,1784682000000,train,-1,-2.16,0.541,3.09,2.81,2.41,-2.3,1.28,0.53,0.65,0.87,0,0.14,neutral,bajista,0,-0.02,32,5307,5,
s20299,0GUSDT,1784682900000,train,-1,-2.85,0.707,3.27,3.1,1.81,-2.9,1.58,0.53,0.65,0.87,0,0.05,neutral,bajista,0,-0.143,32,5308,6,
s20300,XPLUSDT,1784683800000,train,-1,-2.17,0.483,2.72,2.22,0.64,-2.2,0.41,0.55,0.76,0.86,0,0.03,neutral,neutral,0,-0.714,32,5309,0,
s20301,0GUSDT,1784683800000,train,-1,-2.21,0.519,2.98,2.37,1.39,-2.24,1.04,0.53,0.65,0.87,0,0.03,neutral,neutral,0,-1.0,15,5309,0,
s20302,0GUSDT,1784684700000,train,-1,-2.32,0.544,2.98,2.43,0.67,-2.39,0.97,0.53,0.65,0.87,0,0.07,neutral,neutral,0,-1.0,14,5310,0,
s20303,0GUSDT,1784685600000,train,-1,-2.27,0.538,2.99,2.77,0.61,-2.5,1.22,0.51,0.53,0.85,0,0.23,neutral,neutral,0,-1.0,13,5311,1,
s20304,0GUSDT,1784686500000,train,-1,-2.11,0.481,2.98,2.48,0.53,-2.29,0.83,0.51,0.53,0.85,0,0.19,neutral,neutral,0,-1.0,12,5312,0,
s20305,PENDLEUSDT,1784686500000,train,1,2.34,0.623,2.76,2.68,0.6,2.15,0.92,0.78,0.99,1.16,0,0.19,neutral,neutral,0,-1.0,15,5312,1,
s20306,WLDUSDT,1784687400000,train,1,2.05,0.51,2.98,2.56,1.27,1.96,0.79,0.43,0.53,0.63,0,0.09,neutral,neutral,0,0.02,32,5313,0,
s20307,APEUSDT,1784691000000,testB,-1,-2.11,0.471,2.49,2.29,0.78,-1.89,0.98,0.86,1.15,0.82,0,-0.22,neutral,neutral,0,0.235,32,5316,1,
s20308,INJUSDT,1784692800000,train,1,2.19,0.569,2.42,2.23,0.95,2.7,1.1,0.69,0.65,0.81,0,-0.52,neutral,neutral,0,-1.0,8,5319,1,
s20309,0GUSDT,1784697300000,train,1,2.49,0.517,3.13,2.59,1.66,2.92,1.48,0.64,0.48,0.78,0,-0.43,neutral,neutral,0,-1.0,6,5324,1,
s20310,JUPUSDT,1784699100000,train,-1,-2.59,0.65,2.81,2.65,1.78,-1.91,1.31,0.55,0.78,0.77,0,-0.67,neutral,bajista,0,0.577,32,5326,7,
s20311,PENDLEUSDT,1784699100000,train,-1,-2.33,0.573,2.66,2.63,1.15,-1.66,1.27,0.77,0.69,1.08,0,-0.67,neutral,bajista,0,-0.43,32,5326,6,
s20312,GRTUSDT,1784699100000,testB,-1,-2.03,0.63,2.13,2.07,3.02,-1.36,1.23,1.1,0.82,0.95,0,-0.67,neutral,bajista,0,-0.324,32,5325,5,
s20313,XPLUSDT,1784700000000,train,-1,-2.11,0.405,3.12,2.61,3.27,-1.4,1.38,0.56,0.57,0.85,0,-0.71,neutral,bajista,0,-1.0,13,5327,6,
s20314,JUPUSDT,1784700000000,train,-1,-2.54,0.646,3.02,2.76,2.14,-1.83,1.42,0.5,0.63,0.77,0,-0.71,neutral,bajista,0,0.463,32,5327,8,
s20315,PENDLEUSDT,1784700000000,train,-1,-2.58,0.597,3.44,2.9,2.09,-1.87,1.36,0.88,0.79,1.12,0,-0.71,neutral,bajista,0,-0.361,32,5327,7,
s20316,XPLUSDT,1784700900000,train,-1,-2.73,0.497,3.16,3.09,1.93,-1.91,1.66,0.56,0.57,0.85,0,-0.82,neutral,bajista,0,-1.0,12,5328,7,
s20317,PUMPUSDT,1784700900000,train,-1,-3.62,0.451,4.77,4.41,2.21,-2.8,2.85,0.96,0.84,0.95,0,-0.82,neutral,neutral,0,0.276,32,5328,1,
s20318,INJUSDT,1784700900000,train,-1,-2.65,0.458,4.27,4.01,2.51,-1.83,2.2,1.11,0.81,0.89,0,-0.82,neutral,bajista,0,0.067,32,5328,7,
s20319,SEIUSDT,1784700900000,train,-1,-2.14,0.685,2.29,2.18,1.97,-1.32,1.2,0.99,0.82,0.84,0,-0.82,neutral,bajista,0,-0.27,32,5328,3,
s20320,JUPUSDT,1784700900000,train,-1,-2.84,0.671,3.03,2.93,2.07,-2.03,1.59,0.5,0.63,0.77,0,-0.82,neutral,bajista,0,0.596,32,5328,8,
s20321,PENDLEUSDT,1784700900000,train,-1,-3.4,0.709,3.97,3.58,2.55,-2.58,1.85,0.88,0.79,1.12,0,-0.82,neutral,bajista,0,-0.182,32,5328,8,
s20322,ARUSDT,1784700900000,testB,-1,-2.03,0.6,2.28,2.02,1.57,-1.21,1.07,0.99,0.82,0.88,0,-0.82,neutral,neutral,0,-0.368,32,5327,1,
s20323,PUMPUSDT,1784701800000,train,-1,-4.28,0.492,5.91,5.75,2.93,-3.66,3.62,0.96,0.84,0.95,0,-0.62,neutral,bajista,0,-0.089,32,5329,2,
s20324,INJUSDT,1784701800000,train,-1,-3.13,0.503,4.64,4.51,3.19,-2.51,2.42,1.11,0.81,0.89,0,-0.62,neutral,bajista,0,-0.09,32,5329,8,
s20325,JUPUSDT,1784701800000,train,-1,-2.5,0.595,3.03,2.72,1.93,-1.88,1.37,0.5,0.63,0.77,0,-0.62,neutral,neutral,0,0.698,32,5329,0,
s20326,PENDLEUSDT,1784701800000,train,-1,-2.65,0.63,3.39,2.93,2.67,-2.03,1.63,0.88,0.79,1.12,0,-0.62,neutral,neutral,0,-0.305,32,5329,0,
s20327,PUMPUSDT,1784702700000,train,-1,-4.08,0.459,6.4,5.43,3.38,-3.51,2.98,0.96,0.84,0.95,0,-0.57,neutral,neutral,0,-0.019,32,5330,0,
s20328,INJUSDT,1784702700000,train,-1,-3.27,0.54,5.04,4.31,3.27,-2.7,1.99,1.11,0.81,0.89,0,-0.57,neutral,neutral,0,-0.076,32,5330,0,
s20329,JUPUSDT,1784702700000,train,-1,-2.35,0.58,2.92,2.56,1.68,-1.79,1.19,0.5,0.63,0.77,0,-0.57,neutral,neutral,0,0.76,32,5330,0,
s20330,PENDLEUSDT,1784702700000,train,-1,-2.78,0.645,3.39,3.05,3.26,-2.21,1.58,0.88,0.79,1.12,0,-0.57,neutral,neutral,0,-0.444,32,5330,1,
s20331,PUMPUSDT,1784703600000,train,-1,-4.59,0.553,6.4,5.37,3.58,-4.17,2.66,0.84,0.87,0.94,0,-0.42,neutral,neutral,0,-0.048,32,5331,0,
s20332,INJUSDT,1784703600000,train,-1,-3.48,0.555,5.06,4.73,3.99,-3.07,2.21,1.22,0.89,0.92,0,-0.42,neutral,neutral,0,-0.224,32,5331,1,
s20333,JUPUSDT,1784703600000,train,-1,-2.26,0.57,2.72,2.62,1.23,-1.84,1.31,0.5,0.53,0.76,0,-0.42,neutral,neutral,0,0.49,32,5331,1,
s20334,PENDLEUSDT,1784703600000,train,-1,-2.12,0.533,3.01,2.51,1.98,-1.7,1.31,0.85,0.79,1.09,0,-0.42,neutral,neutral,0,-1.0,28,5331,0,
s20335,PUMPUSDT,1784704500000,train,-1,-5.06,0.642,6.35,5.38,1.75,-4.49,2.38,0.84,0.87,0.94,0,-0.57,neutral,neutral,0,-0.057,32,5332,1,
s20336,INJUSDT,1784704500000,train,-1,-3.36,0.528,5.04,4.35,1.71,-2.8,1.68,1.22,0.89,0.92,0,-0.57,neutral,neutral,0,-0.142,32,5332,0,
s20337,JUPUSDT,1784704500000,train,-1,-2.11,0.512,2.72,2.2,1.19,-1.54,0.84,0.5,0.53,0.76,0,-0.57,neutral,neutral,0,0.488,32,5332,0,
s20338,PENDLEUSDT,1784704500000,train,-1,-2.23,0.582,2.89,2.3,1.14,-1.67,1.01,0.85,0.79,1.09,0,-0.57,neutral,neutral,0,-1.0,27,5332,0,
s20339,PUMPUSDT,1784705400000,train,-1,-4.4,0.584,6.24,5.11,0.86,-3.66,2.03,0.84,0.87,0.94,0,-0.74,neutral,neutral,0,0.02,32,5333,0,
s20340,INJUSDT,1784705400000,train,-1,-3.51,0.538,5.05,4.55,1.27,-2.77,1.74,1.22,0.89,0.92,0,-0.74,neutral,neutral,0,-0.153,32,5333,1,
s20341,PENDLEUSDT,1784705400000,train,-1,-2.14,0.57,2.84,2.43,1.08,-1.4,1.08,0.85,0.79,1.09,0,-0.74,neutral,neutral,0,-1.0,26,5333,1,
s20342,PUMPUSDT,1784706300000,train,-1,-5.1,0.619,6.3,6.14,0.69,-4.55,2.79,0.84,0.87,0.94,0,-0.55,neutral,neutral,0,-0.134,32,5334,1,
s20343,INJUSDT,1784706300000,train,-1,-3.19,0.499,5.04,4.45,1.02,-2.64,1.47,1.22,0.89,0.92,0,-0.55,neutral,neutral,0,-0.1,32,5334,0,
s20344,PUMPUSDT,1784707200000,train,-1,-4.63,0.537,6.34,5.06,0.81,-4.17,1.68,0.84,0.84,0.91,0,-0.46,neutral,neutral,0,0.242,32,5335,0,
s20345,INJUSDT,1784707200000,train,-1,-4.1,0.75,5.05,4.49,0.76,-3.64,1.4,1.29,0.94,0.91,1,-0.46,neutral,neutral,0,-0.163,32,5335,1,
s20346,JUPUSDT,1784707200000,train,-1,-2.11,0.583,2.72,2.26,0.78,-1.65,0.6,0.53,0.54,0.75,0,-0.46,neutral,neutral,0,0.636,32,5335,0,
s20347,PENDLEUSDT,1784707200000,train,-1,-2.03,0.592,2.83,2.24,0.73,-1.57,0.68,0.8,0.78,1.03,0,-0.46,neutral,neutral,0,-1.0,24,5335,0,
s20348,PUMPUSDT,1784708100000,train,-1,-3.33,0.382,5.53,3.55,0.87,-2.82,0.81,0.84,0.84,0.91,0,-0.52,neutral,neutral,0,0.814,32,5336,0,
s20349,INJUSDT,1784708100000,train,-1,-3.49,0.667,4.5,3.75,0.64,-2.97,1.09,1.29,0.94,0.91,1,-0.52,neutral,neutral,0,-0.082,32,5336,0,
s20350,PENDLEUSDT,1784708100000,train,-1,-2.19,0.641,2.77,2.25,0.66,-1.67,0.64,0.8,0.78,1.03,0,-0.52,neutral,neutral,0,-1.0,23,5336,1,
s20351,PUMPUSDT,1784709000000,train,-1,-3.35,0.382,5.56,4.19,0.88,-2.62,1.24,0.84,0.84,0.91,0,-0.73,neutral,neutral,0,0.366,32,5337,1,
s20352,INJUSDT,1784709000000,train,-1,-3.3,0.61,4.45,3.45,0.51,-2.57,0.73,1.29,0.94,0.91,1,-0.73,neutral,neutral,0,-0.189,32,5337,0,
s20353,PENDLEUSDT,1784709000000,train,-1,-2.29,0.651,2.7,2.34,0.52,-1.55,0.69,0.8,0.78,1.03,0,-0.73,neutral,bajista,0,-1.0,21,5337,2,
s20354,PUMPUSDT,1784709900000,train,-1,-3.55,0.414,5.1,3.73,0.65,-2.95,1.2,0.84,0.84,0.91,0,-0.6,neutral,neutral,0,0.438,32,5338,0,
s20355,INJUSDT,1784709900000,train,-1,-2.29,0.417,3.91,2.36,0.61,-1.69,0.29,1.29,0.94,0.91,1,-0.6,neutral,neutral,0,-0.04,32,5338,0,
s20356,XPLUSDT,1784711700000,train,1,2.56,0.456,3.75,3.62,0.86,2.63,1.55,0.8,0.63,0.89,0,-0.07,neutral,alcista,0,0.193,32,5340,2,
s20357,STBLUSDT,1784711700000,train,1,2.14,0.505,3.25,3.2,1.6,2.21,1.47,0.69,0.53,0.94,0,-0.07,neutral,alcista,0,0.667,32,5340,4,
s20358,XPLUSDT,1784712600000,train,1,2.75,0.474,3.89,3.8,0.84,2.91,1.62,0.8,0.63,0.89,0,-0.16,neutral,alcista,0,0.193,32,5341,3,
s20359,STBLUSDT,1784712600000,train,1,2.37,0.565,3.78,3.29,2.02,2.53,1.41,0.69,0.53,0.94,0,-0.16,neutral,alcista,0,0.716,32,5341,5,
s20360,XPLUSDT,1784713500000,train,1,3.25,0.589,3.89,3.88,0.86,3.34,1.58,0.8,0.63,0.89,0,-0.09,neutral,alcista,0,0.085,32,5342,4,
s20361,STBLUSDT,1784713500000,train,1,2.87,0.624,3.98,3.72,2.29,2.96,1.7,0.69,0.53,0.94,0,-0.09,neutral,alcista,0,0.381,32,5342,6,
s20362,XPLUSDT,1784714400000,train,1,2.88,0.488,4.22,3.32,1.12,2.98,1.06,0.9,0.67,0.86,0,-0.1,neutral,neutral,0,0.114,32,5343,0,
s20363,STBLUSDT,1784714400000,train,1,4.29,0.758,5.51,4.85,3.3,4.39,2.66,1.15,0.74,1.05,0,-0.1,neutral,alcista,0,-0.027,32,5343,7,
s20364,ONDOUSDT,1784714400000,train,1,2.29,0.476,3.32,2.9,1.2,2.39,1.19,1.3,1.04,1.3,0,-0.1,neutral,alcista,0,0.28,32,5342,6,
s20365,XPLUSDT,1784715300000,train,1,3.54,0.627,4.19,3.47,1.22,3.39,1.12,0.9,0.67,0.86,0,0.15,neutral,neutral,0,-0.02,32,5344,1,
s20366,STBLUSDT,1784715300000,train,1,5.12,0.862,6.05,5.35,2.59,4.97,2.91,1.15,0.74,1.05,0,0.15,neutral,alcista,0,-0.13,32,5344,8,
s20367,ENAUSDT,1784715300000,train,1,2.04,0.362,2.76,2.46,0.59,1.88,0.99,1.62,1.26,1.19,1,0.15,neutral,alcista,0,1.429,32,5344,2,
s20368,ONDOUSDT,1784715300000,train,1,2.75,0.565,5.87,3.14,2.22,2.6,1.29,1.3,1.04,1.3,0,0.15,neutral,alcista,0,0.078,32,5343,7,
s20369,XPLUSDT,1784716200000,train,1,3.18,0.603,3.84,3.22,1.17,3.14,1.15,0.9,0.67,0.86,0,0.05,neutral,alcista,0,-0.14,32,5345,2,
s20370,STBLUSDT,1784716200000,train,1,5.25,0.865,6.03,5.56,2.57,5.21,2.83,1.15,0.74,1.05,0,0.05,neutral,alcista,0,-0.266,32,5345,8,
s20371,ONDOUSDT,1784716200000,train,1,4.11,0.66,5.79,4.46,2.41,4.06,2.45,1.3,1.04,1.3,0,0.05,neutral,alcista,0,-0.212,32,5344,8,
s20372,XPLUSDT,1784717100000,train,1,2.99,0.589,3.59,3.16,1.17,2.82,1.25,0.9,0.67,0.86,0,0.17,neutral,alcista,0,-0.101,32,5346,3,
s20373,STBLUSDT,1784717100000,train,1,4.52,0.673,6.07,4.94,2.88,4.35,1.98,1.15,0.74,1.05,0,0.17,neutral,neutral,0,-0.097,32,5346,0,
s20374,ENAUSDT,1784717100000,train,1,2.03,0.362,3.21,2.65,0.88,1.87,0.93,1.62,1.26,1.19,1,0.17,neutral,alcista,0,1.385,32,5346,4,
s20375,ONDOUSDT,1784717100000,train,1,3.55,0.524,5.45,3.58,2.73,3.39,1.74,1.3,1.04,1.3,0,0.17,neutral,neutral,0,-0.014,32,5345,0,
s20376,XPLUSDT,1784718000000,train,1,3.3,0.613,3.65,3.38,0.9,3.14,1.48,0.82,0.66,0.77,0,0.16,neutral,alcista,0,-0.293,32,5347,4,
s20377,STBLUSDT,1784718000000,train,1,5.49,0.769,6.03,5.56,1.74,5.33,2.42,1.24,0.79,1.06,0,0.16,neutral,neutral,0,0.305,32,5347,1,
s20378,ENAUSDT,1784718000000,train,1,2.84,0.52,3.33,2.91,1.28,2.68,1.2,1.74,1.39,1.2,1,0.16,neutral,alcista,0,1.198,32,5347,5,
s20379,ONDOUSDT,1784718000000,train,1,3.58,0.528,5.01,3.73,3.08,3.42,2.14,1.43,1.1,1.26,0,0.16,neutral,neutral,0,-0.279,32,5346,1,
s20380,XPLUSDT,1784718900000,train,1,2.76,0.474,3.52,2.78,0.71,2.54,0.85,0.82,0.66,0.77,0,0.22,neutral,neutral,0,-0.209,32,5348,0,
s20381,STBLUSDT,1784718900000,train,1,5.27,0.714,5.92,5.18,0.97,5.05,1.93,1.24,0.79,1.06,0,0.22,neutral,neutral,0,0.714,32,5348,0,
s20382,ENAUSDT,1784718900000,train,1,2.54,0.475,3.33,2.82,1.27,2.32,0.99,1.74,1.39,1.2,1,0.22,neutral,neutral,0,1.528,32,5348,0,
s20383,STBLUSDT,1784719800000,train,1,4.17,0.667,4.7,4.04,0.79,3.98,1.82,1.24,0.79,1.06,0,0.19,neutral,neutral,0,0.645,32,5349,1,
s20384,ENAUSDT,1784719800000,train,1,2.25,0.444,3.13,2.61,1.31,2.07,0.87,1.74,1.39,1.2,1,0.19,neutral,neutral,0,1.879,32,5349,0,
s20385,APEUSDT,1784719800000,testB,-1,-2.05,0.525,2.84,2.43,1.41,-2.24,0.92,0.78,0.81,0.97,0,0.19,neutral,bajista,0,1.0,32,5348,2,
s20386,STBLUSDT,1784720700000,train,1,4.28,0.674,4.24,4.15,0.48,4.03,2.2,1.24,0.79,1.06,0,0.26,neutral,alcista,0,0.583,32,5350,2,
s20387,ENAUSDT,1784720700000,train,1,2.34,0.454,2.81,2.49,1.08,2.09,1.04,1.74,1.39,1.2,1,0.26,neutral,neutral,0,1.665,32,5350,1,
s20388,STBLUSDT,1784721600000,train,1,4.36,0.678,4.56,4.39,0.72,4.55,2.39,1.48,0.91,1.11,0,-0.19,neutral,alcista,0,0.539,32,5351,3,
s20389,STBLUSDT,1784722500000,train,1,3.6,0.5,4.47,3.47,1.07,3.8,1.25,1.48,0.91,1.11,0,-0.21,neutral,neutral,0,0.987,32,5352,0,
s20390,STBLUSDT,1784723400000,train,1,4.18,0.538,4.48,4.09,0.99,4.4,1.71,1.48,0.91,1.11,0,-0.23,neutral,neutral,0,1.474,32,5353,1,
s20391,STBLUSDT,1784724300000,train,1,3.49,0.438,4.42,3.59,1.09,4.02,1.1,1.48,0.91,1.11,0,-0.53,neutral,neutral,1,2.0,31,5354,0,
s20392,JUPUSDT,1784724300000,train,-1,-2.15,0.677,3.5,2.77,5,-1.62,1.61,1.2,0.82,0.85,0,-0.53,neutral,bajista,0,-0.019,32,5354,7,
s20393,APEUSDT,1784724300000,testB,-1,-2.2,0.673,2.93,2.59,1.58,-1.67,1.16,0.86,0.79,0.98,0,-0.53,neutral,bajista,0,0.421,32,5353,4,
s20394,STBLUSDT,1784725200000,train,1,3.71,0.454,4.18,3.75,0.78,4.26,1.36,1.33,0.88,1.13,0,-0.55,neutral,neutral,1,2.0,32,5355,1,
s20395,JUPUSDT,1784725200000,train,-1,-2.1,0.651,3.5,2.61,5,-1.55,1.35,1.34,0.9,0.88,1,-0.55,neutral,neutral,0,0.04,32,5355,0,
s20396,APEUSDT,1784725200000,testB,-1,-2.2,0.673,2.52,2.25,1.47,-1.65,1.1,0.78,0.83,0.99,0,-0.55,neutral,bajista,0,0.394,32,5354,5,
s20397,STBLUSDT,1784726100000,train,1,3.38,0.432,3.57,3.36,0.41,3.99,1.41,1.33,0.88,1.13,0,-0.61,neutral,alcista,1,2.0,29,5356,2,
s20398,JUPUSDT,1784726100000,train,-1,-2.2,0.662,3.5,2.72,5,-1.58,1.31,1.34,0.9,0.88,1,-0.61,neutral,neutral,0,0.058,32,5356,1,
s20399,APEUSDT,1784726100000,testB,-1,-2.07,0.633,2.52,2.18,1.33,-1.45,0.87,0.78,0.83,0.99,0,-0.61,neutral,neutral,0,0.438,32,5355,0,
s20400,STBLUSDT,1784727000000,train,1,3.42,0.435,3.39,3.31,0.37,3.41,1.36,1.33,0.88,1.13,0,0.02,neutral,alcista,1,2.0,28,5357,3,
s20401,STBLUSDT,1784727900000,train,1,2.74,0.36,3.4,2.76,0.35,2.7,1.01,1.33,0.88,1.13,0,0.04,neutral,neutral,0,-1.0,7,5358,0,
s20402,ENAUSDT,1784727900000,train,1,2.09,0.39,2.35,2.23,1.57,2.05,1.07,2.19,1.68,1.29,1,0.04,neutral,alcista,0,1.075,32,5358,3,
s20403,JUPUSDT,1784729700000,train,-1,-2.35,0.511,3.19,2.46,0.67,-1.83,1.11,1.41,0.96,0.88,1,-0.52,neutral,neutral,0,0.043,32,5360,1,
s20404,JUPUSDT,1784730600000,train,-1,-2.05,0.476,3.19,2.46,0.65,-1.57,1.01,1.41,0.96,0.88,1,-0.48,neutral,neutral,0,0.255,32,5361,0,
s20405,STBLUSDT,1784731500000,train,1,2.23,0.389,2.56,2.22,1.14,2.6,0.96,1.5,0.98,1.01,0,-0.37,neutral,neutral,0,-1.0,3,5362,0,
s20406,JUPUSDT,1784731500000,train,-1,-2.25,0.537,3.19,2.51,0.47,-1.88,0.95,1.41,0.96,0.88,1,-0.37,neutral,neutral,0,0.104,32,5362,0,
s20407,ARBUSDT,1784736000000,train,1,2.02,0.52,3.66,3.13,0.77,1.7,0.83,1.44,1.36,0.89,1,0.32,neutral,neutral,0,-1.0,28,5367,1,
s20408,ARBUSDT,1784736900000,train,1,2.65,0.659,3.64,3.49,0.8,2.44,1.17,1.44,1.36,0.89,1,0.21,neutral,alcista,0,-1.0,27,5368,2,
s20409,OPUSDT,1784736900000,train,1,2.07,0.417,3.44,3.14,1.19,1.86,1.39,1.01,1.04,0.95,0,0.21,neutral,alcista,0,-0.484,32,5368,2,
s20410,LDOUSDT,1784736900000,testB,1,2.31,0.408,2.73,2.58,1.27,2.11,1.26,0.96,0.97,0.82,0,0.21,neutral,alcista,0,-0.144,32,5367,2,
s20411,WLDUSDT,1784737800000,train,1,3.33,0.416,3.99,3.66,2.38,2.56,2.7,1.42,1.12,0.75,1,0.78,neutral,neutral,0,-0.403,32,5369,1,
s20412,ARBUSDT,1784737800000,train,1,2.79,0.685,3.99,3.57,0.97,2.01,1.12,1.44,1.36,0.89,1,0.78,neutral,alcista,0,-1.0,26,5369,3,
s20413,OPUSDT,1784737800000,train,1,2.28,0.478,3.44,3.04,1.42,1.5,1.15,1.01,1.04,0.95,0,0.78,neutral,neutral,0,-0.433,32,5369,0,
s20414,SUIUSDT,1784737800000,train,1,2.54,0.523,3.03,2.87,1.04,1.77,1.3,1.6,1.54,1.11,1,0.78,neutral,neutral,0,-0.583,32,5369,1,
s20415,PENDLEUSDT,1784737800000,train,1,3.21,0.401,3.99,3.74,1.27,2.43,1.92,1.3,1.09,0.94,1,0.78,neutral,alcista,0,-0.055,32,5369,3,
s20416,LDOUSDT,1784737800000,testB,1,3.18,0.51,3.62,3.25,1.81,2.4,1.76,0.96,0.97,0.82,0,0.78,neutral,alcista,0,-0.121,32,5368,3,
s20417,WLDUSDT,1784738700000,train,1,3.09,0.399,4.88,3.71,3.33,2.18,2.53,1.42,1.12,0.75,1,0.91,neutral,alcista,0,-0.459,32,5370,2,
s20418,ARBUSDT,1784738700000,train,1,3.0,0.701,3.24,2.94,0.92,2.09,1.23,1.44,1.36,0.89,1,0.91,neutral,alcista,0,-1.0,25,5370,4,
s20419,OPUSDT,1784738700000,train,1,2.7,0.591,2.94,2.63,1.45,1.79,1.11,1.01,1.04,0.95,0,0.91,neutral,neutral,0,-0.692,32,5370,1,
s20420,SUIUSDT,1784738700000,train,1,2.09,0.413,2.53,2.04,1.05,1.19,0.9,1.6,1.54,1.11,1,0.91,neutral,neutral,0,-0.703,32,5370,0,
s20421,PENDLEUSDT,1784738700000,train,1,4.74,0.52,4.64,4.61,1.69,3.83,2.92,1.3,1.09,0.94,1,0.91,neutral,alcista,0,-0.369,32,5370,4,
s20422,LDOUSDT,1784738700000,testB,1,2.76,0.46,3.53,3.06,1.95,1.86,1.37,0.96,0.97,0.82,0,0.91,neutral,neutral,0,-0.282,32,5369,0,
s20423,WLDUSDT,1784739600000,train,1,4.37,0.484,5.21,4.94,2.75,3.58,3.45,1.8,1.26,0.82,1,0.79,neutral,alcista,0,-0.66,32,5371,3,
s20424,ENAUSDT,1784739600000,train,1,3.0,0.356,3.97,3.17,1.14,2.21,1.45,2.45,2.11,1.46,1,0.79,neutral,neutral,0,-0.202,32,5371,0,
s20425,ARBUSDT,1784739600000,train,1,2.4,0.56,2.95,2.36,1.06,1.61,0.88,1.49,1.29,0.89,1,0.79,neutral,neutral,0,-1.0,24,5371,0,
s20426,OPUSDT,1784739600000,train,1,2.39,0.535,2.84,2.43,1.38,1.6,0.92,1.03,1.02,0.94,1,0.79,neutral,neutral,0,-1.0,25,5371,0,
s20427,PENDLEUSDT,1784739600000,train,1,4.09,0.432,4.73,4.08,1.93,3.31,2.17,1.48,1.18,0.93,1,0.79,neutral,neutral,0,-0.312,32,5371,0,
s20428,LDOUSDT,1784739600000,testB,1,2.64,0.433,3.83,2.96,1.75,1.85,1.35,1.02,0.97,0.8,1,0.79,neutral,neutral,0,-0.233,32,5370,0,
s20429,PUMPUSDT,1784740500000,train,-1,-2.4,0.364,3.56,3.3,1.44,-2.97,1.55,0.78,0.82,0.77,0,0.57,neutral,bajista,0,-0.016,32,5372,3,
s20430,WLDUSDT,1784740500000,train,1,4.1,0.438,5.83,4.36,3.25,3.53,2.52,1.8,1.26,0.82,1,0.57,neutral,neutral,0,-0.659,32,5372,0,
s20431,LDOUSDT,1784740500000,testB,1,2.59,0.421,3.84,2.72,1.36,2.02,1.01,1.02,0.97,0.8,1,0.57,neutral,neutral,0,-0.2,32,5371,0,
s20432,WLDUSDT,1784741400000,train,1,5.04,0.491,5.97,5.67,1.85,4.61,3.51,1.8,1.26,0.82,1,0.43,neutral,neutral,0,-0.825,32,5373,1,
s20433,PUMPUSDT,1784742300000,train,-1,-2.69,0.387,3.55,2.92,0.69,-2.8,1.05,0.78,0.82,0.77,0,0.11,neutral,neutral,0,0.214,32,5374,1,
s20434,WLDUSDT,1784744100000,train,1,4.12,0.423,6.04,4.53,0.84,3.7,1.61,1.91,1.25,0.86,1,0.42,neutral,neutral,0,-1.0,32,5376,0,
s20435,ENAUSDT,1784744100000,train,1,3.73,0.459,4.37,3.88,0.81,3.31,1.24,2.35,2.18,1.51,1,0.42,neutral,neutral,0,-0.26,32,5376,1,
s20436,PUMPUSDT,1784745000000,train,-1,-3.22,0.488,4.12,3.64,0.87,-3.39,1.9,0.82,0.73,0.78,0,0.17,neutral,bajista,0,0.029,32,5377,4,
s20437,STBLUSDT,1784745000000,train,-1,-2.95,0.413,4.14,3.35,0.29,-3.12,1.39,1.45,1.48,0.95,0,0.17,neutral,bajista,0,-1.0,3,5377,4,
s20438,WLDUSDT,1784745000000,train,1,3.99,0.404,6.05,4.34,0.8,3.82,1.21,1.91,1.25,0.86,1,0.17,neutral,neutral,0,-1.0,31,5377,0,
s20439,ENAUSDT,1784745000000,train,1,3.79,0.47,4.24,3.74,0.81,3.62,1.07,2.35,2.18,1.51,1,0.17,neutral,neutral,0,-0.255,32,5377,0,
s20440,PUMPUSDT,1784745900000,train,-1,-3.17,0.484,4.12,3.7,0.95,-3.31,1.7,0.82,0.73,0.78,0,0.14,neutral,bajista,0,-0.0,32,5378,5,
s20441,STBLUSDT,1784745900000,train,-1,-2.65,0.356,4.13,2.99,0.25,-2.79,1.01,1.45,1.48,0.95,0,0.14,neutral,neutral,0,-1.0,2,5378,0,
s20442,WLDUSDT,1784745900000,train,1,3.88,0.398,6.05,4.36,0.6,3.74,1.08,1.91,1.25,0.86,1,0.14,neutral,neutral,0,-1.0,30,5378,1,
s20443,ENAUSDT,1784745900000,train,1,3.7,0.465,4.31,3.58,1.01,3.57,1.31,2.35,2.18,1.51,1,0.14,neutral,neutral,0,-0.247,32,5378,1,
s20444,PUMPUSDT,1784746800000,train,-1,-3.73,0.557,4.45,4.08,1.05,-3.47,1.78,0.91,0.75,0.81,0,-0.25,neutral,bajista,0,-0.065,32,5379,6,
s20445,ENAUSDT,1784746800000,train,1,3.35,0.441,3.98,3.38,0.9,3.6,1.48,2.2,2.22,1.58,0,-0.25,neutral,alcista,0,-0.335,32,5379,2,
s20446,PUMPUSDT,1784747700000,train,-1,-4.49,0.603,5.18,4.92,1.27,-4.22,2.39,0.91,0.75,0.81,0,-0.27,neutral,bajista,0,-0.337,32,5380,7,
s20447,ENAUSDT,1784747700000,train,1,3.79,0.473,4.23,3.77,1.13,4.06,2.0,2.2,2.22,1.58,0,-0.27,neutral,alcista,0,-0.42,32,5380,3,
s20448,PUMPUSDT,1784748600000,train,-1,-4.2,0.577,5.5,4.86,0.95,-3.96,2.1,0.91,0.75,0.81,0,-0.24,neutral,neutral,0,-0.253,32,5381,0,
s20449,ENAUSDT,1784748600000,train,1,3.85,0.478,4.2,4.07,1.18,4.08,2.25,2.2,2.22,1.58,0,-0.24,neutral,alcista,0,-0.394,32,5381,4,
s20450,PUMPUSDT,1784749500000,train,-1,-4.05,0.552,5.5,4.75,0.97,-3.86,1.84,0.91,0.75,0.81,0,-0.19,neutral,neutral,0,-0.315,32,5382,0,
s20451,ENAUSDT,1784749500000,train,1,3.5,0.415,4.13,3.49,1.03,3.68,1.49,2.2,2.22,1.58,0,-0.19,neutral,neutral,0,-0.404,32,5382,0,
s20452,ENAUSDT,1784750400000,train,1,3.23,0.398,3.9,3.89,1.1,3.52,1.9,1.97,2.16,1.64,0,-0.29,neutral,neutral,0,-0.47,32,5383,1,
s20453,STBLUSDT,1784751300000,train,1,3.97,0.368,4.91,4.83,1.4,4.11,2.38,2.7,2.13,1.25,1,-0.14,neutral,alcista,0,0.139,32,5384,3,
s20454,STBLUSDT,1784752200000,train,1,6.22,0.48,9.07,7.8,2.27,6.74,5.09,2.7,2.13,1.25,1,-0.52,neutral,alcista,0,-0.203,32,5385,4,
s20455,PENDLEUSDT,1784753100000,train,-1,-2.67,0.503,3.06,2.9,0.54,-2.2,0.54,1.33,1.13,0.95,1,-0.47,neutral,bajista,0,-0.29,32,5386,2,
s20456,WLDUSDT,1784754000000,train,-1,-2.53,0.39,4.35,3.7,0.32,-2.17,0.43,1.79,1.32,0.93,1,-0.36,neutral,neutral,0,0.604,32,5387,0,
s20457,PENDLEUSDT,1784754000000,train,-1,-2.01,0.4,2.54,2.14,0.89,-1.65,0.35,1.27,1.16,0.97,1,-0.36,neutral,neutral,0,-0.309,32,5387,0,
s20458,WLDUSDT,1784754900000,train,-1,-2.37,0.373,4.37,4.16,0.33,-2.24,1.15,1.79,1.32,0.93,1,-0.13,neutral,neutral,0,0.298,32,5388,1,
s20459,WLDUSDT,1784755800000,train,-1,-2.84,0.491,4.28,3.17,0.4,-2.74,0.24,1.79,1.32,0.93,1,-0.1,neutral,neutral,0,0.685,32,5389,0,
s20460,WLDUSDT,1784756700000,train,-1,-2.43,0.451,3.75,3.06,0.44,-2.49,0.76,1.79,1.32,0.93,1,0.06,neutral,neutral,0,0.689,32,5390,1,
s20461,WLDUSDT,1784758500000,train,-1,-2.09,0.39,3.03,2.37,0.55,-2.28,0.78,1.49,1.44,1.01,1,0.19,neutral,neutral,0,0.826,32,5392,1,
s20462,ONDOUSDT,1784758500000,train,1,2.01,0.39,2.81,2.33,0.9,1.82,0.68,0.66,1.03,1.05,0,0.19,neutral,neutral,0,-1.0,15,5391,1,
s20463,WLDUSDT,1784759400000,train,-1,-3.51,0.517,4.73,4.08,1.92,-3.77,2.07,1.49,1.44,1.01,1,0.27,neutral,bajista,0,0.077,32,5393,2,
s20464,WLDUSDT,1784760300000,train,-1,-3.13,0.437,4.43,3.36,2.25,-3.36,1.47,1.49,1.44,1.01,1,0.23,neutral,neutral,0,0.194,32,5394,0,
s20465,STBLUSDT,1784761200000,train,1,5.63,0.361,8.28,5.54,1.15,5.46,1.78,4.66,3.24,1.99,1,0.18,neutral,neutral,0,-1.0,19,5395,0,
s20466,ARBUSDT,1784761200000,train,-1,-2.08,0.422,3.03,2.88,2.82,-2.26,2.13,1.88,1.69,1.32,1,0.18,neutral,neutral,0,-1.0,5,5395,1,
s20467,PUMPUSDT,1784762100000,train,1,2.03,0.352,3.72,2.57,0.43,1.92,0.23,0.68,0.74,0.82,0,0.11,neutral,neutral,0,-0.204,32,5396,1,
s20468,ENAUSDT,1784762100000,train,-1,-2.59,0.378,3.6,3.36,0.97,-2.7,1.42,1.61,2.05,1.74,0,0.11,neutral,bajista,0,-0.467,32,5396,2,
s20469,ENAUSDT,1784763000000,train,-1,-3.23,0.507,3.59,3.46,0.91,-3.42,1.43,1.61,2.05,1.74,0,0.19,neutral,bajista,0,-0.457,32,5397,3,
s20470,ENAUSDT,1784763900000,train,-1,-2.41,0.389,3.58,3.13,0.86,-2.7,1.02,1.61,2.05,1.74,0,0.29,neutral,neutral,0,-0.652,32,5398,0,
s20471,ENAUSDT,1784764800000,train,-1,-3.24,0.565,3.59,3.35,0.75,-3.62,1.21,1.46,1.93,1.73,0,0.38,neutral,neutral,0,-0.837,32,5399,1,
s20472,0GUSDT,1784765700000,train,1,3.12,0.463,3.35,3.24,5,2.64,2.61,0.45,0.37,0.38,0,0.48,neutral,alcista,0,-0.393,32,5400,3,
s20473,0GUSDT,1784766600000,train,1,2.74,0.385,3.79,2.88,5,2.44,2.0,0.45,0.37,0.38,0,0.3,neutral,neutral,0,-0.352,32,5401,0,
s20474,0GUSDT,1784767500000,train,1,4.27,0.494,4.41,4.36,5,4.07,3.22,0.45,0.37,0.38,0,0.21,neutral,neutral,0,-0.614,32,5402,1,
s20475,ENAUSDT,1784767500000,train,-1,-2.27,0.423,3.3,2.73,0.82,-2.48,0.8,1.46,1.93,1.73,0,0.21,neutral,neutral,0,-1.0,30,5402,1,
s20476,ENAUSDT,1784768400000,train,-1,-2.26,0.421,3.17,2.85,0.8,-2.43,0.85,1.26,1.74,1.74,0,0.18,neutral,bajista,0,-1.0,29,5403,2,
s20477,STBLUSDT,1784770200000,train,-1,-4.2,0.463,6.85,6.27,0.61,-3.7,2.34,4.99,3.53,2.21,1,-0.5,neutral,bajista,0,-0.247,32,5405,5,
s20478,STBLUSDT,1784771100000,train,-1,-5.58,0.583,7.72,7.34,0.65,-5.22,3.09,4.99,3.53,2.21,1,-0.36,neutral,bajista,0,-0.218,32,5406,6,
s20479,STBLUSDT,1784772000000,train,-1,-5.64,0.597,6.82,6.19,0.55,-5.23,2.5,4.38,3.62,2.32,1,-0.41,neutral,neutral,0,-0.177,32,5407,0,
s20480,WLDUSDT,1784772000000,train,-1,-2.13,0.417,2.65,2.31,0.78,-1.72,1.02,1.01,1.43,1.11,0,-0.41,neutral,bajista,0,-0.125,32,5407,6,
s20481,ONDOUSDT,1784772000000,train,-1,-2.98,0.496,4.56,3.17,3.57,-2.57,2.24,0.83,0.83,1.09,0,-0.41,neutral,neutral,0,-0.148,32,5406,1,
s20482,ONDOUSDT,1784772900000,train,-1,-3.05,0.514,4.56,3.14,4.0,-2.62,2.07,0.83,0.83,1.09,0,-0.43,neutral,neutral,0,-0.11,32,5407,0,
s20483,STBLUSDT,1784773800000,train,-1,-3.1,0.387,6.2,4.41,0.75,-2.84,1.3,4.38,3.62,2.32,1,-0.27,neutral,neutral,0,0.264,32,5409,0,
s20484,ONDOUSDT,1784773800000,train,-1,-2.72,0.481,4.5,3.07,4.34,-2.45,1.81,0.83,0.83,1.09,0,-0.27,neutral,neutral,0,-0.105,32,5408,0,
s20485,STBLUSDT,1784774700000,train,-1,-5.24,0.627,6.03,5.57,0.73,-4.88,2.41,4.38,3.62,2.32,1,-0.36,neutral,neutral,0,-0.03,32,5410,1,
s20486,STBLUSDT,1784775600000,train,-1,-4.97,0.612,5.78,5.7,0.78,-4.59,2.62,3.35,3.5,2.44,0,-0.38,neutral,bajista,0,-1.0,18,5411,2,
s20487,STBLUSDT,1784776500000,train,-1,-4.41,0.522,5.76,5.21,0.85,-3.91,2.04,3.35,3.5,2.44,0,-0.5,neutral,neutral,0,-1.0,17,5412,0,
s20488,STBLUSDT,1784777400000,train,-1,-4.54,0.528,5.77,5.56,0.68,-4.09,2.27,3.35,3.5,2.44,0,-0.45,neutral,neutral,0,-1.0,16,5413,1,
s20489,STBLUSDT,1784778300000,train,-1,-3.72,0.397,6.31,4.5,0.79,-3.03,1.01,3.35,3.5,2.44,0,-0.69,neutral,neutral,0,-1.0,15,5414,0,
s20490,ARBUSDT,1784782800000,train,-1,-2.17,0.817,2.38,2.35,0.9,-1.56,0.9,0.85,1.36,1.33,0,-0.61,neutral,bajista,0,0.986,32,5419,3,
s20491,ENAUSDT,1784783700000,train,1,2.14,0.569,2.52,2.48,1.38,2.44,1.25,1.17,1.38,1.78,0,-0.3,neutral,neutral,0,-1.0,31,5420,1,
s20492,LDOUSDT,1784787300000,testB,1,2.25,0.437,2.76,2.69,0.96,2.23,1.25,0.73,0.69,0.84,0,0.02,neutral,alcista,0,-1.0,9,5423,2,
s20493,LDOUSDT,1784788200000,testB,1,2.73,0.507,3.31,3.02,1.37,2.74,1.49,0.73,0.69,0.84,0,-0.02,neutral,alcista,0,-1.0,8,5424,3,
s20494,LDOUSDT,1784789100000,testB,1,2.9,0.523,3.5,3.37,1.56,2.92,1.74,0.73,0.69,0.84,0,-0.02,neutral,alcista,0,-1.0,7,5425,4,
s20495,LDOUSDT,1784790000000,testB,1,2.88,0.516,3.34,2.85,1.87,3.16,1.24,0.82,0.74,0.84,0,-0.28,neutral,neutral,0,-1.0,6,5426,0,
s20496,STBLUSDT,1784790900000,train,1,4.74,0.378,5.78,5.62,1.3,5.05,2.35,2.99,4.17,3.03,0,-0.31,neutral,neutral,0,-1.0,25,5428,1,
s20497,LDOUSDT,1784790900000,testB,1,2.47,0.478,3.0,2.51,1.68,2.78,1.13,0.82,0.74,0.84,0,-0.31,neutral,neutral,0,-1.0,3,5427,1,
s20498,STBLUSDT,1784791800000,train,1,4.54,0.355,6.3,5.12,1.77,4.99,1.82,2.99,4.17,3.03,0,-0.45,neutral,neutral,0,-1.0,24,5429,0,
s20499,0GUSDT,1784792700000,train,-1,-2.12,0.488,3.47,3.36,1.54,-1.78,1.04,0.75,0.68,0.47,1,-0.34,neutral,bajista,0,0.065,32,5430,5,
s20500,PENDLEUSDT,1784792700000,train,-1,-2.13,0.588,2.76,2.66,1.98,-1.8,1.3,0.77,0.71,0.93,0,-0.34,neutral,bajista,0,0.744,32,5430,5,
s20501,0GUSDT,1784793600000,train,-1,-2.0,0.452,3.44,2.64,0.58,-1.79,0.28,0.56,0.69,0.47,0,-0.21,neutral,neutral,0,0.367,32,5431,0,
s20502,PENDLEUSDT,1784793600000,train,-1,-2.61,0.772,3.03,2.79,1.91,-2.4,1.35,0.67,0.71,0.93,0,-0.21,neutral,bajista,0,0.703,32,5431,6,
s20503,APEUSDT,1784797200000,testB,1,2.08,0.455,2.65,2.51,1.41,2.03,1.26,0.86,0.79,0.85,0,0.05,neutral,neutral,0,1.081,32,5434,1,
s20504,PENDLEUSDT,1784798100000,train,-1,-2.05,0.538,2.75,2.26,0.75,-2.04,0.73,0.66,0.69,0.93,0,-0.02,neutral,neutral,0,0.934,32,5436,1,
s20505,ONDOUSDT,1784798100000,train,-1,-2.09,0.374,2.55,2.13,0.93,-2.07,0.57,0.53,0.69,0.97,0,-0.02,neutral,bajista,0,0.163,32,5435,2,
s20506,LDOUSDT,1784798100000,testB,-1,-3.81,0.432,5.58,5.5,1.41,-3.8,2.8,1.21,0.95,0.89,1,-0.02,neutral,bajista,0,-0.079,32,5435,6,
s20507,APEUSDT,1784798100000,testB,1,2.08,0.455,2.65,2.51,1.15,2.09,1.08,0.86,0.79,0.85,0,-0.02,neutral,alcista,0,1.0,32,5435,2,
s20508,LDOUSDT,1784799000000,testB,-1,-3.35,0.376,5.56,5.2,1.14,-3.34,2.25,1.21,0.95,0.89,1,-0.01,neutral,neutral,0,0.044,32,5436,0,
s20509,APEUSDT,1784799000000,testB,1,2.43,0.538,3.25,2.64,0.99,2.44,1.11,0.86,0.79,0.85,0,-0.01,neutral,alcista,0,0.846,32,5436,3,
s20510,LDOUSDT,1784799900000,testB,-1,-3.54,0.388,5.9,5.8,1.06,-3.45,2.58,1.21,0.95,0.89,1,-0.09,neutral,neutral,0,0.119,32,5437,1,
s20511,APEUSDT,1784799900000,testB,1,2.22,0.471,3.26,2.44,0.91,2.31,0.85,0.86,0.79,0.85,0,-0.09,neutral,neutral,0,0.778,32,5437,0,
s20512,LDOUSDT,1784800800000,testB,-1,-3.51,0.384,5.88,5.5,0.61,-3.58,2.14,1.2,0.96,0.88,1,0.08,neutral,neutral,0,0.158,32,5438,0,
s20513,APEUSDT,1784800800000,testB,1,2.14,0.463,2.91,2.37,0.87,2.07,1.01,0.83,0.81,0.85,0,0.08,neutral,neutral,0,0.571,32,5438,1,
s20514,LDOUSDT,1784801700000,testB,-1,-4.45,0.548,5.89,5.53,0.44,-4.48,1.94,1.2,0.96,0.88,1,0.03,neutral,neutral,0,0.134,32,5439,1,
s20515,APEUSDT,1784801700000,testB,1,2.07,0.455,2.71,2.17,0.95,2.05,0.94,0.83,0.81,0.85,0,0.03,neutral,neutral,0,0.656,32,5439,0,
s20516,0GUSDT,1784802600000,train,-1,-2.15,0.556,3.73,3.45,1.29,-2.16,1.19,0.42,0.73,0.48,0,0.01,neutral,neutral,0,-0.127,32,5441,1,
s20517,PENDLEUSDT,1784802600000,train,-1,-2.01,0.496,2.28,2.13,0.75,-2.02,0.66,0.64,0.7,0.93,0,0.01,neutral,bajista,0,0.909,32,5441,2,
s20518,LDOUSDT,1784802600000,testB,-1,-5.09,0.631,6.11,5.88,0.4,-5.11,2.0,1.2,0.96,0.88,1,0.01,neutral,bajista,0,0.135,32,5440,2,
s20519,APEUSDT,1784802600000,testB,1,2.2,0.471,2.69,2.69,0.79,2.19,1.35,0.83,0.81,0.85,0,0.01,neutral,neutral,0,0.525,32,5440,1,
s20520,PENDLEUSDT,1784803500000,train,-1,-2.53,0.553,2.69,2.59,0.89,-2.44,1.2,0.64,0.7,0.93,0,-0.09,neutral,bajista,0,0.539,32,5442,3,
s20521,LDOUSDT,1784803500000,testB,-1,-5.0,0.617,5.98,5.29,0.41,-4.91,1.44,1.2,0.96,0.88,1,-0.09,neutral,neutral,0,0.193,32,5441,0,
s20522,LDOUSDT,1784804400000,testB,-1,-4.65,0.599,5.72,5.03,0.43,-5.05,1.43,1.21,0.99,0.88,1,0.4,neutral,neutral,0,0.228,32,5442,0,
s20523,APEUSDT,1784804400000,testB,1,2.21,0.593,2.7,2.3,0.77,1.81,0.83,0.92,0.84,0.85,0,0.4,neutral,neutral,0,0.912,32,5442,1,
s20524,STBLUSDT,1784805300000,train,-1,-3.68,0.431,5.37,4.49,0.54,-3.96,0.86,2.51,2.65,3.13,0,0.28,neutral,neutral,0,-0.084,32,5444,0,
s20525,LDOUSDT,1784805300000,testB,-1,-4.87,0.61,5.66,5.2,0.4,-5.16,1.55,1.21,0.99,0.88,1,0.28,neutral,neutral,0,0.256,32,5443,1,
s20526,STBLUSDT,1784806200000,train,-1,-3.41,0.412,4.84,4.21,0.37,-3.66,1.11,2.51,2.65,3.13,0,0.25,neutral,neutral,0,-0.16,32,5445,1,
s20527,LDOUSDT,1784806200000,testB,-1,-4.47,0.587,5.63,5.47,0.39,-4.72,1.75,1.21,0.99,0.88,1,0.25,neutral,bajista,0,0.197,32,5444,2,
s20528,APEUSDT,1784806200000,testB,1,2.13,0.633,2.89,2.36,0.83,1.88,0.84,0.92,0.84,0.85,0,0.25,neutral,alcista,0,0.343,32,5444,3,
s20529,PUMPUSDT,1784807100000,train,1,2.48,0.553,3.09,2.68,1.75,2.3,1.37,0.42,0.39,0.56,0,0.18,neutral,alcista,0,-1.0,27,5446,4,
s20530,STBLUSDT,1784807100000,train,-1,-3.45,0.415,4.67,4.12,0.39,-3.64,1.06,2.51,2.65,3.13,0,0.18,neutral,bajista,0,-0.429,32,5446,2,
s20531,LDOUSDT,1784807100000,testB,-1,-4.69,0.64,5.45,4.94,0.53,-4.87,1.22,1.21,0.99,0.88,1,0.18,neutral,neutral,0,0.202,32,5445,0,
s20532,APEUSDT,1784807100000,testB,1,2.27,0.673,2.76,2.29,0.91,2.09,0.93,0.92,0.84,0.85,0,0.18,neutral,alcista,0,0.412,32,5445,4,
s20533,PUMPUSDT,1784808000000,train,1,2.27,0.483,3.1,2.38,1.89,2.31,0.97,0.48,0.4,0.56,0,-0.04,neutral,neutral,0,-1.0,26,5447,0,
s20534,STBLUSDT,1784808000000,train,-1,-3.23,0.397,4.31,4.14,0.35,-3.19,1.6,2.28,2.51,3.12,0,-0.04,neutral,bajista,0,-0.5,32,5447,3,
s20535,LDOUSDT,1784808000000,testB,-1,-2.1,0.365,3.36,2.37,0.59,-2.06,0.67,1.19,0.96,0.87,1,-0.04,neutral,neutral,0,0.462,32,5446,0,
s20536,APEUSDT,1784808000000,testB,1,3.23,0.746,3.33,3.26,1.57,3.27,1.69,1.11,1.0,0.9,1,-0.04,neutral,alcista,0,0.061,32,5446,5,
s20537,STBLUSDT,1784808900000,train,-1,-3.87,0.482,5.04,4.45,0.48,-3.61,1.64,2.28,2.51,3.12,0,-0.26,neutral,bajista,0,-0.514,32,5448,4,
s20538,APEUSDT,1784808900000,testB,1,2.81,0.719,3.46,2.8,2.1,3.07,1.54,1.11,1.0,0.9,1,-0.26,neutral,neutral,0,0.429,32,5447,0,
s20539,STBLUSDT,1784809800000,train,-1,-3.12,0.427,3.86,3.26,0.74,-2.32,1.48,2.28,2.51,3.12,0,-0.8,neutral,neutral,0,-0.597,32,5449,0,
s20540,PENDLEUSDT,1784809800000,train,-1,-2.14,0.518,2.91,2.5,2.22,-1.34,1.29,0.91,0.78,0.97,0,-0.8,neutral,bajista,0,-0.266,32,5449,3,
s20541,APEUSDT,1784809800000,testB,1,2.04,0.577,3.0,2.13,2.55,2.84,1.22,1.11,1.0,0.9,1,-0.8,neutral,neutral,0,0.906,32,5448,0,
s20542,STBLUSDT,1784810700000,train,-1,-3.38,0.446,3.97,3.88,0.93,-2.67,1.86,2.28,2.51,3.12,0,-0.71,neutral,neutral,0,-0.67,32,5450,1,
s20543,PUMPUSDT,1784811600000,train,1,2.06,0.394,2.74,2.02,1.07,3.02,0.79,0.6,0.48,0.58,0,-0.96,neutral,alcista,0,-1.0,22,5451,2,
s20544,ENAUSDT,1784811600000,train,-1,-2.51,0.439,3.22,3.07,2.62,-1.54,2.14,2.36,1.84,1.8,1,-0.96,neutral,bajista,0,0.12,32,5451,5,
s20545,ARBUSDT,1784811600000,train,-1,-2.15,0.52,2.76,2.5,3.25,-1.19,1.44,0.94,0.83,1.21,0,-0.96,neutral,neutral,0,0.005,32,5451,1,
s20546,SUIUSDT,1784811600000,train,-1,-2.07,0.8,2.36,2.31,4.23,-1.11,1.29,1.47,1.25,1.16,1,-0.96,neutral,bajista,0,0.566,32,5451,4,
s20547,PENDLEUSDT,1784811600000,train,-1,-2.72,0.608,3.08,2.93,2.47,-1.75,1.52,1.0,0.87,0.99,0,-0.96,neutral,neutral,0,-0.421,32,5451,1,
s20548,PUMPUSDT,1784812500000,train,1,2.69,0.459,2.82,2.72,1.31,3.74,1.37,0.6,0.48,0.58,0,-1.05,neutral,alcista,0,-1.0,21,5452,3,
s20549,STBLUSDT,1784812500000,train,-1,-2.7,0.399,3.97,3.93,0.78,-1.65,1.53,1.64,2.36,3.12,0,-1.05,neutral,neutral,0,-0.457,32,5452,1,
s20550,ENAUSDT,1784812500000,train,-1,-3.52,0.574,3.95,3.85,5,-2.47,2.57,2.36,1.84,1.8,1,-1.05,neutral,bajista,0,-0.064,32,5452,6,
s20551,ARBUSDT,1784812500000,train,-1,-2.37,0.581,2.76,2.59,3.26,-1.32,1.4,0.94,0.83,1.21,0,-1.05,neutral,bajista,0,-0.062,32,5452,2,
s20552,SUIUSDT,1784812500000,train,-1,-2.15,0.806,2.33,2.25,4.87,-1.1,1.41,1.47,1.25,1.16,1,-1.05,neutral,bajista,0,0.459,32,5452,5,
s20553,PENDLEUSDT,1784812500000,train,-1,-2.41,0.557,3.09,2.84,2.35,-1.36,1.29,1.0,0.87,0.99,0,-1.05,neutral,neutral,0,-0.506,32,5452,0,
s20554,SANDUSDT,1784812500000,testB,-1,-2.05,0.662,2.28,2.2,2.2,-1.0,1.24,1.22,1.12,0.97,1,-1.05,neutral,bajista,0,1.0,32,5451,2,
s20555,PUMPUSDT,1784813400000,train,1,2.27,0.361,3.3,2.32,1.47,3.23,0.79,0.6,0.48,0.58,0,-0.96,neutral,neutral,0,-1.0,20,5453,0,
s20556,STBLUSDT,1784813400000,train,-1,-3.25,0.53,4.08,3.36,0.79,-2.29,1.02,1.64,2.36,3.12,0,-0.96,neutral,neutral,0,-0.456,32,5453,0,
s20557,ENAUSDT,1784813400000,train,-1,-3.05,0.476,4.03,3.46,5,-2.08,1.94,2.36,1.84,1.8,1,-0.96,neutral,neutral,0,0.036,32,5453,0,
s20558,ARBUSDT,1784813400000,train,-1,-2.06,0.468,2.75,2.16,1.5,-1.09,0.88,0.94,0.83,1.21,0,-0.96,neutral,neutral,0,0.138,32,5453,0,
s20559,LDOUSDT,1784813400000,testB,1,2.09,0.383,3.0,2.92,1.84,3.06,1.61,1.19,1.01,0.89,1,-0.96,neutral,alcista,0,-1.0,6,5452,2,
s20560,SANDUSDT,1784813400000,testB,-1,-2.05,0.662,2.26,2.09,1.92,-1.08,1.05,1.22,1.12,0.97,1,-0.96,neutral,neutral,0,1.02,32,5452,0,
s20561,APEUSDT,1784813400000,testB,1,2.1,0.437,2.72,2.39,1.45,3.06,1.27,1.31,1.12,0.94,1,-0.96,neutral,alcista,0,-0.306,32,5452,2,
s20562,STBLUSDT,1784814300000,train,-1,-2.83,0.493,3.68,3.46,0.67,-1.68,1.24,1.64,2.36,3.12,0,-1.14,neutral,neutral,0,-1.0,24,5454,1,
s20563,ENAUSDT,1784814300000,train,-1,-2.64,0.439,4.04,3.64,4.49,-1.5,1.9,2.36,1.84,1.8,1,-1.14,neutral,neutral,0,0.003,32,5454,1,
s20564,ARBUSDT,1784814300000,train,-1,-2.25,0.49,2.77,2.69,1.22,-1.11,1.27,0.94,0.83,1.21,0,-1.14,neutral,neutral,0,-0.026,32,5454,1,
s20565,SUIUSDT,1784814300000,train,-1,-2.11,0.583,2.39,2.39,2.57,-0.96,1.43,1.47,1.25,1.16,1,-1.14,neutral,neutral,0,0.35,32,5454,1,
s20566,SANDUSDT,1784814300000,testB,-1,-2.26,0.684,2.44,2.42,1.42,-1.11,1.26,1.22,1.12,0.97,1,-1.14,neutral,neutral,0,0.699,32,5453,1,
s20567,STBLUSDT,1784815200000,train,-1,-2.25,0.386,3.15,2.6,0.63,-1.25,0.86,1.59,2.4,3.19,0,-1.0,neutral,neutral,0,-1.0,1,5455,0,
s20568,ENAUSDT,1784815200000,train,-1,-3.0,0.537,4.11,3.36,3.71,-2.0,1.52,2.27,1.87,1.71,1,-1.0,neutral,neutral,0,0.043,32,5455,0,
s20569,ARBUSDT,1784815200000,train,-1,-2.04,0.424,2.88,2.32,1.14,-1.04,0.85,0.96,0.83,1.19,0,-1.0,neutral,neutral,0,0.257,32,5455,0,
s20570,SUIUSDT,1784815200000,train,-1,-2.09,0.577,2.75,2.36,2.58,-1.09,1.25,1.75,1.41,1.17,1,-1.0,neutral,neutral,0,0.466,32,5455,0,
s20571,SANDUSDT,1784815200000,testB,-1,-2.21,0.663,3.23,2.33,2.65,-1.21,1.07,1.71,1.2,1.08,1,-1.0,neutral,neutral,0,0.862,32,5454,0,
s20572,ENAUSDT,1784816100000,train,-1,-2.66,0.5,4.11,3.33,1.12,-1.74,1.33,2.27,1.87,1.71,1,-0.93,neutral,neutral,0,0.04,32,5456,0,
s20573,ARBUSDT,1784816100000,train,-1,-2.22,0.447,2.89,2.5,0.99,-1.29,0.94,0.96,0.83,1.19,0,-0.93,neutral,neutral,0,0.129,32,5456,1,
s20574,SUIUSDT,1784816100000,train,-1,-2.04,0.555,2.74,2.23,2.22,-1.11,0.99,1.75,1.41,1.17,1,-0.93,neutral,neutral,0,0.387,32,5456,0,
s20575,SANDUSDT,1784816100000,testB,-1,-2.23,0.673,3.22,2.31,2.49,-1.31,0.96,1.71,1.2,1.08,1,-0.93,neutral,neutral,0,0.889,32,5455,0,
s20576,ENAUSDT,1784817000000,train,-1,-2.34,0.442,4.11,3.18,0.55,-1.21,1.0,2.27,1.87,1.71,1,-1.13,neutral,neutral,0,0.092,32,5457,0,
s20577,ARBUSDT,1784817000000,train,-1,-2.21,0.445,2.89,2.52,0.73,-1.08,0.83,0.96,0.83,1.19,0,-1.13,neutral,bajista,0,0.187,32,5457,2,
s20578,SUIUSDT,1784817000000,train,-1,-2.31,0.618,2.72,2.38,1.95,-1.18,1.03,1.75,1.41,1.17,1,-1.13,neutral,neutral,0,0.257,32,5457,1,
s20579,SANDUSDT,1784817000000,testB,-1,-2.47,0.694,3.13,2.53,2.15,-1.34,1.14,1.71,1.2,1.08,1,-1.13,neutral,neutral,0,0.644,32,5456,1,
s20580,WLDUSDT,1784817900000,train,-1,-2.07,0.351,2.73,2.54,0.7,-0.82,1.17,0.91,0.89,1.15,0,-1.25,neutral,bajista,0,-1.0,21,5458,2,
s20581,ENAUSDT,1784817900000,train,-1,-2.78,0.485,4.13,3.72,0.35,-1.53,1.46,2.27,1.87,1.71,1,-1.25,neutral,neutral,0,-0.066,32,5458,1,
s20582,ARBUSDT,1784817900000,train,-1,-2.68,0.494,3.26,3.11,0.69,-1.43,1.29,0.96,0.83,1.19,0,-1.25,neutral,bajista,0,0.007,32,5458,3,
s20583,SUIUSDT,1784817900000,train,-1,-2.48,0.635,2.73,2.56,1.46,-1.24,1.31,1.75,1.41,1.17,1,-1.25,neutral,bajista,0,0.125,32,5458,2,
s20584,SANDUSDT,1784817900000,testB,-1,-2.7,0.713,2.89,2.8,1.86,-1.46,1.5,1.71,1.2,1.08,1,-1.25,neutral,bajista,0,0.423,32,5457,2,
s20585,WLDUSDT,1784818800000,train,-1,-2.9,0.468,3.5,3.15,1.03,-1.47,1.59,1.1,0.91,1.2,0,-1.43,neutral,bajista,0,-1.0,20,5459,3,
s20586,ENAUSDT,1784818800000,train,-1,-3.3,0.641,3.93,3.43,0.33,-1.88,1.19,2.26,1.86,1.69,1,-1.43,neutral,neutral,0,-0.026,32,5459,0,
s20587,ARBUSDT,1784818800000,train,-1,-3.55,0.62,3.9,3.75,0.96,-2.12,1.72,1.21,0.93,1.21,0,-1.43,neutral,bajista,0,-0.099,32,5459,4,
s20588,OPUSDT,1784818800000,train,-1,-2.5,0.632,2.78,2.56,0.79,-1.07,1.29,1.24,0.91,0.79,1,-1.43,neutral,bajista,0,0.375,32,5459,2,
s20589,SUIUSDT,1784818800000,train,-1,-3.38,0.703,3.7,3.6,1.39,-1.96,2.09,2.23,1.62,1.23,1,-1.43,neutral,bajista,0,-0.161,32,5459,3,
s20590,JUPUSDT,1784818800000,train,-1,-2.16,0.42,2.58,2.48,0.93,-0.74,0.9,0.99,0.84,1.0,0,-1.43,neutral,bajista,0,0.574,32,5459,2,
s20591,PENDLEUSDT,1784818800000,train,-1,-2.09,0.385,2.49,2.38,0.85,-0.66,1.28,1.09,0.86,0.93,0,-1.43,neutral,bajista,0,-0.669,32,5459,3,
s20592,GRTUSDT,1784818800000,testB,-1,-2.19,0.643,2.49,2.31,0.5,-0.77,1.16,2.14,1.54,1.15,1,-1.43,neutral,bajista,0,0.541,32,5458,2,
s20593,SANDUSDT,1784818800000,testB,-1,-3.12,0.741,3.61,3.27,1.16,-1.7,1.81,2.05,1.29,1.13,1,-1.43,neutral,bajista,0,0.245,32,5458,3,
s20594,ENAUSDT,1784819700000,train,-1,-2.11,0.381,3.8,2.5,0.4,-0.96,0.33,2.26,1.86,1.69,1,-1.14,neutral,neutral,0,0.348,32,5460,0,
s20595,ARBUSDT,1784819700000,train,-1,-2.64,0.466,3.64,2.77,1.27,-1.5,1.17,1.21,0.93,1.21,0,-1.14,neutral,neutral,0,0.117,32,5460,0,
s20596,SUIUSDT,1784819700000,train,-1,-3.09,0.635,3.86,3.38,1.66,-1.94,1.75,2.23,1.62,1.23,1,-1.14,neutral,neutral,0,-0.127,32,5460,0,
s20597,SANDUSDT,1784819700000,testB,-1,-2.55,0.614,3.39,2.78,1.09,-1.4,1.39,2.05,1.29,1.13,1,-1.14,neutral,neutral,0,0.403,32,5459,0,
s20598,SUIUSDT,1784820600000,train,-1,-2.8,0.561,3.85,3.15,1.65,-1.81,1.37,2.23,1.62,1.23,1,-0.99,neutral,neutral,0,-0.026,32,5461,0,
s20599,SANDUSDT,1784820600000,testB,-1,-2.4,0.6,3.35,2.87,1.1,-1.41,1.34,2.05,1.29,1.13,1,-0.99,neutral,neutral,0,0.308,32,5460,1,
s20600,ENAUSDT,1784821500000,train,-1,-2.35,0.392,3.77,2.75,0.41,-1.45,0.62,2.26,1.86,1.69,1,-0.89,neutral,neutral,0,0.272,32,5462,1,
s20601,SUIUSDT,1784821500000,train,-1,-2.35,0.437,3.7,2.58,1.41,-1.46,0.84,2.23,1.62,1.23,1,-0.89,neutral,neutral,0,0.233,32,5462,0,
s20602,SANDUSDT,1784821500000,testB,-1,-2.63,0.698,3.28,2.7,0.92,-1.73,1.11,2.05,1.29,1.13,1,-0.89,neutral,neutral,0,0.352,32,5461,0,
s20603,ENAUSDT,1784822400000,train,-1,-2.28,0.385,3.77,2.75,0.37,-1.33,0.5,2.2,1.79,1.61,1,-0.96,neutral,neutral,0,0.37,32,5463,0,
s20604,ARBUSDT,1784822400000,train,-1,-2.04,0.366,3.21,2.16,1.03,-1.09,0.71,1.28,0.94,1.17,0,-0.96,neutral,neutral,0,0.278,32,5463,1,
s20605,SUIUSDT,1784822400000,train,-1,-2.75,0.487,3.71,2.94,0.83,-1.79,1.06,2.34,1.66,1.19,1,-0.96,neutral,neutral,0,0.219,32,5463,1,
s20606,SANDUSDT,1784822400000,testB,-1,-2.71,0.705,3.26,2.83,0.48,-1.76,1.1,2.2,1.33,1.14,1,-0.96,neutral,neutral,0,0.328,32,5462,1,
s20607,ENAUSDT,1784823300000,train,-1,-2.31,0.387,3.4,2.42,0.29,-1.39,0.48,2.2,1.79,1.61,1,-0.91,neutral,neutral,0,0.407,32,5464,1,
s20608,SUIUSDT,1784823300000,train,-1,-2.59,0.449,3.6,2.68,0.52,-1.68,0.82,2.34,1.66,1.19,1,-0.91,neutral,neutral,0,0.26,32,5464,0,
s20609,SANDUSDT,1784823300000,testB,-1,-2.53,0.69,3.01,2.62,0.45,-1.62,0.99,2.2,1.33,1.14,1,-0.91,neutral,bajista,0,0.314,32,5463,2,
s20610,SUIUSDT,1784824200000,train,-1,-2.17,0.403,3.03,2.29,0.42,-1.61,0.9,2.34,1.66,1.19,1,-0.56,neutral,neutral,0,0.357,32,5465,1,
s20611,SUIUSDT,1784825100000,train,-1,-2.01,0.385,2.87,2.16,0.37,-1.39,0.85,2.34,1.66,1.19,1,-0.62,neutral,bajista,0,0.211,32,5466,2,
s20612,TIAUSDT,1784825100000,train,-1,-2.05,0.453,2.55,2.18,0.31,-1.42,0.93,1.89,1.17,0.95,1,-0.62,neutral,bajista,0,0.197,32,5466,4,
s20613,SANDUSDT,1784825100000,testB,-1,-2.29,0.684,2.48,2.41,0.52,-1.67,1.17,2.2,1.33,1.14,1,-0.62,neutral,bajista,0,0.162,32,5465,4,
s20614,SANDUSDT,1784826000000,testB,-1,-2.12,0.658,2.47,2.24,0.44,-1.73,1.01,2.14,1.43,1.18,1,-0.4,neutral,neutral,0,0.272,32,5466,0,
s20615,GRTUSDT,1784828700000,testB,-1,-2.05,0.478,3.16,2.53,2.27,-1.73,1.76,2.92,1.93,1.35,1,-0.31,neutral,bajista,0,-0.3,32,5469,2,
s20616,LDOUSDT,1784828700000,testB,-1,-2.52,0.36,3.56,3.25,0.71,-2.2,1.47,0.9,1.06,0.85,0,-0.31,neutral,bajista,0,-0.476,32,5469,4,
s20617,SANDUSDT,1784828700000,testB,-1,-2.22,0.693,2.93,2.62,0.68,-1.91,1.3,2.14,1.43,1.18,1,-0.31,neutral,bajista,0,-0.1,32,5469,3,
s20618,JUPUSDT,1784829600000,train,-1,-2.36,0.391,3.97,3.65,1.78,-1.87,2.0,1.25,1.02,0.94,1,-0.49,neutral,bajista,0,-0.324,32,5471,8,
s20619,GRTUSDT,1784829600000,testB,-1,-2.29,0.521,3.17,2.73,3.46,-1.8,1.71,3.08,2.07,1.47,1,-0.49,neutral,bajista,0,-0.419,32,5470,3,
s20620,LDOUSDT,1784829600000,testB,-1,-2.78,0.416,3.56,3.15,0.84,-2.29,1.3,0.85,1.02,0.84,0,-0.49,neutral,neutral,0,-0.295,32,5470,0,
s20621,SANDUSDT,1784829600000,testB,-1,-2.43,0.75,2.93,2.76,0.76,-1.94,1.25,2.23,1.61,1.26,1,-0.49,neutral,bajista,0,-0.143,32,5470,4,
s20622,JUPUSDT,1784830500000,train,-1,-2.82,0.474,4.52,3.87,2.62,-2.3,2.06,1.25,1.02,0.94,1,-0.52,neutral,bajista,0,-0.375,32,5472,8,
s20623,LDOUSDT,1784830500000,testB,-1,-2.29,0.357,2.89,2.37,1.0,-1.78,1.2,0.85,1.02,0.84,0,-0.52,neutral,neutral,0,-0.783,32,5471,0,
s20624,SANDUSDT,1784830500000,testB,-1,-2.48,0.763,2.91,2.61,1.07,-1.96,1.16,2.23,1.61,1.26,1,-0.52,neutral,bajista,0,-0.176,32,5471,5,
s20625,PUMPUSDT,1784831400000,train,-1,-2.37,0.46,2.96,2.54,1.36,-2.04,1.17,0.56,0.51,0.48,1,-0.33,neutral,neutral,0,-1.0,7,5473,1,
s20626,JUPUSDT,1784831400000,train,-1,-3.03,0.492,4.53,4.09,2.76,-2.7,1.98,1.25,1.02,0.94,1,-0.33,neutral,bajista,0,-0.184,32,5473,8,
s20627,ARUSDT,1784831400000,testB,-1,-2.07,0.506,2.82,2.23,1.79,-1.74,1.15,2.14,1.43,1.03,1,-0.33,neutral,neutral,0,-0.244,32,5472,1,
s20628,LDOUSDT,1784831400000,testB,-1,-2.42,0.369,2.95,2.74,1.06,-2.09,1.33,0.85,1.02,0.84,0,-0.33,neutral,neutral,0,-0.594,32,5472,1,
s20629,SANDUSDT,1784831400000,testB,-1,-2.72,0.779,3.13,2.91,1.88,-2.39,1.51,2.23,1.61,1.26,1,-0.33,neutral,bajista,0,-0.326,32,5472,6,
s20630,JUPUSDT,1784832300000,train,-1,-2.26,0.381,4.51,3.82,1.38,-2.19,1.61,1.25,1.02,0.94,1,-0.06,neutral,neutral,0,-0.099,32,5474,0,
s20631,SANDUSDT,1784832300000,testB,-1,-2.17,0.716,2.49,2.22,1.37,-2.11,1.34,2.23,1.61,1.26,1,-0.06,neutral,neutral,0,-0.347,32,5473,0,
s20632,JUPUSDT,1784833200000,train,-1,-2.21,0.375,4.53,4.09,1.08,-2.28,1.74,1.27,1.04,0.88,1,0.06,neutral,neutral,0,-0.197,32,5475,1,
s20633,PUMPUSDT,1784834100000,train,-1,-2.69,0.591,3.03,2.82,1.11,-2.73,1.49,0.47,0.53,0.46,0,0.04,neutral,bajista,0,-1.0,4,5476,2,
s20634,JUPUSDT,1784834100000,train,-1,-2.82,0.54,4.51,3.7,0.58,-2.86,1.24,1.27,1.04,0.88,1,0.04,neutral,neutral,0,-0.232,32,5476,0,
s20635,LDOUSDT,1784834100000,testB,-1,-2.16,0.455,2.73,2.57,0.6,-2.2,1.25,0.71,0.95,0.83,0,0.04,neutral,bajista,0,-1.0,26,5475,2,
s20636,JUPUSDT,1784835000000,train,-1,-3.12,0.638,4.51,3.65,0.58,-2.89,1.0,1.27,1.04,0.88,1,-0.23,neutral,neutral,0,-0.25,32,5477,0,
s20637,LDOUSDT,1784835000000,testB,-1,-2.09,0.446,2.73,2.65,0.57,-1.86,1.05,0.71,0.95,0.83,0,-0.23,neutral,bajista,0,-1.0,25,5476,3,
s20638,PUMPUSDT,1784835900000,train,-1,-2.02,0.419,2.81,2.17,1.14,-1.84,0.77,0.47,0.53,0.46,0,-0.18,neutral,neutral,0,-1.0,2,5478,1,
s20639,JUPUSDT,1784835900000,train,-1,-3.32,0.711,4.4,3.54,0.75,-3.14,0.86,1.27,1.04,0.88,1,-0.18,neutral,neutral,0,-0.273,32,5478,0,
s20640,ARUSDT,1784835900000,testB,-1,-2.02,0.514,2.72,2.23,0.57,-1.84,0.7,2.04,1.43,1.05,1,-0.18,neutral,neutral,0,-0.585,32,5477,0,
s20641,WLDUSDT,1784836800000,train,1,2.26,0.378,3.25,3.12,0.99,1.99,1.72,0.94,0.92,0.91,1,0.27,neutral,alcista,0,-0.125,32,5479,2,
s20642,WLDUSDT,1784837700000,train,1,3.25,0.513,3.92,3.74,1.27,2.72,2.14,0.94,0.92,0.91,1,0.53,neutral,alcista,0,-0.228,32,5480,3,
s20643,WLDUSDT,1784838600000,train,1,2.61,0.392,4.12,3.29,1.63,2.02,1.44,0.94,0.92,0.91,1,0.58,neutral,neutral,0,-0.252,32,5481,0,
s20644,WLDUSDT,1784839500000,train,1,2.39,0.366,4.13,3.24,1.8,1.79,1.28,0.94,0.92,0.91,1,0.6,neutral,neutral,0,-0.24,32,5482,0,
s20645,WLDUSDT,1784840400000,train,1,2.44,0.371,4.12,3.42,1.55,2.03,1.37,0.72,0.91,0.92,0,0.41,neutral,neutral,0,-0.22,32,5483,1,
s20646,WLDUSDT,1784843100000,train,1,2.45,0.39,3.72,2.5,0.8,1.71,0.56,0.72,0.91,0.92,0,0.75,neutral,neutral,0,-0.208,32,5486,1,
s20647,WLDUSDT,1784844000000,train,1,2.12,0.357,3.3,2.31,0.79,1.58,0.69,0.67,0.92,0.87,0,0.54,neutral,alcista,0,-0.348,32,5487,2,
s20648,WLDUSDT,1784845800000,train,1,2.44,0.505,3.03,2.36,0.66,1.85,0.93,0.67,0.92,0.87,0,0.59,neutral,alcista,0,-1.0,8,5489,4,
s20649,STBLUSDT,1784850300000,train,-1,-2.11,0.699,2.7,2.53,0.49,-2.49,0.65,0.39,0.81,1.79,0,0.38,neutral,neutral,0,-1.0,7,5494,1,
s20650,XPLUSDT,1784851200000,train,-1,-2.25,0.384,3.92,2.74,0.62,-2.06,0.52,0.86,0.71,0.68,1,-0.19,neutral,bajista,0,-1.0,24,5495,2,
s20651,PUMPUSDT,1784851200000,train,-1,-5.01,0.5,6.82,6.76,0.65,-4.82,2.43,0.75,0.65,0.5,1,-0.19,neutral,bajista,0,-0.163,32,5495,3,
s20652,STBLUSDT,1784851200000,train,-1,-2.52,0.735,3.14,3.06,1.26,-2.33,1.04,0.38,0.74,1.67,0,-0.19,neutral,bajista,0,-1.0,6,5495,2,
s20653,0GUSDT,1784851200000,train,-1,-2.06,0.613,2.66,2.55,3.86,-1.87,1.33,0.43,0.37,0.51,0,-0.19,neutral,neutral,0,1.043,32,5495,1,
s20654,XPLUSDT,1784852100000,train,-1,-2.5,0.446,3.92,2.66,0.71,-2.06,0.38,0.86,0.71,0.68,1,-0.44,neutral,neutral,0,-1.0,23,5496,0,
s20655,PUMPUSDT,1784852100000,train,-1,-5.78,0.636,6.79,6.35,0.45,-5.34,1.97,0.75,0.65,0.5,1,-0.44,neutral,neutral,0,-0.155,32,5496,0,
s20656,STBLUSDT,1784852100000,train,-1,-2.36,0.687,2.67,2.5,1.4,-1.92,0.87,0.38,0.74,1.67,0,-0.44,neutral,neutral,0,-1.0,4,5496,0,
s20657,0GUSDT,1784852100000,train,-1,-2.5,0.676,3.4,2.95,4.67,-2.06,1.55,0.43,0.37,0.51,0,-0.44,neutral,bajista,0,0.792,32,5496,2,
s20658,WLDUSDT,1784852100000,train,-1,-2.07,0.541,2.72,2.48,1.15,-1.62,0.85,0.68,0.89,0.86,0,-0.44,neutral,bajista,0,-0.436,32,5496,3,
s20659,APEUSDT,1784852100000,testB,-1,-2.24,0.425,4.24,3.7,0.32,-1.8,0.45,1.24,1.3,1.14,0,-0.44,neutral,neutral,0,0.145,32,5495,1,
s20660,XPLUSDT,1784853000000,train,-1,-2.29,0.424,3.92,2.8,0.85,-1.87,0.5,0.86,0.71,0.68,1,-0.42,neutral,neutral,0,-1.0,22,5497,1,
s20661,PUMPUSDT,1784853000000,train,-1,-5.58,0.614,7.0,6.18,0.71,-5.16,1.64,0.75,0.65,0.5,1,-0.42,neutral,neutral,0,-0.124,32,5497,0,
s20662,STBLUSDT,1784853000000,train,-1,-2.24,0.675,2.68,2.38,2.33,-1.82,1.11,0.38,0.74,1.67,0,-0.42,neutral,neutral,0,-1.0,3,5497,1,
s20663,0GUSDT,1784853000000,train,-1,-2.56,0.681,3.69,3.47,4.76,-2.14,1.86,0.43,0.37,0.51,0,-0.42,neutral,bajista,0,0.5,32,5497,3,
s20664,APEUSDT,1784853000000,testB,-1,-3.66,0.651,4.76,4.69,0.76,-3.24,1.29,1.24,1.3,1.14,0,-0.42,neutral,bajista,0,-0.014,32,5496,2,
s20665,PUMPUSDT,1784853900000,train,-1,-4.72,0.514,6.7,5.39,0.79,-4.47,1.24,0.75,0.65,0.5,1,-0.25,neutral,neutral,0,-0.02,32,5498,0,
s20666,STBLUSDT,1784853900000,train,-1,-2.12,0.63,2.55,2.17,2.34,-1.87,0.92,0.38,0.74,1.67,0,-0.25,neutral,neutral,0,-1.0,2,5498,0,
s20667,0GUSDT,1784853900000,train,-1,-2.66,0.731,3.29,2.85,4.74,-2.41,1.53,0.43,0.37,0.51,0,-0.25,neutral,neutral,0,0.784,32,5498,0,
s20668,INJUSDT,1784853900000,train,1,2.32,0.583,3.26,3.1,5,2.58,1.75,0.79,0.78,0.77,1,-0.25,neutral,alcista,0,0.451,32,5498,4,
s20669,APEUSDT,1784853900000,testB,-1,-3.1,0.61,4.01,3.6,0.96,-2.84,1.26,1.24,1.3,1.14,0,-0.25,neutral,bajista,0,-0.057,32,5497,3,
s20670,PUMPUSDT,1784854800000,train,-1,-4.53,0.503,6.17,5.13,0.62,-4.52,1.53,0.72,0.59,0.51,1,-0.02,neutral,neutral,0,-0.021,32,5499,1,
s20671,0GUSDT,1784854800000,train,-1,-2.94,0.75,3.43,3.37,1.61,-2.93,1.95,0.47,0.36,0.48,0,-0.02,neutral,neutral,0,0.5,32,5499,1,
s20672,APEUSDT,1784854800000,testB,-1,-2.64,0.541,3.46,2.92,1.24,-2.63,1.16,1.15,1.19,1.15,0,-0.02,neutral,neutral,0,-1.0,9,5498,0,
s20673,PUMPUSDT,1784855700000,train,-1,-3.86,0.411,5.86,4.29,0.62,-3.73,0.88,0.72,0.59,0.51,1,-0.13,neutral,neutral,0,0.051,32,5500,0,
s20674,0GUSDT,1784855700000,train,-1,-2.73,0.694,3.65,3.25,1.01,-2.6,1.61,0.47,0.36,0.48,0,-0.13,neutral,neutral,0,0.603,32,5500,0,
s20675,INJUSDT,1784855700000,train,1,2.52,0.546,3.57,3.21,2.7,2.65,1.52,1.1,0.89,0.83,1,-0.13,neutral,neutral,0,0.2,32,5500,1,
s20676,PUMPUSDT,1784856600000,train,-1,-3.66,0.398,5.49,4.02,0.4,-3.67,0.84,0.72,0.59,0.51,1,0.0,neutral,neutral,0,0.041,32,5501,1,
s20677,INJUSDT,1784856600000,train,1,3.27,0.61,4.15,3.98,2.94,3.27,2.11,1.1,0.89,0.83,1,0.0,neutral,alcista,0,-0.104,32,5501,2,
s20678,PUMPUSDT,1784857500000,train,-1,-4.03,0.43,5.4,4.2,0.35,-3.9,0.94,0.72,0.59,0.51,1,-0.13,neutral,bajista,0,-0.0,32,5502,2,
s20679,0GUSDT,1784857500000,train,-1,-2.13,0.351,3.63,2.62,0.85,-2.0,0.88,0.47,0.36,0.48,0,-0.13,neutral,neutral,0,0.915,32,5502,1,
s20680,INJUSDT,1784857500000,train,1,3.33,0.628,4.32,3.96,2.22,3.46,1.89,1.1,0.89,0.83,1,-0.13,neutral,neutral,0,-0.057,32,5502,0,
s20681,XPLUSDT,1784858400000,train,1,2.18,0.714,2.48,2.37,0.82,2.06,0.67,0.88,0.71,0.7,1,0.12,neutral,alcista,0,1.344,32,5503,6,
s20682,PUMPUSDT,1784858400000,train,-1,-2.92,0.35,3.78,3.07,0.39,-3.04,1.27,0.69,0.59,0.51,1,0.12,neutral,bajista,0,-0.054,32,5503,3,
s20683,0GUSDT,1784858400000,train,-1,-2.34,0.394,3.63,2.68,0.88,-2.46,0.83,0.5,0.37,0.43,0,0.12,neutral,bajista,0,0.958,32,5503,2,
s20684,INJUSDT,1784858400000,train,1,3.36,0.634,4.32,3.8,1.83,3.24,1.56,1.29,0.96,0.85,1,0.12,neutral,neutral,0,-0.119,32,5503,0,
s20685,INJUSDT,1784859300000,train,1,3.41,0.638,3.73,3.41,1.75,3.39,1.59,1.29,0.96,0.85,1,0.02,neutral,neutral,0,-0.209,32,5504,1,
s20686,INJUSDT,1784860200000,train,1,3.52,0.645,3.62,3.57,1.17,3.74,1.79,1.29,0.96,0.85,1,-0.22,neutral,alcista,0,-0.147,32,5505,2,
s20687,INJUSDT,1784861100000,train,1,3.29,0.578,3.64,3.24,1.01,3.39,1.34,1.29,0.96,0.85,1,-0.1,neutral,neutral,0,-0.012,32,5506,0,
s20688,INJUSDT,1784862000000,train,1,3.69,0.606,3.66,3.6,0.79,3.49,1.67,1.5,1.0,0.87,1,0.21,neutral,neutral,0,-0.021,32,5507,1,
s20689,ENAUSDT,1784862900000,train,1,2.08,0.408,3.1,2.88,2.32,1.85,1.8,0.73,0.71,1.31,0,0.23,neutral,alcista,0,-0.743,32,5508,2,
s20690,INJUSDT,1784862900000,train,1,3.86,0.617,4.08,4.06,0.71,3.63,1.91,1.5,1.0,0.87,1,0.23,neutral,alcista,0,-0.265,32,5508,2,
s20691,INJUSDT,1784863800000,train,1,3.39,0.512,4.36,3.67,0.82,3.02,1.37,1.5,1.0,0.87,1,0.37,neutral,neutral,0,-0.152,32,5509,0,
s20692,XPLUSDT,1784864700000,train,1,2.11,0.507,2.6,2.55,0.75,1.56,1.35,0.72,0.69,0.69,1,0.55,neutral,alcista,0,1.265,32,5510,4,
s20693,INJUSDT,1784864700000,train,1,3.56,0.548,4.37,3.49,0.68,3.01,1.05,1.5,1.0,0.87,1,0.55,neutral,neutral,0,-0.091,32,5510,0,
s20694,INJUSDT,1784865600000,train,1,2.74,0.485,3.75,2.93,0.8,2.04,0.95,1.79,1.12,0.91,1,0.7,neutral,neutral,0,-0.006,32,5511,1,
s20695,XPLUSDT,1784866500000,train,1,2.2,0.49,2.9,2.63,1.21,1.39,1.24,0.67,0.71,0.68,0,0.82,neutral,neutral,0,1.005,32,5512,1,
s20696,OPUSDT,1784866500000,train,1,2.06,0.704,2.76,2.55,0.38,1.24,0.85,0.84,0.81,0.97,0,0.82,neutral,neutral,0,-0.625,32,5512,0,
s20697,INJUSDT,1784866500000,train,1,3.29,0.531,3.79,3.7,1.07,2.47,1.59,1.79,1.12,0.91,1,0.82,neutral,alcista,0,-0.31,32,5512,2,
s20698,XPLUSDT,1784867400000,train,1,2.22,0.495,2.68,2.28,1.23,1.47,1.02,0.67,0.71,0.68,0,0.75,neutral,neutral,0,0.889,32,5513,0,
s20699,INJUSDT,1784867400000,train,1,2.71,0.444,3.19,2.84,0.99,1.96,1.26,1.79,1.12,0.91,1,0.75,neutral,neutral,0,-0.654,32,5513,0,
s20700,ONDOUSDT,1784867400000,train,1,2.54,0.407,3.19,2.57,0.98,1.79,0.63,0.51,0.45,0.55,0,0.75,neutral,neutral,0,-1.0,19,5512,1,
s20701,ARUSDT,1784867400000,testB,1,2.04,0.587,2.64,2.16,0.54,1.29,0.37,1.49,1.43,1.3,1,0.75,neutral,neutral,0,-0.2,32,5512,0,
s20702,INJUSDT,1784868300000,train,1,2.16,0.39,3.19,2.98,1.06,1.65,1.16,1.79,1.12,0.91,1,0.51,neutral,neutral,0,-0.77,32,5514,1,
s20703,INJUSDT,1784869200000,train,1,2.83,0.505,3.42,3.32,1.02,2.36,1.34,2.03,1.2,0.96,1,0.47,neutral,alcista,0,-1.0,32,5515,2,
s20704,INJUSDT,1784870100000,train,1,2.68,0.493,2.84,2.6,0.89,2.22,1.42,2.03,1.2,0.96,1,0.47,neutral,alcista,0,-1.0,20,5516,3,
s20705,LDOUSDT,1784870100000,testB,1,2.47,0.366,3.14,2.51,0.97,2.01,1.36,0.74,0.54,0.81,0,0.47,neutral,neutral,0,-1.0,31,5515,0,
s20706,0GUSDT,1784871000000,train,-1,-3.6,0.546,4.54,3.79,4.27,-3.91,2.14,0.98,0.47,0.42,1,0.31,neutral,neutral,0,-0.076,32,5517,0,
s20707,0GUSDT,1784871900000,train,-1,-2.73,0.458,4.53,3.67,4.7,-3.09,1.76,0.98,0.47,0.42,1,0.35,neutral,neutral,0,0.109,32,5518,0,
s20708,XPLUSDT,1784872800000,train,1,2.09,0.384,3.16,3.04,1.16,1.76,1.59,0.98,0.91,0.76,1,0.33,neutral,alcista,0,0.035,32,5519,2,
s20709,0GUSDT,1784872800000,train,-1,-2.51,0.413,4.52,3.49,1.11,-2.84,1.46,0.75,0.48,0.41,1,0.33,neutral,neutral,0,0.148,32,5519,0,
s20710,XPLUSDT,1784873700000,train,1,3.45,0.543,4.26,4.09,3.42,2.99,2.41,0.98,0.91,0.76,1,0.46,neutral,alcista,0,-0.271,32,5520,3,
s20711,0GUSDT,1784873700000,train,-1,-2.89,0.51,4.51,3.31,0.59,-3.35,1.35,0.75,0.48,0.41,1,0.46,neutral,neutral,0,0.276,32,5520,0,
s20712,XPLUSDT,1784874600000,train,1,3.53,0.558,4.51,3.79,4.27,2.92,1.87,0.98,0.91,0.76,1,0.61,neutral,neutral,0,-0.3,32,5521,0,
s20713,0GUSDT,1784874600000,train,-1,-2.34,0.429,4.51,3.14,0.4,-2.95,0.97,0.75,0.48,0.41,1,0.61,neutral,neutral,0,0.509,32,5521,0,
s20714,XPLUSDT,1784875500000,train,1,4.11,0.638,4.48,4.09,4.7,3.58,1.97,0.98,0.91,0.76,1,0.54,neutral,neutral,0,-0.107,32,5522,1,
s20715,0GUSDT,1784875500000,train,-1,-2.89,0.5,4.53,3.61,0.43,-3.43,1.28,0.75,0.48,0.41,1,0.54,neutral,neutral,0,0.032,32,5522,1,
s20716,ENAUSDT,1784875500000,train,1,2.41,0.389,3.06,2.46,0.84,1.87,0.82,0.84,0.68,1.23,0,0.54,neutral,neutral,0,-1.0,19,5522,1,
s20717,XPLUSDT,1784876400000,train,1,3.91,0.627,3.97,3.8,3.53,3.23,2.02,1.03,0.96,0.75,1,0.68,neutral,alcista,0,-0.015,32,5523,2,
s20718,0GUSDT,1784876400000,train,-1,-2.44,0.393,4.49,2.84,0.34,-3.13,0.57,0.72,0.48,0.39,1,0.68,neutral,neutral,0,0.08,32,5523,0,
s20719,LDOUSDT,1784876400000,testB,1,2.79,0.502,3.31,2.76,0.93,2.1,1.32,0.73,0.57,0.77,0,0.68,neutral,neutral,0,-1.0,23,5522,1,
s20720,XPLUSDT,1784877300000,train,1,3.51,0.551,3.85,3.42,1.11,3.02,1.64,1.03,0.96,0.75,1,0.49,neutral,neutral,0,-0.059,32,5524,0,
s20721,0GUSDT,1784877300000,train,-1,-2.83,0.443,4.45,3.08,0.32,-3.31,0.72,0.72,0.48,0.39,1,0.49,neutral,neutral,0,-0.13,32,5524,1,
s20722,LDOUSDT,1784877300000,testB,1,2.42,0.468,3.11,2.64,1.3,1.93,1.35,0.73,0.57,0.77,0,0.49,neutral,alcista,0,-1.0,22,5523,2,
s20723,XPLUSDT,1784878200000,train,1,2.89,0.502,3.29,2.86,0.78,2.94,1.5,1.03,0.96,0.75,1,-0.05,neutral,neutral,0,0.079,32,5525,0,
s20724,STBLUSDT,1784878200000,train,-1,-2.15,0.456,2.54,2.24,1.4,-2.1,0.96,0.5,0.47,0.95,0,-0.05,neutral,bajista,0,0.302,32,5525,2,
s20725,0GUSDT,1784878200000,train,-1,-2.89,0.448,4.35,3.38,0.42,-2.84,1.02,0.72,0.48,0.39,1,-0.05,neutral,bajista,0,-0.271,32,5525,2,
s20726,APEUSDT,1784878200000,testB,-1,-2.05,0.564,2.36,2.16,1.06,-2.0,0.62,0.78,0.92,1.09,0,-0.05,neutral,bajista,0,1.5,32,5524,2,
s20727,XPLUSDT,1784879100000,train,1,2.34,0.451,3.27,2.91,0.81,2.27,1.37,1.03,0.96,0.75,1,0.07,neutral,neutral,0,-0.089,32,5526,1,
s20728,0GUSDT,1784879100000,train,-1,-2.45,0.367,4.34,3.03,0.42,-2.52,0.66,0.72,0.48,0.39,1,0.07,neutral,neutral,0,-0.075,32,5526,0,
s20729,XPLUSDT,1784880000000,train,1,2.53,0.496,3.27,2.95,0.8,2.45,1.26,1.11,0.98,0.76,1,0.07,neutral,alcista,0,-0.076,32,5527,2,
s20730,0GUSDT,1784880000000,train,-1,-2.66,0.414,4.33,2.85,0.4,-2.74,0.46,0.66,0.48,0.39,1,0.07,neutral,neutral,0,0.04,32,5527,0,
s20731,0GUSDT,1784880900000,train,-1,-2.23,0.37,3.76,2.34,0.37,-2.2,0.42,0.66,0.48,0.39,1,-0.03,neutral,neutral,0,0.268,32,5528,0,
s20732,XPLUSDT,1784881800000,train,1,2.87,0.494,3.8,3.44,0.8,2.71,1.36,1.11,0.98,0.76,1,0.16,neutral,neutral,0,-0.137,32,5529,1,
s20733,XPLUSDT,1784882700000,train,1,3.0,0.523,3.81,3.45,0.78,3.01,1.26,1.11,0.98,0.76,1,-0.01,neutral,alcista,0,-0.126,32,5530,2,
s20734,XPLUSDT,1784883600000,train,1,2.47,0.416,3.64,2.91,0.73,2.94,0.77,1.18,0.94,0.78,1,-0.46,neutral,neutral,0,0.227,32,5531,0,
s20735,ONDOUSDT,1784883600000,train,-1,-2.37,0.425,3.04,3.04,0.77,-1.91,1.41,0.5,0.49,0.55,0,-0.46,neutral,bajista,0,0.217,32,5530,5,
s20736,XPLUSDT,1784884500000,train,1,2.85,0.482,3.63,3.07,0.72,3.41,0.86,1.18,0.94,0.78,1,-0.56,neutral,neutral,0,0.33,32,5532,1,
s20737,ONDOUSDT,1784884500000,train,-1,-2.7,0.456,3.96,3.43,1.21,-2.14,1.62,0.5,0.49,0.55,0,-0.56,neutral,bajista,0,-0.022,32,5531,6,
s20738,XPLUSDT,1784885400000,train,1,3.07,0.535,3.63,3.03,0.68,3.41,0.76,1.18,0.94,0.78,1,-0.34,neutral,neutral,0,0.709,32,5533,0,
s20739,XPLUSDT,1784886300000,train,1,3.08,0.537,3.46,3.09,0.65,3.38,0.87,1.18,0.94,0.78,1,-0.3,neutral,neutral,0,0.589,32,5534,1,
s20740,ONDOUSDT,1784887200000,train,-1,-2.21,0.355,3.96,3.33,1.26,-1.62,1.21,0.54,0.52,0.56,0,-0.59,neutral,neutral,0,0.053,32,5534,1,
s20741,STBLUSDT,1784888100000,train,-1,-2.94,0.614,3.29,3.07,2.53,-2.27,2.11,0.71,0.61,0.75,0,-0.67,neutral,bajista,0,-0.113,32,5536,4,
s20742,ONDOUSDT,1784888100000,train,-1,-2.54,0.386,3.98,3.83,1.04,-1.86,1.44,0.54,0.52,0.56,0,-0.67,neutral,bajista,0,0.147,32,5535,2,
s20743,STBLUSDT,1784889000000,train,-1,-2.61,0.554,3.5,2.94,2.77,-1.94,1.8,0.71,0.61,0.75,0,-0.67,neutral,neutral,0,-0.088,32,5537,0,
s20744,ONDOUSDT,1784889000000,train,-1,-2.85,0.444,4.01,3.93,1.09,-2.18,1.43,0.54,0.52,0.56,0,-0.67,neutral,bajista,0,0.058,32,5536,3,
s20745,STBLUSDT,1784889900000,train,-1,-2.4,0.504,3.32,2.63,2.91,-1.61,1.58,0.71,0.61,0.75,0,-0.79,neutral,neutral,0,-0.066,32,5538,0,
s20746,WLDUSDT,1784889900000,train,-1,-2.6,0.556,3.5,3.26,1.67,-1.82,1.48,0.64,0.62,0.76,0,-0.79,neutral,bajista,0,0.303,32,5538,5,
s20747,ENAUSDT,1784889900000,train,-1,-2.05,0.41,3.23,2.93,1.24,-1.27,1.3,0.83,0.81,1.14,0,-0.79,neutral,bajista,0,0.569,32,5538,4,
s20748,PENDLEUSDT,1784889900000,train,-1,-2.26,0.494,3.19,3.1,1.3,-1.47,1.36,0.73,0.76,0.78,0,-0.79,neutral,bajista,0,0.846,32,5538,4,
s20749,STBLUSDT,1784890800000,train,-1,-2.14,0.429,3.31,2.28,2.69,-0.97,1.06,0.76,0.65,0.73,0,-1.17,neutral,neutral,0,0.245,32,5539,0,
s20750,WLDUSDT,1784890800000,train,-1,-2.78,0.618,3.1,2.83,1.53,-1.6,1.35,0.66,0.62,0.77,0,-1.17,neutral,neutral,0,0.472,32,5539,0,
s20751,ENAUSDT,1784890800000,train,-1,-2.33,0.495,2.91,2.47,1.26,-1.16,1.12,0.87,0.84,1.12,0,-1.17,neutral,neutral,0,0.909,32,5539,0,
s20752,ARBUSDT,1784890800000,train,-1,-2.17,0.547,2.23,2.22,0.73,-0.99,0.79,0.79,0.8,0.82,0,-1.17,neutral,bajista,0,0.564,32,5539,3,
s20753,SUIUSDT,1784890800000,train,-1,-2.1,0.518,2.46,2.21,0.63,-0.93,0.75,1.27,1.02,1.31,0,-1.17,neutral,neutral,0,1.537,32,5539,1,
s20754,PENDLEUSDT,1784890800000,train,-1,-3.21,0.776,3.46,3.38,1.97,-2.04,1.53,0.83,0.85,0.8,0,-1.17,neutral,bajista,0,0.757,32,5539,5,
s20755,ONDOUSDT,1784890800000,train,-1,-3.09,0.566,4.2,3.67,1.17,-1.91,0.96,0.54,0.52,0.55,0,-1.17,neutral,neutral,0,0.264,32,5538,1,
s20756,PUMPUSDT,1784891700000,train,-1,-2.11,0.429,2.55,2.49,0.78,-1.18,1.22,0.67,0.52,0.57,0,-0.94,neutral,neutral,0,-1.0,10,5540,1,
s20757,STBLUSDT,1784891700000,train,-1,-2.49,0.465,3.15,2.68,1.04,-1.55,1.43,0.76,0.65,0.73,0,-0.94,neutral,neutral,0,-0.113,32,5540,1,
s20758,WLDUSDT,1784891700000,train,-1,-2.19,0.488,2.96,2.4,1.22,-1.25,0.98,0.66,0.62,0.77,0,-0.94,neutral,neutral,0,0.7,32,5540,0,
s20759,ENAUSDT,1784891700000,train,-1,-2.25,0.486,2.69,2.34,1.38,-1.31,1.09,0.87,0.84,1.12,0,-0.94,neutral,neutral,0,0.942,32,5540,1,
s20760,PENDLEUSDT,1784891700000,train,-1,-2.71,0.67,3.16,2.87,2.35,-1.77,1.19,0.83,0.85,0.8,0,-0.94,neutral,neutral,0,0.933,32,5540,0,
s20761,ONDOUSDT,1784891700000,train,-1,-2.94,0.553,3.64,3.11,0.72,-2.0,0.9,0.54,0.52,0.55,0,-0.94,neutral,neutral,0,0.361,32,5539,0,
s20762,LDOUSDT,1784891700000,testB,-1,-2.21,0.56,2.42,2.39,0.64,-1.27,0.67,0.5,0.61,0.62,0,-0.94,neutral,bajista,0,1.191,32,5539,2,
s20763,WLDUSDT,1784892600000,train,-1,-2.01,0.467,2.96,2.51,1.1,-1.34,1.02,0.66,0.62,0.77,0,-0.67,neutral,neutral,0,0.543,32,5541,1,
s20764,ONDOUSDT,1784892600000,train,-1,-2.08,0.464,2.66,2.35,0.67,-1.41,0.96,0.54,0.52,0.55,0,-0.67,neutral,neutral,0,0.293,32,5540,1,
s20765,WLDUSDT,1784893500000,train,-1,-2.29,0.571,2.96,2.4,0.69,-1.64,0.85,0.66,0.62,0.77,0,-0.65,neutral,neutral,0,0.844,32,5542,0,
s20766,ENAUSDT,1784893500000,train,-1,-2.33,0.598,2.98,2.64,1.03,-1.68,1.28,0.87,0.84,1.12,0,-0.65,neutral,neutral,0,0.573,32,5542,0,
s20767,ENAUSDT,1784894400000,train,-1,-2.35,0.599,2.99,2.94,1.05,-1.78,1.39,0.89,0.86,1.06,0,-0.56,neutral,neutral,0,0.382,32,5543,1,
s20768,ENAUSDT,1784895300000,train,-1,-2.37,0.608,3.07,2.84,1.2,-1.8,1.08,0.89,0.86,1.06,0,-0.57,neutral,neutral,0,0.402,32,5544,0,
s20769,WLDUSDT,1784896200000,train,-1,-2.32,0.486,2.7,2.38,0.92,-1.53,0.9,0.66,0.6,0.74,0,-0.79,neutral,neutral,0,1.202,32,5545,1,
s20770,ENAUSDT,1784896200000,train,-1,-2.67,0.636,2.82,2.76,0.96,-1.87,1.39,0.89,0.86,1.06,0,-0.79,neutral,neutral,0,0.3,32,5545,1,
s20771,OPUSDT,1784896200000,train,-1,-2.22,0.6,2.38,2.38,1.45,-1.43,0.98,0.73,0.73,0.93,0,-0.79,neutral,neutral,0,0.182,32,5545,1,
s20772,PENDLEUSDT,1784896200000,train,-1,-2.23,0.635,2.59,2.55,1.05,-1.44,1.17,0.86,0.82,0.77,1,-0.79,neutral,bajista,0,0.88,32,5545,3,
s20773,WLDUSDT,1784897100000,train,-1,-2.33,0.486,2.68,2.52,0.99,-1.52,1.1,0.66,0.6,0.74,0,-0.81,neutral,bajista,0,0.649,32,5546,2,
s20774,ENAUSDT,1784897100000,train,-1,-2.75,0.642,3.26,3.03,1.16,-1.94,1.47,0.89,0.86,1.06,0,-0.81,neutral,bajista,0,0.162,32,5546,2,
s20775,SUIUSDT,1784897100000,train,-1,-2.09,0.613,2.37,2.19,1.19,-1.28,0.95,1.38,1.01,1.28,0,-0.81,neutral,bajista,0,0.95,32,5546,2,
s20776,PENDLEUSDT,1784897100000,train,-1,-2.34,0.646,2.79,2.71,0.9,-1.53,1.16,0.86,0.82,0.77,1,-0.81,neutral,bajista,0,0.849,32,5546,4,
s20777,STBLUSDT,1784898000000,train,-1,-2.28,0.397,2.94,2.46,0.87,-1.25,0.91,0.78,0.63,0.69,0,-1.03,neutral,neutral,0,-0.526,32,5547,1,
s20778,WLDUSDT,1784898000000,train,-1,-2.29,0.481,3.51,2.92,1.81,-1.26,1.71,0.85,0.71,0.73,0,-1.03,neutral,bajista,0,0.796,32,5547,3,
s20779,ENAUSDT,1784898000000,train,-1,-3.02,0.663,4.24,3.74,2.1,-1.99,2.03,1.18,1.07,0.91,1,-1.03,neutral,bajista,0,0.003,32,5547,3,
s20780,OPUSDT,1784898000000,train,-1,-2.45,0.622,3.72,2.95,3.55,-1.42,1.75,1.04,0.89,0.98,0,-1.03,neutral,bajista,0,-0.185,32,5547,3,
s20781,SEIUSDT,1784898000000,train,-1,-2.54,0.699,3.26,2.81,5,-1.51,2.05,1.51,1.05,1.05,1,-1.03,neutral,bajista,0,0.232,32,5547,3,
s20782,PENDLEUSDT,1784898000000,train,-1,-2.57,0.666,3.23,2.75,1.8,-1.54,1.53,1.13,0.96,0.8,1,-1.03,neutral,bajista,0,0.652,32,5547,5,
s20783,ONDOUSDT,1784898000000,train,-1,-2.89,0.432,4.3,3.36,3.95,-1.85,2.43,0.94,0.68,0.6,1,-1.03,neutral,bajista,0,-0.38,32,5546,4,
s20784,FETUSDT,1784898000000,train,-1,-2.64,0.719,3.38,2.78,3.22,-1.61,1.77,1.14,0.91,0.86,1,-1.03,neutral,bajista,0,-0.119,32,5546,3,
s20785,ARUSDT,1784898000000,testB,-1,-2.09,0.684,2.96,2.41,1.68,-1.06,1.59,1.03,1.11,1.38,0,-1.03,neutral,bajista,0,-0.182,32,5546,3,
s20786,LDOUSDT,1784898000000,testB,-1,-2.51,0.493,3.71,3.09,3.87,-1.47,2.12,0.66,0.68,0.62,0,-1.03,neutral,bajista,0,0.655,32,5546,3,
s20787,AXSUSDT,1784898000000,testB,-1,-2.23,0.526,2.85,2.39,3.47,-1.2,1.77,1.17,1.35,1.15,0,-1.03,neutral,bajista,0,-0.095,32,5546,3,
s20788,STBLUSDT,1784898900000,train,-1,-2.7,0.451,2.95,2.78,0.79,-1.8,1.09,0.78,0.63,0.69,0,-0.9,neutral,bajista,0,-0.813,32,5548,2,
s20789,WLDUSDT,1784898900000,train,-1,-2.24,0.464,3.5,2.61,2.16,-1.33,1.29,0.85,0.71,0.73,0,-0.9,neutral,neutral,0,0.938,32,5548,0,
s20790,ENAUSDT,1784898900000,train,-1,-4.23,0.826,4.82,4.72,2.74,-3.33,2.66,1.18,1.07,0.91,1,-0.9,neutral,bajista,0,-0.224,32,5548,4,
s20791,OPUSDT,1784898900000,train,-1,-2.13,0.5,3.71,2.62,3.23,-1.23,1.34,1.04,0.89,0.98,0,-0.9,neutral,neutral,0,-0.25,32,5548,0,
s20792,SEIUSDT,1784898900000,train,-1,-2.52,0.697,3.26,2.86,5,-1.62,1.9,1.51,1.05,1.05,1,-0.9,neutral,bajista,0,0.118,32,5548,4,
s20793,PENDLEUSDT,1784898900000,train,-1,-2.43,0.653,3.23,2.86,1.92,-1.53,1.51,1.13,0.96,0.8,1,-0.9,neutral,bajista,0,0.533,32,5548,6,
s20794,FETUSDT,1784898900000,train,-1,-2.39,0.698,3.24,2.65,3.89,-1.49,1.6,1.14,0.91,0.86,1,-0.9,neutral,neutral,0,-0.175,32,5547,0,
s20795,LDOUSDT,1784898900000,testB,-1,-2.68,0.535,3.71,3.14,4.35,-1.78,1.92,0.66,0.68,0.62,0,-0.9,neutral,bajista,0,0.901,32,5547,4,
s20796,AXSUSDT,1784898900000,testB,-1,-2.13,0.514,2.86,2.63,4.1,-1.22,1.81,1.17,1.35,1.15,0,-0.9,neutral,bajista,0,-0.217,32,5547,4,
s20797,STBLUSDT,1784899800000,train,-1,-2.71,0.451,3.31,2.92,1.26,-1.68,1.41,0.78,0.63,0.69,0,-1.03,neutral,bajista,0,-1.0,31,5549,3,
s20798,WLDUSDT,1784899800000,train,-1,-2.15,0.441,3.49,2.36,2.39,-1.13,0.91,0.85,0.71,0.73,0,-1.03,neutral,neutral,0,1.58,32,5549,0,
s20799,ENAUSDT,1784899800000,train,-1,-4.35,0.856,5.0,4.77,3.32,-3.32,2.43,1.18,1.07,0.91,1,-1.03,neutral,bajista,0,-0.27,32,5549,5,
s20800,OPUSDT,1784899800000,train,-1,-2.23,0.538,3.7,2.39,3.21,-1.21,0.95,1.04,0.89,0.98,0,-1.03,neutral,neutral,0,-0.182,32,5549,0,
s20801,SEIUSDT,1784899800000,train,-1,-2.28,0.591,3.25,2.46,5,-1.25,1.37,1.51,1.05,1.05,1,-1.03,neutral,neutral,0,0.364,32,5549,0,
s20802,PENDLEUSDT,1784899800000,train,-1,-2.59,0.73,3.23,2.83,1.85,-1.56,1.33,1.13,0.96,0.8,1,-1.03,neutral,neutral,0,0.583,32,5549,0,
s20803,FETUSDT,1784899800000,train,-1,-2.19,0.607,3.23,2.38,5,-1.17,1.22,1.14,0.91,0.86,1,-1.03,neutral,neutral,0,-0.111,32,5548,0,
s20804,LDOUSDT,1784899800000,testB,-1,-2.15,0.407,3.7,2.72,4.79,-1.12,1.34,0.66,0.68,0.62,0,-1.03,neutral,neutral,0,1.21,32,5548,0,
s20805,SANDUSDT,1784899800000,testB,-1,-2.1,0.714,3.24,2.21,3.96,-1.07,1.28,2.49,1.61,1.54,1,-1.03,neutral,neutral,0,-0.214,32,5548,0,
s20806,APEUSDT,1784899800000,testB,-1,-2.03,0.517,2.76,2.14,3.27,-1.0,1.13,0.81,0.78,0.94,0,-1.03,neutral,neutral,0,0.29,32,5548,0,
s20807,STBLUSDT,1784900700000,train,-1,-2.76,0.455,3.23,2.96,1.21,-1.28,1.39,0.78,0.63,0.69,0,-1.47,neutral,bajista,0,-1.0,30,5550,4,
s20808,WLDUSDT,1784900700000,train,-1,-2.42,0.469,3.24,2.51,2.44,-0.95,1.07,0.85,0.71,0.73,0,-1.47,neutral,neutral,1,2.0,32,5550,1,
s20809,ENAUSDT,1784900700000,train,-1,-4.57,0.9,5.41,4.89,3.36,-3.09,2.24,1.18,1.07,0.91,1,-1.47,neutral,bajista,0,-0.202,32,5550,6,
s20810,OPUSDT,1784900700000,train,-1,-2.45,0.561,3.71,2.62,3.67,-0.97,1.01,1.04,0.89,0.98,0,-1.47,neutral,neutral,0,-0.125,32,5550,1,
s20811,SEIUSDT,1784900700000,train,-1,-2.39,0.602,3.12,2.47,5,-0.91,1.31,1.51,1.05,1.05,1,-1.47,neutral,neutral,0,0.382,32,5550,1,
s20812,PENDLEUSDT,1784900700000,train,-1,-3.12,0.798,3.73,3.22,2.31,-1.65,1.58,1.13,0.96,0.8,1,-1.47,neutral,neutral,0,0.601,32,5550,1,
s20813,FETUSDT,1784900700000,train,-1,-2.39,0.627,3.11,2.51,3.67,-0.92,1.31,1.14,0.91,0.86,1,-1.47,neutral,neutral,0,-0.026,32,5549,1,
s20814,ARUSDT,1784900700000,testB,-1,-2.04,0.559,2.95,2.19,2.69,-0.56,0.99,1.03,1.11,1.38,0,-1.47,neutral,neutral,0,0.075,32,5549,1,
s20815,LDOUSDT,1784900700000,testB,-1,-2.07,0.387,3.68,2.29,4.28,-0.59,0.84,0.66,0.68,0.62,0,-1.47,neutral,neutral,0,1.573,32,5549,0,
s20816,SANDUSDT,1784900700000,testB,-1,-2.01,0.684,3.2,2.12,3.73,-0.53,1.0,2.49,1.61,1.54,1,-1.47,neutral,neutral,0,-0.202,32,5549,0,
s20817,AXSUSDT,1784900700000,testB,-1,-2.34,0.538,2.96,2.39,5,-0.87,1.3,1.17,1.35,1.15,0,-1.47,neutral,neutral,0,-0.143,32,5549,1,
s20818,APEUSDT,1784900700000,testB,-1,-2.3,0.548,2.9,2.35,3.69,-0.82,1.27,0.81,0.78,0.94,0,-1.47,neutral,neutral,0,0.412,32,5549,1,
s20819,STBLUSDT,1784901600000,train,-1,-2.34,0.414,2.7,2.44,0.8,-0.77,1.27,0.78,0.67,0.63,1,-1.58,neutral,bajista,0,-1.0,6,5551,5,
s20820,WLDUSDT,1784901600000,train,-1,-2.23,0.447,2.6,2.36,1.14,-0.65,1.43,1.33,0.93,0.83,1,-1.58,neutral,bajista,0,-1.0,3,5551,2,
s20821,ENAUSDT,1784901600000,train,-1,-4.85,0.905,5.25,5.2,2.16,-3.27,2.6,1.36,1.16,0.9,1,-1.58,neutral,bajista,0,-0.328,32,5551,7,
s20822,OPUSDT,1784901600000,train,-1,-2.35,0.55,3.39,2.51,1.17,-0.77,1.11,1.09,0.82,0.97,0,-1.58,neutral,bajista,0,-0.304,32,5551,2,
s20823,INJUSDT,1784901600000,train,-1,-2.25,0.373,3.9,3.84,1.17,-0.67,1.88,1.95,1.97,1.44,0,-1.58,neutral,bajista,0,0.181,32,5551,2,
s20824,SEIUSDT,1784901600000,train,-1,-2.15,0.576,2.9,2.29,1.32,-0.58,1.22,1.71,1.12,1.03,1,-1.58,neutral,bajista,0,0.343,32,5551,2,
s20825,JUPUSDT,1784901600000,train,-1,-2.07,0.639,3.09,2.6,2.2,-0.5,1.37,1.17,0.88,0.94,0,-1.58,neutral,bajista,0,-0.104,32,5551,2,
s20826,PENDLEUSDT,1784901600000,train,-1,-2.94,0.788,3.4,3.14,1.12,-1.37,1.62,1.24,1.01,0.81,1,-1.58,neutral,bajista,0,0.664,32,5551,2,
s20827,FETUSDT,1784901600000,train,-1,-2.08,0.593,2.72,2.32,1.72,-0.5,1.33,1.31,1.02,0.86,1,-1.58,neutral,bajista,0,-0.229,32,5550,2,
s20828,APEUSDT,1784901600000,testB,-1,-2.04,0.517,2.91,2.64,1.5,-0.46,1.4,0.89,0.82,0.94,0,-1.58,neutral,bajista,0,0.237,32,5550,2,
s20829,ENAUSDT,1784902500000,train,-1,-4.36,0.803,5.43,4.61,1.75,-2.59,2.11,1.36,1.16,0.9,1,-1.77,neutral,neutral,0,-0.366,32,5552,0,
s20830,INJUSDT,1784902500000,train,-1,-2.89,0.433,5.06,4.59,1.6,-1.12,2.31,1.95,1.97,1.44,0,-1.77,neutral,bajista,0,-0.017,32,5552,3,
s20831,SUIUSDT,1784902500000,train,-1,-2.32,0.675,2.83,2.43,1.46,-0.55,1.34,1.98,1.36,1.24,1,-1.77,neutral,bajista,0,0.368,32,5552,3,
s20832,SEIUSDT,1784902500000,train,-1,-2.29,0.591,2.79,2.38,1.12,-0.52,1.3,1.71,1.12,1.03,1,-1.77,neutral,bajista,0,0.208,32,5552,3,
s20833,JUPUSDT,1784902500000,train,-1,-2.45,0.676,3.27,3.11,3.15,-0.68,1.75,1.17,0.88,0.94,0,-1.77,neutral,bajista,0,-0.333,32,5552,3,
s20834,PENDLEUSDT,1784902500000,train,-1,-2.58,0.653,3.29,2.74,1.01,-0.81,1.23,1.24,1.01,0.81,1,-1.77,neutral,neutral,0,0.925,32,5552,0,
s20835,FETUSDT,1784902500000,train,-1,-2.08,0.593,2.72,2.19,1.54,-0.31,1.1,1.31,1.02,0.86,1,-1.77,neutral,neutral,0,-0.242,32,5551,0,
s20836,SANDUSDT,1784902500000,testB,-1,-2.01,0.684,2.94,2.17,2.74,-0.25,1.12,2.69,1.78,1.5,1,-1.77,neutral,bajista,0,-0.406,32,5551,2,
s20837,AXSUSDT,1784902500000,testB,-1,-2.0,0.5,2.95,2.05,1.61,-0.24,0.76,1.34,1.36,1.19,0,-1.77,neutral,neutral,0,-0.111,32,5551,0,
s20838,APEUSDT,1784902500000,testB,-1,-2.1,0.544,3.05,2.64,1.42,-0.34,1.32,0.89,0.82,0.94,0,-1.77,neutral,neutral,0,0.237,32,5551,0,
s20839,ENAUSDT,1784903400000,train,-1,-4.17,0.795,4.82,4.46,1.3,-2.35,2.33,1.36,1.16,0.9,1,-1.82,neutral,neutral,0,-0.501,32,5553,1,
s20840,OPUSDT,1784903400000,train,-1,-2.14,0.435,3.06,2.3,0.89,-0.32,1.08,1.09,0.82,0.97,0,-1.82,neutral,neutral,0,-0.429,32,5553,1,
s20841,INJUSDT,1784903400000,train,-1,-3.79,0.591,5.08,4.98,1.89,-1.97,2.45,1.95,1.97,1.44,0,-1.82,neutral,bajista,0,-0.227,32,5553,4,
s20842,SUIUSDT,1784903400000,train,-1,-2.52,0.692,2.86,2.83,1.52,-0.69,1.72,1.98,1.36,1.24,1,-1.82,neutral,bajista,0,0.079,32,5553,4,
s20843,SEIUSDT,1784903400000,train,-1,-2.46,0.609,2.8,2.68,0.73,-0.64,1.44,1.71,1.12,1.03,1,-1.82,neutral,bajista,0,0.059,32,5553,4,
s20844,JUPUSDT,1784903400000,train,-1,-2.66,0.694,3.61,3.56,2.88,-0.84,1.99,1.17,0.88,0.94,0,-1.82,neutral,bajista,0,-0.538,32,5553,4,
s20845,PENDLEUSDT,1784903400000,train,-1,-2.96,0.683,3.37,3.19,1.16,-1.14,1.63,1.24,1.01,0.81,1,-1.82,neutral,neutral,0,0.643,32,5553,1,
s20846,FETUSDT,1784903400000,train,-1,-2.53,0.639,2.66,2.6,1.39,-0.71,1.46,1.31,1.02,0.86,1,-1.82,neutral,neutral,0,-0.487,32,5552,1,
s20847,ARUSDT,1784903400000,testB,-1,-2.21,0.577,2.53,2.42,1.29,-0.38,1.32,1.1,1.02,1.36,0,-1.82,neutral,neutral,0,-0.318,32,5552,1,
s20848,SANDUSDT,1784903400000,testB,-1,-2.2,0.702,2.86,2.45,1.14,-0.37,1.33,2.69,1.78,1.5,1,-1.82,neutral,bajista,0,-0.574,32,5552,3,
s20849,AXSUSDT,1784903400000,testB,-1,-2.57,0.561,2.86,2.75,1.31,-0.74,1.44,1.34,1.36,1.19,0,-1.82,neutral,neutral,0,-0.5,32,5552,1,
s20850,APEUSDT,1784903400000,testB,-1,-2.51,0.587,3.21,3.14,1.32,-0.69,1.63,0.89,0.82,0.94,0,-1.82,neutral,neutral,0,-0.0,32,5552,1,
s20851,ENAUSDT,1784904300000,train,-1,-2.75,0.473,4.51,3.13,1.06,-1.37,1.16,1.36,1.16,0.9,1,-1.38,neutral,neutral,0,-0.337,32,5554,0,
s20852,INJUSDT,1784904300000,train,-1,-3.19,0.455,5.11,4.01,1.85,-1.81,1.47,1.95,1.97,1.44,0,-1.38,neutral,neutral,0,-0.048,32,5554,0,
s20853,SUIUSDT,1784904300000,train,-1,-2.08,0.51,2.96,2.24,1.23,-0.69,0.99,1.98,1.36,1.24,1,-1.38,neutral,neutral,0,0.36,32,5554,0,
s20854,PENDLEUSDT,1784904300000,train,-1,-2.3,0.587,3.06,2.68,0.79,-0.92,1.31,1.24,1.01,0.81,1,-1.38,neutral,neutral,0,0.865,32,5554,0,
s20855,APEUSDT,1784904300000,testB,-1,-2.03,0.429,3.32,2.35,0.96,-0.65,0.72,0.89,0.82,0.94,0,-1.38,neutral,neutral,0,0.382,32,5553,0,
s20856,ENAUSDT,1784905200000,train,-1,-2.59,0.434,4.47,2.79,0.96,-1.27,0.75,1.43,1.12,0.9,1,-1.32,neutral,neutral,0,-0.252,32,5555,0,
s20857,INJUSDT,1784905200000,train,-1,-3.34,0.49,5.1,3.67,1.87,-2.02,1.03,2.0,2.01,1.48,0,-1.32,neutral,neutral,0,0.063,32,5555,0,
s20858,SUIUSDT,1784905200000,train,-1,-2.01,0.492,2.95,2.2,1.22,-0.69,0.88,1.84,1.43,1.14,1,-1.32,neutral,neutral,0,0.424,32,5555,0,
s20859,APEUSDT,1784905200000,testB,-1,-2.58,0.487,3.06,2.79,1.03,-1.26,1.28,1.04,0.81,0.95,0,-1.32,neutral,neutral,0,0.05,32,5554,1,
s20860,ENAUSDT,1784906100000,train,-1,-2.42,0.406,4.29,2.54,0.77,-1.04,0.52,1.43,1.12,0.9,1,-1.38,neutral,neutral,0,-0.318,32,5556,0,
s20861,INJUSDT,1784906100000,train,-1,-2.44,0.363,5.08,3.25,1.28,-1.06,0.65,2.0,2.01,1.48,0,-1.38,neutral,neutral,0,0.201,32,5556,0,
s20862,APEUSDT,1784906100000,testB,-1,-2.38,0.455,3.06,2.71,1.12,-1.0,1.09,1.04,0.81,0.95,0,-1.38,neutral,neutral,0,0.128,32,5555,0,
s20863,APEUSDT,1784907000000,testB,-1,-2.65,0.481,3.07,3.0,1.02,-1.46,1.28,1.04,0.81,0.95,0,-1.19,neutral,neutral,0,0.047,32,5556,1,
s20864,ENAUSDT,1784907900000,train,-1,-2.08,0.365,3.85,2.12,0.65,-0.57,0.41,1.43,1.12,0.9,1,-1.51,neutral,neutral,0,-0.293,32,5558,1,
s20865,SEIUSDT,1784907900000,train,-1,-2.14,0.46,2.86,2.52,0.44,-0.63,0.79,1.78,1.16,1.01,1,-1.51,neutral,neutral,0,0.259,32,5558,1,
s20866,AXSUSDT,1784907900000,testB,-1,-2.13,0.358,2.63,2.4,0.76,-0.62,0.99,1.45,1.18,1.11,1,-1.51,neutral,bajista,0,-0.667,32,5557,3,
s20867,APEUSDT,1784907900000,testB,-1,-2.66,0.481,3.36,3.29,1.08,-1.15,1.39,1.04,0.81,0.95,0,-1.51,neutral,bajista,0,-0.0,32,5557,2,
s20868,SUIUSDT,1784908800000,train,-1,-2.07,0.505,2.81,2.26,0.63,-0.64,0.76,1.83,1.48,1.12,1,-1.43,neutral,bajista,0,0.315,32,5559,2,
s20869,SEIUSDT,1784908800000,train,-1,-2.02,0.426,2.85,2.25,0.5,-0.6,0.47,1.95,1.25,1.04,1,-1.43,neutral,neutral,0,0.77,32,5559,0,
s20870,APEUSDT,1784908800000,testB,-1,-2.59,0.463,3.43,3.22,0.83,-1.16,1.18,1.16,0.86,0.91,0,-1.43,neutral,neutral,0,-0.022,32,5558,0,
s20871,SUIUSDT,1784909700000,train,-1,-2.04,0.495,2.75,2.18,0.54,-0.61,0.62,1.83,1.48,1.12,1,-1.43,neutral,neutral,0,0.321,32,5560,0,
s20872,SEIUSDT,1784909700000,train,-1,-2.24,0.468,2.79,2.32,0.46,-0.81,0.53,1.95,1.25,1.04,1,-1.43,neutral,neutral,0,0.66,32,5560,1,
s20873,APEUSDT,1784909700000,testB,-1,-2.72,0.5,3.42,3.14,0.64,-1.29,1.0,1.16,0.86,0.91,0,-1.43,neutral,neutral,0,-0.156,32,5559,0,
s20874,SUIUSDT,1784910600000,train,-1,-2.19,0.513,2.5,2.33,0.45,-0.68,0.94,1.83,1.48,1.12,1,-1.51,neutral,neutral,0,0.205,32,5561,1,
s20875,SEIUSDT,1784910600000,train,-1,-2.27,0.47,2.7,2.43,0.54,-0.76,0.69,1.95,1.25,1.04,1,-1.51,neutral,bajista,0,0.611,32,5561,2,
s20876,APEUSDT,1784910600000,testB,-1,-3.25,0.6,3.43,3.43,0.69,-1.74,1.12,1.16,0.86,0.91,0,-1.51,neutral,neutral,0,-0.184,32,5560,1,
s20877,LDOUSDT,1784911500000,testB,-1,-2.48,0.35,3.4,2.91,1.21,-1.22,1.76,0.98,0.76,0.63,1,-1.26,neutral,bajista,0,0.505,32,5561,2,
s20878,APEUSDT,1784911500000,testB,-1,-2.52,0.481,3.56,2.8,0.78,-1.26,0.76,1.16,0.86,0.91,0,-1.26,neutral,neutral,0,-0.375,32,5561,0,
s20879,ONDOUSDT,1784912400000,train,1,2.29,0.478,3.13,2.45,0.33,2.92,0.06,1.04,0.77,0.59,1,-0.63,neutral,neutral,0,-1.0,20,5562,0,
s20880,XPLUSDT,1784913300000,train,1,2.97,0.435,3.35,3.27,0.96,3.41,1.47,1.44,1.36,1.01,1,-0.44,neutral,alcista,0,-1.0,27,5564,4,
s20881,ONDOUSDT,1784913300000,train,1,2.29,0.478,2.67,2.34,0.5,2.72,0.43,1.04,0.77,0.59,1,-0.44,neutral,neutral,0,-1.0,18,5563,1,
s20882,XPLUSDT,1784914200000,train,1,3.32,0.464,4.4,4.32,1.39,3.68,2.35,1.44,1.36,1.01,1,-0.36,neutral,alcista,0,-1.0,26,5565,5,
s20883,XPLUSDT,1784915100000,train,1,3.1,0.434,5.36,4.22,1.9,3.06,2.15,1.44,1.36,1.01,1,0.04,neutral,neutral,0,-1.0,25,5566,0,
s20884,XPLUSDT,1784916000000,train,1,3.38,0.491,5.36,4.17,1.83,3.02,1.93,1.42,1.23,1.05,1,0.37,neutral,neutral,0,-1.0,24,5567,0,
s20885,ENAUSDT,1784916000000,train,1,2.14,0.433,3.01,2.61,0.42,1.77,0.62,1.28,1.09,0.87,1,0.37,neutral,neutral,0,0.013,32,5567,0,
s20886,MANAUSDT,1784916000000,testB,1,2.25,0.642,2.67,2.54,0.94,1.88,1.2,1.56,1.06,0.91,1,0.37,neutral,alcista,0,0.547,32,5566,6,
s20887,XPLUSDT,1784916900000,train,1,3.38,0.489,5.01,3.68,1.75,2.93,1.51,1.42,1.23,1.05,1,0.45,neutral,neutral,0,-1.0,23,5568,0,
s20888,LDOUSDT,1784916900000,testB,-1,-2.99,0.571,3.83,3.69,0.43,-3.44,1.35,1.03,0.74,0.62,1,0.45,neutral,neutral,0,0.286,32,5567,1,
s20889,XPLUSDT,1784917800000,train,1,3.4,0.491,5.03,3.37,1.48,2.86,1.06,1.42,1.23,1.05,1,0.54,neutral,neutral,0,-1.0,22,5569,0,
s20890,ENAUSDT,1784917800000,train,1,2.18,0.472,2.71,2.19,0.48,1.63,0.44,1.28,1.09,0.87,1,0.54,neutral,neutral,0,0.335,32,5569,1,
s20891,LDOUSDT,1784917800000,testB,-1,-2.92,0.548,3.82,3.53,0.48,-3.46,1.14,1.03,0.74,0.62,1,0.54,neutral,neutral,0,0.321,32,5568,0,
s20892,MANAUSDT,1784917800000,testB,1,2.51,0.707,2.81,2.51,2.05,1.97,1.11,1.56,1.06,0.91,1,0.54,neutral,neutral,0,0.488,32,5568,1,
s20893,XPLUSDT,1784918700000,train,1,3.26,0.483,4.25,3.5,1.09,2.93,1.82,1.42,1.23,1.05,1,0.33,neutral,neutral,0,-1.0,21,5570,1,
s20894,LDOUSDT,1784918700000,testB,-1,-3.13,0.618,3.73,3.26,0.47,-3.46,0.84,1.03,0.74,0.62,1,0.33,neutral,neutral,0,0.323,32,5569,0,
s20895,MANAUSDT,1784918700000,testB,1,2.36,0.695,3.64,2.64,5,2.03,1.53,1.56,1.06,0.91,1,0.33,neutral,alcista,0,0.23,32,5569,2,
s20896,XPLUSDT,1784919600000,train,1,2.31,0.359,4.13,3.06,0.91,2.29,1.37,1.17,1.2,1.07,0,0.02,neutral,neutral,0,-1.0,20,5571,0,
s20897,LDOUSDT,1784919600000,testB,-1,-2.53,0.541,3.65,3.07,0.64,-2.55,0.78,0.83,0.73,0.63,1,0.02,neutral,neutral,0,0.47,32,5570,0,
s20898,MANAUSDT,1784919600000,testB,1,2.09,0.639,3.34,2.27,5,2.08,1.3,1.48,1.17,0.96,1,0.02,neutral,neutral,0,0.19,32,5570,0,
s20899,XPLUSDT,1784920500000,train,1,2.66,0.435,4.14,3.01,0.89,2.55,1.23,1.17,1.2,1.07,0,0.11,neutral,neutral,0,-1.0,19,5572,0,
s20900,LDOUSDT,1784920500000,testB,-1,-2.2,0.439,3.64,2.72,0.68,-2.32,0.41,0.83,0.73,0.63,1,0.11,neutral,neutral,0,0.673,32,5571,0,
s20901,XPLUSDT,1784921400000,train,1,2.46,0.417,4.13,3.22,0.58,2.33,1.17,1.17,1.2,1.07,0,0.13,neutral,neutral,0,-1.0,18,5573,1,
s20902,LDOUSDT,1784921400000,testB,-1,-2.07,0.411,3.11,2.12,0.65,-2.21,0.35,0.83,0.73,0.63,1,0.13,neutral,neutral,0,0.765,32,5572,0,
s20903,XPLUSDT,1784922300000,train,1,2.59,0.446,4.14,2.95,0.59,2.38,0.73,1.17,1.2,1.07,0,0.21,neutral,neutral,0,-1.0,17,5574,0,
s20904,MANAUSDT,1784922300000,testB,1,2.17,0.544,3.34,2.33,1.23,1.96,1.01,1.48,1.17,0.96,1,0.21,neutral,neutral,0,0.331,32,5573,1,
s20905,XPLUSDT,1784923200000,train,1,2.38,0.404,4.14,2.82,0.53,2.26,0.58,1.12,1.16,1.06,0,0.11,neutral,neutral,0,-1.0,16,5575,0,
s20906,MANAUSDT,1784923200000,testB,1,2.38,0.567,3.27,2.68,0.97,2.26,1.27,1.6,1.27,1.01,1,0.11,neutral,alcista,0,0.204,32,5574,2,
s20907,XPLUSDT,1784924100000,train,1,3.11,0.518,4.13,3.21,0.54,2.87,0.84,1.12,1.16,1.06,0,0.23,neutral,neutral,0,-1.0,15,5576,1,
s20908,MANAUSDT,1784924100000,testB,1,3.06,0.652,3.34,3.23,0.76,2.83,1.68,1.6,1.27,1.01,1,0.23,neutral,alcista,0,0.077,32,5575,3,
s20909,XPLUSDT,1784925000000,train,1,2.33,0.418,3.63,2.52,0.62,1.96,0.65,1.12,1.16,1.06,0,0.38,neutral,neutral,0,-1.0,2,5577,0,
s20910,WLDUSDT,1784925000000,train,-1,-2.28,0.419,4.09,3.9,2.01,-2.66,1.77,1.23,1.27,0.89,0,0.38,neutral,neutral,0,1.394,32,5577,1,
s20911,MANAUSDT,1784925000000,testB,1,3.08,0.657,3.8,3.12,0.89,2.7,1.42,1.6,1.27,1.01,1,0.38,neutral,neutral,0,0.132,32,5576,0,
s20912,XPLUSDT,1784925900000,train,1,2.13,0.375,3.4,2.15,0.56,1.8,0.44,1.12,1.16,1.06,0,0.33,neutral,neutral,0,-1.0,1,5578,0,
s20913,MANAUSDT,1784925900000,testB,1,2.54,0.538,3.47,2.51,0.84,2.22,1.0,1.6,1.27,1.01,1,0.33,neutral,neutral,0,0.141,32,5577,0,
s20914,WLDUSDT,1784926800000,train,-1,-3.7,0.537,5.2,4.53,3.29,-3.99,2.07,1.73,1.68,1.1,1,0.29,neutral,neutral,0,1.165,32,5579,1,
s20915,MANAUSDT,1784926800000,testB,1,2.86,0.568,3.32,2.81,0.95,2.57,1.32,1.75,1.34,1.02,1,0.29,neutral,neutral,0,-0.021,32,5578,1,
s20916,WLDUSDT,1784927700000,train,-1,-3.77,0.555,5.19,4.36,4.02,-3.87,1.7,1.73,1.68,1.1,1,0.1,neutral,neutral,0,1.146,32,5580,0,
s20917,MANAUSDT,1784927700000,testB,1,2.36,0.505,2.97,2.38,1.01,2.26,1.15,1.75,1.34,1.02,1,0.1,neutral,neutral,0,0.012,32,5579,0,
s20918,WLDUSDT,1784928600000,train,-1,-4.76,0.611,5.36,5.05,3.11,-4.74,2.58,1.73,1.68,1.1,1,-0.02,neutral,neutral,0,0.917,32,5581,1,
s20919,STXUSDT,1784928600000,testB,-1,-2.04,0.484,2.51,2.3,0.75,-2.03,0.7,2.82,3.59,10.78,0,-0.02,neutral,bajista,1,2.0,15,5580,3,
s20920,MANAUSDT,1784928600000,testB,1,2.12,0.442,2.92,2.15,0.73,2.14,0.84,1.75,1.34,1.02,1,-0.02,neutral,neutral,0,-0.082,32,5580,0,
s20921,ONDOUSDT,1784929500000,train,-1,-2.14,0.472,2.61,2.53,1.28,-2.08,1.43,0.34,0.71,0.58,0,-0.07,neutral,bajista,0,0.897,32,5581,2,
s20922,WLDUSDT,1784930400000,train,-1,-7.31,0.57,10.4,7.91,4.48,-7.21,4.84,2.06,1.85,1.21,1,-0.1,neutral,neutral,0,0.179,32,5583,0,
s20923,ONDOUSDT,1784930400000,train,-1,-3.05,0.632,3.36,3.17,2.48,-2.96,1.9,0.46,0.75,0.61,0,-0.1,neutral,bajista,0,0.521,32,5582,3,
s20924,WLDUSDT,1784931300000,train,-1,-6.24,0.51,10.08,7.38,4.31,-6.26,4.19,2.06,1.85,1.21,1,0.02,neutral,neutral,0,0.211,32,5584,0,
s20925,ONDOUSDT,1784932200000,train,-1,-2.1,0.482,3.63,2.48,4.63,-2.11,1.24,0.46,0.75,0.61,0,0.01,neutral,neutral,0,0.768,32,5584,1,
s20926,ONDOUSDT,1784933100000,train,-1,-2.05,0.476,3.29,2.14,3.88,-1.88,1.17,0.46,0.75,0.61,0,-0.17,neutral,neutral,0,0.707,32,5585,0,
s20927,STBLUSDT,1784934000000,train,1,2.12,0.563,2.88,2.41,0.9,2.11,0.82,0.32,0.46,0.55,0,0.01,neutral,neutral,0,0.105,32,5587,0,
s20928,STBLUSDT,1784934900000,train,1,2.07,0.558,2.87,2.66,0.7,2.12,0.96,0.32,0.46,0.55,0,-0.05,neutral,neutral,0,0.524,32,5588,1,
s20929,XPLUSDT,1784935800000,train,-1,-2.55,0.399,2.98,2.75,1.22,-2.43,1.34,1.06,1.22,1.08,0,-0.12,neutral,bajista,0,1.086,32,5589,2,
s20930,STBLUSDT,1784935800000,train,1,2.51,0.763,2.87,2.66,0.47,2.63,0.87,0.32,0.46,0.55,0,-0.12,neutral,neutral,0,0.651,32,5589,0,
s20931,XPLUSDT,1784936700000,train,-1,-2.46,0.389,2.99,2.93,1.17,-2.33,1.33,1.06,1.22,1.08,0,-0.13,neutral,bajista,0,1.04,32,5590,3,
s20932,STBLUSDT,1784936700000,train,1,2.38,0.714,2.92,2.58,0.43,2.51,0.76,0.32,0.46,0.55,0,-0.13,neutral,neutral,0,0.82,32,5590,0,
s20933,WLDUSDT,1784936700000,train,-1,-5.76,0.409,9.43,6.81,0.35,-5.63,2.48,2.16,1.9,1.24,1,-0.13,neutral,bajista,0,0.182,32,5590,2,
s20934,XPLUSDT,1784937600000,train,-1,-3.96,0.507,5.11,4.64,2.2,-3.85,2.7,1.18,1.29,1.13,0,-0.11,neutral,bajista,0,0.269,32,5591,4,
s20935,STBLUSDT,1784937600000,train,1,2.38,0.714,2.92,2.58,0.67,2.49,0.65,0.31,0.43,0.54,0,-0.11,neutral,neutral,0,1.311,32,5591,1,
s20936,WLDUSDT,1784937600000,train,-1,-6.0,0.427,9.44,6.93,0.73,-5.89,2.34,2.33,2.04,1.29,1,-0.11,neutral,bajista,0,0.162,32,5591,3,
s20937,ONDOUSDT,1784937600000,train,-1,-2.13,0.459,3.28,2.57,0.65,-2.02,0.97,0.48,0.74,0.59,0,-0.11,neutral,neutral,0,0.469,32,5590,1,
s20938,XPLUSDT,1784938500000,train,-1,-3.98,0.513,4.99,4.14,2.08,-3.85,2.14,1.18,1.29,1.13,0,-0.13,neutral,neutral,0,0.176,32,5592,0,
s20939,STBLUSDT,1784938500000,train,1,2.69,0.795,2.83,2.66,0.66,2.81,0.79,0.31,0.43,0.54,0,-0.13,neutral,alcista,0,1.254,32,5592,2,
s20940,WLDUSDT,1784938500000,train,-1,-6.0,0.427,9.44,6.96,0.69,-5.87,2.18,2.33,2.04,1.29,1,-0.13,neutral,bajista,0,0.129,32,5592,4,
s20941,STXUSDT,1784938500000,testB,-1,-2.2,0.432,3.87,2.6,3.02,-2.08,1.25,2.21,3.29,11.54,0,-0.13,neutral,neutral,1,2.0,24,5591,0,
s20942,XPLUSDT,1784939400000,train,-1,-4.18,0.525,4.84,4.39,1.77,-4.07,2.25,1.18,1.29,1.13,0,-0.12,neutral,neutral,0,0.118,32,5593,1,
s20943,STBLUSDT,1784939400000,train,1,2.25,0.684,2.58,2.24,0.61,2.36,0.56,0.31,0.43,0.54,0,-0.12,neutral,neutral,0,1.679,32,5593,0,
s20944,WLDUSDT,1784939400000,train,-1,-4.97,0.379,8.62,6.24,0.66,-4.86,2.0,2.33,2.04,1.29,1,-0.12,neutral,bajista,0,0.102,32,5593,5,
s20945,STXUSDT,1784939400000,testB,-1,-2.83,0.494,3.62,3.19,3.54,-2.71,1.92,2.21,3.29,11.54,0,-0.12,neutral,neutral,0,1.044,32,5592,1,
s20946,XPLUSDT,1784940300000,train,-1,-3.99,0.507,4.87,4.34,1.96,-3.85,1.98,1.18,1.29,1.13,0,-0.14,neutral,neutral,0,0.133,32,5594,0,
s20947,STXUSDT,1784941200000,testB,-1,-4.07,0.488,4.82,4.53,3.55,-3.86,2.92,3.75,3.74,12.31,0,-0.21,neutral,neutral,0,0.508,32,5594,1,
s20948,XPLUSDT,1784942100000,train,-1,-2.38,0.396,4.17,3.43,0.63,-2.2,1.47,1.16,1.16,1.14,1,-0.18,neutral,neutral,0,0.038,32,5596,0,
s20949,WLDUSDT,1784942100000,train,-1,-4.14,0.368,7.66,4.86,0.24,-3.96,1.03,2.29,1.93,1.3,1,-0.18,neutral,neutral,0,0.142,32,5596,0,
s20950,ONDOUSDT,1784942100000,train,-1,-2.11,0.418,3.28,2.49,0.58,-1.93,0.67,0.47,0.51,0.58,0,-0.18,neutral,bajista,0,0.411,32,5595,2,
s20951,STXUSDT,1784942100000,testB,-1,-5.19,0.547,6.5,6.06,3.64,-5.01,3.89,3.75,3.74,12.31,0,-0.18,neutral,bajista,0,0.145,32,5595,2,
s20952,XPLUSDT,1784943000000,train,-1,-2.55,0.438,3.92,3.11,0.58,-2.49,1.26,1.16,1.16,1.14,1,-0.06,neutral,neutral,0,0.154,32,5597,0,
s20953,STXUSDT,1784943000000,testB,-1,-4.87,0.53,6.51,6.07,3.87,-4.81,3.73,3.75,3.74,12.31,0,-0.06,neutral,bajista,0,0.108,32,5596,3,
s20954,XPLUSDT,1784943900000,train,-1,-2.03,0.382,3.92,3.16,0.52,-1.92,0.94,1.16,1.16,1.14,1,-0.11,neutral,neutral,0,0.087,32,5598,1,
s20955,INJUSDT,1784943900000,train,1,2.16,0.464,2.87,2.46,1.4,2.27,1.04,0.62,0.99,1.45,0,-0.11,neutral,alcista,0,-0.256,32,5598,2,
s20956,STXUSDT,1784943900000,testB,-1,-5.63,0.591,6.99,6.7,4.37,-5.51,3.89,3.75,3.74,12.31,0,-0.11,neutral,bajista,0,-0.044,32,5597,4,
s20957,XPLUSDT,1784944800000,train,-1,-2.65,0.524,3.93,3.37,0.47,-2.54,1.08,1.16,1.13,1.14,0,-0.11,neutral,bajista,0,0.11,32,5599,2,
s20958,STXUSDT,1784944800000,testB,-1,-5.42,0.574,6.99,6.62,2.56,-5.31,3.43,4.15,3.78,12.47,0,-0.11,neutral,neutral,0,-0.044,32,5598,0,
s20959,XPLUSDT,1784945700000,train,-1,-2.78,0.564,4.0,3.26,0.55,-2.61,0.91,1.16,1.13,1.14,0,-0.17,neutral,neutral,0,0.228,32,5600,0,
s20960,INJUSDT,1784945700000,train,1,2.99,0.494,3.0,2.93,1.47,3.16,1.66,0.77,0.81,1.42,0,-0.17,neutral,neutral,0,-0.406,32,5600,1,
s20961,STXUSDT,1784945700000,testB,-1,-4.45,0.427,6.91,5.53,1.48,-4.28,2.13,4.15,3.78,12.47,0,-0.17,neutral,neutral,0,0.039,32,5599,0,
s20962,XPLUSDT,1784946600000,train,-1,-2.97,0.63,3.98,3.24,0.51,-2.77,0.74,1.16,1.13,1.14,0,-0.2,neutral,neutral,0,0.3,32,5601,0,
s20963,INJUSDT,1784946600000,train,1,2.07,0.37,2.7,2.4,1.61,2.27,1.34,0.77,0.81,1.42,0,-0.2,neutral,neutral,0,-1.0,26,5601,0,
s20964,STXUSDT,1784946600000,testB,-1,-4.29,0.408,6.87,4.84,1.15,-4.09,1.38,4.15,3.78,12.47,0,-0.2,neutral,neutral,0,0.134,32,5600,0,
s20965,XPLUSDT,1784947500000,train,-1,-2.91,0.624,3.99,3.55,0.54,-2.72,1.0,1.16,1.13,1.14,0,-0.19,neutral,neutral,0,0.203,32,5602,1,
s20966,INJUSDT,1784947500000,train,1,2.17,0.394,2.71,2.35,1.59,2.36,1.16,0.77,0.81,1.42,0,-0.19,neutral,neutral,0,-1.0,25,5602,0,
s20967,STXUSDT,1784947500000,testB,-1,-4.15,0.39,6.85,4.62,0.89,-3.96,1.04,4.15,3.78,12.47,0,-0.19,neutral,neutral,0,0.25,32,5601,0,
s20968,XPLUSDT,1784948400000,train,-1,-3.13,0.66,3.52,3.23,0.56,-2.96,1.07,1.05,1.13,1.16,0,-0.17,neutral,bajista,0,0.067,32,5603,2,
s20969,INJUSDT,1784948400000,train,1,2.17,0.394,2.71,2.25,1.6,2.34,0.96,0.82,0.71,1.38,0,-0.17,neutral,neutral,0,-1.0,24,5603,0,
s20970,STXUSDT,1784948400000,testB,-1,-4.02,0.382,6.86,4.69,0.94,-3.85,1.01,4.6,3.87,8.8,0,-0.17,neutral,neutral,0,0.246,32,5602,1,
s20971,XPLUSDT,1784949300000,train,-1,-2.82,0.635,3.03,2.9,0.47,-2.66,1.14,1.05,1.13,1.16,0,-0.15,neutral,bajista,0,-0.071,32,5604,3,
s20972,INJUSDT,1784949300000,train,1,2.69,0.45,2.96,2.73,0.93,2.85,1.22,0.82,0.71,1.38,0,-0.15,neutral,neutral,0,-1.0,23,5604,1,
s20973,STXUSDT,1784949300000,testB,-1,-4.84,0.437,6.91,5.45,0.98,-4.69,1.63,4.6,3.87,8.8,0,-0.15,neutral,bajista,0,0.093,32,5603,2,
s20974,XPLUSDT,1784950200000,train,-1,-3.11,0.657,3.45,3.34,0.84,-2.99,1.75,1.05,1.13,1.16,0,-0.12,neutral,bajista,0,-0.339,32,5605,4,
s20975,INJUSDT,1784950200000,train,1,2.3,0.371,2.97,2.44,0.93,2.43,0.85,0.82,0.71,1.38,0,-0.12,neutral,neutral,0,-1.0,22,5605,0,
s20976,STXUSDT,1784950200000,testB,-1,-4.16,0.37,6.88,5.0,0.81,-4.04,1.09,4.6,3.87,8.8,0,-0.12,neutral,neutral,0,0.174,32,5604,0,
s20977,XPLUSDT,1784951100000,train,-1,-3.07,0.653,3.5,3.25,0.93,-2.97,1.72,1.05,1.13,1.16,0,-0.1,neutral,bajista,0,-0.281,32,5606,5,
s20978,INJUSDT,1784951100000,train,1,2.26,0.362,2.97,2.35,0.8,2.36,0.7,0.82,0.71,1.38,0,-0.1,neutral,neutral,0,-1.0,21,5606,0,
s20979,ONDOUSDT,1784951100000,train,-1,-2.19,0.56,2.72,2.51,0.59,-2.09,1.01,0.54,0.43,0.58,0,-0.1,neutral,bajista,0,-0.521,32,5605,2,
s20980,STXUSDT,1784951100000,testB,-1,-4.7,0.425,6.68,5.01,0.73,-4.6,1.16,4.6,3.87,8.8,0,-0.1,neutral,neutral,0,0.159,32,5605,1,
s20981,STXUSDT,1784954700000,testB,-1,-2.96,0.362,4.65,3.05,0.34,-3.11,0.64,4.78,3.64,5.61,0,0.15,neutral,bajista,0,0.286,32,5609,3,
s20982,INJUSDT,1784956500000,train,1,2.51,0.441,2.68,2.6,1.55,2.37,1.29,0.98,0.7,1.3,0,0.15,neutral,alcista,0,-1.0,10,5612,2,
s20983,APEUSDT,1784958300000,testB,1,2.01,0.674,3.06,2.58,1.88,2.09,1.26,0.63,0.62,0.76,0,-0.08,neutral,neutral,0,-0.895,32,5613,1,
s20984,STXUSDT,1784961000000,testB,-1,-2.24,0.492,3.55,3.11,1.04,-2.13,1.17,4.76,3.55,4.58,0,-0.11,neutral,neutral,0,-0.167,32,5616,0,
s20985,STXUSDT,1784961900000,testB,-1,-2.16,0.469,3.54,2.8,1.08,-2.12,0.81,4.76,3.55,4.58,0,-0.04,neutral,neutral,0,-0.053,32,5617,0,
s20986,APEUSDT,1784962800000,testB,1,2.3,0.6,2.93,2.31,0.97,2.35,0.76,0.63,0.61,0.76,0,-0.05,neutral,alcista,0,-1.0,27,5618,3,
s20987,PUMPUSDT,1784966400000,train,-1,-2.1,0.452,3.1,2.26,4.81,-1.84,1.65,0.42,0.36,0.41,0,-0.26,neutral,neutral,0,-0.425,32,5623,1,
s20988,INJUSDT,1784966400000,train,-1,-2.41,0.427,3.61,3.26,2.42,-2.15,1.73,1.42,1.08,1.26,0,-0.26,neutral,bajista,0,0.396,32,5623,5,
s20989,INJUSDT,1784970900000,train,-1,-2.71,0.463,3.58,2.83,0.59,-2.39,0.77,1.46,1.13,1.23,0,-0.32,neutral,neutral,0,1.054,32,5628,0,
s20990,ENAUSDT,1784971800000,train,-1,-2.44,0.682,2.79,2.6,2.99,-2.28,1.5,0.67,0.57,0.77,0,-0.16,neutral,bajista,0,-0.525,32,5629,2,
s20991,INJUSDT,1784971800000,train,-1,-2.35,0.418,3.58,2.77,0.58,-2.19,0.65,1.46,1.13,1.23,0,-0.16,neutral,neutral,0,0.979,32,5629,0,
s20992,ENAUSDT,1784972700000,train,-1,-2.3,0.627,2.68,2.38,2.45,-2.28,1.22,0.67,0.57,0.77,0,-0.03,neutral,neutral,0,-0.328,32,5630,0,
s20993,0GUSDT,1784974500000,train,1,5.2,0.553,6.6,6.16,1.56,5.16,4.17,1.68,1.16,0.79,1,0.04,neutral,alcista,0,-0.342,32,5632,5,
s20994,0GUSDT,1784975400000,train,1,5.97,0.622,6.91,6.57,1.57,5.91,4.17,1.68,1.16,0.79,1,0.06,neutral,alcista,0,-0.42,32,5633,6,
s20995,0GUSDT,1784976300000,train,1,4.44,0.422,6.99,5.48,1.81,4.35,2.68,1.68,1.16,0.79,1,0.09,neutral,neutral,0,-0.255,32,5634,0,
s20996,MANAUSDT,1784980800000,testB,1,2.58,0.52,2.75,2.51,2.44,2.42,1.8,1.27,1.04,1.32,0,0.15,neutral,alcista,0,-0.283,32,5638,7,
s20997,STBLUSDT,1784981700000,train,-1,-2.08,0.402,3.71,3.0,0.36,-2.16,0.4,1.37,1.02,0.72,1,0.08,neutral,neutral,0,-0.125,32,5640,0,
s20998,MANAUSDT,1784981700000,testB,1,2.43,0.506,3.0,2.8,3.56,2.35,1.93,1.27,1.04,1.32,0,0.08,neutral,alcista,0,-0.383,32,5639,8,
s20999,STBLUSDT,1784982600000,train,-1,-2.08,0.402,3.7,2.74,0.31,-2.3,0.17,1.37,1.02,0.72,1,0.22,neutral,neutral,0,0.015,32,5641,0,
s21000,GRTUSDT,1784984400000,testB,1,2.05,0.941,2.32,2.26,1.74,1.65,1.28,0.8,0.66,0.79,0,0.4,neutral,alcista,0,0.75,32,5642,5,
s21001,MANAUSDT,1784984400000,testB,1,2.26,0.42,3.01,2.43,2.22,1.86,1.17,1.55,1.16,1.31,0,0.4,neutral,alcista,0,-0.186,32,5642,2,
s21002,GRTUSDT,1784985300000,testB,1,2.11,0.943,2.32,2.13,1.88,1.82,1.23,0.8,0.66,0.79,0,0.3,neutral,alcista,0,0.676,32,5643,6,
s21003,MANAUSDT,1784985300000,testB,1,2.67,0.462,3.49,2.91,1.67,2.38,1.42,1.55,1.16,1.31,0,0.3,neutral,alcista,0,-0.388,32,5643,3,
s21004,APEUSDT,1784985300000,testB,-1,-2.23,0.559,2.9,2.84,0.85,-2.53,0.98,0.74,0.68,0.75,0,0.3,neutral,bajista,0,0.366,32,5643,2,
s21005,GRTUSDT,1784986200000,testB,1,2.62,0.953,2.62,2.62,2.08,2.22,1.58,0.8,0.66,0.79,0,0.4,neutral,alcista,0,0.5,32,5644,7,
s21006,MANAUSDT,1784986200000,testB,1,2.42,0.413,3.49,2.75,1.57,2.02,1.25,1.55,1.16,1.31,0,0.4,neutral,neutral,0,-0.326,32,5644,0,
s21007,APEUSDT,1784986200000,testB,-1,-2.7,0.69,3.33,3.05,1.28,-3.1,1.07,0.74,0.68,0.75,0,0.4,neutral,bajista,0,0.318,32,5644,3,
s21008,MANAUSDT,1784987100000,testB,1,2.59,0.453,3.49,2.71,1.52,2.33,1.09,1.55,1.16,1.31,0,0.25,neutral,neutral,0,-0.278,32,5645,0,
s21009,APEUSDT,1784987100000,testB,-1,-2.77,0.695,3.13,2.99,1.48,-3.03,1.22,0.74,0.68,0.75,0,0.25,neutral,bajista,0,0.209,32,5645,4,
s21010,INJUSDT,1784988000000,train,-1,-2.29,0.638,2.82,2.64,1.21,-2.51,0.91,0.84,1.13,0.96,0,0.21,neutral,bajista,0,0.326,32,5647,2,
s21011,MANAUSDT,1784988000000,testB,1,2.9,0.481,3.48,3.12,1.28,2.68,1.36,1.55,1.23,1.32,0,0.21,neutral,neutral,0,-0.407,32,5646,1,
s21012,APEUSDT,1784988000000,testB,-1,-2.24,0.647,2.64,2.37,1.73,-2.46,1.29,0.92,0.8,0.77,1,0.21,neutral,neutral,0,0.118,32,5646,0,
s21013,0GUSDT,1784988900000,train,-1,-2.66,0.436,4.9,3.53,0.16,-2.88,0.07,1.87,1.3,0.86,1,0.21,neutral,neutral,0,0.032,32,5648,0,
s21014,INJUSDT,1784988900000,train,-1,-2.56,0.713,2.92,2.78,1.17,-2.77,0.96,0.84,1.13,0.96,0,0.21,neutral,bajista,0,0.218,32,5648,3,
s21015,MANAUSDT,1784988900000,testB,1,2.83,0.463,3.4,2.85,0.92,2.61,1.04,1.55,1.23,1.32,0,0.21,neutral,neutral,0,-0.447,32,5647,0,
s21016,APEUSDT,1784988900000,testB,-1,-2.05,0.625,2.23,2.09,1.64,-2.26,1.39,0.92,0.8,0.77,1,0.21,neutral,neutral,0,0.133,32,5647,1,
s21017,0GUSDT,1784989800000,train,-1,-2.65,0.436,4.88,3.06,0.21,-2.91,-0.31,1.87,1.3,0.86,1,0.26,neutral,neutral,0,0.185,32,5649,0,
s21018,INJUSDT,1784989800000,train,-1,-2.18,0.648,2.94,2.7,1.07,-2.45,0.84,0.84,1.13,0.96,0,0.26,neutral,neutral,0,0.174,32,5649,0,
s21019,MANAUSDT,1784989800000,testB,1,2.85,0.466,3.32,2.86,0.66,2.59,1.05,1.55,1.23,1.32,0,0.26,neutral,neutral,0,-0.48,32,5648,1,
s21020,INJUSDT,1784990700000,train,-1,-2.18,0.648,2.93,2.56,0.94,-2.4,0.66,0.84,1.13,0.96,0,0.22,neutral,neutral,0,0.198,32,5650,0,
s21021,MANAUSDT,1784990700000,testB,1,2.76,0.458,3.22,2.82,0.67,2.54,0.99,1.55,1.23,1.32,0,0.22,neutral,alcista,0,-0.508,32,5649,2,
s21022,INJUSDT,1784991600000,train,-1,-2.01,0.629,2.39,2.03,0.83,-2.29,0.64,0.84,1.15,0.91,0,0.28,neutral,neutral,0,0.288,32,5651,1,
s21023,GRTUSDT,1784993400000,testB,1,2.16,0.567,2.68,2.3,1.6,1.91,1.08,0.85,0.74,0.77,0,0.25,neutral,alcista,0,0.27,32,5652,3,
s21024,GRTUSDT,1784994300000,testB,1,2.23,0.574,2.55,2.24,1.61,2.04,1.0,0.85,0.74,0.77,0,0.19,neutral,alcista,0,0.389,32,5653,4,
s21025,FETUSDT,1784995200000,train,1,2.05,0.795,2.21,2.01,2.23,1.82,1.18,0.78,0.63,0.63,1,0.24,neutral,neutral,0,1.516,32,5654,1,
s21026,GRTUSDT,1784995200000,testB,1,3.05,0.649,3.2,3.08,4.54,2.81,1.88,1.6,1.14,0.87,1,0.24,neutral,alcista,0,-0.02,32,5654,5,
s21027,INJUSDT,1784996100000,train,-1,-2.14,0.556,2.96,2.52,2.36,-2.29,1.72,1.23,1.31,0.96,0,0.15,neutral,bajista,0,-0.433,32,5656,3,
s21028,GRTUSDT,1784996100000,testB,1,3.04,0.649,3.63,2.95,5,2.89,1.74,1.6,1.14,0.87,1,0.15,neutral,neutral,0,-0.083,32,5655,0,
s21029,GRTUSDT,1784997000000,testB,1,3.22,0.662,3.24,3.12,4.38,3.05,2.08,1.6,1.14,0.87,1,0.17,neutral,neutral,0,-0.275,32,5656,1,
s21030,GRTUSDT,1784997900000,testB,1,2.95,0.644,3.11,2.99,4.65,2.81,2.07,1.6,1.14,0.87,1,0.14,neutral,alcista,0,-0.449,32,5657,2,
s21031,GRTUSDT,1784998800000,testB,1,2.26,0.462,3.19,2.52,1.51,2.13,1.41,1.75,1.23,0.89,1,0.13,neutral,neutral,0,-0.415,32,5658,0,
s21032,GRTUSDT,1784999700000,testB,1,2.13,0.436,3.19,2.46,0.88,1.91,1.17,1.75,1.23,0.89,1,0.22,neutral,neutral,0,-0.4,32,5659,0,
s21033,GRTUSDT,1785001500000,testB,1,2.2,0.522,3.2,2.34,0.62,2.04,0.74,1.75,1.23,0.89,1,0.16,neutral,neutral,0,-0.132,32,5661,0,
s21034,ARUSDT,1785002400000,testB,1,2.07,0.613,2.94,2.25,0.44,1.79,0.98,1.15,0.79,0.59,1,0.28,neutral,neutral,0,-0.214,32,5662,1,
s21035,GRTUSDT,1785002400000,testB,1,2.45,0.549,3.19,2.58,0.67,2.17,0.88,1.87,1.28,0.91,1,0.28,neutral,neutral,0,-0.262,32,5662,1,
s21036,ARUSDT,1785003300000,testB,1,2.02,0.587,2.89,2.04,0.42,1.62,0.72,1.15,0.79,0.59,1,0.4,neutral,neutral,0,-0.211,32,5663,0,
s21037,GRTUSDT,1785003300000,testB,1,2.45,0.549,3.19,2.46,0.57,2.05,0.62,1.87,1.28,0.91,1,0.4,neutral,neutral,0,-0.3,32,5663,0,
s21038,FETUSDT,1785004200000,train,1,2.04,0.564,2.25,2.19,0.93,1.72,0.98,1.05,0.73,0.68,1,0.32,neutral,alcista,0,1.029,32,5664,3,
s21039,GRTUSDT,1785004200000,testB,1,2.14,0.472,3.2,2.28,0.66,1.82,0.49,1.87,1.28,0.91,1,0.32,neutral,neutral,0,-0.189,32,5664,0,
s21040,FETUSDT,1785005100000,train,1,2.89,0.647,3.0,2.93,1.44,2.55,1.71,1.05,0.73,0.68,1,0.33,neutral,alcista,0,0.522,32,5665,4,
s21041,GRTUSDT,1785005100000,testB,1,2.39,0.5,3.01,2.33,0.53,2.05,0.66,1.87,1.28,0.91,1,0.33,neutral,neutral,0,-0.237,32,5665,1,
s21042,FETUSDT,1785006000000,train,1,2.29,0.507,3.26,2.37,2.0,2.01,1.25,1.13,0.83,0.72,1,0.28,neutral,neutral,0,0.676,32,5666,0,
s21043,FETUSDT,1785006900000,train,1,2.22,0.5,3.26,2.37,1.95,1.9,1.13,1.13,0.83,0.72,1,0.32,neutral,neutral,0,0.757,32,5667,0,
s21044,FETUSDT,1785008700000,train,1,2.09,0.444,3.21,2.12,1.21,1.77,0.72,1.13,0.83,0.72,1,0.33,neutral,neutral,0,1.182,32,5669,1,
s21045,FETUSDT,1785015000000,train,1,2.2,0.531,2.34,2.28,0.68,2.11,1.53,1.31,0.94,0.75,1,0.08,neutral,alcista,0,0.222,32,5676,2,
s21046,FETUSDT,1785015900000,train,1,3.04,0.627,3.01,2.89,1.25,2.91,2.07,1.31,0.94,0.75,1,0.13,neutral,alcista,0,-0.13,32,5677,3,
s21047,FETUSDT,1785016800000,train,1,3.09,0.632,3.13,3.13,1.76,3.02,2.11,1.39,1.08,0.82,1,0.08,neutral,alcista,0,-0.18,32,5678,4,
s21048,FETUSDT,1785017700000,train,1,2.64,0.506,3.08,2.7,2.01,2.68,1.53,1.39,1.08,0.82,1,-0.04,neutral,neutral,0,-0.186,32,5679,0,
s21049,FETUSDT,1785018600000,train,1,2.77,0.518,2.82,2.69,1.85,2.76,1.62,1.39,1.08,0.82,1,0.01,neutral,neutral,0,-0.186,32,5680,1,
s21050,WLDUSDT,1785031200000,train,-1,-2.82,0.831,4.8,3.02,4.11,-2.94,1.86,1.0,0.78,0.94,0,0.12,neutral,bajista,0,0.333,32,5695,2,
s21051,WLDUSDT,1785032100000,train,-1,-3.08,0.856,4.69,3.15,4.51,-3.22,1.94,1.0,0.78,0.94,0,0.14,neutral,bajista,0,0.198,32,5696,3,
s21052,WLDUSDT,1785033000000,train,-1,-3.11,0.857,4.61,3.27,4.89,-3.17,1.91,1.0,0.78,0.94,0,0.06,neutral,bajista,0,0.091,32,5697,4,
s21053,WLDUSDT,1785033900000,train,-1,-2.8,0.752,4.45,2.91,5,-2.97,1.54,1.0,0.78,0.94,0,0.18,neutral,neutral,0,0.245,32,5698,0,
s21054,PUMPUSDT,1785034800000,train,1,2.36,0.429,3.18,3.07,2.74,2.09,2.07,0.47,0.36,0.35,1,0.27,neutral,alcista,0,-0.268,32,5699,3,
s21055,WLDUSDT,1785034800000,train,-1,-2.63,0.74,4.33,2.79,0.82,-2.9,1.4,1.09,0.8,0.94,0,0.27,neutral,neutral,0,0.213,32,5699,0,
s21056,WLDUSDT,1785035700000,train,-1,-2.95,0.761,4.24,3.25,0.79,-3.2,1.75,1.09,0.8,0.94,0,0.24,neutral,neutral,0,-0.018,32,5700,1,
s21057,WLDUSDT,1785036600000,train,-1,-2.98,0.774,4.21,3.16,0.55,-3.22,1.52,1.09,0.8,0.94,0,0.24,neutral,neutral,0,0.075,32,5701,0,
s21058,WLDUSDT,1785037500000,train,-1,-2.96,0.773,4.03,3.14,0.59,-3.24,1.48,1.09,0.8,0.94,0,0.28,neutral,neutral,0,0.076,32,5702,1,
s21059,WLDUSDT,1785038400000,train,-1,-3.34,0.793,5.28,3.6,1.69,-3.44,1.71,1.52,0.97,1.03,0,0.11,neutral,bajista,0,-0.108,32,5703,2,
s21060,WLDUSDT,1785039300000,train,-1,-2.59,0.56,4.92,2.65,1.71,-2.71,1.03,1.52,0.97,1.03,0,0.13,neutral,neutral,0,0.045,32,5704,0,
s21061,WLDUSDT,1785041100000,train,-1,-2.01,0.394,4.91,2.41,1.69,-2.03,0.65,1.52,0.97,1.03,0,0.02,neutral,neutral,0,0.383,32,5706,1,
s21062,WLDUSDT,1785042000000,train,-1,-2.04,0.402,4.91,2.41,0.49,-2.07,0.56,1.56,0.96,1.01,0,0.03,neutral,neutral,0,0.543,32,5707,0,
s21063,WLDUSDT,1785042900000,train,-1,-2.45,0.447,4.93,2.93,0.38,-2.47,0.93,1.56,0.96,1.01,0,0.02,neutral,neutral,0,0.194,32,5708,1,
s21064,WLDUSDT,1785043800000,train,-1,-2.27,0.402,4.65,2.32,0.32,-2.27,0.53,1.56,0.96,1.01,0,-0.01,neutral,neutral,0,0.359,32,5709,0,
s21065,WLDUSDT,1785044700000,train,-1,-2.42,0.417,4.49,2.48,0.28,-2.35,0.78,1.56,0.96,1.01,0,-0.07,neutral,neutral,0,0.241,32,5710,1,
s21066,INJUSDT,1785046500000,train,-1,-3.85,0.562,4.66,4.37,5,-3.57,3.4,1.44,1.04,1.12,0,-0.28,neutral,bajista,0,-0.225,32,5712,3,
s21067,INJUSDT,1785047400000,train,-1,-3.19,0.464,4.91,4.01,5,-3.09,2.79,1.44,1.04,1.12,0,-0.1,neutral,neutral,0,-0.199,32,5713,0,
s21068,INJUSDT,1785048300000,train,-1,-3.27,0.485,4.89,3.56,5,-3.14,2.08,1.44,1.04,1.12,0,-0.13,neutral,neutral,0,-0.143,32,5714,0,
s21069,INJUSDT,1785049200000,train,-1,-2.94,0.422,4.88,3.27,5,-2.7,1.62,1.53,1.0,1.1,0,-0.24,neutral,neutral,0,-0.075,32,5715,0,
s21070,INJUSDT,1785050100000,train,-1,-2.65,0.385,4.87,3.17,1.22,-2.36,1.33,1.53,1.0,1.1,0,-0.28,neutral,neutral,0,-0.179,32,5716,0,
s21071,INJUSDT,1785051000000,train,-1,-2.59,0.38,4.88,3.35,0.67,-2.3,1.44,1.53,1.0,1.1,0,-0.29,neutral,neutral,0,-0.327,32,5717,1,
s21072,INJUSDT,1785051900000,train,-1,-2.75,0.398,4.88,3.48,0.46,-2.48,1.4,1.53,1.0,1.1,0,-0.28,neutral,bajista,0,-0.439,32,5718,2,
s21073,STXUSDT,1785051900000,testB,1,2.64,0.429,3.57,3.5,1.26,2.91,2.06,1.54,1.27,1.31,0,-0.28,neutral,alcista,0,-0.163,32,5717,3,
s21074,INJUSDT,1785052800000,train,-1,-3.08,0.438,4.9,3.73,0.35,-2.91,1.46,1.55,1.03,1.03,1,-0.17,neutral,bajista,0,-0.366,32,5719,3,
s21075,STXUSDT,1785052800000,testB,1,3.1,0.538,3.72,3.22,1.42,3.27,1.65,1.65,1.43,1.33,1,-0.17,neutral,neutral,0,-0.222,32,5718,0,
s21076,INJUSDT,1785053700000,train,-1,-3.47,0.489,4.91,3.99,0.35,-3.24,1.51,1.55,1.03,1.03,1,-0.24,neutral,bajista,0,-0.379,32,5720,4,
s21077,STXUSDT,1785053700000,testB,1,3.9,0.596,4.04,3.76,1.79,4.14,2.35,1.65,1.43,1.33,1,-0.24,neutral,neutral,0,-0.377,32,5719,1,
s21078,STBLUSDT,1785054600000,train,1,2.2,0.381,4.38,3.69,5,2.4,2.09,1.05,0.69,0.59,1,-0.2,neutral,alcista,0,0.396,32,5721,2,
s21079,INJUSDT,1785054600000,train,-1,-3.51,0.497,4.9,3.86,0.32,-3.31,1.27,1.55,1.03,1.03,1,-0.2,neutral,neutral,0,-0.37,32,5721,0,
s21080,STBLUSDT,1785055500000,train,1,3.9,0.522,5.87,5.27,3.37,3.96,3.41,1.05,0.69,0.59,1,-0.07,neutral,alcista,0,-0.076,32,5722,3,
s21081,INJUSDT,1785055500000,train,-1,-3.75,0.514,4.69,3.89,0.34,-3.68,1.38,1.55,1.03,1.03,1,-0.07,neutral,neutral,0,-0.416,32,5722,1,
s21082,STXUSDT,1785055500000,testB,1,2.87,0.394,3.93,2.86,1.47,2.93,1.31,1.65,1.43,1.33,1,-0.07,neutral,neutral,0,-0.25,32,5721,1,
s21083,INJUSDT,1785056400000,train,-1,-3.36,0.459,4.46,3.45,0.37,-3.32,1.09,1.62,1.06,1.01,1,-0.03,neutral,neutral,0,-0.343,32,5723,0,
s21084,STBLUSDT,1785057300000,train,1,3.78,0.408,5.88,5.04,3.51,3.7,2.67,1.27,0.8,0.62,1,0.08,neutral,neutral,0,-0.071,32,5724,1,
s21085,INJUSDT,1785057300000,train,-1,-2.64,0.386,4.45,3.33,0.34,-2.72,0.9,1.62,1.06,1.01,1,0.08,neutral,neutral,0,-0.319,32,5724,0,
s21086,STBLUSDT,1785058200000,train,1,3.84,0.414,5.91,4.58,2.52,3.73,1.96,1.27,0.8,0.62,1,0.11,neutral,neutral,0,0.044,32,5725,0,
s21087,INJUSDT,1785058200000,train,-1,-3.04,0.475,4.44,3.2,0.32,-3.16,0.7,1.62,1.06,1.01,1,0.11,neutral,neutral,0,-0.229,32,5725,0,
s21088,STBLUSDT,1785059100000,train,1,3.63,0.383,5.92,4.35,0.95,3.44,1.58,1.27,0.8,0.62,1,0.2,neutral,neutral,0,0.019,32,5726,0,
s21089,INJUSDT,1785059100000,train,-1,-3.25,0.491,4.24,3.36,0.32,-3.44,0.94,1.62,1.06,1.01,1,0.2,neutral,neutral,0,-0.317,32,5726,1,
s21090,APEUSDT,1785059100000,testB,-1,-2.32,0.81,2.52,2.45,0.79,-2.52,0.82,0.96,0.69,0.67,1,0.2,neutral,neutral,0,-0.286,32,5725,1,
s21091,STBLUSDT,1785060000000,train,1,4.23,0.441,5.9,4.66,0.51,3.98,1.71,1.37,0.86,0.6,1,0.25,neutral,neutral,0,-0.078,32,5727,1,
s21092,STBLUSDT,1785060900000,train,1,4.57,0.484,5.9,4.74,0.39,4.23,1.69,1.37,0.86,0.6,1,0.35,neutral,alcista,0,-0.169,32,5728,2,
s21093,STBLUSDT,1785061800000,train,1,4.29,0.44,5.64,4.07,0.41,4.0,1.17,1.37,0.86,0.6,1,0.28,neutral,neutral,0,-0.129,32,5729,0,
s21094,STXUSDT,1785061800000,testB,1,2.33,0.372,3.27,2.77,0.47,2.04,1.05,1.73,1.49,1.28,1,0.28,neutral,neutral,0,0.282,32,5728,1,
s21095,STBLUSDT,1785062700000,train,1,3.6,0.364,5.62,3.64,0.38,3.48,0.72,1.37,0.86,0.6,1,0.13,neutral,neutral,0,0.211,32,5730,0,
s21096,STXUSDT,1785062700000,testB,1,2.76,0.413,3.25,3.18,0.6,2.63,1.3,1.73,1.49,1.28,1,0.13,neutral,alcista,0,-0.067,32,5729,2,
s21097,STBLUSDT,1785063600000,train,1,3.48,0.35,5.63,3.56,0.33,3.34,0.61,1.34,0.82,0.6,1,0.13,neutral,neutral,0,0.261,32,5731,0,
s21098,STXUSDT,1785063600000,testB,1,2.84,0.429,3.26,3.11,0.64,2.7,1.06,1.6,1.5,1.28,1,0.13,neutral,neutral,0,0.114,32,5730,0,
s21099,STXUSDT,1785064500000,testB,1,2.4,0.355,2.77,2.34,0.66,2.19,0.74,1.6,1.5,1.28,1,0.21,neutral,neutral,0,0.394,32,5731,0,
s21100,LDOUSDT,1785069900000,testB,1,2.16,0.488,2.54,2.3,1.82,2.19,1.17,0.63,0.54,0.49,1,-0.02,neutral,alcista,0,-0.391,32,5737,2,
s21101,LDOUSDT,1785071700000,testB,1,2.21,0.432,3.01,2.66,1.63,2.31,1.32,0.76,0.6,0.51,1,-0.11,neutral,neutral,0,-0.218,32,5739,1,
s21102,LDOUSDT,1785072600000,testB,1,2.51,0.492,3.19,2.79,1.63,2.49,1.29,0.76,0.6,0.51,1,0.02,neutral,alcista,0,-0.274,32,5740,2,
s21103,LDOUSDT,1785073500000,testB,1,2.92,0.593,3.18,2.89,1.42,2.96,1.24,0.76,0.6,0.51,1,-0.03,neutral,alcista,0,-0.273,32,5741,3,
s21104,PENDLEUSDT,1785074400000,train,1,2.13,0.711,2.51,2.32,4.7,1.83,1.31,1.0,0.83,0.64,1,0.3,neutral,alcista,0,0.751,32,5743,2,
s21105,LDOUSDT,1785074400000,testB,1,2.64,0.57,3.21,2.68,1.18,2.34,1.15,1.4,0.9,0.65,1,0.3,neutral,alcista,0,0.0,32,5742,4,
s21106,PENDLEUSDT,1785076200000,train,1,2.04,0.597,2.51,2.21,1.42,1.84,1.02,1.0,0.83,0.64,1,0.2,neutral,neutral,0,1.339,32,5745,1,
s21107,PUMPUSDT,1785077100000,train,1,2.11,0.463,3.1,2.17,2.47,1.8,1.04,0.44,0.51,0.38,0,0.3,neutral,neutral,1,2.0,26,5746,0,
s21108,PENDLEUSDT,1785077100000,train,1,2.32,0.627,2.85,2.42,1.47,2.01,1.16,1.0,0.83,0.64,1,0.3,neutral,alcista,0,1.23,32,5746,2,
s21109,STXUSDT,1785077100000,testB,-1,-2.48,0.714,2.76,2.61,0.71,-2.78,0.98,0.89,1.29,1.2,0,0.3,neutral,neutral,0,-1.0,13,5745,1,
s21110,LDOUSDT,1785077100000,testB,1,3.26,0.545,5.0,3.55,4.19,2.96,2.25,1.4,0.9,0.65,1,0.3,neutral,alcista,0,-0.467,32,5745,2,
s21111,PENDLEUSDT,1785078000000,train,1,2.55,0.649,2.66,2.48,0.64,2.3,1.27,1.08,0.88,0.66,1,0.25,neutral,alcista,0,0.968,32,5747,3,
s21112,LDOUSDT,1785078000000,testB,1,3.17,0.518,5.0,3.1,4.37,2.92,1.57,1.63,1.02,0.7,1,0.25,neutral,neutral,0,-0.412,32,5746,0,
s21113,PENDLEUSDT,1785078900000,train,1,2.69,0.662,2.96,2.85,0.77,2.3,1.65,1.08,0.88,0.66,1,0.39,neutral,alcista,0,0.606,32,5748,4,
s21114,PENDLEUSDT,1785079800000,train,1,2.58,0.619,3.05,2.62,0.9,2.11,1.35,1.08,0.88,0.66,1,0.47,neutral,neutral,0,0.802,32,5749,0,
s21115,PUMPUSDT,1785080700000,train,1,2.26,0.482,3.29,2.7,0.99,1.87,1.24,0.48,0.45,0.4,1,0.39,neutral,alcista,1,2.0,23,5750,2,
s21116,WLDUSDT,1785080700000,train,1,2.78,0.425,4.57,4.22,2.82,2.39,2.31,1.01,1.03,0.9,0,0.39,neutral,alcista,0,0.903,32,5750,4,
s21117,PENDLEUSDT,1785080700000,train,1,2.98,0.652,3.07,3.04,0.75,2.59,1.61,1.08,0.88,0.66,1,0.39,neutral,neutral,0,0.624,32,5750,1,
s21118,ONDOUSDT,1785080700000,train,1,2.97,0.425,3.69,3.51,2.24,2.58,2.2,0.64,0.59,0.46,1,0.39,neutral,alcista,0,0.647,32,5749,3,
s21119,WLDUSDT,1785081600000,train,1,2.75,0.422,4.57,4.36,3.12,2.58,2.21,1.25,0.94,0.94,1,0.17,neutral,alcista,0,0.767,32,5751,5,
s21120,PENDLEUSDT,1785081600000,train,1,2.88,0.645,3.29,3.12,1.04,2.71,1.48,1.2,0.93,0.68,1,0.17,neutral,alcista,0,0.444,32,5751,2,
s21121,ONDOUSDT,1785081600000,train,1,4.74,0.543,5.57,5.5,3.87,4.57,3.94,1.01,0.74,0.55,1,0.17,neutral,alcista,0,-0.023,32,5750,4,
s21122,PUMPUSDT,1785082500000,train,1,2.7,0.426,3.48,3.38,1.5,2.36,1.69,0.6,0.49,0.42,1,0.34,neutral,neutral,1,2.0,23,5752,1,
s21123,WLDUSDT,1785082500000,train,1,3.08,0.45,5.13,4.75,3.57,2.74,2.4,1.25,0.94,0.94,1,0.34,neutral,alcista,0,0.488,32,5752,6,
s21124,PENDLEUSDT,1785082500000,train,1,2.66,0.572,3.29,2.93,0.89,2.33,1.17,1.2,0.93,0.68,1,0.34,neutral,neutral,0,0.422,32,5752,0,
s21125,ONDOUSDT,1785082500000,train,1,4.8,0.547,6.41,5.94,5,4.47,4.03,1.01,0.74,0.55,1,0.34,neutral,alcista,0,-0.158,32,5751,5,
s21126,PUMPUSDT,1785083400000,train,1,3.59,0.546,4.1,3.89,1.82,3.08,2.02,0.6,0.49,0.42,1,0.51,neutral,alcista,1,2.0,22,5753,2,
s21127,WLDUSDT,1785083400000,train,1,3.39,0.516,5.16,4.61,1.58,2.88,2.06,1.25,0.94,0.94,1,0.51,neutral,neutral,0,0.459,32,5753,0,
s21128,PENDLEUSDT,1785083400000,train,1,2.65,0.568,3.3,2.79,0.8,2.14,0.92,1.2,0.93,0.68,1,0.51,neutral,neutral,0,0.434,32,5753,0,
s21129,ONDOUSDT,1785083400000,train,1,3.99,0.414,6.47,4.95,4.64,3.48,2.71,1.01,0.74,0.55,1,0.51,neutral,neutral,0,0.04,32,5752,0,
s21130,WLDUSDT,1785084300000,train,1,4.05,0.579,5.43,5.11,1.14,3.64,2.31,1.25,0.94,0.94,1,0.41,neutral,neutral,0,0.322,32,5754,1,
s21131,PENDLEUSDT,1785084300000,train,1,3.0,0.621,3.29,3.03,0.74,2.58,1.02,1.2,0.93,0.68,1,0.41,neutral,neutral,0,0.33,32,5754,1,
s21132,ONDOUSDT,1785084300000,train,1,5.48,0.529,6.41,5.94,3.4,5.07,3.36,1.01,0.74,0.55,1,0.41,neutral,neutral,0,-0.17,32,5753,1,
s21133,PUMPUSDT,1785085200000,train,1,2.93,0.431,4.14,3.01,1.28,2.39,0.87,0.59,0.49,0.42,1,0.55,neutral,neutral,1,2.0,18,5755,1,
s21134,WLDUSDT,1785085200000,train,1,4.52,0.676,4.61,4.33,0.95,3.98,2.13,1.36,0.96,0.95,1,0.55,neutral,alcista,0,0.387,32,5755,2,
s21135,PENDLEUSDT,1785085200000,train,1,2.15,0.461,2.74,2.14,0.43,1.6,0.61,1.21,0.91,0.68,1,0.55,neutral,neutral,0,0.543,32,5755,0,
s21136,ONDOUSDT,1785085200000,train,1,5.43,0.517,6.14,5.15,1.97,4.88,2.49,1.14,0.8,0.58,1,0.55,neutral,neutral,0,-0.005,32,5754,0,
s21137,PUMPUSDT,1785086100000,train,1,2.6,0.376,3.88,2.53,0.85,2.22,0.64,0.59,0.49,0.42,1,0.38,neutral,neutral,1,2.0,17,5756,0,
s21138,WLDUSDT,1785086100000,train,1,3.28,0.441,4.6,3.35,0.76,2.9,1.1,1.36,0.96,0.95,1,0.38,neutral,neutral,0,0.765,32,5756,0,
s21139,ONDOUSDT,1785086100000,train,1,4.97,0.481,6.05,4.91,1.1,4.59,2.15,1.14,0.8,0.58,1,0.38,neutral,neutral,0,0.136,32,5755,0,
s21140,WLDUSDT,1785087000000,train,1,4.51,0.521,4.54,4.54,0.66,4.32,2.16,1.36,0.96,0.95,1,0.19,neutral,neutral,0,0.259,32,5757,1,
s21141,ONDOUSDT,1785087000000,train,1,6.08,0.532,6.05,6.0,0.94,5.89,3.16,1.14,0.8,0.58,1,0.19,neutral,neutral,0,-0.024,32,5756,1,
s21142,WLDUSDT,1785087900000,train,1,4.39,0.5,5.01,4.27,0.62,4.13,1.81,1.36,0.96,0.95,1,0.27,neutral,neutral,0,0.405,32,5758,0,
s21143,ONDOUSDT,1785087900000,train,1,5.02,0.401,6.19,4.81,0.96,4.76,1.84,1.14,0.8,0.58,1,0.27,neutral,neutral,0,0.402,32,5757,0,
s21144,WLDUSDT,1785088800000,train,1,4.18,0.49,4.79,4.53,0.58,4.22,2.08,1.4,0.98,0.96,1,-0.04,neutral,neutral,0,0.266,32,5759,1,
s21145,STXUSDT,1785088800000,testB,1,2.02,0.412,2.97,2.69,2.09,2.06,1.54,1.07,1.24,1.23,0,-0.04,neutral,alcista,0,0.868,32,5758,3,
s21146,WLDUSDT,1785089700000,train,1,4.74,0.581,5.13,4.58,0.55,4.66,1.92,1.4,0.98,0.96,1,0.08,neutral,alcista,0,0.269,32,5760,2,
s21147,STXUSDT,1785089700000,testB,1,3.77,0.684,4.26,3.7,3.76,3.69,2.41,1.07,1.24,1.23,0,0.08,neutral,alcista,0,0.283,32,5759,4,
s21148,WLDUSDT,1785090600000,train,1,4.12,0.531,5.05,4.39,0.49,4.09,1.64,1.4,0.98,0.96,1,0.03,neutral,neutral,0,0.327,32,5761,0,
s21149,STXUSDT,1785090600000,testB,1,2.6,0.429,4.3,2.89,4.68,2.58,1.42,1.07,1.24,1.23,0,0.03,neutral,neutral,0,0.707,32,5760,0,
s21150,WLDUSDT,1785091500000,train,1,4.86,0.623,5.2,4.72,0.52,4.83,1.71,1.4,0.98,0.96,1,0.03,neutral,neutral,0,0.327,32,5762,1,
s21151,STXUSDT,1785091500000,testB,1,2.32,0.364,4.25,2.27,3.54,2.29,0.76,1.07,1.24,1.23,0,0.03,neutral,neutral,1,2.0,21,5761,0,
s21152,LDOUSDT,1785091500000,testB,-1,-2.9,0.747,3.42,3.42,0.27,-2.93,0.97,1.48,1.05,0.73,1,0.03,neutral,bajista,0,-1.0,27,5761,3,
s21153,WLDUSDT,1785092400000,train,1,4.55,0.58,5.04,4.38,0.5,4.54,1.45,1.39,1.03,1.0,1,0.01,neutral,neutral,0,0.373,32,5763,0,
s21154,STXUSDT,1785092400000,testB,1,2.24,0.356,3.67,2.19,3.16,2.22,1.21,1.18,1.22,1.27,0,0.01,neutral,neutral,0,0.903,32,5762,1,
s21155,LDOUSDT,1785092400000,testB,-1,-2.94,0.748,3.78,3.73,0.77,-2.95,1.26,1.38,1.07,0.74,1,0.01,neutral,bajista,0,-1.0,26,5762,4,
s21156,WLDUSDT,1785093300000,train,1,4.29,0.567,4.68,4.2,0.48,4.34,1.53,1.39,1.03,1.0,1,-0.05,neutral,neutral,0,0.197,32,5764,1,
s21157,STXUSDT,1785093300000,testB,1,2.45,0.378,3.66,2.46,1.8,2.5,1.32,1.18,1.22,1.27,0,-0.05,neutral,alcista,0,0.429,32,5763,2,
s21158,LDOUSDT,1785093300000,testB,-1,-2.15,0.586,2.75,2.43,0.97,-2.09,0.93,1.38,1.07,0.74,1,-0.05,neutral,neutral,0,-1.0,22,5763,0,
s21159,WLDUSDT,1785094200000,train,1,3.64,0.53,4.42,3.6,0.79,3.76,2.14,1.39,1.03,1.0,1,-0.12,neutral,alcista,0,-0.008,32,5765,2,
s21160,STXUSDT,1785094200000,testB,1,2.37,0.371,3.65,2.67,1.07,2.49,1.42,1.18,1.22,1.27,0,-0.12,neutral,alcista,0,0.289,32,5764,3,
s21161,LDOUSDT,1785094200000,testB,-1,-2.02,0.57,2.75,2.43,1.01,-1.9,1.07,1.38,1.07,0.74,1,-0.12,neutral,neutral,0,-1.0,21,5764,0,
s21162,WLDUSDT,1785095100000,train,1,2.36,0.363,3.98,2.7,0.95,2.46,1.5,1.39,1.03,1.0,1,-0.11,neutral,neutral,0,0.263,32,5766,0,
s21163,INJUSDT,1785095100000,train,-1,-2.21,0.887,2.67,2.4,1.49,-2.1,0.98,0.96,0.99,0.99,0,-0.11,neutral,bajista,0,-1.0,9,5766,4,
s21164,STXUSDT,1785095100000,testB,1,3.08,0.434,3.62,3.48,1.17,3.19,1.97,1.18,1.22,1.27,0,-0.11,neutral,alcista,0,0.0,32,5765,4,
s21165,LDOUSDT,1785095100000,testB,-1,-2.2,0.592,2.76,2.63,0.98,-2.1,1.07,1.38,1.07,0.74,1,-0.11,neutral,neutral,0,-1.0,20,5765,1,
s21166,INJUSDT,1785096000000,train,-1,-2.03,0.878,2.73,2.63,1.89,-2.0,1.15,0.9,0.97,0.99,0,-0.03,neutral,bajista,0,-1.0,8,5767,5,
s21167,STXUSDT,1785096000000,testB,1,3.6,0.532,3.76,3.55,0.93,3.63,1.84,1.29,1.11,1.3,0,-0.03,neutral,alcista,0,0.059,32,5766,5,
s21168,STXUSDT,1785096900000,testB,1,3.67,0.537,3.95,3.81,0.89,3.89,1.88,1.29,1.11,1.3,0,-0.23,neutral,alcista,0,0.018,32,5767,6,
s21169,LDOUSDT,1785096900000,testB,-1,-2.1,0.656,2.81,2.54,0.75,-1.87,0.72,0.75,1.07,0.71,0,-0.23,neutral,neutral,0,-1.0,18,5767,0,
s21170,STXUSDT,1785097800000,testB,1,3.82,0.57,3.95,3.81,0.97,4.06,1.68,1.29,1.11,1.3,0,-0.25,neutral,neutral,0,0.055,32,5768,0,
s21171,STXUSDT,1785098700000,testB,1,3.02,0.412,3.91,3.07,0.82,3.14,0.93,1.29,1.11,1.3,0,-0.12,neutral,neutral,0,0.25,32,5769,0,
s21172,STXUSDT,1785099600000,testB,1,3.45,0.444,3.61,3.33,0.72,3.57,1.32,1.44,1.14,1.33,0,-0.12,neutral,neutral,0,0.167,32,5770,1,
s21173,PUMPUSDT,1785100500000,train,1,4.64,0.558,5.77,5.51,5,4.48,3.71,0.91,0.7,0.56,1,0.16,neutral,alcista,0,0.159,32,5772,2,
s21174,STXUSDT,1785100500000,testB,1,3.81,0.469,4.01,3.67,0.85,3.65,1.53,1.44,1.14,1.33,0,0.16,neutral,alcista,0,0.132,32,5771,2,
s21175,PUMPUSDT,1785101400000,train,1,7.1,0.732,7.89,7.19,5,6.93,5.17,0.91,0.7,0.56,1,0.17,neutral,alcista,0,-0.077,32,5773,3,
s21176,ONDOUSDT,1785101400000,train,-1,-2.79,0.471,3.35,3.1,0.53,-2.96,0.73,1.12,0.87,0.67,1,0.17,neutral,neutral,0,-1.0,17,5772,0,
s21177,STXUSDT,1785101400000,testB,1,3.14,0.423,3.46,3.04,0.87,2.97,1.44,1.44,1.14,1.33,0,0.17,neutral,alcista,0,0.091,32,5772,3,
s21178,PUMPUSDT,1785102300000,train,1,6.92,0.727,7.89,7.23,5,6.68,4.68,0.91,0.7,0.56,1,0.25,neutral,alcista,0,0.098,32,5774,4,
s21179,ENAUSDT,1785103200000,train,1,2.85,0.467,3.71,3.65,4.3,2.03,2.69,1.13,0.89,0.75,1,0.82,neutral,neutral,0,0.441,32,5775,1,
s21180,ENAUSDT,1785104100000,train,1,3.32,0.506,4.68,4.26,5,2.5,3.03,1.13,0.89,0.75,1,0.82,neutral,alcista,0,0.196,32,5776,2,
s21181,XPLUSDT,1785105000000,train,1,3.03,0.701,3.38,3.03,5,1.84,2.15,0.59,0.62,0.57,0,1.19,neutral,alcista,0,0.277,32,5777,3,
s21182,ENAUSDT,1785105000000,train,1,3.13,0.462,4.71,3.97,5,1.94,2.51,1.13,0.89,0.75,1,1.19,neutral,neutral,0,0.524,32,5777,0,
s21183,INJUSDT,1785105000000,train,1,2.12,0.426,3.39,3.25,2.65,0.93,1.75,1.06,1.1,1.09,0,1.19,neutral,neutral,0,-0.479,32,5777,1,
s21184,TIAUSDT,1785105000000,train,1,2.22,0.559,2.88,2.51,3.3,1.03,1.57,0.61,0.63,0.55,0,1.19,neutral,neutral,0,-0.148,32,5777,1,
s21185,JUPUSDT,1785105000000,train,1,2.35,0.687,2.61,2.5,5,1.16,1.66,0.42,0.47,0.53,0,1.19,neutral,alcista,0,0.188,32,5777,6,
s21186,PENDLEUSDT,1785105000000,train,1,2.11,0.602,2.41,2.3,3.07,0.92,1.7,0.69,0.95,0.76,0,1.19,neutral,alcista,0,0.246,32,5777,4,
s21187,STXUSDT,1785105000000,testB,1,3.24,0.511,3.89,3.75,1.0,2.05,2.02,1.59,1.2,1.39,0,1.19,neutral,alcista,0,-0.618,32,5776,3,
s21188,XPLUSDT,1785105900000,train,1,3.15,0.71,3.37,3.29,5,2.1,2.23,0.59,0.62,0.57,0,1.05,neutral,alcista,0,0.247,32,5778,4,
s21189,ENAUSDT,1785105900000,train,1,3.13,0.463,4.69,4.27,5,2.08,2.58,1.13,0.89,0.75,1,1.05,neutral,neutral,0,0.472,32,5778,1,
s21190,TIAUSDT,1785105900000,train,1,2.01,0.504,2.88,2.4,3.86,0.96,1.33,0.61,0.63,0.55,0,1.05,neutral,neutral,0,-0.131,32,5778,0,
s21191,JUPUSDT,1785105900000,train,1,2.24,0.656,2.61,2.45,4.11,1.19,1.46,0.42,0.47,0.53,0,1.05,neutral,neutral,0,0.213,32,5778,0,
s21192,PENDLEUSDT,1785105900000,train,1,2.49,0.668,2.71,2.59,3.57,1.45,1.78,0.69,0.95,0.76,0,1.05,neutral,alcista,0,0.052,32,5778,5,
s21193,STXUSDT,1785105900000,testB,1,3.33,0.528,4.12,3.29,1.22,2.28,1.3,1.59,1.2,1.39,0,1.05,neutral,neutral,0,-0.708,32,5777,0,
s21194,XPLUSDT,1785106800000,train,1,3.02,0.66,3.53,2.97,3.47,1.89,1.7,0.71,0.68,0.59,1,1.14,neutral,neutral,0,0.422,32,5779,0,
s21195,WLDUSDT,1785106800000,train,1,2.29,0.381,3.25,3.08,2.06,1.15,1.8,1.11,1.25,1.17,0,1.14,neutral,alcista,0,-0.455,32,5779,5,
s21196,ENAUSDT,1785106800000,train,1,4.48,0.61,5.33,5.15,2.56,3.35,3.16,1.52,1.08,0.86,1,1.14,neutral,alcista,0,0.273,32,5779,2,
s21197,OPUSDT,1785106800000,train,1,2.04,0.655,2.53,2.0,1.83,0.91,1.16,1.19,1.13,0.84,1,1.14,neutral,alcista,0,-0.263,32,5779,5,
s21198,TIAUSDT,1785106800000,train,1,2.31,0.622,3.08,2.4,2.38,1.17,1.22,0.7,0.65,0.57,1,1.14,neutral,neutral,0,-0.071,32,5779,0,
s21199,JUPUSDT,1785106800000,train,1,2.35,0.71,2.72,2.35,2.62,1.21,1.24,0.53,0.51,0.55,0,1.14,neutral,neutral,0,0.2,32,5779,0,
s21200,PENDLEUSDT,1785106800000,train,1,2.25,0.566,3.04,2.31,2.3,1.11,1.33,0.76,0.99,0.8,0,1.14,neutral,neutral,0,0.251,32,5779,0,
s21201,STXUSDT,1785106800000,testB,1,2.89,0.494,3.56,2.81,1.1,1.75,1.08,1.75,1.28,1.43,0,1.14,neutral,neutral,0,-0.854,32,5778,1,
s21202,XPLUSDT,1785107700000,train,1,3.12,0.667,3.52,3.1,2.96,2.17,1.68,0.71,0.68,0.59,1,0.95,neutral,neutral,0,0.34,32,5780,1,
s21203,WLDUSDT,1785107700000,train,1,2.06,0.356,3.41,3.16,2.23,1.11,1.72,1.11,1.25,1.17,0,0.95,neutral,alcista,0,-0.522,32,5780,6,
s21204,ENAUSDT,1785107700000,train,1,5.27,0.648,6.42,5.99,1.77,4.32,3.69,1.52,1.08,0.86,1,0.95,neutral,alcista,0,0.013,32,5780,3,
s21205,TIAUSDT,1785107700000,train,1,2.01,0.58,3.08,2.37,2.09,1.06,1.08,0.7,0.65,0.57,1,0.95,neutral,neutral,0,-0.108,32,5780,0,
s21206,STXUSDT,1785107700000,testB,1,2.67,0.475,3.29,2.6,1.33,1.72,1.16,1.75,1.28,1.43,0,0.95,neutral,alcista,0,-1.0,30,5779,2,
s21207,XPLUSDT,1785108600000,train,1,3.92,0.722,3.8,3.8,1.8,2.87,2.19,0.71,0.68,0.59,1,1.06,neutral,alcista,0,-0.04,32,5781,2,
s21208,ENAUSDT,1785108600000,train,1,5.88,0.676,6.74,6.51,1.66,4.82,3.8,1.52,1.08,0.86,1,1.06,neutral,alcista,0,-0.088,32,5781,4,
s21209,OPUSDT,1785108600000,train,1,2.04,0.655,2.53,2.11,0.81,0.99,1.06,1.19,1.13,0.84,1,1.06,neutral,neutral,0,-0.3,32,5781,1,
s21210,JUPUSDT,1785108600000,train,1,2.4,0.616,2.71,2.5,1.42,1.35,1.18,0.53,0.51,0.55,0,1.06,neutral,neutral,0,-0.042,32,5781,1,
s21211,PENDLEUSDT,1785108600000,train,1,2.2,0.54,3.04,2.39,1.42,1.14,1.17,0.76,0.99,0.8,0,1.06,neutral,neutral,0,0.121,32,5781,1,
s21212,STXUSDT,1785108600000,testB,1,3.09,0.512,3.4,3.06,1.34,2.03,1.68,1.75,1.28,1.43,0,1.06,neutral,alcista,0,-1.0,29,5780,3,
s21213,XPLUSDT,1785109500000,train,1,3.81,0.71,3.82,3.71,1.67,2.71,1.98,0.71,0.68,0.59,1,1.1,neutral,neutral,0,-0.092,32,5782,0,
s21214,ENAUSDT,1785109500000,train,1,5.58,0.619,6.77,6.09,1.65,4.49,3.06,1.52,1.08,0.86,1,1.1,neutral,neutral,0,-0.033,32,5782,0,
s21215,INJUSDT,1785109500000,train,1,2.69,0.502,3.49,3.03,0.98,1.59,1.04,1.06,1.05,1.14,0,1.1,neutral,alcista,0,-0.645,32,5782,2,
s21216,JUPUSDT,1785109500000,train,1,2.3,0.573,2.71,2.4,1.51,1.2,1.0,0.53,0.51,0.55,0,1.1,neutral,neutral,0,0.0,32,5782,0,
s21217,PENDLEUSDT,1785109500000,train,1,2.61,0.631,3.03,2.61,1.09,1.51,1.28,0.76,0.99,0.8,0,1.1,neutral,alcista,0,-0.029,32,5782,2,
s21218,STXUSDT,1785109500000,testB,1,2.09,0.395,3.14,2.66,1.22,0.99,1.33,1.75,1.28,1.43,0,1.1,neutral,neutral,0,-1.0,28,5781,0,
s21219,XPLUSDT,1785110400000,train,1,3.22,0.567,3.97,3.28,1.79,2.41,1.39,0.87,0.75,0.63,1,0.82,neutral,neutral,0,-0.007,32,5783,0,
s21220,ENAUSDT,1785110400000,train,1,4.13,0.4,6.86,4.84,1.67,3.32,1.53,1.76,1.2,0.92,1,0.82,neutral,neutral,0,0.264,32,5783,0,
s21221,OPUSDT,1785110400000,train,1,2.15,0.769,2.52,2.21,0.78,1.33,0.94,1.31,1.17,0.87,1,0.82,neutral,alcista,0,-0.429,32,5783,3,
s21222,INJUSDT,1785110400000,train,1,2.12,0.356,3.52,2.27,1.28,1.3,0.25,1.22,1.1,1.17,0,0.82,neutral,neutral,0,-0.487,32,5783,0,
s21223,JUPUSDT,1785110400000,train,1,2.13,0.541,2.72,2.35,1.36,1.32,0.84,0.62,0.54,0.5,1,0.82,neutral,neutral,0,-0.067,32,5783,0,
s21224,LDOUSDT,1785110400000,testB,1,2.2,0.661,2.54,2.28,2.01,1.38,0.85,0.65,1.07,0.78,0,0.82,neutral,neutral,1,2.0,24,5782,1,
s21225,XPLUSDT,1785111300000,train,1,2.67,0.444,3.99,2.85,1.78,1.84,0.86,0.87,0.75,0.63,1,0.83,neutral,neutral,0,0.311,32,5784,0,
s21226,ENAUSDT,1785111300000,train,1,4.15,0.4,6.89,4.45,1.29,3.32,1.0,1.76,1.2,0.92,1,0.83,neutral,neutral,0,0.466,32,5784,0,
s21227,OPUSDT,1785111300000,train,1,2.25,0.778,2.52,2.41,0.63,1.42,1.06,1.31,1.17,0.87,1,0.83,neutral,alcista,0,-0.391,32,5784,4,
s21228,JUPUSDT,1785111300000,train,1,2.03,0.5,2.72,2.25,1.12,1.19,0.66,0.62,0.54,0.5,1,0.83,neutral,neutral,0,0.047,32,5784,0,
s21229,XPLUSDT,1785112200000,train,1,2.63,0.432,3.99,2.73,1.45,1.86,0.65,0.87,0.75,0.63,1,0.76,neutral,neutral,0,0.248,32,5785,0,
s21230,ENAUSDT,1785112200000,train,1,4.4,0.426,6.88,4.54,0.93,3.64,1.02,1.76,1.2,0.92,1,0.76,neutral,neutral,0,0.257,32,5785,1,
s21231,OPUSDT,1785112200000,train,1,2.69,0.862,2.72,2.72,0.99,1.92,1.21,1.31,1.17,0.87,1,0.76,neutral,alcista,0,-0.577,32,5785,5,
s21232,XPLUSDT,1785113100000,train,1,2.92,0.46,3.98,2.99,1.24,2.17,0.81,0.87,0.75,0.63,1,0.75,neutral,neutral,0,0.099,32,5786,1,
s21233,ENAUSDT,1785113100000,train,1,4.95,0.473,6.77,4.75,0.75,4.2,1.2,1.76,1.2,0.92,1,0.75,neutral,alcista,0,0.219,32,5786,2,
s21234,OPUSDT,1785113100000,train,1,2.36,0.687,2.83,2.41,0.87,1.61,0.84,1.31,1.17,0.87,1,0.75,neutral,neutral,0,-0.435,32,5786,0,
s21235,JUPUSDT,1785113100000,train,1,2.14,0.556,2.67,2.09,0.9,1.39,0.45,0.62,0.54,0.5,1,0.75,neutral,neutral,0,0.1,32,5786,0,
s21236,LDOUSDT,1785113100000,testB,1,2.48,0.699,2.53,2.45,1.46,1.73,1.25,0.65,1.07,0.78,0,0.75,neutral,alcista,1,2.0,22,5785,2,
s21237,XPLUSDT,1785114000000,train,1,3.21,0.493,3.94,3.17,0.73,2.65,0.93,0.97,0.75,0.64,1,0.56,neutral,alcista,0,-0.13,32,5787,2,
s21238,ENAUSDT,1785114000000,train,1,4.97,0.474,6.67,4.8,0.48,4.41,1.28,1.92,1.26,0.97,1,0.56,neutral,alcista,0,0.1,32,5787,3,
s21239,OPUSDT,1785114000000,train,1,2.25,0.677,2.62,2.2,0.73,1.69,0.74,1.23,1.2,0.9,1,0.56,neutral,neutral,0,-0.619,32,5787,0,
s21240,XPLUSDT,1785114900000,train,1,3.29,0.499,3.64,3.2,0.62,2.97,1.14,0.97,0.75,0.64,1,0.32,neutral,alcista,0,-0.199,32,5788,3,
s21241,ENAUSDT,1785114900000,train,1,4.6,0.444,6.53,4.55,0.34,4.28,1.07,1.92,1.26,0.97,1,0.32,neutral,neutral,0,0.14,32,5788,0,
s21242,ONDOUSDT,1785114900000,train,1,2.37,0.511,2.96,2.46,0.77,2.06,0.87,0.89,1.03,0.77,0,0.32,neutral,alcista,0,0.73,32,5787,2,
s21243,LDOUSDT,1785114900000,testB,1,2.02,0.594,2.55,2.16,1.25,1.7,1.17,0.76,1.07,0.82,0,0.32,neutral,neutral,1,2.0,19,5787,1,
s21244,XPLUSDT,1785115800000,train,1,2.64,0.442,3.3,2.83,0.58,2.18,1.01,0.97,0.75,0.64,1,0.47,neutral,neutral,0,-0.116,32,5789,0,
s21245,ENAUSDT,1785115800000,train,1,5.09,0.476,6.51,4.93,0.37,4.63,1.36,1.92,1.26,0.97,1,0.47,neutral,neutral,0,-0.009,32,5789,1,
s21246,ONDOUSDT,1785115800000,train,1,2.72,0.545,2.85,2.67,0.86,2.26,1.27,0.89,1.03,0.77,0,0.47,neutral,alcista,0,0.505,32,5788,3,
s21247,LDOUSDT,1785115800000,testB,1,2.79,0.686,2.94,2.84,1.26,2.32,1.73,0.76,1.07,0.82,0,0.47,neutral,alcista,0,1.264,32,5788,2,
s21248,XPLUSDT,1785116700000,train,1,3.18,0.529,3.28,3.07,0.6,2.63,1.17,0.97,0.75,0.64,1,0.55,neutral,neutral,0,-0.011,32,5790,1,
s21249,ENAUSDT,1785116700000,train,1,6.14,0.529,6.43,5.78,0.48,5.59,2.06,1.92,1.26,0.97,1,0.55,neutral,alcista,0,-0.161,32,5790,2,
s21250,OPUSDT,1785116700000,train,1,2.35,0.687,2.3,2.3,0.63,1.8,0.95,1.23,1.2,0.9,1,0.55,neutral,neutral,0,-0.455,32,5790,1,
s21251,TIAUSDT,1785116700000,train,1,2.3,0.56,2.47,2.24,0.53,1.74,1.0,0.78,0.64,0.58,1,0.55,neutral,neutral,0,-0.304,32,5790,1,
s21252,ONDOUSDT,1785116700000,train,1,3.55,0.61,3.86,3.4,1.18,3.0,1.92,0.89,1.03,0.77,0,0.55,neutral,alcista,0,-0.029,32,5789,4,
s21253,LDOUSDT,1785116700000,testB,1,3.39,0.727,3.36,3.26,1.55,2.84,2.14,0.76,1.07,0.82,0,0.55,neutral,alcista,0,0.898,32,5789,3,
s21254,XPLUSDT,1785117600000,train,1,2.86,0.505,3.04,2.85,0.69,2.87,1.83,1.11,0.78,0.66,1,-0.02,neutral,alcista,0,-0.347,32,5791,2,
s21255,ONDOUSDT,1785117600000,train,1,2.24,0.5,3.11,2.65,1.6,2.25,1.84,0.98,1.06,0.79,0,-0.02,neutral,alcista,0,-0.101,32,5790,5,
s21256,XPLUSDT,1785118500000,train,1,2.72,0.494,2.89,2.75,0.8,2.77,1.62,1.11,0.78,0.66,1,-0.05,neutral,alcista,0,-0.198,32,5792,3,
s21257,LDOUSDT,1785119400000,testB,1,2.42,0.511,3.08,2.82,1.12,2.77,1.5,0.81,0.78,0.83,0,-0.35,neutral,neutral,0,1.209,32,5792,1,
s21258,LDOUSDT,1785120300000,testB,1,2.53,0.545,3.08,2.75,0.74,2.89,1.17,0.81,0.78,0.83,0,-0.37,neutral,neutral,0,1.103,32,5793,0,
s21259,XPLUSDT,1785121200000,train,1,2.2,0.47,2.88,2.47,0.78,2.39,1.34,1.19,0.78,0.67,1,-0.19,neutral,alcista,0,-0.507,32,5795,2,
s21260,LDOUSDT,1785121200000,testB,1,2.58,0.563,3.19,2.75,0.54,2.77,1.06,0.83,0.67,0.84,0,-0.19,neutral,neutral,0,1.103,32,5794,0,
s21261,LDOUSDT,1785122100000,testB,1,2.45,0.531,3.14,2.62,0.46,2.47,0.89,0.83,0.67,0.84,0,-0.02,neutral,neutral,0,1.127,32,5795,0,
s21262,STXUSDT,1785123000000,testB,-1,-2.25,0.452,2.99,2.92,0.48,-2.17,0.87,1.64,1.56,1.46,1,-0.08,neutral,bajista,0,0.405,32,5796,2,
s21263,APEUSDT,1785123000000,testB,1,2.51,0.643,3.46,3.39,1.55,2.59,1.8,0.9,0.74,0.73,1,-0.08,neutral,alcista,1,2.0,29,5796,2,
s21264,STXUSDT,1785123900000,testB,-1,-2.04,0.417,2.99,2.85,0.51,-1.87,0.74,1.64,1.56,1.46,1,-0.17,neutral,neutral,0,0.488,32,5797,0,
s21265,APEUSDT,1785123900000,testB,1,2.51,0.643,3.53,3.39,1.39,2.68,1.62,0.9,0.74,0.73,1,-0.17,neutral,neutral,1,2.0,28,5797,0,
s21266,APEUSDT,1785124800000,testB,1,2.79,0.714,4.07,3.53,2.0,2.64,1.62,1.26,0.88,0.82,1,0.15,neutral,neutral,1,2.0,29,5798,1,
s21267,APEUSDT,1785125700000,testB,1,3.35,0.774,4.18,3.98,2.27,3.15,1.93,1.26,0.88,0.82,1,0.2,neutral,alcista,0,1.542,32,5799,2,
s21268,APEUSDT,1785126600000,testB,1,3.7,0.841,4.58,4.18,2.23,3.34,1.93,1.26,0.88,0.82,1,0.36,neutral,alcista,0,1.629,32,5800,3,
s21269,APEUSDT,1785127500000,testB,1,5.03,0.923,5.39,5.26,2.78,4.8,2.81,1.26,0.88,0.82,1,0.23,neutral,alcista,0,1.392,32,5801,4,
s21270,APEUSDT,1785128400000,testB,1,5.68,1.0,5.77,5.64,2.51,5.2,2.91,1.63,1.09,0.85,1,0.48,neutral,alcista,0,1.212,32,5802,5,
s21271,PUMPUSDT,1785129300000,train,-1,-2.68,0.403,3.52,3.17,1.38,-3.29,1.42,0.84,1.5,1.0,0,0.6,neutral,neutral,0,-1.0,7,5804,1,
s21272,APEUSDT,1785129300000,testB,1,5.6,1.0,6.23,5.64,2.72,5.0,2.65,1.63,1.09,0.85,1,0.6,neutral,neutral,0,1.106,32,5803,0,
s21273,APEUSDT,1785130200000,testB,1,4.75,0.829,5.66,4.6,2.63,4.29,1.98,1.63,1.09,0.85,1,0.45,neutral,neutral,0,1.884,32,5804,0,
s21274,APEUSDT,1785131100000,testB,1,5.5,0.849,5.47,5.41,2.14,5.11,2.73,1.63,1.09,0.85,1,0.39,neutral,neutral,0,1.122,32,5805,1,
s21275,STBLUSDT,1785132000000,train,-1,-2.03,0.548,3.53,3.29,0.57,-2.64,0.89,1.03,0.7,0.95,0,0.61,neutral,bajista,0,0.716,32,5807,3,
s21276,PENDLEUSDT,1785132000000,train,1,2.12,0.615,2.34,2.3,1.47,1.51,1.53,0.89,0.9,0.89,0,0.61,neutral,alcista,0,-0.432,32,5807,2,
s21277,LDOUSDT,1785132000000,testB,1,3.58,0.591,4.35,4.21,4.7,2.97,3.41,1.41,1.02,1.04,0,0.61,neutral,alcista,0,-0.444,32,5806,4,
s21278,APEUSDT,1785132000000,testB,1,5.98,0.86,6.83,5.84,2.08,5.37,2.88,2.18,1.42,0.99,1,0.61,neutral,alcista,0,0.944,32,5806,2,
s21279,STBLUSDT,1785132900000,train,-1,-2.23,0.571,5.1,3.83,2.08,-2.71,1.3,1.03,0.7,0.95,0,0.47,neutral,bajista,0,0.596,32,5808,4,
s21280,LDOUSDT,1785132900000,testB,1,3.4,0.545,4.46,4.01,5,2.93,2.79,1.41,1.02,1.04,0,0.47,neutral,neutral,0,-0.559,32,5807,0,
s21281,APEUSDT,1785132900000,testB,1,6.18,0.864,6.61,5.96,1.94,5.71,2.86,2.18,1.42,0.99,1,0.47,neutral,alcista,0,0.648,32,5807,3,
s21282,STBLUSDT,1785133800000,train,-1,-2.59,0.607,5.12,4.22,2.11,-3.04,1.53,1.03,0.7,0.95,0,0.44,neutral,bajista,0,1.398,32,5809,5,
s21283,LDOUSDT,1785133800000,testB,1,3.34,0.542,4.65,4.35,5,2.89,2.75,1.41,1.02,1.04,0,0.44,neutral,neutral,0,-1.0,32,5808,1,
s21284,APEUSDT,1785133800000,testB,1,6.06,0.863,5.91,5.78,1.77,5.62,3.21,2.18,1.42,0.99,1,0.44,neutral,alcista,0,0.494,32,5808,4,
s21285,STBLUSDT,1785134700000,train,-1,-2.72,0.618,5.13,4.56,2.14,-3.09,1.83,1.03,0.7,0.95,0,0.37,neutral,bajista,0,0.865,32,5810,6,
s21286,0GUSDT,1785134700000,train,-1,-2.02,0.545,2.92,2.86,1.71,-2.39,1.23,0.52,0.4,0.38,1,0.37,neutral,bajista,0,0.68,32,5810,3,
s21287,LDOUSDT,1785134700000,testB,1,3.65,0.577,4.69,4.56,5,3.28,2.76,1.41,1.02,1.04,0,0.37,neutral,alcista,0,-1.0,31,5809,2,
s21288,APEUSDT,1785134700000,testB,1,5.48,0.851,5.59,5.46,1.81,5.11,2.89,2.18,1.42,0.99,1,0.37,neutral,neutral,0,0.536,32,5809,0,
s21289,STBLUSDT,1785135600000,train,-1,-2.94,0.712,5.12,4.22,1.92,-3.16,1.32,0.85,0.69,0.9,0,0.22,neutral,neutral,0,1.214,32,5811,0,
s21290,0GUSDT,1785135600000,train,-1,-2.01,0.545,3.08,2.57,2.01,-2.23,0.94,0.61,0.45,0.4,1,0.22,neutral,neutral,0,0.689,32,5811,0,
s21291,LDOUSDT,1785135600000,testB,1,3.29,0.492,4.85,4.23,1.81,3.07,2.17,1.51,1.12,1.1,1,0.22,neutral,neutral,0,-1.0,30,5810,0,
s21292,APEUSDT,1785135600000,testB,1,4.73,0.657,5.43,4.58,1.1,4.51,1.93,2.56,1.64,1.08,1,0.22,neutral,neutral,0,0.643,32,5810,0,
s21293,STBLUSDT,1785136500000,train,-1,-2.74,0.633,5.1,3.83,0.64,-2.88,0.87,0.85,0.69,0.9,0,0.14,neutral,neutral,0,1.383,32,5812,0,
s21294,0GUSDT,1785136500000,train,-1,-2.18,0.619,3.08,2.45,1.14,-2.31,0.78,0.61,0.45,0.4,1,0.14,neutral,neutral,0,0.86,32,5812,0,
s21295,LDOUSDT,1785136500000,testB,1,3.88,0.545,4.83,4.7,1.08,3.74,2.36,1.51,1.12,1.1,1,0.14,neutral,neutral,0,-1.0,29,5811,1,
s21296,APEUSDT,1785136500000,testB,1,4.29,0.636,5.03,4.31,0.81,4.16,1.75,2.56,1.64,1.08,1,0.14,neutral,neutral,0,0.773,32,5811,1,
s21297,STBLUSDT,1785137400000,train,-1,-2.31,0.58,3.83,2.53,0.51,-2.21,0.72,0.85,0.69,0.9,0,-0.1,neutral,neutral,1,2.0,28,5813,0,
s21298,ONDOUSDT,1785137400000,train,1,2.86,0.496,3.35,3.35,1.67,2.95,1.68,0.81,0.85,0.82,0,-0.1,neutral,alcista,0,-1.0,28,5812,3,
s21299,LDOUSDT,1785137400000,testB,1,4.05,0.579,4.84,4.51,0.88,4.15,1.96,1.51,1.12,1.1,1,-0.1,neutral,neutral,0,-1.0,28,5812,0,
s21300,APEUSDT,1785137400000,testB,1,3.94,0.617,4.7,4.05,0.78,4.03,1.57,2.56,1.64,1.08,1,-0.1,neutral,alcista,0,0.742,32,5812,2,
s21301,STBLUSDT,1785138300000,train,-1,-2.71,0.618,3.81,3.03,0.64,-2.61,1.21,0.85,0.69,0.9,0,-0.1,neutral,neutral,1,2.0,27,5814,1,
s21302,0GUSDT,1785138300000,train,-1,-2.4,0.606,2.86,2.69,1.43,-2.3,1.12,0.61,0.45,0.4,1,-0.1,neutral,neutral,0,-0.021,32,5814,1,
s21303,LDOUSDT,1785138300000,testB,1,4.57,0.621,5.63,4.91,0.99,4.67,2.16,1.51,1.12,1.1,1,-0.1,neutral,neutral,0,-1.0,27,5813,1,
s21304,APEUSDT,1785138300000,testB,1,4.75,0.66,4.99,4.73,0.95,4.85,2.14,2.56,1.64,1.08,1,-0.1,neutral,alcista,0,0.384,32,5813,3,
s21305,STBLUSDT,1785139200000,train,-1,-3.15,0.653,4.0,3.5,1.01,-2.96,1.63,0.74,0.7,0.79,0,-0.19,neutral,bajista,0,1.341,32,5815,2,
s21306,0GUSDT,1785139200000,train,-1,-2.3,0.594,2.64,2.52,1.04,-2.1,1.1,0.59,0.49,0.41,1,-0.19,neutral,bajista,0,0.205,32,5815,2,
s21307,LDOUSDT,1785139200000,testB,1,4.18,0.566,5.64,4.73,0.74,4.37,1.78,1.59,1.19,1.13,1,-0.19,neutral,neutral,0,-1.0,26,5814,0,
s21308,MANAUSDT,1785139200000,testB,-1,-2.04,0.651,2.18,2.15,0.41,-1.84,0.41,1.79,1.41,0.9,1,-0.19,neutral,neutral,0,1.374,32,5814,1,
s21309,APEUSDT,1785139200000,testB,1,3.86,0.496,4.83,3.85,1.0,4.06,1.2,2.89,1.83,1.17,1,-0.19,neutral,neutral,0,0.153,32,5814,0,
s21310,STBLUSDT,1785140100000,train,-1,-3.47,0.685,3.84,3.56,0.77,-3.34,1.68,0.74,0.7,0.79,0,-0.13,neutral,bajista,1,2.0,32,5816,3,
s21311,0GUSDT,1785140100000,train,-1,-2.02,0.562,2.23,2.12,1.01,-1.89,0.98,0.59,0.49,0.41,1,-0.13,neutral,bajista,0,-0.27,32,5816,3,
s21312,LDOUSDT,1785140100000,testB,1,4.31,0.59,5.64,4.75,0.81,4.44,1.68,1.59,1.19,1.13,1,-0.13,neutral,neutral,0,-1.0,25,5815,1,
s21313,APEUSDT,1785140100000,testB,1,3.24,0.436,4.25,3.14,1.14,3.37,0.91,2.89,1.83,1.17,1,-0.13,neutral,neutral,1,2.0,21,5815,0,
s21314,STBLUSDT,1785141000000,train,-1,-3.36,0.677,3.76,3.52,0.69,-3.0,1.54,0.74,0.7,0.79,0,-0.36,neutral,bajista,1,2.0,31,5817,4,
s21315,0GUSDT,1785141000000,train,-1,-2.2,0.582,2.59,2.36,1.41,-1.84,1.39,0.59,0.49,0.41,1,-0.36,neutral,bajista,0,-1.0,20,5817,4,
s21316,LDOUSDT,1785141000000,testB,1,4.5,0.63,5.64,4.73,0.79,4.86,1.5,1.59,1.19,1.13,1,-0.36,neutral,neutral,0,-1.0,24,5816,0,
s21317,STBLUSDT,1785141900000,train,-1,-3.09,0.658,3.44,3.19,0.67,-2.9,1.6,0.74,0.7,0.79,0,-0.19,neutral,bajista,1,2.0,30,5818,5,
s21318,0GUSDT,1785141900000,train,-1,-2.15,0.576,2.6,2.54,0.8,-1.96,1.39,0.59,0.49,0.41,1,-0.19,neutral,bajista,0,-1.0,19,5818,5,
s21319,LDOUSDT,1785141900000,testB,1,4.95,0.695,5.63,4.91,0.54,5.14,1.51,1.59,1.19,1.13,1,-0.19,neutral,neutral,0,-1.0,23,5817,1,
s21320,STBLUSDT,1785142800000,train,-1,-2.87,0.64,3.67,3.37,0.69,-2.49,1.9,0.65,0.72,0.74,0,-0.38,neutral,bajista,1,2.0,29,5819,6,
s21321,0GUSDT,1785142800000,train,-1,-2.71,0.667,3.07,3.02,0.99,-2.33,1.64,0.86,0.65,0.5,1,-0.38,neutral,bajista,0,-1.0,18,5819,6,
s21322,WLDUSDT,1785142800000,train,-1,-2.17,0.412,3.03,2.54,0.9,-1.79,1.24,0.83,0.94,0.97,0,-0.38,neutral,bajista,0,0.659,32,5819,3,
s21323,FETUSDT,1785142800000,train,-1,-2.06,0.579,2.62,2.55,0.94,-1.68,1.25,0.96,0.93,0.85,1,-0.38,neutral,bajista,0,1.575,32,5818,3,
s21324,STXUSDT,1785142800000,testB,-1,-2.42,0.814,3.11,2.9,0.55,-2.04,1.04,0.85,1.26,1.24,0,-0.38,neutral,bajista,0,0.659,32,5818,2,
s21325,LDOUSDT,1785142800000,testB,1,4.18,0.528,5.68,4.13,0.55,4.56,0.63,1.67,1.25,1.16,1,-0.38,neutral,neutral,0,-1.0,22,5818,0,
s21326,PUMPUSDT,1785143700000,train,1,4.09,0.417,5.74,3.93,1.32,4.37,0.73,1.08,1.57,1.14,0,-0.29,neutral,neutral,0,1.025,32,5820,1,
s21327,STBLUSDT,1785143700000,train,-1,-2.87,0.64,3.66,3.29,0.65,-2.58,1.63,0.65,0.72,0.74,0,-0.29,neutral,neutral,1,2.0,28,5820,0,
s21328,0GUSDT,1785143700000,train,-1,-2.09,0.446,3.34,2.19,3.4,-1.8,0.76,0.86,0.65,0.5,1,-0.29,neutral,neutral,0,-1.0,17,5820,0,
s21329,WLDUSDT,1785143700000,train,-1,-2.03,0.375,2.93,2.1,0.88,-1.74,0.85,0.83,0.94,0.97,0,-0.29,neutral,neutral,0,0.89,32,5820,0,
s21330,FETUSDT,1785143700000,train,-1,-2.13,0.607,2.68,2.55,0.9,-1.84,1.16,0.96,0.93,0.85,1,-0.29,neutral,neutral,0,1.575,32,5819,0,
s21331,STXUSDT,1785143700000,testB,-1,-2.55,0.902,3.04,2.69,0.6,-2.26,0.83,0.85,1.26,1.24,0,-0.29,neutral,neutral,0,0.789,32,5819,0,
s21332,LDOUSDT,1785143700000,testB,1,3.7,0.469,5.64,3.87,0.46,3.99,0.4,1.67,1.25,1.16,1,-0.29,neutral,neutral,0,-1.0,21,5819,0,
s21333,PUMPUSDT,1785144600000,train,1,3.72,0.395,5.5,3.68,1.37,3.84,0.65,1.08,1.57,1.14,0,-0.13,neutral,neutral,0,1.053,32,5821,0,
s21334,STBLUSDT,1785144600000,train,-1,-2.55,0.538,3.36,2.7,0.78,-2.42,1.15,0.65,0.72,0.74,0,-0.13,neutral,neutral,1,2.0,27,5821,0,
s21335,0GUSDT,1785144600000,train,-1,-2.14,0.452,3.34,2.31,3.1,-2.01,0.76,0.86,0.65,0.5,1,-0.13,neutral,neutral,0,-1.0,16,5821,1,
s21336,STXUSDT,1785144600000,testB,-1,-2.28,0.805,2.89,2.4,0.6,-2.15,0.61,0.85,1.26,1.24,0,-0.13,neutral,neutral,0,1.0,32,5820,0,
s21337,LDOUSDT,1785144600000,testB,1,3.59,0.462,5.11,3.49,0.47,3.72,0.53,1.67,1.25,1.16,1,-0.13,neutral,neutral,0,-1.0,20,5820,1,
s21338,APEUSDT,1785144600000,testB,1,3.06,0.371,3.49,2.91,1.66,3.19,1.28,3.51,2.2,1.36,1,-0.13,neutral,neutral,1,2.0,16,5820,1,
s21339,STBLUSDT,1785145500000,train,-1,-2.31,0.479,3.23,2.4,0.8,-2.0,0.79,0.65,0.72,0.74,0,-0.31,neutral,neutral,1,2.0,19,5822,0,
s21340,FETUSDT,1785145500000,train,-1,-2.44,0.796,2.88,2.82,1.18,-2.13,1.17,0.96,0.93,0.85,1,-0.31,neutral,neutral,0,1.364,32,5821,1,
s21341,STXUSDT,1785145500000,testB,-1,-2.21,0.8,2.76,2.4,0.55,-1.91,0.73,0.85,1.26,1.24,0,-0.31,neutral,neutral,0,1.059,32,5821,1,
s21342,LDOUSDT,1785145500000,testB,1,2.63,0.389,4.24,2.64,0.44,2.94,0.51,1.67,1.25,1.16,1,-0.31,neutral,alcista,0,-1.0,18,5821,2,
s21343,0GUSDT,1785146400000,train,-1,-2.03,0.45,3.06,2.08,2.44,-1.51,0.7,0.84,0.66,0.5,1,-0.52,neutral,neutral,0,-1.0,14,5823,0,
s21344,FETUSDT,1785146400000,train,-1,-2.75,0.846,3.08,2.95,1.28,-2.22,1.3,1.26,1.02,0.91,1,-0.52,neutral,bajista,0,1.261,32,5822,2,
s21345,STXUSDT,1785146400000,testB,-1,-2.01,0.744,2.47,2.05,0.35,-1.48,0.63,0.87,1.19,1.23,0,-0.52,neutral,neutral,0,1.276,32,5822,0,
s21346,PUMPUSDT,1785147300000,train,1,4.28,0.475,5.65,4.39,1.4,4.49,2.14,1.93,1.72,1.39,1,-0.22,neutral,alcista,0,0.055,32,5824,2,
s21347,FETUSDT,1785147300000,train,-1,-2.31,0.673,2.88,2.43,1.54,-2.1,0.84,1.26,1.02,0.91,1,-0.22,neutral,neutral,1,2.0,21,5823,0,
s21348,PUMPUSDT,1785148200000,train,1,6.38,0.577,6.89,6.47,2.96,6.57,4.5,1.93,1.72,1.39,1,-0.18,neutral,alcista,0,-0.493,32,5825,3,
s21349,FETUSDT,1785148200000,train,-1,-2.07,0.647,2.62,2.18,1.55,-1.88,0.82,1.26,1.02,0.91,1,-0.18,neutral,neutral,1,2.0,19,5824,1,
s21350,PUMPUSDT,1785149100000,train,1,5.6,0.531,7.09,5.73,4.35,5.71,3.87,1.93,1.72,1.39,1,-0.11,neutral,neutral,0,-0.369,32,5826,0,
s21351,FETUSDT,1785149100000,train,-1,-2.14,0.654,2.7,2.37,1.86,-2.02,1.04,1.26,1.02,0.91,1,-0.11,neutral,bajista,0,1.757,32,5825,2,
s21352,PUMPUSDT,1785150000000,train,1,5.07,0.507,6.79,5.58,4.59,5.33,3.7,2.13,1.52,1.48,1,-0.26,neutral,neutral,0,-0.176,32,5827,1,
s21353,FETUSDT,1785150000000,train,-1,-2.32,0.698,2.7,2.51,1.75,-2.06,1.04,1.34,1.05,0.93,1,-0.26,neutral,bajista,0,1.564,32,5826,3,
s21354,PUMPUSDT,1785150900000,train,1,4.26,0.442,6.81,5.35,3.22,4.69,2.99,2.13,1.52,1.48,1,-0.43,neutral,neutral,0,-0.158,32,5828,0,
s21355,FETUSDT,1785150900000,train,-1,-2.39,0.704,2.45,2.45,1.57,-1.96,1.14,1.34,1.05,0.93,1,-0.43,neutral,bajista,0,1.447,32,5827,4,
s21356,PUMPUSDT,1785151800000,train,1,4.42,0.464,6.86,5.31,1.66,4.62,2.57,2.13,1.52,1.48,1,-0.2,neutral,neutral,0,-0.027,32,5829,0,
s21357,PUMPUSDT,1785152700000,train,1,5.37,0.553,6.83,5.8,0.93,5.56,2.71,2.13,1.52,1.48,1,-0.19,neutral,neutral,0,-0.105,32,5830,1,
s21358,PUMPUSDT,1785153600000,train,1,6.28,0.645,6.61,6.01,1.03,6.45,2.76,2.63,1.72,1.64,1,-0.16,neutral,alcista,0,-0.116,32,5831,2,
s21359,PUMPUSDT,1785154500000,train,1,5.04,0.582,6.48,5.59,1.36,5.39,2.43,2.63,1.72,1.64,1,-0.34,neutral,neutral,0,0.042,32,5832,0,
s21360,APEUSDT,1785154500000,testB,1,2.81,0.361,4.64,3.88,0.59,3.15,1.26,4.42,3.36,1.99,1,-0.34,neutral,alcista,0,-0.082,32,5831,2,
s21361,PUMPUSDT,1785155400000,train,1,3.99,0.482,6.5,5.28,1.5,4.15,1.95,2.63,1.72,1.64,1,-0.17,neutral,neutral,0,0.018,32,5833,0,
s21362,APEUSDT,1785155400000,testB,1,4.55,0.58,5.93,4.67,1.05,4.72,1.78,4.42,3.36,1.99,1,-0.17,neutral,alcista,0,-0.378,32,5832,3,
s21363,PUMPUSDT,1785156300000,train,1,4.57,0.528,6.47,5.72,1.33,4.68,2.25,2.63,1.72,1.64,1,-0.1,neutral,neutral,0,0.024,32,5834,1,
s21364,APEUSDT,1785156300000,testB,1,5.84,0.64,6.45,6.02,1.62,5.95,3.21,4.42,3.36,1.99,1,-0.1,neutral,alcista,0,-0.536,32,5833,4,
s21365,XPLUSDT,1785157200000,train,1,2.78,0.477,2.97,2.75,1.79,3.01,1.32,1.07,0.96,0.85,1,-0.23,neutral,alcista,0,-1.0,5,5835,3,
s21366,PUMPUSDT,1785157200000,train,1,5.26,0.648,6.35,5.23,1.18,5.49,1.54,2.88,1.9,1.76,1,-0.23,neutral,neutral,0,0.277,32,5835,0,
s21367,APEUSDT,1785157200000,testB,1,4.41,0.567,5.52,5.03,2.05,4.63,2.86,5.3,4.05,2.35,1,-0.23,neutral,neutral,0,-0.617,32,5834,0,
s21368,PUMPUSDT,1785158100000,train,1,4.27,0.492,6.31,4.42,0.81,4.69,0.62,2.88,1.9,1.76,1,-0.42,neutral,neutral,0,0.234,32,5836,0,
s21369,APEUSDT,1785158100000,testB,1,3.96,0.48,5.87,4.49,2.65,4.38,2.18,5.3,4.05,2.35,1,-0.42,neutral,neutral,0,-0.667,32,5835,0,
s21370,PUMPUSDT,1785159000000,train,1,5.74,0.565,7.05,5.75,0.74,5.19,1.86,2.88,1.9,1.76,1,0.55,neutral,neutral,0,0.089,32,5837,1,
s21371,0GUSDT,1785159000000,train,1,2.07,0.36,2.48,2.2,1.07,1.52,1.33,0.87,0.74,0.52,1,0.55,neutral,neutral,0,-1.0,4,5837,1,
s21372,ENAUSDT,1785159000000,train,1,3.5,0.385,4.65,4.32,5,2.94,2.66,1.38,1.1,1.19,0,0.55,neutral,neutral,0,-1.0,4,5837,1,
s21373,APEUSDT,1785159000000,testB,1,5.43,0.56,6.32,5.95,2.44,4.88,3.57,5.3,4.05,2.35,1,0.55,neutral,neutral,0,-0.856,32,5836,1,
s21374,PUMPUSDT,1785159900000,train,1,5.36,0.507,7.09,5.27,0.83,5.43,1.34,2.88,1.9,1.76,1,-0.07,neutral,neutral,0,0.257,32,5838,0,
s21375,APEUSDT,1785160800000,testB,1,4.35,0.432,6.41,4.54,1.46,4.19,1.53,5.91,4.57,2.62,1,0.16,neutral,neutral,0,-1.0,32,5838,0,
s21376,ARBUSDT,1785161700000,train,-1,-2.26,0.465,2.61,2.38,2.1,-1.53,1.32,1.81,1.28,1.12,1,-0.73,neutral,neutral,0,1.109,32,5840,1,
s21377,OPUSDT,1785161700000,train,-1,-2.11,0.385,2.8,2.48,1.35,-1.38,1.67,3.73,2.22,1.66,1,-0.73,neutral,neutral,0,1.609,32,5840,1,
s21378,FETUSDT,1785161700000,train,-1,-3.13,0.516,3.5,3.37,2.01,-2.4,2.15,2.39,1.62,1.19,1,-0.73,neutral,bajista,0,0.922,32,5839,3,
s21379,STXUSDT,1785161700000,testB,-1,-2.24,0.533,2.58,2.44,1.36,-1.51,1.37,1.13,1.04,1.33,0,-0.73,neutral,bajista,0,0.5,32,5839,3,
s21380,STBLUSDT,1785162600000,train,-1,-5.16,0.654,6.52,6.0,5,-3.73,4.23,0.74,0.74,0.78,0,-1.43,neutral,bajista,0,0.406,32,5841,2,
s21381,WLDUSDT,1785162600000,train,-1,-3.1,0.391,4.53,4.23,3.33,-1.67,2.31,1.28,1.04,1.11,0,-1.43,neutral,bajista,0,0.245,32,5841,4,
s21382,ARBUSDT,1785162600000,train,-1,-3.44,0.569,3.93,3.7,3.17,-2.01,2.41,1.81,1.28,1.12,1,-1.43,neutral,bajista,0,0.585,32,5841,2,
s21383,OPUSDT,1785162600000,train,-1,-4.11,0.549,4.84,4.62,2.1,-2.68,3.35,3.73,2.22,1.66,1,-1.43,neutral,bajista,0,0.714,32,5841,2,
s21384,SUIUSDT,1785162600000,train,-1,-3.24,0.519,3.81,3.57,3.62,-1.81,2.38,2.44,1.68,1.4,1,-1.43,neutral,bajista,0,0.242,32,5841,4,
s21385,TIAUSDT,1785162600000,train,-1,-4.08,0.445,4.91,4.7,2.43,-2.65,2.92,1.15,0.8,0.71,1,-1.43,neutral,bajista,0,0.443,32,5841,4,
s21386,JUPUSDT,1785162600000,train,-1,-3.65,0.412,4.77,4.66,3.82,-2.22,2.97,1.26,0.94,0.73,1,-1.43,neutral,bajista,0,0.116,32,5841,4,
s21387,PENDLEUSDT,1785162600000,train,-1,-3.11,0.358,4.36,4.24,2.64,-1.68,2.65,1.22,1.01,0.96,1,-1.43,neutral,bajista,0,0.066,32,5841,2,
s21388,FETUSDT,1785162600000,train,-1,-3.77,0.562,4.12,4.06,1.77,-2.34,2.5,2.39,1.62,1.19,1,-1.43,neutral,bajista,0,1.082,32,5840,4,
s21389,ARUSDT,1785162600000,testB,-1,-3.2,0.5,3.53,3.31,4.18,-1.77,2.41,1.46,1.4,1.06,1,-1.43,neutral,bajista,0,0.017,32,5840,2,
s21390,STXUSDT,1785162600000,testB,-1,-3.44,0.636,4.07,3.85,2.06,-2.01,2.45,1.13,1.04,1.33,0,-1.43,neutral,bajista,0,0.17,32,5840,4,
s21391,GRTUSDT,1785162600000,testB,-1,-3.44,0.487,4.53,4.14,5,-2.01,2.81,2.01,1.42,1.08,1,-1.43,neutral,bajista,0,0.031,32,5840,4,
s21392,LDOUSDT,1785162600000,testB,-1,-4.62,0.574,5.57,5.34,2.65,-3.19,3.38,1.89,1.77,1.28,1,-1.43,neutral,bajista,0,-0.2,32,5840,4,
s21393,SANDUSDT,1785162600000,testB,-1,-2.33,0.399,3.57,3.32,5,-0.9,2.03,1.65,1.28,1.14,1,-1.43,neutral,bajista,0,-0.014,32,5840,4,
s21394,MANAUSDT,1785162600000,testB,-1,-2.73,0.538,3.12,2.99,4.0,-1.3,2.17,1.25,1.54,1.11,0,-1.43,neutral,bajista,0,-0.455,32,5840,4,
s21395,AXSUSDT,1785162600000,testB,-1,-2.95,0.52,3.98,3.75,5,-1.52,2.62,2.44,1.62,1.26,1,-1.43,neutral,bajista,0,0.219,32,5840,2,
s21396,STBLUSDT,1785163500000,train,-1,-3.82,0.417,6.37,4.15,5,-2.83,2.4,0.74,0.74,0.78,0,-1.0,neutral,neutral,0,1.454,32,5842,0,
s21397,ARBUSDT,1785163500000,train,-1,-2.86,0.453,3.91,3.25,3.15,-1.86,1.78,1.81,1.28,1.12,1,-1.0,neutral,neutral,0,1.124,32,5842,0,
s21398,OPUSDT,1785163500000,train,-1,-3.38,0.421,4.8,3.93,2.19,-2.38,2.48,3.73,2.22,1.66,1,-1.0,neutral,neutral,0,1.333,32,5842,0,
s21399,SUIUSDT,1785163500000,train,-1,-2.4,0.354,3.78,2.84,3.37,-1.4,1.53,2.44,1.68,1.4,1,-1.0,neutral,neutral,0,1.065,32,5842,0,
s21400,TIAUSDT,1785163500000,train,-1,-3.73,0.393,4.76,3.87,2.38,-2.73,2.04,1.15,0.8,0.71,1,-1.0,neutral,neutral,0,1.099,32,5842,0,
s21401,PENDLEUSDT,1785163500000,train,-1,-3.19,0.372,4.38,3.89,2.64,-2.19,2.09,1.22,1.01,0.96,1,-1.0,neutral,neutral,0,0.358,32,5842,0,
s21402,FETUSDT,1785163500000,train,-1,-2.95,0.426,4.1,3.51,1.67,-1.96,1.76,2.39,1.62,1.19,1,-1.0,neutral,neutral,0,1.698,32,5841,0,
s21403,STXUSDT,1785163500000,testB,-1,-2.81,0.476,4.05,3.25,2.24,-1.81,1.71,1.13,1.04,1.33,0,-1.0,neutral,neutral,0,0.889,32,5841,0,
s21404,GRTUSDT,1785163500000,testB,-1,-2.82,0.378,4.51,3.61,5,-1.82,2.13,2.01,1.42,1.08,1,-1.0,neutral,neutral,0,0.482,32,5841,0,
s21405,LDOUSDT,1785163500000,testB,-1,-4.69,0.577,6.75,5.89,3.54,-3.69,3.5,1.89,1.77,1.28,1,-1.0,neutral,bajista,0,-0.231,32,5841,5,
s21406,MANAUSDT,1785163500000,testB,-1,-2.35,0.432,3.11,2.6,4.08,-1.35,1.61,1.25,1.54,1.11,0,-1.0,neutral,neutral,0,0.012,32,5841,0,
s21407,AXSUSDT,1785163500000,testB,-1,-2.27,0.357,3.95,3.02,5,-1.28,1.77,2.44,1.62,1.26,1,-1.0,neutral,neutral,0,0.846,32,5841,0,
s21408,STBLUSDT,1785164400000,train,-1,-4.69,0.467,6.43,5.09,5,-3.87,2.98,0.72,0.69,0.76,0,-0.81,neutral,neutral,0,0.746,32,5843,1,
s21409,ARBUSDT,1785164400000,train,-1,-2.81,0.449,3.91,3.25,3.22,-2.0,1.71,1.95,1.43,1.19,1,-0.81,neutral,neutral,0,1.012,32,5843,1,
s21410,OPUSDT,1785164400000,train,-1,-3.38,0.421,4.81,4.16,2.14,-2.57,2.45,2.84,2.31,1.68,1,-0.81,neutral,neutral,0,1.237,32,5843,1,
s21411,TIAUSDT,1785164400000,train,-1,-3.2,0.357,4.49,3.67,2.48,-2.39,1.93,1.26,0.85,0.73,1,-0.81,neutral,neutral,0,1.065,32,5843,1,
s21412,PENDLEUSDT,1785164400000,train,-1,-3.02,0.355,4.38,3.84,3.08,-2.21,1.85,1.65,1.23,1.04,1,-0.81,neutral,neutral,0,0.388,32,5843,0,
s21413,FETUSDT,1785164400000,train,-1,-3.47,0.466,3.99,3.86,2.19,-2.66,2.23,3.13,2.06,1.39,1,-0.81,neutral,neutral,0,1.0,32,5842,1,
s21414,STXUSDT,1785164400000,testB,-1,-2.54,0.45,4.05,3.25,2.05,-1.72,1.65,1.18,1.03,1.34,0,-0.81,neutral,neutral,0,0.822,32,5842,0,
s21415,GRTUSDT,1785164400000,testB,-1,-2.7,0.368,4.51,3.74,5,-1.88,2.07,1.99,1.48,1.1,1,-0.81,neutral,neutral,0,0.431,32,5842,1,
s21416,LDOUSDT,1785164400000,testB,-1,-5.74,0.625,7.12,7.06,3.22,-4.92,4.1,2.01,1.87,1.26,1,-0.81,neutral,bajista,0,-0.322,32,5842,6,
s21417,MANAUSDT,1785164400000,testB,-1,-2.13,0.408,3.11,2.65,4.04,-1.32,1.5,1.21,1.64,1.17,0,-0.81,neutral,neutral,0,0.04,32,5842,1,
s21418,STBLUSDT,1785165300000,train,-1,-4.37,0.434,6.16,4.65,5,-3.64,2.53,0.72,0.69,0.76,0,-0.73,neutral,neutral,0,0.861,32,5844,0,
s21419,ARBUSDT,1785165300000,train,-1,-2.57,0.425,3.92,3.39,2.96,-1.84,1.65,1.95,1.43,1.19,1,-0.73,neutral,bajista,0,0.874,32,5844,2,
s21420,OPUSDT,1785165300000,train,-1,-3.08,0.397,4.81,4.16,1.27,-2.34,2.23,2.84,2.31,1.68,1,-0.73,neutral,neutral,0,1.105,32,5844,0,
s21421,FETUSDT,1785165300000,train,-1,-3.29,0.451,4.46,3.93,2.12,-2.56,2.08,3.13,2.06,1.39,1,-0.73,neutral,bajista,0,1.0,32,5843,2,
s21422,STXUSDT,1785165300000,testB,-1,-2.54,0.45,4.05,3.33,1.73,-1.81,1.54,1.18,1.03,1.34,0,-0.73,neutral,neutral,0,0.717,32,5843,0,
s21423,GRTUSDT,1785165300000,testB,-1,-2.64,0.362,4.52,3.87,5,-1.91,2.02,1.99,1.48,1.1,1,-0.73,neutral,bajista,0,0.367,32,5843,2,
s21424,LDOUSDT,1785165300000,testB,-1,-5.82,0.628,7.66,7.32,3.0,-5.09,4.05,2.01,1.87,1.26,1,-0.73,neutral,bajista,0,-0.341,32,5843,7,
s21425,MANAUSDT,1785165300000,testB,-1,-2.05,0.398,3.11,2.72,3.37,-1.32,1.43,1.21,1.64,1.17,0,-0.73,neutral,bajista,0,-0.044,32,5843,2,
s21426,STBLUSDT,1785166200000,train,-1,-4.46,0.439,6.05,4.84,0.81,-3.56,2.6,0.72,0.69,0.76,0,-0.9,neutral,neutral,0,0.795,32,5845,1,
s21427,ARBUSDT,1785166200000,train,-1,-2.97,0.461,4.47,3.9,1.27,-2.08,1.92,1.95,1.43,1.19,1,-0.9,neutral,bajista,0,0.783,32,5845,3,
s21428,OPUSDT,1785166200000,train,-1,-3.9,0.521,5.16,4.5,0.51,-3.01,2.3,2.84,2.31,1.68,1,-0.9,neutral,neutral,0,1.024,32,5845,1,
s21429,TIAUSDT,1785166200000,train,-1,-3.41,0.395,4.51,3.97,0.97,-2.51,1.89,1.26,0.85,0.73,1,-0.9,neutral,bajista,0,0.948,32,5845,3,
s21430,SEIUSDT,1785166200000,train,-1,-2.65,0.379,4.03,3.29,0.64,-1.76,1.42,2.3,1.82,1.36,1,-0.9,neutral,neutral,0,1.712,32,5845,0,
s21431,FETUSDT,1785166200000,train,-1,-3.53,0.505,4.86,3.86,1.92,-2.64,1.78,3.13,2.06,1.39,1,-0.9,neutral,neutral,0,1.121,32,5844,0,
s21432,STXUSDT,1785166200000,testB,-1,-2.68,0.475,3.77,3.11,0.96,-1.78,1.45,1.18,1.03,1.34,0,-0.9,neutral,neutral,0,0.86,32,5844,0,
s21433,GRTUSDT,1785166200000,testB,-1,-2.76,0.386,4.52,3.81,0.59,-1.86,1.76,1.99,1.48,1.1,1,-0.9,neutral,neutral,0,0.458,32,5844,0,
s21434,LDOUSDT,1785166200000,testB,-1,-5.83,0.632,7.65,7.09,1.75,-4.93,3.44,2.01,1.87,1.26,1,-0.9,neutral,neutral,0,-0.287,32,5844,0,
s21435,MANAUSDT,1785166200000,testB,-1,-2.22,0.448,3.34,2.66,1.2,-1.32,1.24,1.21,1.64,1.17,0,-0.9,neutral,neutral,0,0.328,32,5844,0,
s21436,STBLUSDT,1785167100000,train,-1,-4.78,0.464,5.98,5.02,0.53,-3.93,2.59,0.72,0.69,0.76,0,-0.85,neutral,bajista,0,0.698,32,5846,2,
s21437,ARBUSDT,1785167100000,train,-1,-3.08,0.47,4.47,4.03,1.09,-2.23,1.84,1.95,1.43,1.19,1,-0.85,neutral,bajista,0,0.671,32,5846,4,
s21438,OPUSDT,1785167100000,train,-1,-3.91,0.521,5.16,4.62,0.37,-3.05,2.15,2.84,2.31,1.68,1,-0.85,neutral,bajista,0,0.929,32,5846,2,
s21439,TIAUSDT,1785167100000,train,-1,-3.36,0.391,4.52,4.31,0.75,-2.51,1.92,1.26,0.85,0.73,1,-0.85,neutral,bajista,0,0.745,32,5846,4,
s21440,SEIUSDT,1785167100000,train,-1,-2.98,0.407,4.05,3.66,0.45,-2.13,1.58,2.3,1.82,1.36,1,-0.85,neutral,neutral,0,1.346,32,5846,1,
s21441,FETUSDT,1785167100000,train,-1,-3.28,0.459,4.85,3.65,1.88,-2.42,1.42,3.13,2.06,1.39,1,-0.85,neutral,neutral,0,1.273,32,5845,0,
s21442,STXUSDT,1785167100000,testB,-1,-2.61,0.468,3.77,3.19,0.7,-1.76,1.34,1.18,1.03,1.34,0,-0.85,neutral,neutral,0,0.864,32,5845,1,
s21443,GRTUSDT,1785167100000,testB,-1,-3.01,0.414,4.52,4.01,0.43,-2.15,1.73,1.99,1.48,1.1,1,-0.85,neutral,neutral,0,0.323,32,5845,1,
s21444,LDOUSDT,1785167100000,testB,-1,-5.56,0.598,7.63,6.89,0.65,-4.71,2.96,2.01,1.87,1.26,1,-0.85,neutral,neutral,0,-0.368,32,5845,0,
s21445,MANAUSDT,1785167100000,testB,-1,-2.26,0.461,3.33,2.55,1.23,-1.41,0.99,1.21,1.64,1.17,0,-0.85,neutral,neutral,0,0.388,32,5845,0,
s21446,AXSUSDT,1785167100000,testB,-1,-2.39,0.356,3.97,3.38,0.96,-1.54,1.44,2.7,1.82,1.37,1,-0.85,neutral,neutral,0,0.448,32,5845,1,
s21447,STBLUSDT,1785168000000,train,-1,-4.34,0.429,5.62,4.54,0.44,-3.61,2.21,1.07,0.87,0.74,1,-0.73,neutral,neutral,0,0.762,32,5847,0,
s21448,ARBUSDT,1785168000000,train,-1,-3.05,0.467,4.48,4.12,0.97,-2.32,1.7,2.06,1.5,1.2,1,-0.73,neutral,bajista,0,0.521,32,5847,5,
s21449,OPUSDT,1785168000000,train,-1,-3.5,0.478,5.16,4.5,0.47,-2.77,1.81,2.86,2.37,1.68,1,-0.73,neutral,neutral,0,0.927,32,5847,0,
s21450,TIAUSDT,1785168000000,train,-1,-3.14,0.372,4.67,4.28,0.74,-2.41,1.66,1.35,0.91,0.74,1,-0.73,neutral,neutral,0,0.736,32,5847,0,
s21451,SEIUSDT,1785168000000,train,-1,-2.58,0.369,4.05,3.64,0.42,-1.85,1.36,2.39,1.84,1.4,1,-0.73,neutral,neutral,0,1.503,32,5847,0,
s21452,FETUSDT,1785168000000,train,-1,-3.28,0.459,4.79,3.73,1.38,-2.55,1.37,3.12,2.22,1.44,1,-0.73,neutral,neutral,0,1.321,32,5846,1,
s21453,STXUSDT,1785168000000,testB,-1,-2.26,0.41,3.76,3.04,0.72,-1.53,1.07,1.16,1.03,1.33,0,-0.73,neutral,neutral,0,1.119,32,5846,0,
s21454,GRTUSDT,1785168000000,testB,-1,-3.19,0.451,4.52,4.01,0.4,-2.46,1.55,2.12,1.52,1.13,1,-0.73,neutral,neutral,0,0.419,32,5846,0,
s21455,LDOUSDT,1785168000000,testB,-1,-5.16,0.566,7.63,6.78,0.61,-4.43,2.57,2.12,1.95,1.29,1,-0.73,neutral,neutral,0,-0.284,32,5846,0,
s21456,MANAUSDT,1785168000000,testB,-1,-2.53,0.489,3.35,2.94,1.47,-1.8,1.22,1.5,1.34,1.23,1,-0.73,neutral,neutral,0,0.154,32,5846,1,
s21457,AXSUSDT,1785168000000,testB,-1,-2.62,0.39,3.97,3.5,0.68,-1.89,1.4,2.86,1.9,1.41,1,-0.73,neutral,bajista,0,0.467,32,5846,2,
s21458,STBLUSDT,1785168900000,train,-1,-5.77,0.498,8.19,6.43,2.33,-5.33,3.56,1.07,0.87,0.74,1,-0.44,neutral,neutral,0,0.26,32,5848,1,
s21459,ARBUSDT,1785168900000,train,-1,-2.59,0.396,4.46,3.87,0.94,-2.16,1.31,2.06,1.5,1.2,1,-0.44,neutral,neutral,0,0.58,32,5848,0,
s21460,OPUSDT,1785168900000,train,-1,-2.76,0.361,5.13,3.93,0.6,-2.32,1.22,2.86,2.37,1.68,1,-0.44,neutral,neutral,0,1.111,32,5848,0,
s21461,FETUSDT,1785168900000,train,-1,-2.71,0.362,4.77,3.25,0.94,-2.27,0.87,3.12,2.22,1.44,1,-0.44,neutral,neutral,0,1.592,32,5847,0,
s21462,LDOUSDT,1785168900000,testB,-1,-4.29,0.444,7.57,6.0,0.64,-3.85,1.71,2.12,1.95,1.29,1,-0.44,neutral,neutral,0,-0.114,32,5847,0,
s21463,MANAUSDT,1785168900000,testB,-1,-2.07,0.38,3.33,2.55,1.61,-1.64,0.8,1.5,1.34,1.23,1,-0.44,neutral,neutral,0,0.418,32,5847,0,
s21464,STBLUSDT,1785169800000,train,-1,-5.68,0.488,8.18,6.24,2.34,-5.48,3.09,1.07,0.87,0.74,1,-0.2,neutral,neutral,0,0.289,32,5849,0,
s21465,ARBUSDT,1785169800000,train,-1,-2.5,0.378,4.46,3.71,0.63,-2.31,1.05,2.06,1.5,1.2,1,-0.2,neutral,neutral,0,0.695,32,5849,0,
s21466,OPUSDT,1785169800000,train,-1,-2.75,0.361,5.11,3.59,0.46,-2.55,0.8,2.86,2.37,1.68,1,-0.2,neutral,neutral,0,1.303,32,5849,0,
s21467,FETUSDT,1785169800000,train,-1,-2.9,0.391,4.77,3.31,0.61,-2.7,0.84,3.12,2.22,1.44,1,-0.2,neutral,neutral,0,1.74,32,5848,1,
s21468,LDOUSDT,1785169800000,testB,-1,-4.54,0.487,7.56,5.83,0.62,-4.35,1.39,2.12,1.95,1.29,1,-0.2,neutral,neutral,0,-0.022,32,5848,0,
s21469,STBLUSDT,1785170700000,train,-1,-5.19,0.442,8.15,5.92,2.41,-4.9,2.48,1.07,0.87,0.74,1,-0.3,neutral,neutral,0,0.4,32,5850,0,
s21470,ARBUSDT,1785170700000,train,-1,-2.54,0.385,4.45,3.61,0.58,-2.24,0.85,2.06,1.5,1.2,1,-0.3,neutral,neutral,0,0.756,32,5850,0,
s21471,OPUSDT,1785170700000,train,-1,-3.06,0.42,5.11,3.59,0.4,-2.76,0.68,2.86,2.37,1.68,1,-0.3,neutral,neutral,0,1.273,32,5850,1,
s21472,TIAUSDT,1785170700000,train,-1,-2.97,0.364,4.66,4.07,0.69,-2.67,1.07,1.35,0.91,0.74,1,-0.3,neutral,neutral,0,0.657,32,5850,1,
s21473,FETUSDT,1785170700000,train,-1,-3.34,0.456,4.78,3.52,0.5,-3.04,0.92,3.12,2.22,1.44,1,-0.3,neutral,bajista,0,1.642,32,5849,2,
s21474,GRTUSDT,1785170700000,testB,-1,-2.56,0.369,4.49,3.14,0.56,-2.26,0.54,2.12,1.52,1.13,1,-0.3,neutral,neutral,0,0.98,32,5849,0,
s21475,LDOUSDT,1785170700000,testB,-1,-4.75,0.523,7.54,5.56,0.54,-4.45,0.98,2.12,1.95,1.29,1,-0.3,neutral,neutral,0,-0.038,32,5849,0,
s21476,STBLUSDT,1785171600000,train,-1,-5.55,0.482,8.03,5.88,2.27,-5.43,2.29,1.11,0.86,0.74,1,-0.12,neutral,neutral,0,0.418,32,5851,0,
s21477,OPUSDT,1785171600000,train,-1,-3.06,0.42,5.11,3.59,0.31,-2.94,0.59,2.34,2.39,1.68,0,-0.12,neutral,neutral,0,1.394,32,5851,0,
s21478,FETUSDT,1785171600000,train,-1,-2.78,0.41,4.06,2.99,0.35,-2.66,0.99,3.07,2.24,1.44,1,-0.12,neutral,bajista,1,2.0,32,5850,3,
s21479,LDOUSDT,1785171600000,testB,-1,-4.76,0.527,7.13,4.97,0.44,-4.64,0.7,2.08,1.91,1.3,1,-0.12,neutral,neutral,0,-0.099,32,5850,0,
s21480,OPUSDT,1785172500000,train,-1,-3.07,0.42,5.13,3.82,0.21,-3.15,0.77,2.34,2.39,1.68,0,0.08,neutral,neutral,0,1.143,32,5852,1,
s21481,LDOUSDT,1785172500000,testB,-1,-3.63,0.449,6.71,4.47,0.31,-3.72,0.62,2.08,1.91,1.3,1,0.08,neutral,neutral,0,-0.157,32,5851,0,
s21482,XPLUSDT,1785173400000,train,-1,-3.28,0.392,5.35,4.0,0.37,-2.27,0.77,1.73,1.26,1.02,1,-1.01,neutral,bajista,0,1.501,32,5853,2,
s21483,WLDUSDT,1785173400000,train,-1,-2.94,0.466,4.82,3.41,0.27,-1.92,0.36,1.35,1.1,0.98,1,-1.01,neutral,neutral,0,1.233,32,5853,1,
s21484,ENAUSDT,1785173400000,train,-1,-3.8,0.428,5.76,4.59,0.3,-2.78,0.46,2.13,1.44,1.37,1,-1.01,neutral,neutral,0,1.592,32,5853,1,
s21485,ARBUSDT,1785173400000,train,-1,-2.91,0.521,4.44,3.27,0.36,-1.9,0.37,1.96,1.51,1.22,1,-1.01,neutral,neutral,0,1.019,32,5853,0,
s21486,OPUSDT,1785173400000,train,-1,-3.58,0.515,5.13,3.93,0.22,-2.57,0.84,2.34,2.39,1.68,0,-1.01,neutral,neutral,0,1.194,32,5853,0,
s21487,TIAUSDT,1785173400000,train,-1,-3.08,0.454,4.62,3.3,0.57,-2.07,0.22,1.34,0.96,0.76,1,-1.01,neutral,neutral,0,1.054,32,5853,0,
s21488,SEIUSDT,1785173400000,train,-1,-2.64,0.46,4.02,2.87,0.3,-1.63,0.44,2.31,1.79,1.42,1,-1.01,neutral,neutral,1,2.0,22,5853,0,
s21489,JUPUSDT,1785173400000,train,-1,-3.37,0.468,4.83,3.7,0.42,-2.36,0.62,1.64,1.1,0.82,1,-1.01,neutral,neutral,0,0.739,32,5853,1,
s21490,FETUSDT,1785173400000,train,-1,-3.1,0.558,4.07,3.2,0.27,-2.09,1.05,3.07,2.24,1.44,1,-1.01,neutral,neutral,1,2.0,30,5852,1,
s21491,STXUSDT,1785173400000,testB,-1,-2.74,0.52,3.76,2.96,0.23,-1.73,0.61,0.92,0.95,1.31,0,-1.01,neutral,neutral,0,1.098,32,5852,1,
s21492,GRTUSDT,1785173400000,testB,-1,-2.43,0.386,4.46,2.61,0.25,-1.41,0.02,2.13,1.52,1.12,1,-1.01,neutral,neutral,1,2.0,30,5852,0,
s21493,LDOUSDT,1785173400000,testB,-1,-4.14,0.532,6.43,4.32,0.25,-3.13,0.75,2.08,1.91,1.3,1,-1.01,neutral,neutral,0,-0.211,32,5852,1,
s21494,SANDUSDT,1785173400000,testB,-1,-2.54,0.535,3.55,2.67,0.16,-1.52,0.42,2.0,1.45,1.25,1,-1.01,neutral,neutral,0,1.593,32,5852,1,
s21495,MANAUSDT,1785173400000,testB,-1,-2.24,0.502,3.33,2.48,0.29,-1.23,0.47,1.5,1.27,1.23,1,-1.01,neutral,neutral,0,-0.061,32,5852,1,
s21496,AXSUSDT,1785173400000,testB,-1,-2.82,0.472,3.95,3.02,0.17,-1.81,0.61,2.84,1.93,1.41,1,-1.01,neutral,neutral,0,0.808,32,5852,1,
s21497,APEUSDT,1785173400000,testB,-1,-4.97,0.468,6.13,5.23,0.41,-3.95,1.59,4.99,4.71,2.91,1,-1.01,neutral,bajista,0,0.617,32,5852,2,
s21498,XPLUSDT,1785174300000,train,-1,-2.94,0.362,4.7,3.31,0.35,-2.64,0.71,1.73,1.26,1.02,1,-0.3,neutral,neutral,1,2.0,30,5854,0,
s21499,STBLUSDT,1785174300000,train,-1,-4.54,0.394,7.76,5.01,0.32,-4.24,1.33,1.11,0.86,0.74,1,-0.3,neutral,bajista,0,0.635,32,5854,2,
s21500,ENAUSDT,1785174300000,train,-1,-3.52,0.409,5.38,4.3,0.29,-3.22,0.6,2.13,1.44,1.37,1,-0.3,neutral,bajista,0,1.655,32,5854,2,
s21501,ARBUSDT,1785174300000,train,-1,-2.24,0.45,3.82,2.63,0.32,-1.94,0.27,1.96,1.51,1.22,1,-0.3,neutral,neutral,0,1.267,32,5854,0,
s21502,OPUSDT,1785174300000,train,-1,-3.28,0.492,4.6,3.61,0.26,-2.98,0.96,2.34,2.39,1.68,0,-0.3,neutral,neutral,0,1.333,32,5854,1,
s21503,TIAUSDT,1785174300000,train,-1,-2.65,0.414,3.81,2.75,0.56,-2.35,0.38,1.34,0.96,0.76,1,-0.3,neutral,neutral,0,1.269,32,5854,1,
s21504,SEIUSDT,1785174300000,train,-1,-2.51,0.441,3.81,2.62,0.27,-2.22,0.36,2.31,1.79,1.42,1,-0.3,neutral,neutral,1,2.0,21,5854,0,
s21505,JUPUSDT,1785174300000,train,-1,-2.41,0.371,3.86,2.63,0.35,-2.11,0.42,1.64,1.1,0.82,1,-0.3,neutral,neutral,0,1.143,32,5854,0,
s21506,FETUSDT,1785174300000,train,-1,-2.09,0.432,3.2,2.2,0.26,-1.79,0.72,3.07,2.24,1.44,1,-0.3,neutral,neutral,1,2.0,19,5853,0,
s21507,STXUSDT,1785174300000,testB,-1,-2.54,0.5,3.26,2.76,0.27,-2.24,0.77,0.92,0.95,1.31,0,-0.3,neutral,bajista,0,1.184,32,5853,2,
s21508,GRTUSDT,1785174300000,testB,-1,-2.19,0.361,4.02,2.3,0.21,-1.89,0.11,2.13,1.52,1.12,1,-0.3,neutral,neutral,1,2.0,29,5853,1,
s21509,LDOUSDT,1785174300000,testB,-1,-2.81,0.419,5.18,2.97,0.26,-2.51,0.61,2.08,1.91,1.3,1,-0.3,neutral,neutral,0,0.5,32,5853,0,
s21510,SANDUSDT,1785174300000,testB,-1,-2.01,0.448,3.16,2.15,0.15,-1.71,0.21,2.0,1.45,1.25,1,-0.3,neutral,neutral,1,2.0,31,5853,0,
s21511,AXSUSDT,1785174300000,testB,-1,-2.72,0.462,3.84,3.03,0.17,-2.42,0.64,2.84,1.93,1.41,1,-0.3,neutral,bajista,0,0.808,32,5853,2,
s21512,APEUSDT,1785174300000,testB,-1,-3.92,0.406,5.5,4.92,0.38,-3.62,1.72,4.99,4.71,2.91,1,-0.3,neutral,bajista,0,0.605,32,5853,3,
s21513,STBLUSDT,1785175200000,train,-1,-4.86,0.422,7.77,5.2,0.4,-4.25,1.25,1.16,0.79,0.74,1,-0.61,neutral,bajista,0,0.555,32,5855,3,
s21514,ENAUSDT,1785175200000,train,-1,-4.31,0.49,5.2,4.65,0.36,-3.7,0.99,2.2,1.5,1.44,1,-0.61,neutral,bajista,0,1.34,32,5855,3,
s21515,ARBUSDT,1785175200000,train,-1,-2.48,0.476,3.57,2.6,0.3,-1.87,0.43,1.89,1.51,1.25,1,-0.61,neutral,neutral,0,1.087,32,5855,1,
s21516,OPUSDT,1785175200000,train,-1,-3.59,0.531,4.61,3.84,0.26,-2.99,1.03,1.88,2.4,1.71,0,-0.61,neutral,bajista,0,1.143,32,5855,2,
s21517,SEIUSDT,1785175200000,train,-1,-2.24,0.411,3.48,2.36,0.27,-1.63,0.34,2.16,1.76,1.45,1,-0.61,neutral,neutral,1,2.0,20,5855,1,
s21518,JUPUSDT,1785175200000,train,-1,-2.67,0.395,3.82,2.9,0.34,-2.06,0.6,1.56,1.08,0.84,1,-0.61,neutral,neutral,0,0.815,32,5855,1,
s21519,STXUSDT,1785175200000,testB,-1,-2.27,0.471,2.83,2.32,0.34,-1.66,0.7,0.93,0.91,1.23,0,-0.61,neutral,neutral,0,1.375,32,5854,0,
s21520,LDOUSDT,1785175200000,testB,-1,-3.5,0.473,5.15,3.89,0.36,-2.89,1.27,2.04,1.68,1.34,1,-0.61,neutral,neutral,0,0.027,32,5854,1,
s21521,AXSUSDT,1785175200000,testB,-1,-2.6,0.434,3.6,2.67,0.19,-2.0,0.49,3.02,2.01,1.42,1,-0.61,neutral,neutral,0,0.957,32,5854,0,
s21522,APEUSDT,1785175200000,testB,-1,-3.67,0.376,4.65,3.88,0.34,-3.06,1.31,4.1,4.46,2.99,0,-0.61,neutral,neutral,0,0.817,32,5854,0,
s21523,STBLUSDT,1785176100000,train,-1,-4.47,0.401,7.21,4.67,0.2,-4.54,1.23,1.16,0.79,0.74,1,0.08,neutral,bajista,0,0.617,32,5856,4,
s21524,0GUSDT,1785176100000,train,1,4.71,0.369,7.3,7.19,1.42,4.63,2.78,1.81,1.31,0.84,1,0.08,neutral,alcista,0,-0.069,32,5856,2,
s21525,LDOUSDT,1785176100000,testB,-1,-3.19,0.448,4.35,3.35,0.37,-3.27,1.44,2.04,1.68,1.34,1,0.08,neutral,bajista,0,-1.0,17,5855,2,
s21526,0GUSDT,1785177000000,train,1,7.02,0.643,7.89,6.67,1.13,6.45,2.06,1.81,1.31,0.84,1,0.57,neutral,neutral,0,-0.05,32,5857,0,
s21527,0GUSDT,1785177900000,train,1,6.65,0.633,7.22,6.46,1.34,6.36,2.57,1.81,1.31,0.84,1,0.3,neutral,neutral,0,-0.186,32,5858,1,
s21528,0GUSDT,1785178800000,train,1,6.1,0.607,7.12,6.3,1.23,5.71,2.44,1.89,1.36,0.89,1,0.39,neutral,neutral,0,-0.096,32,5859,0,
s21529,PENDLEUSDT,1785178800000,train,1,2.32,0.447,3.39,2.84,1.18,1.93,0.75,2.03,1.47,1.21,1,0.39,neutral,alcista,0,-1.0,14,5859,2,
s21530,0GUSDT,1785179700000,train,1,4.83,0.426,7.22,4.94,1.3,4.3,1.25,1.89,1.36,0.89,1,0.54,neutral,neutral,0,0.416,32,5860,0,
s21531,PENDLEUSDT,1785179700000,train,1,2.09,0.385,3.16,2.34,0.96,1.55,0.67,2.03,1.47,1.21,1,0.54,neutral,neutral,0,-1.0,13,5860,0,
s21532,0GUSDT,1785180600000,train,1,3.63,0.352,6.01,3.62,0.91,3.0,0.88,1.89,1.36,0.89,1,0.63,neutral,neutral,0,-1.0,22,5861,0,
s21533,0GUSDT,1785182400000,train,1,3.86,0.396,5.99,3.88,0.61,3.33,0.97,1.68,1.37,0.91,1,0.53,neutral,neutral,0,-1.0,20,5863,1,
s21534,0GUSDT,1785183300000,train,1,3.3,0.363,4.96,3.42,0.39,2.85,1.24,1.68,1.37,0.91,1,0.45,neutral,alcista,0,-1.0,18,5864,2,
s21535,0GUSDT,1785184200000,train,1,3.42,0.37,4.9,3.47,0.34,3.38,1.13,1.68,1.37,0.91,1,0.04,neutral,alcista,0,-1.0,17,5865,3,
s21536,ENAUSDT,1785184200000,train,-1,-2.34,0.422,2.85,2.75,0.49,-2.38,1.17,1.1,1.46,1.45,0,0.04,neutral,neutral,1,2.0,12,5865,1,
s21537,0GUSDT,1785185100000,train,1,3.36,0.366,4.79,3.36,0.27,3.25,1.11,1.68,1.37,0.91,1,0.11,neutral,alcista,0,-1.0,16,5866,4,
s21538,ENAUSDT,1785186900000,train,-1,-2.9,0.482,3.22,3.14,0.92,-2.63,1.49,0.91,1.47,1.47,0,-0.27,neutral,bajista,0,1.254,32,5868,2,
s21539,ONDOUSDT,1785186900000,train,-1,-2.37,0.361,3.23,2.91,0.71,-2.1,1.26,0.78,1.24,1.06,0,-0.27,neutral,bajista,0,0.759,32,5867,2,
s21540,ENAUSDT,1785187800000,train,-1,-2.8,0.473,3.06,2.91,0.88,-2.54,1.41,0.91,1.47,1.47,0,-0.27,neutral,bajista,0,1.163,32,5869,3,
s21541,ONDOUSDT,1785187800000,train,-1,-2.71,0.401,3.14,2.81,0.8,-2.45,1.36,0.78,1.24,1.06,0,-0.27,neutral,bajista,0,0.714,32,5868,3,
s21542,ENAUSDT,1785188700000,train,-1,-2.99,0.489,3.23,3.17,0.79,-2.67,1.52,0.91,1.47,1.47,0,-0.31,neutral,bajista,0,1.018,32,5870,4,
s21543,ENAUSDT,1785189600000,train,-1,-3.36,0.517,3.48,3.47,1.15,-3.0,2.25,1.18,1.68,1.42,0,-0.36,neutral,bajista,0,0.657,32,5871,5,
s21544,LDOUSDT,1785189600000,testB,1,2.18,0.376,4.11,3.42,1.22,2.54,1.12,0.97,1.57,1.44,0,-0.36,neutral,neutral,0,-0.271,32,5870,0,
s21545,ENAUSDT,1785190500000,train,-1,-3.17,0.502,3.51,3.35,1.06,-2.67,2.08,1.18,1.68,1.42,0,-0.49,neutral,bajista,0,0.596,32,5872,6,
s21546,OPUSDT,1785190500000,train,-1,-2.09,0.442,3.25,2.69,2.83,-1.59,1.8,1.27,2.11,1.76,0,-0.49,neutral,bajista,0,0.667,32,5872,3,
s21547,LDOUSDT,1785190500000,testB,1,2.48,0.443,4.11,3.44,1.47,2.97,1.05,0.97,1.57,1.44,0,-0.49,neutral,neutral,0,-0.366,32,5871,1,
s21548,STBLUSDT,1785191400000,train,-1,-2.52,0.659,3.17,2.67,2.16,-1.55,1.6,0.64,0.86,0.78,0,-0.97,neutral,neutral,0,0.25,32,5873,1,
s21549,ENAUSDT,1785191400000,train,-1,-3.23,0.504,4.26,4.1,1.7,-2.25,2.54,1.18,1.68,1.42,0,-0.97,neutral,bajista,0,0.316,32,5873,7,
s21550,OPUSDT,1785191400000,train,-1,-2.98,0.529,4.55,4.09,5,-2.0,2.8,1.27,2.11,1.76,0,-0.97,neutral,bajista,0,0.083,32,5873,4,
s21551,TIAUSDT,1785191400000,train,-1,-2.26,0.4,3.86,3.46,4.25,-1.28,2.2,1.08,1.22,0.87,0,-0.97,neutral,bajista,0,-0.298,32,5873,3,
s21552,SEIUSDT,1785191400000,train,-1,-2.41,0.484,3.53,3.23,3.62,-1.43,2.19,2.31,2.41,1.86,0,-0.97,neutral,bajista,0,0.207,32,5873,4,
s21553,FETUSDT,1785191400000,train,-1,-3.68,0.591,4.59,4.38,3.94,-2.71,3.15,2.09,2.69,1.88,0,-0.97,neutral,bajista,0,0.238,32,5872,4,
s21554,LDOUSDT,1785191400000,testB,1,2.92,0.561,4.51,3.27,1.57,3.89,0.77,0.97,1.57,1.44,0,-0.97,neutral,neutral,0,-0.26,32,5872,0,
s21555,APEUSDT,1785191400000,testB,-1,-3.1,0.407,5.61,5.14,2.49,-2.13,2.83,1.55,3.6,3.23,0,-0.97,neutral,bajista,0,-0.442,32,5872,6,
s21556,XPLUSDT,1785192300000,train,-1,-3.47,0.492,5.98,5.11,4.13,-1.78,2.87,1.04,1.44,1.16,0,-1.7,neutral,bajista,0,0.154,32,5874,5,
s21557,STBLUSDT,1785192300000,train,-1,-4.23,0.764,5.32,4.64,5,-2.53,3.22,0.64,0.86,0.78,0,-1.7,neutral,bajista,0,-0.304,32,5874,2,
s21558,WLDUSDT,1785192300000,train,-1,-3.95,0.588,5.43,5.03,5,-2.25,3.48,0.79,1.09,0.99,0,-1.7,neutral,bajista,0,0.28,32,5874,4,
s21559,ENAUSDT,1785192300000,train,-1,-4.65,0.594,6.24,5.87,3.98,-2.95,3.72,1.18,1.68,1.42,0,-1.7,neutral,bajista,0,-0.11,32,5874,8,
s21560,ARBUSDT,1785192300000,train,-1,-3.2,0.585,4.12,3.85,2.58,-1.5,2.51,1.73,1.93,1.41,0,-1.7,neutral,bajista,0,-0.402,32,5874,5,
s21561,OPUSDT,1785192300000,train,-1,-4.41,0.645,5.99,5.53,5,-2.71,3.72,1.27,2.11,1.76,0,-1.7,neutral,bajista,0,-0.208,32,5874,5,
s21562,SUIUSDT,1785192300000,train,-1,-3.18,0.646,4.03,3.77,5,-1.48,2.72,1.15,2.0,1.53,0,-1.7,neutral,bajista,0,-0.098,32,5874,5,
s21563,TIAUSDT,1785192300000,train,-1,-3.74,0.525,5.34,5.09,5,-2.05,3.41,1.08,1.22,0.87,0,-1.7,neutral,bajista,0,-0.503,32,5874,4,
s21564,SEIUSDT,1785192300000,train,-1,-4.05,0.625,5.11,4.92,5,-2.36,3.42,2.31,2.41,1.86,0,-1.7,neutral,bajista,0,-0.219,32,5874,5,
s21565,JUPUSDT,1785192300000,train,-1,-2.96,0.47,5.11,4.22,5,-1.27,2.93,1.03,1.32,0.97,0,-1.7,neutral,bajista,0,-0.434,32,5874,5,
s21566,PENDLEUSDT,1785192300000,train,-1,-3.1,0.438,4.21,3.97,2.21,-1.4,2.54,1.26,1.52,1.21,0,-1.7,neutral,bajista,0,0.139,32,5874,4,
s21567,FETUSDT,1785192300000,train,-1,-4.76,0.651,5.77,5.56,5,-3.06,3.83,2.09,2.69,1.88,0,-1.7,neutral,bajista,0,-0.051,32,5873,5,
s21568,ARUSDT,1785192300000,testB,-1,-2.02,0.435,3.06,2.95,4.76,-0.32,1.95,1.03,1.32,1.26,0,-1.7,neutral,bajista,0,-0.038,32,5873,4,
s21569,STXUSDT,1785192300000,testB,-1,-2.47,0.548,4.32,3.65,5,-0.77,2.5,0.62,0.9,1.07,0,-1.7,neutral,bajista,0,0.388,32,5873,4,
s21570,GRTUSDT,1785192300000,testB,-1,-2.55,0.588,3.8,3.47,5,-0.86,2.27,1.1,1.63,1.29,0,-1.7,neutral,bajista,0,0.226,32,5873,5,
s21571,AXSUSDT,1785192300000,testB,-1,-2.1,0.36,3.94,3.34,5,-0.41,2.31,2.03,2.5,1.68,0,-1.7,neutral,bajista,0,0.107,32,5873,4,
s21572,APEUSDT,1785192300000,testB,-1,-4.5,0.583,6.33,5.99,3.65,-2.8,3.3,1.55,3.6,3.23,0,-1.7,neutral,bajista,0,-0.438,32,5873,7,
s21573,XPLUSDT,1785193200000,train,-1,-4.7,0.567,7.0,6.48,5,-2.88,3.74,1.44,1.61,1.24,0,-1.82,neutral,bajista,0,-0.109,32,5875,6,
s21574,STBLUSDT,1785193200000,train,-1,-2.87,0.418,5.25,3.14,5,-1.05,1.63,0.73,0.93,0.82,0,-1.82,neutral,neutral,0,0.1,32,5875,0,
s21575,WLDUSDT,1785193200000,train,-1,-4.49,0.692,6.2,5.22,5,-2.66,3.28,0.96,1.17,0.98,0,-1.82,neutral,bajista,0,0.288,32,5875,5,
s21576,ENAUSDT,1785193200000,train,-1,-5.19,0.691,6.41,6.02,4.28,-3.36,3.46,1.63,1.92,1.43,0,-1.82,neutral,bajista,0,-0.084,32,5875,8,
s21577,ARBUSDT,1785193200000,train,-1,-3.1,0.56,4.2,3.24,2.48,-1.28,1.93,1.9,1.97,1.44,0,-1.82,neutral,neutral,0,-0.356,32,5875,0,
s21578,OPUSDT,1785193200000,train,-1,-4.93,0.763,6.81,5.65,5,-3.11,3.46,1.6,2.03,1.82,0,-1.82,neutral,neutral,0,-0.204,32,5875,0,
s21579,INJUSDT,1785193200000,train,-1,-2.03,0.628,2.79,2.28,2.67,-0.2,1.17,0.74,1.34,1.24,0,-1.82,neutral,neutral,0,0.213,32,5875,0,
s21580,SUIUSDT,1785193200000,train,-1,-3.5,0.741,4.58,3.85,5,-1.67,2.51,1.45,2.16,1.57,0,-1.82,neutral,bajista,0,-0.119,32,5875,6,
s21581,TIAUSDT,1785193200000,train,-1,-4.07,0.605,5.97,4.77,5,-2.25,2.78,1.25,1.3,0.91,0,-1.82,neutral,neutral,0,-0.406,32,5875,0,
s21582,SEIUSDT,1785193200000,train,-1,-5.09,0.764,6.75,5.62,5,-3.26,3.66,3.34,2.92,2.12,1,-1.82,neutral,bajista,0,-0.34,32,5875,6,
s21583,JUPUSDT,1785193200000,train,-1,-2.95,0.47,5.09,3.87,5,-1.13,2.38,1.31,1.5,1.03,0,-1.82,neutral,neutral,0,-0.314,32,5875,0,
s21584,PENDLEUSDT,1785193200000,train,-1,-3.72,0.574,4.62,4.02,4.27,-1.9,2.36,1.44,1.7,1.29,0,-1.82,neutral,bajista,0,0.12,32,5875,5,
s21585,FETUSDT,1785193200000,train,-1,-3.41,0.395,6.02,3.95,5,-1.59,2.07,2.48,2.87,1.99,0,-1.82,neutral,neutral,0,0.263,32,5874,0,
s21586,ARUSDT,1785193200000,testB,-1,-2.01,0.435,3.49,2.44,5,-0.19,1.3,1.24,1.47,1.32,0,-1.82,neutral,neutral,0,0.159,32,5874,0,
s21587,STXUSDT,1785193200000,testB,-1,-2.53,0.574,4.38,3.42,5,-0.71,2.07,0.75,0.85,1.04,0,-1.82,neutral,neutral,0,0.5,32,5874,0,
s21588,GRTUSDT,1785193200000,testB,-1,-2.86,0.714,4.46,3.47,5,-1.04,2.07,1.42,1.8,1.37,0,-1.82,neutral,neutral,0,0.283,32,5874,0,
s21589,AXSUSDT,1785193200000,testB,-1,-2.33,0.417,4.17,3.1,5,-0.5,1.87,2.34,2.66,1.76,0,-1.82,neutral,neutral,0,0.154,32,5874,0,
s21590,APEUSDT,1785193200000,testB,-1,-4.12,0.542,6.59,5.85,3.62,-2.3,2.82,1.6,3.41,3.29,0,-1.82,neutral,neutral,0,-0.701,32,5874,0,
s21591,XPLUSDT,1785194100000,train,-1,-4.14,0.48,6.97,5.99,5,-2.41,2.87,1.44,1.61,1.24,0,-1.73,neutral,neutral,0,-0.073,32,5876,0,
s21592,STBLUSDT,1785194100000,train,-1,-2.71,0.403,5.25,3.19,5,-0.97,1.59,0.73,0.93,0.82,0,-1.73,neutral,neutral,0,0.07,32,5876,1,
s21593,WLDUSDT,1785194100000,train,-1,-4.4,0.676,6.2,5.16,5,-2.67,2.88,0.96,1.17,0.98,0,-1.73,neutral,neutral,0,0.292,32,5876,0,
s21594,ENAUSDT,1785194100000,train,-1,-5.81,0.715,6.94,6.74,4.83,-4.08,3.64,1.63,1.92,1.43,0,-1.73,neutral,bajista,0,-0.159,32,5876,8,
s21595,ARBUSDT,1785194100000,train,-1,-2.77,0.495,4.14,2.99,2.42,-1.03,1.53,1.9,1.97,1.44,0,-1.73,neutral,neutral,0,-0.294,32,5876,0,
s21596,OPUSDT,1785194100000,train,-1,-4.49,0.651,6.77,5.05,5,-2.76,2.58,1.6,2.03,1.82,0,-1.73,neutral,neutral,0,-0.091,32,5876,0,
s21597,INJUSDT,1785194100000,train,-1,-2.07,0.649,2.79,2.28,2.82,-0.33,1.0,0.74,1.34,1.24,0,-1.73,neutral,neutral,0,0.269,32,5876,0,
s21598,SUIUSDT,1785194100000,train,-1,-3.07,0.6,4.56,3.4,5,-1.34,1.86,1.45,2.16,1.57,0,-1.73,neutral,neutral,0,0.009,32,5876,0,
s21599,TIAUSDT,1785194100000,train,-1,-4.1,0.607,5.97,4.8,5,-2.37,2.49,1.25,1.3,0.91,0,-1.73,neutral,neutral,0,-0.455,32,5876,1,
s21600,SEIUSDT,1785194100000,train,-1,-5.39,0.774,6.78,6.12,5,-3.65,3.72,3.34,2.92,2.12,1,-1.73,neutral,bajista,0,-0.403,32,5876,7,
s21601,JUPUSDT,1785194100000,train,-1,-2.57,0.387,5.06,3.3,5,-0.84,1.61,1.31,1.5,1.03,0,-1.73,neutral,neutral,0,-0.2,32,5876,0,
s21602,PENDLEUSDT,1785194100000,train,-1,-3.11,0.474,4.49,3.54,5,-1.38,1.71,1.44,1.7,1.29,0,-1.73,neutral,neutral,0,0.249,32,5876,0,
s21603,FETUSDT,1785194100000,train,-1,-3.67,0.426,6.03,4.09,5,-1.94,1.99,2.48,2.87,1.99,0,-1.73,neutral,neutral,0,0.22,32,5875,1,
s21604,STXUSDT,1785194100000,testB,-1,-2.46,0.548,4.37,3.19,5,-0.73,1.63,0.75,0.85,1.04,0,-1.73,neutral,neutral,0,0.651,32,5875,0,
s21605,GRTUSDT,1785194100000,testB,-1,-2.74,0.683,4.45,3.41,5,-1.01,1.78,1.42,1.8,1.37,0,-1.73,neutral,neutral,0,0.288,32,5875,0,
s21606,APEUSDT,1785194100000,testB,-1,-3.88,0.526,6.59,5.99,3.55,-2.15,2.72,1.6,3.41,3.29,0,-1.73,neutral,neutral,0,-0.764,32,5875,1,
s21607,XPLUSDT,1785195000000,train,-1,-4.81,0.518,7.02,6.78,5,-2.81,3.29,1.44,1.61,1.24,0,-2.0,neutral,neutral,0,-0.097,32,5877,1,
s21608,STBLUSDT,1785195000000,train,-1,-2.75,0.406,5.03,3.1,5,-0.75,1.53,0.73,0.93,0.82,0,-2.0,neutral,bajista,0,0.072,32,5877,2,
s21609,WLDUSDT,1785195000000,train,-1,-4.31,0.653,6.19,5.06,5,-2.31,2.54,0.96,1.17,0.98,0,-2.0,neutral,neutral,0,0.321,32,5877,0,
s21610,ENAUSDT,1785195000000,train,-1,-6.32,0.753,7.32,7.18,4.05,-4.32,3.64,1.63,1.92,1.43,0,-2.0,neutral,bajista,0,-0.147,32,5877,8,
s21611,ARBUSDT,1785195000000,train,-1,-3.15,0.527,4.12,3.55,1.78,-1.15,1.93,1.9,1.97,1.44,0,-2.0,neutral,neutral,0,-0.344,32,5877,1,
s21612,OPUSDT,1785195000000,train,-1,-4.71,0.662,6.79,5.41,3.57,-2.72,2.66,1.6,2.03,1.82,0,-2.0,neutral,neutral,0,-0.085,32,5877,1,
s21613,INJUSDT,1785195000000,train,-1,-2.03,0.645,2.7,2.32,1.52,-0.03,1.04,0.74,1.34,1.24,0,-2.0,neutral,neutral,0,0.318,32,5877,1,
s21614,SUIUSDT,1785195000000,train,-1,-3.46,0.628,4.58,3.81,4.9,-1.46,2.07,1.45,2.16,1.57,0,-2.0,neutral,neutral,0,-0.069,32,5877,1,
s21615,TIAUSDT,1785195000000,train,-1,-4.11,0.607,5.98,4.93,2.83,-2.11,2.36,1.25,1.3,0.91,0,-2.0,neutral,bajista,0,-0.412,32,5877,2,
s21616,SEIUSDT,1785195000000,train,-1,-6.04,0.798,7.07,6.83,4.83,-4.04,3.97,3.34,2.92,2.12,1,-2.0,neutral,bajista,0,-0.371,32,5877,8,
s21617,JUPUSDT,1785195000000,train,-1,-3.06,0.429,5.09,3.93,5,-1.06,2.03,1.31,1.5,1.03,0,-2.0,neutral,neutral,0,-0.225,32,5877,1,
s21618,PENDLEUSDT,1785195000000,train,-1,-3.31,0.489,4.51,3.96,4.26,-1.31,1.94,1.44,1.7,1.29,0,-2.0,neutral,neutral,0,0.234,32,5877,1,
s21619,ONDOUSDT,1785195000000,train,-1,-2.57,0.359,3.7,2.76,2.91,-0.57,1.04,0.86,1.26,1.08,0,-2.0,neutral,neutral,0,0.33,32,5876,1,
s21620,FETUSDT,1785195000000,train,-1,-3.88,0.439,5.85,4.24,2.85,-1.88,2.11,2.48,2.87,1.99,0,-2.0,neutral,bajista,0,0.213,32,5876,2,
s21621,ARUSDT,1785195000000,testB,-1,-2.07,0.422,3.5,2.55,4.58,-0.07,1.17,1.24,1.47,1.32,0,-2.0,neutral,neutral,0,0.283,32,5876,1,
s21622,STXUSDT,1785195000000,testB,-1,-2.82,0.582,4.39,3.57,5,-0.82,1.84,0.75,0.85,1.04,0,-2.0,neutral,neutral,0,0.604,32,5876,1,
s21623,GRTUSDT,1785195000000,testB,-1,-2.99,0.701,4.46,3.68,5,-0.99,1.87,1.42,1.8,1.37,0,-2.0,neutral,neutral,0,0.304,32,5876,1,
s21624,AXSUSDT,1785195000000,testB,-1,-2.1,0.36,4.16,2.97,3.87,-0.1,1.42,2.34,2.66,1.76,0,-2.0,neutral,neutral,0,0.4,32,5876,1,
s21625,APEUSDT,1785195000000,testB,-1,-4.07,0.568,6.59,5.99,1.8,-2.07,2.55,1.6,3.41,3.29,0,-2.0,neutral,neutral,0,-0.663,32,5876,0,
s21626,XPLUSDT,1785195900000,train,-1,-5.46,0.595,7.56,7.12,2.49,-3.55,3.26,1.44,1.61,1.24,0,-1.91,neutral,bajista,0,-0.232,32,5878,2,
s21627,STBLUSDT,1785195900000,train,-1,-2.28,0.351,4.76,2.74,1.4,-0.37,1.31,0.73,0.93,0.82,0,-1.91,neutral,neutral,0,0.197,32,5878,0,
s21628,WLDUSDT,1785195900000,train,-1,-4.44,0.691,6.18,4.8,1.55,-2.54,2.14,0.96,1.17,0.98,0,-1.91,neutral,neutral,0,0.35,32,5878,0,
s21629,ENAUSDT,1785195900000,train,-1,-6.77,0.795,7.96,7.53,2.52,-4.86,3.65,1.63,1.92,1.43,0,-1.91,neutral,bajista,0,-0.176,32,5878,8,
s21630,ARBUSDT,1785195900000,train,-1,-3.07,0.508,4.12,3.31,0.75,-1.16,1.58,1.9,1.97,1.44,0,-1.91,neutral,neutral,0,-0.314,32,5878,0,
s21631,OPUSDT,1785195900000,train,-1,-4.7,0.662,6.77,5.17,1.5,-2.8,2.27,1.6,2.03,1.82,0,-1.91,neutral,neutral,0,-0.044,32,5878,0,
s21632,INJUSDT,1785195900000,train,-1,-2.3,0.707,2.79,2.52,1.07,-0.39,1.16,0.74,1.34,1.24,0,-1.91,neutral,bajista,0,0.655,32,5878,2,
s21633,SUIUSDT,1785195900000,train,-1,-3.32,0.591,4.54,3.54,1.53,-1.42,1.7,1.45,2.16,1.57,0,-1.91,neutral,neutral,0,-0.004,32,5878,0,
s21634,TIAUSDT,1785195900000,train,-1,-4.24,0.643,5.96,4.67,1.28,-2.33,2.01,1.25,1.3,0.91,0,-1.91,neutral,neutral,0,-0.368,32,5878,0,
s21635,SEIUSDT,1785195900000,train,-1,-5.99,0.793,7.04,6.42,2.0,-4.09,3.32,3.34,2.92,2.12,1,-1.91,neutral,neutral,0,-0.374,32,5878,0,
s21636,JUPUSDT,1785195900000,train,-1,-3.15,0.45,5.08,3.64,1.8,-1.25,1.64,1.31,1.5,1.03,0,-1.91,neutral,neutral,0,-0.273,32,5878,0,
s21637,PENDLEUSDT,1785195900000,train,-1,-3.3,0.488,4.5,3.71,3.22,-1.39,1.62,1.44,1.7,1.29,0,-1.91,neutral,neutral,0,0.289,32,5878,0,
s21638,ONDOUSDT,1785195900000,train,-1,-2.55,0.356,3.71,2.89,1.51,-0.64,1.09,0.86,1.26,1.08,0,-1.91,neutral,bajista,0,0.342,32,5877,2,
s21639,FETUSDT,1785195900000,train,-1,-4.08,0.459,5.85,4.39,1.15,-2.17,2.06,2.48,2.87,1.99,0,-1.91,neutral,bajista,0,0.254,32,5877,3,
s21640,STXUSDT,1785195900000,testB,-1,-2.89,0.588,4.4,3.73,1.43,-0.99,1.84,0.75,0.85,1.04,0,-1.91,neutral,bajista,0,0.54,32,5877,2,
s21641,GRTUSDT,1785195900000,testB,-1,-2.61,0.594,4.45,3.41,1.83,-0.71,1.5,1.42,1.8,1.37,0,-1.91,neutral,neutral,0,0.365,32,5877,0,
s21642,APEUSDT,1785195900000,testB,-1,-4.12,0.582,6.59,5.85,1.12,-2.22,2.16,1.6,3.41,3.29,0,-1.91,neutral,neutral,0,-0.759,32,5877,0,
s21643,XPLUSDT,1785196800000,train,-1,-5.24,0.558,7.55,6.88,0.92,-3.28,2.74,1.43,1.57,1.22,0,-1.97,neutral,neutral,0,-0.221,32,5879,0,
s21644,STBLUSDT,1785196800000,train,-1,-2.28,0.351,4.75,2.55,0.52,-0.31,1.0,0.7,0.94,0.83,0,-1.97,neutral,neutral,0,0.333,32,5879,0,
s21645,WLDUSDT,1785196800000,train,-1,-4.14,0.675,6.06,4.78,0.62,-2.17,2.02,1.01,1.15,0.97,0,-1.97,neutral,neutral,0,0.397,32,5879,1,
s21646,ENAUSDT,1785196800000,train,-1,-6.54,0.789,7.96,7.6,1.92,-4.57,3.37,1.61,1.95,1.4,0,-1.97,neutral,bajista,0,-0.175,32,5879,8,
s21647,ARBUSDT,1785196800000,train,-1,-2.36,0.376,4.1,2.82,0.66,-0.39,0.98,2.01,1.99,1.47,1,-1.97,neutral,neutral,0,-0.124,32,5879,0,
s21648,OPUSDT,1785196800000,train,-1,-4.28,0.6,6.76,4.93,0.66,-2.31,1.87,1.63,1.8,1.82,0,-1.97,neutral,neutral,0,-0.0,32,5879,0,
s21649,INJUSDT,1785196800000,train,-1,-2.25,0.694,2.96,2.46,1.22,-0.29,1.04,0.9,1.33,1.25,0,-1.97,neutral,neutral,0,0.681,32,5879,0,
s21650,SUIUSDT,1785196800000,train,-1,-3.06,0.561,4.36,3.32,0.67,-1.09,1.5,1.45,1.98,1.55,0,-1.97,neutral,neutral,0,-0.009,32,5879,0,
s21651,TIAUSDT,1785196800000,train,-1,-3.87,0.604,5.86,4.48,0.66,-1.9,1.74,1.32,1.3,0.92,1,-1.97,neutral,neutral,0,-0.384,32,5879,0,
s21652,SEIUSDT,1785196800000,train,-1,-6.09,0.795,7.22,6.7,0.81,-4.12,3.48,3.61,2.98,2.19,1,-1.97,neutral,neutral,0,-0.496,32,5879,1,
s21653,JUPUSDT,1785196800000,train,-1,-3.21,0.455,5.08,3.76,0.55,-1.24,1.6,1.32,1.46,1.03,0,-1.97,neutral,neutral,0,-0.324,32,5879,1,
s21654,PENDLEUSDT,1785196800000,train,-1,-3.95,0.533,4.72,4.37,1.37,-1.99,2.06,1.29,1.73,1.3,0,-1.97,neutral,neutral,0,0.068,32,5879,1,
s21655,FETUSDT,1785196800000,train,-1,-4.09,0.459,5.88,4.83,0.66,-2.13,2.25,2.6,2.97,2.07,0,-1.97,neutral,bajista,0,0.217,32,5878,4,
s21656,STXUSDT,1785196800000,testB,-1,-3.54,0.671,4.64,4.27,0.94,-1.57,2.15,0.78,0.86,0.95,0,-1.97,neutral,bajista,0,0.386,32,5878,3,
s21657,GRTUSDT,1785196800000,testB,-1,-3.0,0.627,4.47,3.81,0.53,-1.03,1.7,1.52,1.86,1.41,0,-1.97,neutral,neutral,0,0.345,32,5878,1,
s21658,AXSUSDT,1785196800000,testB,-1,-2.32,0.385,4.16,2.85,0.4,-0.35,1.11,2.22,2.69,1.77,0,-1.97,neutral,neutral,0,0.375,32,5878,1,
s21659,APEUSDT,1785196800000,testB,-1,-4.61,0.706,6.58,5.7,0.83,-2.64,1.79,1.6,2.95,3.34,0,-1.97,neutral,neutral,0,-0.6,32,5878,0,
s21660,XPLUSDT,1785197700000,train,-1,-6.0,0.709,7.49,6.41,0.73,-3.97,2.11,1.43,1.57,1.22,0,-2.03,bear,neutral,0,-0.159,32,5880,0,
s21661,WLDUSDT,1785197700000,train,-1,-4.85,0.814,6.08,5.1,0.65,-2.82,2.1,1.01,1.15,0.97,0,-2.03,bear,bajista,0,0.325,32,5880,2,
s21662,ENAUSDT,1785197700000,train,-1,-6.51,0.789,7.92,7.01,1.58,-4.48,2.59,1.61,1.95,1.4,0,-2.03,bear,neutral,0,-0.119,32,5880,0,
s21663,ARBUSDT,1785197700000,train,-1,-2.58,0.428,4.09,2.67,0.61,-0.55,0.74,2.01,1.99,1.47,1,-2.03,bear,neutral,0,-0.048,32,5880,0,
s21664,OPUSDT,1785197700000,train,-1,-4.37,0.625,6.74,4.57,0.48,-2.34,1.37,1.63,1.8,1.82,0,-2.03,bear,neutral,0,0.05,32,5880,0,
s21665,INJUSDT,1785197700000,train,-1,-2.25,0.694,2.96,2.35,1.43,-0.22,0.82,0.9,1.33,1.25,0,-2.03,bear,neutral,0,0.739,32,5880,0,
s21666,SUIUSDT,1785197700000,train,-1,-3.13,0.582,4.36,3.23,0.57,-1.1,1.28,1.45,1.98,1.55,0,-2.03,bear,neutral,0,0.014,32,5880,0,
s21667,TIAUSDT,1785197700000,train,-1,-3.97,0.634,5.85,4.16,0.68,-1.94,1.29,1.32,1.3,0.92,1,-2.03,bear,neutral,0,-0.412,32,5880,0,
s21668,SEIUSDT,1785197700000,train,-1,-5.56,0.681,7.17,5.94,0.75,-3.53,2.53,3.61,2.98,2.19,1,-2.03,bear,neutral,0,-0.492,32,5880,0,
s21669,JUPUSDT,1785197700000,train,-1,-3.41,0.5,5.07,3.53,0.53,-1.38,1.24,1.32,1.46,1.03,0,-2.03,bear,neutral,0,-0.234,32,5880,0,
s21670,PENDLEUSDT,1785197700000,train,-1,-4.51,0.601,4.99,4.74,1.04,-2.49,2.16,1.29,1.73,1.3,0,-2.03,bear,bajista,0,0.168,32,5880,2,
s21671,ONDOUSDT,1785197700000,train,-1,-2.96,0.455,3.64,3.08,0.88,-0.94,1.23,0.88,1.25,1.1,0,-2.03,bear,neutral,0,0.355,32,5879,1,
s21672,FETUSDT,1785197700000,train,-1,-4.34,0.504,5.8,4.54,0.63,-2.31,1.84,2.6,2.97,2.07,0,-2.03,bear,neutral,0,0.4,32,5879,0,
s21673,ARUSDT,1785197700000,testB,-1,-2.01,0.416,3.49,2.33,1.41,0.02,0.75,1.41,1.55,1.35,0,-2.03,bear,neutral,0,0.429,32,5879,0,
s21674,STXUSDT,1785197700000,testB,-1,-3.39,0.627,4.63,3.88,0.82,-1.36,1.62,0.78,0.86,0.95,0,-2.03,bear,neutral,0,0.385,32,5879,0,
s21675,GRTUSDT,1785197700000,testB,-1,-3.37,0.726,4.48,3.95,0.67,-1.34,1.66,1.52,1.86,1.41,0,-2.03,bear,bajista,0,0.3,32,5879,2,
s21676,SANDUSDT,1785197700000,testB,-1,-2.52,0.438,3.88,2.93,1.76,-0.49,1.09,1.65,1.87,1.35,0,-2.03,bear,neutral,0,0.803,32,5879,1,
s21677,AXSUSDT,1785197700000,testB,-1,-2.2,0.358,4.15,2.61,0.34,-0.17,0.81,2.22,2.69,1.77,0,-2.03,bear,neutral,0,0.364,32,5879,0,
s21678,APEUSDT,1785197700000,testB,-1,-5.1,0.816,6.18,5.44,0.72,-3.07,1.77,1.6,2.95,3.34,0,-2.03,bear,neutral,0,-0.642,32,5879,1,
s21679,XPLUSDT,1785198600000,train,-1,-4.77,0.638,6.54,5.34,0.68,-2.71,1.86,1.43,1.57,1.22,0,-2.07,bear,neutral,0,-0.257,32,5881,0,
s21680,WLDUSDT,1785198600000,train,-1,-3.94,0.677,5.84,4.47,0.61,-1.87,1.6,1.01,1.15,0.97,0,-2.07,bear,neutral,0,0.438,32,5881,0,
s21681,ENAUSDT,1785198600000,train,-1,-5.2,0.718,6.95,5.9,1.28,-3.14,2.24,1.61,1.95,1.4,0,-2.07,bear,neutral,0,-0.174,32,5881,0,
s21682,ARBUSDT,1785198600000,train,-1,-2.46,0.416,4.01,2.78,0.51,-0.39,0.86,2.01,1.99,1.47,1,-2.07,bear,neutral,0,-0.14,32,5881,1,
s21683,OPUSDT,1785198600000,train,-1,-3.95,0.6,6.39,4.22,0.47,-1.88,1.27,1.63,1.8,1.82,0,-2.07,bear,neutral,0,0.081,32,5881,0,
s21684,INJUSDT,1785198600000,train,-1,-2.1,0.678,2.74,2.48,1.54,-0.03,1.08,0.9,1.33,1.25,0,-2.07,bear,neutral,0,0.778,32,5881,1,
s21685,SUIUSDT,1785198600000,train,-1,-2.77,0.551,4.17,3.07,0.43,-0.7,1.2,1.45,1.98,1.55,0,-2.07,bear,neutral,0,-0.01,32,5881,1,
s21686,TIAUSDT,1785198600000,train,-1,-3.3,0.519,5.79,3.72,0.64,-1.24,0.86,1.32,1.3,0.92,1,-2.07,bear,neutral,0,-0.328,32,5881,0,
s21687,SEIUSDT,1785198600000,train,-1,-5.4,0.674,7.08,5.92,0.54,-3.33,2.4,3.61,2.98,2.19,1,-2.07,bear,neutral,0,-0.506,32,5881,1,
s21688,JUPUSDT,1785198600000,train,-1,-3.21,0.484,5.02,3.59,0.48,-1.14,1.28,1.32,1.46,1.03,0,-2.07,bear,neutral,0,-0.262,32,5881,1,
s21689,PENDLEUSDT,1785198600000,train,-1,-3.95,0.542,4.85,4.35,1.02,-1.88,1.84,1.29,1.73,1.3,0,-2.07,bear,neutral,0,0.183,32,5881,0,
s21690,ONDOUSDT,1785198600000,train,-1,-2.86,0.444,3.51,3.46,0.95,-0.79,1.62,0.88,1.25,1.1,0,-2.07,bear,bajista,0,0.081,32,5880,2,
s21691,FETUSDT,1785198600000,train,-1,-4.56,0.515,5.7,5.13,0.62,-2.5,2.3,2.6,2.97,2.07,0,-2.07,bear,neutral,0,-0.055,32,5880,1,
s21692,STXUSDT,1785198600000,testB,-1,-3.17,0.564,4.61,3.57,0.91,-1.1,1.19,0.78,0.86,0.95,0,-2.07,bear,neutral,0,0.583,32,5880,0,
s21693,GRTUSDT,1785198600000,testB,-1,-3.44,0.73,4.48,4.02,0.68,-1.37,1.55,1.52,1.86,1.41,0,-2.07,bear,bajista,0,0.262,32,5880,3,
s21694,SANDUSDT,1785198600000,testB,-1,-2.35,0.419,3.88,3.05,1.49,-0.28,1.08,1.65,1.87,1.35,0,-2.07,bear,bajista,0,0.697,32,5880,2,
s21695,APEUSDT,1785198600000,testB,-1,-3.66,0.564,5.73,4.13,0.73,-1.59,0.85,1.6,2.95,3.34,0,-2.07,bear,neutral,0,-0.597,32,5880,0,
s21696,XPLUSDT,1785199500000,train,-1,-4.78,0.64,6.29,5.02,0.48,-2.49,1.62,1.43,1.57,1.22,0,-2.29,bear,neutral,0,-0.353,32,5882,0,
s21697,PUMPUSDT,1785199500000,train,-1,-4.46,0.356,6.37,6.23,0.88,-2.17,2.66,1.42,2.02,1.94,0,-2.29,bear,bajista,0,-0.148,32,5882,4,
s21698,STBLUSDT,1785199500000,train,-1,-2.32,0.356,4.76,2.74,0.38,-0.03,0.88,0.7,0.94,0.83,0,-2.29,bear,neutral,0,-1.0,30,5882,1,
s21699,0GUSDT,1785199500000,train,-1,-3.86,0.365,5.73,5.27,2.45,-1.57,2.64,1.74,1.79,1.21,0,-2.29,bear,bajista,0,-1.0,10,5882,4,
s21700,WLDUSDT,1785199500000,train,-1,-4.25,0.729,5.85,4.66,0.65,-1.96,1.56,1.01,1.15,0.97,0,-2.29,bear,neutral,0,0.428,32,5882,1,
s21701,ENAUSDT,1785199500000,train,-1,-5.91,0.82,6.97,6.3,0.65,-3.62,2.33,1.61,1.95,1.4,0,-2.29,bear,neutral,0,-0.212,32,5882,1,
s21702,ARBUSDT,1785199500000,train,-1,-2.72,0.474,4.01,2.83,0.51,-0.43,0.79,2.01,1.99,1.47,1,-2.29,bear,bajista,0,-0.142,32,5882,2,
s21703,OPUSDT,1785199500000,train,-1,-3.84,0.574,6.27,3.99,0.44,-1.55,1.02,1.63,1.8,1.82,0,-2.29,bear,neutral,0,0.143,32,5882,0,
s21704,INJUSDT,1785199500000,train,-1,-2.34,0.825,2.74,2.46,1.39,-0.05,0.95,0.9,1.33,1.25,0,-2.29,bear,neutral,0,0.784,32,5882,0,
s21705,SUIUSDT,1785199500000,train,-1,-3.04,0.61,4.17,3.19,0.41,-0.75,1.16,1.45,1.98,1.55,0,-2.29,bear,bajista,0,-0.055,32,5882,2,
s21706,TIAUSDT,1785199500000,train,-1,-3.5,0.569,5.79,3.72,0.56,-1.21,0.74,1.32,1.3,0.92,1,-2.29,bear,neutral,0,-0.27,32,5882,0,
s21707,SEIUSDT,1785199500000,train,-1,-5.7,0.706,7.1,6.14,0.48,-3.41,2.31,3.61,2.98,2.19,1,-2.29,bear,bajista,0,-0.477,32,5882,2,
s21708,JUPUSDT,1785199500000,train,-1,-3.84,0.562,5.04,4.05,0.43,-1.55,1.54,1.32,1.46,1.03,0,-2.29,bear,bajista,0,-0.356,32,5882,2,
s21709,PENDLEUSDT,1785199500000,train,-1,-3.3,0.494,4.57,4.06,0.9,-1.01,1.65,1.29,1.73,1.3,0,-2.29,bear,neutral,0,0.301,32,5882,0,
s21710,ONDOUSDT,1785199500000,train,-1,-3.42,0.531,3.72,3.62,1.22,-1.13,1.68,0.88,1.25,1.1,0,-2.29,bear,bajista,0,-0.043,32,5881,3,
s21711,FETUSDT,1785199500000,train,-1,-4.83,0.537,5.71,5.36,0.63,-2.54,2.22,2.6,2.97,2.07,0,-2.29,bear,bajista,0,-0.053,32,5881,2,
s21712,ARUSDT,1785199500000,testB,-1,-2.44,0.506,3.5,2.78,1.36,-0.15,1.0,1.41,1.55,1.35,0,-2.29,bear,bajista,0,0.16,32,5881,2,
s21713,STXUSDT,1785199500000,testB,-1,-3.46,0.6,4.62,3.8,0.93,-1.17,1.3,0.78,0.86,0.95,0,-2.29,bear,neutral,0,0.471,32,5881,1,
s21714,GRTUSDT,1785199500000,testB,-1,-4.12,0.867,4.5,4.43,0.83,-1.83,1.75,1.52,1.86,1.41,0,-2.29,bear,bajista,0,0.119,32,5881,4,
s21715,SANDUSDT,1785199500000,testB,-1,-3.03,0.556,3.89,3.36,1.59,-0.74,1.29,1.65,1.87,1.35,0,-2.29,bear,bajista,0,0.579,32,5881,3,
s21716,AXSUSDT,1785199500000,testB,-1,-2.31,0.455,4.15,2.61,0.32,-0.02,0.71,2.22,2.69,1.77,0,-2.29,bear,neutral,0,0.318,32,5881,0,
s21717,APEUSDT,1785199500000,testB,-1,-4.87,0.655,5.8,5.32,0.8,-2.58,1.88,1.6,2.95,3.34,0,-2.29,bear,neutral,0,-0.684,32,5881,1,
s21718,XPLUSDT,1785200400000,train,-1,-5.37,0.666,6.18,5.67,0.68,-2.74,2.38,1.61,1.55,1.26,1,-2.63,bear,neutral,0,-0.351,32,5883,1,
s21719,PUMPUSDT,1785200400000,train,-1,-4.74,0.392,6.77,5.56,1.21,-2.11,1.96,1.41,1.87,1.97,0,-2.63,bear,neutral,0,0.235,32,5883,0,
s21720,STBLUSDT,1785200400000,train,-1,-2.37,0.36,4.77,2.92,0.4,0.26,0.93,0.71,0.93,0.79,0,-2.63,bear,bajista,0,-1.0,29,5883,2,
s21721,WLDUSDT,1785200400000,train,-1,-4.19,0.711,5.66,4.38,0.72,-1.56,1.39,1.08,1.1,0.97,0,-2.63,bear,neutral,0,0.629,32,5883,0,
s21722,ENAUSDT,1785200400000,train,-1,-5.64,0.812,6.69,6.01,0.59,-3.01,2.25,1.64,1.65,1.39,0,-2.63,bear,bajista,0,-0.218,32,5883,2,
s21723,ARBUSDT,1785200400000,train,-1,-2.7,0.471,3.96,2.87,0.36,-0.06,0.85,2.07,1.94,1.47,1,-2.63,bear,bajista,0,-0.063,32,5883,3,
s21724,OPUSDT,1785200400000,train,-1,-4.17,0.594,6.19,4.35,0.57,-1.54,1.39,1.79,1.81,1.85,0,-2.63,bear,neutral,0,0.079,32,5883,1,
s21725,INJUSDT,1785200400000,train,-1,-2.04,0.803,2.61,2.16,0.97,0.59,0.88,1.03,1.31,1.28,0,-2.63,bear,neutral,0,0.902,32,5883,1,
s21726,SUIUSDT,1785200400000,train,-1,-3.15,0.619,4.25,3.31,0.54,-0.52,1.18,1.63,1.87,1.57,0,-2.63,bear,bajista,0,-0.049,32,5883,3,
s21727,TIAUSDT,1785200400000,train,-1,-3.89,0.595,5.64,4.01,0.6,-1.25,1.14,1.41,1.27,0.94,1,-2.63,bear,neutral,0,-0.29,32,5883,1,
s21728,SEIUSDT,1785200400000,train,-1,-5.84,0.71,7.09,6.21,0.35,-3.21,2.3,3.85,3.01,2.23,1,-2.63,bear,bajista,0,-0.519,32,5883,3,
s21729,JUPUSDT,1785200400000,train,-1,-3.68,0.535,4.93,3.82,0.56,-1.05,1.36,1.42,1.42,1.07,1,-2.63,bear,neutral,0,-0.348,32,5883,0,
s21730,PENDLEUSDT,1785200400000,train,-1,-3.82,0.616,4.95,4.07,0.91,-1.19,1.56,1.45,1.77,1.33,0,-2.63,bear,neutral,0,0.229,32,5883,1,
s21731,ONDOUSDT,1785200400000,train,-1,-2.53,0.364,4.13,2.68,1.52,0.1,0.97,0.98,1.2,1.1,0,-2.63,bear,neutral,0,0.238,32,5882,0,
s21732,FETUSDT,1785200400000,train,-1,-5.83,0.592,7.12,6.41,0.98,-3.2,2.95,3.09,2.93,2.19,1,-2.63,bear,bajista,0,-0.244,32,5882,3,
s21733,ARUSDT,1785200400000,testB,-1,-2.98,0.579,4.02,3.13,0.78,-0.35,1.33,1.67,1.61,1.39,1,-2.63,bear,bajista,0,-0.0,32,5882,3,
s21734,STXUSDT,1785200400000,testB,-1,-3.89,0.628,5.17,4.35,1.12,-1.26,1.67,0.96,0.92,0.94,0,-2.63,bear,bajista,0,-0.466,32,5882,2,
s21735,GRTUSDT,1785200400000,testB,-1,-4.89,0.885,5.95,5.14,2.19,-2.26,2.51,2.1,2.1,1.55,1,-2.63,bear,bajista,0,-0.065,32,5882,5,
s21736,SANDUSDT,1785200400000,testB,-1,-4.13,0.667,5.13,4.31,1.29,-1.5,2.08,2.28,2.15,1.5,1,-2.63,bear,bajista,0,0.223,32,5882,4,
s21737,AXSUSDT,1785200400000,testB,-1,-2.89,0.51,4.17,3.22,0.49,-0.26,1.19,2.4,2.76,1.84,0,-2.63,bear,neutral,0,-0.074,32,5882,1,
s21738,APEUSDT,1785200400000,testB,-1,-5.38,0.689,6.64,5.69,0.82,-2.75,2.17,1.79,2.39,3.41,0,-2.63,bear,bajista,0,-0.738,32,5882,2,
s21739,XPLUSDT,1785201300000,train,-1,-4.49,0.623,5.5,4.89,0.78,-2.14,2.12,1.61,1.55,1.26,1,-2.35,bear,bajista,0,-0.444,32,5884,2,
s21740,WLDUSDT,1785201300000,train,-1,-3.28,0.6,5.04,3.51,0.58,-0.93,0.97,1.08,1.1,0.97,0,-2.35,bear,neutral,0,0.73,32,5884,0,
s21741,ENAUSDT,1785201300000,train,-1,-4.5,0.641,6.19,4.89,0.53,-2.14,1.31,1.64,1.65,1.39,0,-2.35,bear,neutral,0,-0.148,32,5884,0,
s21742,ARBUSDT,1785201300000,train,-1,-2.35,0.437,3.56,2.59,0.4,-0.0,0.83,2.07,1.94,1.47,1,-2.35,bear,bajista,0,-0.12,32,5884,4,
s21743,OPUSDT,1785201300000,train,-1,-3.41,0.477,5.93,3.65,0.56,-1.06,0.79,1.79,1.81,1.85,0,-2.35,bear,neutral,0,0.188,32,5884,0,
s21744,SUIUSDT,1785201300000,train,-1,-2.63,0.529,4.14,3.0,0.61,-0.28,0.83,1.63,1.87,1.57,0,-2.35,bear,neutral,0,-0.069,32,5884,0,
s21745,TIAUSDT,1785201300000,train,-1,-2.85,0.462,5.07,3.11,0.52,-0.5,0.69,1.41,1.27,0.94,1,-2.35,bear,neutral,0,-0.304,32,5884,0,
s21746,SEIUSDT,1785201300000,train,-1,-4.95,0.603,6.75,5.42,0.32,-2.59,1.65,3.85,3.01,2.23,1,-2.35,bear,neutral,0,-0.5,32,5884,0,
s21747,JUPUSDT,1785201300000,train,-1,-2.57,0.364,4.62,2.86,0.59,-0.22,0.59,1.42,1.42,1.07,1,-2.35,bear,neutral,0,-0.308,32,5884,0,
s21748,PENDLEUSDT,1785201300000,train,-1,-2.95,0.462,4.92,3.51,0.94,-0.6,0.87,1.45,1.77,1.33,0,-2.35,bear,neutral,0,0.454,32,5884,0,
s21749,FETUSDT,1785201300000,train,-1,-5.12,0.528,6.81,5.82,1.0,-2.77,2.36,3.09,2.93,2.19,1,-2.35,bear,neutral,0,-0.012,32,5883,0,
s21750,ARUSDT,1785201300000,testB,-1,-2.23,0.423,3.56,2.22,0.9,0.12,0.78,1.67,1.61,1.39,1,-2.35,bear,neutral,0,0.2,32,5883,0,
s21751,STXUSDT,1785201300000,testB,-1,-3.39,0.505,4.85,3.5,1.3,-1.04,1.06,0.96,0.92,0.94,0,-2.35,bear,neutral,0,-0.085,32,5883,0,
s21752,GRTUSDT,1785201300000,testB,-1,-4.21,0.75,5.79,4.59,2.03,-1.86,1.92,2.1,2.1,1.55,1,-2.35,bear,neutral,0,-0.029,32,5883,0,
s21753,SANDUSDT,1785201300000,testB,-1,-3.63,0.636,4.87,4.07,1.3,-1.28,1.86,2.28,2.15,1.5,1,-2.35,bear,neutral,0,0.236,32,5883,0,
s21754,AXSUSDT,1785201300000,testB,-1,-2.67,0.469,4.17,3.1,0.57,-0.31,0.91,2.4,2.76,1.84,0,-2.35,bear,neutral,0,-0.038,32,5883,0,
s21755,APEUSDT,1785201300000,testB,-1,-3.73,0.433,6.02,3.81,1.04,-1.38,0.74,1.79,2.39,3.41,0,-2.35,bear,neutral,0,-1.0,24,5883,0,
s21756,XPLUSDT,1785202200000,train,-1,-4.55,0.637,5.5,4.84,0.77,-2.03,1.89,1.61,1.55,1.26,1,-2.52,bear,neutral,0,-0.501,32,5885,0,
s21757,PUMPUSDT,1785202200000,train,-1,-4.71,0.436,6.59,5.62,1.06,-2.19,1.86,1.41,1.87,1.97,0,-2.52,bear,neutral,0,0.181,32,5885,1,
s21758,STBLUSDT,1785202200000,train,-1,-2.59,0.376,4.77,3.02,0.31,-0.07,0.88,0.71,0.93,0.79,0,-2.52,bear,neutral,0,-1.0,27,5885,1,
s21759,WLDUSDT,1785202200000,train,-1,-3.55,0.619,5.06,3.89,0.5,-1.03,1.22,1.08,1.1,0.97,0,-2.52,bear,neutral,0,0.535,32,5885,1,
s21760,ENAUSDT,1785202200000,train,-1,-4.63,0.648,5.95,4.9,0.51,-2.11,1.46,1.64,1.65,1.39,0,-2.52,bear,neutral,0,-0.274,32,5885,1,
s21761,ARBUSDT,1785202200000,train,-1,-2.57,0.48,3.52,2.63,0.45,-0.04,0.86,2.07,1.94,1.47,1,-2.52,bear,bajista,0,-0.291,32,5885,5,
s21762,OPUSDT,1785202200000,train,-1,-3.85,0.507,5.84,4.01,0.56,-1.33,1.13,1.79,1.81,1.85,0,-2.52,bear,neutral,0,0.029,32,5885,1,
s21763,SUIUSDT,1785202200000,train,-1,-3.03,0.609,4.09,3.15,0.61,-0.5,0.95,1.63,1.87,1.57,0,-2.52,bear,neutral,0,-0.154,32,5885,1,
s21764,TIAUSDT,1785202200000,train,-1,-2.59,0.433,4.82,2.84,0.5,-0.07,0.62,1.41,1.27,0.94,1,-2.52,bear,neutral,0,-0.441,32,5885,0,
s21765,SEIUSDT,1785202200000,train,-1,-5.25,0.642,6.71,5.54,0.35,-2.73,1.66,3.85,3.01,2.23,1,-2.52,bear,neutral,0,-0.464,32,5885,1,
s21766,JUPUSDT,1785202200000,train,-1,-3.05,0.422,4.58,3.15,0.64,-0.53,0.86,1.42,1.42,1.07,1,-2.52,bear,neutral,0,-0.404,32,5885,1,
s21767,FETUSDT,1785202200000,train,-1,-5.91,0.603,6.85,6.35,0.98,-3.38,2.59,3.09,2.93,2.19,1,-2.52,bear,neutral,0,-0.18,32,5884,1,
s21768,ARUSDT,1785202200000,testB,-1,-2.23,0.423,3.51,2.34,0.93,0.29,0.88,1.67,1.61,1.39,1,-2.52,bear,neutral,0,0.024,32,5884,1,
s21769,STXUSDT,1785202200000,testB,-1,-3.39,0.505,4.78,3.66,1.18,-0.87,1.17,0.96,0.92,0.94,0,-2.52,bear,neutral,0,-0.184,32,5884,1,
s21770,GRTUSDT,1785202200000,testB,-1,-4.53,0.763,5.67,4.81,1.88,-2.0,2.08,2.1,2.1,1.55,1,-2.52,bear,neutral,0,-0.111,32,5884,1,
s21771,SANDUSDT,1785202200000,testB,-1,-4.66,0.726,5.27,5.03,1.48,-2.14,2.56,2.28,2.15,1.5,1,-2.52,bear,neutral,0,-0.047,32,5884,1,
s21772,AXSUSDT,1785202200000,testB,-1,-3.01,0.542,4.17,3.22,0.6,-0.48,1.01,2.4,2.76,1.84,0,-2.52,bear,neutral,0,-0.074,32,5884,1,
s21773,APEUSDT,1785202200000,testB,-1,-3.1,0.364,5.67,3.2,0.93,-0.58,0.45,1.79,2.39,3.41,0,-2.52,bear,neutral,0,-1.0,22,5884,0,
s21774,XPLUSDT,1785203100000,train,-1,-4.78,0.648,5.45,5.07,0.76,-2.32,1.93,1.61,1.55,1.26,1,-2.46,bear,neutral,0,-0.5,32,5886,1,
s21775,PUMPUSDT,1785203100000,train,-1,-4.92,0.467,6.44,5.37,0.92,-2.46,1.73,1.41,1.87,1.97,0,-2.46,bear,neutral,0,0.306,32,5886,0,
s21776,STBLUSDT,1785203100000,train,-1,-2.37,0.355,4.77,3.06,0.34,0.09,0.82,0.71,0.93,0.79,0,-2.46,bear,bajista,0,-1.0,26,5886,2,
s21777,WLDUSDT,1785203100000,train,-1,-4.11,0.653,4.87,4.29,0.44,-1.65,1.63,1.08,1.1,0.97,0,-2.46,bear,bajista,0,0.331,32,5886,2,
s21778,ENAUSDT,1785203100000,train,-1,-4.26,0.611,5.61,4.46,0.39,-1.8,1.19,1.64,1.65,1.39,0,-2.46,bear,neutral,0,-0.358,32,5886,0,
s21779,ARBUSDT,1785203100000,train,-1,-2.23,0.44,3.19,2.28,0.4,0.23,0.74,2.07,1.94,1.47,1,-2.46,bear,neutral,0,-0.239,32,5886,0,
s21780,OPUSDT,1785203100000,train,-1,-3.87,0.507,5.63,4.14,0.58,-1.41,1.31,1.79,1.81,1.85,0,-2.46,bear,bajista,0,-0.222,32,5886,2,
s21781,SUIUSDT,1785203100000,train,-1,-3.13,0.617,4.05,3.24,0.61,-0.67,0.98,1.63,1.87,1.57,0,-2.46,bear,bajista,0,-0.164,32,5886,2,
s21782,TIAUSDT,1785203100000,train,-1,-2.88,0.464,4.71,3.0,0.46,-0.42,0.8,1.41,1.27,0.94,1,-2.46,bear,neutral,0,-0.459,32,5886,1,
s21783,SEIUSDT,1785203100000,train,-1,-4.9,0.588,6.57,5.15,0.4,-2.44,1.26,3.85,3.01,2.23,1,-2.46,bear,neutral,0,-0.488,32,5886,0,
s21784,JUPUSDT,1785203100000,train,-1,-3.16,0.431,4.53,3.26,0.61,-0.7,0.92,1.42,1.42,1.07,1,-2.46,bear,bajista,0,-0.373,32,5886,2,
s21785,PENDLEUSDT,1785203100000,train,-1,-3.21,0.439,4.91,3.33,1.02,-0.74,0.61,1.45,1.77,1.33,0,-2.46,bear,neutral,0,0.511,32,5886,1,
s21786,FETUSDT,1785203100000,train,-1,-5.51,0.562,6.55,5.84,0.94,-3.05,2.17,3.09,2.93,2.19,1,-2.46,bear,neutral,0,-0.024,32,5885,0,
s21787,ARUSDT,1785203100000,testB,-1,-2.29,0.437,3.51,2.34,0.93,0.17,0.81,1.67,1.61,1.39,1,-2.46,bear,neutral,0,0.095,32,5885,0,
s21788,STXUSDT,1785203100000,testB,-1,-3.75,0.542,4.72,3.9,1.18,-1.29,1.32,0.96,0.92,0.94,0,-2.46,bear,bajista,0,-0.212,32,5885,2,
s21789,GRTUSDT,1785203100000,testB,-1,-4.59,0.766,5.55,4.81,1.81,-2.13,1.98,2.1,2.1,1.55,1,-2.46,bear,bajista,0,-0.125,32,5885,2,
s21790,LDOUSDT,1785203100000,testB,-1,-2.87,0.438,3.96,3.83,1.05,-0.41,1.73,1.14,1.51,1.48,0,-2.46,bear,neutral,0,-0.621,32,5885,1,
s21791,SANDUSDT,1785203100000,testB,-1,-5.24,0.774,5.82,5.56,1.62,-2.78,2.78,2.28,2.15,1.5,1,-2.46,bear,bajista,0,-0.124,32,5885,2,
s21792,AXSUSDT,1785203100000,testB,-1,-3.12,0.551,4.18,3.34,0.57,-0.66,1.02,2.4,2.76,1.84,0,-2.46,bear,bajista,0,-0.0,32,5885,2,
s21793,XPLUSDT,1785204000000,train,-1,-4.12,0.526,5.42,4.46,0.44,-1.85,1.08,1.69,1.34,1.26,1,-2.27,bear,neutral,0,-0.364,32,5887,0,
s21794,PUMPUSDT,1785204000000,train,-1,-4.18,0.425,5.47,4.46,0.48,-1.91,1.45,1.46,1.61,2.0,0,-2.27,bear,neutral,0,0.467,32,5887,1,
s21795,WLDUSDT,1785204000000,train,-1,-3.62,0.581,5.2,4.03,0.53,-1.35,1.19,1.17,0.91,0.98,0,-2.27,bear,neutral,0,0.458,32,5887,0,
s21796,ENAUSDT,1785204000000,train,-1,-2.97,0.455,4.79,3.23,0.35,-0.7,0.62,1.66,1.41,1.37,1,-2.27,bear,neutral,0,-0.257,32,5887,0,
s21797,OPUSDT,1785204000000,train,-1,-2.79,0.397,4.59,2.87,0.32,-0.52,0.94,1.84,1.39,1.86,0,-2.27,bear,neutral,0,-0.32,32,5887,0,
s21798,SUIUSDT,1785204000000,train,-1,-2.57,0.486,3.93,2.73,0.46,-0.31,0.49,1.74,1.39,1.56,0,-2.27,bear,neutral,0,-0.027,32,5887,0,
s21799,SEIUSDT,1785204000000,train,-1,-3.94,0.453,6.36,4.27,0.34,-1.67,0.46,4.03,2.62,2.26,1,-2.27,bear,neutral,0,-0.326,32,5887,0,
s21800,FETUSDT,1785204000000,train,-1,-5.14,0.543,6.06,5.56,0.42,-2.88,2.09,3.21,2.69,2.23,1,-2.27,bear,neutral,0,-0.103,32,5886,1,
s21801,STXUSDT,1785204000000,testB,-1,-3.26,0.495,4.34,3.45,0.61,-0.99,1.12,1.01,0.77,0.92,0,-2.27,bear,neutral,0,-0.348,32,5886,0,
s21802,GRTUSDT,1785204000000,testB,-1,-3.52,0.567,5.18,3.78,0.43,-1.26,1.16,2.16,1.6,1.53,1,-2.27,bear,neutral,0,-0.053,32,5886,0,
s21803,SANDUSDT,1785204000000,testB,-1,-4.36,0.617,5.73,4.86,0.78,-2.09,1.91,2.38,1.74,1.52,1,-2.27,bear,neutral,0,-0.01,32,5886,0,
s21804,AXSUSDT,1785204000000,testB,-1,-2.78,0.522,3.82,2.98,0.34,-0.52,0.91,2.48,2.12,1.88,1,-2.27,bear,neutral,0,-0.04,32,5886,0,
s21805,XPLUSDT,1785204900000,train,-1,-3.78,0.484,5.41,4.29,0.34,-1.66,0.84,1.69,1.34,1.26,1,-2.13,bear,neutral,0,-0.407,32,5888,0,
s21806,STBLUSDT,1785204900000,train,-1,-2.37,0.351,4.68,2.88,0.65,-0.24,0.62,0.89,0.83,0.78,1,-2.13,bear,neutral,0,-1.0,24,5888,1,
s21807,WLDUSDT,1785204900000,train,-1,-3.21,0.495,5.12,3.62,0.48,-1.08,0.76,1.17,0.91,0.98,0,-2.13,bear,neutral,0,0.432,32,5888,0,
s21808,ENAUSDT,1785204900000,train,-1,-3.04,0.461,4.63,3.22,0.37,-0.91,0.68,1.66,1.41,1.37,1,-2.13,bear,neutral,0,-0.288,32,5888,1,
s21809,SUIUSDT,1785204900000,train,-1,-2.22,0.432,3.75,2.45,0.36,-0.09,0.38,1.74,1.39,1.56,0,-2.13,bear,neutral,0,0.006,32,5888,0,
s21810,SEIUSDT,1785204900000,train,-1,-3.5,0.412,5.93,3.72,0.31,-1.37,0.33,4.03,2.62,2.26,1,-2.13,bear,neutral,0,-0.323,32,5888,0,
s21811,FETUSDT,1785204900000,train,-1,-3.82,0.406,5.39,4.25,0.39,-1.69,1.37,3.21,2.69,2.23,1,-2.13,bear,neutral,0,-0.0,32,5887,0,
s21812,STXUSDT,1785204900000,testB,-1,-3.12,0.483,4.2,3.37,0.36,-0.99,1.06,1.01,0.77,0.92,0,-2.13,bear,neutral,0,-0.578,32,5887,1,
s21813,GRTUSDT,1785204900000,testB,-1,-3.21,0.532,4.98,3.52,0.34,-1.08,0.99,2.16,1.6,1.53,1,-2.13,bear,neutral,0,-0.057,32,5887,0,
s21814,LDOUSDT,1785204900000,testB,-1,-2.44,0.353,3.95,3.58,1.1,-0.31,1.47,1.22,1.17,1.49,0,-2.13,bear,neutral,0,-0.64,32,5887,1,
s21815,SANDUSDT,1785204900000,testB,-1,-4.1,0.562,5.62,4.42,0.65,-1.98,1.46,2.38,1.74,1.52,1,-2.13,bear,neutral,0,0.053,32,5887,0,
s21816,AXSUSDT,1785204900000,testB,-1,-2.21,0.422,3.57,2.5,0.25,-0.08,0.64,2.48,2.12,1.88,1,-2.13,bear,neutral,0,-0.048,32,5887,0,
s21817,XPLUSDT,1785205800000,train,-1,-3.1,0.432,4.5,3.4,0.34,-1.41,0.78,1.69,1.34,1.26,1,-1.69,neutral,neutral,0,-0.465,32,5889,0,
s21818,PUMPUSDT,1785205800000,train,-1,-4.42,0.431,5.07,4.82,0.59,-2.73,2.74,1.46,1.61,2.0,0,-1.69,neutral,neutral,0,0.071,32,5889,1,
s21819,WLDUSDT,1785205800000,train,-1,-2.81,0.461,4.16,3.02,0.49,-1.12,1.02,1.17,0.91,0.98,0,-1.69,neutral,neutral,0,0.296,32,5889,1,
s21820,ENAUSDT,1785205800000,train,-1,-2.47,0.409,3.79,2.55,0.32,-0.79,0.73,1.66,1.41,1.37,1,-1.69,neutral,bajista,0,-0.441,32,5889,2,
s21821,STXUSDT,1785205800000,testB,-1,-2.49,0.425,3.38,2.7,0.33,-0.8,1.1,1.01,0.77,0.92,0,-1.69,neutral,bajista,0,-1.0,26,5888,2,
s21822,GRTUSDT,1785205800000,testB,-1,-2.27,0.432,3.91,2.39,0.29,-0.58,0.83,2.16,1.6,1.53,1,-1.69,neutral,neutral,0,-0.083,32,5888,0,
s21823,SANDUSDT,1785205800000,testB,-1,-3.73,0.536,4.59,3.88,0.5,-2.04,1.78,2.38,1.74,1.52,1,-1.69,neutral,neutral,0,-0.061,32,5888,1,
s21824,SANDUSDT,1785206700000,testB,-1,-2.24,0.406,3.69,3.0,0.28,-1.29,1.59,2.38,1.74,1.52,1,-0.95,neutral,bajista,0,-0.079,32,5889,2,
s21825,FETUSDT,1785207600000,train,-1,-2.22,0.41,3.97,2.76,0.49,-1.39,0.78,3.29,2.35,2.29,1,-0.83,neutral,neutral,0,0.282,32,5890,1,
s21826,SANDUSDT,1785207600000,testB,-1,-2.44,0.461,3.68,2.91,0.29,-1.62,1.36,2.51,1.59,1.54,1,-0.83,neutral,neutral,0,0.065,32,5890,0,
s21827,PUMPUSDT,1785208500000,train,-1,-3.87,0.376,5.26,4.52,1.29,-2.96,1.69,1.41,1.49,2.03,0,-0.92,neutral,neutral,0,0.283,32,5892,0,
s21828,SANDUSDT,1785208500000,testB,-1,-2.21,0.4,3.56,2.52,0.31,-1.3,0.88,2.51,1.59,1.54,1,-0.92,neutral,neutral,0,0.056,32,5891,0,
s21829,TIAUSDT,1785209400000,train,1,2.0,0.489,2.27,2.27,0.4,2.53,1.07,1.4,1.03,0.93,1,-0.53,neutral,alcista,0,-0.44,32,5893,2,
s21830,MANAUSDT,1785209400000,testB,1,3.44,0.359,5.22,4.85,0.94,3.97,1.78,3.06,2.27,1.99,1,-0.53,neutral,alcista,0,-0.45,32,5892,2,
s21831,PUMPUSDT,1785210300000,train,-1,-3.26,0.35,4.88,3.56,0.84,-2.61,0.74,1.41,1.49,2.03,0,-0.64,neutral,neutral,0,0.699,32,5894,1,
s21832,MANAUSDT,1785210300000,testB,1,3.38,0.35,5.22,4.78,0.79,4.03,1.56,3.06,2.27,1.99,1,-0.64,neutral,neutral,0,-0.433,32,5893,0,
s21833,SEIUSDT,1785211200000,train,1,2.08,0.515,2.95,2.69,0.39,2.62,0.72,2.58,2.46,2.24,1,-0.54,neutral,neutral,0,-0.043,32,5895,0,
s21834,SANDUSDT,1785211200000,testB,-1,-2.21,0.444,3.46,2.47,0.37,-1.67,0.58,2.04,1.53,1.53,1,-0.54,neutral,bajista,0,-0.057,32,5894,2,
s21835,MANAUSDT,1785211200000,testB,1,3.41,0.352,5.21,4.96,0.75,3.95,1.56,3.0,2.41,1.92,1,-0.54,neutral,neutral,0,-0.342,32,5894,1,
s21836,SANDUSDT,1785212100000,testB,-1,-2.22,0.444,3.35,2.53,0.44,-1.56,0.61,2.04,1.53,1.53,1,-0.65,neutral,bajista,0,-0.168,32,5895,3,
s21837,STXUSDT,1785213000000,testB,-1,-2.38,0.667,2.9,2.59,1.05,-1.88,1.28,0.86,0.74,0.9,0,-0.51,neutral,bajista,0,-1.0,18,5896,2,
s21838,SANDUSDT,1785213000000,testB,-1,-2.24,0.447,3.0,2.32,0.45,-1.74,0.72,2.04,1.53,1.53,1,-0.51,neutral,bajista,0,-0.265,32,5896,4,
s21839,APEUSDT,1785213900000,testB,1,2.49,0.374,4.67,3.81,1.3,2.7,1.1,1.55,1.58,3.4,0,-0.2,neutral,alcista,0,-0.121,32,5897,2,
s21840,SEIUSDT,1785214800000,train,1,2.0,0.538,2.57,2.36,0.63,1.62,0.63,1.48,2.45,2.21,0,0.39,neutral,alcista,0,-0.02,32,5899,2,
s21841,MANAUSDT,1785214800000,testB,1,4.76,0.403,5.88,5.08,1.36,4.37,1.72,3.32,2.68,1.99,1,0.39,neutral,alcista,0,-0.351,32,5898,2,
s21842,APEUSDT,1785214800000,testB,1,3.18,0.495,4.2,3.54,1.46,2.79,1.19,1.48,1.56,3.32,0,0.39,neutral,alcista,0,-0.222,32,5898,3,
s21843,PUMPUSDT,1785215700000,train,-1,-2.8,0.382,3.47,3.27,0.63,-3.17,1.2,1.05,1.31,2.02,0,0.37,neutral,neutral,0,-1.0,7,5900,1,
s21844,MANAUSDT,1785215700000,testB,1,4.44,0.388,5.02,4.38,1.12,4.07,1.78,3.32,2.68,1.99,1,0.37,neutral,alcista,0,-0.598,32,5899,3,
s21845,APEUSDT,1785215700000,testB,1,2.01,0.385,3.01,2.49,1.43,1.63,1.08,1.48,1.56,3.32,0,0.37,neutral,alcista,0,-0.184,32,5899,4,
s21846,PUMPUSDT,1785217500000,train,-1,-2.66,0.355,3.78,3.38,0.61,-3.01,1.27,1.05,1.31,2.02,0,0.35,neutral,neutral,0,-1.0,5,5902,1,
s21847,0GUSDT,1785219300000,train,-1,-4.91,0.396,8.06,7.42,1.35,-5.37,3.61,2.22,2.0,1.66,1,0.47,neutral,bajista,0,0.156,32,5904,3,
s21848,0GUSDT,1785220200000,train,-1,-4.59,0.379,8.06,7.48,1.49,-5.3,3.42,2.22,2.0,1.66,1,0.7,neutral,bajista,0,0.186,32,5905,4,
s21849,APEUSDT,1785220200000,testB,1,2.61,0.379,3.0,2.87,0.94,1.91,1.12,1.45,1.55,3.18,0,0.7,neutral,alcista,0,-0.523,32,5904,2,
s21850,0GUSDT,1785221100000,train,-1,-4.43,0.367,8.06,7.42,0.98,-5.16,3.12,2.22,2.0,1.66,1,0.73,neutral,neutral,0,0.172,32,5906,0,
s21851,PUMPUSDT,1785222000000,train,1,3.31,0.416,4.54,4.3,2.53,2.81,2.34,1.18,1.32,2.07,0,0.5,neutral,alcista,0,-1.0,18,5907,5,
s21852,0GUSDT,1785222000000,train,-1,-4.3,0.355,8.0,6.68,0.96,-4.8,2.3,2.0,1.98,1.69,1,0.5,neutral,neutral,0,0.284,32,5907,0,
s21853,APEUSDT,1785222000000,testB,1,3.47,0.426,3.55,3.36,1.57,2.97,1.95,1.56,1.7,3.13,0,0.5,neutral,neutral,0,-1.0,29,5906,1,
s21854,PUMPUSDT,1785222900000,train,1,2.9,0.386,5.49,4.39,2.73,2.45,2.43,1.18,1.32,2.07,0,0.44,neutral,alcista,0,-1.0,17,5908,6,
s21855,0GUSDT,1785222900000,train,-1,-5.17,0.468,7.98,6.37,0.51,-5.62,1.77,2.0,1.98,1.69,1,0.44,neutral,neutral,0,0.279,32,5908,0,
s21856,APEUSDT,1785222900000,testB,1,2.98,0.391,3.67,3.54,1.61,2.54,2.13,1.56,1.7,3.13,0,0.44,neutral,alcista,0,-1.0,28,5907,2,
s21857,0GUSDT,1785223800000,train,-1,-6.43,0.522,8.1,7.92,0.52,-6.64,2.87,2.0,1.98,1.69,1,0.21,neutral,neutral,0,0.007,32,5909,1,
s21858,0GUSDT,1785224700000,train,-1,-5.54,0.461,8.07,7.61,0.54,-5.8,2.42,2.0,1.98,1.69,1,0.26,neutral,neutral,0,0.076,32,5910,0,
s21859,PUMPUSDT,1785225600000,train,1,2.7,0.369,5.5,4.25,1.33,2.55,1.75,1.26,1.38,2.1,0,0.15,neutral,alcista,0,-1.0,14,5911,2,
s21860,0GUSDT,1785225600000,train,-1,-7.04,0.644,7.69,7.58,0.4,-7.19,2.67,1.95,2.01,1.71,0,0.15,neutral,neutral,0,0.077,32,5911,1,
s21861,0GUSDT,1785226500000,train,-1,-7.01,0.642,8.19,7.78,0.45,-7.32,2.72,1.95,2.01,1.71,0,0.3,neutral,bajista,0,0.06,32,5912,2,
s21862,STBLUSDT,1785227400000,train,1,2.28,0.367,4.03,3.37,5,1.95,2.04,0.76,0.83,0.78,0,0.34,neutral,neutral,0,0.195,32,5913,0,
s21863,0GUSDT,1785227400000,train,-1,-5.04,0.526,6.76,5.95,0.41,-5.38,2.12,1.95,2.01,1.71,0,0.34,neutral,neutral,0,0.088,32,5913,0,
s21864,INJUSDT,1785227400000,train,-1,-2.03,0.571,2.6,2.53,3.79,-2.37,1.45,0.68,0.87,1.25,0,0.34,neutral,neutral,0,-0.171,32,5913,1,
s21865,XPLUSDT,1785228300000,train,1,2.29,0.493,2.58,2.57,1.12,2.17,1.22,0.82,1.26,1.29,0,0.12,neutral,alcista,1,2.0,28,5914,2,
s21866,0GUSDT,1785229200000,train,-1,-3.88,0.427,6.12,4.33,0.68,-3.86,1.04,1.76,2.0,1.66,0,-0.03,neutral,neutral,0,0.333,32,5915,0,
s21867,STXUSDT,1785229200000,testB,1,2.95,0.459,4.26,3.67,5,2.98,2.88,1.14,1.11,0.98,1,-0.03,neutral,alcista,0,0.1,32,5914,2,
s21868,0GUSDT,1785230100000,train,-1,-3.46,0.397,5.61,3.99,0.7,-3.39,0.85,1.76,2.0,1.66,0,-0.07,neutral,neutral,0,0.435,32,5916,1,
s21869,MANAUSDT,1785230100000,testB,-1,-2.45,0.564,2.91,2.72,0.62,-2.37,0.5,2.18,2.7,2.03,0,-0.07,neutral,neutral,0,0.011,32,5915,1,
s21870,STBLUSDT,1785231000000,train,1,2.23,0.391,4.01,3.66,1.57,2.28,1.6,1.07,0.99,0.85,1,-0.05,neutral,alcista,0,-0.107,32,5917,2,
s21871,0GUSDT,1785231000000,train,-1,-3.29,0.371,5.31,3.4,0.53,-3.24,0.39,1.76,2.0,1.66,0,-0.05,neutral,neutral,0,0.593,32,5917,0,
s21872,STBLUSDT,1785231900000,train,1,3.89,0.569,5.04,4.95,1.95,3.97,2.63,1.07,0.99,0.85,1,-0.08,neutral,alcista,0,-0.357,32,5918,3,
s21873,STBLUSDT,1785232800000,train,1,3.86,0.558,5.84,4.5,2.0,3.97,1.98,1.17,0.9,0.87,1,-0.11,neutral,neutral,0,-0.298,32,5919,0,
s21874,STBLUSDT,1785233700000,train,1,3.36,0.472,5.86,4.17,1.73,3.59,1.49,1.17,0.9,0.87,1,-0.22,neutral,neutral,0,-0.375,32,5920,0,
s21875,STBLUSDT,1785234600000,train,1,3.14,0.427,5.87,3.92,1.49,3.21,1.14,1.17,0.9,0.87,1,-0.07,neutral,neutral,0,-0.3,32,5921,0,
s21876,INJUSDT,1785234600000,train,-1,-2.14,0.727,2.92,2.58,0.68,-2.07,0.63,0.77,0.8,1.17,0,-0.07,neutral,neutral,0,0.311,32,5921,0,
s21877,STXUSDT,1785234600000,testB,1,4.14,0.433,5.14,5.14,0.87,4.21,3.22,1.28,1.08,1.01,1,-0.07,neutral,alcista,0,-0.225,32,5920,3,
s21878,STBLUSDT,1785235500000,train,1,3.1,0.423,5.87,3.92,0.6,3.36,1.09,1.17,0.9,0.87,1,-0.27,neutral,neutral,0,-0.378,32,5922,0,
s21879,INJUSDT,1785235500000,train,-1,-2.12,0.714,2.9,2.38,0.7,-1.85,0.41,0.77,0.8,1.17,0,-0.27,neutral,neutral,0,0.455,32,5922,0,
s21880,STXUSDT,1785235500000,testB,1,4.15,0.433,5.29,4.93,0.87,4.42,2.74,1.28,1.08,1.01,1,-0.27,neutral,neutral,0,-0.118,32,5921,0,
s21881,PUMPUSDT,1785236400000,train,-1,-3.73,0.382,5.26,5.11,0.52,-3.38,1.36,1.32,1.19,1.78,0,-0.34,neutral,bajista,0,0.602,32,5923,2,
s21882,STBLUSDT,1785236400000,train,1,2.97,0.398,5.9,3.54,0.41,3.31,0.61,1.17,0.84,0.88,0,-0.34,neutral,neutral,0,-0.284,32,5923,0,
s21883,INJUSDT,1785236400000,train,-1,-2.12,0.714,3.31,2.43,1.45,-1.78,0.63,0.91,0.83,1.11,0,-0.34,neutral,neutral,0,0.196,32,5923,1,
s21884,PENDLEUSDT,1785236400000,train,-1,-2.39,0.41,2.62,2.47,0.86,-2.05,1.31,1.24,1.09,1.42,0,-0.34,neutral,bajista,0,-1.0,17,5923,3,
s21885,ONDOUSDT,1785236400000,train,-1,-2.33,0.541,3.34,2.74,0.8,-1.98,0.67,0.64,0.7,0.99,0,-0.34,neutral,neutral,0,-1.0,7,5922,0,
s21886,PUMPUSDT,1785237300000,train,-1,-4.06,0.411,4.73,4.58,0.54,-3.88,1.5,1.32,1.19,1.78,0,-0.18,neutral,bajista,0,0.728,32,5924,3,
s21887,STBLUSDT,1785237300000,train,1,2.7,0.353,5.91,3.33,0.34,2.88,0.36,1.17,0.84,0.88,0,-0.18,neutral,neutral,0,-0.224,32,5924,0,
s21888,STXUSDT,1785237300000,testB,1,4.16,0.39,5.31,4.72,0.96,4.35,2.03,1.61,1.2,1.05,1,-0.18,neutral,neutral,0,0.077,32,5923,1,
s21889,PUMPUSDT,1785238200000,train,-1,-4.52,0.435,5.99,5.59,0.91,-4.4,2.52,1.32,1.19,1.78,0,-0.12,neutral,bajista,0,0.243,32,5925,4,
s21890,STBLUSDT,1785238200000,train,1,3.33,0.416,5.88,3.79,0.22,3.45,0.76,1.17,0.84,0.88,0,-0.12,neutral,neutral,0,-0.402,32,5925,1,
s21891,STXUSDT,1785238200000,testB,1,4.03,0.371,5.34,4.17,0.62,4.15,1.33,1.61,1.2,1.05,1,-0.12,neutral,neutral,0,0.386,32,5924,0,
s21892,PUMPUSDT,1785239100000,train,-1,-4.08,0.378,5.96,5.01,1.0,-4.01,1.96,1.32,1.19,1.78,0,-0.07,neutral,neutral,0,0.49,32,5926,0,
s21893,STBLUSDT,1785239100000,train,1,3.84,0.475,5.87,4.04,0.25,3.91,0.96,1.17,0.84,0.88,0,-0.07,neutral,alcista,0,-0.452,32,5926,2,
s21894,APEUSDT,1785239100000,testB,-1,-2.19,0.37,3.22,2.63,0.98,-2.12,1.14,1.58,1.55,2.61,0,-0.07,neutral,neutral,0,-0.05,32,5925,0,
s21895,PUMPUSDT,1785240000000,train,-1,-5.07,0.469,5.74,5.34,1.04,-5.08,2.28,1.11,1.11,1.63,0,0.02,neutral,neutral,0,0.358,32,5927,1,
s21896,STBLUSDT,1785240000000,train,1,3.84,0.475,5.87,3.92,0.31,3.82,0.74,1.24,0.85,0.9,0,0.02,neutral,neutral,0,-0.433,32,5927,0,
s21897,PUMPUSDT,1785241800000,train,-1,-3.62,0.478,4.91,4.06,0.46,-3.59,1.4,1.11,1.11,1.63,0,-0.03,neutral,neutral,0,0.506,32,5929,0,
s21898,PUMPUSDT,1785242700000,train,-1,-4.1,0.541,4.87,4.27,0.59,-4.28,1.56,1.11,1.11,1.63,0,0.19,neutral,neutral,0,0.388,32,5930,1,
s21899,ONDOUSDT,1785242700000,train,1,2.0,0.382,3.87,3.49,2.4,1.81,1.91,0.76,0.72,1.0,0,0.19,neutral,alcista,0,0.396,32,5929,7,
s21900,XPLUSDT,1785243600000,train,1,2.2,0.373,3.85,3.36,2.51,2.08,1.81,1.09,0.98,1.28,0,0.13,neutral,neutral,0,0.478,32,5931,0,
s21901,PUMPUSDT,1785244500000,train,-1,-2.53,0.419,3.9,2.8,0.65,-2.24,0.75,1.08,1.11,1.55,0,-0.29,neutral,neutral,0,-1.0,8,5932,0,
s21902,PUMPUSDT,1785245400000,train,-1,-2.89,0.45,3.88,2.97,1.26,-2.07,1.44,1.08,1.11,1.55,0,-0.82,neutral,neutral,0,-1.0,7,5933,1,
s21903,0GUSDT,1785245400000,train,-1,-2.13,0.416,4.12,3.54,1.28,-1.31,1.69,1.04,1.53,1.77,0,-0.82,neutral,neutral,0,0.133,32,5933,1,
s21904,TIAUSDT,1785245400000,train,-1,-2.08,0.58,2.62,2.19,1.66,-1.26,1.17,0.78,0.67,0.98,0,-0.82,neutral,bajista,0,-1.0,7,5933,2,
s21905,SEIUSDT,1785245400000,train,-1,-2.23,0.571,2.71,2.61,1.19,-1.41,1.48,1.27,1.19,2.18,0,-0.82,neutral,bajista,0,-1.0,7,5933,4,
s21906,PENDLEUSDT,1785245400000,train,-1,-2.32,0.408,3.23,2.48,2.65,-1.49,1.33,1.63,1.06,1.44,0,-0.82,neutral,bajista,0,-1.0,7,5933,3,
s21907,FETUSDT,1785245400000,train,-1,-2.61,0.536,3.19,2.75,3.24,-1.79,1.77,2.39,2.02,2.62,0,-0.82,neutral,bajista,0,-1.0,7,5932,2,
s21908,APEUSDT,1785245400000,testB,-1,-3.02,0.58,3.97,3.24,1.0,-2.2,0.9,1.4,1.5,2.04,0,-0.82,neutral,neutral,0,-0.327,32,5932,1,
s21909,STBLUSDT,1785246300000,train,-1,-2.24,0.553,3.79,3.17,0.51,-1.78,0.77,1.28,0.86,0.9,0,-0.46,neutral,bajista,0,0.431,32,5934,2,
s21910,0GUSDT,1785246300000,train,-1,-2.07,0.4,4.41,3.29,1.67,-1.62,1.33,1.04,1.53,1.77,0,-0.46,neutral,neutral,0,0.214,32,5934,0,
s21911,SEIUSDT,1785246300000,train,-1,-2.13,0.535,2.86,2.29,1.48,-1.67,1.07,1.27,1.19,2.18,0,-0.46,neutral,neutral,0,-1.0,6,5934,0,
s21912,LDOUSDT,1785246300000,testB,-1,-3.3,0.454,4.91,4.43,3.34,-2.85,2.74,1.05,0.87,1.21,0,-0.46,neutral,bajista,0,0.072,32,5933,4,
s21913,APEUSDT,1785246300000,testB,-1,-2.31,0.4,3.94,2.56,1.17,-1.86,0.23,1.4,1.5,2.04,0,-0.46,neutral,neutral,0,0.103,32,5933,0,
s21914,0GUSDT,1785247200000,train,-1,-2.3,0.465,4.41,3.29,1.69,-2.0,1.18,1.04,1.5,1.74,0,-0.3,neutral,neutral,0,0.304,32,5935,0,
s21915,ONDOUSDT,1785247200000,train,1,2.47,0.426,3.88,2.44,1.5,2.77,0.59,1.06,0.82,0.9,0,-0.3,neutral,alcista,1,2.0,9,5934,2,
s21916,LDOUSDT,1785247200000,testB,-1,-3.35,0.461,4.91,4.46,3.66,-3.05,2.55,1.19,0.92,1.06,0,-0.3,neutral,neutral,0,0.018,32,5934,0,
s21917,APEUSDT,1785247200000,testB,-1,-2.9,0.455,3.99,3.65,1.45,-2.6,1.13,1.31,1.54,1.78,0,-0.3,neutral,neutral,0,-0.273,32,5934,1,
s21918,0GUSDT,1785248100000,train,-1,-2.07,0.4,4.4,3.05,2.05,-1.76,0.9,1.04,1.5,1.74,0,-0.31,neutral,neutral,0,0.481,32,5936,0,
s21919,ONDOUSDT,1785248100000,train,1,2.59,0.439,3.61,2.72,1.59,2.9,1.04,1.06,0.82,0.9,0,-0.31,neutral,alcista,0,0.972,32,5935,3,
s21920,LDOUSDT,1785248100000,testB,-1,-3.3,0.451,4.95,4.26,4.01,-2.99,2.17,1.19,0.92,1.06,0,-0.31,neutral,neutral,0,0.125,32,5935,0,
s21921,APEUSDT,1785248100000,testB,-1,-3.02,0.485,3.92,3.19,1.62,-2.71,1.1,1.31,1.54,1.78,0,-0.31,neutral,neutral,0,-0.292,32,5935,0,
s21922,0GUSDT,1785249000000,train,-1,-2.02,0.393,3.29,2.24,1.24,-1.74,1.1,1.04,1.5,1.74,0,-0.27,neutral,neutral,0,0.816,32,5937,1,
s21923,ONDOUSDT,1785249000000,train,1,3.07,0.482,3.58,3.36,1.24,3.35,1.56,1.06,0.82,0.9,0,-0.27,neutral,alcista,0,0.537,32,5936,4,
s21924,LDOUSDT,1785249000000,testB,-1,-2.79,0.37,4.94,3.87,3.2,-2.51,1.67,1.19,0.92,1.06,0,-0.27,neutral,neutral,0,0.253,32,5936,0,
s21925,APEUSDT,1785249000000,testB,-1,-2.2,0.386,3.18,2.32,0.97,-1.93,0.87,1.31,1.54,1.78,0,-0.27,neutral,neutral,0,-0.743,32,5936,0,
s21926,ONDOUSDT,1785249900000,train,1,4.45,0.606,5.01,4.44,1.55,4.54,2.58,1.06,0.82,0.9,0,-0.09,neutral,alcista,0,0.061,32,5937,5,
s21927,XPLUSDT,1785250800000,train,1,4.38,0.421,4.6,4.49,1.59,4.23,2.18,1.71,1.26,1.27,0,0.15,neutral,alcista,0,-0.115,32,5939,2,
s21928,JUPUSDT,1785250800000,train,1,3.86,0.507,3.98,3.87,1.89,3.71,2.52,1.67,1.07,1.09,0,0.15,neutral,alcista,0,0.123,32,5939,6,
s21929,ONDOUSDT,1785250800000,train,1,5.1,0.642,5.12,4.85,1.67,4.95,2.82,1.39,0.97,0.94,1,0.15,neutral,alcista,0,-0.056,32,5938,6,
s21930,LDOUSDT,1785250800000,testB,-1,-3.07,0.391,5.83,5.1,1.27,-3.22,2.42,1.46,1.05,1.07,0,0.15,neutral,bajista,0,0.279,32,5938,2,
s21931,XPLUSDT,1785251700000,train,1,6.55,0.526,6.24,6.16,1.65,6.08,3.84,1.71,1.26,1.27,0,0.46,neutral,alcista,0,-0.356,32,5940,3,
s21932,ARBUSDT,1785251700000,train,1,2.3,0.453,3.33,2.99,1.43,1.84,1.67,1.21,0.91,1.2,0,0.46,neutral,alcista,0,-0.357,32,5940,2,
s21933,JUPUSDT,1785251700000,train,1,5.07,0.575,5.61,5.03,2.92,4.6,3.4,1.67,1.07,1.09,0,0.46,neutral,alcista,0,-0.167,32,5940,7,
s21934,PENDLEUSDT,1785251700000,train,1,2.33,0.397,4.65,4.01,1.24,1.87,1.75,1.25,1.16,1.28,0,0.46,neutral,alcista,0,-0.329,32,5940,7,
s21935,ONDOUSDT,1785251700000,train,1,5.84,0.673,5.93,5.54,2.02,5.37,3.41,1.39,0.97,0.94,1,0.46,neutral,alcista,0,-0.242,32,5939,7,
s21936,LDOUSDT,1785251700000,testB,-1,-3.12,0.4,5.82,5.05,1.44,-3.58,2.13,1.46,1.05,1.07,0,0.46,neutral,neutral,0,0.34,32,5939,0,
s21937,XPLUSDT,1785252600000,train,1,6.15,0.506,6.14,5.84,1.58,5.42,3.44,1.71,1.26,1.27,0,0.73,neutral,neutral,0,-0.259,32,5941,0,
s21938,ENAUSDT,1785252600000,train,1,3.19,0.447,3.92,3.74,1.91,2.45,2.08,1.21,0.9,1.12,0,0.73,neutral,alcista,0,-0.725,32,5941,2,
s21939,ARBUSDT,1785252600000,train,1,2.44,0.491,3.33,2.98,1.53,1.7,1.5,1.21,0.91,1.2,0,0.73,neutral,neutral,0,-0.211,32,5941,0,
s21940,OPUSDT,1785252600000,train,1,2.56,0.478,3.74,3.51,0.52,1.82,1.03,2.04,1.39,1.35,1,0.73,neutral,alcista,0,0.226,32,5941,2,
s21941,JUPUSDT,1785252600000,train,1,4.46,0.474,5.64,4.48,3.11,3.73,2.56,1.67,1.07,1.09,0,0.73,neutral,neutral,0,0.082,32,5941,0,
s21942,PENDLEUSDT,1785252600000,train,1,2.75,0.452,4.63,4.3,1.17,2.01,1.92,1.25,1.16,1.28,0,0.73,neutral,alcista,0,-0.257,32,5941,8,
s21943,ONDOUSDT,1785252600000,train,1,5.83,0.673,5.75,5.51,2.18,5.09,3.24,1.39,0.97,0.94,1,0.73,neutral,alcista,0,-0.204,32,5940,8,
s21944,XPLUSDT,1785253500000,train,1,6.22,0.509,6.27,5.97,1.58,5.48,3.34,1.71,1.26,1.27,0,0.74,neutral,neutral,0,-0.258,32,5942,1,
s21945,ENAUSDT,1785253500000,train,1,3.76,0.489,4.75,4.41,2.7,3.02,2.66,1.21,0.9,1.12,0,0.74,neutral,alcista,0,-0.711,32,5942,3,
s21946,ARBUSDT,1785253500000,train,1,2.28,0.453,3.34,2.87,1.48,1.54,1.28,1.21,0.91,1.2,0,0.74,neutral,neutral,0,-0.171,32,5942,0,
s21947,OPUSDT,1785253500000,train,1,2.32,0.455,3.74,3.51,0.54,1.58,0.99,2.04,1.39,1.35,1,0.74,neutral,neutral,0,0.323,32,5942,0,
s21948,JUPUSDT,1785253500000,train,1,3.74,0.391,5.67,4.08,3.01,3.0,1.98,1.67,1.07,1.09,0,0.74,neutral,neutral,0,0.364,32,5942,0,
s21949,PENDLEUSDT,1785253500000,train,1,2.77,0.454,4.62,4.53,1.13,2.03,2.04,1.25,1.16,1.28,0,0.74,neutral,alcista,0,-0.286,32,5942,8,
s21950,ONDOUSDT,1785253500000,train,1,5.27,0.627,6.03,5.32,1.73,4.53,2.79,1.39,0.97,0.94,1,0.74,neutral,neutral,0,-0.174,32,5941,0,
s21951,STXUSDT,1785253500000,testB,1,4.49,0.5,5.37,5.08,0.64,3.75,1.98,1.61,1.38,1.08,1,0.74,neutral,neutral,0,-0.254,32,5941,0,
s21952,XPLUSDT,1785254400000,train,1,5.4,0.473,6.71,5.8,1.65,4.81,3.0,1.94,1.35,1.3,1,0.59,neutral,neutral,0,-0.185,32,5943,0,
s21953,ENAUSDT,1785254400000,train,1,3.38,0.445,4.76,4.28,2.64,2.78,2.22,1.39,0.98,1.13,0,0.59,neutral,neutral,0,-0.674,32,5943,0,
s21954,OPUSDT,1785254400000,train,1,2.44,0.488,3.75,3.29,0.45,1.85,0.96,2.03,1.43,1.35,1,0.59,neutral,neutral,0,0.552,32,5943,0,
s21955,JUPUSDT,1785254400000,train,1,4.67,0.445,5.62,4.93,2.04,4.08,2.61,1.91,1.16,1.1,1,0.59,neutral,neutral,0,0.149,32,5943,1,
s21956,PENDLEUSDT,1785254400000,train,1,2.44,0.421,4.76,4.51,0.97,1.85,1.79,1.19,1.2,1.25,0,0.59,neutral,neutral,0,-0.316,32,5943,0,
s21957,ONDOUSDT,1785254400000,train,1,5.16,0.618,5.69,4.95,1.43,4.57,2.46,1.47,1.05,0.94,1,0.59,neutral,neutral,0,-0.143,32,5942,0,
s21958,XPLUSDT,1785255300000,train,1,5.6,0.485,7.0,6.9,1.11,4.95,3.76,1.94,1.35,1.3,1,0.64,neutral,neutral,0,-0.309,32,5944,1,
s21959,JUPUSDT,1785255300000,train,1,4.0,0.371,5.64,4.48,1.09,3.36,1.92,1.91,1.16,1.1,1,0.64,neutral,neutral,0,0.294,32,5944,0,
s21960,ONDOUSDT,1785255300000,train,1,3.84,0.515,5.82,4.55,1.07,3.19,2.0,1.47,1.05,0.94,1,0.64,neutral,neutral,0,-0.151,32,5943,0,
s21961,LDOUSDT,1785255300000,testB,-1,-3.94,0.424,5.82,4.9,0.69,-4.58,1.47,1.54,1.08,1.05,1,0.64,neutral,bajista,0,0.366,32,5943,2,
s21962,XPLUSDT,1785256200000,train,1,5.29,0.445,7.03,6.45,0.99,4.59,2.93,1.94,1.35,1.3,1,0.69,neutral,neutral,0,-0.285,32,5945,0,
s21963,JUPUSDT,1785256200000,train,1,4.05,0.374,5.63,4.68,0.77,3.36,1.89,1.91,1.16,1.1,1,0.69,neutral,neutral,0,0.292,32,5945,1,
s21964,ONDOUSDT,1785256200000,train,1,3.3,0.48,5.81,4.71,0.93,2.61,1.91,1.47,1.05,0.94,1,0.69,neutral,neutral,0,-0.275,32,5944,1,
s21965,LDOUSDT,1785256200000,testB,-1,-3.52,0.363,5.78,4.32,0.54,-4.22,0.82,1.54,1.08,1.05,1,0.69,neutral,neutral,0,0.481,32,5944,0,
s21966,ONDOUSDT,1785257100000,train,1,2.74,0.408,5.82,4.53,0.77,1.95,1.53,1.47,1.05,0.94,1,0.79,neutral,neutral,0,-0.324,32,5945,0,
s21967,LDOUSDT,1785257100000,testB,-1,-3.76,0.401,5.66,3.91,0.51,-4.55,0.52,1.54,1.08,1.05,1,0.79,neutral,neutral,0,0.803,32,5945,0,
s21968,LDOUSDT,1785258000000,testB,-1,-3.53,0.384,5.13,3.85,0.41,-4.01,1.0,1.56,1.1,1.05,1,0.48,neutral,neutral,0,0.785,32,5946,1,
s21969,OPUSDT,1785258900000,train,1,3.0,0.619,4.25,4.03,0.91,2.32,1.61,1.6,1.5,1.37,1,0.68,neutral,neutral,0,-0.083,32,5948,1,
s21970,JUPUSDT,1785258900000,train,1,3.22,0.353,5.65,4.33,0.65,2.54,1.03,2.11,1.25,1.14,1,0.68,neutral,neutral,0,0.354,32,5948,0,
s21971,LDOUSDT,1785258900000,testB,-1,-3.43,0.377,4.84,3.66,0.37,-4.11,1.02,1.56,1.1,1.05,1,0.68,neutral,bajista,0,0.708,32,5947,2,
s21972,XPLUSDT,1785259800000,train,1,5.27,0.527,7.11,5.49,0.43,4.36,0.87,2.02,1.36,1.31,1,0.91,neutral,neutral,0,-0.33,32,5949,0,
s21973,OPUSDT,1785259800000,train,1,2.9,0.581,4.28,3.38,0.95,1.99,0.82,1.6,1.5,1.37,1,0.91,neutral,neutral,0,0.0,32,5949,0,
s21974,JUPUSDT,1785259800000,train,1,3.63,0.412,5.68,3.82,0.72,2.72,0.34,2.11,1.25,1.14,1,0.91,neutral,neutral,0,0.472,32,5949,0,
s21975,XPLUSDT,1785260700000,train,1,4.65,0.497,6.12,4.57,0.48,3.72,0.86,2.02,1.36,1.31,1,0.93,neutral,neutral,0,-0.708,32,5950,1,
s21976,OPUSDT,1785260700000,train,1,3.0,0.591,3.81,3.36,0.78,2.07,1.15,1.6,1.5,1.37,1,0.93,neutral,neutral,0,-0.267,32,5950,1,
s21977,JUPUSDT,1785260700000,train,1,3.56,0.409,4.92,3.44,0.73,2.63,0.57,2.11,1.25,1.14,1,0.93,neutral,neutral,0,0.246,32,5950,1,
s21978,XPLUSDT,1785261600000,train,1,3.73,0.407,5.78,3.85,0.45,2.87,0.5,1.94,1.37,1.31,1,0.86,neutral,neutral,0,-0.705,32,5951,0,
s21979,OPUSDT,1785261600000,train,1,2.54,0.478,3.94,3.04,0.85,1.68,0.8,1.32,1.52,1.37,0,0.86,neutral,neutral,0,-0.148,32,5951,0,
s21980,OPUSDT,1785262500000,train,1,2.65,0.489,3.48,2.7,0.87,1.83,0.9,1.32,1.52,1.37,0,0.83,neutral,neutral,0,0.0,32,5952,0,
s21981,OPUSDT,1785263400000,train,1,2.18,0.442,2.92,2.13,0.72,1.54,0.77,1.32,1.52,1.37,0,0.64,neutral,neutral,0,0.053,32,5953,0,
s21982,PUMPUSDT,1785264300000,train,-1,-3.14,0.352,7.5,6.17,0.56,-3.65,2.14,1.99,1.48,1.4,1,0.52,neutral,neutral,0,-0.108,32,5954,0,
s21983,PUMPUSDT,1785265200000,train,-1,-3.27,0.375,7.48,5.79,0.49,-3.75,1.31,1.85,1.4,1.36,1,0.48,neutral,neutral,0,-0.035,32,5955,0,
s21984,APEUSDT,1785265200000,testB,1,2.2,0.371,2.8,2.22,0.73,1.71,0.88,1.03,1.23,1.5,0,0.48,neutral,neutral,0,-1.0,25,5954,0,
s21985,PUMPUSDT,1785266100000,train,-1,-4.89,0.617,7.1,5.92,0.49,-4.9,1.76,1.85,1.4,1.36,1,0.01,neutral,neutral,0,-0.026,32,5956,1,
s21986,PUMPUSDT,1785267000000,train,-1,-4.44,0.532,6.79,4.8,0.38,-4.18,0.99,1.85,1.4,1.36,1,-0.26,neutral,neutral,0,0.457,32,5957,0,
s21987,ENAUSDT,1785267000000,train,-1,-2.23,0.429,3.74,3.35,0.51,-1.98,0.61,1.22,1.02,1.11,0,-0.26,neutral,neutral,0,1.1,32,5957,0,
s21988,FETUSDT,1785267000000,train,-1,-2.38,0.586,3.45,2.73,0.94,-2.13,0.46,1.64,2.01,2.29,0,-0.26,neutral,neutral,0,1.105,32,5956,0,
s21989,PUMPUSDT,1785267900000,train,-1,-4.51,0.535,6.16,4.72,0.44,-4.48,1.47,1.85,1.4,1.36,1,-0.03,neutral,neutral,0,0.283,32,5958,1,
s21990,ENAUSDT,1785267900000,train,-1,-2.95,0.655,3.55,3.19,0.57,-2.92,0.55,1.22,1.02,1.11,0,-0.03,neutral,neutral,0,1.307,32,5958,1,
s21991,FETUSDT,1785267900000,train,-1,-2.46,0.593,3.38,2.81,0.82,-2.43,0.64,1.64,2.01,2.29,0,-0.03,neutral,neutral,0,1.103,32,5957,1,
s21992,PUMPUSDT,1785268800000,train,-1,-3.85,0.494,5.85,4.41,0.41,-4.11,1.5,1.34,1.29,1.32,0,0.26,neutral,neutral,0,0.605,32,5959,0,
s21993,ENAUSDT,1785268800000,train,-1,-2.58,0.561,3.55,2.95,0.45,-2.85,0.52,1.16,1.02,1.1,0,0.26,neutral,neutral,0,1.623,32,5959,0,
s21994,XPLUSDT,1785269700000,train,-1,-2.33,0.41,2.76,2.4,0.49,-2.44,0.53,1.43,1.38,1.33,1,0.11,neutral,neutral,1,2.0,31,5960,1,
s21995,PUMPUSDT,1785269700000,train,-1,-3.48,0.467,5.87,4.74,0.36,-3.59,1.68,1.34,1.29,1.32,0,0.11,neutral,neutral,0,0.804,32,5960,1,
s21996,ENAUSDT,1785269700000,train,-1,-2.13,0.511,3.49,3.02,0.48,-2.24,0.7,1.16,1.02,1.1,0,0.11,neutral,neutral,0,1.399,32,5960,1,
s21997,PUMPUSDT,1785270600000,train,-1,-3.22,0.419,5.83,4.09,0.31,-3.24,0.9,1.34,1.29,1.32,0,0.03,neutral,neutral,0,1.363,32,5961,0,
s21998,ENAUSDT,1785270600000,train,-1,-2.57,0.647,3.49,3.16,0.55,-2.59,0.85,1.16,1.02,1.1,0,0.03,neutral,bajista,0,1.273,32,5961,2,
s21999,FETUSDT,1785270600000,train,-1,-2.18,0.525,3.02,2.52,0.85,-2.21,0.74,1.54,1.85,2.31,0,0.03,neutral,bajista,0,1.057,32,5960,2,
s22000,PUMPUSDT,1785271500000,train,-1,-3.07,0.392,5.06,3.17,0.23,-2.87,0.58,1.34,1.29,1.32,0,-0.2,neutral,neutral,1,2.0,31,5962,0,
s22001,0GUSDT,1785271500000,train,-1,-2.16,0.627,3.46,2.74,1.27,-1.96,0.97,0.77,0.9,1.47,0,-0.2,neutral,neutral,1,2.0,17,5962,0,
s22002,ENAUSDT,1785271500000,train,-1,-2.46,0.615,2.95,2.55,0.48,-2.26,0.68,1.16,1.02,1.1,0,-0.2,neutral,neutral,1,2.0,29,5962,0,
s22003,FETUSDT,1785271500000,train,-1,-2.11,0.517,2.66,2.16,0.92,-1.91,0.62,1.54,1.85,2.31,0,-0.2,neutral,neutral,0,1.2,32,5961,0,
s22004,STXUSDT,1785272400000,testB,1,3.0,0.594,4.26,3.77,1.27,2.83,1.46,0.68,1.17,1.15,0,0.18,neutral,alcista,0,-1.0,20,5962,3,
s22005,STBLUSDT,1785273300000,train,-1,-2.22,0.81,2.5,2.41,0.45,-2.51,1.02,0.28,0.4,0.7,0,0.29,neutral,bajista,0,1.352,32,5964,8,
s22006,ONDOUSDT,1785273300000,train,1,2.24,0.405,2.82,2.75,1.08,1.95,1.48,0.84,1.12,0.96,0,0.29,neutral,alcista,0,-1.0,17,5963,2,
s22007,STXUSDT,1785273300000,testB,1,2.86,0.549,4.27,3.63,1.14,2.57,1.21,0.68,1.17,1.15,0,0.29,neutral,neutral,0,-1.0,19,5963,0,
s22008,STXUSDT,1785274200000,testB,1,2.8,0.528,4.01,2.79,1.36,2.05,0.59,0.68,1.17,1.15,0,0.74,neutral,neutral,0,-1.0,17,5964,0,
s22009,STXUSDT,1785275100000,testB,1,2.35,0.432,3.88,2.37,1.05,1.9,0.41,0.68,1.17,1.15,0,0.45,neutral,neutral,0,-1.0,16,5965,0,
s22010,PUMPUSDT,1785276000000,train,1,2.05,0.357,4.02,3.52,1.15,1.58,1.14,1.12,1.4,1.28,0,0.47,neutral,alcista,0,-1.0,22,5967,4,
s22011,XPLUSDT,1785278700000,train,-1,-2.26,0.374,2.66,2.62,1.01,-2.33,1.51,0.81,1.38,1.25,0,0.07,neutral,bajista,0,1.616,32,5970,3,
s22012,0GUSDT,1785278700000,train,-1,-3.67,0.585,4.73,4.42,3.32,-3.74,3.08,0.93,0.97,1.49,0,0.07,neutral,bajista,0,1.667,32,5970,4,
s22013,XPLUSDT,1785279600000,train,-1,-2.22,0.366,2.66,2.27,1.11,-2.0,1.17,0.76,1.4,1.15,0,-0.22,neutral,neutral,0,-1.0,5,5971,0,
s22014,0GUSDT,1785279600000,train,-1,-4.49,0.655,5.44,5.19,4.2,-4.27,3.46,1.04,1.03,1.46,0,-0.22,neutral,bajista,0,1.25,32,5971,5,
s22015,0GUSDT,1785280500000,train,-1,-3.6,0.466,5.39,4.23,4.41,-3.41,2.26,1.04,1.03,1.46,0,-0.19,neutral,neutral,1,2.0,20,5972,0,
s22016,LDOUSDT,1785280500000,testB,-1,-2.35,0.595,3.09,3.06,2.31,-2.16,1.71,0.6,1.08,0.93,0,-0.19,neutral,bajista,0,0.116,32,5971,5,
s22017,0GUSDT,1785281400000,train,-1,-3.49,0.45,5.39,4.16,4.42,-3.7,1.98,1.04,1.03,1.46,0,0.22,neutral,neutral,1,2.0,19,5973,0,
s22018,0GUSDT,1785282300000,train,-1,-3.54,0.462,5.32,3.98,1.34,-3.57,1.7,1.04,1.03,1.46,0,0.03,neutral,neutral,1,2.0,16,5974,0,
s22019,LDOUSDT,1785283200000,testB,-1,-2.51,0.547,2.87,2.82,1.21,-2.55,1.46,0.66,1.07,0.92,0,0.04,neutral,neutral,0,0.078,32,5974,1,
s22020,0GUSDT,1785284100000,train,-1,-4.16,0.455,6.39,5.39,1.38,-4.33,2.63,1.33,1.16,1.4,0,0.17,neutral,neutral,0,1.356,32,5976,1,
s22021,GRTUSDT,1785284100000,testB,1,2.2,0.579,2.6,2.34,2.08,2.03,1.32,0.93,1.15,1.06,0,0.17,neutral,alcista,0,-1.0,5,5975,4,
s22022,0GUSDT,1785285000000,train,-1,-3.53,0.413,6.39,5.39,1.55,-3.77,2.41,1.33,1.16,1.4,0,0.24,neutral,neutral,0,1.31,32,5977,0,
s22023,GRTUSDT,1785285000000,testB,1,2.13,0.571,2.28,2.08,2.67,1.89,1.26,0.93,1.15,1.06,0,0.24,neutral,alcista,0,-1.0,3,5976,5,
s22024,0GUSDT,1785285900000,train,-1,-4.12,0.476,6.41,5.79,1.69,-4.17,2.45,1.33,1.16,1.4,0,0.06,neutral,neutral,0,1.226,32,5978,1,
s22025,WLDUSDT,1785285900000,train,-1,-2.59,0.421,3.36,2.94,2.47,-2.65,1.62,0.78,0.91,0.86,0,0.06,neutral,bajista,0,0.315,32,5978,4,
s22026,LDOUSDT,1785285900000,testB,-1,-2.64,0.503,3.24,3.16,1.3,-2.7,1.44,0.66,1.07,0.92,0,0.06,neutral,neutral,0,-0.27,32,5977,1,
s22027,0GUSDT,1785286800000,train,-1,-5.77,0.595,8.14,7.32,2.27,-5.61,3.46,1.94,1.37,1.45,0,-0.16,neutral,bajista,0,0.81,32,5979,2,
s22028,WLDUSDT,1785286800000,train,-1,-3.34,0.484,4.17,3.71,3.19,-3.18,2.26,1.1,0.9,0.93,0,-0.16,neutral,bajista,0,-0.157,32,5979,5,
s22029,STXUSDT,1785286800000,testB,-1,-2.77,0.52,3.44,3.14,1.83,-2.62,1.06,0.95,0.88,1.11,0,-0.16,neutral,bajista,0,0.209,32,5978,3,
s22030,LDOUSDT,1785286800000,testB,-1,-3.09,0.563,3.55,3.36,1.12,-2.94,1.57,0.67,0.91,0.9,0,-0.16,neutral,bajista,0,-0.475,32,5978,2,
s22031,0GUSDT,1785287700000,train,-1,-6.52,0.663,8.19,7.87,2.07,-6.52,3.5,1.94,1.37,1.45,0,-0.01,neutral,bajista,0,0.637,32,5980,3,
s22032,WLDUSDT,1785287700000,train,-1,-3.59,0.502,4.37,4.05,2.96,-3.59,2.32,1.1,0.9,0.93,0,-0.01,neutral,bajista,0,-0.16,32,5980,6,
s22033,ONDOUSDT,1785287700000,train,-1,-2.36,0.567,2.86,2.54,1.15,-2.35,0.72,0.74,0.99,0.87,0,-0.01,neutral,neutral,0,-0.441,32,5979,0,
s22034,STXUSDT,1785287700000,testB,-1,-2.99,0.538,3.3,3.3,2.01,-2.98,1.34,0.95,0.88,1.11,0,-0.01,neutral,bajista,0,0.133,32,5979,4,
s22035,LDOUSDT,1785287700000,testB,-1,-2.54,0.455,3.54,3.02,1.06,-2.54,1.14,0.67,0.91,0.9,0,-0.01,neutral,neutral,0,-0.7,32,5979,0,
s22036,0GUSDT,1785288600000,train,-1,-6.39,0.643,8.03,7.02,2.04,-6.04,2.93,1.94,1.37,1.45,0,-0.35,neutral,neutral,0,0.739,32,5981,0,
s22037,WLDUSDT,1785288600000,train,-1,-3.89,0.566,4.5,4.08,3.05,-3.54,2.17,1.1,0.9,0.93,0,-0.35,neutral,neutral,0,-0.175,32,5981,0,
s22038,ONDOUSDT,1785288600000,train,-1,-2.25,0.554,2.62,2.45,1.09,-1.9,0.99,0.74,0.99,0.87,0,-0.35,neutral,neutral,0,-0.755,32,5980,1,
s22039,FETUSDT,1785288600000,train,-1,-2.85,0.625,3.45,3.16,2.48,-2.5,1.44,1.47,1.58,1.83,0,-0.35,neutral,bajista,0,0.698,32,5980,4,
s22040,STXUSDT,1785288600000,testB,-1,-2.36,0.465,2.64,2.49,0.94,-2.01,1.2,0.95,0.88,1.11,0,-0.35,neutral,neutral,0,0.118,32,5980,0,
s22041,LDOUSDT,1785288600000,testB,-1,-2.72,0.5,3.46,2.96,0.94,-2.37,1.07,0.67,0.91,0.9,0,-0.35,neutral,neutral,0,-0.676,32,5980,1,
s22042,XPLUSDT,1785289500000,train,-1,-2.43,0.354,3.53,3.3,1.57,-2.01,1.76,0.8,1.28,1.12,0,-0.42,neutral,bajista,0,0.448,32,5982,3,
s22043,0GUSDT,1785289500000,train,-1,-6.93,0.661,8.02,7.57,2.18,-6.51,3.2,1.94,1.37,1.45,0,-0.42,neutral,neutral,0,0.655,32,5982,1,
s22044,WLDUSDT,1785289500000,train,-1,-4.52,0.602,5.13,4.84,1.88,-4.11,2.7,1.1,0.9,0.93,0,-0.42,neutral,neutral,0,-0.324,32,5982,1,
s22045,ONDOUSDT,1785289500000,train,-1,-2.62,0.591,3.35,3.2,1.49,-2.21,1.67,0.74,0.99,0.87,0,-0.42,neutral,bajista,0,-0.78,32,5981,2,
s22046,FETUSDT,1785289500000,train,-1,-3.07,0.642,3.46,3.39,2.63,-2.65,1.54,1.47,1.58,1.83,0,-0.42,neutral,bajista,0,0.696,32,5981,5,
s22047,STXUSDT,1785289500000,testB,-1,-2.66,0.493,2.95,2.88,0.72,-2.24,1.64,0.95,0.88,1.11,0,-0.42,neutral,neutral,0,-0.077,32,5981,1,
s22048,LDOUSDT,1785289500000,testB,-1,-2.92,0.517,3.53,3.42,0.92,-2.5,1.38,0.67,0.91,0.9,0,-0.42,neutral,bajista,0,-0.677,32,5981,2,
s22049,SANDUSDT,1785289500000,testB,-1,-2.01,0.506,2.12,2.12,1.53,-1.59,1.48,0.76,0.79,0.84,0,-0.42,neutral,bajista,0,0.978,32,5981,7,
s22050,MANAUSDT,1785289500000,testB,-1,-2.01,0.466,2.29,2.23,3.1,-1.59,1.09,0.94,0.95,1.54,0,-0.42,neutral,bajista,0,0.385,32,5981,2,
s22051,AXSUSDT,1785289500000,testB,-1,-2.01,0.586,2.18,2.06,0.88,-1.6,1.1,0.86,0.88,0.97,0,-0.42,neutral,bajista,0,0.647,32,5981,5,
s22052,XPLUSDT,1785290400000,train,-1,-2.73,0.418,3.54,3.12,1.65,-2.48,1.44,0.87,1.16,1.12,0,-0.25,neutral,neutral,0,0.68,32,5983,0,
s22053,0GUSDT,1785290400000,train,-1,-6.65,0.651,7.89,7.25,1.23,-6.41,2.94,2.17,1.47,1.49,0,-0.25,neutral,neutral,0,0.737,32,5983,0,
s22054,WLDUSDT,1785290400000,train,-1,-4.06,0.533,4.92,4.33,1.09,-3.82,2.18,1.23,0.89,0.95,0,-0.25,neutral,neutral,0,-0.293,32,5983,0,
s22055,ONDOUSDT,1785290400000,train,-1,-2.59,0.582,3.19,2.81,1.45,-2.35,1.5,0.7,0.91,0.87,0,-0.25,neutral,neutral,0,-1.0,30,5982,0,
s22056,FETUSDT,1785290400000,train,-1,-2.5,0.493,3.37,2.71,1.23,-2.26,1.04,1.56,1.56,1.82,0,-0.25,neutral,neutral,0,1.054,32,5982,0,
s22057,LDOUSDT,1785290400000,testB,-1,-3.02,0.546,3.69,3.3,0.83,-2.77,1.12,0.69,0.82,0.88,0,-0.25,neutral,neutral,0,-0.558,32,5982,0,
s22058,AXSUSDT,1785290400000,testB,-1,-2.26,0.613,2.55,2.43,1.76,-2.01,1.4,1.17,1.0,1.01,0,-0.25,neutral,bajista,0,0.4,32,5982,6,
s22059,APEUSDT,1785290400000,testB,-1,-2.5,0.358,4.05,3.98,1.51,-2.25,1.92,1.13,1.05,1.31,0,-0.25,neutral,neutral,0,0.542,32,5982,0,
s22060,0GUSDT,1785291300000,train,-1,-5.77,0.542,7.39,6.06,1.09,-5.94,2.08,2.17,1.47,1.49,0,0.17,neutral,neutral,0,0.958,32,5984,0,
s22061,WLDUSDT,1785291300000,train,-1,-3.26,0.406,4.89,3.5,0.93,-3.43,1.47,1.23,0.89,0.95,0,0.17,neutral,neutral,0,-0.037,32,5984,0,
s22062,LDOUSDT,1785291300000,testB,-1,-2.14,0.364,3.23,2.22,0.75,-2.31,0.47,0.69,0.82,0.88,0,0.17,neutral,neutral,0,-1.0,29,5983,0,
s22063,APEUSDT,1785291300000,testB,-1,-2.56,0.371,4.72,3.98,1.75,-2.73,1.8,1.13,1.05,1.31,0,0.17,neutral,neutral,0,0.627,32,5983,1,
s22064,0GUSDT,1785292200000,train,-1,-5.21,0.515,6.76,5.5,0.76,-5.45,1.94,2.17,1.47,1.49,0,0.24,neutral,neutral,0,1.023,32,5985,1,
s22065,WLDUSDT,1785292200000,train,-1,-3.36,0.413,4.9,3.77,0.83,-3.59,1.54,1.23,0.89,0.95,0,0.24,neutral,neutral,0,-0.086,32,5985,1,
s22066,LDOUSDT,1785292200000,testB,-1,-2.31,0.381,3.16,2.39,0.69,-2.54,0.61,0.69,0.82,0.88,0,0.24,neutral,neutral,0,-1.0,28,5984,1,
s22067,APEUSDT,1785292200000,testB,-1,-3.91,0.612,4.75,4.47,1.83,-4.14,1.96,1.13,1.05,1.31,0,0.24,neutral,bajista,0,0.515,32,5984,2,
s22068,0GUSDT,1785293100000,train,-1,-3.87,0.434,5.43,5.17,0.71,-4.18,2.62,2.17,1.47,1.49,0,0.31,neutral,bajista,0,0.901,32,5986,2,
s22069,LDOUSDT,1785293100000,testB,-1,-2.24,0.372,2.68,2.48,0.55,-2.55,1.1,0.69,0.82,0.88,0,0.31,neutral,bajista,0,-1.0,26,5985,2,
s22070,APEUSDT,1785293100000,testB,-1,-3.66,0.596,4.48,4.27,1.39,-3.97,1.86,1.13,1.05,1.31,0,0.31,neutral,bajista,0,0.603,32,5985,3,
s22071,0GUSDT,1785294000000,train,-1,-3.03,0.363,5.87,5.04,0.75,-3.52,2.23,2.64,1.67,1.56,1,0.49,neutral,neutral,0,1.0,32,5987,0,
s22072,WLDUSDT,1785294000000,train,-1,-3.49,0.5,5.62,4.96,0.73,-3.98,2.16,1.55,0.96,1.01,0,0.49,neutral,bajista,0,-0.119,32,5987,3,
s22073,0GUSDT,1785294900000,train,-1,-5.02,0.594,6.39,6.26,0.68,-5.29,2.95,2.64,1.67,1.56,1,0.26,neutral,neutral,0,0.691,32,5988,1,
s22074,WLDUSDT,1785294900000,train,-1,-4.74,0.63,6.03,5.97,0.8,-5.0,2.79,1.55,0.96,1.01,0,0.26,neutral,bajista,0,-0.244,32,5988,4,
s22075,ENAUSDT,1785294900000,train,-1,-2.43,0.49,3.79,3.73,1.02,-2.7,1.87,1.04,0.92,0.91,1,0.26,neutral,bajista,0,-0.175,32,5988,4,
s22076,STXUSDT,1785294900000,testB,-1,-2.46,0.531,3.56,3.56,0.44,-2.72,1.28,0.89,0.79,1.11,0,0.26,neutral,bajista,0,-0.063,32,5987,4,
s22077,APEUSDT,1785294900000,testB,-1,-3.16,0.471,4.69,4.42,1.07,-3.42,1.85,1.27,1.05,1.3,0,0.26,neutral,neutral,0,0.446,32,5987,1,
s22078,XPLUSDT,1785295800000,train,-1,-3.51,0.536,5.14,5.06,1.33,-3.41,2.27,1.03,1.03,1.15,0,-0.1,neutral,bajista,0,0.201,32,5989,2,
s22079,STBLUSDT,1785295800000,train,-1,-2.11,0.416,3.66,3.48,2.24,-2.01,1.93,0.42,0.35,0.57,0,-0.1,neutral,bajista,0,-1.0,14,5989,2,
s22080,0GUSDT,1785295800000,train,-1,-6.18,0.652,7.96,7.51,1.01,-6.08,3.38,2.64,1.67,1.56,1,-0.1,neutral,bajista,0,0.504,32,5989,2,
s22081,WLDUSDT,1785295800000,train,-1,-5.85,0.756,6.98,6.75,1.17,-5.75,2.95,1.55,0.96,1.01,0,-0.1,neutral,bajista,0,-0.282,32,5989,5,
s22082,ENAUSDT,1785295800000,train,-1,-3.21,0.617,4.48,4.28,1.41,-3.11,2.12,1.04,0.92,0.91,1,-0.1,neutral,bajista,0,-0.264,32,5989,5,
s22083,TIAUSDT,1785295800000,train,-1,-2.9,0.562,3.89,3.8,2.65,-2.79,1.97,0.83,0.64,0.7,0,-0.1,neutral,bajista,0,0.14,32,5989,5,
s22084,SEIUSDT,1785295800000,train,-1,-2.18,0.475,3.13,3.08,1.29,-2.08,1.4,1.04,0.85,1.07,0,-0.1,neutral,bajista,0,-0.077,32,5989,5,
s22085,ONDOUSDT,1785295800000,train,-1,-2.12,0.398,3.02,2.82,0.7,-2.02,1.05,0.75,0.8,0.89,0,-0.1,neutral,bajista,0,-1.0,24,5988,4,
s22086,FETUSDT,1785295800000,train,-1,-2.67,0.521,3.41,3.26,0.75,-2.57,1.46,1.72,1.49,1.83,0,-0.1,neutral,bajista,0,-0.341,32,5988,5,
s22087,ARUSDT,1785295800000,testB,-1,-2.02,0.45,3.03,2.8,1.18,-1.91,1.34,1.2,0.83,0.88,0,-0.1,neutral,bajista,0,0.51,32,5988,2,
s22088,STXUSDT,1785295800000,testB,-1,-2.75,0.613,3.79,3.49,0.6,-2.64,1.19,0.89,0.79,1.11,0,-0.1,neutral,bajista,0,-0.043,32,5988,5,
s22089,LDOUSDT,1785295800000,testB,-1,-2.26,0.401,2.98,2.78,0.96,-2.16,1.49,0.75,0.68,0.88,0,-0.1,neutral,bajista,0,-1.0,22,5988,2,
s22090,SANDUSDT,1785295800000,testB,-1,-2.91,0.626,3.77,3.58,3.24,-2.81,1.88,1.49,1.01,0.97,1,-0.1,neutral,bajista,0,0.122,32,5988,5,
s22091,AXSUSDT,1785295800000,testB,-1,-2.63,0.611,3.55,3.06,1.61,-2.52,1.52,1.43,1.04,1.07,0,-0.1,neutral,bajista,0,0.12,32,5988,3,
s22092,APEUSDT,1785295800000,testB,-1,-3.99,0.616,4.91,4.77,0.97,-3.89,1.93,1.27,1.05,1.3,0,-0.1,neutral,bajista,0,0.3,32,5988,2,
s22093,XPLUSDT,1785296700000,train,-1,-3.99,0.589,5.52,5.44,1.48,-3.71,2.39,1.03,1.03,1.15,0,-0.28,neutral,bajista,0,0.041,32,5990,3,
s22094,STBLUSDT,1785296700000,train,-1,-2.6,0.5,3.91,3.81,2.0,-2.32,2.0,0.42,0.35,0.57,0,-0.28,neutral,bajista,0,-1.0,13,5990,3,
s22095,WLDUSDT,1785296700000,train,-1,-6.63,0.79,7.74,7.57,1.34,-6.35,3.44,1.55,0.96,1.01,0,-0.28,neutral,bajista,0,-0.391,32,5990,6,
s22096,ENAUSDT,1785296700000,train,-1,-3.99,0.732,5.39,4.86,2.1,-3.72,2.45,1.04,0.92,0.91,1,-0.28,neutral,bajista,0,-0.401,32,5990,6,
s22097,ARBUSDT,1785296700000,train,-1,-2.16,0.604,2.95,2.85,1.23,-1.89,1.38,0.87,0.87,0.88,0,-0.28,neutral,bajista,0,-0.45,32,5990,6,
s22098,OPUSDT,1785296700000,train,-1,-2.13,0.422,3.09,2.86,2.06,-1.85,1.47,0.72,0.73,1.06,0,-0.28,neutral,bajista,0,-0.08,32,5990,5,
s22099,TIAUSDT,1785296700000,train,-1,-3.65,0.667,4.49,4.39,3.89,-3.38,2.29,0.83,0.64,0.7,0,-0.28,neutral,bajista,0,-0.05,32,5990,6,
s22100,SEIUSDT,1785296700000,train,-1,-2.6,0.528,3.5,3.48,1.67,-2.32,1.61,1.04,0.85,1.07,0,-0.28,neutral,bajista,0,-0.192,32,5990,6,
s22101,PENDLEUSDT,1785296700000,train,-1,-2.08,0.474,2.59,2.5,1.48,-1.8,1.14,0.87,0.75,0.96,0,-0.28,neutral,bajista,0,-0.229,32,5990,5,
s22102,ONDOUSDT,1785296700000,train,-1,-2.98,0.49,4.19,3.68,1.5,-2.7,1.7,0.75,0.8,0.89,0,-0.28,neutral,bajista,0,-1.0,23,5989,5,
s22103,FETUSDT,1785296700000,train,-1,-3.09,0.606,3.64,3.49,0.98,-2.82,1.49,1.72,1.49,1.83,0,-0.28,neutral,bajista,0,-0.66,32,5989,6,
s22104,ARUSDT,1785296700000,testB,-1,-2.52,0.517,3.79,3.27,2.0,-2.24,1.62,1.2,0.83,0.88,0,-0.28,neutral,bajista,0,0.211,32,5989,3,
s22105,STXUSDT,1785296700000,testB,-1,-2.39,0.579,3.79,3.49,0.7,-2.12,1.08,0.89,0.79,1.11,0,-0.28,neutral,neutral,0,-0.106,32,5989,0,
s22106,GRTUSDT,1785296700000,testB,-1,-3.22,0.467,4.55,4.48,0.78,-2.94,1.65,1.41,1.1,1.01,1,-0.28,neutral,bajista,0,-0.167,32,5989,3,
s22107,LDOUSDT,1785296700000,testB,-1,-2.48,0.431,3.01,2.96,1.07,-2.2,1.37,0.75,0.68,0.88,0,-0.28,neutral,bajista,0,-1.0,21,5989,3,
s22108,SANDUSDT,1785296700000,testB,-1,-3.22,0.649,4.2,3.98,3.99,-2.94,2.0,1.49,1.01,0.97,1,-0.28,neutral,bajista,0,-0.049,32,5989,6,
s22109,AXSUSDT,1785296700000,testB,-1,-3.1,0.65,3.69,3.57,1.64,-2.83,1.84,1.43,1.04,1.07,0,-0.28,neutral,bajista,0,-0.103,32,5989,4,
s22110,APEUSDT,1785296700000,testB,-1,-4.07,0.62,5.48,5.2,1.01,-3.79,2.0,1.27,1.05,1.3,0,-0.28,neutral,bajista,0,-0.013,32,5989,3,
s22111,ASTERUSDT,1785297600000,train,-1,-2.82,0.771,3.77,3.21,3.66,-2.4,2.1,2.81,1.65,1.56,1,-0.42,neutral,bajista,0,0.191,32,5991,8,
s22112,XPLUSDT,1785297600000,train,-1,-4.63,0.714,6.46,5.67,2.01,-4.22,2.41,1.18,1.0,1.18,0,-0.42,neutral,bajista,0,0.095,32,5991,4,
s22113,PUMPUSDT,1785297600000,train,-1,-4.34,0.478,5.96,5.27,2.25,-3.92,2.65,1.13,1.11,1.2,0,-0.42,neutral,neutral,0,0.34,32,5991,1,
s22114,STBLUSDT,1785297600000,train,-1,-2.94,0.611,4.36,3.72,2.22,-2.52,1.74,0.43,0.35,0.57,0,-0.42,neutral,neutral,0,-1.0,12,5991,0,
s22115,WLDUSDT,1785297600000,train,-1,-6.13,0.699,8.14,6.93,1.37,-5.71,2.76,1.63,1.04,1.0,1,-0.42,neutral,neutral,0,-0.232,32,5991,0,
s22116,ENAUSDT,1785297600000,train,-1,-4.49,0.786,5.82,5.03,3.05,-4.07,2.55,1.18,0.94,0.96,0,-0.42,neutral,bajista,0,-0.389,32,5991,7,
s22117,ARBUSDT,1785297600000,train,-1,-2.57,0.702,3.58,3.1,1.78,-2.15,1.44,0.88,0.87,0.9,0,-0.42,neutral,bajista,0,-0.439,32,5991,7,
s22118,OPUSDT,1785297600000,train,-1,-2.56,0.561,3.89,2.86,2.89,-2.15,1.33,0.84,0.75,1.09,0,-0.42,neutral,neutral,0,-0.0,32,5991,0,
s22119,TIAUSDT,1785297600000,train,-1,-3.76,0.705,5.08,4.26,4.49,-3.35,2.0,0.98,0.72,0.73,0,-0.42,neutral,neutral,0,0.074,32,5991,0,
s22120,SEIUSDT,1785297600000,train,-1,-3.3,0.733,4.13,3.65,2.01,-2.88,1.62,1.25,0.93,1.11,0,-0.42,neutral,bajista,0,-0.196,32,5991,7,
s22121,ONDOUSDT,1785297600000,train,-1,-2.88,0.466,4.07,3.26,1.64,-2.46,1.25,0.79,0.75,0.91,0,-0.42,neutral,neutral,0,-1.0,22,5990,0,
s22122,FETUSDT,1785297600000,train,-1,-2.74,0.514,4.0,2.89,1.46,-2.32,1.06,1.83,1.54,1.85,0,-0.42,neutral,neutral,0,-0.538,32,5990,0,
s22123,ARUSDT,1785297600000,testB,-1,-3.57,0.681,4.8,4.05,4.9,-3.15,2.15,1.8,1.13,1.03,1,-0.42,neutral,bajista,0,0.171,32,5990,4,
s22124,STXUSDT,1785297600000,testB,-1,-2.32,0.552,3.63,3.04,0.75,-1.9,0.89,0.9,0.81,1.12,0,-0.42,neutral,neutral,0,0.049,32,5990,0,
s22125,GRTUSDT,1785297600000,testB,-1,-4.63,0.689,5.46,5.19,1.61,-4.21,2.1,1.85,1.3,1.12,1,-0.42,neutral,bajista,0,-0.289,32,5990,4,
s22126,SANDUSDT,1785297600000,testB,-1,-3.74,0.808,4.71,4.11,4.42,-3.32,1.9,1.95,1.21,1.08,1,-0.42,neutral,bajista,0,-0.041,32,5990,7,
s22127,AXSUSDT,1785297600000,testB,-1,-3.46,0.707,4.2,3.58,2.32,-3.04,1.86,1.8,1.19,1.16,1,-0.42,neutral,bajista,0,-0.172,32,5990,5,
s22128,APEUSDT,1785297600000,testB,-1,-4.05,0.62,5.31,4.43,0.83,-3.63,1.41,1.25,1.04,1.27,0,-0.42,neutral,neutral,0,0.4,32,5990,0,
s22129,ASTERUSDT,1785298500000,train,-1,-2.93,0.778,4.36,3.37,4.58,-2.61,2.04,2.81,1.65,1.56,1,-0.31,neutral,bajista,0,0.163,32,5992,8,
s22130,XPLUSDT,1785298500000,train,-1,-4.52,0.686,5.81,4.81,2.17,-4.21,2.08,1.18,1.0,1.18,0,-0.31,neutral,neutral,0,0.109,32,5992,0,
s22131,PUMPUSDT,1785298500000,train,-1,-5.27,0.525,7.12,6.37,3.7,-4.96,3.71,1.13,1.11,1.2,0,-0.31,neutral,bajista,0,0.143,32,5992,2,
s22132,STBLUSDT,1785298500000,train,-1,-3.33,0.743,4.23,3.63,2.14,-3.02,1.64,0.43,0.35,0.57,0,-0.31,neutral,neutral,0,-1.0,11,5992,1,
s22133,0GUSDT,1785298500000,train,-1,-6.14,0.702,8.72,7.27,1.84,-5.82,3.43,2.85,1.89,1.6,1,-0.31,neutral,neutral,0,0.273,32,5992,1,
s22134,WLDUSDT,1785298500000,train,-1,-5.09,0.577,7.26,5.5,1.33,-4.78,2.06,1.63,1.04,1.0,1,-0.31,neutral,neutral,0,-0.158,32,5992,0,
s22135,ENAUSDT,1785298500000,train,-1,-3.73,0.64,5.79,4.56,2.64,-3.41,1.95,1.18,0.94,0.96,0,-0.31,neutral,neutral,0,-0.304,32,5992,0,
s22136,ARBUSDT,1785298500000,train,-1,-2.28,0.577,3.57,2.79,2.27,-1.96,1.1,0.88,0.87,0.9,0,-0.31,neutral,neutral,0,-0.273,32,5992,0,
s22137,OPUSDT,1785298500000,train,-1,-2.12,0.442,3.76,2.39,3.36,-1.81,0.94,0.84,0.75,1.09,0,-0.31,neutral,neutral,0,0.333,32,5992,0,
s22138,INJUSDT,1785298500000,train,-1,-2.68,0.689,3.66,3.2,2.89,-2.36,1.83,0.8,0.8,0.85,0,-0.31,neutral,bajista,0,-1.0,20,5992,2,
s22139,TIAUSDT,1785298500000,train,-1,-3.37,0.607,5.06,3.93,3.62,-3.06,1.57,0.98,0.72,0.73,0,-0.31,neutral,neutral,0,0.096,32,5992,0,
s22140,SEIUSDT,1785298500000,train,-1,-2.95,0.615,4.02,3.21,2.28,-2.64,1.26,1.25,0.93,1.11,0,-0.31,neutral,neutral,0,-0.089,32,5992,0,
s22141,ONDOUSDT,1785298500000,train,-1,-3.05,0.481,3.58,3.15,1.82,-2.74,1.53,0.79,0.75,0.91,0,-0.31,neutral,neutral,0,-1.0,8,5991,1,
s22142,FETUSDT,1785298500000,train,-1,-2.45,0.486,4.0,2.89,1.54,-2.14,1.04,1.83,1.54,1.85,0,-0.31,neutral,neutral,0,-0.59,32,5991,0,
s22143,ARUSDT,1785298500000,testB,-1,-3.57,0.681,4.81,4.11,4.94,-3.26,2.09,1.8,1.13,1.03,1,-0.31,neutral,bajista,0,0.141,32,5991,5,
s22144,STXUSDT,1785298500000,testB,-1,-2.02,0.452,3.62,2.58,1.06,-1.71,0.43,0.9,0.81,1.12,0,-0.31,neutral,neutral,0,0.514,32,5991,0,
s22145,GRTUSDT,1785298500000,testB,-1,-4.56,0.673,5.59,4.98,2.14,-4.24,1.85,1.85,1.3,1.12,1,-0.31,neutral,neutral,0,-0.274,32,5991,0,
s22146,SANDUSDT,1785298500000,testB,-1,-3.88,0.814,4.85,4.14,3.36,-3.57,1.97,1.95,1.21,1.08,1,-0.31,neutral,bajista,0,-0.012,32,5991,8,
s22147,AXSUSDT,1785298500000,testB,-1,-2.51,0.512,3.93,2.83,2.39,-2.2,1.28,1.8,1.19,1.16,1,-0.31,neutral,neutral,0,-0.0,32,5991,0,
s22148,APEUSDT,1785298500000,testB,-1,-3.48,0.546,4.69,3.6,0.84,-3.16,1.17,1.25,1.04,1.27,0,-0.31,neutral,neutral,0,0.566,32,5991,0,
s22149,ASTERUSDT,1785299400000,train,-1,-3.12,0.843,4.36,3.43,3.99,-2.78,1.91,2.81,1.65,1.56,1,-0.34,neutral,bajista,0,0.111,32,5993,8,
s22150,XPLUSDT,1785299400000,train,-1,-4.39,0.679,5.81,4.85,1.52,-4.05,1.94,1.18,1.0,1.18,0,-0.34,neutral,neutral,0,0.108,32,5993,1,
s22151,PUMPUSDT,1785299400000,train,-1,-6.87,0.642,8.62,7.64,3.97,-6.52,4.4,1.13,1.11,1.2,0,-0.34,neutral,bajista,0,-0.113,32,5993,3,
s22152,STBLUSDT,1785299400000,train,-1,-3.42,0.748,4.1,3.68,1.04,-3.08,1.68,0.43,0.35,0.57,0,-0.34,neutral,bajista,0,-1.0,10,5993,2,
s22153,0GUSDT,1785299400000,train,-1,-6.7,0.72,8.31,7.44,1.62,-6.35,3.65,2.85,1.89,1.6,1,-0.34,neutral,bajista,0,0.187,32,5993,2,
s22154,WLDUSDT,1785299400000,train,-1,-5.09,0.577,7.27,5.6,0.96,-4.75,1.97,1.63,1.04,1.0,1,-0.34,neutral,neutral,0,-0.232,32,5993,1,
s22155,ENAUSDT,1785299400000,train,-1,-3.93,0.704,5.79,4.46,2.15,-3.59,1.72,1.18,0.94,0.96,0,-0.34,neutral,neutral,0,-0.226,32,5993,0,
s22156,ARBUSDT,1785299400000,train,-1,-2.48,0.668,3.57,2.73,1.78,-2.14,0.94,0.88,0.87,0.9,0,-0.34,neutral,neutral,0,-0.289,32,5993,0,
s22157,OPUSDT,1785299400000,train,-1,-2.12,0.442,3.76,2.28,2.7,-1.78,0.8,0.84,0.75,1.09,0,-0.34,neutral,neutral,0,0.45,32,5993,0,
s22158,INJUSDT,1785299400000,train,-1,-2.8,0.747,3.66,3.11,2.72,-2.46,1.62,0.8,0.8,0.85,0,-0.34,neutral,neutral,0,-1.0,19,5993,0,
s22159,TIAUSDT,1785299400000,train,-1,-3.37,0.607,5.05,3.74,2.2,-3.03,1.28,0.98,0.72,0.73,0,-0.34,neutral,neutral,0,0.134,32,5993,0,
s22160,SEIUSDT,1785299400000,train,-1,-2.86,0.585,4.01,3.04,2.02,-2.52,0.99,1.25,0.93,1.11,0,-0.34,neutral,neutral,0,-0.008,32,5993,0,
s22161,ONDOUSDT,1785299400000,train,-1,-2.57,0.43,3.35,2.87,1.82,-2.23,1.34,0.79,0.75,0.91,0,-0.34,neutral,neutral,0,-1.0,5,5992,0,
s22162,FETUSDT,1785299400000,train,-1,-2.45,0.486,3.99,2.81,1.23,-2.11,0.91,1.83,1.54,1.85,0,-0.34,neutral,neutral,0,-0.368,32,5992,0,
s22163,ARUSDT,1785299400000,testB,-1,-3.4,0.629,4.79,3.75,4.4,-3.06,1.6,1.8,1.13,1.03,1,-0.34,neutral,neutral,0,0.215,32,5992,0,
s22164,STXUSDT,1785299400000,testB,-1,-2.1,0.46,3.55,2.66,0.86,-1.76,0.48,0.9,0.81,1.12,0,-0.34,neutral,neutral,0,0.444,32,5992,1,
s22165,GRTUSDT,1785299400000,testB,-1,-4.49,0.657,5.59,4.84,2.13,-4.15,1.62,1.85,1.3,1.12,1,-0.34,neutral,neutral,0,-0.268,32,5992,0,
s22166,SANDUSDT,1785299400000,testB,-1,-4.0,0.818,4.83,4.27,2.28,-3.66,1.91,1.95,1.21,1.08,1,-0.34,neutral,bajista,0,-0.034,32,5992,8,
s22167,AXSUSDT,1785299400000,testB,-1,-2.87,0.571,3.94,3.08,1.59,-2.53,1.38,1.8,1.19,1.16,1,-0.34,neutral,neutral,0,-0.08,32,5992,1,
s22168,APEUSDT,1785299400000,testB,-1,-3.68,0.56,4.71,4.03,0.79,-3.34,1.38,1.25,1.04,1.27,0,-0.34,neutral,neutral,0,0.441,32,5992,1,
s22169,ASTERUSDT,1785300300000,train,-1,-3.25,0.849,4.37,3.62,3.81,-3.27,1.9,2.81,1.65,1.56,1,0.03,neutral,bajista,0,0.06,32,5994,8,
s22170,XPLUSDT,1785300300000,train,-1,-3.65,0.558,5.5,4.12,1.34,-3.68,1.44,1.18,1.0,1.18,0,0.03,neutral,neutral,0,0.265,32,5994,0,
s22171,PUMPUSDT,1785300300000,train,-1,-5.79,0.543,8.25,6.74,4.18,-5.82,3.64,1.13,1.11,1.2,0,0.03,neutral,neutral,0,-0.04,32,5994,0,
s22172,STBLUSDT,1785300300000,train,-1,-3.43,0.748,4.05,3.73,0.96,-3.45,1.66,0.43,0.35,0.57,0,0.03,neutral,neutral,0,-1.0,9,5994,0,
s22173,0GUSDT,1785300300000,train,-1,-6.22,0.685,7.83,6.83,1.06,-6.25,3.26,2.85,1.89,1.6,1,0.03,neutral,neutral,0,0.252,32,5994,0,
s22174,WLDUSDT,1785300300000,train,-1,-3.36,0.399,5.9,3.58,0.77,-3.39,1.18,1.63,1.04,1.0,1,0.03,neutral,neutral,0,-0.231,32,5994,0,
s22175,ENAUSDT,1785300300000,train,-1,-2.84,0.468,5.16,3.04,1.53,-2.86,0.86,1.18,0.94,0.96,0,0.03,neutral,neutral,0,-0.081,32,5994,0,
s22176,INJUSDT,1785300300000,train,-1,-2.19,0.612,3.03,2.26,2.98,-2.21,1.25,0.8,0.8,0.85,0,0.03,neutral,neutral,0,-1.0,18,5994,0,
s22177,TIAUSDT,1785300300000,train,-1,-2.77,0.52,4.51,3.01,1.36,-2.8,1.03,0.98,0.72,0.73,0,0.03,neutral,neutral,0,0.302,32,5994,0,
s22178,SEIUSDT,1785300300000,train,-1,-2.36,0.495,3.58,2.42,1.75,-2.39,0.81,1.25,0.93,1.11,0,0.03,neutral,neutral,0,0.088,32,5994,0,
s22179,FETUSDT,1785300300000,train,-1,-2.03,0.424,3.55,2.29,0.94,-2.05,0.74,1.83,1.54,1.85,0,0.03,neutral,neutral,0,-0.161,32,5993,0,
s22180,ARUSDT,1785300300000,testB,-1,-3.07,0.579,4.44,3.29,3.13,-3.1,1.39,1.8,1.13,1.03,1,0.03,neutral,neutral,0,0.281,32,5993,0,
s22181,GRTUSDT,1785300300000,testB,-1,-4.11,0.624,5.17,4.36,2.2,-4.14,1.51,1.85,1.3,1.12,1,0.03,neutral,neutral,0,-0.203,32,5993,0,
s22182,SANDUSDT,1785300300000,testB,-1,-3.59,0.739,4.72,3.97,1.59,-3.62,1.61,1.95,1.21,1.08,1,0.03,neutral,neutral,0,0.031,32,5993,0,
s22183,AXSUSDT,1785300300000,testB,-1,-2.4,0.476,3.69,2.58,1.7,-2.42,1.04,1.8,1.19,1.16,1,0.03,neutral,neutral,0,0.048,32,5993,0,
s22184,APEUSDT,1785300300000,testB,-1,-3.1,0.475,4.49,3.54,0.69,-3.13,1.07,1.25,1.04,1.27,0,0.03,neutral,neutral,0,0.558,32,5993,0,
s22185,ASTERUSDT,1785301200000,train,-1,-2.98,0.774,4.36,3.47,1.32,-3.26,1.58,3.05,1.7,1.62,1,0.28,neutral,neutral,0,0.067,32,5995,0,
s22186,XPLUSDT,1785301200000,train,-1,-3.29,0.477,5.48,3.71,0.75,-3.57,0.96,1.17,0.96,1.16,0,0.28,neutral,neutral,0,0.437,32,5995,0,
s22187,PUMPUSDT,1785301200000,train,-1,-4.26,0.413,8.2,6.11,2.33,-4.54,2.72,1.13,0.98,1.21,0,0.28,neutral,neutral,0,-0.035,32,5995,0,
s22188,STBLUSDT,1785301200000,train,-1,-3.47,0.765,4.05,3.73,0.89,-3.75,1.55,0.49,0.37,0.58,0,0.28,neutral,neutral,0,-1.0,8,5995,1,
s22189,0GUSDT,1785301200000,train,-1,-4.99,0.632,6.84,5.98,0.8,-5.27,2.83,2.85,1.96,1.56,1,0.28,neutral,neutral,0,0.067,32,5995,1,
s22190,TIAUSDT,1785301200000,train,-1,-2.17,0.41,4.19,2.41,0.8,-2.45,0.66,0.98,0.72,0.73,0,0.28,neutral,neutral,0,0.403,32,5995,0,
s22191,ARUSDT,1785301200000,testB,-1,-2.63,0.505,4.26,2.93,0.53,-2.92,1.09,1.77,1.14,1.03,1,0.28,neutral,neutral,0,0.333,32,5994,0,
s22192,GRTUSDT,1785301200000,testB,-1,-3.16,0.511,4.34,3.26,0.84,-3.44,1.14,1.87,1.27,1.12,1,0.28,neutral,neutral,0,-0.104,32,5994,0,
s22193,SANDUSDT,1785301200000,testB,-1,-3.27,0.678,4.37,3.48,1.14,-3.55,1.33,1.9,1.22,1.08,1,0.28,neutral,neutral,0,0.028,32,5994,0,
s22194,APEUSDT,1785301200000,testB,-1,-2.32,0.385,3.4,2.31,0.49,-2.61,0.79,1.2,1.02,1.23,0,0.28,neutral,neutral,0,0.853,32,5994,0,
s22195,ASTERUSDT,1785302100000,train,-1,-3.21,0.893,4.36,3.45,0.57,-3.27,1.44,3.05,1.7,1.62,1,0.06,neutral,neutral,0,-0.034,32,5996,0,
s22196,XPLUSDT,1785302100000,train,-1,-3.32,0.478,5.01,3.42,0.59,-3.38,1.02,1.17,0.96,1.16,0,0.06,neutral,neutral,0,0.33,32,5996,1,
s22197,PUMPUSDT,1785302100000,train,-1,-4.55,0.456,8.19,6.05,1.15,-4.61,2.48,1.13,0.98,1.21,0,0.06,neutral,neutral,0,-0.0,32,5996,0,
s22198,STBLUSDT,1785302100000,train,-1,-3.38,0.76,4.05,3.64,0.74,-3.44,1.4,0.49,0.37,0.58,0,0.06,neutral,neutral,0,-1.0,7,5996,0,
s22199,0GUSDT,1785302100000,train,-1,-3.93,0.492,6.8,5.35,0.58,-3.99,2.04,2.85,1.96,1.56,1,0.06,neutral,neutral,0,0.148,32,5996,0,
s22200,TIAUSDT,1785302100000,train,-1,-2.29,0.424,4.0,2.35,0.65,-2.35,0.74,0.98,0.72,0.73,0,0.06,neutral,neutral,0,0.307,32,5996,1,
s22201,ARUSDT,1785302100000,testB,-1,-2.8,0.543,4.03,2.76,0.41,-2.86,1.06,1.77,1.14,1.03,1,0.06,neutral,neutral,0,0.313,32,5995,1,
s22202,SANDUSDT,1785302100000,testB,-1,-3.2,0.673,4.21,3.33,0.48,-3.26,1.22,1.9,1.22,1.08,1,0.06,neutral,neutral,0,0.058,32,5995,1,
s22203,AXSUSDT,1785302100000,testB,-1,-2.4,0.435,3.33,2.46,0.89,-2.46,1.05,1.96,1.28,1.2,1,0.06,neutral,neutral,0,-0.1,32,5995,1,
s22204,APEUSDT,1785302100000,testB,-1,-2.8,0.429,3.43,3.15,0.53,-2.86,1.42,1.2,1.02,1.23,0,0.06,neutral,neutral,0,0.478,32,5995,1,
s22205,ASTERUSDT,1785303000000,train,-1,-3.21,0.893,4.37,3.52,0.46,-3.54,1.35,3.05,1.7,1.62,1,0.33,neutral,neutral,0,-0.123,32,5997,1,
s22206,XPLUSDT,1785303000000,train,-1,-2.82,0.437,4.52,2.94,0.51,-3.14,0.87,1.17,0.96,1.16,0,0.33,neutral,neutral,0,0.105,32,5997,0,
s22207,PUMPUSDT,1785303000000,train,-1,-3.71,0.4,8.19,6.0,0.42,-4.04,2.12,1.13,0.98,1.21,0,0.33,neutral,neutral,0,-0.08,32,5997,0,
s22208,STBLUSDT,1785303000000,train,-1,-2.99,0.663,3.77,3.12,1.02,-3.31,1.05,0.49,0.37,0.58,0,0.33,neutral,neutral,0,-1.0,6,5997,0,
s22209,0GUSDT,1785303000000,train,-1,-3.61,0.435,6.76,4.66,0.52,-3.93,1.21,2.85,1.96,1.56,1,0.33,neutral,neutral,0,0.169,32,5997,0,
s22210,ARUSDT,1785303000000,testB,-1,-2.02,0.409,3.73,2.18,0.29,-2.35,0.67,1.77,1.14,1.03,1,0.33,neutral,neutral,0,0.368,32,5996,0,
s22211,SANDUSDT,1785303000000,testB,-1,-2.76,0.6,3.88,2.86,0.38,-3.09,0.94,1.9,1.22,1.08,1,0.33,neutral,neutral,0,-0.042,32,5996,0,
s22212,APEUSDT,1785303000000,testB,-1,-2.93,0.449,3.43,3.22,0.49,-3.26,1.31,1.2,1.02,1.23,0,0.33,neutral,bajista,0,0.298,32,5996,2,
s22213,ASTERUSDT,1785303900000,train,-1,-3.28,0.903,4.37,3.57,0.42,-3.85,1.25,3.05,1.7,1.62,1,0.57,neutral,bajista,0,-0.186,32,5998,2,
s22214,PUMPUSDT,1785303900000,train,-1,-3.66,0.392,8.18,5.88,0.44,-4.23,1.68,1.13,0.98,1.21,0,0.57,neutral,neutral,0,-0.1,32,5998,0,
s22215,STBLUSDT,1785303900000,train,-1,-2.15,0.471,3.2,2.1,1.12,-2.72,0.54,0.49,0.37,0.58,0,0.57,neutral,neutral,0,-1.0,5,5998,0,
s22216,AXSUSDT,1785303900000,testB,-1,-2.06,0.378,2.84,2.22,0.68,-2.63,1.03,1.96,1.28,1.2,1,0.57,neutral,neutral,0,-0.333,32,5997,1,
s22217,ASTERUSDT,1785304800000,train,-1,-3.45,0.915,4.21,3.58,0.8,-3.9,1.32,3.51,1.96,1.74,1,0.45,neutral,bajista,0,-0.167,32,5999,3,
s22218,PUMPUSDT,1785304800000,train,-1,-4.62,0.495,8.23,6.45,0.46,-5.06,2.05,1.14,0.94,1.18,0,0.45,neutral,neutral,0,-0.383,32,5999,1,
s22219,0GUSDT,1785304800000,train,-1,-3.24,0.372,6.77,4.87,0.41,-3.69,0.95,2.6,1.98,1.49,1,0.45,neutral,neutral,0,0.392,32,5999,1,
s22220,INJUSDT,1785304800000,train,-1,-2.02,0.525,2.82,2.26,0.49,-2.47,0.87,0.76,0.69,0.85,0,0.45,neutral,bajista,0,-1.0,13,5999,2,
s22221,ASTERUSDT,1785305700000,train,-1,-3.08,0.827,4.09,3.29,0.84,-3.67,1.04,3.51,1.96,1.74,1,0.59,neutral,neutral,0,-0.071,32,6000,0,
s22222,PUMPUSDT,1785305700000,train,-1,-4.95,0.554,8.21,6.22,0.57,-5.54,1.56,1.14,0.94,1.18,0,0.59,neutral,neutral,0,-0.31,32,6000,0,
s22223,0GUSDT,1785305700000,train,-1,-3.73,0.457,6.76,4.66,0.36,-4.32,0.73,2.6,1.98,1.49,1,0.59,neutral,neutral,0,0.62,32,6000,0,
s22224,ASTERUSDT,1785306600000,train,-1,-3.12,0.829,3.94,3.24,0.82,-3.81,1.03,3.51,1.96,1.74,1,0.68,neutral,neutral,0,-0.097,32,6001,1,
s22225,XPLUSDT,1785306600000,train,-1,-2.52,0.439,3.9,2.62,0.54,-3.2,0.55,1.18,0.97,1.18,0,0.68,neutral,neutral,0,0.716,32,6001,1,
s22226,PUMPUSDT,1785306600000,train,-1,-4.94,0.554,7.49,5.3,0.6,-5.62,1.23,1.14,0.94,1.18,0,0.68,neutral,neutral,0,-0.343,32,6001,0,
s22227,0GUSDT,1785306600000,train,-1,-4.42,0.5,6.02,4.7,0.31,-5.11,1.29,2.6,1.98,1.49,1,0.68,neutral,neutral,0,0.577,32,6001,1,
s22228,ASTERUSDT,1785307500000,train,-1,-2.3,0.703,3.35,2.49,0.81,-3.01,0.79,3.51,1.96,1.74,1,0.71,neutral,neutral,0,-0.113,32,6002,0,
s22229,XPLUSDT,1785307500000,train,-1,-3.57,0.524,4.22,4.16,0.83,-4.28,2.04,1.18,0.97,1.18,0,0.71,neutral,bajista,0,0.046,32,6002,2,
s22230,PUMPUSDT,1785307500000,train,-1,-4.49,0.512,7.16,4.81,0.52,-5.2,1.03,1.14,0.94,1.18,0,0.71,neutral,neutral,0,-0.267,32,6002,0,
s22231,0GUSDT,1785307500000,train,-1,-3.64,0.449,5.3,4.17,0.33,-4.35,1.34,2.6,1.98,1.49,1,0.71,neutral,bajista,0,0.524,32,6002,2,
s22232,INJUSDT,1785307500000,train,-1,-2.07,0.442,2.65,2.36,0.66,-2.78,0.96,0.76,0.69,0.85,0,0.71,neutral,bajista,0,-1.0,10,6002,2,
s22233,ASTERUSDT,1785308400000,train,-1,-2.19,0.672,3.24,2.32,0.34,-3.01,0.64,3.57,2.05,1.77,1,0.82,neutral,neutral,0,0.029,32,6003,0,
s22234,XPLUSDT,1785308400000,train,-1,-3.18,0.442,4.23,3.29,1.34,-4.0,1.5,1.35,1.06,1.24,0,0.82,neutral,neutral,0,0.176,32,6003,0,
s22235,PUMPUSDT,1785308400000,train,-1,-4.75,0.525,7.08,5.1,0.37,-5.57,1.35,1.09,0.93,1.13,0,0.82,neutral,neutral,0,-0.368,32,6003,1,
s22236,0GUSDT,1785308400000,train,-1,-3.57,0.437,5.16,3.84,0.31,-4.39,1.14,2.23,2.1,1.51,1,0.82,neutral,neutral,0,0.5,32,6003,0,
s22237,INJUSDT,1785308400000,train,-1,-2.18,0.476,2.58,2.27,0.56,-2.99,0.85,0.78,0.67,0.82,0,0.82,neutral,neutral,0,-1.0,9,6003,0,
s22238,APEUSDT,1785308400000,testB,-1,-2.09,0.356,2.54,2.27,0.7,-2.91,0.8,1.05,1.0,1.12,0,0.82,neutral,bajista,0,0.667,32,6002,3,
s22239,PUMPUSDT,1785309300000,train,-1,-4.32,0.5,6.39,4.51,0.22,-5.43,1.34,1.09,0.93,1.13,0,1.11,neutral,bajista,0,-0.524,32,6004,2,
s22240,JUPUSDT,1785309300000,train,1,2.8,0.707,3.96,3.86,0.58,1.69,1.01,1.58,1.37,1.28,1,1.11,neutral,alcista,0,-0.173,32,6004,3,
s22241,PUMPUSDT,1785310200000,train,-1,-3.13,0.417,5.33,3.77,0.26,-4.26,1.46,1.09,0.93,1.13,0,1.13,neutral,bajista,0,-1.0,26,6005,3,
s22242,STBLUSDT,1785310200000,train,1,3.85,0.618,5.47,4.63,5,2.72,2.66,1.25,0.76,0.78,0,1.13,neutral,neutral,0,-0.238,32,6005,1,
s22243,INJUSDT,1785310200000,train,-1,-2.37,0.472,2.97,2.45,0.73,-3.5,0.94,0.78,0.67,0.82,0,1.13,neutral,neutral,0,-1.0,7,6005,1,
s22244,JUPUSDT,1785310200000,train,1,2.92,0.753,3.81,3.56,0.59,1.79,0.84,1.58,1.37,1.28,1,1.13,neutral,neutral,0,-0.145,32,6005,0,
s22245,PUMPUSDT,1785311100000,train,-1,-2.86,0.369,5.3,3.16,0.3,-4.14,0.78,1.09,0.93,1.13,0,1.27,neutral,neutral,0,-1.0,25,6006,0,
s22246,STBLUSDT,1785311100000,train,1,4.18,0.705,5.47,4.63,5,2.91,2.36,1.25,0.76,0.78,0,1.27,neutral,neutral,0,-0.238,32,6006,0,
s22247,WLDUSDT,1785311100000,train,1,2.76,0.719,3.44,3.41,0.58,1.49,0.7,1.1,1.09,0.97,1,1.27,neutral,neutral,0,-0.067,32,6006,1,
s22248,INJUSDT,1785311100000,train,-1,-2.03,0.38,2.96,2.11,0.74,-3.3,0.57,0.78,0.67,0.82,0,1.27,neutral,neutral,0,-1.0,6,6006,0,
s22249,JUPUSDT,1785311100000,train,1,2.91,0.753,3.91,3.76,0.76,1.64,1.0,1.58,1.37,1.28,1,1.27,neutral,neutral,0,-0.164,32,6006,1,
s22250,ONDOUSDT,1785311100000,train,1,2.69,0.442,3.61,3.09,0.48,1.42,0.68,0.76,0.75,0.91,0,1.27,neutral,neutral,0,-1.0,32,6005,1,
s22251,LDOUSDT,1785311100000,testB,1,2.4,0.478,2.67,2.59,0.9,1.12,0.85,0.62,0.64,0.88,0,1.27,neutral,alcista,0,-1.0,30,6005,3,
s22252,STBLUSDT,1785312000000,train,1,3.4,0.521,5.51,4.0,1.29,2.42,1.65,1.45,0.88,0.73,1,0.98,neutral,neutral,0,-0.278,32,6007,0,
s22253,WLDUSDT,1785312000000,train,1,3.18,0.748,4.06,3.51,1.55,2.21,1.57,1.2,1.21,1.02,0,0.98,neutral,alcista,0,-0.352,32,6007,2,
s22254,STBLUSDT,1785312900000,train,1,3.17,0.469,5.52,3.74,1.24,2.4,1.39,1.45,0.88,0.73,1,0.77,neutral,neutral,0,-0.19,32,6008,0,
s22255,WLDUSDT,1785312900000,train,1,2.47,0.649,3.35,2.67,1.97,1.7,1.4,1.2,1.21,1.02,0,0.77,neutral,neutral,0,-0.22,32,6008,0,
s22256,STBLUSDT,1785313800000,train,1,3.77,0.539,5.5,4.12,1.13,2.89,1.66,1.45,0.88,0.73,1,0.88,neutral,neutral,0,-0.344,32,6009,1,
s22257,WLDUSDT,1785313800000,train,1,3.33,0.746,3.65,3.23,2.53,2.46,2.05,1.2,1.21,1.02,0,0.88,neutral,neutral,0,-0.68,32,6009,1,
s22258,JUPUSDT,1785313800000,train,1,2.11,0.385,2.69,2.07,1.02,1.23,0.62,1.55,1.42,1.32,1,0.88,neutral,neutral,0,-0.05,32,6009,1,
s22259,ONDOUSDT,1785313800000,train,1,2.56,0.373,3.22,2.55,0.75,1.69,0.69,0.73,0.71,0.91,0,0.88,neutral,neutral,0,-1.0,27,6008,1,
s22260,STBLUSDT,1785314700000,train,1,2.95,0.376,5.55,3.27,0.87,2.25,0.68,1.45,0.88,0.73,1,0.7,neutral,neutral,0,-0.055,32,6010,0,
s22261,WLDUSDT,1785314700000,train,1,2.52,0.644,3.49,2.94,2.76,1.82,1.67,1.2,1.21,1.02,0,0.7,neutral,neutral,0,-0.758,32,6010,0,
s22262,FETUSDT,1785314700000,train,-1,-2.22,0.375,2.95,2.8,3.13,-2.92,1.54,1.62,1.59,1.74,0,0.7,neutral,bajista,0,-1.0,11,6009,4,
s22263,STBLUSDT,1785315600000,train,1,2.99,0.38,5.55,3.31,0.51,2.28,0.66,1.42,0.91,0.65,1,0.71,neutral,neutral,0,0.0,32,6011,1,
s22264,WLDUSDT,1785315600000,train,1,3.15,0.693,3.66,3.56,1.16,2.43,2.02,0.96,1.25,1.01,0,0.71,neutral,neutral,0,-0.658,32,6011,1,
s22265,STBLUSDT,1785316500000,train,1,3.09,0.387,5.27,3.13,0.44,2.29,0.7,1.42,0.91,0.65,1,0.79,neutral,alcista,0,0.057,32,6012,2,
s22266,WLDUSDT,1785316500000,train,1,2.85,0.597,3.6,3.25,1.07,2.05,1.6,0.96,1.25,1.01,0,0.79,neutral,neutral,0,-0.762,32,6012,0,
s22267,LDOUSDT,1785316500000,testB,1,2.56,0.487,2.55,2.5,1.14,1.77,1.74,0.68,0.7,0.88,0,0.79,neutral,alcista,0,-1.0,15,6011,2,
s22268,STBLUSDT,1785317400000,train,1,2.76,0.353,5.01,2.77,0.34,1.85,0.56,1.42,0.91,0.65,1,0.9,neutral,neutral,0,0.145,32,6013,0,
s22269,WLDUSDT,1785317400000,train,1,2.74,0.589,3.7,3.28,0.82,1.84,1.39,0.96,1.25,1.01,0,0.9,neutral,neutral,0,-0.696,32,6013,1,
s22270,LDOUSDT,1785317400000,testB,1,2.12,0.416,3.01,2.31,1.5,1.21,1.39,0.68,0.7,0.88,0,0.9,neutral,neutral,0,-1.0,14,6012,0,
s22271,0GUSDT,1785318300000,train,-1,-2.35,0.4,3.35,2.48,0.94,-3.31,0.62,1.82,2.27,1.58,0,0.96,neutral,neutral,0,0.324,32,6014,1,
s22272,WLDUSDT,1785318300000,train,1,2.85,0.623,3.7,3.28,0.8,1.88,1.25,0.96,1.25,1.01,0,0.96,neutral,neutral,0,-0.539,32,6014,0,
s22273,0GUSDT,1785319200000,train,-1,-2.17,0.379,3.02,2.55,0.89,-3.01,1.01,1.52,2.23,1.6,0,0.84,neutral,bajista,0,0.105,32,6015,2,
s22274,WLDUSDT,1785319200000,train,1,2.91,0.647,3.44,2.96,0.69,2.08,1.13,0.88,1.26,1.02,0,0.84,neutral,neutral,0,-0.337,32,6015,0,
s22275,STBLUSDT,1785320100000,train,1,3.33,0.386,4.82,3.8,0.26,3.0,1.49,1.52,0.97,0.65,1,0.33,neutral,neutral,0,-0.186,32,6016,1,
s22276,0GUSDT,1785320100000,train,-1,-2.17,0.379,3.02,2.35,0.98,-2.5,0.82,1.52,2.23,1.6,0,0.33,neutral,neutral,0,0.514,32,6016,0,
s22277,STBLUSDT,1785321000000,train,1,4.12,0.474,4.8,4.18,0.36,3.82,1.65,1.52,0.97,0.65,1,0.31,neutral,alcista,0,-0.063,32,6017,2,
s22278,STBLUSDT,1785321900000,train,1,3.49,0.373,4.7,3.37,0.49,3.43,0.84,1.52,0.97,0.65,1,0.06,neutral,neutral,0,0.092,32,6018,0,
s22279,INJUSDT,1785321900000,train,1,2.6,0.565,4.05,3.3,0.69,2.55,1.28,1.09,0.93,0.91,1,0.06,neutral,alcista,0,-0.053,32,6018,3,
s22280,INJUSDT,1785322800000,train,1,3.02,0.602,4.19,3.71,0.72,2.94,1.5,1.26,0.99,0.91,1,0.08,neutral,alcista,0,-0.145,32,6019,4,
s22281,0GUSDT,1785323700000,train,-1,-2.11,0.41,3.03,2.63,1.08,-2.08,0.93,1.6,2.28,1.66,0,-0.03,neutral,bajista,0,0.282,32,6020,2,
s22282,INJUSDT,1785323700000,train,1,2.2,0.394,4.22,3.06,0.87,2.23,0.75,1.26,0.99,0.91,1,-0.03,neutral,neutral,0,-0.191,32,6020,0,
s22283,0GUSDT,1785324600000,train,-1,-2.45,0.446,3.66,3.26,1.67,-2.33,1.36,1.6,2.28,1.66,0,-0.12,neutral,bajista,0,0.167,32,6021,3,
s22284,0GUSDT,1785325500000,train,-1,-2.84,0.544,3.53,3.19,1.44,-2.74,1.32,1.6,2.28,1.66,0,-0.09,neutral,bajista,0,0.277,32,6022,4,
s22285,0GUSDT,1785326400000,train,-1,-2.13,0.471,3.06,2.31,1.75,-2.25,1.29,1.72,2.22,1.7,0,0.13,neutral,bajista,0,-1.0,6,6023,5,
s22286,FETUSDT,1785326400000,train,1,2.93,0.459,4.15,3.72,1.12,2.8,1.79,2.13,1.96,1.87,1,0.13,neutral,neutral,0,-0.039,32,6022,0,
s22287,FETUSDT,1785327300000,train,1,3.15,0.488,4.15,3.86,1.51,3.11,1.75,2.13,1.96,1.87,1,0.05,neutral,neutral,0,-0.358,32,6023,1,
s22288,FETUSDT,1785328200000,train,1,2.86,0.422,4.17,3.29,1.58,3.01,1.0,2.13,1.96,1.87,1,-0.15,neutral,neutral,0,-0.178,32,6024,0,
s22289,FETUSDT,1785329100000,train,1,2.65,0.376,4.05,2.58,1.51,2.87,0.55,2.13,1.96,1.87,1,-0.22,neutral,neutral,0,-0.286,32,6025,0,
s22290,WLDUSDT,1785330000000,train,-1,-2.22,0.561,3.45,2.53,0.91,-2.01,0.56,0.97,1.05,0.96,0,-0.2,neutral,neutral,0,-1.0,23,6027,0,
s22291,PENDLEUSDT,1785330900000,train,-1,-2.06,0.539,2.79,2.68,0.62,-1.66,0.79,0.85,0.9,0.83,0,-0.4,neutral,neutral,0,1.127,32,6028,1,
s22292,LDOUSDT,1785330900000,testB,-1,-2.69,0.676,3.7,3.34,0.74,-2.29,1.08,0.7,0.65,0.78,0,-0.4,neutral,bajista,0,0.57,32,6027,4,
s22293,MANAUSDT,1785330900000,testB,1,2.01,0.647,2.28,2.16,0.85,2.41,1.21,1.04,0.98,0.96,1,-0.4,neutral,alcista,0,-0.221,32,6027,5,
s22294,PENDLEUSDT,1785331800000,train,-1,-2.14,0.572,2.56,2.22,1.1,-1.94,0.6,0.85,0.9,0.83,0,-0.2,neutral,neutral,1,2.0,30,6029,0,
s22295,LDOUSDT,1785331800000,testB,-1,-2.34,0.576,3.03,2.45,0.75,-2.14,0.78,0.7,0.65,0.78,0,-0.2,neutral,neutral,0,0.798,32,6028,0,
s22296,MANAUSDT,1785331800000,testB,1,2.99,0.732,3.33,3.33,1.13,3.19,2.22,1.04,0.98,0.96,1,-0.2,neutral,alcista,0,-0.465,32,6028,6,
s22297,PENDLEUSDT,1785332700000,train,-1,-2.01,0.556,3.26,2.05,2.29,-1.96,0.75,0.85,0.9,0.83,0,-0.04,neutral,neutral,1,2.0,26,6030,1,
s22298,LDOUSDT,1785332700000,testB,-1,-2.16,0.541,3.06,2.29,0.96,-2.12,0.71,0.7,0.65,0.78,0,-0.04,neutral,neutral,0,0.783,32,6029,0,
s22299,MANAUSDT,1785332700000,testB,1,3.48,0.833,4.24,3.6,2.35,3.52,2.22,1.04,0.98,0.96,1,-0.04,neutral,alcista,0,-0.469,32,6029,7,
s22300,PENDLEUSDT,1785333600000,train,-1,-2.09,0.565,2.78,2.29,2.95,-1.48,1.35,1.01,0.95,0.84,1,-0.62,neutral,bajista,0,0.527,32,6031,2,
s22301,LDOUSDT,1785333600000,testB,-1,-2.68,0.593,3.17,3.11,0.78,-2.06,1.55,0.68,0.66,0.73,0,-0.62,neutral,neutral,0,0.143,32,6030,1,
s22302,MANAUSDT,1785333600000,testB,1,3.13,0.691,4.26,3.26,2.98,3.75,1.65,1.28,1.06,0.99,1,-0.62,neutral,neutral,0,-0.303,32,6030,0,
s22303,PENDLEUSDT,1785334500000,train,-1,-2.0,0.553,2.78,2.41,3.38,-1.35,1.35,1.01,0.95,0.84,1,-0.65,neutral,bajista,0,0.238,32,6032,3,
s22304,ONDOUSDT,1785334500000,train,-1,-2.08,0.378,2.27,2.17,1.48,-1.42,1.24,0.89,0.81,0.86,0,-0.65,neutral,bajista,0,-1.0,15,6031,2,
s22305,STXUSDT,1785334500000,testB,-1,-2.06,0.519,2.78,2.25,0.67,-1.41,0.93,0.53,0.54,0.69,0,-0.65,neutral,bajista,0,-1.0,15,6031,2,
s22306,LDOUSDT,1785334500000,testB,-1,-2.94,0.686,3.45,3.14,0.85,-2.29,1.41,0.68,0.66,0.73,0,-0.65,neutral,bajista,0,0.08,32,6031,2,
s22307,MANAUSDT,1785334500000,testB,1,3.7,0.752,4.24,3.7,3.04,4.35,1.87,1.28,1.06,0.99,1,-0.65,neutral,neutral,0,-0.591,32,6031,1,
s22308,PENDLEUSDT,1785335400000,train,-1,-2.65,0.721,2.96,2.73,2.68,-1.78,1.52,1.01,0.95,0.84,1,-0.87,neutral,bajista,0,0.129,32,6033,4,
s22309,ONDOUSDT,1785335400000,train,-1,-2.0,0.367,2.8,2.12,1.81,-1.13,1.09,0.89,0.81,0.86,0,-0.87,neutral,neutral,0,-1.0,14,6032,0,
s22310,STXUSDT,1785335400000,testB,-1,-2.21,0.536,2.49,2.34,0.56,-1.34,1.17,0.53,0.54,0.69,0,-0.87,neutral,bajista,0,-1.0,14,6032,3,
s22311,LDOUSDT,1785335400000,testB,-1,-3.16,0.701,3.43,3.29,0.94,-2.28,1.48,0.68,0.66,0.73,0,-0.87,neutral,bajista,0,0.059,32,6032,3,
s22312,MANAUSDT,1785335400000,testB,1,3.66,0.751,4.13,3.72,2.73,4.53,1.85,1.28,1.06,0.99,1,-0.87,neutral,alcista,0,-0.685,32,6032,2,
s22313,PENDLEUSDT,1785336300000,train,-1,-2.01,0.636,2.65,2.36,1.5,-1.45,1.23,1.01,0.95,0.84,1,-0.57,neutral,neutral,0,0.193,32,6034,0,
s22314,LDOUSDT,1785336300000,testB,-1,-2.21,0.618,2.42,2.28,0.86,-1.64,1.3,0.68,0.66,0.73,0,-0.57,neutral,bajista,0,0.049,32,6033,4,
s22315,MANAUSDT,1785336300000,testB,1,3.16,0.708,3.71,3.25,1.55,3.73,1.63,1.28,1.06,0.99,1,-0.57,neutral,neutral,0,-1.0,22,6033,0,
s22316,INJUSDT,1785337200000,train,-1,-2.01,0.458,2.2,2.11,0.96,-1.41,0.78,1.01,1.12,0.88,0,-0.59,neutral,bajista,0,-1.0,10,6035,5,
s22317,ONDOUSDT,1785337200000,train,-1,-2.08,0.4,2.81,2.61,1.46,-1.49,1.21,0.92,0.8,0.8,1,-0.59,neutral,bajista,0,-1.0,12,6034,2,
s22318,MANAUSDT,1785337200000,testB,1,2.73,0.593,3.51,2.78,1.18,3.33,1.23,1.39,1.14,1.0,1,-0.59,neutral,neutral,0,-1.0,21,6034,0,
s22319,PENDLEUSDT,1785338100000,train,-1,-2.07,0.614,2.47,2.17,1.08,-1.47,1.03,0.95,0.92,0.81,1,-0.61,neutral,neutral,0,0.09,32,6036,1,
s22320,ONDOUSDT,1785338100000,train,-1,-2.01,0.391,2.92,2.66,1.33,-1.41,1.14,0.92,0.8,0.8,1,-0.61,neutral,bajista,0,-1.0,11,6035,3,
s22321,MANAUSDT,1785338100000,testB,1,2.3,0.498,3.52,2.56,1.18,2.91,0.89,1.39,1.14,1.0,1,-0.61,neutral,neutral,0,-1.0,20,6035,0,
s22322,ENAUSDT,1785339000000,train,-1,-2.05,0.551,2.65,2.47,1.17,-1.38,1.06,0.69,0.88,0.9,0,-0.67,neutral,bajista,0,0.807,32,6037,2,
s22323,PENDLEUSDT,1785339000000,train,-1,-2.27,0.635,2.66,2.59,0.85,-1.6,1.25,0.95,0.92,0.81,1,-0.67,neutral,bajista,0,-0.054,32,6037,2,
s22324,MANAUSDT,1785339000000,testB,1,3.07,0.57,3.71,3.3,1.09,3.74,1.44,1.39,1.14,1.0,1,-0.67,neutral,neutral,0,-1.0,19,6036,1,
s22325,ENAUSDT,1785339900000,train,-1,-2.33,0.669,2.66,2.38,1.24,-1.49,1.04,0.69,0.88,0.9,0,-0.84,neutral,bajista,0,0.868,32,6038,3,
s22326,PENDLEUSDT,1785339900000,train,-1,-2.43,0.694,2.76,2.57,0.82,-1.6,1.2,0.95,0.92,0.81,1,-0.84,neutral,bajista,0,-0.099,32,6038,3,
s22327,ONDOUSDT,1785339900000,train,-1,-2.58,0.542,3.1,2.67,0.94,-1.74,1.16,0.92,0.8,0.8,1,-0.84,neutral,bajista,0,-1.0,9,6037,5,
s22328,LDOUSDT,1785339900000,testB,-1,-2.1,0.616,2.54,2.26,0.85,-1.26,0.8,0.62,0.64,0.65,0,-0.84,neutral,neutral,0,-0.16,32,6037,0,
s22329,MANAUSDT,1785339900000,testB,1,3.09,0.572,3.79,3.63,1.05,3.93,1.59,1.39,1.14,1.0,1,-0.84,neutral,alcista,0,-1.0,18,6037,2,
s22330,APEUSDT,1785339900000,testB,-1,-2.8,0.547,3.52,2.96,2.01,-1.97,1.0,0.9,0.9,0.98,0,-0.84,neutral,bajista,0,0.762,32,6037,2,
s22331,XPLUSDT,1785340800000,train,-1,-3.39,0.542,5.54,4.64,3.54,-2.62,2.73,1.36,1.26,1.11,1,-0.77,neutral,bajista,0,-0.157,32,6039,4,
s22332,ENAUSDT,1785340800000,train,-1,-2.69,0.7,2.89,2.78,1.7,-1.92,1.62,0.82,0.82,0.87,0,-0.77,neutral,bajista,0,0.318,32,6039,4,
s22333,MANAUSDT,1785340800000,testB,1,3.12,0.577,4.06,3.42,1.47,3.88,1.21,1.77,1.25,1.05,1,-0.77,neutral,neutral,0,-1.0,17,6038,0,
s22334,XPLUSDT,1785341700000,train,-1,-3.63,0.602,5.54,4.67,3.82,-3.16,2.49,1.36,1.26,1.11,1,-0.48,neutral,bajista,0,-0.058,32,6040,5,
s22335,PUMPUSDT,1785341700000,train,1,2.92,0.38,4.25,2.94,1.35,3.39,1.03,0.99,0.83,0.93,0,-0.48,neutral,alcista,0,-1.0,15,6040,2,
s22336,ENAUSDT,1785341700000,train,-1,-2.54,0.669,2.85,2.69,1.35,-2.06,1.42,0.82,0.82,0.87,0,-0.48,neutral,neutral,0,0.39,32,6040,0,
s22337,LDOUSDT,1785341700000,testB,-1,-2.02,0.649,2.48,2.06,0.82,-1.55,0.68,0.62,0.65,0.64,0,-0.48,neutral,neutral,0,-0.338,32,6039,0,
s22338,MANAUSDT,1785341700000,testB,1,2.71,0.486,3.72,2.8,1.56,3.18,0.84,1.77,1.25,1.05,1,-0.48,neutral,neutral,0,-1.0,16,6039,0,
s22339,XPLUSDT,1785342600000,train,-1,-3.51,0.576,5.54,4.57,4.1,-2.52,2.24,1.36,1.26,1.11,1,-0.99,neutral,neutral,0,0.003,32,6041,0,
s22340,ENAUSDT,1785342600000,train,-1,-2.56,0.67,3.15,2.86,1.5,-1.57,1.59,0.82,0.82,0.87,0,-0.99,neutral,neutral,0,0.5,32,6041,1,
s22341,PENDLEUSDT,1785342600000,train,-1,-2.29,0.576,2.53,2.34,1.27,-1.3,1.22,1.07,0.94,0.83,1,-0.99,neutral,neutral,0,-1.0,6,6041,1,
s22342,LDOUSDT,1785342600000,testB,-1,-2.0,0.646,2.44,2.18,0.93,-1.01,0.97,0.62,0.65,0.64,0,-0.99,neutral,neutral,0,-1.0,6,6040,1,
s22343,XPLUSDT,1785343500000,train,-1,-3.34,0.559,5.53,4.55,3.79,-2.62,1.93,1.36,1.26,1.11,1,-0.72,neutral,neutral,0,-0.291,32,6042,0,
s22344,ENAUSDT,1785343500000,train,-1,-2.3,0.564,3.14,2.54,1.33,-1.58,1.1,0.82,0.82,0.87,0,-0.72,neutral,neutral,0,0.522,32,6042,0,
s22345,LDOUSDT,1785343500000,testB,-1,-2.01,0.646,2.58,2.08,1.5,-1.29,0.99,0.62,0.65,0.64,0,-0.72,neutral,bajista,0,-1.0,5,6041,2,
s22346,XPLUSDT,1785344400000,train,-1,-2.97,0.488,5.52,4.29,1.09,-2.27,1.56,1.48,1.31,1.12,1,-0.7,neutral,neutral,0,-0.287,32,6043,0,
s22347,XPLUSDT,1785345300000,train,-1,-3.2,0.548,5.52,4.21,0.71,-2.51,1.34,1.48,1.31,1.12,1,-0.68,neutral,neutral,0,-0.342,32,6044,0,
s22348,XPLUSDT,1785346200000,train,-1,-4.26,0.815,5.51,4.48,0.57,-3.48,1.45,1.48,1.31,1.12,1,-0.78,neutral,neutral,0,-0.493,32,6045,1,
s22349,XPLUSDT,1785347100000,train,-1,-2.82,0.459,5.44,3.22,0.74,-2.22,0.21,1.48,1.31,1.12,1,-0.6,neutral,neutral,0,-0.339,32,6046,0,
s22350,FETUSDT,1785347100000,train,1,2.51,0.515,2.88,2.74,1.63,3.11,1.89,1.51,1.67,1.59,0,-0.6,neutral,alcista,0,-1.0,10,6045,5,
s22351,OPUSDT,1785348000000,train,1,2.08,0.474,3.17,2.49,1.57,1.96,1.45,1.24,0.87,0.75,1,0.12,neutral,alcista,0,-1.0,12,6047,6,
s22352,FETUSDT,1785348000000,train,1,3.26,0.611,3.73,3.3,2.71,3.14,2.28,1.46,1.82,1.66,0,0.12,neutral,alcista,0,-1.0,9,6046,6,
s22353,FETUSDT,1785348900000,train,1,2.81,0.5,3.74,2.95,2.73,2.97,1.68,1.46,1.82,1.66,0,-0.16,neutral,neutral,0,-1.0,8,6047,0,
s22354,OPUSDT,1785349800000,train,1,2.43,0.467,3.16,2.82,1.61,1.95,1.5,1.24,0.87,0.75,1,0.48,neutral,neutral,0,-1.0,10,6049,1,
s22355,JUPUSDT,1785349800000,train,1,2.38,0.434,2.78,2.73,2.67,1.9,1.46,1.51,1.44,1.38,1,0.48,neutral,neutral,0,-1.0,7,6049,1,
s22356,ONDOUSDT,1785349800000,train,1,2.02,0.392,3.59,3.36,1.88,1.54,1.62,1.27,0.97,0.85,1,0.48,neutral,neutral,0,0.25,32,6048,1,
s22357,FETUSDT,1785349800000,train,1,3.1,0.525,3.73,3.3,2.52,2.62,1.87,1.46,1.82,1.66,0,0.48,neutral,neutral,0,-1.0,7,6048,1,
s22358,STXUSDT,1785349800000,testB,1,2.41,0.571,2.72,2.43,3.21,1.93,1.24,0.68,0.6,0.69,0,0.48,neutral,neutral,0,-1.0,10,6048,1,
s22359,WLDUSDT,1785350700000,train,1,2.5,0.388,3.5,3.02,2.53,1.87,1.78,1.1,1.02,1.04,0,0.63,neutral,alcista,0,-1.0,4,6050,2,
s22360,OPUSDT,1785350700000,train,1,2.78,0.522,3.16,3.04,1.83,2.15,1.64,1.24,0.87,0.75,1,0.63,neutral,alcista,0,-1.0,9,6050,2,
s22361,JUPUSDT,1785350700000,train,1,2.27,0.423,3.08,2.83,2.77,1.64,1.5,1.51,1.44,1.38,1,0.63,neutral,alcista,0,-1.0,6,6050,2,
s22362,ONDOUSDT,1785350700000,train,1,3.65,0.605,4.69,4.52,2.31,3.01,2.63,1.27,0.97,0.85,1,0.63,neutral,alcista,0,-0.205,32,6049,2,
s22363,FETUSDT,1785350700000,train,1,2.95,0.513,3.72,3.44,2.0,2.31,1.84,1.46,1.82,1.66,0,0.63,neutral,alcista,0,-1.0,6,6049,2,
s22364,STXUSDT,1785350700000,testB,1,3.02,0.625,3.66,3.0,3.88,2.38,1.72,0.68,0.6,0.69,0,0.63,neutral,alcista,0,-1.0,9,6049,2,
s22365,GRTUSDT,1785350700000,testB,1,2.03,0.484,2.79,2.59,2.59,1.4,1.42,1.41,0.96,1.11,0,0.63,neutral,alcista,0,-1.0,5,6049,2,
s22366,OPUSDT,1785351600000,train,1,2.55,0.458,3.28,2.82,0.87,2.31,1.26,1.28,0.94,0.78,1,0.24,neutral,neutral,0,-1.0,8,6051,0,
s22367,ONDOUSDT,1785351600000,train,1,3.37,0.534,5.13,4.17,2.11,3.13,2.14,1.46,1.1,0.91,1,0.24,neutral,neutral,0,-0.235,32,6050,0,
s22368,FETUSDT,1785351600000,train,1,2.35,0.444,3.72,3.37,1.12,2.11,1.58,1.48,1.85,1.67,0,0.24,neutral,neutral,0,-1.0,5,6050,0,
s22369,STXUSDT,1785351600000,testB,1,2.78,0.607,3.65,3.14,2.9,2.54,1.72,0.71,0.62,0.7,0,0.24,neutral,alcista,0,-1.0,8,6050,3,
s22370,STXUSDT,1785352500000,testB,1,2.18,0.42,3.68,2.36,2.79,2.27,0.86,0.71,0.62,0.7,0,-0.09,neutral,neutral,0,-1.0,7,6051,0,
s22371,MANAUSDT,1785354300000,testB,-1,-2.43,0.496,2.99,2.93,1.15,-1.84,1.5,2.31,1.66,1.3,1,-0.59,neutral,bajista,0,0.214,32,6053,3,
s22372,STBLUSDT,1785356100000,train,-1,-2.6,0.354,4.97,4.51,3.0,-1.82,2.69,0.93,1.07,0.98,0,-0.78,neutral,bajista,0,-1.0,28,6056,7,
s22373,MANAUSDT,1785356100000,testB,-1,-2.87,0.492,4.38,3.83,1.91,-2.09,2.17,2.51,1.88,1.41,1,-0.78,neutral,neutral,0,0.008,32,6055,1,
s22374,APEUSDT,1785356100000,testB,-1,-2.59,0.359,4.53,4.24,2.21,-1.81,2.09,1.23,1.0,1.04,0,-0.78,neutral,bajista,0,0.288,32,6055,7,
s22375,MANAUSDT,1785357000000,testB,-1,-2.12,0.4,4.38,3.72,2.05,-1.95,1.92,2.51,1.88,1.41,1,-0.17,neutral,neutral,0,0.077,32,6056,0,
s22376,MANAUSDT,1785357900000,testB,-1,-2.62,0.456,4.4,4.22,1.43,-2.15,2.14,2.51,1.88,1.41,1,-0.47,neutral,neutral,0,0.082,32,6057,1,
s22377,APEUSDT,1785357900000,testB,-1,-3.29,0.456,5.14,5.0,1.18,-2.83,2.42,1.23,1.0,1.04,0,-0.47,neutral,neutral,0,0.217,32,6057,1,
s22378,MANAUSDT,1785358800000,testB,-1,-2.58,0.449,4.66,3.66,0.94,-1.97,1.42,2.38,1.89,1.42,1,-0.61,neutral,neutral,0,0.152,32,6058,0,
s22379,MANAUSDT,1785359700000,testB,-1,-2.34,0.392,4.64,3.16,0.59,-2.03,0.77,2.38,1.89,1.42,1,-0.31,neutral,neutral,0,0.365,32,6059,0,
s22380,MANAUSDT,1785360600000,testB,-1,-2.11,0.353,4.64,3.04,0.45,-1.46,0.59,2.38,1.89,1.42,1,-0.64,neutral,neutral,0,0.335,32,6060,0,
s22381,ENAUSDT,1785361500000,train,-1,-3.22,0.376,5.32,4.49,0.4,-2.57,1.09,1.65,1.17,1.11,1,-0.65,neutral,neutral,0,-0.167,32,6062,0,
s22382,STBLUSDT,1785362400000,train,-1,-3.32,0.369,4.95,4.03,0.29,-2.82,1.2,0.79,1.01,1.0,0,-0.5,neutral,neutral,0,-1.0,21,6063,1,
s22383,MANAUSDT,1785363300000,testB,-1,-2.64,0.383,4.18,2.85,0.43,-2.56,0.8,2.08,1.93,1.44,1,-0.09,neutral,neutral,0,0.047,32,6063,1,
s22384,STBLUSDT,1785364200000,train,-1,-3.4,0.425,4.93,3.7,0.25,-2.78,0.78,0.79,1.01,1.0,0,-0.62,neutral,neutral,0,-1.0,19,6065,1,
s22385,ENAUSDT,1785364200000,train,-1,-2.66,0.359,4.83,3.52,0.4,-2.04,0.56,1.56,1.19,1.1,1,-0.62,neutral,neutral,0,-0.099,32,6065,1,
s22386,MANAUSDT,1785364200000,testB,-1,-2.39,0.358,4.19,3.08,0.44,-1.77,0.93,2.08,1.93,1.44,1,-0.62,neutral,bajista,0,-0.02,32,6064,2,
s22387,APEUSDT,1785364200000,testB,-1,-2.7,0.371,5.19,2.84,0.79,-2.08,0.09,1.17,1.06,1.07,0,-0.62,neutral,neutral,0,0.925,32,6064,1,
s22388,STBLUSDT,1785365100000,train,-1,-3.23,0.408,4.75,3.47,0.3,-2.35,0.7,0.79,1.01,1.0,0,-0.88,neutral,neutral,0,-1.0,18,6066,0,
s22389,ENAUSDT,1785365100000,train,-1,-2.65,0.359,4.78,3.08,0.41,-1.77,0.16,1.56,1.19,1.1,1,-0.88,neutral,neutral,0,0.071,32,6066,0,
s22390,ENAUSDT,1785366000000,train,-1,-2.85,0.375,4.14,3.17,0.51,-2.29,0.66,1.56,1.22,1.1,1,-0.56,neutral,neutral,0,-0.211,32,6067,1,
s22391,MANAUSDT,1785366000000,testB,-1,-2.45,0.387,4.08,3.07,0.4,-1.89,0.88,1.95,1.91,1.45,1,-0.56,neutral,bajista,0,0.015,32,6066,4,
s22392,WLDUSDT,1785368700000,train,1,3.43,0.493,4.77,4.54,0.62,2.81,1.17,1.18,1.05,1.15,0,0.62,neutral,neutral,0,-0.44,32,6070,0,
s22393,OPUSDT,1785368700000,train,1,2.41,0.467,4.04,3.7,1.47,1.79,1.18,1.31,1.15,0.9,1,0.62,neutral,alcista,0,0.121,32,6070,3,
s22394,TIAUSDT,1785368700000,train,1,2.88,0.469,4.01,3.73,0.41,2.26,1.04,1.59,1.2,0.99,1,0.62,neutral,alcista,0,-0.208,32,6070,3,
s22395,LDOUSDT,1785368700000,testB,1,2.22,0.453,2.58,2.53,0.33,1.59,0.61,0.81,0.7,0.67,1,0.62,neutral,alcista,0,-0.451,32,6069,3,
s22396,0GUSDT,1785369600000,train,1,2.69,0.459,4.49,4.36,1.1,2.02,1.45,0.96,1.28,1.8,0,0.66,neutral,alcista,0,-0.462,32,6071,2,
s22397,WLDUSDT,1785369600000,train,1,3.29,0.483,5.08,4.82,0.95,2.62,1.47,0.99,1.04,1.12,0,0.66,neutral,neutral,0,-0.433,32,6071,1,
s22398,TIAUSDT,1785369600000,train,1,3.22,0.498,4.51,4.39,0.64,2.56,1.66,1.32,1.19,1.01,1,0.66,neutral,alcista,0,-0.338,32,6071,4,
s22399,LDOUSDT,1785369600000,testB,1,2.54,0.489,3.56,3.28,0.79,1.88,1.38,0.73,0.72,0.67,1,0.66,neutral,alcista,0,-0.563,32,6070,4,
s22400,0GUSDT,1785370500000,train,1,2.84,0.494,4.92,3.97,1.27,2.08,1.0,0.96,1.28,1.8,0,0.76,neutral,neutral,0,-0.254,32,6072,0,
s22401,WLDUSDT,1785370500000,train,1,3.93,0.626,4.75,4.0,1.02,3.17,0.96,0.99,1.04,1.12,0,0.76,neutral,neutral,0,-0.395,32,6072,0,
s22402,ARBUSDT,1785370500000,train,1,2.05,0.424,3.01,2.64,0.95,1.3,0.57,0.99,1.08,0.92,0,0.76,neutral,neutral,0,0.091,32,6072,0,
s22403,OPUSDT,1785370500000,train,1,2.42,0.512,4.06,3.16,2.34,1.67,0.64,1.24,1.23,0.93,1,0.76,neutral,neutral,0,0.0,32,6072,0,
s22404,INJUSDT,1785370500000,train,1,2.08,0.388,3.8,2.67,0.93,1.33,0.54,0.74,0.96,0.98,0,0.76,neutral,neutral,0,1.553,32,6072,0,
s22405,TIAUSDT,1785370500000,train,1,3.98,0.689,4.17,4.02,0.9,3.23,1.53,1.32,1.19,1.01,1,0.76,neutral,neutral,0,-0.323,32,6072,0,
s22406,JUPUSDT,1785370500000,train,1,2.99,0.435,4.38,3.46,1.15,2.23,0.61,1.66,1.59,1.61,0,0.76,neutral,neutral,0,-0.132,32,6072,0,
s22407,PENDLEUSDT,1785370500000,train,1,2.7,0.571,3.61,3.34,0.63,1.94,0.87,1.16,1.31,1.08,0,0.76,neutral,neutral,0,-0.6,32,6072,0,
s22408,ONDOUSDT,1785370500000,train,1,2.69,0.411,3.79,2.82,1.05,1.94,0.44,1.19,1.2,0.98,0,0.76,neutral,neutral,0,0.693,32,6071,0,
s22409,FETUSDT,1785370500000,train,1,2.21,0.405,3.54,3.32,0.93,1.46,0.67,1.13,1.3,1.67,0,0.76,neutral,neutral,0,0.326,32,6071,0,
s22410,ARUSDT,1785370500000,testB,1,2.61,0.524,3.23,3.17,0.45,1.85,0.86,1.63,1.48,1.69,0,0.76,neutral,alcista,0,-0.327,32,6071,2,
s22411,GRTUSDT,1785370500000,testB,1,2.04,0.385,2.61,2.54,0.38,1.29,0.66,1.28,1.35,1.23,0,0.76,neutral,neutral,0,-0.395,32,6071,0,
s22412,LDOUSDT,1785370500000,testB,1,2.5,0.473,3.24,2.47,1.17,1.74,0.88,0.73,0.72,0.67,1,0.76,neutral,neutral,0,-0.461,32,6071,0,
s22413,TIAUSDT,1785371400000,train,1,2.65,0.454,4.11,3.27,1.11,2.48,0.9,1.32,1.19,1.01,1,0.17,neutral,neutral,0,-0.238,32,6073,0,
s22414,XPLUSDT,1785372300000,train,1,2.38,0.422,3.74,3.65,1.52,2.08,1.25,1.53,1.68,1.38,0,0.29,neutral,neutral,0,-1.0,17,6074,1,
s22415,PUMPUSDT,1785372300000,train,1,2.97,0.415,3.96,3.53,0.63,2.68,0.47,0.88,1.02,0.91,0,0.29,neutral,neutral,0,0.197,32,6074,1,
s22416,0GUSDT,1785372300000,train,1,2.57,0.389,4.95,3.39,1.77,2.28,0.49,0.96,1.28,1.8,0,0.29,neutral,neutral,0,-0.16,32,6074,1,
s22417,WLDUSDT,1785372300000,train,1,3.04,0.481,4.51,3.31,1.25,2.75,0.51,0.99,1.04,1.12,0,0.29,neutral,neutral,0,-0.412,32,6074,1,
s22418,OPUSDT,1785372300000,train,1,2.31,0.556,4.06,3.05,1.37,2.02,0.45,1.24,1.23,0.93,1,0.29,neutral,neutral,0,-0.074,32,6074,1,
s22419,INJUSDT,1785372300000,train,1,2.13,0.407,3.8,2.52,1.41,1.84,0.38,0.74,0.96,0.98,0,0.29,neutral,neutral,1,2.0,28,6074,1,
s22420,TIAUSDT,1785372300000,train,1,3.34,0.605,4.1,3.42,0.91,3.05,0.9,1.32,1.19,1.01,1,0.29,neutral,neutral,0,-0.264,32,6074,1,
s22421,JUPUSDT,1785372300000,train,1,3.26,0.477,4.38,3.36,1.43,2.97,0.53,1.66,1.59,1.61,0,0.29,neutral,neutral,0,-0.015,32,6074,1,
s22422,PENDLEUSDT,1785372300000,train,1,2.35,0.452,3.63,2.73,0.93,2.06,0.24,1.16,1.31,1.08,0,0.29,neutral,neutral,0,-0.494,32,6074,1,
s22423,FETUSDT,1785372300000,train,1,2.6,0.493,3.54,3.18,1.17,2.3,0.53,1.13,1.3,1.67,0,0.29,neutral,neutral,0,0.159,32,6073,1,
s22424,ARUSDT,1785372300000,testB,1,2.43,0.562,3.25,2.72,1.28,2.14,0.38,1.63,1.48,1.69,0,0.29,neutral,neutral,0,-0.234,32,6073,1,
s22425,LDOUSDT,1785372300000,testB,1,2.1,0.394,3.25,2.28,1.98,1.8,0.63,0.73,0.72,0.67,1,0.29,neutral,neutral,0,-0.5,32,6073,1,
s22426,XPLUSDT,1785373200000,train,1,3.16,0.605,3.96,3.47,1.34,2.81,1.4,1.36,1.71,1.4,0,0.34,neutral,alcista,0,-1.0,16,6075,2,
s22427,WLDUSDT,1785373200000,train,1,2.02,0.357,3.61,2.21,0.98,1.68,0.43,0.82,1.05,1.06,0,0.34,neutral,neutral,0,-0.529,32,6075,0,
s22428,ARBUSDT,1785373200000,train,1,2.08,0.478,2.56,2.15,0.82,1.74,0.55,0.88,1.09,0.93,0,0.34,neutral,alcista,0,0.118,32,6075,2,
s22429,OPUSDT,1785373200000,train,1,2.42,0.568,3.37,2.7,1.12,2.08,0.82,1.39,1.33,0.99,1,0.34,neutral,alcista,0,-0.583,32,6075,2,
s22430,TIAUSDT,1785373200000,train,1,2.32,0.477,3.33,2.46,0.67,1.98,0.75,1.15,1.18,1.02,0,0.34,neutral,neutral,0,-0.291,32,6075,0,
s22431,JUPUSDT,1785373200000,train,1,2.77,0.438,3.86,3.05,1.18,2.43,0.88,1.53,1.57,1.58,0,0.34,neutral,alcista,0,-0.083,32,6075,2,
s22432,FETUSDT,1785373200000,train,1,2.36,0.471,3.24,2.67,0.69,2.02,0.89,1.06,1.27,1.6,0,0.34,neutral,alcista,0,0.108,32,6074,2,
s22433,ARUSDT,1785373200000,testB,1,2.12,0.529,2.77,2.37,1.11,1.78,0.88,1.53,1.47,1.72,0,0.34,neutral,alcista,0,-0.366,32,6074,2,
s22434,LDOUSDT,1785373200000,testB,1,2.29,0.415,3.2,2.46,1.63,1.94,1.16,0.69,0.76,0.68,0,0.34,neutral,alcista,0,-0.539,32,6074,2,
s22435,XPLUSDT,1785374100000,train,1,2.86,0.583,3.14,2.94,1.75,2.44,1.39,1.36,1.71,1.4,0,0.43,neutral,alcista,0,-1.0,14,6076,3,
s22436,TIAUSDT,1785374100000,train,1,2.15,0.459,2.7,2.23,0.67,1.73,0.96,1.15,1.18,1.02,0,0.43,neutral,neutral,0,-0.486,32,6076,1,
s22437,JUPUSDT,1785374100000,train,1,2.97,0.456,3.39,3.13,0.92,2.54,1.24,1.53,1.57,1.58,0,0.43,neutral,alcista,0,-0.323,32,6076,3,
s22438,FETUSDT,1785374100000,train,1,2.35,0.471,2.65,2.58,0.97,1.92,1.24,1.06,1.27,1.6,0,0.43,neutral,alcista,0,-0.083,32,6075,3,
s22439,LDOUSDT,1785374100000,testB,1,2.87,0.472,3.04,2.87,1.94,2.44,1.77,0.69,0.76,0.68,0,0.43,neutral,alcista,0,-0.705,32,6075,3,
s22440,XPLUSDT,1785375000000,train,1,3.24,0.613,3.76,3.3,1.62,2.45,1.79,1.36,1.71,1.4,0,0.79,neutral,alcista,0,-1.0,12,6077,4,
s22441,PUMPUSDT,1785375000000,train,1,2.55,0.409,3.18,2.97,0.99,1.76,1.44,0.83,1.02,0.91,0,0.79,neutral,alcista,0,0.232,32,6077,2,
s22442,ARBUSDT,1785375000000,train,1,2.16,0.506,2.41,2.19,0.98,1.36,1.1,0.88,1.09,0.93,0,0.79,neutral,alcista,0,-0.299,32,6077,4,
s22443,OPUSDT,1785375000000,train,1,2.63,0.59,3.12,3.01,1.2,1.84,1.49,1.39,1.33,0.99,1,0.79,neutral,alcista,0,-0.852,32,6077,4,
s22444,INJUSDT,1785375000000,train,1,2.64,0.496,2.96,2.73,1.05,1.85,1.45,0.72,0.95,0.99,0,0.79,neutral,alcista,0,1.189,32,6077,4,
s22445,TIAUSDT,1785375000000,train,1,2.69,0.521,2.75,2.71,0.56,1.9,1.39,1.15,1.18,1.02,0,0.79,neutral,alcista,0,-0.511,32,6077,2,
s22446,SEIUSDT,1785375000000,train,1,2.06,0.419,2.28,2.11,1.3,1.27,0.88,1.2,1.36,1.18,0,0.79,neutral,alcista,0,-0.382,32,6077,4,
s22447,JUPUSDT,1785375000000,train,1,3.28,0.481,3.63,3.43,1.02,2.49,1.52,1.53,1.57,1.58,0,0.79,neutral,alcista,0,-0.338,32,6077,4,
s22448,PENDLEUSDT,1785375000000,train,1,2.19,0.437,2.54,2.28,0.93,1.4,1.14,0.99,1.24,1.06,0,0.79,neutral,alcista,0,-1.0,13,6077,4,
s22449,FETUSDT,1785375000000,train,1,2.57,0.493,2.93,2.79,1.15,1.78,1.41,1.06,1.27,1.6,0,0.79,neutral,alcista,0,-0.051,32,6076,4,
s22450,LDOUSDT,1785375000000,testB,1,3.37,0.513,3.7,3.34,2.13,2.58,2.23,0.69,0.76,0.68,0,0.79,neutral,alcista,0,-1.0,26,6076,4,
s22451,XPLUSDT,1785375900000,train,1,2.71,0.571,3.07,2.73,1.26,2.06,1.81,1.36,1.71,1.4,0,0.65,neutral,alcista,0,-1.0,9,6078,5,
s22452,PUMPUSDT,1785375900000,train,1,2.66,0.419,3.33,2.64,1.53,2.01,1.53,0.83,1.02,0.91,0,0.65,neutral,alcista,0,0.12,32,6078,3,
s22453,0GUSDT,1785375900000,train,1,2.12,0.365,2.68,2.21,0.99,1.47,1.23,0.99,1.18,1.66,0,0.65,neutral,alcista,0,-1.0,6,6078,2,
s22454,ARBUSDT,1785375900000,train,1,2.11,0.502,2.37,2.07,1.15,1.46,1.15,0.88,1.09,0.93,0,0.65,neutral,alcista,0,-0.309,32,6078,5,
s22455,OPUSDT,1785375900000,train,1,3.31,0.644,3.76,3.31,1.72,2.66,2.13,1.39,1.33,0.99,1,0.65,neutral,alcista,0,-1.0,29,6078,5,
s22456,INJUSDT,1785375900000,train,1,2.06,0.416,2.34,2.0,1.1,1.41,1.13,0.72,0.95,0.99,0,0.65,neutral,neutral,0,1.527,32,6078,0,
s22457,TIAUSDT,1785375900000,train,1,2.08,0.418,2.63,2.01,0.71,1.43,0.95,1.15,1.18,1.02,0,0.65,neutral,neutral,0,-0.523,32,6078,0,
s22458,JUPUSDT,1785375900000,train,1,2.8,0.443,3.22,2.77,1.02,2.15,1.37,1.53,1.57,1.58,0,0.65,neutral,alcista,0,-0.436,32,6078,5,
s22459,LDOUSDT,1785375900000,testB,1,3.11,0.489,3.4,3.02,2.09,2.46,1.94,0.69,0.76,0.68,0,0.65,neutral,neutral,0,-1.0,22,6077,0,
s22460,XPLUSDT,1785376800000,train,1,2.21,0.497,3.13,2.63,1.08,1.72,1.46,1.18,1.71,1.41,0,0.49,neutral,neutral,0,-1.0,8,6079,0,
s22461,ARBUSDT,1785376800000,train,1,2.0,0.489,2.18,1.99,1.23,1.51,1.23,0.79,1.08,0.93,0,0.49,neutral,alcista,0,-0.535,32,6079,6,
s22462,OPUSDT,1785376800000,train,1,2.96,0.619,3.76,3.2,1.65,2.47,1.84,1.46,1.36,1.04,1,0.49,neutral,neutral,0,-1.0,24,6079,0,
s22463,JUPUSDT,1785376800000,train,1,2.16,0.382,2.52,2.16,0.98,1.67,1.28,1.2,1.55,1.56,0,0.49,neutral,alcista,0,-1.0,12,6079,6,
s22464,LDOUSDT,1785376800000,testB,1,2.29,0.369,3.38,2.67,1.88,1.8,1.41,0.61,0.77,0.69,0,0.49,neutral,neutral,0,-1.0,21,6078,0,
s22465,OPUSDT,1785377700000,train,1,2.95,0.619,3.75,3.42,1.85,2.47,1.85,1.46,1.36,1.04,1,0.49,neutral,neutral,0,-1.0,23,6080,1,
s22466,JUPUSDT,1785377700000,train,1,2.25,0.393,2.65,2.5,1.13,1.77,1.66,1.2,1.55,1.56,0,0.49,neutral,alcista,0,-1.0,10,6080,7,
s22467,STBLUSDT,1785378600000,train,1,2.38,0.52,2.68,2.63,1.11,1.89,1.65,0.49,0.72,1.04,0,0.49,neutral,alcista,1,2.0,26,6081,6,
s22468,OPUSDT,1785378600000,train,1,2.84,0.581,3.54,2.98,1.69,2.35,1.44,1.46,1.36,1.04,1,0.49,neutral,neutral,0,-1.0,22,6081,0,
s22469,STBLUSDT,1785379500000,train,1,2.65,0.547,3.11,2.94,0.74,2.26,1.77,0.49,0.72,1.04,0,0.39,neutral,alcista,0,0.076,32,6082,7,
s22470,OPUSDT,1785379500000,train,1,2.15,0.463,3.1,2.33,1.15,1.76,1.05,1.46,1.36,1.04,1,0.39,neutral,neutral,0,-1.0,21,6082,0,
s22471,STBLUSDT,1785380400000,train,1,2.59,0.543,3.33,3.24,0.76,2.16,1.84,0.49,0.71,1.04,0,0.43,neutral,alcista,0,0.041,32,6083,8,
s22472,OPUSDT,1785380400000,train,1,2.15,0.463,3.1,2.33,0.84,1.71,0.92,1.49,1.4,1.02,1,0.43,neutral,neutral,0,-1.0,20,6083,0,
s22473,LDOUSDT,1785380400000,testB,1,2.19,0.351,3.37,2.17,0.58,1.75,0.44,0.59,0.76,0.68,0,0.43,neutral,neutral,0,-1.0,17,6082,0,
s22474,STBLUSDT,1785381300000,train,1,2.86,0.568,4.19,3.83,0.89,2.45,2.23,0.49,0.71,1.04,0,0.41,neutral,alcista,0,0.011,32,6084,8,
s22475,STBLUSDT,1785382200000,train,1,3.63,0.625,4.64,4.55,0.97,3.39,2.7,0.49,0.71,1.04,0,0.24,neutral,alcista,0,-0.231,32,6085,8,
s22476,STBLUSDT,1785383100000,train,1,3.9,0.672,5.29,4.67,1.09,3.63,2.5,0.49,0.71,1.04,0,0.27,neutral,alcista,0,-0.271,32,6086,8,
s22477,STBLUSDT,1785384000000,train,1,4.14,0.74,5.29,4.67,0.97,4.0,2.21,0.62,0.71,1.07,0,0.14,neutral,neutral,0,-0.252,32,6087,0,
s22478,0GUSDT,1785384000000,train,-1,-2.75,0.432,3.45,3.38,0.72,-2.89,1.48,0.85,0.91,1.33,0,0.14,neutral,neutral,0,-1.0,24,6087,1,
s22479,STBLUSDT,1785384900000,train,1,4.82,0.768,5.3,5.3,1.35,4.67,2.6,0.62,0.71,1.07,0,0.15,neutral,neutral,0,-0.279,32,6088,1,
s22480,0GUSDT,1785384900000,train,-1,-2.49,0.407,3.59,3.18,1.24,-2.64,1.44,0.85,0.91,1.33,0,0.15,neutral,bajista,0,-1.0,22,6088,2,
s22481,STBLUSDT,1785385800000,train,1,5.47,0.857,6.06,5.62,1.97,4.85,2.68,0.62,0.71,1.07,0,0.63,neutral,alcista,0,-0.377,32,6089,2,
s22482,XPLUSDT,1785386700000,train,-1,-2.72,0.533,4.4,4.26,0.95,-3.23,1.63,1.13,1.48,1.38,0,0.51,neutral,bajista,0,-0.062,32,6090,5,
s22483,STBLUSDT,1785386700000,train,1,6.09,0.957,6.13,5.87,2.04,5.58,2.69,0.62,0.71,1.07,0,0.51,neutral,alcista,0,-0.331,32,6090,3,
s22484,XPLUSDT,1785387600000,train,-1,-4.05,0.661,5.78,5.54,1.91,-4.48,2.5,1.43,1.54,1.44,0,0.44,neutral,bajista,0,-0.222,32,6091,6,
s22485,STBLUSDT,1785387600000,train,1,6.65,1.0,7.0,6.23,2.25,6.21,2.79,0.91,0.82,1.12,0,0.44,neutral,alcista,0,-0.49,32,6091,4,
s22486,XPLUSDT,1785388500000,train,-1,-3.83,0.607,5.75,5.0,2.07,-4.1,1.79,1.43,1.54,1.44,0,0.27,neutral,neutral,0,-0.141,32,6092,0,
s22487,STBLUSDT,1785388500000,train,1,4.88,0.656,6.66,4.65,3.44,4.61,1.44,0.91,0.82,1.12,0,0.27,neutral,neutral,0,-0.421,32,6092,0,
s22488,PENDLEUSDT,1785388500000,train,-1,-2.08,0.641,3.25,3.13,0.88,-2.35,1.07,0.75,1.11,1.01,0,0.27,neutral,bajista,0,-1.0,27,6092,8,
s22489,APEUSDT,1785388500000,testB,-1,-2.01,0.737,3.3,3.01,2.22,-2.29,1.25,0.72,0.92,0.91,0,0.27,neutral,neutral,0,-0.244,32,6091,1,
s22490,XPLUSDT,1785389400000,train,-1,-3.89,0.627,5.72,4.57,2.09,-3.98,1.44,1.43,1.54,1.44,0,0.09,neutral,neutral,0,-0.194,32,6093,0,
s22491,STBLUSDT,1785389400000,train,1,4.52,0.641,5.75,4.37,2.51,4.43,1.9,0.91,0.82,1.12,0,0.09,neutral,neutral,0,-0.485,32,6093,1,
s22492,0GUSDT,1785389400000,train,-1,-2.02,0.469,3.58,2.75,0.63,-2.11,0.54,0.81,0.88,1.26,0,0.09,neutral,neutral,0,-1.0,17,6093,0,
s22493,APEUSDT,1785389400000,testB,-1,-2.01,0.737,3.29,2.78,1.36,-2.1,0.92,0.72,0.92,0.91,0,0.09,neutral,neutral,0,-0.5,32,6092,0,
s22494,XPLUSDT,1785390300000,train,-1,-3.62,0.56,5.7,4.16,2.17,-3.26,0.97,1.43,1.54,1.44,0,-0.36,neutral,neutral,0,-0.123,32,6094,0,
s22495,STBLUSDT,1785390300000,train,1,4.06,0.577,5.63,4.03,2.61,4.42,1.54,0.91,0.82,1.12,0,-0.36,neutral,neutral,0,-0.355,32,6094,0,
s22496,0GUSDT,1785390300000,train,-1,-2.61,0.684,3.58,2.82,0.53,-2.25,0.58,0.81,0.88,1.26,0,-0.36,neutral,neutral,0,-1.0,16,6094,0,
s22497,PENDLEUSDT,1785390300000,train,-1,-2.07,0.641,3.24,2.59,0.89,-1.71,0.5,0.75,1.11,1.01,0,-0.36,neutral,neutral,0,-1.0,25,6094,0,
s22498,LDOUSDT,1785390300000,testB,-1,-2.12,0.639,2.58,2.36,0.74,-1.76,0.8,0.61,0.7,0.66,0,-0.36,neutral,neutral,0,-1.0,28,6093,1,
s22499,APEUSDT,1785390300000,testB,-1,-2.08,0.784,3.29,2.71,1.31,-1.72,0.79,0.72,0.92,0.91,0,-0.36,neutral,neutral,0,-0.459,32,6093,0,
s22500,XPLUSDT,1785391200000,train,-1,-3.95,0.581,5.26,4.17,0.86,-3.43,1.32,1.42,1.47,1.47,0,-0.52,neutral,neutral,0,-0.127,32,6095,1,
s22501,STBLUSDT,1785391200000,train,1,3.69,0.547,5.33,3.68,2.21,4.2,1.29,0.92,0.83,1.15,0,-0.52,neutral,neutral,0,-0.435,32,6095,1,
s22502,0GUSDT,1785391200000,train,-1,-2.48,0.673,3.58,2.82,0.5,-1.97,0.52,0.7,0.82,1.24,0,-0.52,neutral,neutral,0,-1.0,15,6095,1,
s22503,PENDLEUSDT,1785391200000,train,-1,-2.07,0.644,2.86,2.15,0.84,-1.56,0.45,0.71,0.94,1.0,0,-0.52,neutral,neutral,0,-1.0,24,6095,0,
s22504,APEUSDT,1785391200000,testB,-1,-2.01,0.737,3.29,2.63,1.0,-1.49,0.68,0.7,0.85,0.91,0,-0.52,neutral,neutral,0,0.056,32,6094,0,
s22505,XPLUSDT,1785392100000,train,-1,-3.38,0.541,4.47,3.7,1.03,-2.96,1.55,1.42,1.47,1.47,0,-0.42,neutral,bajista,0,-0.233,32,6096,2,
s22506,STBLUSDT,1785392100000,train,1,3.45,0.531,5.07,3.51,0.81,3.87,1.12,0.92,0.83,1.15,0,-0.42,neutral,alcista,0,-0.519,32,6096,2,
s22507,JUPUSDT,1785392100000,train,-1,-2.1,0.6,2.91,2.2,0.65,-1.68,0.42,1.0,1.34,1.4,0,-0.42,neutral,neutral,0,-0.116,32,6096,0,
s22508,XPLUSDT,1785393000000,train,-1,-3.73,0.564,4.04,3.87,0.92,-3.24,1.96,1.42,1.47,1.47,0,-0.49,neutral,bajista,0,-0.448,32,6097,3,
s22509,STBLUSDT,1785393000000,train,1,2.54,0.388,4.61,2.57,1.09,3.03,0.54,0.92,0.83,1.15,0,-0.49,neutral,neutral,0,-0.559,32,6097,0,
s22510,XPLUSDT,1785393900000,train,-1,-3.79,0.567,4.33,4.14,1.09,-3.5,2.46,1.42,1.47,1.47,0,-0.29,neutral,bajista,0,-0.464,32,6098,4,
s22511,XPLUSDT,1785394800000,train,-1,-3.06,0.464,4.0,3.49,1.21,-2.84,1.82,1.54,1.45,1.45,0,-0.22,neutral,neutral,0,-0.408,32,6099,0,
s22512,STBLUSDT,1785394800000,train,1,2.71,0.37,4.06,2.81,0.95,2.92,1.1,1.0,0.82,0.98,0,-0.22,neutral,neutral,0,-1.0,15,6099,1,
s22513,INJUSDT,1785394800000,train,1,2.67,0.602,3.33,2.96,1.73,2.89,1.53,1.39,1.05,1.17,0,-0.22,neutral,neutral,0,0.184,32,6099,1,
s22514,XPLUSDT,1785395700000,train,-1,-3.27,0.492,4.0,3.64,1.02,-2.95,1.75,1.54,1.45,1.45,0,-0.32,neutral,neutral,0,-0.406,32,6100,1,
s22515,INJUSDT,1785395700000,train,1,2.36,0.55,3.34,2.88,1.41,2.68,1.3,1.39,1.05,1.17,0,-0.32,neutral,neutral,0,0.299,32,6100,0,
s22516,LDOUSDT,1785395700000,testB,-1,-2.46,0.882,3.0,2.8,1.42,-2.14,1.17,0.45,0.56,0.64,0,-0.32,neutral,bajista,0,-1.0,22,6099,4,
s22517,INJUSDT,1785396600000,train,1,2.79,0.591,3.75,3.5,1.89,2.97,1.74,1.39,1.05,1.17,0,-0.19,neutral,neutral,0,0.167,32,6101,1,
s22518,LDOUSDT,1785396600000,testB,-1,-2.68,0.907,3.17,3.0,1.64,-2.49,1.2,0.45,0.56,0.64,0,-0.19,neutral,bajista,0,-1.0,21,6100,5,
s22519,XPLUSDT,1785397500000,train,-1,-2.81,0.353,4.23,2.97,1.22,-2.57,1.0,1.54,1.45,1.45,0,-0.24,neutral,neutral,0,-0.365,32,6102,1,
s22520,INJUSDT,1785397500000,train,1,3.33,0.701,4.33,3.76,1.8,3.57,1.89,1.39,1.05,1.17,0,-0.24,neutral,alcista,0,0.05,32,6102,2,
s22521,LDOUSDT,1785397500000,testB,-1,-2.76,0.91,2.95,2.89,1.44,-2.52,1.18,0.45,0.56,0.64,0,-0.24,neutral,bajista,0,-1.0,20,6101,6,
s22522,OPUSDT,1785398400000,train,-1,-2.32,0.677,3.51,2.6,3.19,-2.13,1.66,1.06,1.26,1.13,0,-0.19,neutral,bajista,0,-0.217,32,6103,4,
s22523,INJUSDT,1785398400000,train,1,3.79,0.8,4.32,3.96,1.69,3.98,1.87,1.59,1.13,1.18,0,-0.19,neutral,alcista,0,0.099,32,6103,3,
s22524,LDOUSDT,1785398400000,testB,-1,-2.33,0.859,2.56,2.39,1.5,-2.14,1.06,0.46,0.52,0.64,0,-0.19,neutral,neutral,0,-1.0,17,6102,0,
s22525,INJUSDT,1785399300000,train,1,3.29,0.64,4.34,3.54,1.72,3.04,1.26,1.59,1.13,1.18,0,0.26,neutral,neutral,0,0.2,32,6104,0,
s22526,INJUSDT,1785400200000,train,1,3.15,0.593,4.35,3.24,1.18,2.75,0.88,1.59,1.13,1.18,0,0.4,neutral,neutral,0,0.245,32,6105,0,
s22527,ONDOUSDT,1785400200000,train,1,2.66,0.398,3.51,3.36,1.32,2.26,1.49,0.98,0.96,1.03,0,0.4,neutral,alcista,0,0.043,32,6104,4,
s22528,INJUSDT,1785401100000,train,1,3.28,0.613,4.35,3.32,0.88,2.84,0.91,1.59,1.13,1.18,0,0.44,neutral,neutral,0,0.245,32,6106,1,
s22529,ONDOUSDT,1785401100000,train,1,3.47,0.537,3.69,3.62,1.45,3.03,1.55,0.98,0.96,1.03,0,0.44,neutral,alcista,0,0.133,32,6105,5,
s22530,ENAUSDT,1785402000000,train,1,2.01,0.462,2.29,1.96,1.21,1.35,0.86,0.71,0.73,0.95,0,0.67,neutral,neutral,1,2.0,19,6107,1,
s22531,OPUSDT,1785402000000,train,-1,-2.78,0.61,3.89,3.43,1.35,-3.44,2.08,1.2,1.35,1.19,0,0.67,neutral,neutral,0,-0.233,32,6107,1,
s22532,INJUSDT,1785402000000,train,1,3.23,0.61,4.09,3.23,0.74,2.56,0.97,1.69,1.2,1.14,1,0.67,neutral,alcista,0,0.097,32,6107,2,
s22533,ONDOUSDT,1785402000000,train,1,3.69,0.552,3.7,3.6,1.4,3.02,1.81,1.11,1.03,1.06,0,0.67,neutral,alcista,0,-0.073,32,6106,6,
s22534,ENAUSDT,1785402900000,train,1,2.18,0.481,2.19,2.17,1.07,1.42,1.2,0.71,0.73,0.95,0,0.76,neutral,alcista,1,2.0,19,6108,2,
s22535,OPUSDT,1785402900000,train,-1,-2.56,0.561,3.88,3.31,1.57,-3.32,1.78,1.2,1.35,1.19,0,0.76,neutral,neutral,0,-0.345,32,6108,0,
s22536,INJUSDT,1785402900000,train,1,2.72,0.57,3.44,2.67,0.64,1.96,0.97,1.69,1.2,1.14,1,0.76,neutral,alcista,0,0.195,32,6108,3,
s22537,ONDOUSDT,1785402900000,train,1,3.03,0.462,3.49,2.99,1.34,2.27,1.43,1.11,1.03,1.06,0,0.76,neutral,neutral,0,0.315,32,6107,0,
s22538,0GUSDT,1785403800000,train,1,2.2,0.444,2.56,2.36,1.87,1.45,1.39,0.67,0.73,1.11,0,0.75,neutral,alcista,0,-1.0,8,6109,2,
s22539,OPUSDT,1785403800000,train,-1,-3.0,0.659,3.89,3.55,1.45,-3.74,1.79,1.2,1.35,1.19,0,0.75,neutral,neutral,0,-0.419,32,6109,1,
s22540,0GUSDT,1785404700000,train,1,2.13,0.425,2.9,2.22,2.13,1.3,1.09,0.67,0.73,1.11,0,0.84,neutral,neutral,0,-1.0,7,6110,0,
s22541,OPUSDT,1785404700000,train,-1,-3.11,0.667,3.89,3.67,1.61,-3.95,1.72,1.2,1.35,1.19,0,0.84,neutral,bajista,0,-0.375,32,6110,2,
s22542,ONDOUSDT,1785404700000,train,1,3.47,0.498,3.97,3.92,1.54,2.63,2.35,1.11,1.03,1.06,0,0.84,neutral,neutral,0,-0.067,32,6109,1,
s22543,0GUSDT,1785405600000,train,1,2.06,0.405,3.24,2.16,2.47,1.16,0.92,0.71,0.78,1.09,0,0.9,neutral,neutral,0,-1.0,6,6111,0,
s22544,OPUSDT,1785405600000,train,-1,-2.78,0.581,3.89,3.43,0.88,-3.68,1.34,1.18,1.35,1.19,0,0.9,neutral,neutral,0,-0.333,32,6111,0,
s22545,ONDOUSDT,1785405600000,train,1,2.88,0.381,4.67,3.26,2.01,1.98,1.44,1.3,1.11,1.1,1,0.9,neutral,neutral,0,0.081,32,6110,0,
s22546,FETUSDT,1785405600000,train,1,2.04,0.412,2.85,2.35,0.65,1.13,1.03,1.47,1.16,1.43,0,0.9,neutral,alcista,0,1.03,32,6110,4,
s22547,0GUSDT,1785406500000,train,1,2.05,0.405,2.81,2.41,1.72,1.2,1.45,0.71,0.78,1.09,0,0.85,neutral,neutral,0,-1.0,3,6112,1,
s22548,OPUSDT,1785406500000,train,-1,-2.77,0.581,3.88,3.31,0.58,-3.63,1.14,1.18,1.35,1.19,0,0.85,neutral,neutral,0,-0.379,32,6112,0,
s22549,FETUSDT,1785406500000,train,1,2.11,0.42,2.85,2.56,0.64,1.26,1.07,1.47,1.16,1.43,0,0.85,neutral,alcista,0,0.806,32,6111,5,
s22550,STXUSDT,1785406500000,testB,1,2.01,0.551,2.41,2.19,1.39,1.16,1.12,0.26,0.3,0.59,0,0.85,neutral,alcista,0,0.667,32,6111,3,
s22551,ENAUSDT,1785407400000,train,1,2.01,0.571,2.58,2.32,1.03,1.06,0.96,0.69,0.73,0.95,0,0.95,neutral,neutral,0,1.13,32,6113,0,
s22552,OPUSDT,1785407400000,train,-1,-2.77,0.581,3.88,3.31,0.51,-3.73,1.04,1.18,1.35,1.19,0,0.95,neutral,neutral,0,-0.345,32,6113,1,
s22553,ONDOUSDT,1785407400000,train,1,2.5,0.362,4.67,3.33,1.75,1.55,1.15,1.3,1.11,1.1,1,0.95,neutral,neutral,0,0.007,32,6112,1,
s22554,FETUSDT,1785407400000,train,1,2.11,0.42,2.85,2.56,0.74,1.16,0.97,1.47,1.16,1.43,0,0.95,neutral,alcista,0,0.583,32,6112,6,
s22555,OPUSDT,1785408300000,train,-1,-3.0,0.6,3.89,3.67,0.52,-3.9,1.23,1.18,1.35,1.19,0,0.9,neutral,bajista,0,-0.375,32,6114,2,
s22556,ONDOUSDT,1785408300000,train,1,2.59,0.376,4.53,2.6,1.39,1.7,0.53,1.3,1.11,1.1,1,0.9,neutral,neutral,0,0.241,32,6113,0,
s22557,FETUSDT,1785408300000,train,1,2.05,0.4,2.86,2.0,0.71,1.15,0.37,1.47,1.16,1.43,0,0.9,neutral,neutral,0,1.036,32,6113,0,
s22558,STBLUSDT,1785409200000,train,-1,-2.5,0.358,5.09,4.52,0.84,-3.36,1.74,0.91,0.9,0.94,0,0.86,neutral,neutral,0,0.245,32,6115,0,
s22559,OPUSDT,1785409200000,train,-1,-3.1,0.636,3.89,3.55,0.33,-3.96,1.03,1.2,1.3,1.22,0,0.86,neutral,neutral,0,-0.452,32,6115,0,
s22560,XPLUSDT,1785410100000,train,1,2.06,0.376,3.09,2.84,0.81,1.25,0.9,1.24,1.33,1.46,0,0.81,neutral,alcista,0,-0.069,32,6116,2,
s22561,OPUSDT,1785410100000,train,-1,-3.22,0.644,3.78,3.55,0.32,-4.02,1.03,1.2,1.3,1.22,0,0.81,neutral,neutral,0,-0.581,32,6116,1,
s22562,OPUSDT,1785411000000,train,-1,-2.66,0.5,3.53,2.85,0.58,-3.64,0.51,1.2,1.3,1.22,0,0.97,neutral,neutral,0,-0.48,32,6117,0,
s22563,PENDLEUSDT,1785411000000,train,1,2.13,0.617,2.46,2.31,0.79,1.15,0.88,0.83,0.78,1.03,0,0.97,neutral,alcista,0,0.289,32,6117,3,
s22564,ONDOUSDT,1785411000000,train,1,2.38,0.369,4.0,2.47,0.72,1.41,0.79,1.37,1.17,1.13,1,0.97,neutral,alcista,0,0.476,32,6116,2,
s22565,PUMPUSDT,1785411900000,train,1,2.35,0.458,3.02,2.5,1.57,1.12,0.95,0.55,0.5,0.75,0,1.23,neutral,neutral,1,2.0,21,6118,0,
s22566,STBLUSDT,1785411900000,train,-1,-2.63,0.365,5.09,4.42,0.47,-3.85,1.33,0.91,0.9,0.94,0,1.23,neutral,bajista,0,0.12,32,6118,2,
s22567,OPUSDT,1785411900000,train,-1,-2.12,0.442,3.08,2.39,0.64,-3.35,0.49,1.2,1.3,1.22,0,1.23,neutral,neutral,0,-0.667,32,6118,0,
s22568,PENDLEUSDT,1785411900000,train,1,2.78,0.743,2.82,2.73,0.61,1.55,1.2,0.83,0.78,1.03,0,1.23,neutral,alcista,0,0.184,32,6118,4,
s22569,ONDOUSDT,1785411900000,train,1,3.03,0.428,3.58,3.11,0.9,1.81,1.54,1.37,1.17,1.13,1,1.23,neutral,alcista,0,-0.053,32,6117,3,
s22570,STXUSDT,1785411900000,testB,1,2.31,0.585,2.55,2.41,0.79,1.08,0.95,0.24,0.31,0.59,0,1.23,neutral,alcista,0,0.697,32,6117,2,
s22571,PUMPUSDT,1785412800000,train,1,2.12,0.435,2.75,2.39,1.92,0.58,1.28,0.8,0.64,0.82,0,1.54,neutral,neutral,1,2.0,31,6119,1,
s22572,ENAUSDT,1785412800000,train,1,2.02,0.457,2.57,2.13,1.05,0.48,0.77,0.76,0.72,0.99,0,1.54,neutral,alcista,1,2.0,32,6119,2,
s22573,PENDLEUSDT,1785412800000,train,1,3.04,0.76,3.22,3.15,0.92,1.5,1.55,0.92,0.81,1.05,0,1.54,neutral,alcista,0,-0.249,32,6119,5,
s22574,ONDOUSDT,1785412800000,train,1,3.29,0.449,4.22,3.3,1.46,1.75,1.95,1.67,1.29,1.19,1,1.54,neutral,alcista,0,-0.143,32,6118,4,
s22575,STXUSDT,1785412800000,testB,1,2.3,0.585,2.76,2.47,1.36,0.77,1.22,0.33,0.31,0.56,0,1.54,neutral,alcista,0,0.559,32,6118,3,
s22576,STBLUSDT,1785413700000,train,-1,-2.62,0.379,5.07,3.96,0.36,-3.57,0.67,0.81,0.86,0.9,0,0.96,neutral,neutral,0,0.278,32,6120,0,
s22577,PENDLEUSDT,1785413700000,train,1,2.74,0.685,2.99,2.69,1.19,1.78,1.31,0.92,0.81,1.05,0,0.96,neutral,neutral,0,-0.236,32,6120,0,
s22578,ONDOUSDT,1785413700000,train,1,2.86,0.415,3.96,3.07,1.69,1.91,1.8,1.67,1.29,1.19,1,0.96,neutral,alcista,0,-0.238,32,6119,5,
s22579,LDOUSDT,1785413700000,testB,1,2.07,0.435,2.55,2.31,1.17,1.12,1.43,0.76,0.64,0.66,0,0.96,neutral,alcista,0,0.94,32,6119,6,
s22580,PUMPUSDT,1785414600000,train,1,2.43,0.523,3.46,2.99,3.33,1.67,1.74,0.8,0.64,0.82,0,0.76,neutral,alcista,0,1.207,32,6121,3,
s22581,STBLUSDT,1785414600000,train,-1,-3.21,0.466,5.08,4.29,0.38,-3.97,0.95,0.81,0.86,0.9,0,0.76,neutral,neutral,0,0.113,32,6121,1,
s22582,PENDLEUSDT,1785414600000,train,1,2.79,0.69,3.04,2.85,1.27,2.03,1.39,0.92,0.81,1.05,0,0.76,neutral,neutral,0,-0.22,32,6121,1,
s22583,ONDOUSDT,1785414600000,train,1,2.44,0.365,3.59,2.57,1.88,1.69,1.46,1.67,1.29,1.19,1,0.76,neutral,neutral,0,-1.0,15,6120,0,
s22584,STXUSDT,1785414600000,testB,1,2.0,0.491,2.62,1.96,2.73,1.24,0.92,0.33,0.31,0.56,0,0.76,neutral,neutral,0,0.63,32,6120,1,
s22585,LDOUSDT,1785414600000,testB,1,2.22,0.467,2.61,2.36,1.38,1.46,1.36,0.76,0.64,0.66,0,0.76,neutral,alcista,0,0.919,32,6120,7,
s22586,PUMPUSDT,1785415500000,train,1,3.4,0.727,3.64,3.44,3.52,2.44,1.91,0.8,0.64,0.82,0,0.95,neutral,alcista,0,0.701,32,6122,4,
s22587,STBLUSDT,1785415500000,train,-1,-3.32,0.494,5.06,3.83,0.45,-4.27,0.44,0.81,0.86,0.9,0,0.95,neutral,neutral,0,0.115,32,6122,0,
s22588,PENDLEUSDT,1785415500000,train,1,2.95,0.739,3.01,2.86,1.16,2.0,1.27,0.92,0.81,1.05,0,0.95,neutral,alcista,0,-0.335,32,6122,2,
s22589,LDOUSDT,1785415500000,testB,1,3.03,0.568,3.46,3.03,1.59,2.08,1.84,0.76,0.64,0.66,0,0.95,neutral,alcista,0,0.423,32,6121,8,
s22590,PUMPUSDT,1785416400000,train,1,2.85,0.692,3.64,3.23,3.13,2.18,1.64,0.88,0.68,0.84,0,0.68,neutral,neutral,0,0.714,32,6123,0,
s22591,STBLUSDT,1785416400000,train,-1,-2.93,0.459,3.95,3.46,0.47,-3.6,1.15,0.67,0.84,0.84,0,0.68,neutral,neutral,0,-0.013,32,6123,1,
s22592,PENDLEUSDT,1785416400000,train,1,2.69,0.721,2.87,2.75,0.85,2.02,1.22,0.99,0.85,1.04,0,0.68,neutral,alcista,0,-0.353,32,6123,3,
s22593,LDOUSDT,1785416400000,testB,1,3.3,0.59,4.03,3.66,1.79,2.63,2.24,1.02,0.73,0.72,1,0.68,neutral,alcista,0,0.222,32,6122,8,
s22594,PUMPUSDT,1785417300000,train,1,2.74,0.684,3.69,3.43,1.89,2.21,1.71,0.88,0.68,0.84,0,0.53,neutral,neutral,0,0.597,32,6124,1,
s22595,STBLUSDT,1785417300000,train,-1,-2.63,0.433,3.24,2.84,0.42,-3.16,1.16,0.67,0.84,0.84,0,0.53,neutral,bajista,0,-0.031,32,6124,2,
s22596,PENDLEUSDT,1785417300000,train,1,2.55,0.711,2.59,2.54,0.66,2.02,1.14,0.99,0.85,1.04,0,0.53,neutral,alcista,0,-0.462,32,6124,4,
s22597,LDOUSDT,1785417300000,testB,1,3.63,0.613,4.96,4.1,2.16,3.1,2.45,1.02,0.73,0.72,1,0.53,neutral,alcista,0,-0.026,32,6123,8,
s22598,PUMPUSDT,1785418200000,train,1,2.63,0.641,3.69,3.33,1.64,1.98,1.51,0.88,0.68,0.84,0,0.65,neutral,neutral,0,0.815,32,6125,0,
s22599,PENDLEUSDT,1785418200000,train,1,2.18,0.678,2.24,2.17,0.81,1.53,1.19,0.99,0.85,1.04,0,0.65,neutral,alcista,0,-0.57,32,6125,5,
s22600,LDOUSDT,1785418200000,testB,1,3.56,0.61,4.94,4.51,2.39,2.91,2.63,1.02,0.73,0.72,1,0.65,neutral,alcista,0,-0.214,32,6124,8,
s22601,PUMPUSDT,1785419100000,train,1,2.53,0.6,3.7,3.23,1.1,1.84,1.2,0.88,0.68,0.84,0,0.69,neutral,neutral,0,1.032,32,6126,0,
s22602,ENAUSDT,1785419100000,train,1,3.55,0.543,4.41,4.01,2.59,2.86,3.09,0.98,0.81,1.04,0,0.69,neutral,alcista,0,-0.221,32,6126,6,
s22603,PENDLEUSDT,1785419100000,train,1,2.06,0.667,2.58,2.33,1.17,1.37,1.48,0.99,0.85,1.04,0,0.69,neutral,alcista,0,-0.722,32,6126,6,
s22604,LDOUSDT,1785419100000,testB,1,3.54,0.602,4.96,4.17,2.63,2.85,2.0,1.02,0.73,0.72,1,0.69,neutral,neutral,0,-0.219,32,6125,0,
s22605,PUMPUSDT,1785420000000,train,1,2.59,0.62,3.7,3.03,1.09,2.35,0.86,1.02,0.76,0.81,0,0.24,neutral,neutral,0,1.102,32,6127,0,
s22606,ENAUSDT,1785420000000,train,1,2.64,0.354,4.59,3.04,3.6,2.41,1.79,1.12,0.9,1.06,0,0.24,neutral,neutral,0,-0.052,32,6127,0,
s22607,LDOUSDT,1785420000000,testB,1,4.16,0.639,5.09,4.74,2.23,3.92,2.33,1.11,0.78,0.75,1,0.24,neutral,neutral,0,-0.254,32,6126,1,
s22608,PUMPUSDT,1785420900000,train,1,3.32,0.677,3.93,3.83,1.16,3.09,1.52,1.02,0.76,0.81,0,0.23,neutral,neutral,0,0.72,32,6128,1,
s22609,ENAUSDT,1785420900000,train,1,2.62,0.352,4.58,3.31,3.78,2.39,1.85,1.12,0.9,1.06,0,0.23,neutral,neutral,0,-0.059,32,6128,1,
s22610,LDOUSDT,1785420900000,testB,1,3.46,0.481,5.12,4.05,1.52,3.23,1.37,1.11,0.78,0.75,1,0.23,neutral,neutral,0,-0.007,32,6127,0,
s22611,PUMPUSDT,1785421800000,train,1,2.85,0.54,4.05,3.43,1.11,2.56,1.0,1.02,0.76,0.81,0,0.28,neutral,neutral,0,0.791,32,6129,0,
s22612,ENAUSDT,1785421800000,train,1,2.7,0.364,4.58,3.33,3.2,2.42,1.68,1.12,0.9,1.06,0,0.28,neutral,alcista,0,-0.198,32,6129,2,
s22613,LDOUSDT,1785421800000,testB,1,4.15,0.527,5.08,4.79,1.25,3.87,2.0,1.11,0.78,0.75,1,0.28,neutral,neutral,0,-0.223,32,6128,1,
s22614,PUMPUSDT,1785422700000,train,1,2.96,0.571,4.06,3.18,1.04,2.81,0.71,1.02,0.76,0.81,0,0.16,neutral,neutral,0,0.823,32,6130,0,
s22615,LDOUSDT,1785422700000,testB,1,4.61,0.612,5.07,4.46,0.96,4.45,1.51,1.11,0.78,0.75,1,0.16,neutral,neutral,0,-0.217,32,6129,0,
s22616,PUMPUSDT,1785423600000,train,1,3.06,0.58,3.59,2.97,0.83,2.89,0.86,1.15,0.84,0.82,1,0.17,neutral,neutral,0,0.897,32,6131,1,
s22617,LDOUSDT,1785423600000,testB,1,4.22,0.592,4.88,4.05,0.79,4.05,1.44,1.13,0.83,0.77,1,0.17,neutral,neutral,0,-0.205,32,6130,1,
s22618,PUMPUSDT,1785424500000,train,1,2.1,0.455,2.87,2.1,0.43,1.94,0.63,1.15,0.84,0.82,1,0.16,neutral,neutral,1,2.0,18,6132,0,
s22619,LDOUSDT,1785424500000,testB,1,3.87,0.572,4.59,3.76,0.77,3.72,1.29,1.13,0.83,0.77,1,0.16,neutral,neutral,0,-0.243,32,6131,0,
s22620,PUMPUSDT,1785425400000,train,1,2.82,0.529,3.35,3.19,0.82,2.67,1.69,1.15,0.84,0.82,1,0.14,neutral,neutral,0,0.302,32,6133,1,
s22621,LDOUSDT,1785425400000,testB,1,3.75,0.565,4.26,3.64,0.67,3.61,1.46,1.13,0.83,0.77,1,0.14,neutral,neutral,0,-0.382,32,6132,1,
s22622,PUMPUSDT,1785426300000,train,1,2.87,0.534,3.65,2.99,0.93,2.98,1.55,1.15,0.84,0.82,1,-0.11,neutral,alcista,0,0.169,32,6134,2,
s22623,LDOUSDT,1785426300000,testB,1,3.71,0.563,3.98,3.68,0.7,3.82,1.55,1.13,0.83,0.77,1,-0.11,neutral,alcista,0,-0.413,32,6133,2,
s22624,PUMPUSDT,1785427200000,train,1,2.08,0.4,3.66,2.69,1.03,2.17,1.02,1.32,0.92,0.81,1,-0.09,neutral,neutral,0,0.415,32,6135,0,
s22625,LDOUSDT,1785427200000,testB,1,4.44,0.608,4.33,4.3,0.86,4.53,2.38,1.22,0.9,0.78,1,-0.09,neutral,alcista,0,-0.706,32,6134,3,
s22626,MANAUSDT,1785427200000,testB,-1,-2.23,0.756,3.0,2.48,1.46,-2.13,1.01,1.32,1.1,1.37,0,-0.09,neutral,bajista,0,-1.0,15,6134,2,
s22627,ONDOUSDT,1785428100000,train,-1,-2.59,0.466,3.85,3.63,3.1,-2.59,1.39,2.26,1.78,1.39,1,-0.0,neutral,bajista,0,-0.02,32,6135,3,
s22628,LDOUSDT,1785428100000,testB,1,3.43,0.455,4.17,3.5,0.91,3.44,1.55,1.22,0.9,0.78,1,-0.0,neutral,neutral,0,-0.614,32,6135,0,
s22629,MANAUSDT,1785428100000,testB,-1,-2.26,0.759,3.0,2.67,1.58,-2.26,1.08,1.32,1.1,1.37,0,-0.0,neutral,bajista,0,-1.0,14,6135,3,
s22630,PUMPUSDT,1785429000000,train,1,2.17,0.412,3.08,2.68,0.87,2.27,1.42,1.32,0.92,0.81,1,-0.11,neutral,alcista,0,0.094,32,6137,2,
s22631,ONDOUSDT,1785429000000,train,-1,-2.24,0.394,3.91,3.38,3.76,-2.14,1.18,2.26,1.78,1.39,1,-0.11,neutral,neutral,0,-0.043,32,6136,0,
s22632,LDOUSDT,1785429000000,testB,1,2.85,0.356,4.0,2.83,0.94,2.96,0.89,1.22,0.9,0.78,1,-0.11,neutral,neutral,0,-0.538,32,6136,0,
s22633,PUMPUSDT,1785429900000,train,1,2.05,0.4,3.87,3.02,1.05,2.22,1.54,1.32,0.92,0.81,1,-0.17,neutral,alcista,0,-0.167,32,6138,3,
s22634,0GUSDT,1785429900000,train,-1,-2.38,0.574,3.2,2.99,1.8,-2.21,1.54,0.86,0.78,0.83,0,-0.17,neutral,bajista,0,-1.0,26,6138,6,
s22635,MANAUSDT,1785429900000,testB,-1,-2.3,0.686,3.01,2.92,2.33,-2.13,1.23,1.32,1.1,1.37,0,-0.17,neutral,neutral,0,-1.0,12,6137,1,
s22636,SEIUSDT,1785431700000,train,1,2.03,0.556,2.69,2.29,1.27,1.87,0.9,1.22,0.89,1.0,0,0.16,neutral,neutral,0,-0.194,32,6140,1,
s22637,0GUSDT,1785432600000,train,-1,-2.1,0.564,3.18,2.35,0.95,-1.99,0.76,0.7,0.8,0.82,0,-0.11,neutral,neutral,0,-1.0,23,6141,1,
s22638,TIAUSDT,1785432600000,train,1,2.37,0.432,3.14,2.83,1.85,2.48,1.81,0.89,0.71,0.89,0,-0.11,neutral,alcista,0,-0.269,32,6141,2,
s22639,FETUSDT,1785432600000,train,1,2.07,0.46,3.29,3.08,1.42,2.18,1.58,1.67,1.62,1.4,1,-0.11,neutral,alcista,0,0.432,32,6140,2,
s22640,APEUSDT,1785432600000,testB,-1,-2.09,0.397,3.24,2.43,1.09,-1.98,0.56,1.14,0.92,0.92,0,-0.11,neutral,neutral,0,0.848,32,6140,0,
s22641,FETUSDT,1785433500000,train,1,2.35,0.493,3.55,3.41,1.42,2.59,1.65,1.67,1.62,1.4,1,-0.24,neutral,alcista,0,0.184,32,6141,3,
s22642,APEUSDT,1785433500000,testB,-1,-2.17,0.405,2.95,2.29,0.95,-1.93,0.7,1.14,0.92,0.92,0,-0.24,neutral,neutral,0,0.935,32,6141,1,
s22643,FETUSDT,1785434400000,train,1,2.72,0.594,4.25,3.48,1.77,2.58,1.58,1.82,1.7,1.36,1,0.14,neutral,alcista,0,0.02,32,6142,4,
s22644,FETUSDT,1785435300000,train,1,2.8,0.619,4.25,3.35,1.4,2.77,1.3,1.82,1.7,1.36,1,0.02,neutral,neutral,0,-0.042,32,6143,0,
s22645,FETUSDT,1785436200000,train,1,2.44,0.5,4.28,2.81,1.17,2.55,0.65,1.82,1.7,1.36,1,-0.11,neutral,neutral,0,-0.075,32,6144,0,
s22646,TIAUSDT,1785437100000,train,1,2.08,0.379,3.01,2.77,1.13,2.05,1.31,0.95,0.77,0.83,0,0.03,neutral,alcista,0,-0.56,32,6146,3,
s22647,FETUSDT,1785437100000,train,1,2.74,0.594,4.28,2.81,1.01,2.71,0.63,1.82,1.7,1.36,1,0.03,neutral,neutral,0,-0.2,32,6145,1,
s22648,TIAUSDT,1785438000000,train,1,2.77,0.509,3.18,3.06,0.95,2.6,1.41,1.14,0.9,0.84,1,0.17,neutral,alcista,0,-0.752,32,6147,4,
s22649,FETUSDT,1785438000000,train,1,3.24,0.634,3.97,3.2,0.58,3.06,1.24,1.51,1.64,1.35,0,0.17,neutral,alcista,0,-0.478,32,6146,2,
s22650,TIAUSDT,1785438900000,train,1,3.12,0.562,3.6,3.27,1.0,2.81,1.43,1.14,0.9,0.84,1,0.31,neutral,alcista,0,-0.657,32,6148,5,
s22651,FETUSDT,1785438900000,train,1,3.88,0.675,4.08,3.73,0.82,3.57,1.78,1.51,1.64,1.35,0,0.31,neutral,alcista,0,-0.574,32,6147,3,
s22652,TIAUSDT,1785439800000,train,1,3.46,0.587,3.56,3.5,1.34,3.34,1.7,1.14,0.9,0.84,1,0.12,neutral,alcista,0,-0.716,32,6149,6,
s22653,FETUSDT,1785439800000,train,1,2.85,0.571,3.32,2.84,0.79,2.73,1.52,1.51,1.64,1.35,0,0.12,neutral,neutral,0,-0.634,32,6148,0,
s22654,TIAUSDT,1785440700000,train,1,2.96,0.482,3.66,2.9,1.67,2.83,1.25,1.14,0.9,0.84,1,0.13,neutral,neutral,0,-0.781,32,6150,0,
s22655,FETUSDT,1785440700000,train,1,3.27,0.605,3.3,3.3,0.84,3.14,1.92,1.51,1.64,1.35,0,0.13,neutral,neutral,0,-0.625,32,6149,1,
s22656,MANAUSDT,1785440700000,testB,1,2.75,0.479,3.32,3.26,1.03,2.62,2.05,1.51,1.24,1.22,1,0.13,neutral,neutral,0,-0.475,32,6149,1,
s22657,PUMPUSDT,1785441600000,train,1,3.0,0.413,4.39,3.46,1.47,3.2,2.18,1.44,1.22,0.83,1,-0.2,neutral,alcista,0,-0.329,32,6151,5,
s22658,TIAUSDT,1785441600000,train,1,2.26,0.399,3.54,2.67,1.69,2.47,1.04,1.23,0.94,0.8,1,-0.2,neutral,neutral,0,-1.0,28,6151,0,
s22659,FETUSDT,1785441600000,train,1,2.48,0.432,3.46,2.56,0.91,2.69,1.21,1.57,1.5,1.34,1,-0.2,neutral,neutral,0,-0.432,32,6150,0,
s22660,MANAUSDT,1785441600000,testB,1,3.03,0.516,3.65,3.4,1.19,3.23,2.05,1.66,1.31,1.17,1,-0.2,neutral,alcista,0,-0.507,32,6150,2,
s22661,TIAUSDT,1785442500000,train,1,2.64,0.475,3.51,2.75,1.58,2.77,1.04,1.23,0.94,0.8,1,-0.13,neutral,neutral,0,-1.0,27,6152,1,
s22662,MANAUSDT,1785442500000,testB,1,2.88,0.477,3.66,3.08,1.09,3.01,1.53,1.66,1.31,1.17,1,-0.13,neutral,neutral,0,-0.401,32,6151,0,
s22663,ENAUSDT,1785443400000,train,1,2.49,0.436,3.23,2.44,1.31,2.33,0.68,0.83,0.98,0.85,0,0.16,neutral,neutral,0,-1.0,15,6153,1,
s22664,TIAUSDT,1785443400000,train,1,3.05,0.527,3.44,2.99,1.19,2.88,1.2,1.23,0.94,0.8,1,0.16,neutral,alcista,0,-1.0,26,6153,2,
s22665,FETUSDT,1785443400000,train,1,2.26,0.381,3.32,2.42,0.88,2.1,0.89,1.57,1.5,1.34,1,0.16,neutral,neutral,0,-1.0,32,6152,1,
s22666,MANAUSDT,1785443400000,testB,1,2.92,0.481,3.66,3.28,1.09,2.76,1.62,1.66,1.31,1.17,1,0.16,neutral,neutral,0,-0.457,32,6152,1,
s22667,TIAUSDT,1785444300000,train,1,2.32,0.434,3.38,2.78,0.77,2.37,0.87,1.23,0.94,0.8,1,-0.05,neutral,neutral,0,-1.0,25,6154,0,
s22668,FETUSDT,1785444300000,train,1,2.4,0.395,3.31,2.62,0.86,2.46,0.97,1.57,1.5,1.34,1,-0.05,neutral,alcista,0,-1.0,31,6153,2,
s22669,MANAUSDT,1785444300000,testB,1,3.62,0.608,4.22,3.54,1.52,3.68,1.72,1.66,1.31,1.17,1,-0.05,neutral,alcista,0,-0.707,32,6153,2,
s22670,TIAUSDT,1785445200000,train,1,2.6,0.477,2.98,2.56,0.64,2.66,0.98,1.33,1.0,0.8,1,-0.06,neutral,neutral,0,-1.0,22,6155,1,
s22671,FETUSDT,1785445200000,train,1,2.34,0.379,3.18,2.35,0.68,2.4,0.7,1.48,1.45,1.31,1,-0.06,neutral,neutral,0,-1.0,24,6154,0,
s22672,MANAUSDT,1785445200000,testB,1,2.68,0.424,3.98,2.65,1.61,2.74,0.99,1.74,1.37,1.19,1,-0.06,neutral,neutral,0,-0.489,32,6154,0,
s22673,MANAUSDT,1785446100000,testB,1,2.37,0.381,3.87,2.43,1.85,2.66,0.78,1.74,1.37,1.19,1,-0.29,neutral,neutral,0,-0.485,32,6155,0,
s22674,LDOUSDT,1785447000000,testB,-1,-2.28,0.489,2.41,2.38,0.56,-2.0,1.04,0.85,0.99,0.75,0,-0.28,neutral,bajista,0,0.614,32,6156,2,
s22675,LDOUSDT,1785447900000,testB,-1,-2.02,0.458,2.72,2.47,0.72,-1.81,1.16,0.85,0.99,0.75,0,-0.21,neutral,bajista,0,0.176,32,6157,3,
s22676,MANAUSDT,1785447900000,testB,1,2.1,0.354,3.86,2.71,1.07,2.31,0.91,1.74,1.37,1.19,1,-0.21,neutral,alcista,0,-0.61,32,6157,2,
s22677,XPLUSDT,1785448800000,train,1,2.08,0.371,2.7,2.53,0.33,1.9,1.37,1.37,1.19,1.25,0,0.18,neutral,alcista,0,0.082,32,6159,3,
s22678,MANAUSDT,1785448800000,testB,1,2.58,0.471,3.81,2.58,0.9,2.4,0.71,1.49,1.41,1.19,1,0.18,neutral,neutral,0,-0.543,32,6158,0,
s22679,XPLUSDT,1785449700000,train,1,3.84,0.531,4.22,4.12,0.63,3.52,2.66,1.37,1.19,1.25,0,0.32,neutral,alcista,0,-0.186,32,6160,4,
s22680,INJUSDT,1785449700000,train,1,2.6,0.527,3.62,3.6,4.27,2.27,2.25,0.9,0.89,1.06,0,0.32,neutral,alcista,0,-0.006,32,6160,3,
s22681,MANAUSDT,1785449700000,testB,1,2.47,0.453,3.79,2.5,0.59,2.15,0.53,1.49,1.41,1.19,1,0.32,neutral,neutral,0,-0.548,32,6159,0,
s22682,XPLUSDT,1785450600000,train,1,3.29,0.422,4.32,3.52,0.87,3.0,1.86,1.37,1.19,1.25,0,0.28,neutral,neutral,0,-0.234,32,6161,0,
s22683,INJUSDT,1785450600000,train,1,3.12,0.573,4.13,4.13,4.73,2.83,2.54,0.9,0.89,1.06,0,0.28,neutral,alcista,0,-0.307,32,6161,4,
s22684,MANAUSDT,1785450600000,testB,1,2.1,0.401,3.54,2.18,0.65,1.82,0.41,1.49,1.41,1.19,1,0.28,neutral,neutral,0,-0.603,32,6160,0,
s22685,XPLUSDT,1785451500000,train,1,2.93,0.359,4.35,3.04,1.05,2.69,1.29,1.37,1.19,1.25,0,0.25,neutral,neutral,0,0.102,32,6162,0,
s22686,INJUSDT,1785451500000,train,1,2.66,0.464,4.51,3.78,2.25,2.41,1.97,0.9,0.89,1.06,0,0.25,neutral,neutral,0,-0.176,32,6162,0,
s22687,MANAUSDT,1785451500000,testB,1,2.12,0.403,3.43,2.13,0.66,1.87,0.5,1.49,1.41,1.19,1,0.25,neutral,neutral,0,-1.0,24,6161,1,
s22688,INJUSDT,1785452400000,train,1,3.45,0.532,4.59,4.49,1.81,3.27,2.5,1.16,0.96,1.13,0,0.18,neutral,neutral,0,-0.371,32,6163,1,
s22689,XPLUSDT,1785453300000,train,1,3.31,0.418,3.82,3.52,1.13,3.23,1.96,1.36,1.18,1.27,0,0.08,neutral,alcista,0,-0.576,32,6164,2,
s22690,0GUSDT,1785453300000,train,1,2.08,0.536,2.92,2.37,1.64,2.0,0.95,0.58,0.64,0.74,0,0.08,neutral,neutral,0,1.2,32,6164,1,
s22691,INJUSDT,1785453300000,train,1,3.67,0.548,4.8,4.7,1.47,3.6,2.45,1.16,0.96,1.13,0,0.08,neutral,alcista,0,-0.383,32,6164,2,
s22692,INJUSDT,1785454200000,train,1,4.04,0.614,5.18,4.8,1.51,4.07,2.3,1.16,0.96,1.13,0,-0.03,neutral,alcista,0,-0.387,32,6165,3,
s22693,ENAUSDT,1785455100000,train,-1,-2.27,0.591,2.89,2.86,0.7,-2.22,0.82,0.71,0.95,0.83,0,-0.04,neutral,bajista,0,-0.353,32,6166,2,
s22694,INJUSDT,1785455100000,train,1,4.35,0.651,5.17,4.99,1.48,4.4,2.26,1.16,0.96,1.13,0,-0.04,neutral,alcista,0,-0.428,32,6166,4,
s22695,ENAUSDT,1785456000000,train,-1,-2.29,0.594,2.99,2.73,1.36,-2.33,0.95,0.75,0.94,0.83,0,0.04,neutral,bajista,0,-0.489,32,6167,3,
s22696,INJUSDT,1785456000000,train,1,4.84,0.686,5.47,5.37,1.59,4.79,2.41,1.54,1.09,1.22,0,0.04,neutral,alcista,0,-0.504,32,6167,5,
s22697,INJUSDT,1785456900000,train,1,6.04,0.787,6.33,6.17,1.74,6.07,2.99,1.54,1.09,1.22,0,-0.03,neutral,alcista,0,-0.54,32,6168,6,
s22698,ENAUSDT,1785457800000,train,-1,-2.05,0.586,2.73,2.32,1.72,-1.94,0.73,0.75,0.94,0.83,0,-0.12,neutral,neutral,0,-0.41,32,6169,0,
s22699,INJUSDT,1785457800000,train,1,6.55,0.826,6.5,6.48,1.67,6.67,3.04,1.54,1.09,1.22,0,-0.12,neutral,alcista,0,-0.573,32,6169,7,
s22700,INJUSDT,1785458700000,train,1,5.44,0.598,6.59,5.23,1.64,5.52,1.53,1.54,1.09,1.22,0,-0.08,neutral,neutral,0,-0.46,32,6170,0,
s22701,INJUSDT,1785459600000,train,1,5.2,0.589,6.36,5.22,1.27,4.53,1.62,1.78,1.18,1.26,0,0.67,neutral,neutral,0,-0.43,32,6171,1,
s22702,XPLUSDT,1785460500000,train,1,3.26,0.366,3.44,3.2,0.87,2.59,1.31,1.14,1.19,1.25,0,0.67,neutral,alcista,0,-0.697,32,6172,2,
s22703,INJUSDT,1785460500000,train,1,3.99,0.397,6.25,3.9,1.1,3.32,0.39,1.78,1.18,1.26,0,0.67,neutral,neutral,0,-0.366,32,6172,0,
s22704,INJUSDT,1785461400000,train,1,3.95,0.391,6.21,3.82,0.96,3.85,0.35,1.78,1.18,1.26,0,0.1,neutral,neutral,0,-0.358,32,6173,0,
s22705,ONDOUSDT,1785464100000,train,-1,-2.4,0.402,2.66,2.49,1.93,-1.41,1.12,0.88,1.22,1.3,0,-0.99,neutral,bajista,0,0.353,32,6175,4,
s22706,ONDOUSDT,1785465000000,train,-1,-2.38,0.398,3.25,3.03,2.41,-1.32,1.75,0.88,1.22,1.3,0,-1.06,neutral,bajista,0,0.114,32,6176,5,
s22707,APEUSDT,1785465000000,testB,-1,-2.24,0.536,2.67,2.52,1.35,-1.18,1.5,1.04,1.02,0.91,1,-1.06,neutral,bajista,0,-0.394,32,6176,6,
s22708,ONDOUSDT,1785465900000,train,-1,-2.23,0.365,3.24,2.87,1.56,-1.38,1.51,0.88,1.22,1.3,0,-0.86,neutral,neutral,0,0.222,32,6177,0,
s22709,APEUSDT,1785465900000,testB,-1,-2.61,0.574,3.22,3.07,1.63,-1.76,1.81,1.04,1.02,0.91,1,-0.86,neutral,bajista,0,-0.575,32,6177,7,
s22710,TIAUSDT,1785466800000,train,-1,-2.13,0.547,2.64,2.33,0.66,-1.07,1.17,0.78,1.06,0.8,0,-1.05,neutral,neutral,0,0.467,32,6179,1,
s22711,ONDOUSDT,1785466800000,train,-1,-2.54,0.438,3.24,2.85,1.62,-1.48,1.39,0.96,1.22,1.31,0,-1.05,neutral,neutral,0,0.345,32,6178,0,
s22712,APEUSDT,1785466800000,testB,-1,-2.99,0.606,4.08,3.46,2.37,-1.93,1.99,1.4,1.18,1.03,1,-1.05,neutral,bajista,0,-0.667,32,6178,8,
s22713,APEUSDT,1785467700000,testB,-1,-3.45,0.639,4.97,4.43,3.13,-2.6,2.62,1.4,1.18,1.03,1,-0.85,neutral,bajista,0,-0.772,32,6179,8,
s22714,APEUSDT,1785468600000,testB,-1,-3.52,0.644,4.97,4.51,3.07,-2.86,2.43,1.4,1.18,1.03,1,-0.66,neutral,bajista,0,-0.759,32,6180,8,
s22715,APEUSDT,1785469500000,testB,-1,-3.75,0.658,4.98,4.75,2.54,-3.12,2.41,1.4,1.18,1.03,1,-0.63,neutral,bajista,0,-0.836,32,6181,8,
s22716,STXUSDT,1785470400000,testB,-1,-2.26,0.485,3.4,3.04,0.37,-1.57,0.79,0.51,0.83,0.58,0,-0.7,neutral,neutral,0,0.119,32,6182,0,
s22717,GRTUSDT,1785470400000,testB,-1,-2.88,0.573,4.07,3.87,2.92,-2.19,2.15,1.96,1.33,1.19,1,-0.7,neutral,bajista,0,0.411,32,6182,3,
s22718,APEUSDT,1785470400000,testB,-1,-3.59,0.615,4.97,4.34,1.73,-2.89,1.78,1.49,1.18,1.04,1,-0.7,neutral,neutral,0,-0.821,32,6182,0,
s22719,INJUSDT,1785471300000,train,-1,-2.98,0.407,4.19,3.45,0.53,-2.31,0.66,1.54,1.22,1.3,0,-0.67,neutral,neutral,0,0.5,32,6184,0,
s22720,STXUSDT,1785471300000,testB,-1,-2.06,0.46,3.4,3.04,0.39,-1.39,0.75,0.51,0.83,0.58,0,-0.67,neutral,neutral,0,-0.0,32,6183,1,
s22721,GRTUSDT,1785471300000,testB,-1,-2.89,0.573,4.36,4.08,3.69,-2.22,2.12,1.96,1.33,1.19,1,-0.67,neutral,bajista,0,0.22,32,6183,4,
s22722,APEUSDT,1785471300000,testB,-1,-2.54,0.378,4.92,3.3,1.1,-1.88,0.71,1.49,1.18,1.04,1,-0.67,neutral,neutral,0,-1.0,32,6183,0,
s22723,INJUSDT,1785472200000,train,-1,-2.71,0.359,4.16,2.81,0.77,-1.96,0.06,1.54,1.22,1.3,0,-0.75,neutral,neutral,0,0.863,32,6185,0,
s22724,FETUSDT,1785472200000,train,-1,-2.49,0.391,4.11,3.9,1.35,-1.73,1.32,1.16,1.24,1.41,0,-0.75,neutral,bajista,0,-0.127,32,6184,2,
s22725,STXUSDT,1785472200000,testB,-1,-2.26,0.533,3.4,3.04,0.43,-1.51,0.73,0.51,0.83,0.58,0,-0.75,neutral,bajista,0,-0.071,32,6184,2,
s22726,GRTUSDT,1785472200000,testB,-1,-2.95,0.595,4.9,3.87,4.11,-2.19,1.77,1.96,1.33,1.19,1,-0.75,neutral,neutral,0,0.25,32,6184,0,
s22727,APEUSDT,1785472200000,testB,-1,-2.61,0.393,4.9,3.07,0.92,-1.86,0.44,1.49,1.18,1.04,1,-0.75,neutral,neutral,0,-1.0,31,6184,0,
s22728,TIAUSDT,1785473100000,train,-1,-2.02,0.493,2.74,2.74,0.84,-1.37,0.95,0.77,1.03,0.81,0,-0.64,neutral,bajista,0,0.193,32,6186,2,
s22729,FETUSDT,1785473100000,train,-1,-3.23,0.553,4.12,4.05,1.17,-2.59,1.31,1.16,1.24,1.41,0,-0.64,neutral,bajista,0,-0.246,32,6185,3,
s22730,STXUSDT,1785473100000,testB,-1,-2.2,0.525,3.4,3.04,0.53,-1.55,0.78,0.51,0.83,0.58,0,-0.64,neutral,neutral,0,-0.095,32,6185,0,
s22731,GRTUSDT,1785473100000,testB,-1,-3.42,0.63,4.93,4.37,3.53,-2.77,2.0,1.96,1.33,1.19,1,-0.64,neutral,neutral,0,0.079,32,6185,1,
s22732,MANAUSDT,1785473100000,testB,-1,-2.74,0.688,3.71,3.44,1.31,-2.09,1.06,1.01,1.27,1.2,0,-0.64,neutral,bajista,0,-1.0,11,6185,2,
s22733,APEUSDT,1785473100000,testB,-1,-2.25,0.357,4.9,3.07,0.76,-1.6,0.43,1.49,1.18,1.04,1,-0.64,neutral,neutral,0,-1.0,30,6185,0,
s22734,OPUSDT,1785474000000,train,-1,-2.02,0.563,2.41,2.07,1.18,-0.84,0.53,0.66,0.59,0.88,0,-1.18,neutral,neutral,0,0.833,32,6187,0,
s22735,ONDOUSDT,1785474000000,train,-1,-2.46,0.512,3.48,2.6,0.45,-1.28,0.37,0.94,0.77,1.28,0,-1.18,neutral,neutral,0,0.377,32,6186,0,
s22736,FETUSDT,1785474000000,train,-1,-2.81,0.451,3.74,3.03,0.95,-1.63,0.64,1.18,1.14,1.41,0,-1.18,neutral,neutral,0,-0.093,32,6186,0,
s22737,STXUSDT,1785474000000,testB,-1,-2.61,0.698,3.25,2.75,0.5,-1.42,0.55,0.44,0.82,0.58,0,-1.18,neutral,neutral,0,-0.316,32,6186,0,
s22738,GRTUSDT,1785474000000,testB,-1,-4.0,0.833,4.79,4.23,1.41,-2.82,1.79,2.11,1.39,1.23,1,-1.18,neutral,neutral,0,0.066,32,6186,0,
s22739,MANAUSDT,1785474000000,testB,-1,-2.26,0.508,3.16,2.3,1.61,-1.08,0.54,0.9,1.22,1.18,0,-1.18,neutral,neutral,0,-1.0,9,6186,0,
s22740,APEUSDT,1785474000000,testB,-1,-2.46,0.407,4.74,2.68,0.65,-1.28,0.17,1.48,1.16,1.04,1,-1.18,neutral,neutral,0,-1.0,29,6186,0,
s22741,OPUSDT,1785474900000,train,-1,-2.02,0.563,2.41,2.07,1.23,-0.71,0.53,0.66,0.59,0.88,0,-1.32,neutral,neutral,0,0.722,32,6188,0,
s22742,TIAUSDT,1785474900000,train,-1,-2.01,0.471,2.3,2.05,0.63,-0.69,0.62,0.7,0.92,0.8,0,-1.32,neutral,neutral,0,0.348,32,6188,1,
s22743,ONDOUSDT,1785474900000,train,-1,-3.04,0.57,3.5,3.18,0.37,-1.72,0.89,0.94,0.77,1.28,0,-1.32,neutral,neutral,0,0.101,32,6187,1,
s22744,FETUSDT,1785474900000,train,-1,-3.02,0.478,3.67,3.11,0.7,-1.7,0.74,1.18,1.14,1.41,0,-1.32,neutral,neutral,0,-0.227,32,6187,1,
s22745,STXUSDT,1785474900000,testB,-1,-2.33,0.623,3.03,2.38,0.61,-1.01,0.39,0.44,0.82,0.58,0,-1.32,neutral,neutral,0,-0.333,32,6187,0,
s22746,GRTUSDT,1785474900000,testB,-1,-4.0,0.833,4.79,4.31,0.99,-2.68,1.72,2.11,1.39,1.23,1,-1.32,neutral,neutral,0,0.016,32,6187,1,
s22747,FETUSDT,1785475800000,train,-1,-2.42,0.422,3.25,2.76,0.45,-1.58,0.82,1.18,1.14,1.41,0,-0.84,neutral,bajista,0,-0.256,32,6188,2,
s22748,STXUSDT,1785475800000,testB,-1,-2.06,0.592,2.6,2.17,0.45,-1.22,0.54,0.44,0.82,0.58,0,-0.84,neutral,neutral,0,-0.133,32,6188,1,
s22749,GRTUSDT,1785475800000,testB,-1,-3.48,0.788,4.23,3.68,0.59,-2.65,1.49,2.11,1.39,1.23,1,-0.84,neutral,neutral,0,0.057,32,6188,0,
s22750,GRTUSDT,1785476700000,testB,-1,-2.55,0.543,3.79,2.62,0.54,-2.24,0.88,2.11,1.39,1.23,1,-0.31,neutral,neutral,0,0.579,32,6189,0,
s22751,GRTUSDT,1785477600000,testB,-1,-2.36,0.522,3.52,2.42,0.52,-2.19,0.85,2.22,1.46,1.2,1,-0.17,neutral,neutral,0,0.514,32,6190,1,
s22752,GRTUSDT,1785478500000,testB,-1,-2.09,0.477,3.38,2.21,0.49,-2.25,0.64,2.22,1.46,1.2,1,0.16,neutral,neutral,0,0.625,32,6191,0,
s22753,GRTUSDT,1785479400000,testB,-1,-2.17,0.485,3.32,2.42,0.47,-2.24,0.78,2.22,1.46,1.2,1,0.08,neutral,neutral,0,0.571,32,6192,1,
s22754,GRTUSDT,1785480300000,testB,-1,-2.3,0.5,3.26,2.56,0.53,-2.2,0.86,2.22,1.46,1.2,1,-0.1,neutral,bajista,0,0.243,32,6193,2,
s22755,SANDUSDT,1785480300000,testB,1,3.68,0.766,3.99,3.85,4.22,3.78,2.55,1.34,1.09,1.01,1,-0.1,neutral,neutral,0,-0.341,32,6193,1,
s22756,GRTUSDT,1785481200000,testB,-1,-2.38,0.507,3.27,2.92,0.6,-2.07,1.06,2.24,1.52,1.18,1,-0.3,neutral,bajista,0,0.119,32,6194,3,
s22757,SANDUSDT,1785481200000,testB,1,4.81,0.853,4.89,4.56,5,5.11,3.18,3.48,2.27,1.59,1,-0.3,neutral,alcista,0,-0.51,32,6194,2,
s22758,GRTUSDT,1785482100000,testB,-1,-2.57,0.576,3.06,2.71,0.61,-1.98,0.93,2.24,1.52,1.18,1,-0.6,neutral,neutral,0,0.179,32,6195,0,
s22759,SANDUSDT,1785482100000,testB,1,4.78,0.853,4.98,4.86,5,5.38,3.38,3.48,2.27,1.59,1,-0.6,neutral,alcista,0,-0.548,32,6195,3,
s22760,MANAUSDT,1785482100000,testB,1,2.28,0.492,3.42,3.17,4.77,2.88,2.12,1.61,1.54,1.41,1,-0.6,neutral,alcista,0,-1.0,27,6195,3,
s22761,SANDUSDT,1785483000000,testB,1,7.41,0.921,7.28,7.1,5,8.15,5.28,3.48,2.27,1.59,1,-0.74,neutral,alcista,0,-0.685,32,6196,4,
s22762,MANAUSDT,1785483000000,testB,1,3.28,0.598,4.46,4.04,5,4.02,2.75,1.61,1.54,1.41,1,-0.74,neutral,alcista,0,-1.0,26,6196,4,
s22763,AXSUSDT,1785483000000,testB,1,2.06,0.436,2.02,2.02,2.43,2.8,1.44,1.04,0.98,0.85,1,-0.74,neutral,alcista,0,-1.0,26,6196,2,
s22764,APEUSDT,1785483000000,testB,1,2.25,0.408,3.42,2.66,0.91,2.99,0.46,1.47,1.19,1.08,1,-0.74,neutral,neutral,0,0.771,32,6196,1,
s22765,SANDUSDT,1785483900000,testB,1,4.52,0.413,7.51,4.53,5,5.19,2.23,3.48,2.27,1.59,1,-0.68,neutral,neutral,0,-0.482,32,6197,0,
s22766,APEUSDT,1785483900000,testB,1,3.27,0.538,3.62,3.32,1.02,3.95,1.16,1.47,1.19,1.08,1,-0.68,neutral,alcista,0,0.227,32,6197,2,
s22767,SANDUSDT,1785484800000,testB,1,4.59,0.423,7.51,4.53,5,5.26,1.94,4.42,2.76,1.85,1,-0.66,neutral,neutral,0,-0.59,32,6198,0,
s22768,APEUSDT,1785484800000,testB,1,2.95,0.514,3.17,2.94,0.81,3.61,1.24,1.38,1.21,1.09,1,-0.66,neutral,alcista,0,0.128,32,6198,3,
s22769,STBLUSDT,1785485700000,train,1,2.28,0.402,4.76,3.06,5,2.87,2.14,0.9,0.55,0.49,1,-0.6,neutral,neutral,0,0.057,32,6200,1,
s22770,APEUSDT,1785485700000,testB,1,2.23,0.446,2.4,2.33,0.76,2.82,1.41,1.38,1.21,1.09,1,-0.6,neutral,alcista,0,-0.032,32,6199,4,
s22771,STBLUSDT,1785486600000,train,1,3.35,0.497,4.71,4.06,5,4.07,2.89,0.9,0.55,0.49,1,-0.72,neutral,alcista,0,-0.064,32,6201,2,
s22772,STBLUSDT,1785487500000,train,1,4.32,0.706,4.7,4.19,5,5.07,2.68,0.9,0.55,0.49,1,-0.75,neutral,alcista,0,-0.021,32,6202,3,
s22773,APEUSDT,1785487500000,testB,1,2.38,0.463,2.54,2.4,1.06,3.12,1.47,1.38,1.21,1.09,1,-0.75,neutral,neutral,0,-0.281,32,6201,1,
s22774,STBLUSDT,1785488400000,train,1,3.86,0.652,4.49,3.85,5,4.82,2.3,1.36,0.77,0.56,1,-0.96,neutral,neutral,0,0.079,32,6203,0,
s22775,STBLUSDT,1785489300000,train,1,4.79,0.699,6.2,4.87,3.04,5.78,3.07,1.36,0.77,0.56,1,-0.98,neutral,neutral,0,-0.114,32,6204,1,
s22776,STBLUSDT,1785490200000,train,1,4.79,0.699,6.2,4.91,2.36,5.72,2.92,1.36,0.77,0.56,1,-0.93,neutral,neutral,0,-0.139,32,6205,0,
s22777,STBLUSDT,1785491100000,train,1,4.21,0.566,6.23,4.38,2.22,5.21,2.08,1.36,0.77,0.56,1,-1.0,neutral,neutral,0,0.0,32,6206,0,
s22778,STBLUSDT,1785492000000,train,1,5.87,0.658,6.22,5.8,2.37,6.88,3.23,1.62,0.89,0.6,1,-1.01,neutral,neutral,0,-0.248,32,6207,1,
s22779,OPUSDT,1785492000000,train,-1,-2.17,0.358,3.5,3.03,5,-1.16,1.81,1.47,1.06,0.96,1,-1.01,neutral,bajista,0,-0.346,32,6207,2,
s22780,STBLUSDT,1785492900000,train,1,5.31,0.623,6.86,5.72,0.98,6.31,2.83,1.62,0.89,0.6,1,-1.0,neutral,neutral,0,-0.267,32,6208,0,
s22781,STBLUSDT,1785493800000,train,1,5.07,0.613,6.86,5.8,0.95,5.66,2.63,1.62,0.89,0.6,1,-0.59,neutral,neutral,0,-0.328,32,6209,1,
s22782,XPLUSDT,1785494700000,train,-1,-2.11,0.432,2.61,2.25,0.55,-1.61,0.91,0.94,0.9,1.05,0,-0.5,neutral,neutral,0,0.778,32,6210,1,
s22783,STBLUSDT,1785494700000,train,1,4.78,0.554,6.9,5.2,0.84,5.28,1.8,1.62,0.89,0.6,1,-0.5,neutral,neutral,0,-0.238,32,6210,0,
s22784,OPUSDT,1785494700000,train,-1,-2.17,0.373,3.51,3.27,1.38,-1.67,1.65,1.47,1.06,0.96,1,-0.5,neutral,neutral,0,-0.357,32,6210,1,
s22785,STBLUSDT,1785495600000,train,1,5.64,0.636,6.87,5.68,0.66,5.89,2.04,1.81,0.97,0.62,1,-0.25,neutral,neutral,0,-0.351,32,6211,1,
s22786,STBLUSDT,1785496500000,train,1,4.38,0.462,6.46,4.36,0.4,4.53,0.98,1.81,0.97,0.62,1,-0.16,neutral,neutral,0,-0.275,32,6212,0,
s22787,0GUSDT,1785496500000,train,-1,-2.7,0.451,4.41,3.59,0.78,-2.55,0.73,1.18,1.07,0.85,1,-0.16,neutral,bajista,0,1.0,32,6212,2,
s22788,STBLUSDT,1785497400000,train,1,4.15,0.441,6.46,4.28,0.48,4.25,0.85,1.81,0.97,0.62,1,-0.11,neutral,neutral,0,-0.36,32,6213,0,
s22789,0GUSDT,1785497400000,train,-1,-2.33,0.412,3.07,2.94,0.8,-2.23,1.34,1.18,1.07,0.85,1,-0.11,neutral,bajista,0,0.93,32,6213,3,
s22790,OPUSDT,1785497400000,train,-1,-2.96,0.542,4.11,3.76,0.8,-2.86,1.61,1.6,1.12,0.97,1,-0.11,neutral,neutral,0,-0.25,32,6213,1,
s22791,SANDUSDT,1785497400000,testB,-1,-5.11,0.669,6.29,5.6,0.54,-5.0,0.6,5.86,3.46,2.17,1,-0.11,neutral,neutral,0,-0.051,32,6212,0,
s22792,MANAUSDT,1785497400000,testB,-1,-2.19,0.503,2.81,2.6,0.5,-2.09,0.24,1.72,1.32,1.41,0,-0.11,neutral,bajista,0,0.057,32,6212,4,
s22793,STBLUSDT,1785498300000,train,1,4.9,0.482,6.41,5.01,0.42,5.1,1.51,1.81,0.97,0.62,1,-0.2,neutral,neutral,0,-0.458,32,6214,1,
s22794,0GUSDT,1785498300000,train,-1,-2.59,0.481,2.94,2.66,0.86,-2.39,1.13,1.18,1.07,0.85,1,-0.2,neutral,bajista,0,1.103,32,6214,4,
s22795,OPUSDT,1785498300000,train,-1,-3.63,0.727,4.12,3.88,0.67,-3.43,1.5,1.6,1.12,0.97,1,-0.2,neutral,neutral,0,-0.242,32,6214,0,
s22796,SANDUSDT,1785498300000,testB,-1,-2.7,0.509,4.01,3.53,0.6,-2.49,0.86,5.86,3.46,2.17,1,-0.2,neutral,neutral,0,-0.155,32,6213,1,
s22797,XPLUSDT,1785499200000,train,-1,-2.17,0.568,3.17,2.64,0.83,-1.82,0.73,0.93,0.85,1.02,0,-0.35,neutral,neutral,0,0.79,32,6215,0,
s22798,STBLUSDT,1785499200000,train,1,4.95,0.489,6.29,4.8,0.37,5.3,1.25,1.9,1.0,0.62,1,-0.35,neutral,neutral,0,-0.522,32,6215,0,
s22799,OPUSDT,1785499200000,train,-1,-4.08,0.75,4.73,4.37,0.82,-3.74,1.79,1.62,1.2,1.0,1,-0.35,neutral,neutral,0,-0.351,32,6215,1,
s22800,SANDUSDT,1785499200000,testB,-1,-2.58,0.476,3.6,3.01,0.43,-2.23,0.75,5.77,3.59,2.22,1,-0.35,neutral,neutral,0,-0.135,32,6214,0,
s22801,PUMPUSDT,1785500100000,train,1,2.0,0.377,3.54,3.14,0.94,2.33,1.31,0.64,0.71,0.94,0,-0.32,neutral,neutral,1,2.0,20,6216,1,
s22802,OPUSDT,1785500100000,train,-1,-3.18,0.538,4.34,3.29,0.8,-2.86,1.09,1.62,1.2,1.0,1,-0.32,neutral,neutral,0,-0.286,32,6216,0,
s22803,PUMPUSDT,1785501000000,train,1,2.41,0.462,3.73,3.29,1.29,2.7,1.29,0.64,0.71,0.94,0,-0.29,neutral,alcista,0,0.746,32,6217,2,
s22804,OPUSDT,1785501000000,train,-1,-2.85,0.51,4.34,3.29,0.57,-2.56,1.06,1.62,1.2,1.0,1,-0.29,neutral,neutral,0,-0.25,32,6217,1,
s22805,PUMPUSDT,1785501900000,train,1,2.21,0.407,3.73,3.1,1.62,2.33,0.9,0.64,0.71,0.94,0,-0.12,neutral,neutral,1,2.0,15,6218,0,
s22806,OPUSDT,1785501900000,train,-1,-2.84,0.51,4.33,3.04,0.67,-2.73,0.75,1.62,1.2,1.0,1,-0.12,neutral,neutral,0,-0.115,32,6218,0,
s22807,PUMPUSDT,1785502800000,train,1,2.87,0.504,3.72,3.52,1.6,2.92,1.31,0.96,0.86,0.99,0,-0.05,neutral,neutral,0,0.639,32,6219,1,
s22808,0GUSDT,1785502800000,train,-1,-2.08,0.425,2.74,2.33,0.49,-2.02,0.89,0.88,1.06,0.86,0,-0.05,neutral,neutral,0,1.147,32,6219,1,
s22809,OPUSDT,1785502800000,train,-1,-2.51,0.44,4.21,2.69,0.4,-2.45,0.44,1.73,1.26,0.99,1,-0.05,neutral,neutral,0,-0.043,32,6219,0,
s22810,PUMPUSDT,1785503700000,train,1,4.07,0.591,4.39,4.25,2.16,3.86,2.52,0.96,0.86,0.99,0,0.2,neutral,alcista,0,0.136,32,6220,2,
s22811,OPUSDT,1785503700000,train,-1,-2.05,0.36,4.2,2.45,0.4,-2.26,0.14,1.73,1.26,0.99,1,0.2,neutral,neutral,0,0.095,32,6220,0,
s22812,OPUSDT,1785504600000,train,-1,-2.74,0.444,3.99,2.81,0.53,-2.37,0.68,1.73,1.26,0.99,1,-0.37,neutral,neutral,0,-0.042,32,6221,1,
s22813,0GUSDT,1785505500000,train,-1,-2.37,0.432,3.4,3.33,1.1,-1.68,1.94,0.88,1.06,0.86,0,-0.69,neutral,bajista,0,0.396,32,6222,2,
s22814,STBLUSDT,1785506400000,train,-1,-2.2,0.448,4.59,3.33,0.73,-0.58,1.11,1.5,1.11,0.66,1,-1.62,neutral,bajista,0,0.519,32,6223,8,
s22815,0GUSDT,1785506400000,train,-1,-3.57,0.639,5.66,4.06,3.09,-1.95,2.27,1.1,1.16,0.93,0,-1.62,neutral,bajista,0,0.086,32,6223,3,
s22816,LDOUSDT,1785506400000,testB,-1,-3.75,0.944,4.89,4.06,3.65,-2.13,2.36,1.06,0.8,0.78,1,-1.62,neutral,bajista,0,0.31,32,6222,3,
s22817,0GUSDT,1785507300000,train,-1,-3.58,0.639,5.67,4.13,3.63,-1.75,2.09,1.1,1.16,0.93,0,-1.83,neutral,bajista,0,0.051,32,6224,4,
s22818,LDOUSDT,1785507300000,testB,-1,-3.61,0.891,4.77,3.83,4.2,-1.78,2.03,1.06,0.8,0.78,1,-1.83,neutral,neutral,0,0.366,32,6223,0,
s22819,0GUSDT,1785508200000,train,-1,-3.44,0.614,5.66,4.06,3.11,-1.56,1.82,1.1,1.16,0.93,0,-1.89,neutral,neutral,0,0.121,32,6225,0,
s22820,LDOUSDT,1785508200000,testB,-1,-3.39,0.815,4.71,3.6,3.67,-1.51,1.64,1.06,0.8,0.78,1,-1.89,neutral,neutral,0,0.46,32,6224,0,
s22821,PUMPUSDT,1785509100000,train,1,4.31,0.352,7.02,5.74,2.51,6.22,3.21,1.38,1.07,1.07,0,-1.91,neutral,alcista,0,-0.653,32,6226,4,
s22822,0GUSDT,1785509100000,train,-1,-3.43,0.614,5.65,3.77,2.72,-1.52,1.47,1.1,1.16,0.93,0,-1.91,neutral,neutral,0,0.278,32,6226,0,
s22823,LDOUSDT,1785509100000,testB,-1,-3.15,0.76,4.7,3.48,2.73,-1.23,1.46,1.06,0.8,0.78,1,-1.91,neutral,neutral,0,0.566,32,6225,0,
s22824,0GUSDT,1785510000000,train,-1,-2.85,0.568,4.95,3.14,0.5,-0.83,1.39,0.99,1.12,0.93,0,-2.02,bear,neutral,0,0.244,32,6227,1,
s22825,ENAUSDT,1785510000000,train,-1,-2.64,0.406,3.39,3.16,1.85,-0.62,1.69,1.42,1.11,0.9,1,-2.02,bear,bajista,0,-0.095,32,6227,3,
s22826,LDOUSDT,1785510000000,testB,-1,-3.56,0.782,4.47,3.72,0.92,-1.55,1.75,1.19,0.85,0.79,1,-2.02,bear,neutral,0,0.315,32,6226,1,
s22827,PUMPUSDT,1785510900000,train,1,5.06,0.359,6.98,6.28,2.14,7.11,3.23,1.9,1.29,1.18,1,-2.05,bear,neutral,0,-0.481,32,6228,1,
s22828,0GUSDT,1785510900000,train,-1,-3.19,0.595,4.76,3.29,0.6,-1.14,1.56,0.99,1.12,0.93,0,-2.05,bear,bajista,0,0.17,32,6228,2,
s22829,ENAUSDT,1785510900000,train,-1,-2.25,0.367,3.35,2.84,1.66,-0.2,1.56,1.42,1.11,0.9,1,-2.05,bear,bajista,0,-0.211,32,6228,4,
s22830,LDOUSDT,1785510900000,testB,-1,-3.43,0.775,4.22,3.61,0.76,-1.39,1.71,1.19,0.85,0.79,1,-2.05,bear,bajista,0,0.238,32,6227,2,
s22831,0GUSDT,1785511800000,train,-1,-2.87,0.568,4.71,3.58,0.64,-1.17,1.76,0.99,1.12,0.93,0,-1.7,neutral,bajista,0,-0.02,32,6229,3,
s22832,LDOUSDT,1785511800000,testB,-1,-3.41,0.774,4.17,3.71,0.74,-1.72,1.66,1.19,0.85,0.79,1,-1.7,neutral,bajista,0,0.248,32,6228,3,
s22833,STBLUSDT,1785512700000,train,-1,-2.12,0.49,3.21,2.21,1.12,-0.42,1.04,1.06,1.15,0.68,0,-1.7,neutral,bajista,0,0.275,32,6230,4,
s22834,0GUSDT,1785512700000,train,-1,-3.0,0.579,4.71,3.73,0.63,-1.3,1.63,0.99,1.12,0.93,0,-1.7,neutral,bajista,0,-0.075,32,6230,4,
s22835,LDOUSDT,1785512700000,testB,-1,-3.79,0.791,4.14,4.02,0.87,-2.09,2.11,1.19,0.85,0.79,1,-1.7,neutral,bajista,0,0.079,32,6229,4,
s22836,STBLUSDT,1785513600000,train,-1,-2.13,0.49,3.17,2.26,0.94,-0.79,0.9,0.78,1.16,0.67,0,-1.33,neutral,bajista,0,0.192,32,6231,5,
s22837,0GUSDT,1785513600000,train,-1,-2.53,0.457,4.7,3.29,0.65,-1.19,1.1,0.94,1.1,0.91,0,-1.33,neutral,neutral,0,0.021,32,6231,0,
s22838,LDOUSDT,1785513600000,testB,-1,-3.36,0.769,4.38,3.8,1.3,-2.03,2.13,1.39,0.95,0.81,1,-1.33,neutral,bajista,0,-0.031,32,6230,5,
s22839,STBLUSDT,1785514500000,train,-1,-2.42,0.523,3.05,2.48,0.71,-1.13,1.11,0.78,1.16,0.67,0,-1.29,neutral,bajista,0,0.211,32,6232,6,
s22840,0GUSDT,1785514500000,train,-1,-2.93,0.544,4.42,3.16,0.43,-1.64,1.03,0.94,1.1,0.91,0,-1.29,neutral,neutral,0,-0.044,32,6232,1,
s22841,LDOUSDT,1785514500000,testB,-1,-3.53,0.818,4.38,3.86,1.36,-2.24,1.96,1.39,0.95,0.81,1,-1.29,neutral,bajista,0,-0.015,32,6231,6,
s22842,0GUSDT,1785515400000,train,-1,-2.67,0.52,4.43,3.3,0.52,-1.4,1.06,0.94,1.1,0.91,0,-1.27,neutral,bajista,0,-0.021,32,6233,2,
s22843,LDOUSDT,1785515400000,testB,-1,-3.56,0.819,4.39,3.92,1.32,-2.29,1.79,1.39,0.95,0.81,1,-1.27,neutral,bajista,0,-0.0,32,6232,7,
s22844,0GUSDT,1785516300000,train,-1,-2.79,0.562,4.21,2.88,0.49,-1.42,0.76,0.94,1.1,0.91,0,-1.38,neutral,neutral,0,0.073,32,6234,0,
s22845,ONDOUSDT,1785516300000,train,-1,-2.17,0.427,2.83,2.32,0.71,-0.8,0.93,1.32,1.11,0.94,1,-1.38,neutral,neutral,0,0.717,32,6233,0,
s22846,LDOUSDT,1785516300000,testB,-1,-3.47,0.785,4.38,3.83,1.04,-2.1,1.44,1.39,0.95,0.81,1,-1.38,neutral,neutral,0,0.242,32,6233,0,
s22847,0GUSDT,1785517200000,train,-1,-2.53,0.536,4.07,2.88,0.46,-1.19,0.85,0.87,1.02,0.89,0,-1.34,neutral,neutral,0,0.049,32,6235,1,
s22848,LDOUSDT,1785517200000,testB,-1,-2.61,0.508,4.35,2.99,0.64,-1.27,0.6,1.49,1.0,0.82,1,-1.34,neutral,neutral,0,0.683,32,6234,0,
s22849,0GUSDT,1785518100000,train,-1,-2.39,0.493,3.92,2.45,0.43,-1.07,0.46,0.87,1.02,0.89,0,-1.33,neutral,neutral,0,0.114,32,6236,0,
s22850,LDOUSDT,1785518100000,testB,-1,-2.47,0.468,4.34,2.85,0.59,-1.14,0.41,1.49,1.0,0.82,1,-1.33,neutral,neutral,0,0.747,32,6235,0,
s22851,PENDLEUSDT,1785519000000,train,1,2.85,0.555,3.54,3.26,0.57,3.48,1.39,1.41,1.11,0.93,1,-0.63,neutral,alcista,0,-0.242,32,6237,4,
s22852,LDOUSDT,1785519000000,testB,-1,-2.22,0.441,3.83,2.39,0.56,-1.59,0.42,1.49,1.0,0.82,1,-0.63,neutral,neutral,0,1.193,32,6236,1,
s22853,PUMPUSDT,1785519900000,train,1,6.16,0.356,8.42,7.11,0.36,6.21,1.51,2.41,1.56,1.22,1,-0.05,neutral,neutral,0,-0.066,32,6238,0,
s22854,JUPUSDT,1785519900000,train,1,2.23,0.494,3.4,3.0,1.94,2.29,1.03,1.78,1.44,1.07,1,-0.05,neutral,neutral,0,-0.627,32,6238,1,
s22855,PENDLEUSDT,1785519900000,train,1,2.67,0.539,4.19,3.59,0.92,2.72,1.58,1.41,1.11,0.93,1,-0.05,neutral,alcista,0,-0.332,32,6238,5,
s22856,ARUSDT,1785519900000,testB,1,2.29,0.565,4.02,3.73,0.82,2.34,0.92,1.62,1.5,1.18,1,-0.05,neutral,neutral,0,-0.015,32,6237,1,
s22857,STXUSDT,1785519900000,testB,1,2.11,0.617,3.34,3.13,1.02,2.16,1.17,0.42,0.45,0.64,0,-0.05,neutral,alcista,0,-0.727,32,6237,8,
s22858,PENDLEUSDT,1785520800000,train,1,2.89,0.559,3.4,3.01,1.2,2.18,1.55,1.43,1.14,0.94,1,0.71,neutral,alcista,0,-0.482,32,6239,6,
s22859,ARUSDT,1785520800000,testB,1,2.06,0.479,2.65,2.13,0.8,1.34,0.61,1.62,1.49,1.13,1,0.71,neutral,neutral,0,0.189,32,6238,0,
s22860,PENDLEUSDT,1785521700000,train,1,2.84,0.552,3.4,3.0,1.3,2.2,1.57,1.43,1.14,0.94,1,0.64,neutral,neutral,0,-0.495,32,6240,0,
s22861,PENDLEUSDT,1785522600000,train,1,2.58,0.529,3.4,3.15,1.26,2.03,1.49,1.43,1.14,0.94,1,0.55,neutral,neutral,0,-0.583,32,6241,1,
s22862,PENDLEUSDT,1785523500000,train,1,2.32,0.503,3.39,3.21,0.89,1.68,1.4,1.43,1.14,0.94,1,0.64,neutral,alcista,0,-0.574,32,6242,2,
s22863,PENDLEUSDT,1785524400000,train,1,2.56,0.583,3.6,2.95,0.85,1.85,1.02,1.2,1.14,0.95,1,0.72,neutral,neutral,0,-0.599,32,6243,0,
s22864,PENDLEUSDT,1785525300000,train,1,2.57,0.583,3.42,2.53,0.97,1.88,0.65,1.2,1.14,0.95,1,0.69,neutral,neutral,0,-0.598,32,6244,0,
s22865,XPLUSDT,1785526200000,train,-1,-2.88,0.441,3.44,2.96,1.65,-3.26,1.59,1.05,0.97,0.97,1,0.38,neutral,bajista,0,-0.708,32,6245,3,
s22866,PUMPUSDT,1785532500000,train,-1,-3.47,0.389,4.12,3.65,0.88,-3.52,1.32,1.37,1.65,1.17,0,0.05,neutral,bajista,0,-1.0,24,6252,2,
s22867,STBLUSDT,1785532500000,train,-1,-2.32,0.628,2.77,2.51,4.2,-2.37,1.18,0.38,0.71,0.69,0,0.05,neutral,neutral,0,-0.737,32,6252,1,
s22868,PUMPUSDT,1785533400000,train,-1,-3.74,0.404,4.56,4.37,0.63,-3.69,2.13,1.37,1.65,1.17,0,-0.05,neutral,bajista,0,-1.0,22,6253,3,
s22869,STBLUSDT,1785533400000,train,-1,-2.07,0.545,2.77,2.33,2.39,-2.02,0.95,0.38,0.71,0.69,0,-0.05,neutral,neutral,0,-0.66,32,6253,0,
s22870,PUMPUSDT,1785534300000,train,-1,-3.41,0.367,4.55,4.16,0.49,-2.95,1.87,1.37,1.65,1.17,0,-0.46,neutral,neutral,0,-1.0,21,6254,0,
s22871,STBLUSDT,1785534300000,train,-1,-2.54,0.634,2.91,2.69,0.95,-2.08,1.21,0.38,0.71,0.69,0,-0.46,neutral,neutral,0,-0.82,32,6254,1,
s22872,WLDUSDT,1785534300000,train,-1,-2.48,0.543,3.31,2.71,0.59,-2.02,0.69,0.67,0.75,0.73,0,-0.46,neutral,bajista,0,-1.0,18,6254,3,
s22873,ONDOUSDT,1785534300000,train,-1,-2.46,0.671,2.85,2.7,1.37,-2.0,1.57,0.88,1.07,0.97,0,-0.46,neutral,bajista,0,0.143,32,6253,2,
s22874,STBLUSDT,1785535200000,train,-1,-2.49,0.617,2.86,2.56,0.55,-2.26,1.05,0.36,0.56,0.69,0,-0.23,neutral,neutral,0,-1.0,32,6255,0,
s22875,PUMPUSDT,1785536100000,train,-1,-3.24,0.351,5.51,5.31,1.16,-3.13,2.84,1.08,1.7,1.18,0,-0.1,neutral,bajista,0,-1.0,15,6256,2,
s22876,STBLUSDT,1785536100000,train,-1,-2.37,0.604,2.73,2.47,0.59,-2.26,0.98,0.36,0.56,0.69,0,-0.1,neutral,neutral,0,-1.0,31,6256,1,
s22877,PUMPUSDT,1785537000000,train,-1,-3.93,0.454,5.76,5.42,1.14,-3.79,2.65,1.08,1.7,1.18,0,-0.14,neutral,bajista,0,-1.0,14,6257,3,
s22878,STBLUSDT,1785537000000,train,-1,-2.11,0.576,2.47,2.2,0.87,-1.97,0.94,0.36,0.56,0.69,0,-0.14,neutral,neutral,0,-1.0,22,6257,0,
s22879,SANDUSDT,1785537000000,testB,1,2.13,0.389,2.83,2.2,1.7,2.27,0.9,1.07,1.66,2.55,0,-0.14,neutral,neutral,0,0.255,32,6256,1,
s22880,PUMPUSDT,1785537900000,train,-1,-4.34,0.517,5.77,5.52,1.14,-4.1,2.38,1.08,1.7,1.18,0,-0.23,neutral,bajista,0,-1.0,13,6258,4,
s22881,STBLUSDT,1785537900000,train,-1,-2.33,0.614,2.47,2.39,0.72,-2.09,1.02,0.36,0.56,0.69,0,-0.23,neutral,neutral,0,-1.0,21,6258,1,
s22882,ONDOUSDT,1785537900000,train,-1,-2.33,0.65,2.85,2.49,0.66,-2.1,0.93,0.77,1.04,0.98,0,-0.23,neutral,bajista,0,0.32,32,6257,3,
s22883,FETUSDT,1785537900000,train,-1,-2.23,0.593,2.36,2.36,0.75,-2.0,1.05,0.57,0.83,0.95,0,-0.23,neutral,bajista,0,-0.545,32,6257,2,
s22884,PUMPUSDT,1785538800000,train,-1,-2.99,0.352,5.73,4.75,0.61,-2.84,1.37,0.98,1.72,1.19,0,-0.15,neutral,neutral,0,-1.0,12,6259,0,
s22885,ONDOUSDT,1785538800000,train,-1,-2.04,0.609,2.54,2.15,0.56,-1.89,0.85,0.69,1.06,0.98,0,-0.15,neutral,neutral,0,0.44,32,6258,0,
s22886,PUMPUSDT,1785540600000,train,-1,-3.19,0.391,5.57,3.48,0.49,-3.1,0.29,0.98,1.72,1.19,0,-0.09,neutral,neutral,0,-1.0,10,6261,0,
s22887,APEUSDT,1785541500000,testB,1,2.19,0.446,2.29,2.29,1.66,2.33,1.18,0.39,0.59,0.86,0,-0.14,neutral,alcista,0,-0.516,32,6261,2,
s22888,APEUSDT,1785542400000,testB,1,2.95,0.52,3.01,2.93,2.09,3.02,1.82,0.53,0.62,0.88,0,-0.07,neutral,alcista,0,-0.75,32,6262,3,
s22889,APEUSDT,1785543300000,testB,1,2.33,0.449,3.16,2.86,2.82,2.38,1.62,0.53,0.62,0.88,0,-0.05,neutral,neutral,0,-0.641,32,6263,0,
s22890,ARBUSDT,1785544200000,train,1,2.03,0.571,2.46,2.32,1.77,2.02,1.38,0.74,0.88,0.81,0,0.01,neutral,neutral,0,-0.404,32,6265,1,
s22891,APEUSDT,1785544200000,testB,1,2.85,0.5,3.51,3.36,2.49,2.84,1.92,0.53,0.62,0.88,0,0.01,neutral,neutral,0,-0.717,32,6264,1,
s22892,LDOUSDT,1785547800000,testB,-1,-2.4,0.634,2.9,2.52,3.43,-2.3,1.64,0.6,0.95,0.8,0,-0.09,neutral,neutral,0,0.835,32,6268,1,
s22893,PUMPUSDT,1785548700000,train,1,3.05,0.352,5.12,4.93,1.05,3.02,1.91,1.02,1.6,1.23,0,0.03,neutral,alcista,0,0.457,32,6270,4,
s22894,APEUSDT,1785548700000,testB,1,2.04,0.351,3.55,2.07,0.81,2.0,0.17,0.57,0.61,0.85,0,0.03,neutral,neutral,0,-0.679,32,6269,0,
s22895,PUMPUSDT,1785549600000,train,1,3.95,0.468,5.58,5.2,1.06,3.91,2.02,0.86,1.41,1.24,0,0.03,neutral,alcista,0,0.234,32,6271,5,
s22896,TIAUSDT,1785549600000,train,1,2.23,0.703,2.3,2.21,2.4,2.2,1.31,0.65,0.86,0.85,0,0.03,neutral,alcista,0,0.833,32,6271,5,
s22897,PUMPUSDT,1785550500000,train,1,5.31,0.684,5.65,5.47,1.19,5.19,2.24,0.86,1.41,1.24,0,0.12,neutral,alcista,0,0.188,32,6272,6,
s22898,WLDUSDT,1785550500000,train,1,2.07,0.437,2.74,2.48,1.67,1.94,1.49,0.52,0.64,0.65,0,0.12,neutral,alcista,0,0.0,32,6272,6,
s22899,PUMPUSDT,1785551400000,train,1,4.93,0.602,5.54,4.88,1.09,4.73,1.57,0.86,1.41,1.24,0,0.2,neutral,neutral,0,0.394,32,6273,0,
s22900,WLDUSDT,1785551400000,train,1,2.34,0.515,2.74,2.51,1.29,2.14,1.39,0.52,0.64,0.65,0,0.2,neutral,alcista,0,0.104,32,6273,7,
s22901,XPLUSDT,1785552300000,train,1,2.9,0.38,4.08,2.98,0.56,2.7,0.86,1.25,1.1,1.01,1,0.2,neutral,neutral,0,0.603,32,6274,0,
s22902,PUMPUSDT,1785552300000,train,1,5.67,0.65,5.74,5.46,1.08,5.47,2.05,0.86,1.41,1.24,0,0.2,neutral,neutral,0,0.145,32,6274,1,
s22903,WLDUSDT,1785552300000,train,1,2.48,0.561,2.88,2.42,1.25,2.28,1.13,0.52,0.64,0.65,0,0.2,neutral,neutral,0,0.189,32,6274,0,
s22904,TIAUSDT,1785552300000,train,1,2.11,0.663,2.31,2.06,1.47,1.91,0.88,0.65,0.86,0.85,0,0.2,neutral,neutral,0,1.015,32,6274,1,
s22905,SANDUSDT,1785552300000,testB,1,2.09,0.497,2.58,2.28,1.37,1.9,0.94,1.18,1.12,2.58,0,0.2,neutral,neutral,0,-1.0,20,6273,0,
s22906,PUMPUSDT,1785553200000,train,1,4.55,0.55,5.15,4.45,0.86,4.53,1.69,1.03,1.22,1.27,0,0.02,neutral,neutral,0,0.358,32,6275,0,
s22907,TIAUSDT,1785553200000,train,1,2.1,0.663,2.27,2.15,0.54,2.08,0.88,0.65,0.76,0.84,0,0.02,neutral,alcista,0,0.929,32,6275,2,
s22908,LDOUSDT,1785553200000,testB,-1,-2.58,0.69,3.06,2.98,0.74,-2.6,1.34,0.65,0.73,0.78,0,0.02,neutral,bajista,0,0.47,32,6274,3,
s22909,SANDUSDT,1785553200000,testB,1,2.52,0.591,2.73,2.5,1.36,2.5,1.13,1.32,1.15,2.62,0,0.02,neutral,neutral,0,-1.0,19,6274,1,
s22910,XPLUSDT,1785554100000,train,1,2.59,0.36,3.93,2.97,0.41,2.54,0.95,1.15,1.04,0.99,1,0.05,neutral,alcista,0,0.071,32,6276,2,
s22911,PUMPUSDT,1785554100000,train,1,5.55,0.6,5.9,5.49,1.28,5.5,2.96,1.03,1.22,1.27,0,0.05,neutral,neutral,0,-0.05,32,6276,1,
s22912,LDOUSDT,1785554100000,testB,-1,-2.81,0.776,3.13,3.04,0.62,-2.85,1.26,0.65,0.73,0.78,0,0.05,neutral,bajista,0,0.422,32,6275,4,
s22913,XPLUSDT,1785555000000,train,1,2.97,0.418,3.92,3.11,0.41,2.89,1.05,1.15,1.04,0.99,1,0.08,neutral,alcista,0,-0.055,32,6277,3,
s22914,PUMPUSDT,1785555000000,train,1,4.7,0.524,5.69,4.76,1.54,4.61,2.42,1.03,1.22,1.27,0,0.08,neutral,neutral,0,-0.107,32,6277,0,
s22915,LDOUSDT,1785555000000,testB,-1,-2.73,0.77,3.22,3.16,0.67,-2.81,1.22,0.65,0.73,0.78,0,0.08,neutral,bajista,0,0.198,32,6276,5,
s22916,PUMPUSDT,1785555900000,train,1,5.21,0.551,5.55,5.37,1.71,5.03,2.77,1.03,1.22,1.27,0,0.18,neutral,neutral,0,-0.222,32,6278,1,
s22917,WLDUSDT,1785555900000,train,1,2.07,0.397,2.68,2.16,0.59,1.89,0.84,0.53,0.6,0.65,0,0.18,neutral,alcista,0,0.258,32,6278,2,
s22918,LDOUSDT,1785555900000,testB,-1,-2.52,0.707,3.25,3.04,0.62,-2.71,1.04,0.65,0.73,0.78,0,0.18,neutral,neutral,0,0.167,32,6277,0,
s22919,PUMPUSDT,1785556800000,train,1,4.56,0.519,4.82,4.54,1.83,4.46,2.46,1.19,1.14,1.34,0,0.1,neutral,alcista,0,-0.455,32,6279,2,
s22920,LDOUSDT,1785556800000,testB,-1,-2.46,0.68,3.06,2.61,0.7,-2.56,0.78,0.69,0.64,0.79,0,0.1,neutral,neutral,0,0.193,32,6278,0,
s22921,XPLUSDT,1785557700000,train,1,2.66,0.45,3.81,2.84,0.39,2.54,0.64,0.89,1.01,1.0,0,0.12,neutral,neutral,0,-0.056,32,6280,0,
s22922,PUMPUSDT,1785557700000,train,1,3.42,0.45,5.32,4.45,1.55,3.3,2.15,1.19,1.14,1.34,0,0.12,neutral,alcista,0,-0.402,32,6280,3,
s22923,LDOUSDT,1785557700000,testB,-1,-2.47,0.68,2.89,2.56,0.69,-2.58,0.79,0.69,0.64,0.79,0,0.12,neutral,neutral,0,0.14,32,6279,1,
s22924,XPLUSDT,1785558600000,train,1,2.49,0.435,3.77,2.92,0.4,2.38,0.64,0.89,1.01,1.0,0,0.11,neutral,neutral,0,-0.136,32,6281,1,
s22925,PUMPUSDT,1785558600000,train,1,4.68,0.529,6.23,5.92,1.66,4.57,3.35,1.19,1.14,1.34,0,0.11,neutral,alcista,0,-0.672,32,6281,4,
s22926,WLDUSDT,1785558600000,train,1,2.06,0.425,2.92,2.83,0.59,1.95,1.22,0.55,0.56,0.65,0,0.11,neutral,alcista,0,-0.138,32,6281,2,
s22927,LDOUSDT,1785558600000,testB,-1,-2.47,0.68,2.86,2.65,0.68,-2.58,0.81,0.69,0.64,0.79,0,0.11,neutral,bajista,0,0.315,32,6280,2,
s22928,APEUSDT,1785558600000,testB,-1,-2.41,0.805,2.62,2.54,0.47,-2.52,0.75,0.54,0.45,0.63,0,0.11,neutral,bajista,0,0.324,32,6280,3,
s22929,XPLUSDT,1785559500000,train,1,2.45,0.425,3.59,2.38,0.43,2.19,0.16,0.89,1.01,1.0,0,0.26,neutral,neutral,0,0.14,32,6282,0,
s22930,PUMPUSDT,1785559500000,train,1,7.12,0.764,7.27,7.13,1.81,6.85,4.14,1.19,1.14,1.34,0,0.26,neutral,alcista,0,-0.631,32,6282,5,
s22931,WLDUSDT,1785559500000,train,1,2.57,0.588,2.7,2.53,0.54,2.31,0.97,0.55,0.56,0.65,0,0.26,neutral,neutral,0,-0.013,32,6282,0,
s22932,PUMPUSDT,1785560400000,train,1,6.4,0.644,6.91,6.15,1.82,6.16,3.0,1.32,1.16,1.4,0,0.24,neutral,neutral,0,-0.679,32,6283,0,
s22933,PUMPUSDT,1785561300000,train,1,5.42,0.543,6.67,5.41,1.52,5.19,2.2,1.32,1.16,1.4,0,0.23,neutral,neutral,0,-0.517,32,6284,0,
s22934,PUMPUSDT,1785562200000,train,1,4.51,0.43,6.45,4.49,1.27,4.45,1.5,1.32,1.16,1.4,0,0.06,neutral,neutral,0,-0.566,32,6285,0,
s22935,PUMPUSDT,1785563100000,train,1,3.57,0.376,5.9,3.99,1.02,3.49,1.39,1.32,1.16,1.4,0,0.08,neutral,neutral,0,-0.602,32,6286,1,
s22936,XPLUSDT,1785564000000,train,1,2.01,0.462,3.05,2.29,3.2,1.99,1.28,1.16,1.19,1.07,0,0.02,neutral,alcista,0,-1.0,24,6287,2,
s22937,XPLUSDT,1785564900000,train,1,2.01,0.462,3.05,2.14,1.31,2.01,1.04,1.16,1.19,1.07,0,-0.0,neutral,neutral,0,-1.0,23,6288,0,
s22938,XPLUSDT,1785565800000,train,1,2.28,0.494,3.15,2.6,1.22,2.3,1.43,1.16,1.19,1.07,0,-0.02,neutral,neutral,0,-1.0,22,6289,1,
s22939,PUMPUSDT,1785565800000,train,1,3.57,0.352,5.44,3.63,0.71,3.58,1.01,1.31,1.15,1.39,0,-0.02,neutral,neutral,0,-1.0,24,6289,1,
s22940,PENDLEUSDT,1785566700000,train,1,2.17,0.522,2.58,2.38,5,2.16,1.64,0.82,0.73,0.94,0,0.01,neutral,alcista,0,-1.0,9,6290,5,
s22941,PUMPUSDT,1785573900000,train,-1,-2.81,0.36,3.49,2.94,0.68,-2.85,0.58,1.31,1.09,1.41,0,0.04,neutral,neutral,0,0.672,32,6298,0,
s22942,TIAUSDT,1785575700000,train,1,2.44,0.585,2.89,2.74,5,2.42,1.37,1.37,0.98,0.99,0,0.02,neutral,alcista,0,-0.516,32,6300,6,
s22943,TIAUSDT,1785576600000,train,1,2.38,0.562,2.9,2.51,5,2.24,0.96,1.37,0.98,0.99,0,0.14,neutral,neutral,0,-0.518,32,6301,0,
s22944,TIAUSDT,1785577500000,train,1,2.38,0.562,2.62,2.44,5,2.34,1.09,1.37,0.98,0.99,0,0.03,neutral,neutral,0,-0.667,32,6302,1,
s22945,TIAUSDT,1785578400000,train,1,2.19,0.511,2.5,2.2,1.98,2.22,0.91,1.49,1.04,1.0,1,-0.03,neutral,neutral,0,-0.822,32,6303,0,
s22946,SANDUSDT,1785579300000,testB,-1,-2.1,0.789,2.64,2.5,0.67,-2.06,0.93,0.77,0.98,1.35,0,-0.04,neutral,bajista,0,0.581,32,6303,5,
s22947,TIAUSDT,1785580200000,train,1,2.0,0.52,2.26,1.99,0.6,1.99,0.77,1.49,1.04,1.0,1,0.01,neutral,alcista,0,-1.0,29,6305,2,
s22948,PENDLEUSDT,1785580200000,train,-1,-2.19,0.482,3.68,3.45,0.6,-2.19,0.91,1.12,0.78,0.92,0,0.01,neutral,neutral,0,0.871,32,6305,0,
s22949,SANDUSDT,1785580200000,testB,-1,-2.12,0.805,2.64,2.35,0.63,-2.12,0.7,0.77,0.98,1.35,0,0.01,neutral,neutral,0,0.96,32,6304,0,
s22950,PENDLEUSDT,1785581100000,train,-1,-3.1,0.869,3.51,3.23,0.57,-3.06,0.79,1.12,0.78,0.92,0,-0.03,neutral,neutral,0,0.902,32,6306,0,
s22951,SANDUSDT,1785581100000,testB,-1,-2.0,0.796,2.28,2.07,0.74,-1.97,0.67,0.77,0.98,1.35,0,-0.03,neutral,neutral,0,0.977,32,6305,1,
s22952,PENDLEUSDT,1785582000000,train,-1,-2.79,0.857,3.0,2.89,0.49,-2.72,0.94,1.13,0.76,0.92,0,-0.08,neutral,neutral,0,0.912,32,6307,1,
s22953,PUMPUSDT,1785582900000,train,-1,-2.04,0.405,3.33,2.91,0.7,-2.05,0.69,0.85,1.09,1.44,0,0.02,neutral,neutral,0,0.825,32,6308,1,
s22954,PENDLEUSDT,1785582900000,train,-1,-2.51,0.842,2.89,2.77,0.6,-2.52,0.92,1.13,0.76,0.92,0,0.02,neutral,bajista,0,0.903,32,6308,2,
s22955,PUMPUSDT,1785583800000,train,-1,-2.62,0.483,3.21,2.83,1.08,-2.67,0.91,0.85,1.09,1.44,0,0.04,neutral,bajista,0,0.672,32,6309,2,
s22956,PENDLEUSDT,1785583800000,train,-1,-2.33,0.808,2.89,2.73,0.52,-2.37,0.93,1.13,0.76,0.92,0,0.04,neutral,neutral,0,1.044,32,6309,0,
s22957,PUMPUSDT,1785584700000,train,-1,-2.31,0.443,3.11,2.69,1.18,-2.35,0.88,0.85,1.09,1.44,0,0.04,neutral,neutral,0,0.776,32,6310,0,
s22958,PUMPUSDT,1785585600000,train,-1,-2.29,0.439,2.9,2.86,1.25,-2.29,1.64,0.84,1.09,1.45,0,-0.0,neutral,neutral,0,0.59,32,6311,1,
s22959,STBLUSDT,1785585600000,train,1,3.55,0.547,5.4,4.06,5,3.55,3.18,1.56,0.95,0.66,1,-0.0,neutral,alcista,0,-0.113,32,6311,3,
s22960,PUMPUSDT,1785586500000,train,-1,-2.1,0.39,2.9,2.57,1.33,-2.12,1.25,0.84,1.09,1.45,0,0.01,neutral,neutral,0,0.873,32,6312,0,
s22961,PUMPUSDT,1785587400000,train,-1,-2.43,0.424,2.96,2.82,1.21,-2.43,1.72,0.84,1.09,1.45,0,-0.01,neutral,neutral,0,0.6,32,6313,1,
s22962,0GUSDT,1785588300000,train,1,2.16,0.365,3.28,2.87,1.04,2.21,1.36,0.46,0.41,0.49,0,-0.05,neutral,neutral,0,0.143,32,6314,0,
s22963,0GUSDT,1785590100000,train,1,2.53,0.462,3.42,2.67,1.03,2.57,0.94,0.47,0.43,0.48,0,-0.04,neutral,neutral,0,0.231,32,6316,0,
s22964,STBLUSDT,1785591900000,train,1,6.66,0.579,7.25,7.05,2.16,6.63,4.91,2.34,1.33,0.83,1,0.02,neutral,alcista,0,-0.54,32,6318,2,
s22965,0GUSDT,1785591900000,train,1,2.59,0.521,3.41,3.07,1.36,2.56,1.13,0.47,0.43,0.48,0,0.02,neutral,neutral,0,0.089,32,6318,1,
s22966,STBLUSDT,1785592800000,train,1,6.72,0.585,7.32,6.75,3.06,6.61,4.19,3.27,1.87,1.04,1,0.11,neutral,neutral,0,-0.44,32,6319,0,
s22967,0GUSDT,1785592800000,train,1,3.14,0.57,3.79,3.39,1.31,3.03,1.79,0.53,0.45,0.41,1,0.11,neutral,alcista,0,-0.06,32,6319,2,
s22968,STBLUSDT,1785593700000,train,1,7.22,0.634,8.56,6.9,3.97,7.1,3.92,3.27,1.87,1.04,1,0.12,neutral,neutral,0,-0.476,32,6320,1,
s22969,0GUSDT,1785593700000,train,1,3.15,0.57,3.8,3.19,1.59,3.03,1.35,0.53,0.45,0.41,1,0.12,neutral,neutral,0,0.0,32,6320,0,
s22970,STBLUSDT,1785594600000,train,1,6.83,0.588,8.59,6.63,4.49,6.75,3.28,3.27,1.87,1.04,1,0.07,neutral,neutral,0,-0.479,32,6321,0,
s22971,0GUSDT,1785594600000,train,1,3.0,0.558,3.66,3.12,1.62,2.93,1.32,0.53,0.45,0.41,1,0.07,neutral,neutral,0,0.022,32,6321,1,
s22972,STBLUSDT,1785595500000,train,1,6.31,0.52,8.52,5.94,1.82,6.2,2.44,3.27,1.87,1.04,1,0.11,neutral,neutral,0,-0.462,32,6322,0,
s22973,0GUSDT,1785595500000,train,1,2.5,0.514,3.12,2.64,1.15,2.39,1.22,0.53,0.45,0.41,1,0.11,neutral,neutral,0,-0.205,32,6322,0,
s22974,STBLUSDT,1785596400000,train,1,5.87,0.477,8.5,5.63,1.13,5.8,1.98,3.48,2.0,1.08,1,0.07,neutral,neutral,0,-0.431,32,6323,0,
s22975,STBLUSDT,1785597300000,train,1,5.91,0.479,8.5,5.67,0.77,5.94,1.82,3.48,2.0,1.08,1,-0.03,neutral,neutral,0,-0.522,32,6324,1,
s22976,STBLUSDT,1785598200000,train,1,5.81,0.475,8.24,5.54,0.48,5.84,1.77,3.48,2.0,1.08,1,-0.03,neutral,alcista,0,-0.563,32,6325,2,
s22977,STBLUSDT,1785599100000,train,1,5.41,0.448,8.0,5.17,0.34,5.52,1.47,3.48,2.0,1.08,1,-0.11,neutral,neutral,0,-0.627,32,6326,0,
s22978,LDOUSDT,1785599100000,testB,-1,-2.06,0.394,3.09,2.99,1.71,-1.96,1.59,0.75,0.71,0.7,1,-0.11,neutral,bajista,0,0.173,32,6325,3,
s22979,LDOUSDT,1785600000000,testB,-1,-2.6,0.486,3.56,3.34,2.8,-2.36,1.75,0.91,0.79,0.7,1,-0.24,neutral,bajista,0,-0.284,32,6326,4,
s22980,LDOUSDT,1785600900000,testB,-1,-2.69,0.5,3.68,3.4,2.89,-2.47,1.71,0.91,0.79,0.7,1,-0.22,neutral,bajista,0,-0.261,32,6327,5,
s22981,LDOUSDT,1785601800000,testB,-1,-2.07,0.429,3.68,3.37,3.02,-1.87,1.56,0.91,0.79,0.7,1,-0.2,neutral,neutral,0,-0.327,32,6328,0,
s22982,LDOUSDT,1785602700000,testB,-1,-2.61,0.534,3.88,3.69,1.89,-2.34,1.71,0.91,0.79,0.7,1,-0.27,neutral,neutral,0,-0.367,32,6329,1,
s22983,LDOUSDT,1785603600000,testB,-1,-2.96,0.586,4.23,3.98,0.98,-2.64,1.8,0.92,0.82,0.69,1,-0.32,neutral,bajista,0,-0.481,32,6330,2,
s22984,LDOUSDT,1785604500000,testB,-1,-2.93,0.576,4.22,3.79,0.85,-2.54,1.39,0.92,0.82,0.69,1,-0.39,neutral,neutral,0,-0.455,32,6331,0,
s22985,LDOUSDT,1785605400000,testB,-1,-2.63,0.489,4.2,3.44,0.88,-2.22,0.99,0.92,0.82,0.69,1,-0.41,neutral,neutral,0,-0.295,32,6332,0,
s22986,XPLUSDT,1785606300000,train,-1,-2.31,0.433,3.28,2.68,1.87,-1.75,1.6,0.69,0.77,0.94,0,-0.56,neutral,bajista,0,-1.0,15,6334,2,
s22987,PUMPUSDT,1785606300000,train,-1,-3.11,0.396,3.93,3.5,2.15,-2.56,1.85,0.84,0.85,1.01,0,-0.56,neutral,bajista,0,-1.0,29,6334,3,
s22988,STBLUSDT,1785606300000,train,-1,-3.12,0.597,5.44,4.77,0.21,-2.56,0.66,3.93,2.21,1.22,1,-0.56,neutral,neutral,0,0.053,32,6334,0,
s22989,FETUSDT,1785606300000,train,-1,-2.05,0.617,2.81,2.31,4.76,-1.49,1.3,0.79,0.62,0.53,1,-0.56,neutral,neutral,0,-0.531,32,6333,0,
s22990,LDOUSDT,1785606300000,testB,-1,-3.59,0.725,4.22,3.76,0.78,-3.03,1.18,0.92,0.82,0.69,1,-0.56,neutral,neutral,0,-0.246,32,6333,1,
s22991,PUMPUSDT,1785607200000,train,-1,-2.85,0.374,3.85,3.61,2.11,-2.27,1.97,0.94,0.89,1.03,0,-0.58,neutral,bajista,0,-1.0,28,6335,4,
s22992,STBLUSDT,1785607200000,train,-1,-2.8,0.57,5.44,4.77,0.23,-2.22,0.56,3.2,2.36,1.32,1,-0.58,neutral,neutral,0,-0.167,32,6335,0,
s22993,OPUSDT,1785607200000,train,-1,-2.11,0.643,2.76,2.52,5,-1.53,1.49,1.25,0.82,0.61,1,-0.58,neutral,bajista,0,-0.333,32,6335,7,
s22994,FETUSDT,1785607200000,train,-1,-2.19,0.633,2.82,2.6,1.99,-1.61,1.39,1.05,0.74,0.59,1,-0.58,neutral,neutral,0,-0.861,32,6334,1,
s22995,LDOUSDT,1785607200000,testB,-1,-3.3,0.705,3.72,3.72,0.78,-2.72,1.7,1.11,0.9,0.74,1,-0.58,neutral,bajista,0,-0.792,32,6334,2,
s22996,PUMPUSDT,1785608100000,train,-1,-3.72,0.488,4.49,4.11,2.15,-2.86,2.16,0.94,0.89,1.03,0,-0.86,neutral,bajista,0,-1.0,27,6336,5,
s22997,STBLUSDT,1785608100000,train,-1,-3.25,0.645,3.94,3.57,0.39,-2.39,0.86,3.2,2.36,1.32,1,-0.86,neutral,neutral,0,-0.482,32,6336,1,
s22998,OPUSDT,1785608100000,train,-1,-2.23,0.655,3.24,2.64,5,-1.37,1.46,1.25,0.82,0.61,1,-0.86,neutral,neutral,0,-0.364,32,6336,0,
s22999,FETUSDT,1785608100000,train,-1,-2.54,0.75,2.9,2.75,1.35,-1.68,1.43,1.05,0.74,0.59,1,-0.86,neutral,bajista,0,-0.868,32,6335,2,
s23000,LDOUSDT,1785608100000,testB,-1,-3.56,0.748,4.1,3.91,0.89,-2.7,1.71,1.11,0.9,0.74,1,-0.86,neutral,bajista,0,-0.762,32,6335,3,
s23001,XPLUSDT,1785609000000,train,-1,-3.17,0.513,3.95,3.57,4.32,-2.0,2.2,0.96,0.81,1.01,0,-1.17,neutral,bajista,0,-1.0,11,6337,2,
s23002,PUMPUSDT,1785609000000,train,-1,-3.7,0.485,5.1,4.76,1.68,-2.53,2.54,0.94,0.89,1.03,0,-1.17,neutral,bajista,0,-1.0,26,6337,6,
s23003,STBLUSDT,1785609000000,train,-1,-3.38,0.654,5.39,3.71,0.96,-2.21,1.66,3.2,2.36,1.32,1,-1.17,neutral,bajista,0,-0.398,32,6337,2,
s23004,WLDUSDT,1785609000000,train,-1,-2.1,0.5,4.01,2.88,4.9,-0.92,1.64,0.91,0.71,0.62,1,-1.17,neutral,bajista,0,-1.0,27,6337,5,
s23005,OPUSDT,1785609000000,train,-1,-3.4,0.784,4.13,3.76,5,-2.23,2.29,1.25,0.82,0.61,1,-1.17,neutral,neutral,0,-0.516,32,6337,1,
s23006,SUIUSDT,1785609000000,train,-1,-2.31,0.84,2.62,2.45,5,-1.13,1.66,1.35,0.81,0.63,1,-1.17,neutral,bajista,0,-1.0,30,6337,8,
s23007,TIAUSDT,1785609000000,train,-1,-2.28,0.517,2.89,2.8,2.15,-1.11,1.67,1.66,1.8,1.12,0,-1.17,neutral,bajista,0,-0.811,32,6337,5,
s23008,PENDLEUSDT,1785609000000,train,-1,-2.54,0.662,2.71,2.63,3.35,-1.37,1.75,0.92,0.83,0.77,1,-1.17,neutral,bajista,0,-1.0,30,6337,5,
s23009,ONDOUSDT,1785609000000,train,-1,-2.31,0.625,3.02,2.71,2.77,-1.14,1.47,0.75,0.71,0.65,1,-1.17,neutral,bajista,0,-0.913,32,6336,3,
s23010,FETUSDT,1785609000000,train,-1,-2.55,0.75,3.71,3.05,1.93,-1.38,1.57,1.05,0.74,0.59,1,-1.17,neutral,bajista,0,-0.81,32,6336,3,
s23011,ARUSDT,1785609000000,testB,-1,-2.07,0.529,3.11,2.46,3.12,-0.9,1.5,1.03,0.86,0.73,1,-1.17,neutral,bajista,0,-1.0,30,6336,4,
s23012,LDOUSDT,1785609000000,testB,-1,-3.84,0.762,4.31,4.18,1.22,-2.67,2.14,1.11,0.9,0.74,1,-1.17,neutral,bajista,0,-0.813,32,6336,4,
s23013,SANDUSDT,1785609000000,testB,-1,-2.03,0.612,3.16,2.5,5,-0.85,1.53,0.94,0.8,0.92,0,-1.17,neutral,bajista,0,-1.0,30,6336,8,
s23014,STBLUSDT,1785609900000,train,-1,-2.74,0.593,4.76,3.03,1.19,-1.88,1.43,3.2,2.36,1.32,1,-0.86,neutral,neutral,0,-0.361,32,6338,0,
s23015,OPUSDT,1785609900000,train,-1,-3.16,0.692,4.47,3.26,4.19,-2.3,1.74,1.25,0.82,0.61,1,-0.86,neutral,neutral,0,-0.593,32,6338,0,
s23016,SUIUSDT,1785609900000,train,-1,-2.35,0.861,3.45,2.42,5,-1.49,1.51,1.35,0.81,0.63,1,-0.86,neutral,bajista,0,-1.0,29,6338,8,
s23017,TIAUSDT,1785609900000,train,-1,-3.37,0.634,4.43,3.87,3.39,-2.51,2.41,1.66,1.8,1.12,0,-0.86,neutral,bajista,0,-1.0,32,6338,6,
s23018,PENDLEUSDT,1785609900000,train,-1,-2.28,0.591,3.32,2.48,3.87,-1.42,1.42,0.92,0.83,0.77,1,-0.86,neutral,neutral,0,-1.0,29,6338,0,
s23019,FETUSDT,1785609900000,train,-1,-2.27,0.64,3.7,2.83,1.68,-1.4,1.2,1.05,0.74,0.59,1,-0.86,neutral,neutral,0,-0.821,32,6337,0,
s23020,LDOUSDT,1785609900000,testB,-1,-3.39,0.617,4.47,3.57,1.47,-2.53,1.33,1.11,0.9,0.74,1,-0.86,neutral,neutral,0,-0.896,32,6337,0,
s23021,STBLUSDT,1785610800000,train,-1,-2.3,0.509,4.71,2.82,1.36,-1.41,1.16,2.38,2.39,1.35,0,-0.89,neutral,neutral,0,-0.403,32,6339,0,
s23022,OPUSDT,1785610800000,train,-1,-2.7,0.561,4.34,2.77,3.14,-1.8,1.25,1.38,0.88,0.62,1,-0.89,neutral,neutral,0,-0.609,32,6339,0,
s23023,SUIUSDT,1785610800000,train,-1,-2.0,0.688,3.34,2.04,5,-1.11,1.14,1.46,0.87,0.62,1,-0.89,neutral,neutral,0,-1.0,28,6339,0,
s23024,TIAUSDT,1785610800000,train,-1,-2.95,0.53,4.42,3.51,3.19,-2.06,1.9,1.63,1.83,1.11,0,-0.89,neutral,neutral,0,-1.0,31,6339,0,
s23025,PENDLEUSDT,1785610800000,train,-1,-2.01,0.528,3.32,2.37,3.88,-1.12,1.19,0.96,0.79,0.76,1,-0.89,neutral,neutral,0,-1.0,28,6339,0,
s23026,ONDOUSDT,1785610800000,train,-1,-2.16,0.575,2.99,2.23,3.62,-1.26,0.98,0.78,0.71,0.66,1,-0.89,neutral,neutral,0,-1.0,30,6338,0,
s23027,FETUSDT,1785610800000,train,-1,-2.2,0.608,3.7,2.75,1.64,-1.31,1.05,1.08,0.76,0.59,1,-0.89,neutral,neutral,0,-0.868,32,6338,0,
s23028,LDOUSDT,1785610800000,testB,-1,-3.33,0.6,4.44,3.48,1.37,-2.44,1.17,1.11,0.9,0.74,1,-0.89,neutral,neutral,0,-0.777,32,6338,0,
s23029,OPUSDT,1785611700000,train,-1,-2.47,0.538,4.22,2.77,2.32,-1.65,1.26,1.38,0.88,0.62,1,-0.82,neutral,neutral,0,-0.609,32,6340,1,
s23030,TIAUSDT,1785611700000,train,-1,-2.38,0.443,4.41,3.31,2.93,-1.56,1.56,1.63,1.83,1.11,0,-0.82,neutral,neutral,0,-1.0,30,6340,0,
s23031,ONDOUSDT,1785611700000,train,-1,-2.13,0.572,2.94,2.31,2.84,-1.31,1.02,0.78,0.71,0.66,1,-0.82,neutral,neutral,0,-1.0,28,6339,1,
s23032,FETUSDT,1785611700000,train,-1,-2.41,0.654,3.7,2.9,1.46,-1.59,1.05,1.08,0.76,0.59,1,-0.82,neutral,neutral,0,-0.8,32,6339,1,
s23033,LDOUSDT,1785611700000,testB,-1,-2.89,0.545,4.09,3.04,1.23,-2.07,0.93,1.11,0.9,0.74,1,-0.82,neutral,neutral,0,-1.0,27,6339,0,
s23034,STBLUSDT,1785612600000,train,-1,-2.13,0.433,4.69,2.47,0.43,-1.21,0.57,2.38,2.39,1.35,0,-0.92,neutral,neutral,0,-0.271,32,6341,1,
s23035,OPUSDT,1785612600000,train,-1,-2.7,0.59,4.23,2.9,1.03,-1.78,1.26,1.38,0.88,0.62,1,-0.92,neutral,bajista,0,-0.625,32,6341,2,
s23036,TIAUSDT,1785612600000,train,-1,-2.95,0.536,4.42,3.7,1.7,-2.03,1.76,1.63,1.83,1.11,0,-0.92,neutral,neutral,0,-1.0,29,6341,1,
s23037,ONDOUSDT,1785612600000,train,-1,-2.29,0.589,2.77,2.42,1.02,-1.37,1.17,0.78,0.71,0.66,1,-0.92,neutral,bajista,0,-1.0,26,6340,2,
s23038,FETUSDT,1785612600000,train,-1,-2.34,0.647,3.7,2.98,0.68,-1.42,1.0,1.08,0.76,0.59,1,-0.92,neutral,bajista,0,-0.829,32,6340,2,
s23039,LDOUSDT,1785612600000,testB,-1,-2.96,0.551,3.79,3.02,0.71,-2.04,1.11,1.11,0.9,0.74,1,-0.92,neutral,neutral,0,-1.0,26,6340,1,
s23040,STBLUSDT,1785613500000,train,-1,-2.26,0.447,4.7,2.73,0.33,-1.5,0.71,2.38,2.39,1.35,0,-0.75,neutral,bajista,0,-0.431,32,6342,2,
s23041,OPUSDT,1785613500000,train,-1,-2.36,0.556,4.11,2.78,0.48,-1.61,1.13,1.38,0.88,0.62,1,-0.75,neutral,neutral,0,-0.565,32,6342,0,
s23042,TIAUSDT,1785613500000,train,-1,-2.65,0.492,4.42,3.61,0.39,-1.9,1.5,1.63,1.83,1.11,0,-0.75,neutral,neutral,0,-1.0,28,6342,0,
s23043,ONDOUSDT,1785613500000,train,-1,-2.37,0.597,2.62,2.59,0.63,-1.62,1.41,0.78,0.71,0.66,1,-0.75,neutral,bajista,0,-1.0,25,6341,3,
s23044,FETUSDT,1785613500000,train,-1,-2.2,0.585,3.7,2.75,0.36,-1.44,0.71,1.08,0.76,0.59,1,-0.75,neutral,neutral,0,-0.868,32,6341,0,
s23045,OPUSDT,1785614400000,train,-1,-2.94,0.676,4.12,3.15,0.46,-2.31,1.3,1.44,0.88,0.62,1,-0.63,neutral,neutral,0,-0.654,32,6343,1,
s23046,TIAUSDT,1785614400000,train,-1,-2.83,0.544,4.41,3.38,0.28,-2.2,1.11,1.61,1.81,1.15,0,-0.63,neutral,neutral,0,-1.0,27,6343,0,
s23047,ONDOUSDT,1785614400000,train,-1,-2.2,0.578,2.62,2.52,0.61,-1.57,1.4,0.83,0.74,0.65,1,-0.63,neutral,bajista,0,-1.0,24,6342,4,
s23048,SANDUSDT,1785614400000,testB,-1,-2.12,0.622,3.34,2.73,0.33,-1.5,1.05,1.09,0.78,0.92,0,-0.63,neutral,bajista,0,-1.0,24,6342,4,
s23049,OPUSDT,1785615300000,train,-1,-2.94,0.676,4.13,3.28,0.35,-2.4,1.3,1.44,0.88,0.62,1,-0.54,neutral,bajista,0,-0.704,32,6344,2,
s23050,TIAUSDT,1785615300000,train,-1,-3.16,0.598,4.14,3.32,0.28,-2.62,1.23,1.61,1.81,1.15,0,-0.54,neutral,neutral,0,-1.0,23,6344,1,
s23051,PENDLEUSDT,1785615300000,train,-1,-2.25,0.536,3.15,2.3,0.41,-1.71,0.78,0.99,0.76,0.76,0,-0.54,neutral,neutral,0,-1.0,23,6344,1,
s23052,FETUSDT,1785615300000,train,-1,-2.4,0.548,3.69,2.68,0.39,-1.86,0.55,1.14,0.78,0.59,1,-0.54,neutral,neutral,0,-0.919,32,6343,1,
s23053,GRTUSDT,1785615300000,testB,-1,-2.75,0.556,3.97,3.47,0.28,-2.21,0.93,1.71,1.26,0.84,1,-0.54,neutral,neutral,0,-0.347,32,6343,1,
s23054,SANDUSDT,1785615300000,testB,-1,-2.85,0.833,3.35,3.13,0.49,-2.31,1.31,1.09,0.78,0.92,0,-0.54,neutral,bajista,0,-1.0,23,6343,5,
s23055,STBLUSDT,1785616200000,train,-1,-2.1,0.548,4.09,2.4,0.22,-1.51,0.78,1.32,2.32,1.33,0,-0.59,neutral,neutral,0,-1.0,23,6345,1,
s23056,WLDUSDT,1785616200000,train,-1,-2.09,0.421,3.9,2.33,0.33,-1.5,0.61,0.87,0.72,0.59,1,-0.59,neutral,neutral,0,-1.0,19,6345,0,
s23057,OPUSDT,1785616200000,train,-1,-2.71,0.622,3.88,2.91,0.3,-2.12,1.02,1.44,0.88,0.62,1,-0.59,neutral,neutral,0,-0.75,32,6345,0,
s23058,TIAUSDT,1785616200000,train,-1,-2.83,0.571,3.95,3.17,0.29,-2.24,1.11,1.61,1.81,1.15,0,-0.59,neutral,neutral,0,-1.0,22,6345,0,
s23059,FETUSDT,1785616200000,train,-1,-2.2,0.525,3.26,2.24,0.38,-1.6,0.51,1.14,0.78,0.59,1,-0.59,neutral,neutral,0,-1.0,22,6344,0,
s23060,GRTUSDT,1785616200000,testB,-1,-3.36,0.731,3.83,3.48,0.28,-2.77,0.97,1.71,1.26,0.84,1,-0.59,neutral,bajista,0,-0.449,32,6344,2,
s23061,SANDUSDT,1785616200000,testB,-1,-2.83,0.832,3.23,2.94,0.68,-2.24,1.22,1.09,0.78,0.92,0,-0.59,neutral,bajista,0,-1.0,22,6344,6,
s23062,OPUSDT,1785617100000,train,-1,-2.59,0.579,3.87,2.78,0.28,-2.17,0.85,1.44,0.88,0.62,1,-0.43,neutral,neutral,0,-0.87,32,6346,0,
s23063,TIAUSDT,1785617100000,train,-1,-3.07,0.635,3.95,3.23,0.36,-2.65,1.12,1.61,1.81,1.15,0,-0.43,neutral,neutral,0,-1.0,21,6346,1,
s23064,GRTUSDT,1785617100000,testB,-1,-2.89,0.7,3.4,3.05,0.32,-2.47,0.93,1.71,1.26,0.84,1,-0.43,neutral,bajista,0,-0.767,32,6345,3,
s23065,SANDUSDT,1785617100000,testB,-1,-2.31,0.651,3.17,2.54,0.78,-1.89,0.81,1.09,0.78,0.92,0,-0.43,neutral,neutral,0,-1.0,21,6345,0,
s23066,OPUSDT,1785618000000,train,-1,-2.01,0.459,3.62,2.29,0.31,-1.77,0.53,1.45,0.89,0.63,1,-0.24,neutral,neutral,0,-1.0,26,6347,0,
s23067,TIAUSDT,1785618000000,train,-1,-2.23,0.483,3.75,2.72,0.42,-1.99,0.75,1.58,1.45,1.16,1,-0.24,neutral,neutral,0,-1.0,20,6347,0,
s23068,TIAUSDT,1785618900000,train,-1,-2.14,0.455,3.37,2.19,0.41,-2.06,0.49,1.58,1.45,1.16,1,-0.07,neutral,neutral,0,-1.0,18,6348,0,
s23069,XPLUSDT,1785620700000,train,1,2.58,0.374,4.19,3.96,0.4,2.41,1.3,0.93,0.79,0.91,0,0.17,neutral,neutral,0,0.478,32,6350,1,
s23070,XPLUSDT,1785622500000,train,1,2.33,0.356,4.2,3.6,0.39,1.87,0.73,0.88,0.76,0.84,0,0.45,neutral,neutral,0,0.76,32,6352,0,
s23071,ARBUSDT,1785622500000,train,1,2.15,0.453,3.5,3.05,0.92,1.7,0.91,1.62,1.09,0.88,1,0.45,neutral,neutral,0,0.93,32,6352,0,
s23072,XPLUSDT,1785623400000,train,1,3.67,0.619,4.16,3.87,0.34,2.91,1.11,0.88,0.76,0.84,0,0.76,neutral,neutral,0,0.534,32,6353,1,
s23073,PUMPUSDT,1785623400000,train,1,3.06,0.423,4.48,3.77,0.43,2.31,0.71,1.01,0.89,0.99,0,0.76,neutral,neutral,1,2.0,13,6353,0,
s23074,JUPUSDT,1785623400000,train,1,2.33,0.611,3.11,2.9,0.67,1.58,0.8,0.76,0.53,0.45,1,0.76,neutral,neutral,0,0.714,32,6353,1,
s23075,STXUSDT,1785623400000,testB,1,2.3,0.425,2.61,2.61,0.32,1.54,1.22,0.46,0.25,0.21,1,0.76,neutral,alcista,0,0.194,32,6352,5,
s23076,XPLUSDT,1785624300000,train,1,2.09,0.486,2.62,2.5,0.46,1.7,1.12,0.88,0.76,0.84,0,0.4,neutral,alcista,0,0.661,32,6354,2,
s23077,PUMPUSDT,1785624300000,train,1,2.37,0.363,3.07,2.36,0.43,1.97,0.67,1.01,0.89,0.99,0,0.4,neutral,neutral,1,2.0,11,6354,0,
s23078,STXUSDT,1785624300000,testB,1,2.74,0.468,2.96,2.89,0.67,2.35,1.56,0.46,0.25,0.21,1,0.4,neutral,alcista,0,-0.025,32,6353,6,
s23079,STXUSDT,1785625200000,testB,1,2.81,0.475,3.1,3.03,1.23,2.39,1.59,0.57,0.29,0.22,1,0.42,neutral,alcista,0,-0.024,32,6354,7,
s23080,0GUSDT,1785626100000,train,-1,-2.21,0.371,2.53,2.46,0.33,-2.58,0.7,0.75,0.7,0.54,1,0.37,neutral,bajista,0,0.194,32,6356,3,
s23081,STXUSDT,1785626100000,testB,1,2.74,0.457,2.96,2.67,1.54,2.38,1.31,0.57,0.29,0.22,1,0.37,neutral,neutral,0,0.054,32,6355,0,
s23082,STXUSDT,1785627000000,testB,1,3.04,0.482,3.1,2.95,1.62,2.47,1.44,0.57,0.29,0.22,1,0.57,neutral,neutral,0,0.0,32,6356,1,
s23083,STXUSDT,1785627900000,testB,1,2.27,0.413,3.23,3.01,1.6,1.81,1.62,0.57,0.29,0.22,1,0.46,neutral,alcista,0,-0.19,32,6357,2,
s23084,0GUSDT,1785628800000,train,-1,-2.09,0.437,3.02,2.68,1.14,-2.68,1.19,0.75,0.74,0.57,1,0.59,neutral,neutral,0,0.333,32,6359,1,
s23085,STXUSDT,1785628800000,testB,1,2.81,0.559,3.23,2.87,1.77,2.22,1.35,0.55,0.37,0.24,1,0.59,neutral,neutral,0,-0.2,32,6358,0,
s23086,0GUSDT,1785629700000,train,-1,-2.7,0.5,3.4,2.98,2.25,-3.12,1.74,0.75,0.74,0.57,1,0.42,neutral,bajista,0,-1.0,11,6360,2,
s23087,LDOUSDT,1785630600000,testB,1,2.39,0.554,2.94,2.82,2.4,1.99,1.29,0.62,0.86,0.78,0,0.4,neutral,neutral,0,-0.462,32,6360,1,
s23088,XPLUSDT,1785631500000,train,1,2.15,0.491,2.58,2.12,1.7,1.87,0.87,0.5,0.73,0.82,0,0.28,neutral,alcista,0,0.323,32,6362,2,
s23089,LDOUSDT,1785631500000,testB,1,2.58,0.624,3.0,2.76,2.4,2.3,1.1,0.62,0.86,0.78,0,0.28,neutral,neutral,0,-0.451,32,6361,0,
s23090,PUMPUSDT,1785632400000,train,1,2.78,0.457,3.67,3.26,3.58,2.36,2.59,0.96,1.02,1.06,0,0.42,neutral,alcista,0,0.211,32,6363,2,
s23091,LDOUSDT,1785632400000,testB,1,2.93,0.671,2.88,2.88,1.14,2.5,1.25,0.61,0.86,0.76,0,0.42,neutral,neutral,0,-0.495,32,6362,1,
s23092,PUMPUSDT,1785633300000,train,1,3.27,0.543,3.67,3.44,3.9,2.96,2.52,0.96,1.02,1.06,0,0.31,neutral,alcista,0,0.16,32,6364,3,
s23093,LDOUSDT,1785633300000,testB,1,2.48,0.635,2.54,2.45,1.07,2.18,1.19,0.61,0.86,0.76,0,0.31,neutral,neutral,0,-0.593,32,6363,0,
s23094,PUMPUSDT,1785634200000,train,1,5.33,0.661,5.69,5.6,5,4.97,4.3,0.96,1.02,1.06,0,0.36,neutral,alcista,0,-0.264,32,6365,4,
s23095,ENAUSDT,1785634200000,train,1,2.21,0.475,3.26,3.26,3.47,1.85,2.08,0.79,0.97,0.8,0,0.36,neutral,alcista,1,2.0,12,6365,5,
s23096,PUMPUSDT,1785635100000,train,1,6.49,0.704,7.95,6.98,5,6.22,5.15,0.96,1.02,1.06,0,0.27,neutral,alcista,0,-0.582,32,6366,5,
s23097,ENAUSDT,1785635100000,train,1,2.46,0.501,4.17,3.62,4.22,2.19,2.19,0.79,0.97,0.8,0,0.27,neutral,alcista,1,2.0,12,6366,6,
s23098,XPLUSDT,1785636000000,train,1,2.36,0.506,2.87,2.67,2.2,1.39,1.53,0.69,0.78,0.78,0,0.97,neutral,neutral,0,-0.33,32,6367,1,
s23099,PUMPUSDT,1785636000000,train,1,6.77,0.749,7.85,6.43,3.85,5.8,4.26,1.25,1.16,1.13,1,0.97,neutral,neutral,0,-0.662,32,6367,0,
s23100,WLDUSDT,1785636000000,train,1,2.57,0.453,3.93,3.51,3.78,1.6,2.17,0.64,0.75,0.63,0,0.97,neutral,neutral,0,0.505,32,6367,1,
s23101,ENAUSDT,1785636000000,train,1,3.44,0.602,4.78,4.45,4.3,2.47,2.78,1.05,1.12,0.88,0,0.97,neutral,alcista,0,1.628,32,6367,7,
s23102,TIAUSDT,1785636000000,train,1,2.33,0.63,3.28,2.98,1.55,1.36,1.83,0.91,1.26,1.27,0,0.97,neutral,alcista,0,-0.102,32,6367,7,
s23103,LDOUSDT,1785636000000,testB,1,2.22,0.456,2.5,2.35,1.66,1.24,1.44,0.73,0.93,0.79,0,0.97,neutral,neutral,0,-1.0,26,6366,1,
s23104,SANDUSDT,1785636000000,testB,1,2.26,0.592,2.77,2.73,1.4,1.28,1.86,0.74,0.91,0.82,0,0.97,neutral,alcista,0,0.096,32,6366,2,
s23105,XPLUSDT,1785636900000,train,1,2.49,0.545,3.05,2.66,1.45,1.61,1.37,0.69,0.78,0.78,0,0.88,neutral,neutral,0,-0.376,32,6368,0,
s23106,PUMPUSDT,1785636900000,train,1,6.6,0.745,7.83,6.68,4.19,5.72,4.05,1.25,1.16,1.13,1,0.88,neutral,neutral,0,-0.702,32,6368,1,
s23107,WLDUSDT,1785636900000,train,1,2.67,0.463,3.92,3.6,2.36,1.8,1.99,0.64,0.75,0.63,0,0.88,neutral,alcista,0,0.482,32,6368,2,
s23108,ENAUSDT,1785636900000,train,1,3.89,0.677,5.01,4.66,2.85,3.01,2.68,1.05,1.12,0.88,0,0.88,neutral,alcista,0,1.531,32,6368,8,
s23109,TIAUSDT,1785636900000,train,1,2.65,0.766,3.28,3.01,1.71,1.77,1.68,0.91,1.26,1.27,0,0.88,neutral,alcista,0,-0.273,32,6368,8,
s23110,JUPUSDT,1785636900000,train,1,2.13,0.532,2.29,2.19,1.63,1.26,1.27,0.82,0.77,0.52,1,0.88,neutral,neutral,0,-0.512,32,6368,0,
s23111,LDOUSDT,1785636900000,testB,1,2.06,0.411,2.59,2.2,2.18,1.18,1.12,0.73,0.93,0.79,0,0.88,neutral,neutral,0,-1.0,25,6367,0,
s23112,SANDUSDT,1785636900000,testB,1,2.33,0.623,3.04,2.59,1.62,1.46,1.5,0.74,0.91,0.82,0,0.88,neutral,neutral,0,-0.101,32,6367,0,
s23113,XPLUSDT,1785637800000,train,1,2.41,0.538,3.04,2.89,1.32,1.55,1.43,0.69,0.78,0.78,0,0.86,neutral,neutral,0,-0.475,32,6369,1,
s23114,PUMPUSDT,1785637800000,train,1,6.56,0.735,7.84,6.6,3.33,5.7,3.52,1.25,1.16,1.13,1,0.86,neutral,neutral,0,-0.745,32,6369,0,
s23115,WLDUSDT,1785637800000,train,1,2.61,0.446,3.93,3.35,1.87,1.75,1.6,0.64,0.75,0.63,0,0.86,neutral,neutral,0,0.577,32,6369,0,
s23116,ENAUSDT,1785637800000,train,1,4.36,0.702,5.41,5.18,2.56,3.5,2.92,1.05,1.12,0.88,0,0.86,neutral,alcista,0,1.331,32,6369,8,
s23117,TIAUSDT,1785637800000,train,1,2.59,0.735,3.28,2.86,1.74,1.73,1.35,0.91,1.26,1.27,0,0.86,neutral,neutral,0,-0.245,32,6369,0,
s23118,ONDOUSDT,1785637800000,train,1,2.02,0.467,2.85,2.77,2.07,1.16,1.61,0.59,0.71,0.65,0,0.86,neutral,alcista,0,-0.278,32,6368,3,
s23119,SANDUSDT,1785637800000,testB,1,2.14,0.543,3.05,2.4,1.64,1.28,1.19,0.74,0.91,0.82,0,0.86,neutral,neutral,0,-0.05,32,6368,0,
s23120,PUMPUSDT,1785638700000,train,1,6.42,0.708,7.85,6.47,1.81,5.42,3.14,1.25,1.16,1.13,1,1.0,neutral,neutral,0,-0.767,32,6370,0,
s23121,WLDUSDT,1785638700000,train,1,3.45,0.559,4.1,3.88,1.8,2.45,1.95,0.64,0.75,0.63,0,1.0,neutral,neutral,0,0.388,32,6370,1,
s23122,ENAUSDT,1785638700000,train,1,4.7,0.792,5.49,5.19,1.99,3.7,2.65,1.05,1.12,0.88,0,1.0,neutral,alcista,0,1.319,32,6370,8,
s23123,TIAUSDT,1785638700000,train,1,3.0,0.787,3.46,3.18,1.65,2.0,1.49,0.91,1.26,1.27,0,1.0,neutral,neutral,0,-0.343,32,6370,1,
s23124,SEIUSDT,1785638700000,train,1,2.05,0.84,2.3,2.27,2.64,1.06,1.14,0.66,1.12,0.78,0,1.0,neutral,alcista,0,-0.432,32,6370,2,
s23125,JUPUSDT,1785638700000,train,1,2.86,0.679,2.93,2.83,2.93,1.87,1.6,0.82,0.77,0.52,1,1.0,neutral,neutral,0,-0.643,32,6370,1,
s23126,ONDOUSDT,1785638700000,train,1,2.76,0.6,3.42,3.24,2.35,1.76,1.9,0.59,0.71,0.65,0,1.0,neutral,alcista,0,-0.441,32,6369,4,
s23127,LDOUSDT,1785638700000,testB,1,2.37,0.44,2.5,2.29,2.18,1.38,1.03,0.73,0.93,0.79,0,1.0,neutral,neutral,0,-1.0,16,6369,1,
s23128,SANDUSDT,1785638700000,testB,1,2.24,0.582,3.05,2.38,1.83,1.24,1.03,0.74,0.91,0.82,0,1.0,neutral,neutral,0,0.08,32,6369,0,
s23129,PUMPUSDT,1785639600000,train,1,5.61,0.569,7.91,5.76,1.02,4.64,2.08,1.34,1.2,1.11,1,0.98,neutral,neutral,0,-0.659,32,6371,0,
s23130,WLDUSDT,1785639600000,train,1,3.42,0.551,4.72,3.66,1.21,2.45,1.56,0.73,0.79,0.65,0,0.98,neutral,neutral,0,0.439,32,6371,0,
s23131,ENAUSDT,1785639600000,train,1,4.66,0.784,5.92,5.17,1.5,3.68,2.4,1.38,1.3,0.96,1,0.98,neutral,neutral,0,1.258,32,6371,0,
s23132,TIAUSDT,1785639600000,train,1,2.9,0.744,3.46,3.09,1.13,1.93,1.3,0.9,1.25,1.29,0,0.98,neutral,neutral,0,-0.314,32,6371,0,
s23133,JUPUSDT,1785639600000,train,1,2.23,0.531,2.99,2.54,2.15,1.26,1.23,0.97,0.84,0.56,1,0.98,neutral,neutral,0,-0.58,32,6371,0,
s23134,ONDOUSDT,1785639600000,train,1,2.26,0.443,3.64,2.77,1.7,1.28,1.28,0.65,0.75,0.68,0,0.98,neutral,neutral,0,-0.407,32,6370,0,
s23135,SANDUSDT,1785639600000,testB,1,2.14,0.543,3.05,2.22,1.11,1.17,0.81,0.73,0.93,0.78,0,0.98,neutral,neutral,0,0.226,32,6370,0,
s23136,XPLUSDT,1785640500000,train,1,2.09,0.466,3.15,2.23,0.77,1.02,0.5,0.69,0.81,0.78,0,1.07,neutral,neutral,0,-0.515,32,6372,0,
s23137,PUMPUSDT,1785640500000,train,1,5.82,0.6,7.92,5.64,0.87,4.75,1.76,1.34,1.2,1.11,1,1.07,neutral,neutral,0,-0.738,32,6372,0,
s23138,WLDUSDT,1785640500000,train,1,3.33,0.526,4.73,3.48,1.01,2.25,1.26,0.73,0.79,0.65,0,1.07,neutral,neutral,0,0.481,32,6372,0,
s23139,ENAUSDT,1785640500000,train,1,4.91,0.855,5.93,4.93,1.29,3.84,1.92,1.38,1.3,0.96,1,1.07,neutral,neutral,0,1.251,32,6372,0,
s23140,TIAUSDT,1785640500000,train,1,2.75,0.677,3.35,2.68,1.03,1.68,0.91,0.9,1.25,1.29,0,1.07,neutral,neutral,0,-0.261,32,6372,0,
s23141,ONDOUSDT,1785640500000,train,1,2.95,0.549,3.63,3.22,1.45,1.87,1.57,0.65,0.75,0.68,0,1.07,neutral,neutral,0,-0.54,32,6371,1,
s23142,LDOUSDT,1785640500000,testB,1,2.03,0.375,2.53,2.05,0.92,0.96,0.69,0.76,0.89,0.79,0,1.07,neutral,neutral,0,-1.0,14,6371,1,
s23143,XPLUSDT,1785641400000,train,1,2.4,0.503,3.15,2.51,0.59,1.32,0.69,0.69,0.81,0.78,0,1.08,neutral,neutral,0,-0.637,32,6373,1,
s23144,PUMPUSDT,1785641400000,train,1,5.35,0.526,7.91,5.12,0.68,4.28,1.14,1.34,1.2,1.11,1,1.08,neutral,neutral,0,-0.693,32,6373,0,
s23145,WLDUSDT,1785641400000,train,1,3.93,0.578,4.71,3.97,0.99,2.85,1.64,0.73,0.79,0.65,0,1.08,neutral,neutral,0,0.161,32,6373,1,
s23146,ENAUSDT,1785641400000,train,1,6.34,0.906,6.19,6.03,1.31,5.27,2.95,1.38,1.3,0.96,1,1.08,neutral,neutral,0,0.724,32,6373,1,
s23147,ARBUSDT,1785641400000,train,1,2.02,0.472,2.27,2.05,0.71,0.94,0.9,0.95,1.24,0.89,0,1.08,neutral,alcista,0,0.685,32,6373,2,
s23148,TIAUSDT,1785641400000,train,1,2.84,0.684,3.31,2.91,1.02,1.76,1.08,0.9,1.25,1.29,0,1.08,neutral,neutral,0,-0.365,32,6373,1,
s23149,ONDOUSDT,1785641400000,train,1,3.6,0.598,3.98,3.93,1.47,2.52,2.13,0.65,0.75,0.68,0,1.08,neutral,alcista,0,-0.665,32,6372,2,
s23150,LDOUSDT,1785641400000,testB,1,2.12,0.385,2.32,2.08,0.88,1.04,0.86,0.76,0.89,0.79,0,1.08,neutral,alcista,0,-1.0,13,6372,2,
s23151,XPLUSDT,1785642300000,train,1,2.41,0.504,2.9,2.35,0.57,1.38,0.73,0.69,0.81,0.78,0,1.03,neutral,alcista,0,-0.685,32,6374,2,
s23152,PUMPUSDT,1785642300000,train,1,5.59,0.536,7.85,5.29,0.57,4.56,1.23,1.34,1.2,1.11,1,1.03,neutral,neutral,0,-0.729,32,6374,1,
s23153,STBLUSDT,1785642300000,train,1,2.21,0.377,3.2,2.24,1.37,1.18,0.57,0.62,0.83,1.44,0,1.03,neutral,neutral,0,0.315,32,6374,1,
s23154,WLDUSDT,1785642300000,train,1,4.13,0.614,4.7,4.03,0.88,3.11,1.57,0.73,0.79,0.65,0,1.03,neutral,alcista,0,0.151,32,6374,2,
s23155,ENAUSDT,1785642300000,train,1,6.82,0.912,7.09,6.42,1.51,5.79,3.14,1.38,1.3,0.96,1,1.03,neutral,alcista,0,0.56,32,6374,2,
s23156,ARBUSDT,1785642300000,train,1,2.22,0.496,2.34,2.28,0.61,1.19,1.08,0.95,1.24,0.89,0,1.03,neutral,alcista,0,0.457,32,6374,3,
s23157,SUIUSDT,1785642300000,train,1,2.06,0.751,2.16,2.02,0.7,1.03,0.8,1.03,1.29,0.81,0,1.03,neutral,alcista,0,-0.338,32,6374,2,
s23158,TIAUSDT,1785642300000,train,1,2.97,0.725,3.31,2.94,0.56,1.94,1.01,0.9,1.25,1.29,0,1.03,neutral,alcista,0,-0.299,32,6374,2,
s23159,ONDOUSDT,1785642300000,train,1,3.74,0.634,4.09,3.81,1.24,2.71,1.8,0.65,0.75,0.68,0,1.03,neutral,neutral,0,-0.633,32,6373,0,
s23160,LDOUSDT,1785642300000,testB,1,2.21,0.396,2.28,2.16,0.67,1.19,0.83,0.76,0.89,0.79,0,1.03,neutral,alcista,0,-1.0,12,6373,3,
s23161,PUMPUSDT,1785643200000,train,1,4.27,0.444,7.6,4.77,0.49,3.28,0.91,1.51,1.27,1.08,1,0.99,neutral,neutral,0,-0.802,32,6375,0,
s23162,WLDUSDT,1785643200000,train,1,4.49,0.634,4.74,4.52,0.64,3.51,1.9,0.87,0.85,0.67,1,0.99,neutral,alcista,0,0.085,32,6375,3,
s23163,ENAUSDT,1785643200000,train,1,8.07,0.925,7.59,7.59,1.55,7.08,4.4,2.22,1.7,1.16,1,0.99,neutral,alcista,0,0.285,32,6375,3,
s23164,ARBUSDT,1785643200000,train,1,2.1,0.483,2.7,2.55,0.59,1.11,1.21,0.9,1.27,0.91,0,0.99,neutral,alcista,0,0.33,32,6375,4,
s23165,TIAUSDT,1785643200000,train,1,2.84,0.717,3.12,2.85,0.51,1.85,1.01,0.96,1.21,1.31,0,0.99,neutral,alcista,0,-0.287,32,6375,3,
s23166,ONDOUSDT,1785643200000,train,1,3.15,0.526,4.2,3.49,0.95,2.17,1.35,0.72,0.75,0.68,0,0.99,neutral,neutral,0,-0.526,32,6374,0,
s23167,XPLUSDT,1785644100000,train,1,2.03,0.457,2.73,1.99,0.49,0.98,0.48,0.71,0.79,0.78,0,1.05,neutral,neutral,0,-0.712,32,6376,0,
s23168,PUMPUSDT,1785644100000,train,1,5.16,0.491,7.53,5.57,0.54,4.1,1.61,1.51,1.27,1.08,1,1.05,neutral,neutral,0,-0.824,32,6376,1,
s23169,WLDUSDT,1785644100000,train,1,5.39,0.692,5.31,5.24,0.95,4.34,2.43,0.87,0.85,0.67,1,1.05,neutral,alcista,0,-0.175,32,6376,4,
s23170,ENAUSDT,1785644100000,train,1,8.54,0.937,8.15,7.95,1.79,7.48,4.35,2.22,1.7,1.16,1,1.05,neutral,alcista,0,0.258,32,6376,4,
s23171,ARBUSDT,1785644100000,train,1,2.88,0.678,2.86,2.78,0.89,1.82,1.39,0.9,1.27,0.91,0,1.05,neutral,alcista,0,0.177,32,6376,5,
s23172,SUIUSDT,1785644100000,train,1,2.08,0.825,2.27,2.11,0.58,1.03,0.78,1.09,1.34,0.84,0,1.05,neutral,alcista,0,-0.267,32,6376,4,
s23173,TIAUSDT,1785644100000,train,1,2.84,0.717,3.12,2.73,0.73,1.78,0.89,0.96,1.21,1.31,0,1.05,neutral,neutral,0,-0.244,32,6376,0,
s23174,ONDOUSDT,1785644100000,train,1,3.24,0.547,4.21,3.32,0.86,2.19,1.05,0.72,0.75,0.68,0,1.05,neutral,neutral,0,-0.515,32,6375,0,
s23175,PUMPUSDT,1785645000000,train,1,6.72,0.579,7.44,6.74,0.62,5.64,2.6,1.51,1.27,1.08,1,1.08,neutral,alcista,0,-0.908,32,6377,2,
s23176,WLDUSDT,1785645000000,train,1,4.88,0.648,5.12,4.87,0.93,3.8,2.09,0.87,0.85,0.67,1,1.08,neutral,neutral,0,-0.097,32,6377,0,
s23177,ARBUSDT,1785645000000,train,1,2.24,0.525,2.68,2.2,1.08,1.16,0.95,0.9,1.27,0.91,0,1.08,neutral,neutral,0,0.466,32,6377,0,
s23178,TIAUSDT,1785645000000,train,1,2.29,0.673,2.82,2.42,0.7,1.21,0.82,0.96,1.21,1.31,0,1.08,neutral,neutral,0,-0.338,32,6377,0,
s23179,ONDOUSDT,1785645000000,train,1,3.6,0.573,4.14,3.73,0.73,2.52,1.42,0.72,0.75,0.68,0,1.08,neutral,neutral,0,-0.599,32,6376,1,
s23180,SANDUSDT,1785645000000,testB,1,2.09,0.5,2.52,2.04,0.39,1.0,0.8,0.73,0.92,0.76,0,1.08,neutral,alcista,0,1.151,32,6376,4,
s23181,PUMPUSDT,1785645900000,train,1,6.37,0.567,6.91,6.25,0.66,5.17,2.25,1.51,1.27,1.08,1,1.19,neutral,neutral,0,-1.0,31,6378,0,
s23182,WLDUSDT,1785645900000,train,1,5.21,0.68,5.15,4.99,0.97,4.02,2.07,0.87,0.85,0.67,1,1.19,neutral,neutral,0,-0.114,32,6378,1,
s23183,ARBUSDT,1785645900000,train,1,2.32,0.535,2.6,2.26,1.02,1.13,0.93,0.9,1.27,0.91,0,1.19,neutral,neutral,0,0.443,32,6378,1,
s23184,TIAUSDT,1785645900000,train,1,2.23,0.667,2.45,2.18,0.8,1.03,0.82,0.96,1.21,1.31,0,1.19,neutral,neutral,0,-0.319,32,6378,1,
s23185,JUPUSDT,1785645900000,train,1,2.01,0.402,2.47,2.42,0.66,0.81,1.17,1.02,0.88,0.59,1,1.19,neutral,alcista,0,-1.0,28,6378,5,
s23186,ONDOUSDT,1785645900000,train,1,3.71,0.58,4.01,3.7,0.67,2.52,1.35,0.72,0.75,0.68,0,1.19,neutral,alcista,0,-0.63,32,6377,2,
s23187,PUMPUSDT,1785646800000,train,1,3.86,0.404,5.31,4.2,0.81,3.1,1.63,1.71,1.29,1.08,1,0.76,neutral,neutral,0,-1.0,9,6379,0,
s23188,WLDUSDT,1785646800000,train,1,3.67,0.566,4.14,3.7,0.93,2.91,1.71,1.16,0.96,0.73,1,0.76,neutral,neutral,0,-0.094,32,6379,0,
s23189,ONDOUSDT,1785646800000,train,1,3.01,0.516,3.83,3.17,0.8,2.25,1.18,0.86,0.79,0.69,1,0.76,neutral,neutral,0,-0.744,32,6378,0,
s23190,WLDUSDT,1785647700000,train,1,2.86,0.494,3.51,3.01,0.65,2.05,1.44,1.16,0.96,0.73,1,0.81,neutral,neutral,0,-0.116,32,6380,0,
s23191,ENAUSDT,1785647700000,train,1,7.6,0.837,7.77,7.12,2.03,6.79,3.69,2.7,1.9,1.28,1,0.81,neutral,neutral,0,0.133,32,6380,0,
s23192,ARBUSDT,1785647700000,train,1,2.2,0.522,2.43,2.35,1.36,1.39,1.17,1.17,1.34,0.96,0,0.81,neutral,alcista,0,0.089,32,6380,3,
s23193,ONDOUSDT,1785647700000,train,1,2.59,0.421,3.69,2.68,0.78,1.77,0.73,0.86,0.79,0.69,1,0.81,neutral,neutral,0,-0.819,32,6379,0,
s23194,WLDUSDT,1785648600000,train,1,3.08,0.514,4.46,3.45,1.7,2.44,2.01,1.16,0.96,0.73,1,0.64,neutral,neutral,0,-0.327,32,6381,1,
s23195,ENAUSDT,1785648600000,train,1,6.56,0.713,7.71,6.23,1.22,5.92,2.81,2.7,1.9,1.28,1,0.64,neutral,neutral,0,0.199,32,6381,0,
s23196,ARBUSDT,1785648600000,train,1,2.78,0.616,3.4,2.77,1.97,2.14,1.45,1.17,1.34,0.96,0,0.64,neutral,alcista,0,-0.288,32,6381,4,
s23197,JUPUSDT,1785648600000,train,1,2.06,0.417,2.43,2.07,0.78,1.43,0.66,1.11,0.9,0.61,1,0.64,neutral,neutral,0,-1.0,23,6381,0,
s23198,GRTUSDT,1785648600000,testB,1,2.18,0.508,2.48,2.34,3.7,1.54,1.44,0.87,1.09,1.0,0,0.64,neutral,alcista,0,-0.676,32,6380,2,
s23199,WLDUSDT,1785649500000,train,1,4.26,0.665,4.4,4.15,1.94,3.51,2.33,1.16,0.96,0.73,1,0.74,neutral,alcista,0,-0.391,32,6382,2,
s23200,ENAUSDT,1785649500000,train,1,6.66,0.717,7.39,6.38,1.07,5.92,2.88,2.7,1.9,1.28,1,0.74,neutral,neutral,0,0.108,32,6382,1,
s23201,ARBUSDT,1785649500000,train,1,2.84,0.621,3.3,2.8,2.12,2.1,1.38,1.17,1.34,0.96,0,0.74,neutral,alcista,0,-0.297,32,6382,5,
s23202,GRTUSDT,1785649500000,testB,1,2.32,0.541,2.82,2.41,2.15,1.58,1.31,0.87,1.09,1.0,0,0.74,neutral,alcista,0,-0.6,32,6381,3,
s23203,WLDUSDT,1785650400000,train,1,3.19,0.593,4.55,3.49,2.23,3.22,1.98,1.29,0.83,0.77,1,-0.04,neutral,neutral,0,-0.625,32,6383,0,
s23204,ENAUSDT,1785650400000,train,1,6.55,0.715,7.56,6.59,1.25,6.59,3.15,3.16,1.98,1.4,1,-0.04,neutral,alcista,0,0.019,32,6383,2,
s23205,ARBUSDT,1785650400000,train,1,2.02,0.491,2.77,2.04,2.28,2.06,1.05,1.17,1.17,0.96,0,-0.04,neutral,neutral,0,-0.222,32,6383,0,
s23206,WLDUSDT,1785651300000,train,1,3.47,0.614,4.54,3.85,2.51,3.33,2.06,1.29,0.83,0.77,1,0.15,neutral,neutral,0,-0.653,32,6384,1,
s23207,ENAUSDT,1785651300000,train,1,6.88,0.725,7.3,6.86,1.1,6.73,3.27,3.16,1.98,1.4,1,0.15,neutral,alcista,0,0.002,32,6384,3,
s23208,WLDUSDT,1785652200000,train,1,3.51,0.623,4.45,3.55,1.14,3.33,1.71,1.29,0.83,0.77,1,0.18,neutral,neutral,0,-0.57,32,6385,0,
s23209,ENAUSDT,1785652200000,train,1,6.19,0.69,7.06,6.33,0.93,6.01,2.81,3.16,1.98,1.4,1,0.18,neutral,neutral,0,0.05,32,6385,0,
s23210,WLDUSDT,1785653100000,train,1,2.82,0.543,4.4,3.37,1.03,2.77,1.3,1.29,0.83,0.77,1,0.05,neutral,neutral,0,-0.648,32,6386,0,
s23211,ENAUSDT,1785653100000,train,1,6.13,0.68,6.92,6.14,0.95,6.08,2.38,3.16,1.98,1.4,1,0.05,neutral,neutral,0,0.072,32,6386,0,
s23212,LDOUSDT,1785653100000,testB,-1,-2.11,0.507,2.71,2.49,1.25,-2.16,1.59,0.91,0.76,0.83,0,0.05,neutral,bajista,0,0.383,32,6385,2,
s23213,0GUSDT,1785654000000,train,-1,-2.16,0.615,2.55,2.2,0.29,-2.26,0.44,0.72,0.63,0.65,0,0.11,neutral,neutral,0,1.031,32,6387,0,
s23214,WLDUSDT,1785654000000,train,1,2.47,0.445,4.42,2.82,0.63,2.37,0.64,1.25,0.86,0.79,1,0.11,neutral,neutral,0,-0.5,32,6387,0,
s23215,ENAUSDT,1785654000000,train,1,6.6,0.7,6.89,6.53,0.64,6.49,2.51,3.28,2.0,1.5,1,0.11,neutral,neutral,0,0.05,32,6387,1,
s23216,WLDUSDT,1785654900000,train,1,3.64,0.574,4.38,3.73,0.72,3.57,1.47,1.25,0.86,0.79,1,0.07,neutral,neutral,0,-0.667,32,6388,1,
s23217,ENAUSDT,1785654900000,train,1,6.83,0.74,7.15,6.42,0.71,6.77,2.16,3.28,2.0,1.5,1,0.07,neutral,neutral,0,-0.005,32,6388,0,
s23218,WLDUSDT,1785655800000,train,1,2.4,0.369,3.88,2.53,0.71,2.35,0.63,1.25,0.86,0.79,1,0.05,neutral,neutral,0,-0.728,32,6389,0,
s23219,ENAUSDT,1785655800000,train,1,4.29,0.473,6.07,4.18,0.86,4.23,0.9,3.28,2.0,1.5,1,0.05,neutral,neutral,0,0.169,32,6389,0,
s23220,WLDUSDT,1785656700000,train,1,3.07,0.429,3.85,3.23,0.71,3.02,1.25,1.25,0.86,0.79,1,0.05,neutral,neutral,0,-0.952,32,6390,1,
s23221,ENAUSDT,1785656700000,train,1,4.38,0.48,5.47,4.2,0.73,4.33,1.38,3.28,2.0,1.5,1,0.05,neutral,neutral,0,0.054,32,6390,1,
s23222,ENAUSDT,1785657600000,train,1,2.71,0.366,4.3,3.02,0.86,2.79,1.27,3.26,2.12,1.58,1,-0.08,neutral,neutral,0,0.18,32,6391,0,
s23223,PUMPUSDT,1785658500000,train,-1,-2.72,0.361,5.5,4.63,0.48,-2.48,1.14,1.16,1.21,1.09,0,-0.24,neutral,neutral,0,0.099,32,6392,0,
s23224,LDOUSDT,1785658500000,testB,-1,-2.01,0.387,2.45,2.02,0.54,-1.77,0.91,0.82,0.76,0.84,0,-0.24,neutral,bajista,0,0.939,32,6391,4,
s23225,PUMPUSDT,1785659400000,train,-1,-4.36,0.656,5.52,5.11,0.51,-3.89,1.47,1.16,1.21,1.09,0,-0.47,neutral,neutral,0,0.027,32,6393,1,
s23226,PUMPUSDT,1785660300000,train,-1,-3.92,0.553,5.5,4.58,0.55,-3.31,0.84,1.16,1.21,1.09,0,-0.61,neutral,neutral,0,0.34,32,6394,0,
s23227,PUMPUSDT,1785661200000,train,-1,-3.05,0.429,4.65,3.28,0.6,-2.7,0.47,1.08,1.22,1.08,0,-0.35,neutral,neutral,0,0.597,32,6395,0,
s23228,PUMPUSDT,1785662100000,train,-1,-2.58,0.382,4.24,2.83,0.48,-2.16,0.55,1.08,1.22,1.08,0,-0.41,neutral,neutral,0,0.742,32,6396,0,
s23229,PUMPUSDT,1785663900000,train,-1,-3.16,0.447,3.77,3.31,0.62,-2.88,1.28,1.08,1.22,1.08,0,-0.28,neutral,neutral,0,0.333,32,6398,1,
s23230,PUMPUSDT,1785664800000,train,-1,-3.1,0.439,3.89,3.8,0.75,-2.73,1.68,0.97,1.25,1.08,0,-0.37,neutral,bajista,0,0.146,32,6399,2,
s23231,PUMPUSDT,1785665700000,train,-1,-3.49,0.5,4.13,3.76,0.83,-2.94,1.59,0.97,1.25,1.08,0,-0.55,neutral,bajista,0,0.136,32,6400,3,
s23232,PUMPUSDT,1785666600000,train,-1,-2.27,0.391,2.65,2.61,0.84,-1.81,1.78,0.97,1.25,1.08,0,-0.46,neutral,bajista,0,0.482,32,6401,4,
s23233,ONDOUSDT,1785669300000,train,-1,-2.06,0.559,2.21,2.16,0.71,-1.54,0.95,0.7,0.78,0.7,0,-0.52,neutral,bajista,0,-0.229,32,6403,3,
s23234,ONDOUSDT,1785670200000,train,-1,-2.21,0.576,2.4,2.27,0.74,-1.56,1.1,0.7,0.78,0.7,0,-0.65,neutral,bajista,0,-0.356,32,6404,4,
s23235,WLDUSDT,1785671100000,train,-1,-2.39,0.51,2.67,2.48,0.7,-1.66,0.89,0.9,1.02,0.83,0,-0.73,neutral,neutral,0,-0.192,32,6406,0,
s23236,SANDUSDT,1785672000000,testB,1,2.44,0.573,2.47,2.47,1.96,2.93,1.69,0.91,0.77,0.78,0,-0.49,neutral,alcista,0,0.189,32,6406,6,
s23237,MANAUSDT,1785672000000,testB,1,2.02,0.48,2.2,2.14,2.97,2.5,1.45,1.46,1.04,0.81,1,-0.49,neutral,alcista,0,-0.743,32,6406,2,
s23238,SANDUSDT,1785672900000,testB,1,2.2,0.489,2.71,2.22,2.62,2.52,1.32,0.91,0.77,0.78,0,-0.32,neutral,neutral,0,0.295,32,6407,0,
s23239,MANAUSDT,1785672900000,testB,1,2.38,0.536,2.68,2.43,3.7,2.7,1.64,1.46,1.04,0.81,1,-0.32,neutral,alcista,0,-0.762,32,6407,3,
s23240,SANDUSDT,1785673800000,testB,1,2.79,0.549,2.99,2.88,2.69,2.92,1.92,0.91,0.77,0.78,0,-0.13,neutral,neutral,0,0.048,32,6408,1,
s23241,PUMPUSDT,1785674700000,train,-1,-2.43,0.469,3.71,3.47,0.88,-2.31,1.12,0.63,1.25,1.05,0,-0.12,neutral,bajista,0,-0.041,32,6410,2,
s23242,SANDUSDT,1785674700000,testB,1,2.91,0.56,3.17,3.01,2.36,3.03,1.84,0.91,0.77,0.78,0,-0.12,neutral,alcista,0,0.123,32,6409,2,
s23243,PUMPUSDT,1785675600000,train,-1,-2.6,0.523,3.7,3.18,0.9,-2.35,0.78,0.58,1.03,1.03,0,-0.25,neutral,neutral,0,0.074,32,6411,0,
s23244,SANDUSDT,1785675600000,testB,1,2.59,0.532,3.2,2.87,1.8,2.84,1.66,1.31,0.93,0.87,1,-0.25,neutral,alcista,0,0.048,32,6410,3,
s23245,PUMPUSDT,1785676500000,train,-1,-2.23,0.419,3.54,2.61,1.22,-2.0,0.26,0.58,1.03,1.03,0,-0.24,neutral,neutral,0,0.429,32,6412,0,
s23246,SANDUSDT,1785676500000,testB,1,2.74,0.578,3.2,2.83,1.83,2.98,1.43,1.31,0.93,0.87,1,-0.24,neutral,neutral,0,0.139,32,6411,0,
s23247,PUMPUSDT,1785677400000,train,-1,-2.64,0.5,3.5,2.76,0.91,-2.37,0.47,0.58,1.03,1.03,0,-0.27,neutral,neutral,0,0.051,32,6413,1,
s23248,SANDUSDT,1785677400000,testB,1,2.57,0.563,3.45,2.94,1.74,2.83,1.4,1.31,0.93,0.87,1,-0.27,neutral,neutral,0,0.157,32,6412,1,
s23249,SANDUSDT,1785680100000,testB,1,2.45,0.551,3.65,2.6,1.71,2.48,0.75,1.42,0.93,0.9,1,-0.02,neutral,neutral,0,0.125,32,6415,1,
s23250,SANDUSDT,1785681000000,testB,1,3.05,0.615,3.54,3.03,1.25,3.13,1.14,1.42,0.93,0.9,1,-0.08,neutral,alcista,0,-0.206,32,6416,2,
s23251,SANDUSDT,1785681900000,testB,1,2.78,0.594,3.21,2.73,0.72,2.99,1.02,1.42,0.93,0.9,1,-0.21,neutral,alcista,0,-0.356,32,6417,3,
s23252,SANDUSDT,1785682800000,testB,1,3.2,0.628,3.36,3.15,0.63,3.27,1.52,1.59,1.03,0.96,1,-0.07,neutral,alcista,0,-0.504,32,6418,4,
s23253,SANDUSDT,1785683700000,testB,1,3.27,0.633,3.47,3.17,0.72,3.32,1.51,1.59,1.03,0.96,1,-0.05,neutral,alcista,0,-0.507,32,6419,5,
s23254,SANDUSDT,1785684600000,testB,1,3.36,0.64,3.57,3.25,0.86,3.32,1.47,1.59,1.03,0.96,1,0.04,neutral,alcista,0,-0.549,32,6420,6,
s23255,SANDUSDT,1785685500000,testB,1,2.71,0.535,3.24,2.69,0.87,2.59,1.1,1.59,1.03,0.96,1,0.12,neutral,neutral,0,-0.487,32,6421,0,
s23256,STBLUSDT,1785686400000,train,1,5.45,0.647,7.64,6.89,5,5.57,4.86,5.27,3.19,1.95,1,-0.11,neutral,neutral,0,-0.563,32,6423,1,
s23257,STBLUSDT,1785687300000,train,1,5.33,0.623,8.17,6.67,5,5.44,4.2,5.27,3.19,1.95,1,-0.11,neutral,neutral,0,-0.506,32,6424,0,
s23258,STBLUSDT,1785688200000,train,1,7.05,0.726,9.41,7.9,5,6.93,5.09,5.27,3.19,1.95,1,0.12,neutral,neutral,0,-0.588,32,6425,1,
s23259,INJUSDT,1785699000000,train,1,2.05,0.554,2.32,2.3,1.21,1.63,1.39,1.11,0.84,0.74,1,0.41,neutral,neutral,0,-0.641,32,6437,1,
s23260,INJUSDT,1785699900000,train,1,3.37,0.689,3.61,3.42,2.15,2.81,2.35,1.11,0.84,0.74,1,0.56,neutral,alcista,0,-0.71,32,6438,2,
s23261,LDOUSDT,1785699900000,testB,1,2.28,0.566,2.65,2.56,0.97,1.72,1.13,0.68,0.64,0.7,0,0.56,neutral,alcista,0,-0.464,32,6437,4,
s23262,STBLUSDT,1785700800000,train,-1,-3.49,0.476,6.94,6.33,0.04,-4.06,0.66,5.73,3.62,2.06,1,0.57,neutral,bajista,0,-0.128,32,6439,4,
s23263,INJUSDT,1785700800000,train,1,3.21,0.667,3.61,3.38,2.09,2.63,2.05,1.12,0.89,0.76,1,0.57,neutral,neutral,0,-0.672,32,6439,0,
s23264,LDOUSDT,1785700800000,testB,1,2.27,0.566,2.89,2.71,0.91,1.7,1.15,0.79,0.68,0.71,0,0.57,neutral,alcista,0,-0.584,32,6438,5,
s23265,STBLUSDT,1785701700000,train,-1,-2.94,0.397,6.92,5.99,0.05,-3.42,0.29,5.73,3.62,2.06,1,0.48,neutral,neutral,0,-0.081,32,6440,0,
s23266,INJUSDT,1785701700000,train,1,2.85,0.55,3.55,2.92,2.41,2.37,1.51,1.12,0.89,0.76,1,0.48,neutral,neutral,0,-0.647,32,6440,0,
s23267,LDOUSDT,1785701700000,testB,1,2.47,0.642,2.75,2.41,1.1,1.99,0.92,0.79,0.68,0.71,0,0.48,neutral,neutral,0,-0.57,32,6439,0,
s23268,STBLUSDT,1785702600000,train,-1,-4.03,0.65,6.7,5.57,0.09,-4.37,0.07,5.73,3.62,2.06,1,0.34,neutral,neutral,0,-0.058,32,6441,0,
s23269,INJUSDT,1785702600000,train,1,2.93,0.557,3.54,3.06,1.95,2.59,1.5,1.12,0.89,0.76,1,0.34,neutral,neutral,0,-0.675,32,6441,1,
s23270,LDOUSDT,1785702600000,testB,1,2.49,0.645,2.91,2.73,1.31,2.15,1.48,0.79,0.68,0.71,0,0.34,neutral,neutral,0,-0.644,32,6440,1,
s23271,INJUSDT,1785703500000,train,1,2.73,0.5,3.55,2.79,0.99,2.22,1.09,1.12,0.89,0.76,1,0.5,neutral,neutral,0,-0.636,32,6442,0,
s23272,LDOUSDT,1785703500000,testB,1,2.42,0.639,2.94,2.76,1.34,1.92,1.34,0.79,0.68,0.71,0,0.5,neutral,alcista,0,-1.0,32,6441,2,
s23273,INJUSDT,1785704400000,train,1,2.6,0.489,3.53,2.79,0.8,2.11,1.01,1.05,0.89,0.74,1,0.5,neutral,neutral,0,-0.636,32,6443,0,
s23274,INJUSDT,1785705300000,train,1,2.14,0.375,3.55,2.39,0.71,1.73,0.53,1.05,0.89,0.74,1,0.41,neutral,neutral,0,-0.631,32,6444,0,
s23275,LDOUSDT,1785705300000,testB,1,2.34,0.573,2.95,2.4,0.91,1.93,0.77,0.78,0.68,0.71,0,0.41,neutral,neutral,0,-1.0,30,6443,1,
s23276,INJUSDT,1785706200000,train,1,2.16,0.378,3.55,2.41,0.59,1.57,0.51,1.05,0.89,0.74,1,0.59,neutral,neutral,0,-0.642,32,6445,0,
s23277,LDOUSDT,1785706200000,testB,1,2.37,0.576,2.86,2.37,0.57,1.78,0.74,0.78,0.68,0.71,0,0.59,neutral,alcista,0,-1.0,29,6444,2,
s23278,INJUSDT,1785707100000,train,1,2.49,0.446,3.54,2.49,0.43,2.05,0.51,1.05,0.89,0.74,1,0.44,neutral,neutral,0,-0.559,32,6446,1,
s23279,LDOUSDT,1785708000000,testB,1,2.02,0.481,2.84,2.01,0.55,1.42,0.36,0.77,0.7,0.73,0,0.6,neutral,neutral,0,-1.0,27,6446,0,
s23280,PUMPUSDT,1785711600000,train,-1,-2.15,0.354,3.2,2.82,1.75,-2.15,1.43,0.65,0.62,0.96,0,0.0,neutral,neutral,0,0.322,32,6451,1,
s23281,ONDOUSDT,1785711600000,train,-1,-2.12,0.402,3.3,3.19,4.74,-2.12,1.76,0.72,0.59,0.68,0,0.0,neutral,bajista,0,0.893,32,6450,4,
s23282,ONDOUSDT,1785712500000,train,-1,-2.02,0.39,3.54,3.22,3.03,-2.35,1.69,0.72,0.59,0.68,0,0.33,neutral,bajista,0,0.656,32,6451,5,
s23283,PUMPUSDT,1785713400000,train,-1,-2.47,0.381,3.2,2.91,1.48,-2.66,1.25,0.65,0.62,0.96,0,0.19,neutral,neutral,0,0.18,32,6453,1,
s23284,ONDOUSDT,1785713400000,train,-1,-2.09,0.411,3.53,3.14,1.06,-2.28,1.39,0.72,0.59,0.68,0,0.19,neutral,neutral,0,0.563,32,6452,0,
s23285,PUMPUSDT,1785714300000,train,-1,-3.07,0.458,3.6,3.31,0.95,-3.25,1.55,0.65,0.62,0.96,0,0.18,neutral,bajista,0,-0.0,32,6454,2,
s23286,ONDOUSDT,1785714300000,train,-1,-2.49,0.536,3.72,3.08,1.24,-2.68,1.24,0.72,0.59,0.68,0,0.18,neutral,neutral,0,0.778,32,6453,0,
s23287,PUMPUSDT,1785715200000,train,-1,-3.68,0.503,4.11,4.06,0.94,-3.61,2.04,0.55,0.63,0.96,0,-0.06,neutral,bajista,0,-0.179,32,6455,3,
s23288,ONDOUSDT,1785715200000,train,-1,-3.84,0.639,5.25,4.83,2.23,-3.78,2.6,0.92,0.65,0.73,0,-0.06,neutral,neutral,0,0.167,32,6454,1,
s23289,PUMPUSDT,1785716100000,train,-1,-3.12,0.406,3.9,3.37,1.01,-2.89,1.46,0.55,0.63,0.96,0,-0.24,neutral,neutral,0,0.1,32,6456,0,
s23290,ONDOUSDT,1785716100000,train,-1,-3.07,0.486,5.23,4.24,2.16,-2.84,1.88,0.92,0.65,0.73,0,-0.24,neutral,neutral,0,0.377,32,6455,0,
s23291,PUMPUSDT,1785717000000,train,-1,-3.18,0.41,4.01,3.87,1.03,-3.02,1.78,0.55,0.63,0.96,0,-0.17,neutral,neutral,0,-0.137,32,6457,1,
s23292,0GUSDT,1785717000000,train,-1,-2.34,0.541,3.77,3.19,5,-2.17,1.94,0.83,0.64,0.64,1,-0.17,neutral,bajista,0,0.227,32,6457,3,
s23293,ONDOUSDT,1785717000000,train,-1,-3.2,0.517,5.23,4.24,2.16,-3.03,1.77,0.92,0.65,0.73,0,-0.17,neutral,neutral,0,0.39,32,6456,0,
s23294,0GUSDT,1785717900000,train,-1,-2.82,0.69,3.77,3.34,5,-2.54,1.84,0.83,0.64,0.64,1,-0.28,neutral,bajista,0,0.174,32,6458,4,
s23295,ONDOUSDT,1785717900000,train,-1,-3.02,0.481,5.22,4.1,1.56,-2.74,1.44,0.92,0.65,0.73,0,-0.28,neutral,neutral,0,0.409,32,6457,0,
s23296,LDOUSDT,1785717900000,testB,-1,-2.09,0.535,2.45,2.38,0.97,-1.81,0.92,0.72,0.68,0.73,0,-0.28,neutral,bajista,0,-0.104,32,6457,2,
s23297,XPLUSDT,1785718800000,train,-1,-2.04,0.523,3.15,2.92,1.1,-1.56,1.29,0.48,0.53,0.52,0,-0.48,neutral,bajista,0,0.059,32,6459,2,
s23298,0GUSDT,1785718800000,train,-1,-3.18,0.714,4.52,3.87,3.1,-2.7,2.12,1.2,0.8,0.71,1,-0.48,neutral,bajista,0,-0.094,32,6459,5,
s23299,ONDOUSDT,1785718800000,train,-1,-3.77,0.653,5.23,4.27,0.54,-3.29,1.42,0.96,0.67,0.73,0,-0.48,neutral,neutral,0,0.3,32,6458,1,
s23300,XPLUSDT,1785719700000,train,-1,-2.05,0.529,3.14,2.7,1.13,-1.46,0.96,0.48,0.53,0.52,0,-0.58,neutral,neutral,0,0.059,32,6460,0,
s23301,0GUSDT,1785719700000,train,-1,-3.45,0.831,4.52,3.87,2.97,-2.87,1.93,1.2,0.8,0.71,1,-0.58,neutral,neutral,0,-0.113,32,6460,0,
s23302,ONDOUSDT,1785719700000,train,-1,-3.93,0.662,5.24,4.49,0.41,-3.35,1.49,0.96,0.67,0.73,0,-0.58,neutral,bajista,0,0.226,32,6459,2,
s23303,SANDUSDT,1785719700000,testB,-1,-2.08,0.634,2.45,2.36,2.61,-1.5,1.06,0.77,0.97,0.96,0,-0.58,neutral,bajista,0,0.91,32,6459,2,
s23304,XPLUSDT,1785720600000,train,-1,-2.15,0.552,3.14,2.77,0.95,-1.4,0.94,0.48,0.53,0.52,0,-0.75,neutral,neutral,0,-0.029,32,6461,1,
s23305,PUMPUSDT,1785720600000,train,-1,-2.85,0.399,4.19,3.47,1.24,-2.11,0.86,0.59,0.64,0.85,0,-0.75,neutral,neutral,0,-0.736,32,6461,0,
s23306,0GUSDT,1785720600000,train,-1,-3.17,0.714,4.51,3.56,1.84,-2.42,1.54,1.2,0.8,0.71,1,-0.75,neutral,neutral,0,-0.102,32,6461,0,
s23307,ONDOUSDT,1785720600000,train,-1,-4.33,0.732,5.25,4.71,0.42,-3.58,1.54,0.96,0.67,0.73,0,-0.75,neutral,bajista,0,0.17,32,6460,3,
s23308,SANDUSDT,1785720600000,testB,-1,-2.17,0.681,2.45,2.26,2.22,-1.42,0.93,0.77,0.97,0.96,0,-0.75,neutral,neutral,0,0.844,32,6460,0,
s23309,XPLUSDT,1785721500000,train,-1,-2.52,0.688,3.15,2.85,0.83,-1.93,0.91,0.48,0.53,0.52,0,-0.59,neutral,bajista,0,-0.121,32,6462,2,
s23310,0GUSDT,1785721500000,train,-1,-3.17,0.714,4.51,3.49,1.78,-2.58,1.31,1.2,0.8,0.71,1,-0.59,neutral,neutral,0,-0.354,32,6462,0,
s23311,ONDOUSDT,1785721500000,train,-1,-4.06,0.718,5.15,4.75,0.45,-3.48,1.6,0.96,0.67,0.73,0,-0.59,neutral,bajista,0,0.062,32,6461,4,
s23312,SANDUSDT,1785721500000,testB,-1,-2.19,0.683,2.38,2.34,2.25,-1.6,0.93,0.77,0.97,0.96,0,-0.59,neutral,neutral,0,0.737,32,6461,1,
s23313,XPLUSDT,1785722400000,train,-1,-2.5,0.686,3.08,2.7,0.92,-1.72,1.01,0.62,0.55,0.53,1,-0.78,neutral,bajista,0,-0.178,32,6463,3,
s23314,PUMPUSDT,1785722400000,train,-1,-2.54,0.415,3.23,2.7,0.65,-1.76,0.79,0.61,0.63,0.77,0,-0.78,neutral,neutral,0,-1.0,29,6463,0,
s23315,0GUSDT,1785722400000,train,-1,-2.6,0.521,4.41,2.82,0.84,-1.83,0.71,1.27,0.83,0.7,1,-0.78,neutral,neutral,0,-0.0,32,6463,0,
s23316,ENAUSDT,1785722400000,train,-1,-2.54,0.541,2.89,2.62,1.27,-1.77,1.36,1.24,1.18,2.01,0,-0.78,neutral,neutral,0,-1.0,31,6463,1,
s23317,PENDLEUSDT,1785722400000,train,-1,-2.28,0.607,2.75,2.55,0.62,-1.5,0.96,0.75,0.67,0.61,1,-0.78,neutral,neutral,0,0.023,32,6463,1,
s23318,ONDOUSDT,1785722400000,train,-1,-4.79,0.75,5.46,5.19,0.85,-4.01,2.11,1.16,0.74,0.74,1,-0.78,neutral,bajista,0,-0.057,32,6462,5,
s23319,XPLUSDT,1785723300000,train,-1,-2.37,0.673,2.57,2.45,1.5,-1.63,1.16,0.62,0.55,0.53,1,-0.74,neutral,bajista,0,-0.12,32,6464,4,
s23320,ENAUSDT,1785723300000,train,-1,-2.11,0.493,2.5,2.36,1.51,-1.37,1.46,1.24,1.18,2.01,0,-0.74,neutral,bajista,0,-1.0,26,6464,2,
s23321,ONDOUSDT,1785723300000,train,-1,-3.59,0.651,4.15,3.72,0.97,-2.85,1.8,1.16,0.74,0.74,1,-0.74,neutral,neutral,0,0.029,32,6463,0,
s23322,ONDOUSDT,1785724200000,train,-1,-2.99,0.606,3.62,3.29,1.0,-2.46,1.67,1.16,0.74,0.74,1,-0.53,neutral,neutral,0,-0.074,32,6464,1,
s23323,ONDOUSDT,1785725100000,train,-1,-2.79,0.589,3.14,2.92,1.3,-2.34,1.61,1.16,0.74,0.74,1,-0.44,neutral,bajista,0,-0.065,32,6465,2,
s23324,ONDOUSDT,1785726000000,train,-1,-2.3,0.521,3.0,2.7,0.66,-1.9,1.24,1.27,0.8,0.74,1,-0.39,neutral,neutral,0,0.06,32,6466,0,
s23325,GRTUSDT,1785726000000,testB,-1,-2.04,0.75,2.84,2.57,0.62,-1.64,0.99,1.01,0.83,0.86,0,-0.39,neutral,bajista,0,-0.432,32,6466,6,
s23326,PENDLEUSDT,1785726900000,train,-1,-2.23,0.744,3.0,2.51,3.55,-1.51,1.24,1.16,0.85,0.71,1,-0.72,neutral,bajista,0,-0.015,32,6468,3,
s23327,ONDOUSDT,1785726900000,train,-1,-2.22,0.5,3.0,2.65,0.49,-1.5,0.97,1.27,0.8,0.74,1,-0.72,neutral,neutral,0,-0.02,32,6467,0,
s23328,GRTUSDT,1785726900000,testB,-1,-2.11,0.756,2.5,2.29,0.53,-1.39,0.96,1.01,0.83,0.86,0,-0.72,neutral,neutral,0,-0.485,32,6467,0,
s23329,PENDLEUSDT,1785727800000,train,-1,-2.66,0.776,3.02,2.96,4.19,-1.93,1.46,1.16,0.85,0.71,1,-0.72,neutral,bajista,0,-0.256,32,6469,4,
s23330,ONDOUSDT,1785727800000,train,-1,-2.35,0.533,2.81,2.51,0.5,-1.62,0.89,1.27,0.8,0.74,1,-0.72,neutral,neutral,0,-0.194,32,6468,1,
s23331,GRTUSDT,1785727800000,testB,-1,-2.11,0.756,2.5,2.36,0.7,-1.38,0.97,1.01,0.83,0.86,0,-0.72,neutral,neutral,0,-0.529,32,6468,1,
s23332,PENDLEUSDT,1785728700000,train,-1,-3.14,0.871,3.48,3.25,4.76,-2.02,1.6,1.16,0.85,0.71,1,-1.12,neutral,bajista,0,-0.264,32,6470,5,
s23333,ONDOUSDT,1785728700000,train,-1,-2.06,0.438,2.93,2.15,0.85,-0.94,0.43,1.27,0.8,0.74,1,-1.12,neutral,neutral,0,-0.012,32,6469,0,
s23334,PENDLEUSDT,1785729600000,train,-1,-2.9,0.862,3.58,3.07,3.12,-2.03,1.56,1.27,0.93,0.75,1,-0.88,neutral,bajista,0,-0.284,32,6471,6,
s23335,GRTUSDT,1785729600000,testB,-1,-2.11,0.795,2.99,2.43,0.9,-1.23,0.89,0.96,0.83,0.83,0,-0.88,neutral,neutral,0,-0.371,32,6470,0,
s23336,PENDLEUSDT,1785730500000,train,-1,-2.83,0.856,3.56,3.04,1.39,-2.37,1.4,1.27,0.93,0.75,1,-0.46,neutral,neutral,0,-0.336,32,6472,0,
s23337,PENDLEUSDT,1785731400000,train,-1,-2.58,0.742,3.39,2.66,1.42,-2.02,1.1,1.27,0.93,0.75,1,-0.56,neutral,neutral,0,-0.437,32,6473,0,
s23338,PENDLEUSDT,1785732300000,train,-1,-2.61,0.744,3.29,2.74,1.2,-1.77,1.13,1.27,0.93,0.75,1,-0.84,neutral,neutral,0,-0.489,32,6474,1,
s23339,PENDLEUSDT,1785733200000,train,-1,-2.28,0.716,2.78,2.33,0.53,-1.68,1.09,1.14,0.91,0.75,1,-0.6,neutral,bajista,0,-1.0,19,6475,2,
s23340,PENDLEUSDT,1785734100000,train,-1,-2.13,0.701,2.7,2.34,0.48,-1.55,1.07,1.14,0.91,0.75,1,-0.57,neutral,bajista,0,-1.0,18,6476,3,
s23341,SANDUSDT,1785738600000,testB,-1,-2.52,0.532,2.93,2.83,1.93,-1.65,1.91,1.29,0.99,1.1,0,-0.87,neutral,bajista,0,-0.675,32,6480,3,
s23342,SANDUSDT,1785739500000,testB,-1,-2.87,0.581,3.13,3.1,2.12,-2.04,2.0,1.29,0.99,1.1,0,-0.83,neutral,bajista,0,-0.781,32,6481,4,
s23343,SANDUSDT,1785740400000,testB,-1,-2.6,0.539,3.03,2.83,1.88,-1.78,1.74,1.29,1.03,1.16,0,-0.82,neutral,neutral,0,-0.726,32,6482,0,
s23344,STBLUSDT,1785741300000,train,-1,-2.02,0.481,3.5,3.01,1.3,-1.31,1.3,1.31,0.95,2.35,0,-0.7,neutral,neutral,0,-1.0,1,6484,0,
s23345,SANDUSDT,1785741300000,testB,-1,-2.29,0.447,3.02,2.41,1.59,-1.58,1.22,1.29,1.03,1.16,0,-0.7,neutral,neutral,0,-0.71,32,6483,0,
s23346,SANDUSDT,1785742200000,testB,-1,-2.78,0.496,3.03,2.93,0.81,-2.1,1.57,1.29,1.03,1.16,0,-0.68,neutral,neutral,0,-0.785,32,6484,1,
s23347,INJUSDT,1785743100000,train,-1,-2.19,0.611,2.6,2.54,1.38,-1.79,1.39,0.81,0.75,0.79,0,-0.4,neutral,bajista,0,-0.48,32,6486,2,
s23348,SANDUSDT,1785743100000,testB,-1,-2.95,0.51,3.31,3.21,0.89,-2.56,1.65,1.29,1.03,1.16,0,-0.4,neutral,bajista,0,-0.742,32,6485,2,
s23349,WLDUSDT,1785744000000,train,-1,-2.95,0.395,4.73,3.98,1.21,-2.47,1.44,1.33,0.95,0.79,1,-0.48,neutral,neutral,0,-1.0,29,6487,0,
s23350,INJUSDT,1785744000000,train,-1,-2.34,0.67,2.64,2.58,1.43,-1.87,1.29,0.87,0.72,0.8,0,-0.48,neutral,bajista,0,-0.488,32,6487,3,
s23351,SANDUSDT,1785744000000,testB,-1,-2.61,0.474,3.36,3.19,0.89,-2.13,1.49,1.57,1.17,1.23,0,-0.48,neutral,neutral,0,-1.0,32,6486,0,
s23352,0GUSDT,1785744900000,train,-1,-2.29,0.457,2.78,2.49,0.84,-1.27,1.13,0.64,0.96,0.68,0,-1.02,neutral,neutral,0,-1.0,13,6488,1,
s23353,WLDUSDT,1785744900000,train,-1,-3.61,0.462,4.75,4.52,1.09,-2.59,1.8,1.33,0.95,0.79,1,-1.02,neutral,neutral,0,-1.0,28,6488,1,
s23354,INJUSDT,1785744900000,train,-1,-2.48,0.683,2.87,2.73,1.15,-1.47,1.29,0.87,0.72,0.8,0,-1.02,neutral,bajista,0,-0.53,32,6488,4,
s23355,SANDUSDT,1785744900000,testB,-1,-2.72,0.507,3.86,3.11,1.16,-1.7,1.29,1.57,1.17,1.23,0,-1.02,neutral,neutral,0,-1.0,31,6487,0,
s23356,0GUSDT,1785745800000,train,-1,-2.0,0.4,2.63,2.12,1.17,-1.14,0.9,0.64,0.96,0.68,0,-0.86,neutral,neutral,0,-1.0,12,6489,0,
s23357,WLDUSDT,1785745800000,train,-1,-3.59,0.462,4.77,4.09,0.95,-2.73,1.3,1.33,0.95,0.79,1,-0.86,neutral,neutral,0,-1.0,27,6489,0,
s23358,INJUSDT,1785745800000,train,-1,-2.39,0.652,2.87,2.67,0.83,-1.52,1.15,0.87,0.72,0.8,0,-0.86,neutral,neutral,0,-0.511,32,6489,0,
s23359,SANDUSDT,1785745800000,testB,-1,-2.36,0.413,3.8,2.64,1.34,-1.5,0.78,1.57,1.17,1.23,0,-0.86,neutral,neutral,0,-1.0,30,6488,0,
s23360,INJUSDT,1785746700000,train,-1,-2.25,0.592,2.85,2.48,0.76,-1.84,0.91,0.87,0.72,0.8,0,-0.4,neutral,neutral,0,-0.459,32,6490,0,
s23361,WLDUSDT,1785747600000,train,-1,-2.92,0.403,4.76,3.88,0.7,-2.47,1.02,1.32,0.98,0.78,1,-0.45,neutral,neutral,0,-1.0,25,6491,1,
s23362,INJUSDT,1785747600000,train,-1,-2.42,0.616,2.85,2.65,0.77,-1.98,0.97,0.88,0.73,0.81,0,-0.45,neutral,neutral,0,-0.531,32,6491,1,
s23363,PUMPUSDT,1785748500000,train,1,3.91,0.606,4.32,3.99,2.05,4.18,2.04,0.88,0.75,0.69,1,-0.27,neutral,neutral,0,0.529,32,6492,1,
s23364,WLDUSDT,1785748500000,train,-1,-2.74,0.38,4.75,3.82,0.57,-2.47,0.91,1.32,0.98,0.78,1,-0.27,neutral,neutral,0,-1.0,24,6492,0,
s23365,INJUSDT,1785748500000,train,-1,-2.17,0.553,2.85,2.52,0.59,-1.9,0.76,0.88,0.73,0.81,0,-0.27,neutral,neutral,0,-0.452,32,6492,0,
s23366,PUMPUSDT,1785749400000,train,1,3.7,0.594,4.51,3.76,3.04,3.89,2.2,0.88,0.75,0.69,1,-0.19,neutral,alcista,0,0.6,32,6493,2,
s23367,WLDUSDT,1785749400000,train,-1,-2.7,0.374,4.74,3.48,0.59,-2.51,0.42,1.32,0.98,0.78,1,-0.19,neutral,neutral,0,-1.0,23,6493,0,
s23368,ENAUSDT,1785749400000,train,1,2.79,0.381,3.29,3.05,1.58,2.98,1.42,1.61,1.44,1.47,0,-0.19,neutral,alcista,0,0.909,32,6493,2,
s23369,PUMPUSDT,1785750300000,train,1,3.09,0.552,4.21,3.7,4.18,3.08,2.27,0.88,0.75,0.69,1,0.01,neutral,alcista,0,1.025,32,6494,3,
s23370,WLDUSDT,1785750300000,train,-1,-2.94,0.423,4.73,3.35,0.35,-2.95,0.31,1.32,0.98,0.78,1,0.01,neutral,neutral,0,-1.0,22,6494,0,
s23371,ENAUSDT,1785750300000,train,1,2.64,0.369,3.5,3.37,1.26,2.63,1.55,1.61,1.44,1.47,0,0.01,neutral,alcista,0,0.776,32,6494,3,
s23372,PUMPUSDT,1785751200000,train,1,2.71,0.452,4.24,3.06,4.69,2.8,1.54,0.82,0.75,0.69,1,-0.09,neutral,neutral,0,1.446,32,6495,0,
s23373,WLDUSDT,1785751200000,train,-1,-2.48,0.382,4.06,2.74,0.37,-2.4,0.32,1.18,0.96,0.77,1,-0.09,neutral,neutral,0,-1.0,19,6495,1,
s23374,ENAUSDT,1785751200000,train,1,3.87,0.518,4.53,4.07,1.6,3.96,2.14,1.92,1.57,1.51,1,-0.09,neutral,alcista,0,0.561,32,6495,4,
s23375,APEUSDT,1785751200000,testB,-1,-2.04,0.659,2.39,2.08,0.97,-1.96,0.67,0.56,0.47,0.4,1,-0.09,neutral,neutral,0,-1.0,32,6494,1,
s23376,WLDUSDT,1785752100000,train,-1,-2.58,0.39,3.75,2.71,0.37,-2.5,0.59,1.18,0.96,0.77,1,-0.08,neutral,bajista,0,-1.0,14,6496,2,
s23377,ENAUSDT,1785752100000,train,1,3.05,0.367,4.34,3.0,1.64,3.13,1.2,1.92,1.57,1.51,1,-0.08,neutral,neutral,0,1.03,32,6496,0,
s23378,PUMPUSDT,1785753000000,train,1,2.56,0.398,3.87,2.59,1.48,2.44,1.04,0.82,0.75,0.69,1,0.12,neutral,neutral,1,2.0,30,6497,1,
s23379,ENAUSDT,1785753000000,train,1,3.14,0.375,4.14,3.07,1.71,3.03,1.26,1.92,1.57,1.51,1,0.12,neutral,neutral,0,0.892,32,6497,1,
s23380,STBLUSDT,1785757500000,train,-1,-2.68,0.736,3.86,3.57,0.41,-2.59,0.71,1.54,1.14,2.23,0,-0.09,neutral,neutral,0,0.207,32,6502,1,
s23381,STBLUSDT,1785758400000,train,-1,-2.33,0.707,4.04,3.91,0.59,-2.3,0.95,1.36,1.1,2.23,0,-0.03,neutral,bajista,0,0.074,32,6503,2,
s23382,STBLUSDT,1785759300000,train,-1,-2.6,0.867,4.03,3.7,0.69,-3.07,1.0,1.36,1.1,2.23,0,0.47,neutral,neutral,0,0.122,32,6504,0,
s23383,SANDUSDT,1785759300000,testB,1,2.02,0.664,2.22,2.19,0.67,1.55,1.0,1.5,1.41,1.27,1,0.47,neutral,alcista,0,0.587,32,6503,4,
s23384,STBLUSDT,1785760200000,train,-1,-2.28,0.704,2.99,2.38,0.74,-2.8,0.73,1.36,1.1,2.23,0,0.52,neutral,neutral,0,0.328,32,6505,0,
s23385,ENAUSDT,1785763800000,train,1,2.68,0.356,3.13,2.83,1.39,2.3,1.8,2.48,1.96,1.63,1,0.38,neutral,neutral,0,0.1,32,6509,1,
s23386,XPLUSDT,1785764700000,train,1,2.31,0.431,2.89,2.83,4.58,1.5,2.09,0.48,0.5,0.51,0,0.81,neutral,alcista,0,-0.028,32,6510,6,
s23387,WLDUSDT,1785764700000,train,1,2.32,0.474,3.08,2.99,3.92,1.5,2.26,0.72,0.99,0.79,0,0.81,neutral,alcista,0,0.516,32,6510,3,
s23388,ENAUSDT,1785764700000,train,1,2.8,0.366,4.5,3.22,2.16,1.98,2.08,2.48,1.96,1.63,1,0.81,neutral,alcista,0,-0.104,32,6510,2,
s23389,XPLUSDT,1785765600000,train,1,2.21,0.403,3.0,2.69,5,1.35,1.73,0.57,0.51,0.53,0,0.86,neutral,neutral,0,-0.208,32,6511,0,
s23390,WLDUSDT,1785765600000,train,1,2.13,0.418,3.15,2.74,4.21,1.27,1.8,0.85,1.1,0.85,0,0.86,neutral,neutral,0,0.494,32,6511,0,
s23391,ENAUSDT,1785765600000,train,1,3.27,0.405,4.6,4.35,2.39,2.42,2.96,2.68,2.12,1.69,1,0.86,neutral,alcista,0,-0.453,32,6511,3,
s23392,XPLUSDT,1785766500000,train,1,2.56,0.497,3.01,2.59,4.57,0.93,1.44,0.57,0.51,0.53,0,1.63,neutral,neutral,0,-0.196,32,6512,0,
s23393,WLDUSDT,1785766500000,train,1,2.42,0.503,3.15,2.74,4.45,0.79,1.58,0.85,1.1,0.85,0,1.63,neutral,neutral,0,0.575,32,6512,0,
s23394,ENAUSDT,1785766500000,train,1,3.69,0.476,4.62,3.91,2.5,2.06,2.16,2.68,2.12,1.69,1,1.63,neutral,neutral,0,-0.216,32,6512,0,
s23395,ONDOUSDT,1785766500000,train,1,2.16,0.506,2.64,2.41,2.88,0.53,1.31,0.68,0.75,0.74,0,1.63,neutral,neutral,0,-0.736,32,6511,1,
s23396,FETUSDT,1785766500000,train,1,2.3,0.667,2.38,2.38,2.69,0.66,1.48,0.64,0.68,0.56,0,1.63,neutral,neutral,0,0.529,32,6511,1,
s23397,STXUSDT,1785766500000,testB,1,2.5,0.654,2.8,2.8,3.65,0.87,1.74,0.5,0.4,0.69,0,1.63,neutral,alcista,0,-0.667,32,6511,6,
s23398,WLDUSDT,1785767400000,train,1,2.55,0.516,3.3,3.05,3.57,0.83,1.7,0.85,1.1,0.85,0,1.72,neutral,neutral,0,0.454,32,6513,1,
s23399,ENAUSDT,1785767400000,train,1,4.08,0.501,4.87,4.53,2.34,2.36,2.49,2.68,2.12,1.69,1,1.72,neutral,neutral,0,-0.339,32,6513,1,
s23400,WLDUSDT,1785768300000,train,1,3.2,0.623,3.73,3.45,2.79,1.26,1.92,0.85,1.1,0.85,0,1.94,neutral,alcista,0,0.336,32,6514,2,
s23401,ENAUSDT,1785768300000,train,1,3.32,0.372,4.81,3.43,1.38,1.38,1.21,2.68,2.12,1.69,1,1.94,neutral,neutral,0,-0.1,32,6514,0,
s23402,WLDUSDT,1785769200000,train,1,2.74,0.509,3.65,3.02,2.47,0.87,1.45,1.03,1.18,0.91,0,1.87,neutral,neutral,0,0.375,32,6515,0,
s23403,ENAUSDT,1785769200000,train,1,3.49,0.384,4.8,3.72,1.03,1.61,1.48,2.67,2.19,1.72,1,1.87,neutral,neutral,0,-0.184,32,6515,1,
s23404,STXUSDT,1785769200000,testB,1,2.06,0.483,2.82,2.02,3.11,0.19,0.7,0.53,0.39,0.7,0,1.87,neutral,neutral,0,-0.393,32,6514,0,
s23405,WLDUSDT,1785770100000,train,1,4.14,0.627,4.62,4.22,2.05,2.53,2.44,1.03,1.18,0.91,0,1.61,neutral,neutral,0,-0.022,32,6516,1,
s23406,WLDUSDT,1785771000000,train,1,3.83,0.61,4.93,4.22,1.82,2.11,2.23,1.03,1.18,0.91,0,1.73,neutral,neutral,0,0.022,32,6517,0,
s23407,XPLUSDT,1785771900000,train,1,2.11,0.476,2.78,2.08,0.64,0.31,0.67,0.61,0.53,0.53,0,1.8,neutral,alcista,0,0.591,32,6518,4,
s23408,WLDUSDT,1785771900000,train,1,4.26,0.667,5.02,4.46,1.42,2.46,2.23,1.03,1.18,0.91,0,1.8,neutral,neutral,0,0.069,32,6518,1,
s23409,WLDUSDT,1785772800000,train,1,3.94,0.587,5.04,4.07,1.52,1.95,1.65,1.14,1.17,0.89,0,1.99,neutral,neutral,0,0.244,32,6519,0,
s23410,TIAUSDT,1785772800000,train,1,2.93,0.66,3.49,2.93,3.09,0.94,1.92,2.13,1.47,1.13,1,1.99,neutral,neutral,0,-0.23,32,6519,1,
s23411,WLDUSDT,1785773700000,train,1,4.24,0.627,5.03,4.22,1.16,2.21,1.6,1.14,1.17,0.89,0,2.03,bull,neutral,0,0.309,32,6520,1,
s23412,TIAUSDT,1785773700000,train,1,3.29,0.686,3.51,3.36,2.93,1.26,2.08,2.13,1.47,1.13,1,2.03,bull,alcista,0,-0.409,32,6520,2,
s23413,PENDLEUSDT,1785773700000,train,1,2.12,0.525,2.21,2.13,0.86,0.09,0.98,0.81,0.74,0.84,0,2.03,bull,alcista,0,-0.803,32,6520,2,
s23414,WLDUSDT,1785774600000,train,1,4.17,0.623,5.02,4.34,0.78,2.56,1.58,1.14,1.17,0.89,0,1.6,neutral,alcista,0,0.064,32,6521,2,
s23415,TIAUSDT,1785774600000,train,1,2.8,0.585,3.51,3.13,3.02,1.19,1.69,2.13,1.47,1.13,1,1.6,neutral,neutral,0,-0.393,32,6521,0,
s23416,PUMPUSDT,1785775500000,train,1,3.79,0.405,4.76,4.48,1.3,2.08,2.96,0.94,0.89,0.77,1,1.7,neutral,alcista,0,-0.567,32,6522,3,
s23417,WLDUSDT,1785775500000,train,1,4.62,0.659,5.0,4.69,0.68,2.92,1.78,1.14,1.17,0.89,0,1.7,neutral,alcista,0,-0.099,32,6522,3,
s23418,TIAUSDT,1785775500000,train,1,2.98,0.623,3.51,3.22,3.2,1.28,1.62,2.13,1.47,1.13,1,1.7,neutral,neutral,0,-0.509,32,6522,1,
s23419,XPLUSDT,1785776400000,train,1,2.14,0.459,2.4,2.21,0.41,0.42,0.9,0.72,0.56,0.53,1,1.71,neutral,alcista,0,-0.194,32,6523,2,
s23420,PUMPUSDT,1785776400000,train,1,3.88,0.411,5.67,4.7,1.76,2.16,2.85,1.22,0.97,0.85,1,1.71,neutral,alcista,0,-0.618,32,6523,4,
s23421,WLDUSDT,1785776400000,train,1,4.53,0.636,4.98,4.37,0.57,2.82,1.4,1.27,1.21,0.91,1,1.71,neutral,neutral,0,-0.021,32,6523,0,
s23422,TIAUSDT,1785776400000,train,1,2.71,0.536,3.52,2.88,0.8,1.0,1.13,2.14,1.5,1.16,1,1.71,neutral,neutral,0,-0.51,32,6523,0,
s23423,XPLUSDT,1785777300000,train,1,2.12,0.457,2.7,2.41,0.66,0.44,0.97,0.72,0.56,0.53,1,1.68,neutral,alcista,0,-0.231,32,6524,3,
s23424,PUMPUSDT,1785777300000,train,1,3.23,0.37,5.66,4.79,1.85,1.55,2.65,1.22,0.97,0.85,1,1.68,neutral,alcista,0,-0.529,32,6524,5,
s23425,WLDUSDT,1785777300000,train,1,3.25,0.457,4.74,3.49,0.68,1.57,0.67,1.27,1.21,0.91,1,1.68,neutral,neutral,0,0.17,32,6524,0,
s23426,OPUSDT,1785777300000,train,1,2.2,0.543,2.83,2.49,0.72,0.52,0.91,1.1,0.98,0.91,1,1.68,neutral,neutral,0,0.227,32,6524,0,
s23427,TIAUSDT,1785777300000,train,1,2.22,0.468,3.53,2.79,0.62,0.54,0.91,2.14,1.5,1.16,1,1.68,neutral,neutral,0,-0.442,32,6524,0,
s23428,PENDLEUSDT,1785777300000,train,1,2.06,0.48,2.64,2.25,0.83,0.38,0.75,0.84,0.75,0.84,0,1.68,neutral,alcista,0,-1.0,30,6524,3,
s23429,PUMPUSDT,1785778200000,train,1,3.37,0.38,5.74,5.0,1.93,1.84,2.62,1.22,0.97,0.85,1,1.53,neutral,alcista,0,-0.422,32,6525,6,
s23430,WLDUSDT,1785778200000,train,1,2.29,0.375,3.7,2.55,0.64,0.76,0.7,1.27,1.21,0.91,1,1.53,neutral,neutral,0,0.634,32,6525,1,
s23431,TIAUSDT,1785778200000,train,1,2.25,0.472,3.08,2.38,0.45,0.73,0.86,2.14,1.5,1.16,1,1.53,neutral,neutral,0,-0.37,32,6525,0,
s23432,ARUSDT,1785778200000,testB,1,2.03,0.581,2.26,2.1,1.01,0.5,1.09,1.47,1.15,0.84,1,1.53,neutral,neutral,0,0.211,32,6524,1,
s23433,PUMPUSDT,1785779100000,train,1,4.92,0.473,6.99,6.72,1.68,4.04,4.03,1.22,0.97,0.85,1,0.88,neutral,alcista,0,-0.376,32,6526,7,
s23434,PUMPUSDT,1785780000000,train,1,5.62,0.573,7.35,6.68,1.23,4.62,3.5,1.5,1.13,0.9,1,1.0,neutral,neutral,0,-0.48,32,6527,0,
s23435,WLDUSDT,1785780000000,train,1,2.02,0.381,3.31,2.81,0.57,1.01,1.08,1.35,1.08,0.93,1,1.0,neutral,alcista,0,0.473,32,6527,3,
s23436,ARUSDT,1785780000000,testB,1,2.53,0.738,3.29,2.58,1.99,1.52,1.53,1.84,1.39,0.97,1,1.0,neutral,alcista,0,-0.085,32,6526,3,
s23437,PUMPUSDT,1785780900000,train,1,5.57,0.573,7.65,7.43,1.43,5.45,3.89,1.5,1.13,0.9,1,0.13,neutral,neutral,0,-0.59,32,6528,1,
s23438,WLDUSDT,1785780900000,train,1,2.15,0.395,2.87,2.5,0.4,2.02,0.96,1.35,1.08,0.93,1,0.13,neutral,alcista,0,0.765,32,6528,4,
s23439,ARUSDT,1785780900000,testB,1,2.18,0.684,3.23,2.47,2.09,2.06,1.33,1.84,1.39,0.97,1,0.13,neutral,neutral,0,-0.044,32,6527,0,
s23440,PUMPUSDT,1785781800000,train,1,5.62,0.575,8.36,7.55,1.58,5.51,3.59,1.5,1.13,0.9,1,0.1,neutral,alcista,0,-0.527,32,6529,2,
s23441,WLDUSDT,1785781800000,train,1,2.04,0.385,2.96,2.37,0.59,1.94,0.9,1.35,1.08,0.93,1,0.1,neutral,alcista,0,0.701,32,6529,5,
s23442,ARUSDT,1785781800000,testB,1,2.7,0.857,3.17,2.63,2.2,2.59,1.32,1.84,1.39,0.97,1,0.1,neutral,neutral,0,-0.104,32,6528,1,
s23443,PUMPUSDT,1785782700000,train,1,4.63,0.43,8.44,6.59,1.48,4.77,2.38,1.5,1.13,0.9,1,-0.14,neutral,neutral,0,-0.473,32,6530,0,
s23444,ARUSDT,1785782700000,testB,1,2.91,0.867,3.16,3.1,2.48,3.06,1.68,1.84,1.39,0.97,1,-0.14,neutral,alcista,0,-0.263,32,6529,2,
s23445,PUMPUSDT,1785783600000,train,1,5.19,0.502,8.46,6.38,1.53,5.03,1.82,1.57,1.18,0.93,1,0.16,neutral,neutral,0,-0.496,32,6531,0,
s23446,ARUSDT,1785783600000,testB,1,2.75,0.778,3.0,2.67,0.89,2.59,1.28,1.82,1.52,1.03,1,0.16,neutral,neutral,0,-0.265,32,6530,0,
s23447,PUMPUSDT,1785784500000,train,1,5.12,0.489,8.52,5.74,1.15,4.73,1.01,1.57,1.18,0.93,1,0.4,neutral,neutral,0,-0.333,32,6532,0,
s23448,ARUSDT,1785784500000,testB,1,2.41,0.683,2.95,2.46,0.88,2.01,1.05,1.82,1.52,1.03,1,0.4,neutral,neutral,0,-0.222,32,6531,0,
s23449,FETUSDT,1785785400000,train,1,2.26,0.516,2.56,2.49,3.2,2.0,1.74,1.23,0.94,0.73,1,0.27,neutral,alcista,0,0.222,32,6532,5,
s23450,FETUSDT,1785786300000,train,1,2.47,0.538,3.1,2.76,3.94,2.19,1.87,1.23,0.94,0.73,1,0.28,neutral,alcista,0,0.05,32,6533,6,
s23451,LDOUSDT,1785786300000,testB,1,2.08,0.396,2.22,2.19,1.89,1.8,1.28,0.93,0.74,0.67,1,0.28,neutral,neutral,0,-0.083,32,6533,1,
s23452,FETUSDT,1785787200000,train,1,2.69,0.576,3.1,2.89,2.0,2.54,1.82,1.29,0.96,0.79,1,0.15,neutral,alcista,0,0.0,32,6534,7,
s23453,ARUSDT,1785787200000,testB,1,2.18,0.506,2.79,2.24,0.98,2.03,0.75,2.05,1.69,1.12,1,0.15,neutral,neutral,0,-0.146,32,6534,1,
s23454,LDOUSDT,1785787200000,testB,1,2.85,0.474,3.23,2.99,2.51,2.71,2.08,0.9,0.79,0.69,1,0.15,neutral,alcista,0,-0.424,32,6534,2,
s23455,FETUSDT,1785788100000,train,1,2.53,0.562,3.29,3.22,1.73,2.45,1.93,1.29,0.96,0.79,1,0.08,neutral,alcista,0,-0.149,32,6535,8,
s23456,ARUSDT,1785788100000,testB,1,2.79,0.568,2.99,2.77,1.26,2.72,1.24,2.05,1.69,1.12,1,0.08,neutral,alcista,0,-0.333,32,6535,2,
s23457,LDOUSDT,1785788100000,testB,1,2.38,0.407,3.23,2.84,2.78,2.3,1.76,0.9,0.79,0.69,1,0.08,neutral,neutral,0,-0.404,32,6535,0,
s23458,FETUSDT,1785789000000,train,1,2.4,0.515,3.44,2.82,1.51,2.17,1.35,1.29,0.96,0.79,1,0.23,neutral,neutral,0,0.073,32,6536,0,
s23459,ARUSDT,1785789000000,testB,1,2.39,0.518,2.93,2.34,1.45,2.16,1.07,2.05,1.69,1.12,1,0.23,neutral,neutral,0,-0.279,32,6536,0,
s23460,LDOUSDT,1785789000000,testB,1,2.89,0.52,3.2,2.9,2.65,2.66,1.68,0.9,0.79,0.69,1,0.23,neutral,neutral,0,-0.354,32,6536,1,
s23461,FETUSDT,1785789900000,train,1,2.75,0.565,3.57,3.09,1.34,2.72,1.48,1.29,0.96,0.79,1,0.03,neutral,neutral,0,-0.067,32,6537,1,
s23462,ARUSDT,1785789900000,testB,1,2.16,0.494,2.66,2.12,1.2,2.14,1.03,2.05,1.69,1.12,1,0.03,neutral,neutral,0,-1.0,17,6537,1,
s23463,LDOUSDT,1785789900000,testB,1,2.79,0.511,3.2,2.98,2.0,2.76,1.58,0.9,0.79,0.69,1,0.03,neutral,alcista,0,-0.424,32,6537,2,
s23464,FETUSDT,1785790800000,train,1,2.04,0.387,3.59,2.56,0.97,2.24,0.77,1.21,0.98,0.8,1,-0.2,neutral,neutral,0,0.054,32,6538,0,
s23465,LDOUSDT,1785790800000,testB,1,2.26,0.399,3.21,2.63,0.98,2.46,1.05,0.84,0.82,0.7,1,-0.2,neutral,neutral,0,-0.402,32,6538,0,
s23466,FETUSDT,1785791700000,train,1,2.12,0.405,3.6,2.42,0.7,2.27,0.61,1.21,0.98,0.8,1,-0.15,neutral,neutral,0,0.029,32,6539,0,
s23467,FETUSDT,1785792600000,train,1,2.82,0.476,3.57,3.09,0.62,3.14,1.19,1.21,0.98,0.8,1,-0.32,neutral,neutral,0,-0.133,32,6540,1,
s23468,PUMPUSDT,1785793500000,train,-1,-3.11,0.457,5.4,4.98,0.7,-2.62,1.09,1.36,1.11,0.95,1,-0.49,neutral,neutral,0,-0.748,32,6542,1,
s23469,FETUSDT,1785793500000,train,1,2.33,0.363,3.59,2.62,0.36,2.82,0.62,1.21,0.98,0.8,1,-0.49,neutral,neutral,0,0.026,32,6541,0,
s23470,PUMPUSDT,1785794400000,train,-1,-4.51,0.549,7.04,6.57,0.88,-3.79,2.34,1.29,1.12,0.96,1,-0.72,neutral,bajista,0,-0.856,32,6543,2,
s23471,STBLUSDT,1785794400000,train,-1,-2.03,0.472,3.19,2.9,0.12,-1.3,0.59,1.86,1.38,1.28,1,-0.72,neutral,neutral,0,-0.071,32,6543,0,
s23472,FETUSDT,1785794400000,train,1,2.33,0.363,3.58,2.76,0.43,3.05,0.71,1.19,1.02,0.81,1,-0.72,neutral,neutral,0,0.025,32,6542,1,
s23473,PUMPUSDT,1785795300000,train,-1,-5.32,0.721,7.04,6.62,0.77,-4.83,2.19,1.29,1.12,0.96,1,-0.5,neutral,bajista,0,-0.786,32,6544,3,
s23474,STBLUSDT,1785795300000,train,-1,-2.66,0.66,3.36,3.11,0.16,-2.17,0.71,1.86,1.38,1.28,1,-0.5,neutral,neutral,0,-0.147,32,6544,1,
s23475,PUMPUSDT,1785796200000,train,-1,-5.14,0.68,6.22,5.46,0.81,-4.6,1.94,1.29,1.12,0.96,1,-0.54,neutral,neutral,0,-1.0,27,6545,0,
s23476,FETUSDT,1785796200000,train,1,2.4,0.362,3.45,2.48,0.52,2.94,0.5,1.19,1.02,0.81,1,-0.54,neutral,neutral,0,0.139,32,6544,1,
s23477,PUMPUSDT,1785797100000,train,-1,-4.11,0.619,5.18,4.38,1.0,-3.72,1.71,1.29,1.12,0.96,1,-0.39,neutral,neutral,0,-1.0,23,6546,0,
s23478,FETUSDT,1785797100000,train,1,2.47,0.368,3.17,2.41,0.52,2.86,0.62,1.19,1.02,0.81,1,-0.39,neutral,alcista,0,0.057,32,6545,2,
s23479,PUMPUSDT,1785798000000,train,-1,-3.98,0.611,5.0,4.29,0.48,-3.39,1.75,1.05,1.14,0.96,0,-0.59,neutral,neutral,0,-1.0,22,6547,1,
s23480,PUMPUSDT,1785798900000,train,-1,-2.87,0.453,4.55,3.38,0.55,-2.27,1.18,1.05,1.14,0.96,0,-0.6,neutral,neutral,0,-1.0,20,6548,0,
s23481,PUMPUSDT,1785800700000,train,-1,-2.25,0.426,3.61,2.39,0.78,-1.71,0.77,1.05,1.14,0.96,0,-0.53,neutral,neutral,0,-1.0,16,6550,0,
s23482,PUMPUSDT,1785801600000,train,-1,-2.12,0.411,3.53,2.73,1.01,-1.46,0.98,0.78,1.15,0.96,0,-0.66,neutral,neutral,0,-1.0,14,6551,1,
s23483,PUMPUSDT,1785802500000,train,-1,-2.45,0.445,3.03,2.7,0.96,-1.67,1.19,0.78,1.15,0.96,0,-0.77,neutral,bajista,0,-1.0,7,6552,2,
s23484,PUMPUSDT,1785804300000,train,-1,-2.45,0.445,3.17,2.7,0.92,-1.79,1.09,0.78,1.15,0.96,0,-0.66,neutral,neutral,0,-1.0,4,6554,1,
s23485,WLDUSDT,1785809700000,train,1,2.48,0.351,3.21,2.67,3.71,2.23,1.57,0.88,0.92,1.01,0,0.26,neutral,neutral,0,-1.0,18,6560,1,
s23486,OPUSDT,1785809700000,train,1,2.52,0.5,3.02,2.91,1.38,2.27,1.22,0.84,0.79,0.84,0,0.26,neutral,neutral,0,-0.308,32,6560,1,
s23487,ARBUSDT,1785810600000,train,1,2.18,0.438,2.6,2.49,2.36,1.56,1.26,0.81,1.06,0.97,0,0.62,neutral,alcista,0,-0.828,32,6561,7,
s23488,OPUSDT,1785810600000,train,1,2.88,0.61,3.13,2.91,1.21,2.26,1.13,0.84,0.79,0.84,0,0.62,neutral,alcista,0,-0.231,32,6561,2,
s23489,OPUSDT,1785811500000,train,1,2.18,0.463,2.81,2.24,1.07,1.84,0.75,0.84,0.79,0.84,0,0.34,neutral,neutral,0,-0.05,32,6562,0,
s23490,PUMPUSDT,1785816900000,train,1,4.3,0.497,4.76,4.72,1.17,3.7,2.39,0.76,1.04,0.98,0,0.6,neutral,neutral,0,0.308,32,6568,1,
s23491,STBLUSDT,1785816900000,train,1,2.72,0.586,3.01,2.69,1.67,2.11,1.62,0.56,1.22,1.24,0,0.6,neutral,neutral,0,-1.0,20,6568,1,
s23492,PUMPUSDT,1785817800000,train,1,4.48,0.508,5.01,4.79,1.72,3.43,2.54,0.76,1.04,0.98,0,1.05,neutral,alcista,0,0.189,32,6569,2,
s23493,PUMPUSDT,1785818700000,train,1,4.78,0.558,5.74,4.7,2.29,3.73,2.26,0.76,1.04,0.98,0,1.05,neutral,neutral,0,0.24,32,6570,0,
s23494,0GUSDT,1785818700000,train,1,2.69,0.552,2.91,2.84,0.93,1.64,1.07,0.46,0.36,0.48,0,1.05,neutral,neutral,0,-0.1,32,6570,1,
s23495,PUMPUSDT,1785819600000,train,1,5.08,0.591,5.73,4.83,2.34,4.5,2.23,0.85,0.96,0.98,0,0.57,neutral,neutral,0,0.084,32,6571,1,
s23496,0GUSDT,1785819600000,train,1,2.92,0.588,3.33,2.97,1.2,2.34,1.11,0.54,0.41,0.49,0,0.57,neutral,alcista,0,-0.286,32,6571,2,
s23497,PUMPUSDT,1785820500000,train,1,5.48,0.611,5.46,5.24,2.27,5.02,2.77,0.85,0.96,0.98,0,0.46,neutral,alcista,0,0.009,32,6572,2,
s23498,0GUSDT,1785820500000,train,1,2.99,0.594,3.54,2.97,1.34,2.53,1.11,0.54,0.41,0.49,0,0.46,neutral,alcista,0,-0.333,32,6572,3,
s23499,PUMPUSDT,1785821400000,train,1,5.16,0.598,5.04,5.04,1.53,5.09,2.88,0.85,0.96,0.98,0,0.07,neutral,alcista,0,0.018,32,6573,3,
s23500,0GUSDT,1785821400000,train,1,2.3,0.533,2.88,2.46,1.91,2.24,1.63,0.54,0.41,0.49,0,0.07,neutral,alcista,0,-0.6,32,6573,4,
s23501,PUMPUSDT,1785822300000,train,1,3.1,0.401,4.89,4.17,1.3,3.15,2.08,0.85,0.96,0.98,0,-0.05,neutral,neutral,0,0.032,32,6574,0,
s23502,PUMPUSDT,1785823200000,train,1,4.19,0.57,5.01,4.47,1.51,4.14,2.11,0.92,0.86,1.01,0,0.06,neutral,neutral,0,0.14,32,6575,1,
s23503,PUMPUSDT,1785824100000,train,1,4.16,0.56,5.03,4.04,1.29,4.06,1.4,0.92,0.86,1.01,0,0.11,neutral,neutral,0,0.3,32,6576,0,
s23504,PUMPUSDT,1785825000000,train,1,3.68,0.53,4.94,4.04,1.41,3.98,1.16,0.92,0.86,1.01,0,-0.31,neutral,neutral,0,0.478,32,6577,1,
s23505,PUMPUSDT,1785825900000,train,1,4.19,0.584,4.92,4.38,1.19,4.43,1.48,0.92,0.86,1.01,0,-0.23,neutral,alcista,0,0.286,32,6578,2,
s23506,WLDUSDT,1785825900000,train,-1,-2.46,0.453,3.3,3.02,1.2,-2.22,1.55,1.27,0.9,0.99,0,-0.23,neutral,bajista,0,-1.0,16,6578,6,
s23507,PUMPUSDT,1785826800000,train,1,4.35,0.616,4.93,4.25,0.97,4.48,1.27,1.13,0.92,1.07,0,-0.14,neutral,neutral,0,0.463,32,6579,0,
s23508,WLDUSDT,1785826800000,train,-1,-2.25,0.43,3.3,3.18,1.22,-2.12,1.64,1.17,0.94,0.94,1,-0.14,neutral,bajista,0,-1.0,15,6579,7,
s23509,ONDOUSDT,1785826800000,train,-1,-2.09,0.448,2.71,2.58,2.29,-1.96,1.56,0.64,0.55,0.59,0,-0.14,neutral,neutral,0,-1.0,18,6578,1,
s23510,PUMPUSDT,1785827700000,train,1,3.16,0.453,4.32,3.11,1.47,3.37,0.58,1.13,0.92,1.07,0,-0.21,neutral,neutral,0,0.464,32,6580,0,
s23511,PUMPUSDT,1785828600000,train,1,2.76,0.423,3.58,2.91,1.18,3.02,1.04,1.13,0.92,1.07,0,-0.26,neutral,neutral,0,0.523,32,6581,1,
s23512,WLDUSDT,1785828600000,train,-1,-2.28,0.429,4.07,2.92,1.32,-2.02,1.14,1.17,0.94,0.94,1,-0.26,neutral,neutral,0,-1.0,13,6581,1,
s23513,PUMPUSDT,1785829500000,train,1,3.39,0.474,4.52,3.81,1.67,3.55,2.03,1.13,0.92,1.07,0,-0.16,neutral,alcista,0,-0.012,32,6582,2,
s23514,WLDUSDT,1785829500000,train,-1,-2.07,0.405,4.07,2.98,0.88,-1.91,1.04,1.17,0.94,0.94,1,-0.16,neutral,bajista,0,-1.0,12,6582,2,
s23515,WLDUSDT,1785830400000,train,-1,-2.04,0.401,4.08,3.14,0.82,-1.81,1.07,1.03,0.94,0.9,1,-0.24,neutral,bajista,0,-1.0,11,6583,3,
s23516,WLDUSDT,1785831300000,train,-1,-2.64,0.584,3.77,2.87,0.41,-2.32,1.05,1.03,0.94,0.9,1,-0.32,neutral,bajista,0,-1.0,10,6584,4,
s23517,WLDUSDT,1785832200000,train,-1,-2.19,0.5,3.76,2.71,0.42,-1.51,0.77,1.03,0.94,0.9,1,-0.68,neutral,neutral,0,-1.0,9,6585,0,
s23518,LDOUSDT,1785832200000,testB,-1,-2.23,0.395,4.18,3.99,1.31,-1.55,1.48,1.09,0.87,0.83,1,-0.68,neutral,bajista,1,2.0,18,6584,3,
s23519,LDOUSDT,1785833100000,testB,-1,-2.75,0.446,5.56,4.71,2.54,-2.05,1.93,1.09,0.87,0.83,1,-0.69,neutral,bajista,1,2.0,22,6585,4,
s23520,LDOUSDT,1785834000000,testB,-1,-2.75,0.446,5.57,4.87,2.53,-2.32,1.88,1.21,0.91,0.87,1,-0.43,neutral,bajista,1,2.0,21,6586,5,
s23521,LDOUSDT,1785834900000,testB,-1,-3.05,0.51,5.57,4.94,2.65,-2.68,1.79,1.21,0.91,0.87,1,-0.37,neutral,bajista,1,2.0,20,6587,6,
s23522,0GUSDT,1785835800000,train,1,2.18,0.356,3.37,3.17,2.58,2.63,2.36,0.82,0.62,0.54,1,-0.45,neutral,alcista,0,-1.0,12,6589,3,
s23523,LDOUSDT,1785835800000,testB,-1,-3.88,0.736,5.57,5.04,2.01,-3.43,1.69,1.21,0.91,0.87,1,-0.45,neutral,bajista,1,2.0,20,6588,7,
s23524,LDOUSDT,1785836700000,testB,-1,-4.28,0.887,5.35,4.75,0.76,-3.95,1.45,1.21,0.91,0.87,1,-0.33,neutral,neutral,1,2.0,18,6589,0,
s23525,ENAUSDT,1785837600000,train,-1,-2.57,0.561,3.02,2.9,0.69,-2.12,1.1,1.13,1.08,1.42,0,-0.45,neutral,neutral,0,-0.66,32,6591,1,
s23526,LDOUSDT,1785837600000,testB,-1,-3.99,0.88,5.1,4.57,0.53,-3.54,1.4,2.44,1.5,1.16,1,-0.45,neutral,neutral,1,2.0,17,6590,1,
s23527,STBLUSDT,1785838500000,train,1,3.3,0.388,5.44,5.0,4.72,3.76,2.74,2.12,1.32,1.36,0,-0.45,neutral,alcista,0,-0.688,32,6592,4,
s23528,LDOUSDT,1785839400000,testB,-1,-7.25,0.929,8.45,7.79,4.05,-7.21,5.08,2.44,1.5,1.16,1,-0.05,neutral,bajista,0,0.869,32,6592,3,
s23529,LDOUSDT,1785843000000,testB,-1,-6.92,0.868,8.8,7.9,1.13,-7.25,3.6,2.85,1.76,1.28,1,0.33,neutral,neutral,0,0.803,32,6596,0,
s23530,LDOUSDT,1785843900000,testB,-1,-6.62,0.799,8.77,7.55,0.9,-6.98,2.88,2.85,1.76,1.28,1,0.37,neutral,neutral,0,0.974,32,6597,0,
s23531,LDOUSDT,1785844800000,testB,-1,-7.33,0.814,8.35,7.98,0.6,-7.58,3.4,3.1,1.9,1.37,1,0.25,neutral,neutral,0,0.808,32,6598,1,
s23532,LDOUSDT,1785845700000,testB,-1,-7.22,0.812,8.09,7.82,0.53,-7.56,3.16,3.1,1.9,1.37,1,0.33,neutral,bajista,0,0.868,32,6599,2,
s23533,LDOUSDT,1785846600000,testB,-1,-7.17,0.81,8.03,7.73,0.6,-7.69,3.31,3.1,1.9,1.37,1,0.52,neutral,bajista,0,0.757,32,6600,3,
s23534,LDOUSDT,1785847500000,testB,-1,-6.84,0.801,7.79,7.38,0.61,-7.34,3.29,3.1,1.9,1.37,1,0.5,neutral,bajista,0,0.799,32,6601,4,
s23535,LDOUSDT,1785848400000,testB,-1,-6.16,0.69,8.14,6.77,0.9,-6.76,2.45,3.43,2.12,1.47,1,0.6,neutral,neutral,0,1.005,32,6602,0,
s23536,0GUSDT,1785849300000,train,-1,-2.57,0.352,4.36,4.07,0.62,-3.06,1.24,1.11,0.82,0.61,1,0.48,neutral,neutral,0,-0.105,32,6604,0,
s23537,LDOUSDT,1785849300000,testB,-1,-5.76,0.625,8.11,6.38,1.04,-6.24,1.81,3.43,2.12,1.47,1,0.48,neutral,neutral,0,1.11,32,6603,0,
s23538,0GUSDT,1785850200000,train,-1,-3.58,0.578,4.35,4.0,0.59,-4.29,1.05,1.11,0.82,0.61,1,0.72,neutral,neutral,0,-0.071,32,6605,0,
s23539,LDOUSDT,1785850200000,testB,-1,-5.64,0.615,7.98,6.21,0.84,-6.35,1.52,3.43,2.12,1.47,1,0.72,neutral,neutral,0,1.156,32,6604,0,
s23540,0GUSDT,1785851100000,train,-1,-2.23,0.444,4.35,3.92,0.6,-2.37,0.91,1.11,0.82,0.61,1,0.14,neutral,neutral,0,-0.036,32,6606,0,
s23541,LDOUSDT,1785851100000,testB,-1,-5.95,0.636,7.9,6.39,0.76,-6.09,1.59,3.43,2.12,1.47,1,0.14,neutral,neutral,0,1.105,32,6605,1,
s23542,0GUSDT,1785852000000,train,-1,-3.31,0.8,4.43,4.07,0.6,-3.78,1.18,1.16,0.86,0.62,1,0.46,neutral,neutral,0,-0.053,32,6607,1,
s23543,LDOUSDT,1785852000000,testB,-1,-5.64,0.591,7.84,6.07,0.63,-6.1,1.2,6.96,4.04,2.36,1,0.46,neutral,neutral,0,1.06,32,6606,0,
s23544,STBLUSDT,1785852900000,train,-1,-3.12,0.929,3.71,3.63,0.54,-3.78,0.6,2.26,1.55,1.42,1,0.66,neutral,bajista,0,0.193,32,6608,2,
s23545,0GUSDT,1785852900000,train,-1,-3.45,0.833,4.65,4.15,0.75,-4.11,1.29,1.16,0.86,0.62,1,0.66,neutral,bajista,0,-0.052,32,6608,2,
s23546,LDOUSDT,1785852900000,testB,-1,-5.78,0.587,6.76,6.41,1.58,-6.44,4.85,6.96,4.04,2.36,1,0.66,neutral,neutral,0,0.326,32,6607,1,
s23547,0GUSDT,1785853800000,train,-1,-2.64,0.655,3.99,3.13,0.77,-3.35,0.67,1.16,0.86,0.62,1,0.71,neutral,neutral,0,0.045,32,6609,0,
s23548,LDOUSDT,1785853800000,testB,-1,-6.86,0.627,9.78,7.83,4.33,-7.58,5.88,6.96,4.04,2.36,1,0.71,neutral,bajista,0,0.05,32,6608,2,
s23549,0GUSDT,1785854700000,train,-1,-2.36,0.586,3.91,2.92,0.79,-2.92,0.61,1.16,0.86,0.62,1,0.56,neutral,neutral,0,-0.488,32,6610,0,
s23550,LDOUSDT,1785861900000,testB,-1,-5.7,0.46,9.97,7.33,0.32,-5.78,2.89,7.03,4.76,2.66,1,0.08,neutral,bajista,0,0.166,32,6617,5,
s23551,LDOUSDT,1785865500000,testB,-1,-6.19,0.473,9.95,7.14,0.28,-6.62,1.97,6.74,4.94,2.75,1,0.43,neutral,bajista,0,0.215,32,6621,3,
s23552,FETUSDT,1785867300000,train,1,2.43,0.479,2.91,2.71,2.75,1.69,1.76,1.57,1.1,1.08,1,0.73,neutral,alcista,0,-0.025,32,6623,2,
s23553,PUMPUSDT,1785870000000,train,1,4.0,0.374,6.55,6.17,3.09,3.56,3.77,2.03,1.4,1.16,1,0.43,neutral,alcista,0,0.432,32,6627,5,
s23554,FETUSDT,1785870000000,train,1,2.35,0.362,2.91,2.77,5,1.92,1.57,1.85,1.25,1.07,1,0.43,neutral,alcista,0,-0.098,32,6626,2,
s23555,PUMPUSDT,1785870900000,train,1,4.79,0.478,6.57,5.89,2.01,4.28,3.01,2.03,1.4,1.16,1,0.51,neutral,neutral,0,0.36,32,6628,0,
s23556,ONDOUSDT,1785870900000,train,1,2.04,0.424,2.96,2.56,1.48,1.53,0.92,0.92,0.78,0.65,1,0.51,neutral,neutral,0,0.167,32,6627,0,
s23557,PUMPUSDT,1785871800000,train,1,5.34,0.506,9.09,6.95,3.11,4.95,3.82,2.03,1.4,1.16,1,0.39,neutral,neutral,0,0.259,32,6629,1,
s23558,PUMPUSDT,1785872700000,train,1,6.29,0.587,9.04,7.42,2.48,6.12,3.83,2.03,1.4,1.16,1,0.17,neutral,alcista,0,0.101,32,6630,2,
s23559,FETUSDT,1785874500000,train,1,2.29,0.379,2.78,2.44,0.64,2.14,0.84,1.86,1.3,1.05,1,0.14,neutral,neutral,0,0.167,32,6631,1,
s23560,ONDOUSDT,1785875400000,train,1,3.19,0.52,3.6,3.39,1.13,2.5,1.56,0.91,0.84,0.68,1,0.7,neutral,neutral,0,-0.102,32,6632,1,
s23561,FETUSDT,1785875400000,train,1,2.77,0.435,3.04,2.83,0.63,2.08,1.08,1.86,1.3,1.05,1,0.7,neutral,alcista,0,0.048,32,6632,2,
s23562,WLDUSDT,1785876300000,train,1,2.23,0.436,2.95,2.28,0.71,1.63,0.7,1.03,1.37,1.13,0,0.61,neutral,alcista,0,-1.0,14,6634,2,
s23563,ONDOUSDT,1785876300000,train,1,3.0,0.478,3.29,2.92,1.26,2.4,1.31,0.91,0.84,0.68,1,0.61,neutral,neutral,0,-0.082,32,6633,0,
s23564,STBLUSDT,1785888000000,train,-1,-2.97,0.667,3.58,3.24,5,-2.75,2.13,0.68,0.6,1.02,0,-0.22,neutral,bajista,0,-1.0,21,6647,2,
s23565,PUMPUSDT,1785889800000,train,-1,-4.07,0.455,6.49,6.28,0.57,-3.58,1.32,2.82,2.16,1.54,1,-0.49,neutral,bajista,0,-0.675,32,6649,2,
s23566,JUPUSDT,1785889800000,train,-1,-2.3,0.88,2.57,2.35,2.68,-1.8,1.2,0.64,1.04,0.81,0,-0.49,neutral,neutral,0,-0.091,32,6649,1,
s23567,PUMPUSDT,1785890700000,train,-1,-4.92,0.569,6.93,6.39,0.75,-4.38,1.93,2.82,2.16,1.54,1,-0.54,neutral,bajista,0,-0.66,32,6650,3,
s23568,WLDUSDT,1785890700000,train,-1,-2.19,0.568,2.71,2.33,1.87,-1.65,0.85,0.48,1.06,1.14,0,-0.54,neutral,neutral,0,-1.0,17,6650,0,
s23569,JUPUSDT,1785890700000,train,-1,-2.25,0.878,2.51,2.35,3.02,-1.71,1.17,0.64,1.04,0.81,0,-0.54,neutral,bajista,0,-0.114,32,6650,2,
s23570,PUMPUSDT,1785891600000,train,-1,-4.32,0.535,6.94,6.61,0.58,-3.99,1.87,2.4,2.21,1.57,1,-0.33,neutral,bajista,0,-0.703,32,6651,4,
s23571,PUMPUSDT,1785892500000,train,-1,-4.37,0.55,6.06,4.98,0.7,-4.15,1.27,2.4,2.21,1.57,1,-0.22,neutral,neutral,0,-1.0,26,6652,0,
s23572,JUPUSDT,1785892500000,train,-1,-2.04,0.83,2.41,2.14,2.09,-1.82,0.95,0.73,0.99,0.83,0,-0.22,neutral,neutral,0,-0.15,32,6652,1,
s23573,PUMPUSDT,1785893400000,train,-1,-3.13,0.438,5.18,3.9,0.88,-3.03,1.04,2.4,2.21,1.57,1,-0.11,neutral,neutral,0,-1.0,25,6653,0,
s23574,PUMPUSDT,1785894300000,train,-1,-2.51,0.383,4.65,3.61,0.85,-2.73,1.05,2.4,2.21,1.57,1,0.22,neutral,neutral,0,-1.0,24,6654,1,
s23575,PENDLEUSDT,1785895200000,train,1,2.43,0.447,3.19,3.19,2.01,2.07,2.03,1.07,0.92,0.77,1,0.37,neutral,alcista,0,0.063,32,6655,3,
s23576,PENDLEUSDT,1785896100000,train,1,2.49,0.453,3.83,3.55,2.96,2.25,2.13,1.07,0.92,0.77,1,0.24,neutral,alcista,0,-0.022,32,6656,4,
s23577,AXSUSDT,1785896100000,testB,1,2.55,0.6,2.96,2.84,5,2.31,1.97,1.1,0.76,0.6,1,0.24,neutral,neutral,0,0.125,32,6655,1,
s23578,PENDLEUSDT,1785897000000,train,1,2.56,0.461,3.85,3.82,2.31,2.21,2.2,1.07,0.92,0.77,1,0.35,neutral,alcista,0,-0.107,32,6657,5,
s23579,AXSUSDT,1785897000000,testB,1,2.18,0.5,2.97,2.61,5,1.84,1.58,1.1,0.76,0.6,1,0.35,neutral,neutral,0,0.182,32,6656,0,
s23580,PENDLEUSDT,1785897900000,train,1,2.08,0.381,3.86,3.63,2.27,1.92,1.83,1.07,0.92,0.77,1,0.16,neutral,neutral,0,-0.052,32,6658,0,
s23581,ENAUSDT,1785899700000,train,-1,-2.48,0.501,3.42,2.95,5,-2.3,1.86,1.12,0.9,0.99,0,-0.18,neutral,bajista,0,-0.511,32,6660,2,
s23582,AXSUSDT,1785899700000,testB,1,2.55,0.512,3.31,3.07,1.36,2.73,1.59,1.69,1.02,0.74,1,-0.18,neutral,alcista,0,0.385,32,6659,2,
s23583,ENAUSDT,1785900600000,train,-1,-2.89,0.572,3.43,3.23,5,-2.77,1.93,1.12,0.9,0.99,0,-0.12,neutral,bajista,0,-0.617,32,6661,3,
s23584,AXSUSDT,1785900600000,testB,1,2.31,0.442,3.32,2.73,2.04,2.43,1.08,1.69,1.02,0.74,1,-0.12,neutral,neutral,0,0.391,32,6660,0,
s23585,ENAUSDT,1785901500000,train,-1,-2.47,0.498,3.5,3.05,5,-2.58,1.7,1.12,0.9,0.99,0,0.11,neutral,neutral,0,-0.607,32,6662,0,
s23586,PENDLEUSDT,1785901500000,train,1,2.14,0.351,4.13,2.96,0.81,2.03,0.65,1.18,0.89,0.8,1,0.11,neutral,alcista,0,0.039,32,6662,2,
s23587,AXSUSDT,1785901500000,testB,1,3.05,0.581,3.31,3.07,2.14,2.94,1.28,1.69,1.02,0.74,1,0.11,neutral,neutral,0,0.154,32,6661,1,
s23588,STBLUSDT,1785902400000,train,1,2.38,0.459,3.04,2.41,0.18,2.24,0.3,0.76,0.49,0.99,0,0.14,neutral,neutral,0,-0.034,32,6663,1,
s23589,ENAUSDT,1785902400000,train,-1,-2.06,0.401,3.49,2.75,3.4,-2.2,1.22,1.16,0.89,0.96,0,0.14,neutral,neutral,0,-0.56,32,6663,0,
s23590,PENDLEUSDT,1785902400000,train,1,2.33,0.392,4.13,2.96,0.62,2.18,0.64,1.23,0.89,0.81,1,0.14,neutral,neutral,0,0.061,32,6663,0,
s23591,AXSUSDT,1785902400000,testB,1,2.93,0.545,3.32,2.84,2.24,2.79,0.97,2.0,1.13,0.82,1,0.14,neutral,neutral,0,0.167,32,6662,0,
s23592,PENDLEUSDT,1785903300000,train,1,2.31,0.388,4.13,2.94,0.49,2.17,0.58,1.23,0.89,0.81,1,0.14,neutral,neutral,0,0.242,32,6664,0,
s23593,AXSUSDT,1785903300000,testB,1,2.55,0.488,3.2,2.61,1.72,2.41,0.79,2.0,1.13,0.82,1,0.14,neutral,neutral,0,0.364,32,6663,0,
s23594,AXSUSDT,1785904200000,testB,1,2.67,0.5,3.08,2.72,0.74,2.51,0.98,2.0,1.13,0.82,1,0.17,neutral,neutral,0,0.261,32,6664,1,
s23595,PENDLEUSDT,1785905100000,train,1,2.33,0.371,4.15,2.52,0.49,2.06,0.19,1.23,0.89,0.81,1,0.27,neutral,neutral,0,0.162,32,6666,1,
s23596,AXSUSDT,1785905100000,testB,1,3.04,0.532,3.42,3.07,0.77,2.77,1.22,2.0,1.13,0.82,1,0.27,neutral,alcista,0,0.115,32,6665,2,
s23597,LDOUSDT,1785906000000,testB,1,2.6,0.456,3.56,3.31,0.74,2.13,1.52,2.0,1.74,3.51,0,0.47,neutral,alcista,0,1.394,32,6666,2,
s23598,AXSUSDT,1785906000000,testB,1,3.16,0.542,3.42,3.18,0.61,2.69,1.18,2.3,1.23,0.87,1,0.47,neutral,alcista,0,0.037,32,6666,3,
s23599,PENDLEUSDT,1785906900000,train,1,2.47,0.389,3.32,2.46,0.49,1.97,0.84,1.32,0.91,0.83,1,0.5,neutral,alcista,0,-0.318,32,6668,3,
s23600,ONDOUSDT,1785906900000,train,1,2.15,0.476,2.42,2.13,0.62,1.65,1.04,0.73,0.72,0.74,0,0.5,neutral,alcista,0,0.086,32,6667,2,
s23601,LDOUSDT,1785906900000,testB,1,3.03,0.494,4.45,3.72,1.39,2.53,1.79,2.0,1.74,3.51,0,0.5,neutral,alcista,0,1.104,32,6667,3,
s23602,AXSUSDT,1785906900000,testB,1,2.91,0.5,3.18,2.83,0.66,2.41,0.94,2.3,1.23,0.87,1,0.5,neutral,neutral,0,0.0,32,6667,0,
s23603,PENDLEUSDT,1785907800000,train,1,2.19,0.362,2.91,2.17,0.47,1.91,0.9,1.32,0.91,0.83,1,0.28,neutral,alcista,0,-0.407,32,6669,4,
s23604,ONDOUSDT,1785907800000,train,1,2.54,0.519,2.56,2.45,1.03,2.26,1.66,0.73,0.72,0.74,0,0.28,neutral,alcista,0,-0.34,32,6668,3,
s23605,FETUSDT,1785907800000,train,1,2.11,0.564,2.8,2.46,1.66,1.83,1.44,0.71,1.28,1.04,0,0.28,neutral,alcista,0,-0.189,32,6668,3,
s23606,LDOUSDT,1785907800000,testB,1,3.73,0.569,4.57,4.22,1.68,3.44,2.15,2.0,1.74,3.51,0,0.28,neutral,alcista,0,0.942,32,6668,4,
s23607,ENAUSDT,1785908700000,train,-1,-2.02,0.413,3.1,2.23,0.34,-2.02,0.67,1.13,0.88,0.93,0,0.0,neutral,bajista,0,-0.619,32,6670,2,
s23608,PENDLEUSDT,1785908700000,train,1,2.08,0.351,2.22,2.03,0.68,2.07,1.24,1.32,0.91,0.83,1,0.0,neutral,alcista,0,-1.0,31,6670,5,
s23609,ONDOUSDT,1785908700000,train,1,2.23,0.488,2.44,2.29,1.6,2.23,1.87,0.73,0.72,0.74,0,0.0,neutral,alcista,0,-0.432,32,6669,4,
s23610,FETUSDT,1785908700000,train,1,2.71,0.625,3.63,3.36,2.22,2.71,2.1,0.71,1.28,1.04,0,0.0,neutral,alcista,0,-0.392,32,6669,4,
s23611,LDOUSDT,1785908700000,testB,1,4.28,0.628,4.73,4.59,1.99,4.27,2.27,2.0,1.74,3.51,0,0.0,neutral,alcista,0,0.879,32,6669,5,
s23612,ENAUSDT,1785909600000,train,-1,-2.12,0.425,2.86,2.17,0.43,-1.89,0.87,1.15,0.86,0.91,0,-0.23,neutral,bajista,0,-1.0,25,6671,3,
s23613,ONDOUSDT,1785909600000,train,1,2.07,0.47,2.86,2.44,2.04,2.29,1.8,0.77,0.72,0.76,0,-0.23,neutral,alcista,0,-0.372,32,6670,5,
s23614,FETUSDT,1785909600000,train,1,2.78,0.631,3.95,3.49,2.57,3.0,1.99,0.9,1.02,1.07,0,-0.23,neutral,alcista,0,-0.358,32,6670,5,
s23615,LDOUSDT,1785909600000,testB,1,3.18,0.415,4.52,3.44,1.76,3.41,1.19,2.08,1.79,3.59,0,-0.23,neutral,neutral,0,1.306,32,6670,0,
s23616,FETUSDT,1785910500000,train,1,3.11,0.657,4.2,3.81,2.81,3.28,2.1,0.9,1.02,1.07,0,-0.16,neutral,alcista,0,-0.517,32,6671,6,
s23617,LDOUSDT,1785910500000,testB,1,3.8,0.461,3.97,3.87,1.25,3.96,2.56,2.08,1.79,3.59,0,-0.16,neutral,neutral,0,0.652,32,6671,1,
s23618,FETUSDT,1785911400000,train,1,4.13,0.735,4.68,4.68,2.52,4.36,2.7,0.9,1.02,1.07,0,-0.23,neutral,alcista,0,-0.653,32,6672,7,
s23619,LDOUSDT,1785911400000,testB,1,2.74,0.355,4.26,3.5,1.25,2.96,2.08,2.08,1.79,3.59,0,-0.23,neutral,neutral,0,0.921,32,6672,0,
s23620,FETUSDT,1785912300000,train,1,3.18,0.505,4.72,3.93,2.05,3.36,1.7,0.9,1.02,1.07,0,-0.18,neutral,neutral,0,-0.6,32,6673,0,
s23621,FETUSDT,1785913200000,train,1,3.32,0.538,4.72,3.87,1.82,3.59,1.48,1.02,0.89,1.08,0,-0.27,neutral,neutral,0,-0.61,32,6674,0,
s23622,FETUSDT,1785914100000,train,1,3.48,0.573,4.61,3.36,1.41,3.44,0.98,1.02,0.89,1.08,0,0.03,neutral,neutral,0,-0.549,32,6675,0,
s23623,LDOUSDT,1785914100000,testB,1,5.11,0.54,5.88,5.23,2.07,5.08,3.0,2.73,2.09,3.78,0,0.03,neutral,neutral,0,0.299,32,6675,1,
s23624,FETUSDT,1785915000000,train,1,3.06,0.517,4.42,3.03,1.19,3.26,0.75,1.02,0.89,1.08,0,-0.2,neutral,neutral,0,-0.609,32,6676,0,
s23625,LDOUSDT,1785915000000,testB,1,5.64,0.564,6.01,5.81,2.12,5.84,3.27,2.73,2.09,3.78,0,-0.2,neutral,alcista,0,0.081,32,6676,2,
s23626,PUMPUSDT,1785915900000,train,1,3.89,0.452,5.45,4.42,2.22,3.89,2.08,1.34,1.87,1.63,0,-0.01,neutral,alcista,0,-0.288,32,6678,2,
s23627,FETUSDT,1785915900000,train,1,2.84,0.5,3.95,2.76,0.89,2.85,0.89,1.02,0.89,1.08,0,-0.01,neutral,neutral,0,-0.81,32,6677,1,
s23628,LDOUSDT,1785915900000,testB,1,4.98,0.493,6.38,5.46,2.29,4.99,2.58,2.73,2.09,3.78,0,-0.01,neutral,neutral,0,0.124,32,6677,0,
s23629,PUMPUSDT,1785916800000,train,1,4.03,0.473,5.48,4.0,1.9,3.91,1.58,1.48,1.54,1.68,0,0.13,neutral,neutral,0,-0.02,32,6679,0,
s23630,FETUSDT,1785916800000,train,1,2.29,0.415,3.76,2.37,0.66,2.17,0.69,1.06,0.82,1.07,0,0.13,neutral,neutral,0,-1.0,32,6678,0,
s23631,LDOUSDT,1785916800000,testB,1,4.7,0.452,6.39,5.17,2.24,4.57,2.14,2.86,2.21,3.83,0,0.13,neutral,neutral,0,0.414,32,6678,0,
s23632,PUMPUSDT,1785917700000,train,1,4.1,0.478,4.97,4.09,1.9,3.91,1.87,1.48,1.54,1.68,0,0.18,neutral,neutral,0,-0.194,32,6680,1,
s23633,FETUSDT,1785917700000,train,1,2.56,0.442,3.75,2.63,0.59,2.38,0.83,1.06,0.82,1.07,0,0.18,neutral,neutral,0,-1.0,31,6679,1,
s23634,LDOUSDT,1785917700000,testB,1,5.25,0.505,6.38,5.4,1.19,5.07,2.14,2.86,2.21,3.83,0,0.18,neutral,neutral,0,0.516,32,6679,1,
s23635,LDOUSDT,1785918600000,testB,1,4.94,0.46,6.41,4.88,1.21,5.01,1.4,2.86,2.21,3.83,0,-0.07,neutral,neutral,0,0.685,32,6680,0,
s23636,PUMPUSDT,1785919500000,train,1,2.8,0.351,4.49,2.8,1.27,2.87,1.01,1.48,1.54,1.68,0,-0.07,neutral,neutral,0,-0.429,32,6682,0,
s23637,LDOUSDT,1785919500000,testB,1,5.14,0.471,6.18,5.06,0.92,5.22,1.64,2.86,2.21,3.83,0,-0.07,neutral,neutral,0,0.658,32,6681,1,
s23638,LDOUSDT,1785924000000,testB,1,3.75,0.37,4.36,3.72,0.5,4.02,1.33,2.98,2.28,3.63,0,-0.27,neutral,neutral,0,0.364,32,6686,1,
s23639,SANDUSDT,1785930300000,testB,-1,-2.35,0.744,2.72,2.55,1.12,-2.2,1.3,0.65,0.72,0.58,0,-0.15,neutral,bajista,0,-0.486,32,6693,3,
s23640,SANDUSDT,1785931200000,testB,-1,-2.05,0.694,2.79,2.5,1.36,-2.04,1.13,0.68,0.64,0.6,1,-0.0,neutral,neutral,0,-0.641,32,6694,0,
s23641,APEUSDT,1785934800000,testB,1,2.44,0.64,2.83,2.83,5,2.42,1.78,0.86,0.63,0.5,1,0.03,neutral,alcista,0,0.263,32,6698,5,
s23642,APEUSDT,1785935700000,testB,1,2.59,0.654,3.27,2.97,4.97,2.61,1.82,0.86,0.63,0.5,1,-0.02,neutral,alcista,0,0.3,32,6699,6,
s23643,GRTUSDT,1785936600000,testB,-1,-2.39,0.538,3.78,2.73,5,-2.41,1.88,2.61,1.58,1.12,1,0.02,neutral,neutral,0,-1.0,25,6700,1,
s23644,PUMPUSDT,1785937500000,train,1,2.68,0.362,4.87,4.17,1.11,2.27,1.74,1.96,1.64,1.93,0,0.4,neutral,alcista,0,-1.0,12,6702,2,
s23645,FETUSDT,1785939300000,train,-1,-2.35,0.6,2.81,2.48,1.74,-2.57,0.96,1.05,1.04,1.14,0,0.22,neutral,neutral,0,1.649,32,6703,1,
s23646,FETUSDT,1785940200000,train,-1,-2.3,0.593,2.95,2.68,1.26,-2.65,1.07,1.05,1.04,1.14,0,0.36,neutral,bajista,0,1.55,32,6704,2,
s23647,FETUSDT,1785941100000,train,-1,-2.42,0.627,2.82,2.62,1.29,-3.07,1.01,1.05,1.04,1.14,0,0.64,neutral,bajista,0,1.667,32,6705,3,
s23648,FETUSDT,1785942000000,train,-1,-2.17,0.6,2.42,2.28,1.2,-3.0,1.05,1.1,1.04,1.14,0,0.84,neutral,bajista,0,1.824,32,6706,4,
s23649,APEUSDT,1785942000000,testB,1,2.14,0.389,3.21,2.39,1.05,1.3,0.78,1.06,0.75,0.55,1,0.84,neutral,alcista,0,0.344,32,6706,2,
s23650,APEUSDT,1785943800000,testB,1,2.52,0.407,3.2,2.68,1.03,1.82,0.95,1.06,0.75,0.55,1,0.7,neutral,neutral,0,0.222,32,6708,1,
s23651,APEUSDT,1785945600000,testB,1,2.45,0.364,3.06,2.39,0.59,1.8,0.68,1.11,0.78,0.57,1,0.65,neutral,neutral,0,0.375,32,6710,1,
s23652,FETUSDT,1785946500000,train,-1,-2.64,0.769,3.25,2.78,1.65,-2.99,1.28,1.29,1.16,1.19,0,0.35,neutral,bajista,0,0.927,32,6711,4,
s23653,FETUSDT,1785947400000,train,-1,-2.19,0.733,2.85,2.37,1.55,-2.52,1.11,1.29,1.16,1.19,0,0.33,neutral,neutral,0,1.657,32,6712,0,
s23654,FETUSDT,1785948300000,train,-1,-2.13,0.727,2.51,2.24,1.5,-2.65,1.21,1.29,1.16,1.19,0,0.52,neutral,neutral,0,1.545,32,6713,1,
s23655,LDOUSDT,1785948300000,testB,1,2.77,0.414,3.32,3.16,1.78,2.25,1.56,1.87,2.46,2.08,0,0.52,neutral,neutral,0,-1.0,13,6713,1,
s23656,PENDLEUSDT,1785949200000,train,1,2.23,0.352,3.74,3.07,1.36,1.54,0.78,1.5,1.24,1.04,1,0.69,neutral,neutral,0,-0.207,32,6715,0,
s23657,OPUSDT,1785951000000,train,1,2.65,0.489,3.25,2.92,0.58,1.85,1.16,1.17,0.78,0.73,1,0.8,neutral,alcista,0,-0.538,32,6717,2,
s23658,PENDLEUSDT,1785951000000,train,1,2.79,0.405,3.24,2.94,1.26,1.99,1.36,1.5,1.24,1.04,1,0.8,neutral,alcista,0,-0.623,32,6717,2,
s23659,AXSUSDT,1785951000000,testB,1,2.01,0.395,2.67,2.2,0.34,1.21,0.64,2.27,1.7,1.42,1,0.8,neutral,alcista,1,2.0,26,6716,4,
s23660,PUMPUSDT,1785951900000,train,-1,-5.1,0.45,6.48,5.95,0.73,-5.64,2.1,2.05,1.82,2.0,0,0.54,neutral,neutral,0,0.186,32,6718,1,
s23661,OPUSDT,1785951900000,train,1,2.41,0.467,2.92,2.58,0.88,1.88,1.11,1.17,0.78,0.73,1,0.54,neutral,neutral,0,-0.696,32,6718,0,
s23662,PUMPUSDT,1785952800000,train,-1,-5.07,0.446,5.67,5.46,0.93,-5.57,2.68,1.72,1.85,1.92,0,0.5,neutral,bajista,0,0.159,32,6719,2,
s23663,FETUSDT,1785955500000,train,-1,-2.08,0.585,2.4,2.26,1.99,-2.58,1.36,1.56,1.17,1.09,1,0.5,neutral,bajista,1,2.0,30,6721,2,
s23664,FETUSDT,1785956400000,train,-1,-2.22,0.6,2.68,2.47,3.25,-2.62,1.36,2.17,1.52,1.17,1,0.4,neutral,bajista,0,1.639,32,6722,3,
s23665,FETUSDT,1785957300000,train,-1,-2.68,0.69,3.03,2.83,1.94,-3.32,1.52,2.17,1.52,1.17,1,0.63,neutral,bajista,0,1.049,32,6723,4,
s23666,PUMPUSDT,1785958200000,train,-1,-4.38,0.512,5.16,4.66,0.52,-4.91,1.25,1.46,1.73,1.8,0,0.53,neutral,neutral,0,0.894,32,6725,1,
s23667,PENDLEUSDT,1785958200000,train,1,3.42,0.411,4.58,4.1,2.22,2.89,2.07,1.96,1.44,1.23,1,0.53,neutral,alcista,0,-0.874,32,6725,3,
s23668,FETUSDT,1785958200000,train,-1,-2.62,0.684,3.04,2.83,2.0,-3.15,1.43,2.17,1.52,1.17,1,0.53,neutral,bajista,0,1.073,32,6724,5,
s23669,PUMPUSDT,1785959100000,train,-1,-2.54,0.373,3.76,3.56,0.54,-3.24,1.36,1.46,1.73,1.8,0,0.7,neutral,bajista,0,0.942,32,6726,2,
s23670,PENDLEUSDT,1785959100000,train,1,3.31,0.387,4.86,3.23,3.4,2.6,1.05,1.96,1.44,1.23,1,0.7,neutral,neutral,0,-0.76,32,6726,0,
s23671,FETUSDT,1785959100000,train,-1,-2.29,0.607,2.96,2.48,3.03,-2.99,1.16,2.17,1.52,1.17,1,0.7,neutral,neutral,0,1.361,32,6725,0,
s23672,PUMPUSDT,1785960000000,train,-1,-3.0,0.478,3.96,3.26,0.54,-3.46,0.93,1.24,1.65,1.59,0,0.46,neutral,neutral,0,1.089,32,6727,0,
s23673,PENDLEUSDT,1785960000000,train,1,3.01,0.368,3.73,3.0,3.65,2.55,1.8,2.04,1.53,1.28,1,0.46,neutral,neutral,0,-1.0,12,6727,1,
s23674,FETUSDT,1785960000000,train,-1,-2.36,0.614,2.83,2.48,1.34,-2.82,1.19,2.26,1.64,1.18,1,0.46,neutral,neutral,0,1.222,32,6726,1,
s23675,GRTUSDT,1785960000000,testB,1,2.29,0.733,2.37,2.3,0.95,1.82,1.34,1.61,2.21,1.32,0,0.46,neutral,alcista,0,-0.853,32,6726,7,
s23676,GRTUSDT,1785960900000,testB,1,2.62,0.76,2.89,2.82,1.37,2.26,1.84,1.61,2.21,1.32,0,0.37,neutral,alcista,0,-1.0,31,6727,8,
s23677,LDOUSDT,1785960900000,testB,-1,-2.41,0.39,4.06,3.28,0.71,-2.78,0.97,1.61,1.74,2.0,0,0.37,neutral,neutral,0,-0.216,32,6727,0,
s23678,GRTUSDT,1785961800000,testB,1,2.42,0.66,3.24,2.43,2.23,1.96,1.3,1.61,2.21,1.32,0,0.46,neutral,neutral,0,-1.0,30,6728,0,
s23679,LDOUSDT,1785961800000,testB,-1,-2.44,0.394,4.06,3.32,0.92,-2.9,0.88,1.61,1.74,2.0,0,0.46,neutral,neutral,0,-0.214,32,6728,1,
s23680,ONDOUSDT,1785962700000,train,-1,-2.06,0.56,2.45,2.21,1.52,-2.33,0.85,0.68,0.78,0.7,0,0.27,neutral,neutral,0,0.084,32,6729,1,
s23681,FETUSDT,1785962700000,train,-1,-2.04,0.429,2.77,2.57,0.75,-2.3,1.35,2.26,1.64,1.18,1,0.27,neutral,bajista,0,0.865,32,6729,2,
s23682,GRTUSDT,1785962700000,testB,1,2.21,0.615,3.24,2.3,2.92,1.94,1.11,1.61,2.21,1.32,0,0.27,neutral,neutral,0,-1.0,27,6729,0,
s23683,LDOUSDT,1785962700000,testB,-1,-3.19,0.519,4.08,3.7,0.96,-3.46,1.29,1.61,1.74,2.0,0,0.27,neutral,bajista,0,-0.312,32,6729,2,
s23684,XPLUSDT,1785963600000,train,-1,-2.81,0.618,3.8,3.49,1.48,-3.12,1.82,0.95,0.99,0.84,0,0.31,neutral,bajista,0,0.389,32,6731,2,
s23685,WLDUSDT,1785963600000,train,-1,-2.05,0.371,2.85,2.28,0.64,-2.36,0.91,0.86,0.98,0.84,0,0.31,neutral,bajista,0,0.167,32,6731,2,
s23686,FETUSDT,1785963600000,train,-1,-2.65,0.506,3.28,3.14,0.83,-2.96,1.64,2.31,1.69,1.21,1,0.31,neutral,bajista,0,0.356,32,6730,3,
s23687,GRTUSDT,1785963600000,testB,1,2.56,0.649,3.16,2.56,2.23,2.24,1.26,1.7,2.37,1.39,0,0.31,neutral,neutral,0,-1.0,26,6730,1,
s23688,LDOUSDT,1785963600000,testB,-1,-3.11,0.511,3.97,3.8,0.67,-3.43,1.89,1.48,1.65,1.97,0,0.31,neutral,bajista,0,-1.0,16,6730,3,
s23689,XPLUSDT,1785964500000,train,-1,-2.72,0.603,3.79,3.46,1.36,-2.83,1.62,0.95,0.99,0.84,0,0.11,neutral,neutral,0,0.415,32,6732,0,
s23690,WLDUSDT,1785964500000,train,-1,-2.08,0.374,2.86,2.67,0.57,-2.2,1.18,0.86,0.98,0.84,0,0.11,neutral,bajista,0,0.167,32,6732,3,
s23691,FETUSDT,1785964500000,train,-1,-2.59,0.5,3.56,3.28,0.74,-2.7,1.61,2.31,1.69,1.21,1,0.11,neutral,bajista,0,0.319,32,6731,4,
s23692,GRTUSDT,1785964500000,testB,1,3.11,0.714,3.28,3.02,1.77,3.0,1.6,1.7,2.37,1.39,0,0.11,neutral,alcista,0,-1.0,25,6731,2,
s23693,LDOUSDT,1785964500000,testB,-1,-3.37,0.56,4.14,3.9,0.69,-3.49,1.81,1.48,1.65,1.97,0,0.11,neutral,bajista,0,-1.0,15,6731,4,
s23694,XPLUSDT,1785965400000,train,-1,-3.48,0.808,4.61,3.78,1.58,-3.53,1.73,0.95,0.99,0.84,0,0.05,neutral,neutral,0,0.293,32,6733,1,
s23695,WLDUSDT,1785965400000,train,-1,-2.57,0.48,3.41,2.83,0.8,-2.62,1.29,0.86,0.98,0.84,0,0.05,neutral,bajista,0,0.146,32,6733,4,
s23696,ONDOUSDT,1785965400000,train,-1,-2.1,0.571,2.68,2.3,1.13,-2.14,1.06,0.61,0.8,0.71,0,0.05,neutral,bajista,0,-0.093,32,6732,2,
s23697,FETUSDT,1785965400000,train,-1,-3.59,0.671,4.01,3.87,0.77,-3.64,1.99,2.31,1.69,1.21,1,0.05,neutral,bajista,0,0.164,32,6732,5,
s23698,GRTUSDT,1785965400000,testB,1,3.17,0.719,3.21,3.07,1.27,3.12,1.73,1.7,2.37,1.39,0,0.05,neutral,alcista,0,-1.0,22,6732,3,
s23699,LDOUSDT,1785965400000,testB,-1,-3.6,0.623,4.21,3.9,0.51,-3.64,1.69,1.48,1.65,1.97,0,0.05,neutral,neutral,0,-1.0,14,6732,0,
s23700,XPLUSDT,1785966300000,train,-1,-3.59,0.813,4.43,3.76,1.59,-3.55,1.71,0.95,0.99,0.84,0,-0.04,neutral,bajista,0,0.27,32,6734,2,
s23701,WLDUSDT,1785966300000,train,-1,-2.18,0.422,3.28,2.61,0.89,-2.14,1.03,0.86,0.98,0.84,0,-0.04,neutral,neutral,0,0.256,32,6734,0,
s23702,FETUSDT,1785966300000,train,-1,-3.4,0.658,4.01,3.94,0.45,-3.36,1.88,2.31,1.69,1.21,1,-0.04,neutral,bajista,0,0.089,32,6733,6,
s23703,GRTUSDT,1785966300000,testB,1,3.02,0.71,3.53,3.27,0.97,3.06,1.75,1.7,2.37,1.39,0,-0.04,neutral,alcista,0,-1.0,21,6733,4,
s23704,LDOUSDT,1785966300000,testB,-1,-2.57,0.524,3.35,2.98,0.51,-2.53,1.37,1.48,1.65,1.97,0,-0.04,neutral,neutral,0,-1.0,13,6733,0,
s23705,XPLUSDT,1785967200000,train,-1,-3.6,0.813,4.22,3.89,1.28,-3.43,1.85,1.01,1.01,0.86,1,-0.17,neutral,bajista,0,0.307,32,6735,3,
s23706,FETUSDT,1785967200000,train,-1,-3.46,0.662,4.01,4.01,0.34,-3.3,1.74,2.19,1.73,1.23,1,-0.17,neutral,bajista,0,0.175,32,6734,7,
s23707,GRTUSDT,1785967200000,testB,1,3.23,0.746,3.6,3.33,1.16,3.4,1.71,1.83,2.56,1.45,0,-0.17,neutral,alcista,0,-1.0,17,6734,5,
s23708,LDOUSDT,1785967200000,testB,-1,-2.5,0.517,3.25,2.87,0.41,-2.33,1.26,1.17,1.53,1.94,0,-0.17,neutral,neutral,0,-1.0,12,6734,1,
s23709,XPLUSDT,1785968100000,train,-1,-2.54,0.572,3.85,2.98,1.38,-2.56,1.25,1.01,1.01,0.86,1,0.02,neutral,neutral,0,0.605,32,6736,0,
s23710,FETUSDT,1785968100000,train,-1,-2.85,0.488,3.91,3.14,0.35,-2.87,0.94,2.19,1.73,1.23,1,0.02,neutral,neutral,0,0.356,32,6735,0,
s23711,GRTUSDT,1785968100000,testB,1,2.89,0.618,3.61,2.94,1.24,2.87,1.14,1.83,2.56,1.45,0,0.02,neutral,neutral,0,-1.0,16,6735,0,
s23712,LDOUSDT,1785968100000,testB,-1,-2.14,0.478,3.08,2.7,0.37,-2.17,1.17,1.17,1.53,1.94,0,0.02,neutral,bajista,0,-1.0,11,6735,2,
s23713,XPLUSDT,1785969000000,train,-1,-2.86,0.615,3.86,3.27,0.78,-2.7,1.38,1.01,1.01,0.86,1,-0.16,neutral,neutral,0,0.439,32,6737,1,
s23714,FETUSDT,1785969000000,train,-1,-2.99,0.5,3.64,3.15,0.36,-2.83,1.07,2.19,1.73,1.23,1,-0.16,neutral,neutral,0,0.2,32,6736,1,
s23715,GRTUSDT,1785969000000,testB,1,2.4,0.538,3.41,2.61,1.09,2.56,0.86,1.83,2.56,1.45,0,-0.16,neutral,neutral,0,-1.0,15,6736,0,
s23716,LDOUSDT,1785969000000,testB,-1,-2.77,0.589,3.2,3.16,0.47,-2.61,1.33,1.17,1.53,1.94,0,-0.16,neutral,bajista,0,-1.0,10,6736,3,
s23717,XPLUSDT,1785969900000,train,-1,-2.5,0.539,3.85,3.09,0.76,-2.26,1.05,1.01,1.01,0.86,1,-0.24,neutral,neutral,0,0.502,32,6738,0,
s23718,FETUSDT,1785969900000,train,-1,-2.33,0.436,2.95,2.74,0.42,-2.09,1.22,2.19,1.73,1.23,1,-0.24,neutral,bajista,0,0.538,32,6737,2,
s23719,GRTUSDT,1785969900000,testB,1,2.4,0.538,3.35,2.54,0.98,2.64,0.79,1.83,2.56,1.45,0,-0.24,neutral,neutral,0,-1.0,13,6737,0,
s23720,XPLUSDT,1785970800000,train,-1,-2.65,0.593,3.58,2.77,0.64,-2.35,0.83,1.05,1.02,0.88,1,-0.3,neutral,neutral,0,0.623,32,6739,0,
s23721,GRTUSDT,1785970800000,testB,1,2.81,0.577,3.2,2.8,0.85,3.11,1.09,1.81,2.64,1.55,0,-0.3,neutral,neutral,0,-1.0,12,6738,1,
s23722,XPLUSDT,1785971700000,train,-1,-2.71,0.598,3.57,2.99,0.5,-2.39,0.96,1.05,1.02,0.88,1,-0.32,neutral,neutral,0,0.408,32,6740,1,
s23723,GRTUSDT,1785971700000,testB,1,2.59,0.559,2.79,2.66,0.64,2.92,1.18,1.81,2.64,1.55,0,-0.32,neutral,alcista,0,-1.0,9,6739,2,
s23724,XPLUSDT,1785972600000,train,-1,-2.54,0.559,3.33,2.65,0.53,-2.2,0.76,1.05,1.02,0.88,1,-0.35,neutral,neutral,0,0.54,32,6741,0,
s23725,PENDLEUSDT,1785972600000,train,-1,-2.7,0.467,3.88,3.52,0.29,-2.36,0.66,2.07,1.78,1.42,1,-0.35,neutral,neutral,0,0.312,32,6741,1,
s23726,FETUSDT,1785973500000,train,-1,-2.27,0.418,2.89,2.89,0.33,-2.01,1.05,2.18,1.72,1.24,1,-0.27,neutral,neutral,0,0.463,32,6741,1,
s23727,PENDLEUSDT,1785974400000,train,-1,-2.64,0.618,3.33,2.92,0.4,-2.16,0.58,2.07,1.78,1.44,1,-0.48,neutral,neutral,0,0.45,32,6743,1,
s23728,AXSUSDT,1785974400000,testB,1,3.92,0.531,5.99,4.55,5,4.4,3.69,6.72,4.61,3.19,1,-0.48,neutral,alcista,0,-0.402,32,6742,2,
s23729,PUMPUSDT,1785975300000,train,-1,-2.48,0.53,2.63,2.63,0.69,-2.02,0.85,0.58,1.16,1.36,0,-0.47,neutral,neutral,0,0.778,32,6744,1,
s23730,STBLUSDT,1785975300000,train,1,2.15,0.495,3.17,2.47,0.48,2.61,0.42,0.95,0.73,0.55,1,-0.47,neutral,neutral,0,0.767,32,6744,0,
s23731,PENDLEUSDT,1785975300000,train,-1,-2.15,0.507,2.93,2.29,0.4,-1.69,0.52,2.07,1.78,1.44,1,-0.47,neutral,neutral,0,0.681,32,6744,0,
s23732,PUMPUSDT,1785976200000,train,-1,-2.05,0.481,2.42,2.13,1.19,-1.53,0.88,0.58,1.16,1.36,0,-0.51,neutral,bajista,0,0.863,32,6745,2,
s23733,STBLUSDT,1785976200000,train,1,2.7,0.64,3.08,2.59,0.38,3.21,0.6,0.95,0.73,0.55,1,-0.51,neutral,neutral,0,0.54,32,6745,1,
s23734,PENDLEUSDT,1785976200000,train,-1,-2.36,0.53,2.82,2.47,0.74,-1.84,0.6,2.07,1.78,1.44,1,-0.51,neutral,neutral,0,0.529,32,6745,1,
s23735,FETUSDT,1785976200000,train,-1,-2.61,0.365,3.11,2.75,1.37,-2.1,0.99,2.06,1.8,1.29,1,-0.51,neutral,neutral,0,0.385,32,6744,1,
s23736,LDOUSDT,1785978000000,testB,1,3.69,0.675,4.42,4.29,2.12,3.97,2.61,1.04,1.33,1.96,0,-0.27,neutral,alcista,0,-0.885,32,6746,2,
s23737,LDOUSDT,1785978900000,testB,1,3.36,0.576,4.44,3.88,2.31,3.6,1.96,1.04,1.33,1.96,0,-0.24,neutral,neutral,0,-0.838,32,6747,0,
s23738,INJUSDT,1785979800000,train,-1,-2.37,0.652,2.95,2.66,2.58,-2.13,1.6,0.84,0.95,0.8,0,-0.24,neutral,bajista,0,0.937,32,6749,4,
s23739,GRTUSDT,1785979800000,testB,-1,-2.27,0.486,3.01,2.94,0.37,-2.04,1.14,1.92,1.71,1.6,1,-0.24,neutral,bajista,0,0.442,32,6748,3,
s23740,LDOUSDT,1785979800000,testB,1,3.53,0.589,4.43,4.03,2.41,3.76,1.97,1.04,1.33,1.96,0,-0.24,neutral,neutral,0,-0.738,32,6748,1,
s23741,INJUSDT,1785980700000,train,-1,-2.7,0.68,2.9,2.86,2.42,-2.46,1.75,0.84,0.95,0.8,0,-0.23,neutral,bajista,0,0.772,32,6750,5,
s23742,GRTUSDT,1785980700000,testB,-1,-2.6,0.565,3.15,3.08,0.43,-2.37,1.2,1.92,1.71,1.6,1,-0.23,neutral,bajista,0,0.4,32,6749,4,
s23743,LDOUSDT,1785980700000,testB,1,3.04,0.481,4.45,3.65,2.37,3.28,1.51,1.04,1.33,1.96,0,-0.23,neutral,neutral,0,-0.555,32,6749,0,
s23744,INJUSDT,1785981600000,train,-1,-2.13,0.559,2.7,2.45,1.7,-1.94,1.37,0.88,0.73,0.8,0,-0.19,neutral,neutral,0,0.923,32,6751,0,
s23745,GRTUSDT,1785981600000,testB,-1,-3.06,0.639,3.43,3.43,0.51,-2.87,1.46,1.5,1.57,1.6,0,-0.19,neutral,bajista,0,0.26,32,6750,5,
s23746,LDOUSDT,1785981600000,testB,1,2.7,0.405,4.53,3.33,1.93,2.9,1.07,1.3,1.47,1.99,0,-0.19,neutral,neutral,0,-0.63,32,6750,0,
s23747,PUMPUSDT,1785982500000,train,-1,-3.54,0.544,4.44,4.14,5,-3.22,2.58,0.88,1.06,1.42,0,-0.33,neutral,bajista,0,0.237,32,6752,2,
s23748,INJUSDT,1785982500000,train,-1,-2.03,0.547,2.62,2.41,1.78,-1.71,1.29,0.88,0.73,0.8,0,-0.33,neutral,neutral,0,0.817,32,6752,1,
s23749,FETUSDT,1785982500000,train,-1,-2.51,0.367,3.58,3.01,1.72,-2.19,1.27,1.52,1.9,1.43,0,-0.33,neutral,neutral,0,0.214,32,6751,0,
s23750,GRTUSDT,1785982500000,testB,-1,-2.67,0.606,3.71,3.43,0.67,-2.35,1.36,1.5,1.57,1.6,0,-0.33,neutral,neutral,0,0.28,32,6751,0,
s23751,ENAUSDT,1785983400000,train,-1,-2.09,0.532,2.9,2.43,4.71,-1.91,1.47,0.87,0.86,0.98,0,-0.18,neutral,neutral,0,-1.0,8,6753,0,
s23752,GRTUSDT,1785983400000,testB,-1,-2.61,0.6,3.71,3.51,0.55,-2.43,1.32,1.5,1.57,1.6,0,-0.18,neutral,neutral,0,0.353,32,6752,0,
s23753,LDOUSDT,1785983400000,testB,1,2.78,0.354,4.55,2.98,2.54,2.96,0.62,1.3,1.47,1.99,0,-0.18,neutral,neutral,0,-0.719,32,6752,1,
s23754,PUMPUSDT,1785984300000,train,-1,-2.85,0.385,4.5,3.48,4.68,-2.76,1.71,0.88,1.06,1.42,0,-0.09,neutral,neutral,0,0.683,32,6754,1,
s23755,GRTUSDT,1785984300000,testB,-1,-2.68,0.606,3.71,3.58,0.55,-2.59,1.28,1.5,1.57,1.6,0,-0.09,neutral,neutral,0,0.327,32,6753,0,
s23756,PUMPUSDT,1785985200000,train,-1,-3.68,0.447,5.41,4.77,5,-3.5,2.65,1.04,1.05,1.43,0,-0.18,neutral,bajista,0,0.333,32,6755,2,
s23757,ENAUSDT,1785985200000,train,-1,-2.53,0.718,2.91,2.68,4.8,-2.35,1.41,0.88,0.8,0.85,0,-0.18,neutral,neutral,0,-1.0,6,6755,1,
s23758,INJUSDT,1785985200000,train,-1,-2.45,0.564,3.29,3.1,1.04,-2.27,1.51,1.09,0.79,0.82,0,-0.18,neutral,bajista,0,0.551,32,6755,2,
s23759,GRTUSDT,1785985200000,testB,-1,-3.4,0.785,4.0,3.93,0.52,-3.22,1.41,1.26,1.5,1.59,0,-0.18,neutral,neutral,0,0.211,32,6754,1,
s23760,PUMPUSDT,1785986100000,train,-1,-3.89,0.461,5.43,5.0,2.34,-3.65,2.55,1.04,1.05,1.43,0,-0.24,neutral,bajista,0,0.293,32,6756,3,
s23761,INJUSDT,1785986100000,train,-1,-2.39,0.558,3.4,3.12,1.07,-2.15,1.37,1.09,0.79,0.82,0,-0.24,neutral,bajista,0,0.541,32,6756,3,
s23762,GRTUSDT,1785986100000,testB,-1,-3.66,0.902,3.93,3.86,0.39,-3.41,1.26,1.26,1.5,1.59,0,-0.24,neutral,neutral,0,0.125,32,6755,0,
s23763,PUMPUSDT,1785987000000,train,-1,-3.53,0.431,5.47,4.95,1.44,-3.27,2.31,1.04,1.05,1.43,0,-0.26,neutral,neutral,0,0.217,32,6757,0,
s23764,INJUSDT,1785987000000,train,-1,-2.78,0.628,3.41,3.41,1.05,-2.52,1.46,1.09,0.79,0.82,0,-0.26,neutral,bajista,0,0.379,32,6757,4,
s23765,GRTUSDT,1785987000000,testB,-1,-3.14,0.887,3.38,3.25,0.48,-2.89,1.2,1.26,1.5,1.59,0,-0.26,neutral,neutral,0,0.149,32,6756,0,
s23766,INJUSDT,1785987900000,train,-1,-2.92,0.64,4.07,3.63,1.45,-2.71,1.52,1.09,0.79,0.82,0,-0.21,neutral,bajista,0,0.275,32,6758,5,
s23767,GRTUSDT,1785987900000,testB,-1,-2.49,0.86,2.7,2.63,0.55,-2.28,1.21,1.26,1.5,1.59,0,-0.21,neutral,neutral,0,0.211,32,6757,1,
s23768,PUMPUSDT,1785988800000,train,-1,-3.15,0.376,5.43,4.28,0.49,-3.11,1.32,1.1,0.98,1.43,0,-0.04,neutral,neutral,0,0.22,32,6759,0,
s23769,INJUSDT,1785988800000,train,-1,-3.08,0.701,4.07,3.63,0.95,-3.05,1.36,1.12,0.83,0.84,0,-0.04,neutral,bajista,0,0.339,32,6759,6,
s23770,INJUSDT,1785989700000,train,-1,-2.85,0.618,4.06,3.19,1.01,-2.87,0.87,1.12,0.83,0.84,0,0.02,neutral,neutral,0,0.503,32,6760,0,
s23771,XPLUSDT,1785990600000,train,-1,-2.5,0.37,4.21,3.35,0.72,-2.52,1.06,1.67,1.33,1.12,1,0.02,neutral,neutral,0,0.053,32,6761,1,
s23772,INJUSDT,1785990600000,train,-1,-3.24,0.687,4.07,3.45,1.28,-3.26,1.01,1.12,0.83,0.84,0,0.02,neutral,neutral,0,0.387,32,6761,1,
s23773,XPLUSDT,1785991500000,train,-1,-2.86,0.449,4.2,3.19,0.59,-2.98,0.82,1.67,1.33,1.12,1,0.13,neutral,neutral,0,0.238,32,6762,0,
s23774,INJUSDT,1785991500000,train,-1,-2.82,0.656,3.46,2.95,0.89,-2.95,1.03,1.12,0.83,0.84,0,0.13,neutral,bajista,0,0.41,32,6762,2,
s23775,INJUSDT,1785992400000,train,-1,-2.05,0.553,2.75,2.16,0.77,-2.53,0.88,1.16,0.84,0.86,0,0.47,neutral,neutral,0,0.52,32,6763,0,
s23776,AXSUSDT,1785993300000,testB,-1,-2.03,0.36,2.65,2.19,0.86,-2.61,0.89,8.77,4.96,3.3,1,0.58,neutral,neutral,0,-1.0,16,6763,0,
s23777,STBLUSDT,1785996000000,train,1,2.38,0.509,3.09,2.45,4.88,2.04,1.49,0.93,0.95,0.69,0,0.35,neutral,neutral,0,0.049,32,6767,1,
s23778,0GUSDT,1785996000000,train,1,3.11,0.531,3.44,3.44,1.85,2.76,1.98,0.75,0.54,0.56,0,0.35,neutral,alcista,0,0.347,32,6767,2,
s23779,STBLUSDT,1785996900000,train,1,3.12,0.576,3.7,3.34,4.28,2.65,2.29,0.93,0.95,0.69,0,0.47,neutral,alcista,0,-0.31,32,6768,2,
s23780,0GUSDT,1785996900000,train,1,3.41,0.595,4.06,3.5,2.46,2.94,1.86,0.75,0.54,0.56,0,0.47,neutral,alcista,0,0.3,32,6768,3,
s23781,ENAUSDT,1785996900000,train,1,2.38,0.389,4.16,2.7,0.71,1.91,0.29,1.08,0.87,0.88,0,0.47,neutral,neutral,0,-0.676,32,6768,0,
s23782,XPLUSDT,1785997800000,train,-1,-2.39,0.409,4.21,3.37,0.56,-2.79,0.61,1.76,1.43,1.11,1,0.4,neutral,neutral,0,-0.331,32,6769,0,
s23783,STBLUSDT,1785997800000,train,1,3.2,0.6,3.66,3.18,4.15,2.8,1.98,0.93,0.95,0.69,0,0.4,neutral,neutral,0,-0.262,32,6769,0,
s23784,0GUSDT,1785997800000,train,1,2.61,0.4,4.1,2.69,2.99,2.21,1.02,0.75,0.54,0.56,0,0.4,neutral,neutral,0,0.895,32,6769,0,
s23785,ENAUSDT,1785997800000,train,1,2.57,0.407,4.16,2.89,0.97,2.16,0.46,1.08,0.87,0.88,0,0.4,neutral,neutral,0,-0.444,32,6769,1,
s23786,XPLUSDT,1785998700000,train,-1,-2.55,0.452,3.92,3.03,0.55,-2.99,0.51,1.76,1.43,1.11,1,0.43,neutral,neutral,0,-0.457,32,6770,0,
s23787,STBLUSDT,1785998700000,train,1,3.28,0.606,3.46,3.22,4.07,2.85,1.96,0.93,0.95,0.69,0,0.43,neutral,neutral,0,-0.272,32,6770,1,
s23788,0GUSDT,1785998700000,train,1,2.39,0.379,3.89,2.47,2.05,1.95,0.89,0.75,0.54,0.56,0,0.43,neutral,neutral,0,0.771,32,6770,0,
s23789,ENAUSDT,1785998700000,train,1,2.33,0.357,4.17,2.68,0.85,1.89,0.27,1.08,0.87,0.88,0,0.43,neutral,neutral,0,-0.274,32,6770,0,
s23790,STBLUSDT,1785999600000,train,1,2.58,0.429,3.48,2.6,1.7,2.0,1.16,1.02,1.0,0.72,1,0.58,neutral,neutral,0,0.0,32,6771,0,
s23791,0GUSDT,1785999600000,train,1,2.53,0.393,3.74,2.47,1.27,1.95,0.96,0.75,0.57,0.5,1,0.58,neutral,neutral,0,0.714,32,6771,1,
s23792,ENAUSDT,1785999600000,train,1,2.38,0.366,4.17,2.47,0.67,1.8,0.19,1.11,0.87,0.87,0,0.58,neutral,neutral,0,-0.035,32,6771,0,
s23793,0GUSDT,1786000500000,train,1,2.73,0.413,3.15,2.73,0.96,2.18,1.65,0.75,0.57,0.5,1,0.55,neutral,alcista,0,0.308,32,6772,2,
s23794,0GUSDT,1786001400000,train,1,2.66,0.407,3.08,2.73,0.66,2.17,1.53,0.75,0.57,0.5,1,0.49,neutral,alcista,0,0.308,32,6773,3,
s23795,0GUSDT,1786002300000,train,1,2.37,0.355,2.94,2.38,0.76,1.91,1.19,0.75,0.57,0.5,1,0.45,neutral,neutral,0,0.559,32,6774,0,
s23796,XPLUSDT,1786004100000,train,-1,-2.06,0.497,3.21,2.96,2.79,-2.38,1.86,2.08,1.55,1.22,1,0.32,neutral,bajista,0,-1.0,25,6776,4,
s23797,0GUSDT,1786005900000,train,1,2.36,0.363,2.93,2.72,0.64,2.02,1.05,0.74,0.6,0.5,1,0.34,neutral,alcista,0,0.641,32,6778,2,
s23798,XPLUSDT,1786006800000,train,-1,-2.71,0.576,3.47,3.18,3.42,-2.5,1.64,1.53,1.54,1.26,0,-0.21,neutral,bajista,0,-1.0,22,6779,2,
s23799,ENAUSDT,1786006800000,train,-1,-2.28,0.449,3.0,2.92,1.1,-2.07,1.25,0.82,0.85,0.88,0,-0.21,neutral,bajista,0,-0.626,32,6779,3,
s23800,ARBUSDT,1786006800000,train,-1,-2.8,0.637,4.22,3.08,5,-2.59,2.27,1.85,1.23,0.9,1,-0.21,neutral,neutral,0,-0.408,32,6779,1,
s23801,JUPUSDT,1786006800000,train,-1,-3.19,0.833,3.57,3.35,3.2,-2.98,2.19,1.12,0.83,0.84,0,-0.21,neutral,bajista,0,-0.197,32,6779,2,
s23802,LDOUSDT,1786006800000,testB,-1,-2.54,0.494,3.15,2.98,0.62,-2.33,1.01,0.77,1.04,1.37,0,-0.21,neutral,neutral,0,-0.0,32,6778,1,
s23803,ARBUSDT,1786007700000,train,-1,-2.3,0.526,4.09,2.71,5,-2.05,1.82,1.85,1.23,0.9,1,-0.25,neutral,neutral,0,-0.321,32,6780,0,
s23804,INJUSDT,1786007700000,train,-1,-2.18,0.466,3.38,3.01,4.61,-1.94,2.03,1.5,1.29,1.06,1,-0.25,neutral,bajista,0,-0.151,32,6780,8,
s23805,JUPUSDT,1786007700000,train,-1,-2.83,0.791,3.46,3.18,2.21,-2.58,1.9,1.12,0.83,0.84,0,-0.25,neutral,neutral,0,-0.121,32,6780,0,
s23806,LDOUSDT,1786007700000,testB,-1,-2.41,0.456,2.98,2.53,0.74,-2.16,0.78,0.77,1.04,1.37,0,-0.25,neutral,neutral,0,-1.0,8,6779,0,
s23807,AXSUSDT,1786007700000,testB,1,2.0,0.537,2.48,2.3,0.91,2.25,0.7,2.23,5.43,3.72,0,-0.25,neutral,alcista,0,-0.01,32,6779,4,
s23808,PUMPUSDT,1786008600000,train,-1,-2.29,0.415,2.96,2.61,1.6,-1.91,1.9,0.84,0.93,1.27,0,-0.38,neutral,bajista,0,-1.0,31,6781,3,
s23809,WLDUSDT,1786008600000,train,-1,-2.43,0.437,3.6,3.24,5,-2.05,1.74,1.38,1.01,0.99,1,-0.38,neutral,bajista,0,0.202,32,6781,3,
s23810,ARBUSDT,1786008600000,train,-1,-2.29,0.521,4.09,2.62,5,-1.91,1.59,1.85,1.23,0.9,1,-0.38,neutral,neutral,0,-0.341,32,6781,0,
s23811,JUPUSDT,1786008600000,train,-1,-2.67,0.714,3.45,3.01,2.17,-2.29,1.57,1.12,0.83,0.84,0,-0.38,neutral,neutral,0,-0.091,32,6781,0,
s23812,PENDLEUSDT,1786008600000,train,-1,-2.06,0.585,2.58,2.22,4.26,-1.68,1.45,0.94,0.85,1.3,0,-0.38,neutral,bajista,0,-0.409,32,6781,3,
s23813,AXSUSDT,1786008600000,testB,1,2.04,0.541,2.53,2.33,1.0,2.42,0.66,2.23,5.43,3.72,0,-0.38,neutral,alcista,0,-0.014,32,6780,5,
s23814,WLDUSDT,1786009500000,train,-1,-2.5,0.443,3.68,3.48,4.63,-2.14,1.79,1.38,1.01,0.99,1,-0.36,neutral,bajista,0,0.094,32,6782,4,
s23815,ENAUSDT,1786009500000,train,-1,-2.32,0.531,2.99,2.43,1.55,-1.97,0.66,0.82,0.85,0.88,0,-0.36,neutral,neutral,0,-0.279,32,6782,1,
s23816,ARBUSDT,1786009500000,train,-1,-2.29,0.521,4.09,2.65,5,-1.93,1.52,1.85,1.23,0.9,1,-0.36,neutral,neutral,0,-0.386,32,6782,1,
s23817,TIAUSDT,1786009500000,train,-1,-2.25,0.679,2.43,2.37,3.6,-1.9,1.38,0.83,0.78,0.85,0,-0.36,neutral,bajista,0,-0.179,32,6782,4,
s23818,JUPUSDT,1786009500000,train,-1,-2.35,0.595,3.44,2.73,2.0,-1.99,1.21,1.12,0.83,0.84,0,-0.36,neutral,neutral,0,0.04,32,6782,0,
s23819,PENDLEUSDT,1786009500000,train,-1,-2.07,0.586,2.63,2.25,4.71,-1.71,1.34,0.94,0.85,1.3,0,-0.36,neutral,bajista,0,-0.416,32,6782,4,
s23820,AXSUSDT,1786009500000,testB,1,2.38,0.58,2.86,2.66,1.16,2.73,1.12,2.23,5.43,3.72,0,-0.36,neutral,alcista,0,-0.211,32,6781,6,
s23821,ENAUSDT,1786010400000,train,-1,-2.25,0.52,2.69,2.58,2.15,-1.95,1.4,0.96,0.92,0.91,1,-0.29,neutral,bajista,0,-1.0,23,6783,2,
s23822,ARBUSDT,1786010400000,train,-1,-2.85,0.576,4.12,3.31,1.62,-2.56,1.91,2.0,1.35,0.95,1,-0.29,neutral,bajista,0,-0.506,32,6783,2,
s23823,SUIUSDT,1786010400000,train,-1,-2.45,0.587,3.05,2.79,5,-2.15,1.85,2.21,1.73,1.52,1,-0.29,neutral,neutral,0,-0.422,32,6783,1,
s23824,TIAUSDT,1786010400000,train,-1,-2.73,0.719,3.63,3.02,4.09,-2.44,1.82,1.08,0.94,0.89,1,-0.29,neutral,bajista,0,-0.202,32,6783,5,
s23825,JUPUSDT,1786010400000,train,-1,-2.45,0.622,3.28,2.62,0.68,-2.16,1.1,1.15,0.84,0.84,1,-0.29,neutral,neutral,0,0.083,32,6783,1,
s23826,AXSUSDT,1786010400000,testB,1,2.16,0.5,2.97,2.45,0.94,2.45,0.82,2.19,5.59,3.79,0,-0.29,neutral,neutral,0,-0.119,32,6782,0,
s23827,ARBUSDT,1786011300000,train,-1,-3.03,0.609,4.12,3.43,0.72,-2.8,1.84,2.0,1.35,0.95,1,-0.23,neutral,bajista,0,-0.586,32,6784,3,
s23828,TIAUSDT,1786011300000,train,-1,-2.88,0.729,3.64,3.27,3.3,-2.65,1.85,1.08,0.94,0.89,1,-0.23,neutral,bajista,0,-0.196,32,6784,6,
s23829,JUPUSDT,1786011300000,train,-1,-2.67,0.641,3.23,2.79,0.53,-2.43,1.19,1.15,0.84,0.84,1,-0.23,neutral,bajista,0,0.039,32,6784,2,
s23830,FETUSDT,1786011300000,train,-1,-2.05,0.46,2.96,2.67,0.86,-1.81,0.88,1.59,1.56,1.65,0,-0.23,neutral,bajista,0,0.189,32,6783,2,
s23831,AXSUSDT,1786011300000,testB,1,2.25,0.51,2.51,2.31,0.95,2.48,1.02,2.19,5.59,3.79,0,-0.23,neutral,neutral,0,-0.243,32,6783,1,
s23832,ARBUSDT,1786012200000,train,-1,-3.08,0.612,4.13,3.57,0.66,-2.74,1.79,2.0,1.35,0.95,1,-0.34,neutral,bajista,0,-0.552,32,6785,4,
s23833,TIAUSDT,1786012200000,train,-1,-3.32,0.836,3.65,3.53,2.83,-2.98,1.92,1.08,0.94,0.89,1,-0.34,neutral,bajista,0,-0.139,32,6785,7,
s23834,JUPUSDT,1786012200000,train,-1,-2.99,0.683,3.24,3.08,0.42,-2.65,1.32,1.15,0.84,0.84,1,-0.34,neutral,bajista,0,0.036,32,6785,3,
s23835,FETUSDT,1786012200000,train,-1,-3.1,0.611,3.78,3.49,1.43,-2.76,1.6,1.59,1.56,1.65,0,-0.34,neutral,bajista,0,-0.062,32,6784,3,
s23836,WLDUSDT,1786013100000,train,-1,-2.47,0.461,4.41,3.79,1.16,-2.1,1.33,1.56,1.17,1.05,1,-0.37,neutral,bajista,0,0.27,32,6786,2,
s23837,ARBUSDT,1786013100000,train,-1,-3.1,0.614,4.13,3.72,0.57,-2.73,1.74,2.0,1.35,0.95,1,-0.37,neutral,bajista,0,-0.58,32,6786,5,
s23838,TIAUSDT,1786013100000,train,-1,-3.24,0.832,3.69,3.51,2.44,-2.87,1.94,1.08,0.94,0.89,1,-0.37,neutral,bajista,0,-0.289,32,6786,8,
s23839,JUPUSDT,1786013100000,train,-1,-2.88,0.659,3.19,2.97,0.41,-2.51,1.15,1.15,0.84,0.84,1,-0.37,neutral,neutral,0,0.037,32,6786,0,
s23840,PENDLEUSDT,1786013100000,train,-1,-2.15,0.572,2.64,2.39,0.5,-1.77,0.97,0.94,0.84,1.32,0,-0.37,neutral,bajista,0,-0.225,32,6786,2,
s23841,WLDUSDT,1786014000000,train,-1,-2.41,0.455,4.41,3.79,0.66,-1.84,1.25,1.6,1.23,1.08,1,-0.57,neutral,bajista,0,0.2,32,6787,3,
s23842,ARBUSDT,1786014000000,train,-1,-3.12,0.622,4.12,3.43,0.43,-2.55,1.34,2.06,1.4,0.97,1,-0.57,neutral,neutral,0,-0.605,32,6787,0,
s23843,TIAUSDT,1786014000000,train,-1,-3.04,0.823,3.94,3.51,1.21,-2.47,1.75,1.19,1.02,0.92,1,-0.57,neutral,bajista,0,-0.377,32,6787,8,
s23844,JUPUSDT,1786014000000,train,-1,-2.15,0.541,2.91,2.52,0.3,-1.58,0.9,1.2,0.87,0.83,1,-0.57,neutral,neutral,0,0.152,32,6787,0,
s23845,PENDLEUSDT,1786014000000,train,-1,-2.19,0.576,3.01,2.57,0.75,-1.62,1.07,0.99,0.85,1.32,0,-0.57,neutral,bajista,0,-0.316,32,6787,3,
s23846,FETUSDT,1786014000000,train,-1,-2.0,0.5,2.7,2.63,2.19,-1.43,1.57,1.83,1.74,1.73,1,-0.57,neutral,bajista,0,-1.0,23,6786,5,
s23847,PUMPUSDT,1786014900000,train,-1,-2.72,0.41,3.28,3.1,0.77,-2.24,1.41,0.94,1.06,1.22,0,-0.48,neutral,bajista,0,-1.0,24,6788,4,
s23848,WLDUSDT,1786014900000,train,-1,-2.28,0.42,4.41,3.65,0.65,-1.8,1.03,1.6,1.23,1.08,1,-0.48,neutral,neutral,0,0.252,32,6788,0,
s23849,ARBUSDT,1786014900000,train,-1,-3.17,0.638,4.03,3.3,0.35,-2.68,1.16,2.06,1.4,0.97,1,-0.48,neutral,neutral,0,-0.52,32,6788,0,
s23850,TIAUSDT,1786014900000,train,-1,-3.09,0.852,3.93,3.31,1.11,-2.61,1.45,1.19,1.02,0.92,1,-0.48,neutral,neutral,0,-0.324,32,6788,0,
s23851,JUPUSDT,1786014900000,train,-1,-2.09,0.52,2.9,2.35,0.3,-1.61,0.67,1.2,0.87,0.83,1,-0.48,neutral,neutral,0,0.302,32,6788,0,
s23852,PENDLEUSDT,1786014900000,train,-1,-2.31,0.619,2.76,2.35,0.69,-1.82,1.01,0.99,0.85,1.32,0,-0.48,neutral,bajista,0,-0.292,32,6788,4,
s23853,FETUSDT,1786014900000,train,-1,-2.43,0.607,2.92,2.85,2.49,-1.94,1.65,1.83,1.74,1.73,1,-0.48,neutral,bajista,0,-1.0,22,6787,6,
s23854,ARBUSDT,1786015800000,train,-1,-2.91,0.618,3.99,3.26,0.3,-2.65,1.04,2.06,1.4,0.97,1,-0.26,neutral,neutral,0,-0.451,32,6789,0,
s23855,TIAUSDT,1786015800000,train,-1,-2.5,0.636,3.73,2.66,1.04,-2.24,0.86,1.19,1.02,0.92,1,-0.26,neutral,neutral,0,-0.23,32,6789,0,
s23856,FETUSDT,1786015800000,train,-1,-2.07,0.509,2.92,2.63,1.78,-1.81,1.15,1.83,1.74,1.73,1,-0.26,neutral,neutral,0,-1.0,21,6788,0,
s23857,ARBUSDT,1786016700000,train,-1,-2.59,0.538,3.98,3.03,0.28,-2.28,0.78,2.06,1.4,0.97,1,-0.31,neutral,neutral,0,-0.331,32,6790,0,
s23858,TIAUSDT,1786016700000,train,-1,-2.74,0.657,3.68,2.85,0.91,-2.43,0.97,1.19,1.02,0.92,1,-0.31,neutral,neutral,0,-0.258,32,6790,1,
s23859,JUPUSDT,1786016700000,train,-1,-2.41,0.542,2.91,2.63,0.48,-2.1,0.72,1.2,0.87,0.83,1,-0.31,neutral,neutral,0,0.208,32,6790,1,
s23860,FETUSDT,1786016700000,train,-1,-2.0,0.5,2.77,2.48,1.66,-1.69,1.0,1.83,1.74,1.73,1,-0.31,neutral,neutral,0,-1.0,20,6789,0,
s23861,ARBUSDT,1786017600000,train,-1,-2.93,0.574,4.0,3.36,0.25,-2.48,1.01,2.17,1.43,0.99,1,-0.45,neutral,neutral,0,-0.46,32,6791,1,
s23862,TIAUSDT,1786017600000,train,-1,-2.66,0.65,3.65,2.91,0.64,-2.21,0.99,1.22,1.04,0.93,1,-0.45,neutral,bajista,0,-0.379,32,6791,2,
s23863,JUPUSDT,1786017600000,train,-1,-2.42,0.542,2.48,2.48,0.66,-1.97,1.11,1.32,0.94,0.84,1,-0.45,neutral,bajista,0,-0.067,32,6791,2,
s23864,FETUSDT,1786017600000,train,-1,-2.15,0.517,3.37,2.86,1.93,-1.7,1.26,1.91,1.81,1.8,1,-0.45,neutral,neutral,0,-1.0,19,6790,1,
s23865,ARBUSDT,1786018500000,train,-1,-2.77,0.543,3.99,3.28,0.25,-2.22,0.81,2.17,1.43,0.99,1,-0.55,neutral,neutral,0,-0.447,32,6792,0,
s23866,TIAUSDT,1786018500000,train,-1,-2.3,0.538,3.64,2.63,0.64,-1.75,0.63,1.22,1.04,0.93,1,-0.55,neutral,neutral,0,-0.291,32,6792,0,
s23867,FETUSDT,1786018500000,train,-1,-2.29,0.571,3.36,2.7,1.63,-1.74,0.99,1.91,1.81,1.8,1,-0.55,neutral,neutral,0,-1.0,18,6791,0,
s23868,WLDUSDT,1786019400000,train,-1,-2.25,0.389,4.41,3.75,0.4,-1.71,0.77,1.65,1.27,1.1,1,-0.55,neutral,neutral,0,0.202,32,6793,1,
s23869,ARBUSDT,1786019400000,train,-1,-2.98,0.595,3.99,3.35,0.25,-2.43,0.78,2.17,1.43,0.99,1,-0.55,neutral,neutral,0,-0.546,32,6793,1,
s23870,TIAUSDT,1786019400000,train,-1,-2.18,0.503,3.63,2.54,0.54,-1.64,0.49,1.22,1.04,0.93,1,-0.55,neutral,neutral,0,-0.434,32,6793,0,
s23871,FETUSDT,1786019400000,train,-1,-2.21,0.544,3.36,2.48,1.25,-1.67,0.69,1.91,1.81,1.8,1,-0.55,neutral,neutral,0,-1.0,17,6792,0,
s23872,WLDUSDT,1786020300000,train,-1,-3.26,0.593,3.67,3.4,0.42,-2.46,1.0,1.65,1.27,1.1,1,-0.8,neutral,bajista,0,0.184,32,6794,2,
s23873,ARBUSDT,1786020300000,train,-1,-3.27,0.639,3.82,3.4,0.28,-2.47,0.9,2.17,1.43,0.99,1,-0.8,neutral,bajista,0,-0.46,32,6794,2,
s23874,TIAUSDT,1786020300000,train,-1,-2.45,0.554,3.49,2.57,0.52,-1.64,0.58,1.22,1.04,0.93,1,-0.8,neutral,neutral,0,-0.417,32,6794,1,
s23875,JUPUSDT,1786020300000,train,-1,-2.0,0.457,2.1,2.05,1.07,-1.2,0.99,1.32,0.94,0.84,1,-0.8,neutral,neutral,0,-0.216,32,6794,1,
s23876,PENDLEUSDT,1786020300000,train,-1,-2.39,0.607,2.59,2.49,0.38,-1.59,0.84,0.98,0.8,1.3,0,-0.8,neutral,bajista,0,-0.364,32,6794,2,
s23877,FETUSDT,1786020300000,train,-1,-2.78,0.619,3.23,2.86,1.2,-1.98,1.06,1.91,1.81,1.8,1,-0.8,neutral,neutral,0,-1.0,16,6793,1,
s23878,OPUSDT,1786021200000,train,-1,-2.3,0.714,2.59,2.59,4.24,-1.5,1.93,1.37,0.94,0.76,1,-0.8,neutral,bajista,0,-1.0,10,6795,6,
s23879,FETUSDT,1786021200000,train,-1,-2.44,0.586,3.24,2.95,1.05,-1.65,1.46,2.0,1.85,1.84,1,-0.8,neutral,bajista,0,-1.0,15,6794,2,
s23880,FETUSDT,1786022100000,train,-1,-2.44,0.586,3.24,2.8,0.85,-1.7,1.21,2.0,1.85,1.84,1,-0.74,neutral,neutral,0,-1.0,14,6795,0,
s23881,FETUSDT,1786023000000,train,-1,-2.23,0.525,3.23,2.65,0.98,-1.83,0.97,2.0,1.85,1.84,1,-0.4,neutral,neutral,0,-1.0,13,6796,0,
s23882,FETUSDT,1786023900000,train,-1,-2.65,0.607,3.1,2.8,0.97,-2.28,1.03,2.0,1.85,1.84,1,-0.38,neutral,neutral,0,-1.0,12,6797,1,
s23883,FETUSDT,1786024800000,train,-1,-2.59,0.6,3.1,3.03,0.78,-2.4,1.15,2.4,1.93,1.92,1,-0.19,neutral,bajista,0,-1.0,11,6798,2,
s23884,FETUSDT,1786025700000,train,-1,-2.02,0.452,2.58,2.13,0.89,-1.64,0.7,2.4,1.93,1.92,1,-0.38,neutral,neutral,0,-1.0,10,6799,0,
s23885,XPLUSDT,1786027500000,train,1,2.18,0.381,3.05,2.7,2.29,1.93,1.66,1.18,1.64,1.27,0,0.25,neutral,alcista,0,0.441,32,6802,2,
s23886,XPLUSDT,1786028400000,train,1,2.54,0.442,2.81,2.65,2.33,2.1,1.6,1.12,1.34,1.29,0,0.43,neutral,alcista,0,0.455,32,6803,3,
s23887,ENAUSDT,1786034700000,train,1,2.13,0.42,2.95,2.69,0.91,1.62,1.14,1.03,1.0,0.9,1,0.51,neutral,alcista,0,-0.18,32,6810,3,
s23888,PENDLEUSDT,1786034700000,train,1,2.06,0.626,2.58,2.42,1.06,1.55,0.73,0.83,0.89,1.19,0,0.51,neutral,alcista,0,-0.511,32,6810,3,
s23889,FETUSDT,1786034700000,train,1,3.23,0.355,4.69,4.62,2.07,2.71,2.91,3.6,2.6,2.25,1,0.51,neutral,alcista,0,-1.0,30,6809,4,
s23890,XPLUSDT,1786035600000,train,1,2.51,0.367,3.11,2.91,0.86,1.8,1.2,1.29,1.4,1.37,0,0.71,neutral,neutral,0,0.509,32,6811,1,
s23891,OPUSDT,1786035600000,train,1,3.53,0.714,3.97,3.41,0.65,2.81,1.03,1.6,1.07,0.73,1,0.71,neutral,neutral,0,-0.3,32,6811,0,
s23892,XPLUSDT,1786036500000,train,1,3.48,0.487,3.58,3.46,0.9,2.8,1.61,1.29,1.4,1.37,0,0.68,neutral,alcista,0,0.169,32,6812,2,
s23893,XPLUSDT,1786037400000,train,1,2.35,0.389,3.19,3.05,1.1,2.04,1.49,1.29,1.4,1.37,0,0.3,neutral,neutral,0,0.452,32,6813,0,
s23894,LDOUSDT,1786037400000,testB,-1,-3.1,0.59,4.07,3.34,2.09,-3.4,2.03,0.96,0.92,1.07,0,0.3,neutral,bajista,0,-0.563,32,6812,4,
s23895,XPLUSDT,1786038300000,train,1,2.79,0.469,3.6,3.2,1.16,2.51,1.49,1.29,1.4,1.37,0,0.28,neutral,neutral,0,0.364,32,6814,1,
s23896,LDOUSDT,1786038300000,testB,-1,-2.88,0.57,4.04,3.52,1.93,-3.15,2.08,0.96,0.92,1.07,0,0.28,neutral,bajista,0,-0.505,32,6813,5,
s23897,XPLUSDT,1786039200000,train,1,3.01,0.508,3.6,3.29,1.11,2.9,1.48,1.4,1.41,1.41,0,0.11,neutral,alcista,0,0.402,32,6815,2,
s23898,PUMPUSDT,1786039200000,train,1,3.52,0.438,5.21,4.33,0.94,3.41,1.72,1.56,1.28,1.07,1,0.11,neutral,alcista,0,-0.097,32,6815,2,
s23899,LDOUSDT,1786039200000,testB,-1,-2.68,0.53,4.04,3.41,2.28,-2.79,1.77,0.97,0.91,1.02,0,0.11,neutral,neutral,0,-0.531,32,6814,0,
s23900,XPLUSDT,1786040100000,train,1,2.49,0.387,3.44,2.6,1.13,2.37,0.71,1.4,1.41,1.41,0,0.13,neutral,neutral,0,0.628,32,6816,0,
s23901,STXUSDT,1786041000000,testB,-1,-2.19,0.527,3.0,2.85,5.0,-1.57,1.71,1.1,0.85,0.7,1,-0.62,neutral,neutral,0,-0.27,32,6816,1,
s23902,LDOUSDT,1786041000000,testB,-1,-2.37,0.455,4.02,2.84,0.85,-1.75,0.97,0.97,0.91,1.02,0,-0.62,neutral,neutral,0,-0.28,32,6816,1,
s23903,LDOUSDT,1786041900000,testB,-1,-2.33,0.445,4.01,2.59,0.77,-1.77,0.65,0.97,0.91,1.02,0,-0.56,neutral,neutral,0,-0.04,32,6817,0,
s23904,PUMPUSDT,1786043700000,train,1,2.95,0.382,5.23,3.92,0.62,3.62,0.89,1.48,1.32,1.07,1,-0.66,neutral,neutral,0,0.409,32,6820,0,
s23905,STXUSDT,1786043700000,testB,-1,-2.03,0.429,3.0,2.53,2.17,-1.37,1.11,1.21,0.93,0.76,1,-0.66,neutral,neutral,0,-0.212,32,6819,1,
s23906,PUMPUSDT,1786044600000,train,1,4.02,0.535,4.92,3.99,0.7,4.53,1.13,1.48,1.32,1.07,1,-0.51,neutral,neutral,0,0.063,32,6821,1,
s23907,PUMPUSDT,1786045500000,train,1,2.94,0.447,4.33,3.32,0.67,3.24,0.93,1.48,1.32,1.07,1,-0.3,neutral,neutral,0,-0.443,32,6822,0,
s23908,STXUSDT,1786045500000,testB,-1,-2.11,0.412,3.16,2.85,1.31,-1.82,1.29,1.21,0.93,0.76,1,-0.3,neutral,neutral,0,-0.081,32,6821,1,
s23909,XPLUSDT,1786046400000,train,1,2.83,0.404,3.51,2.83,2.12,3.02,1.25,1.63,1.4,1.47,0,-0.19,neutral,neutral,0,0.288,32,6823,1,
s23910,PUMPUSDT,1786046400000,train,1,3.54,0.494,4.29,3.58,0.77,3.72,1.82,1.28,1.38,1.07,0,-0.19,neutral,neutral,0,-0.465,32,6823,1,
s23911,XPLUSDT,1786047300000,train,1,2.6,0.385,3.25,2.67,2.22,2.86,1.26,1.63,1.4,1.47,0,-0.26,neutral,alcista,0,0.335,32,6824,2,
s23912,PUMPUSDT,1786047300000,train,1,2.3,0.386,3.71,2.96,0.93,2.56,1.69,1.28,1.38,1.07,0,-0.26,neutral,neutral,0,-0.62,32,6824,0,
s23913,STXUSDT,1786047300000,testB,-1,-2.26,0.395,3.63,2.93,1.15,-2.0,1.17,1.32,0.96,0.8,1,-0.26,neutral,neutral,0,-0.105,32,6823,1,
s23914,PUMPUSDT,1786048200000,train,1,3.34,0.549,3.9,3.48,1.01,3.73,1.9,1.28,1.38,1.07,0,-0.39,neutral,neutral,0,-0.69,32,6825,1,
s23915,STXUSDT,1786048200000,testB,-1,-2.63,0.493,3.62,2.77,1.1,-2.24,0.87,1.32,0.96,0.8,1,-0.39,neutral,neutral,0,-0.028,32,6824,0,
s23916,PUMPUSDT,1786049100000,train,1,2.74,0.41,3.75,2.71,0.94,3.24,1.09,1.28,1.38,1.07,0,-0.49,neutral,neutral,0,-0.446,32,6826,0,
s23917,ONDOUSDT,1786049100000,train,-1,-2.75,0.607,3.39,3.11,4.09,-2.26,1.87,0.78,0.84,0.65,0,-0.49,neutral,bajista,0,0.911,32,6825,3,
s23918,FETUSDT,1786049100000,train,-1,-2.34,0.559,3.27,2.91,0.39,-1.85,-0.04,2.94,2.69,2.08,1,-0.49,neutral,neutral,0,0.825,32,6825,1,
s23919,STXUSDT,1786049100000,testB,-1,-2.41,0.471,3.47,2.62,0.74,-1.91,0.8,1.32,0.96,0.8,1,-0.49,neutral,neutral,0,-0.029,32,6825,0,
s23920,PUMPUSDT,1786050000000,train,1,2.35,0.364,3.55,2.42,0.81,2.71,0.76,1.02,1.25,1.07,0,-0.36,neutral,neutral,0,-1.0,27,6827,0,
s23921,ONDOUSDT,1786050000000,train,-1,-2.67,0.579,3.32,2.88,4.01,-2.31,1.56,0.84,0.83,0.67,1,-0.36,neutral,neutral,0,0.952,32,6826,0,
s23922,STXUSDT,1786050000000,testB,-1,-2.03,0.37,3.45,2.23,0.31,-1.67,0.37,1.27,0.94,0.81,1,-0.36,neutral,neutral,0,-0.069,32,6826,0,
s23923,APEUSDT,1786050900000,testB,1,2.56,0.68,3.15,3.15,3.44,2.93,2.09,1.21,1.21,0.85,1,-0.37,neutral,alcista,0,-0.581,32,6827,2,
s23924,TIAUSDT,1786051800000,train,1,2.52,0.454,3.58,3.25,5,2.75,2.14,1.99,1.67,1.21,1,-0.23,neutral,alcista,0,-0.609,32,6829,3,
s23925,ONDOUSDT,1786051800000,train,-1,-2.08,0.391,3.31,2.43,3.58,-1.84,0.99,0.84,0.83,0.67,1,-0.23,neutral,neutral,1,2.0,32,6828,1,
s23926,APEUSDT,1786051800000,testB,1,3.17,0.875,4.02,3.29,5,3.4,2.12,1.21,1.21,0.85,1,-0.23,neutral,alcista,0,-0.6,32,6828,3,
s23927,TIAUSDT,1786052700000,train,1,2.57,0.459,4.27,3.62,5,2.83,2.3,1.99,1.67,1.21,1,-0.27,neutral,alcista,0,-0.472,32,6830,4,
s23928,ONDOUSDT,1786052700000,train,-1,-2.53,0.475,3.32,2.68,1.01,-2.27,1.13,0.84,0.83,0.67,1,-0.27,neutral,bajista,0,1.464,32,6829,2,
s23929,LDOUSDT,1786052700000,testB,1,2.13,0.504,2.53,2.42,0.44,2.39,0.65,0.88,0.89,0.96,0,-0.27,neutral,alcista,0,-0.606,32,6829,3,
s23930,APEUSDT,1786052700000,testB,1,2.42,0.552,4.05,2.58,5,2.68,1.25,1.21,1.21,0.85,1,-0.27,neutral,neutral,0,-0.257,32,6829,0,
s23931,TIAUSDT,1786053600000,train,1,2.49,0.436,4.29,3.11,3.62,2.66,1.62,1.97,1.56,1.25,1,-0.17,neutral,neutral,0,-0.429,32,6831,0,
s23932,ONDOUSDT,1786053600000,train,-1,-2.24,0.444,3.12,2.49,0.79,-2.08,1.01,0.9,0.84,0.69,1,-0.17,neutral,bajista,1,2.0,30,6830,3,
s23933,APEUSDT,1786053600000,testB,1,2.04,0.443,3.99,2.22,4.1,2.2,0.86,1.29,1.27,0.91,1,-0.17,neutral,neutral,0,-0.2,32,6830,0,
s23934,TIAUSDT,1786054500000,train,1,2.83,0.503,4.29,3.22,1.0,3.06,1.55,1.97,1.56,1.25,1,-0.23,neutral,neutral,0,-0.486,32,6832,1,
s23935,ONDOUSDT,1786054500000,train,-1,-2.25,0.444,2.77,2.47,0.53,-2.02,1.2,0.9,0.84,0.69,1,-0.23,neutral,bajista,1,2.0,29,6831,4,
s23936,APEUSDT,1786054500000,testB,1,2.04,0.443,3.99,2.22,2.77,2.27,0.83,1.29,1.27,0.91,1,-0.23,neutral,neutral,0,-0.233,32,6831,0,
s23937,TIAUSDT,1786055400000,train,1,2.99,0.544,4.3,2.99,0.69,3.11,1.14,1.97,1.56,1.25,1,-0.11,neutral,neutral,0,-0.475,32,6833,0,
s23938,ONDOUSDT,1786055400000,train,-1,-2.29,0.447,3.32,3.04,0.59,-2.17,1.61,0.9,0.84,0.69,1,-0.11,neutral,bajista,0,0.679,32,6832,5,
s23939,TIAUSDT,1786056300000,train,1,2.77,0.526,3.97,2.73,0.39,2.88,1.14,1.97,1.56,1.25,1,-0.11,neutral,neutral,0,-0.63,32,6834,1,
s23940,ONDOUSDT,1786056300000,train,-1,-2.01,0.374,3.3,2.58,0.7,-1.9,1.02,0.9,0.84,0.69,1,-0.11,neutral,neutral,0,1.172,32,6833,0,
s23941,APEUSDT,1786056300000,testB,1,2.33,0.463,3.75,2.57,1.16,2.44,1.21,1.29,1.27,0.91,1,-0.11,neutral,neutral,0,-0.486,32,6833,1,
s23942,TIAUSDT,1786057200000,train,1,2.67,0.518,3.87,2.84,0.34,2.82,1.25,2.07,1.56,1.3,1,-0.15,neutral,alcista,0,-0.552,32,6835,2,
s23943,ONDOUSDT,1786057200000,train,-1,-2.44,0.484,3.31,2.64,0.71,-2.29,0.93,0.97,0.87,0.71,1,-0.15,neutral,neutral,0,0.937,32,6834,1,
s23944,APEUSDT,1786057200000,testB,1,2.33,0.463,3.75,2.57,0.87,2.48,1.09,1.43,1.32,0.96,1,-0.15,neutral,neutral,0,-0.457,32,6834,0,
s23945,ONDOUSDT,1786058100000,train,-1,-2.47,0.487,3.04,2.59,0.76,-2.24,0.97,0.97,0.87,0.71,1,-0.23,neutral,bajista,0,0.871,32,6835,2,
s23946,APEUSDT,1786058100000,testB,1,2.71,0.514,3.74,2.86,1.07,2.94,1.26,1.43,1.32,0.96,1,-0.23,neutral,neutral,0,-0.564,32,6835,1,
s23947,ONDOUSDT,1786059000000,train,-1,-2.43,0.481,2.93,2.71,0.55,-2.11,1.15,0.97,0.87,0.71,1,-0.31,neutral,bajista,0,0.804,32,6836,3,
s23948,APEUSDT,1786059000000,testB,1,2.41,0.444,3.74,2.64,1.15,2.72,0.89,1.43,1.32,0.96,1,-0.31,neutral,neutral,0,-0.583,32,6836,0,
s23949,ONDOUSDT,1786059900000,train,-1,-2.16,0.427,2.93,2.57,0.57,-1.98,0.97,0.97,0.87,0.71,1,-0.18,neutral,neutral,0,0.978,32,6837,0,
s23950,APEUSDT,1786059900000,testB,1,2.71,0.5,3.67,2.71,0.82,2.89,0.94,1.43,1.32,0.96,1,-0.18,neutral,neutral,0,-0.703,32,6837,1,
s23951,ONDOUSDT,1786060800000,train,-1,-2.73,0.495,3.03,2.89,0.76,-2.38,1.33,1.17,0.86,0.76,1,-0.35,neutral,neutral,0,0.612,32,6838,1,
s23952,APEUSDT,1786060800000,testB,1,2.63,0.493,3.37,2.56,1.02,2.98,1.0,1.75,1.47,1.04,1,-0.35,neutral,alcista,0,-0.8,32,6838,2,
s23953,ONDOUSDT,1786061700000,train,-1,-2.92,0.512,3.55,3.1,1.13,-2.6,1.49,1.17,0.86,0.76,1,-0.32,neutral,bajista,0,0.473,32,6839,2,
s23954,MANAUSDT,1786061700000,testB,1,2.03,0.586,2.44,1.99,2.51,2.35,0.94,0.92,0.84,0.81,1,-0.32,neutral,alcista,0,-1.0,15,6839,3,
s23955,APEUSDT,1786061700000,testB,1,2.78,0.507,3.29,2.7,0.86,3.1,1.09,1.75,1.47,1.04,1,-0.32,neutral,alcista,0,-0.892,32,6839,3,
s23956,ONDOUSDT,1786062600000,train,-1,-2.71,0.478,3.43,2.81,1.2,-2.5,1.25,1.17,0.86,0.76,1,-0.21,neutral,neutral,0,0.4,32,6840,0,
s23957,APEUSDT,1786062600000,testB,1,2.99,0.526,3.49,3.05,1.09,3.2,1.47,1.75,1.47,1.04,1,-0.21,neutral,alcista,0,-1.0,16,6840,4,
s23958,APEUSDT,1786063500000,testB,1,3.44,0.561,3.33,3.33,1.24,3.62,1.7,1.75,1.47,1.04,1,-0.17,neutral,alcista,0,-1.0,15,6841,5,
s23959,INJUSDT,1786064400000,train,-1,-2.15,0.566,2.9,2.77,1.25,-1.96,1.2,0.99,1.0,1.1,0,-0.19,neutral,bajista,0,-0.056,32,6843,5,
s23960,INJUSDT,1786065300000,train,-1,-2.1,0.548,2.9,2.66,0.89,-2.07,0.98,0.99,1.0,1.1,0,-0.03,neutral,neutral,0,-0.05,32,6844,0,
s23961,INJUSDT,1786066200000,train,-1,-2.57,0.696,3.02,2.84,0.7,-2.47,1.03,0.99,1.0,1.1,0,-0.1,neutral,neutral,0,-0.094,32,6845,1,
s23962,INJUSDT,1786067100000,train,-1,-3.07,0.763,3.45,3.27,0.96,-3.04,1.32,0.99,1.0,1.1,0,-0.03,neutral,bajista,0,-0.224,32,6846,2,
s23963,INJUSDT,1786068000000,train,-1,-2.08,0.511,2.86,2.15,1.01,-2.03,0.73,1.05,0.93,1.11,0,-0.05,neutral,neutral,0,-0.155,32,6847,0,
s23964,XPLUSDT,1786072500000,train,1,2.68,0.554,3.57,3.0,0.99,2.58,1.13,1.38,1.48,1.43,0,0.11,neutral,neutral,0,-0.139,32,6852,1,
s23965,OPUSDT,1786072500000,train,1,2.56,0.733,2.72,2.72,0.92,2.45,1.19,0.71,0.68,0.84,0,0.11,neutral,neutral,0,0.25,32,6852,1,
s23966,XPLUSDT,1786073400000,train,1,2.98,0.628,3.67,3.09,1.18,2.8,1.0,1.38,1.48,1.43,0,0.18,neutral,alcista,0,-0.21,32,6853,2,
s23967,OPUSDT,1786073400000,train,1,2.44,0.677,2.73,2.5,0.96,2.26,0.88,0.71,0.68,0.84,0,0.18,neutral,neutral,0,0.227,32,6853,0,
s23968,XPLUSDT,1786074300000,train,1,2.28,0.479,3.26,2.32,1.39,2.33,0.56,1.38,1.48,1.43,0,-0.06,neutral,neutral,0,-0.112,32,6854,0,
s23969,ONDOUSDT,1786074300000,train,-1,-2.2,0.56,2.51,2.42,1.35,-2.15,1.2,1.09,0.96,0.83,1,-0.06,neutral,bajista,0,-0.176,32,6853,3,
s23970,APEUSDT,1786076100000,testB,-1,-2.19,0.395,3.44,3.44,0.57,-2.24,1.41,1.74,1.51,1.21,1,0.05,neutral,bajista,0,0.239,32,6855,8,
s23971,APEUSDT,1786077000000,testB,-1,-3.05,0.568,3.82,3.82,0.64,-2.94,1.63,1.74,1.51,1.21,1,-0.11,neutral,bajista,0,0.137,32,6856,8,
s23972,MANAUSDT,1786077900000,testB,-1,-2.25,0.621,3.0,2.76,1.17,-2.15,1.08,1.21,0.98,0.93,1,-0.1,neutral,neutral,0,-0.116,32,6857,0,
s23973,AXSUSDT,1786077900000,testB,-1,-2.68,0.443,4.24,3.86,0.46,-2.58,0.72,2.37,1.57,1.89,0,-0.1,neutral,bajista,0,-0.723,32,6857,2,
s23974,APEUSDT,1786077900000,testB,-1,-3.4,0.681,3.9,3.75,0.57,-3.3,1.43,1.74,1.51,1.21,1,-0.1,neutral,neutral,0,0.12,32,6857,0,
s23975,AXSUSDT,1786078800000,testB,-1,-3.23,0.598,4.16,3.38,0.43,-3.06,0.18,2.48,1.7,1.87,0,-0.18,neutral,neutral,0,-0.624,32,6858,0,
s23976,APEUSDT,1786078800000,testB,-1,-2.76,0.528,3.88,3.28,0.69,-2.58,0.92,1.57,1.5,1.2,1,-0.18,neutral,neutral,0,0.273,32,6858,0,
s23977,XPLUSDT,1786079700000,train,1,2.16,0.477,2.51,2.14,0.91,2.54,1.03,1.53,1.53,1.46,1,-0.38,neutral,neutral,0,-1.0,21,6860,0,
s23978,ONDOUSDT,1786079700000,train,-1,-3.44,0.637,4.03,4.03,1.9,-3.06,2.01,1.58,1.27,0.97,1,-0.38,neutral,neutral,0,-0.583,32,6859,1,
s23979,APEUSDT,1786079700000,testB,-1,-3.25,0.652,3.81,3.36,0.45,-2.87,1.04,1.57,1.5,1.2,1,-0.38,neutral,neutral,0,0.267,32,6859,1,
s23980,XPLUSDT,1786080600000,train,1,2.73,0.537,3.41,2.9,1.72,2.89,2.09,1.53,1.53,1.46,1,-0.16,neutral,neutral,0,-1.0,19,6861,1,
s23981,WLDUSDT,1786080600000,train,-1,-2.25,0.425,3.73,3.09,1.69,-2.1,1.48,1.31,0.97,1.14,0,-0.16,neutral,bajista,0,-1.0,12,6861,2,
s23982,ONDOUSDT,1786080600000,train,-1,-3.2,0.62,4.18,3.63,2.67,-3.05,2.01,1.58,1.27,0.97,1,-0.16,neutral,bajista,0,-0.792,32,6860,2,
s23983,APEUSDT,1786080600000,testB,-1,-2.33,0.552,3.58,3.06,0.35,-2.17,0.93,1.57,1.5,1.2,1,-0.16,neutral,neutral,0,0.317,32,6860,0,
s23984,XPLUSDT,1786081500000,train,1,3.0,0.571,3.53,3.1,2.04,3.13,2.11,1.53,1.53,1.46,1,-0.13,neutral,alcista,0,-1.0,18,6862,2,
s23985,PUMPUSDT,1786081500000,train,-1,-3.77,0.354,6.66,5.27,2.5,-3.64,2.49,1.03,0.93,1.09,0,-0.13,neutral,neutral,0,-0.273,32,6862,0,
s23986,ONDOUSDT,1786081500000,train,-1,-2.39,0.399,4.09,2.68,2.43,-2.26,1.09,1.58,1.27,0.97,1,-0.13,neutral,neutral,0,-0.527,32,6861,0,
s23987,XPLUSDT,1786082400000,train,1,3.72,0.624,4.44,4.01,2.27,3.69,2.82,1.62,1.58,1.5,1,0.03,neutral,alcista,0,-1.0,17,6863,3,
s23988,WLDUSDT,1786082400000,train,-1,-2.11,0.39,3.71,2.43,1.7,-2.14,0.68,1.38,0.94,1.16,0,0.03,neutral,neutral,0,-1.0,10,6863,0,
s23989,APEUSDT,1786082400000,testB,-1,-2.18,0.484,3.56,2.52,0.25,-2.21,0.37,1.18,1.47,1.19,0,0.03,neutral,neutral,0,0.618,32,6862,1,
s23990,XPLUSDT,1786083300000,train,1,3.6,0.589,4.46,3.69,2.56,3.44,2.13,1.62,1.58,1.5,1,0.16,neutral,neutral,0,-1.0,16,6864,0,
s23991,APEUSDT,1786083300000,testB,-1,-2.04,0.467,3.05,2.08,0.28,-2.2,0.28,1.18,1.47,1.19,0,0.16,neutral,bajista,0,0.643,32,6863,2,
s23992,XPLUSDT,1786084200000,train,1,3.71,0.597,4.45,3.83,1.48,3.79,2.07,1.62,1.58,1.5,1,-0.07,neutral,neutral,0,-1.0,15,6865,1,
s23993,XPLUSDT,1786085100000,train,1,3.37,0.518,4.46,3.54,1.31,3.51,1.56,1.62,1.58,1.5,1,-0.14,neutral,neutral,0,-1.0,14,6866,0,
s23994,PUMPUSDT,1786085100000,train,-1,-3.96,0.404,6.52,4.95,0.33,-3.83,1.58,1.01,0.85,1.07,0,-0.14,neutral,bajista,0,-0.07,32,6866,2,
s23995,JUPUSDT,1786085100000,train,1,2.04,0.446,2.92,2.87,5,2.18,1.62,1.29,0.97,1.03,0,-0.14,neutral,neutral,0,-0.321,32,6866,1,
s23996,XPLUSDT,1786086000000,train,1,3.2,0.479,4.47,3.34,0.96,3.2,1.25,1.77,1.55,1.54,1,0.0,neutral,neutral,0,-1.0,13,6867,0,
s23997,PUMPUSDT,1786086000000,train,-1,-3.8,0.394,6.52,4.95,0.31,-3.81,1.38,1.01,0.83,1.09,0,0.0,neutral,neutral,0,-0.167,32,6867,0,
s23998,STBLUSDT,1786086000000,train,1,2.02,0.532,2.81,2.65,4.15,2.02,1.58,1.0,0.85,1.04,0,0.0,neutral,alcista,0,-0.134,32,6867,4,
s23999,JUPUSDT,1786086000000,train,1,2.32,0.5,3.13,3.02,5,2.32,1.6,1.41,1.06,1.07,0,0.0,neutral,alcista,0,-0.286,32,6867,2,
s24000,XPLUSDT,1786086900000,train,1,2.36,0.379,4.48,3.15,0.83,2.23,0.94,1.77,1.55,1.54,1,0.14,neutral,neutral,0,-1.0,12,6868,0,
s24001,PUMPUSDT,1786086900000,train,-1,-4.52,0.507,6.39,4.87,0.32,-4.66,1.35,1.01,0.83,1.09,0,0.14,neutral,neutral,0,-0.152,32,6868,1,
s24002,STBLUSDT,1786086900000,train,1,3.03,0.63,3.76,3.68,2.2,2.89,2.33,1.0,0.85,1.04,0,0.14,neutral,alcista,0,-0.362,32,6868,5,
s24003,JUPUSDT,1786086900000,train,1,2.26,0.494,3.24,3.08,0.75,2.12,1.46,1.41,1.06,1.07,0,0.14,neutral,alcista,0,-0.386,32,6868,3,
s24004,PUMPUSDT,1786087800000,train,-1,-4.65,0.512,5.36,4.92,0.39,-4.7,2.33,1.01,0.83,1.09,0,0.05,neutral,bajista,0,-0.277,32,6869,2,
s24005,STBLUSDT,1786087800000,train,1,2.46,0.473,3.98,3.23,1.32,2.41,1.74,1.0,0.85,1.04,0,0.05,neutral,neutral,0,-0.22,32,6869,0,
s24006,JUPUSDT,1786087800000,train,1,2.59,0.528,3.49,3.44,0.93,2.54,1.69,1.41,1.06,1.07,0,0.05,neutral,alcista,0,-0.422,32,6869,4,
s24007,STBLUSDT,1786088700000,train,1,2.67,0.532,3.98,3.15,1.16,2.63,1.48,1.0,0.85,1.04,0,0.04,neutral,neutral,0,-0.313,32,6870,0,
s24008,JUPUSDT,1786088700000,train,1,3.1,0.7,3.49,3.44,0.94,3.07,1.54,1.41,1.06,1.07,0,0.04,neutral,neutral,0,-0.422,32,6870,0,
s24009,FETUSDT,1786088700000,train,-1,-2.01,0.509,2.74,2.58,3.26,-2.05,1.55,1.0,0.99,1.88,0,0.04,neutral,bajista,0,-1.0,14,6869,4,
s24010,SANDUSDT,1786088700000,testB,1,2.07,0.486,2.58,2.41,1.07,2.03,0.9,0.83,0.76,0.7,1,0.04,neutral,neutral,0,-0.426,32,6869,1,
s24011,AXSUSDT,1786088700000,testB,1,2.21,0.388,2.76,2.27,0.57,2.17,0.72,1.72,1.86,1.76,0,0.04,neutral,neutral,0,-0.162,32,6869,1,
s24012,PUMPUSDT,1786089600000,train,-1,-3.47,0.5,5.0,4.39,0.57,-3.57,1.85,0.93,0.78,1.09,0,0.09,neutral,neutral,0,-0.24,32,6871,1,
s24013,STBLUSDT,1786089600000,train,1,3.27,0.583,4.23,3.87,1.69,3.18,2.01,1.1,0.86,1.05,0,0.09,neutral,neutral,0,-0.657,32,6871,1,
s24014,JUPUSDT,1786089600000,train,1,3.38,0.718,4.34,3.7,1.47,3.29,1.62,1.68,1.2,1.07,1,0.09,neutral,neutral,0,-0.464,32,6871,1,
s24015,FETUSDT,1786089600000,train,-1,-2.0,0.509,2.87,2.04,3.66,-2.09,0.9,1.08,1.03,1.9,0,0.09,neutral,neutral,0,-1.0,13,6870,0,
s24016,SANDUSDT,1786089600000,testB,1,2.13,0.503,2.73,2.2,1.21,2.03,0.59,0.77,0.76,0.71,1,0.09,neutral,neutral,0,-0.196,32,6870,0,
s24017,PUMPUSDT,1786090500000,train,-1,-3.14,0.457,5.0,4.25,0.6,-3.37,1.43,0.93,0.78,1.09,0,0.23,neutral,neutral,0,-0.196,32,6872,0,
s24018,STBLUSDT,1786090500000,train,1,3.15,0.549,4.23,3.72,1.18,2.93,1.66,1.1,0.86,1.05,0,0.23,neutral,neutral,0,-0.716,32,6872,0,
s24019,JUPUSDT,1786090500000,train,1,2.65,0.571,4.36,3.39,1.47,2.42,1.16,1.68,1.2,1.07,1,0.23,neutral,neutral,0,-0.524,32,6872,0,
s24020,SANDUSDT,1786090500000,testB,1,2.1,0.5,2.68,2.23,1.17,1.88,0.63,0.77,0.76,0.71,1,0.23,neutral,neutral,0,-0.333,32,6871,1,
s24021,PUMPUSDT,1786091400000,train,-1,-2.85,0.401,4.98,3.98,0.46,-3.44,0.81,0.93,0.78,1.09,0,0.59,neutral,neutral,0,-0.055,32,6873,0,
s24022,STBLUSDT,1786091400000,train,1,3.61,0.659,4.23,3.8,0.85,3.02,1.61,1.1,0.86,1.05,0,0.59,neutral,neutral,0,-0.629,32,6873,1,
s24023,WLDUSDT,1786091400000,train,1,2.19,0.359,3.72,3.49,1.31,1.6,1.66,1.63,1.13,1.22,0,0.59,neutral,alcista,0,0.415,32,6873,4,
s24024,ENAUSDT,1786091400000,train,1,3.51,0.436,4.77,3.99,2.95,2.92,2.5,1.33,1.06,1.03,1,0.59,neutral,neutral,0,0.045,32,6873,1,
s24025,OPUSDT,1786091400000,train,1,2.06,0.45,2.81,2.13,1.5,1.47,0.6,1.06,0.84,0.98,0,0.59,neutral,neutral,0,-1.0,25,6873,1,
s24026,JUPUSDT,1786091400000,train,1,2.87,0.619,4.35,3.49,1.25,2.28,1.21,1.68,1.2,1.07,1,0.59,neutral,neutral,0,-0.554,32,6873,1,
s24027,SANDUSDT,1786091400000,testB,1,2.05,0.488,2.68,2.2,0.97,1.46,0.59,0.77,0.76,0.71,1,0.59,neutral,neutral,0,-0.25,32,6872,0,
s24028,AXSUSDT,1786091400000,testB,1,2.3,0.414,2.88,2.48,1.0,1.7,0.83,1.71,1.96,1.76,0,0.59,neutral,alcista,0,-0.224,32,6872,2,
s24029,PUMPUSDT,1786092300000,train,-1,-3.93,0.564,5.01,4.53,0.39,-4.47,1.31,0.93,0.78,1.09,0,0.55,neutral,neutral,0,-0.049,32,6874,1,
s24030,STBLUSDT,1786092300000,train,1,3.05,0.503,4.22,3.08,0.86,2.5,0.79,1.1,0.86,1.05,0,0.55,neutral,neutral,0,-0.705,32,6874,0,
s24031,ENAUSDT,1786092300000,train,1,4.79,0.535,5.33,4.98,5,4.25,3.16,1.33,1.06,1.03,1,0.55,neutral,alcista,0,-0.311,32,6874,2,
s24032,JUPUSDT,1786092300000,train,1,2.48,0.542,4.36,3.34,1.22,1.94,0.95,1.68,1.2,1.07,1,0.55,neutral,neutral,0,-0.581,32,6874,0,
s24033,AXSUSDT,1786092300000,testB,1,2.45,0.443,2.75,2.41,0.92,1.9,0.75,1.71,1.96,1.76,0,0.55,neutral,alcista,0,-0.47,32,6873,3,
s24034,PUMPUSDT,1786093200000,train,-1,-4.33,0.586,4.92,4.61,1.0,-5.08,1.99,1.03,0.87,1.08,0,0.75,neutral,bajista,0,-1.0,12,6875,2,
s24035,STBLUSDT,1786093200000,train,1,4.47,0.598,4.9,4.43,0.7,3.72,2.01,1.34,1.05,1.09,0,0.75,neutral,neutral,0,-0.754,32,6875,1,
s24036,ENAUSDT,1786093200000,train,1,3.93,0.455,6.16,4.72,5,3.18,2.57,1.73,1.25,1.11,1,0.75,neutral,neutral,0,-0.366,32,6875,0,
s24037,JUPUSDT,1786093200000,train,1,3.21,0.659,4.34,3.8,0.55,2.46,1.25,1.83,1.29,1.03,1,0.75,neutral,neutral,0,-0.803,32,6875,1,
s24038,AXSUSDT,1786093200000,testB,1,2.16,0.414,2.31,2.08,0.88,1.42,0.78,1.47,1.94,1.71,0,0.75,neutral,alcista,0,-0.548,32,6874,4,
s24039,STBLUSDT,1786094100000,train,1,3.69,0.462,4.97,3.56,1.63,2.68,1.29,1.34,1.05,1.09,0,1.02,neutral,neutral,0,-1.0,32,6876,0,
s24040,ENAUSDT,1786094100000,train,1,4.91,0.597,6.15,4.94,5,3.89,2.64,1.73,1.25,1.11,1,1.02,neutral,neutral,0,-0.554,32,6876,1,
s24041,JUPUSDT,1786094100000,train,1,3.71,0.77,4.33,4.01,0.58,2.7,1.34,1.83,1.29,1.03,1,1.02,neutral,alcista,0,-0.827,32,6876,2,
s24042,STBLUSDT,1786095000000,train,1,4.14,0.49,4.95,3.97,1.78,3.16,1.58,1.34,1.05,1.09,0,0.98,neutral,neutral,0,-1.0,31,6877,1,
s24043,WLDUSDT,1786095000000,train,1,3.02,0.509,3.09,2.93,0.93,2.04,1.28,1.55,1.18,1.1,1,0.98,neutral,alcista,0,0.079,32,6877,2,
s24044,ENAUSDT,1786095000000,train,1,5.07,0.605,5.95,5.01,3.35,4.09,2.65,1.73,1.25,1.11,1,0.98,neutral,alcista,0,-0.509,32,6877,2,
s24045,JUPUSDT,1786095000000,train,1,3.0,0.54,3.98,2.91,0.51,2.02,0.5,1.83,1.29,1.03,1,0.98,neutral,neutral,0,-0.778,32,6877,0,
s24046,XPLUSDT,1786095900000,train,-1,-2.04,0.386,3.72,3.5,0.62,-2.82,0.88,1.72,1.53,1.44,1,0.77,neutral,neutral,0,0.544,32,6878,1,
s24047,STBLUSDT,1786095900000,train,1,3.32,0.383,4.86,3.37,1.76,2.54,0.96,1.34,1.05,1.09,0,0.77,neutral,neutral,0,-1.0,30,6878,0,
s24048,WLDUSDT,1786095900000,train,1,2.36,0.432,2.83,2.57,0.6,1.59,1.05,1.55,1.18,1.1,1,0.77,neutral,neutral,0,0.013,32,6878,0,
s24049,ENAUSDT,1786095900000,train,1,3.96,0.496,5.39,4.09,1.65,3.19,1.99,1.73,1.25,1.11,1,0.77,neutral,neutral,0,-0.527,32,6878,0,
s24050,XPLUSDT,1786096800000,train,-1,-3.09,0.699,3.36,3.27,0.58,-3.77,0.9,1.82,1.54,1.45,1,0.67,neutral,bajista,0,0.452,32,6879,2,
s24051,WLDUSDT,1786096800000,train,1,2.39,0.436,2.73,2.6,0.59,1.72,1.12,1.44,1.2,1.04,1,0.67,neutral,neutral,0,0.051,32,6879,1,
s24052,ENAUSDT,1786096800000,train,1,3.76,0.484,4.97,3.85,0.91,3.09,2.07,2.17,1.46,1.18,1,0.67,neutral,neutral,0,-0.588,32,6879,1,
s24053,XPLUSDT,1786097700000,train,-1,-3.69,0.734,4.38,4.26,0.8,-4.41,1.84,1.82,1.54,1.45,1,0.73,neutral,bajista,0,0.074,32,6880,3,
s24054,WLDUSDT,1786097700000,train,1,2.28,0.425,2.92,2.82,0.5,1.56,1.35,1.44,1.2,1.04,1,0.73,neutral,alcista,0,-0.047,32,6880,2,
s24055,ENAUSDT,1786097700000,train,1,2.63,0.35,4.99,3.43,0.72,1.91,1.45,2.17,1.46,1.18,1,0.73,neutral,neutral,0,-0.629,32,6880,0,
s24056,XPLUSDT,1786098600000,train,-1,-4.13,0.8,5.17,4.58,1.01,-4.91,1.98,1.82,1.54,1.45,1,0.78,neutral,bajista,0,0.083,32,6881,4,
s24057,ENAUSDT,1786098600000,train,1,4.78,0.523,5.87,5.16,1.29,4.0,2.87,2.17,1.46,1.18,1,0.78,neutral,neutral,0,-0.789,32,6881,1,
s24058,XPLUSDT,1786099500000,train,-1,-3.97,0.793,4.86,4.4,0.99,-4.88,2.04,1.82,1.54,1.45,1,0.91,neutral,bajista,0,0.075,32,6882,5,
s24059,WLDUSDT,1786099500000,train,1,2.39,0.458,2.96,2.54,0.49,1.48,0.78,1.44,1.2,1.04,1,0.91,neutral,neutral,0,-0.039,32,6882,0,
s24060,ENAUSDT,1786099500000,train,1,4.05,0.41,5.92,4.42,1.34,3.14,1.83,2.17,1.46,1.18,1,0.91,neutral,neutral,0,-0.71,32,6882,0,
s24061,XPLUSDT,1786100400000,train,-1,-3.33,0.634,4.76,3.84,1.19,-4.3,1.39,1.56,1.52,1.46,1,0.97,neutral,neutral,0,0.092,32,6883,0,
s24062,ENAUSDT,1786100400000,train,1,4.21,0.42,5.9,4.65,1.45,3.24,1.78,2.29,1.54,1.2,1,0.97,neutral,neutral,0,-0.692,32,6883,1,
s24063,XPLUSDT,1786101300000,train,-1,-2.72,0.495,4.14,2.79,1.08,-3.77,0.9,1.56,1.52,1.46,1,1.05,neutral,neutral,0,0.126,32,6884,0,
s24064,WLDUSDT,1786101300000,train,1,2.62,0.476,3.04,2.98,0.61,1.57,1.19,1.23,1.26,1.03,0,1.05,neutral,neutral,0,0.022,32,6884,1,
s24065,ENAUSDT,1786101300000,train,1,4.37,0.429,5.89,4.93,1.37,3.32,1.92,2.29,1.54,1.2,1,1.05,neutral,alcista,0,-0.667,32,6884,2,
s24066,WLDUSDT,1786102200000,train,1,2.56,0.458,3.05,2.72,0.57,1.54,0.9,1.23,1.26,1.03,0,1.02,neutral,neutral,0,-0.012,32,6885,0,
s24067,ENAUSDT,1786102200000,train,1,4.16,0.397,5.93,4.27,0.6,3.14,1.11,2.29,1.54,1.2,1,1.02,neutral,neutral,0,-0.702,32,6885,0,
s24068,WLDUSDT,1786103100000,train,1,2.99,0.497,3.39,2.97,0.75,1.89,1.35,1.23,1.26,1.03,0,1.1,neutral,neutral,0,-0.132,32,6886,1,
s24069,ENAUSDT,1786103100000,train,1,4.13,0.393,5.93,4.05,0.46,3.03,0.79,2.29,1.54,1.2,1,1.1,neutral,neutral,0,-0.611,32,6886,0,
s24070,FETUSDT,1786103100000,train,1,2.28,0.484,3.05,2.53,1.68,1.18,0.81,1.55,1.24,1.85,0,1.1,neutral,neutral,0,0.176,32,6885,0,
s24071,PUMPUSDT,1786104000000,train,1,3.12,0.43,4.72,4.34,0.77,1.8,1.86,0.86,0.94,1.05,0,1.32,neutral,alcista,0,-0.324,32,6887,4,
s24072,WLDUSDT,1786104000000,train,1,2.5,0.455,2.83,2.63,1.17,1.18,1.46,1.35,1.36,1.08,0,1.32,neutral,alcista,0,-0.284,32,6887,2,
s24073,FETUSDT,1786104000000,train,1,2.04,0.458,2.3,2.07,1.16,0.72,1.05,1.7,1.23,1.81,0,1.32,neutral,neutral,0,0.071,32,6886,1,
s24074,WLDUSDT,1786104900000,train,1,2.09,0.382,3.03,2.31,1.27,1.05,1.17,1.35,1.36,1.08,0,1.05,neutral,neutral,0,-0.408,32,6888,0,
s24075,XPLUSDT,1786105800000,train,-1,-2.06,0.506,2.95,2.12,0.8,-2.86,0.71,1.39,1.49,1.48,0,0.81,neutral,neutral,0,0.043,32,6889,1,
s24076,PUMPUSDT,1786107600000,train,1,3.37,0.475,4.46,3.26,0.68,2.62,0.8,0.87,0.94,1.02,0,0.75,neutral,neutral,0,-0.526,32,6891,1,
s24077,STBLUSDT,1786107600000,train,-1,-2.22,0.442,3.66,3.06,0.59,-2.97,0.67,1.39,1.2,1.07,1,0.75,neutral,neutral,0,0.481,32,6891,0,
s24078,PUMPUSDT,1786108500000,train,1,2.6,0.391,4.08,2.71,0.74,2.1,0.53,0.87,0.94,1.02,0,0.5,neutral,neutral,0,-0.698,32,6892,0,
s24079,OPUSDT,1786113900000,train,-1,-2.26,0.4,4.05,3.47,1.64,-2.35,1.67,1.02,1.03,0.85,0,0.09,neutral,bajista,0,0.133,32,6898,2,
s24080,OPUSDT,1786114800000,train,-1,-2.26,0.4,4.16,3.47,1.86,-2.26,1.53,1.1,1.08,0.87,1,0.0,neutral,neutral,0,0.133,32,6899,0,
s24081,OPUSDT,1786115700000,train,-1,-2.48,0.458,4.16,3.35,1.78,-2.39,1.26,1.1,1.08,0.87,1,-0.09,neutral,neutral,0,0.138,32,6900,0,
s24082,OPUSDT,1786117500000,train,-1,-2.14,0.404,4.15,3.11,0.93,-1.97,0.87,1.1,1.08,0.87,1,-0.17,neutral,neutral,0,0.259,32,6902,1,
s24083,PUMPUSDT,1786118400000,train,-1,-2.0,0.353,2.91,2.26,0.64,-1.73,0.73,0.71,0.89,0.87,0,-0.27,neutral,neutral,0,0.442,32,6903,1,
s24084,OPUSDT,1786118400000,train,-1,-2.47,0.5,4.02,2.76,0.63,-2.2,0.63,1.13,1.05,0.84,1,-0.27,neutral,neutral,0,0.417,32,6903,0,
s24085,OPUSDT,1786119300000,train,-1,-2.25,0.476,4.03,3.0,0.58,-1.96,0.73,1.13,1.05,0.84,1,-0.29,neutral,neutral,0,0.308,32,6904,1,
s24086,OPUSDT,1786121100000,train,-1,-2.04,0.45,2.78,2.2,0.36,-1.31,1.12,1.13,1.05,0.84,1,-0.73,neutral,neutral,0,0.105,32,6906,1,
s24087,PUMPUSDT,1786122000000,train,-1,-2.06,0.4,3.46,3.02,0.75,-1.27,1.22,0.7,0.75,0.84,0,-0.79,neutral,neutral,0,0.29,32,6907,0,
s24088,JUPUSDT,1786122000000,train,-1,-2.16,0.513,2.98,2.71,1.78,-1.37,1.36,1.29,1.63,1.11,0,-0.79,neutral,bajista,0,0.122,32,6907,5,
s24089,PUMPUSDT,1786122900000,train,-1,-2.15,0.41,3.47,3.29,0.95,-1.29,1.29,0.7,0.75,0.84,0,-0.86,neutral,neutral,0,0.027,32,6908,1,
s24090,STBLUSDT,1786122900000,train,-1,-2.6,0.579,3.4,2.79,0.74,-1.75,1.38,1.08,1.34,1.14,0,-0.86,neutral,neutral,0,0.072,32,6908,1,
s24091,OPUSDT,1786122900000,train,-1,-2.5,0.55,3.38,3.03,0.9,-1.65,1.49,1.35,1.11,0.87,1,-0.86,neutral,bajista,0,-0.269,32,6908,3,
s24092,JUPUSDT,1786122900000,train,-1,-2.22,0.519,2.99,2.76,1.88,-1.36,1.25,1.29,1.63,1.11,0,-0.86,neutral,bajista,0,0.04,32,6908,6,
s24093,STBLUSDT,1786123800000,train,-1,-2.57,0.575,3.4,2.84,0.92,-1.62,1.28,1.08,1.34,1.14,0,-0.94,neutral,bajista,0,-0.286,32,6909,2,
s24094,OPUSDT,1786123800000,train,-1,-2.16,0.442,3.25,2.32,1.64,-1.21,0.82,1.35,1.11,0.87,1,-0.94,neutral,neutral,0,-0.2,32,6909,0,
s24095,JUPUSDT,1786123800000,train,-1,-2.05,0.463,2.75,2.2,2.14,-1.11,0.83,1.29,1.63,1.11,0,-0.94,neutral,neutral,0,0.175,32,6909,0,
s24096,ONDOUSDT,1786123800000,train,-1,-2.4,0.381,2.72,2.54,0.98,-1.46,1.01,1.32,1.11,1.17,0,-0.94,neutral,bajista,0,-0.557,32,6908,6,
s24097,STBLUSDT,1786124700000,train,-1,-2.02,0.443,3.39,2.5,0.89,-1.64,0.87,1.08,1.34,1.14,0,-0.38,neutral,neutral,0,-0.226,32,6910,0,
s24098,JUPUSDT,1786124700000,train,-1,-2.0,0.457,2.48,2.04,2.17,-1.62,0.85,1.29,1.63,1.11,0,-0.38,neutral,neutral,0,0.135,32,6910,1,
s24099,STBLUSDT,1786126500000,train,-1,-2.06,0.433,3.27,2.38,0.39,-1.47,0.81,0.97,1.18,1.0,0,-0.59,neutral,neutral,0,-0.203,32,6912,1,
s24100,ONDOUSDT,1786126500000,train,-1,-2.29,0.474,3.0,2.4,1.37,-1.7,0.68,1.2,1.11,1.21,0,-0.59,neutral,neutral,0,-0.422,32,6911,0,
s24101,STBLUSDT,1786127400000,train,-1,-2.17,0.455,3.23,2.43,0.24,-1.6,0.78,0.97,1.18,1.0,0,-0.58,neutral,bajista,0,-0.2,32,6913,2,
s24102,ONDOUSDT,1786127400000,train,-1,-2.1,0.451,2.49,2.29,1.36,-1.52,0.91,1.2,1.11,1.21,0,-0.58,neutral,neutral,0,-0.57,32,6912,1,
s24103,PENDLEUSDT,1786135500000,train,1,2.35,0.504,3.09,2.73,1.44,2.1,1.12,1.03,1.04,0.84,0,0.25,neutral,neutral,0,-0.203,32,6922,1,
s24104,TIAUSDT,1786136400000,train,1,2.1,0.791,2.24,2.12,3.0,1.63,0.92,0.8,0.9,0.89,0,0.47,neutral,alcista,0,-0.1,32,6923,6,
s24105,PENDLEUSDT,1786136400000,train,1,2.22,0.462,3.1,2.43,0.87,1.75,0.8,1.04,1.04,0.85,1,0.47,neutral,neutral,0,-0.11,32,6923,0,
s24106,PUMPUSDT,1786139100000,train,-1,-2.64,0.357,4.84,4.31,2.19,-2.88,1.98,0.6,0.68,0.78,0,0.24,neutral,bajista,0,-0.381,32,6926,4,
s24107,PUMPUSDT,1786140900000,train,-1,-2.88,0.396,4.83,3.99,2.64,-3.06,1.47,0.57,0.64,0.77,0,0.17,neutral,neutral,0,-0.344,32,6928,1,
s24108,ENAUSDT,1786142700000,train,-1,-2.45,0.477,3.4,3.24,2.75,-2.68,1.95,0.8,1.08,1.27,0,0.22,neutral,bajista,0,0.253,32,6930,7,
s24109,PENDLEUSDT,1786142700000,train,1,2.41,0.369,2.6,2.35,0.72,2.19,0.99,1.07,1.08,0.87,0,0.22,neutral,neutral,0,-0.673,32,6930,1,
s24110,PUMPUSDT,1786143600000,train,-1,-2.66,0.403,4.8,3.3,0.58,-2.72,0.68,0.51,0.61,0.76,0,0.07,neutral,neutral,0,-0.093,32,6931,0,
s24111,ENAUSDT,1786143600000,train,-1,-2.49,0.49,3.4,3.11,2.71,-2.56,1.62,0.74,1.04,1.3,0,0.07,neutral,neutral,0,0.404,32,6931,0,
s24112,PUMPUSDT,1786144500000,train,-1,-3.09,0.439,4.82,3.85,0.55,-2.99,1.05,0.51,0.61,0.76,0,-0.1,neutral,neutral,0,-0.218,32,6932,1,
s24113,ENAUSDT,1786144500000,train,-1,-3.46,0.617,4.14,3.92,3.56,-3.36,2.14,0.74,1.04,1.3,0,-0.1,neutral,neutral,0,0.006,32,6932,1,
s24114,PUMPUSDT,1786145400000,train,-1,-2.79,0.394,4.81,3.67,0.53,-2.67,0.78,0.51,0.61,0.76,0,-0.12,neutral,neutral,0,-0.217,32,6933,0,
s24115,ENAUSDT,1786145400000,train,-1,-2.87,0.526,4.13,3.69,1.75,-2.75,1.77,0.74,1.04,1.3,0,-0.12,neutral,neutral,0,0.08,32,6933,0,
s24116,PUMPUSDT,1786146300000,train,-1,-3.46,0.536,4.73,3.62,0.38,-3.38,0.86,0.51,0.61,0.76,0,-0.07,neutral,neutral,0,-0.256,32,6934,0,
s24117,ENAUSDT,1786146300000,train,-1,-2.88,0.532,4.12,3.37,1.44,-2.81,1.35,0.74,1.04,1.3,0,-0.07,neutral,neutral,0,0.159,32,6934,0,
s24118,ENAUSDT,1786147200000,train,-1,-2.57,0.489,4.11,3.29,1.64,-2.43,1.18,0.84,0.93,1.32,0,-0.14,neutral,neutral,0,0.239,32,6935,0,
s24119,ENAUSDT,1786148100000,train,-1,-3.3,0.613,4.0,3.64,0.99,-3.16,1.43,0.84,0.93,1.32,0,-0.15,neutral,neutral,0,-0.012,32,6936,1,
s24120,ENAUSDT,1786149000000,train,-1,-3.34,0.615,4.3,3.97,1.1,-3.25,1.63,0.84,0.93,1.32,0,-0.09,neutral,bajista,0,-0.136,32,6937,2,
s24121,0GUSDT,1786149900000,train,1,2.91,0.568,4.18,3.84,5,2.99,2.55,0.58,0.58,0.63,0,-0.08,neutral,alcista,0,1.158,32,6938,4,
s24122,ENAUSDT,1786149900000,train,-1,-3.71,0.72,4.3,4.04,1.01,-3.63,1.5,0.84,0.93,1.32,0,-0.08,neutral,bajista,0,-0.096,32,6938,3,
s24123,FETUSDT,1786149900000,train,1,2.15,0.492,2.54,2.1,2.13,2.23,1.0,0.59,0.83,1.04,0,-0.08,neutral,alcista,0,0.207,32,6937,2,
s24124,0GUSDT,1786150800000,train,1,3.39,0.605,4.55,4.35,5,3.48,2.8,0.76,0.68,0.65,1,-0.08,neutral,alcista,0,0.769,32,6939,5,
s24125,ENAUSDT,1786150800000,train,-1,-4.53,0.764,5.03,4.78,1.17,-4.45,2.15,1.07,1.0,1.36,0,-0.08,neutral,bajista,0,-0.27,32,6939,4,
s24126,0GUSDT,1786151700000,train,1,3.12,0.529,4.57,4.1,5,3.25,2.3,0.76,0.68,0.65,1,-0.14,neutral,neutral,0,0.918,32,6940,0,
s24127,ENAUSDT,1786151700000,train,-1,-4.39,0.757,5.3,4.78,1.64,-4.25,2.06,1.07,1.0,1.36,0,-0.14,neutral,bajista,0,-0.284,32,6940,5,
s24128,0GUSDT,1786152600000,train,1,3.27,0.566,4.58,3.77,4.23,3.42,1.77,0.76,0.68,0.65,1,-0.15,neutral,neutral,0,0.804,32,6941,0,
s24129,WLDUSDT,1786152600000,train,1,2.01,0.48,3.45,2.84,3.94,2.16,1.47,0.71,0.94,1.17,0,-0.15,neutral,alcista,0,-0.432,32,6941,5,
s24130,ENAUSDT,1786152600000,train,-1,-4.16,0.717,5.01,4.36,1.55,-4.01,1.8,1.07,1.0,1.36,0,-0.15,neutral,neutral,0,-0.283,32,6941,0,
s24131,0GUSDT,1786153500000,train,1,3.06,0.524,4.59,3.64,1.78,3.08,1.47,0.76,0.68,0.65,1,-0.02,neutral,neutral,0,0.907,32,6942,0,
s24132,WLDUSDT,1786153500000,train,1,2.18,0.541,3.46,2.59,3.44,2.21,1.06,0.71,0.94,1.17,0,-0.02,neutral,neutral,0,-0.412,32,6942,0,
s24133,ENAUSDT,1786153500000,train,-1,-3.22,0.643,4.13,3.41,1.43,-3.2,1.57,1.07,1.0,1.36,0,-0.02,neutral,neutral,0,-0.349,32,6942,0,
s24134,FETUSDT,1786153500000,train,1,2.59,0.714,2.6,2.6,1.07,2.61,1.15,0.61,0.78,1.02,0,-0.02,neutral,alcista,0,-0.056,32,6941,2,
s24135,0GUSDT,1786154400000,train,1,3.62,0.605,4.57,3.97,1.05,3.67,1.63,1.05,0.79,0.68,1,-0.05,neutral,neutral,0,1.339,32,6943,1,
s24136,ENAUSDT,1786154400000,train,-1,-3.05,0.598,4.05,3.21,0.86,-3.0,1.26,1.12,0.93,1.34,0,-0.05,neutral,neutral,0,-0.377,32,6943,0,
s24137,0GUSDT,1786155300000,train,1,4.12,0.663,4.56,4.29,0.95,4.11,1.85,1.05,0.79,0.68,1,0.01,neutral,alcista,0,1.156,32,6944,2,
s24138,ENAUSDT,1786155300000,train,-1,-2.92,0.583,3.89,3.02,0.44,-2.93,1.11,1.12,0.93,1.34,0,0.01,neutral,neutral,0,-0.415,32,6944,0,
s24139,0GUSDT,1786156200000,train,1,4.89,0.729,5.13,4.66,1.59,4.82,2.21,1.05,0.79,0.68,1,0.07,neutral,alcista,0,0.843,32,6945,3,
s24140,0GUSDT,1786157100000,train,1,4.32,0.633,5.01,4.21,1.72,4.27,1.72,1.05,0.79,0.68,1,0.05,neutral,neutral,0,1.032,32,6946,0,
s24141,FETUSDT,1786157100000,train,1,2.29,0.477,2.31,2.24,1.85,2.24,0.88,0.78,0.78,1.05,0,0.05,neutral,alcista,0,-0.032,32,6945,2,
s24142,0GUSDT,1786158000000,train,1,3.83,0.556,4.83,3.75,1.77,3.76,1.33,1.22,0.86,0.7,1,0.07,neutral,neutral,0,1.25,32,6947,0,
s24143,0GUSDT,1786158900000,train,1,3.26,0.485,4.5,3.22,1.72,3.04,1.03,1.22,0.86,0.7,1,0.22,neutral,neutral,1,2.0,32,6948,0,
s24144,0GUSDT,1786159800000,train,1,3.53,0.505,4.48,3.61,1.01,3.35,1.27,1.22,0.86,0.7,1,0.18,neutral,neutral,0,1.241,32,6949,1,
s24145,0GUSDT,1786160700000,train,1,4.44,0.582,4.45,4.32,0.75,4.26,1.8,1.22,0.86,0.7,1,0.18,neutral,alcista,0,0.892,32,6950,2,
s24146,0GUSDT,1786161600000,train,1,5.19,0.62,5.07,4.94,1.17,5.07,2.37,1.62,0.99,0.74,1,0.12,neutral,alcista,0,0.813,32,6951,3,
s24147,0GUSDT,1786162500000,train,1,3.93,0.456,4.77,3.91,1.41,3.74,1.45,1.62,0.99,0.74,1,0.19,neutral,neutral,0,1.271,32,6952,0,
s24148,ENAUSDT,1786166100000,train,1,2.08,0.824,2.4,2.28,0.88,1.91,1.0,0.97,0.86,1.37,0,0.18,neutral,alcista,0,-0.364,32,6956,8,
s24149,0GUSDT,1786170600000,train,1,3.4,0.378,4.96,4.45,2.36,3.29,3.19,2.51,1.51,0.99,1,0.1,neutral,alcista,0,-0.464,32,6961,5,
s24150,OPUSDT,1786185900000,train,1,2.3,0.667,2.93,2.59,2.02,2.3,1.55,0.8,0.63,0.74,0,0.0,neutral,alcista,0,0.087,32,6978,4,
s24151,OPUSDT,1786186800000,train,1,2.42,0.724,2.93,2.48,2.37,2.41,1.31,0.93,0.69,0.76,0,0.02,neutral,neutral,0,0.136,32,6979,0,
s24152,0GUSDT,1786187700000,train,1,3.89,0.407,4.95,4.06,1.32,3.93,1.58,4.29,3.05,1.68,1,-0.04,neutral,alcista,0,-1.0,14,6980,3,
s24153,OPUSDT,1786187700000,train,1,2.54,0.733,2.92,2.7,1.9,2.58,1.39,0.93,0.69,0.76,0,-0.04,neutral,neutral,0,0.042,32,6980,1,
s24154,OPUSDT,1786189500000,train,1,2.19,0.613,2.82,2.37,1.07,2.19,0.99,0.93,0.69,0.76,0,0.0,neutral,neutral,0,0.095,32,6982,1,
s24155,INJUSDT,1786189500000,train,-1,-2.01,0.6,3.64,2.5,4.15,-2.01,1.14,1.16,0.84,0.74,1,0.0,neutral,neutral,0,-0.1,32,6982,1,
s24156,0GUSDT,1786190400000,train,1,3.47,0.376,4.94,4.3,1.96,3.4,1.83,4.35,3.47,1.94,1,0.07,neutral,alcista,0,-1.0,11,6983,2,
s24157,OPUSDT,1786190400000,train,1,2.42,0.636,2.81,2.59,0.72,2.35,1.09,1.07,0.79,0.75,1,0.07,neutral,alcista,0,0.0,32,6983,2,
s24158,0GUSDT,1786191300000,train,1,3.46,0.376,4.49,4.04,1.36,3.47,1.74,4.35,3.47,1.94,1,-0.01,neutral,alcista,0,-1.0,10,6984,3,
s24159,OPUSDT,1786191300000,train,1,2.88,0.714,2.8,2.8,0.81,2.89,1.26,1.07,0.79,0.75,1,-0.01,neutral,alcista,0,-0.08,32,6984,3,
s24160,0GUSDT,1786192200000,train,1,3.32,0.367,4.67,4.16,1.49,3.33,1.57,4.35,3.47,1.94,1,-0.01,neutral,alcista,0,-1.0,9,6985,4,
s24161,OPUSDT,1786192200000,train,1,2.42,0.6,3.15,2.58,1.09,2.43,0.95,1.07,0.79,0.75,1,-0.01,neutral,neutral,0,-0.087,32,6985,0,
s24162,INJUSDT,1786192200000,train,-1,-2.18,0.62,3.53,2.44,0.4,-2.17,0.96,1.16,0.83,0.73,1,-0.01,neutral,neutral,0,-0.374,32,6985,1,
s24163,OPUSDT,1786193100000,train,1,2.53,0.611,2.91,2.58,1.21,2.51,1.06,1.07,0.79,0.75,1,0.02,neutral,neutral,0,-0.13,32,6986,1,
s24164,INJUSDT,1786193100000,train,-1,-2.14,0.608,3.53,2.41,0.39,-2.16,0.84,1.16,0.83,0.73,1,0.02,neutral,neutral,0,-0.349,32,6986,0,
s24165,OPUSDT,1786194000000,train,1,2.29,0.588,2.58,2.24,1.08,2.29,0.98,1.12,0.83,0.74,1,0.0,neutral,alcista,0,-0.15,32,6987,2,
s24166,INJUSDT,1786195800000,train,-1,-2.28,0.58,3.15,2.38,0.4,-2.27,0.99,1.24,0.85,0.73,1,-0.01,neutral,neutral,0,-0.385,32,6989,1,
s24167,INJUSDT,1786196700000,train,-1,-2.21,0.566,3.08,2.28,0.49,-2.25,0.86,1.24,0.85,0.73,1,0.04,neutral,neutral,0,-0.42,32,6990,0,
s24168,PENDLEUSDT,1786198500000,train,1,2.09,0.535,2.11,2.06,1.95,1.93,1.44,0.66,0.65,0.74,0,0.16,neutral,alcista,0,-0.066,32,6992,3,
s24169,0GUSDT,1786200300000,train,-1,-3.2,0.373,6.35,5.69,0.7,-3.39,2.54,4.39,3.92,2.27,1,0.18,neutral,bajista,0,0.116,32,6994,4,
s24170,PENDLEUSDT,1786200300000,train,1,2.12,0.539,2.39,2.09,2.59,1.93,1.41,0.66,0.65,0.74,0,0.18,neutral,neutral,0,-0.35,32,6994,1,
s24171,0GUSDT,1786201200000,train,-1,-3.39,0.393,6.43,5.83,0.64,-3.53,2.42,4.34,4.01,2.37,1,0.14,neutral,bajista,0,0.136,32,6995,5,
s24172,0GUSDT,1786202100000,train,-1,-3.3,0.382,6.36,4.79,0.67,-3.48,1.26,4.34,4.01,2.37,1,0.18,neutral,neutral,0,0.37,32,6996,0,
s24173,SUIUSDT,1786202100000,train,1,2.28,0.805,2.7,2.38,4.95,2.1,1.32,1.95,1.84,1.33,1,0.18,neutral,alcista,0,-1.0,31,6996,7,
s24174,PUMPUSDT,1786203000000,train,1,2.61,0.37,3.39,3.3,1.91,2.47,1.75,0.68,0.5,0.49,1,0.13,neutral,neutral,0,0.756,32,6997,1,
s24175,0GUSDT,1786204800000,train,-1,-4.11,0.546,6.4,5.41,0.44,-4.22,1.63,3.89,3.9,2.39,0,0.1,neutral,bajista,0,0.159,32,6999,2,
s24176,0GUSDT,1786205700000,train,-1,-4.04,0.533,6.39,5.13,0.37,-4.19,1.12,3.89,3.9,2.39,0,0.15,neutral,neutral,0,0.333,32,7000,0,
s24177,PUMPUSDT,1786206600000,train,1,2.35,0.458,3.61,2.64,1.07,2.27,0.7,0.77,0.54,0.49,1,0.08,neutral,neutral,0,1.097,32,7001,0,
s24178,0GUSDT,1786206600000,train,-1,-3.6,0.449,6.35,4.52,0.31,-3.68,0.5,3.89,3.9,2.39,0,0.08,neutral,neutral,0,0.507,32,7001,0,
s24179,PUMPUSDT,1786207500000,train,1,3.49,0.606,3.58,3.46,1.08,3.36,1.45,0.77,0.54,0.49,1,0.13,neutral,neutral,0,0.598,32,7002,1,
s24180,0GUSDT,1786207500000,train,-1,-3.16,0.403,5.95,3.99,0.33,-3.29,0.47,3.89,3.9,2.39,0,0.13,neutral,neutral,0,0.328,32,7002,0,
s24181,PUMPUSDT,1786208400000,train,1,3.22,0.587,3.58,3.45,0.96,3.05,1.39,0.91,0.62,0.51,1,0.17,neutral,alcista,0,0.646,32,7003,2,
s24182,0GUSDT,1786208400000,train,-1,-3.66,0.46,5.57,3.93,0.31,-3.83,0.75,3.18,3.85,2.4,0,0.17,neutral,neutral,0,-0.0,32,7003,1,
s24183,PUMPUSDT,1786209300000,train,1,3.86,0.631,4.68,4.14,1.37,3.73,2.05,0.91,0.62,0.51,1,0.14,neutral,alcista,0,0.232,32,7004,3,
s24184,STBLUSDT,1786209300000,train,1,2.13,0.426,4.17,3.13,1.4,1.99,1.39,0.6,0.46,0.38,1,0.14,neutral,neutral,0,-0.282,32,7004,0,
s24185,PUMPUSDT,1786210200000,train,1,4.01,0.667,4.69,4.02,1.55,3.82,1.77,0.91,0.62,0.51,1,0.19,neutral,neutral,0,0.396,32,7005,0,
s24186,STBLUSDT,1786210200000,train,1,2.46,0.5,4.16,3.24,1.33,2.28,1.38,0.6,0.46,0.38,1,0.19,neutral,neutral,0,-0.321,32,7005,1,
s24187,PENDLEUSDT,1786210200000,train,1,2.18,0.614,2.22,2.13,0.57,1.99,0.93,0.82,0.69,0.74,0,0.19,neutral,alcista,0,-0.674,32,7005,4,
s24188,PUMPUSDT,1786211100000,train,1,4.01,0.667,4.69,3.94,1.26,3.85,1.47,0.91,0.62,0.51,1,0.16,neutral,neutral,0,0.691,32,7006,0,
s24189,STBLUSDT,1786211100000,train,1,2.01,0.392,4.18,2.93,0.46,1.85,0.96,0.6,0.46,0.38,1,0.16,neutral,neutral,0,-0.288,32,7006,0,
s24190,PUMPUSDT,1786212000000,train,1,2.76,0.525,3.74,2.73,1.12,2.7,1.09,0.77,0.62,0.51,1,0.06,neutral,neutral,0,1.415,32,7007,0,
s24191,STBLUSDT,1786212000000,train,1,2.22,0.45,4.18,2.82,0.33,2.16,0.8,0.63,0.47,0.38,1,0.06,neutral,neutral,0,-0.229,32,7007,0,
s24192,PUMPUSDT,1786212900000,train,1,2.45,0.496,3.48,2.6,0.54,2.59,1.13,0.77,0.62,0.51,1,-0.14,neutral,neutral,0,1.645,32,7008,1,
s24193,STBLUSDT,1786212900000,train,1,2.3,0.459,4.17,3.17,0.36,2.43,1.08,0.63,0.47,0.38,1,-0.14,neutral,neutral,0,-0.266,32,7008,1,
s24194,PUMPUSDT,1786213800000,train,1,2.58,0.536,3.48,2.56,0.39,2.67,1.0,0.77,0.62,0.51,1,-0.08,neutral,neutral,0,1.344,32,7009,0,
s24195,STBLUSDT,1786213800000,train,1,2.22,0.435,4.18,2.82,0.39,2.3,0.63,0.63,0.47,0.38,1,-0.08,neutral,neutral,0,-0.143,32,7009,0,
s24196,STBLUSDT,1786214700000,train,1,2.22,0.435,4.19,2.74,0.41,2.35,0.54,0.63,0.47,0.38,1,-0.13,neutral,neutral,0,-0.132,32,7010,0,
s24197,STBLUSDT,1786215600000,train,1,2.39,0.483,3.91,2.42,0.4,2.52,0.42,0.58,0.47,0.38,1,-0.13,neutral,neutral,0,-0.217,32,7011,0,
s24198,PUMPUSDT,1786216500000,train,1,2.18,0.459,3.22,2.8,0.3,2.28,1.07,0.79,0.64,0.51,1,-0.1,neutral,alcista,0,0.776,32,7012,2,
s24199,STBLUSDT,1786216500000,train,1,2.18,0.461,3.79,2.3,0.36,2.28,0.42,0.58,0.47,0.38,1,-0.1,neutral,neutral,0,-0.228,32,7012,0,
s24200,STBLUSDT,1786217400000,train,1,2.05,0.446,3.74,2.29,0.34,2.08,0.42,0.58,0.47,0.38,1,-0.03,neutral,neutral,0,-0.211,32,7013,1,
s24201,STBLUSDT,1786218300000,train,1,2.1,0.459,3.67,2.1,0.42,2.1,0.3,0.58,0.47,0.38,1,-0.01,neutral,neutral,0,-0.115,32,7014,0,
s24202,PUMPUSDT,1786221000000,train,1,2.3,0.458,3.03,2.74,0.82,2.27,0.99,0.79,0.64,0.51,1,0.03,neutral,alcista,0,1.348,32,7017,2,
s24203,AXSUSDT,1786221000000,testB,1,2.27,0.571,2.59,2.5,1.19,2.24,1.4,0.97,0.66,0.6,1,0.03,neutral,alcista,0,-0.095,32,7016,3,
s24204,AXSUSDT,1786221900000,testB,1,2.25,0.562,2.96,2.27,1.78,2.27,1.03,0.97,0.66,0.6,1,-0.01,neutral,neutral,0,0.249,32,7017,0,
s24205,PUMPUSDT,1786233600000,train,1,2.35,0.364,3.36,2.87,1.93,2.53,1.35,0.66,0.72,0.55,0,-0.18,neutral,neutral,0,0.729,32,7031,1,
s24206,0GUSDT,1786239000000,train,1,2.66,0.377,4.6,3.76,3.27,2.93,2.02,1.39,1.47,2.72,0,-0.27,neutral,alcista,0,-1.0,31,7037,4,
s24207,ONDOUSDT,1786239000000,train,-1,-2.01,0.568,2.37,2.11,1.38,-1.74,1.24,0.52,0.53,0.51,0,-0.27,neutral,bajista,0,-0.219,32,7036,3,
s24208,PUMPUSDT,1786239900000,train,1,2.68,0.356,4.12,3.38,1.24,2.91,1.42,0.77,0.79,0.59,0,-0.23,neutral,alcista,0,0.771,32,7038,2,
s24209,0GUSDT,1786239900000,train,1,3.12,0.416,4.63,4.5,3.77,3.35,2.57,1.39,1.47,2.72,0,-0.23,neutral,alcista,0,-1.0,30,7038,5,
s24210,PUMPUSDT,1786240800000,train,1,3.43,0.414,3.76,3.36,1.75,3.65,2.06,0.89,0.84,0.62,1,-0.22,neutral,alcista,0,0.783,32,7039,3,
s24211,0GUSDT,1786240800000,train,1,2.86,0.368,4.92,3.89,3.28,3.08,1.77,1.6,1.33,2.72,0,-0.22,neutral,neutral,0,-1.0,29,7039,0,
s24212,PUMPUSDT,1786241700000,train,1,3.41,0.414,3.62,3.54,2.13,3.63,2.35,0.89,0.84,0.62,1,-0.22,neutral,alcista,0,0.523,32,7040,4,
s24213,0GUSDT,1786241700000,train,1,3.19,0.393,4.9,4.38,2.8,3.42,2.1,1.6,1.33,2.72,0,-0.22,neutral,neutral,0,-1.0,28,7040,1,
s24214,0GUSDT,1786242600000,train,1,3.61,0.466,5.16,4.26,1.26,3.91,1.73,1.6,1.33,2.72,0,-0.3,neutral,neutral,0,-1.0,27,7041,0,
s24215,0GUSDT,1786243500000,train,1,3.46,0.456,5.15,4.44,1.0,3.64,1.79,1.6,1.33,2.72,0,-0.18,neutral,neutral,0,-1.0,26,7042,1,
s24216,0GUSDT,1786244400000,train,1,3.67,0.495,5.28,4.38,0.81,3.98,1.53,1.79,1.28,2.74,0,-0.31,neutral,neutral,0,-1.0,25,7043,0,
s24217,0GUSDT,1786245300000,train,1,3.61,0.482,5.29,4.32,0.85,3.85,1.4,1.79,1.28,2.74,0,-0.24,neutral,neutral,0,-1.0,24,7044,0,
s24218,0GUSDT,1786246200000,train,1,2.92,0.431,5.28,4.38,0.89,3.17,1.28,1.79,1.28,2.74,0,-0.25,neutral,neutral,0,-1.0,23,7045,1,
s24219,GRTUSDT,1786248000000,testB,1,2.08,0.556,3.05,2.31,2.44,2.29,1.08,1.22,1.02,0.87,1,-0.21,neutral,neutral,0,-0.382,32,7046,1,
s24220,0GUSDT,1786248900000,train,1,3.75,0.475,5.1,4.0,0.9,3.95,0.87,1.93,1.32,2.7,0,-0.2,neutral,neutral,0,-1.0,20,7048,1,
s24221,GRTUSDT,1786248900000,testB,1,2.85,0.672,3.04,2.9,1.94,3.04,1.52,1.22,1.02,0.87,1,-0.2,neutral,alcista,0,-0.558,32,7047,2,
s24222,0GUSDT,1786249800000,train,1,3.42,0.415,4.73,3.3,0.8,3.66,0.52,1.93,1.32,2.7,0,-0.25,neutral,neutral,0,-1.0,17,7049,0,
s24223,GRTUSDT,1786249800000,testB,1,2.36,0.515,3.05,2.51,1.61,2.61,1.02,1.22,1.02,0.87,1,-0.25,neutral,neutral,0,-0.459,32,7048,0,
s24224,GRTUSDT,1786250700000,testB,1,2.36,0.515,3.05,2.51,0.84,2.66,0.97,1.22,1.02,0.87,1,-0.3,neutral,neutral,0,-0.459,32,7049,0,
s24225,WLDUSDT,1786257000000,train,1,2.07,0.406,2.64,2.52,0.61,1.95,1.22,0.91,0.62,0.59,1,0.13,neutral,alcista,0,0.833,32,7057,4,
s24226,STBLUSDT,1786257900000,train,1,2.02,0.51,2.69,2.38,1.4,1.98,0.94,0.5,0.33,0.4,0,0.04,neutral,alcista,0,-1.0,18,7058,5,
s24227,WLDUSDT,1786257900000,train,1,2.34,0.458,2.83,2.64,0.84,2.3,1.17,0.91,0.62,0.59,1,0.04,neutral,alcista,0,1.244,32,7058,5,
s24228,PUMPUSDT,1786258800000,train,1,3.58,0.408,4.96,3.49,1.34,3.4,1.03,1.31,1.02,0.83,1,0.18,neutral,neutral,1,2.0,25,7059,0,
s24229,STBLUSDT,1786258800000,train,1,2.31,0.6,3.56,2.37,1.51,2.13,0.9,0.65,0.43,0.45,0,0.18,neutral,alcista,0,-1.0,17,7059,6,
s24230,WLDUSDT,1786258800000,train,1,2.12,0.395,2.82,2.1,1.07,1.94,0.58,0.77,0.65,0.59,1,0.18,neutral,neutral,1,2.0,32,7059,0,
s24231,ENAUSDT,1786263300000,train,-1,-2.12,0.683,2.6,2.16,1.29,-2.2,0.78,0.78,0.6,0.58,1,0.08,neutral,neutral,0,0.289,32,7064,0,
s24232,ENAUSDT,1786264200000,train,-1,-2.26,0.697,2.51,2.39,1.73,-2.23,1.21,0.78,0.6,0.58,1,-0.03,neutral,neutral,0,-0.048,32,7065,1,
s24233,0GUSDT,1786265100000,train,-1,-2.98,0.365,4.61,4.21,1.48,-3.03,1.77,1.75,1.68,2.29,0,0.05,neutral,bajista,0,-0.19,32,7066,2,
s24234,AXSUSDT,1786265100000,testB,-1,-2.17,0.691,2.57,2.4,0.54,-2.22,0.74,1.01,1.14,0.88,0,0.05,neutral,neutral,0,0.046,32,7065,0,
s24235,0GUSDT,1786266000000,train,-1,-4.17,0.565,4.56,4.36,0.68,-4.23,1.97,1.57,1.69,2.2,0,0.05,neutral,bajista,0,-0.246,32,7067,3,
s24236,PENDLEUSDT,1786266000000,train,-1,-2.18,0.547,2.45,2.35,3.74,-2.23,1.42,1.04,0.73,0.68,1,0.05,neutral,bajista,0,-0.288,32,7067,4,
s24237,0GUSDT,1786266900000,train,-1,-3.68,0.533,4.9,4.43,0.71,-3.72,1.8,1.57,1.69,2.2,0,0.04,neutral,bajista,0,-0.303,32,7068,4,
s24238,PENDLEUSDT,1786266900000,train,-1,-2.17,0.546,2.4,2.4,2.89,-2.21,1.45,1.04,0.73,0.68,1,0.04,neutral,bajista,0,-0.353,32,7068,5,
s24239,0GUSDT,1786267800000,train,-1,-3.48,0.491,4.48,3.61,0.66,-3.53,1.26,1.57,1.69,2.2,0,0.05,neutral,neutral,0,-0.222,32,7069,0,
s24240,0GUSDT,1786271400000,train,-1,-2.53,0.419,4.13,2.93,0.44,-2.65,0.58,1.46,1.71,2.07,0,0.12,neutral,neutral,0,-0.023,32,7073,1,
s24241,0GUSDT,1786272300000,train,-1,-2.79,0.462,4.13,3.07,0.55,-2.95,0.61,1.46,1.71,2.07,0,0.16,neutral,bajista,0,-0.043,32,7074,2,
s24242,PENDLEUSDT,1786272300000,train,-1,-2.05,0.543,2.47,2.35,0.85,-2.21,0.83,1.14,0.8,0.71,1,0.16,neutral,bajista,0,-0.161,32,7074,2,
s24243,PENDLEUSDT,1786276800000,train,-1,-2.52,0.603,2.9,2.59,0.84,-2.55,1.02,1.19,0.87,0.73,1,0.04,neutral,bajista,0,-0.373,32,7079,4,
s24244,PUMPUSDT,1786278600000,train,1,5.19,0.464,5.39,4.97,1.39,4.95,2.52,1.34,1.32,1.01,1,0.24,neutral,alcista,0,0.814,32,7081,3,
s24245,PUMPUSDT,1786279500000,train,1,3.63,0.381,5.85,4.73,2.24,3.42,2.4,1.34,1.32,1.01,1,0.21,neutral,alcista,0,0.74,32,7082,4,
s24246,PUMPUSDT,1786280400000,train,1,6.79,0.548,7.85,7.4,3.41,6.48,4.89,1.74,1.54,1.14,1,0.31,neutral,alcista,0,-0.101,32,7083,5,
s24247,WLDUSDT,1786281300000,train,1,2.09,0.405,2.21,2.08,1.02,1.66,0.97,0.78,0.78,0.67,1,0.44,neutral,alcista,1,2.0,8,7084,2,
s24248,PUMPUSDT,1786282200000,train,1,6.83,0.55,7.63,6.62,3.15,6.2,3.75,1.74,1.54,1.14,1,0.62,neutral,neutral,0,-0.068,32,7085,0,
s24249,PUMPUSDT,1786283100000,train,1,7.07,0.56,7.09,6.79,2.22,6.54,4.06,1.74,1.54,1.14,1,0.53,neutral,neutral,0,-0.18,32,7086,1,
s24250,PUMPUSDT,1786284000000,train,1,7.25,0.568,8.08,7.46,2.02,6.81,4.75,2.16,1.73,1.26,1,0.44,neutral,alcista,0,-0.044,32,7087,2,
s24251,WLDUSDT,1786284000000,train,1,2.04,0.488,2.06,2.06,2.11,1.6,1.49,0.97,0.89,0.7,1,0.44,neutral,alcista,0,1.077,32,7087,5,
s24252,PUMPUSDT,1786284900000,train,1,6.52,0.481,8.38,6.56,1.69,6.16,3.3,2.16,1.73,1.26,1,0.36,neutral,neutral,0,0.113,32,7088,0,
s24253,PUMPUSDT,1786285800000,train,1,7.08,0.503,8.3,7.46,1.59,6.72,3.81,2.16,1.73,1.26,1,0.36,neutral,neutral,0,-0.089,32,7089,1,
s24254,XPLUSDT,1786286700000,train,1,2.49,0.531,2.69,2.65,1.39,2.01,1.31,0.78,0.65,0.55,1,0.48,neutral,alcista,0,-0.362,32,7090,2,
s24255,PUMPUSDT,1786286700000,train,1,5.77,0.386,8.39,6.49,1.53,5.29,2.36,2.16,1.73,1.26,1,0.48,neutral,neutral,0,0.063,32,7090,0,
s24256,WLDUSDT,1786286700000,train,1,3.52,0.653,4.02,3.77,2.36,3.04,2.63,0.97,0.89,0.7,1,0.48,neutral,alcista,0,-0.405,32,7090,2,
s24257,XPLUSDT,1786287600000,train,1,2.71,0.555,2.78,2.69,1.35,2.3,1.35,0.84,0.67,0.56,1,0.41,neutral,alcista,0,-0.588,32,7091,3,
s24258,PUMPUSDT,1786287600000,train,1,5.66,0.383,8.35,6.91,1.09,5.25,2.57,2.38,1.82,1.3,1,0.41,neutral,neutral,0,-0.096,32,7091,1,
s24259,STBLUSDT,1786287600000,train,1,2.0,0.439,3.93,3.65,0.53,1.59,1.38,0.87,0.77,0.54,1,0.41,neutral,alcista,0,-0.344,32,7091,3,
s24260,WLDUSDT,1786287600000,train,1,4.4,0.731,4.71,4.46,3.71,3.98,2.94,1.29,1.09,0.77,1,0.41,neutral,alcista,0,-0.465,32,7091,3,
s24261,XPLUSDT,1786288500000,train,1,2.55,0.54,2.69,2.59,1.41,2.16,1.36,0.84,0.67,0.56,1,0.39,neutral,alcista,0,-0.798,32,7092,4,
s24262,PUMPUSDT,1786288500000,train,1,6.27,0.436,8.39,6.49,0.81,5.88,1.85,2.38,1.82,1.3,1,0.39,neutral,neutral,0,-0.114,32,7092,0,
s24263,STBLUSDT,1786288500000,train,1,2.34,0.547,3.15,2.56,0.76,1.95,1.01,0.87,0.77,0.54,1,0.39,neutral,neutral,0,-1.0,3,7092,0,
s24264,WLDUSDT,1786288500000,train,1,4.68,0.744,5.49,4.81,3.61,4.3,3.01,1.29,1.09,0.77,1,0.39,neutral,alcista,0,-0.673,32,7092,4,
s24265,XPLUSDT,1786289400000,train,1,2.29,0.459,2.66,2.28,1.19,1.92,0.98,0.84,0.67,0.56,1,0.37,neutral,neutral,0,-1.0,32,7093,0,
s24266,STBLUSDT,1786289400000,train,1,2.26,0.519,3.16,2.45,1.1,1.89,0.82,0.87,0.77,0.54,1,0.37,neutral,neutral,0,-1.0,2,7093,0,
s24267,WLDUSDT,1786289400000,train,1,3.77,0.544,5.53,4.1,3.8,3.4,2.06,1.29,1.09,0.77,1,0.37,neutral,neutral,0,-0.591,32,7093,0,
s24268,XPLUSDT,1786290300000,train,1,2.02,0.416,2.57,2.11,1.04,1.58,0.82,0.84,0.67,0.56,1,0.44,neutral,neutral,0,-1.0,31,7094,0,
s24269,PUMPUSDT,1786290300000,train,1,6.16,0.404,8.08,5.88,0.81,5.72,1.23,2.38,1.82,1.3,1,0.44,neutral,neutral,0,-0.101,32,7094,1,
s24270,STBLUSDT,1786290300000,train,1,2.3,0.533,3.08,2.33,0.83,1.86,0.64,0.87,0.77,0.54,1,0.44,neutral,neutral,0,-1.0,1,7094,0,
s24271,WLDUSDT,1786290300000,train,1,4.46,0.622,5.51,4.52,2.4,4.02,2.28,1.29,1.09,0.77,1,0.44,neutral,neutral,0,-0.733,32,7094,1,
s24272,JUPUSDT,1786290300000,train,1,2.23,0.577,2.55,2.29,4.14,1.79,1.41,0.84,0.75,0.67,1,0.44,neutral,alcista,0,-1.0,27,7094,2,
s24273,WLDUSDT,1786291200000,train,1,3.9,0.553,5.52,4.31,1.14,3.44,1.84,1.29,1.0,0.79,1,0.45,neutral,neutral,0,-0.41,32,7095,0,
s24274,WLDUSDT,1786292100000,train,1,4.2,0.607,5.52,4.37,0.81,3.8,1.7,1.29,1.0,0.79,1,0.39,neutral,neutral,0,-0.426,32,7096,1,
s24275,WLDUSDT,1786293000000,train,1,4.24,0.615,5.52,4.25,0.58,3.75,1.46,1.29,1.0,0.79,1,0.49,neutral,neutral,0,-0.409,32,7097,0,
s24276,WLDUSDT,1786293900000,train,1,3.69,0.496,5.43,3.59,0.61,3.26,0.76,1.29,1.0,0.79,1,0.43,neutral,neutral,0,-0.052,32,7098,0,
s24277,WLDUSDT,1786294800000,train,1,3.93,0.513,5.02,3.78,0.55,3.62,1.26,1.3,1.01,0.79,1,0.32,neutral,neutral,0,-0.115,32,7099,1,
s24278,WLDUSDT,1786295700000,train,1,3.14,0.45,4.41,3.1,0.44,2.91,1.1,1.3,1.01,0.79,1,0.23,neutral,neutral,0,-1.0,25,7100,0,
s24279,WLDUSDT,1786296600000,train,1,3.1,0.447,4.28,3.01,0.43,3.08,1.03,1.3,1.01,0.79,1,0.02,neutral,neutral,0,-1.0,24,7101,1,
s24280,WLDUSDT,1786297500000,train,1,2.91,0.427,4.19,2.89,0.34,2.94,0.85,1.3,1.01,0.79,1,-0.04,neutral,neutral,0,-1.0,23,7102,0,
s24281,WLDUSDT,1786298400000,train,1,2.73,0.413,3.77,2.9,0.27,2.78,1.07,1.37,1.02,0.81,1,-0.05,neutral,neutral,0,-1.0,21,7103,1,
s24282,WLDUSDT,1786299300000,train,1,2.77,0.42,3.71,2.72,0.37,2.72,0.85,1.37,1.02,0.81,1,0.04,neutral,neutral,0,-1.0,20,7104,0,
s24283,PUMPUSDT,1786305600000,train,1,2.53,0.462,3.6,2.94,0.94,2.77,1.03,1.24,1.71,1.37,0,-0.25,neutral,alcista,0,-1.0,4,7111,5,
s24284,PUMPUSDT,1786306500000,train,1,2.08,0.35,3.37,2.04,1.15,2.18,0.46,1.24,1.71,1.37,0,-0.11,neutral,neutral,0,-1.0,3,7112,0,
s24285,ARBUSDT,1786311000000,train,1,2.17,0.47,2.83,2.36,2.2,2.18,1.4,1.06,0.94,0.9,1,-0.01,neutral,alcista,0,-1.0,7,7117,2,
s24286,ARBUSDT,1786311900000,train,1,2.34,0.489,2.84,2.79,2.13,2.35,1.69,1.06,0.94,0.9,1,-0.01,neutral,alcista,0,-1.0,6,7118,3,
s24287,ARBUSDT,1786312800000,train,1,2.72,0.607,2.95,2.82,2.04,2.4,1.56,1.26,1.07,0.97,1,0.32,neutral,alcista,0,-1.0,5,7119,4,
s24288,JUPUSDT,1786314600000,train,-1,-2.16,0.513,2.42,2.37,3.28,-1.87,1.69,0.95,1.06,0.81,0,-0.29,neutral,bajista,0,-0.395,32,7121,2,
s24289,JUPUSDT,1786315500000,train,-1,-2.59,0.558,3.1,2.88,4.59,-2.4,1.96,0.95,1.06,0.81,0,-0.19,neutral,bajista,0,-0.538,32,7122,3,
s24290,JUPUSDT,1786316400000,train,-1,-2.33,0.531,3.1,2.94,4.06,-2.06,1.85,1.33,1.27,0.94,1,-0.27,neutral,bajista,0,-0.472,32,7123,4,
s24291,XPLUSDT,1786317300000,train,-1,-2.25,0.392,3.46,3.2,1.68,-1.8,1.53,1.03,0.96,0.7,1,-0.45,neutral,bajista,0,-1.0,26,7124,5,
s24292,WLDUSDT,1786317300000,train,-1,-2.61,0.609,3.19,3.0,4.96,-2.16,1.84,0.8,1.06,0.92,0,-0.45,neutral,neutral,0,-1.0,10,7124,1,
s24293,INJUSDT,1786317300000,train,-1,-2.4,0.552,3.48,3.22,5,-1.95,2.06,0.99,0.78,0.7,1,-0.45,neutral,bajista,0,-1.0,31,7124,5,
s24294,JUPUSDT,1786317300000,train,-1,-2.87,0.582,4.12,3.51,5,-2.42,2.16,1.33,1.27,0.94,1,-0.45,neutral,bajista,0,-0.571,32,7124,5,
s24295,LDOUSDT,1786317300000,testB,-1,-2.23,0.438,3.7,3.49,5,-1.78,2.06,0.79,0.65,0.56,1,-0.45,neutral,bajista,0,-1.0,6,7123,5,
s24296,XPLUSDT,1786318200000,train,-1,-2.27,0.394,3.77,3.32,1.52,-1.8,1.5,1.03,0.96,0.7,1,-0.47,neutral,bajista,0,-1.0,25,7125,6,
s24297,WLDUSDT,1786318200000,train,-1,-2.48,0.571,3.73,2.9,3.19,-2.02,1.56,0.8,1.06,0.92,0,-0.47,neutral,neutral,0,-1.0,9,7125,0,
s24298,INJUSDT,1786318200000,train,-1,-2.96,0.645,4.03,3.66,5,-2.49,2.2,0.99,0.78,0.7,1,-0.47,neutral,bajista,0,-1.0,30,7125,6,
s24299,TIAUSDT,1786318200000,train,-1,-2.14,0.438,3.59,3.09,5,-1.67,1.68,1.08,0.91,0.71,1,-0.47,neutral,bajista,0,-1.0,28,7125,2,
s24300,JUPUSDT,1786318200000,train,-1,-2.54,0.485,4.1,2.94,4.13,-2.07,1.45,1.33,1.27,0.94,1,-0.47,neutral,neutral,0,-0.547,32,7125,0,
s24301,LDOUSDT,1786318200000,testB,-1,-2.09,0.4,4.16,3.23,5,-1.62,1.64,0.79,0.65,0.56,1,-0.47,neutral,neutral,0,-1.0,5,7124,0,
s24302,XPLUSDT,1786319100000,train,-1,-2.34,0.4,3.79,3.59,1.23,-1.9,1.64,1.03,0.96,0.7,1,-0.44,neutral,bajista,0,-1.0,24,7126,7,
s24303,0GUSDT,1786319100000,train,-1,-2.13,0.41,4.28,3.8,4.31,-1.69,1.81,0.73,0.68,1.23,0,-0.44,neutral,bajista,0,-1.0,15,7126,7,
s24304,WLDUSDT,1786319100000,train,-1,-3.01,0.634,3.74,3.39,2.55,-2.57,1.88,0.8,1.06,0.92,0,-0.44,neutral,neutral,0,-1.0,8,7126,1,
s24305,INJUSDT,1786319100000,train,-1,-2.96,0.645,4.03,3.63,2.84,-2.52,1.98,0.99,0.78,0.7,1,-0.44,neutral,neutral,0,-1.0,29,7126,0,
s24306,TIAUSDT,1786319100000,train,-1,-2.5,0.547,3.59,3.12,2.16,-2.06,1.52,1.08,0.91,0.71,1,-0.44,neutral,bajista,0,-1.0,27,7126,3,
s24307,JUPUSDT,1786319100000,train,-1,-2.49,0.479,4.11,3.11,3.01,-2.05,1.42,1.33,1.27,0.94,1,-0.44,neutral,neutral,0,-0.661,32,7126,1,
s24308,APEUSDT,1786319100000,testB,-1,-2.17,0.674,2.52,2.37,3.59,-1.73,1.32,0.76,0.68,0.65,1,-0.44,neutral,neutral,0,-0.258,32,7125,1,
s24309,INJUSDT,1786320000000,train,-1,-2.28,0.437,4.0,2.94,3.19,-2.39,1.2,1.14,0.86,0.73,1,0.11,neutral,neutral,0,-1.0,28,7127,0,
s24310,APEUSDT,1786320000000,testB,-1,-2.09,0.667,3.74,2.44,5,-2.2,1.28,1.29,0.96,0.78,1,0.11,neutral,neutral,0,-0.312,32,7126,0,
s24311,XPLUSDT,1786320900000,train,-1,-2.35,0.373,4.18,2.69,1.21,-2.16,0.66,1.11,0.99,0.74,1,-0.2,neutral,neutral,0,-1.0,22,7128,1,
s24312,INJUSDT,1786320900000,train,-1,-2.58,0.467,4.01,3.25,1.87,-2.38,1.38,1.14,0.86,0.73,1,-0.2,neutral,neutral,0,-1.0,27,7128,1,
s24313,APEUSDT,1786320900000,testB,-1,-2.32,0.689,3.75,2.68,5,-2.12,1.38,1.29,0.96,0.78,1,-0.2,neutral,neutral,0,-0.4,32,7127,1,
s24314,ARBUSDT,1786321800000,train,-1,-2.83,0.383,4.22,4.12,0.98,-2.38,1.5,1.79,1.34,1.07,1,-0.45,neutral,bajista,0,-0.674,32,7129,2,
s24315,INJUSDT,1786321800000,train,-1,-2.38,0.432,4.01,3.15,1.05,-1.93,1.17,1.14,0.86,0.73,1,-0.45,neutral,neutral,0,-1.0,26,7129,0,
s24316,TIAUSDT,1786321800000,train,-1,-2.14,0.432,3.58,2.99,0.85,-1.69,1.16,1.19,0.94,0.74,1,-0.45,neutral,neutral,0,-1.0,24,7129,1,
s24317,JUPUSDT,1786321800000,train,-1,-2.38,0.379,4.11,3.11,0.77,-1.93,1.14,1.45,1.36,0.99,1,-0.45,neutral,bajista,0,-0.571,32,7129,2,
s24318,GRTUSDT,1786321800000,testB,-1,-2.17,0.485,2.64,2.57,1.84,-1.73,1.23,1.08,0.98,1.01,0,-0.45,neutral,bajista,0,-0.459,32,7128,2,
s24319,APEUSDT,1786321800000,testB,-1,-2.39,0.696,3.75,2.76,3.81,-1.94,1.36,1.29,0.96,0.78,1,-0.45,neutral,bajista,0,-0.417,32,7128,2,
s24320,INJUSDT,1786322700000,train,-1,-2.35,0.426,4.0,2.96,0.86,-2.09,0.89,1.14,0.86,0.73,1,-0.26,neutral,neutral,0,-1.0,25,7130,0,
s24321,ONDOUSDT,1786322700000,train,-1,-2.46,0.355,3.5,2.87,1.67,-2.2,0.72,0.95,0.83,0.62,1,-0.26,neutral,neutral,0,-0.24,32,7129,0,
s24322,APEUSDT,1786322700000,testB,-1,-2.24,0.625,3.75,2.52,3.69,-1.98,1.01,1.29,0.96,0.78,1,-0.26,neutral,neutral,0,-0.303,32,7129,0,
s24323,PUMPUSDT,1786323600000,train,1,4.67,0.44,5.47,4.68,2.23,4.86,2.26,1.79,1.79,1.68,1,-0.19,neutral,neutral,0,0.146,32,7131,1,
s24324,INJUSDT,1786323600000,train,-1,-2.45,0.435,4.02,3.32,0.45,-2.25,1.12,1.24,0.86,0.74,1,-0.19,neutral,neutral,0,-1.0,24,7131,1,
s24325,INJUSDT,1786324500000,train,-1,-2.67,0.484,4.02,3.39,0.43,-2.46,1.06,1.24,0.86,0.74,1,-0.21,neutral,bajista,0,-1.0,23,7132,2,
s24326,APEUSDT,1786324500000,testB,-1,-2.47,0.702,3.75,2.76,0.47,-2.26,1.04,1.4,0.99,0.8,1,-0.21,neutral,neutral,0,-0.222,32,7131,1,
s24327,ARBUSDT,1786325400000,train,-1,-2.83,0.42,4.2,3.54,0.43,-2.45,0.8,1.96,1.39,1.1,1,-0.38,neutral,bajista,0,-0.699,32,7133,2,
s24328,INJUSDT,1786325400000,train,-1,-3.0,0.547,4.03,3.56,0.4,-2.62,1.13,1.24,0.86,0.74,1,-0.38,neutral,bajista,0,-1.0,22,7133,3,
s24329,TIAUSDT,1786325400000,train,-1,-2.55,0.519,3.58,2.8,0.39,-2.17,0.68,1.28,0.97,0.76,1,-0.38,neutral,bajista,0,-1.0,20,7133,2,
s24330,ONDOUSDT,1786325400000,train,-1,-2.74,0.412,3.5,3.1,1.1,-2.36,0.98,1.04,0.83,0.61,1,-0.38,neutral,bajista,0,-0.176,32,7132,2,
s24331,APEUSDT,1786325400000,testB,-1,-2.32,0.633,3.75,2.52,0.48,-1.93,0.75,1.4,0.99,0.8,1,-0.38,neutral,neutral,0,-0.091,32,7132,0,
s24332,INJUSDT,1786326300000,train,-1,-2.59,0.441,4.01,3.1,0.43,-2.61,0.59,1.24,0.86,0.74,1,0.01,neutral,neutral,0,-1.0,21,7134,0,
s24333,APEUSDT,1786326300000,testB,-1,-2.32,0.633,3.75,2.52,0.48,-2.33,0.64,1.4,0.99,0.8,1,0.01,neutral,neutral,0,-0.03,32,7133,0,
s24334,INJUSDT,1786327200000,train,-1,-2.77,0.486,3.89,2.89,0.38,-2.29,0.47,1.34,0.88,0.76,1,-0.48,neutral,neutral,0,-1.0,20,7135,0,
s24335,TIAUSDT,1786327200000,train,-1,-2.03,0.379,3.46,2.1,0.44,-1.55,0.1,1.3,0.94,0.76,1,-0.48,neutral,neutral,0,-1.0,18,7135,1,
s24336,ONDOUSDT,1786327200000,train,-1,-2.59,0.354,3.49,2.72,0.68,-2.11,0.54,0.98,0.83,0.63,1,-0.48,neutral,neutral,0,0.011,32,7134,1,
s24337,APEUSDT,1786327200000,testB,-1,-2.46,0.702,3.67,2.45,0.53,-1.98,0.61,1.47,1.02,0.81,1,-0.48,neutral,neutral,0,-0.125,32,7134,1,
s24338,STBLUSDT,1786328100000,train,-1,-2.96,0.532,4.1,3.69,0.33,-2.53,0.75,3.74,2.41,1.62,1,-0.43,neutral,bajista,0,0.637,32,7136,2,
s24339,INJUSDT,1786328100000,train,-1,-2.85,0.492,3.47,2.95,0.49,-2.42,0.89,1.34,0.88,0.76,1,-0.43,neutral,neutral,0,-1.0,12,7136,1,
s24340,APEUSDT,1786328100000,testB,-1,-2.47,0.702,3.45,2.61,0.52,-2.04,0.91,1.47,1.02,0.81,1,-0.43,neutral,bajista,0,-0.147,32,7135,2,
s24341,STBLUSDT,1786329000000,train,-1,-2.8,0.49,3.93,3.32,0.58,-3.05,0.72,3.74,2.41,1.62,1,0.26,neutral,neutral,0,0.793,32,7137,0,
s24342,LDOUSDT,1786329000000,testB,1,3.59,0.372,6.73,6.19,0.6,3.33,1.91,1.59,1.06,0.78,1,0.26,neutral,neutral,0,-0.19,32,7136,1,
s24343,STBLUSDT,1786329900000,train,-1,-2.33,0.437,3.56,2.92,0.51,-2.38,0.57,3.74,2.41,1.62,1,0.05,neutral,neutral,0,0.903,32,7138,1,
s24344,WLDUSDT,1786329900000,train,1,4.05,0.438,5.33,5.23,0.89,4.0,2.18,1.23,1.12,1.01,1,0.05,neutral,alcista,0,0.686,32,7138,2,
s24345,LDOUSDT,1786329900000,testB,1,5.07,0.558,6.7,6.53,0.5,5.02,2.02,1.59,1.06,0.78,1,0.05,neutral,alcista,0,-0.297,32,7137,2,
s24346,LDOUSDT,1786330800000,testB,1,5.08,0.552,6.76,5.78,0.39,5.17,1.11,1.68,1.07,0.8,1,-0.09,neutral,neutral,0,-0.205,32,7138,0,
s24347,XPLUSDT,1786331700000,train,1,2.17,0.364,3.89,3.11,0.78,2.01,0.54,1.06,0.95,0.78,1,0.17,neutral,neutral,0,0.451,32,7140,1,
s24348,WLDUSDT,1786331700000,train,1,4.02,0.42,5.67,4.57,0.96,3.85,1.42,1.39,0.99,1.05,0,0.17,neutral,neutral,0,0.98,32,7140,1,
s24349,LDOUSDT,1786331700000,testB,1,5.88,0.627,6.73,6.19,0.31,5.71,1.53,1.68,1.07,0.8,1,0.17,neutral,neutral,0,-0.185,32,7139,1,
s24350,XPLUSDT,1786332600000,train,1,2.32,0.394,3.88,3.13,0.61,2.11,0.54,1.06,0.95,0.78,1,0.21,neutral,alcista,0,0.382,32,7141,2,
s24351,0GUSDT,1786332600000,train,1,3.66,0.391,4.12,4.06,0.63,3.46,1.17,1.4,0.96,1.05,0,0.21,neutral,alcista,0,0.403,32,7141,3,
s24352,WLDUSDT,1786332600000,train,1,4.11,0.426,5.41,4.5,1.04,3.9,1.51,1.39,0.99,1.05,0,0.21,neutral,alcista,0,0.939,32,7141,2,
s24353,LDOUSDT,1786332600000,testB,1,5.15,0.539,6.22,5.24,0.35,4.94,1.12,1.68,1.07,0.8,1,0.21,neutral,neutral,0,-0.123,32,7140,0,
s24354,XPLUSDT,1786333500000,train,1,2.31,0.391,3.89,2.87,0.54,2.19,0.3,1.06,0.95,0.78,1,0.12,neutral,neutral,0,0.582,32,7142,0,
s24355,0GUSDT,1786333500000,train,1,3.94,0.414,4.96,3.98,1.41,3.82,1.31,1.4,0.96,1.05,0,0.12,neutral,alcista,0,0.328,32,7142,4,
s24356,WLDUSDT,1786333500000,train,1,4.51,0.485,5.42,4.41,0.92,4.39,1.26,1.39,0.99,1.05,0,0.12,neutral,neutral,0,1.021,32,7142,0,
s24357,LDOUSDT,1786333500000,testB,1,4.5,0.472,5.83,4.54,0.45,4.38,0.84,1.68,1.07,0.8,1,0.12,neutral,neutral,0,-0.022,32,7141,0,
s24358,0GUSDT,1786334400000,train,1,3.07,0.359,4.41,4.21,1.44,3.19,1.99,1.48,1.01,1.04,0,-0.11,neutral,alcista,0,0.185,32,7143,5,
s24359,WLDUSDT,1786334400000,train,1,3.0,0.378,4.32,3.22,0.89,3.11,1.16,1.34,0.98,1.0,0,-0.11,neutral,neutral,1,2.0,11,7143,0,
s24360,LDOUSDT,1786334400000,testB,1,3.12,0.357,4.72,3.13,0.54,3.23,0.52,1.63,1.08,0.81,1,-0.11,neutral,neutral,0,0.033,32,7142,0,
s24361,0GUSDT,1786335300000,train,1,4.1,0.488,5.1,4.58,1.82,4.06,2.3,1.48,1.01,1.04,0,0.04,neutral,alcista,0,0.014,32,7144,6,
s24362,0GUSDT,1786336200000,train,1,4.12,0.488,5.0,3.96,1.81,3.87,1.61,1.48,1.01,1.04,0,0.25,neutral,neutral,0,0.18,32,7145,0,
s24363,WLDUSDT,1786336200000,train,1,3.25,0.361,4.04,3.15,0.74,3.0,1.24,1.34,0.98,1.0,0,0.25,neutral,neutral,1,2.0,10,7145,1,
s24364,0GUSDT,1786337100000,train,1,3.9,0.475,4.73,3.89,0.9,3.85,1.41,1.48,1.01,1.04,0,0.05,neutral,neutral,0,0.15,32,7146,1,
s24365,0GUSDT,1786338000000,train,1,2.86,0.402,3.76,2.91,0.88,2.88,1.36,1.28,1.0,1.02,0,-0.02,neutral,neutral,0,0.244,32,7147,0,
s24366,INJUSDT,1786338900000,train,1,2.39,0.563,3.06,2.63,1.63,2.33,1.44,1.07,1.03,0.83,1,0.07,neutral,neutral,0,0.31,32,7148,1,
s24367,PUMPUSDT,1786339800000,train,1,5.64,0.543,6.88,6.36,1.96,5.47,3.31,2.33,1.72,1.82,0,0.17,neutral,alcista,0,-0.818,32,7149,3,
s24368,WLDUSDT,1786339800000,train,1,4.24,0.439,4.36,4.16,2.05,4.07,2.54,1.65,1.22,1.13,1,0.17,neutral,alcista,0,0.403,32,7149,3,
s24369,ENAUSDT,1786339800000,train,1,2.36,0.472,2.56,2.3,1.75,2.18,1.44,0.63,0.64,0.67,0,0.17,neutral,alcista,0,0.603,32,7149,2,
s24370,INJUSDT,1786339800000,train,1,3.12,0.67,3.27,3.16,1.68,2.95,1.78,1.07,1.03,0.83,1,0.17,neutral,alcista,0,-0.021,32,7149,2,
s24371,PUMPUSDT,1786340700000,train,1,5.32,0.529,7.3,6.42,2.06,5.41,2.89,2.33,1.72,1.82,0,-0.09,neutral,alcista,0,-0.738,32,7150,4,
s24372,WLDUSDT,1786340700000,train,1,3.32,0.383,5.38,4.52,2.84,3.4,2.8,1.65,1.22,1.13,1,-0.09,neutral,alcista,0,0.421,32,7150,4,
s24373,ENAUSDT,1786340700000,train,1,2.1,0.445,2.87,2.69,2.3,2.18,1.78,0.63,0.64,0.67,0,-0.09,neutral,alcista,0,0.196,32,7150,3,
s24374,INJUSDT,1786340700000,train,1,2.36,0.526,3.28,2.87,1.68,2.45,1.38,1.07,1.03,0.83,1,-0.09,neutral,neutral,0,0.142,32,7150,0,
s24375,PUMPUSDT,1786341600000,train,1,5.9,0.6,7.64,6.55,2.38,5.75,2.95,2.03,1.83,1.83,0,0.15,neutral,alcista,0,-0.824,32,7151,5,
s24376,STBLUSDT,1786341600000,train,-1,-2.02,0.61,2.81,2.56,2.0,-2.18,1.3,0.87,2.21,1.67,0,0.15,neutral,bajista,0,0.387,32,7151,5,
s24377,0GUSDT,1786341600000,train,1,2.39,0.429,3.76,2.73,0.58,2.24,0.59,1.2,1.05,1.01,1,0.15,neutral,alcista,0,0.881,32,7151,2,
s24378,WLDUSDT,1786341600000,train,1,3.79,0.441,5.37,4.69,3.38,3.63,2.67,1.93,1.44,1.24,1,0.15,neutral,alcista,0,0.589,32,7151,5,
s24379,ENAUSDT,1786341600000,train,1,2.34,0.507,3.24,2.76,3.02,2.19,1.7,0.73,0.74,0.71,0,0.15,neutral,alcista,0,0.024,32,7151,4,
s24380,INJUSDT,1786341600000,train,1,2.34,0.523,3.41,2.94,1.91,2.18,1.32,0.99,1.07,0.83,0,0.15,neutral,neutral,0,0.169,32,7151,1,
s24381,PUMPUSDT,1786342500000,train,1,6.21,0.643,7.68,6.09,1.49,5.89,2.4,2.03,1.83,1.83,0,0.32,neutral,neutral,0,-0.734,32,7152,0,
s24382,0GUSDT,1786342500000,train,1,2.66,0.488,3.57,2.59,0.71,2.34,0.53,1.2,1.05,1.01,1,0.32,neutral,alcista,0,0.375,32,7152,3,
s24383,WLDUSDT,1786342500000,train,1,5.68,0.633,5.93,5.4,3.34,5.36,3.4,1.93,1.44,1.24,1,0.32,neutral,alcista,0,0.255,32,7152,6,
s24384,ENAUSDT,1786342500000,train,1,2.55,0.566,2.97,2.53,2.58,2.23,1.59,0.73,0.74,0.71,0,0.32,neutral,alcista,0,0.088,32,7152,5,
s24385,OPUSDT,1786342500000,train,1,2.14,0.487,2.54,2.21,1.75,1.82,1.32,1.18,1.14,0.87,1,0.32,neutral,neutral,0,0.1,32,7152,1,
s24386,INJUSDT,1786342500000,train,1,3.09,0.727,3.27,3.05,1.17,2.77,1.44,0.99,1.07,0.83,0,0.32,neutral,alcista,0,0.156,32,7152,2,
s24387,PUMPUSDT,1786343400000,train,1,5.71,0.595,7.69,5.89,1.11,5.65,1.92,2.03,1.83,1.83,0,0.06,neutral,neutral,0,-0.719,32,7153,0,
s24388,WLDUSDT,1786343400000,train,1,6.08,0.651,6.05,5.91,2.3,6.02,4.11,1.93,1.44,1.24,1,0.06,neutral,alcista,0,-0.098,32,7153,7,
s24389,ENAUSDT,1786343400000,train,1,2.64,0.576,3.35,3.14,2.71,2.58,1.9,0.73,0.74,0.71,0,0.06,neutral,alcista,0,-0.284,32,7153,6,
s24390,INJUSDT,1786343400000,train,1,2.33,0.669,2.68,2.46,0.93,2.27,1.24,0.99,1.07,0.83,0,0.06,neutral,neutral,0,0.22,32,7153,0,
s24391,PUMPUSDT,1786344300000,train,1,5.48,0.587,6.81,5.55,1.04,5.18,2.28,2.03,1.83,1.83,0,0.3,neutral,neutral,0,-1.0,20,7154,1,
s24392,WLDUSDT,1786344300000,train,1,5.54,0.632,6.49,6.34,1.81,5.24,4.18,1.93,1.44,1.24,1,0.3,neutral,alcista,0,-0.223,32,7154,8,
s24393,ENAUSDT,1786344300000,train,1,2.66,0.578,3.65,3.33,2.54,2.36,1.91,0.73,0.74,0.71,0,0.3,neutral,alcista,0,-0.492,32,7154,7,
s24394,INJUSDT,1786344300000,train,1,2.42,0.677,2.72,2.63,0.83,2.12,1.28,0.99,1.07,0.83,0,0.3,neutral,neutral,0,0.06,32,7154,1,
s24395,TIAUSDT,1786344300000,train,1,2.28,0.411,4.25,4.25,1.36,1.98,1.98,1.41,1.29,0.98,1,0.3,neutral,alcista,0,-0.433,32,7154,3,
s24396,WLDUSDT,1786345200000,train,1,6.45,0.808,6.78,6.26,1.93,5.98,3.79,2.41,1.74,1.39,1,0.48,neutral,neutral,0,-0.12,32,7155,0,
s24397,ENAUSDT,1786345200000,train,1,3.01,0.698,3.65,3.35,2.2,2.54,1.77,0.86,0.83,0.73,1,0.48,neutral,alcista,0,-0.631,32,7155,8,
s24398,ARBUSDT,1786345200000,train,1,2.28,0.708,2.74,2.58,1.56,1.8,1.53,1.06,1.52,1.21,0,0.48,neutral,neutral,0,-0.324,32,7155,1,
s24399,OPUSDT,1786345200000,train,1,3.04,0.818,3.49,3.17,3.31,2.56,1.8,1.36,1.25,0.91,1,0.48,neutral,alcista,0,-0.552,32,7155,4,
s24400,INJUSDT,1786345200000,train,1,2.46,0.682,2.97,2.56,0.79,1.99,1.36,0.99,1.12,0.83,0,0.48,neutral,alcista,0,-0.044,32,7155,2,
s24401,TIAUSDT,1786345200000,train,1,2.73,0.53,4.38,4.05,1.45,2.26,1.65,1.61,1.44,1.02,1,0.48,neutral,neutral,0,-0.478,32,7155,0,
s24402,FETUSDT,1786345200000,train,1,2.81,0.633,2.95,2.81,2.12,2.34,1.71,1.27,1.04,0.76,1,0.48,neutral,alcista,0,-0.821,32,7154,3,
s24403,WLDUSDT,1786346100000,train,1,6.28,0.804,6.95,6.34,1.97,5.83,3.37,2.41,1.74,1.39,1,0.46,neutral,neutral,0,-0.032,32,7156,1,
s24404,ENAUSDT,1786346100000,train,1,2.74,0.67,3.75,3.33,2.35,2.28,1.5,0.86,0.83,0.73,1,0.46,neutral,neutral,0,-0.478,32,7156,0,
s24405,ARBUSDT,1786346100000,train,1,2.05,0.594,2.75,2.26,1.73,1.59,0.97,1.06,1.52,1.21,0,0.46,neutral,neutral,0,0.017,32,7156,0,
s24406,OPUSDT,1786346100000,train,1,2.58,0.657,3.18,2.52,2.32,2.13,1.2,1.36,1.25,0.91,1,0.46,neutral,neutral,0,-0.348,32,7156,0,
s24407,INJUSDT,1786346100000,train,1,2.18,0.646,2.97,2.54,0.86,1.73,1.11,0.99,1.12,0.83,0,0.46,neutral,neutral,0,-0.035,32,7156,0,
s24408,TIAUSDT,1786346100000,train,1,2.23,0.439,4.39,3.84,1.41,1.77,1.23,1.61,1.44,1.02,1,0.46,neutral,neutral,0,-0.323,32,7156,0,
s24409,FETUSDT,1786346100000,train,1,2.66,0.621,3.09,2.95,2.66,2.2,1.59,1.27,1.04,0.76,1,0.46,neutral,alcista,0,-0.683,32,7155,4,
s24410,WLDUSDT,1786347000000,train,1,6.36,0.806,7.31,6.59,1.81,5.9,3.14,2.41,1.74,1.39,1,0.46,neutral,alcista,0,-0.249,32,7157,2,
s24411,ENAUSDT,1786347000000,train,1,2.87,0.688,3.74,3.42,1.75,2.4,1.43,0.86,0.83,0.73,1,0.46,neutral,neutral,0,-0.571,32,7157,1,
s24412,ARBUSDT,1786347000000,train,1,2.0,0.571,2.75,2.21,1.58,1.54,0.83,1.06,1.52,1.21,0,0.46,neutral,neutral,0,0.034,32,7157,0,
s24413,OPUSDT,1786347000000,train,1,2.13,0.576,3.18,2.41,1.92,1.66,1.0,1.36,1.25,0.91,1,0.46,neutral,neutral,0,-0.182,32,7157,0,
s24414,INJUSDT,1786347000000,train,1,2.35,0.729,2.97,2.45,0.86,1.89,0.91,0.99,1.12,0.83,0,0.46,neutral,neutral,0,0.092,32,7157,0,
s24415,TIAUSDT,1786347000000,train,1,2.35,0.463,4.39,3.9,1.02,1.89,1.14,1.61,1.44,1.02,1,0.46,neutral,neutral,0,-0.395,32,7157,1,
s24416,FETUSDT,1786347000000,train,1,2.44,0.541,3.31,2.74,3.55,1.97,1.28,1.27,1.04,0.76,1,0.46,neutral,neutral,0,-0.605,32,7156,0,
s24417,XPLUSDT,1786347900000,train,1,2.45,0.462,2.83,2.46,2.71,2.09,1.32,1.01,1.1,0.9,0,0.36,neutral,alcista,0,-1.0,29,7158,2,
s24418,WLDUSDT,1786347900000,train,1,7.65,0.85,7.82,7.62,1.62,7.29,4.0,2.41,1.74,1.39,1,0.36,neutral,alcista,0,-0.332,32,7158,3,
s24419,ENAUSDT,1786347900000,train,1,3.45,0.858,3.74,3.61,1.37,3.09,1.52,0.86,0.83,0.73,1,0.36,neutral,alcista,0,-0.534,32,7158,2,
s24420,ARBUSDT,1786347900000,train,1,2.3,0.647,2.74,2.37,1.4,1.93,0.96,1.06,1.52,1.21,0,0.36,neutral,neutral,0,-0.111,32,7158,1,
s24421,OPUSDT,1786347900000,train,1,2.24,0.625,3.18,2.31,1.41,1.88,0.9,1.36,1.25,0.91,1,0.36,neutral,neutral,0,-0.048,32,7158,0,
s24422,INJUSDT,1786347900000,train,1,2.35,0.729,2.97,2.48,0.82,1.98,0.83,0.99,1.12,0.83,0,0.36,neutral,neutral,0,0.109,32,7158,1,
s24423,TIAUSDT,1786347900000,train,1,2.96,0.629,4.38,3.99,1.03,2.59,1.2,1.61,1.44,1.02,1,0.36,neutral,alcista,0,-0.409,32,7158,2,
s24424,JUPUSDT,1786347900000,train,1,2.17,0.765,2.28,2.23,0.81,1.8,0.93,0.96,1.25,1.09,0,0.36,neutral,alcista,0,-1.0,31,7158,3,
s24425,FETUSDT,1786347900000,train,1,2.66,0.621,3.24,2.67,5,2.3,1.19,1.27,1.04,0.76,1,0.36,neutral,neutral,0,-0.703,32,7157,0,
s24426,WLDUSDT,1786348800000,train,1,7.14,0.749,8.15,7.09,1.64,6.84,3.05,2.96,2.11,1.56,1,0.3,neutral,neutral,0,-0.343,32,7159,0,
s24427,ENAUSDT,1786348800000,train,1,3.11,0.734,3.85,3.36,1.3,2.81,1.09,0.89,0.86,0.72,1,0.3,neutral,neutral,0,-0.639,32,7159,0,
s24428,ARBUSDT,1786348800000,train,1,2.04,0.571,2.68,2.17,1.05,1.74,0.76,1.12,1.5,1.2,0,0.3,neutral,neutral,0,-0.069,32,7159,0,
s24429,OPUSDT,1786348800000,train,1,2.13,0.613,3.18,2.31,1.01,1.83,0.79,1.3,1.32,0.94,0,0.3,neutral,neutral,0,-0.095,32,7159,0,
s24430,INJUSDT,1786348800000,train,1,2.26,0.71,2.72,2.21,0.68,1.96,0.69,0.96,1.15,0.83,0,0.3,neutral,neutral,0,0.224,32,7159,0,
s24431,TIAUSDT,1786348800000,train,1,2.86,0.613,3.54,3.05,0.96,2.56,1.02,1.87,1.58,1.07,1,0.3,neutral,neutral,0,-0.545,32,7159,0,
s24432,FETUSDT,1786348800000,train,1,2.06,0.519,3.03,2.31,2.96,1.76,0.9,1.32,1.09,0.78,1,0.3,neutral,neutral,0,-1.0,28,7158,0,
s24433,XPLUSDT,1786349700000,train,1,2.0,0.442,3.3,2.19,1.8,1.59,0.83,1.11,1.13,0.94,0,0.41,neutral,neutral,0,-1.0,27,7160,0,
s24434,WLDUSDT,1786349700000,train,1,8.4,0.845,8.32,7.78,1.38,7.99,3.41,2.96,2.11,1.56,1,0.41,neutral,neutral,0,-0.427,32,7160,1,
s24435,ENAUSDT,1786349700000,train,1,3.39,0.799,3.84,3.49,1.06,2.97,1.11,0.89,0.86,0.72,1,0.41,neutral,neutral,0,-0.688,32,7160,1,
s24436,ARBUSDT,1786349700000,train,1,2.14,0.618,2.67,2.1,0.83,1.73,0.63,1.12,1.5,1.2,0,0.41,neutral,neutral,0,-0.101,32,7160,0,
s24437,INJUSDT,1786349700000,train,1,2.25,0.71,2.68,2.18,0.61,1.84,0.68,0.96,1.15,0.83,0,0.41,neutral,neutral,0,0.021,32,7160,1,
s24438,TIAUSDT,1786349700000,train,1,2.8,0.608,3.53,3.14,1.07,2.38,1.01,1.87,1.58,1.07,1,0.41,neutral,neutral,0,-0.577,32,7160,1,
s24439,FETUSDT,1786349700000,train,1,2.06,0.519,3.03,2.17,2.47,1.65,0.68,1.32,1.09,0.78,1,0.41,neutral,neutral,0,-1.0,27,7159,0,
s24440,WLDUSDT,1786350600000,train,1,5.9,0.535,8.03,5.78,1.36,5.56,1.53,2.96,2.11,1.56,1,0.34,neutral,neutral,0,-0.27,32,7161,0,
s24441,ENAUSDT,1786350600000,train,1,3.18,0.759,3.69,3.26,0.49,2.84,0.98,0.89,0.86,0.72,1,0.34,neutral,neutral,0,-0.693,32,7161,0,
s24442,XPLUSDT,1786351500000,train,1,2.06,0.37,3.07,2.15,1.24,1.69,0.85,1.11,1.13,0.94,0,0.37,neutral,neutral,0,-1.0,25,7162,1,
s24443,STBLUSDT,1786351500000,train,-1,-2.16,0.624,3.24,2.41,1.99,-2.52,1.13,0.89,2.32,1.66,0,0.37,neutral,bajista,0,0.948,32,7162,4,
s24444,WLDUSDT,1786351500000,train,1,7.44,0.597,7.8,6.95,1.36,7.07,2.66,2.96,2.11,1.56,1,0.37,neutral,neutral,0,-0.475,32,7162,1,
s24445,ENAUSDT,1786351500000,train,1,4.05,0.8,4.23,4.08,0.57,3.68,1.66,0.89,0.86,0.72,1,0.37,neutral,neutral,0,-0.862,32,7162,1,
s24446,OPUSDT,1786351500000,train,1,2.13,0.487,3.07,2.2,0.76,1.76,0.62,1.3,1.32,0.94,0,0.37,neutral,neutral,0,-0.15,32,7162,1,
s24447,TIAUSDT,1786351500000,train,1,2.43,0.411,3.4,2.46,1.05,2.06,0.47,1.87,1.58,1.07,1,0.37,neutral,neutral,0,-0.667,32,7162,1,
s24448,JUPUSDT,1786351500000,train,1,2.05,0.569,2.12,2.01,0.97,1.68,0.81,1.01,1.28,1.1,0,0.37,neutral,neutral,0,-1.0,27,7162,1,
s24449,STBLUSDT,1786352400000,train,-1,-2.12,0.619,3.04,2.29,2.1,-2.47,1.03,0.97,1.63,1.7,0,0.35,neutral,bajista,0,0.945,32,7163,5,
s24450,WLDUSDT,1786352400000,train,1,6.26,0.476,7.67,5.92,1.02,5.91,1.64,3.28,2.34,1.66,1,0.35,neutral,neutral,0,-0.34,32,7163,0,
s24451,ENAUSDT,1786352400000,train,1,3.79,0.711,4.21,3.68,0.53,3.44,1.17,0.95,0.9,0.72,1,0.35,neutral,neutral,0,-0.628,32,7163,0,
s24452,STBLUSDT,1786353300000,train,-1,-2.28,0.636,2.76,2.38,2.09,-2.47,1.26,0.97,1.63,1.7,0,0.18,neutral,bajista,0,0.772,32,7164,6,
s24453,STBLUSDT,1786354200000,train,-1,-2.26,0.632,2.95,2.57,0.84,-2.2,1.86,0.97,1.63,1.7,0,-0.06,neutral,bajista,0,0.393,32,7165,7,
s24454,STBLUSDT,1786355100000,train,-1,-2.22,0.628,3.33,2.7,1.26,-1.95,1.78,0.97,1.63,1.7,0,-0.27,neutral,bajista,0,0.359,32,7166,8,
s24455,PUMPUSDT,1786356000000,train,-1,-4.77,0.412,5.67,5.15,0.94,-4.52,2.66,2.07,2.06,1.96,1,-0.24,neutral,bajista,0,-0.55,32,7167,3,
s24456,AXSUSDT,1786360500000,testB,1,2.41,0.466,3.35,3.29,3.1,2.79,2.06,1.19,0.9,0.71,1,-0.38,neutral,alcista,0,0.182,32,7171,6,
s24457,AXSUSDT,1786361400000,testB,1,2.06,0.393,3.53,3.09,3.34,2.48,1.68,1.19,0.9,0.71,1,-0.41,neutral,neutral,0,0.297,32,7172,0,
s24458,AXSUSDT,1786362300000,testB,1,3.32,0.553,4.04,4.03,2.58,3.45,2.42,1.19,0.9,0.71,1,-0.13,neutral,neutral,0,-0.07,32,7173,1,
s24459,AXSUSDT,1786363200000,testB,1,3.33,0.555,4.53,4.31,2.09,3.55,2.41,1.68,1.11,0.82,1,-0.21,neutral,alcista,0,-0.251,32,7174,2,
s24460,WLDUSDT,1786364100000,train,-1,-3.78,0.425,4.63,4.34,0.44,-3.41,1.19,3.07,2.53,1.88,1,-0.37,neutral,bajista,0,0.075,32,7176,2,
s24461,AXSUSDT,1786364100000,testB,1,4.47,0.673,5.11,5.1,1.76,4.84,2.93,1.68,1.11,0.82,1,-0.37,neutral,alcista,0,-0.373,32,7175,3,
s24462,ARUSDT,1786365000000,testB,1,2.71,0.576,3.28,2.96,4.41,3.02,1.89,1.88,1.35,1.09,1,-0.31,neutral,neutral,0,-0.891,32,7176,1,
s24463,AXSUSDT,1786365000000,testB,1,4.7,0.685,5.55,5.44,2.11,5.01,3.01,1.68,1.11,0.82,1,-0.31,neutral,alcista,0,-0.427,32,7176,4,
s24464,PUMPUSDT,1786365900000,train,-1,-4.7,0.473,6.2,5.45,1.0,-4.12,1.68,1.75,1.93,1.97,0,-0.59,neutral,neutral,0,-1.0,27,7178,0,
s24465,WLDUSDT,1786365900000,train,-1,-3.36,0.447,4.57,3.63,1.09,-2.77,1.01,3.07,2.53,1.88,1,-0.59,neutral,neutral,0,0.325,32,7178,1,
s24466,AXSUSDT,1786365900000,testB,1,4.0,0.545,5.59,4.9,2.06,4.59,2.15,1.68,1.11,0.82,1,-0.59,neutral,neutral,0,-0.433,32,7177,0,
s24467,PUMPUSDT,1786366800000,train,-1,-3.4,0.37,5.07,4.07,1.04,-2.88,1.3,1.61,1.81,1.86,0,-0.52,neutral,neutral,0,-1.0,18,7179,0,
s24468,AXSUSDT,1786366800000,testB,1,3.42,0.443,5.76,4.46,2.06,3.94,1.55,2.22,1.37,0.95,1,-0.52,neutral,neutral,0,-0.331,32,7178,0,
s24469,PUMPUSDT,1786367700000,train,-1,-3.43,0.375,4.96,3.88,0.92,-3.05,1.07,1.61,1.81,1.86,0,-0.38,neutral,neutral,0,-1.0,16,7180,0,
s24470,PUMPUSDT,1786368600000,train,-1,-3.47,0.377,4.96,4.04,0.71,-2.85,1.46,1.61,1.81,1.86,0,-0.62,neutral,neutral,0,-1.0,15,7181,1,
s24471,0GUSDT,1786368600000,train,1,2.5,0.358,2.83,2.44,1.17,3.12,0.55,1.1,1.13,0.97,0,-0.62,neutral,neutral,0,-0.553,32,7181,1,
s24472,AXSUSDT,1786368600000,testB,1,3.33,0.368,5.81,3.67,1.78,3.95,0.61,2.22,1.37,0.95,1,-0.62,neutral,neutral,0,-0.266,32,7180,1,
s24473,0GUSDT,1786369500000,train,1,2.89,0.393,3.13,3.06,1.27,3.51,1.22,1.1,1.13,0.97,0,-0.63,neutral,alcista,0,-0.708,32,7182,2,
s24474,AXSUSDT,1786369500000,testB,1,3.3,0.363,5.57,3.26,1.54,3.93,0.39,2.22,1.37,0.95,1,-0.63,neutral,neutral,0,-0.337,32,7181,0,
s24475,ARUSDT,1786371300000,testB,1,2.1,0.388,3.14,2.11,0.56,2.48,0.68,2.22,1.51,1.19,1,-0.38,neutral,alcista,0,-1.0,17,7183,2,
s24476,AXSUSDT,1786371300000,testB,1,3.37,0.369,4.65,3.26,0.54,3.74,1.21,2.37,1.45,0.99,1,-0.38,neutral,alcista,0,-0.54,32,7183,2,
s24477,ARUSDT,1786372200000,testB,1,2.05,0.381,3.14,2.11,0.46,2.33,0.65,2.22,1.51,1.19,1,-0.29,neutral,neutral,0,-1.0,16,7184,0,
s24478,ENAUSDT,1786373100000,train,-1,-2.24,0.45,3.61,3.44,1.07,-1.64,1.53,0.99,0.94,0.78,1,-0.61,neutral,bajista,0,0.168,32,7186,2,
s24479,ENAUSDT,1786374000000,train,-1,-2.85,0.54,4.1,3.92,0.94,-2.14,1.81,1.02,0.99,0.8,1,-0.71,neutral,bajista,0,0.041,32,7187,3,
s24480,ENAUSDT,1786374900000,train,-1,-2.45,0.432,4.08,3.39,1.02,-1.41,1.22,1.02,0.99,0.8,1,-1.04,neutral,neutral,0,0.223,32,7188,0,
s24481,ENAUSDT,1786375800000,train,-1,-3.13,0.571,4.09,3.67,1.05,-2.03,1.36,1.02,0.99,0.8,1,-1.1,neutral,neutral,0,0.083,32,7189,1,
s24482,JUPUSDT,1786375800000,train,-1,-2.0,0.521,3.1,2.38,2.17,-0.91,1.13,0.99,0.97,1.18,0,-1.1,neutral,neutral,0,-0.023,32,7189,1,
s24483,PENDLEUSDT,1786375800000,train,-1,-2.07,0.455,3.26,2.64,1.14,-0.97,0.59,1.33,1.04,0.99,1,-1.1,neutral,neutral,0,0.173,32,7189,1,
s24484,ENAUSDT,1786376700000,train,-1,-2.83,0.504,3.86,3.21,0.83,-1.56,1.05,1.02,0.99,0.8,1,-1.27,neutral,neutral,0,0.183,32,7190,0,
s24485,JUPUSDT,1786376700000,train,-1,-2.11,0.565,3.09,2.32,2.29,-0.84,0.95,0.99,0.97,1.18,0,-1.27,neutral,neutral,0,0.095,32,7190,0,
s24486,PENDLEUSDT,1786376700000,train,-1,-2.13,0.476,3.25,2.41,1.16,-0.85,0.36,1.33,1.04,0.99,1,-1.27,neutral,neutral,0,0.28,32,7190,0,
s24487,ONDOUSDT,1786376700000,train,-1,-2.01,0.384,2.94,2.14,1.1,-0.73,0.48,1.06,0.85,0.83,1,-1.27,neutral,neutral,0,0.905,32,7189,0,
s24488,ENAUSDT,1786377600000,train,-1,-3.04,0.521,3.53,3.37,0.56,-1.65,1.4,1.09,1.05,0.81,1,-1.39,neutral,neutral,0,-0.074,32,7191,1,
s24489,JUPUSDT,1786377600000,train,-1,-2.01,0.552,2.77,2.16,1.95,-0.62,1.06,1.12,1.06,1.14,0,-1.39,neutral,neutral,0,0.051,32,7191,1,
s24490,PENDLEUSDT,1786377600000,train,-1,-2.01,0.461,2.82,2.08,0.82,-0.62,0.55,1.49,1.13,1.03,1,-1.39,neutral,neutral,0,0.272,32,7191,1,
s24491,ENAUSDT,1786378500000,train,-1,-3.04,0.521,3.69,3.5,0.59,-1.62,1.44,1.09,1.05,0.81,1,-1.43,neutral,bajista,0,-0.136,32,7192,2,
s24492,STBLUSDT,1786379400000,train,-1,-2.0,0.533,3.02,2.6,3.15,-0.39,1.15,0.94,1.06,1.67,0,-1.61,neutral,bajista,0,0.164,32,7193,4,
s24493,ENAUSDT,1786379400000,train,-1,-3.26,0.58,3.61,3.36,0.64,-1.64,1.23,1.09,1.05,0.81,1,-1.61,neutral,neutral,0,-0.155,32,7193,0,
s24494,PENDLEUSDT,1786379400000,train,-1,-2.08,0.516,2.49,2.12,1.08,-0.47,0.8,1.49,1.13,1.03,1,-1.61,neutral,neutral,0,0.024,32,7193,0,
s24495,ENAUSDT,1786380300000,train,-1,-2.8,0.541,3.45,3.4,0.71,-1.33,1.48,1.09,1.05,0.81,1,-1.46,neutral,neutral,0,-0.309,32,7194,1,
s24496,ARUSDT,1786380300000,testB,-1,-2.0,0.457,2.71,2.6,0.9,-0.54,1.16,2.68,1.84,1.32,1,-1.46,neutral,neutral,0,-0.596,32,7193,1,
s24497,ENAUSDT,1786385700000,train,-1,-2.07,0.351,2.38,2.17,0.38,-0.72,0.95,1.01,0.92,0.83,1,-1.35,neutral,bajista,0,-1.0,30,7200,3,
s24498,OPUSDT,1786387500000,train,1,2.32,0.447,3.13,2.81,1.46,3.45,1.09,2.46,1.95,1.52,1,-1.13,neutral,neutral,0,-0.346,32,7202,0,
s24499,WLDUSDT,1786388400000,train,-1,-2.82,0.399,4.49,4.01,1.12,-1.85,1.73,2.18,2.49,2.16,0,-0.97,neutral,neutral,0,-0.201,32,7203,0,
s24500,OPUSDT,1786388400000,train,1,2.67,0.545,3.14,2.6,1.02,3.63,0.83,1.75,1.86,1.55,0,-0.97,neutral,neutral,0,-0.417,32,7203,0,
s24501,WLDUSDT,1786389300000,train,-1,-2.95,0.429,4.11,3.13,1.26,-2.36,1.03,2.18,2.49,2.16,0,-0.59,neutral,neutral,0,-0.0,32,7204,0,
s24502,XPLUSDT,1786391100000,train,-1,-2.56,0.404,2.72,2.64,0.47,-2.17,0.93,1.38,1.45,1.27,0,-0.39,neutral,bajista,0,-1.0,20,7206,3,
s24503,XPLUSDT,1786395600000,train,-1,-2.04,0.526,2.49,2.31,1.05,-2.21,0.76,1.12,1.27,1.24,0,0.17,neutral,neutral,0,-1.0,14,7211,1,
s24504,GRTUSDT,1786396500000,testB,-1,-2.01,0.784,2.61,2.26,2.45,-2.3,1.05,1.18,1.37,1.14,0,0.29,neutral,neutral,0,0.031,32,7211,0,
s24505,WLDUSDT,1786397400000,train,-1,-2.45,0.408,3.05,2.48,0.49,-2.57,0.73,1.3,1.92,2.2,0,0.12,neutral,neutral,0,-1.0,12,7213,1,
s24506,GRTUSDT,1786397400000,testB,-1,-2.01,0.784,2.4,2.12,2.29,-2.13,0.98,1.18,1.37,1.14,0,0.12,neutral,neutral,0,-0.0,32,7212,1,
s24507,0GUSDT,1786398300000,train,-1,-2.11,0.559,2.61,2.28,0.94,-2.13,0.75,0.65,0.98,1.1,0,0.03,neutral,neutral,0,-1.0,14,7214,1,
s24508,WLDUSDT,1786398300000,train,-1,-2.4,0.402,2.91,2.73,0.45,-2.43,1.07,1.3,1.92,2.2,0,0.03,neutral,bajista,0,-1.0,8,7214,2,
s24509,WLDUSDT,1786399200000,train,-1,-2.35,0.396,2.94,2.49,0.56,-2.49,1.09,1.21,1.79,2.21,0,0.14,neutral,bajista,0,-1.0,7,7215,3,
s24510,GRTUSDT,1786401000000,testB,-1,-2.23,0.8,2.49,2.28,1.51,-2.37,1.15,1.33,1.54,1.19,0,0.15,neutral,bajista,0,-0.188,32,7216,2,
s24511,APEUSDT,1786401000000,testB,-1,-2.12,0.538,3.48,3.17,1.18,-2.27,1.2,1.35,1.44,1.34,0,0.15,neutral,bajista,0,-0.512,32,7216,2,
s24512,SEIUSDT,1786401900000,train,-1,-2.04,0.78,2.35,2.35,1.57,-2.23,1.22,1.2,1.22,1.29,0,0.19,neutral,bajista,0,0.063,32,7218,6,
s24513,APEUSDT,1786401900000,testB,-1,-2.48,0.702,3.47,2.78,1.61,-2.67,0.77,1.35,1.44,1.34,0,0.19,neutral,neutral,0,-0.389,32,7217,0,
s24514,SEIUSDT,1786402800000,train,-1,-2.13,0.788,3.23,2.45,2.79,-2.2,1.2,1.5,1.46,1.3,1,0.07,neutral,bajista,0,0.13,32,7219,7,
s24515,APEUSDT,1786402800000,testB,-1,-2.55,0.739,3.47,2.7,1.5,-2.62,0.66,1.31,1.43,1.27,0,0.07,neutral,neutral,0,-0.257,32,7218,0,
s24516,INJUSDT,1786403700000,train,-1,-2.47,0.799,3.9,3.31,0.67,-2.41,0.84,0.94,1.0,0.95,0,-0.06,neutral,neutral,0,-0.483,32,7220,0,
s24517,SEIUSDT,1786403700000,train,-1,-2.1,0.772,3.23,2.25,2.83,-2.05,0.92,1.5,1.46,1.3,1,-0.06,neutral,neutral,0,0.293,32,7220,0,
s24518,APEUSDT,1786403700000,testB,-1,-2.26,0.714,3.4,2.78,1.67,-2.2,0.73,1.31,1.43,1.27,0,-0.06,neutral,neutral,0,-0.139,32,7219,1,
s24519,INJUSDT,1786404600000,train,-1,-2.55,0.839,3.35,2.78,0.75,-2.46,0.8,0.94,1.0,0.95,0,-0.09,neutral,neutral,0,-0.713,32,7221,1,
s24520,SEIUSDT,1786404600000,train,-1,-2.03,0.766,3.08,2.1,2.41,-1.94,0.85,1.5,1.46,1.3,1,-0.09,neutral,neutral,0,0.314,32,7221,0,
s24521,APEUSDT,1786404600000,testB,-1,-2.19,0.674,3.01,2.31,0.68,-2.09,0.7,1.31,1.43,1.27,0,-0.09,neutral,neutral,0,-0.233,32,7220,0,
s24522,INJUSDT,1786405500000,train,-1,-2.23,0.82,2.76,2.31,1.02,-2.11,0.86,0.94,1.0,0.95,0,-0.12,neutral,bajista,0,-1.0,26,7222,2,
s24523,APEUSDT,1786405500000,testB,-1,-2.04,0.659,2.85,2.16,0.3,-1.92,0.65,1.31,1.43,1.27,0,-0.12,neutral,neutral,0,-0.214,32,7221,0,
s24524,SEIUSDT,1786406400000,train,-1,-2.13,0.748,3.06,2.3,0.55,-2.03,0.92,1.56,1.46,1.28,1,-0.1,neutral,neutral,0,0.202,32,7223,1,
s24525,ONDOUSDT,1786406400000,train,-1,-2.43,0.56,2.9,2.61,1.41,-2.32,1.3,1.1,1.16,0.9,0,-0.1,neutral,bajista,0,0.023,32,7222,2,
s24526,XPLUSDT,1786409100000,train,1,2.11,0.4,3.71,3.47,1.95,2.3,1.81,1.43,1.47,1.35,0,-0.19,neutral,alcista,0,-0.285,32,7226,3,
s24527,XPLUSDT,1786410000000,train,1,2.63,0.532,3.8,3.54,2.58,2.72,1.7,1.65,1.54,1.39,1,-0.08,neutral,alcista,0,-0.431,32,7227,4,
s24528,ARUSDT,1786410000000,testB,1,2.11,0.543,3.54,2.83,3.03,2.19,1.18,1.45,1.41,1.45,0,-0.08,neutral,neutral,0,-0.192,32,7226,0,
s24529,XPLUSDT,1786410900000,train,1,2.58,0.517,3.81,3.42,2.64,2.66,1.42,1.65,1.54,1.39,1,-0.08,neutral,neutral,0,-0.355,32,7228,0,
s24530,0GUSDT,1786410900000,train,1,2.61,0.37,3.63,3.63,2.22,2.69,2.0,1.22,1.15,1.14,1,-0.08,neutral,neutral,0,0.614,32,7228,1,
s24531,ARBUSDT,1786410900000,train,1,2.08,0.619,2.95,2.75,1.58,2.16,1.19,1.17,1.22,1.19,0,-0.08,neutral,alcista,0,-0.603,32,7228,2,
s24532,ARUSDT,1786410900000,testB,1,2.11,0.543,3.21,2.45,2.12,2.19,1.01,1.45,1.41,1.45,0,-0.08,neutral,neutral,0,0.067,32,7227,0,
s24533,XPLUSDT,1786411800000,train,1,2.55,0.514,3.8,3.57,2.27,2.63,1.41,1.65,1.54,1.39,1,-0.07,neutral,neutral,0,-0.365,32,7229,1,
s24534,0GUSDT,1786411800000,train,1,3.45,0.438,5.04,4.6,2.57,3.53,2.74,1.22,1.15,1.14,1,-0.07,neutral,alcista,0,0.096,32,7229,2,
s24535,XPLUSDT,1786412700000,train,1,3.0,0.612,3.83,3.73,1.07,2.88,1.5,1.65,1.54,1.39,1,0.12,neutral,alcista,0,-0.418,32,7230,2,
s24536,0GUSDT,1786412700000,train,1,4.17,0.492,5.19,5.19,2.94,4.05,3.06,1.22,1.15,1.14,1,0.12,neutral,alcista,0,0.193,32,7230,3,
s24537,ENAUSDT,1786412700000,train,1,3.61,0.771,3.87,3.66,3.97,3.49,2.63,0.59,0.7,0.78,0,0.12,neutral,neutral,0,-0.084,32,7230,1,
s24538,ARBUSDT,1786412700000,train,1,2.06,0.522,2.96,2.45,1.09,1.94,0.82,1.17,1.22,1.19,0,0.12,neutral,neutral,0,-0.533,32,7230,1,
s24539,XPLUSDT,1786413600000,train,1,3.08,0.619,4.17,3.94,0.53,3.08,1.56,1.74,1.58,1.42,1,-0.0,neutral,alcista,0,-0.687,32,7231,3,
s24540,0GUSDT,1786413600000,train,1,4.02,0.484,5.93,5.49,3.55,4.02,3.16,2.03,1.42,1.31,1,-0.0,neutral,alcista,0,0.148,32,7231,4,
s24541,ENAUSDT,1786413600000,train,1,3.15,0.747,4.05,3.47,4.05,3.15,2.39,0.78,0.72,0.82,0,-0.0,neutral,alcista,0,-0.257,32,7231,2,
s24542,XPLUSDT,1786414500000,train,1,3.48,0.647,4.47,4.33,0.51,3.42,1.76,1.74,1.58,1.42,1,0.06,neutral,alcista,0,-0.585,32,7232,4,
s24543,0GUSDT,1786414500000,train,1,4.81,0.536,6.51,6.13,3.85,4.74,3.46,2.03,1.42,1.31,1,0.06,neutral,alcista,0,0.0,32,7232,5,
s24544,ENAUSDT,1786414500000,train,1,3.37,0.787,4.05,3.6,4.57,3.3,2.3,0.78,0.72,0.82,0,0.06,neutral,alcista,0,-0.193,32,7232,3,
s24545,XPLUSDT,1786415400000,train,1,3.62,0.687,4.47,4.21,0.49,3.53,1.51,1.74,1.58,1.42,1,0.09,neutral,neutral,0,-0.628,32,7233,0,
s24546,0GUSDT,1786415400000,train,1,5.81,0.64,6.66,6.6,3.61,5.72,3.59,2.03,1.42,1.31,1,0.09,neutral,alcista,0,-0.047,32,7233,6,
s24547,ENAUSDT,1786415400000,train,1,3.76,0.851,4.14,3.83,4.84,3.67,2.34,0.78,0.72,0.82,0,0.09,neutral,alcista,0,-0.295,32,7233,4,
s24548,XPLUSDT,1786416300000,train,1,3.8,0.742,4.52,3.95,0.62,3.76,1.1,1.74,1.58,1.42,1,0.04,neutral,neutral,0,-0.574,32,7234,0,
s24549,0GUSDT,1786416300000,train,1,6.07,0.669,7.02,6.71,2.95,6.03,3.29,2.03,1.42,1.31,1,0.04,neutral,alcista,0,0.037,32,7234,7,
s24550,ENAUSDT,1786416300000,train,1,3.27,0.699,4.15,3.48,2.02,3.24,1.7,0.78,0.72,0.82,0,0.04,neutral,neutral,0,-0.108,32,7234,0,
s24551,XPLUSDT,1786417200000,train,1,3.9,0.748,4.36,4.05,0.51,3.71,1.23,1.8,1.48,1.46,1,0.19,neutral,neutral,0,-0.485,32,7235,1,
s24552,0GUSDT,1786417200000,train,1,4.96,0.5,7.09,5.84,2.31,4.77,2.12,2.44,1.54,1.36,1,0.19,neutral,neutral,0,0.16,32,7235,0,
s24553,ENAUSDT,1786417200000,train,1,2.67,0.505,4.12,2.81,1.33,2.49,0.97,0.85,0.71,0.84,0,0.19,neutral,neutral,0,0.004,32,7235,0,
s24554,XPLUSDT,1786418100000,train,1,4.0,0.752,3.94,3.89,0.5,3.77,1.38,1.8,1.48,1.46,1,0.23,neutral,alcista,0,-0.682,32,7236,2,
s24555,STBLUSDT,1786418100000,train,1,2.06,0.632,2.65,2.39,1.03,1.83,1.17,0.44,0.58,0.79,0,0.23,neutral,alcista,0,-0.246,32,7236,2,
s24556,0GUSDT,1786418100000,train,1,5.59,0.594,7.1,5.61,1.45,5.36,1.74,2.44,1.54,1.36,1,0.23,neutral,neutral,0,0.256,32,7236,0,
s24557,ENAUSDT,1786418100000,train,1,2.7,0.512,4.08,2.71,1.01,2.47,0.83,0.85,0.71,0.84,0,0.23,neutral,neutral,0,-0.037,32,7236,0,
s24558,XPLUSDT,1786419000000,train,1,3.0,0.655,3.5,3.12,0.57,2.75,1.18,1.8,1.48,1.46,1,0.26,neutral,neutral,0,-1.0,26,7237,0,
s24559,0GUSDT,1786419000000,train,1,6.51,0.631,7.04,6.42,1.23,6.26,2.39,2.44,1.54,1.36,1,0.26,neutral,neutral,0,0.26,32,7237,1,
s24560,ENAUSDT,1786419000000,train,1,2.52,0.496,3.99,2.63,0.87,2.27,0.75,0.85,0.71,0.84,0,0.26,neutral,neutral,0,-0.072,32,7237,1,
s24561,XPLUSDT,1786419900000,train,1,2.22,0.532,3.34,2.77,0.46,1.96,0.88,1.8,1.48,1.46,1,0.27,neutral,neutral,0,-1.0,25,7238,0,
s24562,0GUSDT,1786419900000,train,1,5.49,0.553,7.06,6.13,0.92,5.22,1.86,2.44,1.54,1.36,1,0.27,neutral,neutral,0,0.333,32,7238,0,
s24563,ENAUSDT,1786419900000,train,1,3.03,0.552,3.93,3.0,0.87,2.76,1.08,0.85,0.71,0.84,0,0.27,neutral,alcista,0,-0.199,32,7238,2,
s24564,0GUSDT,1786420800000,train,1,6.3,0.623,7.71,6.17,1.0,6.09,2.19,2.77,1.71,1.44,1,0.21,neutral,neutral,0,0.2,32,7239,1,
s24565,ENAUSDT,1786420800000,train,1,2.35,0.432,3.75,2.51,0.76,2.14,0.7,0.93,0.7,0.86,0,0.21,neutral,neutral,0,-0.176,32,7239,0,
s24566,0GUSDT,1786421700000,train,1,6.3,0.623,7.53,5.98,0.92,6.11,1.98,2.77,1.71,1.44,1,0.19,neutral,neutral,0,0.01,32,7240,0,
s24567,WLDUSDT,1786421700000,train,-1,-2.28,0.5,2.75,2.51,0.7,-2.47,0.79,1.04,1.13,2.16,0,0.19,neutral,neutral,0,0.155,32,7240,1,
s24568,0GUSDT,1786422600000,train,1,3.67,0.422,6.89,4.72,0.81,3.49,1.13,2.77,1.71,1.44,1,0.18,neutral,neutral,0,0.026,32,7241,0,
s24569,ENAUSDT,1786422600000,train,1,2.4,0.373,3.48,2.51,0.83,2.21,0.84,0.93,0.7,0.86,0,0.18,neutral,neutral,0,-0.542,32,7241,1,
s24570,0GUSDT,1786423500000,train,1,3.74,0.433,6.9,4.6,0.88,3.75,0.95,2.77,1.71,1.44,1,-0.01,neutral,neutral,0,0.149,32,7242,0,
s24571,STBLUSDT,1786424400000,train,1,2.09,0.467,2.64,2.18,1.93,2.11,1.06,0.84,0.69,0.84,0,-0.02,neutral,alcista,0,-0.25,32,7243,2,
s24572,0GUSDT,1786424400000,train,1,4.71,0.503,6.84,5.36,0.53,4.73,1.6,2.94,1.77,1.48,1,-0.02,neutral,neutral,0,-0.115,32,7243,1,
s24573,WLDUSDT,1786424400000,train,-1,-2.26,0.484,2.64,2.64,0.67,-2.24,1.07,0.96,1.1,2.04,0,-0.02,neutral,bajista,0,0.114,32,7243,2,
s24574,STBLUSDT,1786425300000,train,1,2.86,0.545,3.15,3.03,2.64,3.0,1.83,0.84,0.69,0.84,0,-0.15,neutral,alcista,0,-0.507,32,7244,3,
s24575,0GUSDT,1786425300000,train,1,3.44,0.429,4.98,3.75,0.59,3.58,1.42,2.94,1.77,1.48,1,-0.15,neutral,alcista,0,-0.311,32,7244,2,
s24576,STBLUSDT,1786426200000,train,1,3.63,0.639,5.44,3.54,4.21,3.55,2.16,0.84,0.69,0.84,0,0.08,neutral,alcista,0,-0.581,32,7245,4,
s24577,INJUSDT,1786426200000,train,1,2.34,0.543,2.55,2.28,1.07,2.26,0.79,0.74,0.84,0.88,0,0.08,neutral,alcista,0,0.441,32,7245,4,
s24578,STBLUSDT,1786427100000,train,1,3.75,0.647,5.09,3.57,3.96,3.84,2.3,0.84,0.69,0.84,0,-0.1,neutral,alcista,0,-1.0,19,7246,5,
s24579,WLDUSDT,1786427100000,train,-1,-2.15,0.624,2.46,2.31,1.17,-2.05,0.96,0.96,1.1,2.04,0,-0.1,neutral,bajista,0,0.494,32,7246,2,
s24580,PUMPUSDT,1786428000000,train,1,3.74,0.368,5.02,3.92,2.88,3.76,2.92,1.63,1.33,1.54,0,-0.01,neutral,alcista,0,-1.0,8,7247,2,
s24581,STBLUSDT,1786428000000,train,1,3.65,0.642,4.79,3.6,2.26,3.66,2.35,1.21,0.84,0.91,0,-0.01,neutral,alcista,0,-1.0,17,7247,6,
s24582,PUMPUSDT,1786428900000,train,1,3.86,0.383,5.2,3.82,3.9,4.05,2.43,1.63,1.33,1.54,0,-0.19,neutral,neutral,0,-1.0,7,7248,0,
s24583,STBLUSDT,1786428900000,train,1,2.53,0.448,4.69,2.96,3.18,2.72,1.66,1.21,0.84,0.91,0,-0.19,neutral,neutral,0,-1.0,7,7248,0,
s24584,PUMPUSDT,1786429800000,train,1,3.37,0.353,5.18,4.08,3.8,3.54,2.35,1.63,1.33,1.54,0,-0.17,neutral,neutral,0,-1.0,6,7249,1,
s24585,TIAUSDT,1786429800000,train,-1,-2.01,0.619,2.43,2.08,1.03,-1.84,0.81,1.35,1.29,1.31,0,-0.17,neutral,neutral,0,0.197,32,7249,0,
s24586,PUMPUSDT,1786442400000,train,-1,-5.6,0.634,7.36,7.28,0.56,-5.94,2.51,1.84,1.53,1.48,1,0.34,neutral,neutral,0,0.235,32,7263,1,
s24587,STBLUSDT,1786442400000,train,-1,-2.37,0.397,3.52,2.39,0.21,-2.71,0.27,1.49,0.88,0.82,1,0.34,neutral,neutral,1,2.0,22,7263,0,
s24588,LDOUSDT,1786442400000,testB,-1,-2.28,0.567,2.47,2.44,2.46,-2.62,1.54,0.49,0.5,0.49,0,0.34,neutral,neutral,0,0.563,32,7262,1,
s24589,PUMPUSDT,1786443300000,train,-1,-4.71,0.495,6.83,5.92,0.69,-5.3,1.43,1.84,1.53,1.48,1,0.59,neutral,neutral,0,0.372,32,7264,0,
s24590,STBLUSDT,1786443300000,train,-1,-2.88,0.443,3.6,3.22,0.59,-3.47,1.27,1.49,0.88,0.82,1,0.59,neutral,neutral,0,0.105,32,7264,1,
s24591,PUMPUSDT,1786444200000,train,-1,-5.28,0.554,6.16,5.58,0.64,-5.83,1.62,1.84,1.53,1.48,1,0.55,neutral,neutral,0,0.227,32,7265,1,
s24592,STBLUSDT,1786444200000,train,-1,-2.4,0.397,2.8,2.46,1.09,-2.95,1.39,1.49,0.88,0.82,1,0.55,neutral,bajista,1,2.0,20,7265,2,
s24593,PUMPUSDT,1786445100000,train,-1,-4.2,0.494,5.62,5.15,0.68,-4.62,1.92,1.84,1.53,1.48,1,0.41,neutral,bajista,0,0.296,32,7266,2,
s24594,STBLUSDT,1786445100000,train,-1,-2.04,0.358,2.29,2.08,1.16,-2.45,1.42,1.49,0.88,0.82,1,0.41,neutral,bajista,1,2.0,19,7266,3,
s24595,PUMPUSDT,1786446000000,train,-1,-4.09,0.485,5.5,5.21,0.56,-4.71,2.12,1.94,1.58,1.5,1,0.62,neutral,bajista,0,0.399,32,7267,3,
s24596,PUMPUSDT,1786446900000,train,-1,-4.54,0.524,5.59,5.16,0.8,-5.21,2.28,1.94,1.58,1.5,1,0.67,neutral,bajista,0,0.326,32,7268,4,
s24597,PUMPUSDT,1786447800000,train,-1,-4.18,0.502,5.25,4.81,1.15,-4.6,2.19,1.94,1.58,1.5,1,0.42,neutral,bajista,0,0.244,32,7269,5,
s24598,LDOUSDT,1786447800000,testB,-1,-2.11,0.663,2.5,2.33,0.91,-2.53,0.77,0.52,0.51,0.5,1,0.42,neutral,bajista,0,0.221,32,7268,2,
s24599,PUMPUSDT,1786448700000,train,-1,-2.9,0.353,4.12,3.1,1.3,-3.41,1.39,1.94,1.58,1.5,1,0.51,neutral,neutral,0,0.294,32,7270,0,
s24600,LDOUSDT,1786450500000,testB,-1,-2.56,0.594,3.0,2.59,1.18,-2.97,1.32,0.58,0.52,0.52,1,0.41,neutral,bajista,0,-0.307,32,7271,2,
s24601,PUMPUSDT,1786451400000,train,-1,-4.51,0.585,5.21,5.17,1.23,-4.85,2.49,1.53,1.6,1.49,0,0.34,neutral,bajista,0,-0.59,32,7273,3,
s24602,PUMPUSDT,1786452300000,train,-1,-4.19,0.522,5.19,4.41,1.29,-4.49,1.75,1.53,1.6,1.49,0,0.3,neutral,neutral,0,-0.479,32,7274,0,
s24603,PUMPUSDT,1786453200000,train,-1,-3.7,0.448,5.02,3.88,1.34,-3.99,1.22,1.42,1.56,1.5,0,0.3,neutral,neutral,0,-0.333,32,7275,0,
s24604,PUMPUSDT,1786454100000,train,-1,-3.33,0.421,4.96,4.11,0.95,-3.36,1.51,1.42,1.56,1.5,0,0.03,neutral,neutral,0,-0.342,32,7276,1,
s24605,ARUSDT,1786454100000,testB,-1,-2.28,0.7,3.5,2.34,2.74,-2.31,0.94,1.99,1.84,1.68,1,0.03,neutral,neutral,0,0.238,32,7275,0,
s24606,PUMPUSDT,1786455000000,train,-1,-2.91,0.388,4.41,3.63,0.89,-2.81,1.45,1.42,1.56,1.5,0,-0.1,neutral,bajista,0,-0.357,32,7277,2,
s24607,WLDUSDT,1786455000000,train,-1,-2.46,0.369,3.22,2.92,2.13,-2.36,1.65,1.18,1.0,1.36,0,-0.1,neutral,bajista,0,-1.0,26,7277,2,
s24608,ARUSDT,1786455000000,testB,-1,-2.02,0.649,3.5,2.28,1.95,-1.91,0.79,1.99,1.84,1.68,1,-0.1,neutral,neutral,0,0.293,32,7276,0,
s24609,ARUSDT,1786455900000,testB,-1,-2.12,0.661,3.51,2.39,2.01,-1.96,0.77,1.99,1.84,1.68,1,-0.17,neutral,neutral,0,0.186,32,7277,1,
s24610,PUMPUSDT,1786457700000,train,-1,-2.49,0.369,3.93,3.11,0.98,-2.06,1.0,1.34,1.59,1.48,0,-0.43,neutral,neutral,0,-1.0,23,7280,1,
s24611,WLDUSDT,1786457700000,train,-1,-2.37,0.43,3.22,2.64,2.42,-1.94,1.05,1.34,1.12,1.32,0,-0.43,neutral,neutral,0,-1.0,23,7280,0,
s24612,WLDUSDT,1786459500000,train,-1,-3.24,0.532,4.31,4.06,1.59,-2.53,1.98,1.34,1.12,1.32,0,-0.71,neutral,bajista,0,-1.0,21,7282,2,
s24613,TIAUSDT,1786459500000,train,-1,-2.71,0.551,4.02,3.5,4.3,-2.0,2.18,1.62,1.73,1.44,0,-0.71,neutral,neutral,0,-0.306,32,7282,1,
s24614,JUPUSDT,1786459500000,train,-1,-2.16,0.549,3.17,2.55,4.2,-1.45,1.74,1.55,1.11,0.97,1,-0.71,neutral,bajista,0,0.2,32,7282,3,
s24615,ARUSDT,1786459500000,testB,-1,-2.76,0.714,3.85,3.12,1.51,-2.04,2.11,2.25,2.0,1.77,1,-0.71,neutral,bajista,0,-0.491,32,7281,3,
s24616,STXUSDT,1786459500000,testB,-1,-3.14,0.804,4.03,3.88,5,-2.43,2.4,1.76,1.14,0.94,1,-0.71,neutral,bajista,0,-0.061,32,7281,5,
s24617,APEUSDT,1786459500000,testB,-1,-3.35,0.688,4.41,3.86,3.36,-2.63,2.41,1.9,1.35,1.3,1,-0.71,neutral,bajista,0,-0.388,32,7281,4,
s24618,WLDUSDT,1786460400000,train,-1,-3.65,0.606,3.97,3.88,1.81,-2.75,2.08,1.51,1.24,1.26,0,-0.9,neutral,bajista,0,-1.0,19,7283,3,
s24619,ARBUSDT,1786460400000,train,-1,-2.01,0.365,3.88,3.15,3.68,-1.11,1.82,1.95,1.46,1.28,1,-0.9,neutral,bajista,0,-0.492,32,7283,6,
s24620,OPUSDT,1786460400000,train,-1,-2.31,0.538,2.93,2.93,4.04,-1.41,1.75,1.56,1.2,1.15,1,-0.9,neutral,bajista,0,-1.0,28,7283,7,
s24621,SUIUSDT,1786460400000,train,-1,-2.63,0.752,2.77,2.73,4.34,-1.73,1.68,1.67,1.32,1.17,1,-0.9,neutral,bajista,0,-1.0,28,7283,8,
s24622,TIAUSDT,1786460400000,train,-1,-2.93,0.624,3.6,3.08,5,-2.03,2.0,2.56,2.19,1.66,1,-0.9,neutral,neutral,0,-0.379,32,7283,0,
s24623,JUPUSDT,1786460400000,train,-1,-2.38,0.623,3.06,2.38,5,-1.48,1.67,1.98,1.36,1.04,1,-0.9,neutral,bajista,0,0.357,32,7283,4,
s24624,PENDLEUSDT,1786460400000,train,-1,-2.6,0.504,3.47,3.37,3.63,-1.7,2.1,1.75,1.3,1.03,1,-0.9,neutral,bajista,0,-0.613,32,7283,4,
s24625,ONDOUSDT,1786460400000,train,-1,-2.41,0.594,2.5,2.47,2.66,-1.51,1.62,1.33,0.92,0.96,0,-0.9,neutral,bajista,0,-0.329,32,7282,5,
s24626,ARUSDT,1786460400000,testB,-1,-2.64,0.667,3.79,2.89,3.04,-1.74,1.75,2.88,2.29,1.88,1,-0.9,neutral,neutral,0,-0.412,32,7282,0,
s24627,STXUSDT,1786460400000,testB,-1,-3.67,0.96,4.6,3.89,5,-2.76,2.38,2.52,1.52,1.1,1,-0.9,neutral,bajista,0,-0.143,32,7282,6,
s24628,APEUSDT,1786460400000,testB,-1,-2.67,0.538,4.39,3.45,3.88,-1.77,1.86,2.7,1.79,1.49,1,-0.9,neutral,neutral,0,-0.364,32,7282,0,
s24629,TIAUSDT,1786461300000,train,-1,-2.08,0.393,3.38,2.12,5,-1.34,1.13,2.56,2.19,1.66,1,-0.74,neutral,neutral,0,-0.348,32,7284,0,
s24630,STXUSDT,1786461300000,testB,-1,-2.61,0.607,4.33,2.83,5,-1.87,1.46,2.52,1.52,1.1,1,-0.74,neutral,neutral,0,0.056,32,7283,0,
s24631,APEUSDT,1786461300000,testB,-1,-2.66,0.538,4.06,2.73,3.65,-1.92,1.32,2.7,1.79,1.49,1,-0.74,neutral,neutral,0,-0.314,32,7283,0,
s24632,XPLUSDT,1786462200000,train,-1,-3.63,0.548,4.71,4.19,3.46,-2.42,2.51,1.54,1.19,1.37,0,-1.21,neutral,neutral,0,-1.0,19,7285,1,
s24633,STBLUSDT,1786462200000,train,-1,-4.63,0.529,6.89,5.52,5,-3.42,3.49,1.33,1.39,0.89,0,-1.21,neutral,bajista,0,-1.0,5,7285,5,
s24634,0GUSDT,1786462200000,train,-1,-3.89,0.457,6.83,6.45,0.6,-2.68,2.12,4.03,3.82,2.76,1,-1.21,neutral,bajista,0,-0.039,32,7285,2,
s24635,ARBUSDT,1786462200000,train,-1,-2.46,0.386,4.24,3.39,3.8,-1.25,1.72,1.95,1.46,1.28,1,-1.21,neutral,neutral,0,-0.902,32,7285,1,
s24636,OPUSDT,1786462200000,train,-1,-2.52,0.451,3.6,2.93,4.74,-1.32,1.53,1.56,1.2,1.15,1,-1.21,neutral,neutral,0,-1.0,26,7285,1,
s24637,SUIUSDT,1786462200000,train,-1,-2.36,0.545,3.07,2.64,3.57,-1.15,1.35,1.67,1.32,1.17,1,-1.21,neutral,neutral,0,-1.0,26,7285,1,
s24638,TIAUSDT,1786462200000,train,-1,-3.1,0.49,4.5,3.42,5,-1.89,2.2,2.56,2.19,1.66,1,-1.21,neutral,neutral,0,-0.619,32,7285,1,
s24639,SEIUSDT,1786462200000,train,-1,-2.44,0.505,3.22,2.67,5,-1.23,1.77,1.89,1.47,1.45,1,-1.21,neutral,neutral,0,-0.093,32,7285,1,
s24640,JUPUSDT,1786462200000,train,-1,-2.11,0.463,3.06,2.5,5,-0.9,1.53,1.98,1.36,1.04,1,-1.21,neutral,neutral,0,0.205,32,7285,1,
s24641,PENDLEUSDT,1786462200000,train,-1,-2.64,0.393,3.86,3.44,3.53,-1.43,1.86,1.75,1.3,1.03,1,-1.21,neutral,neutral,0,-0.658,32,7285,1,
s24642,ARUSDT,1786462200000,testB,-1,-2.59,0.485,3.68,2.77,3.49,-1.38,1.4,2.88,2.29,1.88,1,-1.21,neutral,neutral,0,-0.531,32,7284,1,
s24643,STXUSDT,1786462200000,testB,-1,-3.07,0.645,4.35,3.4,5,-1.86,1.85,2.52,1.52,1.1,1,-1.21,neutral,neutral,0,-0.163,32,7284,1,
s24644,GRTUSDT,1786462200000,testB,-1,-2.34,0.493,3.05,2.54,4.31,-1.13,1.63,2.7,1.8,1.53,1,-1.21,neutral,neutral,0,-0.114,32,7284,1,
s24645,LDOUSDT,1786462200000,testB,-1,-2.37,0.463,3.62,2.98,2.65,-1.16,1.78,0.89,0.65,0.59,1,-1.21,neutral,neutral,0,-1.0,22,7284,1,
s24646,SANDUSDT,1786462200000,testB,-1,-2.16,0.463,3.39,2.84,4.91,-0.95,1.58,3.25,2.47,1.76,1,-1.21,neutral,neutral,0,-0.354,32,7284,1,
s24647,MANAUSDT,1786462200000,testB,-1,-2.22,0.502,2.89,2.56,4.01,-1.01,1.74,1.42,1.35,1.15,1,-1.21,neutral,neutral,0,-0.711,32,7284,1,
s24648,AXSUSDT,1786462200000,testB,-1,-2.29,0.474,2.84,2.47,3.22,-1.09,1.46,1.13,0.94,0.94,0,-1.21,neutral,neutral,0,-0.537,32,7284,1,
s24649,APEUSDT,1786462200000,testB,-1,-3.59,0.61,4.6,3.96,5,-2.38,2.51,2.7,1.79,1.49,1,-1.21,neutral,neutral,0,-0.64,32,7284,1,
s24650,XPLUSDT,1786463100000,train,-1,-3.78,0.584,4.71,4.16,2.95,-2.57,2.33,1.54,1.19,1.37,0,-1.2,neutral,neutral,0,-1.0,18,7286,0,
s24651,STBLUSDT,1786463100000,train,-1,-4.88,0.563,6.89,5.61,4.41,-3.67,3.34,1.33,1.39,0.89,0,-1.2,neutral,bajista,0,-1.0,4,7286,6,
s24652,0GUSDT,1786463100000,train,-1,-3.7,0.427,6.81,6.18,0.62,-2.5,1.66,4.03,3.82,2.76,1,-1.2,neutral,neutral,0,0.031,32,7286,0,
s24653,ARBUSDT,1786463100000,train,-1,-2.67,0.437,4.24,3.33,1.39,-1.47,1.53,1.95,1.46,1.28,1,-1.2,neutral,neutral,0,-0.915,32,7286,0,
s24654,OPUSDT,1786463100000,train,-1,-2.96,0.491,3.73,3.39,2.09,-1.76,1.87,1.56,1.2,1.15,1,-1.2,neutral,bajista,0,-1.0,25,7286,2,
s24655,SUIUSDT,1786463100000,train,-1,-2.3,0.525,3.06,2.41,1.69,-1.1,1.08,1.67,1.32,1.17,1,-1.2,neutral,neutral,0,-1.0,25,7286,0,
s24656,TIAUSDT,1786463100000,train,-1,-3.03,0.475,4.5,3.29,2.8,-1.83,1.91,2.56,2.19,1.66,1,-1.2,neutral,neutral,0,-0.644,32,7286,0,
s24657,SEIUSDT,1786463100000,train,-1,-2.46,0.513,3.22,2.6,5,-1.26,1.58,1.89,1.47,1.45,1,-1.2,neutral,neutral,0,-0.019,32,7286,0,
s24658,JUPUSDT,1786463100000,train,-1,-2.16,0.481,3.06,2.44,2.15,-0.96,1.35,1.98,1.36,1.04,1,-1.2,neutral,neutral,0,0.209,32,7286,0,
s24659,PENDLEUSDT,1786463100000,train,-1,-2.69,0.405,3.99,3.34,1.48,-1.49,1.63,1.75,1.3,1.03,1,-1.2,neutral,neutral,0,-0.645,32,7286,0,
s24660,ARUSDT,1786463100000,testB,-1,-2.48,0.455,3.67,2.66,1.88,-1.28,1.18,2.88,2.29,1.88,1,-1.2,neutral,neutral,0,-0.404,32,7285,0,
s24661,STXUSDT,1786463100000,testB,-1,-3.15,0.651,4.36,3.57,2.19,-1.95,1.85,2.52,1.52,1.1,1,-1.2,neutral,bajista,0,-0.311,32,7285,2,
s24662,GRTUSDT,1786463100000,testB,-1,-2.2,0.449,2.97,2.32,3.38,-1.0,1.34,2.7,1.8,1.53,1,-1.2,neutral,neutral,0,0.031,32,7285,0,
s24663,LDOUSDT,1786463100000,testB,-1,-2.46,0.493,3.57,2.7,1.8,-1.26,1.4,0.89,0.65,0.59,1,-1.2,neutral,neutral,0,-1.0,17,7285,0,
s24664,AXSUSDT,1786463100000,testB,-1,-2.45,0.49,3.02,2.7,2.0,-1.25,1.57,1.13,0.94,0.94,0,-1.2,neutral,bajista,0,-0.489,32,7285,2,
s24665,APEUSDT,1786463100000,testB,-1,-2.97,0.459,4.48,3.07,2.3,-1.77,1.53,2.7,1.79,1.49,1,-1.2,neutral,neutral,0,-0.513,32,7285,0,
s24666,XPLUSDT,1786464000000,train,-1,-4.03,0.599,4.91,4.26,2.99,-2.69,2.54,1.71,1.27,1.35,0,-1.34,neutral,neutral,0,-1.0,17,7287,1,
s24667,STBLUSDT,1786464000000,train,-1,-5.08,0.596,6.9,5.66,4.2,-3.74,3.05,2.4,1.97,1.11,1,-1.34,neutral,bajista,0,-1.0,3,7287,7,
s24668,ARBUSDT,1786464000000,train,-1,-2.85,0.482,4.22,3.01,1.17,-1.51,1.1,1.93,1.5,1.24,1,-1.34,neutral,neutral,0,-0.868,32,7287,0,
s24669,OPUSDT,1786464000000,train,-1,-2.96,0.491,3.95,3.16,1.94,-1.62,1.66,1.89,1.25,1.2,1,-1.34,neutral,neutral,0,-1.0,21,7287,0,
s24670,TIAUSDT,1786464000000,train,-1,-2.91,0.46,4.49,3.26,2.26,-1.57,1.68,2.65,2.12,1.67,1,-1.34,neutral,neutral,0,-0.66,32,7287,0,
s24671,SEIUSDT,1786464000000,train,-1,-2.88,0.551,3.34,3.11,5,-1.54,1.91,2.24,1.66,1.48,1,-1.34,neutral,neutral,0,-0.169,32,7287,1,
s24672,JUPUSDT,1786464000000,train,-1,-2.44,0.512,3.25,2.85,1.72,-1.11,1.54,2.1,1.52,1.06,1,-1.34,neutral,neutral,0,0.16,32,7287,1,
s24673,PENDLEUSDT,1786464000000,train,-1,-2.6,0.387,3.98,3.1,1.21,-1.26,1.27,1.9,1.41,1.03,1,-1.34,neutral,neutral,0,-0.568,32,7287,0,
s24674,STXUSDT,1786464000000,testB,-1,-2.92,0.576,4.11,3.08,0.87,-1.58,1.43,2.59,1.63,1.11,1,-1.34,neutral,neutral,0,-0.154,32,7286,0,
s24675,LDOUSDT,1786464000000,testB,-1,-2.4,0.486,3.3,2.52,1.76,-1.06,1.35,0.84,0.67,0.59,1,-1.34,neutral,neutral,0,-1.0,16,7286,1,
s24676,SANDUSDT,1786464000000,testB,-1,-2.26,0.455,3.39,2.68,1.43,-0.92,1.17,3.44,2.6,1.79,1,-1.34,neutral,neutral,0,-0.346,32,7286,1,
s24677,AXSUSDT,1786464000000,testB,-1,-2.38,0.47,3.0,2.46,1.67,-1.04,1.26,1.03,0.92,0.91,1,-1.34,neutral,neutral,0,-0.475,32,7286,0,
s24678,APEUSDT,1786464000000,testB,-1,-3.06,0.465,4.33,3.15,1.93,-1.72,1.65,2.83,1.86,1.47,1,-1.34,neutral,neutral,0,-0.6,32,7286,1,
s24679,XPLUSDT,1786464900000,train,-1,-2.72,0.436,4.61,3.56,2.96,-1.6,1.98,1.71,1.27,1.35,0,-1.12,neutral,neutral,0,-1.0,15,7288,0,
s24680,STBLUSDT,1786464900000,train,-1,-4.68,0.575,6.9,5.75,1.91,-3.56,2.89,2.4,1.97,1.11,1,-1.12,neutral,bajista,0,-1.0,2,7288,8,
s24681,OPUSDT,1786464900000,train,-1,-2.53,0.434,3.95,3.05,1.81,-1.41,1.37,1.89,1.25,1.2,1,-1.12,neutral,neutral,0,-1.0,20,7288,0,
s24682,TIAUSDT,1786464900000,train,-1,-2.47,0.402,4.49,3.12,2.06,-1.35,1.37,2.65,2.12,1.67,1,-1.12,neutral,neutral,0,-0.563,32,7288,0,
s24683,SEIUSDT,1786464900000,train,-1,-2.32,0.45,3.33,2.85,5,-1.2,1.51,2.24,1.66,1.48,1,-1.12,neutral,neutral,0,-0.105,32,7288,0,
s24684,JUPUSDT,1786464900000,train,-1,-2.34,0.5,3.25,2.85,1.61,-1.22,1.38,2.1,1.52,1.06,1,-1.12,neutral,neutral,0,0.1,32,7288,0,
s24685,STXUSDT,1786464900000,testB,-1,-2.62,0.548,3.87,2.85,0.55,-1.5,1.28,2.59,1.63,1.11,1,-1.12,neutral,neutral,0,-0.194,32,7287,0,
s24686,SANDUSDT,1786464900000,testB,-1,-2.38,0.469,3.39,2.81,1.25,-1.26,1.19,3.44,2.6,1.79,1,-1.12,neutral,bajista,0,-0.402,32,7287,2,
s24687,APEUSDT,1786464900000,testB,-1,-2.38,0.373,4.17,2.75,1.86,-1.26,1.21,2.83,1.86,1.47,1,-1.12,neutral,neutral,0,-0.514,32,7287,0,
s24688,XPLUSDT,1786465800000,train,-1,-3.11,0.514,4.62,3.68,1.21,-1.81,1.93,1.71,1.27,1.35,0,-1.29,neutral,neutral,0,-1.0,14,7289,1,
s24689,STBLUSDT,1786465800000,train,-1,-4.97,0.621,6.91,5.85,0.74,-3.67,2.73,2.4,1.97,1.11,1,-1.29,neutral,neutral,0,-1.0,1,7289,0,
s24690,ARBUSDT,1786465800000,train,-1,-2.44,0.497,3.93,2.58,0.52,-1.15,0.89,1.93,1.5,1.24,1,-1.29,neutral,neutral,0,-1.0,28,7289,1,
s24691,OPUSDT,1786465800000,train,-1,-2.53,0.434,3.95,2.93,1.35,-1.23,1.14,1.89,1.25,1.2,1,-1.29,neutral,neutral,0,-1.0,19,7289,0,
s24692,TIAUSDT,1786465800000,train,-1,-2.94,0.52,4.49,3.12,0.5,-1.64,1.25,2.65,2.12,1.67,1,-1.29,neutral,neutral,0,-0.542,32,7289,0,
s24693,SEIUSDT,1786465800000,train,-1,-2.63,0.524,3.33,2.96,1.3,-1.34,1.48,2.24,1.66,1.48,1,-1.29,neutral,neutral,0,-0.051,32,7289,1,
s24694,JUPUSDT,1786465800000,train,-1,-2.39,0.518,3.36,2.73,0.99,-1.09,1.17,2.1,1.52,1.06,1,-1.29,neutral,neutral,0,0.229,32,7289,0,
s24695,PENDLEUSDT,1786465800000,train,-1,-2.24,0.35,3.99,3.32,0.77,-0.94,1.25,1.9,1.41,1.03,1,-1.29,neutral,bajista,0,-0.438,32,7289,2,
s24696,STXUSDT,1786465800000,testB,-1,-2.39,0.477,3.86,2.6,0.52,-1.09,0.94,2.59,1.63,1.11,1,-1.29,neutral,neutral,0,-0.273,32,7288,0,
s24697,SANDUSDT,1786465800000,testB,-1,-2.5,0.481,3.04,2.62,0.57,-1.21,1.22,3.44,2.6,1.79,1,-1.29,neutral,bajista,0,-0.317,32,7288,3,
s24698,AXSUSDT,1786465800000,testB,-1,-2.18,0.422,2.64,2.25,0.71,-0.89,1.17,1.03,0.92,0.91,1,-1.29,neutral,neutral,0,-0.606,32,7288,1,
s24699,APEUSDT,1786465800000,testB,-1,-2.54,0.388,4.18,3.08,0.64,-1.24,1.4,2.83,1.86,1.47,1,-1.29,neutral,neutral,0,-0.538,32,7288,1,
s24700,XPLUSDT,1786466700000,train,-1,-2.75,0.473,4.62,3.63,1.04,-1.48,1.66,1.71,1.27,1.35,0,-1.27,neutral,neutral,0,-1.0,13,7290,0,
s24701,ARBUSDT,1786466700000,train,-1,-2.1,0.459,3.85,2.51,0.46,-0.84,0.87,1.93,1.5,1.24,1,-1.27,neutral,neutral,0,-1.0,27,7290,0,
s24702,OPUSDT,1786466700000,train,-1,-2.31,0.412,3.95,2.93,1.2,-1.05,1.05,1.89,1.25,1.2,1,-1.27,neutral,neutral,0,-1.0,18,7290,0,
s24703,TIAUSDT,1786466700000,train,-1,-2.57,0.479,4.49,3.09,0.38,-1.3,1.09,2.65,2.12,1.67,1,-1.27,neutral,neutral,0,-0.389,32,7290,0,
s24704,SEIUSDT,1786466700000,train,-1,-2.71,0.531,3.34,3.11,0.93,-1.44,1.46,2.24,1.66,1.48,1,-1.27,neutral,bajista,0,-0.097,32,7290,2,
s24705,JUPUSDT,1786466700000,train,-1,-2.56,0.535,3.37,3.08,0.86,-1.29,1.35,2.1,1.52,1.06,1,-1.27,neutral,neutral,0,0.037,32,7290,1,
s24706,PENDLEUSDT,1786466700000,train,-1,-2.46,0.393,3.99,3.38,0.65,-1.2,1.2,1.9,1.41,1.03,1,-1.27,neutral,bajista,0,-0.397,32,7290,3,
s24707,STXUSDT,1786466700000,testB,-1,-2.77,0.514,3.88,3.09,0.53,-1.51,1.28,2.59,1.63,1.11,1,-1.27,neutral,neutral,0,-0.256,32,7289,1,
s24708,SANDUSDT,1786466700000,testB,-1,-2.17,0.444,3.05,2.85,0.5,-0.9,1.33,3.44,2.6,1.79,1,-1.27,neutral,bajista,0,-0.292,32,7289,4,
s24709,XPLUSDT,1786467600000,train,-1,-3.03,0.552,4.61,3.52,0.48,-1.76,1.28,1.67,1.27,1.31,0,-1.26,neutral,neutral,0,-1.0,12,7291,0,
s24710,ARBUSDT,1786467600000,train,-1,-2.68,0.538,3.82,2.97,0.46,-1.41,1.12,1.95,1.52,1.24,1,-1.26,neutral,neutral,0,-1.0,26,7291,1,
s24711,TIAUSDT,1786467600000,train,-1,-2.65,0.506,4.28,2.73,0.22,-1.39,0.8,2.66,2.07,1.65,1,-1.26,neutral,neutral,0,-0.631,32,7291,0,
s24712,SEIUSDT,1786467600000,train,-1,-3.02,0.596,3.24,3.17,0.39,-1.76,1.41,2.64,1.83,1.55,1,-1.26,neutral,bajista,0,-0.222,32,7291,3,
s24713,JUPUSDT,1786467600000,train,-1,-2.94,0.624,3.32,3.2,0.75,-1.68,1.36,2.48,1.77,1.16,1,-1.26,neutral,bajista,0,-0.107,32,7291,2,
s24714,PENDLEUSDT,1786467600000,train,-1,-3.03,0.526,3.82,3.26,0.41,-1.76,1.07,2.01,1.46,1.04,1,-1.26,neutral,bajista,0,-0.748,32,7291,4,
s24715,STXUSDT,1786467600000,testB,-1,-3.08,0.556,3.81,3.26,0.4,-1.82,1.33,2.59,1.67,1.1,1,-1.26,neutral,bajista,0,-0.366,32,7290,2,
s24716,SANDUSDT,1786467600000,testB,-1,-2.37,0.49,3.36,2.93,0.51,-1.1,1.28,3.4,2.66,1.84,1,-1.26,neutral,bajista,0,-0.44,32,7290,5,
s24717,APEUSDT,1786467600000,testB,-1,-2.38,0.365,4.17,2.91,0.37,-1.12,0.94,2.71,1.92,1.49,1,-1.26,neutral,neutral,0,-0.514,32,7290,0,
s24718,XPLUSDT,1786468500000,train,-1,-3.2,0.596,4.61,3.56,0.34,-2.22,1.23,1.67,1.27,1.31,0,-0.98,neutral,neutral,0,-1.0,11,7292,1,
s24719,OPUSDT,1786468500000,train,-1,-2.2,0.37,3.93,2.47,1.29,-1.21,0.48,2.12,1.39,1.18,1,-0.98,neutral,neutral,0,-1.0,16,7292,1,
s24720,TIAUSDT,1786468500000,train,-1,-2.25,0.436,4.24,2.53,0.26,-1.27,0.65,2.66,2.07,1.65,1,-0.98,neutral,neutral,0,-0.526,32,7292,0,
s24721,SEIUSDT,1786468500000,train,-1,-2.81,0.561,3.09,2.94,0.31,-1.82,1.24,2.64,1.83,1.55,1,-0.98,neutral,neutral,0,-0.171,32,7292,0,
s24722,JUPUSDT,1786468500000,train,-1,-3.22,0.659,3.9,3.44,1.24,-2.23,1.46,2.48,1.77,1.16,1,-0.98,neutral,bajista,0,-0.117,32,7292,3,
s24723,PENDLEUSDT,1786468500000,train,-1,-2.82,0.503,3.66,3.07,0.42,-1.84,0.92,2.01,1.46,1.04,1,-0.98,neutral,neutral,0,-1.0,19,7292,0,
s24724,STXUSDT,1786468500000,testB,-1,-2.85,0.507,3.81,3.09,0.34,-1.87,1.06,2.59,1.67,1.1,1,-0.98,neutral,neutral,0,-0.256,32,7291,0,
s24725,SANDUSDT,1786468500000,testB,-1,-2.44,0.513,3.35,2.88,0.45,-1.45,1.11,3.4,2.66,1.84,1,-0.98,neutral,neutral,0,-0.333,32,7291,0,
s24726,APEUSDT,1786468500000,testB,-1,-2.69,0.402,4.18,3.16,0.37,-1.71,1.04,2.71,1.92,1.49,1,-0.98,neutral,neutral,0,-0.525,32,7291,1,
s24727,XPLUSDT,1786469400000,train,-1,-2.85,0.503,4.44,3.06,0.3,-1.88,0.78,1.67,1.27,1.31,0,-0.97,neutral,neutral,0,-1.0,10,7293,0,
s24728,OPUSDT,1786469400000,train,-1,-2.09,0.358,3.93,2.47,1.07,-1.12,0.4,2.12,1.39,1.18,1,-0.97,neutral,neutral,0,-1.0,15,7293,0,
s24729,TIAUSDT,1786469400000,train,-1,-2.12,0.416,4.24,2.49,0.22,-1.16,0.51,2.66,2.07,1.65,1,-0.97,neutral,neutral,0,-0.61,32,7293,0,
s24730,SEIUSDT,1786469400000,train,-1,-2.54,0.51,3.09,2.81,0.31,-1.58,1.0,2.64,1.83,1.55,1,-0.97,neutral,neutral,0,-0.196,32,7293,0,
s24731,JUPUSDT,1786469400000,train,-1,-3.33,0.667,3.9,3.62,1.05,-2.36,1.45,2.48,1.77,1.16,1,-0.97,neutral,bajista,0,-0.254,32,7293,4,
s24732,PENDLEUSDT,1786469400000,train,-1,-2.66,0.488,3.66,3.19,0.44,-1.7,0.97,2.01,1.46,1.04,1,-0.97,neutral,neutral,0,-1.0,18,7293,1,
s24733,STXUSDT,1786469400000,testB,-1,-2.77,0.486,3.72,2.93,0.21,-1.81,0.88,2.59,1.67,1.1,1,-0.97,neutral,neutral,0,-0.135,32,7292,0,
s24734,SANDUSDT,1786469400000,testB,-1,-2.58,0.528,3.36,3.06,0.4,-1.62,1.09,3.4,2.66,1.84,1,-0.97,neutral,neutral,0,-0.504,32,7292,1,
s24735,APEUSDT,1786469400000,testB,-1,-2.46,0.356,4.17,2.91,0.28,-1.49,0.72,2.71,1.92,1.49,1,-0.97,neutral,neutral,0,-0.568,32,7292,0,
s24736,XPLUSDT,1786470300000,train,-1,-2.94,0.511,4.33,3.08,0.28,-2.01,0.88,1.67,1.27,1.31,0,-0.93,neutral,neutral,0,-1.0,9,7294,1,
s24737,ARBUSDT,1786470300000,train,-1,-2.2,0.383,3.57,2.33,0.43,-1.28,0.61,1.95,1.52,1.24,1,-0.93,neutral,neutral,0,-1.0,23,7294,1,
s24738,OPUSDT,1786470300000,train,-1,-2.2,0.37,3.6,2.36,0.94,-1.27,0.6,2.12,1.39,1.18,1,-0.93,neutral,neutral,0,-1.0,9,7294,1,
s24739,TIAUSDT,1786470300000,train,-1,-2.06,0.409,4.12,2.4,0.21,-1.14,0.52,2.66,2.07,1.65,1,-0.93,neutral,neutral,0,-0.635,32,7294,1,
s24740,SEIUSDT,1786470300000,train,-1,-2.59,0.52,3.09,2.83,0.83,-1.66,0.95,2.64,1.83,1.55,1,-0.93,neutral,neutral,0,-0.195,32,7294,1,
s24741,JUPUSDT,1786470300000,train,-1,-3.11,0.636,3.9,3.56,1.07,-2.19,1.3,2.48,1.77,1.16,1,-0.93,neutral,neutral,0,-0.161,32,7294,0,
s24742,PENDLEUSDT,1786470300000,train,-1,-2.82,0.502,3.67,3.36,0.48,-1.89,1.1,2.01,1.46,1.04,1,-0.93,neutral,bajista,0,-1.0,17,7294,2,
s24743,STXUSDT,1786470300000,testB,-1,-2.63,0.472,3.65,2.93,0.15,-1.7,0.88,2.59,1.67,1.1,1,-0.93,neutral,neutral,0,-0.108,32,7293,1,
s24744,SANDUSDT,1786470300000,testB,-1,-2.83,0.567,3.32,3.19,0.35,-1.9,1.16,3.4,2.66,1.84,1,-0.93,neutral,bajista,0,-0.571,32,7293,2,
s24745,AXSUSDT,1786470300000,testB,-1,-2.08,0.388,2.64,2.5,0.3,-1.15,0.87,1.0,0.92,0.89,1,-0.93,neutral,bajista,0,-1.0,28,7293,2,
s24746,APEUSDT,1786470300000,testB,-1,-2.76,0.391,4.1,3.08,0.36,-1.84,0.88,2.71,1.92,1.49,1,-0.93,neutral,neutral,0,-0.641,32,7293,1,
s24747,XPLUSDT,1786471200000,train,-1,-2.55,0.46,4.32,2.98,0.26,-1.58,0.73,1.53,1.25,1.31,0,-0.97,neutral,neutral,0,-1.0,8,7295,0,
s24748,ARBUSDT,1786471200000,train,-1,-2.45,0.408,3.58,2.63,0.32,-1.48,0.81,1.8,1.52,1.25,1,-0.97,neutral,bajista,0,-1.0,22,7295,2,
s24749,SEIUSDT,1786471200000,train,-1,-2.4,0.48,3.08,2.73,0.88,-1.43,0.75,2.69,1.83,1.56,1,-0.97,neutral,neutral,0,-0.22,32,7295,0,
s24750,JUPUSDT,1786471200000,train,-1,-3.22,0.674,3.9,3.5,0.72,-2.25,1.13,2.51,1.79,1.18,1,-0.97,neutral,neutral,0,-0.246,32,7295,0,
s24751,PENDLEUSDT,1786471200000,train,-1,-3.07,0.575,3.67,3.34,0.42,-2.1,0.95,2.02,1.45,1.03,1,-0.97,neutral,neutral,0,-1.0,16,7295,0,
s24752,STXUSDT,1786471200000,testB,-1,-2.63,0.472,3.65,2.93,0.13,-1.65,0.78,2.64,1.72,1.12,1,-0.97,neutral,neutral,0,-0.189,32,7294,0,
s24753,SANDUSDT,1786471200000,testB,-1,-2.78,0.557,3.21,3.06,0.23,-1.81,1.04,3.19,2.79,1.9,1,-0.97,neutral,neutral,0,-0.579,32,7294,0,
s24754,APEUSDT,1786471200000,testB,-1,-2.69,0.385,4.03,3.08,0.43,-1.72,0.88,2.65,1.97,1.49,1,-0.97,neutral,bajista,0,-0.692,32,7294,2,
s24755,XPLUSDT,1786472100000,train,-1,-2.79,0.527,4.31,2.97,0.29,-1.93,0.66,1.53,1.25,1.31,0,-0.85,neutral,neutral,0,-1.0,7,7296,0,
s24756,ARBUSDT,1786472100000,train,-1,-2.45,0.407,3.3,2.61,0.37,-1.6,0.98,1.8,1.52,1.25,1,-0.85,neutral,bajista,0,-1.0,20,7296,3,
s24757,TIAUSDT,1786472100000,train,-1,-2.06,0.389,4.11,2.36,0.15,-1.21,0.37,2.52,1.91,1.63,1,-0.85,neutral,neutral,0,-0.534,32,7296,1,
s24758,SEIUSDT,1786472100000,train,-1,-2.74,0.549,2.99,2.81,0.8,-1.88,0.82,2.69,1.83,1.56,1,-0.85,neutral,neutral,0,-0.304,32,7296,1,
s24759,JUPUSDT,1786472100000,train,-1,-3.33,0.682,3.62,3.45,0.18,-2.48,1.22,2.51,1.79,1.18,1,-0.85,neutral,neutral,0,-0.383,32,7296,1,
s24760,PENDLEUSDT,1786472100000,train,-1,-2.7,0.542,3.03,2.82,0.46,-1.85,0.92,2.02,1.45,1.03,1,-0.85,neutral,neutral,0,-1.0,6,7296,1,
s24761,STXUSDT,1786472100000,testB,-1,-2.55,0.465,3.18,2.62,0.13,-1.7,0.85,2.64,1.72,1.12,1,-0.85,neutral,neutral,0,-0.303,32,7295,1,
s24762,SANDUSDT,1786472100000,testB,-1,-2.52,0.531,2.76,2.63,0.27,-1.66,0.96,3.19,2.79,1.9,1,-0.85,neutral,neutral,0,-0.692,32,7295,1,
s24763,XPLUSDT,1786473000000,train,-1,-2.13,0.417,3.79,2.22,0.31,-1.1,0.38,1.53,1.25,1.31,0,-1.03,neutral,neutral,0,-1.0,5,7297,0,
s24764,ARBUSDT,1786473000000,train,-1,-2.18,0.379,2.93,2.25,0.47,-1.15,0.88,1.8,1.52,1.25,1,-1.03,neutral,neutral,0,-1.0,19,7297,0,
s24765,SEIUSDT,1786473000000,train,-1,-2.23,0.462,2.78,2.36,0.8,-1.2,0.59,2.69,1.83,1.56,1,-1.03,neutral,neutral,0,-0.287,32,7297,0,
s24766,JUPUSDT,1786473000000,train,-1,-3.12,0.667,3.51,3.34,0.22,-2.1,1.29,2.51,1.79,1.18,1,-1.03,neutral,bajista,0,-0.448,32,7297,2,
s24767,PENDLEUSDT,1786473000000,train,-1,-2.1,0.425,2.68,2.18,0.54,-1.07,0.58,2.02,1.45,1.03,1,-1.03,neutral,neutral,0,-1.0,5,7297,0,
s24768,STXUSDT,1786473000000,testB,-1,-2.71,0.479,3.11,2.87,0.21,-1.69,1.03,2.64,1.72,1.12,1,-1.03,neutral,bajista,0,-0.222,32,7296,2,
s24769,GRTUSDT,1786473000000,testB,-1,-2.06,0.492,2.9,2.32,0.23,-1.03,0.46,1.92,1.82,1.47,1,-1.03,neutral,neutral,0,-0.312,32,7296,0,
s24770,SANDUSDT,1786473000000,testB,-1,-2.64,0.549,3.12,2.71,0.55,-1.61,0.97,3.19,2.79,1.9,1,-1.03,neutral,bajista,0,-0.71,32,7296,2,
s24771,WLDUSDT,1786473900000,train,1,2.8,0.481,3.68,2.99,0.42,3.42,0.59,1.53,1.27,1.17,1,-0.62,neutral,neutral,0,1.06,32,7298,1,
s24772,WLDUSDT,1786474800000,train,1,2.9,0.505,3.68,2.9,0.47,3.72,0.42,1.3,1.24,1.13,1,-0.83,neutral,neutral,0,1.082,32,7299,0,
s24773,ENAUSDT,1786474800000,train,-1,-2.28,0.388,3.28,3.14,1.45,-1.45,1.72,0.87,0.72,0.74,0,-0.83,neutral,bajista,0,-1.0,4,7299,2,
s24774,ENAUSDT,1786475700000,train,-1,-2.78,0.517,3.0,2.88,1.99,-1.99,1.55,0.87,0.72,0.74,0,-0.79,neutral,bajista,0,-1.0,3,7300,3,
s24775,XPLUSDT,1786476600000,train,1,2.55,0.536,3.63,3.62,0.51,2.72,1.76,1.56,1.26,1.33,0,-0.17,neutral,alcista,0,-0.17,32,7301,2,
s24776,STBLUSDT,1786476600000,train,1,3.58,0.559,6.35,4.48,0.12,3.74,0.45,3.38,1.99,1.33,1,-0.17,neutral,neutral,0,0.095,32,7301,1,
s24777,0GUSDT,1786476600000,train,1,2.21,0.432,3.15,2.35,0.74,2.38,0.56,1.31,2.79,2.76,0,-0.17,neutral,neutral,0,-1.0,9,7301,0,
s24778,XPLUSDT,1786477500000,train,1,2.94,0.57,4.05,4.0,1.04,3.06,1.96,1.56,1.26,1.33,0,-0.12,neutral,alcista,0,-0.246,32,7302,3,
s24779,STBLUSDT,1786477500000,train,1,3.4,0.517,6.37,4.23,0.1,3.52,0.19,3.38,1.99,1.33,1,-0.12,neutral,neutral,0,0.162,32,7302,0,
s24780,0GUSDT,1786477500000,train,1,2.21,0.432,3.02,2.47,1.06,2.33,0.73,1.31,2.79,2.76,0,-0.12,neutral,neutral,0,-1.0,8,7302,1,
s24781,WLDUSDT,1786477500000,train,1,2.27,0.466,2.93,2.7,0.59,2.39,1.39,1.3,1.24,1.13,1,-0.12,neutral,alcista,0,0.615,32,7302,3,
s24782,OPUSDT,1786477500000,train,1,2.04,0.6,2.77,2.66,0.57,2.16,1.17,2.16,1.47,1.1,1,-0.12,neutral,alcista,0,0.375,32,7302,3,
s24783,PENDLEUSDT,1786477500000,train,1,2.27,0.547,3.06,2.86,1.37,2.39,1.95,2.1,1.56,1.09,1,-0.12,neutral,alcista,0,-0.293,32,7302,3,
s24784,XPLUSDT,1786478400000,train,1,4.21,0.787,4.1,4.1,1.63,4.1,2.37,1.65,1.35,1.37,0,0.11,neutral,alcista,0,-0.43,32,7303,4,
s24785,STBLUSDT,1786478400000,train,1,3.27,0.487,6.38,4.07,0.11,3.17,0.15,3.3,2.04,1.33,1,0.11,neutral,neutral,0,0.116,32,7303,0,
s24786,OPUSDT,1786478400000,train,1,2.6,0.657,3.08,2.75,1.0,2.49,1.52,2.05,1.58,1.17,1,0.11,neutral,alcista,0,-0.04,32,7303,4,
s24787,PENDLEUSDT,1786478400000,train,1,2.15,0.534,3.3,2.97,1.8,2.04,1.76,1.78,1.63,1.14,1,0.11,neutral,alcista,0,-0.307,32,7303,4,
s24788,LDOUSDT,1786478400000,testB,1,2.52,0.581,2.74,2.46,1.89,2.42,1.38,0.72,0.73,0.6,0,0.11,neutral,alcista,0,0.056,32,7302,4,
s24789,XPLUSDT,1786479300000,train,1,4.26,0.79,4.53,4.3,2.6,4.13,2.86,1.65,1.35,1.37,0,0.13,neutral,alcista,0,-0.568,32,7304,5,
s24790,STBLUSDT,1786479300000,train,1,3.41,0.51,6.38,4.11,0.12,3.28,0.42,3.3,2.04,1.33,1,0.13,neutral,neutral,0,0.073,32,7304,1,
s24791,OPUSDT,1786479300000,train,1,2.6,0.657,2.97,2.75,1.62,2.47,1.62,2.05,1.58,1.17,1,0.13,neutral,neutral,0,-0.08,32,7304,0,
s24792,PENDLEUSDT,1786479300000,train,1,2.26,0.559,3.3,3.03,1.87,2.14,1.76,1.78,1.63,1.14,1,0.13,neutral,alcista,0,-0.285,32,7304,5,
s24793,LDOUSDT,1786479300000,testB,1,2.1,0.5,2.57,2.16,2.35,1.97,1.26,0.72,0.73,0.6,0,0.13,neutral,neutral,0,0.048,32,7303,0,
s24794,XPLUSDT,1786480200000,train,1,3.17,0.488,4.55,3.15,2.62,2.88,1.5,1.65,1.35,1.37,0,0.29,neutral,neutral,0,-0.411,32,7305,0,
s24795,STBLUSDT,1786480200000,train,1,3.99,0.562,5.88,4.09,0.17,3.7,0.82,3.3,2.04,1.33,1,0.29,neutral,alcista,0,-0.01,32,7305,2,
s24796,OPUSDT,1786480200000,train,1,2.03,0.474,2.98,2.32,1.72,1.74,1.12,2.05,1.58,1.17,1,0.29,neutral,neutral,0,0.143,32,7305,0,
s24797,INJUSDT,1786480200000,train,1,2.84,0.523,3.9,3.61,5,2.56,2.15,1.88,1.58,1.19,1,0.29,neutral,alcista,0,0.139,32,7305,4,
s24798,PENDLEUSDT,1786480200000,train,1,2.04,0.476,3.43,2.66,1.35,1.75,1.23,1.78,1.63,1.14,1,0.29,neutral,neutral,0,-0.112,32,7305,0,
s24799,XPLUSDT,1786481100000,train,1,3.26,0.495,4.45,3.18,2.31,2.89,1.56,1.65,1.35,1.37,0,0.37,neutral,neutral,0,-0.506,32,7306,1,
s24800,OPUSDT,1786481100000,train,1,2.37,0.512,2.97,2.64,1.44,2.0,1.3,2.05,1.58,1.17,1,0.37,neutral,neutral,0,-0.042,32,7306,1,
s24801,INJUSDT,1786481100000,train,1,3.2,0.574,3.91,3.84,5,2.84,2.15,1.88,1.58,1.19,1,0.37,neutral,alcista,0,-0.006,32,7306,5,
s24802,PENDLEUSDT,1786481100000,train,1,2.41,0.532,3.42,2.96,1.18,2.05,1.36,1.78,1.63,1.14,1,0.37,neutral,neutral,0,-0.098,32,7306,1,
s24803,LDOUSDT,1786481100000,testB,1,2.09,0.469,2.29,2.08,2.33,1.73,1.22,0.72,0.73,0.6,0,0.37,neutral,neutral,0,-0.393,32,7305,1,
s24804,XPLUSDT,1786482000000,train,1,3.2,0.491,4.44,3.23,1.54,2.84,1.4,1.15,1.35,1.37,0,0.36,neutral,alcista,0,-0.518,32,7307,2,
s24805,INJUSDT,1786482000000,train,1,3.25,0.578,4.01,3.88,2.56,2.89,1.97,1.97,1.68,1.24,1,0.36,neutral,alcista,0,-0.067,32,7307,6,
s24806,PENDLEUSDT,1786482000000,train,1,2.44,0.542,3.42,2.94,1.07,2.08,1.22,1.47,1.61,1.16,0,0.36,neutral,neutral,0,-0.144,32,7307,0,
s24807,LDOUSDT,1786482000000,testB,1,2.33,0.496,2.82,2.58,1.73,1.97,1.53,0.57,0.73,0.6,0,0.36,neutral,alcista,0,-0.5,32,7306,2,
s24808,XPLUSDT,1786482900000,train,1,3.26,0.501,4.38,3.18,0.96,3.1,1.29,1.15,1.35,1.37,0,0.16,neutral,alcista,0,-0.542,32,7308,3,
s24809,STBLUSDT,1786482900000,train,-1,-2.16,0.495,4.08,3.56,0.87,-2.32,0.84,2.86,2.1,1.35,1,0.16,neutral,bajista,0,-0.341,32,7308,3,
s24810,OPUSDT,1786482900000,train,1,2.02,0.5,3.19,2.75,0.86,1.86,1.12,1.66,1.61,1.16,1,0.16,neutral,neutral,0,0.36,32,7308,0,
s24811,INJUSDT,1786482900000,train,1,3.13,0.569,4.16,4.09,1.37,2.97,2.08,1.97,1.68,1.24,1,0.16,neutral,alcista,0,-0.053,32,7308,7,
s24812,PENDLEUSDT,1786482900000,train,1,2.12,0.444,3.43,2.66,0.98,1.96,0.86,1.47,1.61,1.16,0,0.16,neutral,neutral,0,0.006,32,7308,0,
s24813,LDOUSDT,1786482900000,testB,1,2.19,0.474,2.82,2.55,1.45,2.03,1.33,0.57,0.73,0.6,0,0.16,neutral,neutral,0,-0.533,32,7307,0,
s24814,XPLUSDT,1786483800000,train,1,2.81,0.45,4.36,3.05,0.69,2.63,1.07,1.15,1.35,1.37,0,0.18,neutral,neutral,0,-0.556,32,7309,0,
s24815,INJUSDT,1786483800000,train,1,2.99,0.532,4.25,3.93,0.93,2.81,1.74,1.97,1.68,1.24,1,0.18,neutral,neutral,0,0.022,32,7309,0,
s24816,PENDLEUSDT,1786483800000,train,1,2.55,0.514,3.42,2.96,0.81,2.37,1.06,1.47,1.61,1.16,0,0.18,neutral,neutral,0,-0.108,32,7309,1,
s24817,XPLUSDT,1786484700000,train,1,3.43,0.519,4.34,3.51,0.53,3.34,1.38,1.15,1.35,1.37,0,0.1,neutral,neutral,0,-0.609,32,7310,1,
s24818,OPUSDT,1786484700000,train,1,2.59,0.561,3.18,3.07,0.58,2.49,1.16,1.66,1.61,1.16,1,0.1,neutral,neutral,0,-0.107,32,7310,1,
s24819,INJUSDT,1786484700000,train,1,3.5,0.65,4.36,4.03,0.94,3.4,1.67,1.97,1.68,1.24,1,0.1,neutral,neutral,0,0.151,32,7310,1,
s24820,PENDLEUSDT,1786484700000,train,1,3.23,0.607,3.44,3.43,0.76,3.13,1.41,1.47,1.61,1.16,0,0.1,neutral,alcista,0,-0.234,32,7310,2,
s24821,XPLUSDT,1786485600000,train,1,3.77,0.543,4.24,3.84,0.54,3.56,1.64,0.94,1.33,1.36,0,0.21,neutral,alcista,0,-0.696,32,7311,2,
s24822,OPUSDT,1786485600000,train,1,2.02,0.391,3.31,2.54,0.51,1.81,0.56,1.28,1.59,1.15,0,0.21,neutral,neutral,0,-0.043,32,7311,0,
s24823,INJUSDT,1786485600000,train,1,3.87,0.735,4.22,3.92,0.85,3.66,1.56,1.9,1.71,1.28,1,0.21,neutral,alcista,0,0.006,32,7311,2,
s24824,SUIUSDT,1786485600000,train,1,2.12,0.643,2.64,2.45,2.01,1.91,1.18,1.12,1.47,1.13,0,0.21,neutral,alcista,0,-0.212,32,7311,6,
s24825,PENDLEUSDT,1786485600000,train,1,2.85,0.506,3.63,3.1,0.6,2.64,0.96,1.32,1.62,1.16,0,0.21,neutral,neutral,0,-0.181,32,7311,0,
s24826,XPLUSDT,1786486500000,train,1,3.76,0.54,4.24,3.83,0.59,3.38,1.42,0.94,1.33,1.36,0,0.38,neutral,neutral,0,-0.709,32,7312,0,
s24827,OPUSDT,1786486500000,train,1,2.48,0.458,3.3,2.86,0.4,2.1,0.81,1.28,1.59,1.15,0,0.38,neutral,neutral,0,-0.231,32,7312,1,
s24828,INJUSDT,1786486500000,train,1,4.07,0.745,4.38,4.15,0.85,3.69,1.63,1.9,1.71,1.28,1,0.38,neutral,alcista,0,0.005,32,7312,3,
s24829,SUIUSDT,1786486500000,train,1,2.09,0.628,2.64,2.3,1.04,1.71,0.91,1.12,1.47,1.13,0,0.38,neutral,neutral,0,-0.27,32,7312,0,
s24830,PENDLEUSDT,1786486500000,train,1,2.77,0.484,3.64,2.91,0.48,2.39,0.71,1.32,1.62,1.16,0,0.38,neutral,neutral,0,-0.45,32,7312,0,
s24831,APEUSDT,1786486500000,testB,1,2.05,0.5,2.32,2.24,1.57,1.67,1.31,1.16,2.03,1.42,0,0.38,neutral,alcista,0,-0.345,32,7311,5,
s24832,XPLUSDT,1786487400000,train,1,3.27,0.469,4.14,3.48,0.64,2.71,1.08,0.94,1.33,1.36,0,0.55,neutral,neutral,0,-1.0,32,7313,0,
s24833,OPUSDT,1786487400000,train,1,2.02,0.375,2.75,2.09,0.36,1.47,0.56,1.28,1.59,1.15,0,0.55,neutral,neutral,0,-0.368,32,7313,0,
s24834,INJUSDT,1786487400000,train,1,4.14,0.767,4.38,4.13,0.85,3.59,1.51,1.9,1.71,1.28,1,0.55,neutral,neutral,0,-0.147,32,7313,0,
s24835,PENDLEUSDT,1786487400000,train,1,2.37,0.427,3.35,2.52,0.48,1.82,0.56,1.32,1.62,1.16,0,0.55,neutral,neutral,0,-0.451,32,7313,0,
s24836,XPLUSDT,1786488300000,train,1,3.37,0.491,4.14,3.47,0.62,2.92,0.96,0.94,1.33,1.36,0,0.46,neutral,neutral,0,-1.0,31,7314,0,
s24837,ARBUSDT,1786488300000,train,1,2.31,0.603,2.66,2.63,1.48,1.85,1.03,0.94,1.45,1.24,0,0.46,neutral,alcista,0,-0.311,32,7314,3,
s24838,OPUSDT,1786488300000,train,1,2.02,0.375,2.75,2.31,0.32,1.56,0.71,1.28,1.59,1.15,0,0.46,neutral,neutral,0,-0.476,32,7314,1,
s24839,INJUSDT,1786488300000,train,1,4.17,0.769,4.43,4.43,0.77,3.72,1.69,1.9,1.71,1.28,1,0.46,neutral,neutral,0,-0.18,32,7314,1,
s24840,PENDLEUSDT,1786488300000,train,1,2.27,0.416,3.35,2.51,0.52,1.81,0.5,1.32,1.62,1.16,0,0.46,neutral,neutral,0,-0.438,32,7314,0,
s24841,LDOUSDT,1786488300000,testB,1,2.02,0.453,2.83,2.32,0.6,1.56,0.64,0.5,0.68,0.59,0,0.46,neutral,neutral,0,-0.706,32,7313,0,
s24842,XPLUSDT,1786489200000,train,1,3.16,0.444,4.12,3.07,0.54,2.64,0.53,0.94,1.32,1.28,0,0.52,neutral,neutral,0,-1.0,30,7315,0,
s24843,ENAUSDT,1786489200000,train,1,2.38,0.446,4.69,2.42,0.28,1.86,0.22,0.94,0.85,0.83,1,0.52,neutral,neutral,0,-0.382,32,7315,0,
s24844,ARBUSDT,1786489200000,train,1,2.34,0.614,2.46,2.29,1.31,1.82,0.83,1.04,1.51,1.3,0,0.52,neutral,neutral,0,-0.276,32,7315,0,
s24845,OPUSDT,1786489200000,train,1,2.02,0.375,2.53,1.87,0.33,1.5,0.45,0.93,1.53,1.14,0,0.52,neutral,neutral,0,-0.471,32,7315,0,
s24846,INJUSDT,1786489200000,train,1,4.23,0.783,4.34,4.08,0.76,3.71,1.29,1.99,1.75,1.31,1,0.52,neutral,neutral,0,-0.063,32,7315,0,
s24847,PENDLEUSDT,1786489200000,train,1,2.33,0.43,3.29,2.28,0.45,1.81,0.32,1.2,1.61,1.16,0,0.52,neutral,neutral,0,-0.414,32,7315,0,
s24848,LDOUSDT,1786489200000,testB,1,2.41,0.561,2.76,2.35,0.63,1.89,0.68,0.5,0.66,0.58,0,0.52,neutral,neutral,0,-0.754,32,7314,1,
s24849,XPLUSDT,1786490100000,train,1,2.61,0.401,3.0,2.57,0.53,2.24,1.0,0.94,1.32,1.28,0,0.38,neutral,neutral,0,-1.0,23,7316,1,
s24850,ENAUSDT,1786490100000,train,1,2.7,0.482,4.66,2.69,0.25,2.32,0.45,0.94,0.85,0.83,1,0.38,neutral,neutral,0,-0.446,32,7316,1,
s24851,ARBUSDT,1786490100000,train,1,2.66,0.645,2.69,2.61,1.63,2.29,1.42,1.04,1.51,1.3,0,0.38,neutral,neutral,0,-0.543,32,7316,1,
s24852,INJUSDT,1786490100000,train,1,3.89,0.77,4.11,4.0,0.59,3.51,1.47,1.99,1.75,1.31,1,0.38,neutral,neutral,0,-0.14,32,7316,1,
s24853,ENAUSDT,1786491000000,train,1,2.26,0.439,4.18,2.25,0.28,1.97,0.55,0.94,0.85,0.83,1,0.29,neutral,alcista,0,-0.51,32,7317,2,
s24854,ARBUSDT,1786491000000,train,1,2.72,0.65,2.84,2.76,1.65,2.42,1.77,1.04,1.51,1.3,0,0.29,neutral,alcista,0,-0.774,32,7317,2,
s24855,INJUSDT,1786491000000,train,1,4.43,0.825,4.39,4.37,0.53,4.14,1.66,1.99,1.75,1.31,1,0.29,neutral,alcista,0,-0.25,32,7317,2,
s24856,0GUSDT,1786491900000,train,-1,-2.34,0.487,3.47,2.53,1.57,-2.44,0.59,0.86,2.01,2.84,0,0.1,neutral,neutral,0,-1.0,5,7318,1,
s24857,ARBUSDT,1786491900000,train,1,2.62,0.643,2.83,2.6,1.82,2.52,1.67,1.04,1.51,1.3,0,0.1,neutral,alcista,0,-0.775,32,7318,3,
s24858,INJUSDT,1786491900000,train,1,4.18,0.782,4.29,4.1,0.51,4.08,1.45,1.99,1.75,1.31,1,0.1,neutral,neutral,0,-0.236,32,7318,0,
s24859,PUMPUSDT,1786492800000,train,-1,-2.54,0.526,3.71,2.61,0.79,-2.43,-0.27,0.67,0.89,1.27,0,-0.1,neutral,neutral,0,-1.0,13,7319,0,
s24860,0GUSDT,1786492800000,train,-1,-2.23,0.474,3.74,2.47,2.71,-2.13,1.03,1.19,1.42,2.91,0,-0.1,neutral,bajista,0,-1.0,3,7319,2,
s24861,INJUSDT,1786492800000,train,1,2.69,0.678,3.11,2.81,0.53,2.79,1.16,2.18,1.85,1.35,1,-0.1,neutral,neutral,0,-0.359,32,7319,0,
s24862,PUMPUSDT,1786493700000,train,-1,-2.26,0.496,3.67,2.61,1.51,-2.25,-0.18,0.67,0.89,1.27,0,-0.01,neutral,neutral,0,-1.0,12,7320,1,
s24863,ARBUSDT,1786495500000,train,1,2.09,0.566,2.6,2.38,2.4,2.09,0.99,1.3,1.57,1.32,0,-0.01,neutral,alcista,0,-1.0,29,7322,2,
s24864,ARBUSDT,1786496400000,train,1,2.76,0.672,3.15,2.9,2.45,2.69,1.37,1.32,1.59,1.31,0,0.07,neutral,alcista,0,-1.0,28,7323,3,
s24865,ARBUSDT,1786497300000,train,1,2.43,0.581,2.87,2.42,1.59,2.31,1.11,1.32,1.59,1.31,0,0.12,neutral,neutral,0,-1.0,21,7324,0,
s24866,ARBUSDT,1786498200000,train,1,2.4,0.578,2.78,2.44,0.73,2.16,1.08,1.32,1.59,1.31,0,0.24,neutral,neutral,0,-1.0,20,7325,1,
s24867,ARBUSDT,1786499100000,train,1,2.21,0.512,2.78,2.27,0.73,1.97,0.84,1.32,1.59,1.31,0,0.24,neutral,neutral,0,-1.0,19,7326,0,
s24868,WLDUSDT,1786500000000,train,1,2.94,0.488,4.04,3.7,2.83,2.77,2.42,1.03,1.09,1.12,0,0.18,neutral,alcista,0,-0.836,32,7327,4,
s24869,ARBUSDT,1786500000000,train,1,2.31,0.542,2.76,2.27,0.31,2.14,0.76,1.27,1.33,1.3,0,0.18,neutral,neutral,0,-1.0,18,7327,1,
s24870,PUMPUSDT,1786500900000,train,1,2.43,0.418,3.37,3.3,1.0,2.16,1.82,0.49,0.75,1.19,0,0.27,neutral,neutral,0,-1.0,17,7328,1,
s24871,WLDUSDT,1786500900000,train,1,3.03,0.505,4.07,3.73,1.93,2.76,2.25,1.03,1.09,1.12,0,0.27,neutral,alcista,0,-0.922,32,7328,5,
s24872,PUMPUSDT,1786501800000,train,1,2.37,0.4,3.37,2.39,1.15,2.19,0.89,0.49,0.75,1.19,0,0.18,neutral,neutral,0,-1.0,16,7329,0,
s24873,WLDUSDT,1786501800000,train,1,3.7,0.614,4.29,4.03,2.28,3.52,2.31,1.03,1.09,1.12,0,0.18,neutral,alcista,0,-1.0,32,7329,6,
s24874,PUMPUSDT,1786502700000,train,1,2.22,0.385,3.29,2.35,1.18,2.09,0.85,0.49,0.75,1.19,0,0.13,neutral,neutral,0,-1.0,13,7330,1,
s24875,WLDUSDT,1786502700000,train,1,2.65,0.41,4.32,3.33,1.79,2.52,1.43,1.03,1.09,1.12,0,0.13,neutral,neutral,0,-1.0,31,7330,0,
s24876,PUMPUSDT,1786503600000,train,1,3.33,0.489,3.37,3.3,1.53,3.11,1.7,0.52,0.65,1.2,0,0.22,neutral,alcista,0,-1.0,11,7331,2,
s24877,WLDUSDT,1786503600000,train,1,2.68,0.417,4.33,3.22,1.24,2.46,1.19,1.09,1.0,1.13,0,0.22,neutral,neutral,0,-1.0,30,7331,0,
s24878,PUMPUSDT,1786504500000,train,1,2.77,0.41,3.99,3.05,1.43,2.52,1.42,0.52,0.65,1.2,0,0.25,neutral,neutral,0,-1.0,10,7332,0,
s24879,PUMPUSDT,1786505400000,train,1,2.43,0.351,4.0,2.81,1.2,2.17,1.03,0.52,0.65,1.2,0,0.27,neutral,neutral,0,-1.0,9,7333,0,
s24880,INJUSDT,1786510800000,train,-1,-2.0,0.475,2.81,2.2,0.54,-2.06,0.48,1.58,1.79,1.55,0,0.05,neutral,bajista,0,0.574,32,7339,2,
s24881,AXSUSDT,1786510800000,testB,1,3.93,0.477,4.69,4.03,0.41,3.88,1.87,3.53,2.01,1.49,1,0.05,neutral,neutral,0,-1.0,15,7338,0,
s24882,WLDUSDT,1786514400000,train,-1,-2.46,0.57,3.26,3.14,0.5,-2.23,0.7,1.15,0.95,1.12,0,-0.23,neutral,bajista,0,0.255,32,7343,4,
s24883,PUMPUSDT,1786515300000,train,-1,-2.51,0.38,4.2,3.46,0.99,-2.12,1.14,0.67,0.67,1.02,0,-0.39,neutral,neutral,0,0.277,32,7344,0,
s24884,WLDUSDT,1786515300000,train,-1,-2.11,0.453,3.45,2.74,0.67,-1.72,0.32,1.15,0.95,1.12,0,-0.39,neutral,neutral,0,0.57,32,7344,0,
s24885,ARBUSDT,1786515300000,train,-1,-2.03,0.66,2.21,2.12,1.62,-1.64,1.29,0.95,1.13,1.34,0,-0.39,neutral,bajista,0,0.347,32,7344,2,
s24886,XPLUSDT,1786516200000,train,-1,-2.05,0.633,3.2,2.4,1.64,-1.87,1.56,0.98,0.98,1.13,0,-0.18,neutral,bajista,0,0.626,32,7345,3,
s24887,WLDUSDT,1786516200000,train,-1,-2.91,0.605,3.23,3.02,0.77,-2.73,0.83,1.15,0.95,1.12,0,-0.18,neutral,neutral,0,0.422,32,7345,1,
s24888,0GUSDT,1786517100000,train,-1,-3.34,0.38,4.22,3.9,0.75,-3.29,1.37,1.36,1.28,2.33,0,-0.05,neutral,neutral,0,-0.328,32,7346,1,
s24889,WLDUSDT,1786517100000,train,-1,-2.17,0.524,2.82,2.58,0.73,-2.12,0.95,1.15,0.95,1.12,0,-0.05,neutral,neutral,0,0.483,32,7346,0,
s24890,XPLUSDT,1786518000000,train,-1,-2.16,0.824,3.2,2.26,2.51,-2.23,1.18,1.14,1.01,1.15,0,0.07,neutral,neutral,0,0.407,32,7347,0,
s24891,PUMPUSDT,1786518000000,train,-1,-3.26,0.603,4.92,4.07,0.95,-3.33,1.5,0.82,0.72,0.99,0,0.07,neutral,neutral,0,-0.218,32,7347,1,
s24892,PUMPUSDT,1786518900000,train,-1,-3.81,0.639,4.82,4.67,1.02,-3.77,1.97,0.82,0.72,0.99,0,-0.04,neutral,bajista,0,-0.304,32,7348,2,
s24893,ARBUSDT,1786518900000,train,-1,-2.04,0.713,2.43,2.25,0.83,-2.01,0.87,0.87,1.1,1.31,0,-0.04,neutral,neutral,0,-0.011,32,7348,1,
s24894,PUMPUSDT,1786519800000,train,-1,-4.68,0.684,6.61,5.89,1.55,-4.49,2.82,0.82,0.72,0.99,0,-0.19,neutral,bajista,0,-0.481,32,7349,3,
s24895,ARBUSDT,1786519800000,train,-1,-2.34,0.777,2.47,2.38,0.91,-2.15,0.99,0.87,1.1,1.31,0,-0.19,neutral,bajista,0,-0.059,32,7349,2,
s24896,TIAUSDT,1786519800000,train,-1,-2.15,0.788,2.62,2.2,1.56,-1.96,1.15,1.08,0.92,1.37,0,-0.19,neutral,bajista,0,-0.507,32,7349,2,
s24897,PUMPUSDT,1786520700000,train,-1,-4.04,0.583,6.58,5.49,1.7,-4.05,2.37,0.82,0.72,0.99,0,0.01,neutral,neutral,0,-0.733,32,7350,0,
s24898,PUMPUSDT,1786521600000,train,-1,-3.99,0.575,6.55,4.98,1.82,-4.0,1.68,0.82,0.65,0.93,0,0.01,neutral,neutral,0,-0.556,32,7351,0,
s24899,ARBUSDT,1786521600000,train,-1,-2.0,0.667,2.53,2.39,0.89,-2.01,0.98,0.9,1.09,1.31,0,0.01,neutral,neutral,0,-0.15,32,7351,1,
s24900,PUMPUSDT,1786522500000,train,-1,-4.07,0.579,6.42,5.07,1.77,-4.11,1.69,0.82,0.65,0.93,0,0.05,neutral,neutral,0,-1.0,30,7352,1,
s24901,0GUSDT,1786522500000,train,-1,-3.76,0.656,4.42,3.97,0.39,-3.8,0.69,1.08,1.29,1.97,0,0.05,neutral,neutral,0,-0.645,32,7352,1,
s24902,ARBUSDT,1786522500000,train,-1,-2.04,0.671,2.15,2.07,0.95,-2.09,1.01,0.9,1.09,1.31,0,0.05,neutral,bajista,0,-0.154,32,7352,2,
s24903,PUMPUSDT,1786523400000,train,-1,-4.49,0.628,6.44,5.38,0.57,-4.5,1.76,0.82,0.65,0.93,0,0.01,neutral,bajista,0,-1.0,29,7353,2,
s24904,0GUSDT,1786523400000,train,-1,-2.18,0.422,3.38,2.42,0.55,-2.19,0.19,1.08,1.29,1.97,0,0.01,neutral,neutral,0,-0.658,32,7353,0,
s24905,AXSUSDT,1786523400000,testB,-1,-2.54,0.368,4.46,4.44,0.59,-2.55,1.58,2.37,2.18,1.53,1,0.01,neutral,bajista,0,0.511,32,7352,3,
s24906,PUMPUSDT,1786524300000,train,-1,-5.21,0.662,5.84,5.54,0.56,-5.25,2.32,0.82,0.65,0.93,0,0.04,neutral,bajista,0,-1.0,28,7354,3,
s24907,JUPUSDT,1786524300000,train,-1,-2.73,0.774,5.04,3.16,5,-2.77,1.95,1.92,1.33,1.61,0,0.04,neutral,bajista,0,0.185,32,7354,2,
s24908,AXSUSDT,1786524300000,testB,-1,-4.29,0.748,4.99,4.83,0.68,-4.32,1.87,2.37,2.18,1.53,1,0.04,neutral,bajista,0,0.411,32,7353,4,
s24909,PUMPUSDT,1786525200000,train,-1,-3.66,0.465,5.08,3.99,0.86,-3.71,1.38,0.92,0.71,0.94,0,0.05,neutral,neutral,0,-1.0,27,7355,0,
s24910,AXSUSDT,1786525200000,testB,-1,-3.71,0.65,4.46,4.02,0.74,-3.76,1.47,1.28,2.21,1.53,0,0.05,neutral,neutral,0,0.577,32,7354,0,
s24911,AXSUSDT,1786526100000,testB,-1,-2.77,0.579,3.61,3.2,0.89,-2.99,1.34,1.28,2.21,1.53,0,0.22,neutral,neutral,0,0.711,32,7355,1,
s24912,AXSUSDT,1786527000000,testB,-1,-2.76,0.578,3.62,3.43,0.95,-3.06,1.61,1.28,2.21,1.53,0,0.3,neutral,bajista,0,0.684,32,7356,2,
s24913,AXSUSDT,1786527900000,testB,-1,-2.98,0.596,3.83,3.79,0.83,-3.39,1.72,1.28,2.21,1.53,0,0.42,neutral,bajista,0,0.576,32,7357,3,
s24914,AXSUSDT,1786528800000,testB,-1,-2.6,0.536,3.96,3.68,0.98,-3.25,1.33,1.08,2.28,1.53,0,0.65,neutral,neutral,0,0.569,32,7358,0,
s24915,AXSUSDT,1786529700000,testB,-1,-2.56,0.526,3.95,3.52,1.03,-3.22,1.04,1.08,2.28,1.53,0,0.66,neutral,neutral,0,0.654,32,7359,0,
s24916,AXSUSDT,1786530600000,testB,-1,-2.27,0.493,3.95,3.51,0.97,-3.04,0.91,1.08,2.28,1.53,0,0.76,neutral,neutral,0,0.63,32,7360,0,
s24917,AXSUSDT,1786531500000,testB,-1,-2.87,0.626,3.96,3.83,1.02,-3.54,1.06,1.08,2.28,1.53,0,0.66,neutral,neutral,0,0.512,32,7361,1,
s24918,AXSUSDT,1786532400000,testB,-1,-3.03,0.67,4.06,3.89,0.79,-3.62,1.03,0.94,2.28,1.53,0,0.59,neutral,bajista,0,0.525,32,7362,2,
s24919,AXSUSDT,1786533300000,testB,-1,-2.66,0.601,3.03,2.73,0.77,-3.39,0.77,0.94,2.28,1.53,0,0.73,neutral,neutral,0,0.842,32,7363,0,
s24920,AXSUSDT,1786535100000,testB,-1,-2.13,0.611,2.32,2.27,0.68,-2.76,0.93,0.94,2.28,1.53,0,0.63,neutral,bajista,0,0.91,32,7365,2,
s24921,LDOUSDT,1786536900000,testB,1,2.31,0.504,3.61,3.27,1.9,1.39,1.71,0.65,0.57,0.61,0,0.92,neutral,alcista,0,-1.0,26,7367,6,
s24922,GRTUSDT,1786537800000,testB,1,2.12,0.592,2.29,2.29,2.3,1.62,1.16,1.16,0.9,1.22,0,0.5,neutral,alcista,0,-1.0,25,7368,2,
s24923,LDOUSDT,1786537800000,testB,1,2.84,0.641,3.71,3.44,2.64,2.34,1.66,0.65,0.57,0.61,0,0.5,neutral,alcista,0,-1.0,25,7368,7,
s24924,PUMPUSDT,1786538700000,train,1,4.1,0.574,4.34,4.15,1.44,3.59,1.89,0.87,0.76,0.83,0,0.5,neutral,alcista,0,-0.404,32,7370,3,
s24925,GRTUSDT,1786538700000,testB,1,2.85,0.684,2.99,2.91,3.51,2.35,1.66,1.16,0.9,1.22,0,0.5,neutral,alcista,0,-1.0,24,7369,3,
s24926,LDOUSDT,1786538700000,testB,1,3.45,0.892,3.64,3.37,2.92,2.95,1.53,0.65,0.57,0.61,0,0.5,neutral,alcista,0,-1.0,24,7369,8,
s24927,PUMPUSDT,1786539600000,train,1,2.93,0.443,3.58,3.07,1.67,2.73,1.44,0.79,0.8,0.81,0,0.2,neutral,neutral,0,-0.369,32,7371,0,
s24928,INJUSDT,1786539600000,train,-1,-2.03,0.653,2.67,2.36,2.83,-2.23,1.06,1.16,1.2,1.59,0,0.2,neutral,bajista,0,-1.0,31,7371,6,
s24929,GRTUSDT,1786539600000,testB,1,2.19,0.484,2.93,2.21,5,1.99,1.04,1.38,1.01,1.26,0,0.2,neutral,neutral,0,-1.0,21,7370,0,
s24930,LDOUSDT,1786539600000,testB,1,2.88,0.874,3.4,3.13,2.5,2.68,1.43,0.72,0.6,0.62,0,0.2,neutral,alcista,0,-1.0,22,7370,8,
s24931,INJUSDT,1786540500000,train,-1,-2.18,0.737,2.64,2.29,2.29,-2.14,1.0,1.16,1.2,1.59,0,-0.04,neutral,neutral,0,-1.0,30,7372,0,
s24932,LDOUSDT,1786540500000,testB,1,2.52,0.802,3.41,3.03,1.96,2.56,1.24,0.72,0.6,0.62,0,-0.04,neutral,neutral,0,-1.0,21,7371,0,
s24933,0GUSDT,1786541400000,train,1,2.05,0.5,2.51,2.45,1.34,2.14,1.47,0.7,0.92,1.17,0,-0.09,neutral,alcista,0,-0.436,32,7373,2,
s24934,GRTUSDT,1786541400000,testB,1,2.26,0.508,2.56,2.21,2.37,2.34,1.23,1.38,1.01,1.26,0,-0.09,neutral,neutral,0,-1.0,19,7372,1,
s24935,LDOUSDT,1786541400000,testB,1,2.39,0.726,3.42,2.74,1.2,2.47,0.92,0.72,0.6,0.62,0,-0.09,neutral,neutral,0,-1.0,20,7372,0,
s24936,0GUSDT,1786542300000,train,1,2.11,0.508,2.82,2.57,1.09,2.54,1.46,0.7,0.92,1.17,0,-0.42,neutral,alcista,0,-0.683,32,7374,3,
s24937,INJUSDT,1786542300000,train,-1,-2.01,0.624,2.43,2.34,0.7,-1.59,1.17,1.16,1.2,1.59,0,-0.42,neutral,neutral,0,-1.0,25,7374,1,
s24938,GRTUSDT,1786542300000,testB,1,2.03,0.467,2.42,1.99,1.78,2.46,1.02,1.38,1.01,1.26,0,-0.42,neutral,neutral,0,-1.0,9,7373,0,
s24939,INJUSDT,1786543200000,train,-1,-2.23,0.665,2.39,2.3,0.82,-1.72,1.25,1.16,1.18,1.53,0,-0.51,neutral,bajista,0,-1.0,23,7375,2,
s24940,0GUSDT,1786544100000,train,1,2.38,0.481,2.89,2.57,2.77,3.02,1.26,0.91,1.01,1.17,0,-0.64,neutral,neutral,0,-0.634,32,7376,1,
s24941,PENDLEUSDT,1786545900000,train,-1,-2.27,0.551,3.1,2.71,1.73,-1.08,1.53,1.89,1.39,1.42,0,-1.2,neutral,bajista,0,-0.129,32,7378,4,
s24942,SANDUSDT,1786548600000,testB,-1,-2.15,0.551,3.09,2.76,1.27,-1.12,1.25,1.97,1.35,1.31,1,-1.03,neutral,bajista,0,0.898,32,7380,2,
s24943,0GUSDT,1786551300000,train,1,2.43,0.388,3.25,2.93,0.84,3.74,1.16,0.97,0.9,1.06,0,-1.31,neutral,alcista,0,-1.0,23,7384,4,
s24944,STXUSDT,1786551300000,testB,-1,-2.0,0.472,2.94,2.78,0.97,-0.69,1.08,2.0,1.59,1.18,1,-1.31,neutral,bajista,0,-0.353,32,7383,2,
s24945,SANDUSDT,1786551300000,testB,-1,-2.3,0.568,3.09,2.73,1.03,-0.98,1.01,1.93,1.35,1.25,1,-1.31,neutral,neutral,0,0.551,32,7383,1,
s24946,JUPUSDT,1786552200000,train,-1,-2.13,0.521,2.53,2.29,1.15,-1.23,0.92,1.23,1.81,1.4,0,-0.89,neutral,bajista,0,-0.179,32,7385,2,
s24947,STXUSDT,1786552200000,testB,-1,-2.56,0.533,4.11,3.37,1.89,-1.67,1.49,2.0,1.59,1.18,1,-0.89,neutral,bajista,0,-0.366,32,7384,3,
s24948,LDOUSDT,1786552200000,testB,-1,-2.16,0.516,3.1,2.55,0.57,-1.26,0.71,0.9,0.72,0.59,1,-0.89,neutral,bajista,0,-0.081,32,7384,2,
s24949,SANDUSDT,1786552200000,testB,-1,-2.2,0.557,2.74,2.51,0.81,-1.31,1.02,1.93,1.35,1.25,1,-0.89,neutral,bajista,0,0.633,32,7384,2,
s24950,JUPUSDT,1786553100000,train,-1,-2.19,0.528,2.77,2.41,1.5,-1.21,1.0,1.23,1.81,1.4,0,-0.98,neutral,bajista,0,-0.22,32,7386,3,
s24951,STXUSDT,1786553100000,testB,-1,-2.48,0.508,4.11,3.2,2.06,-1.5,1.22,2.0,1.59,1.18,1,-0.98,neutral,neutral,0,-0.205,32,7385,0,
s24952,LDOUSDT,1786553100000,testB,-1,-2.09,0.492,3.1,2.48,0.64,-1.11,0.66,0.9,0.72,0.59,1,-0.98,neutral,neutral,0,-0.319,32,7385,0,
s24953,SANDUSDT,1786553100000,testB,-1,-2.03,0.497,2.73,2.35,0.56,-1.05,0.79,1.93,1.35,1.25,1,-0.98,neutral,neutral,0,0.913,32,7385,0,
s24954,ENAUSDT,1786554000000,train,-1,-2.14,0.474,3.21,2.62,0.65,-1.44,0.68,0.81,0.66,0.62,1,-0.69,neutral,neutral,0,0.504,32,7387,0,
s24955,STXUSDT,1786554000000,testB,-1,-2.33,0.492,4.11,3.37,1.3,-1.64,1.29,1.92,1.63,1.19,1,-0.69,neutral,neutral,0,-0.341,32,7386,1,
s24956,LDOUSDT,1786554000000,testB,-1,-2.49,0.552,3.11,2.83,0.49,-1.8,0.98,0.88,0.71,0.59,1,-0.69,neutral,neutral,0,-0.451,32,7386,1,
s24957,ENAUSDT,1786554900000,train,-1,-2.28,0.49,2.87,2.44,0.75,-1.49,0.74,0.81,0.66,0.62,1,-0.79,neutral,neutral,0,0.544,32,7388,1,
s24958,STXUSDT,1786554900000,testB,-1,-2.25,0.467,4.11,3.2,1.35,-1.46,1.02,1.92,1.63,1.19,1,-0.79,neutral,neutral,0,-0.333,32,7387,0,
s24959,LDOUSDT,1786554900000,testB,-1,-2.6,0.562,3.18,2.8,0.5,-1.81,1.1,0.88,0.71,0.59,1,-0.79,neutral,bajista,0,-0.346,32,7387,2,
s24960,STXUSDT,1786555800000,testB,-1,-2.0,0.397,4.08,2.7,0.44,-1.21,0.5,1.92,1.63,1.19,1,-0.79,neutral,neutral,0,-0.121,32,7388,0,
s24961,LDOUSDT,1786555800000,testB,-1,-2.3,0.531,2.94,2.56,0.46,-1.51,0.99,0.88,0.71,0.59,1,-0.79,neutral,neutral,0,-0.432,32,7388,0,
s24962,SANDUSDT,1786555800000,testB,-1,-2.12,0.548,2.68,2.27,0.27,-1.34,0.56,1.87,1.33,1.21,1,-0.79,neutral,neutral,0,0.775,32,7388,0,
s24963,STXUSDT,1786556700000,testB,-1,-2.4,0.484,3.68,2.45,0.35,-1.84,0.55,1.92,1.63,1.19,1,-0.56,neutral,neutral,0,-0.333,32,7389,1,
s24964,SANDUSDT,1786556700000,testB,-1,-2.22,0.56,2.58,2.3,0.21,-1.67,0.6,1.87,1.33,1.21,1,-0.56,neutral,neutral,0,0.567,32,7389,1,
s24965,INJUSDT,1786557600000,train,1,2.01,0.645,2.32,2.19,0.89,2.5,0.81,0.92,1.04,1.45,0,-0.49,neutral,neutral,0,0.545,32,7391,1,
s24966,INJUSDT,1786558500000,train,1,2.02,0.645,2.26,2.11,0.91,2.35,0.68,0.92,1.04,1.45,0,-0.34,neutral,neutral,0,0.608,32,7392,0,
s24967,ENAUSDT,1786561200000,train,-1,-2.39,0.586,3.29,2.91,3.24,-2.21,1.74,0.87,0.76,0.63,1,-0.18,neutral,bajista,0,-0.294,32,7395,2,
s24968,GRTUSDT,1786561200000,testB,-1,-2.23,0.585,2.58,2.5,1.71,-2.05,1.41,1.75,1.58,1.21,1,-0.18,neutral,bajista,0,0.471,32,7394,6,
s24969,LDOUSDT,1786561200000,testB,-1,-2.16,0.649,2.66,2.56,1.14,-1.98,1.27,0.65,0.69,0.6,0,-0.18,neutral,bajista,0,-1.0,23,7394,2,
s24970,GRTUSDT,1786562100000,testB,-1,-2.16,0.577,2.8,2.43,1.9,-1.98,1.27,1.75,1.58,1.21,1,-0.18,neutral,neutral,0,0.515,32,7395,0,
s24971,WLDUSDT,1786563000000,train,-1,-2.43,0.506,3.71,3.28,2.88,-2.14,1.46,0.97,0.86,0.91,0,-0.29,neutral,bajista,0,-0.435,32,7397,4,
s24972,ENAUSDT,1786563000000,train,-1,-2.28,0.556,3.23,2.55,4.12,-1.99,1.13,0.87,0.76,0.63,1,-0.29,neutral,neutral,0,-0.482,32,7397,1,
s24973,GRTUSDT,1786563000000,testB,-1,-2.03,0.56,3.11,2.81,2.11,-1.73,1.59,1.75,1.58,1.21,1,-0.29,neutral,neutral,0,0.368,32,7396,1,
s24974,WLDUSDT,1786563900000,train,-1,-2.69,0.58,3.71,3.34,3.32,-2.65,1.55,0.97,0.86,0.91,0,-0.04,neutral,bajista,0,-0.445,32,7398,5,
s24975,ENAUSDT,1786563900000,train,-1,-2.56,0.585,3.24,2.85,3.7,-2.52,1.34,0.87,0.76,0.63,1,-0.04,neutral,bajista,0,-0.377,32,7398,2,
s24976,GRTUSDT,1786563900000,testB,-1,-2.03,0.56,3.26,2.89,1.97,-1.99,1.52,1.75,1.58,1.21,1,-0.04,neutral,bajista,0,0.308,32,7397,2,
s24977,LDOUSDT,1786563900000,testB,-1,-2.02,0.584,2.86,2.27,1.42,-1.98,0.77,0.65,0.69,0.6,0,-0.04,neutral,neutral,0,-1.0,20,7397,0,
s24978,ENAUSDT,1786564800000,train,-1,-2.77,0.638,3.8,2.94,1.47,-2.75,1.28,0.84,0.81,0.59,1,-0.02,neutral,bajista,0,-0.384,32,7399,3,
s24979,ARBUSDT,1786564800000,train,-1,-2.77,0.712,3.23,3.16,5,-2.75,1.96,1.68,1.29,1.18,1,-0.02,neutral,neutral,0,0.207,32,7399,1,
s24980,GRTUSDT,1786564800000,testB,-1,-2.02,0.56,3.25,2.58,1.55,-2.0,1.11,1.63,1.57,1.23,1,-0.02,neutral,neutral,0,0.343,32,7398,0,
s24981,WLDUSDT,1786565700000,train,-1,-2.01,0.405,3.68,2.47,0.66,-1.92,0.55,0.82,0.85,0.88,0,-0.09,neutral,neutral,0,-0.183,32,7400,0,
s24982,ENAUSDT,1786565700000,train,-1,-2.52,0.577,3.59,2.59,1.42,-2.43,1.08,0.84,0.81,0.59,1,-0.09,neutral,neutral,0,-0.351,32,7400,0,
s24983,ARBUSDT,1786565700000,train,-1,-2.92,0.722,4.17,3.44,5,-2.82,2.04,1.68,1.29,1.18,1,-0.09,neutral,bajista,0,0.118,32,7400,2,
s24984,ARBUSDT,1786566600000,train,-1,-2.42,0.594,4.16,3.15,2.69,-2.46,1.62,1.68,1.29,1.18,1,0.03,neutral,neutral,0,0.224,32,7401,0,
s24985,ARBUSDT,1786567500000,train,-1,-2.62,0.678,4.16,3.15,2.17,-2.8,1.47,1.68,1.29,1.18,1,0.18,neutral,neutral,0,0.178,32,7402,0,
s24986,GRTUSDT,1786567500000,testB,-1,-2.24,0.544,2.81,2.52,0.85,-2.42,1.16,1.63,1.57,1.23,1,0.18,neutral,bajista,0,0.147,32,7401,2,
s24987,ENAUSDT,1786568400000,train,-1,-2.48,0.61,3.06,2.64,0.68,-2.54,1.32,1.01,0.9,0.63,1,0.07,neutral,bajista,0,-0.68,32,7403,2,
s24988,ARBUSDT,1786568400000,train,-1,-2.77,0.722,4.16,3.22,1.85,-2.84,1.37,2.09,1.47,1.29,1,0.07,neutral,neutral,0,0.122,32,7403,1,
s24989,GRTUSDT,1786568400000,testB,-1,-2.53,0.636,3.34,2.59,1.38,-2.6,1.14,2.19,1.9,1.39,1,0.07,neutral,neutral,0,0.143,32,7402,0,
s24990,XPLUSDT,1786569300000,train,-1,-2.32,0.386,3.56,3.12,2.96,-2.36,2.03,0.87,1.17,1.12,0,0.05,neutral,bajista,0,-0.409,32,7404,3,
s24991,ENAUSDT,1786569300000,train,-1,-2.59,0.621,3.37,2.93,0.86,-2.64,1.36,1.01,0.9,0.63,1,0.05,neutral,bajista,0,-0.841,32,7404,3,
s24992,ARBUSDT,1786569300000,train,-1,-3.47,0.769,4.2,3.86,1.15,-3.52,1.84,2.09,1.47,1.29,1,0.05,neutral,bajista,0,-0.15,32,7404,2,
s24993,GRTUSDT,1786569300000,testB,-1,-3.26,0.692,4.49,3.59,2.41,-3.3,1.85,2.19,1.9,1.39,1,0.05,neutral,neutral,0,-0.292,32,7403,1,
s24994,XPLUSDT,1786570200000,train,-1,-2.39,0.405,3.56,2.98,3.09,-2.48,1.76,0.87,1.17,1.12,0,0.09,neutral,neutral,0,-0.695,32,7405,0,
s24995,ENAUSDT,1786570200000,train,-1,-2.98,0.659,3.63,3.32,1.28,-3.07,1.53,1.01,0.9,0.63,1,0.09,neutral,bajista,0,-0.757,32,7405,4,
s24996,ARBUSDT,1786570200000,train,-1,-3.16,0.738,4.08,3.7,0.84,-3.25,1.66,2.09,1.47,1.29,1,0.09,neutral,neutral,0,-0.096,32,7405,0,
s24997,OPUSDT,1786570200000,train,-1,-2.13,0.463,4.24,2.98,5,-2.22,1.95,1.21,1.24,1.16,0,0.09,neutral,bajista,0,0.346,32,7405,5,
s24998,GRTUSDT,1786570200000,testB,-1,-2.97,0.594,4.4,3.13,2.52,-3.05,1.35,2.19,1.9,1.39,1,0.09,neutral,neutral,0,-0.167,32,7404,0,
s24999,XPLUSDT,1786571100000,train,-1,-3.32,0.5,4.35,3.88,3.86,-3.31,2.4,0.87,1.17,1.12,0,-0.01,neutral,neutral,0,-0.761,32,7406,1,
s25000,WLDUSDT,1786571100000,train,-1,-2.41,0.453,3.11,2.59,1.05,-2.4,1.3,0.79,0.86,0.89,0,-0.01,neutral,neutral,0,-1.0,31,7406,1,
s25001,ENAUSDT,1786571100000,train,-1,-3.13,0.67,3.67,3.27,1.55,-3.11,1.57,1.01,0.9,0.63,1,-0.01,neutral,bajista,0,-0.871,32,7406,5,
s25002,ARBUSDT,1786571100000,train,-1,-4.5,0.804,5.45,4.86,1.23,-4.49,2.74,2.09,1.47,1.29,1,-0.01,neutral,neutral,0,-0.324,32,7406,1,
s25003,OPUSDT,1786571100000,train,-1,-3.35,0.682,4.27,3.81,5,-3.33,2.47,1.21,1.24,1.16,0,-0.01,neutral,bajista,0,-0.0,32,7406,6,
s25004,TIAUSDT,1786571100000,train,-1,-2.54,0.481,3.17,2.87,3.33,-2.52,1.73,1.17,1.41,1.16,0,-0.01,neutral,neutral,0,-0.872,32,7406,1,
s25005,ONDOUSDT,1786571100000,train,-1,-2.42,0.503,3.03,2.63,2.6,-2.41,1.26,0.97,1.18,0.88,0,-0.01,neutral,neutral,0,-1.0,21,7405,1,
s25006,ARUSDT,1786571100000,testB,-1,-2.47,0.611,3.11,2.65,5,-2.46,1.73,1.12,1.27,1.07,0,-0.01,neutral,neutral,0,-0.587,32,7405,1,
s25007,GRTUSDT,1786571100000,testB,-1,-3.92,0.659,4.53,4.31,2.58,-3.91,2.38,2.19,1.9,1.39,1,-0.01,neutral,neutral,0,-0.368,32,7405,1,
s25008,SANDUSDT,1786571100000,testB,-1,-2.66,0.619,3.65,2.97,4.05,-2.64,1.97,1.96,1.98,1.39,0,-0.01,neutral,bajista,0,-0.681,32,7405,3,
s25009,MANAUSDT,1786571100000,testB,-1,-2.29,0.668,3.29,2.6,4.97,-2.28,1.87,1.37,1.16,1.1,1,-0.01,neutral,bajista,0,-0.358,32,7405,3,
s25010,APEUSDT,1786571100000,testB,-1,-2.05,0.448,3.71,2.66,5,-2.04,1.71,1.42,1.52,1.15,0,-0.01,neutral,bajista,0,0.03,32,7405,3,
s25011,XPLUSDT,1786572000000,train,-1,-3.56,0.531,4.36,4.03,4.77,-3.58,2.32,0.97,1.19,1.16,0,0.02,neutral,bajista,0,-0.783,32,7407,2,
s25012,ENAUSDT,1786572000000,train,-1,-2.66,0.571,3.53,2.9,1.49,-2.68,1.19,1.02,0.9,0.64,1,0.02,neutral,neutral,0,-1.0,31,7407,0,
s25013,ARBUSDT,1786572000000,train,-1,-4.39,0.789,5.58,4.82,1.22,-4.41,2.45,2.33,1.62,1.34,1,0.02,neutral,neutral,0,-0.36,32,7407,0,
s25014,OPUSDT,1786572000000,train,-1,-3.35,0.682,4.27,3.81,5,-3.37,2.22,1.68,1.48,1.3,1,0.02,neutral,neutral,0,0.03,32,7407,0,
s25015,TIAUSDT,1786572000000,train,-1,-2.21,0.4,3.83,2.56,4.51,-2.23,1.3,1.33,1.54,1.24,0,0.02,neutral,neutral,0,-1.0,32,7407,0,
s25016,ARUSDT,1786572000000,testB,-1,-2.36,0.568,3.56,2.47,5,-2.38,1.41,1.28,1.34,1.14,0,0.02,neutral,neutral,0,-0.442,32,7406,0,
s25017,GRTUSDT,1786572000000,testB,-1,-3.49,0.558,4.51,3.61,2.15,-3.51,1.8,2.22,2.03,1.48,1,0.02,neutral,neutral,0,-0.354,32,7406,0,
s25018,SANDUSDT,1786572000000,testB,-1,-2.53,0.572,3.64,2.75,4.99,-2.55,1.58,2.29,2.15,1.49,1,0.02,neutral,neutral,0,-0.657,32,7406,0,
s25019,MANAUSDT,1786572000000,testB,-1,-2.17,0.61,3.28,2.43,5,-2.19,1.54,1.54,1.27,1.15,1,0.02,neutral,neutral,0,-0.297,32,7406,0,
s25020,XPLUSDT,1786572900000,train,-1,-3.18,0.463,4.37,3.73,1.86,-3.25,1.88,0.97,1.19,1.16,0,0.07,neutral,neutral,0,-0.781,32,7408,0,
s25021,ENAUSDT,1786572900000,train,-1,-2.28,0.466,3.52,2.58,1.08,-2.36,0.8,1.02,0.9,0.64,1,0.07,neutral,neutral,0,-1.0,30,7408,0,
s25022,ARBUSDT,1786572900000,train,-1,-4.62,0.797,5.59,5.07,1.04,-4.69,2.4,2.33,1.62,1.34,1,0.07,neutral,neutral,0,-0.412,32,7408,1,
s25023,OPUSDT,1786572900000,train,-1,-3.35,0.682,4.27,3.81,5,-3.42,2.03,1.68,1.48,1.3,1,0.07,neutral,neutral,0,-0.03,32,7408,0,
s25024,TIAUSDT,1786572900000,train,-1,-2.34,0.424,3.83,2.63,2.52,-2.41,1.28,1.33,1.54,1.24,0,0.07,neutral,neutral,0,-1.0,31,7408,1,
s25025,GRTUSDT,1786572900000,testB,-1,-2.48,0.378,4.19,2.62,1.07,-2.55,1.04,2.22,2.03,1.48,1,0.07,neutral,neutral,0,-0.229,32,7407,0,
s25026,SANDUSDT,1786572900000,testB,-1,-2.45,0.545,3.64,2.67,2.67,-2.52,1.37,2.29,2.15,1.49,1,0.07,neutral,neutral,0,-0.686,32,7407,0,
s25027,MANAUSDT,1786572900000,testB,-1,-2.1,0.583,3.27,2.21,4.22,-2.17,1.21,1.54,1.27,1.15,1,0.07,neutral,neutral,0,-0.199,32,7407,0,
s25028,XPLUSDT,1786573800000,train,-1,-2.97,0.422,4.35,3.13,1.87,-2.9,1.19,0.97,1.19,1.16,0,-0.07,neutral,neutral,0,-0.779,32,7409,0,
s25029,ENAUSDT,1786573800000,train,-1,-2.34,0.484,3.39,2.43,0.63,-2.26,0.7,1.02,0.9,0.64,1,-0.07,neutral,neutral,0,-1.0,20,7409,0,
s25030,ARBUSDT,1786573800000,train,-1,-4.98,0.809,5.66,5.51,1.14,-4.91,2.55,2.33,1.62,1.34,1,-0.07,neutral,bajista,0,-0.485,32,7409,2,
s25031,OPUSDT,1786573800000,train,-1,-4.45,0.8,5.13,4.66,2.41,-4.38,2.72,1.68,1.48,1.3,1,-0.07,neutral,neutral,0,-0.2,32,7409,1,
s25032,TIAUSDT,1786573800000,train,-1,-2.15,0.375,3.69,2.23,2.37,-2.07,0.91,1.33,1.54,1.24,0,-0.07,neutral,neutral,0,-1.0,20,7409,0,
s25033,ARUSDT,1786573800000,testB,-1,-2.08,0.481,3.33,2.12,1.97,-2.01,1.06,1.28,1.34,1.14,0,-0.07,neutral,neutral,0,-0.432,32,7408,1,
s25034,GRTUSDT,1786573800000,testB,-1,-2.48,0.378,4.04,2.62,0.95,-2.41,1.03,2.22,2.03,1.48,1,-0.07,neutral,neutral,0,-0.257,32,7408,1,
s25035,SANDUSDT,1786573800000,testB,-1,-2.63,0.575,3.57,2.73,2.07,-2.56,1.34,2.29,2.15,1.49,1,-0.07,neutral,neutral,0,-0.654,32,7408,1,
s25036,MANAUSDT,1786573800000,testB,-1,-2.03,0.574,3.25,2.23,3.23,-1.95,1.14,1.54,1.27,1.15,1,-0.07,neutral,neutral,0,-0.19,32,7408,1,
s25037,ARBUSDT,1786574700000,train,-1,-4.9,0.806,5.58,5.37,0.71,-4.97,2.38,2.33,1.62,1.34,1,0.07,neutral,bajista,0,-0.514,32,7410,3,
s25038,OPUSDT,1786574700000,train,-1,-4.68,0.808,5.15,5.03,1.98,-4.75,2.78,1.68,1.48,1.3,1,0.07,neutral,bajista,0,-0.326,32,7410,2,
s25039,GRTUSDT,1786574700000,testB,-1,-2.41,0.371,3.97,2.54,0.73,-2.48,0.93,2.22,2.03,1.48,1,0.07,neutral,bajista,0,-0.353,32,7409,2,
s25040,ARBUSDT,1786575600000,train,-1,-5.22,0.819,6.56,5.71,0.69,-5.26,2.45,2.67,1.8,1.39,1,0.04,neutral,bajista,0,-0.499,32,7411,4,
s25041,OPUSDT,1786575600000,train,-1,-3.81,0.68,5.36,4.66,1.34,-3.86,2.21,1.83,1.56,1.35,1,0.04,neutral,neutral,0,-0.25,32,7411,0,
s25042,ARBUSDT,1786576500000,train,-1,-5.33,0.853,6.56,5.67,0.77,-5.39,2.18,2.67,1.8,1.39,1,0.06,neutral,neutral,0,-0.505,32,7412,0,
s25043,OPUSDT,1786576500000,train,-1,-3.7,0.673,5.36,4.66,1.25,-3.76,2.03,1.83,1.56,1.35,1,0.06,neutral,neutral,0,-0.275,32,7412,0,
s25044,ARBUSDT,1786577400000,train,-1,-4.06,0.813,5.13,4.53,0.75,-4.2,2.21,2.67,1.8,1.39,1,0.13,neutral,neutral,0,-0.609,32,7413,1,
s25045,OPUSDT,1786577400000,train,-1,-3.71,0.673,5.37,4.78,0.65,-3.84,1.93,1.83,1.56,1.35,1,0.13,neutral,neutral,0,-0.244,32,7413,0,
s25046,ARBUSDT,1786578300000,train,-1,-4.0,0.79,5.07,4.32,0.88,-4.09,1.88,2.67,1.8,1.39,1,0.09,neutral,neutral,0,-0.434,32,7414,0,
s25047,OPUSDT,1786578300000,train,-1,-3.59,0.64,5.36,4.54,0.55,-3.69,1.47,1.83,1.56,1.35,1,0.09,neutral,neutral,0,-0.179,32,7414,0,
s25048,ARBUSDT,1786579200000,train,-1,-2.81,0.592,4.33,3.15,0.67,-3.03,1.33,2.9,1.86,1.36,1,0.22,neutral,neutral,0,-0.355,32,7415,0,
s25049,OPUSDT,1786579200000,train,-1,-3.48,0.608,5.34,4.3,0.46,-3.69,1.11,2.09,1.59,1.39,1,0.22,neutral,neutral,0,-0.108,32,7415,0,
s25050,ARBUSDT,1786580100000,train,-1,-2.24,0.476,4.32,2.87,0.69,-2.42,0.74,2.9,1.86,1.36,1,0.18,neutral,neutral,0,-0.159,32,7416,0,
s25051,OPUSDT,1786580100000,train,-1,-3.8,0.708,5.34,4.3,0.45,-3.98,0.99,2.09,1.59,1.39,1,0.18,neutral,neutral,0,-0.135,32,7416,0,
s25052,ARBUSDT,1786581000000,train,-1,-3.01,0.612,4.34,3.4,0.72,-2.96,1.14,2.9,1.86,1.36,1,-0.05,neutral,neutral,0,-0.286,32,7417,1,
s25053,OPUSDT,1786581000000,train,-1,-4.14,0.725,5.02,4.43,0.45,-4.09,1.33,2.09,1.59,1.39,1,-0.05,neutral,neutral,0,-0.211,32,7417,1,
s25054,APEUSDT,1786581000000,testB,-1,-2.05,0.406,3.53,2.09,0.65,-1.99,0.61,1.77,1.51,1.19,1,-0.05,neutral,neutral,0,0.077,32,7416,1,
s25055,ARBUSDT,1786581900000,train,-1,-3.3,0.633,4.35,3.71,0.78,-3.23,1.19,2.9,1.86,1.36,1,-0.07,neutral,bajista,0,-0.336,32,7418,2,
s25056,OPUSDT,1786581900000,train,-1,-5.04,0.763,5.9,5.54,0.79,-4.97,2.16,2.09,1.59,1.39,1,-0.07,neutral,bajista,0,-0.319,32,7418,2,
s25057,ARBUSDT,1786582800000,train,-1,-3.34,0.636,4.12,3.57,0.64,-3.42,1.13,2.48,1.9,1.35,1,0.08,neutral,bajista,0,-1.0,23,7419,3,
s25058,OPUSDT,1786582800000,train,-1,-4.6,0.672,5.76,4.94,0.94,-4.68,1.69,2.24,1.66,1.43,1,0.08,neutral,neutral,0,-0.262,32,7419,0,
s25059,PUMPUSDT,1786583700000,train,1,2.31,0.352,4.15,3.64,0.6,2.41,0.83,0.52,0.64,0.72,0,-0.1,neutral,neutral,0,0.42,32,7420,1,
s25060,ARBUSDT,1786583700000,train,-1,-2.52,0.535,3.46,2.79,0.59,-2.42,0.94,2.48,1.9,1.35,1,-0.1,neutral,neutral,0,-1.0,9,7420,0,
s25061,OPUSDT,1786583700000,train,-1,-3.85,0.63,4.59,4.0,0.88,-3.75,1.72,2.24,1.66,1.43,1,-0.1,neutral,neutral,0,-0.412,32,7420,1,
s25062,PUMPUSDT,1786584600000,train,1,2.69,0.434,4.48,3.5,0.59,2.88,0.68,0.52,0.64,0.72,0,-0.19,neutral,neutral,0,0.375,32,7421,0,
s25063,ARBUSDT,1786584600000,train,-1,-2.11,0.412,3.38,2.25,0.53,-1.92,0.44,2.48,1.9,1.35,1,-0.19,neutral,neutral,0,-1.0,8,7421,0,
s25064,OPUSDT,1786584600000,train,-1,-2.52,0.478,3.64,2.82,0.94,-2.33,1.34,2.24,1.66,1.43,1,-0.19,neutral,neutral,0,-0.542,32,7421,0,
s25065,PUMPUSDT,1786585500000,train,1,2.97,0.497,4.13,2.85,0.57,2.99,0.32,0.52,0.64,0.72,0,-0.02,neutral,neutral,0,0.487,32,7422,0,
s25066,TIAUSDT,1786585500000,train,1,2.1,0.521,3.56,3.01,0.61,2.12,0.4,1.48,1.36,1.29,1,-0.02,neutral,neutral,0,0.728,32,7422,1,
s25067,LDOUSDT,1786585500000,testB,1,2.84,0.638,3.17,2.93,0.62,2.86,0.88,0.54,0.58,0.59,0,-0.02,neutral,alcista,0,0.093,32,7421,2,
s25068,LDOUSDT,1786586400000,testB,1,2.02,0.547,2.32,2.05,0.7,2.07,0.86,0.52,0.5,0.6,0,-0.05,neutral,neutral,0,0.083,32,7422,0,
s25069,ARBUSDT,1786590900000,train,1,2.27,0.385,3.07,2.9,1.11,2.03,1.72,1.9,2.02,1.46,0,0.24,neutral,alcista,0,-0.459,32,7428,3,
s25070,ARBUSDT,1786591800000,train,1,2.83,0.483,3.32,3.15,1.47,2.59,1.8,1.9,2.02,1.46,0,0.24,neutral,alcista,0,-0.607,32,7429,4,
s25071,SEIUSDT,1786592700000,train,1,2.15,0.524,2.42,2.37,2.09,1.88,1.44,1.16,1.13,1.04,1,0.27,neutral,neutral,0,0.454,32,7430,1,
s25072,SEIUSDT,1786593600000,train,1,2.59,0.571,3.5,3.11,4.37,2.48,1.97,1.71,1.47,1.24,1,0.11,neutral,alcista,0,0.141,32,7431,2,
s25073,SEIUSDT,1786594500000,train,1,2.26,0.508,3.5,2.99,3.5,2.31,1.65,1.71,1.47,1.24,1,-0.04,neutral,neutral,0,0.163,32,7432,0,
s25074,ARBUSDT,1786595400000,train,1,2.37,0.4,3.33,3.06,0.92,2.08,1.21,1.74,2.06,1.48,0,0.3,neutral,neutral,0,-0.474,32,7433,0,
s25075,SEIUSDT,1786595400000,train,1,3.71,0.687,4.18,4.11,4.37,3.42,2.55,1.71,1.47,1.24,1,0.3,neutral,neutral,0,-0.146,32,7433,1,
s25076,ARBUSDT,1786596300000,train,1,2.83,0.487,3.33,3.2,0.88,2.6,1.17,1.74,2.06,1.48,0,0.22,neutral,neutral,0,-0.477,32,7434,1,
s25077,SEIUSDT,1786596300000,train,1,4.58,0.859,4.48,4.45,4.78,4.36,2.59,1.71,1.47,1.24,1,0.22,neutral,alcista,0,-0.177,32,7434,2,
s25078,ARBUSDT,1786597200000,train,1,3.05,0.524,3.15,3.13,0.53,2.65,1.11,1.48,2.1,1.5,0,0.4,neutral,alcista,0,-0.58,32,7435,2,
s25079,SEIUSDT,1786597200000,train,1,4.06,0.836,4.46,4.34,2.1,3.67,2.29,2.45,1.78,1.43,1,0.4,neutral,neutral,0,-0.243,32,7435,0,
s25080,ARBUSDT,1786598100000,train,1,3.18,0.535,3.24,3.11,0.62,2.35,1.32,1.48,2.1,1.5,0,0.83,neutral,alcista,0,-0.679,32,7436,3,
s25081,SEIUSDT,1786598100000,train,1,4.37,0.926,4.4,4.21,2.48,3.54,2.17,2.45,1.78,1.43,1,0.83,neutral,neutral,0,-0.278,32,7436,1,
s25082,XPLUSDT,1786599000000,train,1,2.29,0.633,2.74,2.39,1.62,1.49,1.27,0.74,0.87,1.14,0,0.8,neutral,alcista,0,-1.0,28,7437,3,
s25083,ARBUSDT,1786599000000,train,1,2.52,0.446,3.23,2.91,0.76,1.72,1.06,1.48,2.1,1.5,0,0.8,neutral,neutral,0,-0.464,32,7437,0,
s25084,SEIUSDT,1786599000000,train,1,4.39,0.926,4.4,4.3,2.36,3.59,2.11,2.45,1.78,1.43,1,0.8,neutral,alcista,0,-0.233,32,7437,2,
s25085,XPLUSDT,1786599900000,train,1,2.11,0.609,2.58,2.19,1.74,1.46,1.05,0.74,0.87,1.14,0,0.66,neutral,neutral,0,-1.0,27,7438,0,
s25086,PUMPUSDT,1786599900000,train,1,3.8,0.491,5.1,4.36,3.34,3.14,2.78,0.57,0.59,0.72,0,0.66,neutral,alcista,0,-0.153,32,7438,8,
s25087,WLDUSDT,1786599900000,train,1,2.4,0.497,3.32,2.99,1.89,1.74,1.38,0.85,0.8,0.8,1,0.66,neutral,neutral,0,1.089,32,7438,1,
s25088,ARBUSDT,1786599900000,train,1,2.12,0.38,3.24,2.75,0.69,1.47,0.82,1.48,2.1,1.5,0,0.66,neutral,neutral,0,-0.273,32,7438,0,
s25089,OPUSDT,1786599900000,train,1,2.0,0.548,3.12,2.89,0.74,1.35,0.89,1.36,1.61,1.37,0,0.66,neutral,alcista,0,0.16,32,7438,3,
s25090,SEIUSDT,1786599900000,train,1,3.86,0.787,4.25,3.81,1.84,3.21,1.53,2.45,1.78,1.43,1,0.66,neutral,neutral,0,-0.195,32,7438,0,
s25091,XPLUSDT,1786600800000,train,1,2.21,0.634,2.64,2.24,1.98,1.61,1.04,0.63,0.87,1.09,0,0.6,neutral,neutral,0,-1.0,26,7439,1,
s25092,PUMPUSDT,1786600800000,train,1,3.12,0.368,5.16,3.24,3.21,2.52,1.35,0.66,0.61,0.72,0,0.6,neutral,neutral,0,0.176,32,7439,0,
s25093,WLDUSDT,1786600800000,train,1,2.68,0.579,3.38,3.02,1.89,2.08,1.33,0.86,0.85,0.81,1,0.6,neutral,neutral,0,1.255,32,7439,0,
s25094,ARBUSDT,1786600800000,train,1,2.16,0.384,3.23,2.94,0.75,1.56,0.9,1.27,2.11,1.47,0,0.6,neutral,neutral,0,-0.317,32,7439,1,
s25095,SEIUSDT,1786600800000,train,1,3.88,0.788,4.14,3.83,1.63,3.29,1.55,2.77,1.99,1.52,1,0.6,neutral,neutral,0,-0.244,32,7439,1,
s25096,XPLUSDT,1786601700000,train,1,2.11,0.624,2.63,2.29,2.12,1.54,1.06,0.63,0.87,1.09,0,0.57,neutral,alcista,0,-1.0,25,7440,2,
s25097,WLDUSDT,1786601700000,train,1,2.98,0.605,3.57,3.39,1.52,2.41,1.54,0.86,0.85,0.81,1,0.57,neutral,neutral,0,0.957,32,7440,1,
s25098,ARBUSDT,1786601700000,train,1,2.42,0.433,3.23,3.04,0.65,1.85,0.85,1.27,2.11,1.47,0,0.57,neutral,alcista,0,-0.453,32,7440,2,
s25099,OPUSDT,1786601700000,train,1,2.12,0.529,3.11,3.0,0.74,1.55,0.84,1.16,1.63,1.38,0,0.57,neutral,neutral,0,0.308,32,7440,1,
s25100,SEIUSDT,1786601700000,train,1,3.23,0.596,4.17,3.3,1.29,2.67,0.88,2.77,1.99,1.52,1,0.57,neutral,neutral,0,-0.117,32,7440,0,
s25101,XPLUSDT,1786602600000,train,1,2.2,0.634,2.47,2.25,0.7,1.79,1.05,0.63,0.87,1.09,0,0.42,neutral,alcista,0,-1.0,23,7441,3,
s25102,WLDUSDT,1786602600000,train,1,3.04,0.61,3.27,3.1,1.35,2.62,1.5,0.86,0.85,0.81,1,0.42,neutral,alcista,0,1.01,32,7441,2,
s25103,ARBUSDT,1786602600000,train,1,3.03,0.57,3.01,2.98,0.46,2.62,0.88,1.27,2.11,1.47,0,0.42,neutral,alcista,0,-0.329,32,7441,3,
s25104,OPUSDT,1786602600000,train,1,2.36,0.625,2.77,2.42,0.83,1.95,0.69,1.16,1.63,1.38,0,0.42,neutral,neutral,0,0.619,32,7441,0,
s25105,SEIUSDT,1786602600000,train,1,3.45,0.612,3.74,3.33,0.8,3.03,1.19,2.77,1.99,1.52,1,0.42,neutral,neutral,0,-0.065,32,7441,1,
s25106,PENDLEUSDT,1786602600000,train,1,2.15,0.686,2.3,2.17,0.68,1.73,1.18,0.87,0.86,1.11,0,0.42,neutral,alcista,0,0.195,32,7441,2,
s25107,WLDUSDT,1786603500000,train,1,2.97,0.605,3.35,2.97,1.05,2.35,1.58,0.86,0.85,0.81,1,0.62,neutral,alcista,0,0.812,32,7442,3,
s25108,ARBUSDT,1786603500000,train,1,2.29,0.499,2.63,2.42,0.5,1.67,0.76,1.27,2.11,1.47,0,0.62,neutral,neutral,0,-1.0,13,7442,0,
s25109,SEIUSDT,1786603500000,train,1,2.79,0.502,3.46,2.77,0.78,2.18,0.8,2.77,1.99,1.52,1,0.62,neutral,neutral,0,-0.209,32,7442,0,
s25110,PENDLEUSDT,1786603500000,train,1,2.65,0.73,3.01,2.9,1.12,2.03,1.76,0.87,0.86,1.11,0,0.62,neutral,alcista,0,-0.112,32,7442,3,
s25111,WLDUSDT,1786604400000,train,1,2.81,0.592,3.11,2.85,1.1,2.34,1.63,0.92,0.79,0.82,0,0.47,neutral,alcista,0,0.711,32,7443,4,
s25112,SEIUSDT,1786604400000,train,1,2.74,0.498,3.24,2.78,0.44,2.27,0.93,2.89,2.02,1.56,1,0.47,neutral,neutral,0,-0.379,32,7443,1,
s25113,PENDLEUSDT,1786604400000,train,1,2.04,0.537,2.61,2.11,2.25,1.57,1.27,0.88,0.89,1.12,0,0.47,neutral,neutral,0,-0.003,32,7443,0,
s25114,SEIUSDT,1786605300000,train,1,2.81,0.504,3.11,2.85,0.32,2.31,0.98,2.89,2.02,1.56,1,0.49,neutral,alcista,0,-0.403,32,7444,2,
s25115,INJUSDT,1786608000000,train,-1,-2.35,0.491,2.85,2.65,1.7,-2.6,1.36,0.72,0.7,0.86,0,0.25,neutral,bajista,0,-0.521,32,7447,3,
s25116,WLDUSDT,1786608900000,train,1,2.25,0.466,3.14,2.7,1.29,1.95,1.01,1.01,0.84,0.84,0,0.3,neutral,alcista,0,0.402,32,7448,2,
s25117,WLDUSDT,1786609800000,train,1,2.56,0.535,3.14,2.81,1.3,2.41,1.02,1.01,0.84,0.84,0,0.15,neutral,alcista,0,0.062,32,7449,3,
s25118,INJUSDT,1786609800000,train,-1,-2.33,0.548,2.74,2.45,1.94,-2.48,1.05,0.72,0.7,0.86,0,0.15,neutral,neutral,0,-0.25,32,7449,1,
s25119,WLDUSDT,1786610700000,train,1,2.59,0.544,3.14,2.79,1.04,2.48,0.83,1.01,0.84,0.84,0,0.11,neutral,neutral,0,0.126,32,7450,0,
s25120,INJUSDT,1786610700000,train,-1,-2.16,0.529,2.45,2.21,1.34,-2.28,0.98,0.72,0.7,0.86,0,0.11,neutral,bajista,0,-0.267,32,7450,2,
s25121,WLDUSDT,1786611600000,train,1,2.2,0.427,3.15,2.39,0.77,2.62,0.46,1.16,0.92,0.88,1,-0.42,neutral,neutral,0,0.667,32,7451,0,
s25122,ARBUSDT,1786612500000,train,-1,-2.08,0.644,2.69,2.58,0.57,-1.64,1.03,1.16,1.54,1.52,0,-0.44,neutral,neutral,0,-0.016,32,7452,0,
s25123,INJUSDT,1786612500000,train,-1,-2.01,0.538,2.22,2.18,0.79,-1.56,1.28,0.73,0.7,0.87,0,-0.44,neutral,bajista,0,-1.0,20,7452,4,
s25124,WLDUSDT,1786613400000,train,1,2.12,0.425,2.46,2.08,0.71,2.46,0.95,1.16,0.92,0.88,1,-0.34,neutral,alcista,0,0.479,32,7453,2,
s25125,PUMPUSDT,1786614300000,train,-1,-2.32,0.371,3.14,2.52,0.73,-2.19,0.39,0.81,0.65,0.67,0,-0.14,neutral,bajista,0,-1.0,16,7454,2,
s25126,WLDUSDT,1786614300000,train,1,2.67,0.484,3.41,2.77,1.62,2.8,2.12,1.16,0.92,0.88,1,-0.14,neutral,alcista,0,-0.354,32,7454,3,
s25127,ARBUSDT,1786615200000,train,-1,-2.1,0.64,2.86,2.76,0.74,-1.75,1.0,1.09,1.42,1.54,0,-0.35,neutral,neutral,0,-0.107,32,7455,1,
s25128,0GUSDT,1786616100000,train,1,2.18,0.515,2.94,2.57,2.12,2.49,1.22,0.55,0.52,0.63,0,-0.31,neutral,alcista,0,0.707,32,7456,2,
s25129,ARBUSDT,1786616100000,train,-1,-2.29,0.703,3.09,2.86,0.95,-1.98,0.96,1.09,1.42,1.54,0,-0.31,neutral,bajista,0,-0.127,32,7456,2,
s25130,0GUSDT,1786617000000,train,1,2.12,0.493,2.7,2.07,1.82,2.3,0.93,0.55,0.52,0.63,0,-0.19,neutral,neutral,0,1.182,32,7457,0,
s25131,ARBUSDT,1786617000000,train,-1,-2.09,0.606,3.08,2.49,0.99,-1.91,0.52,1.09,1.42,1.54,0,-0.19,neutral,neutral,0,-0.113,32,7457,0,
s25132,STBLUSDT,1786617900000,train,1,2.23,0.421,3.25,2.82,2.54,2.67,1.74,0.46,0.36,0.43,0,-0.45,neutral,alcista,0,-1.0,14,7458,2,
s25133,0GUSDT,1786617900000,train,1,2.82,0.564,3.05,2.8,2.64,3.27,1.54,0.55,0.52,0.63,0,-0.45,neutral,neutral,0,0.533,32,7458,1,
s25134,ARBUSDT,1786617900000,train,-1,-2.15,0.612,3.08,2.56,0.69,-1.7,0.56,1.09,1.42,1.54,0,-0.45,neutral,neutral,0,-0.147,32,7458,1,
s25135,0GUSDT,1786618800000,train,1,3.07,0.585,2.98,2.92,3.19,3.45,1.74,0.76,0.63,0.68,0,-0.38,neutral,alcista,0,0.468,32,7459,2,
s25136,ARBUSDT,1786618800000,train,-1,-2.09,0.605,2.64,2.29,0.66,-1.71,0.68,1.03,1.26,1.55,0,-0.38,neutral,bajista,0,-0.199,32,7459,2,
s25137,0GUSDT,1786619700000,train,1,2.42,0.463,3.42,2.49,2.85,3.14,1.31,0.76,0.63,0.68,0,-0.71,neutral,neutral,0,0.625,32,7460,0,
s25138,ENAUSDT,1786619700000,train,-1,-2.2,0.659,2.39,2.33,0.66,-1.48,0.82,0.67,0.57,0.75,0,-0.71,neutral,bajista,0,0.235,32,7460,2,
s25139,0GUSDT,1786620600000,train,1,3.0,0.528,3.35,2.91,2.65,3.63,1.63,0.76,0.63,0.68,0,-0.63,neutral,neutral,0,0.383,32,7461,1,
s25140,ENAUSDT,1786620600000,train,-1,-2.1,0.648,2.24,2.16,0.78,-1.47,0.95,0.67,0.57,0.75,0,-0.63,neutral,bajista,0,0.205,32,7461,3,
s25141,0GUSDT,1786621500000,train,1,2.54,0.476,3.22,2.73,2.28,3.13,1.4,0.76,0.63,0.68,0,-0.59,neutral,neutral,0,0.477,32,7462,0,
s25142,0GUSDT,1786622400000,train,1,2.86,0.529,3.65,2.85,1.93,3.29,1.39,0.87,0.66,0.68,0,-0.42,neutral,neutral,0,0.217,32,7463,1,
s25143,0GUSDT,1786623300000,train,1,2.41,0.452,3.66,2.67,1.31,2.75,1.09,0.87,0.66,0.68,0,-0.34,neutral,neutral,0,0.302,32,7464,0,
s25144,0GUSDT,1786624200000,train,1,2.73,0.506,3.65,2.85,1.05,3.06,1.11,0.87,0.66,0.68,0,-0.33,neutral,neutral,0,0.217,32,7465,1,
s25145,0GUSDT,1786625100000,train,1,2.61,0.471,3.53,2.54,1.03,2.73,0.85,0.87,0.66,0.68,0,-0.12,neutral,neutral,0,0.317,32,7466,0,
s25146,0GUSDT,1786626000000,train,1,2.42,0.432,3.48,2.36,0.44,2.23,0.62,0.87,0.66,0.67,0,0.19,neutral,neutral,0,0.658,32,7467,0,
s25147,0GUSDT,1786628700000,train,1,2.34,0.507,2.84,2.28,0.45,2.43,0.91,0.87,0.66,0.67,0,-0.09,neutral,neutral,0,0.054,32,7470,0,
s25148,STBLUSDT,1786632300000,train,-1,-2.22,0.5,3.84,3.19,0.16,-2.55,0.15,1.08,0.72,0.55,1,0.32,neutral,neutral,0,0.247,32,7474,0,
s25149,GRTUSDT,1786632300000,testB,1,2.0,0.429,2.83,2.32,1.65,1.68,0.91,1.28,1.07,1.39,0,0.32,neutral,alcista,0,-1.0,14,7473,2,
s25150,PUMPUSDT,1786633200000,train,1,3.56,0.382,5.41,4.86,2.04,3.24,2.32,1.28,1.01,0.76,1,0.32,neutral,alcista,0,0.279,32,7475,3,
s25151,PUMPUSDT,1786634100000,train,1,4.51,0.53,5.32,4.59,2.13,4.2,2.01,1.28,1.01,0.76,1,0.31,neutral,neutral,0,0.265,32,7476,0,
s25152,GRTUSDT,1786634100000,testB,1,2.44,0.44,3.18,2.89,2.11,2.13,1.32,1.49,1.18,1.42,0,0.31,neutral,neutral,0,-1.0,12,7475,1,
s25153,PUMPUSDT,1786635000000,train,1,4.9,0.553,6.25,5.25,2.13,4.49,2.96,1.28,1.01,0.76,1,0.41,neutral,neutral,0,-0.059,32,7477,1,
s25154,WLDUSDT,1786635000000,train,1,3.1,0.471,4.38,3.04,0.83,2.69,1.02,1.54,1.36,1.03,1,0.41,neutral,alcista,0,-1.0,4,7477,2,
s25155,INJUSDT,1786635000000,train,1,2.36,0.793,2.41,2.33,0.69,1.95,0.79,1.03,0.88,0.81,1,0.41,neutral,neutral,0,-0.185,32,7477,1,
s25156,GRTUSDT,1786635000000,testB,1,2.38,0.421,3.19,2.47,1.46,1.97,0.83,1.49,1.18,1.42,0,0.41,neutral,neutral,0,-1.0,11,7476,0,
s25157,PUMPUSDT,1786635900000,train,1,3.45,0.35,6.32,4.13,1.82,3.56,1.66,1.28,1.01,0.76,1,-0.12,neutral,neutral,0,0.218,32,7478,0,
s25158,PUMPUSDT,1786636800000,train,1,4.11,0.41,6.3,4.5,1.98,4.25,2.0,1.54,1.16,0.82,1,-0.15,neutral,neutral,0,0.1,32,7479,1,
s25159,WLDUSDT,1786644900000,train,-1,-2.52,0.404,3.93,3.2,0.56,-1.44,1.13,1.72,1.51,1.16,1,-1.08,neutral,neutral,0,0.275,32,7488,1,
s25160,GRTUSDT,1786644900000,testB,-1,-2.18,0.455,3.42,3.35,0.4,-1.11,1.3,1.46,1.32,1.37,0,-1.08,neutral,bajista,0,-0.222,32,7487,2,
s25161,SANDUSDT,1786644900000,testB,-1,-2.35,0.541,3.34,2.92,0.19,-1.27,0.97,1.26,1.03,1.34,0,-1.08,neutral,neutral,0,-0.134,32,7487,1,
s25162,OPUSDT,1786645800000,train,-1,-2.05,0.429,3.37,2.32,0.29,-0.87,0.31,1.32,1.06,1.35,0,-1.18,neutral,neutral,0,-1.0,20,7489,0,
s25163,GRTUSDT,1786645800000,testB,-1,-2.25,0.477,3.49,3.19,0.48,-1.08,1.06,1.46,1.32,1.37,0,-1.18,neutral,neutral,0,-0.256,32,7488,0,
s25164,SANDUSDT,1786645800000,testB,-1,-2.59,0.638,3.33,2.68,0.22,-1.41,0.66,1.26,1.03,1.34,0,-1.18,neutral,neutral,0,-0.049,32,7488,0,
s25165,GRTUSDT,1786646700000,testB,-1,-2.32,0.485,3.49,3.27,0.57,-1.46,1.14,1.46,1.32,1.37,0,-0.86,neutral,neutral,0,-0.318,32,7489,1,
s25166,SANDUSDT,1786646700000,testB,-1,-2.49,0.628,3.33,2.68,0.25,-1.63,0.61,1.26,1.03,1.34,0,-0.86,neutral,neutral,0,-0.058,32,7489,0,
s25167,GRTUSDT,1786648500000,testB,-1,-2.67,0.649,3.34,2.89,0.41,-2.34,0.77,1.35,1.29,1.28,1,-0.33,neutral,neutral,0,-0.179,32,7491,1,
s25168,GRTUSDT,1786649400000,testB,-1,-2.25,0.608,2.67,2.23,0.46,-1.78,0.7,1.35,1.29,1.28,1,-0.47,neutral,bajista,0,-0.1,32,7492,2,
s25169,GRTUSDT,1786651200000,testB,-1,-2.11,0.592,2.38,2.23,0.57,-2.04,0.91,1.42,1.37,1.32,1,-0.08,neutral,bajista,0,-0.3,32,7494,4,
s25170,PUMPUSDT,1786653000000,train,1,2.92,0.446,3.95,3.57,0.77,2.24,0.89,1.34,1.18,0.87,1,0.68,neutral,neutral,0,0.117,32,7497,1,
s25171,PUMPUSDT,1786653900000,train,1,3.22,0.506,3.95,3.6,0.76,2.82,0.78,1.34,1.18,0.87,1,0.39,neutral,neutral,0,0.25,32,7498,0,
s25172,OPUSDT,1786663800000,train,1,2.32,0.625,2.49,2.38,1.97,2.27,1.32,0.61,0.99,1.05,0,0.05,neutral,alcista,0,-1.0,32,7509,4,
s25173,OPUSDT,1786664700000,train,1,2.67,0.657,3.05,2.82,2.38,2.56,1.56,0.61,0.99,1.05,0,0.11,neutral,alcista,0,-1.0,31,7510,5,
s25174,OPUSDT,1786665600000,train,1,2.79,0.706,3.16,2.71,2.75,2.66,1.31,0.91,1.13,1.05,0,0.13,neutral,neutral,0,-1.0,30,7511,0,
s25175,OPUSDT,1786666500000,train,1,3.01,0.722,3.49,3.15,3.43,3.03,1.61,0.91,1.13,1.05,0,-0.01,neutral,neutral,0,-1.0,29,7512,1,
s25176,OPUSDT,1786667400000,train,1,2.78,0.632,3.95,2.93,3.64,2.61,1.23,0.91,1.13,1.05,0,0.17,neutral,neutral,0,-1.0,28,7513,0,
s25177,OPUSDT,1786668300000,train,1,3.25,0.7,3.82,3.15,3.03,3.04,1.46,0.91,1.13,1.05,0,0.21,neutral,neutral,0,-1.0,27,7514,1,
s25178,OPUSDT,1786669200000,train,1,2.9,0.61,3.72,2.82,2.6,2.78,1.08,1.03,1.11,1.02,0,0.12,neutral,neutral,0,-1.0,21,7515,0,
s25179,PUMPUSDT,1786670100000,train,1,3.39,0.462,3.52,3.28,1.16,3.34,1.23,0.83,1.18,0.93,0,0.05,neutral,neutral,0,-0.521,32,7516,1,
s25180,PUMPUSDT,1786671000000,train,1,4.62,0.539,4.96,4.48,2.21,4.43,2.36,0.83,1.18,0.93,0,0.19,neutral,alcista,0,-1.0,32,7517,2,
s25181,PUMPUSDT,1786671900000,train,1,4.49,0.533,4.6,4.4,2.54,4.33,2.73,0.83,1.18,0.93,0,0.16,neutral,alcista,0,-1.0,18,7518,3,
s25182,0GUSDT,1786671900000,train,1,2.1,0.425,2.29,2.11,1.3,1.94,1.03,0.5,0.66,0.66,0,0.16,neutral,neutral,0,-1.0,4,7518,0,
s25183,PUMPUSDT,1786672800000,train,1,4.17,0.49,4.54,4.14,2.88,4.24,2.36,0.92,1.13,0.97,0,-0.07,neutral,neutral,0,-1.0,17,7519,0,
s25184,0GUSDT,1786672800000,train,1,2.03,0.418,2.59,2.29,1.24,2.1,1.11,0.66,0.68,0.71,0,-0.07,neutral,neutral,0,-1.0,3,7519,1,
s25185,0GUSDT,1786684500000,train,-1,-2.72,0.556,3.92,3.48,0.68,-2.46,1.0,0.68,0.59,0.7,0,-0.26,neutral,bajista,0,0.714,32,7532,3,
s25186,0GUSDT,1786685400000,train,-1,-2.9,0.615,3.91,3.35,0.65,-2.56,0.82,0.68,0.59,0.7,0,-0.34,neutral,neutral,0,0.704,32,7533,0,
s25187,PUMPUSDT,1786686300000,train,-1,-2.95,0.415,3.84,3.32,0.87,-2.66,0.91,1.15,0.96,1.04,0,-0.3,neutral,neutral,0,0.26,32,7534,1,
s25188,0GUSDT,1786686300000,train,-1,-2.78,0.605,3.91,3.35,0.73,-2.48,0.7,0.68,0.59,0.7,0,-0.3,neutral,neutral,0,0.778,32,7534,1,
s25189,PUMPUSDT,1786687200000,train,-1,-3.03,0.421,3.85,3.61,0.87,-2.6,1.27,1.27,0.98,1.06,0,-0.43,neutral,bajista,0,0.346,32,7535,2,
s25190,0GUSDT,1786687200000,train,-1,-2.89,0.649,3.6,2.98,0.64,-2.46,0.68,0.64,0.54,0.71,0,-0.43,neutral,neutral,0,0.979,32,7535,0,
s25191,PUMPUSDT,1786688100000,train,-1,-2.76,0.395,4.93,4.48,0.96,-2.27,2.08,1.27,0.98,1.06,0,-0.49,neutral,bajista,0,0.266,32,7536,3,
s25192,0GUSDT,1786688100000,train,-1,-2.13,0.574,2.73,2.17,0.4,-1.64,0.71,0.64,0.54,0.71,0,-0.49,neutral,neutral,0,1.286,32,7536,0,
s25193,PUMPUSDT,1786689000000,train,-1,-2.53,0.355,4.87,3.18,1.18,-1.98,0.82,1.27,0.98,1.06,0,-0.54,neutral,neutral,0,0.815,32,7537,0,
s25194,PUMPUSDT,1786689900000,train,-1,-2.73,0.38,4.74,3.18,1.29,-1.95,0.84,1.27,0.98,1.06,0,-0.78,neutral,neutral,0,1.0,32,7538,1,
s25195,STBLUSDT,1786690800000,train,1,2.55,0.475,4.08,3.65,5,3.23,2.23,1.41,0.8,0.82,0,-0.68,neutral,alcista,0,-0.306,32,7539,3,
s25196,STBLUSDT,1786692600000,train,1,2.38,0.429,4.83,3.23,5,2.96,1.39,1.41,0.8,0.82,0,-0.58,neutral,neutral,0,-0.427,32,7541,1,
s25197,STBLUSDT,1786693500000,train,1,2.16,0.374,4.84,2.98,2.71,2.8,1.09,1.41,0.8,0.82,0,-0.63,neutral,neutral,0,-0.232,32,7542,0,
s25198,STBLUSDT,1786694400000,train,1,2.38,0.397,4.83,3.27,1.06,3.17,1.25,1.53,0.85,0.85,1,-0.79,neutral,neutral,0,-0.263,32,7543,1,
s25199,STBLUSDT,1786695300000,train,1,2.83,0.485,4.82,3.4,0.3,3.85,1.29,1.53,0.85,0.85,1,-1.02,neutral,alcista,0,-0.177,32,7544,2,
s25200,OPUSDT,1786695300000,train,-1,-2.5,0.733,2.68,2.45,1.62,-1.48,1.1,1.06,1.08,1.04,0,-1.02,neutral,bajista,0,-0.0,32,7544,4,
s25201,STBLUSDT,1786696200000,train,1,2.16,0.392,4.83,3.23,0.29,3.05,1.02,1.53,0.85,0.85,1,-0.9,neutral,neutral,0,-0.053,32,7545,0,
s25202,PUMPUSDT,1786699800000,train,-1,-2.65,0.395,4.04,3.26,1.84,-1.72,2.09,1.18,1.08,1.12,0,-0.93,neutral,bajista,0,0.087,32,7549,4,
s25203,WLDUSDT,1786700700000,train,-1,-2.24,0.391,3.28,2.59,1.43,-1.31,0.8,0.93,0.82,1.09,0,-0.94,neutral,neutral,0,-1.0,23,7550,0,
s25204,PUMPUSDT,1786703400000,train,-1,-2.04,0.396,4.02,2.86,0.7,-1.55,1.09,1.11,1.09,1.13,0,-0.49,neutral,neutral,0,0.358,32,7553,1,
s25205,WLDUSDT,1786703400000,train,-1,-2.16,0.394,3.22,2.53,0.81,-1.67,0.79,0.91,0.84,1.06,0,-0.49,neutral,bajista,0,-1.0,13,7553,2,
s25206,LDOUSDT,1786704300000,testB,1,2.05,0.48,2.5,2.34,1.29,2.3,1.04,0.9,0.89,0.87,1,-0.25,neutral,alcista,0,-1.0,8,7553,4,
s25207,PUMPUSDT,1786705200000,train,-1,-2.14,0.413,3.78,2.68,0.55,-1.8,0.82,1.11,1.13,1.12,0,-0.34,neutral,neutral,0,-1.0,11,7555,1,
s25208,INJUSDT,1786705200000,train,-1,-2.41,0.632,2.74,2.47,1.35,-2.07,1.3,0.99,0.83,0.72,1,-0.34,neutral,bajista,1,2.0,15,7555,3,
s25209,INJUSDT,1786706100000,train,-1,-2.65,0.652,2.99,2.79,1.79,-2.32,1.79,0.99,0.83,0.72,1,-0.33,neutral,bajista,1,2.0,15,7556,4,
s25210,LDOUSDT,1786706100000,testB,1,2.09,0.492,2.67,2.18,1.53,2.41,0.75,1.15,1.01,0.94,1,-0.33,neutral,neutral,0,-1.0,6,7555,0,
s25211,XPLUSDT,1786707000000,train,1,2.01,0.402,3.16,2.16,2.15,2.21,1.15,1.02,0.77,0.71,1,-0.2,neutral,neutral,0,1.117,32,7557,0,
s25212,XPLUSDT,1786707900000,train,1,2.35,0.459,3.15,2.38,2.05,2.43,1.24,1.02,0.77,0.71,1,-0.08,neutral,neutral,0,0.832,32,7558,1,
s25213,INJUSDT,1786709700000,train,-1,-2.53,0.663,3.18,3.14,1.45,-2.71,1.5,1.2,0.92,0.75,1,0.18,neutral,bajista,0,0.746,32,7560,3,
s25214,ENAUSDT,1786710600000,train,-1,-2.04,0.481,2.39,2.09,0.71,-1.93,0.77,1.04,0.71,0.75,0,-0.11,neutral,neutral,0,-0.126,32,7561,1,
s25215,INJUSDT,1786710600000,train,-1,-2.7,0.718,3.28,2.98,1.48,-2.59,1.35,1.2,0.92,0.75,1,-0.11,neutral,bajista,0,0.824,32,7561,4,
s25216,0GUSDT,1786711500000,train,-1,-2.42,0.709,2.99,2.48,0.59,-2.1,0.59,0.71,0.68,0.66,1,-0.32,neutral,neutral,0,-0.769,32,7562,0,
s25217,INJUSDT,1786711500000,train,-1,-2.55,0.689,3.27,2.93,1.6,-2.23,1.2,1.2,0.92,0.75,1,-0.32,neutral,neutral,0,1.016,32,7562,0,
s25218,LDOUSDT,1786711500000,testB,-1,-2.81,0.521,4.01,3.71,3.68,-2.49,2.21,1.77,1.34,0.96,1,-0.32,neutral,bajista,0,0.092,32,7561,2,
s25219,ENAUSDT,1786712400000,train,-1,-2.07,0.493,2.41,2.15,0.57,-1.77,0.75,1.08,0.73,0.74,0,-0.3,neutral,neutral,0,-0.122,32,7563,1,
s25220,INJUSDT,1786712400000,train,-1,-2.41,0.63,3.22,2.54,1.12,-2.11,0.81,1.1,0.92,0.73,1,-0.3,neutral,neutral,1,2.0,8,7563,0,
s25221,LDOUSDT,1786712400000,testB,-1,-2.76,0.516,4.61,4.1,3.3,-2.45,2.32,1.94,1.34,0.95,1,-0.3,neutral,bajista,0,-0.208,32,7562,3,
s25222,0GUSDT,1786713300000,train,-1,-2.06,0.623,2.3,2.04,0.65,-2.04,0.76,0.63,0.67,0.66,0,-0.02,neutral,neutral,0,-1.0,25,7564,1,
s25223,LDOUSDT,1786713300000,testB,-1,-2.53,0.494,4.61,4.17,2.44,-2.51,2.23,1.94,1.34,0.95,1,-0.02,neutral,bajista,0,-0.328,32,7563,4,
s25224,WLDUSDT,1786714200000,train,1,2.66,0.509,3.15,3.12,1.63,2.74,1.82,0.9,0.85,1.03,0,-0.08,neutral,alcista,0,-0.187,32,7565,2,
s25225,LDOUSDT,1786714200000,testB,-1,-2.3,0.429,4.6,3.85,2.48,-2.22,1.78,1.94,1.34,0.95,1,-0.08,neutral,neutral,0,-0.15,32,7564,0,
s25226,SANDUSDT,1786714200000,testB,1,2.03,0.52,2.2,2.1,1.87,2.11,0.84,0.87,0.97,0.98,0,-0.08,neutral,neutral,1,2.0,11,7564,1,
s25227,WLDUSDT,1786715100000,train,1,2.06,0.394,3.3,2.83,2.2,2.25,1.4,0.9,0.85,1.03,0,-0.2,neutral,neutral,0,-0.299,32,7566,0,
s25228,LDOUSDT,1786715100000,testB,-1,-2.53,0.452,4.61,4.17,0.8,-2.33,1.83,1.94,1.34,0.95,1,-0.2,neutral,neutral,0,-0.23,32,7565,1,
s25229,SANDUSDT,1786715100000,testB,1,2.11,0.544,2.4,2.12,2.07,2.31,0.78,0.87,0.97,0.98,0,-0.2,neutral,alcista,1,2.0,10,7565,2,
s25230,AXSUSDT,1786715100000,testB,1,2.11,0.415,2.57,2.17,3.95,2.31,1.11,0.88,0.59,0.51,1,-0.2,neutral,alcista,1,2.0,11,7565,3,
s25231,ENAUSDT,1786716000000,train,-1,-2.04,0.542,2.27,2.19,0.47,-1.64,0.86,1.2,0.78,0.75,1,-0.4,neutral,bajista,0,-0.203,32,7567,2,
s25232,LDOUSDT,1786716000000,testB,-1,-3.16,0.531,4.91,4.71,0.4,-2.76,2.08,2.01,1.39,0.99,1,-0.4,neutral,bajista,0,-0.241,32,7566,2,
s25233,ENAUSDT,1786716900000,train,-1,-2.01,0.538,2.41,2.16,0.7,-1.68,0.99,1.2,0.78,0.75,1,-0.33,neutral,bajista,0,-0.229,32,7568,3,
s25234,LDOUSDT,1786716900000,testB,-1,-3.41,0.602,5.0,4.42,0.45,-3.08,1.65,2.01,1.39,0.99,1,-0.33,neutral,neutral,0,-0.171,32,7567,0,
s25235,AXSUSDT,1786716900000,testB,1,2.18,0.46,2.42,2.13,2.28,2.51,1.05,1.05,0.71,0.55,1,-0.33,neutral,neutral,1,2.0,9,7567,1,
s25236,LDOUSDT,1786717800000,testB,-1,-3.17,0.539,4.97,3.85,0.57,-2.97,1.0,2.01,1.39,0.99,1,-0.2,neutral,neutral,0,-0.115,32,7568,0,
s25237,INJUSDT,1786718700000,train,-1,-5.71,0.785,6.41,6.08,3.86,-5.38,4.09,1.83,1.31,0.91,1,-0.33,neutral,neutral,0,0.074,32,7570,1,
s25238,LDOUSDT,1786718700000,testB,-1,-3.69,0.622,4.99,4.17,0.54,-3.36,1.2,2.01,1.39,0.99,1,-0.33,neutral,neutral,0,-0.164,32,7569,1,
s25239,INJUSDT,1786719600000,train,-1,-6.12,0.795,7.05,6.59,5,-5.87,4.88,2.85,1.81,1.15,1,-0.24,neutral,bajista,0,-0.182,32,7571,2,
s25240,LDOUSDT,1786719600000,testB,-1,-3.69,0.622,4.89,4.21,0.49,-3.45,1.28,2.03,1.41,0.99,1,-0.24,neutral,bajista,0,-0.114,32,7570,2,
s25241,WLDUSDT,1786720500000,train,1,2.24,0.389,3.07,2.37,0.89,2.31,0.99,1.02,0.98,0.95,1,-0.06,neutral,neutral,0,-0.309,32,7572,1,
s25242,INJUSDT,1786720500000,train,-1,-4.92,0.648,6.81,5.79,5,-4.85,3.92,2.85,1.81,1.15,1,-0.06,neutral,neutral,0,-0.222,32,7572,0,
s25243,LDOUSDT,1786720500000,testB,-1,-3.3,0.526,4.5,3.44,0.38,-3.23,0.86,2.03,1.41,0.99,1,-0.06,neutral,neutral,0,-0.069,32,7571,0,
s25244,WLDUSDT,1786721400000,train,1,3.5,0.498,3.47,3.41,1.06,3.33,2.09,1.02,0.98,0.95,1,0.17,neutral,alcista,0,-0.407,32,7573,2,
s25245,INJUSDT,1786721400000,train,-1,-4.45,0.555,6.67,4.85,5,-4.62,2.85,2.85,1.81,1.15,1,0.17,neutral,neutral,0,-0.176,32,7573,0,
s25246,LDOUSDT,1786721400000,testB,-1,-2.75,0.48,4.51,3.55,0.29,-2.93,0.9,2.03,1.41,0.99,1,0.17,neutral,neutral,0,-0.298,32,7572,1,
s25247,XPLUSDT,1786722300000,train,1,2.55,0.542,3.76,3.5,2.42,2.36,2.13,1.52,1.07,0.8,1,0.19,neutral,alcista,0,-0.315,32,7574,6,
s25248,WLDUSDT,1786722300000,train,1,3.32,0.481,3.59,3.35,1.34,3.13,1.89,1.02,0.98,0.95,1,0.19,neutral,neutral,0,-0.362,32,7574,0,
s25249,INJUSDT,1786722300000,train,-1,-4.59,0.562,6.54,4.95,2.8,-4.78,2.67,2.85,1.81,1.15,1,0.19,neutral,neutral,0,-0.239,32,7574,1,
s25250,STXUSDT,1786722300000,testB,1,2.24,0.73,2.52,2.44,0.64,2.05,1.27,1.05,0.89,0.78,1,0.19,neutral,alcista,0,-0.333,32,7573,4,
s25251,LDOUSDT,1786722300000,testB,-1,-2.86,0.489,4.51,3.69,0.26,-3.04,0.92,2.03,1.41,0.99,1,0.19,neutral,bajista,0,-0.296,32,7573,2,
s25252,SANDUSDT,1786722300000,testB,1,2.27,0.603,2.45,2.3,1.38,2.08,1.43,1.05,1.04,0.95,1,0.19,neutral,alcista,0,0.451,32,7573,4,
s25253,XPLUSDT,1786723200000,train,1,2.83,0.635,3.77,3.26,2.13,2.49,1.67,1.85,1.32,0.89,1,0.34,neutral,neutral,0,-0.096,32,7575,0,
s25254,WLDUSDT,1786723200000,train,1,2.96,0.407,3.63,2.96,1.37,2.62,1.37,1.03,0.98,0.87,1,0.34,neutral,neutral,0,-0.137,32,7575,0,
s25255,INJUSDT,1786723200000,train,-1,-3.89,0.45,6.36,4.17,1.67,-4.23,1.78,3.27,2.0,1.21,1,0.34,neutral,neutral,0,-0.203,32,7575,0,
s25256,STXUSDT,1786723200000,testB,1,2.91,0.778,2.91,2.91,0.93,2.57,1.74,1.12,0.97,0.74,1,0.34,neutral,alcista,0,-0.389,32,7574,5,
s25257,LDOUSDT,1786723200000,testB,-1,-2.6,0.464,4.03,3.21,0.3,-2.94,0.83,1.98,1.41,0.99,1,0.34,neutral,neutral,0,-0.319,32,7574,0,
s25258,SANDUSDT,1786723200000,testB,1,4.56,0.753,4.58,4.56,3.19,4.22,3.41,3.22,2.08,1.38,1,0.34,neutral,alcista,0,-0.243,32,7574,5,
s25259,MANAUSDT,1786723200000,testB,1,2.19,0.548,2.68,2.67,2.26,1.84,2.01,2.26,1.61,1.32,1,0.34,neutral,alcista,0,0.174,32,7574,4,
s25260,AXSUSDT,1786723200000,testB,1,2.98,0.47,3.09,3.0,0.85,2.63,1.75,2.94,1.51,0.87,1,0.34,neutral,alcista,0,0.577,32,7574,2,
s25261,STXUSDT,1786724100000,testB,1,2.82,0.739,2.99,2.83,1.23,2.47,1.53,1.12,0.97,0.74,1,0.36,neutral,neutral,0,-0.429,32,7575,0,
s25262,LDOUSDT,1786724100000,testB,-1,-2.6,0.464,3.76,2.9,0.34,-2.95,0.63,1.98,1.41,0.99,1,0.36,neutral,neutral,0,-0.4,32,7575,0,
s25263,SANDUSDT,1786724100000,testB,1,4.68,0.758,5.7,4.84,5,4.32,3.38,3.22,2.08,1.38,1,0.36,neutral,alcista,0,-0.421,32,7575,6,
s25264,MANAUSDT,1786724100000,testB,1,2.99,0.624,4.07,3.52,5,2.63,2.63,2.26,1.61,1.32,1,0.36,neutral,alcista,0,-0.279,32,7575,5,
s25265,AXSUSDT,1786724100000,testB,1,5.55,0.623,5.83,5.46,2.91,5.19,3.97,2.94,1.51,0.87,1,0.36,neutral,alcista,0,-0.346,32,7575,3,
s25266,XPLUSDT,1786725000000,train,1,2.1,0.416,3.8,2.46,2.46,1.39,0.67,1.85,1.32,0.89,1,0.71,neutral,neutral,0,0.25,32,7577,1,
s25267,STXUSDT,1786725000000,testB,1,2.74,0.702,2.99,2.75,1.18,2.03,1.33,1.12,0.97,0.74,1,0.71,neutral,neutral,0,-0.412,32,7576,0,
s25268,GRTUSDT,1786725000000,testB,1,2.25,0.577,3.01,2.71,2.12,1.54,1.57,0.84,0.92,0.81,0,0.71,neutral,alcista,0,-0.297,32,7576,6,
s25269,LDOUSDT,1786725000000,testB,-1,-2.17,0.38,3.34,2.21,0.32,-2.87,0.32,1.98,1.41,0.99,1,0.71,neutral,neutral,0,-0.292,32,7576,0,
s25270,SANDUSDT,1786725000000,testB,1,5.52,0.849,6.3,5.35,5,4.81,3.53,3.22,2.08,1.38,1,0.71,neutral,alcista,0,-0.502,32,7576,7,
s25271,MANAUSDT,1786725000000,testB,1,3.59,0.739,4.24,3.81,5,2.88,2.64,2.26,1.61,1.32,1,0.71,neutral,alcista,0,-0.141,32,7576,6,
s25272,AXSUSDT,1786725000000,testB,1,5.08,0.574,6.04,4.9,4.17,4.37,3.36,2.94,1.51,0.87,1,0.71,neutral,neutral,0,-0.377,32,7576,0,
s25273,XPLUSDT,1786725900000,train,1,2.28,0.437,3.78,2.81,2.24,1.64,0.99,1.85,1.32,0.89,1,0.64,neutral,alcista,0,0.13,32,7578,2,
s25274,STXUSDT,1786725900000,testB,1,2.24,0.551,2.92,2.35,1.19,1.6,0.91,1.12,0.97,0.74,1,0.64,neutral,neutral,0,-0.379,32,7577,0,
s25275,SANDUSDT,1786725900000,testB,1,4.8,0.776,5.9,4.75,5,4.16,2.98,3.22,2.08,1.38,1,0.64,neutral,neutral,0,-0.5,32,7577,0,
s25276,MANAUSDT,1786725900000,testB,1,3.33,0.652,4.26,3.5,5,2.7,2.07,2.26,1.61,1.32,1,0.64,neutral,neutral,0,-0.096,32,7577,0,
s25277,AXSUSDT,1786725900000,testB,1,3.24,0.375,5.98,4.03,5,2.6,2.34,2.94,1.51,0.87,1,0.64,neutral,neutral,0,-0.186,32,7577,0,
s25278,XPLUSDT,1786726800000,train,1,2.15,0.401,3.79,2.59,1.62,1.36,0.68,1.65,1.33,0.9,1,0.79,neutral,neutral,0,0.172,32,7579,0,
s25279,SANDUSDT,1786726800000,testB,1,3.69,0.537,5.95,3.93,5,2.9,1.87,4.08,2.52,1.58,1,0.79,neutral,neutral,0,-0.528,32,7578,0,
s25280,MANAUSDT,1786726800000,testB,1,2.68,0.479,4.28,2.97,5,1.89,1.35,2.57,1.77,1.35,1,0.79,neutral,neutral,0,-0.036,32,7578,0,
s25281,AXSUSDT,1786726800000,testB,1,3.43,0.403,6.0,3.7,5,2.63,1.79,3.33,1.68,0.95,1,0.79,neutral,neutral,0,-0.278,32,7578,0,
s25282,XPLUSDT,1786727700000,train,1,2.37,0.45,3.79,2.64,0.78,1.7,0.69,1.65,1.33,0.9,1,0.67,neutral,neutral,0,0.223,32,7580,1,
s25283,SANDUSDT,1786727700000,testB,1,3.85,0.573,5.88,3.83,3.08,3.18,1.7,4.08,2.52,1.58,1,0.67,neutral,neutral,0,-0.581,32,7579,0,
s25284,MANAUSDT,1786727700000,testB,1,2.71,0.487,4.28,2.95,1.44,2.05,1.24,2.57,1.77,1.35,1,0.67,neutral,neutral,0,-0.031,32,7579,0,
s25285,AXSUSDT,1786727700000,testB,1,3.21,0.389,5.98,4.03,2.53,2.55,1.89,3.33,1.68,0.95,1,0.67,neutral,neutral,0,-0.368,32,7579,1,
s25286,XPLUSDT,1786728600000,train,1,2.17,0.43,3.26,2.3,0.6,1.55,0.77,1.65,1.33,0.9,1,0.62,neutral,alcista,0,0.165,32,7581,2,
s25287,JUPUSDT,1786728600000,train,1,2.11,0.636,2.66,2.48,1.38,1.49,1.18,1.02,1.09,0.81,0,0.62,neutral,alcista,0,-0.048,32,7581,3,
s25288,MANAUSDT,1786728600000,testB,1,2.08,0.359,4.3,2.55,0.92,1.45,0.75,2.57,1.77,1.35,1,0.62,neutral,neutral,0,0.067,32,7580,0,
s25289,JUPUSDT,1786729500000,train,1,2.35,0.661,2.89,2.71,1.77,1.8,1.28,1.02,1.09,0.81,0,0.56,neutral,alcista,0,-0.196,32,7582,4,
s25290,MANAUSDT,1786729500000,testB,1,2.23,0.376,4.29,2.73,0.7,1.68,0.84,2.57,1.77,1.35,1,0.56,neutral,neutral,0,-0.182,32,7581,1,
s25291,JUPUSDT,1786730400000,train,1,2.36,0.661,3.01,2.54,1.29,1.73,1.02,1.13,1.03,0.85,1,0.63,neutral,neutral,0,-0.093,32,7583,0,
s25292,MANAUSDT,1786730400000,testB,1,2.15,0.358,4.3,2.61,0.71,1.53,0.65,2.83,1.85,1.41,1,0.63,neutral,neutral,0,-0.054,32,7582,0,
s25293,JUPUSDT,1786731300000,train,1,2.6,0.683,2.65,2.59,1.51,2.03,1.26,1.13,1.03,0.85,1,0.57,neutral,neutral,0,-0.205,32,7584,1,
s25294,0GUSDT,1786732200000,train,1,2.05,0.571,2.39,2.2,1.11,1.69,0.74,0.49,0.6,0.57,0,0.36,neutral,alcista,0,0.886,32,7585,3,
s25295,PENDLEUSDT,1786734000000,train,-1,-2.01,0.384,3.65,3.15,1.25,-2.25,1.25,2.08,1.53,1.06,1,0.24,neutral,bajista,0,-0.225,32,7587,3,
s25296,STBLUSDT,1786734900000,train,1,2.79,0.552,3.57,2.89,1.0,2.67,1.2,1.41,1.04,0.92,1,0.12,neutral,neutral,0,-0.265,32,7588,1,
s25297,PENDLEUSDT,1786734900000,train,-1,-2.47,0.505,3.66,3.22,1.4,-2.59,1.25,2.08,1.53,1.06,1,0.12,neutral,bajista,0,-0.211,32,7588,4,
s25298,STBLUSDT,1786735800000,train,1,2.49,0.463,3.54,2.47,1.13,2.52,0.76,1.41,1.04,0.92,1,-0.03,neutral,neutral,0,-0.121,32,7589,0,
s25299,PENDLEUSDT,1786735800000,train,-1,-3.11,0.686,3.52,3.26,1.52,-3.09,1.26,2.08,1.53,1.06,1,-0.03,neutral,bajista,0,-0.242,32,7589,5,
s25300,PENDLEUSDT,1786736700000,train,-1,-2.05,0.446,3.47,2.65,1.4,-2.02,0.66,2.08,1.53,1.06,1,-0.03,neutral,neutral,0,-0.119,32,7590,0,
s25301,PENDLEUSDT,1786737600000,train,-1,-2.21,0.464,3.48,2.93,0.62,-2.1,0.9,1.91,1.52,1.05,1,-0.11,neutral,neutral,0,-0.211,32,7591,1,
s25302,STXUSDT,1786737600000,testB,-1,-2.02,0.862,2.22,2.14,0.64,-1.91,0.65,0.74,0.94,0.73,0,-0.11,neutral,neutral,0,-0.423,32,7590,1,
s25303,SANDUSDT,1786737600000,testB,-1,-2.78,0.447,5.6,4.71,0.39,-2.68,0.45,4.46,2.66,1.75,1,-0.11,neutral,neutral,0,-0.113,32,7590,0,
s25304,PENDLEUSDT,1786738500000,train,-1,-2.45,0.545,3.48,2.87,0.51,-2.19,0.82,1.91,1.52,1.05,1,-0.27,neutral,neutral,0,-0.315,32,7592,0,
s25305,SANDUSDT,1786738500000,testB,-1,-2.7,0.43,5.58,4.32,0.4,-2.43,0.13,4.46,2.66,1.75,1,-0.27,neutral,neutral,0,-0.058,32,7591,0,
s25306,MANAUSDT,1786738500000,testB,-1,-2.12,0.611,3.03,2.92,0.2,-1.85,0.37,2.77,1.85,1.4,1,-0.27,neutral,neutral,0,-0.559,32,7591,0,
s25307,AXSUSDT,1786738500000,testB,-1,-2.2,0.38,4.19,3.21,0.26,-1.93,-0.28,3.15,1.89,1.08,1,-0.27,neutral,neutral,0,0.025,32,7591,0,
s25308,PENDLEUSDT,1786739400000,train,-1,-2.48,0.547,3.01,2.6,0.34,-2.02,0.85,1.91,1.52,1.05,1,-0.46,neutral,neutral,0,-0.402,32,7593,1,
s25309,SANDUSDT,1786739400000,testB,-1,-3.15,0.544,4.79,3.46,0.57,-2.7,0.11,4.46,2.66,1.75,1,-0.46,neutral,neutral,0,-0.08,32,7592,0,
s25310,MANAUSDT,1786739400000,testB,-1,-2.37,0.742,2.6,2.42,0.38,-1.92,0.34,2.77,1.85,1.4,1,-0.46,neutral,neutral,0,-0.662,32,7592,0,
s25311,AXSUSDT,1786739400000,testB,-1,-2.11,0.371,3.37,2.5,0.26,-1.66,-0.12,3.15,1.89,1.08,1,-0.46,neutral,neutral,0,0.05,32,7592,1,
s25312,PENDLEUSDT,1786740300000,train,-1,-2.33,0.531,2.78,2.44,0.27,-1.97,0.82,1.91,1.52,1.05,1,-0.36,neutral,bajista,0,-0.41,32,7594,2,
s25313,SANDUSDT,1786740300000,testB,-1,-3.16,0.544,4.63,3.49,0.78,-2.8,0.6,4.46,2.66,1.75,1,-0.36,neutral,neutral,0,-0.072,32,7593,1,
s25314,SANDUSDT,1786741200000,testB,-1,-2.15,0.416,3.79,2.47,0.38,-1.72,0.42,4.35,2.7,1.75,1,-0.43,neutral,neutral,0,-0.214,32,7594,0,
s25315,SANDUSDT,1786742100000,testB,-1,-2.08,0.4,3.56,2.19,0.42,-1.6,0.41,4.35,2.7,1.75,1,-0.48,neutral,neutral,0,-0.149,32,7595,0,
s25316,0GUSDT,1786743900000,train,1,2.02,0.552,2.23,1.92,0.72,2.17,0.86,0.38,0.49,0.57,0,-0.14,neutral,neutral,0,-0.645,32,7598,0,
s25317,ARBUSDT,1786743900000,train,-1,-2.08,0.629,2.42,2.12,4.34,-1.93,1.13,0.67,0.68,0.73,0,-0.14,neutral,bajista,0,-1.0,18,7598,8,
s25318,ARBUSDT,1786745700000,train,-1,-2.46,0.662,2.92,2.6,2.26,-2.13,1.66,0.74,0.73,0.75,0,-0.33,neutral,neutral,0,-1.0,13,7600,1,
s25319,INJUSDT,1786745700000,train,-1,-2.86,0.525,3.47,3.21,0.48,-2.53,1.07,1.33,2.34,1.46,0,-0.33,neutral,neutral,0,0.193,32,7600,0,
s25320,XPLUSDT,1786746600000,train,-1,-2.02,0.564,2.79,2.58,1.35,-1.89,1.15,0.74,1.29,0.94,0,-0.13,neutral,bajista,0,-1.0,7,7601,3,
s25321,INJUSDT,1786746600000,train,-1,-2.27,0.467,2.66,2.42,0.44,-2.14,1.03,1.33,2.34,1.46,0,-0.13,neutral,neutral,0,0.294,32,7601,1,
s25322,0GUSDT,1786747500000,train,1,2.2,0.522,2.58,2.4,1.25,2.27,1.24,0.37,0.48,0.56,0,-0.07,neutral,alcista,0,-0.846,32,7602,3,
s25323,0GUSDT,1786748400000,train,1,2.2,0.522,2.34,2.21,1.4,2.08,1.13,0.37,0.42,0.56,0,0.12,neutral,alcista,0,-1.0,27,7603,4,
s25324,SANDUSDT,1786751100000,testB,1,2.14,0.483,2.17,2.12,1.13,2.02,1.11,1.35,2.76,1.79,0,0.13,neutral,alcista,0,-0.753,32,7605,2,
s25325,TIAUSDT,1786752000000,train,1,2.05,0.585,3.21,2.49,2.28,1.97,1.51,0.75,0.74,0.76,0,0.08,neutral,alcista,0,-0.182,32,7607,7,
s25326,0GUSDT,1786752900000,train,1,2.62,0.447,2.92,2.74,3.68,2.51,1.8,0.5,0.49,0.59,0,0.11,neutral,neutral,0,-1.0,20,7608,1,
s25327,PUMPUSDT,1786755600000,train,-1,-2.28,0.359,3.49,3.17,1.26,-2.46,1.36,0.56,0.85,1.0,0,0.18,neutral,bajista,0,0.057,32,7611,2,
s25328,ARUSDT,1786755600000,testB,1,2.21,0.76,2.39,2.39,2.88,2.03,1.42,0.64,0.68,0.81,0,0.18,neutral,alcista,0,-0.19,32,7610,3,
s25329,XPLUSDT,1786758300000,train,1,2.02,0.548,2.9,2.84,0.74,1.84,1.06,0.86,1.16,1.0,0,0.18,neutral,neutral,0,0.333,32,7614,1,
s25330,PUMPUSDT,1786759200000,train,-1,-2.1,0.405,3.48,2.76,0.53,-2.46,0.78,0.58,0.74,0.96,0,0.36,neutral,neutral,0,0.273,32,7615,1,
s25331,ARBUSDT,1786760100000,train,1,3.13,0.717,3.14,3.11,0.6,2.68,1.13,1.05,0.77,0.79,0,0.44,neutral,alcista,0,-0.35,32,7616,2,
s25332,OPUSDT,1786760100000,train,1,2.47,0.778,2.76,2.53,2.59,2.03,0.88,0.93,0.78,0.87,0,0.44,neutral,neutral,0,-0.364,32,7616,0,
s25333,TIAUSDT,1786760100000,train,1,2.39,0.655,3.2,2.56,1.29,1.94,0.84,0.75,0.76,0.75,0,0.44,neutral,alcista,0,-0.076,32,7616,2,
s25334,ONDOUSDT,1786760100000,train,1,2.27,0.624,2.37,2.22,0.55,1.82,0.84,0.72,0.78,0.81,0,0.44,neutral,alcista,0,-0.397,32,7615,3,
s25335,XPLUSDT,1786761000000,train,1,2.3,0.616,2.76,2.25,0.84,1.94,0.51,1.19,1.3,1.08,0,0.37,neutral,neutral,0,0.676,32,7617,1,
s25336,PUMPUSDT,1786761000000,train,-1,-2.83,0.609,3.63,3.13,0.58,-3.2,1.04,0.58,0.74,0.96,0,0.37,neutral,bajista,0,0.161,32,7617,3,
s25337,ARBUSDT,1786761000000,train,1,2.51,0.672,2.87,2.63,0.8,2.14,1.07,1.05,0.77,0.79,0,0.37,neutral,alcista,0,-0.404,32,7617,3,
s25338,OPUSDT,1786761000000,train,1,2.23,0.76,2.76,2.41,0.75,1.87,0.81,0.93,0.78,0.87,0,0.37,neutral,neutral,0,-0.476,32,7617,0,
s25339,TIAUSDT,1786761000000,train,1,2.28,0.645,2.85,2.23,1.15,1.92,0.78,0.75,0.76,0.75,0,0.37,neutral,alcista,0,-0.246,32,7617,3,
s25340,ONDOUSDT,1786761000000,train,1,2.01,0.596,2.15,2.09,0.61,1.64,0.9,0.72,0.78,0.81,0,0.37,neutral,alcista,0,-0.507,32,7616,4,
s25341,XPLUSDT,1786761900000,train,1,2.59,0.644,3.16,2.51,2.98,2.18,0.92,1.19,1.3,1.08,0,0.41,neutral,alcista,0,0.263,32,7618,2,
s25342,PUMPUSDT,1786761900000,train,-1,-2.91,0.615,3.86,3.39,0.74,-3.32,1.25,0.58,0.74,0.96,0,0.41,neutral,bajista,0,-0.106,32,7618,4,
s25343,ARBUSDT,1786761900000,train,1,2.56,0.691,2.74,2.51,1.0,2.15,0.96,1.05,0.77,0.79,0,0.41,neutral,neutral,0,-0.418,32,7618,0,
s25344,OPUSDT,1786761900000,train,1,2.23,0.76,2.64,2.3,0.87,1.82,0.76,0.93,0.78,0.87,0,0.41,neutral,neutral,0,-0.45,32,7618,0,
s25345,TIAUSDT,1786761900000,train,1,2.54,0.67,2.67,2.48,1.29,2.14,1.1,0.75,0.76,0.75,0,0.41,neutral,alcista,0,-0.429,32,7618,4,
s25346,ONDOUSDT,1786761900000,train,1,2.23,0.667,2.21,2.18,0.71,1.82,0.87,0.72,0.78,0.81,0,0.41,neutral,alcista,0,-0.514,32,7617,5,
s25347,ARUSDT,1786761900000,testB,1,2.03,0.574,2.21,2.04,1.22,1.62,0.83,0.72,0.7,0.81,0,0.41,neutral,neutral,0,0.556,32,7617,1,
s25348,XPLUSDT,1786762800000,train,1,2.47,0.634,2.88,2.5,3.22,2.11,1.12,1.25,1.19,1.11,1,0.37,neutral,alcista,0,0.124,32,7619,3,
s25349,PUMPUSDT,1786762800000,train,-1,-2.57,0.584,3.18,2.89,0.72,-2.94,1.25,0.71,0.69,0.98,0,0.37,neutral,bajista,0,0.187,32,7619,5,
s25350,ARBUSDT,1786762800000,train,1,2.45,0.682,2.74,2.45,1.12,2.08,1.02,0.86,0.74,0.78,0,0.37,neutral,neutral,0,-0.582,32,7619,1,
s25351,TIAUSDT,1786762800000,train,1,2.5,0.667,3.18,2.6,1.44,2.13,1.35,0.89,0.75,0.77,0,0.37,neutral,alcista,0,-0.617,32,7619,5,
s25352,ONDOUSDT,1786762800000,train,1,2.22,0.667,2.39,2.39,0.72,1.86,1.08,0.7,0.7,0.8,0,0.37,neutral,alcista,0,-0.633,32,7618,6,
s25353,XPLUSDT,1786763700000,train,1,2.02,0.519,2.78,2.15,3.51,1.79,0.85,1.25,1.19,1.11,1,0.23,neutral,neutral,0,0.12,32,7620,0,
s25354,PUMPUSDT,1786763700000,train,-1,-2.36,0.563,3.18,2.89,0.8,-2.59,1.22,0.71,0.69,0.98,0,0.23,neutral,neutral,0,0.125,32,7620,0,
s25355,TIAUSDT,1786763700000,train,1,2.17,0.6,2.83,2.15,1.38,1.94,1.11,0.89,0.75,0.77,0,0.23,neutral,neutral,0,-0.776,32,7620,0,
s25356,PUMPUSDT,1786764600000,train,-1,-3.91,0.745,4.51,4.29,1.54,-4.01,2.28,0.71,0.69,0.98,0,0.1,neutral,neutral,0,-0.239,32,7621,1,
s25357,PUMPUSDT,1786765500000,train,-1,-3.59,0.654,5.11,3.98,3.1,-3.62,1.74,0.71,0.69,0.98,0,0.02,neutral,neutral,0,-0.147,32,7622,0,
s25358,PUMPUSDT,1786766400000,train,-1,-2.65,0.472,4.76,3.09,3.52,-2.79,1.06,0.74,0.69,0.96,0,0.14,neutral,neutral,0,-0.047,32,7623,0,
s25359,0GUSDT,1786767300000,train,-1,-2.19,0.383,2.73,2.24,0.53,-2.37,0.59,0.59,0.48,0.54,0,0.18,neutral,neutral,0,-1.0,14,7624,0,
s25360,STBLUSDT,1786770900000,train,1,2.4,0.651,2.93,2.72,4.18,2.28,1.66,0.69,0.88,1.15,0,0.12,neutral,neutral,0,0.631,32,7628,1,
s25361,0GUSDT,1786770900000,train,-1,-2.38,0.494,2.94,2.88,0.64,-2.5,1.11,0.63,0.5,0.55,0,0.12,neutral,neutral,0,-1.0,10,7628,1,
s25362,STBLUSDT,1786771800000,train,1,2.74,0.727,3.17,2.92,4.16,2.67,1.74,0.69,0.88,1.15,0,0.07,neutral,alcista,0,0.657,32,7629,2,
s25363,0GUSDT,1786771800000,train,-1,-2.32,0.487,3.19,2.88,1.21,-2.39,0.96,0.63,0.5,0.55,0,0.07,neutral,bajista,0,-1.0,9,7629,2,
s25364,STBLUSDT,1786772700000,train,1,2.14,0.532,3.18,2.51,4.15,2.07,1.18,0.69,0.88,1.15,0,0.07,neutral,neutral,0,0.8,32,7630,0,
s25365,0GUSDT,1786772700000,train,-1,-2.51,0.506,3.32,3.01,1.77,-2.58,1.11,0.63,0.5,0.55,0,0.07,neutral,bajista,0,-1.0,8,7630,3,
s25366,STBLUSDT,1786773600000,train,1,2.31,0.587,3.18,2.55,2.14,2.35,1.08,0.73,0.86,1.05,0,-0.03,neutral,neutral,0,1.262,32,7631,1,
s25367,0GUSDT,1786773600000,train,-1,-2.14,0.432,2.69,2.19,1.8,-2.11,0.88,0.46,0.48,0.54,0,-0.03,neutral,neutral,0,-1.0,7,7631,0,
s25368,STBLUSDT,1786774500000,train,1,2.88,0.705,3.21,2.88,0.97,2.98,1.3,0.73,0.86,1.05,0,-0.1,neutral,alcista,0,0.87,32,7632,2,
s25369,STBLUSDT,1786775400000,train,1,2.62,0.642,3.22,2.76,0.71,2.69,1.04,0.73,0.86,1.05,0,-0.07,neutral,neutral,0,0.955,32,7633,0,
s25370,STBLUSDT,1786776300000,train,1,2.23,0.51,3.02,2.22,0.66,2.27,0.65,0.73,0.86,1.05,0,-0.04,neutral,neutral,1,2.0,12,7634,0,
s25371,STBLUSDT,1786777200000,train,1,3.21,0.6,3.16,3.16,0.74,3.26,1.49,0.84,0.82,0.93,0,-0.05,neutral,neutral,0,0.618,32,7635,1,
s25372,STBLUSDT,1786778100000,train,1,2.95,0.552,3.28,2.99,0.66,2.98,1.22,0.84,0.82,0.93,0,-0.02,neutral,neutral,0,0.75,32,7636,0,
s25373,PUMPUSDT,1786779000000,train,1,2.09,0.487,3.23,2.87,0.83,2.07,0.68,0.71,0.63,0.88,0,0.02,neutral,alcista,0,0.05,32,7637,2,
s25374,STBLUSDT,1786779000000,train,1,2.99,0.556,3.28,3.03,0.49,2.98,1.21,0.84,0.82,0.93,0,0.02,neutral,neutral,0,0.685,32,7637,1,
s25375,WLDUSDT,1786779000000,train,1,2.83,0.522,3.27,2.84,0.59,2.82,0.87,1.1,0.89,0.86,1,0.02,neutral,alcista,0,-0.111,32,7637,2,
s25376,LDOUSDT,1786779000000,testB,1,2.1,0.517,2.29,2.22,1.33,2.08,1.08,0.94,0.8,1.07,0,0.02,neutral,neutral,0,-0.239,32,7636,1,
s25377,STBLUSDT,1786779900000,train,1,3.72,0.608,3.96,3.55,0.91,3.69,1.74,0.84,0.82,0.93,0,0.03,neutral,alcista,0,0.337,32,7638,2,
s25378,0GUSDT,1786779900000,train,1,2.12,0.362,3.66,3.17,2.94,2.08,2.05,0.53,0.54,0.54,0,0.03,neutral,alcista,0,0.731,32,7638,2,
s25379,LDOUSDT,1786779900000,testB,1,2.43,0.554,2.74,2.58,1.39,2.4,1.31,0.94,0.8,1.07,0,0.03,neutral,alcista,0,-0.282,32,7637,2,
s25380,STBLUSDT,1786780800000,train,1,3.01,0.559,3.5,3.09,0.81,3.09,1.59,0.98,0.8,0.92,0,-0.07,neutral,alcista,0,0.187,32,7639,3,
s25381,0GUSDT,1786780800000,train,1,2.18,0.368,3.65,3.29,4.05,2.25,2.06,0.57,0.58,0.54,0,-0.07,neutral,alcista,0,0.537,32,7639,3,
s25382,LDOUSDT,1786780800000,testB,1,2.29,0.54,2.74,2.67,1.34,2.37,1.29,1.51,1.1,1.18,0,-0.07,neutral,alcista,0,-0.321,32,7638,3,
s25383,STBLUSDT,1786781700000,train,1,2.32,0.495,3.5,3.09,0.78,2.44,1.43,0.98,0.8,0.92,0,-0.12,neutral,alcista,0,0.373,32,7640,4,
s25384,0GUSDT,1786781700000,train,1,2.36,0.388,3.83,3.52,4.94,2.48,2.16,0.57,0.58,0.54,0,-0.12,neutral,alcista,0,0.414,32,7640,4,
s25385,LDOUSDT,1786781700000,testB,1,3.34,0.631,4.08,3.69,2.14,3.46,2.16,1.51,1.1,1.18,0,-0.12,neutral,alcista,0,-0.584,32,7639,4,
s25386,STBLUSDT,1786782600000,train,1,2.7,0.533,3.49,3.45,0.78,2.91,1.63,0.98,0.8,0.92,0,-0.21,neutral,alcista,0,-0.262,32,7641,5,
s25387,0GUSDT,1786782600000,train,1,2.24,0.36,3.83,3.4,3.27,2.45,1.83,0.57,0.58,0.54,0,-0.21,neutral,neutral,0,0.589,32,7641,0,
s25388,STBLUSDT,1786783500000,train,1,2.86,0.548,4.83,3.73,0.84,3.16,1.64,0.98,0.8,0.92,0,-0.29,neutral,alcista,0,-0.231,32,7642,6,
s25389,0GUSDT,1786783500000,train,1,3.12,0.49,3.93,3.87,1.13,3.41,2.09,0.57,0.58,0.54,0,-0.29,neutral,neutral,0,0.375,32,7642,1,
s25390,LDOUSDT,1786783500000,testB,1,2.44,0.396,4.23,2.45,3.11,2.73,0.66,1.51,1.1,1.18,0,-0.29,neutral,neutral,0,-0.203,32,7641,0,
s25391,STBLUSDT,1786784400000,train,1,3.5,0.634,4.08,3.42,0.85,3.81,1.8,1.2,0.81,0.97,0,-0.3,neutral,alcista,0,-0.619,32,7643,7,
s25392,0GUSDT,1786784400000,train,1,3.11,0.49,4.76,4.16,0.87,3.41,2.16,0.77,0.7,0.59,1,-0.3,neutral,alcista,0,0.072,32,7643,2,
s25393,STBLUSDT,1786785300000,train,1,2.84,0.586,3.7,3.25,1.51,3.06,1.89,1.2,0.81,0.97,0,-0.22,neutral,alcista,0,-0.525,32,7644,8,
s25394,0GUSDT,1786785300000,train,1,3.5,0.583,4.78,3.93,0.76,3.72,1.73,0.77,0.7,0.59,1,-0.22,neutral,neutral,0,-0.015,32,7644,0,
s25395,STBLUSDT,1786786200000,train,1,3.34,0.625,3.96,3.92,2.14,3.43,2.32,1.2,0.81,0.97,0,-0.09,neutral,alcista,0,-0.433,32,7645,8,
s25396,0GUSDT,1786786200000,train,1,5.01,0.678,5.61,5.25,1.49,5.1,2.88,0.77,0.7,0.59,1,-0.09,neutral,neutral,0,-0.239,32,7645,1,
s25397,STBLUSDT,1786787100000,train,1,3.52,0.677,4.86,3.68,2.07,3.61,1.9,1.2,0.81,0.97,0,-0.09,neutral,neutral,0,-0.451,32,7646,0,
s25398,0GUSDT,1786787100000,train,1,5.65,0.738,5.82,5.64,2.35,5.74,2.95,0.77,0.7,0.59,1,-0.09,neutral,alcista,0,-0.284,32,7646,2,
s25399,STBLUSDT,1786788000000,train,1,2.51,0.411,4.9,2.78,3.92,2.54,0.73,1.5,0.99,1.04,0,-0.03,neutral,neutral,0,-0.235,32,7647,0,
s25400,0GUSDT,1786788000000,train,1,4.76,0.585,6.16,5.02,2.59,4.79,2.14,0.94,0.77,0.62,1,-0.03,neutral,neutral,0,-0.202,32,7647,0,
s25401,0GUSDT,1786788900000,train,1,4.63,0.569,6.16,4.96,2.68,4.66,1.88,0.94,0.77,0.62,1,-0.03,neutral,neutral,0,-0.157,32,7648,0,
s25402,0GUSDT,1786789800000,train,1,5.27,0.646,6.14,5.25,1.8,5.33,2.0,0.94,0.77,0.62,1,-0.06,neutral,neutral,0,-0.25,32,7649,1,
s25403,0GUSDT,1786790700000,train,1,5.03,0.597,6.1,4.9,1.11,5.14,1.51,0.94,0.77,0.62,1,-0.11,neutral,neutral,0,-0.22,32,7650,0,
s25404,0GUSDT,1786791600000,train,1,4.7,0.573,6.04,4.79,0.76,4.87,1.3,1.02,0.83,0.62,1,-0.17,neutral,neutral,0,-0.3,32,7651,0,
s25405,ARUSDT,1786791600000,testB,1,2.06,0.581,2.46,2.41,5,2.23,1.54,1.56,1.21,0.93,1,-0.17,neutral,neutral,0,-0.023,32,7650,1,
s25406,0GUSDT,1786792500000,train,1,5.28,0.636,6.03,5.07,0.66,5.34,1.49,1.02,0.83,0.62,1,-0.06,neutral,neutral,0,-0.435,32,7652,1,
s25407,ARUSDT,1786792500000,testB,1,2.4,0.677,2.68,2.57,5,2.47,1.55,1.56,1.21,0.93,1,-0.06,neutral,alcista,0,-0.065,32,7651,2,
s25408,0GUSDT,1786793400000,train,1,3.41,0.478,4.61,3.29,0.78,3.45,1.03,1.02,0.83,0.62,1,-0.04,neutral,neutral,0,-0.364,32,7653,0,
s25409,ARUSDT,1786793400000,testB,1,2.87,0.758,3.06,2.9,1.35,2.91,1.67,1.56,1.21,0.93,1,-0.04,neutral,alcista,0,-0.212,32,7652,3,
s25410,0GUSDT,1786794300000,train,1,2.32,0.388,3.45,2.68,0.85,2.41,1.38,1.02,0.83,0.62,1,-0.09,neutral,neutral,0,-0.711,32,7654,1,
s25411,ARUSDT,1786794300000,testB,1,2.75,0.706,3.07,2.68,1.17,2.84,1.34,1.56,1.21,0.93,1,-0.09,neutral,neutral,0,-0.042,32,7653,0,
s25412,ARUSDT,1786795200000,testB,1,2.52,0.647,3.3,2.57,1.13,2.63,1.13,1.76,1.27,0.97,1,-0.11,neutral,neutral,0,-0.065,32,7654,0,
s25413,ARUSDT,1786796100000,testB,1,2.29,0.556,3.31,2.35,1.13,2.39,0.83,1.76,1.27,0.97,1,-0.1,neutral,neutral,0,-0.048,32,7655,0,
s25414,LDOUSDT,1786796100000,testB,-1,-2.32,0.689,3.07,2.87,0.66,-2.22,0.6,1.73,1.24,1.05,1,-0.1,neutral,neutral,0,0.047,32,7655,1,
s25415,ARUSDT,1786797000000,testB,1,2.8,0.605,3.06,2.73,0.8,2.9,1.33,1.76,1.27,0.97,1,-0.09,neutral,neutral,0,-0.204,32,7656,1,
s25416,ARUSDT,1786797900000,testB,1,3.03,0.624,3.06,2.94,0.64,2.84,1.39,1.76,1.27,0.97,1,0.19,neutral,alcista,0,-0.264,32,7657,2,
s25417,ARUSDT,1786798800000,testB,1,2.22,0.448,2.96,2.4,0.5,2.05,0.85,1.82,1.24,0.94,1,0.18,neutral,neutral,0,-0.116,32,7658,0,
s25418,ARUSDT,1786799700000,testB,1,2.17,0.432,2.96,2.35,0.34,2.08,0.7,1.82,1.24,0.94,1,0.09,neutral,neutral,0,0.024,32,7659,0,
s25419,ARUSDT,1786800600000,testB,1,2.63,0.511,2.95,2.62,0.36,2.61,0.89,1.82,1.24,0.94,1,0.01,neutral,neutral,0,-0.085,32,7660,1,
s25420,ARUSDT,1786801500000,testB,1,2.28,0.435,2.9,2.34,0.34,2.23,0.55,1.82,1.24,0.94,1,0.05,neutral,neutral,0,-0.071,32,7661,0,
s25421,ARUSDT,1786802400000,testB,1,2.34,0.441,2.73,2.34,0.28,2.3,0.65,1.86,1.21,0.93,1,0.04,neutral,neutral,0,-0.095,32,7662,1,
s25422,ARUSDT,1786803300000,testB,1,2.17,0.396,2.68,2.12,0.3,2.14,0.46,1.86,1.21,0.93,1,0.02,neutral,neutral,0,-0.105,32,7663,0,
s25423,PUMPUSDT,1786806000000,train,1,2.07,0.553,2.53,2.21,0.95,2.05,0.79,0.67,0.62,0.65,0,0.02,neutral,alcista,0,-1.0,30,7667,2,
s25424,PUMPUSDT,1786809600000,train,1,2.65,0.497,3.14,2.58,1.29,2.5,1.33,0.92,0.72,0.69,1,0.14,neutral,alcista,0,-1.0,22,7671,2,
s25425,WLDUSDT,1786810500000,train,1,2.05,0.398,2.41,2.35,1.01,1.85,1.14,0.82,0.92,0.77,0,0.2,neutral,alcista,0,-0.305,32,7672,2,
s25426,WLDUSDT,1786811400000,train,1,2.34,0.455,2.55,2.46,1.31,2.14,1.17,0.82,0.92,0.77,0,0.2,neutral,alcista,0,-0.279,32,7673,3,
s25427,WLDUSDT,1786814100000,train,1,2.43,0.469,3.34,2.74,3.43,2.38,1.23,1.17,0.98,0.87,1,0.05,neutral,alcista,0,-0.26,32,7676,2,
s25428,WLDUSDT,1786815000000,train,1,2.4,0.461,3.34,2.71,3.63,2.34,1.04,1.17,0.98,0.87,1,0.06,neutral,neutral,0,-0.074,32,7677,0,
s25429,0GUSDT,1786815900000,train,-1,-2.07,0.393,3.14,2.53,1.17,-2.09,0.84,0.81,0.92,0.71,0,0.02,neutral,neutral,0,0.738,32,7678,0,
s25430,FETUSDT,1786816800000,train,-1,-2.74,0.6,4.54,3.52,5,-2.82,2.42,2.1,1.39,0.99,1,0.08,neutral,bajista,0,0.733,32,7678,2,
s25431,WLDUSDT,1786817700000,train,1,2.23,0.404,3.35,2.38,1.43,2.21,0.55,1.17,0.94,0.9,1,0.02,neutral,neutral,0,0.398,32,7680,1,
s25432,FETUSDT,1786817700000,train,-1,-2.44,0.533,4.53,3.36,5,-2.46,2.06,2.1,1.39,0.99,1,0.02,neutral,neutral,0,0.698,32,7679,0,
s25433,WLDUSDT,1786818600000,train,1,2.37,0.42,3.05,2.46,0.81,2.36,0.8,1.17,0.94,0.9,1,0.01,neutral,alcista,0,0.116,32,7681,2,
s25434,FETUSDT,1786818600000,train,-1,-2.36,0.508,4.52,3.2,5,-2.37,1.71,2.1,1.39,0.99,1,0.01,neutral,neutral,0,0.829,32,7680,0,
s25435,FETUSDT,1786819500000,train,-1,-2.36,0.508,4.53,3.28,5,-2.39,1.59,2.1,1.39,0.99,1,0.02,neutral,neutral,0,0.857,32,7681,1,
s25436,0GUSDT,1786820400000,train,-1,-2.02,0.436,2.37,2.25,0.88,-2.09,0.98,0.58,0.88,0.71,0,0.07,neutral,neutral,0,0.622,32,7683,1,
s25437,FETUSDT,1786820400000,train,-1,-2.44,0.516,4.53,3.44,1.11,-2.51,1.56,2.23,1.45,1.0,1,0.07,neutral,bajista,0,0.682,32,7682,2,
s25438,0GUSDT,1786821300000,train,-1,-2.32,0.47,2.75,2.75,1.19,-2.36,1.31,0.58,0.88,0.71,0,0.04,neutral,bajista,0,0.244,32,7684,2,
s25439,FETUSDT,1786821300000,train,-1,-3.11,0.774,4.53,3.44,0.66,-3.15,1.43,2.23,1.45,1.0,1,0.04,neutral,bajista,0,0.682,32,7683,3,
s25440,FETUSDT,1786822200000,train,-1,-2.95,0.709,4.37,3.04,0.59,-2.95,1.07,2.23,1.45,1.0,1,-0.0,neutral,neutral,0,0.897,32,7684,0,
s25441,FETUSDT,1786823100000,train,-1,-2.51,0.623,4.13,2.65,0.52,-2.55,0.82,2.23,1.45,1.0,1,0.04,neutral,neutral,0,1.324,32,7685,0,
s25442,FETUSDT,1786824000000,train,-1,-2.51,0.623,3.98,2.81,0.35,-2.51,1.12,2.18,1.48,1.01,1,0.0,neutral,neutral,0,1.0,32,7686,1,
s25443,FETUSDT,1786824900000,train,-1,-2.52,0.623,3.99,2.89,0.32,-2.45,1.09,2.18,1.48,1.01,1,-0.07,neutral,bajista,0,0.973,32,7687,2,
s25444,FETUSDT,1786825800000,train,-1,-2.44,0.593,3.91,2.73,0.3,-2.43,0.88,2.18,1.48,1.01,1,-0.01,neutral,neutral,0,1.114,32,7688,0,
s25445,PUMPUSDT,1786826700000,train,-1,-2.12,0.411,2.57,2.31,0.64,-2.14,0.81,0.92,0.78,0.7,1,0.02,neutral,neutral,0,-0.094,32,7690,1,
s25446,FETUSDT,1786826700000,train,-1,-2.74,0.621,3.92,3.06,0.33,-2.76,1.03,2.18,1.48,1.01,1,0.02,neutral,neutral,0,0.897,32,7689,1,
s25447,PUMPUSDT,1786827600000,train,-1,-2.09,0.401,2.49,2.17,0.67,-2.1,0.62,0.87,0.76,0.69,1,0.01,neutral,neutral,0,-0.117,32,7691,0,
s25448,FETUSDT,1786827600000,train,-1,-2.82,0.649,3.92,3.06,0.3,-2.83,0.93,2.09,1.5,1.02,1,0.01,neutral,neutral,0,0.769,32,7690,0,
s25449,FETUSDT,1786828500000,train,-1,-2.44,0.593,3.52,2.58,0.27,-2.57,0.77,2.09,1.5,1.02,1,0.12,neutral,neutral,0,1.061,32,7691,0,
s25450,FETUSDT,1786829400000,train,-1,-2.29,0.536,3.44,2.35,0.23,-2.45,0.55,2.09,1.5,1.02,1,0.16,neutral,neutral,0,1.267,32,7692,0,
s25451,STBLUSDT,1786835700000,train,-1,-2.02,0.431,2.64,2.27,0.35,-2.04,0.8,0.91,1.11,1.04,0,0.02,neutral,neutral,0,-0.164,32,7700,0,
s25452,FETUSDT,1786841100000,train,-1,-2.59,0.623,4.26,3.62,5,-2.54,2.26,1.54,1.81,1.16,0,-0.04,neutral,bajista,0,-0.178,32,7705,5,
s25453,FETUSDT,1786842000000,train,-1,-2.74,0.636,4.27,3.79,4.56,-2.65,2.18,1.59,1.92,1.26,0,-0.09,neutral,bajista,0,-0.17,32,7706,6,
s25454,FETUSDT,1786842900000,train,-1,-2.11,0.429,4.24,3.04,3.78,-1.97,1.35,1.59,1.92,1.26,0,-0.15,neutral,neutral,0,0.105,32,7707,0,
s25455,FETUSDT,1786843800000,train,-1,-2.27,0.475,4.24,3.04,2.35,-2.11,1.18,1.59,1.92,1.26,0,-0.15,neutral,neutral,0,-0.026,32,7708,0,
s25456,FETUSDT,1786844700000,train,-1,-2.81,0.581,4.25,3.37,1.07,-2.69,1.35,1.59,1.92,1.26,0,-0.11,neutral,neutral,0,-0.071,32,7709,1,
s25457,FETUSDT,1786845600000,train,-1,-2.89,0.587,4.26,3.45,0.76,-2.69,1.31,1.61,1.9,1.3,0,-0.19,neutral,bajista,0,-0.07,32,7710,2,
s25458,FETUSDT,1786846500000,train,-1,-2.72,0.538,4.08,2.88,0.56,-2.67,0.85,1.61,1.9,1.3,0,-0.05,neutral,neutral,0,0.111,32,7711,0,
s25459,FETUSDT,1786847400000,train,-1,-2.88,0.552,4.09,3.04,0.51,-2.89,0.94,1.61,1.9,1.3,0,0.01,neutral,neutral,0,0.184,32,7712,1,
s25460,FETUSDT,1786848300000,train,-1,-2.73,0.538,3.69,2.89,0.46,-2.72,1.07,1.61,1.9,1.3,0,-0.01,neutral,bajista,0,0.056,32,7713,2,
s25461,FETUSDT,1786849200000,train,-1,-2.19,0.424,3.6,2.48,0.39,-2.17,0.71,1.65,1.87,1.29,0,-0.02,neutral,neutral,0,0.065,32,7714,0,
s25462,XPLUSDT,1786850100000,train,1,2.52,0.625,2.83,2.56,2.28,2.5,1.49,1.06,0.71,0.87,0,0.02,neutral,alcista,0,0.222,32,7716,5,
s25463,FETUSDT,1786850100000,train,-1,-2.04,0.406,3.6,2.48,0.35,-2.05,0.64,1.65,1.87,1.29,0,0.02,neutral,neutral,0,0.161,32,7715,0,
s25464,XPLUSDT,1786851000000,train,1,2.02,0.505,2.65,2.15,2.58,2.0,1.14,1.06,0.71,0.87,0,0.02,neutral,neutral,0,0.476,32,7717,0,
s25465,FETUSDT,1786851000000,train,-1,-2.27,0.446,3.53,2.57,0.35,-2.3,0.67,1.65,1.87,1.29,0,0.02,neutral,neutral,0,0.156,32,7716,1,
s25466,XPLUSDT,1786851900000,train,1,2.27,0.534,2.67,2.54,3.86,2.2,1.51,1.06,0.71,0.87,0,0.07,neutral,neutral,0,0.325,32,7718,1,
s25467,FETUSDT,1786851900000,train,-1,-2.82,0.5,3.31,2.99,0.42,-2.89,1.16,1.65,1.87,1.29,0,0.07,neutral,bajista,0,-0.081,32,7717,2,
s25468,XPLUSDT,1786852800000,train,1,2.73,0.593,3.01,2.76,3.62,2.64,1.74,1.22,0.78,0.89,0,0.09,neutral,alcista,0,0.0,32,7719,2,
s25469,0GUSDT,1786852800000,train,-1,-2.57,0.368,3.44,2.64,0.45,-2.67,0.29,0.73,0.58,0.75,0,0.09,neutral,neutral,0,0.512,32,7719,0,
s25470,XPLUSDT,1786853700000,train,1,2.13,0.463,3.01,2.47,2.86,2.0,1.26,1.22,0.78,0.89,0,0.13,neutral,neutral,0,0.438,32,7720,0,
s25471,XPLUSDT,1786854600000,train,1,2.63,0.58,3.01,2.66,2.42,2.55,1.3,1.22,0.78,0.89,0,0.08,neutral,neutral,0,-0.159,32,7721,1,
s25472,0GUSDT,1786854600000,train,-1,-2.18,0.383,2.97,2.66,0.67,-2.26,0.78,0.73,0.58,0.75,0,0.08,neutral,neutral,0,0.326,32,7721,0,
s25473,XPLUSDT,1786855500000,train,1,2.29,0.53,3.01,2.6,1.09,2.28,1.12,1.22,0.78,0.89,0,0.01,neutral,neutral,0,-0.03,32,7722,0,
s25474,0GUSDT,1786855500000,train,-1,-2.24,0.389,3.03,2.85,0.64,-2.25,1.07,0.73,0.58,0.75,0,0.01,neutral,neutral,0,0.174,32,7722,1,
s25475,XPLUSDT,1786856400000,train,1,2.04,0.455,3.02,2.4,0.77,1.97,0.79,1.18,0.83,0.89,0,0.07,neutral,neutral,0,0.038,32,7723,0,
s25476,0GUSDT,1786857300000,train,-1,-2.06,0.395,2.59,2.1,0.38,-2.08,0.51,0.64,0.55,0.74,0,0.02,neutral,neutral,0,0.441,32,7724,1,
s25477,PUMPUSDT,1786860000000,train,1,2.05,0.7,3.05,2.26,1.03,2.02,0.49,0.49,0.5,0.65,0,0.03,neutral,neutral,0,-1.0,24,7727,0,
s25478,INJUSDT,1786860900000,train,-1,-2.01,0.545,3.2,2.27,5,-1.94,1.67,0.88,0.68,0.84,0,-0.07,neutral,bajista,0,-0.194,32,7728,4,
s25479,SANDUSDT,1786863600000,testB,-1,-2.35,0.87,3.2,2.43,4.51,-2.25,1.03,0.99,0.73,0.62,1,-0.1,neutral,neutral,0,-0.537,32,7730,1,
s25480,ARUSDT,1786867200000,testB,1,2.0,0.474,2.89,2.51,3.54,2.11,1.7,2.15,1.31,1.3,1,-0.11,neutral,neutral,0,-0.457,32,7734,1,
s25481,STBLUSDT,1786868100000,train,1,2.47,0.513,4.69,3.35,2.31,2.59,1.18,1.06,0.73,1.07,0,-0.13,neutral,neutral,0,0.317,32,7736,0,
s25482,ARUSDT,1786868100000,testB,1,2.11,0.487,2.88,2.61,4.04,2.24,1.52,2.15,1.31,1.3,1,-0.13,neutral,alcista,0,-0.5,32,7735,2,
s25483,STBLUSDT,1786869000000,train,1,2.77,0.611,4.53,3.14,2.96,2.85,0.98,1.06,0.73,1.07,0,-0.08,neutral,neutral,0,1.364,32,7737,0,
s25484,STBLUSDT,1786869900000,train,1,2.85,0.642,4.53,3.14,0.91,2.88,0.9,1.06,0.73,1.07,0,-0.03,neutral,neutral,0,0.87,32,7738,1,
s25485,STBLUSDT,1786870800000,train,1,2.17,0.553,4.53,3.06,0.34,2.21,0.97,1.13,0.72,1.04,0,-0.04,neutral,neutral,0,1.08,32,7739,0,
s25486,STBLUSDT,1786871700000,train,1,2.34,0.609,4.53,3.1,0.22,2.34,0.96,1.13,0.72,1.04,0,0.0,neutral,neutral,0,1.487,32,7740,1,
s25487,STBLUSDT,1786872600000,train,1,2.51,0.667,4.53,3.14,0.17,2.61,0.91,1.13,0.72,1.04,0,-0.1,neutral,alcista,0,1.571,32,7741,2,
s25488,STBLUSDT,1786873500000,train,1,2.1,0.5,4.56,2.59,0.86,2.21,0.23,1.13,0.72,1.04,0,-0.11,neutral,neutral,1,2.0,27,7742,0,
s25489,AXSUSDT,1786873500000,testB,1,2.01,0.653,2.53,2.21,1.59,2.12,1.16,0.79,0.68,0.48,1,-0.11,neutral,alcista,0,-0.036,32,7741,4,
s25490,PUMPUSDT,1786881600000,train,-1,-2.55,0.542,3.58,2.77,3.95,-2.49,1.62,0.5,0.49,0.62,0,-0.06,neutral,neutral,0,-0.547,32,7751,1,
s25491,ARUSDT,1786881600000,testB,-1,-2.02,0.569,2.28,2.28,0.23,-1.95,0.48,1.81,1.42,1.03,1,-0.06,neutral,bajista,0,-0.0,32,7750,2,
s25492,ARUSDT,1786882500000,testB,-1,-2.07,0.594,2.33,2.22,0.28,-1.98,0.42,1.81,1.42,1.03,1,-0.08,neutral,neutral,0,0.025,32,7751,0,
s25493,LDOUSDT,1786887900000,testB,1,2.26,0.475,2.6,2.54,1.47,2.13,1.43,0.68,0.7,0.63,0,0.13,neutral,alcista,0,-0.597,32,7757,2,
s25494,STBLUSDT,1786888800000,train,1,3.94,0.556,5.71,4.99,0.76,3.82,1.47,1.42,1.25,1.12,1,0.12,neutral,alcista,0,0.848,32,7759,5,
s25495,LDOUSDT,1786888800000,testB,1,3.17,0.603,3.2,3.2,1.74,3.05,1.92,0.88,0.79,0.68,1,0.12,neutral,alcista,0,-0.602,32,7758,3,
s25496,STBLUSDT,1786889700000,train,1,4.69,0.727,5.72,4.84,0.73,4.58,1.18,1.42,1.25,1.12,1,0.1,neutral,neutral,0,1.198,32,7760,0,
s25497,LDOUSDT,1786889700000,testB,1,3.13,0.6,3.56,3.33,2.19,3.03,1.85,0.88,0.79,0.68,1,0.1,neutral,alcista,0,-0.706,32,7759,4,
s25498,STBLUSDT,1786890600000,train,1,4.08,0.681,5.12,4.16,0.16,3.93,1.07,1.42,1.25,1.12,1,0.15,neutral,neutral,0,1.269,32,7761,0,
s25499,LDOUSDT,1786890600000,testB,1,3.24,0.632,3.53,3.14,2.26,3.09,1.52,0.88,0.79,0.68,1,0.15,neutral,neutral,0,-0.698,32,7760,0,
s25500,STBLUSDT,1786891500000,train,1,2.68,0.52,3.93,2.69,0.38,2.52,0.85,1.42,1.25,1.12,1,0.16,neutral,neutral,1,2.0,15,7762,0,
s25501,TIAUSDT,1786891500000,train,1,2.06,0.585,2.19,2.12,1.3,1.91,1.09,0.66,0.59,0.63,0,0.16,neutral,alcista,0,-1.0,27,7762,6,
s25502,LDOUSDT,1786891500000,testB,1,3.17,0.627,3.47,3.07,1.8,3.01,1.4,0.88,0.79,0.68,1,0.16,neutral,neutral,0,-0.628,32,7761,0,
s25503,TIAUSDT,1786892400000,train,1,2.06,0.585,2.18,2.08,1.32,1.89,1.3,0.89,0.7,0.66,1,0.17,neutral,alcista,0,-1.0,26,7763,7,
s25504,LDOUSDT,1786892400000,testB,1,3.36,0.641,3.25,3.25,1.51,3.19,1.69,1.19,0.94,0.74,1,0.17,neutral,neutral,0,-0.75,32,7762,1,
s25505,LDOUSDT,1786893300000,testB,1,3.25,0.634,3.7,3.25,1.45,3.05,1.71,1.19,0.94,0.74,1,0.21,neutral,alcista,0,-1.0,27,7763,2,
s25506,LDOUSDT,1786894200000,testB,1,2.75,0.494,3.72,2.81,1.55,2.55,1.12,1.19,0.94,0.74,1,0.2,neutral,neutral,0,-1.0,26,7764,0,
s25507,WLDUSDT,1786895100000,train,1,2.61,0.368,5.02,4.63,2.95,2.39,2.83,1.15,0.89,1.0,0,0.21,neutral,alcista,0,-0.181,32,7766,4,
s25508,TIAUSDT,1786895100000,train,1,2.64,0.667,3.02,2.99,2.59,2.43,1.81,0.89,0.7,0.66,1,0.21,neutral,neutral,0,-1.0,21,7766,1,
s25509,ONDOUSDT,1786895100000,train,1,2.03,0.635,2.56,2.2,3.26,1.81,1.14,0.75,0.57,0.54,1,0.21,neutral,neutral,0,-0.301,32,7765,1,
s25510,LDOUSDT,1786895100000,testB,1,2.77,0.497,3.71,3.12,1.72,2.56,1.27,1.19,0.94,0.74,1,0.21,neutral,neutral,0,-1.0,25,7765,1,
s25511,WLDUSDT,1786896000000,train,1,3.81,0.584,5.29,4.9,3.72,3.51,2.77,1.66,1.16,1.09,1,0.3,neutral,alcista,0,-0.187,32,7767,5,
s25512,TIAUSDT,1786896000000,train,1,2.55,0.626,3.13,2.61,3.06,2.24,1.33,1.22,0.85,0.74,1,0.3,neutral,neutral,0,-1.0,20,7767,0,
s25513,LDOUSDT,1786896000000,testB,1,2.88,0.524,3.59,2.8,1.42,2.58,0.93,1.4,1.01,0.77,1,0.3,neutral,neutral,0,-1.0,24,7766,0,
s25514,WLDUSDT,1786896900000,train,1,4.87,0.643,6.96,6.02,5,4.39,3.58,1.66,1.16,1.09,1,0.48,neutral,alcista,0,-0.242,32,7768,6,
s25515,TIAUSDT,1786896900000,train,1,2.08,0.521,3.1,2.39,3.07,1.6,1.01,1.22,0.85,0.74,1,0.48,neutral,neutral,0,-1.0,19,7768,0,
s25516,PENDLEUSDT,1786896900000,train,1,2.53,0.835,3.14,2.72,5,2.05,1.94,0.98,0.67,0.53,1,0.48,neutral,alcista,0,-1.0,5,7768,8,
s25517,LDOUSDT,1786896900000,testB,1,2.13,0.451,2.86,2.28,1.05,1.64,1.01,1.4,1.01,0.77,1,0.48,neutral,neutral,0,-1.0,19,7767,1,
s25518,STBLUSDT,1786897800000,train,1,3.07,0.5,4.27,3.33,5,2.59,2.64,2.18,1.76,1.29,1,0.47,neutral,alcista,0,0.506,32,7769,2,
s25519,WLDUSDT,1786897800000,train,1,6.58,0.89,6.75,6.42,3.38,6.11,3.79,1.66,1.16,1.09,1,0.47,neutral,alcista,0,-0.157,32,7769,7,
s25520,TIAUSDT,1786897800000,train,1,2.01,0.496,3.11,2.23,3.06,1.54,0.79,1.22,0.85,0.74,1,0.47,neutral,neutral,0,-1.0,18,7769,0,
s25521,PENDLEUSDT,1786897800000,train,1,2.34,0.725,3.07,2.35,4.0,1.86,1.5,0.98,0.67,0.53,1,0.47,neutral,neutral,0,-1.0,4,7769,0,
s25522,LDOUSDT,1786897800000,testB,1,2.23,0.462,2.86,2.4,1.01,1.75,1.0,1.4,1.01,0.77,1,0.47,neutral,alcista,0,-1.0,18,7768,2,
s25523,WLDUSDT,1786898700000,train,1,7.51,0.908,7.18,7.15,2.67,7.12,4.33,1.66,1.16,1.09,1,0.39,neutral,alcista,0,-0.337,32,7770,8,
s25524,TIAUSDT,1786898700000,train,1,2.14,0.512,3.1,2.49,2.44,1.75,0.97,1.22,0.85,0.74,1,0.39,neutral,neutral,0,-1.0,17,7770,1,
s25525,PENDLEUSDT,1786898700000,train,1,2.51,0.739,3.07,2.56,4.27,2.12,1.57,0.98,0.67,0.53,1,0.39,neutral,neutral,0,-1.0,3,7770,1,
s25526,LDOUSDT,1786898700000,testB,1,2.35,0.477,3.2,2.81,0.99,1.96,1.32,1.4,1.01,0.77,1,0.39,neutral,alcista,0,-1.0,17,7769,3,
s25527,WLDUSDT,1786899600000,train,1,7.22,0.905,7.68,7.25,2.26,6.97,3.98,1.93,1.31,1.08,1,0.25,neutral,alcista,0,-0.172,32,7771,8,
s25528,TIAUSDT,1786899600000,train,1,2.31,0.574,3.1,2.39,1.28,2.07,0.75,1.12,0.87,0.75,1,0.25,neutral,neutral,0,-1.0,16,7771,0,
s25529,LDOUSDT,1786899600000,testB,1,2.29,0.457,3.21,2.59,1.07,2.04,0.87,1.51,1.03,0.8,1,0.25,neutral,neutral,0,-1.0,16,7770,0,
s25530,WLDUSDT,1786900500000,train,1,6.67,0.776,7.75,6.42,1.39,6.47,2.88,1.93,1.31,1.08,1,0.2,neutral,neutral,0,0.03,32,7772,0,
s25531,TIAUSDT,1786900500000,train,1,2.35,0.587,3.1,2.39,0.88,2.15,0.69,1.12,0.87,0.75,1,0.2,neutral,neutral,0,-1.0,15,7772,0,
s25532,LDOUSDT,1786900500000,testB,1,2.96,0.589,3.2,2.91,1.04,2.76,1.07,1.51,1.03,0.8,1,0.2,neutral,neutral,0,-1.0,15,7771,1,
s25533,WLDUSDT,1786901400000,train,1,5.75,0.647,7.47,5.55,1.22,5.66,2.07,1.93,1.31,1.08,1,0.09,neutral,neutral,0,0.074,32,7773,0,
s25534,LDOUSDT,1786901400000,testB,1,2.39,0.493,2.85,2.36,0.89,2.3,0.75,1.51,1.03,0.8,1,0.09,neutral,neutral,0,-1.0,14,7772,0,
s25535,WLDUSDT,1786902300000,train,1,4.75,0.516,7.21,4.64,1.07,4.6,1.24,1.93,1.31,1.08,1,0.15,neutral,neutral,0,0.113,32,7774,0,
s25536,WLDUSDT,1786903200000,train,1,4.94,0.526,6.93,4.79,1.0,4.81,1.55,1.9,1.36,1.09,1,0.13,neutral,neutral,0,0.052,32,7775,1,
s25537,WLDUSDT,1786904100000,train,1,4.01,0.398,6.96,4.02,0.8,3.88,0.66,1.9,1.36,1.09,1,0.13,neutral,neutral,0,0.428,32,7776,0,
s25538,STBLUSDT,1786905000000,train,1,5.4,0.423,6.68,6.26,1.09,5.33,3.86,3.38,2.5,1.6,1,0.07,neutral,alcista,0,-0.242,32,7777,3,
s25539,STBLUSDT,1786905900000,train,1,5.9,0.464,7.08,6.44,1.02,5.84,3.62,3.38,2.5,1.6,1,0.05,neutral,alcista,0,-0.247,32,7778,4,
s25540,WLDUSDT,1786905900000,train,1,4.12,0.392,6.67,3.98,0.48,4.07,0.71,1.9,1.36,1.09,1,0.05,neutral,neutral,0,0.479,32,7778,1,
s25541,STBLUSDT,1786906800000,train,1,5.66,0.437,7.1,6.19,1.11,5.55,3.04,3.82,2.71,1.74,1,0.11,neutral,neutral,0,-0.227,32,7779,0,
s25542,WLDUSDT,1786906800000,train,1,3.77,0.359,6.48,3.63,0.29,3.66,0.48,1.9,1.35,1.06,1,0.11,neutral,neutral,0,0.618,32,7779,0,
s25543,STBLUSDT,1786907700000,train,1,5.39,0.406,7.14,5.69,1.03,5.23,2.26,3.82,2.71,1.74,1,0.16,neutral,neutral,0,-0.168,32,7780,0,
s25544,STBLUSDT,1786908600000,train,1,5.78,0.445,7.07,5.58,0.73,5.71,2.04,3.82,2.71,1.74,1,0.07,neutral,neutral,0,-0.144,32,7781,0,
s25545,STBLUSDT,1786909500000,train,1,7.95,0.525,7.67,7.55,0.77,8.0,3.81,3.82,2.71,1.74,1,-0.05,neutral,neutral,0,-0.396,32,7782,1,
s25546,PENDLEUSDT,1786909500000,train,-1,-2.7,0.355,4.87,4.72,0.44,-2.65,1.28,2.07,1.27,0.79,1,-0.05,neutral,bajista,0,-0.139,32,7782,2,
s25547,STBLUSDT,1786910400000,train,1,7.36,0.467,7.72,6.93,0.99,7.48,2.85,4.61,3.09,1.91,1,-0.12,neutral,neutral,0,-0.402,32,7783,0,
s25548,STBLUSDT,1786911300000,train,1,8.03,0.489,7.7,7.44,1.02,8.39,3.32,4.61,3.09,1.91,1,-0.36,neutral,neutral,0,-0.518,32,7784,1,
s25549,PENDLEUSDT,1786911300000,train,-1,-3.84,0.598,4.45,4.02,0.36,-3.48,0.89,2.27,1.38,0.85,1,-0.36,neutral,neutral,0,-0.255,32,7784,1,
s25550,PENDLEUSDT,1786912200000,train,-1,-3.81,0.596,4.41,4.26,0.39,-3.47,1.09,2.27,1.38,0.85,1,-0.34,neutral,bajista,0,-0.304,32,7785,2,
s25551,STBLUSDT,1786913100000,train,1,4.73,0.36,6.56,4.78,1.07,5.03,1.45,4.61,3.09,1.91,1,-0.3,neutral,neutral,0,-0.444,32,7786,0,
s25552,PENDLEUSDT,1786913100000,train,-1,-4.21,0.662,4.89,4.42,0.59,-3.91,1.21,2.27,1.38,0.85,1,-0.3,neutral,bajista,0,-0.498,32,7786,3,
s25553,WLDUSDT,1786914000000,train,-1,-3.17,0.369,3.58,3.32,1.04,-2.92,1.05,1.79,1.47,1.08,1,-0.25,neutral,bajista,0,-1.0,25,7787,2,
s25554,TIAUSDT,1786914000000,train,-1,-2.2,0.739,2.78,2.35,2.48,-1.95,1.29,1.19,1.04,0.85,1,-0.25,neutral,bajista,0,-0.014,32,7787,3,
s25555,PENDLEUSDT,1786914000000,train,-1,-3.31,0.603,3.84,3.52,0.57,-3.06,1.38,2.41,1.51,0.91,1,-0.25,neutral,bajista,0,-0.813,32,7787,4,
s25556,FETUSDT,1786914000000,train,-1,-2.24,0.56,3.11,2.7,2.33,-1.99,1.51,1.48,1.18,1.3,0,-0.25,neutral,bajista,0,-0.303,32,7786,4,
s25557,LDOUSDT,1786914000000,testB,-1,-2.4,0.561,3.22,2.92,1.31,-2.15,1.44,1.21,1.2,0.93,1,-0.25,neutral,neutral,0,-0.432,32,7786,1,
s25558,XPLUSDT,1786914900000,train,-1,-2.64,0.701,3.38,2.71,4.99,-2.38,2.09,0.95,1.29,1.7,0,-0.26,neutral,bajista,0,-0.683,32,7788,2,
s25559,TIAUSDT,1786914900000,train,-1,-2.23,0.742,2.74,2.35,2.66,-1.97,1.18,1.19,1.04,0.85,1,-0.26,neutral,bajista,0,0.07,32,7788,4,
s25560,PENDLEUSDT,1786914900000,train,-1,-2.66,0.488,3.41,2.78,0.65,-2.4,0.93,2.41,1.51,0.91,1,-0.26,neutral,neutral,0,-0.88,32,7788,0,
s25561,LDOUSDT,1786914900000,testB,-1,-2.55,0.622,3.22,2.75,1.49,-2.3,1.18,1.21,1.2,0.93,1,-0.26,neutral,neutral,0,-0.325,32,7787,0,
s25562,XPLUSDT,1786915800000,train,-1,-2.88,0.719,3.6,3.17,5,-2.58,2.28,0.95,1.29,1.7,0,-0.3,neutral,bajista,0,-0.804,32,7789,3,
s25563,WLDUSDT,1786915800000,train,-1,-2.97,0.351,3.48,3.17,1.16,-2.66,2.17,1.79,1.47,1.08,1,-0.3,neutral,bajista,0,-1.0,14,7789,4,
s25564,ENAUSDT,1786915800000,train,-1,-2.24,0.733,3.53,2.53,5,-1.94,1.63,0.83,0.69,0.53,1,-0.3,neutral,bajista,0,-1.0,29,7789,5,
s25565,OPUSDT,1786915800000,train,-1,-2.48,0.677,3.87,2.66,4.03,-2.18,1.71,1.2,0.81,0.78,1,-0.3,neutral,bajista,0,-1.0,26,7789,2,
s25566,INJUSDT,1786915800000,train,-1,-2.24,0.689,2.76,2.37,2.31,-1.94,0.95,1.28,0.93,0.85,1,-0.3,neutral,neutral,0,-1.0,21,7789,1,
s25567,TIAUSDT,1786915800000,train,-1,-2.6,0.769,3.3,2.73,2.99,-2.3,1.79,1.19,1.04,0.85,1,-0.3,neutral,bajista,0,-0.207,32,7789,5,
s25568,FETUSDT,1786915800000,train,-1,-2.41,0.5,3.95,3.21,3.72,-2.11,1.7,1.48,1.18,1.3,0,-0.3,neutral,neutral,0,-0.282,32,7788,1,
s25569,STXUSDT,1786915800000,testB,-1,-2.69,0.702,3.35,2.85,5,-2.39,2.03,1.07,0.7,0.6,1,-0.3,neutral,bajista,0,-0.588,32,7788,6,
s25570,LDOUSDT,1786915800000,testB,-1,-2.82,0.644,3.53,3.07,1.82,-2.52,1.54,1.21,1.2,0.93,1,-0.3,neutral,neutral,0,-0.413,32,7788,1,
s25571,XPLUSDT,1786916700000,train,-1,-2.84,0.716,3.6,3.18,5,-2.48,2.08,0.95,1.29,1.7,0,-0.37,neutral,neutral,0,-0.886,32,7790,0,
s25572,ENAUSDT,1786916700000,train,-1,-2.08,0.649,3.36,2.17,5,-1.71,1.28,0.83,0.69,0.53,1,-0.37,neutral,neutral,0,-1.0,19,7790,0,
s25573,OPUSDT,1786916700000,train,-1,-2.13,0.562,3.74,2.29,3.89,-1.76,1.29,1.2,0.81,0.78,1,-0.37,neutral,neutral,0,-1.0,20,7790,0,
s25574,INJUSDT,1786916700000,train,-1,-2.27,0.691,2.72,2.42,2.55,-1.91,1.03,1.28,0.93,0.85,1,-0.37,neutral,bajista,0,-1.0,20,7790,2,
s25575,TIAUSDT,1786916700000,train,-1,-2.92,0.789,3.15,3.08,3.61,-2.56,2.05,1.19,1.04,0.85,1,-0.37,neutral,bajista,0,-0.337,32,7790,6,
s25576,PENDLEUSDT,1786916700000,train,-1,-2.07,0.445,3.17,2.17,1.11,-1.7,0.81,2.41,1.51,0.91,1,-0.37,neutral,neutral,0,-1.0,28,7790,0,
s25577,FETUSDT,1786916700000,train,-1,-2.25,0.483,3.95,3.21,3.48,-1.89,1.62,1.48,1.18,1.3,0,-0.37,neutral,neutral,0,-0.333,32,7789,0,
s25578,STXUSDT,1786916700000,testB,-1,-2.2,0.529,3.34,2.42,5,-1.84,1.49,1.07,0.7,0.6,1,-0.37,neutral,neutral,0,-0.448,32,7789,0,
s25579,LDOUSDT,1786916700000,testB,-1,-2.86,0.647,3.31,3.18,2.12,-2.49,1.66,1.21,1.2,0.93,1,-0.37,neutral,bajista,0,-0.463,32,7789,2,
s25580,SANDUSDT,1786916700000,testB,-1,-2.01,0.702,2.36,2.13,2.76,-1.65,1.4,0.9,0.66,0.71,0,-0.37,neutral,bajista,0,-1.0,13,7789,5,
s25581,XPLUSDT,1786917600000,train,-1,-2.45,0.568,3.66,2.79,5,-2.11,1.52,1.12,1.27,1.78,0,-0.34,neutral,neutral,0,-0.832,32,7791,0,
s25582,PUMPUSDT,1786917600000,train,-1,-2.41,0.402,4.04,3.75,3.05,-2.07,2.12,0.59,0.61,0.53,0,-0.34,neutral,bajista,0,-1.0,14,7791,4,
s25583,WLDUSDT,1786917600000,train,-1,-2.94,0.386,3.57,3.23,1.41,-2.61,1.85,1.34,1.51,1.11,0,-0.34,neutral,neutral,0,-1.0,12,7791,1,
s25584,INJUSDT,1786917600000,train,-1,-2.03,0.646,2.47,2.13,1.63,-1.7,0.99,1.29,0.91,0.87,1,-0.34,neutral,neutral,0,-1.0,19,7791,0,
s25585,TIAUSDT,1786917600000,train,-1,-2.73,0.764,4.25,2.81,4.05,-2.4,1.83,1.21,1.22,0.94,0,-0.34,neutral,neutral,0,-0.333,32,7791,0,
s25586,STXUSDT,1786917600000,testB,-1,-2.45,0.556,3.34,2.68,5,-2.11,1.56,1.03,0.77,0.65,1,-0.34,neutral,neutral,0,-0.469,32,7790,1,
s25587,LDOUSDT,1786917600000,testB,-1,-2.22,0.515,3.0,2.27,1.09,-1.88,1.31,1.12,1.26,0.95,0,-0.34,neutral,neutral,0,-0.456,32,7790,0,
s25588,SANDUSDT,1786917600000,testB,-1,-2.24,0.724,3.43,2.53,5,-1.91,1.67,0.92,0.86,0.82,1,-0.34,neutral,bajista,0,-1.0,12,7790,6,
s25589,PUMPUSDT,1786918500000,train,-1,-2.27,0.373,4.12,3.63,3.65,-1.78,1.83,0.59,0.61,0.53,0,-0.49,neutral,neutral,0,-1.0,13,7792,0,
s25590,TIAUSDT,1786918500000,train,-1,-2.48,0.731,4.25,2.78,4.69,-1.99,1.58,1.21,1.22,0.94,0,-0.49,neutral,neutral,0,-0.313,32,7792,0,
s25591,STXUSDT,1786918500000,testB,-1,-2.12,0.464,3.34,2.42,5,-1.64,1.19,1.03,0.77,0.65,1,-0.49,neutral,neutral,0,-0.414,32,7791,0,
s25592,LDOUSDT,1786918500000,testB,-1,-2.1,0.5,2.84,2.41,1.19,-1.61,1.43,1.12,1.26,0.95,0,-0.49,neutral,neutral,0,-0.597,32,7791,1,
s25593,PUMPUSDT,1786919400000,train,-1,-2.3,0.382,4.11,3.51,2.74,-1.75,1.61,0.59,0.61,0.53,0,-0.55,neutral,neutral,0,-1.0,12,7793,0,
s25594,TIAUSDT,1786919400000,train,-1,-2.32,0.651,4.24,2.61,3.12,-1.77,1.26,1.21,1.22,0.94,0,-0.55,neutral,neutral,0,-0.538,32,7793,0,
s25595,STXUSDT,1786919400000,testB,-1,-2.12,0.464,3.33,2.25,1.32,-1.57,0.92,1.03,0.77,0.65,1,-0.55,neutral,neutral,0,-0.519,32,7792,0,
s25596,LDOUSDT,1786919400000,testB,-1,-2.13,0.512,2.74,2.27,1.09,-1.58,1.23,1.12,1.26,0.95,0,-0.55,neutral,neutral,0,-0.897,32,7792,0,
s25597,SANDUSDT,1786919400000,testB,-1,-2.12,0.627,3.43,2.42,5,-1.57,1.28,0.92,0.86,0.82,1,-0.55,neutral,neutral,0,-1.0,10,7792,1,
s25598,TIAUSDT,1786920300000,train,-1,-2.09,0.615,4.24,2.57,2.23,-1.73,1.09,1.21,1.22,0.94,0,-0.36,neutral,neutral,0,-0.571,32,7794,0,
s25599,TIAUSDT,1786921200000,train,-1,-2.25,0.697,4.24,2.54,0.53,-1.72,0.92,1.22,1.18,0.92,1,-0.53,neutral,neutral,0,-0.329,32,7795,0,
s25600,XPLUSDT,1786922100000,train,-1,-2.3,0.461,3.52,2.37,0.6,-1.73,0.86,1.15,1.24,1.78,0,-0.57,neutral,neutral,0,-1.0,27,7796,1,
s25601,PUMPUSDT,1786922100000,train,-1,-2.98,0.683,4.12,3.67,0.66,-2.4,1.33,0.63,0.64,0.52,0,-0.57,neutral,bajista,0,-1.0,9,7796,2,
s25602,TIAUSDT,1786922100000,train,-1,-2.21,0.68,4.23,2.33,0.41,-1.64,0.66,1.22,1.18,0.92,1,-0.57,neutral,neutral,0,-0.3,32,7796,0,
s25603,FETUSDT,1786922100000,train,-1,-2.01,0.41,3.93,2.79,0.35,-1.43,0.64,1.52,1.25,1.36,0,-0.57,neutral,neutral,0,0.324,32,7795,1,
s25604,PUMPUSDT,1786923000000,train,-1,-2.91,0.678,4.12,3.75,0.58,-2.5,1.19,0.63,0.64,0.52,0,-0.41,neutral,bajista,0,-1.0,8,7797,3,
s25605,TIAUSDT,1786923000000,train,-1,-2.02,0.62,4.19,2.2,0.35,-1.61,0.48,1.22,1.18,0.92,1,-0.41,neutral,neutral,0,-0.227,32,7797,0,
s25606,FETUSDT,1786923000000,train,-1,-2.4,0.536,3.93,2.79,0.36,-1.99,0.56,1.52,1.25,1.36,0,-0.41,neutral,neutral,0,0.382,32,7796,0,
s25607,PUMPUSDT,1786923900000,train,-1,-2.95,0.681,4.46,3.86,0.81,-2.62,1.17,0.63,0.64,0.52,0,-0.33,neutral,bajista,0,-1.0,7,7798,4,
s25608,WLDUSDT,1786923900000,train,-1,-2.01,0.353,3.35,2.25,0.78,-1.69,0.28,1.1,1.53,1.12,0,-0.33,neutral,neutral,0,-1.0,5,7798,0,
s25609,FETUSDT,1786923900000,train,-1,-2.49,0.544,3.37,2.63,0.47,-2.16,0.89,1.52,1.25,1.36,0,-0.33,neutral,neutral,0,0.531,32,7797,1,
s25610,PUMPUSDT,1786924800000,train,-1,-2.76,0.613,4.45,3.59,1.03,-2.42,0.99,0.75,0.6,0.54,1,-0.34,neutral,neutral,0,-1.0,6,7799,0,
s25611,TIAUSDT,1786924800000,train,-1,-2.05,0.6,4.2,2.26,0.43,-1.71,0.51,1.23,1.18,0.92,1,-0.34,neutral,neutral,0,-0.088,32,7799,1,
s25612,FETUSDT,1786924800000,train,-1,-2.89,0.581,3.56,3.06,0.82,-2.55,1.29,1.72,1.32,1.26,1,-0.34,neutral,bajista,0,0.243,32,7798,2,
s25613,PUMPUSDT,1786925700000,train,-1,-2.51,0.527,4.44,3.24,1.35,-2.15,0.58,0.75,0.6,0.54,1,-0.35,neutral,neutral,0,-1.0,5,7800,0,
s25614,TIAUSDT,1786925700000,train,-1,-2.09,0.604,4.03,2.13,0.42,-1.73,0.47,1.23,1.18,0.92,1,-0.35,neutral,bajista,0,-0.234,32,7800,2,
s25615,FETUSDT,1786925700000,train,-1,-2.17,0.415,3.29,2.3,1.05,-1.82,0.78,1.72,1.32,1.26,1,-0.35,neutral,neutral,0,0.5,32,7799,0,
s25616,PUMPUSDT,1786926600000,train,-1,-2.18,0.455,4.43,3.05,1.5,-2.0,0.34,0.75,0.6,0.54,1,-0.18,neutral,neutral,0,-1.0,4,7801,0,
s25617,FETUSDT,1786926600000,train,-1,-2.18,0.415,2.89,2.23,1.07,-2.0,0.96,1.72,1.32,1.26,1,-0.18,neutral,neutral,0,0.556,32,7800,1,
s25618,WLDUSDT,1786929300000,train,1,2.74,0.392,4.63,4.22,1.88,2.59,2.2,1.49,1.73,1.25,0,0.15,neutral,alcista,0,-0.484,32,7804,2,
s25619,PUMPUSDT,1786930200000,train,1,3.14,0.475,5.69,5.05,1.29,2.69,2.97,0.87,0.68,0.57,1,0.45,neutral,alcista,0,0.652,32,7805,7,
s25620,WLDUSDT,1786930200000,train,1,3.48,0.547,4.65,3.88,1.69,3.03,1.73,1.49,1.73,1.25,0,0.45,neutral,neutral,0,-0.394,32,7805,0,
s25621,ARBUSDT,1786930200000,train,1,2.3,0.764,2.87,2.66,1.57,1.85,1.14,0.89,0.81,0.77,1,0.45,neutral,neutral,0,-0.055,32,7805,0,
s25622,ONDOUSDT,1786930200000,train,1,2.08,0.5,2.48,2.39,1.66,1.63,1.02,0.99,0.97,0.68,1,0.45,neutral,alcista,0,0.262,32,7804,3,
s25623,STXUSDT,1786930200000,testB,1,2.01,0.462,2.79,2.22,0.71,1.56,0.37,1.47,1.0,0.65,1,0.45,neutral,neutral,0,-0.222,32,7804,0,
s25624,SANDUSDT,1786930200000,testB,1,2.49,0.626,3.95,3.88,1.26,2.04,1.51,1.49,1.13,0.96,1,0.45,neutral,alcista,0,-0.258,32,7804,8,
s25625,PUMPUSDT,1786931100000,train,1,3.5,0.553,5.72,4.71,1.5,3.2,2.32,0.87,0.68,0.57,1,0.29,neutral,neutral,0,0.702,32,7806,0,
s25626,WLDUSDT,1786931100000,train,1,2.97,0.432,4.67,3.38,1.93,2.68,1.16,1.49,1.73,1.25,0,0.29,neutral,neutral,0,-0.317,32,7806,0,
s25627,SANDUSDT,1786931100000,testB,1,2.21,0.518,3.97,3.47,1.77,1.92,1.02,1.49,1.13,0.96,1,0.29,neutral,neutral,0,-0.203,32,7805,0,
s25628,PUMPUSDT,1786932000000,train,1,4.53,0.752,5.7,5.02,1.68,4.29,2.42,1.02,0.73,0.6,1,0.24,neutral,neutral,0,0.564,32,7807,1,
s25629,WLDUSDT,1786932000000,train,1,3.29,0.479,4.58,3.43,1.66,3.04,1.2,1.54,1.8,1.26,0,0.24,neutral,neutral,0,-0.408,32,7807,1,
s25630,SANDUSDT,1786932000000,testB,1,2.73,0.697,3.29,2.86,1.23,2.49,0.99,1.74,1.26,1.02,1,0.24,neutral,neutral,0,-0.281,32,7806,1,
s25631,PUMPUSDT,1786932900000,train,1,4.53,0.752,5.69,5.12,1.87,3.99,2.51,1.02,0.73,0.6,1,0.54,neutral,alcista,0,0.65,32,7808,2,
s25632,WLDUSDT,1786932900000,train,1,4.23,0.575,4.55,4.09,1.41,3.7,1.86,1.54,1.8,1.26,0,0.54,neutral,alcista,0,-0.433,32,7808,2,
s25633,SANDUSDT,1786932900000,testB,1,3.11,0.725,3.72,3.47,1.44,2.58,1.59,1.74,1.26,1.02,1,0.54,neutral,alcista,0,-0.353,32,7807,2,
s25634,PUMPUSDT,1786933800000,train,1,5.46,0.785,6.09,6.06,1.24,4.71,3.28,1.02,0.73,0.6,1,0.75,neutral,alcista,0,0.427,32,7809,3,
s25635,WLDUSDT,1786933800000,train,1,3.88,0.537,4.42,3.85,1.07,3.14,1.58,1.54,1.8,1.26,0,0.75,neutral,neutral,0,-0.199,32,7809,0,
s25636,GRTUSDT,1786933800000,testB,1,2.04,0.73,2.37,2.22,1.3,1.29,1.26,1.39,0.93,0.69,1,0.75,neutral,alcista,0,-0.633,32,7808,2,
s25637,SANDUSDT,1786933800000,testB,1,3.74,0.81,4.0,3.9,1.73,2.99,1.87,1.74,1.26,1.02,1,0.75,neutral,alcista,0,-0.344,32,7808,3,
s25638,PUMPUSDT,1786934700000,train,1,5.16,0.719,6.32,5.83,1.2,4.36,2.82,1.02,0.73,0.6,1,0.79,neutral,neutral,0,0.415,32,7810,0,
s25639,WLDUSDT,1786934700000,train,1,3.95,0.543,4.29,4.07,0.94,3.16,1.95,1.54,1.8,1.26,0,0.79,neutral,neutral,0,-0.28,32,7810,1,
s25640,GRTUSDT,1786934700000,testB,1,2.04,0.73,2.37,2.15,1.33,1.25,1.05,1.39,0.93,0.69,1,0.79,neutral,neutral,0,-0.724,32,7809,0,
s25641,SANDUSDT,1786934700000,testB,1,3.22,0.661,3.82,3.22,1.23,2.43,1.4,1.74,1.26,1.02,1,0.79,neutral,neutral,0,-0.295,32,7809,0,
s25642,PUMPUSDT,1786935600000,train,1,4.45,0.564,6.37,5.08,1.08,3.53,1.81,1.0,0.74,0.6,1,0.92,neutral,neutral,0,0.458,32,7811,0,
s25643,WLDUSDT,1786935600000,train,1,4.18,0.565,4.09,4.04,0.89,3.26,1.94,1.5,1.68,1.29,0,0.92,neutral,alcista,0,-0.403,32,7811,2,
s25644,GRTUSDT,1786935600000,testB,1,2.11,0.737,2.37,2.29,1.24,1.2,1.07,0.95,0.95,0.71,0,0.92,neutral,neutral,0,-0.71,32,7810,1,
s25645,SANDUSDT,1786935600000,testB,1,2.9,0.592,3.62,2.85,1.34,1.99,1.07,1.66,1.29,1.02,1,0.92,neutral,neutral,0,-0.474,32,7810,0,
s25646,PUMPUSDT,1786936500000,train,1,4.9,0.598,6.35,5.42,1.02,4.1,1.95,1.0,0.74,0.6,1,0.8,neutral,neutral,0,0.303,32,7812,1,
s25647,WLDUSDT,1786936500000,train,1,2.87,0.357,4.35,3.12,1.06,2.07,0.85,1.5,1.68,1.29,0,0.8,neutral,neutral,0,-0.263,32,7812,0,
s25648,SANDUSDT,1786936500000,testB,1,2.62,0.548,3.45,2.6,1.2,1.82,0.92,1.66,1.29,1.02,1,0.8,neutral,neutral,0,-0.452,32,7811,0,
s25649,PUMPUSDT,1786937400000,train,1,5.21,0.623,6.34,5.62,0.75,4.49,1.95,1.0,0.74,0.6,1,0.72,neutral,alcista,0,0.665,32,7813,2,
s25650,WLDUSDT,1786937400000,train,1,3.1,0.374,4.34,3.36,0.92,2.38,0.93,1.5,1.68,1.29,0,0.72,neutral,neutral,0,-0.439,32,7813,1,
s25651,SANDUSDT,1786937400000,testB,1,2.43,0.525,3.28,2.4,0.65,1.71,0.79,1.66,1.29,1.02,1,0.72,neutral,neutral,0,-0.281,32,7812,0,
s25652,PUMPUSDT,1786938300000,train,1,5.4,0.649,6.19,5.55,0.55,4.55,1.84,1.0,0.74,0.6,1,0.85,neutral,alcista,0,0.763,32,7814,3,
s25653,SANDUSDT,1786938300000,testB,1,2.3,0.506,3.18,2.28,0.34,1.45,0.68,1.66,1.29,1.02,1,0.85,neutral,neutral,0,-0.396,32,7813,0,
s25654,PUMPUSDT,1786939200000,train,1,5.5,0.653,6.17,5.88,0.53,4.59,2.0,1.05,0.82,0.65,1,0.91,neutral,alcista,0,0.548,32,7815,4,
s25655,PENDLEUSDT,1786939200000,train,1,2.13,0.52,2.25,2.21,0.68,1.22,0.94,1.13,1.66,1.15,0,0.91,neutral,alcista,0,0.411,32,7815,3,
s25656,SANDUSDT,1786939200000,testB,1,3.63,0.617,3.65,3.65,1.11,2.72,1.9,1.75,1.35,1.14,1,0.91,neutral,neutral,0,-0.615,32,7814,1,
s25657,PUMPUSDT,1786940100000,train,1,5.18,0.641,5.6,5.1,0.58,4.17,1.85,1.05,0.82,0.65,1,1.01,neutral,alcista,0,0.556,32,7816,5,
s25658,PENDLEUSDT,1786940100000,train,1,2.02,0.507,2.45,2.3,0.64,1.0,1.03,1.13,1.66,1.15,0,1.01,neutral,alcista,0,0.255,32,7816,4,
s25659,SANDUSDT,1786940100000,testB,1,3.41,0.604,3.99,3.54,1.41,2.4,1.86,1.75,1.35,1.14,1,1.01,neutral,alcista,0,-0.674,32,7815,2,
s25660,PUMPUSDT,1786941000000,train,1,5.62,0.659,5.67,5.6,0.75,4.76,2.24,1.05,0.82,0.65,1,0.86,neutral,alcista,0,0.296,32,7817,6,
s25661,INJUSDT,1786941000000,train,1,2.21,0.592,2.57,2.4,0.94,1.35,1.13,0.87,1.08,0.97,0,0.86,neutral,alcista,0,-1.0,15,7817,5,
s25662,PENDLEUSDT,1786941000000,train,1,2.03,0.513,2.43,2.27,0.69,1.17,0.95,1.13,1.66,1.15,0,0.86,neutral,neutral,0,0.072,32,7817,0,
s25663,SANDUSDT,1786941000000,testB,1,3.46,0.607,3.96,3.39,1.85,2.6,1.78,1.75,1.35,1.14,1,0.86,neutral,alcista,0,-1.0,26,7816,3,
s25664,PUMPUSDT,1786941900000,train,1,6.59,0.695,6.74,6.22,1.41,5.6,3.25,1.05,0.82,0.65,1,0.99,neutral,alcista,0,0.045,32,7818,7,
s25665,INJUSDT,1786941900000,train,1,2.01,0.512,2.55,2.19,0.93,1.02,0.86,0.87,1.08,0.97,0,0.99,neutral,neutral,0,-1.0,14,7818,0,
s25666,PENDLEUSDT,1786941900000,train,1,2.73,0.586,3.05,2.75,1.53,1.74,1.53,1.13,1.66,1.15,0,0.99,neutral,neutral,0,-0.059,32,7818,1,
s25667,SANDUSDT,1786941900000,testB,1,3.22,0.591,3.66,3.17,2.03,2.23,1.65,1.75,1.35,1.14,1,0.99,neutral,alcista,0,-1.0,22,7817,4,
s25668,PUMPUSDT,1786942800000,train,1,6.55,0.695,6.29,6.11,1.68,5.79,3.43,1.2,0.92,0.7,1,0.76,neutral,alcista,0,-0.079,32,7819,8,
s25669,INJUSDT,1786942800000,train,1,2.38,0.561,2.54,2.52,0.82,1.62,1.06,0.84,0.87,0.98,0,0.76,neutral,neutral,0,-1.0,13,7819,1,
s25670,PENDLEUSDT,1786942800000,train,1,2.47,0.563,2.82,2.79,1.68,1.71,1.79,1.33,1.41,1.23,0,0.76,neutral,alcista,0,-0.155,32,7819,2,
s25671,SANDUSDT,1786942800000,testB,1,2.29,0.508,3.07,2.63,0.95,1.53,1.48,1.88,1.44,1.19,1,0.76,neutral,alcista,0,-1.0,15,7818,5,
s25672,PUMPUSDT,1786943700000,train,1,5.16,0.544,6.02,4.94,1.88,4.59,2.43,1.2,0.92,0.7,1,0.57,neutral,neutral,0,0.113,32,7820,0,
s25673,PENDLEUSDT,1786943700000,train,1,2.42,0.546,2.95,2.7,2.37,1.85,1.54,1.33,1.41,1.23,0,0.57,neutral,neutral,0,-0.134,32,7820,0,
s25674,SANDUSDT,1786943700000,testB,1,2.21,0.5,3.07,2.67,0.88,1.64,1.38,1.88,1.44,1.19,1,0.57,neutral,alcista,0,-1.0,14,7819,6,
s25675,PUMPUSDT,1786944600000,train,1,3.76,0.471,4.45,4.14,1.86,3.37,2.84,1.2,0.92,0.7,1,0.39,neutral,neutral,0,0.242,32,7821,1,
s25676,PENDLEUSDT,1786944600000,train,1,2.36,0.54,3.11,2.74,3.01,1.96,1.42,1.33,1.41,1.23,0,0.39,neutral,neutral,0,0.183,32,7821,1,
s25677,PUMPUSDT,1786945500000,train,1,4.1,0.533,4.45,4.04,1.33,3.46,2.45,1.2,0.92,0.7,1,0.64,neutral,neutral,0,0.154,32,7822,0,
s25678,INJUSDT,1786945500000,train,1,2.21,0.608,2.55,2.28,0.68,1.57,0.6,0.84,0.87,0.98,0,0.64,neutral,neutral,0,-1.0,10,7822,0,
s25679,PENDLEUSDT,1786945500000,train,1,2.72,0.677,3.11,2.71,1.7,2.08,1.16,1.33,1.41,1.23,0,0.64,neutral,neutral,0,0.14,32,7822,0,
s25680,PUMPUSDT,1786946400000,train,1,4.48,0.556,4.63,4.42,0.95,3.7,2.76,1.37,1.06,0.77,1,0.78,neutral,neutral,0,-0.039,32,7823,1,
s25681,INJUSDT,1786946400000,train,1,2.58,0.644,2.66,2.54,0.99,1.79,0.84,0.95,0.9,0.9,1,0.78,neutral,neutral,0,-1.0,8,7823,1,
s25682,PENDLEUSDT,1786946400000,train,1,2.55,0.633,2.99,2.49,1.59,1.76,0.97,1.33,1.31,1.26,1,0.78,neutral,neutral,0,0.106,32,7823,0,
s25683,PUMPUSDT,1786947300000,train,1,4.72,0.569,5.16,4.61,1.11,4.1,2.53,1.37,1.06,0.77,1,0.63,neutral,alcista,0,-0.289,32,7824,2,
s25684,STBLUSDT,1786947300000,train,1,2.99,0.461,3.96,3.39,2.05,2.37,2.12,4.65,4.92,3.99,0,0.63,neutral,alcista,0,0.722,32,7824,3,
s25685,INJUSDT,1786947300000,train,1,2.03,0.485,2.59,2.11,1.2,1.41,0.45,0.95,0.9,0.9,1,0.63,neutral,neutral,0,-1.0,7,7824,0,
s25686,PENDLEUSDT,1786947300000,train,1,2.28,0.608,2.71,2.28,1.19,1.66,0.93,1.33,1.31,1.26,1,0.63,neutral,neutral,0,0.163,32,7824,1,
s25687,PUMPUSDT,1786948200000,train,1,4.78,0.574,5.92,5.61,1.43,4.25,3.31,1.37,1.06,0.77,1,0.54,neutral,alcista,0,-0.361,32,7825,3,
s25688,STBLUSDT,1786948200000,train,1,4.24,0.55,7.21,5.32,5,3.7,3.99,4.65,4.92,3.99,0,0.54,neutral,alcista,0,0.243,32,7825,4,
s25689,PENDLEUSDT,1786948200000,train,1,2.3,0.611,2.48,2.3,0.78,1.77,1.13,1.33,1.31,1.26,1,0.54,neutral,alcista,0,0.033,32,7825,2,
s25690,PUMPUSDT,1786949100000,train,1,5.61,0.648,6.26,6.12,1.74,5.22,3.44,1.37,1.06,0.77,1,0.4,neutral,alcista,0,-0.341,32,7826,4,
s25691,STBLUSDT,1786949100000,train,1,5.58,0.617,7.11,6.64,5,5.19,4.91,4.65,4.92,3.99,0,0.4,neutral,alcista,0,0.082,32,7826,5,
s25692,WLDUSDT,1786949100000,train,-1,-2.12,0.419,3.02,2.61,1.47,-2.51,0.74,1.44,1.33,1.38,0,0.4,neutral,neutral,0,0.309,32,7826,1,
s25693,PUMPUSDT,1786950000000,train,1,6.84,0.82,6.97,6.43,2.2,6.57,3.43,1.47,1.17,0.84,1,0.26,neutral,alcista,0,-0.396,32,7827,5,
s25694,STBLUSDT,1786950000000,train,1,6.9,0.675,8.65,7.71,5,6.63,5.51,6.79,6.29,4.9,1,0.26,neutral,alcista,0,-0.341,32,7827,6,
s25695,WLDUSDT,1786950000000,train,-1,-2.33,0.473,3.02,2.66,1.71,-2.59,0.81,1.3,1.41,1.41,0,0.26,neutral,bajista,0,0.427,32,7827,2,
s25696,XPLUSDT,1786950900000,train,1,2.0,0.637,2.39,2.05,2.29,1.64,0.93,0.78,1.04,1.5,0,0.36,neutral,neutral,0,-0.171,32,7828,0,
s25697,PUMPUSDT,1786950900000,train,1,6.56,0.814,6.76,6.33,1.98,6.21,3.05,1.47,1.17,0.84,1,0.36,neutral,alcista,0,-0.36,32,7828,6,
s25698,STBLUSDT,1786950900000,train,1,4.9,0.401,8.82,5.88,5,4.54,3.01,6.79,6.29,4.9,1,0.36,neutral,neutral,0,-0.188,32,7828,0,
s25699,PENDLEUSDT,1786950900000,train,1,2.37,0.685,2.48,2.34,0.68,2.01,0.84,1.28,1.28,1.29,0,0.36,neutral,alcista,0,0.5,32,7828,2,
s25700,PUMPUSDT,1786951800000,train,1,5.8,0.694,6.8,5.85,1.51,5.51,2.32,1.47,1.17,0.84,1,0.29,neutral,neutral,0,-0.236,32,7829,0,
s25701,STBLUSDT,1786951800000,train,1,5.97,0.449,8.72,6.94,3.92,5.68,3.75,6.79,6.29,4.9,1,0.29,neutral,neutral,0,-0.45,32,7829,1,
s25702,XPLUSDT,1786952700000,train,1,2.13,0.652,2.53,2.16,1.93,2.0,1.07,0.78,1.04,1.5,0,0.13,neutral,alcista,0,-0.269,32,7830,2,
s25703,PUMPUSDT,1786952700000,train,1,5.12,0.576,6.73,5.21,1.31,4.99,1.67,1.47,1.17,0.84,1,0.13,neutral,neutral,0,-0.084,32,7830,0,
s25704,STBLUSDT,1786952700000,train,1,5.86,0.437,8.74,6.74,3.22,5.73,3.19,6.79,6.29,4.9,1,0.13,neutral,neutral,0,-0.389,32,7830,0,
s25705,PUMPUSDT,1786953600000,train,1,4.5,0.514,6.28,4.51,0.76,4.6,1.25,1.59,1.31,0.91,1,-0.1,neutral,neutral,0,0.105,32,7831,0,
s25706,STBLUSDT,1786953600000,train,1,6.35,0.488,8.74,6.74,1.64,6.45,2.89,8.38,6.9,5.48,1,-0.1,neutral,neutral,0,-0.157,32,7831,0,
s25707,PUMPUSDT,1786954500000,train,1,4.5,0.514,6.07,4.34,0.63,4.63,1.13,1.59,1.31,0.91,1,-0.13,neutral,neutral,0,-0.102,32,7832,1,
s25708,STBLUSDT,1786954500000,train,1,6.18,0.466,8.78,6.26,1.08,6.31,2.12,8.38,6.9,5.48,1,-0.13,neutral,neutral,0,-0.105,32,7832,0,
s25709,INJUSDT,1786954500000,train,-1,-2.09,0.39,3.12,2.75,4.19,-1.96,1.68,1.36,1.21,1.03,1,-0.13,neutral,bajista,0,-0.589,32,7832,3,
s25710,SANDUSDT,1786954500000,testB,-1,-2.02,0.683,2.91,2.76,0.62,-1.89,0.79,1.45,1.61,1.14,0,-0.13,neutral,bajista,0,0.318,32,7831,3,
s25711,PUMPUSDT,1786955400000,train,1,3.24,0.371,5.56,3.21,0.59,3.43,0.45,1.59,1.31,0.91,1,-0.19,neutral,neutral,0,-1.0,11,7833,0,
s25712,FETUSDT,1786955400000,train,-1,-2.69,0.524,3.26,3.01,1.2,-2.49,1.39,2.1,1.95,1.45,1,-0.19,neutral,neutral,0,-1.0,27,7832,1,
s25713,SANDUSDT,1786955400000,testB,-1,-2.31,0.77,2.72,2.69,0.53,-2.12,0.87,1.45,1.61,1.14,0,-0.19,neutral,bajista,0,0.243,32,7832,4,
s25714,FETUSDT,1786956300000,train,-1,-2.61,0.516,3.43,3.1,0.91,-2.35,1.3,2.1,1.95,1.45,1,-0.26,neutral,bajista,0,-1.0,26,7833,2,
s25715,SANDUSDT,1786956300000,testB,-1,-2.65,0.831,3.03,2.98,0.53,-2.4,1.23,1.45,1.61,1.14,0,-0.26,neutral,bajista,0,0.169,32,7833,5,
s25716,INJUSDT,1786957200000,train,-1,-2.01,0.385,3.11,2.42,0.96,-1.84,1.07,1.35,1.11,1.02,1,-0.17,neutral,neutral,0,-0.192,32,7835,0,
s25717,FETUSDT,1786957200000,train,-1,-2.76,0.567,3.43,2.92,0.62,-2.59,1.12,2.14,1.75,1.46,1,-0.17,neutral,neutral,0,-1.0,25,7834,0,
s25718,SANDUSDT,1786957200000,testB,-1,-2.6,0.803,3.05,2.87,0.61,-2.43,1.05,1.55,1.63,1.16,0,-0.17,neutral,neutral,0,0.219,32,7834,0,
s25719,SANDUSDT,1786958100000,testB,-1,-2.63,0.817,3.05,2.85,0.81,-2.45,0.94,1.55,1.63,1.16,0,-0.18,neutral,neutral,0,0.106,32,7835,0,
s25720,FETUSDT,1786959000000,train,-1,-2.61,0.5,3.18,2.93,0.58,-2.36,1.22,2.14,1.75,1.46,1,-0.25,neutral,neutral,0,-1.0,23,7836,1,
s25721,SANDUSDT,1786959000000,testB,-1,-2.13,0.782,2.25,2.22,0.96,-1.88,1.13,1.55,1.63,1.16,0,-0.25,neutral,neutral,0,0.205,32,7836,1,
s25722,FETUSDT,1786959900000,train,-1,-2.04,0.352,3.16,2.16,0.51,-1.72,0.47,2.14,1.75,1.46,1,-0.31,neutral,neutral,0,-1.0,22,7837,0,
s25723,SANDUSDT,1786959900000,testB,-1,-2.11,0.78,2.38,2.33,1.23,-1.79,1.15,1.55,1.63,1.16,0,-0.31,neutral,bajista,0,0.152,32,7837,2,
s25724,AXSUSDT,1786959900000,testB,-1,-2.19,0.731,2.72,2.6,2.06,-1.88,1.56,0.87,0.83,0.77,1,-0.31,neutral,bajista,0,-0.268,32,7837,3,
s25725,SANDUSDT,1786960800000,testB,-1,-2.03,0.774,2.2,2.13,0.97,-1.65,1.07,1.11,1.45,1.17,0,-0.38,neutral,neutral,0,0.155,32,7838,0,
s25726,PUMPUSDT,1786963500000,train,-1,-3.03,0.446,4.75,4.06,0.48,-3.07,0.82,1.51,1.29,0.95,1,0.05,neutral,neutral,0,0.299,32,7842,1,
s25727,STBLUSDT,1786963500000,train,-1,-4.08,0.352,7.98,6.46,0.31,-4.13,0.8,9.58,7.04,5.81,1,0.05,neutral,neutral,0,-0.335,32,7842,0,
s25728,PUMPUSDT,1786964400000,train,-1,-4.22,0.583,4.97,4.83,0.71,-4.34,1.57,1.72,1.47,1.06,1,0.12,neutral,bajista,0,0.145,32,7843,2,
s25729,STBLUSDT,1786964400000,train,-1,-5.33,0.51,7.88,6.51,0.27,-5.45,1.15,9.7,6.9,5.84,1,0.12,neutral,neutral,0,-0.31,32,7843,1,
s25730,PUMPUSDT,1786965300000,train,-1,-4.62,0.622,5.83,5.05,1.06,-4.75,1.85,1.72,1.47,1.06,1,0.13,neutral,bajista,0,0.111,32,7844,3,
s25731,STBLUSDT,1786966200000,train,-1,-4.25,0.498,6.6,4.93,0.39,-4.5,1.16,9.7,6.9,5.84,1,0.25,neutral,neutral,0,-1.0,12,7845,1,
s25732,STBLUSDT,1786967100000,train,-1,-3.64,0.417,6.5,4.42,0.38,-3.81,0.84,9.7,6.9,5.84,1,0.17,neutral,neutral,0,-1.0,11,7846,0,
s25733,STBLUSDT,1786968000000,train,-1,-4.33,0.459,6.36,4.99,0.45,-4.71,1.14,7.35,6.3,5.86,1,0.38,neutral,neutral,0,-1.0,10,7847,1,
s25734,STBLUSDT,1786977000000,train,1,4.54,0.401,6.42,4.74,4.9,4.57,3.01,4.28,6.74,6.55,0,-0.02,neutral,alcista,0,-0.323,32,7857,2,
s25735,WLDUSDT,1786977000000,train,-1,-2.64,0.522,3.62,3.11,0.82,-2.62,0.84,1.19,1.26,1.58,0,-0.02,neutral,neutral,0,0.891,32,7857,0,
s25736,STBLUSDT,1786977900000,train,1,4.83,0.416,6.38,5.37,5,4.5,3.35,4.28,6.74,6.55,0,0.33,neutral,alcista,0,-0.405,32,7858,3,
s25737,PENDLEUSDT,1786981500000,train,1,2.14,0.469,2.8,2.69,1.44,1.25,1.15,1.16,1.24,1.53,0,0.9,neutral,neutral,0,0.229,32,7862,1,
s25738,FETUSDT,1786981500000,train,1,2.24,0.474,3.08,2.91,1.13,1.34,1.28,1.31,1.75,1.59,0,0.9,neutral,neutral,0,0.111,32,7861,1,
s25739,PENDLEUSDT,1786982400000,train,1,2.4,0.498,3.11,3.0,1.68,1.77,1.34,1.39,1.35,1.55,0,0.64,neutral,alcista,0,0.126,32,7863,2,
s25740,PENDLEUSDT,1786983300000,train,1,2.32,0.472,3.37,2.8,2.01,1.52,1.01,1.39,1.35,1.55,0,0.8,neutral,neutral,0,0.06,32,7864,0,
s25741,PENDLEUSDT,1786984200000,train,1,2.93,0.627,3.24,2.84,2.14,2.13,1.1,1.39,1.35,1.55,0,0.81,neutral,neutral,0,0.128,32,7865,1,
s25742,FETUSDT,1786984200000,train,1,2.34,0.5,3.1,2.28,1.25,1.53,0.5,1.32,1.66,1.6,0,0.81,neutral,neutral,0,0.321,32,7864,0,
s25743,PENDLEUSDT,1786985100000,train,1,2.43,0.548,2.99,2.46,2.32,1.56,0.87,1.39,1.35,1.55,0,0.87,neutral,neutral,0,0.235,32,7866,0,
s25744,PENDLEUSDT,1786986900000,train,1,2.17,0.476,2.8,2.22,1.27,1.07,0.76,1.55,1.34,1.41,0,1.1,neutral,neutral,0,0.216,32,7868,1,
s25745,FETUSDT,1786986900000,train,1,2.15,0.464,2.43,2.18,0.83,1.05,1.2,1.35,1.63,1.62,0,1.1,neutral,alcista,0,-0.222,32,7867,2,
s25746,PUMPUSDT,1786994100000,train,-1,-2.95,0.406,5.44,5.15,0.41,-3.49,1.37,1.19,1.39,1.3,0,0.54,neutral,bajista,0,0.384,32,7876,3,
s25747,PUMPUSDT,1786995000000,train,-1,-3.51,0.502,5.59,5.34,0.39,-3.96,1.47,1.19,1.39,1.3,0,0.45,neutral,bajista,0,0.285,32,7877,4,
s25748,PUMPUSDT,1786995900000,train,-1,-4.15,0.604,5.78,5.64,0.34,-4.32,1.57,1.19,1.39,1.3,0,0.17,neutral,bajista,0,0.27,32,7878,5,
s25749,WLDUSDT,1786995900000,train,-1,-2.69,0.567,3.54,2.85,1.9,-2.86,1.04,1.13,1.21,1.34,0,0.17,neutral,neutral,1,2.0,26,7878,1,
s25750,PUMPUSDT,1786996800000,train,-1,-4.86,0.783,5.71,5.54,0.41,-5.24,1.54,1.21,1.33,1.34,0,0.38,neutral,bajista,0,0.231,32,7879,6,
s25751,PUMPUSDT,1786997700000,train,-1,-4.97,0.785,5.77,5.52,0.78,-5.48,2.34,1.21,1.33,1.34,0,0.51,neutral,bajista,0,0.078,32,7880,7,
s25752,0GUSDT,1786997700000,train,-1,-2.51,0.684,3.1,2.71,3.39,-3.02,2.08,1.65,1.03,0.71,1,0.51,neutral,bajista,1,2.0,11,7880,3,
s25753,PUMPUSDT,1786998600000,train,-1,-5.05,0.787,5.67,5.28,1.02,-5.53,2.33,1.21,1.33,1.34,0,0.48,neutral,bajista,0,-0.034,32,7881,8,
s25754,0GUSDT,1786998600000,train,-1,-2.64,0.695,3.11,2.84,3.77,-3.12,1.88,1.65,1.03,0.71,1,0.48,neutral,bajista,1,2.0,10,7881,4,
s25755,PUMPUSDT,1786999500000,train,-1,-3.52,0.622,4.65,3.86,1.12,-3.95,1.85,1.21,1.33,1.34,0,0.43,neutral,neutral,0,0.157,32,7882,0,
s25756,0GUSDT,1786999500000,train,-1,-4.45,0.793,5.74,5.0,4.58,-4.89,3.52,1.65,1.03,0.71,1,0.43,neutral,bajista,0,-0.338,32,7882,5,
s25757,PUMPUSDT,1787000400000,train,-1,-3.04,0.584,3.68,3.5,1.27,-3.66,2.26,1.13,1.32,1.35,0,0.62,neutral,neutral,0,-0.072,32,7883,1,
s25758,0GUSDT,1787000400000,train,-1,-4.45,0.793,5.74,5.07,3.64,-5.08,3.26,0.82,1.05,0.74,0,0.62,neutral,bajista,0,-0.427,32,7883,6,
s25759,PUMPUSDT,1787001300000,train,-1,-3.12,0.589,3.87,3.69,1.04,-3.32,2.29,1.13,1.32,1.35,0,0.21,neutral,bajista,0,-0.235,32,7884,2,
s25760,0GUSDT,1787001300000,train,-1,-4.57,0.835,5.66,4.79,3.44,-4.78,2.78,0.82,1.05,0.74,0,0.21,neutral,neutral,0,-0.465,32,7884,0,
s25761,PUMPUSDT,1787002200000,train,-1,-2.45,0.422,3.7,2.91,1.11,-2.65,1.37,1.13,1.32,1.35,0,0.19,neutral,neutral,0,-0.037,32,7885,0,
s25762,0GUSDT,1787002200000,train,-1,-4.13,0.762,5.59,4.51,3.9,-4.32,2.31,0.82,1.05,0.74,0,0.19,neutral,neutral,0,-0.299,32,7885,0,
s25763,PUMPUSDT,1787003100000,train,-1,-2.29,0.404,3.72,3.32,1.02,-2.38,1.42,1.13,1.32,1.35,0,0.09,neutral,neutral,0,-0.337,32,7886,1,
s25764,0GUSDT,1787003100000,train,-1,-4.13,0.762,5.59,4.51,0.81,-4.22,2.09,0.82,1.05,0.74,0,0.09,neutral,neutral,0,-0.493,32,7886,0,
s25765,PUMPUSDT,1787004000000,train,-1,-3.33,0.621,4.2,3.73,1.04,-3.24,1.61,0.97,1.34,1.34,0,-0.09,neutral,bajista,0,-0.447,32,7887,2,
s25766,0GUSDT,1787004000000,train,-1,-4.97,0.794,5.7,5.43,1.01,-4.88,2.72,1.1,1.23,0.82,0,-0.09,neutral,neutral,0,-0.388,32,7887,1,
s25767,WLDUSDT,1787004000000,train,-1,-2.15,0.373,2.65,2.54,0.53,-2.06,1.37,1.0,1.2,1.32,0,-0.09,neutral,bajista,1,2.0,18,7887,2,
s25768,PUMPUSDT,1787004900000,train,-1,-3.26,0.6,4.2,3.62,1.11,-2.95,1.35,0.97,1.34,1.34,0,-0.3,neutral,neutral,0,-0.48,32,7888,0,
s25769,0GUSDT,1787004900000,train,-1,-6.71,0.852,7.39,7.33,1.79,-6.4,3.99,1.1,1.23,0.82,0,-0.3,neutral,bajista,0,-0.5,32,7888,2,
s25770,WLDUSDT,1787004900000,train,-1,-2.66,0.423,3.16,2.99,1.09,-2.35,1.79,1.0,1.2,1.32,0,-0.3,neutral,bajista,1,2.0,28,7888,3,
s25771,PUMPUSDT,1787005800000,train,-1,-3.33,0.605,3.98,3.48,1.06,-3.09,1.21,0.97,1.34,1.34,0,-0.23,neutral,neutral,0,-0.594,32,7889,1,
s25772,0GUSDT,1787005800000,train,-1,-6.65,0.851,8.09,7.33,1.89,-6.41,3.63,1.1,1.23,0.82,0,-0.23,neutral,neutral,0,-0.349,32,7889,0,
s25773,WLDUSDT,1787005800000,train,-1,-2.88,0.464,3.25,3.08,1.21,-2.65,1.69,1.0,1.2,1.32,0,-0.23,neutral,bajista,1,2.0,27,7889,4,
s25774,PUMPUSDT,1787006700000,train,-1,-4.0,0.648,4.32,4.21,1.16,-3.79,2.1,0.97,1.34,1.34,0,-0.21,neutral,bajista,0,-0.774,32,7890,2,
s25775,0GUSDT,1787006700000,train,-1,-6.98,0.857,8.12,7.85,2.04,-6.77,3.72,1.1,1.23,0.82,0,-0.21,neutral,neutral,0,-0.398,32,7890,1,
s25776,WLDUSDT,1787006700000,train,-1,-2.97,0.471,3.5,3.41,1.49,-2.76,1.83,1.0,1.2,1.32,0,-0.21,neutral,bajista,1,2.0,27,7890,5,
s25777,PUMPUSDT,1787007600000,train,-1,-3.42,0.561,4.27,3.68,1.15,-3.47,1.68,0.85,1.18,1.35,0,0.06,neutral,neutral,0,-0.683,32,7891,0,
s25778,WLDUSDT,1787007600000,train,-1,-3.12,0.482,4.12,3.71,1.51,-3.17,1.9,1.08,1.21,1.34,0,0.06,neutral,bajista,0,1.449,32,7891,6,
s25779,PUMPUSDT,1787008500000,train,-1,-2.58,0.39,3.99,2.72,0.93,-2.72,0.9,0.85,1.18,1.35,0,0.14,neutral,neutral,0,-0.533,32,7892,0,
s25780,0GUSDT,1787008500000,train,-1,-7.03,0.796,9.57,7.7,1.27,-7.17,2.91,1.34,1.37,0.88,0,0.14,neutral,neutral,0,-0.369,32,7892,0,
s25781,WLDUSDT,1787008500000,train,-1,-3.05,0.47,4.08,3.35,0.9,-3.19,1.46,1.08,1.21,1.34,0,0.14,neutral,neutral,1,2.0,25,7892,0,
s25782,PUMPUSDT,1787009400000,train,-1,-3.18,0.441,3.87,3.4,0.87,-3.35,1.49,0.85,1.18,1.35,0,0.16,neutral,neutral,0,-0.71,32,7893,1,
s25783,WLDUSDT,1787009400000,train,-1,-3.05,0.47,3.96,3.24,0.91,-3.22,1.29,1.08,1.21,1.34,0,0.16,neutral,neutral,1,2.0,24,7893,0,
s25784,PUMPUSDT,1787010300000,train,-1,-2.73,0.383,3.68,3.03,0.77,-3.08,1.14,0.85,1.18,1.35,0,0.35,neutral,neutral,0,-1.0,28,7894,0,
s25785,0GUSDT,1787010300000,train,-1,-6.39,0.778,8.36,6.97,1.02,-6.74,2.8,1.34,1.37,0.88,0,0.35,neutral,bajista,0,-0.4,32,7894,2,
s25786,WLDUSDT,1787010300000,train,-1,-2.57,0.425,3.98,3.66,0.91,-2.91,1.51,1.08,1.21,1.34,0,0.35,neutral,neutral,0,1.424,32,7894,1,
s25787,0GUSDT,1787011200000,train,-1,-5.25,0.645,7.48,5.54,0.55,-5.45,2.05,1.53,1.48,0.92,1,0.2,neutral,neutral,0,-1.0,21,7895,0,
s25788,WLDUSDT,1787011200000,train,-1,-2.26,0.371,3.97,3.48,1.06,-2.46,1.25,1.35,1.23,1.35,0,0.2,neutral,neutral,1,2.0,22,7895,0,
s25789,0GUSDT,1787012100000,train,-1,-4.03,0.488,6.88,4.27,0.67,-4.1,1.24,1.53,1.48,0.92,1,0.07,neutral,neutral,0,-1.0,19,7896,0,
s25790,WLDUSDT,1787012100000,train,-1,-3.5,0.537,4.63,4.39,1.49,-3.57,1.92,1.35,1.23,1.35,0,0.07,neutral,neutral,0,1.181,32,7896,1,
s25791,WLDUSDT,1787013000000,train,-1,-3.53,0.551,4.92,3.81,1.83,-3.54,1.11,1.35,1.23,1.35,0,0.01,neutral,neutral,0,1.446,32,7897,0,
s25792,WLDUSDT,1787014800000,train,-1,-2.91,0.455,4.11,3.26,1.74,-2.86,1.23,1.31,1.23,1.3,0,-0.05,neutral,neutral,1,2.0,18,7899,1,
s25793,WLDUSDT,1787015700000,train,-1,-2.49,0.416,3.67,2.85,1.04,-2.48,1.22,1.31,1.23,1.3,0,-0.01,neutral,bajista,1,2.0,17,7900,2,
s25794,STBLUSDT,1787016600000,train,-1,-2.65,0.621,3.03,2.84,3.08,-2.56,1.59,0.66,2.25,4.45,0,-0.09,neutral,bajista,0,0.733,32,7901,3,
s25795,WLDUSDT,1787016600000,train,-1,-3.17,0.512,3.69,3.34,0.9,-3.08,1.38,1.31,1.23,1.3,0,-0.09,neutral,bajista,0,1.46,32,7901,3,
s25796,STBLUSDT,1787017500000,train,-1,-2.77,0.63,4.03,3.35,5,-2.5,1.89,0.66,2.25,4.45,0,-0.27,neutral,bajista,0,0.58,32,7902,4,
s25797,WLDUSDT,1787017500000,train,-1,-3.24,0.516,3.96,3.52,0.79,-2.96,1.43,1.31,1.23,1.3,0,-0.27,neutral,bajista,0,1.235,32,7902,4,
s25798,STBLUSDT,1787018400000,train,-1,-2.88,0.672,3.84,3.12,3.95,-2.67,1.66,1.19,1.7,4.5,0,-0.21,neutral,neutral,0,0.585,32,7903,0,
s25799,WLDUSDT,1787018400000,train,-1,-2.74,0.473,3.11,2.91,0.64,-2.53,1.45,1.74,1.47,1.4,1,-0.21,neutral,bajista,1,2.0,14,7903,5,
s25800,FETUSDT,1787018400000,train,-1,-2.18,0.529,2.39,2.31,1.82,-1.97,1.59,1.07,1.06,1.4,0,-0.21,neutral,bajista,0,-0.429,32,7902,4,
s25801,STBLUSDT,1787019300000,train,-1,-3.44,0.71,4.1,3.91,4.57,-3.22,2.29,1.19,1.7,4.5,0,-0.22,neutral,neutral,0,0.363,32,7904,1,
s25802,WLDUSDT,1787019300000,train,-1,-3.89,0.558,4.41,4.23,1.6,-3.67,2.96,1.74,1.47,1.4,1,-0.22,neutral,bajista,0,0.536,32,7904,6,
s25803,STBLUSDT,1787020200000,train,-1,-3.56,0.716,4.23,4.19,2.68,-3.27,2.27,1.19,1.7,4.5,0,-0.29,neutral,bajista,0,0.183,32,7905,2,
s25804,WLDUSDT,1787020200000,train,-1,-4.27,0.581,5.01,4.67,2.16,-3.98,3.1,1.74,1.47,1.4,1,-0.29,neutral,bajista,0,0.312,32,7905,7,
s25805,FETUSDT,1787020200000,train,-1,-2.18,0.509,2.56,2.39,1.72,-1.89,1.42,1.07,1.06,1.4,0,-0.29,neutral,neutral,0,-0.448,32,7904,1,
s25806,ARUSDT,1787020200000,testB,-1,-2.2,0.645,2.87,2.59,3.31,-1.91,1.6,0.85,0.86,0.93,0,-0.29,neutral,bajista,0,0.065,32,7904,4,
s25807,SANDUSDT,1787020200000,testB,-1,-2.05,0.541,3.19,3.03,2.65,-1.76,1.77,1.2,0.94,1.18,0,-0.29,neutral,bajista,0,-0.466,32,7904,6,
s25808,STBLUSDT,1787021100000,train,-1,-6.34,0.818,8.23,7.28,4.3,-6.04,4.64,1.19,1.7,4.5,0,-0.3,neutral,bajista,0,-0.326,32,7906,3,
s25809,WLDUSDT,1787021100000,train,-1,-4.43,0.589,6.07,5.06,2.8,-4.13,3.17,1.74,1.47,1.4,1,-0.3,neutral,bajista,0,0.114,32,7906,8,
s25810,OPUSDT,1787021100000,train,-1,-2.87,0.545,4.69,4.19,5,-2.57,2.61,1.31,1.26,1.15,1,-0.3,neutral,bajista,0,-0.365,32,7906,8,
s25811,SUIUSDT,1787021100000,train,-1,-3.63,0.739,6.59,4.38,5,-3.33,3.32,2.9,1.85,1.39,1,-0.3,neutral,bajista,0,0.004,32,7906,8,
s25812,TIAUSDT,1787021100000,train,-1,-2.65,0.506,4.08,3.57,5.0,-2.35,2.22,1.09,0.9,0.87,1,-0.3,neutral,bajista,0,-0.543,32,7906,6,
s25813,SEIUSDT,1787021100000,train,-1,-2.57,0.785,3.34,2.92,5,-2.27,2.08,1.44,1.14,0.89,1,-0.3,neutral,bajista,0,-0.186,32,7906,8,
s25814,FETUSDT,1787021100000,train,-1,-2.52,0.544,4.0,3.42,2.19,-2.22,2.19,1.07,1.06,1.4,0,-0.3,neutral,bajista,0,-0.585,32,7905,2,
s25815,ARUSDT,1787021100000,testB,-1,-2.92,0.707,3.57,3.4,3.8,-2.62,2.13,0.85,0.86,0.93,0,-0.3,neutral,bajista,0,-0.25,32,7905,5,
s25816,GRTUSDT,1787021100000,testB,-1,-2.54,0.68,3.45,3.22,5,-2.24,2.25,0.95,0.95,0.85,0,-0.3,neutral,bajista,0,-0.595,32,7905,3,
s25817,SANDUSDT,1787021100000,testB,-1,-2.71,0.609,3.92,3.82,2.89,-2.41,2.26,1.2,0.94,1.18,0,-0.3,neutral,bajista,0,-0.566,32,7905,7,
s25818,WLDUSDT,1787022000000,train,-1,-4.27,0.579,6.08,5.19,3.06,-3.84,2.9,1.87,1.42,1.4,1,-0.43,neutral,bajista,0,0.112,32,7907,8,
s25819,OPUSDT,1787022000000,train,-1,-3.93,0.767,4.71,4.71,5,-3.5,2.77,1.54,1.32,1.12,1,-0.43,neutral,bajista,0,-0.468,32,7907,8,
s25820,SUIUSDT,1787022000000,train,-1,-3.35,0.649,6.56,3.92,5,-2.92,2.59,3.57,2.16,1.52,1,-0.43,neutral,neutral,0,0.024,32,7907,0,
s25821,TIAUSDT,1787022000000,train,-1,-3.4,0.656,4.1,3.96,5,-2.96,2.33,1.26,0.94,0.9,1,-0.43,neutral,bajista,0,-0.638,32,7907,7,
s25822,SEIUSDT,1787022000000,train,-1,-3.6,0.877,4.2,3.92,5,-3.17,2.7,2.1,1.39,1.06,1,-0.43,neutral,bajista,0,-0.44,32,7907,8,
s25823,JUPUSDT,1787022000000,train,-1,-2.21,0.627,3.11,2.81,5,-1.78,1.73,1.0,0.99,0.85,1,-0.43,neutral,bajista,0,-0.587,32,7907,8,
s25824,FETUSDT,1787022000000,train,-1,-3.24,0.69,4.02,3.85,2.02,-2.81,2.33,1.1,1.02,1.41,0,-0.43,neutral,bajista,0,-0.696,32,7906,3,
s25825,ARUSDT,1787022000000,testB,-1,-3.08,0.778,3.57,3.4,3.91,-2.65,1.92,1.1,0.94,0.99,0,-0.43,neutral,neutral,0,-0.25,32,7906,0,
s25826,STXUSDT,1787022000000,testB,-1,-2.56,0.608,3.23,2.97,4.92,-2.13,1.92,1.67,1.08,0.84,1,-0.43,neutral,bajista,0,-0.457,32,7906,6,
s25827,GRTUSDT,1787022000000,testB,-1,-3.35,0.849,3.85,3.78,5,-2.92,2.52,1.35,1.12,0.94,1,-0.43,neutral,bajista,0,-0.714,32,7906,4,
s25828,SANDUSDT,1787022000000,testB,-1,-3.61,0.709,5.01,4.64,4.34,-3.17,2.73,1.67,1.11,1.29,0,-0.43,neutral,bajista,0,-0.731,32,7906,8,
s25829,APEUSDT,1787022000000,testB,-1,-2.25,0.7,2.63,2.46,5,-1.82,1.46,1.18,1.06,1.06,1,-0.43,neutral,bajista,0,-0.733,32,7906,3,
s25830,WLDUSDT,1787022900000,train,-1,-4.43,0.618,6.07,5.03,1.81,-3.84,2.48,1.87,1.42,1.4,1,-0.59,neutral,neutral,0,0.121,32,7908,0,
s25831,OPUSDT,1787022900000,train,-1,-4.16,0.854,4.71,4.71,5,-3.57,2.51,1.54,1.32,1.12,1,-0.59,neutral,neutral,0,-0.526,32,7908,0,
s25832,SUIUSDT,1787022900000,train,-1,-3.62,0.709,6.56,4.03,5,-3.03,2.43,3.57,2.16,1.52,1,-0.59,neutral,neutral,0,-0.076,32,7908,1,
s25833,TIAUSDT,1787022900000,train,-1,-3.52,0.699,4.02,3.68,5,-2.93,1.93,1.26,0.94,0.9,1,-0.59,neutral,neutral,0,-0.657,32,7908,0,
s25834,SEIUSDT,1787022900000,train,-1,-3.15,0.691,4.18,3.4,5,-2.56,2.01,2.1,1.39,1.06,1,-0.59,neutral,neutral,0,-0.374,32,7908,0,
s25835,FETUSDT,1787022900000,train,-1,-2.83,0.556,4.0,3.33,2.04,-2.24,1.67,1.1,1.02,1.41,0,-0.59,neutral,neutral,0,-0.675,32,7907,0,
s25836,ARUSDT,1787022900000,testB,-1,-3.57,0.867,3.81,3.76,3.96,-2.98,2.03,1.1,0.94,0.99,0,-0.59,neutral,neutral,0,-0.424,32,7907,1,
s25837,STXUSDT,1787022900000,testB,-1,-2.89,0.714,3.23,3.06,3.5,-2.3,1.81,1.67,1.08,0.84,1,-0.59,neutral,bajista,0,-0.528,32,7907,7,
s25838,GRTUSDT,1787022900000,testB,-1,-2.97,0.69,3.83,3.22,5,-2.38,1.79,1.35,1.12,0.94,1,-0.59,neutral,neutral,0,-0.69,32,7907,0,
s25839,SANDUSDT,1787022900000,testB,-1,-3.45,0.659,5.0,4.28,4.21,-2.86,2.16,1.67,1.11,1.29,0,-0.59,neutral,neutral,0,-0.691,32,7907,0,
s25840,APEUSDT,1787022900000,testB,-1,-2.57,0.727,2.8,2.8,5,-1.98,1.6,1.18,1.06,1.06,1,-0.59,neutral,bajista,0,-0.765,32,7907,4,
s25841,WLDUSDT,1787023800000,train,-1,-4.28,0.586,6.03,4.84,1.18,-3.83,2.07,1.87,1.42,1.4,1,-0.46,neutral,neutral,0,0.164,32,7909,0,
s25842,OPUSDT,1787023800000,train,-1,-3.21,0.574,4.79,3.81,3.97,-2.75,1.51,1.54,1.32,1.12,1,-0.46,neutral,neutral,0,-0.461,32,7909,0,
s25843,SUIUSDT,1787023800000,train,-1,-3.81,0.724,6.58,4.22,5,-3.35,2.36,3.57,2.16,1.52,1,-0.46,neutral,bajista,0,-0.077,32,7909,2,
s25844,TIAUSDT,1787023800000,train,-1,-2.84,0.566,3.73,3.05,3.34,-2.38,1.42,1.26,0.94,0.9,1,-0.46,neutral,neutral,0,-0.622,32,7909,0,
s25845,SEIUSDT,1787023800000,train,-1,-2.47,0.505,4.16,2.87,5,-2.01,1.35,2.1,1.39,1.06,1,-0.46,neutral,neutral,0,-0.27,32,7909,0,
s25846,FETUSDT,1787023800000,train,-1,-2.43,0.441,3.98,2.82,1.96,-1.97,0.98,1.1,1.02,1.41,0,-0.46,neutral,neutral,0,-0.618,32,7908,0,
s25847,ARUSDT,1787023800000,testB,-1,-3.08,0.778,4.15,3.41,2.79,-2.63,1.68,1.1,0.94,0.99,0,-0.46,neutral,neutral,0,-0.383,32,7908,0,
s25848,STXUSDT,1787023800000,testB,-1,-2.07,0.472,3.13,2.36,3.47,-1.61,1.07,1.67,1.08,0.84,1,-0.46,neutral,neutral,0,-0.357,32,7908,0,
s25849,GRTUSDT,1787023800000,testB,-1,-2.6,0.574,3.74,2.83,5,-2.15,1.32,1.35,1.12,0.94,1,-0.46,neutral,neutral,0,-0.649,32,7908,0,
s25850,SANDUSDT,1787023800000,testB,-1,-3.27,0.61,4.99,4.12,2.88,-2.81,1.81,1.67,1.11,1.29,0,-0.46,neutral,neutral,0,-0.628,32,7908,0,
s25851,WLDUSDT,1787024700000,train,-1,-4.1,0.574,5.98,5.0,0.54,-3.54,2.02,1.87,1.42,1.4,1,-0.55,neutral,neutral,0,0.14,32,7910,1,
s25852,OPUSDT,1787024700000,train,-1,-3.44,0.617,4.8,3.94,0.97,-2.89,1.56,1.54,1.32,1.12,1,-0.55,neutral,neutral,0,-0.431,32,7910,1,
s25853,SUIUSDT,1787024700000,train,-1,-4.33,0.749,6.54,4.74,0.94,-3.77,2.66,3.57,2.16,1.52,1,-0.55,neutral,bajista,0,-0.157,32,7910,3,
s25854,TIAUSDT,1787024700000,train,-1,-2.84,0.566,3.74,3.2,0.94,-2.29,1.46,1.26,0.94,0.9,1,-0.55,neutral,neutral,0,-0.638,32,7910,1,
s25855,SEIUSDT,1787024700000,train,-1,-2.44,0.497,4.16,2.82,1.83,-1.89,1.19,2.1,1.39,1.06,1,-0.55,neutral,neutral,0,-0.193,32,7910,0,
s25856,JUPUSDT,1787024700000,train,-1,-2.02,0.548,3.09,2.25,2.88,-1.47,0.89,1.0,0.99,0.85,1,-0.55,neutral,neutral,0,-0.568,32,7910,0,
s25857,FETUSDT,1787024700000,train,-1,-2.66,0.508,3.9,2.74,0.85,-2.11,0.93,1.1,1.02,1.41,0,-0.55,neutral,neutral,0,-0.485,32,7909,1,
s25858,ARUSDT,1787024700000,testB,-1,-3.14,0.803,4.09,3.35,1.38,-2.58,1.55,1.1,0.94,0.99,0,-0.55,neutral,neutral,0,-0.424,32,7909,1,
s25859,GRTUSDT,1787024700000,testB,-1,-2.68,0.581,3.67,2.91,2.06,-2.13,1.38,1.35,1.12,0.94,1,-0.55,neutral,neutral,0,-0.711,32,7909,1,
s25860,SANDUSDT,1787024700000,testB,-1,-3.06,0.556,4.98,3.93,1.84,-2.51,1.49,1.67,1.11,1.29,0,-0.55,neutral,neutral,0,-0.564,32,7909,0,
s25861,WLDUSDT,1787025600000,train,-1,-4.59,0.631,6.0,5.36,0.37,-4.12,2.18,1.76,1.39,1.39,0,-0.47,neutral,bajista,0,0.069,32,7911,2,
s25862,OPUSDT,1787025600000,train,-1,-3.09,0.542,4.79,3.68,1.67,-2.62,1.22,1.82,1.49,1.2,1,-0.47,neutral,neutral,0,-0.373,32,7911,0,
s25863,SUIUSDT,1787025600000,train,-1,-4.44,0.769,6.54,4.8,0.78,-3.97,2.49,4.01,2.39,1.65,1,-0.47,neutral,bajista,0,-0.21,32,7911,4,
s25864,TIAUSDT,1787025600000,train,-1,-2.25,0.447,3.73,2.88,0.7,-1.78,1.1,1.37,0.95,0.92,1,-0.47,neutral,neutral,0,-0.588,32,7911,0,
s25865,SEIUSDT,1787025600000,train,-1,-2.24,0.438,4.15,2.6,0.61,-1.77,0.9,2.16,1.36,1.08,1,-0.47,neutral,neutral,0,-0.188,32,7911,0,
s25866,FETUSDT,1787025600000,train,-1,-2.18,0.415,3.89,2.48,0.6,-1.72,0.63,0.99,0.95,1.34,0,-0.47,neutral,neutral,0,-0.5,32,7910,0,
s25867,ARUSDT,1787025600000,testB,-1,-2.81,0.718,3.91,3.01,1.14,-2.34,1.27,1.2,0.93,1.01,0,-0.47,neutral,neutral,0,-0.302,32,7910,0,
s25868,GRTUSDT,1787025600000,testB,-1,-2.38,0.5,3.66,2.67,1.17,-1.92,1.06,1.4,1.06,0.95,1,-0.47,neutral,neutral,0,-0.6,32,7910,0,
s25869,SANDUSDT,1787025600000,testB,-1,-2.66,0.448,4.93,3.44,0.81,-2.19,0.97,1.68,1.12,1.18,0,-0.47,neutral,neutral,0,-0.557,32,7910,0,
s25870,WLDUSDT,1787026500000,train,-1,-3.71,0.573,5.91,5.23,0.34,-3.24,1.95,1.76,1.39,1.39,0,-0.47,neutral,neutral,0,0.053,32,7912,0,
s25871,OPUSDT,1787026500000,train,-1,-3.09,0.542,4.79,3.68,1.43,-2.62,1.09,1.82,1.49,1.2,1,-0.47,neutral,neutral,0,-0.367,32,7912,0,
s25872,SUIUSDT,1787026500000,train,-1,-4.12,0.716,6.53,4.64,0.64,-3.65,2.13,4.01,2.39,1.65,1,-0.47,neutral,neutral,0,-0.21,32,7912,0,
s25873,TIAUSDT,1787026500000,train,-1,-2.21,0.438,3.72,2.64,0.66,-1.74,0.73,1.37,0.95,0.92,1,-0.47,neutral,neutral,0,-0.705,32,7912,0,
s25874,SEIUSDT,1787026500000,train,-1,-2.37,0.465,4.15,2.66,0.39,-1.9,0.84,2.16,1.36,1.08,1,-0.47,neutral,neutral,0,-0.165,32,7912,1,
s25875,FETUSDT,1787026500000,train,-1,-2.26,0.438,3.8,2.31,0.47,-1.79,0.51,0.99,0.95,1.34,0,-0.47,neutral,neutral,0,-0.5,32,7911,0,
s25876,ARUSDT,1787026500000,testB,-1,-2.76,0.694,3.8,2.83,0.82,-2.29,1.06,1.2,0.93,1.01,0,-0.47,neutral,neutral,0,-0.3,32,7911,0,
s25877,GRTUSDT,1787026500000,testB,-1,-2.38,0.5,3.66,2.59,0.61,-1.91,0.88,1.4,1.06,0.95,1,-0.47,neutral,neutral,0,-0.559,32,7911,0,
s25878,SANDUSDT,1787026500000,testB,-1,-3.23,0.58,4.94,3.57,0.72,-2.76,1.0,1.68,1.12,1.18,0,-0.47,neutral,neutral,0,-0.64,32,7911,1,
s25879,WLDUSDT,1787027400000,train,-1,-3.93,0.632,5.89,4.88,0.38,-3.65,1.41,1.76,1.39,1.39,0,-0.28,neutral,neutral,0,0.2,32,7913,0,
s25880,OPUSDT,1787027400000,train,-1,-2.73,0.451,4.77,3.3,1.25,-2.45,0.68,1.82,1.49,1.2,1,-0.28,neutral,neutral,0,-0.222,32,7913,0,
s25881,SUIUSDT,1787027400000,train,-1,-4.14,0.721,6.53,4.59,0.61,-3.86,1.88,4.01,2.39,1.65,1,-0.28,neutral,neutral,0,-0.209,32,7913,0,
s25882,TIAUSDT,1787027400000,train,-1,-2.21,0.438,3.71,2.53,0.56,-1.93,0.55,1.37,0.95,0.92,1,-0.28,neutral,neutral,0,-0.6,32,7913,0,
s25883,SEIUSDT,1787027400000,train,-1,-2.22,0.423,4.15,2.47,0.27,-1.93,0.6,2.16,1.36,1.08,1,-0.28,neutral,neutral,0,-0.052,32,7913,0,
s25884,GRTUSDT,1787027400000,testB,-1,-2.23,0.455,3.65,2.36,0.47,-1.95,0.58,1.4,1.06,0.95,1,-0.28,neutral,neutral,0,-0.419,32,7912,0,
s25885,SANDUSDT,1787027400000,testB,-1,-2.88,0.531,4.49,3.02,0.37,-2.6,0.8,1.68,1.12,1.18,0,-0.28,neutral,neutral,0,-0.678,32,7912,0,
s25886,STBLUSDT,1787028300000,train,-1,-3.91,0.422,6.95,4.07,0.14,-3.65,1.37,1.71,1.34,4.61,0,-0.27,neutral,bajista,0,-0.029,32,7914,3,
s25887,WLDUSDT,1787028300000,train,-1,-4.81,0.789,5.91,5.33,0.39,-4.54,1.68,1.76,1.39,1.39,0,-0.27,neutral,neutral,0,0.063,32,7914,1,
s25888,OPUSDT,1787028300000,train,-1,-2.85,0.48,4.76,3.17,1.21,-2.58,0.49,1.82,1.49,1.2,1,-0.27,neutral,neutral,0,-0.077,32,7914,0,
s25889,SUIUSDT,1787028300000,train,-1,-4.23,0.753,6.52,4.51,0.6,-3.96,1.65,4.01,2.39,1.65,1,-0.27,neutral,neutral,0,-0.209,32,7914,0,
s25890,TIAUSDT,1787028300000,train,-1,-2.34,0.477,3.71,2.43,0.57,-2.07,0.37,1.37,0.95,0.92,1,-0.27,neutral,neutral,0,-0.542,32,7914,0,
s25891,SEIUSDT,1787028300000,train,-1,-2.24,0.43,4.06,2.32,0.26,-1.97,0.47,2.16,1.36,1.08,1,-0.27,neutral,neutral,0,0.011,32,7914,0,
s25892,ARUSDT,1787028300000,testB,-1,-2.21,0.556,3.72,2.26,0.55,-1.94,0.44,1.2,0.93,1.01,0,-0.27,neutral,neutral,0,-0.125,32,7913,0,
s25893,GRTUSDT,1787028300000,testB,-1,-2.23,0.455,3.65,2.36,0.36,-1.96,0.52,1.4,1.06,0.95,1,-0.27,neutral,neutral,0,-0.387,32,7913,1,
s25894,SANDUSDT,1787028300000,testB,-1,-2.79,0.522,4.23,3.02,0.32,-2.52,0.97,1.68,1.12,1.18,0,-0.27,neutral,neutral,0,-1.0,30,7913,1,
s25895,STBLUSDT,1787029200000,train,-1,-4.01,0.426,6.68,4.45,0.26,-3.84,1.81,1.72,1.27,4.54,0,-0.18,neutral,bajista,0,-0.149,32,7915,4,
s25896,WLDUSDT,1787029200000,train,-1,-3.53,0.594,5.09,3.93,0.47,-3.35,0.88,2.12,1.61,1.5,1,-0.18,neutral,neutral,0,0.202,32,7915,0,
s25897,OPUSDT,1787029200000,train,-1,-2.38,0.385,4.5,2.55,0.29,-2.2,0.11,1.94,1.37,1.23,1,-0.18,neutral,neutral,0,0.01,32,7915,0,
s25898,SUIUSDT,1787029200000,train,-1,-3.95,0.715,6.27,4.17,0.46,-3.77,1.38,4.4,2.6,1.73,1,-0.18,neutral,neutral,0,-0.204,32,7915,0,
s25899,GRTUSDT,1787029200000,testB,-1,-2.16,0.446,3.58,2.28,0.3,-1.98,0.48,1.43,1.01,0.97,1,-0.18,neutral,neutral,0,-0.433,32,7914,0,
s25900,SANDUSDT,1787029200000,testB,-1,-2.25,0.383,4.21,2.38,0.75,-2.07,0.37,1.91,1.2,1.18,1,-0.18,neutral,neutral,0,-1.0,29,7914,0,
s25901,STBLUSDT,1787030100000,train,-1,-3.53,0.37,6.23,3.7,0.23,-3.41,1.33,1.72,1.27,4.54,0,-0.12,neutral,neutral,0,-0.116,32,7916,0,
s25902,0GUSDT,1787030100000,train,1,2.64,0.429,4.82,4.35,2.11,2.76,2.41,1.17,1.26,1.07,0,-0.12,neutral,alcista,0,-1.0,32,7916,6,
s25903,WLDUSDT,1787030100000,train,-1,-5.23,0.685,5.99,5.58,0.9,-5.11,2.49,2.12,1.61,1.5,1,-0.12,neutral,neutral,0,-0.194,32,7916,1,
s25904,SUIUSDT,1787030100000,train,-1,-4.41,0.737,6.18,4.63,0.45,-4.29,1.76,4.4,2.6,1.73,1,-0.12,neutral,neutral,0,-0.258,32,7916,1,
s25905,GRTUSDT,1787030100000,testB,-1,-2.23,0.455,3.5,2.28,0.25,-2.11,0.51,1.43,1.01,0.97,1,-0.12,neutral,neutral,0,-0.333,32,7915,1,
s25906,SANDUSDT,1787030100000,testB,-1,-2.12,0.369,4.05,2.25,0.76,-2.0,0.33,1.91,1.2,1.18,1,-0.12,neutral,neutral,0,-1.0,17,7915,1,
s25907,WLDUSDT,1787031000000,train,-1,-5.35,0.688,6.83,5.8,1.61,-5.3,2.85,2.12,1.61,1.5,1,-0.05,neutral,bajista,0,-0.247,32,7917,2,
s25908,SUIUSDT,1787031000000,train,-1,-4.34,0.734,6.09,4.55,0.58,-4.29,1.63,4.4,2.6,1.73,1,-0.05,neutral,bajista,0,-0.304,32,7917,2,
s25909,SEIUSDT,1787031000000,train,-1,-2.12,0.393,3.61,2.19,0.37,-2.08,0.69,2.31,1.39,1.13,1,-0.05,neutral,bajista,0,-0.153,32,7917,2,
s25910,GRTUSDT,1787031000000,testB,-1,-2.09,0.438,3.35,2.13,0.25,-2.04,0.46,1.43,1.01,0.97,1,-0.05,neutral,neutral,0,-0.321,32,7916,0,
s25911,0GUSDT,1787031900000,train,1,3.12,0.418,4.81,4.54,1.91,3.08,2.05,1.17,1.26,1.07,0,0.04,neutral,neutral,0,-1.0,30,7918,1,
s25912,WLDUSDT,1787031900000,train,-1,-5.5,0.694,6.86,6.17,1.73,-5.55,2.79,2.12,1.61,1.5,1,0.04,neutral,bajista,0,-0.234,32,7918,3,
s25913,SUIUSDT,1787031900000,train,-1,-4.02,0.711,5.79,4.22,0.5,-4.07,1.42,4.4,2.6,1.73,1,0.04,neutral,neutral,0,-0.265,32,7918,0,
s25914,WLDUSDT,1787032800000,train,-1,-4.95,0.616,6.43,5.4,1.81,-5.04,2.22,2.35,1.85,1.57,1,0.08,neutral,neutral,0,-0.168,32,7919,0,
s25915,SUIUSDT,1787032800000,train,-1,-3.64,0.629,5.73,3.9,0.46,-3.72,1.04,4.39,2.66,1.71,1,0.08,neutral,neutral,0,-0.202,32,7919,0,
s25916,PUMPUSDT,1787033700000,train,1,2.63,0.571,2.88,2.74,1.4,2.33,1.01,0.65,0.75,1.15,0,0.3,neutral,alcista,0,0.351,32,7920,3,
s25917,WLDUSDT,1787033700000,train,-1,-2.51,0.356,4.49,2.76,2.08,-2.8,1.31,2.35,1.85,1.57,1,0.3,neutral,neutral,0,-0.573,32,7920,0,
s25918,SUIUSDT,1787033700000,train,-1,-3.0,0.477,5.54,3.14,0.46,-3.3,0.4,4.39,2.66,1.71,1,0.3,neutral,neutral,0,-0.446,32,7920,0,
s25919,PENDLEUSDT,1787033700000,train,1,2.28,0.424,3.94,3.52,1.53,1.98,1.76,1.61,1.42,1.41,1,0.3,neutral,alcista,0,0.198,32,7920,7,
s25920,PUMPUSDT,1787034600000,train,1,2.43,0.554,2.73,2.59,1.53,1.94,1.16,0.65,0.75,1.15,0,0.49,neutral,alcista,0,-0.055,32,7921,4,
s25921,SUIUSDT,1787034600000,train,-1,-2.68,0.438,5.28,2.8,0.23,-3.17,0.26,4.39,2.66,1.71,1,0.49,neutral,neutral,0,-0.346,32,7921,0,
s25922,PENDLEUSDT,1787034600000,train,1,3.37,0.669,3.92,3.84,1.58,2.87,1.92,1.61,1.42,1.41,1,0.49,neutral,alcista,0,0.012,32,7921,8,
s25923,PUMPUSDT,1787035500000,train,1,2.43,0.554,2.62,2.52,1.18,2.08,1.17,0.65,0.75,1.15,0,0.35,neutral,alcista,0,-0.085,32,7922,5,
s25924,PENDLEUSDT,1787035500000,train,1,3.28,0.636,3.8,3.2,1.71,2.93,1.32,1.61,1.42,1.41,1,0.35,neutral,neutral,0,0.109,32,7922,0,
s25925,FETUSDT,1787035500000,train,1,2.5,0.682,3.17,2.93,0.96,2.15,0.94,1.06,0.92,1.25,0,0.35,neutral,neutral,0,-0.444,32,7921,0,
s25926,XPLUSDT,1787036400000,train,1,2.26,0.751,2.55,2.4,1.68,1.86,1.27,2.09,1.41,1.32,1,0.4,neutral,alcista,0,-0.137,32,7923,4,
s25927,TIAUSDT,1787036400000,train,1,2.63,0.636,2.66,2.63,1.16,2.23,0.98,1.49,1.08,0.93,1,0.4,neutral,neutral,0,0.089,32,7923,1,
s25928,JUPUSDT,1787036400000,train,1,2.07,0.447,2.75,2.45,0.35,1.68,0.61,2.41,1.37,1.15,1,0.4,neutral,neutral,0,-0.073,32,7923,1,
s25929,PENDLEUSDT,1787036400000,train,1,3.13,0.627,3.16,3.04,1.68,2.73,1.62,1.83,1.52,1.46,1,0.4,neutral,neutral,0,0.132,32,7923,1,
s25930,FETUSDT,1787036400000,train,1,2.6,0.721,3.1,2.53,1.59,2.2,0.53,1.01,0.94,1.13,0,0.4,neutral,neutral,0,-0.323,32,7922,0,
s25931,SANDUSDT,1787036400000,testB,1,2.44,0.575,2.51,2.49,0.54,2.04,0.66,1.7,1.25,1.14,1,0.4,neutral,neutral,0,0.302,32,7922,1,
s25932,TIAUSDT,1787037300000,train,1,2.15,0.512,2.83,2.3,1.07,1.88,0.73,1.49,1.08,0.93,1,0.27,neutral,neutral,0,0.304,32,7924,0,
s25933,PENDLEUSDT,1787037300000,train,1,2.63,0.581,3.26,2.94,1.35,2.36,1.54,1.83,1.52,1.46,1,0.27,neutral,neutral,0,0.154,32,7924,0,
s25934,FETUSDT,1787037300000,train,1,2.08,0.676,2.69,2.12,1.59,1.81,0.53,1.01,0.94,1.13,0,0.27,neutral,neutral,0,-0.308,32,7923,1,
s25935,XPLUSDT,1787038200000,train,1,2.07,0.708,2.99,2.6,1.66,1.96,1.43,2.09,1.41,1.32,1,0.11,neutral,neutral,0,-0.101,32,7925,1,
s25936,STBLUSDT,1787038200000,train,-1,-2.08,0.628,2.6,2.4,1.07,-2.19,0.53,1.53,1.09,2.94,0,0.11,neutral,neutral,0,-0.541,32,7925,1,
s25937,PENDLEUSDT,1787038200000,train,1,2.21,0.488,3.23,2.7,1.46,2.11,1.25,1.83,1.52,1.46,1,0.11,neutral,neutral,0,0.102,32,7925,0,
s25938,XPLUSDT,1787039100000,train,1,2.32,0.731,3.24,2.89,1.31,2.28,1.57,2.09,1.41,1.32,1,0.04,neutral,alcista,0,-0.023,32,7926,2,
s25939,PENDLEUSDT,1787039100000,train,1,2.08,0.445,3.23,2.51,1.43,2.04,0.87,1.83,1.52,1.46,1,0.04,neutral,neutral,0,0.249,32,7926,0,
s25940,XPLUSDT,1787040000000,train,1,2.81,0.784,3.4,3.32,1.45,2.78,1.8,1.7,1.67,1.42,1,0.03,neutral,alcista,0,-0.23,32,7927,3,
s25941,STBLUSDT,1787040000000,train,-1,-2.0,0.605,2.6,2.2,0.95,-2.03,0.71,1.0,1.1,2.32,0,0.03,neutral,neutral,0,-0.607,32,7927,1,
s25942,PENDLEUSDT,1787040000000,train,1,2.14,0.461,3.24,2.42,1.53,2.11,0.64,1.92,1.65,1.54,1,0.03,neutral,neutral,0,0.212,32,7927,0,
s25943,XPLUSDT,1787040900000,train,1,2.52,0.649,3.44,2.92,1.04,2.43,1.22,1.7,1.67,1.42,1,0.09,neutral,neutral,0,-0.366,32,7928,0,
s25944,XPLUSDT,1787041800000,train,1,2.6,0.657,3.44,2.99,1.87,2.49,1.16,1.7,1.67,1.42,1,0.12,neutral,neutral,0,-0.452,32,7929,1,
s25945,PENDLEUSDT,1787041800000,train,1,2.83,0.481,3.22,2.95,1.41,2.72,1.05,1.92,1.65,1.54,1,0.12,neutral,neutral,0,0.045,32,7929,1,
s25946,SANDUSDT,1787041800000,testB,1,2.1,0.533,2.54,2.44,0.8,1.98,1.14,1.38,1.3,1.15,1,0.12,neutral,alcista,0,-0.095,32,7928,5,
s25947,XPLUSDT,1787042700000,train,1,2.76,0.67,3.64,3.18,2.42,2.64,1.24,1.7,1.67,1.42,1,0.12,neutral,alcista,0,-0.657,32,7930,2,
s25948,0GUSDT,1787042700000,train,-1,-2.59,0.358,4.57,3.82,0.74,-2.71,0.84,1.12,1.28,1.13,0,0.12,neutral,neutral,0,0.196,32,7930,0,
s25949,ARBUSDT,1787042700000,train,1,2.14,0.508,2.32,2.29,2.48,2.01,1.51,0.82,0.77,0.77,0,0.12,neutral,alcista,0,-0.603,32,7930,5,
s25950,PENDLEUSDT,1787042700000,train,1,3.41,0.527,3.42,3.36,1.6,3.28,1.51,1.92,1.65,1.54,1,0.12,neutral,alcista,0,-0.234,32,7930,2,
s25951,SANDUSDT,1787042700000,testB,1,2.5,0.655,2.64,2.51,0.92,2.37,1.08,1.38,1.3,1.15,1,0.12,neutral,alcista,0,-0.245,32,7929,6,
s25952,XPLUSDT,1787043600000,train,1,2.82,0.683,3.64,3.21,2.31,2.8,1.16,2.23,2.01,1.55,1,0.01,neutral,alcista,0,-0.506,32,7931,3,
s25953,0GUSDT,1787043600000,train,-1,-2.91,0.423,4.56,3.75,0.55,-2.92,0.73,1.05,1.24,1.13,0,0.01,neutral,neutral,0,0.218,32,7931,0,
s25954,PENDLEUSDT,1787043600000,train,1,3.26,0.496,3.4,3.21,1.34,3.25,1.24,1.96,1.68,1.58,1,0.01,neutral,neutral,0,-0.197,32,7931,0,
s25955,XPLUSDT,1787044500000,train,1,3.29,0.745,3.62,3.56,2.33,3.42,1.38,2.23,2.01,1.55,1,-0.14,neutral,alcista,0,-0.549,32,7932,4,
s25956,0GUSDT,1787044500000,train,-1,-3.23,0.485,4.57,3.82,0.47,-3.1,0.89,1.05,1.24,1.13,0,-0.14,neutral,neutral,0,0.089,32,7932,0,
s25957,PENDLEUSDT,1787044500000,train,1,3.04,0.476,3.22,3.01,1.23,3.17,1.14,1.96,1.68,1.58,1,-0.14,neutral,neutral,0,-0.12,32,7932,0,
s25958,XPLUSDT,1787045400000,train,1,2.38,0.447,3.57,2.38,2.3,2.52,0.38,2.23,2.01,1.55,1,-0.14,neutral,neutral,0,-0.357,32,7933,0,
s25959,0GUSDT,1787045400000,train,-1,-2.72,0.441,4.57,3.96,0.53,-2.58,1.04,1.05,1.24,1.13,0,-0.14,neutral,neutral,0,0.155,32,7933,1,
s25960,PENDLEUSDT,1787045400000,train,1,2.28,0.4,2.49,2.23,0.97,2.43,0.97,1.96,1.68,1.58,1,-0.14,neutral,neutral,0,-0.172,32,7933,0,
s25961,0GUSDT,1787046300000,train,-1,-3.62,0.679,4.37,3.83,0.45,-3.52,1.05,1.05,1.24,1.13,0,-0.1,neutral,neutral,0,0.179,32,7934,0,
s25962,0GUSDT,1787047200000,train,-1,-2.59,0.582,3.82,3.21,0.39,-2.48,0.93,0.93,1.07,1.15,0,-0.12,neutral,neutral,0,0.298,32,7935,0,
s25963,0GUSDT,1787048100000,train,-1,-2.47,0.569,3.01,2.53,0.31,-2.19,0.87,0.93,1.07,1.15,0,-0.28,neutral,neutral,0,0.378,32,7936,1,
s25964,ENAUSDT,1787062500000,train,1,2.53,0.66,2.61,2.49,2.46,1.25,1.77,1.63,1.29,1.0,1,1.29,neutral,alcista,0,-1.0,26,7952,3,
s25965,STBLUSDT,1787071500000,train,1,2.33,0.411,3.45,3.37,1.55,1.38,2.07,0.37,0.45,0.91,0,0.95,neutral,alcista,0,0.067,32,7962,3,
s25966,STBLUSDT,1787072400000,train,1,2.29,0.401,3.45,3.22,1.55,1.34,1.73,0.39,0.43,0.86,0,0.95,neutral,neutral,0,0.0,32,7963,0,
s25967,0GUSDT,1787084100000,train,-1,-2.11,0.585,2.58,2.58,1.18,-1.97,1.09,0.36,0.42,0.86,0,-0.14,neutral,neutral,0,0.351,32,7976,1,
s25968,0GUSDT,1787085000000,train,-1,-2.25,0.623,2.37,2.3,0.8,-1.97,1.07,0.36,0.42,0.86,0,-0.28,neutral,bajista,0,0.394,32,7977,2,
s25969,STBLUSDT,1787085900000,train,-1,-2.23,0.747,2.44,2.36,1.27,-1.84,0.58,0.31,0.35,0.72,0,-0.4,neutral,neutral,0,-1.0,14,7978,1,
s25970,PUMPUSDT,1787086800000,train,1,2.82,0.418,4.17,3.41,1.66,3.09,1.68,1.01,0.91,0.78,1,-0.27,neutral,alcista,1,2.0,10,7979,2,
s25971,STBLUSDT,1787086800000,train,-1,-2.12,0.737,2.29,2.25,0.45,-1.85,0.65,0.27,0.31,0.71,0,-0.27,neutral,neutral,0,-1.0,13,7979,0,
s25972,0GUSDT,1787086800000,train,-1,-2.13,0.608,2.81,2.67,1.37,-1.86,1.39,0.32,0.4,0.83,0,-0.27,neutral,bajista,0,0.316,32,7979,4,
s25973,PUMPUSDT,1787087700000,train,1,3.87,0.545,5.21,3.97,2.6,4.19,2.05,1.01,0.91,0.78,1,-0.31,neutral,alcista,1,2.0,10,7980,3,
s25974,0GUSDT,1787087700000,train,-1,-2.6,0.826,2.95,2.74,1.25,-2.28,1.33,0.32,0.4,0.83,0,-0.31,neutral,bajista,0,1.026,32,7980,5,
s25975,PUMPUSDT,1787088600000,train,1,4.51,0.583,4.96,4.52,3.32,4.72,2.62,1.01,0.91,0.78,1,-0.21,neutral,alcista,0,0.591,32,7981,4,
s25976,0GUSDT,1787088600000,train,-1,-2.34,0.81,2.46,2.39,1.18,-2.12,1.23,0.32,0.4,0.83,0,-0.21,neutral,bajista,0,1.147,32,7981,6,
s25977,PUMPUSDT,1787089500000,train,1,5.7,0.64,5.96,5.49,4.3,5.79,3.95,1.01,0.91,0.78,1,-0.09,neutral,alcista,0,-0.031,32,7982,5,
s25978,0GUSDT,1787089500000,train,-1,-2.06,0.714,2.39,2.18,0.72,-1.97,0.98,0.32,0.4,0.83,0,-0.09,neutral,neutral,0,1.387,32,7982,0,
s25979,PUMPUSDT,1787090400000,train,1,5.45,0.631,6.08,5.64,3.46,5.7,3.92,1.54,1.21,0.9,1,-0.25,neutral,alcista,0,-0.196,32,7983,6,
s25980,PUMPUSDT,1787091300000,train,1,6.38,0.668,7.13,6.8,3.39,6.69,4.66,1.54,1.21,0.9,1,-0.31,neutral,alcista,0,-0.171,32,7984,7,
s25981,0GUSDT,1787091300000,train,-1,-2.21,0.727,2.96,2.68,1.61,-1.9,1.24,0.35,0.43,0.76,0,-0.31,neutral,bajista,0,0.921,32,7984,2,
s25982,PUMPUSDT,1787092200000,train,1,6.61,0.7,7.72,6.83,3.44,6.8,4.16,1.54,1.21,0.9,1,-0.19,neutral,neutral,0,-0.15,32,7985,0,
s25983,0GUSDT,1787092200000,train,-1,-2.41,0.778,2.97,2.83,1.86,-2.22,1.23,0.35,0.43,0.76,0,-0.19,neutral,bajista,0,0.95,32,7985,3,
s25984,PUMPUSDT,1787093100000,train,1,6.77,0.726,7.74,6.64,2.94,6.99,3.49,1.54,1.21,0.9,1,-0.21,neutral,neutral,0,-0.09,32,7986,0,
s25985,0GUSDT,1787093100000,train,-1,-2.62,0.826,2.83,2.76,1.98,-2.41,1.22,0.35,0.43,0.76,0,-0.21,neutral,bajista,0,0.872,32,7986,4,
s25986,PUMPUSDT,1787094000000,train,1,6.89,0.746,7.74,6.61,2.49,6.93,3.07,2.08,1.48,1.02,1,-0.04,neutral,neutral,0,-0.131,32,7987,0,
s25987,0GUSDT,1787094000000,train,-1,-2.69,0.83,2.91,2.83,1.99,-2.65,1.21,0.36,0.42,0.69,0,-0.04,neutral,bajista,0,0.825,32,7987,5,
s25988,PUMPUSDT,1787094900000,train,1,6.58,0.738,7.73,6.74,1.41,6.67,2.91,2.08,1.48,1.02,1,-0.09,neutral,neutral,0,-0.177,32,7988,1,
s25989,0GUSDT,1787094900000,train,-1,-2.69,0.83,2.91,2.83,0.95,-2.6,1.11,0.36,0.42,0.69,0,-0.09,neutral,bajista,0,0.775,32,7988,6,
s25990,WLDUSDT,1787094900000,train,-1,-2.03,0.388,3.42,2.23,4.3,-1.94,1.36,1.39,1.17,1.51,0,-0.09,neutral,bajista,0,0.338,32,7988,2,
s25991,PUMPUSDT,1787097600000,train,1,7.2,0.616,9.9,7.37,1.79,7.32,2.84,2.38,1.64,1.07,1,-0.12,neutral,neutral,0,-0.316,32,7991,0,
s25992,WLDUSDT,1787097600000,train,-1,-2.25,0.403,3.43,2.61,2.92,-2.13,1.36,1.55,1.21,1.49,0,-0.12,neutral,bajista,0,-0.096,32,7991,2,
s25993,ONDOUSDT,1787097600000,train,-1,-2.06,0.548,2.41,2.1,0.7,-1.94,1.15,1.27,1.29,1.1,0,-0.12,neutral,bajista,0,-0.088,32,7990,2,
s25994,PUMPUSDT,1787098500000,train,1,7.68,0.631,9.84,7.95,1.83,7.7,3.19,2.38,1.64,1.07,1,-0.02,neutral,neutral,0,-0.348,32,7992,1,
s25995,WLDUSDT,1787098500000,train,-1,-2.49,0.438,3.44,2.81,0.69,-2.47,1.37,1.55,1.21,1.49,0,-0.02,neutral,bajista,0,-0.36,32,7992,3,
s25996,PUMPUSDT,1787099400000,train,1,8.0,0.67,9.85,7.83,1.13,8.07,2.61,2.38,1.64,1.07,1,-0.08,neutral,neutral,0,-0.338,32,7993,0,
s25997,PUMPUSDT,1787100300000,train,1,8.12,0.673,9.16,7.51,0.74,8.25,2.7,2.38,1.64,1.07,1,-0.14,neutral,neutral,0,-0.459,32,7994,1,
s25998,STBLUSDT,1787100300000,train,1,2.52,0.73,3.17,2.99,3.39,2.65,1.47,0.22,0.29,0.7,0,-0.14,neutral,alcista,0,-1.0,19,7994,5,
s25999,WLDUSDT,1787100300000,train,-1,-2.17,0.407,3.07,2.85,0.65,-2.03,1.51,1.55,1.21,1.49,0,-0.14,neutral,bajista,0,-0.3,32,7994,5,
s26000,PUMPUSDT,1787101200000,train,1,7.23,0.65,8.1,6.74,0.53,7.38,2.68,2.59,1.7,1.12,1,-0.16,neutral,alcista,0,-0.62,32,7995,2,
s26001,STBLUSDT,1787101200000,train,1,2.17,0.571,3.45,2.62,4.04,2.33,1.03,0.25,0.3,0.63,0,-0.16,neutral,neutral,0,-1.0,18,7995,0,
s26002,PUMPUSDT,1787102100000,train,1,7.32,0.654,7.46,6.85,0.52,7.53,3.16,2.59,1.7,1.12,1,-0.21,neutral,alcista,0,-0.638,32,7996,3,
s26003,STBLUSDT,1787102100000,train,1,2.06,0.525,3.46,2.43,1.83,2.27,0.73,0.25,0.3,0.63,0,-0.21,neutral,neutral,0,-1.0,17,7996,0,
s26004,PUMPUSDT,1787103000000,train,1,6.26,0.6,6.73,5.96,0.48,6.52,2.67,2.59,1.7,1.12,1,-0.26,neutral,neutral,0,-0.578,32,7997,0,
s26005,STBLUSDT,1787103000000,train,1,2.29,0.562,3.45,2.62,1.15,2.55,0.89,0.25,0.3,0.63,0,-0.26,neutral,neutral,0,-1.0,16,7997,1,
s26006,PUMPUSDT,1787103900000,train,1,3.6,0.375,5.75,4.06,0.52,3.92,1.43,2.59,1.7,1.12,1,-0.32,neutral,neutral,0,-1.0,17,7998,0,
s26007,WLDUSDT,1787105700000,train,-1,-2.75,0.447,3.3,3.21,0.36,-2.44,1.24,1.58,1.15,1.35,0,-0.31,neutral,bajista,0,-0.277,32,8000,3,
s26008,WLDUSDT,1787106600000,train,-1,-2.24,0.391,3.46,3.11,0.48,-1.86,1.1,1.58,1.15,1.35,0,-0.38,neutral,neutral,0,-0.327,32,8001,0,
s26009,WLDUSDT,1787107500000,train,-1,-2.72,0.524,3.46,3.08,0.49,-2.28,0.99,1.58,1.15,1.35,0,-0.44,neutral,neutral,0,-0.371,32,8002,0,
s26010,WLDUSDT,1787108400000,train,-1,-2.32,0.46,3.39,2.89,0.56,-1.79,0.83,1.61,1.12,1.3,0,-0.54,neutral,neutral,0,-0.593,32,8003,0,
s26011,PUMPUSDT,1787111100000,train,-1,-3.0,0.403,3.96,3.7,0.47,-2.39,1.23,2.56,1.75,1.18,1,-0.61,neutral,bajista,0,0.018,32,8006,2,
s26012,ENAUSDT,1787112000000,train,1,2.06,0.53,2.86,2.17,0.55,2.47,0.29,1.25,1.05,1.2,0,-0.42,neutral,neutral,0,0.17,32,8007,0,
s26013,ENAUSDT,1787112900000,train,1,2.16,0.551,2.8,2.17,0.57,2.53,0.33,1.25,1.05,1.2,0,-0.38,neutral,neutral,0,0.159,32,8008,1,
s26014,STBLUSDT,1787113800000,train,-1,-2.08,0.556,2.94,2.7,1.61,-1.75,1.07,0.32,0.26,0.35,0,-0.33,neutral,neutral,0,-1.0,10,8009,1,
s26015,PUMPUSDT,1787115600000,train,-1,-2.5,0.391,3.95,3.49,0.36,-2.3,0.89,1.6,1.84,1.22,0,-0.19,neutral,neutral,0,-0.095,32,8011,1,
s26016,STBLUSDT,1787115600000,train,-1,-2.35,0.544,2.6,2.53,3.39,-2.16,1.55,0.42,0.29,0.35,0,-0.19,neutral,neutral,0,-1.0,6,8011,1,
s26017,PUMPUSDT,1787116500000,train,-1,-3.35,0.584,3.96,3.63,0.38,-3.14,0.91,1.6,1.84,1.22,0,-0.2,neutral,bajista,0,-0.22,32,8012,2,
s26018,STBLUSDT,1787116500000,train,-1,-2.01,0.469,2.64,2.37,4.24,-1.81,1.3,0.42,0.29,0.35,0,-0.2,neutral,neutral,0,-1.0,5,8012,0,
s26019,0GUSDT,1787116500000,train,-1,-3.42,0.605,4.12,3.68,2.88,-3.22,2.39,0.76,0.55,0.57,0,-0.2,neutral,bajista,0,-0.451,32,8012,2,
s26020,PUMPUSDT,1787117400000,train,-1,-3.38,0.587,3.73,3.57,0.42,-3.23,1.05,1.6,1.84,1.22,0,-0.15,neutral,bajista,0,-0.29,32,8013,3,
s26021,STBLUSDT,1787117400000,train,-1,-2.88,0.603,3.79,3.09,3.69,-2.73,1.82,0.42,0.29,0.35,0,-0.15,neutral,neutral,0,-1.0,4,8013,1,
s26022,0GUSDT,1787117400000,train,-1,-2.88,0.562,3.47,3.11,3.17,-2.73,2.23,0.76,0.55,0.57,0,-0.15,neutral,bajista,0,-0.535,32,8013,3,
s26023,PUMPUSDT,1787118300000,train,-1,-3.64,0.602,4.22,4.01,1.06,-3.39,2.04,1.6,1.84,1.22,0,-0.25,neutral,bajista,0,-0.429,32,8014,4,
s26024,STBLUSDT,1787118300000,train,-1,-2.36,0.5,3.43,2.49,2.41,-2.11,1.39,0.42,0.29,0.35,0,-0.25,neutral,neutral,0,-1.0,3,8014,0,
s26025,0GUSDT,1787118300000,train,-1,-2.95,0.568,3.77,3.19,4.16,-2.7,2.17,0.76,0.55,0.57,0,-0.25,neutral,bajista,0,-0.5,32,8014,4,
s26026,PUMPUSDT,1787119200000,train,-1,-3.73,0.606,4.34,3.87,1.72,-3.38,2.49,1.53,1.97,1.28,0,-0.34,neutral,bajista,0,-0.447,32,8015,5,
s26027,STBLUSDT,1787119200000,train,-1,-2.17,0.456,3.43,2.37,1.61,-1.83,1.13,0.75,0.48,0.44,1,-0.34,neutral,neutral,0,-1.0,2,8015,0,
s26028,0GUSDT,1787119200000,train,-1,-3.31,0.595,4.52,3.86,5,-2.97,2.54,0.87,0.65,0.57,1,-0.34,neutral,bajista,0,-0.849,32,8015,5,
s26029,STBLUSDT,1787120100000,train,-1,-2.06,0.422,3.38,2.22,1.69,-1.87,0.94,0.75,0.48,0.44,1,-0.19,neutral,neutral,0,-1.0,1,8016,0,
s26030,0GUSDT,1787120100000,train,-1,-2.26,0.381,4.49,3.11,2.02,-2.08,1.58,0.87,0.65,0.57,1,-0.19,neutral,neutral,0,-0.767,32,8016,0,
s26031,0GUSDT,1787121000000,train,-1,-2.55,0.409,4.5,3.49,2.14,-2.36,1.74,0.87,0.65,0.57,1,-0.18,neutral,neutral,0,-0.938,32,8017,1,
s26032,0GUSDT,1787121900000,train,-1,-2.41,0.378,4.5,3.34,1.67,-2.4,1.41,0.87,0.65,0.57,1,-0.01,neutral,neutral,0,-1.0,32,8018,0,
s26033,INJUSDT,1787121900000,train,1,2.49,0.682,3.28,2.59,4.46,2.5,2.0,1.22,0.87,0.77,1,-0.01,neutral,alcista,0,0.5,32,8018,4,
s26034,0GUSDT,1787122800000,train,-1,-2.75,0.448,4.5,3.41,0.93,-2.79,1.3,0.87,0.66,0.56,1,0.04,neutral,neutral,0,-1.0,31,8019,1,
s26035,0GUSDT,1787123700000,train,-1,-2.82,0.465,4.49,3.26,0.79,-2.79,1.03,0.87,0.66,0.56,1,-0.03,neutral,neutral,0,-1.0,30,8020,0,
s26036,0GUSDT,1787124600000,train,-1,-3.09,0.537,4.49,3.26,0.49,-3.12,0.94,0.87,0.66,0.56,1,0.03,neutral,neutral,0,-1.0,29,8021,0,
s26037,INJUSDT,1787124600000,train,1,2.78,0.507,3.27,2.96,5,2.75,1.93,1.61,1.13,0.9,1,0.03,neutral,alcista,0,1.079,32,8021,2,
s26038,0GUSDT,1787125500000,train,-1,-2.47,0.455,4.49,3.11,0.39,-2.42,0.76,0.87,0.66,0.56,1,-0.05,neutral,neutral,0,-1.0,28,8022,0,
s26039,INJUSDT,1787125500000,train,1,2.39,0.407,3.28,2.55,2.56,2.44,1.35,1.61,1.13,0.9,1,-0.05,neutral,neutral,0,0.759,32,8022,0,
s26040,0GUSDT,1787126400000,train,-1,-2.26,0.4,4.47,2.74,0.3,-2.17,0.39,0.84,0.67,0.54,1,-0.08,neutral,neutral,0,-1.0,27,8023,0,
s26041,INJUSDT,1787126400000,train,1,2.39,0.407,3.19,2.34,1.37,2.48,1.09,1.74,1.23,0.93,1,-0.08,neutral,neutral,0,1.343,32,8023,0,
s26042,0GUSDT,1787127300000,train,-1,-2.11,0.366,4.45,2.37,0.39,-2.01,0.07,0.84,0.67,0.54,1,-0.1,neutral,neutral,0,-1.0,26,8024,0,
s26043,ARBUSDT,1787127300000,train,1,2.02,0.466,2.43,2.07,2.06,2.12,1.07,1.7,1.17,1.19,0,-0.1,neutral,neutral,1,2.0,28,8024,1,
s26044,ARBUSDT,1787128200000,train,1,2.12,0.479,2.42,2.37,1.01,1.95,1.26,1.7,1.17,1.19,0,0.17,neutral,alcista,1,2.0,31,8025,2,
s26045,ARBUSDT,1787129100000,train,1,2.03,0.47,2.94,2.42,0.96,1.88,1.23,1.7,1.17,1.19,0,0.15,neutral,alcista,1,2.0,30,8026,3,
s26046,ARBUSDT,1787133600000,train,1,2.15,0.609,2.89,2.15,0.81,1.82,0.53,1.88,1.37,1.11,1,0.33,neutral,neutral,1,2.0,21,8031,1,
s26047,TIAUSDT,1787133600000,train,1,2.29,0.872,2.4,2.27,0.95,1.96,0.92,0.82,0.85,0.73,0,0.33,neutral,alcista,0,1.319,32,8031,3,
s26048,TIAUSDT,1787134500000,train,1,2.18,0.867,2.73,2.37,1.59,1.99,0.94,0.82,0.85,0.73,0,0.2,neutral,alcista,0,1.403,32,8032,4,
s26049,STBLUSDT,1787135400000,train,-1,-3.09,0.458,6.11,5.52,0.38,-3.3,1.25,1.27,0.79,0.53,1,0.2,neutral,neutral,0,-1.0,20,8033,1,
s26050,TIAUSDT,1787135400000,train,1,2.25,0.87,2.33,2.23,1.49,2.04,1.09,0.82,0.85,0.73,0,0.2,neutral,alcista,0,1.397,32,8033,5,
s26051,STBLUSDT,1787136300000,train,-1,-2.98,0.433,6.1,5.35,0.54,-3.15,1.01,1.27,0.79,0.53,1,0.17,neutral,neutral,0,-1.0,19,8034,0,
s26052,TIAUSDT,1787136300000,train,1,2.04,0.859,2.26,2.23,1.53,1.87,1.13,0.82,0.85,0.73,0,0.17,neutral,alcista,0,1.338,32,8034,6,
s26053,STBLUSDT,1787137200000,train,-1,-4.13,0.63,6.13,5.85,0.67,-4.33,1.35,1.2,0.81,0.53,1,0.2,neutral,neutral,0,-1.0,18,8035,1,
s26054,TIAUSDT,1787137200000,train,1,2.04,0.859,2.29,2.13,1.66,1.84,1.06,0.92,0.75,0.76,0,0.2,neutral,alcista,0,1.4,32,8035,7,
s26055,STBLUSDT,1787138100000,train,-1,-4.95,0.88,6.12,5.64,0.67,-5.2,1.29,1.2,0.81,0.53,1,0.25,neutral,neutral,0,-1.0,17,8036,0,
s26056,STBLUSDT,1787139000000,train,-1,-3.32,0.829,3.79,3.48,0.32,-3.49,1.31,1.2,0.81,0.53,1,0.17,neutral,neutral,0,-1.0,13,8037,1,
s26057,STBLUSDT,1787139900000,train,-1,-2.27,0.584,3.3,2.52,0.54,-2.6,0.87,1.2,0.81,0.53,1,0.33,neutral,neutral,0,-1.0,12,8038,0,
s26058,XPLUSDT,1787144400000,train,1,2.04,0.706,2.19,2.14,2.51,1.21,1.09,0.8,0.65,0.79,0,0.82,neutral,alcista,1,2.0,9,8043,6,
s26059,XPLUSDT,1787145300000,train,1,2.01,0.704,2.72,2.33,2.26,1.04,1.18,0.8,0.65,0.79,0,0.96,neutral,alcista,1,2.0,24,8044,7,
s26060,XPLUSDT,1787146200000,train,1,2.24,0.849,2.71,2.22,1.62,1.18,1.0,0.8,0.65,0.79,0,1.06,neutral,neutral,1,2.0,7,8045,0,
s26061,ONDOUSDT,1787148000000,train,1,2.13,0.657,2.63,2.21,2.39,0.56,1.14,1.69,1.29,1.24,1,1.57,neutral,alcista,1,2.0,5,8046,2,
s26062,ONDOUSDT,1787148900000,train,1,2.22,0.692,2.6,2.21,2.52,0.66,1.09,1.69,1.29,1.24,1,1.57,neutral,neutral,1,2.0,4,8047,0,
s26063,PENDLEUSDT,1787149800000,train,1,2.09,0.392,2.97,2.34,1.64,0.45,1.17,1.51,1.27,1.17,1,1.65,neutral,neutral,1,2.0,3,8049,1,
s26064,ONDOUSDT,1787149800000,train,1,2.25,0.695,2.41,2.23,2.2,0.6,1.24,1.69,1.29,1.24,1,1.65,neutral,neutral,1,2.0,3,8048,1,
s26065,XPLUSDT,1787150700000,train,1,2.08,0.622,2.38,2.05,2.58,-0.21,1.18,1.2,0.84,0.85,0,2.28,bull,neutral,1,2.0,18,8050,1,
s26066,STBLUSDT,1787150700000,train,1,3.58,0.603,4.71,4.1,5,1.3,2.61,0.64,0.93,0.59,0,2.28,bull,alcista,0,0.5,32,8050,2,
s26067,0GUSDT,1787150700000,train,1,2.65,0.649,3.49,3.0,2.33,0.37,1.84,0.46,0.65,0.53,0,2.28,bull,alcista,1,2.0,25,8050,2,
s26068,ENAUSDT,1787150700000,train,1,2.23,0.48,3.11,2.92,0.94,-0.06,1.81,1.97,1.86,1.47,1,2.28,bull,alcista,1,2.0,23,8050,2,
s26069,OPUSDT,1787150700000,train,1,2.12,0.512,2.38,2.14,1.55,-0.16,1.26,0.89,0.84,0.76,1,2.28,bull,alcista,1,2.0,24,8050,2,
s26070,SUIUSDT,1787150700000,train,1,2.04,0.447,2.66,2.48,3.11,-0.24,1.79,1.45,1.48,1.35,0,2.28,bull,alcista,1,2.0,24,8050,2,
s26071,SEIUSDT,1787150700000,train,1,2.04,0.552,2.58,2.23,2.8,-0.24,1.56,1.21,0.94,0.76,1,2.28,bull,alcista,1,2.0,26,8050,2,
s26072,JUPUSDT,1787150700000,train,1,2.52,0.618,2.87,2.46,2.48,0.23,1.67,1.2,0.93,0.74,1,2.28,bull,alcista,1,2.0,24,8050,2,
s26073,PENDLEUSDT,1787150700000,train,1,2.77,0.461,2.99,2.8,1.9,0.48,1.77,1.51,1.27,1.17,1,2.28,bull,alcista,1,2.0,24,8050,2,
s26074,ONDOUSDT,1787150700000,train,1,3.32,0.771,3.63,3.34,2.44,1.04,2.2,1.69,1.29,1.24,1,2.28,bull,alcista,0,0.946,32,8049,2,
s26075,FETUSDT,1787150700000,train,1,2.23,0.474,2.58,2.58,2.03,-0.06,1.74,0.77,0.59,0.72,0,2.28,bull,alcista,1,2.0,25,8049,4,
s26076,STXUSDT,1787150700000,testB,1,2.52,0.577,3.03,2.62,2.25,0.23,1.76,0.81,0.7,0.69,1,2.28,bull,alcista,1,2.0,25,8049,4,
s26077,LDOUSDT,1787150700000,testB,1,2.59,0.622,2.88,2.56,1.95,0.31,1.8,1.14,1.59,1.22,0,2.28,bull,alcista,1,2.0,2,8049,5,
s26078,SANDUSDT,1787150700000,testB,1,2.49,0.571,2.9,2.53,1.3,0.2,1.68,0.82,0.65,0.59,1,2.28,bull,alcista,1,2.0,25,8049,4,
s26079,APEUSDT,1787150700000,testB,1,2.32,0.737,2.43,2.27,1.24,0.04,1.51,1.41,0.97,0.71,1,2.28,bull,alcista,1,2.0,25,8049,4,
s26080,XPLUSDT,1787151600000,train,1,2.12,0.626,2.82,2.15,3.44,-1.22,1.14,2.23,1.33,1.04,1,3.33,bull,alcista,1,2.0,18,8051,2,
s26081,STBLUSDT,1787151600000,train,1,4.9,0.775,4.94,4.79,5,1.57,3.1,1.06,1.17,0.7,0,3.33,bull,alcista,0,0.323,32,8051,3,
s26082,0GUSDT,1787151600000,train,1,3.15,0.688,4.02,3.67,1.52,-0.19,2.3,0.76,0.8,0.6,0,3.33,bull,alcista,0,1.396,32,8051,3,
s26083,WLDUSDT,1787151600000,train,1,2.18,0.376,3.63,3.05,2.61,-1.15,2.23,2.58,2.02,1.52,1,3.33,bull,alcista,1,2.0,1,8051,3,
s26084,ENAUSDT,1787151600000,train,1,3.5,0.637,4.09,3.91,1.5,0.17,2.62,3.36,2.63,1.81,1,3.33,bull,alcista,1,2.0,24,8051,3,
s26085,OPUSDT,1787151600000,train,1,2.75,0.577,2.97,2.74,2.78,-0.58,1.88,2.09,1.42,1.02,1,3.33,bull,alcista,1,2.0,24,8051,3,
s26086,INJUSDT,1787151600000,train,1,3.0,0.602,3.9,3.37,4.62,-0.33,2.27,2.63,2.21,1.4,1,3.33,bull,neutral,1,2.0,27,8051,1,
s26087,SUIUSDT,1787151600000,train,1,3.66,0.592,4.37,4.15,5,0.33,3.23,3.91,2.75,1.92,1,3.33,bull,alcista,0,0.823,32,8051,3,
s26088,SEIUSDT,1787151600000,train,1,2.97,0.642,3.48,3.01,4.98,-0.36,2.38,2.48,1.58,1.04,1,3.33,bull,alcista,0,0.967,32,8051,3,
s26089,JUPUSDT,1787151600000,train,1,2.99,0.658,3.66,3.08,4.54,-0.34,2.12,2.95,1.8,1.17,1,3.33,bull,alcista,1,2.0,24,8051,3,
s26090,PENDLEUSDT,1787151600000,train,1,3.18,0.497,3.9,3.76,2.61,-0.16,2.66,3.34,2.2,1.59,1,3.33,bull,alcista,1,2.0,24,8051,3,
s26091,ONDOUSDT,1787151600000,train,1,3.56,0.784,4.27,3.79,2.44,0.23,2.49,3.99,2.39,1.76,1,3.33,bull,alcista,0,0.672,32,8050,3,
s26092,FETUSDT,1787151600000,train,1,3.22,0.565,4.39,3.51,4.42,-0.12,2.44,2.34,1.34,1.06,1,3.33,bull,alcista,0,1.227,32,8050,5,
s26093,STXUSDT,1787151600000,testB,1,3.51,0.656,3.8,3.55,4.17,0.18,2.79,2.19,1.36,1.0,1,3.33,bull,alcista,0,1.159,32,8050,5,
s26094,GRTUSDT,1787151600000,testB,1,2.12,0.467,2.67,2.53,2.41,-1.21,1.7,1.99,1.42,1.07,1,3.33,bull,alcista,0,1.265,32,8050,3,
s26095,LDOUSDT,1787151600000,testB,1,3.85,0.711,4.28,4.02,3.58,0.52,3.22,3.03,2.56,1.66,1,3.33,bull,alcista,0,0.75,32,8050,6,
s26096,SANDUSDT,1787151600000,testB,1,3.64,0.662,3.62,3.54,3.03,0.31,2.68,1.85,1.12,0.83,1,3.33,bull,alcista,0,0.57,32,8050,5,
s26097,MANAUSDT,1787151600000,testB,1,2.1,0.547,2.58,2.21,3.34,-1.24,1.67,1.89,1.27,1.03,1,3.33,bull,alcista,0,0.685,32,8050,3,
s26098,APEUSDT,1787151600000,testB,1,3.14,0.792,3.37,3.21,1.95,-0.19,2.33,2.22,1.47,0.96,1,3.33,bull,alcista,0,0.575,32,8050,5,
s26099,XPLUSDT,1787152500000,train,1,5.22,0.806,5.89,5.2,4.22,-0.71,3.96,2.23,1.33,1.04,1,5.93,bull,alcista,0,0.079,32,8052,3,
s26100,STBLUSDT,1787152500000,train,1,5.37,0.791,5.58,5.39,5,-0.57,3.42,1.06,1.17,0.7,0,5.93,bull,alcista,0,0.132,32,8052,4,
s26101,0GUSDT,1787152500000,train,1,5.16,0.837,5.59,5.31,3.46,-0.77,3.67,0.76,0.8,0.6,0,5.93,bull,alcista,0,0.603,32,8052,4,
s26102,ENAUSDT,1787152500000,train,1,6.05,0.765,6.49,6.15,3.44,0.12,4.51,3.36,2.63,1.81,1,5.93,bull,alcista,0,0.973,32,8052,4,
s26103,ARBUSDT,1787152500000,train,1,4.25,0.626,4.64,4.41,4.49,-1.68,3.42,2.5,2.24,1.41,1,5.93,bull,alcista,1,2.0,23,8052,4,
s26104,OPUSDT,1787152500000,train,1,5.06,0.715,5.78,4.98,5,-0.87,3.83,2.09,1.42,1.02,1,5.93,bull,alcista,0,0.898,32,8052,4,
s26105,INJUSDT,1787152500000,train,1,4.46,0.758,4.95,4.45,4.1,-1.48,3.06,2.63,2.21,1.4,1,5.93,bull,alcista,0,1.02,32,8052,2,
s26106,SUIUSDT,1787152500000,train,1,6.43,0.726,6.99,6.6,5,0.5,5.32,3.91,2.75,1.92,1,5.93,bull,alcista,0,0.132,32,8052,4,
s26107,TIAUSDT,1787152500000,train,1,3.7,0.551,4.33,4.14,4.1,-2.23,3.16,2.24,1.48,1.08,1,5.93,bull,alcista,0,0.71,32,8052,4,
s26108,SEIUSDT,1787152500000,train,1,4.54,0.733,4.93,4.44,5,-1.39,3.54,2.48,1.58,1.04,1,5.93,bull,alcista,0,0.428,32,8052,4,
s26109,JUPUSDT,1787152500000,train,1,4.84,0.757,5.82,4.73,5,-1.09,3.61,2.95,1.8,1.17,1,5.93,bull,alcista,0,0.711,32,8052,4,
s26110,PENDLEUSDT,1787152500000,train,1,5.85,0.653,7.06,6.14,5,-0.08,4.72,3.34,2.2,1.59,1,5.93,bull,alcista,0,0.663,32,8052,4,
s26111,ONDOUSDT,1787152500000,train,1,6.5,0.869,7.6,6.45,5,0.57,4.83,3.99,2.39,1.76,1,5.93,bull,alcista,0,-0.04,32,8051,4,
s26112,FETUSDT,1787152500000,train,1,4.7,0.655,5.43,4.88,5,-1.23,3.55,2.34,1.34,1.06,1,5.93,bull,alcista,0,0.613,32,8051,6,
s26113,ARUSDT,1787152500000,testB,1,3.84,0.548,5.22,4.52,5,-2.09,3.31,2.45,1.46,1.2,1,5.93,bull,alcista,0,0.289,32,8051,4,
s26114,STXUSDT,1787152500000,testB,1,5.09,0.735,5.96,5.16,5,-0.84,4.07,2.19,1.36,1.0,1,5.93,bull,alcista,0,0.508,32,8051,6,
s26115,GRTUSDT,1787152500000,testB,1,4.25,0.636,5.17,4.51,5,-1.68,3.41,1.99,1.42,1.07,1,5.93,bull,alcista,0,0.258,32,8051,4,
s26116,LDOUSDT,1787152500000,testB,1,7.03,0.857,7.76,6.69,5,1.1,5.53,3.03,2.56,1.66,1,5.93,bull,alcista,0,0.005,32,8051,7,
s26117,SANDUSDT,1787152500000,testB,1,5.19,0.737,5.61,5.32,5,-0.75,4.39,1.85,1.12,0.83,1,5.93,bull,alcista,0,-0.005,32,8051,6,
s26118,MANAUSDT,1787152500000,testB,1,3.73,0.683,4.53,3.79,5,-2.2,3.09,1.89,1.27,1.03,1,5.93,bull,alcista,0,-0.052,32,8051,4,
s26119,AXSUSDT,1787152500000,testB,1,3.14,0.644,4.14,3.33,5,-2.79,2.75,1.4,0.98,0.66,1,5.93,bull,alcista,0,0.423,32,8051,4,
s26120,APEUSDT,1787152500000,testB,1,4.54,0.846,5.13,4.66,5,-1.39,3.56,2.22,1.47,0.96,1,5.93,bull,alcista,0,0.136,32,8051,6,
s26121,XPLUSDT,1787153400000,train,1,4.83,0.702,5.92,4.76,4.4,-1.71,3.14,2.23,1.33,1.04,1,6.54,bull,neutral,0,0.161,32,8053,0,
s26122,STBLUSDT,1787153400000,train,1,6.01,0.844,6.56,5.82,5,-0.53,3.48,1.06,1.17,0.7,0,6.54,bull,alcista,0,0.038,32,8053,5,
s26123,0GUSDT,1787153400000,train,1,5.37,0.843,5.78,5.51,4.28,-1.16,3.49,0.76,0.8,0.6,0,6.54,bull,alcista,0,0.568,32,8053,5,
s26124,ENAUSDT,1787153400000,train,1,5.65,0.675,6.54,5.38,4.59,-0.89,3.3,3.36,2.63,1.81,1,6.54,bull,neutral,0,1.237,32,8053,0,
s26125,ARBUSDT,1787153400000,train,1,4.13,0.596,4.77,4.03,5,-2.4,2.68,2.5,2.24,1.41,1,6.54,bull,neutral,1,2.0,22,8053,0,
s26126,OPUSDT,1787153400000,train,1,4.75,0.641,5.79,4.52,5,-1.78,3.02,2.09,1.42,1.02,1,6.54,bull,neutral,0,1.033,32,8053,0,
s26127,INJUSDT,1787153400000,train,1,3.88,0.656,4.67,3.87,4.4,-2.66,2.45,2.63,2.21,1.4,1,6.54,bull,neutral,0,1.147,32,8053,0,
s26128,SUIUSDT,1787153400000,train,1,5.62,0.579,7.05,5.77,5,-0.92,3.95,3.91,2.75,1.92,1,6.54,bull,neutral,0,0.338,32,8053,0,
s26129,TIAUSDT,1787153400000,train,1,3.18,0.439,4.48,3.47,5,-3.35,2.19,2.24,1.48,1.08,1,6.54,bull,neutral,1,2.0,25,8053,0,
s26130,SEIUSDT,1787153400000,train,1,4.28,0.664,4.95,4.16,5,-2.25,2.88,2.48,1.58,1.04,1,6.54,bull,neutral,0,0.429,32,8053,0,
s26131,JUPUSDT,1787153400000,train,1,4.79,0.741,5.83,4.57,5,-1.75,3.1,2.95,1.8,1.17,1,6.54,bull,neutral,0,0.775,32,8053,0,
s26132,PENDLEUSDT,1787153400000,train,1,6.78,0.788,7.04,6.34,5,0.25,4.46,3.34,2.2,1.59,1,6.54,bull,alcista,0,0.777,32,8053,5,
s26133,ONDOUSDT,1787153400000,train,1,5.56,0.658,7.69,5.44,5,-0.97,3.33,3.99,2.39,1.76,1,6.54,bull,neutral,0,0.235,32,8052,0,
s26134,FETUSDT,1787153400000,train,1,5.54,0.753,5.8,5.33,5,-0.99,3.63,2.34,1.34,1.06,1,6.54,bull,alcista,0,0.5,32,8052,7,
s26135,ARUSDT,1787153400000,testB,1,3.11,0.401,5.26,3.84,5,-3.43,2.31,2.45,1.46,1.2,1,6.54,bull,neutral,0,0.5,32,8052,0,
s26136,STXUSDT,1787153400000,testB,1,4.85,0.674,5.99,4.71,5,-1.68,3.19,2.19,1.36,1.0,1,6.54,bull,neutral,0,0.61,32,8052,0,
s26137,GRTUSDT,1787153400000,testB,1,4.04,0.582,5.2,3.95,5,-2.5,2.51,1.99,1.42,1.07,1,6.54,bull,neutral,0,0.463,32,8052,0,
s26138,LDOUSDT,1787153400000,testB,1,7.2,0.873,7.76,6.78,5,0.66,5.08,3.03,2.56,1.66,1,6.54,bull,alcista,0,-0.009,32,8052,8,
s26139,SANDUSDT,1787153400000,testB,1,5.35,0.776,5.77,5.23,5,-1.18,3.84,1.85,1.12,0.83,1,6.54,bull,neutral,0,0.112,32,8052,0,
s26140,MANAUSDT,1787153400000,testB,1,3.13,0.517,4.56,3.15,5,-3.4,2.15,1.89,1.27,1.03,1,6.54,bull,neutral,0,0.359,32,8052,0,
s26141,AXSUSDT,1787153400000,testB,1,3.13,0.64,4.15,3.18,5,-3.41,2.32,1.4,0.98,0.66,1,6.54,bull,neutral,0,0.621,32,8052,0,
s26142,APEUSDT,1787153400000,testB,1,4.38,0.791,5.14,4.51,5,-2.16,3.05,2.22,1.47,0.96,1,6.54,bull,neutral,0,0.228,32,8052,0,
s26143,XPLUSDT,1787154300000,train,1,3.07,0.367,5.93,3.17,3.82,-3.21,1.38,2.23,1.33,1.04,1,6.27,bull,neutral,0,0.695,32,8054,0,
s26144,STBLUSDT,1787154300000,train,1,4.76,0.647,6.05,4.58,4.1,-1.51,2.55,1.06,1.17,0.7,0,6.27,bull,neutral,0,0.172,32,8054,0,
s26145,0GUSDT,1787154300000,train,1,4.87,0.708,5.81,5.05,4.13,-1.4,2.67,0.76,0.8,0.6,0,6.27,bull,neutral,0,0.716,32,8054,0,
s26146,ENAUSDT,1787154300000,train,1,4.17,0.452,6.36,4.06,4.42,-2.11,1.97,3.36,2.63,1.81,1,6.27,bull,neutral,1,2.0,21,8054,0,
s26147,ARBUSDT,1787154300000,train,1,3.65,0.496,4.77,3.59,4.84,-2.62,2.03,2.5,2.24,1.41,1,6.27,bull,neutral,1,2.0,21,8054,0,
s26148,OPUSDT,1787154300000,train,1,3.21,0.375,5.7,3.11,5,-3.06,1.5,2.09,1.42,1.02,1,6.27,bull,neutral,1,2.0,21,8054,0,
s26149,JUPUSDT,1787154300000,train,1,3.4,0.463,5.83,3.46,5,-2.87,1.76,2.95,1.8,1.17,1,6.27,bull,neutral,1,2.0,24,8054,0,
s26150,PENDLEUSDT,1787154300000,train,1,5.56,0.597,6.95,5.33,5,-0.71,3.06,3.34,2.2,1.59,1,6.27,bull,neutral,0,1.187,32,8054,0,
s26151,FETUSDT,1787154300000,train,1,4.46,0.54,5.85,4.43,5,-1.81,2.39,2.34,1.34,1.06,1,6.27,bull,neutral,0,0.839,32,8053,0,
s26152,STXUSDT,1787154300000,testB,1,3.76,0.474,5.88,3.7,5,-2.51,2.02,2.19,1.36,1.0,1,6.27,bull,neutral,0,0.891,32,8053,0,
s26153,LDOUSDT,1787154300000,testB,1,7.36,0.875,7.73,7.03,5,1.08,4.76,3.03,2.56,1.66,1,6.27,bull,alcista,0,-0.035,32,8053,8,
s26154,SANDUSDT,1787154300000,testB,1,3.65,0.444,5.85,3.84,5,-2.62,2.09,1.85,1.12,0.83,1,6.27,bull,neutral,0,0.606,32,8053,0,
s26155,APEUSDT,1787154300000,testB,1,3.3,0.5,5.2,3.52,5,-2.97,1.77,2.22,1.47,0.96,1,6.27,bull,neutral,0,0.568,32,8053,0,
s26156,XPLUSDT,1787155200000,train,1,3.17,0.375,5.8,3.22,2.28,-3.12,1.38,2.44,1.45,1.07,1,6.29,bull,neutral,0,0.76,32,8055,1,
s26157,STBLUSDT,1787155200000,train,1,3.43,0.506,5.69,3.84,2.87,-2.86,1.93,1.08,1.19,0.71,0,6.29,bull,neutral,0,0.284,32,8055,0,
s26158,0GUSDT,1787155200000,train,1,5.8,0.743,5.69,5.69,3.16,-0.49,3.26,0.85,0.83,0.61,1,6.29,bull,neutral,0,0.44,32,8055,1,
s26159,ENAUSDT,1787155200000,train,1,4.58,0.476,6.21,4.48,3.24,-1.72,2.31,4.4,3.19,2.07,1,6.29,bull,neutral,0,1.297,32,8055,1,
s26160,ARBUSDT,1787155200000,train,1,4.72,0.56,4.87,4.83,3.91,-1.57,3.03,2.87,2.41,1.51,1,6.29,bull,neutral,1,2.0,23,8055,1,
s26161,OPUSDT,1787155200000,train,1,3.65,0.405,5.64,3.55,4.4,-2.65,1.79,2.48,1.58,1.1,1,6.29,bull,neutral,1,2.0,23,8055,1,
s26162,INJUSDT,1787155200000,train,1,2.97,0.356,4.69,3.3,2.78,-3.32,1.64,3.05,2.44,1.52,1,6.29,bull,neutral,1,2.0,23,8055,1,
s26163,SEIUSDT,1787155200000,train,1,2.8,0.355,4.97,3.17,2.51,-3.49,1.54,2.72,1.69,1.08,1,6.29,bull,neutral,0,0.976,32,8055,1,
s26164,JUPUSDT,1787155200000,train,1,3.89,0.512,5.81,3.8,4.13,-2.41,1.9,3.71,2.21,1.31,1,6.29,bull,neutral,0,1.091,32,8055,1,
s26165,PENDLEUSDT,1787155200000,train,1,4.44,0.474,6.81,4.61,5,-1.85,2.24,3.59,2.44,1.68,1,6.29,bull,neutral,0,1.295,32,8055,0,
s26166,FETUSDT,1787155200000,train,1,4.05,0.467,5.88,4.05,4.26,-2.24,1.8,2.85,1.57,1.18,1,6.29,bull,neutral,0,0.98,32,8054,0,
s26167,STXUSDT,1787155200000,testB,1,4.18,0.5,5.77,4.01,5,-2.12,2.17,2.88,1.68,1.15,1,6.29,bull,neutral,0,0.76,32,8054,1,
s26168,LDOUSDT,1787155200000,testB,1,6.15,0.639,7.83,5.89,4.76,-0.14,3.17,3.67,2.91,1.82,1,6.29,bull,neutral,0,0.293,32,8054,0,
s26169,SANDUSDT,1787155200000,testB,1,3.72,0.449,5.84,3.99,3.47,-2.57,1.94,2.22,1.29,0.92,1,6.29,bull,neutral,0,0.516,32,8054,1,
s26170,APEUSDT,1787155200000,testB,1,3.64,0.55,5.19,3.67,4.38,-2.65,1.72,2.22,1.57,1.0,1,6.29,bull,neutral,0,0.652,32,8054,1,
s26171,XPLUSDT,1787156100000,train,1,3.19,0.377,5.5,3.25,1.14,-3.66,1.55,2.44,1.45,1.07,1,6.85,bull,alcista,0,0.844,32,8056,2,
s26172,STBLUSDT,1787156100000,train,1,3.12,0.44,5.71,3.48,1.35,-3.73,1.41,1.08,1.19,0.71,0,6.85,bull,neutral,0,0.554,32,8056,0,
s26173,0GUSDT,1787156100000,train,1,5.95,0.748,5.95,5.61,1.81,-0.9,3.07,0.85,0.83,0.61,1,6.85,bull,alcista,0,0.602,32,8056,2,
s26174,ENAUSDT,1787156100000,train,1,6.69,0.57,6.6,6.33,1.8,-0.16,4.03,4.4,3.19,2.07,1,6.85,bull,alcista,0,0.669,32,8056,2,
s26175,ARBUSDT,1787156100000,train,1,4.51,0.55,5.26,4.85,1.78,-2.33,2.79,2.87,2.41,1.51,1,6.85,bull,alcista,1,2.0,22,8056,2,
s26176,OPUSDT,1787156100000,train,1,4.07,0.434,5.29,4.15,1.67,-2.77,2.5,2.48,1.58,1.1,1,6.85,bull,alcista,0,1.162,32,8056,2,
s26177,INJUSDT,1787156100000,train,1,3.44,0.39,4.66,3.91,1.37,-3.41,2.04,3.05,2.44,1.52,1,6.85,bull,alcista,0,1.07,32,8056,2,
s26178,SUIUSDT,1787156100000,train,1,5.37,0.408,7.08,5.37,1.83,-1.48,2.8,4.58,3.09,2.08,1,6.85,bull,alcista,0,0.526,32,8056,2,
s26179,SEIUSDT,1787156100000,train,1,3.49,0.407,4.94,3.89,1.06,-3.36,2.08,2.72,1.69,1.08,1,6.85,bull,alcista,0,0.605,32,8056,2,
s26180,JUPUSDT,1787156100000,train,1,4.9,0.569,5.63,4.72,2.74,-1.95,2.73,3.71,2.21,1.31,1,6.85,bull,alcista,0,0.795,32,8056,2,
s26181,PENDLEUSDT,1787156100000,train,1,5.22,0.536,6.78,5.12,2.57,-1.63,2.6,3.59,2.44,1.68,1,6.85,bull,neutral,0,1.302,32,8056,1,
s26182,ONDOUSDT,1787156100000,train,1,4.44,0.466,7.39,4.34,1.5,-2.4,1.89,4.6,2.68,1.87,1,6.85,bull,neutral,0,0.595,32,8055,1,
s26183,FETUSDT,1787156100000,train,1,4.71,0.514,5.85,4.58,1.88,-2.13,2.18,2.85,1.57,1.18,1,6.85,bull,neutral,0,0.828,32,8055,1,
s26184,STXUSDT,1787156100000,testB,1,4.92,0.541,5.64,4.77,2.33,-1.93,2.8,2.88,1.68,1.15,1,6.85,bull,alcista,0,0.783,32,8055,2,
s26185,LDOUSDT,1787156100000,testB,1,5.79,0.58,7.86,5.57,1.94,-1.06,2.55,3.67,2.91,1.82,1,6.85,bull,neutral,0,0.55,32,8055,0,
s26186,SANDUSDT,1787156100000,testB,1,4.06,0.476,5.83,4.25,1.82,-2.79,2.03,2.22,1.29,0.92,1,6.85,bull,alcista,0,0.529,32,8055,2,
s26187,MANAUSDT,1787156100000,testB,1,2.78,0.36,4.57,2.94,2.03,-4.06,1.51,2.24,1.4,1.06,1,6.85,bull,alcista,0,0.724,32,8055,2,
s26188,AXSUSDT,1787156100000,testB,1,2.32,0.399,4.17,2.69,2.34,-4.53,1.41,1.6,1.05,0.69,1,6.85,bull,alcista,0,1.209,32,8055,2,
s26189,APEUSDT,1787156100000,testB,1,3.97,0.571,5.09,3.97,1.58,-2.88,1.92,2.22,1.57,1.0,1,6.85,bull,alcista,0,0.62,32,8055,2,
s26190,0GUSDT,1787157000000,train,1,5.84,0.745,5.86,5.72,1.02,0.22,3.14,0.85,0.83,0.61,1,5.62,bull,alcista,0,0.494,32,8057,3,
s26191,ENAUSDT,1787157000000,train,1,5.91,0.518,7.18,6.11,1.5,0.29,3.38,4.4,3.19,2.07,1,5.62,bull,neutral,0,0.806,32,8057,0,
s26192,ARBUSDT,1787157000000,train,1,4.3,0.538,5.34,4.91,1.14,-1.33,2.57,2.87,2.41,1.51,1,5.62,bull,alcista,1,2.0,21,8057,3,
s26193,INJUSDT,1787157000000,train,1,3.32,0.372,4.68,3.63,0.98,-2.3,1.52,3.05,2.44,1.52,1,5.62,bull,neutral,0,1.459,32,8057,0,
s26194,JUPUSDT,1787157000000,train,1,3.44,0.392,5.51,3.79,1.37,-2.18,1.7,3.71,2.21,1.31,1,5.62,bull,neutral,0,1.182,32,8057,0,
s26195,PENDLEUSDT,1787157000000,train,1,3.89,0.397,6.77,4.42,0.94,-1.73,1.69,3.59,2.44,1.68,1,5.62,bull,neutral,0,1.852,32,8057,0,
s26196,STXUSDT,1787157000000,testB,1,4.23,0.486,5.65,4.62,1.3,-1.39,2.36,2.88,1.68,1.15,1,5.62,bull,neutral,0,0.862,32,8056,0,
s26197,LDOUSDT,1787157000000,testB,1,5.18,0.546,7.61,5.26,1.27,-0.45,2.23,3.67,2.91,1.82,1,5.62,bull,neutral,0,0.8,32,8056,0,
s26198,SANDUSDT,1787157000000,testB,1,3.2,0.367,5.86,3.75,1.24,-2.42,1.34,2.22,1.29,0.92,1,5.62,bull,neutral,0,0.808,32,8056,0,
s26199,APEUSDT,1787157000000,testB,1,3.3,0.465,5.11,3.59,0.91,-2.32,1.37,2.22,1.57,1.0,1,5.62,bull,neutral,0,0.867,32,8056,0,
s26200,0GUSDT,1787157900000,train,1,6.13,0.768,6.12,5.91,0.69,0.62,3.02,0.85,0.83,0.61,1,5.51,bull,alcista,0,0.386,32,8058,4,
s26201,ENAUSDT,1787157900000,train,1,6.59,0.544,7.13,6.7,1.41,1.08,3.61,4.4,3.19,2.07,1,5.51,bull,neutral,0,0.583,32,8058,1,
s26202,ARBUSDT,1787157900000,train,1,4.61,0.595,5.34,4.92,0.88,-0.9,2.3,2.87,2.41,1.51,1,5.51,bull,alcista,1,2.0,20,8058,4,
s26203,INJUSDT,1787157900000,train,1,3.49,0.389,4.63,3.67,0.77,-2.02,1.46,3.05,2.44,1.52,1,5.51,bull,neutral,0,1.522,32,8058,1,
s26204,JUPUSDT,1787157900000,train,1,3.38,0.383,5.51,3.73,1.1,-2.13,1.5,3.71,2.21,1.31,1,5.51,bull,neutral,0,1.123,32,8058,0,
s26205,PENDLEUSDT,1787157900000,train,1,4.44,0.467,6.77,4.51,0.72,-1.07,1.55,3.59,2.44,1.68,1,5.51,bull,neutral,0,1.755,32,8058,1,
s26206,STXUSDT,1787157900000,testB,1,4.59,0.545,5.66,4.47,1.21,-0.92,1.98,2.88,1.68,1.15,1,5.51,bull,neutral,0,0.893,32,8057,0,
s26207,GRTUSDT,1787157900000,testB,1,2.87,0.388,4.7,3.09,1.04,-2.64,1.41,2.44,1.56,1.18,1,5.51,bull,alcista,0,0.976,32,8057,4,
s26208,LDOUSDT,1787157900000,testB,1,4.65,0.485,7.64,4.97,0.92,-0.86,1.74,3.67,2.91,1.82,1,5.51,bull,neutral,0,0.963,32,8057,0,
s26209,SANDUSDT,1787157900000,testB,1,3.34,0.387,5.87,3.48,0.92,-2.17,0.95,2.22,1.29,0.92,1,5.51,bull,neutral,0,0.85,32,8057,0,
s26210,AXSUSDT,1787157900000,testB,1,2.26,0.39,4.18,2.55,0.77,-3.25,0.99,1.6,1.05,0.69,1,5.51,bull,neutral,0,1.283,32,8057,1,
s26211,APEUSDT,1787157900000,testB,1,3.47,0.5,5.11,3.51,0.56,-2.04,1.19,2.22,1.57,1.0,1,5.51,bull,neutral,0,0.773,32,8057,0,
s26212,0GUSDT,1787158800000,train,1,6.54,0.78,6.54,6.48,0.65,1.42,3.35,0.98,0.76,0.65,1,5.13,bull,alcista,0,0.165,32,8059,5,
s26213,ENAUSDT,1787158800000,train,1,5.96,0.467,6.98,5.73,1.44,0.84,2.5,4.73,3.44,2.18,1,5.13,bull,neutral,0,0.703,32,8059,0,
s26214,ARBUSDT,1787158800000,train,1,3.48,0.417,5.39,4.12,0.73,-1.64,1.27,3.14,2.47,1.58,1,5.13,bull,neutral,1,2.0,16,8059,0,
s26215,JUPUSDT,1787158800000,train,1,3.14,0.351,5.52,3.57,0.95,-1.98,1.18,3.94,2.35,1.37,1,5.13,bull,neutral,0,1.048,32,8059,0,
s26216,PENDLEUSDT,1787158800000,train,1,3.73,0.386,6.54,3.86,0.54,-1.4,1.04,3.62,2.52,1.72,1,5.13,bull,neutral,1,2.0,29,8059,0,
s26217,STXUSDT,1787158800000,testB,1,4.0,0.453,5.69,4.01,0.71,-1.13,1.33,2.98,1.76,1.18,1,5.13,bull,neutral,0,1.16,32,8058,0,
s26218,GRTUSDT,1787158800000,testB,1,2.8,0.374,4.71,2.94,0.57,-2.33,1.11,2.58,1.6,1.22,1,5.13,bull,neutral,0,0.9,32,8058,0,
s26219,SANDUSDT,1787158800000,testB,1,3.22,0.367,5.71,3.14,0.7,-1.91,0.7,2.24,1.35,0.95,1,5.13,bull,neutral,0,0.833,32,8058,0,
s26220,AXSUSDT,1787158800000,testB,1,2.34,0.408,4.18,2.56,0.32,-2.78,0.93,1.65,1.05,0.71,1,5.13,bull,neutral,0,1.219,32,8058,0,
s26221,APEUSDT,1787158800000,testB,1,3.39,0.494,4.87,3.27,0.42,-1.74,1.06,2.11,1.61,1.02,1,5.13,bull,neutral,0,0.707,32,8058,0,
s26222,0GUSDT,1787159700000,train,1,6.18,0.719,6.83,6.22,0.69,1.56,2.71,0.98,0.76,0.65,1,4.63,bull,neutral,0,0.226,32,8060,0,
s26223,ENAUSDT,1787159700000,train,1,4.66,0.352,7.04,4.92,1.35,0.03,1.41,4.73,3.44,2.18,1,4.63,bull,neutral,0,1.177,32,8060,0,
s26224,ARBUSDT,1787159700000,train,1,3.52,0.421,5.26,3.62,0.66,-1.1,0.78,3.14,2.47,1.58,1,4.63,bull,neutral,1,2.0,15,8060,0,
s26225,JUPUSDT,1787159700000,train,1,3.14,0.351,5.51,3.68,0.46,-1.49,1.09,3.94,2.35,1.37,1,4.63,bull,neutral,0,0.937,32,8060,1,
s26226,STXUSDT,1787159700000,testB,1,3.75,0.421,5.7,3.85,0.61,-0.88,0.99,2.98,1.76,1.18,1,4.63,bull,neutral,0,1.146,32,8059,0,
s26227,GRTUSDT,1787159700000,testB,1,2.65,0.354,4.71,2.87,0.56,-1.98,0.85,2.58,1.6,1.22,1,4.63,bull,neutral,0,0.949,32,8059,0,
s26228,AXSUSDT,1787159700000,testB,1,2.33,0.407,4.17,2.62,0.31,-2.3,0.87,1.65,1.05,0.71,1,4.63,bull,neutral,0,1.17,32,8059,1,
s26229,APEUSDT,1787159700000,testB,1,3.21,0.481,4.79,3.27,0.35,-1.42,1.0,2.11,1.61,1.02,1,4.63,bull,neutral,0,0.756,32,8059,1,
s26230,0GUSDT,1787160600000,train,1,7.04,0.756,7.44,6.91,0.9,2.41,3.13,0.98,0.76,0.65,1,4.63,bull,neutral,0,0.115,32,8061,1,
s26231,ENAUSDT,1787160600000,train,1,4.85,0.371,7.0,4.83,0.87,0.22,1.23,4.73,3.44,2.18,1,4.63,bull,neutral,0,1.292,32,8061,0,
s26232,ARBUSDT,1787160600000,train,1,4.01,0.466,5.23,3.93,0.59,-0.62,1.05,3.14,2.47,1.58,1,4.63,bull,neutral,1,2.0,14,8061,1,
s26233,INJUSDT,1787160600000,train,1,3.51,0.387,4.44,3.6,0.41,-1.12,1.24,3.16,2.54,1.58,1,4.63,bull,alcista,0,1.665,32,8061,2,
s26234,JUPUSDT,1787160600000,train,1,4.16,0.449,5.48,4.28,0.39,-0.47,1.56,3.94,2.35,1.37,1,4.63,bull,alcista,0,0.8,32,8061,2,
s26235,STXUSDT,1787160600000,testB,1,3.75,0.421,5.7,3.78,0.39,-0.88,0.89,2.98,1.76,1.18,1,4.63,bull,neutral,0,1.489,32,8060,0,
s26236,GRTUSDT,1787160600000,testB,1,2.87,0.38,4.71,3.01,0.4,-1.76,0.95,2.58,1.6,1.22,1,4.63,bull,neutral,0,0.951,32,8060,1,
s26237,AXSUSDT,1787160600000,testB,1,2.69,0.458,4.16,2.86,0.29,-1.94,1.05,1.65,1.05,0.71,1,4.63,bull,alcista,0,1.092,32,8060,2,
s26238,APEUSDT,1787160600000,testB,1,2.96,0.439,4.8,3.12,0.28,-1.67,0.79,2.11,1.61,1.02,1,4.63,bull,neutral,0,0.769,32,8060,0,
s26239,0GUSDT,1787161500000,train,1,6.63,0.679,7.42,6.28,0.92,1.73,2.23,0.98,0.76,0.65,1,4.9,bull,neutral,0,0.202,32,8062,0,
s26240,ENAUSDT,1787161500000,train,1,5.15,0.385,6.72,5.03,0.62,0.25,1.57,4.73,3.44,2.18,1,4.9,bull,neutral,0,1.214,32,8062,1,
s26241,ARBUSDT,1787161500000,train,1,3.99,0.465,4.93,3.86,0.56,-0.92,1.12,3.14,2.47,1.58,1,4.9,bull,alcista,1,2.0,13,8062,2,
s26242,INJUSDT,1787161500000,train,1,4.25,0.437,4.37,4.19,0.39,-0.66,1.72,3.16,2.54,1.58,1,4.9,bull,alcista,0,1.07,32,8062,3,
s26243,TIAUSDT,1787161500000,train,1,3.09,0.37,4.49,3.25,0.41,-1.82,1.05,2.31,1.6,1.14,1,4.9,bull,alcista,1,2.0,16,8062,3,
s26244,JUPUSDT,1787161500000,train,1,4.29,0.468,5.37,4.17,0.33,-0.62,1.4,3.94,2.35,1.37,1,4.9,bull,neutral,0,0.863,32,8062,0,
s26245,PENDLEUSDT,1787161500000,train,1,3.64,0.361,6.56,3.56,0.34,-1.26,0.51,3.62,2.52,1.72,1,4.9,bull,alcista,1,2.0,13,8062,2,
s26246,STXUSDT,1787161500000,testB,1,4.09,0.45,5.61,3.93,0.31,-0.82,1.01,2.98,1.76,1.18,1,4.9,bull,neutral,0,1.367,32,8061,1,
s26247,GRTUSDT,1787161500000,testB,1,2.95,0.394,4.71,2.94,0.36,-1.95,0.8,2.58,1.6,1.22,1,4.9,bull,neutral,0,1.025,32,8061,0,
s26248,AXSUSDT,1787161500000,testB,1,2.9,0.487,4.16,2.99,0.28,-2.01,1.07,1.65,1.05,0.71,1,4.9,bull,alcista,0,1.027,32,8061,3,
s26249,APEUSDT,1787161500000,testB,1,2.88,0.422,4.8,3.04,0.3,-2.02,0.63,2.11,1.61,1.02,1,4.9,bull,neutral,0,0.921,32,8061,0,
s26250,0GUSDT,1787162400000,train,1,5.01,0.542,6.72,5.04,0.87,0.74,1.51,0.99,0.67,0.65,1,4.27,bull,neutral,0,0.333,32,8063,0,
s26251,ARBUSDT,1787162400000,train,1,3.47,0.429,4.66,3.56,0.46,-0.8,1.05,3.12,2.4,1.6,1,4.27,bull,neutral,1,2.0,12,8063,0,
s26252,INJUSDT,1787162400000,train,1,3.55,0.364,3.97,3.43,0.39,-0.72,1.17,3.24,2.39,1.61,1,4.27,bull,neutral,0,1.45,32,8063,0,
s26253,JUPUSDT,1787162400000,train,1,3.68,0.413,5.09,3.72,0.3,-0.59,1.1,3.95,2.4,1.41,1,4.27,bull,neutral,0,1.031,32,8063,0,
s26254,STXUSDT,1787162400000,testB,1,3.24,0.364,5.31,3.3,0.28,-1.03,0.61,3.04,1.79,1.22,1,4.27,bull,neutral,0,1.61,32,8062,0,
s26255,AXSUSDT,1787162400000,testB,1,2.62,0.42,4.17,2.65,0.23,-1.65,0.65,1.57,1.03,0.71,1,4.27,bull,neutral,0,1.504,32,8062,0,
s26256,APEUSDT,1787162400000,testB,1,2.79,0.415,4.4,2.72,0.27,-1.47,0.61,1.96,1.61,1.01,1,4.27,bull,neutral,0,0.941,32,8062,1,
s26257,0GUSDT,1787163300000,train,1,4.81,0.507,6.61,4.59,0.73,0.41,1.07,0.99,0.67,0.65,1,4.39,bull,neutral,0,0.338,32,8064,0,
s26258,ARBUSDT,1787163300000,train,1,3.59,0.45,4.66,3.51,0.34,-0.8,0.92,3.12,2.4,1.6,1,4.39,bull,neutral,1,2.0,11,8064,0,
s26259,TIAUSDT,1787163300000,train,1,3.15,0.364,4.26,3.18,0.32,-1.24,1.09,2.24,1.63,1.16,1,4.39,bull,neutral,1,2.0,14,8064,1,
s26260,JUPUSDT,1787163300000,train,1,4.33,0.459,5.06,4.26,0.25,-0.06,1.56,3.95,2.4,1.41,1,4.39,bull,neutral,0,0.72,32,8064,1,
s26261,AXSUSDT,1787163300000,testB,1,2.66,0.427,4.17,2.67,0.19,-1.73,0.62,1.57,1.03,0.71,1,4.39,bull,neutral,0,1.62,32,8063,1,
s26262,APEUSDT,1787163300000,testB,1,2.63,0.4,4.32,2.64,0.26,-1.77,0.54,1.96,1.61,1.01,1,4.39,bull,neutral,0,0.909,32,8063,0,
s26263,0GUSDT,1787164200000,train,1,4.5,0.492,6.19,4.37,0.37,-0.05,1.18,0.99,0.67,0.65,1,4.55,bull,neutral,0,0.354,32,8065,1,
s26264,ARBUSDT,1787164200000,train,1,3.21,0.424,4.23,3.17,0.26,-1.34,0.88,3.12,2.4,1.6,1,4.55,bull,neutral,1,2.0,10,8065,1,
s26265,JUPUSDT,1787164200000,train,1,4.2,0.452,4.65,4.08,0.16,-0.35,1.63,3.95,2.4,1.41,1,4.55,bull,alcista,0,0.625,32,8065,2,
s26266,AXSUSDT,1787164200000,testB,1,2.55,0.418,4.09,2.63,0.15,-1.99,0.6,1.57,1.03,0.71,1,4.55,bull,alcista,0,1.509,32,8064,2,
s26267,APEUSDT,1787164200000,testB,1,2.12,0.351,3.76,2.08,0.22,-2.42,0.49,1.96,1.61,1.01,1,4.55,bull,neutral,0,1.115,32,8064,0,
s26268,0GUSDT,1787165100000,train,1,4.19,0.476,5.49,4.15,0.33,0.45,1.36,0.99,0.67,0.65,1,3.74,bull,alcista,0,0.371,32,8066,2,
s26269,ARBUSDT,1787165100000,train,1,2.91,0.4,4.03,2.99,0.2,-0.83,0.74,3.12,2.4,1.6,1,3.74,bull,alcista,1,2.0,8,8066,2,
s26270,JUPUSDT,1787165100000,train,1,3.33,0.399,3.62,3.28,0.19,-0.41,1.63,3.95,2.4,1.41,1,3.74,bull,alcista,0,0.638,32,8066,3,
s26271,AXSUSDT,1787165100000,testB,1,2.11,0.373,3.56,2.12,0.15,-1.63,0.57,1.57,1.03,0.71,1,3.74,bull,alcista,1,2.0,30,8065,3,
s26272,0GUSDT,1787166000000,train,1,3.12,0.372,5.04,3.36,0.26,0.91,0.94,1.0,0.66,0.66,1,2.21,bull,neutral,0,0.62,32,8067,0,
s26273,ARBUSDT,1787166000000,train,1,2.71,0.385,3.68,2.95,0.27,0.5,0.97,4.18,2.86,1.92,1,2.21,bull,alcista,1,2.0,8,8067,3,
s26274,ARBUSDT,1787166900000,train,1,2.92,0.409,4.24,4.16,1.04,3.14,3.25,4.18,2.86,1.92,1,-0.21,neutral,alcista,1,2.0,12,8068,4,
s26275,SEIUSDT,1787166900000,train,-1,-2.74,0.468,3.25,3.04,0.28,-2.52,0.37,3.01,1.97,1.23,1,-0.21,neutral,neutral,0,-1.0,6,8068,0,
s26276,ONDOUSDT,1787166900000,train,-1,-2.62,0.416,3.61,2.75,0.29,-2.41,-0.14,4.63,2.89,2.01,1,-0.21,neutral,neutral,0,-1.0,6,8067,0,
s26277,LDOUSDT,1787166900000,testB,-1,-2.6,0.503,4.61,3.73,0.24,-2.38,-0.26,3.93,2.48,1.94,1,-0.21,neutral,neutral,0,-1.0,6,8067,0,
s26278,SANDUSDT,1787166900000,testB,-1,-2.17,0.466,3.42,2.67,0.31,-1.96,-0.26,2.22,1.44,1.0,1,-0.21,neutral,neutral,0,-1.0,7,8067,0,
s26279,ASTERUSDT,1787167800000,train,1,2.07,0.38,2.69,2.69,2.45,2.48,2.04,8.29,4.61,2.59,1,-0.41,neutral,alcista,0,0.449,32,8069,6,
s26280,WLDUSDT,1787167800000,train,1,4.19,0.355,6.59,6.48,0.66,4.6,4.05,4.03,2.59,2.0,1,-0.41,neutral,alcista,0,-0.043,32,8069,3,
s26281,ARBUSDT,1787167800000,train,1,3.68,0.517,4.93,4.48,2.37,4.09,3.2,4.18,2.86,1.92,1,-0.41,neutral,alcista,1,2.0,16,8069,5,
s26282,TIAUSDT,1787167800000,train,1,2.35,0.374,3.95,3.45,2.4,2.76,2.51,2.79,1.99,1.33,1,-0.41,neutral,alcista,0,-0.072,32,8069,3,
s26283,SANDUSDT,1787167800000,testB,-1,-2.03,0.439,2.84,2.04,0.49,-1.62,-0.17,2.22,1.44,1.0,1,-0.41,neutral,neutral,0,-1.0,5,8068,0,
s26284,ASTERUSDT,1787168700000,train,1,2.33,0.445,3.09,2.6,3.36,2.5,1.71,8.29,4.61,2.59,1,-0.17,neutral,neutral,0,0.509,32,8070,0,
s26285,XPLUSDT,1787168700000,train,1,2.64,0.428,3.95,3.2,1.61,2.82,1.7,2.68,1.71,1.21,1,-0.17,neutral,neutral,0,0.473,32,8070,0,
s26286,ARBUSDT,1787168700000,train,1,4.54,0.637,4.56,4.39,3.4,4.71,3.18,4.18,2.86,1.92,1,-0.17,neutral,alcista,0,1.096,32,8070,6,
s26287,INJUSDT,1787168700000,train,1,4.61,0.632,5.13,4.47,1.68,4.78,2.37,3.7,2.39,1.75,1,-0.17,neutral,alcista,0,0.441,32,8070,2,
s26288,SUIUSDT,1787168700000,train,1,2.35,0.43,2.66,2.6,0.58,2.53,1.26,4.98,3.23,2.25,1,-0.17,neutral,alcista,0,0.193,32,8070,3,
s26289,TIAUSDT,1787168700000,train,1,3.08,0.545,3.95,3.24,3.05,3.26,2.0,2.79,1.99,1.33,1,-0.17,neutral,neutral,0,-0.058,32,8070,0,
s26290,JUPUSDT,1787168700000,train,1,2.83,0.527,3.09,2.86,0.85,3.0,1.48,4.13,2.53,1.5,1,-0.17,neutral,neutral,0,0.216,32,8070,1,
s26291,ASTERUSDT,1787169600000,train,1,2.29,0.443,3.3,3.2,3.54,2.13,2.04,11.38,6.27,3.44,1,0.17,neutral,neutral,0,0.4,32,8071,1,
s26292,XPLUSDT,1787169600000,train,1,2.28,0.37,3.96,3.03,1.68,2.12,0.95,2.48,1.82,1.25,1,0.17,neutral,neutral,0,0.492,32,8071,0,
s26293,WLDUSDT,1787169600000,train,1,7.11,0.587,8.05,6.66,1.12,6.94,2.9,4.31,2.67,2.07,1,0.17,neutral,neutral,0,0.067,32,8071,0,
s26294,ARBUSDT,1787169600000,train,1,3.28,0.563,4.95,4.47,4.42,3.11,2.61,4.72,3.13,2.14,1,0.17,neutral,alcista,0,1.185,32,8071,7,
s26295,INJUSDT,1787169600000,train,1,3.78,0.587,4.48,4.08,1.49,3.61,2.23,3.81,2.62,1.94,1,0.17,neutral,alcista,0,0.53,32,8071,3,
s26296,TIAUSDT,1787169600000,train,1,3.14,0.551,4.32,3.45,4.5,2.97,1.67,3.3,2.25,1.47,1,0.17,neutral,neutral,0,0.0,32,8071,1,
s26297,JUPUSDT,1787169600000,train,1,2.53,0.5,3.14,2.58,1.2,2.36,1.14,4.4,2.81,1.65,1,0.17,neutral,alcista,0,0.37,32,8071,2,
s26298,WLDUSDT,1787170500000,train,1,5.71,0.537,7.04,5.87,1.01,6.0,2.8,4.31,2.67,2.07,1,-0.29,neutral,neutral,0,0.0,32,8072,1,
s26299,ARBUSDT,1787170500000,train,1,3.23,0.554,4.95,4.45,2.56,3.52,2.39,4.72,3.13,2.14,1,-0.29,neutral,neutral,0,1.143,32,8072,0,
s26300,INJUSDT,1787170500000,train,1,3.09,0.535,5.16,4.06,2.14,3.38,2.03,3.81,2.62,1.94,1,-0.29,neutral,neutral,0,0.603,32,8072,0,
s26301,TIAUSDT,1787170500000,train,1,2.23,0.412,4.33,3.15,2.57,2.52,1.32,3.3,2.25,1.47,1,-0.29,neutral,neutral,0,0.079,32,8072,0,
s26302,ASTERUSDT,1787171400000,train,1,2.03,0.354,3.35,2.3,1.94,1.91,0.97,11.38,6.27,3.44,1,0.11,neutral,neutral,1,2.0,32,8073,1,
s26303,WLDUSDT,1787171400000,train,1,6.48,0.574,7.07,6.41,0.94,6.36,3.49,4.31,2.67,2.07,1,0.11,neutral,alcista,0,-0.116,32,8073,2,
s26304,ARBUSDT,1787171400000,train,1,2.73,0.441,4.97,4.05,1.35,2.62,1.83,4.72,3.13,2.14,1,0.11,neutral,neutral,1,2.0,7,8073,0,
s26305,INJUSDT,1787171400000,train,1,4.08,0.661,5.13,4.69,2.15,3.97,2.67,3.81,2.62,1.94,1,0.11,neutral,neutral,0,0.388,32,8073,1,
s26306,TIAUSDT,1787171400000,train,1,2.46,0.472,4.34,3.06,1.43,2.35,1.23,3.3,2.25,1.47,1,0.11,neutral,neutral,0,0.122,32,8073,0,
s26307,PENDLEUSDT,1787171400000,train,1,2.2,0.362,4.01,3.48,0.67,2.09,1.23,4.06,2.84,1.9,1,0.11,neutral,neutral,1,2.0,21,8073,0,
s26308,ASTERUSDT,1787172300000,train,1,3.27,0.508,3.38,3.2,2.46,2.42,1.65,11.38,6.27,3.44,1,0.86,neutral,alcista,0,1.205,32,8074,2,
s26309,XPLUSDT,1787172300000,train,1,3.09,0.407,3.69,3.26,1.08,2.24,1.51,2.48,1.82,1.25,1,0.86,neutral,neutral,0,0.148,32,8074,1,
s26310,WLDUSDT,1787172300000,train,1,6.88,0.589,8.3,6.9,0.98,6.02,3.58,4.31,2.67,2.07,1,0.86,neutral,alcista,0,-0.187,32,8074,3,
s26311,ARBUSDT,1787172300000,train,1,4.56,0.569,6.47,5.74,1.47,3.71,3.12,4.72,3.13,2.14,1,0.86,neutral,neutral,0,0.668,32,8074,1,
s26312,OPUSDT,1787172300000,train,1,3.74,0.625,4.79,4.64,2.33,2.88,3.09,2.94,1.91,1.3,1,0.86,neutral,alcista,0,-0.053,32,8074,7,
s26313,INJUSDT,1787172300000,train,1,3.6,0.556,5.85,4.34,1.99,2.75,1.92,3.81,2.62,1.94,1,0.86,neutral,neutral,0,0.599,32,8074,0,
s26314,SUIUSDT,1787172300000,train,1,2.8,0.571,4.49,3.91,2.44,1.94,2.07,5.18,3.38,2.39,1,0.86,neutral,neutral,0,-0.163,32,8074,1,
s26315,TIAUSDT,1787172300000,train,1,4.19,0.639,4.89,4.49,1.89,3.34,2.46,3.3,2.25,1.47,1,0.86,neutral,neutral,0,-0.205,32,8074,1,
s26316,JUPUSDT,1787172300000,train,1,3.21,0.651,3.67,3.45,2.18,2.36,1.82,4.4,2.81,1.65,1,0.86,neutral,neutral,0,0.097,32,8074,1,
s26317,PENDLEUSDT,1787172300000,train,1,4.34,0.528,5.94,5.54,1.83,3.48,3.19,4.06,2.84,1.9,1,0.86,neutral,neutral,0,0.873,32,8074,1,
s26318,ONDOUSDT,1787172300000,train,1,2.39,0.399,3.91,3.6,2.1,1.53,2.17,4.63,3.16,2.15,1,0.86,neutral,alcista,0,-0.192,32,8073,2,
s26319,FETUSDT,1787172300000,train,1,2.96,0.569,3.96,3.34,2.1,2.1,1.88,3.13,1.95,1.3,1,0.86,neutral,neutral,0,0.419,32,8073,1,
s26320,LDOUSDT,1787172300000,testB,1,3.42,0.382,5.91,5.16,2.61,2.56,2.99,4.3,2.73,2.1,1,0.86,neutral,neutral,0,0.07,32,8073,1,
s26321,AXSUSDT,1787172300000,testB,1,2.6,0.643,2.92,2.86,2.1,1.74,1.95,1.7,1.13,0.78,1,0.86,neutral,neutral,0,0.578,32,8073,1,
s26322,ASTERUSDT,1787173200000,train,1,3.34,0.514,4.53,3.64,2.91,1.6,1.93,12.49,7.72,4.18,1,1.74,neutral,alcista,0,1.083,32,8075,3,
s26323,XPLUSDT,1787173200000,train,1,3.36,0.428,4.35,3.84,1.7,1.62,1.88,1.82,2.03,1.32,0,1.74,neutral,alcista,0,0.115,32,8075,2,
s26324,STBLUSDT,1787173200000,train,1,2.59,0.723,3.2,3.05,1.97,0.85,1.61,0.39,0.73,0.74,0,1.74,neutral,alcista,0,0.012,32,8075,2,
s26325,WLDUSDT,1787173200000,train,1,6.81,0.589,8.39,7.33,1.17,5.07,3.84,3.05,2.82,2.18,1,1.74,neutral,alcista,0,-0.311,32,8075,4,
s26326,ENAUSDT,1787173200000,train,1,5.38,0.564,7.53,6.87,3.14,3.63,4.39,4.45,3.9,2.71,1,1.74,neutral,alcista,0,-0.223,32,8075,8,
s26327,OPUSDT,1787173200000,train,1,5.75,0.803,6.59,6.06,3.92,4.0,4.05,2.46,2.28,1.47,1,1.74,neutral,alcista,0,-0.313,32,8075,8,
s26328,INJUSDT,1787173200000,train,1,4.97,0.707,5.8,5.19,2.15,3.22,2.48,3.04,2.87,2.08,1,1.74,neutral,neutral,0,0.395,32,8075,1,
s26329,SUIUSDT,1787173200000,train,1,5.47,0.813,6.47,5.95,3.45,3.73,3.73,3.9,3.95,2.65,0,1.74,neutral,alcista,0,-0.513,32,8075,2,
s26330,TIAUSDT,1787173200000,train,1,6.01,0.77,6.24,5.85,1.68,4.26,3.47,3.03,2.62,1.67,1,1.74,neutral,alcista,0,-0.409,32,8075,2,
s26331,SEIUSDT,1787173200000,train,1,3.03,0.46,4.48,4.26,2.91,1.29,2.65,2.48,2.49,1.51,0,1.74,neutral,alcista,0,0.057,32,8075,2,
s26332,JUPUSDT,1787173200000,train,1,5.0,0.784,5.42,4.93,2.42,3.26,2.92,3.45,3.22,1.87,1,1.74,neutral,alcista,0,-0.3,32,8075,2,
s26333,PENDLEUSDT,1787173200000,train,1,6.68,0.687,7.84,7.23,3.31,4.94,4.49,3.27,3.35,2.17,0,1.74,neutral,alcista,0,0.413,32,8075,2,
s26334,ONDOUSDT,1787173200000,train,1,4.17,0.616,5.62,4.77,3.96,2.43,3.04,3.15,3.62,2.24,0,1.74,neutral,alcista,0,-0.381,32,8074,3,
s26335,FETUSDT,1787173200000,train,1,4.64,0.69,5.73,4.82,3.21,2.9,3.05,2.14,2.24,1.44,0,1.74,neutral,alcista,0,-0.111,32,8074,2,
s26336,ARUSDT,1787173200000,testB,1,4.24,0.562,5.02,4.6,4.89,2.5,3.25,3.61,3.0,1.99,1,1.74,neutral,alcista,0,-0.368,32,8074,2,
s26337,STXUSDT,1787173200000,testB,1,3.04,0.514,4.51,3.81,3.74,1.3,2.43,2.82,2.5,1.58,1,1.74,neutral,alcista,0,0.898,32,8074,2,
s26338,GRTUSDT,1787173200000,testB,1,3.38,0.657,4.27,3.77,3.99,1.64,2.62,2.28,2.15,1.54,1,1.74,neutral,alcista,0,-0.321,32,8074,2,
s26339,LDOUSDT,1787173200000,testB,1,5.93,0.565,7.72,6.95,4.03,4.18,4.52,3.2,3.14,2.32,1,1.74,neutral,alcista,0,-0.225,32,8074,2,
s26340,SANDUSDT,1787173200000,testB,1,3.24,0.631,4.54,3.96,4.1,1.5,2.63,2.06,1.96,1.22,1,1.74,neutral,alcista,0,-0.25,32,8074,2,
s26341,MANAUSDT,1787173200000,testB,1,2.82,0.675,3.97,3.31,4.15,1.07,2.26,2.03,1.95,1.33,1,1.74,neutral,alcista,0,-0.009,32,8074,8,
s26342,AXSUSDT,1787173200000,testB,1,3.82,0.726,4.53,4.01,5,2.08,2.81,1.66,1.52,0.98,1,1.74,neutral,alcista,0,0.058,32,8074,2,
s26343,APEUSDT,1787173200000,testB,1,2.64,0.541,3.58,3.19,5,0.89,2.21,2.23,2.25,1.39,0,1.74,neutral,alcista,0,-0.268,32,8074,2,
s26344,ASTERUSDT,1787174100000,train,1,4.31,0.62,4.5,4.28,2.8,1.92,2.42,12.49,7.72,4.18,1,2.39,bull,alcista,0,0.715,32,8076,4,
s26345,XPLUSDT,1787174100000,train,1,3.63,0.476,4.25,3.65,1.81,1.24,1.69,1.82,2.03,1.32,0,2.39,bull,neutral,0,0.047,32,8076,0,
s26346,STBLUSDT,1787174100000,train,1,2.63,0.726,3.31,3.08,2.08,0.24,1.56,0.39,0.73,0.74,0,2.39,bull,alcista,0,0.012,32,8076,3,
s26347,0GUSDT,1787174100000,train,1,2.88,0.381,4.1,3.84,2.32,0.49,2.65,0.83,0.76,0.72,1,2.39,bull,alcista,0,-0.441,32,8076,3,
s26348,WLDUSDT,1787174100000,train,1,7.08,0.621,8.38,7.1,1.18,4.69,3.27,3.05,2.82,2.18,1,2.39,bull,neutral,0,-0.287,32,8076,0,
s26349,ENAUSDT,1787174100000,train,1,6.02,0.668,7.55,6.64,3.7,3.63,3.75,4.45,3.9,2.71,1,2.39,bull,neutral,0,-0.199,32,8076,0,
s26350,OPUSDT,1787174100000,train,1,7.09,0.87,7.12,7.07,4.25,4.7,4.73,2.46,2.28,1.47,1,2.39,bull,alcista,0,-0.39,32,8076,8,
s26351,INJUSDT,1787174100000,train,1,4.09,0.551,5.44,4.21,1.51,1.7,1.71,3.04,2.87,2.08,1,2.39,bull,neutral,0,0.589,32,8076,0,
s26352,SUIUSDT,1787174100000,train,1,5.85,0.866,6.46,6.12,4.75,3.46,3.59,3.9,3.95,2.65,0,2.39,bull,alcista,0,-0.493,32,8076,3,
s26353,TIAUSDT,1787174100000,train,1,6.52,0.784,6.33,6.33,1.99,4.13,3.65,3.03,2.62,1.67,1,2.39,bull,alcista,0,-0.452,32,8076,3,
s26354,SEIUSDT,1787174100000,train,1,4.01,0.624,4.73,4.61,3.28,1.62,2.8,2.48,2.49,1.51,0,2.39,bull,alcista,0,0.026,32,8076,3,
s26355,JUPUSDT,1787174100000,train,1,5.57,0.802,5.44,5.44,2.62,3.18,3.35,3.45,3.22,1.87,1,2.39,bull,alcista,0,-0.37,32,8076,3,
s26356,PENDLEUSDT,1787174100000,train,1,7.31,0.78,7.93,7.31,4.07,4.92,4.22,3.27,3.35,2.17,0,2.39,bull,alcista,0,0.38,32,8076,3,
s26357,ONDOUSDT,1787174100000,train,1,4.4,0.667,5.64,4.58,4.41,2.01,2.64,3.15,3.62,2.24,0,2.39,bull,neutral,0,-0.354,32,8075,0,
s26358,FETUSDT,1787174100000,train,1,4.96,0.705,5.64,5.1,3.4,2.57,3.29,2.14,2.24,1.44,0,2.39,bull,alcista,0,-0.164,32,8075,3,
s26359,ARUSDT,1787174100000,testB,1,4.7,0.63,5.02,4.75,5,2.31,3.11,3.61,3.0,1.99,1,2.39,bull,alcista,0,-0.367,32,8075,3,
s26360,STXUSDT,1787174100000,testB,1,3.45,0.573,4.5,4.03,4.23,1.06,2.43,2.82,2.5,1.58,1,2.39,bull,alcista,0,0.827,32,8075,3,
s26361,GRTUSDT,1787174100000,testB,1,3.61,0.69,4.26,3.91,3.08,1.22,2.46,2.28,2.15,1.54,1,2.39,bull,alcista,0,-0.364,32,8075,3,
s26362,LDOUSDT,1787174100000,testB,1,4.81,0.414,7.8,5.9,3.93,2.42,3.03,3.2,3.14,2.32,1,2.39,bull,neutral,0,-0.02,32,8075,0,
s26363,SANDUSDT,1787174100000,testB,1,3.42,0.682,4.54,3.98,5,1.03,2.47,2.06,1.96,1.22,1,2.39,bull,neutral,0,-0.303,32,8075,0,
s26364,MANAUSDT,1787174100000,testB,1,2.96,0.722,3.97,3.34,5,0.57,2.15,2.03,1.95,1.33,1,2.39,bull,alcista,0,-0.045,32,8075,8,
s26365,AXSUSDT,1787174100000,testB,1,4.04,0.737,4.33,4.08,5,1.65,2.81,1.66,1.52,0.98,1,2.39,bull,alcista,0,-0.081,32,8075,3,
s26366,APEUSDT,1787174100000,testB,1,3.11,0.582,3.87,3.72,5,0.72,2.56,2.23,2.25,1.39,0,2.39,bull,alcista,0,-0.354,32,8075,3,
s26367,ASTERUSDT,1787175000000,train,1,4.19,0.602,4.83,4.2,2.16,1.82,2.17,12.49,7.72,4.18,1,2.38,bull,neutral,0,0.887,32,8077,0,
s26368,XPLUSDT,1787175000000,train,1,2.62,0.35,4.11,3.07,1.91,0.24,1.13,1.82,2.03,1.32,0,2.38,bull,neutral,0,0.217,32,8077,0,
s26369,STBLUSDT,1787175000000,train,1,3.29,0.896,3.52,3.41,1.95,0.91,1.74,0.39,0.73,0.74,0,2.38,bull,alcista,0,-0.043,32,8077,4,
s26370,WLDUSDT,1787175000000,train,1,5.54,0.505,7.17,5.33,1.19,3.16,2.42,3.05,2.82,2.18,1,2.38,bull,neutral,0,-0.333,32,8077,0,
s26371,ENAUSDT,1787175000000,train,1,6.73,0.698,7.51,7.21,3.66,4.35,3.87,4.45,3.9,2.71,1,2.38,bull,neutral,0,-0.262,32,8077,1,
s26372,OPUSDT,1787175000000,train,1,6.57,0.763,7.19,6.64,4.73,4.19,3.84,2.46,2.28,1.47,1,2.38,bull,neutral,0,-0.336,32,8077,0,
s26373,INJUSDT,1787175000000,train,1,4.96,0.599,5.16,5.08,1.56,2.59,2.58,3.04,2.87,2.08,1,2.38,bull,neutral,0,0.239,32,8077,1,
s26374,SUIUSDT,1787175000000,train,1,5.62,0.806,5.93,5.33,5,3.24,3.08,3.9,3.95,2.65,0,2.38,bull,neutral,0,-0.526,32,8077,0,
s26375,TIAUSDT,1787175000000,train,1,5.96,0.71,6.14,5.74,2.03,3.58,3.04,3.03,2.62,1.67,1,2.38,bull,neutral,0,-0.474,32,8077,0,
s26376,SEIUSDT,1787175000000,train,1,3.79,0.568,4.75,4.17,4.12,1.41,2.13,2.48,2.49,1.51,0,2.38,bull,neutral,0,0.181,32,8077,0,
s26377,JUPUSDT,1787175000000,train,1,4.74,0.735,5.4,4.96,3.14,2.36,2.88,3.45,3.22,1.87,1,2.38,bull,neutral,0,-0.363,32,8077,0,
s26378,PENDLEUSDT,1787175000000,train,1,6.68,0.693,7.96,6.92,4.67,4.31,3.39,3.27,3.35,2.17,0,2.38,bull,neutral,0,0.254,32,8077,0,
s26379,ONDOUSDT,1787175000000,train,1,4.5,0.673,5.24,4.62,5,2.12,2.75,3.15,3.62,2.24,0,2.38,bull,neutral,0,-0.442,32,8076,1,
s26380,FETUSDT,1787175000000,train,1,4.33,0.563,5.53,4.15,3.8,1.95,2.17,2.14,2.24,1.44,0,2.38,bull,neutral,0,-0.093,32,8076,0,
s26381,ARUSDT,1787175000000,testB,1,3.69,0.475,5.05,4.14,5,1.31,2.2,3.61,3.0,1.99,1,2.38,bull,neutral,0,-0.321,32,8076,0,
s26382,STXUSDT,1787175000000,testB,1,3.45,0.573,4.5,3.96,4.67,1.08,2.14,2.82,2.5,1.58,1,2.38,bull,neutral,0,0.882,32,8076,0,
s26383,GRTUSDT,1787175000000,testB,1,2.87,0.506,4.29,3.36,3.28,0.49,1.68,2.28,2.15,1.54,1,2.38,bull,neutral,0,-0.298,32,8076,0,
s26384,LDOUSDT,1787175000000,testB,1,4.46,0.379,7.82,5.67,3.81,2.08,2.56,3.2,3.14,2.32,1,2.38,bull,neutral,0,-0.037,32,8076,0,
s26385,SANDUSDT,1787175000000,testB,1,3.32,0.649,4.55,3.82,5,0.94,2.11,2.06,1.96,1.22,1,2.38,bull,neutral,0,-0.323,32,8076,0,
s26386,MANAUSDT,1787175000000,testB,1,2.75,0.636,3.99,2.86,5,0.37,1.47,2.03,1.95,1.33,1,2.38,bull,neutral,0,0.1,32,8076,0,
s26387,AXSUSDT,1787175000000,testB,1,3.19,0.551,4.26,3.44,5,0.82,2.0,1.66,1.52,0.98,1,2.38,bull,neutral,0,0.106,32,8076,0,
s26388,APEUSDT,1787175000000,testB,1,2.72,0.472,3.97,3.19,5,0.34,1.82,2.23,2.25,1.39,0,2.38,bull,neutral,0,-0.317,32,8076,0,
s26389,ASTERUSDT,1787175900000,train,1,3.61,0.499,4.85,3.8,1.35,1.39,1.52,12.49,7.72,4.18,1,2.22,bull,neutral,0,0.921,32,8078,0,
s26390,XPLUSDT,1787175900000,train,1,3.5,0.433,4.08,3.76,1.63,1.28,1.63,1.82,2.03,1.32,0,2.22,bull,neutral,0,-0.195,32,8078,1,
s26391,STBLUSDT,1787175900000,train,1,3.44,0.9,3.99,3.62,1.63,1.22,1.79,0.39,0.73,0.74,0,2.22,bull,alcista,0,0.204,32,8078,5,
s26392,WLDUSDT,1787175900000,train,1,5.46,0.503,7.13,5.77,0.81,3.23,2.49,3.05,2.82,2.18,1,2.22,bull,neutral,0,-0.448,32,8078,1,
s26393,ENAUSDT,1787175900000,train,1,5.91,0.626,7.77,6.94,2.72,3.69,3.33,4.45,3.9,2.71,1,2.22,bull,neutral,0,-0.26,32,8078,0,
s26394,OPUSDT,1787175900000,train,1,7.32,0.782,7.95,7.45,2.79,5.1,4.34,2.46,2.28,1.47,1,2.22,bull,neutral,0,-0.433,32,8078,1,
s26395,INJUSDT,1787175900000,train,1,4.55,0.579,6.19,5.32,1.19,2.33,2.62,3.04,2.87,2.08,1,2.22,bull,alcista,0,0.163,32,8078,2,
s26396,SUIUSDT,1787175900000,train,1,5.4,0.801,5.96,5.54,3.02,3.18,3.04,3.9,3.95,2.65,0,2.22,bull,neutral,0,-0.542,32,8078,1,
s26397,TIAUSDT,1787175900000,train,1,6.98,0.742,7.33,7.12,1.67,4.76,4.15,3.03,2.62,1.67,1,2.22,bull,neutral,0,-0.628,32,8078,1,
s26398,SEIUSDT,1787175900000,train,1,3.91,0.576,4.98,4.44,3.03,1.69,2.24,2.48,2.49,1.51,0,2.22,bull,neutral,0,0.038,32,8078,1,
s26399,JUPUSDT,1787175900000,train,1,4.45,0.661,6.01,4.7,2.23,2.23,2.37,3.45,3.22,1.87,1,2.22,bull,neutral,0,-0.326,32,8078,0,
s26400,PENDLEUSDT,1787175900000,train,1,6.76,0.695,7.95,7.01,2.81,4.54,3.21,3.27,3.35,2.17,0,2.22,bull,neutral,0,0.298,32,8078,1,
s26401,ONDOUSDT,1787175900000,train,1,4.34,0.665,5.4,4.86,2.51,2.11,2.78,3.15,3.62,2.24,0,2.22,bull,alcista,0,-0.494,32,8077,2,
s26402,FETUSDT,1787175900000,train,1,5.03,0.6,5.48,5.1,2.5,2.81,2.89,2.14,2.24,1.44,0,2.22,bull,neutral,0,-0.373,32,8077,1,
s26403,ARUSDT,1787175900000,testB,1,3.74,0.479,5.04,4.35,5,1.52,2.22,3.61,3.0,1.99,1,2.22,bull,neutral,0,-0.39,32,8077,1,
s26404,STXUSDT,1787175900000,testB,1,3.45,0.573,4.57,4.18,2.29,1.22,2.22,2.82,2.5,1.58,1,2.22,bull,neutral,0,0.815,32,8077,1,
s26405,GRTUSDT,1787175900000,testB,1,3.24,0.55,4.28,3.64,2.27,1.02,1.8,2.28,2.15,1.54,1,2.22,bull,neutral,0,-0.353,32,8077,1,
s26406,LDOUSDT,1787175900000,testB,1,4.82,0.416,7.82,5.73,2.25,2.6,2.43,3.2,3.14,2.32,1,2.22,bull,neutral,0,-0.031,32,8077,1,
s26407,SANDUSDT,1787175900000,testB,1,3.4,0.66,4.54,3.87,2.86,1.18,1.98,2.06,1.96,1.22,1,2.22,bull,neutral,0,-0.4,32,8077,1,
s26408,MANAUSDT,1787175900000,testB,1,2.72,0.629,3.99,2.84,3.81,0.5,1.34,2.03,1.95,1.33,1,2.22,bull,neutral,0,-0.032,32,8077,0,
s26409,AXSUSDT,1787175900000,testB,1,2.95,0.511,4.26,3.33,5,0.73,1.71,1.66,1.52,0.98,1,2.22,bull,neutral,0,0.04,32,8077,0,
s26410,APEUSDT,1787175900000,testB,1,2.8,0.493,3.97,3.19,4.11,0.58,1.64,2.23,2.25,1.39,0,2.22,bull,neutral,0,-0.341,32,8077,0,
s26411,STBLUSDT,1787176800000,train,1,3.03,0.712,3.98,3.01,0.91,1.41,1.08,0.32,0.7,0.75,0,1.62,neutral,neutral,0,0.568,32,8079,0,
s26412,ENAUSDT,1787176800000,train,1,5.97,0.628,7.74,6.07,1.18,4.36,2.36,3.74,4.16,2.88,0,1.62,neutral,neutral,0,-0.178,32,8079,0,
s26413,OPUSDT,1787176800000,train,1,6.44,0.625,7.91,6.21,1.83,4.82,2.82,2.57,2.58,1.63,0,1.62,neutral,neutral,0,-0.323,32,8079,0,
s26414,INJUSDT,1787176800000,train,1,4.11,0.493,6.24,4.58,0.99,2.49,1.62,2.87,3.05,2.18,0,1.62,neutral,neutral,0,0.271,32,8079,0,
s26415,SUIUSDT,1787176800000,train,1,4.33,0.552,5.8,4.22,1.57,2.71,1.7,3.63,4.28,2.76,0,1.62,neutral,neutral,0,-0.475,32,8079,0,
s26416,SEIUSDT,1787176800000,train,1,4.13,0.625,4.99,4.28,1.79,2.51,1.95,2.68,2.77,1.63,0,1.62,neutral,neutral,0,0.085,32,8079,0,
s26417,JUPUSDT,1787176800000,train,1,3.43,0.441,5.75,3.26,1.62,1.82,1.06,2.98,3.44,2.0,0,1.62,neutral,neutral,0,-0.136,32,8079,0,
s26418,PENDLEUSDT,1787176800000,train,1,6.05,0.575,7.78,5.7,1.71,4.43,1.93,2.97,3.4,2.26,0,1.62,neutral,neutral,0,0.509,32,8079,0,
s26419,ONDOUSDT,1787176800000,train,1,3.1,0.399,5.47,3.64,1.23,1.48,1.39,3.02,3.96,2.37,0,1.62,neutral,neutral,0,-0.37,32,8078,0,
s26420,FETUSDT,1787176800000,train,1,4.31,0.482,5.43,4.36,1.41,2.69,2.03,1.89,2.42,1.5,0,1.62,neutral,neutral,0,-0.281,32,8078,0,
s26421,ARUSDT,1787176800000,testB,1,3.04,0.355,4.83,3.0,1.37,1.42,1.02,3.58,3.23,1.9,1,1.62,neutral,neutral,0,-0.232,32,8078,0,
s26422,STXUSDT,1787176800000,testB,1,2.89,0.439,4.61,3.36,0.94,1.28,1.24,2.41,2.69,1.66,0,1.62,neutral,neutral,0,1.279,32,8078,0,
s26423,GRTUSDT,1787176800000,testB,1,2.51,0.378,4.31,2.8,1.03,0.89,0.85,2.0,2.25,1.61,0,1.62,neutral,neutral,0,-0.256,32,8078,0,
s26424,LDOUSDT,1787176800000,testB,1,4.69,0.397,7.88,4.94,1.0,3.08,1.43,2.69,3.28,2.41,0,1.62,neutral,neutral,0,0.171,32,8078,0,
s26425,SANDUSDT,1787176800000,testB,1,2.83,0.493,4.31,2.78,1.54,1.22,1.03,1.86,2.08,1.27,0,1.62,neutral,neutral,0,-0.298,32,8078,0,
s26426,AXSUSDT,1787176800000,testB,1,2.39,0.375,4.3,2.47,1.18,0.77,0.72,1.62,1.62,1.05,0,1.62,neutral,neutral,0,0.552,32,8078,0,
s26427,APEUSDT,1787176800000,testB,1,2.8,0.493,3.97,3.27,1.79,1.18,1.54,2.47,2.4,1.52,1,1.62,neutral,neutral,0,-0.333,32,8078,1,
s26428,STBLUSDT,1787177700000,train,1,2.86,0.701,3.64,2.89,1.29,1.59,1.22,0.32,0.7,0.75,0,1.27,neutral,neutral,0,0.679,32,8080,1,
s26429,ENAUSDT,1787177700000,train,1,6.04,0.631,7.72,6.29,0.99,4.77,2.35,3.74,4.16,2.88,0,1.27,neutral,neutral,0,-0.192,32,8080,1,
s26430,OPUSDT,1787177700000,train,1,6.32,0.621,7.72,6.13,1.7,5.05,2.64,2.57,2.58,1.63,0,1.27,neutral,neutral,0,-0.265,32,8080,1,
s26431,INJUSDT,1787177700000,train,1,3.91,0.457,6.25,4.33,1.07,2.64,1.18,2.87,3.05,2.18,0,1.27,neutral,neutral,0,0.328,32,8080,0,
s26432,SUIUSDT,1787177700000,train,1,3.49,0.425,5.74,3.55,1.05,2.21,1.0,3.63,4.28,2.76,0,1.27,neutral,neutral,0,-0.294,32,8080,0,
s26433,SEIUSDT,1787177700000,train,1,3.49,0.504,5.01,3.84,1.53,2.22,1.37,2.68,2.77,1.63,0,1.27,neutral,neutral,0,0.344,32,8080,0,
s26434,JUPUSDT,1787177700000,train,1,2.73,0.375,5.42,2.82,1.39,1.46,0.78,2.98,3.44,2.0,0,1.27,neutral,neutral,0,0.078,32,8080,0,
s26435,PENDLEUSDT,1787177700000,train,1,4.7,0.498,7.0,4.76,1.06,3.43,1.58,2.97,3.4,2.26,0,1.27,neutral,neutral,0,0.677,32,8080,0,
s26436,FETUSDT,1787177700000,train,1,4.23,0.477,5.28,4.21,1.32,2.95,1.87,1.89,2.42,1.5,0,1.27,neutral,neutral,0,-0.073,32,8079,0,
s26437,STXUSDT,1787177700000,testB,1,2.9,0.439,4.62,3.21,0.79,1.63,0.99,2.41,2.69,1.66,0,1.27,neutral,neutral,0,1.439,32,8079,0,
s26438,GRTUSDT,1787177700000,testB,1,2.44,0.363,4.32,2.59,0.9,1.16,0.55,2.0,2.25,1.61,0,1.27,neutral,neutral,0,-0.056,32,8079,0,
s26439,SANDUSDT,1787177700000,testB,1,2.35,0.416,4.3,2.56,0.85,1.08,0.76,1.86,2.08,1.27,0,1.27,neutral,neutral,0,-0.086,32,8079,0,
s26440,AXSUSDT,1787177700000,testB,1,2.31,0.361,4.3,2.41,0.89,1.04,0.57,1.62,1.62,1.05,0,1.27,neutral,neutral,0,0.639,32,8079,0,
s26441,STBLUSDT,1787178600000,train,1,2.48,0.596,3.64,2.68,1.45,1.14,0.89,0.32,0.7,0.75,0,1.33,neutral,neutral,0,0.917,32,8081,0,
s26442,ENAUSDT,1787178600000,train,1,6.75,0.661,7.67,6.89,0.9,5.42,2.65,3.74,4.16,2.88,0,1.33,neutral,alcista,0,-0.215,32,8081,2,
s26443,OPUSDT,1787178600000,train,1,5.94,0.575,7.69,5.84,1.52,4.6,2.13,2.57,2.58,1.63,0,1.33,neutral,neutral,0,-0.114,32,8081,0,
s26444,INJUSDT,1787178600000,train,1,3.98,0.469,6.26,4.27,0.93,2.65,0.92,2.87,3.05,2.18,0,1.33,neutral,neutral,0,0.436,32,8081,0,
s26445,SUIUSDT,1787178600000,train,1,3.44,0.421,5.59,3.53,1.04,2.1,0.96,3.63,4.28,2.76,0,1.33,neutral,neutral,0,-0.231,32,8081,1,
s26446,SEIUSDT,1787178600000,train,1,3.8,0.536,5.0,4.05,1.33,2.46,1.41,2.68,2.77,1.63,0,1.33,neutral,neutral,0,0.271,32,8081,1,
s26447,JUPUSDT,1787178600000,train,1,2.55,0.36,5.14,2.6,1.15,1.22,0.75,2.98,3.44,2.0,0,1.33,neutral,neutral,0,0.17,32,8081,1,
s26448,PENDLEUSDT,1787178600000,train,1,4.42,0.484,6.24,4.27,0.74,3.09,1.67,2.97,3.4,2.26,0,1.33,neutral,neutral,0,0.796,32,8081,1,
s26449,FETUSDT,1787178600000,train,1,4.63,0.5,5.26,4.57,1.21,3.29,1.99,1.89,2.42,1.5,0,1.33,neutral,neutral,0,-0.1,32,8080,1,
s26450,STXUSDT,1787178600000,testB,1,2.98,0.446,4.61,3.28,0.83,1.65,0.93,2.41,2.69,1.66,0,1.33,neutral,neutral,0,1.405,32,8080,1,
s26451,SANDUSDT,1787178600000,testB,1,2.17,0.39,4.3,2.52,0.74,0.84,0.65,1.86,2.08,1.27,0,1.33,neutral,neutral,0,0.058,32,8080,0,
s26452,STBLUSDT,1787179500000,train,1,2.32,0.54,3.65,2.53,1.19,1.06,0.69,0.32,0.7,0.75,0,1.27,neutral,neutral,0,0.985,32,8082,0,
s26453,ENAUSDT,1787179500000,train,1,7.19,0.712,7.46,6.81,0.89,5.93,2.62,3.74,4.16,2.88,0,1.27,neutral,alcista,0,-0.194,32,8082,3,
s26454,OPUSDT,1787179500000,train,1,5.73,0.543,7.7,5.63,1.32,4.46,1.77,2.57,2.58,1.63,0,1.27,neutral,neutral,0,-0.051,32,8082,0,
s26455,INJUSDT,1787179500000,train,1,3.78,0.458,5.63,3.86,0.74,2.52,1.08,2.87,3.05,2.18,0,1.27,neutral,neutral,0,0.333,32,8082,1,
s26456,SEIUSDT,1787179500000,train,1,4.18,0.571,4.99,4.33,1.14,2.91,1.6,2.68,2.77,1.63,0,1.27,neutral,alcista,0,0.202,32,8082,2,
s26457,PENDLEUSDT,1787179500000,train,1,3.75,0.43,6.08,3.98,0.65,2.48,1.45,2.97,3.4,2.26,0,1.27,neutral,neutral,0,0.921,32,8082,0,
s26458,FETUSDT,1787179500000,train,1,4.21,0.469,5.26,4.5,0.96,2.95,1.72,1.89,2.42,1.5,0,1.27,neutral,neutral,0,-0.153,32,8081,0,
s26459,STXUSDT,1787179500000,testB,1,3.06,0.463,4.61,3.28,0.76,1.79,0.88,2.41,2.69,1.66,0,1.27,neutral,neutral,0,1.429,32,8081,0,
s26460,SANDUSDT,1787179500000,testB,1,2.3,0.422,4.31,2.4,0.65,1.03,0.51,1.86,2.08,1.27,0,1.27,neutral,neutral,0,0.112,32,8081,0,
s26461,STBLUSDT,1787180400000,train,1,2.43,0.552,3.19,2.38,1.44,0.63,0.84,0.35,0.7,0.76,0,1.8,neutral,neutral,0,1.047,32,8083,1,
s26462,ENAUSDT,1787180400000,train,1,7.25,0.715,7.02,6.75,0.6,5.45,2.7,3.42,4.23,2.94,0,1.8,neutral,alcista,0,-0.242,32,8083,4,
s26463,OPUSDT,1787180400000,train,1,6.05,0.57,7.6,5.71,0.71,4.25,1.73,2.53,2.66,1.67,0,1.8,neutral,neutral,0,-0.05,32,8083,1,
s26464,INJUSDT,1787180400000,train,1,3.35,0.429,5.03,3.55,0.48,1.55,1.24,2.77,3.06,2.23,0,1.8,neutral,alcista,0,0.264,32,8083,2,
s26465,SEIUSDT,1787180400000,train,1,4.27,0.587,4.87,4.09,0.76,2.46,1.31,2.74,2.97,1.74,0,1.8,neutral,neutral,0,0.226,32,8083,0,
s26466,PENDLEUSDT,1787180400000,train,1,4.16,0.478,6.04,4.13,0.35,2.36,1.33,3.09,3.49,2.35,0,1.8,neutral,neutral,0,0.621,32,8083,1,
s26467,ONDOUSDT,1787180400000,train,1,2.76,0.356,5.4,2.69,0.74,0.96,0.19,2.87,4.03,2.41,0,1.8,neutral,neutral,0,-0.086,32,8082,0,
s26468,FETUSDT,1787180400000,train,1,4.15,0.456,5.13,3.98,0.7,2.35,1.19,1.81,2.48,1.44,0,1.8,neutral,neutral,0,-0.058,32,8082,0,
s26469,STXUSDT,1787180400000,testB,1,4.12,0.573,4.5,3.96,0.54,2.32,1.53,2.47,2.8,1.73,0,1.8,neutral,neutral,0,0.902,32,8082,1,
s26470,GRTUSDT,1787180400000,testB,1,2.28,0.373,3.82,2.16,0.52,0.48,0.5,1.92,2.3,1.63,0,1.8,neutral,neutral,0,0.267,32,8082,1,
s26471,SANDUSDT,1787180400000,testB,1,2.53,0.47,4.28,2.44,0.47,0.73,0.49,1.85,2.07,1.29,0,1.8,neutral,neutral,0,0.05,32,8082,1,
s26472,ENAUSDT,1787181300000,train,1,6.5,0.648,6.93,6.24,0.62,4.74,2.16,3.42,4.23,2.94,0,1.76,neutral,neutral,0,-0.154,32,8084,0,
s26473,OPUSDT,1787181300000,train,1,5.25,0.536,6.95,5.04,0.54,3.49,1.54,2.53,2.66,1.67,0,1.76,neutral,neutral,0,-0.119,32,8084,0,
s26474,INJUSDT,1787181300000,train,1,3.69,0.458,4.8,3.6,0.32,1.93,1.4,2.77,3.06,2.23,0,1.76,neutral,alcista,0,0.03,32,8084,3,
s26475,SEIUSDT,1787181300000,train,1,4.77,0.614,4.77,4.55,0.92,3.01,1.71,2.74,2.97,1.74,0,1.76,neutral,neutral,0,0.085,32,8084,1,
s26476,PENDLEUSDT,1787181300000,train,1,4.65,0.51,6.01,4.55,0.37,2.89,1.53,3.09,3.49,2.35,0,1.76,neutral,alcista,0,0.475,32,8084,2,
s26477,FETUSDT,1787181300000,train,1,3.89,0.441,4.82,3.82,0.56,2.13,1.22,1.81,2.48,1.44,0,1.76,neutral,neutral,0,-0.18,32,8083,1,
s26478,STXUSDT,1787181300000,testB,1,3.94,0.563,4.26,3.95,0.56,2.18,1.6,2.47,2.8,1.73,0,1.76,neutral,alcista,0,0.824,32,8083,2,
s26479,SANDUSDT,1787181300000,testB,1,2.2,0.436,3.98,2.27,0.42,0.44,0.54,1.85,2.07,1.29,0,1.76,neutral,alcista,0,-0.118,32,8083,2,
s26480,ENAUSDT,1787182200000,train,1,5.68,0.592,6.36,5.48,0.54,4.33,1.81,3.42,4.23,2.94,0,1.35,neutral,neutral,0,-0.166,32,8085,0,
s26481,ARBUSDT,1787182200000,train,1,8.16,0.597,8.71,7.84,0.83,6.81,3.38,6.09,4.79,3.12,1,1.35,neutral,neutral,0,-0.136,32,8085,0,
s26482,OPUSDT,1787182200000,train,1,4.31,0.459,6.4,4.22,0.5,2.96,1.15,2.53,2.66,1.67,0,1.35,neutral,neutral,0,-0.132,32,8085,0,
s26483,SEIUSDT,1787182200000,train,1,3.71,0.492,4.3,3.6,0.87,2.36,1.17,2.74,2.97,1.74,0,1.35,neutral,neutral,0,0.162,32,8085,0,
s26484,PENDLEUSDT,1787182200000,train,1,5.4,0.548,5.54,5.13,0.52,4.05,2.27,3.09,3.49,2.35,0,1.35,neutral,alcista,0,0.121,32,8085,3,
s26485,FETUSDT,1787182200000,train,1,3.23,0.398,4.2,3.36,0.36,1.88,1.2,1.81,2.48,1.44,0,1.35,neutral,alcista,0,-0.318,32,8084,2,
s26486,STXUSDT,1787182200000,testB,1,3.37,0.488,3.8,3.26,0.49,2.02,1.24,2.47,2.8,1.73,0,1.35,neutral,neutral,0,0.929,32,8084,0,
s26487,SANDUSDT,1787182200000,testB,1,2.67,0.484,3.86,2.67,0.38,1.32,0.99,1.85,2.07,1.29,0,1.35,neutral,alcista,0,-0.309,32,8084,3,
s26488,MANAUSDT,1787182200000,testB,1,2.11,0.39,3.56,2.1,0.7,0.76,0.77,2.14,2.26,1.48,0,1.35,neutral,alcista,0,-0.065,32,8084,2,
s26489,PUMPUSDT,1787183100000,train,-1,-4.85,0.415,9.29,7.86,0.76,-6.17,2.02,2.38,2.95,2.16,0,1.32,neutral,neutral,0,-1.0,12,8086,0,
s26490,ENAUSDT,1787183100000,train,1,3.82,0.38,5.93,3.91,0.49,2.49,0.57,3.42,4.23,2.94,0,1.32,neutral,neutral,0,0.184,32,8086,0,
s26491,ARBUSDT,1787183100000,train,1,7.34,0.538,8.69,7.44,0.75,6.02,2.66,6.09,4.79,3.12,1,1.32,neutral,neutral,0,-0.075,32,8086,0,
s26492,OPUSDT,1787183100000,train,1,4.2,0.45,6.25,4.04,0.41,2.88,1.02,2.53,2.66,1.67,0,1.32,neutral,neutral,0,-0.033,32,8086,0,
s26493,SEIUSDT,1787183100000,train,1,2.9,0.433,3.76,3.23,0.79,1.57,1.24,2.74,2.97,1.74,0,1.32,neutral,neutral,0,0.203,32,8086,1,
s26494,PENDLEUSDT,1787183100000,train,1,5.4,0.549,5.17,5.17,0.69,4.08,2.46,3.09,3.49,2.35,0,1.32,neutral,alcista,0,0.104,32,8086,4,
s26495,FETUSDT,1787183100000,train,1,3.07,0.386,4.04,3.28,0.37,1.74,1.19,1.81,2.48,1.44,0,1.32,neutral,alcista,0,-0.256,32,8085,3,
s26496,STXUSDT,1787183100000,testB,1,2.56,0.364,3.51,2.49,0.59,1.23,0.73,2.47,2.8,1.73,0,1.32,neutral,neutral,0,1.5,32,8085,0,
s26497,SANDUSDT,1787183100000,testB,1,2.87,0.502,3.83,2.91,0.36,1.54,1.16,1.85,2.07,1.29,0,1.32,neutral,alcista,0,-0.233,32,8085,4,
s26498,ARBUSDT,1787184000000,train,1,5.41,0.351,8.7,5.67,1.14,4.1,0.47,7.08,5.33,3.43,1,1.3,neutral,neutral,0,0.487,32,8087,0,
s26499,OPUSDT,1787184000000,train,1,3.83,0.429,5.97,3.99,0.55,2.53,1.04,2.73,2.75,1.73,0,1.3,neutral,neutral,0,0.311,32,8087,1,
s26500,SEIUSDT,1787184000000,train,1,3.2,0.481,3.78,3.35,0.91,1.9,1.22,2.94,3.02,1.79,0,1.3,neutral,alcista,0,0.514,32,8087,2,
s26501,PENDLEUSDT,1787184000000,train,1,4.15,0.396,5.07,3.98,0.89,2.85,1.4,3.38,3.69,2.45,0,1.3,neutral,neutral,0,0.887,32,8087,0,
s26502,SANDUSDT,1787184000000,testB,1,2.54,0.451,3.71,2.67,0.46,1.23,0.87,1.9,2.08,1.31,0,1.3,neutral,neutral,0,0.464,32,8086,0,
s26503,APEUSDT,1787184000000,testB,1,2.39,0.385,3.35,2.42,0.3,1.09,0.9,2.67,2.36,1.58,1,1.3,neutral,neutral,0,0.419,32,8086,1,
s26504,0GUSDT,1787184900000,train,1,3.17,0.376,4.25,3.14,0.7,1.83,1.11,0.95,0.94,0.77,1,1.35,neutral,neutral,0,-0.292,32,8088,1,
s26505,ARBUSDT,1787184900000,train,1,6.86,0.408,8.56,6.91,1.15,5.51,1.61,7.08,5.33,3.43,1,1.35,neutral,neutral,0,0.107,32,8088,1,
s26506,OPUSDT,1787184900000,train,1,3.82,0.428,5.61,3.7,0.57,2.47,0.92,2.73,2.75,1.73,0,1.35,neutral,alcista,0,0.192,32,8088,2,
s26507,SEIUSDT,1787184900000,train,1,3.18,0.479,3.66,3.25,0.68,1.83,1.05,2.94,3.02,1.79,0,1.35,neutral,alcista,0,0.701,32,8088,3,
s26508,PENDLEUSDT,1787184900000,train,1,4.73,0.43,5.13,5.01,1.04,3.38,2.3,3.38,3.69,2.45,0,1.35,neutral,neutral,0,0.601,32,8088,1,
s26509,FETUSDT,1787184900000,train,1,3.22,0.39,4.03,3.5,0.47,1.87,1.05,1.88,2.55,1.45,0,1.35,neutral,neutral,0,0.087,32,8087,1,
s26510,STXUSDT,1787184900000,testB,1,4.07,0.515,4.21,3.98,1.26,2.72,2.05,2.89,3.06,1.8,0,1.35,neutral,alcista,0,1.019,32,8087,2,
s26511,SANDUSDT,1787184900000,testB,1,2.98,0.492,3.69,3.11,0.5,1.64,1.2,1.9,2.08,1.31,0,1.35,neutral,neutral,0,0.318,32,8087,1,
s26512,MANAUSDT,1787184900000,testB,1,2.36,0.401,3.06,2.37,0.87,1.02,1.23,2.4,2.39,1.53,1,1.35,neutral,neutral,0,0.424,32,8087,1,
s26513,APEUSDT,1787184900000,testB,1,2.79,0.422,3.26,2.79,0.34,1.44,1.22,2.67,2.36,1.58,1,1.35,neutral,alcista,0,0.167,32,8087,2,
s26514,0GUSDT,1787185800000,train,1,3.04,0.354,4.26,3.01,0.82,1.72,0.86,0.95,0.94,0.77,1,1.31,neutral,neutral,0,-0.217,32,8089,0,
s26515,ARBUSDT,1787185800000,train,1,6.89,0.408,8.59,6.54,1.06,5.57,1.05,7.08,5.33,3.43,1,1.31,neutral,neutral,0,0.179,32,8089,0,
s26516,OPUSDT,1787185800000,train,1,3.35,0.376,5.39,3.25,0.53,2.04,0.62,2.73,2.75,1.73,0,1.31,neutral,neutral,0,0.382,32,8089,0,
s26517,SEIUSDT,1787185800000,train,1,3.48,0.509,3.6,3.43,0.52,2.17,1.04,2.94,3.02,1.79,0,1.31,neutral,alcista,0,0.676,32,8089,4,
s26518,JUPUSDT,1787185800000,train,1,2.65,0.364,4.39,2.58,0.81,1.34,0.71,3.09,3.67,2.15,0,1.31,neutral,neutral,0,1.34,32,8089,0,
s26519,PENDLEUSDT,1787185800000,train,1,5.86,0.509,5.56,5.56,0.89,4.54,2.71,3.38,3.69,2.45,0,1.31,neutral,alcista,0,0.36,32,8089,2,
s26520,FETUSDT,1787185800000,train,1,3.86,0.476,4.02,3.72,0.54,2.55,1.12,1.88,2.55,1.45,0,1.31,neutral,alcista,0,0.184,32,8088,2,
s26521,STXUSDT,1787185800000,testB,1,4.23,0.535,4.29,4.06,1.32,2.92,1.88,2.89,3.06,1.8,0,1.31,neutral,alcista,0,1.019,32,8088,3,
s26522,GRTUSDT,1787185800000,testB,1,2.41,0.407,2.92,2.42,0.53,1.09,1.06,1.96,2.3,1.66,0,1.31,neutral,alcista,0,0.794,32,8088,2,
s26523,SANDUSDT,1787185800000,testB,1,3.23,0.512,3.68,3.35,0.44,1.92,1.3,1.9,2.08,1.31,0,1.31,neutral,alcista,0,0.094,32,8088,2,
s26524,MANAUSDT,1787185800000,testB,1,2.54,0.419,3.05,2.72,0.68,1.23,1.4,2.4,2.39,1.53,1,1.31,neutral,alcista,0,0.313,32,8088,2,
s26525,AXSUSDT,1787185800000,testB,1,2.4,0.356,3.38,2.51,0.5,1.09,0.97,1.81,1.71,1.13,1,1.31,neutral,alcista,0,0.802,32,8088,8,
s26526,APEUSDT,1787185800000,testB,1,3.03,0.442,3.25,3.02,0.45,1.72,1.36,2.67,2.36,1.58,1,1.31,neutral,alcista,0,0.128,32,8088,3,
s26527,PENDLEUSDT,1787186700000,train,1,3.44,0.37,4.47,3.5,0.87,2.9,2.27,3.38,3.69,2.45,0,0.54,neutral,neutral,0,0.382,32,8090,0,
s26528,STXUSDT,1787186700000,testB,1,2.44,0.383,3.07,2.68,1.14,1.89,1.48,2.89,3.06,1.8,0,0.54,neutral,neutral,0,1.657,32,8089,0,
s26529,SUIUSDT,1787187600000,train,-1,-2.21,0.44,3.22,2.88,0.5,-2.12,0.34,3.56,4.48,2.9,0,-0.09,neutral,bajista,0,-1.0,31,8091,3,
s26530,ARUSDT,1787187600000,testB,-1,-2.01,0.396,2.75,2.37,0.31,-1.92,0.24,3.58,3.56,1.99,1,-0.09,neutral,bajista,0,-1.0,28,8090,3,
s26531,OPUSDT,1787188500000,train,-1,-2.61,0.472,3.78,3.62,0.68,-2.18,0.78,2.89,2.86,1.8,1,-0.44,neutral,neutral,0,-0.623,32,8092,0,
s26532,SUIUSDT,1787188500000,train,-1,-2.38,0.494,3.22,2.88,0.61,-1.95,0.28,3.56,4.48,2.9,0,-0.44,neutral,neutral,0,-1.0,30,8092,0,
s26533,JUPUSDT,1787188500000,train,-1,-2.01,0.435,3.66,2.94,0.61,-1.58,0.32,2.98,3.68,2.21,0,-0.44,neutral,bajista,0,-1.0,27,8092,4,
s26534,OPUSDT,1787190300000,train,-1,-2.2,0.44,3.65,2.66,0.9,-2.21,0.34,2.89,2.86,1.8,1,0.01,neutral,neutral,0,-0.433,32,8094,0,
s26535,TIAUSDT,1787190300000,train,-1,-3.07,0.407,6.3,3.75,0.18,-3.08,0.03,4.51,3.7,2.25,1,0.01,neutral,neutral,0,-0.352,32,8094,0,
s26536,ASTERUSDT,1787191200000,train,1,2.01,0.392,2.84,2.82,0.93,1.44,0.92,7.91,10.49,5.93,0,0.57,neutral,alcista,1,2.0,24,8095,4,
s26537,PENDLEUSDT,1787191200000,train,1,5.64,0.569,6.06,5.94,1.14,5.07,3.13,4.02,4.23,2.82,0,0.57,neutral,alcista,0,-0.585,32,8095,4,
s26538,STXUSDT,1787191200000,testB,1,2.34,0.395,3.44,2.9,0.73,1.77,0.88,2.55,3.09,1.87,0,0.57,neutral,neutral,0,1.026,32,8094,0,
s26539,MANAUSDT,1787191200000,testB,1,2.06,0.5,2.72,2.37,0.82,1.49,0.82,2.55,2.57,1.61,0,0.57,neutral,neutral,0,0.327,32,8094,0,
s26540,ASTERUSDT,1787192100000,train,1,2.52,0.513,2.82,2.72,1.03,1.98,0.96,7.91,10.49,5.93,0,0.53,neutral,alcista,1,2.0,23,8096,5,
s26541,PUMPUSDT,1787192100000,train,1,3.98,0.372,7.37,7.18,0.65,3.45,2.88,2.61,3.2,2.19,0,0.53,neutral,alcista,0,0.568,32,8096,5,
s26542,PENDLEUSDT,1787192100000,train,1,6.63,0.625,6.78,6.66,2.13,6.1,3.61,4.02,4.23,2.82,0,0.53,neutral,alcista,0,-0.617,32,8096,5,
s26543,PENDLEUSDT,1787193000000,train,1,6.2,0.594,6.81,6.23,2.39,6.23,3.12,4.02,4.23,2.82,0,-0.03,neutral,neutral,0,-0.534,32,8097,0,
s26544,AXSUSDT,1787193000000,testB,1,2.18,0.626,2.99,2.37,1.42,2.21,0.72,1.93,1.83,1.19,1,-0.03,neutral,neutral,0,1.019,32,8096,0,
s26545,PENDLEUSDT,1787193900000,train,1,5.8,0.533,6.85,5.75,2.22,5.71,2.49,4.02,4.23,2.82,0,0.08,neutral,neutral,0,-0.462,32,8098,0,
s26546,MANAUSDT,1787193900000,testB,1,2.2,0.435,2.72,2.37,0.79,2.12,0.86,2.55,2.57,1.61,0,0.08,neutral,alcista,0,0.421,32,8097,2,
s26547,ARBUSDT,1787194800000,train,-1,-3.3,0.377,4.18,3.73,0.66,-2.81,1.17,4.73,5.1,3.76,0,-0.49,neutral,neutral,0,-1.0,20,8099,1,
s26548,OPUSDT,1787194800000,train,-1,-2.42,0.517,2.95,2.77,0.57,-1.92,1.45,1.92,2.25,1.84,0,-0.49,neutral,bajista,0,-1.0,20,8099,5,
s26549,PENDLEUSDT,1787194800000,train,1,5.2,0.47,6.47,4.99,1.96,5.7,1.92,3.54,3.57,2.97,0,-0.49,neutral,neutral,0,-0.473,32,8099,0,
s26550,ENAUSDT,1787195700000,train,-1,-2.73,0.353,2.99,2.98,0.82,-2.17,1.74,2.47,3.6,3.16,0,-0.56,neutral,bajista,0,-1.0,19,8100,6,
s26551,ARBUSDT,1787195700000,train,-1,-3.39,0.385,4.18,3.8,0.7,-2.83,1.11,4.73,5.1,3.76,0,-0.56,neutral,bajista,0,-1.0,19,8100,2,
s26552,OPUSDT,1787195700000,train,-1,-2.39,0.512,2.95,2.76,0.58,-1.84,1.27,1.92,2.25,1.84,0,-0.56,neutral,neutral,0,-1.0,19,8100,0,
s26553,PENDLEUSDT,1787196600000,train,1,4.04,0.353,5.67,4.56,1.0,4.2,1.96,3.54,3.57,2.97,0,-0.16,neutral,neutral,0,-1.0,25,8101,1,
s26554,PUMPUSDT,1787197500000,train,1,7.73,0.511,10.24,7.36,1.32,7.91,2.39,2.49,2.81,2.26,0,-0.18,neutral,neutral,0,0.803,32,8102,0,
s26555,PUMPUSDT,1787198400000,train,1,7.02,0.486,9.65,6.74,1.54,7.28,2.23,2.5,2.71,2.37,0,-0.26,neutral,neutral,0,0.858,32,8103,0,
s26556,STXUSDT,1787198400000,testB,1,2.41,0.356,3.12,2.43,1.49,2.67,0.94,2.13,2.32,2.03,0,-0.26,neutral,alcista,0,1.688,32,8102,4,
s26557,OPUSDT,1787199300000,train,-1,-2.22,0.463,2.95,2.57,0.42,-1.87,0.71,1.37,2.01,1.83,0,-0.35,neutral,neutral,0,-1.0,15,8104,1,
s26558,ONDOUSDT,1787200200000,train,-1,-2.23,0.394,3.12,2.75,0.61,-1.94,0.78,1.48,2.29,2.57,0,-0.29,neutral,bajista,0,-1.0,17,8104,2,
s26559,ASTERUSDT,1787201100000,train,1,2.71,0.363,3.98,3.75,3.06,2.58,2.53,6.51,10.39,7.04,0,0.13,neutral,neutral,0,0.029,32,8106,1,
s26560,ASTERUSDT,1787202000000,train,1,3.99,0.543,4.62,4.25,3.53,3.83,2.67,7.89,11.08,7.83,0,0.16,neutral,alcista,0,0.079,32,8107,2,
s26561,ASTERUSDT,1787202900000,train,1,3.47,0.482,4.92,4.07,3.17,3.08,2.2,7.89,11.08,7.83,0,0.38,neutral,neutral,0,0.23,32,8108,0,
s26562,STXUSDT,1787202900000,testB,1,2.38,0.373,3.53,2.93,1.07,2.0,1.41,2.19,2.34,2.1,0,0.38,neutral,alcista,0,0.974,32,8107,4,
s26563,ASTERUSDT,1787203800000,train,1,3.66,0.497,4.89,4.63,2.21,3.75,2.51,7.89,11.08,7.83,0,-0.09,neutral,neutral,0,-0.063,32,8109,1,
s26564,ASTERUSDT,1787204700000,train,1,2.8,0.359,4.92,4.03,1.74,3.2,1.78,7.89,11.08,7.83,0,-0.41,neutral,neutral,0,0.237,32,8110,0,
s26565,FETUSDT,1787204700000,train,-1,-2.49,0.388,3.33,3.1,0.49,-2.09,0.88,1.19,1.52,1.63,0,-0.41,neutral,bajista,0,-1.0,12,8109,2,
s26566,FETUSDT,1787205600000,train,-1,-2.71,0.439,3.33,3.02,0.74,-2.29,0.72,1.14,1.52,1.65,0,-0.42,neutral,neutral,0,-1.0,11,8110,0,
s26567,PENDLEUSDT,1787206500000,train,-1,-3.19,0.446,4.4,3.76,1.05,-3.34,0.93,3.41,3.48,3.22,0,0.14,neutral,neutral,0,0.25,32,8112,0,
s26568,STXUSDT,1787206500000,testB,1,2.61,0.548,3.89,3.29,0.83,2.47,1.14,1.93,2.4,2.15,0,0.14,neutral,alcista,0,1.523,32,8111,8,
s26569,ASTERUSDT,1787207400000,train,1,3.48,0.379,4.89,4.66,0.93,2.81,1.9,8.57,11.79,8.29,0,0.67,neutral,alcista,0,0.207,32,8113,2,
s26570,STBLUSDT,1787207400000,train,1,2.23,0.6,3.41,2.94,5,1.56,1.64,0.43,0.4,0.68,0,0.67,neutral,alcista,0,-1.0,25,8113,8,
s26571,PENDLEUSDT,1787207400000,train,-1,-2.64,0.353,3.78,2.71,0.46,-3.3,0.49,3.41,3.48,3.22,0,0.67,neutral,neutral,0,0.569,32,8113,0,
s26572,STXUSDT,1787207400000,testB,1,2.61,0.548,3.89,3.36,0.95,1.94,1.1,1.93,2.4,2.15,0,0.67,neutral,alcista,0,0.978,32,8112,8,
s26573,ASTERUSDT,1787208300000,train,1,5.43,0.536,6.4,5.95,0.97,4.63,2.94,8.57,11.79,8.29,0,0.8,neutral,alcista,0,0.015,32,8114,3,
s26574,PUMPUSDT,1787208300000,train,-1,-3.81,0.366,4.8,4.05,0.43,-4.61,0.6,2.06,2.28,2.29,0,0.8,neutral,bajista,0,-1.0,9,8114,2,
s26575,STXUSDT,1787208300000,testB,1,2.61,0.548,3.88,3.44,0.98,1.81,1.11,1.93,2.4,2.15,0,0.8,neutral,alcista,0,1.196,32,8113,8,
s26576,ASTERUSDT,1787209200000,train,1,5.62,0.561,6.14,5.32,1.14,4.48,2.3,8.92,11.15,8.6,0,1.14,neutral,neutral,0,0.094,32,8115,0,
s26577,STBLUSDT,1787209200000,train,1,2.41,0.631,5.25,3.11,3.12,1.27,1.55,0.72,0.54,0.65,0,1.14,neutral,neutral,0,-1.0,23,8115,1,
s26578,ARBUSDT,1787209200000,train,1,2.06,0.378,3.11,2.67,2.19,0.92,1.51,1.93,4.34,3.78,0,1.14,neutral,alcista,0,-0.122,32,8115,4,
s26579,OPUSDT,1787209200000,train,1,2.18,0.649,2.26,2.16,1.61,1.04,1.2,0.93,1.92,1.87,0,1.14,neutral,alcista,0,1.907,32,8115,5,
s26580,JUPUSDT,1787209200000,train,1,2.29,0.577,2.34,2.34,2.33,1.14,1.42,1.67,2.35,2.54,0,1.14,neutral,alcista,0,1.209,32,8115,4,
s26581,STXUSDT,1787209200000,testB,1,3.01,0.684,3.67,2.92,0.95,1.87,0.8,1.9,2.47,2.21,0,1.14,neutral,neutral,1,2.0,32,8114,0,
s26582,ASTERUSDT,1787210100000,train,1,5.46,0.554,5.91,5.21,1.13,4.45,2.24,8.92,11.15,8.6,0,1.01,neutral,neutral,0,0.096,32,8116,1,
s26583,STBLUSDT,1787210100000,train,1,2.08,0.509,5.27,2.83,3.29,1.07,1.13,0.72,0.54,0.65,0,1.01,neutral,neutral,0,-1.0,22,8116,0,
s26584,JUPUSDT,1787210100000,train,1,2.67,0.615,3.31,2.87,2.58,1.66,1.82,1.67,2.35,2.54,0,1.01,neutral,alcista,0,0.925,32,8116,5,
s26585,STXUSDT,1787210100000,testB,1,2.85,0.649,3.6,2.77,0.66,1.84,0.65,1.9,2.47,2.21,0,1.01,neutral,neutral,1,2.0,31,8115,0,
s26586,LDOUSDT,1787210100000,testB,1,2.07,0.41,2.92,2.03,0.85,1.06,0.24,1.33,2.18,2.45,0,1.01,neutral,neutral,0,0.676,32,8115,0,
s26587,ASTERUSDT,1787211000000,train,1,5.06,0.505,5.92,4.95,1.11,4.46,1.84,8.92,11.15,8.6,0,0.6,neutral,neutral,0,0.135,32,8117,0,
s26588,0GUSDT,1787211000000,train,-1,-2.36,0.6,2.82,2.55,0.99,-2.96,1.15,0.61,0.77,0.67,0,0.6,neutral,bajista,0,-1.0,6,8117,3,
s26589,JUPUSDT,1787211000000,train,1,2.45,0.55,3.31,2.71,2.41,1.84,1.53,1.67,2.35,2.54,0,0.6,neutral,neutral,0,1.04,32,8117,0,
s26590,PENDLEUSDT,1787211000000,train,-1,-3.28,0.533,3.69,3.69,0.33,-3.88,1.43,3.14,3.43,3.24,0,0.6,neutral,neutral,0,-0.553,32,8117,1,
s26591,ASTERUSDT,1787211900000,train,1,4.82,0.471,5.78,4.6,0.7,3.91,1.54,8.92,11.15,8.6,0,0.91,neutral,neutral,0,0.432,32,8118,0,
s26592,0GUSDT,1787211900000,train,-1,-2.3,0.593,2.56,2.42,1.07,-3.21,1.19,0.61,0.77,0.67,0,0.91,neutral,bajista,0,-1.0,5,8118,4,
s26593,JUPUSDT,1787211900000,train,1,3.18,0.704,3.3,3.08,2.51,2.27,1.8,1.67,2.35,2.54,0,0.91,neutral,neutral,0,1.018,32,8118,1,
s26594,ASTERUSDT,1787212800000,train,1,5.71,0.515,5.82,5.48,0.66,2.93,2.68,10.01,10.2,9.35,0,2.78,bull,neutral,0,-0.096,32,8119,1,
s26595,ENAUSDT,1787212800000,train,1,4.44,0.715,4.89,4.8,3.6,1.67,3.83,2.07,2.76,3.24,0,2.78,bull,alcista,0,0.959,32,8119,2,
s26596,ARBUSDT,1787212800000,train,1,2.87,0.416,4.35,3.99,1.43,0.09,2.39,1.96,4.08,3.82,0,2.78,bull,alcista,0,-0.313,32,8119,3,
s26597,OPUSDT,1787212800000,train,1,3.23,0.596,3.65,3.53,2.17,0.46,2.31,1.18,1.87,1.95,0,2.78,bull,alcista,0,1.056,32,8119,2,
s26598,TIAUSDT,1787212800000,train,1,2.42,0.476,2.97,2.94,2.2,-0.35,2.09,1.19,2.58,2.47,0,2.78,bull,alcista,0,0.866,32,8119,2,
s26599,SEIUSDT,1787212800000,train,1,2.39,0.671,2.62,2.53,1.56,-0.38,1.58,1.7,2.2,2.22,0,2.78,bull,alcista,0,0.651,32,8119,2,
s26600,JUPUSDT,1787212800000,train,1,4.34,0.765,4.74,4.53,3.09,1.56,2.99,2.22,2.46,2.75,0,2.78,bull,alcista,0,0.529,32,8119,2,
s26601,STXUSDT,1787212800000,testB,1,2.28,0.484,3.19,2.82,1.45,-0.5,1.42,2.48,2.51,2.38,0,2.78,bull,alcista,0,1.184,32,8118,2,
s26602,GRTUSDT,1787212800000,testB,1,2.66,0.507,3.23,3.23,3.23,-0.11,2.34,1.36,1.47,1.72,0,2.78,bull,alcista,0,0.826,32,8118,2,
s26603,LDOUSDT,1787212800000,testB,1,2.64,0.423,3.07,2.9,1.74,-0.13,2.12,1.64,2.15,2.54,0,2.78,bull,alcista,0,-0.374,32,8118,2,
s26604,ASTERUSDT,1787213700000,train,1,3.94,0.374,6.59,4.21,0.98,1.1,1.83,10.01,10.2,9.35,0,2.84,bull,neutral,0,0.214,32,8120,0,
s26605,ENAUSDT,1787213700000,train,1,4.62,0.761,5.58,4.63,5,1.78,3.18,2.07,2.76,3.24,0,2.84,bull,neutral,0,0.993,32,8120,0,
s26606,OPUSDT,1787213700000,train,1,2.99,0.526,3.66,3.08,2.0,0.15,1.63,1.18,1.87,1.95,0,2.84,bull,neutral,0,1.711,32,8120,0,
s26607,SUIUSDT,1787213700000,train,1,2.43,0.48,2.93,2.78,2.65,-0.41,1.82,1.65,2.4,3.07,0,2.84,bull,alcista,0,1.216,32,8120,3,
s26608,TIAUSDT,1787213700000,train,1,2.64,0.509,3.45,3.09,3.07,-0.2,2.01,1.19,2.58,2.47,0,2.84,bull,alcista,0,0.735,32,8120,3,
s26609,SEIUSDT,1787213700000,train,1,2.85,0.709,3.08,3.08,2.11,0.01,1.92,1.7,2.2,2.22,0,2.84,bull,alcista,0,0.577,32,8120,3,
s26610,JUPUSDT,1787213700000,train,1,4.73,0.81,4.94,4.78,2.52,1.89,2.94,2.22,2.46,2.75,0,2.84,bull,alcista,0,0.367,32,8120,3,
s26611,ARUSDT,1787213700000,testB,1,2.21,0.547,2.74,2.58,2.27,-0.64,1.61,1.53,2.47,2.3,0,2.84,bull,alcista,0,1.122,32,8119,4,
s26612,STXUSDT,1787213700000,testB,1,3.59,0.681,3.68,3.68,2.38,0.74,1.95,2.48,2.51,2.38,0,2.84,bull,alcista,0,0.64,32,8119,3,
s26613,GRTUSDT,1787213700000,testB,1,2.88,0.526,3.71,3.43,4.47,0.04,2.29,1.36,1.47,1.72,0,2.84,bull,alcista,0,0.776,32,8119,3,
s26614,LDOUSDT,1787213700000,testB,1,2.98,0.483,3.27,3.01,2.14,0.13,1.95,1.64,2.15,2.54,0,2.84,bull,alcista,0,-0.495,32,8119,3,
s26615,SANDUSDT,1787213700000,testB,1,2.05,0.385,2.99,2.92,2.43,-0.8,1.85,1.37,1.43,1.54,0,2.84,bull,alcista,0,0.697,32,8119,3,
s26616,ASTERUSDT,1787214600000,train,1,4.11,0.395,6.44,4.05,1.05,1.02,1.64,10.01,10.2,9.35,0,3.09,bull,neutral,0,0.558,32,8121,0,
s26617,ENAUSDT,1787214600000,train,1,4.12,0.66,5.38,4.11,5,1.03,2.64,2.07,2.76,3.24,0,3.09,bull,neutral,0,1.278,32,8121,0,
s26618,ARBUSDT,1787214600000,train,1,2.73,0.382,4.38,3.41,1.8,-0.35,1.43,1.96,4.08,3.82,0,3.09,bull,neutral,0,0.144,32,8121,1,
s26619,OPUSDT,1787214600000,train,1,3.25,0.547,3.42,3.15,2.17,0.16,1.76,1.18,1.87,1.95,0,3.09,bull,neutral,0,1.742,32,8121,1,
s26620,SUIUSDT,1787214600000,train,1,3.36,0.598,3.3,3.27,3.02,0.28,2.31,1.65,2.4,3.07,0,3.09,bull,alcista,0,1.123,32,8121,4,
s26621,TIAUSDT,1787214600000,train,1,2.89,0.531,3.44,3.35,2.68,-0.2,2.09,1.19,2.58,2.47,0,3.09,bull,alcista,0,0.91,32,8121,4,
s26622,SEIUSDT,1787214600000,train,1,2.99,0.719,2.98,2.93,2.71,-0.1,2.02,1.7,2.2,2.22,0,3.09,bull,alcista,0,0.694,32,8121,4,
s26623,JUPUSDT,1787214600000,train,1,4.9,0.83,5.15,4.67,2.71,1.81,2.8,2.22,2.46,2.75,0,3.09,bull,alcista,0,0.409,32,8121,4,
s26624,ONDOUSDT,1787214600000,train,1,2.48,0.431,2.59,2.59,3.16,-0.61,1.57,1.9,2.27,2.85,0,3.09,bull,alcista,0,0.714,32,8120,4,
s26625,ARUSDT,1787214600000,testB,1,2.16,0.526,2.74,2.53,2.64,-0.93,1.43,1.53,2.47,2.3,0,3.09,bull,neutral,0,1.667,32,8120,0,
s26626,STXUSDT,1787214600000,testB,1,3.58,0.681,3.68,3.53,2.49,0.49,1.89,2.48,2.51,2.38,0,3.09,bull,alcista,0,1.083,32,8120,4,
s26627,GRTUSDT,1787214600000,testB,1,3.17,0.564,3.7,3.63,4.78,0.08,2.25,1.36,1.47,1.72,0,3.09,bull,alcista,0,0.885,32,8120,4,
s26628,LDOUSDT,1787214600000,testB,1,2.88,0.475,3.07,2.86,1.93,-0.2,1.84,1.64,2.15,2.54,0,3.09,bull,alcista,0,-0.061,32,8120,4,
s26629,XPLUSDT,1787215500000,train,1,2.11,0.369,3.91,2.85,3.22,-0.88,1.19,1.64,1.61,1.75,0,2.99,bull,alcista,1,2.0,26,8122,2,
s26630,ENAUSDT,1787215500000,train,1,4.4,0.676,5.34,4.68,5,1.41,2.86,2.07,2.76,3.24,0,2.99,bull,neutral,0,1.363,32,8122,1,
s26631,OPUSDT,1787215500000,train,1,3.24,0.547,3.42,3.32,2.46,0.25,1.86,1.18,1.87,1.95,0,2.99,bull,alcista,0,1.572,32,8122,2,
s26632,INJUSDT,1787215500000,train,1,2.15,0.368,3.65,3.49,2.39,-0.85,2.1,1.45,1.78,2.28,0,2.99,bull,alcista,0,0.048,32,8122,5,
s26633,SUIUSDT,1787215500000,train,1,3.01,0.572,3.85,3.27,4.21,0.02,2.05,1.65,2.4,3.07,0,2.99,bull,neutral,0,1.153,32,8122,0,
s26634,TIAUSDT,1787215500000,train,1,3.29,0.564,4.05,3.9,3.43,0.29,2.36,1.19,2.58,2.47,0,2.99,bull,alcista,0,0.662,32,8122,5,
s26635,SEIUSDT,1787215500000,train,1,2.89,0.713,3.12,2.81,3.24,-0.1,1.76,1.7,2.2,2.22,0,2.99,bull,neutral,0,0.782,32,8122,0,
s26636,JUPUSDT,1787215500000,train,1,5.71,0.851,5.72,5.72,2.95,2.72,3.6,2.22,2.46,2.75,0,2.99,bull,alcista,0,0.156,32,8122,5,
s26637,ARUSDT,1787215500000,testB,1,2.2,0.532,3.0,2.84,3.15,-0.79,1.52,1.53,2.47,2.3,0,2.99,bull,neutral,0,1.5,32,8121,1,
s26638,STXUSDT,1787215500000,testB,1,2.64,0.614,3.3,2.64,2.31,-0.36,1.8,2.48,2.51,2.38,0,2.99,bull,alcista,0,1.528,32,8121,5,
s26639,GRTUSDT,1787215500000,testB,1,3.02,0.553,3.9,3.83,4.29,0.02,2.2,1.36,1.47,1.72,0,2.99,bull,alcista,0,0.855,32,8121,5,
s26640,LDOUSDT,1787215500000,testB,1,2.78,0.467,4.19,2.97,3.16,-0.21,1.86,1.64,2.15,2.54,0,2.99,bull,alcista,0,-1.0,13,8121,5,
s26641,PUMPUSDT,1787216400000,train,1,3.16,0.461,4.85,4.09,2.03,-0.38,1.91,1.75,2.16,2.45,0,3.53,bull,neutral,1,2.0,19,8123,0,
s26642,ENAUSDT,1787216400000,train,1,4.25,0.635,5.36,4.47,3.46,0.71,2.42,2.47,2.55,3.37,0,3.53,bull,neutral,0,1.903,32,8123,0,
s26643,ARBUSDT,1787216400000,train,1,2.42,0.366,4.39,3.13,1.15,-1.11,0.88,1.99,3.48,3.85,0,3.53,bull,neutral,0,0.257,32,8123,0,
s26644,OPUSDT,1787216400000,train,1,3.14,0.521,3.48,3.06,1.91,-0.39,1.47,1.27,1.61,2.0,0,3.53,bull,neutral,0,1.681,32,8123,0,
s26645,INJUSDT,1787216400000,train,1,2.24,0.379,4.03,3.93,2.31,-1.29,2.28,1.56,1.65,2.34,0,3.53,bull,alcista,0,-0.027,32,8123,6,
s26646,SUIUSDT,1787216400000,train,1,4.07,0.714,3.96,3.95,3.57,0.53,2.53,2.03,2.14,3.21,0,3.53,bull,neutral,0,0.836,32,8123,1,
s26647,TIAUSDT,1787216400000,train,1,2.89,0.463,4.07,3.47,2.38,-0.65,1.72,1.31,2.29,2.52,0,3.53,bull,neutral,0,0.93,32,8123,0,
s26648,SEIUSDT,1787216400000,train,1,3.28,0.738,3.22,3.22,2.37,-0.26,2.05,1.99,2.02,2.33,0,3.53,bull,neutral,0,0.496,32,8123,1,
s26649,JUPUSDT,1787216400000,train,1,6.0,0.931,5.93,5.72,1.77,2.47,3.26,2.46,2.25,2.86,0,3.53,bull,alcista,0,0.119,32,8123,6,
s26650,ONDOUSDT,1787216400000,train,1,2.2,0.404,3.31,3.23,2.55,-1.33,1.82,2.24,2.14,3.02,0,3.53,bull,alcista,0,0.474,32,8122,6,
s26651,FETUSDT,1787216400000,train,1,3.15,0.441,4.17,4.1,2.96,-0.38,2.44,1.41,1.44,1.9,0,3.53,bull,alcista,0,0.964,32,8122,3,
s26652,ARUSDT,1787216400000,testB,1,3.07,0.64,3.65,3.55,2.79,-0.47,2.06,1.76,1.79,2.43,0,3.53,bull,alcista,0,1.191,32,8122,2,
s26653,STXUSDT,1787216400000,testB,1,2.86,0.633,3.29,3.07,1.66,-0.68,2.08,2.53,2.35,2.51,0,3.53,bull,alcista,0,1.357,32,8122,6,
s26654,GRTUSDT,1787216400000,testB,1,3.89,0.692,4.44,4.3,2.28,0.36,2.44,1.77,1.42,1.82,0,3.53,bull,alcista,0,0.726,32,8122,6,
s26655,LDOUSDT,1787216400000,testB,1,2.36,0.371,4.21,2.54,2.36,-1.17,1.31,1.72,1.9,2.63,0,3.53,bull,neutral,0,-1.0,12,8122,0,
s26656,SANDUSDT,1787216400000,testB,1,2.02,0.366,3.23,2.94,2.78,-1.51,1.37,1.53,1.25,1.63,0,3.53,bull,neutral,0,1.024,32,8122,0,
s26657,ASTERUSDT,1787217300000,train,1,3.92,0.382,5.31,4.73,0.71,0.71,2.58,10.75,9.2,9.92,0,3.2,bull,alcista,0,0.091,32,8124,2,
s26658,PUMPUSDT,1787217300000,train,1,4.81,0.662,5.13,5.01,1.93,1.61,2.7,1.75,2.16,2.45,0,3.2,bull,neutral,1,2.0,23,8124,1,
s26659,ENAUSDT,1787217300000,train,1,4.37,0.648,5.37,4.54,2.31,1.16,2.24,2.47,2.55,3.37,0,3.2,bull,neutral,1,2.0,32,8124,1,
s26660,OPUSDT,1787217300000,train,1,2.4,0.378,3.41,2.47,1.36,-0.8,0.85,1.27,1.61,2.0,0,3.2,bull,neutral,1,2.0,27,8124,0,
s26661,INJUSDT,1787217300000,train,1,2.16,0.359,4.34,3.67,1.82,-1.04,1.8,1.56,1.65,2.34,0,3.2,bull,neutral,0,-0.051,32,8124,0,
s26662,SUIUSDT,1787217300000,train,1,3.24,0.534,4.08,3.36,2.88,0.04,1.78,2.03,2.14,3.21,0,3.2,bull,neutral,0,1.016,32,8124,0,
s26663,TIAUSDT,1787217300000,train,1,2.58,0.397,4.08,3.21,1.79,-0.63,1.3,1.31,2.29,2.52,0,3.2,bull,neutral,0,1.208,32,8124,0,
s26664,SEIUSDT,1787217300000,train,1,2.28,0.461,3.43,2.51,2.42,-0.93,1.16,1.99,2.02,2.33,0,3.2,bull,neutral,0,0.991,32,8124,0,
s26665,JUPUSDT,1787217300000,train,1,5.11,0.719,5.92,4.97,1.54,1.9,2.27,2.46,2.25,2.86,0,3.2,bull,neutral,0,0.223,32,8124,0,
s26666,ARUSDT,1787217300000,testB,1,2.31,0.434,3.68,2.94,1.58,-0.89,1.29,1.76,1.79,2.43,0,3.2,bull,neutral,0,1.643,32,8123,0,
s26667,STXUSDT,1787217300000,testB,1,2.1,0.424,3.31,2.5,1.32,-1.1,1.32,2.53,2.35,2.51,0,3.2,bull,neutral,0,1.794,32,8123,0,
s26668,GRTUSDT,1787217300000,testB,1,3.82,0.671,4.72,4.17,1.36,0.62,2.08,1.77,1.42,1.82,0,3.2,bull,neutral,0,0.833,32,8123,0,
s26669,SANDUSDT,1787217300000,testB,1,2.13,0.39,3.23,2.85,1.91,-1.08,1.14,1.53,1.25,1.63,0,3.2,bull,neutral,0,1.034,32,8123,0,
s26670,AXSUSDT,1787217300000,testB,1,2.37,0.521,3.57,3.08,1.14,-0.83,1.5,1.68,1.51,1.53,0,3.2,bull,alcista,0,0.734,32,8123,7,
s26671,PUMPUSDT,1787218200000,train,1,5.71,0.7,6.8,6.03,2.14,2.22,3.3,1.75,2.16,2.45,0,3.49,bull,alcista,1,2.0,22,8125,2,
s26672,0GUSDT,1787218200000,train,1,2.72,0.423,4.27,4.01,1.56,-0.77,2.1,0.85,0.85,0.73,0,3.49,bull,alcista,0,0.29,32,8125,3,
s26673,ENAUSDT,1787218200000,train,1,5.11,0.683,5.42,5.25,1.68,1.62,2.66,2.47,2.55,3.37,0,3.49,bull,alcista,0,1.822,32,8125,2,
s26674,OPUSDT,1787218200000,train,1,2.35,0.373,3.4,2.49,1.33,-1.14,0.74,1.27,1.61,2.0,0,3.49,bull,neutral,1,2.0,26,8125,1,
s26675,INJUSDT,1787218200000,train,1,2.94,0.446,4.75,4.29,1.54,-0.55,2.17,1.56,1.65,2.34,0,3.49,bull,neutral,0,-0.199,32,8125,1,
s26676,SUIUSDT,1787218200000,train,1,3.68,0.566,4.06,3.79,2.77,0.2,1.96,2.03,2.14,3.21,0,3.49,bull,neutral,0,0.731,32,8125,1,
s26677,TIAUSDT,1787218200000,train,1,2.98,0.453,4.07,3.44,1.77,-0.5,1.37,1.31,2.29,2.52,0,3.49,bull,neutral,0,0.842,32,8125,1,
s26678,JUPUSDT,1787218200000,train,1,5.27,0.725,5.9,5.17,1.05,1.78,2.18,2.46,2.25,2.86,0,3.49,bull,neutral,0,0.112,32,8125,1,
s26679,FETUSDT,1787218200000,train,1,3.24,0.404,4.18,3.88,1.59,-0.25,1.71,1.41,1.44,1.9,0,3.49,bull,neutral,1,2.0,32,8124,1,
s26680,ARUSDT,1787218200000,testB,1,2.53,0.495,3.68,2.94,1.33,-0.96,1.13,1.76,1.79,2.43,0,3.49,bull,neutral,0,1.536,32,8124,0,
s26681,GRTUSDT,1787218200000,testB,1,4.26,0.728,4.85,4.43,1.62,0.77,2.09,1.77,1.42,1.82,0,3.49,bull,neutral,0,0.609,32,8124,1,
s26682,LDOUSDT,1787218200000,testB,1,2.27,0.358,4.21,2.46,2.19,-1.21,0.94,1.72,1.9,2.63,0,3.49,bull,neutral,0,-1.0,10,8124,1,
s26683,SANDUSDT,1787218200000,testB,1,2.18,0.403,3.23,2.71,1.37,-1.31,0.84,1.53,1.25,1.63,0,3.49,bull,neutral,0,1.159,32,8124,0,
s26684,AXSUSDT,1787218200000,testB,1,2.43,0.527,3.81,3.27,1.27,-1.05,1.49,1.68,1.51,1.53,0,3.49,bull,alcista,0,0.711,32,8124,8,
s26685,PUMPUSDT,1787219100000,train,1,3.96,0.399,6.92,4.29,2.33,0.54,1.39,1.75,2.16,2.45,0,3.42,bull,neutral,1,2.0,17,8126,0,
s26686,0GUSDT,1787219100000,train,1,3.06,0.479,4.26,4.13,1.84,-0.36,2.0,0.85,0.85,0.73,0,3.42,bull,alcista,0,0.187,32,8126,4,
s26687,ENAUSDT,1787219100000,train,1,4.3,0.517,5.43,4.27,1.52,0.88,1.51,2.47,2.55,3.37,0,3.42,bull,neutral,1,2.0,29,8126,0,
s26688,SUIUSDT,1787219100000,train,1,3.07,0.433,4.09,3.23,2.02,-0.35,1.28,2.03,2.14,3.21,0,3.42,bull,neutral,0,0.845,32,8126,0,
s26689,TIAUSDT,1787219100000,train,1,2.81,0.413,4.09,2.94,1.22,-0.61,0.78,1.31,2.29,2.52,0,3.42,bull,neutral,0,1.01,32,8126,0,
s26690,JUPUSDT,1787219100000,train,1,4.44,0.548,5.95,4.41,0.97,1.02,1.28,2.46,2.25,2.86,0,3.42,bull,neutral,0,0.181,32,8126,0,
s26691,FETUSDT,1787219100000,train,1,3.57,0.46,4.19,3.67,1.47,0.15,1.39,1.41,1.44,1.9,0,3.42,bull,neutral,1,2.0,30,8125,0,
s26692,ARUSDT,1787219100000,testB,1,2.59,0.511,3.52,2.68,1.1,-0.83,0.94,1.76,1.79,2.43,0,3.42,bull,neutral,1,2.0,30,8125,0,
s26693,GRTUSDT,1787219100000,testB,1,3.54,0.538,4.88,3.77,1.81,0.12,1.29,1.77,1.42,1.82,0,3.42,bull,neutral,0,0.833,32,8125,0,
s26694,SANDUSDT,1787219100000,testB,1,2.26,0.422,3.24,2.52,1.11,-1.16,0.65,1.53,1.25,1.63,0,3.42,bull,neutral,0,1.257,32,8125,0,
s26695,AXSUSDT,1787219100000,testB,1,3.6,0.706,4.05,4.03,1.22,0.18,2.1,1.68,1.51,1.53,0,3.42,bull,alcista,0,0.463,32,8125,8,
s26696,PUMPUSDT,1787220000000,train,1,3.75,0.387,6.57,4.25,1.83,-0.22,1.61,1.49,2.02,2.5,0,3.97,bull,neutral,1,2.0,16,8127,1,
s26697,0GUSDT,1787220000000,train,1,2.79,0.429,4.53,3.95,1.7,-1.18,1.66,0.94,0.79,0.76,1,3.97,bull,neutral,0,0.148,32,8127,0,
s26698,ENAUSDT,1787220000000,train,1,5.19,0.574,5.97,4.99,1.59,1.22,2.07,3.7,2.89,3.74,0,3.97,bull,neutral,1,2.0,30,8127,1,
s26699,OPUSDT,1787220000000,train,1,2.62,0.384,3.33,2.6,0.83,-1.35,0.78,1.4,1.39,2.04,0,3.97,bull,neutral,1,2.0,25,8127,1,
s26700,INJUSDT,1787220000000,train,1,3.68,0.474,4.76,4.51,1.38,-0.29,2.03,1.77,1.65,2.45,0,3.97,bull,neutral,0,-0.438,32,8127,1,
s26701,SUIUSDT,1787220000000,train,1,3.9,0.508,4.06,3.88,1.33,-0.07,1.75,2.56,2.08,3.38,0,3.97,bull,neutral,0,0.223,32,8127,1,
s26702,TIAUSDT,1787220000000,train,1,4.0,0.516,3.99,3.87,0.9,0.03,1.64,1.43,1.25,2.52,0,3.97,bull,neutral,0,0.271,32,8127,1,
s26703,SEIUSDT,1787220000000,train,1,2.45,0.445,3.27,2.41,1.15,-1.52,0.92,2.09,1.83,2.38,0,3.97,bull,neutral,0,0.627,32,8127,1,
s26704,JUPUSDT,1787220000000,train,1,4.94,0.582,5.93,4.81,0.78,0.97,1.53,2.66,2.12,2.92,0,3.97,bull,neutral,0,-0.044,32,8127,1,
s26705,FETUSDT,1787220000000,train,1,3.95,0.486,3.95,3.87,1.4,-0.02,1.65,1.76,1.49,2.02,0,3.97,bull,neutral,1,2.0,30,8126,1,
s26706,ARUSDT,1787220000000,testB,1,3.78,0.625,3.85,3.69,1.25,-0.19,1.79,2.16,1.75,2.56,0,3.97,bull,neutral,0,0.704,32,8126,1,
s26707,GRTUSDT,1787220000000,testB,1,4.56,0.649,4.85,4.43,1.28,0.59,1.82,1.84,1.36,1.84,0,3.97,bull,neutral,0,0.422,32,8126,1,
s26708,SANDUSDT,1787220000000,testB,1,3.0,0.513,3.1,2.98,0.96,-0.97,1.16,1.65,1.23,1.68,0,3.97,bull,neutral,0,0.704,32,8126,1,
s26709,MANAUSDT,1787220000000,testB,1,2.0,0.43,2.61,2.46,0.7,-1.97,0.9,1.74,1.91,2.08,0,3.97,bull,neutral,0,1.054,32,8126,1,
s26710,AXSUSDT,1787220000000,testB,1,2.59,0.477,4.11,3.4,1.57,-1.38,1.34,2.0,1.58,1.63,0,3.97,bull,neutral,0,0.703,32,8126,0,
s26711,APEUSDT,1787220000000,testB,1,2.28,0.527,2.46,2.38,1.09,-1.69,1.08,1.23,1.16,1.82,0,3.97,bull,alcista,0,-0.097,32,8126,3,
s26712,ENAUSDT,1787220900000,train,1,5.81,0.602,6.37,5.51,1.77,2.32,2.51,3.7,2.89,3.74,0,3.49,bull,alcista,0,1.791,32,8128,2,
s26713,OPUSDT,1787220900000,train,1,2.3,0.355,2.81,2.26,0.81,-1.19,0.87,1.4,1.39,2.04,0,3.49,bull,alcista,1,2.0,23,8128,2,
s26714,INJUSDT,1787220900000,train,1,4.18,0.516,5.46,4.88,1.67,0.69,2.21,1.77,1.65,2.45,0,3.49,bull,alcista,0,-0.53,32,8128,2,
s26715,SUIUSDT,1787220900000,train,1,4.23,0.529,4.5,4.41,1.35,0.74,2.22,2.56,2.08,3.38,0,3.49,bull,alcista,0,-0.031,32,8128,2,
s26716,TIAUSDT,1787220900000,train,1,3.2,0.427,3.67,3.13,1.05,-0.29,1.25,1.43,1.25,2.52,0,3.49,bull,neutral,0,0.288,32,8128,0,
s26717,SEIUSDT,1787220900000,train,1,2.12,0.411,3.05,2.36,0.99,-1.37,0.96,2.09,1.83,2.38,0,3.49,bull,alcista,0,0.41,32,8128,2,
s26718,JUPUSDT,1787220900000,train,1,4.47,0.559,5.29,4.28,0.66,0.98,1.47,2.66,2.12,2.92,0,3.49,bull,alcista,0,-0.136,32,8128,2,
s26719,FETUSDT,1787220900000,train,1,3.07,0.426,4.17,3.72,1.33,-0.42,1.61,1.76,1.49,2.02,0,3.49,bull,alcista,1,2.0,29,8127,2,
s26720,ARUSDT,1787220900000,testB,1,3.33,0.596,3.74,3.43,1.3,-0.16,1.79,2.16,1.75,2.56,0,3.49,bull,alcista,0,0.742,32,8127,2,
s26721,GRTUSDT,1787220900000,testB,1,4.18,0.63,4.36,3.95,1.07,0.69,1.66,1.84,1.36,1.84,0,3.49,bull,neutral,0,0.386,32,8127,0,
s26722,SANDUSDT,1787220900000,testB,1,2.62,0.48,2.93,2.79,1.1,-0.87,1.12,1.65,1.23,1.68,0,3.49,bull,alcista,0,0.564,32,8127,2,
s26723,AXSUSDT,1787220900000,testB,1,2.5,0.468,4.11,3.44,1.86,-0.99,1.22,2.0,1.58,1.63,0,3.49,bull,neutral,0,0.428,32,8127,1,
s26724,PUMPUSDT,1787221800000,train,1,3.56,0.413,6.57,4.22,1.21,0.65,1.28,1.49,2.02,2.5,0,2.9,bull,neutral,1,2.0,14,8129,0,
s26725,0GUSDT,1787221800000,train,1,2.52,0.365,4.54,3.76,1.27,-0.38,1.28,0.94,0.79,0.76,1,2.9,bull,neutral,0,0.069,32,8129,1,
s26726,ENAUSDT,1787221800000,train,1,7.0,0.646,6.91,6.64,2.05,4.1,3.66,3.7,2.89,3.74,0,2.9,bull,alcista,0,1.298,32,8129,3,
s26727,INJUSDT,1787221800000,train,1,4.3,0.524,5.44,5.33,1.43,1.39,2.44,1.77,1.65,2.45,0,2.9,bull,alcista,0,-0.633,32,8129,3,
s26728,SUIUSDT,1787221800000,train,1,3.26,0.398,4.92,3.86,1.4,0.36,1.48,2.56,2.08,3.38,0,2.9,bull,neutral,0,0.028,32,8129,0,
s26729,TIAUSDT,1787221800000,train,1,2.69,0.373,3.68,3.01,0.92,-0.21,1.07,1.43,1.25,2.52,0,2.9,bull,neutral,0,0.43,32,8129,0,
s26730,JUPUSDT,1787221800000,train,1,4.07,0.521,5.19,4.07,0.68,1.17,1.23,2.66,2.12,2.92,0,2.9,bull,neutral,0,-0.156,32,8129,0,
s26731,FETUSDT,1787221800000,train,1,2.83,0.407,4.17,3.72,1.5,-0.07,1.53,1.76,1.49,2.02,0,2.9,bull,neutral,1,2.0,28,8128,0,
s26732,ARUSDT,1787221800000,testB,1,3.0,0.571,3.74,3.43,1.35,0.09,1.64,2.16,1.75,2.56,0,2.9,bull,neutral,0,0.591,32,8128,0,
s26733,GRTUSDT,1787221800000,testB,1,3.59,0.581,4.09,3.6,0.72,0.68,1.44,1.84,1.36,1.84,0,2.9,bull,neutral,0,0.365,32,8128,0,
s26734,SANDUSDT,1787221800000,testB,1,2.29,0.448,3.03,2.79,1.01,-0.61,1.05,1.65,1.23,1.68,0,2.9,bull,neutral,0,0.513,32,8128,0,
s26735,AXSUSDT,1787221800000,testB,1,2.53,0.471,4.11,3.47,1.51,-0.37,1.18,2.0,1.58,1.63,0,2.9,bull,alcista,0,0.536,32,8128,2,
s26736,APEUSDT,1787221800000,testB,1,2.04,0.5,2.69,2.53,0.89,-0.87,1.05,1.23,1.16,1.82,0,2.9,bull,alcista,0,-0.182,32,8128,5,
s26737,PUMPUSDT,1787222700000,train,1,4.87,0.552,6.53,4.88,0.83,1.8,1.73,1.49,2.02,2.5,0,3.06,bull,neutral,1,2.0,17,8130,1,
s26738,ENAUSDT,1787222700000,train,1,7.05,0.649,6.84,6.7,2.08,3.98,3.62,3.7,2.89,3.74,0,3.06,bull,alcista,0,1.139,32,8130,4,
s26739,INJUSDT,1787222700000,train,1,4.94,0.604,5.88,5.59,1.53,1.87,2.51,1.77,1.65,2.45,0,3.06,bull,alcista,0,-0.618,32,8130,4,
s26740,SUIUSDT,1787222700000,train,1,3.36,0.408,4.92,3.93,1.31,0.3,1.41,2.56,2.08,3.38,0,3.06,bull,neutral,0,-0.108,32,8130,1,
s26741,JUPUSDT,1787222700000,train,1,4.11,0.524,4.74,4.06,0.55,1.05,1.51,2.66,2.12,2.92,0,3.06,bull,neutral,0,-0.351,32,8130,1,
s26742,FETUSDT,1787222700000,train,1,3.15,0.471,4.54,3.72,1.47,0.09,1.37,1.76,1.49,2.02,0,3.06,bull,neutral,1,2.0,27,8129,0,
s26743,ARUSDT,1787222700000,testB,1,3.0,0.571,3.74,3.43,1.4,-0.07,1.49,2.16,1.75,2.56,0,3.06,bull,neutral,0,0.667,32,8129,0,
s26744,GRTUSDT,1787222700000,testB,1,3.37,0.54,4.09,3.47,0.48,0.31,1.21,1.84,1.36,1.84,0,3.06,bull,neutral,0,0.36,32,8129,0,
s26745,SANDUSDT,1787222700000,testB,1,2.2,0.421,3.03,2.7,0.72,-0.87,0.88,1.65,1.23,1.68,0,3.06,bull,neutral,0,0.54,32,8129,0,
s26746,AXSUSDT,1787222700000,testB,1,3.3,0.609,4.09,3.84,1.29,0.24,1.37,2.0,1.58,1.63,0,3.06,bull,alcista,0,0.223,32,8129,3,
s26747,APEUSDT,1787222700000,testB,1,2.27,0.569,2.76,2.61,1.06,-0.79,1.01,1.23,1.16,1.82,0,3.06,bull,alcista,0,-0.206,32,8129,6,
s26748,PUMPUSDT,1787223600000,train,1,4.41,0.528,6.26,4.61,0.73,1.26,1.48,1.91,2.12,2.61,0,3.15,bull,neutral,1,2.0,12,8131,0,
s26749,ENAUSDT,1787223600000,train,1,8.37,0.687,7.98,7.78,1.95,5.22,4.46,4.7,3.24,4.02,0,3.15,bull,alcista,0,1.15,32,8131,5,
s26750,INJUSDT,1787223600000,train,1,5.31,0.631,5.94,5.86,1.34,2.16,2.54,2.01,1.75,2.51,0,3.15,bull,alcista,0,-0.556,32,8131,5,
s26751,SUIUSDT,1787223600000,train,1,3.09,0.368,4.93,3.73,1.27,-0.06,1.04,2.89,2.12,3.46,0,3.15,bull,neutral,0,-0.052,32,8131,0,
s26752,JUPUSDT,1787223600000,train,1,2.83,0.366,4.03,2.76,0.53,-0.32,0.76,2.79,2.1,2.97,0,3.15,bull,neutral,0,-0.096,32,8131,0,
s26753,FETUSDT,1787223600000,train,1,2.99,0.448,4.55,3.65,1.23,-0.16,1.05,1.92,1.55,2.09,0,3.15,bull,neutral,1,2.0,26,8130,0,
s26754,ARUSDT,1787223600000,testB,1,3.11,0.604,3.75,3.28,0.98,-0.04,1.13,2.69,1.89,2.74,0,3.15,bull,neutral,0,0.841,32,8130,0,
s26755,GRTUSDT,1787223600000,testB,1,3.29,0.535,4.09,3.6,0.48,0.14,1.17,2.12,1.47,1.92,0,3.15,bull,neutral,0,0.385,32,8130,1,
s26756,AXSUSDT,1787223600000,testB,1,2.78,0.466,4.12,3.15,0.71,-0.37,0.58,2.1,1.62,1.67,0,3.15,bull,neutral,0,0.686,32,8130,0,
s26757,PUMPUSDT,1787224500000,train,1,4.89,0.555,5.76,4.99,0.64,1.72,2.19,1.91,2.12,2.61,0,3.17,bull,neutral,1,2.0,15,8132,1,
s26758,0GUSDT,1787224500000,train,1,2.74,0.414,4.55,3.38,0.5,-0.43,0.62,0.94,0.79,0.77,1,3.17,bull,neutral,0,0.269,32,8132,1,
s26759,ENAUSDT,1787224500000,train,1,8.07,0.68,8.13,7.75,1.56,4.91,4.07,4.7,3.24,4.02,0,3.17,bull,alcista,0,0.897,32,8132,6,
s26760,INJUSDT,1787224500000,train,1,4.81,0.536,6.0,4.9,0.99,1.65,1.32,2.01,1.75,2.51,0,3.17,bull,neutral,0,-0.401,32,8132,0,
s26761,SUIUSDT,1787224500000,train,1,3.42,0.421,4.93,3.61,0.83,0.25,0.78,2.89,2.12,3.46,0,3.17,bull,neutral,0,0.034,32,8132,0,
s26762,FETUSDT,1787224500000,train,1,3.23,0.5,4.55,3.58,1.04,0.07,0.85,1.92,1.55,2.09,0,3.17,bull,neutral,1,2.0,25,8131,0,
s26763,ARUSDT,1787224500000,testB,1,3.49,0.644,3.63,3.48,0.94,0.32,1.26,2.69,1.89,2.74,0,3.17,bull,neutral,0,0.582,32,8131,1,
s26764,STXUSDT,1787224500000,testB,1,2.55,0.378,3.29,3.07,0.67,-0.62,1.18,2.59,2.39,2.68,0,3.17,bull,alcista,0,1.048,32,8131,3,
s26765,GRTUSDT,1787224500000,testB,1,3.51,0.563,4.08,3.74,0.45,0.34,1.12,2.12,1.47,1.92,0,3.17,bull,alcista,0,0.333,32,8131,2,
s26766,SANDUSDT,1787224500000,testB,1,2.23,0.419,3.04,2.39,0.38,-0.94,0.37,1.68,1.24,1.67,0,3.17,bull,neutral,0,0.95,32,8131,1,
s26767,AXSUSDT,1787224500000,testB,1,2.92,0.494,3.89,2.96,0.49,-0.24,0.56,2.1,1.62,1.67,0,3.17,bull,neutral,0,0.636,32,8131,1,
s26768,APEUSDT,1787224500000,testB,1,2.12,0.491,2.69,2.23,0.88,-1.05,0.53,1.33,1.2,1.79,0,3.17,bull,neutral,0,0.0,32,8131,1,
s26769,XPLUSDT,1787225400000,train,1,2.45,0.358,2.87,2.59,0.52,-1.17,1.4,1.82,1.57,1.96,0,3.62,bull,alcista,1,2.0,15,8133,2,
s26770,PUMPUSDT,1787225400000,train,1,7.13,0.646,7.59,6.69,1.47,3.52,4.37,1.91,2.12,2.61,0,3.62,bull,alcista,0,1.238,32,8133,2,
s26771,0GUSDT,1787225400000,train,1,3.76,0.56,4.53,3.88,0.52,0.14,1.02,0.94,0.79,0.77,1,3.62,bull,alcista,0,0.15,32,8133,2,
s26772,ENAUSDT,1787225400000,train,1,7.63,0.617,8.3,7.23,1.3,4.01,3.11,4.7,3.24,4.02,0,3.62,bull,neutral,0,1.111,32,8133,0,
s26773,OPUSDT,1787225400000,train,1,2.65,0.401,3.28,2.68,1.16,-0.97,1.1,1.65,1.43,2.12,0,3.62,bull,alcista,0,0.557,32,8133,2,
s26774,INJUSDT,1787225400000,train,1,5.36,0.565,5.76,5.17,1.03,1.74,1.69,2.01,1.75,2.51,0,3.62,bull,neutral,0,-0.566,32,8133,1,
s26775,SUIUSDT,1787225400000,train,1,4.48,0.511,4.83,4.32,0.58,0.87,1.45,2.89,2.12,3.46,0,3.62,bull,neutral,0,-0.139,32,8133,1,
s26776,TIAUSDT,1787225400000,train,1,3.82,0.506,3.95,3.71,0.61,0.2,1.29,1.63,1.23,2.54,0,3.62,bull,alcista,0,0.129,32,8133,2,
s26777,SEIUSDT,1787225400000,train,1,2.47,0.402,2.97,2.43,0.64,-1.15,0.78,2.16,1.74,2.44,0,3.62,bull,alcista,0,0.291,32,8133,2,
s26778,JUPUSDT,1787225400000,train,1,3.42,0.429,3.83,3.52,0.49,-0.2,1.38,2.79,2.1,2.97,0,3.62,bull,alcista,0,-0.284,32,8133,2,
s26779,ONDOUSDT,1787225400000,train,1,3.97,0.479,4.02,3.88,0.97,0.35,1.7,3.01,2.23,3.32,0,3.62,bull,alcista,0,-0.5,32,8132,2,
s26780,FETUSDT,1787225400000,train,1,4.55,0.621,4.8,4.58,0.85,0.94,1.76,1.92,1.55,2.09,0,3.62,bull,neutral,0,0.629,32,8132,1,
s26781,ARUSDT,1787225400000,testB,1,4.18,0.684,4.22,4.12,0.96,0.57,1.8,2.69,1.89,2.74,0,3.62,bull,alcista,0,0.388,32,8132,2,
s26782,STXUSDT,1787225400000,testB,1,3.01,0.476,3.51,3.07,0.64,-0.61,1.06,2.59,2.39,2.68,0,3.62,bull,alcista,0,1.071,32,8132,4,
s26783,GRTUSDT,1787225400000,testB,1,4.24,0.663,4.62,4.07,0.78,0.62,1.38,2.12,1.47,1.92,0,3.62,bull,alcista,0,0.237,32,8132,3,
s26784,LDOUSDT,1787225400000,testB,1,2.73,0.419,4.2,2.77,0.53,-0.89,0.76,1.87,1.81,2.69,0,3.62,bull,alcista,0,-1.0,2,8132,2,
s26785,SANDUSDT,1787225400000,testB,1,2.74,0.479,2.96,2.72,0.38,-0.87,0.75,1.68,1.24,1.67,0,3.62,bull,alcista,0,0.728,32,8132,2,
s26786,MANAUSDT,1787225400000,testB,1,2.57,0.535,2.93,2.58,0.75,-1.05,0.63,1.83,1.9,2.14,0,3.62,bull,alcista,0,0.891,32,8132,2,
s26787,AXSUSDT,1787225400000,testB,1,3.61,0.562,3.86,3.52,0.52,-0.0,1.09,2.1,1.62,1.67,0,3.62,bull,alcista,0,0.459,32,8132,2,
s26788,APEUSDT,1787225400000,testB,1,2.51,0.533,2.61,2.45,0.92,-1.1,0.85,1.33,1.2,1.79,0,3.62,bull,alcista,0,-0.219,32,8132,2,
s26789,PUMPUSDT,1787226300000,train,1,5.26,0.482,7.5,5.75,1.59,2.28,3.09,1.91,2.12,2.61,0,2.98,bull,neutral,0,1.198,32,8134,0,
s26790,0GUSDT,1787226300000,train,1,3.77,0.56,4.47,3.69,0.43,0.79,0.82,0.94,0.79,0.77,1,2.98,bull,neutral,0,0.175,32,8134,0,
s26791,ENAUSDT,1787226300000,train,1,6.83,0.568,7.76,6.46,1.11,3.85,2.58,4.7,3.24,4.02,0,2.98,bull,neutral,0,1.137,32,8134,0,
s26792,INJUSDT,1787226300000,train,1,5.28,0.562,5.57,5.06,1.0,2.31,1.61,2.01,1.75,2.51,0,2.98,bull,alcista,0,-0.598,32,8134,2,
s26793,SUIUSDT,1787226300000,train,1,3.67,0.413,4.6,3.64,0.61,0.69,0.89,2.89,2.12,3.46,0,2.98,bull,neutral,0,-0.128,32,8134,0,
s26794,TIAUSDT,1787226300000,train,1,2.72,0.361,3.58,2.71,0.93,-0.26,0.67,1.63,1.23,2.54,0,2.98,bull,neutral,0,0.322,32,8134,0,
s26795,FETUSDT,1787226300000,train,1,3.69,0.49,4.53,3.71,0.66,0.71,1.1,1.92,1.55,2.09,0,2.98,bull,neutral,1,2.0,23,8133,0,
s26796,ARUSDT,1787226300000,testB,1,3.1,0.468,4.0,3.11,1.42,0.12,0.95,2.69,1.89,2.74,0,2.98,bull,neutral,0,0.65,32,8133,0,
s26797,STXUSDT,1787226300000,testB,1,2.55,0.405,3.3,2.64,0.68,-0.43,0.79,2.59,2.39,2.68,0,2.98,bull,neutral,0,1.194,32,8133,0,
s26798,GRTUSDT,1787226300000,testB,1,3.79,0.639,4.41,3.86,0.83,0.81,1.22,2.12,1.47,1.92,0,2.98,bull,neutral,0,0.214,32,8133,0,
s26799,SANDUSDT,1787226300000,testB,1,2.05,0.368,2.63,2.13,0.38,-0.93,0.45,1.68,1.24,1.67,0,2.98,bull,neutral,0,0.921,32,8133,0,
s26800,MANAUSDT,1787226300000,testB,1,2.05,0.433,2.94,2.36,0.89,-0.93,0.44,1.83,1.9,2.14,0,2.98,bull,neutral,0,1.0,32,8133,0,
s26801,AXSUSDT,1787226300000,testB,1,3.35,0.544,3.57,3.23,0.55,0.37,1.01,2.1,1.62,1.67,0,2.98,bull,alcista,0,0.414,32,8133,3,
s26802,PUMPUSDT,1787227200000,train,1,4.65,0.439,6.87,4.97,1.79,3.97,2.6,2.2,2.18,2.69,0,0.68,neutral,neutral,1,2.0,12,8135,0,
s26803,ARBUSDT,1787227200000,train,-1,-2.85,0.606,3.11,2.94,0.95,-3.53,1.17,2.69,2.54,4.19,0,0.68,neutral,bajista,0,-1.0,19,8135,3,
s26804,INJUSDT,1787227200000,train,1,3.84,0.486,4.34,3.87,1.14,3.17,1.56,3.15,2.24,2.83,0,0.68,neutral,alcista,0,-1.0,11,8135,3,
s26805,PUMPUSDT,1787228100000,train,1,4.25,0.396,6.65,4.49,1.94,3.56,2.05,2.2,2.18,2.69,0,0.68,neutral,neutral,1,2.0,11,8136,0,
s26806,STBLUSDT,1787228100000,train,-1,-2.04,0.373,2.3,2.08,0.37,-2.72,0.96,1.04,0.71,0.71,1,0.68,neutral,bajista,0,0.321,32,8136,3,
s26807,ARBUSDT,1787228100000,train,-1,-2.36,0.558,2.87,2.79,1.06,-3.04,1.23,2.69,2.54,4.19,0,0.68,neutral,bajista,0,-1.0,17,8136,4,
s26808,INJUSDT,1787228100000,train,1,2.89,0.354,3.93,2.85,1.23,2.21,0.87,3.15,2.24,2.83,0,0.68,neutral,neutral,0,-1.0,10,8136,0,
s26809,PENDLEUSDT,1787228100000,train,-1,-3.32,0.354,5.2,3.61,0.64,-4.0,0.81,3.03,3.34,3.75,0,0.68,neutral,neutral,0,-1.0,19,8136,0,
s26810,ARBUSDT,1787229000000,train,-1,-2.56,0.587,3.18,2.97,0.64,-2.8,1.28,2.69,2.54,4.19,0,0.24,neutral,bajista,0,-1.0,16,8137,5,
s26811,PENDLEUSDT,1787229000000,train,-1,-3.46,0.363,5.18,3.97,0.62,-3.7,1.12,3.03,3.34,3.75,0,0.24,neutral,neutral,0,-1.0,18,8137,1,
s26812,STBLUSDT,1787230800000,train,-1,-2.16,0.457,3.32,2.54,0.93,-2.33,1.15,0.81,0.76,0.73,1,0.18,neutral,neutral,0,-0.456,32,8139,0,
s26813,STBLUSDT,1787231700000,train,-1,-2.23,0.466,3.33,2.69,1.41,-2.41,1.06,0.81,0.76,0.73,1,0.18,neutral,neutral,0,-0.472,32,8140,1,
s26814,ASTERUSDT,1787232600000,train,-1,-3.03,0.354,5.1,3.95,0.59,-2.58,0.91,7.55,9.1,11.79,0,-0.46,neutral,neutral,0,-1.0,12,8141,1,
s26815,PUMPUSDT,1787233500000,train,1,7.98,0.62,8.09,7.61,1.62,8.14,5.14,2.73,2.41,2.82,0,-0.16,neutral,alcista,0,0.54,32,8142,4,
s26816,PUMPUSDT,1787234400000,train,1,7.63,0.607,9.91,7.39,2.42,8.09,4.47,3.38,2.63,3.02,0,-0.46,neutral,neutral,0,0.917,32,8143,0,
s26817,STXUSDT,1787234400000,testB,1,3.11,0.429,3.31,3.16,1.29,3.57,1.83,3.1,2.83,3.04,0,-0.46,neutral,alcista,0,0.75,32,8142,2,
s26818,PUMPUSDT,1787235300000,train,1,7.5,0.591,9.92,7.29,2.85,8.34,3.78,3.38,2.63,3.02,0,-0.83,neutral,neutral,0,0.769,32,8144,0,
s26819,STXUSDT,1787235300000,testB,1,3.54,0.462,3.99,3.92,2.0,4.37,2.53,3.1,2.83,3.04,0,-0.83,neutral,alcista,0,0.2,32,8143,3,
s26820,INJUSDT,1787236200000,train,-1,-2.99,0.363,4.01,3.74,0.42,-2.61,1.42,3.74,2.57,2.95,0,-0.38,neutral,neutral,0,-0.301,32,8145,0,
s26821,PUMPUSDT,1787237100000,train,1,7.13,0.47,9.56,7.24,1.8,7.38,3.67,3.38,2.63,3.02,0,-0.26,neutral,neutral,0,0.772,32,8146,1,
s26822,STBLUSDT,1787237100000,train,-1,-2.56,0.778,3.46,3.23,0.65,-2.31,0.96,0.68,0.79,0.67,0,-0.26,neutral,bajista,0,-1.0,28,8146,2,
s26823,WLDUSDT,1787237100000,train,-1,-2.05,0.401,3.55,2.65,1.15,-1.79,0.8,1.57,1.39,2.42,0,-0.26,neutral,neutral,0,-1.0,7,8146,0,
s26824,INJUSDT,1787237100000,train,-1,-3.16,0.395,4.73,3.65,0.49,-2.91,1.33,3.74,2.57,2.95,0,-0.26,neutral,neutral,0,-0.25,32,8146,0,
s26825,XPLUSDT,1787238000000,train,1,5.33,0.558,6.53,5.75,3.7,4.99,4.2,2.32,2.12,1.94,1,0.34,neutral,alcista,0,0.008,32,8147,2,
s26826,OPUSDT,1787238000000,train,1,2.91,0.424,3.73,3.7,1.6,2.57,2.07,2.26,1.77,2.09,0,0.34,neutral,alcista,0,0.974,32,8147,3,
s26827,XPLUSDT,1787238900000,train,1,5.12,0.549,7.12,6.22,4.21,4.4,4.26,2.32,2.12,1.94,1,0.72,neutral,alcista,0,0.055,32,8148,3,
s26828,OPUSDT,1787238900000,train,1,3.14,0.444,4.34,4.21,1.49,2.42,2.35,2.26,1.77,2.09,0,0.72,neutral,alcista,0,0.884,32,8148,4,
s26829,SANDUSDT,1787238900000,testB,1,2.23,0.351,3.33,2.97,1.67,1.51,1.56,1.73,1.64,1.59,1,0.72,neutral,alcista,0,0.756,32,8147,4,
s26830,XPLUSDT,1787239800000,train,1,3.73,0.392,7.17,5.49,3.7,3.6,3.05,2.32,2.12,1.94,1,0.12,neutral,neutral,0,0.354,32,8149,0,
s26831,OPUSDT,1787239800000,train,1,2.62,0.401,4.76,4.31,1.42,2.5,2.17,2.26,1.77,2.09,0,0.12,neutral,alcista,0,0.956,32,8149,5,
s26832,XPLUSDT,1787240700000,train,1,5.62,0.551,7.09,6.62,3.22,4.88,3.9,2.32,2.12,1.94,1,0.74,neutral,neutral,0,0.158,32,8150,1,
s26833,OPUSDT,1787240700000,train,1,3.49,0.527,5.03,4.72,1.74,2.75,2.41,2.26,1.77,2.09,0,0.74,neutral,alcista,0,0.727,32,8150,6,
s26834,MANAUSDT,1787240700000,testB,1,2.16,0.459,4.02,2.72,4.07,1.42,1.5,2.46,2.21,2.25,0,0.74,neutral,neutral,0,0.739,32,8149,1,
s26835,XPLUSDT,1787241600000,train,1,6.26,0.645,7.77,6.42,1.51,5.55,3.22,2.65,2.26,1.96,1,0.71,neutral,neutral,0,0.16,32,8151,0,
s26836,OPUSDT,1787241600000,train,1,4.14,0.684,5.48,4.73,1.56,3.43,2.15,2.65,2.04,2.07,0,0.71,neutral,alcista,0,0.683,32,8151,7,
s26837,JUPUSDT,1787241600000,train,1,2.89,0.491,3.85,3.64,1.92,2.18,1.81,2.56,2.67,2.58,0,0.71,neutral,alcista,0,-0.086,32,8151,2,
s26838,PENDLEUSDT,1787241600000,train,1,2.75,0.526,4.03,3.41,2.4,2.04,1.47,2.1,2.74,3.23,0,0.71,neutral,neutral,0,0.508,32,8151,0,
s26839,SANDUSDT,1787241600000,testB,1,2.5,0.394,4.07,3.02,1.54,1.79,1.27,2.07,1.88,1.59,1,0.71,neutral,neutral,0,1.078,32,8150,0,
s26840,MANAUSDT,1787241600000,testB,1,2.29,0.502,3.77,2.44,2.79,1.58,1.3,2.79,2.31,2.23,1,0.71,neutral,neutral,0,0.982,32,8150,0,
s26841,ASTERUSDT,1787242500000,train,1,3.06,0.391,4.22,3.76,1.88,2.27,1.09,5.19,8.7,11.66,0,0.79,neutral,neutral,0,0.04,32,8152,1,
s26842,XPLUSDT,1787242500000,train,1,8.16,0.75,7.77,7.72,0.93,7.37,4.14,2.65,2.26,1.96,1,0.79,neutral,neutral,0,-0.054,32,8152,1,
s26843,ARBUSDT,1787242500000,train,1,2.12,0.397,2.69,2.45,1.27,1.34,0.94,1.86,2.24,3.75,0,0.79,neutral,neutral,0,0.74,32,8152,1,
s26844,OPUSDT,1787242500000,train,1,5.13,0.729,5.71,5.7,1.34,4.35,2.8,2.65,2.04,2.07,0,0.79,neutral,alcista,0,0.367,32,8152,8,
s26845,SUIUSDT,1787242500000,train,1,2.63,0.351,3.75,3.4,1.5,1.85,1.27,3.04,2.84,2.9,0,0.79,neutral,neutral,0,-0.218,32,8152,1,
s26846,SEIUSDT,1787242500000,train,1,2.36,0.398,2.98,2.96,1.21,1.57,1.2,1.8,1.98,2.11,0,0.79,neutral,neutral,0,0.425,32,8152,1,
s26847,JUPUSDT,1787242500000,train,1,2.46,0.397,3.86,3.29,2.29,1.68,1.2,2.56,2.67,2.58,0,0.79,neutral,neutral,0,0.016,32,8152,0,
s26848,PENDLEUSDT,1787242500000,train,1,2.41,0.469,4.04,3.29,2.34,1.63,1.14,2.1,2.74,3.23,0,0.79,neutral,neutral,0,0.519,32,8152,0,
s26849,ARUSDT,1787242500000,testB,1,2.09,0.357,4.0,3.02,1.89,1.31,0.84,3.33,2.8,2.7,1,0.79,neutral,alcista,0,1.186,32,8151,3,
s26850,SANDUSDT,1787242500000,testB,1,2.5,0.394,4.08,2.95,1.43,1.71,1.02,2.07,1.88,1.59,1,0.79,neutral,neutral,0,1.206,32,8151,0,
s26851,ASTERUSDT,1787243400000,train,1,4.77,0.536,4.95,4.83,2.27,3.46,2.35,5.19,8.7,11.66,0,1.31,neutral,alcista,0,-1.0,6,8153,2,
s26852,0GUSDT,1787243400000,train,1,2.21,0.362,4.08,3.63,1.9,0.91,1.3,1.01,0.96,0.8,1,1.31,neutral,neutral,0,0.404,32,8153,1,
s26853,ARBUSDT,1787243400000,train,1,3.13,0.521,3.25,3.2,1.24,1.82,1.67,1.86,2.24,3.75,0,1.31,neutral,alcista,0,0.114,32,8153,2,
s26854,OPUSDT,1787243400000,train,1,6.31,0.899,6.2,6.18,1.46,5.0,3.05,2.65,2.04,2.07,0,1.31,neutral,alcista,0,0.148,32,8153,8,
s26855,SUIUSDT,1787243400000,train,1,4.09,0.5,4.44,4.37,1.56,2.78,2.14,3.04,2.84,2.9,0,1.31,neutral,alcista,0,-0.385,32,8153,2,
s26856,TIAUSDT,1787243400000,train,1,3.65,0.484,3.81,3.81,1.05,2.34,1.58,2.01,1.74,2.47,0,1.31,neutral,neutral,0,0.023,32,8153,1,
s26857,SEIUSDT,1787243400000,train,1,3.05,0.481,3.5,3.47,1.39,1.75,1.65,1.8,1.98,2.11,0,1.31,neutral,alcista,0,0.12,32,8153,2,
s26858,JUPUSDT,1787243400000,train,1,3.11,0.509,3.85,3.54,2.46,1.81,1.44,2.56,2.67,2.58,0,1.31,neutral,neutral,0,-0.206,32,8153,1,
s26859,PENDLEUSDT,1787243400000,train,1,3.74,0.656,4.19,4.16,0.78,2.43,1.92,2.1,2.74,3.23,0,1.31,neutral,neutral,0,0.162,32,8153,1,
s26860,FETUSDT,1787243400000,train,1,3.82,0.486,4.97,4.9,1.53,2.51,2.12,2.0,1.9,1.78,1,1.31,neutral,alcista,0,0.779,32,8152,2,
s26861,ARUSDT,1787243400000,testB,1,3.51,0.504,4.66,4.2,1.91,2.2,1.98,3.33,2.8,2.7,1,1.31,neutral,alcista,0,0.614,32,8152,4,
s26862,GRTUSDT,1787243400000,testB,1,2.35,0.415,3.11,3.11,0.98,1.04,1.35,2.11,1.99,1.73,1,1.31,neutral,alcista,0,0.565,32,8152,2,
s26863,SANDUSDT,1787243400000,testB,1,3.4,0.509,4.05,3.52,1.5,2.09,1.49,2.07,1.88,1.59,1,1.31,neutral,neutral,0,0.815,32,8152,1,
s26864,MANAUSDT,1787243400000,testB,1,2.68,0.554,3.76,2.82,2.55,1.37,1.42,2.79,2.31,2.23,1,1.31,neutral,neutral,0,0.423,32,8152,1,
s26865,AXSUSDT,1787243400000,testB,1,2.54,0.364,3.14,3.14,0.61,1.23,1.2,1.84,1.94,1.69,0,1.31,neutral,alcista,0,0.525,32,8152,2,
s26866,ASTERUSDT,1787244300000,train,1,3.7,0.382,5.12,3.97,2.02,2.48,1.47,5.19,8.7,11.66,0,1.22,neutral,neutral,0,-1.0,5,8154,0,
s26867,0GUSDT,1787244300000,train,1,2.28,0.368,4.08,3.69,1.89,1.06,1.23,1.01,0.96,0.8,1,1.22,neutral,neutral,0,0.345,32,8154,0,
s26868,ENAUSDT,1787244300000,train,1,3.95,0.396,5.22,5.15,1.19,2.73,2.7,5.04,4.48,4.01,1,1.22,neutral,alcista,1,2.0,17,8154,2,
s26869,ARBUSDT,1787244300000,train,1,2.69,0.485,3.45,3.32,1.18,1.48,1.74,1.86,2.24,3.75,0,1.22,neutral,alcista,0,0.097,32,8154,3,
s26870,OPUSDT,1787244300000,train,1,5.49,0.887,6.32,6.02,1.38,4.27,2.92,2.65,2.04,2.07,0,1.22,neutral,alcista,0,0.135,32,8154,8,
s26871,SUIUSDT,1787244300000,train,1,3.62,0.471,4.75,4.46,1.92,2.41,2.13,3.04,2.84,2.9,0,1.22,neutral,alcista,0,-0.344,32,8154,3,
s26872,TIAUSDT,1787244300000,train,1,3.14,0.448,3.83,3.75,1.08,1.92,1.64,2.01,1.74,2.47,0,1.22,neutral,alcista,0,0.047,32,8154,2,
s26873,SEIUSDT,1787244300000,train,1,3.0,0.477,3.68,3.63,1.43,1.78,1.69,1.8,1.98,2.11,0,1.22,neutral,alcista,0,0.07,32,8154,3,
s26874,JUPUSDT,1787244300000,train,1,2.83,0.486,3.9,3.74,2.01,1.62,1.64,2.56,2.67,2.58,0,1.22,neutral,alcista,0,-0.194,32,8154,2,
s26875,PENDLEUSDT,1787244300000,train,1,3.12,0.605,4.31,4.12,0.68,1.91,1.84,2.1,2.74,3.23,0,1.22,neutral,neutral,0,0.209,32,8154,0,
s26876,FETUSDT,1787244300000,train,1,3.19,0.443,5.11,5.04,1.43,1.98,2.1,2.0,1.9,1.78,1,1.22,neutral,alcista,0,0.829,32,8153,3,
s26877,ARUSDT,1787244300000,testB,1,3.61,0.511,4.84,4.54,2.09,2.39,2.24,3.33,2.8,2.7,1,1.22,neutral,alcista,0,0.522,32,8153,5,
s26878,STXUSDT,1787244300000,testB,1,4.11,0.373,4.87,4.8,1.17,2.9,1.91,3.34,3.0,2.7,1,1.22,neutral,alcista,0,0.588,32,8153,2,
s26879,GRTUSDT,1787244300000,testB,1,2.28,0.407,3.44,3.37,0.96,1.06,1.49,2.11,1.99,1.73,1,1.22,neutral,alcista,0,0.46,32,8153,3,
s26880,SANDUSDT,1787244300000,testB,1,3.35,0.507,4.17,4.05,1.7,2.13,1.92,2.07,1.88,1.59,1,1.22,neutral,alcista,0,0.383,32,8153,2,
s26881,MANAUSDT,1787244300000,testB,1,2.58,0.545,3.75,2.98,1.15,1.36,1.45,2.79,2.31,2.23,1,1.22,neutral,alcista,0,0.261,32,8153,2,
s26882,0GUSDT,1787245200000,train,1,2.55,0.429,4.08,3.69,0.69,1.68,1.14,1.04,0.97,0.79,1,0.86,neutral,neutral,0,0.241,32,8155,0,
s26883,WLDUSDT,1787245200000,train,1,2.74,0.363,5.79,4.42,1.68,1.87,2.26,1.95,1.75,2.0,0,0.86,neutral,alcista,0,-0.018,32,8155,4,
s26884,ENAUSDT,1787245200000,train,1,5.88,0.502,6.81,6.78,1.09,5.02,4.04,5.22,5.21,4.16,1,0.86,neutral,alcista,1,2.0,31,8155,3,
s26885,ARBUSDT,1787245200000,train,1,2.73,0.494,4.36,3.22,1.56,1.87,1.5,1.81,2.35,3.73,0,0.86,neutral,neutral,0,0.285,32,8155,0,
s26886,OPUSDT,1787245200000,train,1,4.97,0.777,6.34,5.69,1.02,4.1,2.3,2.6,2.15,2.07,1,0.86,neutral,neutral,0,0.3,32,8155,0,
s26887,SUIUSDT,1787245200000,train,1,3.76,0.481,5.02,4.7,1.66,2.89,2.16,3.07,3.05,2.87,1,0.86,neutral,alcista,0,-0.357,32,8155,4,
s26888,TIAUSDT,1787245200000,train,1,3.01,0.439,4.24,3.92,0.94,2.15,1.58,2.03,1.85,2.5,0,0.86,neutral,alcista,0,-0.015,32,8155,3,
s26889,SEIUSDT,1787245200000,train,1,2.66,0.438,3.7,3.56,1.37,1.8,1.48,1.77,2.01,2.08,0,0.86,neutral,neutral,0,0.221,32,8155,0,
s26890,JUPUSDT,1787245200000,train,1,2.07,0.379,3.91,3.54,0.86,1.21,1.29,2.7,2.82,2.56,0,0.86,neutral,neutral,0,-0.147,32,8155,0,
s26891,PENDLEUSDT,1787245200000,train,1,4.15,0.683,5.03,5.02,0.72,3.29,2.5,2.12,2.6,3.21,0,0.86,neutral,neutral,0,0.315,32,8155,1,
s26892,FETUSDT,1787245200000,train,1,3.79,0.505,5.73,5.45,1.19,2.93,2.29,2.85,2.43,2.01,1,0.86,neutral,alcista,0,0.763,32,8154,4,
s26893,ARUSDT,1787245200000,testB,1,4.23,0.551,5.36,5.21,1.22,3.36,2.66,3.07,2.94,2.75,1,0.86,neutral,alcista,0,0.481,32,8154,6,
s26894,STXUSDT,1787245200000,testB,1,4.4,0.39,5.47,5.33,0.7,3.53,2.28,3.45,3.09,2.73,1,0.86,neutral,alcista,0,0.342,32,8154,3,
s26895,GRTUSDT,1787245200000,testB,1,2.69,0.459,3.83,3.7,0.84,1.83,1.68,2.13,2.15,1.75,0,0.86,neutral,alcista,0,0.327,32,8154,4,
s26896,SANDUSDT,1787245200000,testB,1,2.94,0.451,4.34,3.9,1.44,2.07,1.59,2.33,2.03,1.66,1,0.86,neutral,neutral,0,0.47,32,8154,0,
s26897,MANAUSDT,1787245200000,testB,1,2.28,0.498,3.76,2.91,0.98,1.42,1.21,2.77,2.32,2.25,1,0.86,neutral,neutral,0,0.411,32,8154,0,
s26898,ASTERUSDT,1787246100000,train,1,3.4,0.365,4.65,4.37,1.09,2.23,2.07,5.09,7.62,11.32,0,1.16,neutral,alcista,0,-1.0,3,8156,2,
s26899,XPLUSDT,1787246100000,train,1,7.56,0.617,9.64,7.87,1.15,6.39,2.86,2.9,2.41,2.03,1,1.16,neutral,neutral,0,-0.053,32,8156,0,
s26900,0GUSDT,1787246100000,train,1,2.62,0.444,4.08,3.63,0.67,1.45,1.02,1.04,0.97,0.79,1,1.16,neutral,neutral,0,0.544,32,8156,0,
s26901,WLDUSDT,1787246100000,train,1,3.4,0.414,5.74,5.18,1.97,2.23,2.82,1.95,1.75,2.0,0,1.16,neutral,alcista,0,-0.082,32,8156,5,
s26902,ENAUSDT,1787246100000,train,1,6.65,0.55,7.64,7.27,1.35,5.49,4.21,5.22,5.21,4.16,1,1.16,neutral,alcista,0,1.712,32,8156,4,
s26903,ARBUSDT,1787246100000,train,1,2.12,0.382,4.38,2.92,1.61,0.96,1.1,1.81,2.35,3.73,0,1.16,neutral,neutral,0,0.384,32,8156,0,
s26904,OPUSDT,1787246100000,train,1,5.51,0.8,6.31,6.15,0.91,4.34,2.61,2.6,2.15,2.07,1,1.16,neutral,neutral,0,0.083,32,8156,1,
s26905,SUIUSDT,1787246100000,train,1,3.05,0.378,5.04,4.25,1.24,1.88,1.58,3.07,3.05,2.87,1,1.16,neutral,neutral,0,-0.248,32,8156,0,
s26906,TIAUSDT,1787246100000,train,1,3.31,0.462,4.34,4.25,0.88,2.15,1.84,2.03,1.85,2.5,0,1.16,neutral,alcista,0,-0.158,32,8156,4,
s26907,SEIUSDT,1787246100000,train,1,2.93,0.479,3.84,3.7,1.13,1.76,1.48,1.77,2.01,2.08,0,1.16,neutral,neutral,0,0.194,32,8156,1,
s26908,JUPUSDT,1787246100000,train,1,2.19,0.406,3.92,3.24,0.64,1.03,0.93,2.7,2.82,2.56,0,1.16,neutral,neutral,0,0.048,32,8156,0,
s26909,PENDLEUSDT,1787246100000,train,1,3.83,0.598,5.32,4.72,0.78,2.66,2.02,2.12,2.6,3.21,0,1.16,neutral,neutral,0,0.4,32,8156,0,
s26910,ONDOUSDT,1787246100000,train,1,2.19,0.376,3.51,3.34,0.81,1.03,1.23,2.8,2.99,2.67,0,1.16,neutral,alcista,0,-1.0,10,8155,5,
s26911,FETUSDT,1787246100000,train,1,7.02,0.701,8.16,7.96,2.23,5.86,4.65,2.85,2.43,2.01,1,1.16,neutral,alcista,0,0.193,32,8155,5,
s26912,ARUSDT,1787246100000,testB,1,3.96,0.528,5.61,5.16,1.32,2.8,2.37,3.07,2.94,2.75,1,1.16,neutral,neutral,0,0.544,32,8155,0,
s26913,GRTUSDT,1787246100000,testB,1,2.83,0.471,3.96,3.89,0.97,1.67,1.72,2.13,2.15,1.75,0,1.16,neutral,alcista,0,0.276,32,8155,5,
s26914,SANDUSDT,1787246100000,testB,1,2.62,0.401,4.35,3.74,1.37,1.46,1.33,2.33,2.03,1.66,1,1.16,neutral,neutral,0,0.609,32,8155,0,
s26915,MANAUSDT,1787246100000,testB,1,2.5,0.521,3.75,3.12,0.57,1.34,1.32,2.77,2.32,2.25,1,1.16,neutral,neutral,0,0.415,32,8155,1,
s26916,ASTERUSDT,1787247000000,train,1,3.62,0.395,4.42,3.71,0.91,2.11,1.46,5.09,7.62,11.32,0,1.5,neutral,neutral,0,-1.0,2,8157,0,
s26917,XPLUSDT,1787247000000,train,1,7.55,0.616,9.29,7.41,1.07,6.05,2.4,2.9,2.41,2.03,1,1.5,neutral,neutral,0,0.083,32,8157,0,
s26918,PUMPUSDT,1787247000000,train,1,8.0,0.353,9.02,7.67,0.49,6.49,3.54,4.23,3.13,2.88,1,1.5,neutral,neutral,0,0.206,32,8157,1,
s26919,0GUSDT,1787247000000,train,1,2.69,0.461,3.51,2.81,0.62,1.19,0.69,1.04,0.97,0.79,1,1.5,neutral,neutral,0,0.795,32,8157,0,
s26920,WLDUSDT,1787247000000,train,1,3.3,0.395,5.77,4.75,1.75,1.8,2.06,1.95,1.75,2.0,0,1.5,neutral,neutral,0,0.045,32,8157,0,
s26921,ARBUSDT,1787247000000,train,1,2.23,0.405,4.25,2.82,1.3,0.72,0.94,1.81,2.35,3.73,0,1.5,neutral,neutral,0,0.665,32,8157,1,
s26922,OPUSDT,1787247000000,train,1,5.18,0.718,5.94,5.21,0.69,3.68,1.87,2.6,2.15,2.07,1,1.5,neutral,neutral,0,0.21,32,8157,0,
s26923,SUIUSDT,1787247000000,train,1,3.37,0.432,4.33,3.35,1.02,1.86,1.18,3.07,3.05,2.87,1,1.5,neutral,neutral,0,-0.16,32,8157,0,
s26924,SEIUSDT,1787247000000,train,1,3.22,0.538,3.49,3.26,1.03,1.71,1.37,1.77,2.01,2.08,0,1.5,neutral,alcista,0,0.262,32,8157,2,
s26925,PENDLEUSDT,1787247000000,train,1,3.69,0.561,5.07,3.91,0.81,2.19,1.24,2.12,2.6,3.21,0,1.5,neutral,neutral,0,0.633,32,8157,0,
s26926,ONDOUSDT,1787247000000,train,1,2.63,0.484,3.57,3.12,0.94,1.13,1.03,2.8,2.99,2.67,0,1.5,neutral,neutral,0,-1.0,8,8156,0,
s26927,ARUSDT,1787247000000,testB,1,3.97,0.528,4.72,3.97,0.85,2.47,1.83,3.07,2.94,2.75,1,1.5,neutral,neutral,0,1.101,32,8156,0,
s26928,STXUSDT,1787247000000,testB,1,3.89,0.351,4.88,3.89,0.71,2.39,1.23,3.45,3.09,2.73,1,1.5,neutral,neutral,0,1.255,32,8156,0,
s26929,GRTUSDT,1787247000000,testB,1,2.99,0.506,3.51,2.97,0.94,1.48,1.08,2.13,2.15,1.75,0,1.5,neutral,neutral,0,0.682,32,8156,0,
s26930,SANDUSDT,1787247000000,testB,1,3.46,0.59,3.88,3.32,1.17,1.96,1.16,2.33,2.03,1.66,1,1.5,neutral,neutral,0,0.58,32,8156,1,
s26931,MANAUSDT,1787247000000,testB,1,2.59,0.545,3.63,2.72,0.42,1.08,0.91,2.77,2.32,2.25,1,1.5,neutral,neutral,0,0.529,32,8156,0,
s26932,AXSUSDT,1787247000000,testB,1,2.38,0.503,2.67,2.48,1.1,0.88,0.76,1.98,2.03,1.74,0,1.5,neutral,alcista,0,0.809,32,8156,2,
s26933,ASTERUSDT,1787247900000,train,1,3.05,0.356,4.09,3.44,0.68,1.61,1.27,5.09,7.62,11.32,0,1.44,neutral,neutral,0,-1.0,1,8158,1,
s26934,XPLUSDT,1787247900000,train,1,7.0,0.546,9.07,6.64,0.82,5.56,1.67,2.9,2.41,2.03,1,1.44,neutral,neutral,0,0.145,32,8158,0,
s26935,0GUSDT,1787247900000,train,1,2.16,0.371,3.4,2.43,0.59,0.72,0.43,1.04,0.97,0.79,1,1.44,neutral,neutral,0,1.105,32,8158,0,
s26936,WLDUSDT,1787247900000,train,1,3.89,0.458,5.88,5.08,1.8,2.45,2.17,1.95,1.75,2.0,0,1.44,neutral,neutral,0,0.068,32,8158,1,
s26937,ARBUSDT,1787247900000,train,1,2.24,0.408,4.26,2.76,1.29,0.8,0.8,1.81,2.35,3.73,0,1.44,neutral,neutral,0,0.613,32,8158,0,
s26938,OPUSDT,1787247900000,train,1,4.03,0.573,5.22,4.02,0.58,2.59,1.24,2.6,2.15,2.07,1,1.44,neutral,neutral,0,0.578,32,8158,0,
s26939,SEIUSDT,1787247900000,train,1,2.15,0.44,3.28,3.05,0.86,0.71,1.2,1.77,2.01,2.08,0,1.44,neutral,alcista,0,0.545,32,8158,3,
s26940,PENDLEUSDT,1787247900000,train,1,3.17,0.487,4.93,3.55,0.82,1.73,0.93,2.12,2.6,3.21,0,1.44,neutral,neutral,0,0.785,32,8158,0,
s26941,FETUSDT,1787247900000,train,1,6.44,0.531,8.51,6.54,3.21,5.0,2.89,2.85,2.43,2.01,1,1.44,neutral,neutral,0,0.43,32,8157,0,
s26942,ARUSDT,1787247900000,testB,1,3.11,0.448,4.53,3.62,0.74,1.68,1.5,3.07,2.94,2.75,1,1.44,neutral,neutral,0,1.417,32,8157,0,
s26943,GRTUSDT,1787247900000,testB,1,2.28,0.398,3.45,2.64,1.13,0.84,0.74,2.13,2.15,1.75,0,1.44,neutral,neutral,0,1.026,32,8157,0,
s26944,SANDUSDT,1787247900000,testB,1,2.53,0.482,3.3,2.58,0.92,1.09,0.87,2.33,2.03,1.66,1,1.44,neutral,neutral,0,1.108,32,8157,0,
s26945,MANAUSDT,1787247900000,testB,1,2.31,0.518,3.52,2.82,0.41,0.87,0.98,2.77,2.32,2.25,1,1.44,neutral,neutral,0,0.587,32,8157,1,
s26946,ENAUSDT,1787248800000,train,1,7.4,0.553,8.85,7.68,1.72,6.3,3.29,5.72,5.95,4.48,0,1.1,neutral,neutral,1,2.0,30,8159,0,
s26947,MANAUSDT,1787248800000,testB,1,2.28,0.508,3.52,2.73,0.57,1.18,0.8,2.78,2.39,2.33,1,1.1,neutral,neutral,0,0.674,32,8158,0,
s26948,FETUSDT,1787249700000,train,1,6.15,0.461,8.55,6.14,1.9,4.42,2.19,3.52,2.85,2.22,1,1.72,neutral,neutral,0,0.609,32,8159,1,
s26949,ARUSDT,1787249700000,testB,1,2.81,0.38,4.56,2.99,0.6,1.09,0.71,2.94,2.97,2.79,0,1.72,neutral,neutral,1,2.0,30,8159,1,
s26950,MANAUSDT,1787249700000,testB,1,2.09,0.447,3.44,2.22,0.64,0.37,0.39,2.78,2.39,2.33,1,1.72,neutral,neutral,0,1.026,32,8159,0,
s26951,FETUSDT,1787250600000,train,1,6.14,0.461,8.53,6.28,1.49,4.81,2.05,3.52,2.85,2.22,1,1.33,neutral,alcista,0,0.708,32,8160,2,
s26952,MANAUSDT,1787250600000,testB,1,2.3,0.473,3.32,2.29,0.62,0.97,0.46,2.78,2.39,2.33,1,1.33,neutral,neutral,0,0.862,32,8160,1,
s26953,ENAUSDT,1787251500000,train,1,7.94,0.576,9.35,7.69,1.34,7.1,3.34,5.72,5.95,4.48,0,0.84,neutral,neutral,1,2.0,32,8162,0,
s26954,FETUSDT,1787251500000,train,1,5.5,0.435,7.54,5.36,1.5,4.66,1.88,3.52,2.85,2.22,1,0.84,neutral,neutral,0,0.868,32,8161,0,
s26955,ENAUSDT,1787253300000,train,1,5.82,0.382,9.11,7.0,1.41,5.57,3.11,6.44,6.55,4.8,0,0.25,neutral,neutral,1,2.0,27,8164,0,
s26956,ENAUSDT,1787254200000,train,1,6.86,0.449,9.07,7.42,1.25,6.2,3.19,6.44,6.55,4.8,0,0.66,neutral,neutral,1,2.0,32,8165,1,
s26957,ENAUSDT,1787255100000,train,1,5.6,0.354,9.15,6.62,1.12,5.3,2.05,6.44,6.55,4.8,0,0.3,neutral,neutral,1,2.0,23,8166,0,
s26958,ONDOUSDT,1787255100000,train,-1,-2.69,0.449,4.78,4.52,0.52,-3.0,1.52,2.87,3.24,2.81,0,0.3,neutral,neutral,0,-1.0,24,8165,1,
s26959,JUPUSDT,1787256000000,train,-1,-2.13,0.423,3.08,2.45,0.64,-2.67,0.51,2.35,2.36,2.45,0,0.53,neutral,neutral,0,-1.0,21,8167,0,
s26960,ONDOUSDT,1787256000000,train,-1,-2.06,0.374,4.78,4.46,0.53,-2.59,1.31,2.7,2.97,2.7,0,0.53,neutral,neutral,0,-1.0,23,8166,0,
s26961,XPLUSDT,1787256900000,train,-1,-3.54,0.447,5.91,5.68,0.54,-4.12,1.24,2.75,2.34,2.0,1,0.58,neutral,neutral,0,-1.0,25,8168,1,
s26962,ENAUSDT,1787256900000,train,1,7.66,0.421,9.2,7.56,0.85,7.09,2.2,7.01,6.58,4.91,1,0.58,neutral,neutral,1,2.0,29,8168,0,
s26963,XPLUSDT,1787257800000,train,-1,-4.42,0.567,6.55,6.12,0.58,-4.61,1.66,2.75,2.34,2.0,1,0.19,neutral,bajista,0,-1.0,24,8169,2,
s26964,ENAUSDT,1787257800000,train,1,8.31,0.442,8.65,7.91,0.82,8.12,2.77,7.01,6.58,4.91,1,0.19,neutral,neutral,0,1.723,32,8169,1,
s26965,SUIUSDT,1787257800000,train,-1,-2.58,0.517,4.32,3.33,0.47,-2.77,0.46,3.08,3.1,2.85,0,0.19,neutral,neutral,0,-0.831,32,8169,0,
s26966,PENDLEUSDT,1787257800000,train,-1,-2.27,0.431,3.65,3.54,0.61,-2.46,0.95,1.8,2.3,3.04,0,0.19,neutral,bajista,0,-1.0,10,8169,4,
s26967,ONDOUSDT,1787257800000,train,-1,-2.46,0.478,4.76,4.07,0.54,-2.66,0.87,2.7,2.97,2.7,0,0.19,neutral,neutral,0,-1.0,21,8168,1,
s26968,LDOUSDT,1787257800000,testB,-1,-2.63,0.479,3.79,3.52,0.47,-2.83,0.95,1.6,1.74,2.0,0,0.19,neutral,bajista,0,-0.658,32,8168,2,
s26969,XPLUSDT,1787258700000,train,-1,-4.76,0.647,6.32,5.51,0.63,-4.53,1.14,2.75,2.34,2.0,1,-0.23,neutral,neutral,0,-1.0,22,8170,0,
s26970,SUIUSDT,1787258700000,train,-1,-2.5,0.493,4.31,3.15,0.4,-2.27,0.18,3.08,3.1,2.85,0,-0.23,neutral,neutral,0,-1.0,32,8170,0,
s26971,PENDLEUSDT,1787258700000,train,-1,-2.26,0.431,4.01,3.58,0.48,-2.03,0.86,1.8,2.3,3.04,0,-0.23,neutral,bajista,0,-1.0,9,8170,5,
s26972,ONDOUSDT,1787258700000,train,-1,-2.54,0.503,4.76,3.95,0.44,-2.31,0.61,2.7,2.97,2.7,0,-0.23,neutral,neutral,0,-1.0,20,8169,0,
s26973,LDOUSDT,1787258700000,testB,-1,-2.67,0.481,4.13,3.77,0.47,-2.44,1.0,1.6,1.74,2.0,0,-0.23,neutral,bajista,0,-0.808,32,8169,3,
s26974,XPLUSDT,1787259600000,train,-1,-3.92,0.567,6.0,5.0,0.45,-3.93,1.05,2.14,2.26,1.98,0,0.01,neutral,neutral,0,-1.0,21,8171,0,
s26975,SUIUSDT,1787259600000,train,-1,-2.52,0.501,4.1,2.7,0.42,-2.52,0.05,2.59,2.8,2.57,0,0.01,neutral,neutral,0,-1.0,31,8171,0,
s26976,PENDLEUSDT,1787259600000,train,-1,-2.7,0.57,3.99,3.08,0.61,-2.71,0.33,1.27,1.82,2.79,0,0.01,neutral,neutral,0,-1.0,8,8171,0,
s26977,ONDOUSDT,1787259600000,train,-1,-2.51,0.495,4.75,3.78,0.43,-2.52,0.44,2.33,2.7,2.51,0,0.01,neutral,neutral,0,-1.0,19,8170,0,
s26978,LDOUSDT,1787259600000,testB,-1,-3.06,0.6,4.12,3.61,0.5,-3.07,0.73,1.38,1.59,1.8,0,0.01,neutral,neutral,0,-1.0,32,8170,0,
s26979,WLDUSDT,1787260500000,train,-1,-2.14,0.367,3.93,2.89,0.35,-1.94,0.14,1.63,1.6,1.63,0,-0.2,neutral,neutral,0,-1.0,12,8172,1,
s26980,SUIUSDT,1787260500000,train,-1,-2.3,0.478,3.79,2.64,0.41,-2.11,0.41,2.59,2.8,2.57,0,-0.2,neutral,neutral,0,-1.0,26,8172,1,
s26981,PENDLEUSDT,1787260500000,train,-1,-2.39,0.538,3.55,2.62,0.8,-2.2,0.42,1.27,1.82,2.79,0,-0.2,neutral,neutral,0,-1.0,7,8172,0,
s26982,ONDOUSDT,1787260500000,train,-1,-2.59,0.52,4.75,3.78,0.45,-2.4,0.46,2.33,2.7,2.51,0,-0.2,neutral,neutral,0,-1.0,18,8171,0,
s26983,LDOUSDT,1787260500000,testB,-1,-2.46,0.494,3.33,2.58,0.65,-2.26,0.63,1.38,1.59,1.8,0,-0.2,neutral,neutral,0,-1.0,12,8171,0,
s26984,ONDOUSDT,1787261400000,train,-1,-2.09,0.381,4.72,3.24,0.41,-2.07,-0.02,2.33,2.7,2.51,0,-0.02,neutral,neutral,0,-1.0,17,8172,0,
s26985,STBLUSDT,1787262300000,train,1,2.08,0.368,3.49,3.35,1.49,2.06,1.77,0.57,0.61,0.6,0,0.02,neutral,alcista,0,0.0,32,8174,2,
s26986,ASTERUSDT,1787263200000,train,1,2.86,0.607,3.19,2.86,0.17,2.87,0.25,3.19,4.43,7.84,0,-0.01,neutral,alcista,0,0.379,32,8175,2,
s26987,STBLUSDT,1787263200000,train,1,2.7,0.529,3.51,2.96,1.24,2.71,1.25,0.56,0.6,0.62,0,-0.01,neutral,neutral,0,0.148,32,8175,0,
s26988,ENAUSDT,1787263200000,train,1,8.24,0.374,8.7,7.77,1.21,8.25,4.27,7.86,7.03,5.23,1,-0.01,neutral,alcista,0,1.661,32,8175,2,
s26989,ASTERUSDT,1787264100000,train,1,2.79,0.601,3.26,2.73,0.38,2.64,0.37,3.19,4.43,7.84,0,0.15,neutral,alcista,0,0.731,32,8176,3,
s26990,OPUSDT,1787264100000,train,1,2.04,0.407,3.24,2.86,0.68,1.88,0.8,1.52,2.1,1.76,0,0.15,neutral,alcista,0,0.949,32,8176,4,
s26991,TIAUSDT,1787264100000,train,1,2.09,0.53,3.16,2.6,1.09,1.94,0.55,1.33,1.69,1.5,0,0.15,neutral,neutral,0,0.663,32,8176,0,
s26992,ARUSDT,1787264100000,testB,1,2.28,0.378,3.47,3.07,0.9,2.13,1.33,1.97,2.71,2.26,0,0.15,neutral,neutral,0,0.871,32,8175,1,
s26993,0GUSDT,1787265000000,train,1,2.39,0.481,3.09,2.53,1.2,2.13,0.71,0.95,0.97,0.85,0,0.26,neutral,neutral,0,1.4,32,8177,1,
s26994,OPUSDT,1787265000000,train,1,2.54,0.482,3.4,3.23,1.1,2.28,1.13,1.52,2.1,1.76,0,0.26,neutral,alcista,0,0.642,32,8177,5,
s26995,ARUSDT,1787265000000,testB,1,3.56,0.565,4.08,3.79,1.22,3.31,1.91,1.97,2.71,2.26,0,0.26,neutral,alcista,0,0.494,32,8176,2,
s26996,GRTUSDT,1787265000000,testB,1,2.19,0.533,2.81,2.48,1.02,1.93,0.88,1.43,1.79,1.57,0,0.26,neutral,neutral,0,1.054,32,8176,0,
s26997,SANDUSDT,1787265000000,testB,1,2.16,0.393,3.43,2.44,1.05,1.9,0.5,1.37,1.74,1.47,0,0.26,neutral,neutral,0,1.302,32,8176,1,
s26998,ASTERUSDT,1787265900000,train,1,2.16,0.605,2.61,2.19,0.68,1.82,0.99,3.19,4.43,7.84,0,0.35,neutral,neutral,0,0.849,32,8178,0,
s26999,0GUSDT,1787265900000,train,1,2.2,0.425,3.29,2.34,1.76,1.85,0.53,0.95,0.97,0.85,0,0.35,neutral,neutral,1,2.0,19,8178,0,
s27000,ENAUSDT,1787265900000,train,1,7.43,0.362,8.72,7.78,1.37,7.08,3.56,7.86,7.03,5.23,1,0.35,neutral,neutral,0,1.646,32,8178,1,
s27001,OPUSDT,1787265900000,train,1,3.33,0.616,3.76,3.65,1.64,2.98,1.58,1.52,2.1,1.76,0,0.35,neutral,alcista,0,0.463,32,8178,6,
s27002,TIAUSDT,1787265900000,train,1,2.06,0.561,2.75,2.19,1.06,1.71,0.63,1.33,1.69,1.5,0,0.35,neutral,neutral,0,0.92,32,8178,1,
s27003,ARUSDT,1787265900000,testB,1,3.61,0.568,4.07,4.07,1.3,3.26,2.1,1.97,2.71,2.26,0,0.35,neutral,alcista,0,0.458,32,8177,3,
s27004,GRTUSDT,1787265900000,testB,1,2.54,0.627,2.81,2.61,0.94,2.19,0.99,1.43,1.79,1.57,0,0.35,neutral,neutral,0,1.103,32,8177,1,
s27005,SANDUSDT,1787265900000,testB,1,2.19,0.399,3.43,2.39,1.04,1.84,0.47,1.37,1.74,1.47,0,0.35,neutral,neutral,0,1.346,32,8177,0,
s27006,0GUSDT,1787266800000,train,1,3.03,0.505,3.07,3.07,1.58,2.41,1.39,1.05,1.04,0.88,1,0.62,neutral,neutral,0,0.959,32,8179,1,
s27007,OPUSDT,1787266800000,train,1,3.73,0.643,4.67,4.18,2.28,3.11,2.03,1.58,2.12,1.79,0,0.62,neutral,alcista,0,0.313,32,8179,7,
s27008,TIAUSDT,1787266800000,train,1,2.32,0.591,2.73,2.68,0.86,1.7,1.08,1.24,1.65,1.44,0,0.62,neutral,alcista,0,0.772,32,8179,2,
s27009,PENDLEUSDT,1787266800000,train,1,2.25,0.545,4.09,3.52,1.76,1.63,2.03,1.13,1.65,2.66,0,0.62,neutral,alcista,0,0.769,32,8179,8,
s27010,FETUSDT,1787266800000,train,1,2.42,0.354,4.24,3.89,0.67,1.8,0.98,2.63,2.8,2.21,0,0.62,neutral,alcista,0,0.946,32,8178,3,
s27011,ARUSDT,1787266800000,testB,1,2.89,0.449,4.08,3.69,0.93,2.26,1.52,1.73,2.46,2.22,0,0.62,neutral,neutral,0,0.76,32,8178,0,
s27012,GRTUSDT,1787266800000,testB,1,2.39,0.614,2.74,2.54,0.56,1.77,1.07,1.18,1.67,1.57,0,0.62,neutral,alcista,0,1.211,32,8178,2,
s27013,SANDUSDT,1787266800000,testB,1,2.02,0.381,3.01,2.05,0.62,1.39,0.55,1.07,1.72,1.48,0,0.62,neutral,neutral,0,1.91,32,8178,1,
s27014,ASTERUSDT,1787267700000,train,1,2.11,0.585,2.61,2.4,0.64,1.26,0.86,2.71,4.08,7.53,0,0.85,neutral,neutral,0,0.531,32,8180,1,
s27015,0GUSDT,1787267700000,train,1,2.9,0.495,3.26,3.07,1.94,2.05,1.27,1.05,1.04,0.88,1,0.85,neutral,alcista,0,1.102,32,8180,2,
s27016,ARBUSDT,1787267700000,train,1,2.74,0.7,2.91,2.74,1.3,1.89,1.34,1.48,1.67,2.4,0,0.85,neutral,alcista,0,0.828,32,8180,2,
s27017,OPUSDT,1787267700000,train,1,4.54,0.719,5.02,4.78,2.25,3.68,2.43,1.58,2.12,1.79,0,0.85,neutral,alcista,0,0.156,32,8180,8,
s27018,TIAUSDT,1787267700000,train,1,2.77,0.633,3.21,3.1,1.04,1.91,1.34,1.24,1.65,1.44,0,0.85,neutral,alcista,0,0.495,32,8180,3,
s27019,SEIUSDT,1787267700000,train,1,2.32,0.683,2.82,2.41,0.74,1.47,1.0,1.34,1.58,1.68,0,0.85,neutral,alcista,0,1.19,32,8180,3,
s27020,PENDLEUSDT,1787267700000,train,1,3.15,0.712,4.29,4.07,2.17,2.3,2.41,1.13,1.65,2.66,0,0.85,neutral,alcista,0,0.643,32,8180,8,
s27021,ONDOUSDT,1787267700000,train,1,2.27,0.462,2.95,2.83,1.09,1.41,1.34,1.78,2.35,2.37,0,0.85,neutral,alcista,0,1.248,32,8179,2,
s27022,FETUSDT,1787267700000,train,1,4.25,0.678,4.56,4.43,0.72,3.4,1.38,2.63,2.8,2.21,0,0.85,neutral,alcista,0,0.687,32,8179,4,
s27023,ARUSDT,1787267700000,testB,1,3.15,0.508,4.09,3.55,1.12,2.3,1.3,1.73,2.46,2.22,0,0.85,neutral,neutral,0,0.847,32,8179,0,
s27024,GRTUSDT,1787267700000,testB,1,2.53,0.627,2.93,2.67,0.77,1.67,1.12,1.18,1.67,1.57,0,0.85,neutral,alcista,0,1.25,32,8179,3,
s27025,SANDUSDT,1787267700000,testB,1,2.2,0.402,2.91,2.38,0.69,1.35,0.91,1.07,1.72,1.48,0,0.85,neutral,alcista,0,1.577,32,8179,2,
s27026,ARBUSDT,1787268600000,train,1,2.08,0.587,2.55,2.24,1.09,1.53,1.07,1.48,1.67,2.4,0,0.55,neutral,neutral,0,1.373,32,8181,0,
s27027,OPUSDT,1787268600000,train,1,5.28,0.796,5.25,5.25,2.03,4.73,2.69,1.58,2.12,1.79,0,0.55,neutral,alcista,0,0.188,32,8181,8,
s27028,TIAUSDT,1787268600000,train,1,2.32,0.481,3.26,2.62,1.12,1.77,0.79,1.24,1.65,1.44,0,0.55,neutral,neutral,0,1.144,32,8181,0,
s27029,SEIUSDT,1787268600000,train,1,2.13,0.664,2.8,2.39,0.68,1.58,0.95,1.34,1.58,1.68,0,0.55,neutral,neutral,0,1.462,32,8181,0,
s27030,PENDLEUSDT,1787268600000,train,1,2.87,0.616,4.31,3.83,1.9,2.32,1.92,1.13,1.65,2.66,0,0.55,neutral,neutral,0,1.015,32,8181,0,
s27031,ARUSDT,1787268600000,testB,1,2.48,0.398,3.86,2.97,0.79,1.93,0.83,1.73,2.46,2.22,0,0.55,neutral,neutral,0,1.233,32,8180,0,
s27032,STXUSDT,1787268600000,testB,1,2.62,0.435,4.48,3.24,0.54,2.07,1.84,3.43,3.56,3.05,0,0.55,neutral,alcista,1,2.0,15,8180,5,
s27033,GRTUSDT,1787268600000,testB,1,2.12,0.508,2.87,2.34,0.74,1.57,0.8,1.18,1.67,1.57,0,0.55,neutral,neutral,1,2.0,32,8180,0,
s27034,SANDUSDT,1787268600000,testB,1,2.08,0.389,2.91,2.43,0.72,1.53,0.88,1.07,1.72,1.48,0,0.55,neutral,alcista,0,1.83,32,8180,3,
s27035,0GUSDT,1787269500000,train,1,3.73,0.483,3.72,3.66,1.45,3.25,1.93,1.05,1.04,0.88,1,0.48,neutral,neutral,0,1.017,32,8182,1,
s27036,OPUSDT,1787269500000,train,1,4.98,0.732,5.08,4.81,1.68,4.5,2.2,1.58,2.12,1.79,0,0.48,neutral,neutral,0,0.178,32,8182,0,
s27037,TIAUSDT,1787269500000,train,1,2.59,0.54,3.08,2.56,1.16,2.11,0.79,1.24,1.65,1.44,0,0.48,neutral,neutral,0,1.477,32,8182,1,
s27038,SEIUSDT,1787269500000,train,1,2.44,0.754,2.75,2.5,0.76,1.96,0.98,1.34,1.58,1.68,0,0.48,neutral,neutral,0,1.22,32,8182,1,
s27039,PENDLEUSDT,1787269500000,train,1,3.1,0.697,4.31,3.68,1.97,2.62,1.55,1.13,1.65,2.66,0,0.48,neutral,neutral,0,1.278,32,8182,0,
s27040,ONDOUSDT,1787269500000,train,1,2.39,0.469,3.07,2.56,1.21,1.91,0.92,1.78,2.35,2.37,0,0.48,neutral,neutral,1,2.0,32,8181,1,
s27041,ARUSDT,1787269500000,testB,1,2.49,0.398,3.82,2.58,0.68,2.01,0.39,1.73,2.46,2.22,0,0.48,neutral,neutral,0,1.769,32,8181,0,
s27042,STXUSDT,1787269500000,testB,1,3.62,0.573,4.46,3.84,0.63,3.14,2.22,3.43,3.56,3.05,0,0.48,neutral,alcista,1,2.0,17,8181,6,
s27043,GRTUSDT,1787269500000,testB,1,2.32,0.567,2.81,2.34,0.82,1.84,0.75,1.18,1.67,1.57,0,0.48,neutral,neutral,1,2.0,31,8181,1,
s27044,SANDUSDT,1787269500000,testB,1,2.27,0.439,2.84,2.27,0.69,1.79,0.68,1.07,1.72,1.48,0,0.48,neutral,neutral,1,2.0,31,8181,0,
s27045,ENAUSDT,1787270400000,train,1,6.23,0.379,8.88,7.01,0.9,5.14,2.55,7.39,7.05,5.75,1,1.1,neutral,neutral,1,2.0,29,8183,1,
s27046,OPUSDT,1787270400000,train,1,3.8,0.635,5.09,3.79,1.83,2.71,1.83,1.63,2.16,1.82,0,1.1,neutral,neutral,0,0.281,32,8183,0,
s27047,SEIUSDT,1787270400000,train,1,2.18,0.732,2.4,2.17,1.05,1.08,0.92,1.19,1.57,1.69,0,1.1,neutral,alcista,0,1.484,32,8183,2,
s27048,PENDLEUSDT,1787270400000,train,1,3.07,0.684,4.31,3.64,1.12,1.98,1.39,1.2,1.62,2.6,0,1.1,neutral,neutral,0,1.305,32,8183,0,
s27049,ONDOUSDT,1787270400000,train,1,2.79,0.508,3.0,2.86,1.44,1.7,1.29,1.67,2.4,2.46,0,1.1,neutral,alcista,0,1.657,32,8182,2,
s27050,ARUSDT,1787270400000,testB,1,2.69,0.417,3.51,2.67,0.71,1.6,0.77,1.97,2.51,2.35,0,1.1,neutral,neutral,0,1.704,32,8182,1,
s27051,STXUSDT,1787270400000,testB,1,5.41,0.691,5.53,5.33,1.4,4.31,3.53,4.17,3.92,3.3,1,1.1,neutral,alcista,0,1.316,32,8182,7,
s27052,GRTUSDT,1787270400000,testB,1,3.34,0.653,3.36,3.36,1.34,2.25,1.83,1.16,1.67,1.65,0,1.1,neutral,alcista,0,1.294,32,8182,2,
s27053,SANDUSDT,1787270400000,testB,1,2.94,0.504,3.47,2.88,2.24,1.85,1.56,1.28,1.89,1.59,0,1.1,neutral,neutral,0,1.323,32,8182,1,
s27054,MANAUSDT,1787270400000,testB,1,2.02,0.467,2.37,2.03,1.81,0.92,0.93,1.22,2.04,2.03,0,1.1,neutral,alcista,0,1.326,32,8182,2,
s27055,AXSUSDT,1787270400000,testB,1,2.07,0.469,4.94,2.2,5,0.97,1.11,3.1,2.67,2.15,1,1.1,neutral,neutral,0,1.277,32,8182,1,
s27056,XPLUSDT,1787271300000,train,1,3.24,0.356,4.53,3.96,1.21,2.0,1.23,1.45,2.27,1.99,0,1.24,neutral,neutral,1,2.0,28,8184,0,
s27057,ENAUSDT,1787271300000,train,1,8.37,0.498,8.79,7.99,0.87,7.13,3.22,7.39,7.05,5.75,1,1.24,neutral,alcista,0,1.789,32,8184,2,
s27058,OPUSDT,1787271300000,train,1,3.46,0.593,4.77,3.37,1.56,2.23,1.6,1.63,2.16,1.82,0,1.24,neutral,neutral,0,0.511,32,8184,0,
s27059,PENDLEUSDT,1787271300000,train,1,2.93,0.632,4.32,3.49,1.38,1.69,1.12,1.2,1.62,2.6,0,1.24,neutral,neutral,0,1.523,32,8184,0,
s27060,ONDOUSDT,1787271300000,train,1,2.06,0.387,3.15,2.42,1.81,0.83,0.88,1.67,2.4,2.46,0,1.24,neutral,neutral,1,2.0,29,8183,0,
s27061,STXUSDT,1787271300000,testB,1,4.19,0.472,5.59,4.3,1.58,2.96,2.17,4.17,3.92,3.3,1,1.24,neutral,neutral,1,2.0,15,8183,0,
s27062,GRTUSDT,1787271300000,testB,1,2.17,0.39,2.99,2.13,1.65,0.94,0.91,1.16,1.67,1.65,0,1.24,neutral,neutral,1,2.0,29,8183,0,
s27063,LDOUSDT,1787271300000,testB,1,2.01,0.411,3.52,2.91,1.19,0.77,1.35,0.84,1.33,1.66,0,1.24,neutral,neutral,0,1.111,32,8183,0,
s27064,SANDUSDT,1787271300000,testB,1,2.01,0.412,2.58,2.22,2.51,0.77,1.59,1.28,1.89,1.59,0,1.24,neutral,alcista,0,1.98,32,8183,2,
s27065,ASTERUSDT,1787272200000,train,1,2.32,0.478,2.7,2.64,2.18,1.04,2.04,2.09,3.96,7.55,0,1.28,neutral,alcista,0,-1.0,10,8185,3,
s27066,XPLUSDT,1787272200000,train,1,3.45,0.387,4.16,3.38,0.9,2.17,0.97,1.45,2.27,1.99,0,1.28,neutral,neutral,1,2.0,16,8185,0,
s27067,ENAUSDT,1787272200000,train,1,7.42,0.47,7.98,7.2,0.77,6.13,3.04,7.39,7.05,5.75,1,1.28,neutral,alcista,1,2.0,31,8185,3,
s27068,OPUSDT,1787272200000,train,1,2.53,0.406,4.63,2.57,1.47,1.24,0.85,1.63,2.16,1.82,0,1.28,neutral,neutral,0,1.201,32,8185,0,
s27069,PENDLEUSDT,1787272200000,train,1,3.01,0.659,4.5,3.38,1.67,1.72,0.95,1.2,1.62,2.6,0,1.28,neutral,neutral,0,1.637,32,8185,0,
s27070,STXUSDT,1787272200000,testB,1,3.4,0.381,5.62,3.9,1.62,2.12,1.63,4.17,3.92,3.3,1,1.28,neutral,neutral,1,2.0,14,8184,0,
s27071,ENAUSDT,1787273100000,train,1,7.29,0.47,8.07,7.91,0.87,5.85,3.89,7.39,7.05,5.75,1,1.44,neutral,alcista,1,2.0,31,8186,4,
s27072,OPUSDT,1787273100000,train,1,2.19,0.37,4.37,2.29,1.45,0.75,0.62,1.63,2.16,1.82,0,1.44,neutral,neutral,1,2.0,32,8186,0,
s27073,PENDLEUSDT,1787273100000,train,1,3.19,0.682,4.29,3.31,1.7,1.76,1.0,1.2,1.62,2.6,0,1.44,neutral,neutral,1,2.0,32,8186,1,
s27074,LDOUSDT,1787273100000,testB,1,2.26,0.466,3.39,2.42,1.16,0.82,0.8,0.84,1.33,1.66,0,1.44,neutral,neutral,1,2.0,32,8185,1,
s27075,OPUSDT,1787274000000,train,1,2.21,0.373,4.35,2.82,0.7,0.43,1.03,1.67,2.1,1.79,0,1.78,neutral,neutral,0,0.48,32,8187,1,
s27076,PENDLEUSDT,1787274000000,train,1,4.4,0.748,4.59,4.27,2.21,2.62,2.41,1.54,1.79,2.61,0,1.78,neutral,alcista,0,0.58,32,8187,2,
s27077,ARUSDT,1787274000000,testB,1,2.45,0.392,2.98,2.83,2.68,0.67,1.45,2.58,2.76,2.58,0,1.78,neutral,alcista,1,2.0,32,8186,3,
s27078,GRTUSDT,1787274000000,testB,1,2.1,0.449,2.99,2.19,1.44,0.32,0.66,1.39,1.71,1.72,0,1.78,neutral,neutral,1,2.0,27,8186,0,
s27079,LDOUSDT,1787274000000,testB,1,2.32,0.472,3.23,2.47,1.05,0.53,0.92,0.97,1.33,1.61,0,1.78,neutral,alcista,1,2.0,31,8186,2,
s27080,ENAUSDT,1787274900000,train,1,5.56,0.425,8.56,7.0,1.07,2.7,2.28,7.62,7.59,6.13,1,2.86,bull,neutral,1,2.0,28,8188,0,
s27081,OPUSDT,1787274900000,train,1,2.17,0.361,4.38,2.14,0.69,-0.69,0.26,1.67,2.1,1.79,0,2.86,bull,neutral,1,2.0,30,8188,0,
s27082,PENDLEUSDT,1787274900000,train,1,4.39,0.746,4.95,4.24,1.97,1.53,2.2,1.54,1.79,2.61,0,2.86,bull,neutral,0,0.55,32,8188,0,
s27083,ONDOUSDT,1787274900000,train,1,2.86,0.379,3.06,2.75,2.04,0.0,1.53,1.93,2.47,2.54,0,2.86,bull,alcista,1,2.0,30,8187,3,
s27084,FETUSDT,1787274900000,train,1,2.39,0.354,2.75,2.41,1.33,-0.47,1.22,1.79,2.89,2.36,0,2.86,bull,alcista,1,2.0,27,8187,3,
s27085,ARUSDT,1787274900000,testB,1,3.12,0.508,3.41,3.02,2.79,0.26,1.5,2.58,2.76,2.58,0,2.86,bull,alcista,0,0.597,32,8187,4,
s27086,STXUSDT,1787274900000,testB,1,4.59,0.43,4.86,4.53,0.75,1.73,2.49,4.67,4.12,3.43,1,2.86,bull,neutral,1,2.0,29,8187,1,
s27087,GRTUSDT,1787274900000,testB,1,2.03,0.441,2.72,1.93,1.02,-0.83,0.59,1.39,1.71,1.72,0,2.86,bull,neutral,1,2.0,25,8187,1,
s27088,LDOUSDT,1787274900000,testB,1,2.16,0.456,2.82,2.11,1.22,-0.7,0.96,0.97,1.33,1.61,0,2.86,bull,alcista,1,2.0,29,8187,3,
s27089,ASTERUSDT,1787275800000,train,1,2.22,0.38,3.04,2.32,1.87,-0.53,1.02,2.25,3.82,7.41,0,2.75,bull,alcista,0,-1.0,6,8189,2,
s27090,PENDLEUSDT,1787275800000,train,1,3.98,0.728,4.77,4.09,1.68,1.22,2.01,1.54,1.79,2.61,0,2.75,bull,neutral,0,0.852,32,8189,1,
s27091,ONDOUSDT,1787275800000,train,1,2.82,0.376,3.07,2.99,1.48,0.06,1.8,1.93,2.47,2.54,0,2.75,bull,alcista,0,1.407,32,8188,4,
s27092,ARUSDT,1787275800000,testB,1,3.95,0.568,4.14,3.95,2.36,1.2,2.4,2.58,2.76,2.58,0,2.75,bull,alcista,0,0.512,32,8188,5,
s27093,STXUSDT,1787275800000,testB,1,4.14,0.407,5.33,4.72,0.74,1.39,2.43,4.67,4.12,3.43,1,2.75,bull,alcista,1,2.0,28,8188,2,
s27094,STBLUSDT,1787276700000,train,-1,-2.33,0.395,2.46,2.42,1.49,-5.63,0.98,0.66,0.55,0.65,0,3.3,bull,bajista,0,-1.0,10,8190,2,train
s27095,ENAUSDT,1787276700000,train,1,6.93,0.527,7.97,6.77,1.27,3.63,3.1,7.62,7.59,6.13,1,3.3,bull,neutral,1,2.0,27,8190,0,
s27096,OPUSDT,1787276700000,train,1,2.3,0.377,3.89,2.58,0.59,-0.99,0.92,1.67,2.1,1.79,0,3.3,bull,alcista,0,1.234,32,8190,2,
s27097,SUIUSDT,1787276700000,train,1,2.0,0.398,2.98,2.92,1.32,-1.29,1.68,1.55,2.43,2.43,0,3.3,bull,alcista,1,2.0,27,8190,6,
s27098,PENDLEUSDT,1787276700000,train,1,4.04,0.731,6.08,4.17,2.16,0.74,1.83,1.54,1.79,2.61,0,3.3,bull,alcista,0,0.747,32,8190,2,
s27099,ONDOUSDT,1787276700000,train,1,3.32,0.416,3.66,3.6,1.74,0.03,2.19,1.93,2.47,2.54,0,3.3,bull,alcista,0,1.092,32,8189,5,
s27100,ARUSDT,1787276700000,testB,1,3.72,0.556,4.36,4.07,2.56,0.43,2.7,2.58,2.76,2.58,0,3.3,bull,alcista,0,0.353,32,8189,6,
s27101,STXUSDT,1787276700000,testB,1,5.42,0.49,6.07,5.67,0.79,2.12,3.17,4.67,4.12,3.43,1,3.3,bull,alcista,0,1.306,32,8189,3,
s27102,STBLUSDT,1787277600000,train,-1,-2.34,0.395,2.62,2.62,1.43,-5.48,1.25,0.6,0.56,0.68,0,3.14,bull,bajista,0,-1.0,9,8191,3,train
s27103,ENAUSDT,1787277600000,train,1,5.4,0.457,7.73,5.7,1.3,2.26,2.85,8.04,8.22,6.52,0,3.14,bull,neutral,1,2.0,23,8191,0,
s27104,PENDLEUSDT,1787277600000,train,1,4.19,0.738,5.71,4.11,1.56,1.05,1.93,1.76,1.82,2.44,0,3.14,bull,alcista,0,0.342,32,8191,3,
s27105,ARUSDT,1787277600000,testB,1,3.73,0.556,4.51,3.88,2.52,0.59,2.31,2.97,2.99,2.71,0,3.14,bull,neutral,0,0.346,32,8190,0,
s27106,STXUSDT,1787277600000,testB,1,6.6,0.54,7.18,6.92,1.22,3.46,4.02,5.69,4.29,3.74,1,3.14,bull,alcista,0,0.733,32,8190,4,
s27107,ENAUSDT,1787278500000,train,1,5.86,0.478,7.27,6.04,1.37,2.85,3.46,8.04,8.22,6.52,0,3.01,bull,neutral,1,2.0,25,8192,1,
s27108,SUIUSDT,1787278500000,train,1,2.17,0.398,2.98,2.66,1.29,-0.83,1.12,1.65,2.43,2.45,0,3.01,bull,neutral,1,2.0,24,8192,1,
s27109,PENDLEUSDT,1787278500000,train,1,4.87,0.767,5.62,4.92,1.24,1.86,2.51,1.76,1.82,2.44,0,3.01,bull,alcista,0,0.167,32,8192,4,
s27110,FETUSDT,1787278500000,train,1,2.94,0.396,3.27,3.27,1.39,-0.06,1.61,1.97,3.03,2.42,0,3.01,bull,alcista,1,2.0,25,8191,3,
s27111,ARUSDT,1787278500000,testB,1,2.53,0.362,4.3,2.95,2.38,-0.48,1.37,2.97,2.99,2.71,0,3.01,bull,neutral,0,0.705,32,8191,0,
s27112,STXUSDT,1787278500000,testB,1,7.35,0.627,7.83,6.98,1.25,4.34,3.6,5.69,4.29,3.74,1,3.01,bull,alcista,0,1.019,32,8191,5,
s27113,GRTUSDT,1787278500000,testB,1,2.08,0.477,2.76,2.3,1.88,-0.93,1.2,1.45,1.67,1.73,0,3.01,bull,neutral,1,2.0,25,8191,1,
s27114,LDOUSDT,1787278500000,testB,1,2.27,0.432,2.89,2.51,2.15,-0.73,1.05,1.13,1.38,1.6,0,3.01,bull,neutral,1,2.0,26,8191,1,
s27115,SANDUSDT,1787278500000,testB,1,2.07,0.417,2.6,2.15,0.8,-0.93,0.9,1.47,1.8,1.67,0,3.01,bull,neutral,1,2.0,25,8191,1,
s27116,XPLUSDT,1787279400000,train,1,4.41,0.481,5.1,4.22,1.68,1.61,2.18,2.26,2.57,2.23,0,2.8,bull,alcista,1,2.0,23,8193,3,
s27117,ENAUSDT,1787279400000,train,1,6.39,0.524,7.08,6.05,1.38,3.59,3.05,8.04,8.22,6.52,0,2.8,bull,alcista,1,2.0,24,8193,2,
s27118,SUIUSDT,1787279400000,train,1,2.51,0.478,2.73,2.46,1.28,-0.29,1.07,1.65,2.43,2.45,0,2.8,bull,alcista,1,2.0,23,8193,2,
s27119,PENDLEUSDT,1787279400000,train,1,3.71,0.601,4.79,3.61,1.21,0.91,1.82,1.76,1.82,2.44,0,2.8,bull,neutral,0,0.541,32,8193,0,
s27120,ONDOUSDT,1787279400000,train,1,2.72,0.384,3.95,2.81,1.36,-0.08,1.28,2.25,2.55,2.64,0,2.8,bull,neutral,0,1.382,32,8192,1,
s27121,FETUSDT,1787279400000,train,1,3.21,0.418,4.32,4.05,1.37,0.4,2.09,1.97,3.03,2.42,0,2.8,bull,alcista,1,2.0,25,8192,4,
s27122,STXUSDT,1787279400000,testB,1,6.53,0.585,7.12,6.13,1.76,3.73,3.15,5.69,4.29,3.74,1,2.8,bull,neutral,0,1.032,32,8192,0,
s27123,LDOUSDT,1787279400000,testB,1,2.18,0.408,2.69,2.2,1.62,-0.62,0.82,1.13,1.38,1.6,0,2.8,bull,neutral,1,2.0,25,8192,0,
s27124,XPLUSDT,1787280300000,train,1,3.78,0.446,5.22,4.76,1.48,1.36,2.65,2.26,2.57,2.23,0,2.43,bull,alcista,1,2.0,24,8194,4,
s27125,ENAUSDT,1787280300000,train,1,6.96,0.547,8.01,7.0,1.24,4.53,3.52,8.04,8.22,6.52,0,2.43,bull,alcista,1,2.0,24,8194,3,
s27126,PENDLEUSDT,1787280300000,train,1,2.93,0.439,4.68,2.86,0.98,0.51,1.05,1.76,1.82,2.44,0,2.43,bull,neutral,0,1.156,32,8194,0,
s27127,ONDOUSDT,1787280300000,train,1,4.06,0.488,4.63,4.01,1.26,1.63,2.24,2.25,2.55,2.64,0,2.43,bull,alcista,0,0.844,32,8193,2,
s27128,FETUSDT,1787280300000,train,1,3.34,0.429,4.65,4.31,1.37,0.91,2.16,1.97,3.03,2.42,0,2.43,bull,alcista,1,2.0,24,8193,5,
s27129,STXUSDT,1787280300000,testB,1,7.08,0.605,6.94,6.61,1.6,4.66,3.43,5.69,4.29,3.74,1,2.43,bull,neutral,0,1.02,32,8193,1,
s27130,AXSUSDT,1787280300000,testB,1,2.32,0.52,4.09,2.28,0.36,-0.11,0.92,3.29,2.63,2.2,1,2.43,bull,neutral,0,1.628,32,8193,1,
s27131,XPLUSDT,1787281200000,train,1,4.88,0.645,6.32,4.78,1.39,2.8,2.46,2.61,2.43,2.34,1,2.08,bull,alcista,1,2.0,23,8195,5,
s27132,PENDLEUSDT,1787281200000,train,1,2.22,0.373,4.16,2.7,0.95,0.13,1.24,1.96,1.64,2.34,0,2.08,bull,neutral,0,1.12,32,8195,1,
s27133,FETUSDT,1787281200000,train,1,3.41,0.434,4.77,4.44,1.35,1.33,2.13,2.12,2.98,2.43,0,2.08,bull,alcista,1,2.0,23,8194,6,
s27134,STXUSDT,1787281200000,testB,1,7.06,0.605,6.79,6.59,1.21,4.98,3.48,6.41,4.53,3.93,1,2.08,bull,alcista,0,1.01,32,8194,2,
s27135,SANDUSDT,1787281200000,testB,1,2.05,0.379,2.39,2.1,0.67,-0.03,0.89,1.42,1.64,1.67,0,2.08,bull,alcista,1,2.0,22,8194,2,
s27136,XPLUSDT,1787282100000,train,1,4.98,0.651,6.03,5.38,1.44,3.08,3.12,2.61,2.43,2.34,1,1.89,neutral,alcista,1,2.0,26,8196,6,
s27137,0GUSDT,1787282100000,train,1,3.01,0.369,4.32,3.77,1.77,1.11,2.4,1.51,1.29,1.03,1,1.89,neutral,alcista,0,1.177,32,8196,5,
s27138,ARUSDT,1787282100000,testB,1,2.46,0.403,4.28,3.37,0.68,0.57,1.1,3.24,2.94,2.79,1,1.89,neutral,neutral,0,0.6,32,8195,1,
s27139,STXUSDT,1787282100000,testB,1,6.81,0.598,6.89,6.44,1.11,4.91,3.42,6.41,4.53,3.93,1,1.89,neutral,alcista,0,1.242,32,8195,3,
s27140,XPLUSDT,1787283000000,train,1,4.58,0.634,6.48,5.8,1.49,2.45,3.04,2.61,2.43,2.34,1,2.13,bull,alcista,1,2.0,26,8197,7,
s27141,0GUSDT,1787283000000,train,1,3.4,0.435,4.51,3.6,1.9,1.27,2.02,1.51,1.29,1.03,1,2.13,bull,neutral,0,1.237,32,8197,0,
s27142,ENAUSDT,1787283000000,train,1,6.51,0.446,7.69,7.02,1.46,4.38,3.75,8.74,8.79,7.13,0,2.13,bull,alcista,1,2.0,21,8197,2,
s27143,PENDLEUSDT,1787283000000,train,1,2.72,0.459,4.13,3.49,0.85,0.59,1.65,1.96,1.64,2.34,0,2.13,bull,alcista,0,0.472,32,8197,3,
s27144,FETUSDT,1787283000000,train,1,3.08,0.431,4.82,3.46,0.98,0.95,0.76,2.12,2.98,2.43,0,2.13,bull,neutral,1,2.0,21,8196,0,
s27145,ARUSDT,1787283000000,testB,1,3.17,0.516,4.27,3.69,0.7,1.03,1.26,3.24,2.94,2.79,1,2.13,bull,alcista,0,0.247,32,8196,2,
s27146,STXUSDT,1787283000000,testB,1,5.72,0.522,6.39,5.61,1.0,3.59,2.76,6.41,4.53,3.93,1,2.13,bull,neutral,0,1.221,32,8196,0,
s27147,XPLUSDT,1787283900000,train,1,5.0,0.655,6.68,6.47,1.39,2.97,3.54,2.61,2.43,2.34,1,2.03,bull,alcista,1,2.0,26,8198,8,
s27148,ENAUSDT,1787283900000,train,1,7.27,0.498,7.67,7.32,1.52,5.23,3.5,8.74,8.79,7.13,0,2.03,bull,alcista,1,2.0,20,8198,3,
s27149,PENDLEUSDT,1787283900000,train,1,2.72,0.459,4.17,3.35,0.87,0.69,1.22,1.96,1.64,2.34,0,2.03,bull,neutral,0,0.392,32,8198,0,
s27150,ARUSDT,1787283900000,testB,1,2.88,0.446,4.29,3.09,0.66,0.85,0.62,3.24,2.94,2.79,1,2.03,bull,neutral,0,0.391,32,8197,0,
s27151,STXUSDT,1787283900000,testB,1,5.76,0.525,6.55,6.09,1.01,3.72,3.05,6.41,4.53,3.93,1,2.03,bull,neutral,0,0.883,32,8197,1,
s27152,XPLUSDT,1787284800000,train,1,4.76,0.603,7.04,6.03,0.98,2.89,2.66,2.9,2.35,2.4,0,1.87,neutral,neutral,1,2.0,24,8199,0,
s27153,0GUSDT,1787284800000,train,1,3.07,0.505,4.5,3.77,1.9,1.2,1.73,1.87,1.41,1.14,1,1.87,neutral,neutral,0,1.419,32,8199,1,
s27154,ENAUSDT,1787284800000,train,1,6.46,0.423,8.38,6.67,1.48,4.59,2.37,8.68,9.08,7.67,0,1.87,neutral,neutral,1,2.0,19,8199,0,
s27155,PENDLEUSDT,1787284800000,train,1,2.66,0.443,4.18,3.24,1.23,0.78,0.92,2.35,1.76,2.36,0,1.87,neutral,neutral,0,0.554,32,8199,0,
s27156,ARUSDT,1787284800000,testB,1,2.67,0.429,4.29,3.27,0.58,0.8,0.76,3.09,2.59,2.82,0,1.87,neutral,neutral,0,0.471,32,8198,1,
s27157,STXUSDT,1787284800000,testB,1,5.33,0.51,9.42,7.17,1.8,3.46,3.75,7.14,5.42,4.5,1,1.87,neutral,alcista,0,0.821,32,8198,2,
s27158,XPLUSDT,1787285700000,train,1,4.65,0.58,7.05,5.9,0.87,3.18,2.16,2.9,2.35,2.4,0,1.47,neutral,neutral,1,2.0,23,8200,0,
s27159,0GUSDT,1787285700000,train,1,2.32,0.359,4.53,3.24,2.28,0.84,1.13,1.87,1.41,1.14,1,1.47,neutral,neutral,1,2.0,31,8200,0,
s27160,ENAUSDT,1787285700000,train,1,6.3,0.419,8.01,7.21,1.32,4.82,3.09,8.68,9.08,7.67,0,1.47,neutral,neutral,1,2.0,18,8200,1,
s27161,PENDLEUSDT,1787285700000,train,1,2.35,0.372,4.03,2.64,1.35,0.88,0.46,2.35,1.76,2.36,0,1.47,neutral,neutral,0,0.877,32,8200,0,
s27162,ARUSDT,1787285700000,testB,1,2.57,0.406,4.29,3.13,0.49,1.1,0.6,3.09,2.59,2.82,0,1.47,neutral,neutral,0,0.508,32,8199,0,
s27163,STXUSDT,1787285700000,testB,1,6.96,0.699,9.37,7.59,1.74,5.48,3.7,7.14,5.42,4.5,1,1.47,neutral,alcista,0,0.496,32,8199,3,
s27164,XPLUSDT,1787286600000,train,1,6.61,0.692,7.69,7.43,0.81,4.9,3.43,2.9,2.35,2.4,0,1.7,neutral,neutral,0,1.136,32,8201,1,
s27165,PUMPUSDT,1787286600000,train,1,3.86,0.351,5.86,5.61,1.01,2.16,2.69,2.64,2.45,2.87,0,1.7,neutral,alcista,0,0.5,32,8201,5,
s27166,0GUSDT,1787286600000,train,1,3.71,0.522,4.85,4.18,2.34,2.0,1.71,1.87,1.41,1.14,1,1.7,neutral,neutral,0,1.217,32,8201,1,
s27167,ENAUSDT,1787286600000,train,1,5.78,0.373,7.3,5.88,1.05,4.08,2.41,8.68,9.08,7.67,0,1.7,neutral,neutral,1,2.0,17,8201,0,
s27168,ONDOUSDT,1787286600000,train,1,3.37,0.446,4.49,3.4,0.56,1.67,1.05,2.53,2.36,2.69,0,1.7,neutral,neutral,0,1.258,32,8200,1,
s27169,ARUSDT,1787286600000,testB,1,2.47,0.397,3.56,2.55,0.38,0.76,0.72,3.09,2.59,2.82,0,1.7,neutral,neutral,0,0.962,32,8200,1,
s27170,STXUSDT,1787286600000,testB,1,7.26,0.746,9.39,7.47,1.89,5.56,3.14,7.14,5.42,4.5,1,1.7,neutral,neutral,0,0.855,32,8200,0,
s27171,XPLUSDT,1787287500000,train,1,6.44,0.66,7.72,7.08,0.85,4.66,2.78,2.9,2.35,2.4,0,1.78,neutral,neutral,0,1.317,32,8202,0,
s27172,0GUSDT,1787287500000,train,1,3.58,0.496,4.86,3.95,1.98,1.81,1.46,1.87,1.41,1.14,1,1.78,neutral,neutral,0,1.277,32,8202,0,
s27173,SUIUSDT,1787287500000,train,1,2.7,0.539,2.81,2.8,1.21,0.92,1.69,1.9,1.98,2.51,0,1.78,neutral,alcista,1,2.0,16,8202,3,
s27174,SEIUSDT,1787287500000,train,1,2.08,0.549,2.37,2.24,0.75,0.3,0.84,1.36,1.42,1.76,0,1.78,neutral,alcista,1,2.0,24,8202,2,
s27175,ONDOUSDT,1787287500000,train,1,3.12,0.429,3.93,3.14,0.52,1.35,1.16,2.53,2.36,2.69,0,1.78,neutral,alcista,0,1.07,32,8201,2,
s27176,STXUSDT,1787287500000,testB,1,6.52,0.621,9.47,6.64,2.38,4.74,1.79,7.14,5.42,4.5,1,1.78,neutral,neutral,0,0.845,32,8201,0,
s27177,0GUSDT,1787288400000,train,1,2.9,0.365,4.79,2.82,1.89,1.12,0.35,1.92,1.47,1.18,1,1.79,neutral,neutral,1,2.0,15,8203,0,
s27178,ENAUSDT,1787288400000,train,1,6.85,0.44,7.76,7.65,0.98,5.06,3.65,9.56,9.63,8.55,0,1.79,neutral,alcista,0,1.468,32,8203,2,
s27179,SUIUSDT,1787288400000,train,1,2.6,0.53,3.12,2.81,1.21,0.81,1.57,2.34,2.12,2.72,0,1.79,neutral,alcista,1,2.0,15,8203,4,
s27180,STXUSDT,1787288400000,testB,1,7.37,0.699,9.31,6.87,1.25,5.59,2.12,7.91,5.85,4.82,1,1.79,neutral,neutral,0,0.729,32,8202,1,
s27181,XPLUSDT,1787289300000,train,1,4.71,0.407,6.88,4.74,0.97,4.09,1.24,3.06,2.33,2.48,0,0.62,neutral,neutral,1,2.0,18,8204,0,
s27182,SUIUSDT,1787289300000,train,1,2.64,0.534,3.02,2.7,1.29,2.01,1.59,2.34,2.12,2.72,0,0.62,neutral,alcista,1,2.0,14,8204,5,
s27183,XPLUSDT,1787290200000,train,1,4.88,0.418,6.49,5.46,0.85,4.16,2.15,3.06,2.33,2.48,0,0.72,neutral,neutral,1,2.0,18,8205,1,
s27184,SUIUSDT,1787290200000,train,1,4.06,0.639,4.21,4.12,2.04,3.33,2.98,2.34,2.12,2.72,0,0.72,neutral,alcista,0,0.89,32,8205,6,
s27185,STXUSDT,1787290200000,testB,1,4.86,0.507,7.2,4.57,1.31,4.13,1.69,7.91,5.85,4.82,1,0.72,neutral,neutral,0,1.254,32,8204,1,
s27186,XPLUSDT,1787291100000,train,1,5.21,0.449,6.49,5.57,0.84,4.77,2.1,3.06,2.33,2.48,0,0.44,neutral,alcista,1,2.0,17,8206,2,
s27187,STBLUSDT,1787291100000,train,1,2.39,0.438,2.95,2.8,0.59,1.95,0.95,0.6,0.58,0.71,0,0.44,neutral,alcista,0,0.143,32,8206,2,
s27188,ENAUSDT,1787291100000,train,1,7.85,0.424,7.98,7.85,1.36,7.41,4.82,9.56,9.63,8.55,0,0.44,neutral,neutral,0,1.4,32,8206,1,
s27189,SUIUSDT,1787291100000,train,1,2.75,0.484,4.35,3.81,2.3,2.31,2.38,2.34,2.12,2.72,0,0.44,neutral,neutral,0,1.171,32,8206,0,
s27190,STXUSDT,1787291100000,testB,1,4.74,0.504,6.31,4.59,0.94,4.3,2.41,7.91,5.85,4.82,1,0.44,neutral,alcista,0,1.25,32,8205,2,
s27191,XPLUSDT,1787292000000,train,1,5.14,0.446,6.13,5.27,0.79,4.6,1.81,3.28,2.39,2.56,0,0.54,neutral,alcista,1,2.0,16,8207,3,
s27192,STBLUSDT,1787292000000,train,1,2.84,0.559,3.28,2.84,1.14,2.3,0.88,0.81,0.69,0.75,0,0.54,neutral,alcista,0,-0.051,32,8207,3,
s27193,ENAUSDT,1787292000000,train,1,7.13,0.37,8.03,7.1,1.32,6.58,3.66,9.93,9.65,9.13,1,0.54,neutral,neutral,0,1.453,32,8207,0,
s27194,SUIUSDT,1787292000000,train,1,3.6,0.66,4.51,4.07,2.41,3.06,2.37,2.9,2.26,2.92,0,0.54,neutral,neutral,0,0.822,32,8207,1,
s27195,XPLUSDT,1787292900000,train,1,4.24,0.365,5.57,4.23,0.71,3.76,1.08,3.28,2.39,2.56,0,0.48,neutral,neutral,1,2.0,13,8208,0,
s27196,STBLUSDT,1787292900000,train,1,2.58,0.504,3.28,2.7,1.1,2.1,0.76,0.81,0.69,0.75,0,0.48,neutral,neutral,0,0.054,32,8208,0,
s27197,ENAUSDT,1787292900000,train,1,6.54,0.352,7.82,7.14,0.99,6.07,3.19,9.93,9.65,9.13,1,0.48,neutral,neutral,0,1.813,32,8208,1,
s27198,SUIUSDT,1787292900000,train,1,3.48,0.653,4.98,4.23,3.18,3.0,2.25,2.9,2.26,2.92,0,0.48,neutral,alcista,0,0.856,32,8208,2,
s27199,XPLUSDT,1787293800000,train,1,4.06,0.357,5.08,4.48,0.74,3.17,1.68,3.28,2.39,2.56,0,0.88,neutral,neutral,1,2.0,14,8209,1,
s27200,STBLUSDT,1787293800000,train,1,2.88,0.531,3.23,2.98,1.05,1.99,1.02,0.81,0.69,0.75,0,0.88,neutral,neutral,0,-0.085,32,8209,1,
s27201,SUIUSDT,1787293800000,train,1,3.16,0.57,4.99,3.98,2.31,2.27,1.67,2.9,2.26,2.92,0,0.88,neutral,neutral,0,0.909,32,8209,0,
s27202,STBLUSDT,1787294700000,train,1,2.44,0.493,3.75,2.78,2.77,0.82,1.54,0.81,0.69,0.75,0,1.62,neutral,alcista,0,-1.0,9,8210,2,
s27203,SUIUSDT,1787294700000,train,1,3.65,0.697,4.99,4.06,1.84,2.04,1.65,2.9,2.26,2.92,0,1.62,neutral,neutral,0,0.997,32,8210,1,
s27204,ASTERUSDT,1787295600000,train,1,2.99,0.493,3.67,3.27,1.59,0.96,1.41,5.13,3.82,6.09,0,2.04,bull,neutral,1,2.0,4,8211,1,
s27205,ARBUSDT,1787295600000,train,1,2.11,0.397,2.8,2.16,1.37,0.07,1.05,1.54,1.6,2.01,0,2.04,bull,neutral,1,2.0,7,8211,1,
s27206,INJUSDT,1787295600000,train,1,2.3,0.616,2.78,2.68,1.41,0.26,1.37,1.74,1.31,2.09,0,2.04,bull,alcista,0,1.085,32,8211,3,
s27207,SUIUSDT,1787295600000,train,1,4.12,0.754,4.8,4.2,1.54,2.08,1.75,3.38,2.48,3.11,0,2.04,bull,alcista,0,1.157,32,8211,2,
s27208,TIAUSDT,1787295600000,train,1,2.78,0.503,3.28,2.93,1.58,0.75,1.45,2.03,1.63,1.82,0,2.04,bull,alcista,1,2.0,17,8211,2,
s27209,GRTUSDT,1787295600000,testB,1,2.32,0.614,2.98,2.66,1.78,0.28,1.15,1.81,1.59,1.98,0,2.04,bull,alcista,1,2.0,7,8210,4,
s27210,ENAUSDT,1787296500000,train,1,8.17,0.485,8.6,7.72,1.07,5.75,3.75,10.24,9.9,9.81,1,2.42,bull,alcista,1,2.0,32,8212,3,
s27211,ARBUSDT,1787296500000,train,1,2.27,0.416,3.34,2.72,1.4,-0.15,1.5,1.54,1.6,2.01,0,2.42,bull,alcista,1,2.0,31,8212,2,
s27212,SUIUSDT,1787296500000,train,1,3.91,0.726,4.81,3.83,1.05,1.49,1.52,3.38,2.48,3.11,0,2.42,bull,neutral,0,1.132,32,8212,0,
s27213,TIAUSDT,1787296500000,train,1,2.69,0.479,3.22,2.65,1.5,0.27,1.27,2.03,1.63,1.82,0,2.42,bull,neutral,1,2.0,12,8212,0,
s27214,SEIUSDT,1787296500000,train,1,2.26,0.508,2.3,2.21,1.64,-0.16,1.3,1.68,1.53,1.87,0,2.42,bull,alcista,1,2.0,26,8212,3,
s27215,GRTUSDT,1787296500000,testB,1,2.58,0.639,3.23,2.65,2.89,0.16,1.45,1.81,1.59,1.98,0,2.42,bull,alcista,1,2.0,12,8211,5,
s27216,LDOUSDT,1787296500000,testB,1,2.39,0.648,2.5,2.47,1.53,-0.03,1.42,1.72,1.34,1.71,0,2.42,bull,alcista,1,2.0,12,8211,3,
s27217,SANDUSDT,1787296500000,testB,1,2.23,0.566,3.71,3.22,1.71,-0.19,1.53,1.65,1.54,1.89,0,2.42,bull,alcista,1,2.0,10,8211,2,
s27218,ASTERUSDT,1787297400000,train,1,2.7,0.37,3.59,3.4,1.94,0.11,1.67,5.13,3.82,6.09,0,2.59,bull,neutral,1,2.0,3,8213,1,
s27219,STBLUSDT,1787297400000,train,1,2.1,0.514,3.65,2.67,3.1,-0.49,0.99,0.81,0.74,0.69,1,2.59,bull,neutral,0,-1.0,6,8213,1,
s27220,ENAUSDT,1787297400000,train,1,6.64,0.438,7.79,7.31,1.0,4.05,3.62,10.24,9.9,9.81,1,2.59,bull,alcista,1,2.0,30,8213,4,
s27221,ARBUSDT,1787297400000,train,1,3.09,0.517,3.59,3.34,1.48,0.5,1.95,1.54,1.6,2.01,0,2.59,bull,alcista,0,1.412,32,8213,3,
s27222,OPUSDT,1787297400000,train,1,2.32,0.524,2.91,2.77,1.29,-0.27,1.39,1.57,1.64,1.99,0,2.59,bull,alcista,1,2.0,29,8213,4,
s27223,SUIUSDT,1787297400000,train,1,4.52,0.754,4.77,4.41,1.24,1.93,2.1,3.38,2.48,3.11,0,2.59,bull,neutral,0,0.962,32,8213,1,
s27224,TIAUSDT,1787297400000,train,1,3.15,0.519,3.47,3.42,1.71,0.56,2.0,2.03,1.63,1.82,0,2.59,bull,neutral,1,2.0,20,8213,1,
s27225,SEIUSDT,1787297400000,train,1,2.73,0.556,2.97,2.7,1.59,0.14,1.73,1.68,1.53,1.87,0,2.59,bull,alcista,0,1.631,32,8213,4,
s27226,JUPUSDT,1787297400000,train,1,2.19,0.438,2.24,2.24,1.21,-0.4,1.32,2.09,1.62,2.24,0,2.59,bull,neutral,1,2.0,16,8213,1,
s27227,ONDOUSDT,1787297400000,train,1,2.42,0.393,3.01,2.79,2.11,-0.17,1.73,2.42,2.19,2.88,0,2.59,bull,alcista,1,2.0,31,8212,5,
s27228,GRTUSDT,1787297400000,testB,1,3.84,0.744,3.83,3.7,3.0,1.25,2.41,1.81,1.59,1.98,0,2.59,bull,alcista,0,1.155,32,8212,6,
s27229,LDOUSDT,1787297400000,testB,1,2.3,0.629,3.02,2.27,2.71,-0.29,1.31,1.72,1.34,1.71,0,2.59,bull,neutral,1,2.0,5,8212,0,
s27230,SANDUSDT,1787297400000,testB,1,3.4,0.798,4.12,3.9,1.65,0.81,2.0,1.65,1.54,1.89,0,2.59,bull,alcista,0,1.157,32,8212,3,
s27231,MANAUSDT,1787297400000,testB,1,2.37,0.693,2.57,2.35,2.44,-0.23,1.44,1.69,1.51,2.0,0,2.59,bull,alcista,1,2.0,15,8212,3,
s27232,AXSUSDT,1787297400000,testB,1,2.58,0.828,2.65,2.52,1.81,-0.01,1.55,1.52,2.41,2.21,0,2.59,bull,alcista,0,1.136,32,8212,6,
s27233,APEUSDT,1787297400000,testB,1,2.5,0.579,2.73,2.58,3.92,-0.1,1.74,1.94,1.59,1.84,0,2.59,bull,alcista,0,1.057,32,8212,5,
s27234,ASTERUSDT,1787298300000,train,1,7.7,0.67,8.48,7.51,5,5.24,5.64,5.13,3.82,6.09,0,2.45,bull,alcista,0,0.253,32,8214,2,
s27235,STBLUSDT,1787298300000,train,1,2.29,0.534,3.64,2.85,0.81,-0.17,0.92,0.81,0.74,0.69,1,2.45,bull,alcista,0,-1.0,5,8214,2,
s27236,ARBUSDT,1787298300000,train,1,3.38,0.58,3.67,3.4,1.64,0.93,1.95,1.54,1.6,2.01,0,2.45,bull,alcista,0,1.204,32,8214,4,
s27237,INJUSDT,1787298300000,train,1,2.9,0.663,3.8,3.33,2.61,0.45,1.73,1.74,1.31,2.09,0,2.45,bull,alcista,0,0.491,32,8214,2,
s27238,SUIUSDT,1787298300000,train,1,4.37,0.712,4.81,4.22,1.34,1.92,1.72,3.38,2.48,3.11,0,2.45,bull,neutral,0,1.143,32,8214,0,
s27239,TIAUSDT,1787298300000,train,1,4.2,0.615,4.34,4.26,2.01,1.75,2.67,2.03,1.63,1.82,0,2.45,bull,alcista,1,2.0,28,8214,2,
s27240,SEIUSDT,1787298300000,train,1,2.51,0.487,2.98,2.44,1.96,0.05,1.34,1.68,1.53,1.87,0,2.45,bull,neutral,1,2.0,29,8214,0,
s27241,ONDOUSDT,1787298300000,train,1,2.8,0.429,3.64,3.16,2.48,0.35,2.07,2.42,2.19,2.88,0,2.45,bull,alcista,1,2.0,31,8213,6,
s27242,FETUSDT,1787298300000,train,1,3.62,0.461,4.61,4.22,4.05,1.17,2.21,2.37,2.12,2.76,0,2.45,bull,alcista,0,1.438,32,8213,2,
s27243,GRTUSDT,1787298300000,testB,1,4.17,0.759,4.06,4.0,2.76,1.71,2.63,1.81,1.59,1.98,0,2.45,bull,alcista,0,1.079,32,8213,7,
s27244,LDOUSDT,1787298300000,testB,1,2.49,0.649,2.98,2.75,2.95,0.04,1.71,1.72,1.34,1.71,0,2.45,bull,neutral,1,2.0,14,8213,1,
s27245,SANDUSDT,1787298300000,testB,1,3.76,0.814,4.32,4.32,1.48,1.31,2.18,1.65,1.54,1.89,0,2.45,bull,alcista,0,0.899,32,8213,4,
s27246,MANAUSDT,1787298300000,testB,1,2.55,0.72,2.57,2.5,1.8,0.1,1.46,1.69,1.51,2.0,0,2.45,bull,alcista,1,2.0,19,8213,4,
s27247,AXSUSDT,1787298300000,testB,1,2.91,0.844,2.92,2.87,1.87,0.46,1.86,1.52,2.41,2.21,0,2.45,bull,alcista,0,0.797,32,8213,7,
s27248,APEUSDT,1787298300000,testB,1,2.87,0.613,3.08,3.08,3.97,0.42,2.08,1.94,1.59,1.84,0,2.45,bull,alcista,0,0.524,32,8213,6,
s27249,0GUSDT,1787299200000,train,1,2.62,0.374,5.04,3.97,2.0,-0.12,2.22,2.37,1.77,1.35,1,2.74,bull,alcista,0,0.791,32,8215,6,
s27250,WLDUSDT,1787299200000,train,1,2.32,0.494,3.16,2.95,2.18,-0.42,1.55,1.81,1.57,1.71,0,2.74,bull,alcista,1,2.0,12,8215,5,
s27251,ENAUSDT,1787299200000,train,1,7.02,0.405,8.5,7.04,1.0,4.28,3.13,11.79,11.08,10.79,1,2.74,bull,neutral,1,2.0,28,8215,1,
s27252,ARBUSDT,1787299200000,train,1,2.8,0.439,3.69,2.87,1.75,0.06,1.19,1.95,1.81,2.07,0,2.74,bull,neutral,1,2.0,30,8215,0,
s27253,OPUSDT,1787299200000,train,1,2.13,0.466,2.66,2.2,1.66,-0.61,0.9,1.78,1.77,2.02,0,2.74,bull,neutral,1,2.0,25,8215,1,
s27254,INJUSDT,1787299200000,train,1,3.14,0.693,3.8,3.51,2.68,0.4,1.68,2.21,1.52,2.14,0,2.74,bull,alcista,0,0.407,32,8215,3,
s27255,SUIUSDT,1787299200000,train,1,4.72,0.727,4.8,4.55,1.64,1.99,1.86,4.28,2.98,3.28,0,2.74,bull,neutral,0,0.73,32,8215,1,
s27256,TIAUSDT,1787299200000,train,1,4.04,0.575,4.47,3.91,2.08,1.3,2.07,2.54,1.87,1.88,0,2.74,bull,neutral,1,2.0,25,8215,0,
s27257,SEIUSDT,1787299200000,train,1,2.36,0.473,2.95,2.62,2.04,-0.38,1.38,2.02,1.75,1.85,0,2.74,bull,neutral,0,1.381,32,8215,1,
s27258,JUPUSDT,1787299200000,train,1,2.66,0.468,3.1,2.59,2.09,-0.08,1.41,2.45,2.01,2.26,0,2.74,bull,neutral,1,2.0,14,8215,1,
s27259,ONDOUSDT,1787299200000,train,1,3.03,0.478,3.77,3.16,2.68,0.29,1.83,2.6,2.45,2.89,0,2.74,bull,neutral,1,2.0,30,8214,0,
s27260,FETUSDT,1787299200000,train,1,3.47,0.451,4.81,4.34,3.47,0.74,2.18,3.25,2.66,3.03,0,2.74,bull,alcista,0,1.212,32,8214,3,
s27261,GRTUSDT,1787299200000,testB,1,4.28,0.765,4.42,4.3,3.13,1.55,2.76,2.43,1.93,2.05,0,2.74,bull,alcista,0,0.853,32,8214,8,
s27262,LDOUSDT,1787299200000,testB,1,2.76,0.723,3.15,2.86,3.87,0.03,1.63,2.44,1.78,1.82,0,2.74,bull,alcista,1,2.0,13,8214,2,
s27263,SANDUSDT,1787299200000,testB,1,3.34,0.771,4.48,4.26,1.66,0.6,1.92,2.12,1.8,1.92,0,2.74,bull,neutral,0,0.877,32,8214,0,
s27264,MANAUSDT,1787299200000,testB,1,2.57,0.722,2.98,2.82,1.86,-0.17,1.77,2.41,1.96,2.17,0,2.74,bull,alcista,0,1.644,32,8214,5,
s27265,AXSUSDT,1787299200000,testB,1,2.49,0.733,3.01,2.69,1.83,-0.24,1.54,1.71,2.55,2.22,0,2.74,bull,neutral,0,0.799,32,8214,0,
s27266,APEUSDT,1787299200000,testB,1,2.34,0.477,3.17,2.73,3.68,-0.4,1.51,2.75,2.06,2.04,1,2.74,bull,neutral,0,0.459,32,8214,0,
s27267,XPLUSDT,1787300100000,train,1,5.87,0.403,5.95,5.76,1.49,2.61,3.68,3.96,3.17,2.91,1,3.26,bull,alcista,0,1.088,32,8216,6,
s27268,0GUSDT,1787300100000,train,1,3.91,0.542,5.0,4.65,2.23,0.65,2.68,2.37,1.77,1.35,1,3.26,bull,alcista,0,0.734,32,8216,7,
s27269,WLDUSDT,1787300100000,train,1,3.16,0.6,3.84,3.61,2.25,-0.1,1.97,1.81,1.57,1.71,0,3.26,bull,alcista,0,1.377,32,8216,6,
s27270,ARBUSDT,1787300100000,train,1,4.0,0.528,4.16,4.03,1.58,0.74,2.2,1.95,1.81,2.07,0,3.26,bull,neutral,0,1.058,32,8216,1,
s27271,OPUSDT,1787300100000,train,1,2.68,0.523,2.96,2.74,1.79,-0.58,1.28,1.78,1.77,2.02,0,3.26,bull,alcista,1,2.0,27,8216,2,
s27272,INJUSDT,1787300100000,train,1,4.57,0.783,4.76,4.47,2.36,1.31,2.76,2.21,1.52,2.14,0,3.26,bull,alcista,0,0.225,32,8216,4,
s27273,SUIUSDT,1787300100000,train,1,5.99,0.772,5.92,5.79,1.72,2.73,2.87,4.28,2.98,3.28,0,3.26,bull,alcista,0,0.548,32,8216,2,
s27274,TIAUSDT,1787300100000,train,1,3.54,0.545,4.03,3.86,2.06,0.28,2.16,2.54,1.87,1.88,0,3.26,bull,neutral,1,2.0,25,8216,1,
s27275,SEIUSDT,1787300100000,train,1,3.14,0.58,3.26,3.18,1.76,-0.12,1.75,2.02,1.75,1.85,0,3.26,bull,alcista,0,1.264,32,8216,2,
s27276,JUPUSDT,1787300100000,train,1,3.28,0.521,3.33,3.23,1.66,0.02,2.01,2.45,2.01,2.26,0,3.26,bull,alcista,1,2.0,18,8216,2,
s27277,PENDLEUSDT,1787300100000,train,1,2.9,0.457,4.27,3.93,1.3,-0.36,1.9,2.09,1.94,2.23,0,3.26,bull,alcista,0,0.414,32,8216,7,
s27278,ONDOUSDT,1787300100000,train,1,3.42,0.53,3.76,3.39,2.22,0.16,1.87,2.6,2.45,2.89,0,3.26,bull,neutral,1,2.0,30,8215,1,
s27279,FETUSDT,1787300100000,train,1,3.96,0.518,4.8,4.53,3.47,0.7,2.23,3.25,2.66,3.03,0,3.26,bull,alcista,0,1.478,32,8215,4,
s27280,ARUSDT,1787300100000,testB,1,3.91,0.704,4.27,4.13,3.01,0.65,2.9,2.53,2.81,3.03,0,3.26,bull,alcista,0,-0.506,32,8215,7,
s27281,GRTUSDT,1787300100000,testB,1,4.28,0.765,4.73,4.42,2.29,1.02,2.62,2.43,1.93,2.05,0,3.26,bull,alcista,0,1.114,32,8215,8,
s27282,LDOUSDT,1787300100000,testB,1,3.32,0.758,3.84,3.44,3.2,0.06,2.02,2.44,1.78,1.82,0,3.26,bull,alcista,0,0.934,32,8215,3,
s27283,SANDUSDT,1787300100000,testB,1,4.15,0.807,5.03,5.01,1.26,0.89,2.52,2.12,1.8,1.92,0,3.26,bull,neutral,0,0.779,32,8215,1,
s27284,MANAUSDT,1787300100000,testB,1,3.67,0.798,4.04,3.82,2.72,0.41,2.58,2.41,1.96,2.17,0,3.26,bull,alcista,0,1.06,32,8215,6,
s27285,AXSUSDT,1787300100000,testB,1,3.01,0.768,3.41,3.19,1.56,-0.25,1.9,1.71,2.55,2.22,0,3.26,bull,neutral,0,0.737,32,8215,1,
s27286,APEUSDT,1787300100000,testB,1,3.1,0.594,3.37,3.23,1.85,-0.16,1.85,2.75,2.06,2.04,1,3.26,bull,neutral,0,0.409,32,8215,1,
s27287,0GUSDT,1787301000000,train,1,3.27,0.5,5.1,4.99,3.22,-0.36,2.79,2.37,1.77,1.35,1,3.63,bull,alcista,0,0.682,32,8217,8,
s27288,WLDUSDT,1787301000000,train,1,3.5,0.625,4.24,4.19,2.01,-0.13,2.35,1.81,1.57,1.71,0,3.63,bull,alcista,0,0.957,32,8217,7,
s27289,ARBUSDT,1787301000000,train,1,4.31,0.547,4.91,4.55,1.63,0.68,2.52,1.95,1.81,2.07,0,3.63,bull,alcista,0,0.861,32,8217,2,
s27290,OPUSDT,1787301000000,train,1,3.07,0.558,3.57,3.4,1.77,-0.56,1.78,1.78,1.77,2.02,0,3.63,bull,alcista,0,1.532,32,8217,3,
s27291,INJUSDT,1787301000000,train,1,4.77,0.791,5.04,4.72,1.99,1.15,2.86,2.21,1.52,2.14,0,3.63,bull,alcista,0,0.089,32,8217,5,
s27292,SUIUSDT,1787301000000,train,1,6.09,0.776,6.01,5.79,1.36,2.46,3.07,4.28,2.98,3.28,0,3.63,bull,alcista,0,0.32,32,8217,3,
s27293,TIAUSDT,1787301000000,train,1,3.88,0.568,4.51,4.37,1.54,0.25,2.46,2.54,1.87,1.88,0,3.63,bull,alcista,1,2.0,25,8217,2,
s27294,SEIUSDT,1787301000000,train,1,3.15,0.582,3.45,3.28,1.5,-0.48,1.87,2.02,1.75,1.85,0,3.63,bull,alcista,0,1.04,32,8217,3,
s27295,JUPUSDT,1787301000000,train,1,3.79,0.557,4.15,3.95,1.89,0.16,2.6,2.45,2.01,2.26,0,3.63,bull,alcista,1,2.0,21,8217,3,
s27296,PENDLEUSDT,1787301000000,train,1,3.35,0.548,4.04,3.62,1.57,-0.28,1.81,2.09,1.94,2.23,0,3.63,bull,alcista,0,0.394,32,8217,8,
s27297,ONDOUSDT,1787301000000,train,1,2.93,0.493,3.75,3.62,1.63,-0.7,1.96,2.6,2.45,2.89,0,3.63,bull,alcista,1,2.0,30,8216,2,
s27298,FETUSDT,1787301000000,train,1,6.45,0.638,7.28,7.28,3.1,2.83,4.8,3.25,2.66,3.03,0,3.63,bull,alcista,0,0.482,32,8216,5,
s27299,ARUSDT,1787301000000,testB,1,3.23,0.545,4.48,3.64,3.06,-0.4,2.23,2.53,2.81,3.03,0,3.63,bull,neutral,0,-0.372,32,8216,0,
s27300,GRTUSDT,1787301000000,testB,1,5.07,0.794,5.14,5.01,1.97,1.44,3.04,2.43,1.93,2.05,0,3.63,bull,alcista,0,0.813,32,8216,8,
s27301,LDOUSDT,1787301000000,testB,1,4.26,0.801,4.31,4.11,2.11,0.63,2.64,2.44,1.78,1.82,0,3.63,bull,alcista,0,0.507,32,8216,4,
s27302,SANDUSDT,1787301000000,testB,1,6.08,0.912,6.63,6.55,1.42,2.46,3.78,2.12,1.8,1.92,0,3.63,bull,alcista,0,0.332,32,8216,2,
s27303,MANAUSDT,1787301000000,testB,1,4.35,0.846,4.55,4.37,2.81,0.72,2.87,2.41,1.96,2.17,0,3.63,bull,alcista,0,0.842,32,8216,7,
s27304,AXSUSDT,1787301000000,testB,1,3.67,0.813,3.92,3.78,1.29,0.04,2.26,1.71,2.55,2.22,0,3.63,bull,alcista,0,0.474,32,8216,2,
s27305,APEUSDT,1787301000000,testB,1,4.0,0.654,4.42,4.28,1.95,0.37,2.66,2.75,2.06,2.04,1,3.63,bull,alcista,0,0.186,32,8216,2,
s27306,XPLUSDT,1787301900000,train,1,6.62,0.402,7.57,7.36,1.9,0.92,4.91,3.96,3.17,2.91,1,5.71,bull,neutral,0,0.67,32,8218,1,
s27307,0GUSDT,1787301900000,train,1,4.49,0.617,5.98,5.87,4.02,-1.21,3.32,2.37,1.77,1.35,1,5.71,bull,alcista,0,0.416,32,8218,8,
s27308,WLDUSDT,1787301900000,train,1,5.92,0.753,6.71,6.3,1.65,0.22,4.26,1.81,1.57,1.71,0,5.71,bull,alcista,0,0.194,32,8218,8,
s27309,ARBUSDT,1787301900000,train,1,6.67,0.652,7.2,6.82,2.3,0.96,4.51,1.95,1.81,2.07,0,5.71,bull,alcista,0,0.116,32,8218,3,
s27310,OPUSDT,1787301900000,train,1,4.01,0.624,5.02,4.8,1.93,-1.7,2.98,1.78,1.77,2.02,0,5.71,bull,alcista,0,0.583,32,8218,4,
s27311,INJUSDT,1787301900000,train,1,4.95,0.797,5.62,5.14,1.53,-0.76,2.99,2.21,1.52,2.14,0,5.71,bull,alcista,0,-0.039,32,8218,6,
s27312,SUIUSDT,1787301900000,train,1,7.34,0.808,7.67,7.48,1.55,1.63,4.89,4.28,2.98,3.28,0,5.71,bull,alcista,0,-0.044,32,8218,4,
s27313,TIAUSDT,1787301900000,train,1,5.08,0.633,5.8,5.63,1.77,-0.62,3.48,2.54,1.87,1.88,0,5.71,bull,alcista,0,1.351,32,8218,3,
s27314,SEIUSDT,1787301900000,train,1,3.89,0.632,4.48,4.31,1.69,-1.82,2.63,2.02,1.75,1.85,0,5.71,bull,alcista,0,0.49,32,8218,4,
s27315,JUPUSDT,1787301900000,train,1,4.97,0.623,5.52,5.27,2.72,-0.74,3.66,2.45,2.01,2.26,0,5.71,bull,alcista,0,0.692,32,8218,4,
s27316,PENDLEUSDT,1787301900000,train,1,4.39,0.614,5.11,4.94,2.36,-1.32,2.93,2.09,1.94,2.23,0,5.71,bull,alcista,0,-0.011,32,8218,8,
s27317,ONDOUSDT,1787301900000,train,1,4.15,0.58,5.16,5.03,1.87,-1.56,3.16,2.6,2.45,2.89,0,5.71,bull,alcista,0,0.672,32,8217,3,
s27318,ARUSDT,1787301900000,testB,1,4.19,0.635,4.49,4.4,3.19,-1.51,2.72,2.53,2.81,3.03,0,5.71,bull,neutral,0,-0.516,32,8217,1,
s27319,STXUSDT,1787301900000,testB,1,5.67,0.518,6.65,6.22,1.08,-0.04,3.58,7.06,6.66,5.17,1,5.71,bull,alcista,0,0.422,32,8217,3,
s27320,GRTUSDT,1787301900000,testB,1,6.71,0.836,6.84,6.59,2.27,1.0,4.27,2.43,1.93,2.05,0,5.71,bull,alcista,0,0.271,32,8217,8,
s27321,LDOUSDT,1787301900000,testB,1,5.61,0.842,6.23,5.7,2.85,-0.09,4.04,2.44,1.78,1.82,0,5.71,bull,alcista,0,0.097,32,8217,5,
s27322,SANDUSDT,1787301900000,testB,1,7.22,0.925,8.04,7.75,1.74,1.52,4.57,2.12,1.8,1.92,0,5.71,bull,alcista,0,0.035,32,8217,3,
s27323,MANAUSDT,1787301900000,testB,1,5.05,0.865,5.6,5.12,3.58,-0.66,3.25,2.41,1.96,2.17,0,5.71,bull,alcista,0,0.493,32,8217,8,
s27324,AXSUSDT,1787301900000,testB,1,5.12,0.889,5.19,5.0,1.74,-0.59,3.2,1.71,2.55,2.22,0,5.71,bull,alcista,0,-0.027,32,8217,3,
s27325,APEUSDT,1787301900000,testB,1,5.28,0.714,5.94,5.51,2.8,-0.43,3.58,2.75,2.06,2.04,1,5.71,bull,alcista,0,-0.169,32,8217,3,
s27326,0GUSDT,1787302800000,train,1,3.44,0.406,6.11,3.91,2.27,-0.01,1.17,2.66,2.08,1.48,1,3.45,bull,neutral,0,1.167,32,8219,0,
s27327,ARBUSDT,1787302800000,train,1,4.45,0.376,7.26,5.03,2.77,1.0,2.36,2.39,2.07,2.16,0,3.45,bull,neutral,0,0.479,32,8219,0,
s27328,TIAUSDT,1787302800000,train,1,3.57,0.372,5.91,3.86,2.88,0.12,1.31,3.15,2.27,2.04,1,3.45,bull,neutral,1,2.0,22,8219,0,
s27329,GRTUSDT,1787302800000,testB,1,5.12,0.542,7.0,5.25,2.73,1.68,2.5,3.24,2.35,2.16,1,3.45,bull,neutral,0,0.714,32,8218,0,
s27330,LDOUSDT,1787302800000,testB,1,4.31,0.592,6.17,4.72,2.73,0.86,2.78,3.4,2.3,2.01,1,3.45,bull,neutral,0,0.331,32,8218,0,
s27331,SANDUSDT,1787302800000,testB,1,5.47,0.571,7.58,5.51,2.2,2.02,2.47,2.99,2.22,2.08,1,3.45,bull,neutral,0,0.37,32,8218,0,
s27332,MANAUSDT,1787302800000,testB,1,3.53,0.479,5.63,3.64,4.41,0.08,1.56,3.42,2.49,2.39,1,3.45,bull,neutral,0,1.049,32,8218,0,
s27333,AXSUSDT,1787302800000,testB,1,3.22,0.425,5.28,3.3,3.08,-0.23,1.24,2.36,2.95,2.33,0,3.45,bull,neutral,0,0.527,32,8218,0,
s27334,APEUSDT,1787302800000,testB,1,3.54,0.388,6.05,3.86,3.68,0.1,1.66,4.03,2.74,2.34,1,3.45,bull,neutral,0,0.302,32,8218,0,
s27335,0GUSDT,1787303700000,train,1,3.81,0.443,5.8,3.85,2.38,0.42,1.14,2.66,2.08,1.48,1,3.38,bull,neutral,0,0.831,32,8220,1,
s27336,ARBUSDT,1787303700000,train,1,4.9,0.426,7.22,4.73,2.42,1.52,1.86,2.39,2.07,2.16,0,3.38,bull,neutral,0,0.468,32,8220,0,
s27337,TIAUSDT,1787303700000,train,1,4.13,0.428,5.89,4.13,2.19,0.74,1.41,3.15,2.27,2.04,1,3.38,bull,neutral,1,2.0,22,8220,1,
s27338,SEIUSDT,1787303700000,train,1,2.79,0.354,4.25,2.78,2.5,-0.6,1.09,2.65,2.1,1.92,1,3.38,bull,neutral,0,1.103,32,8220,1,
s27339,GRTUSDT,1787303700000,testB,1,5.66,0.589,6.85,5.42,2.55,2.28,2.54,3.24,2.35,2.16,1,3.38,bull,neutral,0,0.747,32,8219,1,
s27340,LDOUSDT,1787303700000,testB,1,4.68,0.667,6.09,4.66,2.74,1.29,2.53,3.4,2.3,2.01,1,3.38,bull,neutral,0,0.138,32,8219,0,
s27341,SANDUSDT,1787303700000,testB,1,6.06,0.598,7.42,5.88,2.44,2.67,2.75,2.99,2.22,2.08,1,3.38,bull,neutral,0,0.123,32,8219,1,
s27342,MANAUSDT,1787303700000,testB,1,3.77,0.499,5.45,3.67,2.48,0.38,1.61,3.42,2.49,2.39,1,3.38,bull,neutral,0,0.756,32,8219,1,
s27343,AXSUSDT,1787303700000,testB,1,3.19,0.419,5.29,3.26,3.29,-0.2,1.09,2.36,2.95,2.33,0,3.38,bull,neutral,0,0.549,32,8219,0,
s27344,APEUSDT,1787303700000,testB,1,4.08,0.443,5.81,3.92,4.02,0.7,1.73,4.03,2.74,2.34,1,3.38,bull,neutral,0,0.148,32,8219,1,
s27345,0GUSDT,1787304600000,train,1,4.12,0.462,5.66,4.01,2.19,0.22,1.34,2.66,2.08,1.48,1,3.89,bull,alcista,0,0.706,32,8221,2,
s27346,WLDUSDT,1787304600000,train,1,5.65,0.402,6.72,6.11,3.25,1.76,3.44,2.73,2.06,1.89,1,3.89,bull,alcista,0,0.046,32,8221,2,
s27347,ARBUSDT,1787304600000,train,1,5.18,0.441,6.55,4.94,2.34,1.28,2.46,2.39,2.07,2.16,0,3.89,bull,neutral,0,0.324,32,8221,1,
s27348,OPUSDT,1787304600000,train,1,3.75,0.361,4.36,3.63,2.36,-0.14,2.0,2.34,2.1,2.15,0,3.89,bull,alcista,0,0.801,32,8221,2,
s27349,TIAUSDT,1787304600000,train,1,6.18,0.529,6.04,5.85,2.19,2.29,3.24,3.15,2.27,2.04,1,3.89,bull,alcista,0,1.051,32,8221,2,
s27350,SEIUSDT,1787304600000,train,1,3.45,0.406,4.12,3.64,2.36,-0.44,1.84,2.65,2.1,1.92,1,3.89,bull,alcista,0,0.641,32,8221,2,
s27351,GRTUSDT,1787304600000,testB,1,6.36,0.618,6.47,6.1,2.38,2.47,3.26,3.24,2.35,2.16,1,3.89,bull,alcista,0,0.545,32,8220,2,
s27352,LDOUSDT,1787304600000,testB,1,5.64,0.717,6.04,5.48,2.56,1.75,3.02,3.4,2.3,2.01,1,3.89,bull,neutral,0,0.0,32,8220,1,
s27353,SANDUSDT,1787304600000,testB,1,8.15,0.668,7.87,7.6,2.25,4.26,4.64,2.99,2.22,2.08,1,3.89,bull,alcista,0,-0.244,32,8220,2,
s27354,MANAUSDT,1787304600000,testB,1,4.98,0.568,5.29,4.78,2.28,1.08,2.6,3.42,2.49,2.39,1,3.89,bull,alcista,0,0.32,32,8220,2,
s27355,AXSUSDT,1787304600000,testB,1,3.9,0.47,4.97,3.92,3.12,0.0,1.88,2.36,2.95,2.33,0,3.89,bull,neutral,0,0.207,32,8220,1,
s27356,APEUSDT,1787304600000,testB,1,4.44,0.465,5.55,4.47,3.34,0.55,2.29,4.03,2.74,2.34,1,3.89,bull,alcista,0,-0.032,32,8220,2,
s27357,0GUSDT,1787305500000,train,1,4.39,0.48,5.2,4.56,2.09,1.12,2.26,2.66,2.08,1.48,1,3.27,bull,alcista,0,0.423,32,8222,3,
s27358,WLDUSDT,1787305500000,train,1,5.85,0.412,7.09,6.94,2.78,2.58,3.94,2.73,2.06,1.89,1,3.27,bull,alcista,0,-0.073,32,8222,3,
s27359,ARBUSDT,1787305500000,train,1,4.37,0.394,6.37,4.68,1.53,1.1,2.1,2.39,2.07,2.16,0,3.27,bull,neutral,0,0.501,32,8222,0,
s27360,TIAUSDT,1787305500000,train,1,5.48,0.49,6.1,5.5,1.73,2.21,2.88,3.15,2.27,2.04,1,3.27,bull,neutral,0,1.119,32,8222,0,
s27361,SEIUSDT,1787305500000,train,1,3.15,0.385,4.12,3.69,1.93,-0.12,1.69,2.65,2.1,1.92,1,3.27,bull,alcista,0,0.675,32,8222,3,
s27362,GRTUSDT,1787305500000,testB,1,5.68,0.576,6.3,5.8,1.82,2.4,2.81,3.24,2.35,2.16,1,3.27,bull,neutral,0,0.489,32,8221,0,
s27363,LDOUSDT,1787305500000,testB,1,4.61,0.556,6.08,4.82,1.88,1.34,2.04,3.4,2.3,2.01,1,3.27,bull,neutral,0,0.266,32,8221,0,
s27364,SANDUSDT,1787305500000,testB,1,6.22,0.493,7.54,5.98,2.2,2.94,3.16,2.99,2.22,2.08,1,3.27,bull,neutral,0,-0.063,32,8221,0,
s27365,MANAUSDT,1787305500000,testB,1,3.69,0.402,5.21,3.86,1.99,0.42,1.58,3.42,2.49,2.39,1,3.27,bull,neutral,0,0.747,32,8221,0,
s27366,APEUSDT,1787305500000,testB,1,3.83,0.395,5.57,4.12,2.09,0.56,1.74,4.03,2.74,2.34,1,3.27,bull,neutral,0,0.088,32,8221,0,
s27367,0GUSDT,1787306400000,train,1,3.83,0.417,5.21,4.28,1.14,0.14,1.79,2.41,2.15,1.53,1,3.69,bull,neutral,0,0.562,32,8223,0,
s27368,TIAUSDT,1787306400000,train,1,5.89,0.509,6.32,6.22,0.81,2.2,3.34,3.33,2.43,2.1,1,3.69,bull,neutral,0,0.921,32,8223,1,
s27369,SEIUSDT,1787306400000,train,1,3.35,0.399,4.11,3.87,1.05,-0.34,1.75,2.93,2.17,1.97,1,3.69,bull,alcista,0,0.652,32,8223,4,
s27370,GRTUSDT,1787306400000,testB,1,6.75,0.673,6.32,6.26,0.96,3.06,3.08,3.77,2.65,2.29,1,3.69,bull,neutral,0,0.549,32,8222,1,
s27371,LDOUSDT,1787306400000,testB,1,4.78,0.566,6.06,5.03,0.92,1.09,2.09,3.86,2.54,2.11,1,3.69,bull,neutral,0,0.409,32,8222,1,
s27372,SANDUSDT,1787306400000,testB,1,6.74,0.514,7.48,6.67,1.33,3.05,3.53,3.37,2.4,2.14,1,3.69,bull,neutral,0,-0.107,32,8222,1,
s27373,MANAUSDT,1787306400000,testB,1,4.53,0.468,5.18,4.45,1.36,0.84,2.0,3.9,2.77,2.51,1,3.69,bull,neutral,0,0.477,32,8222,1,
s27374,AXSUSDT,1787306400000,testB,1,3.34,0.379,4.92,3.49,0.92,-0.35,1.24,2.57,3.07,2.31,0,3.69,bull,neutral,0,0.399,32,8222,1,
s27375,APEUSDT,1787306400000,testB,1,3.98,0.417,5.57,4.12,0.96,0.3,1.61,4.21,2.86,2.36,1,3.69,bull,neutral,0,0.193,32,8222,0,
s27376,ASTERUSDT,1787307300000,train,1,6.94,0.354,9.79,7.12,0.83,3.47,2.56,13.84,8.57,7.69,1,3.46,bull,alcista,0,-0.439,32,8224,2,
s27377,0GUSDT,1787307300000,train,1,3.9,0.427,5.21,4.28,0.93,0.43,1.62,2.41,2.15,1.53,1,3.46,bull,neutral,0,0.658,32,8224,0,
s27378,TIAUSDT,1787307300000,train,1,6.18,0.521,6.47,6.41,0.84,2.71,3.29,3.33,2.43,2.1,1,3.46,bull,alcista,0,0.768,32,8224,2,
s27379,SEIUSDT,1787307300000,train,1,3.4,0.403,4.37,3.94,0.97,-0.07,1.59,2.93,2.17,1.97,1,3.46,bull,alcista,0,0.63,32,8224,5,
s27380,GRTUSDT,1787307300000,testB,1,6.74,0.673,6.68,6.37,0.88,3.27,2.9,3.77,2.65,2.29,1,3.46,bull,alcista,0,0.51,32,8223,2,
s27381,LDOUSDT,1787307300000,testB,1,4.87,0.582,6.68,5.01,1.03,1.41,1.87,3.86,2.54,2.11,1,3.46,bull,neutral,0,0.517,32,8223,0,
s27382,SANDUSDT,1787307300000,testB,1,5.44,0.381,7.55,5.56,1.36,1.97,2.06,3.37,2.4,2.14,1,3.46,bull,neutral,0,0.027,32,8223,0,
s27383,MANAUSDT,1787307300000,testB,1,4.61,0.473,5.17,4.63,1.16,1.14,1.97,3.9,2.77,2.51,1,3.46,bull,alcista,0,0.357,32,8223,2,
s27384,APEUSDT,1787307300000,testB,1,4.07,0.429,5.5,3.91,0.55,0.6,1.26,4.21,2.86,2.36,1,3.46,bull,neutral,0,0.278,32,8223,0,
s27385,ASTERUSDT,1787308200000,train,1,7.57,0.376,9.7,7.98,0.51,4.29,3.08,13.84,8.57,7.69,1,3.29,bull,alcista,0,-0.658,32,8225,3,
s27386,0GUSDT,1787308200000,train,1,4.33,0.47,5.08,4.38,0.81,1.04,1.58,2.41,2.15,1.53,1,3.29,bull,neutral,0,0.373,32,8225,1,
s27387,WLDUSDT,1787308200000,train,1,6.3,0.385,7.85,6.68,1.1,3.01,2.74,2.96,2.23,1.98,1,3.29,bull,neutral,0,-0.356,32,8225,1,
s27388,TIAUSDT,1787308200000,train,1,6.31,0.535,6.4,6.13,0.76,3.03,2.69,3.33,2.43,2.1,1,3.29,bull,neutral,0,0.628,32,8225,0,
s27389,SEIUSDT,1787308200000,train,1,4.0,0.504,4.35,3.94,0.94,0.72,1.41,2.93,2.17,1.97,1,3.29,bull,neutral,0,0.37,32,8225,0,
s27390,GRTUSDT,1787308200000,testB,1,6.59,0.669,6.73,6.49,0.86,3.3,2.66,3.77,2.65,2.29,1,3.29,bull,alcista,0,0.283,32,8224,3,
s27391,LDOUSDT,1787308200000,testB,1,4.58,0.529,6.7,4.74,0.93,1.29,1.39,3.86,2.54,2.11,1,3.29,bull,neutral,0,0.212,32,8224,0,
s27392,MANAUSDT,1787308200000,testB,1,4.55,0.47,5.17,4.71,1.11,1.26,1.8,3.9,2.77,2.51,1,3.29,bull,alcista,0,0.211,32,8224,3,
s27393,0GUSDT,1787309100000,train,1,4.32,0.47,5.08,4.43,0.62,1.43,1.55,2.41,2.15,1.53,1,2.9,bull,alcista,0,0.158,32,8226,2,
s27394,WLDUSDT,1787309100000,train,1,6.7,0.402,7.19,6.36,0.87,3.81,2.81,2.96,2.23,1.98,1,2.9,bull,alcista,0,-0.552,32,8226,2,
s27395,ARBUSDT,1787309100000,train,1,4.24,0.359,6.07,4.18,0.61,1.35,1.23,2.58,2.13,2.04,1,2.9,bull,alcista,0,0.272,32,8226,2,
s27396,TIAUSDT,1787309100000,train,1,5.53,0.494,5.97,5.48,0.65,2.63,2.28,3.33,2.43,2.1,1,2.9,bull,neutral,0,0.54,32,8226,0,
s27397,SEIUSDT,1787309100000,train,1,4.21,0.518,4.26,4.09,0.81,1.32,1.78,2.93,2.17,1.97,1,2.9,bull,neutral,0,0.217,32,8226,1,
s27398,GRTUSDT,1787309100000,testB,1,6.5,0.667,6.83,6.22,0.94,3.6,2.74,3.77,2.65,2.29,1,2.9,bull,alcista,0,0.186,32,8225,4,
s27399,LDOUSDT,1787309100000,testB,1,5.57,0.577,6.47,5.5,0.72,2.68,2.14,3.86,2.54,2.11,1,2.9,bull,neutral,0,-0.02,32,8225,1,
s27400,MANAUSDT,1787309100000,testB,1,5.1,0.513,5.18,4.88,0.77,2.21,1.99,3.9,2.77,2.51,1,2.9,bull,alcista,0,0.025,32,8225,4,
s27401,AXSUSDT,1787309100000,testB,1,3.45,0.375,4.25,3.46,0.61,0.56,1.45,2.57,3.07,2.31,0,2.9,bull,alcista,0,-0.049,32,8225,2,
s27402,APEUSDT,1787309100000,testB,1,3.38,0.354,5.22,3.41,0.36,0.48,0.85,4.21,2.86,2.36,1,2.9,bull,neutral,0,0.0,32,8225,1,
s27403,0GUSDT,1787310000000,train,1,3.83,0.396,4.81,3.69,0.59,1.71,0.98,2.52,2.26,1.61,1,2.12,bull,neutral,0,0.365,32,8227,0,
s27404,WLDUSDT,1787310000000,train,1,8.02,0.448,7.85,7.58,0.84,5.9,4.35,3.38,2.47,2.11,1,2.12,bull,alcista,0,-0.611,32,8227,3,
s27405,TIAUSDT,1787310000000,train,1,5.24,0.482,5.85,5.47,0.88,3.12,2.3,4.17,2.85,2.28,1,2.12,bull,neutral,0,0.51,32,8227,1,
s27406,SEIUSDT,1787310000000,train,1,3.77,0.491,3.93,3.65,0.76,1.65,1.64,3.27,2.38,2.04,1,2.12,bull,alcista,0,0.118,32,8227,2,
s27407,FETUSDT,1787310000000,train,1,8.05,0.484,8.88,7.64,0.63,5.93,2.71,5.38,3.77,3.51,1,2.12,bull,neutral,0,-0.089,32,8226,0,
s27408,GRTUSDT,1787310000000,testB,1,5.96,0.622,6.48,5.68,0.88,3.84,2.28,4.38,2.97,2.38,1,2.12,bull,neutral,0,0.312,32,8226,0,
s27409,LDOUSDT,1787310000000,testB,1,5.72,0.585,5.8,5.44,0.7,3.6,2.51,4.32,2.85,2.23,1,2.12,bull,alcista,0,-0.192,32,8226,2,
s27410,MANAUSDT,1787310000000,testB,1,4.06,0.432,4.52,3.97,0.63,1.94,1.55,4.58,3.18,2.7,1,2.12,bull,neutral,0,-0.024,32,8226,0,
s27411,AXSUSDT,1787310000000,testB,1,3.2,0.358,4.04,3.4,0.58,1.08,1.44,3.14,3.42,2.5,0,2.12,bull,alcista,0,-0.183,32,8226,3,
s27412,ASTERUSDT,1787310900000,train,1,7.59,0.371,9.68,7.22,0.27,6.22,1.66,15.11,9.3,7.75,1,1.37,neutral,alcista,0,-1.0,31,8228,2,
s27413,0GUSDT,1787310900000,train,1,4.06,0.411,4.43,3.96,0.61,2.69,1.5,2.52,2.26,1.61,1,1.37,neutral,neutral,0,0.265,32,8228,1,
s27414,TIAUSDT,1787310900000,train,1,6.53,0.544,7.01,6.53,1.12,5.16,3.17,4.17,2.85,2.28,1,1.37,neutral,alcista,0,0.324,32,8228,2,
s27415,SEIUSDT,1787310900000,train,1,3.21,0.453,3.48,3.26,0.72,1.84,1.62,3.27,2.38,2.04,1,1.37,neutral,alcista,0,0.159,32,8228,3,
s27416,JUPUSDT,1787310900000,train,1,4.69,0.374,4.72,4.63,0.63,3.32,2.17,5.23,3.66,2.86,1,1.37,neutral,alcista,0,0.436,32,8228,5,
s27417,FETUSDT,1787310900000,train,1,7.99,0.478,8.76,7.4,0.56,6.62,2.41,5.38,3.77,3.51,1,1.37,neutral,neutral,0,0.034,32,8227,0,
s27418,GRTUSDT,1787310900000,testB,1,5.35,0.572,6.49,5.51,0.86,3.99,1.85,4.38,2.97,2.38,1,1.37,neutral,neutral,0,0.511,32,8227,0,
s27419,LDOUSDT,1787310900000,testB,1,6.01,0.599,6.62,6.03,0.57,4.65,3.35,4.32,2.85,2.23,1,1.37,neutral,alcista,0,-0.333,32,8227,3,
s27420,MANAUSDT,1787310900000,testB,1,4.81,0.475,5.18,4.63,0.77,3.44,2.41,4.58,3.18,2.7,1,1.37,neutral,neutral,0,-0.189,32,8227,1,
s27421,AXSUSDT,1787310900000,testB,1,3.65,0.389,3.78,3.51,0.57,2.28,1.7,3.14,3.42,2.5,0,1.37,neutral,alcista,0,-0.327,32,8227,4,
s27422,ASTERUSDT,1787311800000,train,1,7.17,0.361,8.33,6.71,0.32,6.82,2.31,15.11,9.3,7.75,1,0.35,neutral,alcista,0,-1.0,30,8229,3,
s27423,TIAUSDT,1787311800000,train,1,5.23,0.464,6.55,5.77,1.36,4.88,2.5,4.17,2.85,2.28,1,0.35,neutral,neutral,0,0.386,32,8229,0,
s27424,JUPUSDT,1787311800000,train,1,5.2,0.402,5.72,5.38,1.45,4.85,3.33,5.23,3.66,2.86,1,0.35,neutral,alcista,0,0.009,32,8229,6,
s27425,GRTUSDT,1787311800000,testB,1,3.19,0.352,5.19,3.28,0.95,2.84,0.78,4.38,2.97,2.38,1,0.35,neutral,neutral,0,0.925,32,8228,0,
s27426,LDOUSDT,1787311800000,testB,1,4.63,0.406,6.66,4.7,0.79,4.29,1.78,4.32,2.85,2.23,1,0.35,neutral,neutral,0,-0.345,32,8228,0,
s27427,MANAUSDT,1787311800000,testB,1,3.83,0.373,4.92,3.8,0.87,3.49,1.68,4.58,3.18,2.7,1,0.35,neutral,neutral,0,-0.232,32,8228,0,
s27428,TIAUSDT,1787312700000,train,1,4.23,0.407,6.56,5.7,1.48,3.65,2.11,4.17,2.85,2.28,1,0.57,neutral,neutral,0,0.472,32,8230,0,
s27429,JUPUSDT,1787312700000,train,1,5.16,0.396,6.51,5.15,2.47,4.59,2.71,5.23,3.66,2.86,1,0.57,neutral,neutral,0,0.057,32,8230,0,
s27430,TIAUSDT,1787313600000,train,1,5.54,0.504,6.84,6.52,1.13,5.47,2.73,4.52,3.12,2.37,1,0.07,neutral,neutral,0,0.339,32,8231,1,
s27431,JUPUSDT,1787313600000,train,1,6.45,0.452,7.26,6.83,2.39,6.38,4.14,5.85,4.03,2.98,1,0.07,neutral,neutral,0,-0.07,32,8231,1,
s27432,LDOUSDT,1787313600000,testB,1,4.52,0.361,5.8,4.38,0.89,4.45,1.81,4.53,2.99,2.21,1,0.07,neutral,neutral,0,-0.312,32,8230,1,
s27433,MANAUSDT,1787313600000,testB,1,3.93,0.37,4.18,3.81,0.94,3.86,1.93,4.89,3.26,2.76,1,0.07,neutral,neutral,0,-0.243,32,8230,1,
s27434,TIAUSDT,1787314500000,train,1,4.87,0.451,7.21,6.3,0.87,5.54,2.12,4.52,3.12,2.37,1,-0.67,neutral,neutral,0,0.419,32,8232,0,
s27435,TIAUSDT,1787315400000,train,1,5.18,0.467,7.49,7.07,0.87,5.45,2.56,4.52,3.12,2.37,1,-0.27,neutral,neutral,0,0.337,32,8233,1,
s27436,JUPUSDT,1787315400000,train,1,5.05,0.352,7.23,7.14,1.53,5.32,3.65,5.85,4.03,2.98,1,-0.27,neutral,neutral,0,0.013,32,8233,1,
s27437,TIAUSDT,1787316300000,train,1,3.76,0.39,7.49,7.04,0.87,6.34,2.33,4.52,3.12,2.37,1,-2.57,bear,neutral,0,0.41,32,8234,0,
s27438,ASTERUSDT,1787317200000,train,1,4.4,0.368,5.56,4.85,0.54,5.27,1.45,14.65,10.32,8.14,1,-0.87,neutral,neutral,0,-1.0,17,8235,1,
s27439,TIAUSDT,1787317200000,train,1,5.8,0.721,6.51,6.14,1.06,6.67,2.13,4.84,3.47,2.53,1,-0.87,neutral,neutral,0,0.5,32,8235,1,
s27440,SEIUSDT,1787317200000,train,1,2.65,0.522,3.64,3.08,0.68,3.53,0.89,3.39,2.56,2.12,1,-0.87,neutral,neutral,0,0.587,32,8235,1,
s27441,JUPUSDT,1787317200000,train,1,7.28,0.637,8.25,7.45,0.71,8.16,3.59,6.53,4.43,3.13,1,-0.87,neutral,alcista,0,-0.07,32,8235,3,
s27442,ASTERUSDT,1787318100000,train,1,4.1,0.353,4.74,4.22,1.08,4.89,1.49,14.65,10.32,8.14,1,-0.79,neutral,alcista,0,-1.0,16,8236,2,
s27443,TIAUSDT,1787318100000,train,1,4.49,0.514,5.72,4.38,1.27,5.28,0.97,4.84,3.47,2.53,1,-0.79,neutral,neutral,0,0.939,32,8236,0,
s27444,SEIUSDT,1787318100000,train,1,2.0,0.401,3.02,2.18,0.86,2.79,0.51,3.39,2.56,2.12,1,-0.79,neutral,neutral,0,1.158,32,8236,0,
s27445,JUPUSDT,1787318100000,train,1,7.85,0.671,7.84,7.42,0.69,8.64,3.48,6.53,4.43,3.13,1,-0.79,neutral,alcista,0,-0.12,32,8236,4,
s27446,0GUSDT,1787319000000,train,1,2.3,0.358,3.06,2.65,0.54,3.43,0.77,3.01,2.45,1.77,1,-1.13,neutral,alcista,0,0.63,32,8237,2,
s27447,TIAUSDT,1787319000000,train,1,2.73,0.397,4.68,3.8,1.17,3.86,1.12,4.84,3.47,2.53,1,-1.13,neutral,neutral,0,1.063,32,8237,1,
s27448,JUPUSDT,1787319000000,train,1,6.31,0.626,7.39,7.29,0.83,7.44,3.38,6.53,4.43,3.13,1,-1.13,neutral,alcista,0,-0.192,32,8237,5,
s27449,0GUSDT,1787319900000,train,1,3.04,0.426,4.48,4.31,0.98,3.88,2.55,3.01,2.45,1.77,1,-0.84,neutral,alcista,0,-0.026,32,8238,3,
s27450,TIAUSDT,1787319900000,train,1,3.97,0.502,4.16,4.13,1.34,4.81,2.25,4.84,3.47,2.53,1,-0.84,neutral,alcista,0,0.79,32,8238,2,
s27451,SEIUSDT,1787319900000,train,1,2.03,0.406,2.35,2.27,0.9,2.87,1.41,3.39,2.56,2.12,1,-0.84,neutral,alcista,0,1.009,32,8238,2,
s27452,JUPUSDT,1787319900000,train,1,7.58,0.717,8.86,7.93,1.01,8.43,4.14,6.53,4.43,3.13,1,-0.84,neutral,alcista,0,-0.263,32,8238,6,
s27453,MANAUSDT,1787319900000,testB,1,3.29,0.368,3.59,3.4,0.92,4.13,1.65,5.18,3.45,2.87,1,-0.84,neutral,alcista,0,-1.0,21,8237,2,
s27454,0GUSDT,1787320800000,train,1,2.99,0.415,5.12,3.98,1.38,4.62,1.95,2.62,2.53,1.85,1,-1.63,neutral,neutral,0,0.129,32,8239,0,
s27455,TIAUSDT,1787320800000,train,1,2.77,0.37,4.38,3.51,1.19,4.4,1.63,5.12,3.89,2.71,1,-1.63,neutral,neutral,0,1.406,32,8239,0,
s27456,JUPUSDT,1787320800000,train,1,7.17,0.647,8.93,7.16,0.98,8.8,2.97,6.4,4.54,3.25,1,-1.63,neutral,neutral,0,-0.176,32,8239,0,
s27457,PUMPUSDT,1787321700000,train,1,7.97,0.356,7.79,7.55,0.63,9.07,3.78,3.57,2.96,3.2,0,-1.1,neutral,alcista,0,-1.0,18,8240,2,
s27458,0GUSDT,1787321700000,train,1,2.75,0.37,5.13,3.76,1.56,3.85,1.52,2.62,2.53,1.85,1,-1.1,neutral,neutral,0,0.061,32,8240,0,
s27459,TIAUSDT,1787321700000,train,1,3.65,0.437,4.88,4.65,1.19,4.75,2.27,5.12,3.89,2.71,1,-1.1,neutral,neutral,0,0.781,32,8240,1,
s27460,JUPUSDT,1787321700000,train,1,6.86,0.614,8.72,6.75,1.18,7.96,2.25,6.4,4.54,3.25,1,-1.1,neutral,neutral,0,-0.181,32,8240,0,
s27461,TIAUSDT,1787322600000,train,1,4.34,0.503,5.12,5.07,1.07,5.21,2.48,5.12,3.89,2.71,1,-0.87,neutral,alcista,0,0.682,32,8241,2,
s27462,JUPUSDT,1787322600000,train,1,7.85,0.646,8.25,7.41,0.99,8.72,3.12,6.4,4.54,3.25,1,-0.87,neutral,neutral,0,-0.294,32,8241,1,
s27463,ENAUSDT,1787323500000,train,1,7.57,0.406,8.16,7.79,1.55,8.11,4.6,15.99,16.04,15.37,0,-0.53,neutral,neutral,0,-1.0,16,8242,1,
s27464,TIAUSDT,1787323500000,train,1,6.08,0.599,6.76,6.53,1.22,6.61,3.57,5.12,3.89,2.71,1,-0.53,neutral,alcista,0,0.302,32,8242,3,
s27465,JUPUSDT,1787323500000,train,1,6.81,0.573,8.28,7.07,0.68,7.34,2.53,6.4,4.54,3.25,1,-0.53,neutral,neutral,0,-0.257,32,8242,0,
s27466,0GUSDT,1787324400000,train,1,3.46,0.48,5.1,4.36,0.65,3.26,1.6,2.09,2.42,1.85,0,0.2,neutral,alcista,0,-0.299,32,8243,2,
s27467,TIAUSDT,1787324400000,train,1,5.87,0.591,6.55,5.75,1.37,5.68,3.25,5.08,4.2,2.86,1,0.2,neutral,alcista,0,0.276,32,8243,4,
s27468,JUPUSDT,1787324400000,train,1,6.39,0.554,8.28,7.03,0.72,6.19,2.23,5.73,4.7,3.31,1,0.2,neutral,neutral,0,-0.291,32,8243,0,
s27469,JUPUSDT,1787325300000,train,1,4.68,0.391,8.37,6.06,0.51,4.44,1.04,5.73,4.7,3.31,1,0.24,neutral,neutral,0,-0.233,32,8244,0,
s27470,ONDOUSDT,1787325300000,train,1,4.04,0.369,6.3,5.99,2.03,3.81,3.15,3.85,3.72,3.26,1,0.24,neutral,alcista,0,0.297,32,8243,8,
s27471,ARBUSDT,1787326200000,train,1,3.43,0.365,4.22,3.53,1.27,2.57,1.32,2.33,2.36,2.13,0,0.86,neutral,neutral,0,-1.0,14,8245,1,
s27472,INJUSDT,1787326200000,train,1,2.57,0.385,4.38,3.14,0.69,1.71,0.51,2.12,2.62,1.83,0,0.86,neutral,neutral,0,0.535,32,8245,1,
s27473,TIAUSDT,1787326200000,train,1,3.57,0.362,6.45,4.28,1.59,2.71,1.54,5.08,4.2,2.86,1,0.86,neutral,neutral,0,0.442,32,8245,0,
s27474,SEIUSDT,1787326200000,train,1,2.44,0.397,3.23,2.84,0.78,1.58,1.01,2.75,2.73,2.18,1,0.86,neutral,neutral,0,0.724,32,8245,1,
s27475,ONDOUSDT,1787326200000,train,1,6.71,0.635,7.32,6.89,1.74,5.85,3.63,3.85,3.72,3.26,1,0.86,neutral,alcista,0,0.051,32,8244,8,
s27476,STBLUSDT,1787327100000,train,-1,-2.24,0.538,3.6,2.69,0.31,-2.85,0.67,1.21,1.25,0.92,0,0.61,neutral,bajista,0,0.216,32,8246,2,
s27477,SUIUSDT,1787327100000,train,1,3.95,0.419,5.23,4.15,1.54,3.34,1.57,3.81,4.94,3.81,0,0.61,neutral,alcista,0,0.864,32,8246,2,
s27478,TIAUSDT,1787327100000,train,1,4.22,0.408,6.42,4.8,1.14,3.6,1.85,5.08,4.2,2.86,1,0.61,neutral,neutral,0,0.371,32,8246,1,
s27479,SEIUSDT,1787327100000,train,1,2.22,0.354,3.15,2.59,0.83,1.6,0.76,2.75,2.73,2.18,1,0.61,neutral,neutral,0,0.82,32,8246,0,
s27480,ONDOUSDT,1787327100000,train,1,7.28,0.659,7.39,7.11,1.88,6.67,3.71,3.85,3.72,3.26,1,0.61,neutral,alcista,0,-0.081,32,8245,8,
s27481,STBLUSDT,1787328000000,train,-1,-2.49,0.565,3.36,2.84,0.5,-2.37,1.01,1.27,1.31,0.95,0,-0.12,neutral,bajista,0,0.051,32,8247,3,
s27482,TIAUSDT,1787328000000,train,1,3.75,0.382,6.39,5.21,0.7,3.88,1.92,5.15,4.38,2.93,1,-0.12,neutral,alcista,0,0.355,32,8247,2,
s27483,ONDOUSDT,1787328000000,train,1,6.34,0.631,8.88,7.46,2.42,6.46,3.76,4.51,4.25,3.48,1,-0.12,neutral,alcista,0,-0.187,32,8246,8,
s27484,STBLUSDT,1787328900000,train,-1,-2.61,0.575,3.92,3.37,1.47,-3.49,1.07,1.27,1.31,0.95,0,0.89,neutral,bajista,0,-0.076,32,8248,4,
s27485,TIAUSDT,1787328900000,train,1,5.31,0.487,6.49,6.39,0.64,4.42,2.93,5.15,4.38,2.93,1,0.89,neutral,alcista,0,0.048,32,8248,3,
s27486,ONDOUSDT,1787328900000,train,1,6.81,0.696,8.87,7.53,2.08,5.93,3.67,4.51,4.25,3.48,1,0.89,neutral,alcista,0,-0.225,32,8247,8,
s27487,GRTUSDT,1787328900000,testB,1,3.42,0.455,4.03,4.03,1.28,2.53,1.97,2.97,3.44,2.47,0,0.89,neutral,neutral,0,0.896,32,8247,1,
s27488,STBLUSDT,1787329800000,train,-1,-3.14,0.647,3.65,3.46,1.89,-3.04,1.63,1.27,1.31,0.95,0,-0.1,neutral,bajista,0,-0.457,32,8249,5,
s27489,TIAUSDT,1787329800000,train,1,4.53,0.449,6.84,6.46,0.59,4.63,2.73,5.15,4.38,2.93,1,-0.1,neutral,alcista,0,0.114,32,8249,4,
s27490,ONDOUSDT,1787329800000,train,1,5.75,0.662,8.84,7.85,1.8,5.85,3.64,4.51,4.25,3.48,1,-0.1,neutral,alcista,0,-0.241,32,8248,8,
s27491,STBLUSDT,1787330700000,train,-1,-3.12,0.644,3.81,3.51,2.64,-3.42,1.88,1.27,1.31,0.95,0,0.3,neutral,bajista,0,-1.0,24,8250,6,
s27492,ASTERUSDT,1787331600000,train,-1,-3.31,0.365,4.0,3.95,0.55,-3.77,1.45,8.05,13.2,8.93,0,0.46,neutral,neutral,0,0.173,32,8251,1,
s27493,STBLUSDT,1787331600000,train,-1,-2.4,0.45,3.46,2.54,2.41,-2.86,1.09,1.14,1.5,1.05,0,0.46,neutral,neutral,0,-1.0,23,8251,0,
s27494,0GUSDT,1787331600000,train,1,2.38,0.363,3.86,3.01,0.5,1.93,0.79,1.65,2.12,1.82,0,0.46,neutral,neutral,0,-0.245,32,8251,0,
s27495,ONDOUSDT,1787331600000,train,1,4.48,0.441,9.02,5.93,1.02,4.02,1.15,4.63,4.45,3.48,1,0.46,neutral,neutral,0,0.423,32,8250,1,
s27496,STXUSDT,1787331600000,testB,1,4.83,0.409,5.95,5.77,1.51,4.37,3.04,4.73,5.71,6.42,0,0.46,neutral,alcista,1,2.0,22,8250,2,
s27497,GRTUSDT,1787331600000,testB,1,2.72,0.415,4.28,3.92,0.95,2.27,1.48,2.87,3.71,2.54,0,0.46,neutral,neutral,0,1.123,32,8250,1,
s27498,ASTERUSDT,1787332500000,train,-1,-5.95,0.526,8.07,6.67,1.6,-6.54,3.71,8.05,13.2,8.93,0,0.59,neutral,bajista,0,-0.407,32,8252,2,
s27499,STXUSDT,1787332500000,testB,1,4.77,0.402,6.07,5.49,1.91,4.18,2.31,4.73,5.71,6.42,0,0.59,neutral,neutral,1,2.0,20,8251,0,
s27500,GRTUSDT,1787332500000,testB,1,3.66,0.532,4.73,4.49,1.09,3.07,1.71,2.87,3.71,2.54,0,0.59,neutral,alcista,0,0.773,32,8251,2,
s27501,ASTERUSDT,1787333400000,train,-1,-5.6,0.498,8.06,6.52,1.95,-5.69,3.15,8.05,13.2,8.93,0,0.09,neutral,neutral,0,-0.385,32,8253,0,
s27502,STXUSDT,1787333400000,testB,1,5.05,0.417,5.79,5.15,1.89,4.96,3.06,4.73,5.71,6.42,0,0.09,neutral,neutral,1,2.0,19,8252,1,
s27503,GRTUSDT,1787333400000,testB,1,3.65,0.532,4.0,3.94,1.27,3.56,1.88,2.87,3.71,2.54,0,0.09,neutral,alcista,0,0.758,32,8252,3,
s27504,ASTERUSDT,1787334300000,train,-1,-4.63,0.397,8.0,5.76,2.12,-4.81,2.44,8.05,13.2,8.93,0,0.18,neutral,neutral,0,-0.229,32,8254,0,
s27505,STXUSDT,1787334300000,testB,1,4.22,0.376,6.65,5.26,2.44,4.04,2.89,4.73,5.71,6.42,0,0.18,neutral,alcista,1,2.0,19,8253,2,
s27506,GRTUSDT,1787334300000,testB,1,2.52,0.363,4.62,3.36,1.75,2.35,1.24,2.87,3.71,2.54,0,0.18,neutral,neutral,0,0.946,32,8253,0,
s27507,PENDLEUSDT,1787335200000,train,1,3.28,0.457,4.01,3.96,0.74,2.57,1.66,2.21,2.91,2.37,0,0.71,neutral,neutral,0,1.287,32,8255,1,
s27508,STXUSDT,1787335200000,testB,1,4.55,0.414,6.67,4.93,1.62,3.84,2.3,4.54,5.66,6.53,0,0.71,neutral,neutral,1,2.0,16,8254,0,
s27509,GRTUSDT,1787335200000,testB,1,3.95,0.5,4.57,4.45,1.79,3.24,2.21,2.7,3.89,2.57,0,0.71,neutral,neutral,0,0.693,32,8254,1,
s27510,PUMPUSDT,1787336100000,train,-1,-6.22,0.485,8.07,7.85,0.36,-6.62,2.61,2.31,2.97,2.8,0,0.41,neutral,neutral,0,-1.0,31,8256,1,
s27511,PENDLEUSDT,1787336100000,train,1,3.09,0.442,3.57,3.16,0.57,2.68,1.65,2.21,2.91,2.37,0,0.41,neutral,alcista,0,1.522,32,8256,2,
s27512,STXUSDT,1787336100000,testB,1,4.83,0.43,6.28,5.3,1.05,4.43,2.69,4.54,5.66,6.53,0,0.41,neutral,neutral,1,2.0,18,8255,1,
s27513,GRTUSDT,1787336100000,testB,1,4.01,0.512,4.63,4.27,1.49,3.61,1.94,2.7,3.89,2.57,0,0.41,neutral,neutral,0,1.139,32,8255,0,
s27514,ASTERUSDT,1787337000000,train,-1,-4.47,0.38,7.95,7.34,1.1,-4.18,3.21,8.49,13.9,9.06,0,-0.3,neutral,bajista,0,-0.818,32,8257,2,
s27515,JUPUSDT,1787337000000,train,-1,-2.83,0.473,3.77,3.34,0.44,-2.53,1.15,3.62,4.96,3.35,0,-0.3,neutral,neutral,0,-0.271,32,8257,1,
s27516,STXUSDT,1787337000000,testB,1,4.37,0.371,6.17,4.19,0.89,4.67,1.4,4.54,5.66,6.53,0,-0.3,neutral,neutral,1,2.0,14,8256,0,
s27517,ASTERUSDT,1787337900000,train,-1,-5.44,0.496,8.14,7.53,1.1,-5.09,2.91,8.49,13.9,9.06,0,-0.35,neutral,bajista,0,-1.0,32,8258,3,
s27518,JUPUSDT,1787337900000,train,-1,-2.47,0.438,4.1,3.34,0.66,-2.11,0.93,3.62,4.96,3.35,0,-0.35,neutral,neutral,0,-0.257,32,8258,0,
s27519,STXUSDT,1787337900000,testB,1,5.37,0.422,5.78,5.44,0.85,5.72,2.85,4.54,5.66,6.53,0,-0.35,neutral,neutral,1,2.0,23,8257,1,
s27520,XPLUSDT,1787338800000,train,-1,-5.37,0.395,8.84,7.94,1.16,-4.61,4.07,3.22,6.94,5.14,0,-0.76,neutral,bajista,0,-0.737,32,8259,4,
s27521,WLDUSDT,1787338800000,train,-1,-3.99,0.386,7.71,5.14,2.38,-3.23,2.13,1.55,2.55,2.02,0,-0.76,neutral,neutral,0,-1.0,12,8259,0,
s27522,OPUSDT,1787338800000,train,-1,-3.3,0.377,5.17,3.98,2.1,-2.54,1.75,2.3,2.68,2.18,0,-0.76,neutral,neutral,0,-1.0,8,8259,1,
s27523,JUPUSDT,1787338800000,train,-1,-2.65,0.456,3.92,2.87,0.83,-1.89,1.03,3.01,4.99,3.38,0,-0.76,neutral,neutral,0,-0.283,32,8259,1,
s27524,STXUSDT,1787338800000,testB,1,5.14,0.413,6.31,6.03,0.95,5.9,3.09,5.15,6.13,6.96,0,-0.76,neutral,alcista,1,2.0,22,8258,2,
s27525,SANDUSDT,1787338800000,testB,-1,-2.5,0.423,3.76,2.82,0.99,-1.74,1.24,1.72,2.65,2.09,0,-0.76,neutral,bajista,0,-1.0,9,8258,4,
s27526,MANAUSDT,1787338800000,testB,-1,-2.5,0.486,4.08,2.9,1.63,-1.74,1.54,2.29,3.86,2.72,0,-0.76,neutral,bajista,0,-1.0,9,8258,5,
s27527,STBLUSDT,1787339700000,train,-1,-2.17,0.357,3.88,2.89,0.86,-1.77,1.09,1.07,1.4,1.09,0,-0.41,neutral,bajista,0,-1.0,14,8260,6,
s27528,WLDUSDT,1787339700000,train,-1,-4.05,0.397,7.39,4.69,2.48,-3.65,1.81,1.55,2.55,2.02,0,-0.41,neutral,neutral,0,-1.0,11,8260,0,
s27529,JUPUSDT,1787339700000,train,-1,-2.54,0.443,3.28,2.94,1.09,-2.13,1.9,3.01,4.99,3.38,0,-0.41,neutral,bajista,0,-1.0,32,8260,2,
s27530,ONDOUSDT,1787339700000,train,-1,-3.76,0.413,8.37,7.34,0.65,-3.35,2.23,4.77,4.49,3.45,1,-0.41,neutral,neutral,0,-1.0,24,8259,0,
s27531,STXUSDT,1787339700000,testB,1,6.12,0.477,7.41,6.61,1.44,6.53,3.44,5.15,6.13,6.96,0,-0.41,neutral,alcista,1,2.0,23,8259,3,
s27532,ASTERUSDT,1787340600000,train,-1,-6.1,0.615,9.81,6.92,1.18,-5.64,3.06,8.17,13.26,9.26,0,-0.46,neutral,neutral,0,-1.0,27,8261,1,
s27533,PUMPUSDT,1787340600000,train,-1,-6.64,0.591,8.56,7.66,1.08,-6.18,3.54,2.15,2.86,2.75,0,-0.46,neutral,bajista,0,-1.0,20,8261,6,
s27534,WLDUSDT,1787340600000,train,-1,-4.59,0.426,7.06,5.18,1.77,-4.13,2.42,1.55,2.55,2.02,0,-0.46,neutral,neutral,0,-1.0,10,8261,1,
s27535,INJUSDT,1787340600000,train,-1,-2.74,0.564,3.42,3.33,1.62,-2.28,1.7,1.64,2.37,1.86,0,-0.46,neutral,bajista,0,-1.0,9,8261,5,
s27536,JUPUSDT,1787340600000,train,-1,-2.23,0.409,3.54,3.29,1.15,-1.77,2.06,3.01,4.99,3.38,0,-0.46,neutral,bajista,0,-1.0,30,8261,3,
s27537,ONDOUSDT,1787340600000,train,-1,-5.23,0.608,8.42,7.96,0.66,-4.77,2.56,4.77,4.49,3.45,1,-0.46,neutral,neutral,0,-1.0,23,8260,1,
s27538,STXUSDT,1787340600000,testB,1,5.67,0.423,7.07,5.36,1.98,6.12,2.17,5.15,6.13,6.96,0,-0.46,neutral,neutral,1,2.0,20,8260,0,
s27539,MANAUSDT,1787340600000,testB,-1,-2.2,0.399,4.09,3.13,1.89,-1.74,1.53,2.29,3.86,2.72,0,-0.46,neutral,neutral,0,-1.0,7,8260,1,
s27540,ASTERUSDT,1787341500000,train,-1,-6.36,0.625,9.43,6.98,1.11,-6.06,3.34,8.17,13.26,9.26,0,-0.29,neutral,bajista,0,-1.0,26,8262,2,
s27541,PUMPUSDT,1787341500000,train,-1,-5.61,0.495,8.49,7.0,0.69,-5.32,2.59,2.15,2.86,2.75,0,-0.29,neutral,neutral,0,-1.0,19,8262,0,
s27542,WLDUSDT,1787341500000,train,-1,-4.47,0.417,6.98,5.07,0.54,-4.18,2.32,1.55,2.55,2.02,0,-0.29,neutral,neutral,0,-1.0,9,8262,0,
s27543,INJUSDT,1787341500000,train,-1,-2.07,0.462,3.37,3.14,1.23,-1.78,1.45,1.64,2.37,1.86,0,-0.29,neutral,neutral,0,-1.0,8,8262,0,
s27544,JUPUSDT,1787341500000,train,-1,-2.69,0.543,3.54,3.29,0.99,-2.4,1.86,3.01,4.99,3.38,0,-0.29,neutral,neutral,0,-1.0,29,8262,0,
s27545,ONDOUSDT,1787341500000,train,-1,-5.11,0.59,8.36,7.31,0.5,-4.82,1.97,4.77,4.49,3.45,1,-0.29,neutral,neutral,0,-1.0,22,8261,0,
s27546,MANAUSDT,1787341500000,testB,-1,-2.21,0.4,4.09,3.16,1.34,-1.92,1.47,2.29,3.86,2.72,0,-0.29,neutral,bajista,0,-1.0,6,8261,2,
s27547,PUMPUSDT,1787342400000,train,-1,-3.68,0.361,8.46,6.61,0.61,-4.19,2.0,1.75,2.73,2.74,0,0.52,neutral,neutral,0,-1.0,18,8263,0,
s27548,ONDOUSDT,1787342400000,train,-1,-4.46,0.482,7.62,5.51,0.4,-4.98,0.91,4.19,4.27,3.49,0,0.52,neutral,neutral,0,-1.0,20,8262,0,
s27549,STXUSDT,1787342400000,testB,1,6.42,0.459,6.99,6.15,1.78,5.91,2.79,6.55,6.71,7.61,0,0.52,neutral,neutral,1,2.0,19,8262,1,
s27550,PUMPUSDT,1787343300000,train,-1,-4.31,0.46,8.41,5.99,0.61,-4.41,1.11,1.75,2.73,2.74,0,0.1,neutral,neutral,0,-1.0,17,8264,0,
s27551,WLDUSDT,1787343300000,train,-1,-3.91,0.44,6.79,4.1,0.49,-4.01,1.22,1.34,2.35,2.01,0,0.1,neutral,neutral,0,-1.0,6,8264,0,
s27552,ONDOUSDT,1787343300000,train,-1,-4.06,0.421,7.58,4.99,0.63,-4.16,0.51,4.19,4.27,3.49,0,0.1,neutral,neutral,0,-1.0,19,8263,0,
s27553,ONDOUSDT,1787344200000,train,-1,-4.27,0.455,7.57,4.85,0.68,-4.39,0.41,4.19,4.27,3.49,0,0.12,neutral,neutral,0,-1.0,18,8264,0,
s27554,STXUSDT,1787344200000,testB,1,8.19,0.55,8.9,7.74,1.54,8.07,3.85,6.55,6.71,7.61,0,0.12,neutral,neutral,1,2.0,26,8264,0,
s27555,STXUSDT,1787345100000,testB,1,7.66,0.535,8.39,7.23,1.8,7.64,3.69,6.55,6.71,7.61,0,0.02,neutral,neutral,1,2.0,25,8265,1,
s27556,STXUSDT,1787346000000,testB,1,5.6,0.457,7.12,5.91,1.76,5.46,3.11,7.5,6.92,8.14,0,0.13,neutral,neutral,1,2.0,21,8266,0,
s27557,STXUSDT,1787346900000,testB,1,4.9,0.378,6.84,4.84,1.67,4.23,2.21,7.5,6.92,8.14,0,0.68,neutral,neutral,1,2.0,13,8267,0,
s27558,SUIUSDT,1787347800000,train,1,4.07,0.438,6.42,6.41,1.19,2.97,3.66,2.91,3.53,3.89,0,1.1,neutral,alcista,1,2.0,29,8269,8,
s27559,STXUSDT,1787347800000,testB,1,5.5,0.408,6.75,6.15,1.34,4.4,3.18,7.5,6.92,8.14,0,1.1,neutral,neutral,1,2.0,19,8268,1,
s27560,SANDUSDT,1787347800000,testB,1,2.23,0.385,4.38,3.84,1.66,1.13,1.53,1.8,2.14,2.2,0,1.1,neutral,alcista,0,-1.0,15,8268,4,
s27561,SUIUSDT,1787348700000,train,1,4.04,0.437,6.81,6.66,1.66,2.61,3.57,2.91,3.53,3.89,0,1.43,neutral,alcista,0,-1.0,29,8270,8,
s27562,STXUSDT,1787348700000,testB,1,6.88,0.463,7.68,7.47,1.24,5.45,3.94,7.5,6.92,8.14,0,1.43,neutral,alcista,1,2.0,23,8269,2,
s27563,SANDUSDT,1787348700000,testB,1,2.16,0.378,4.43,4.14,1.77,0.72,1.67,1.8,2.14,2.2,0,1.43,neutral,alcista,0,-1.0,14,8269,5,
s27564,AXSUSDT,1787348700000,testB,1,2.35,0.373,4.72,4.4,1.64,0.91,2.03,1.67,2.13,2.63,0,1.43,neutral,alcista,0,-1.0,29,8269,8,
s27565,OPUSDT,1787349600000,train,1,4.11,0.448,6.98,6.89,1.21,2.25,2.91,2.22,2.38,2.32,0,1.86,neutral,neutral,1,2.0,26,8271,1,
s27566,SUIUSDT,1787349600000,train,1,4.96,0.488,8.51,7.52,2.06,3.1,4.12,3.39,3.56,4.14,0,1.86,neutral,alcista,0,-1.0,28,8271,8,
s27567,SEIUSDT,1787349600000,train,1,2.27,0.378,4.4,4.28,2.23,0.41,2.13,2.1,2.36,2.34,0,1.86,neutral,alcista,0,-1.0,28,8271,8,
s27568,SANDUSDT,1787349600000,testB,1,2.25,0.389,4.9,4.61,1.97,0.39,2.07,1.97,2.08,2.28,0,1.86,neutral,alcista,0,-1.0,13,8270,6,
s27569,AXSUSDT,1787349600000,testB,1,3.76,0.489,6.03,5.99,2.19,1.9,3.39,1.99,2.28,2.8,0,1.86,neutral,alcista,0,-1.0,28,8270,8,
s27570,PUMPUSDT,1787350500000,train,1,2.89,0.361,5.78,5.78,0.73,1.45,2.09,1.4,2.23,2.69,0,1.44,neutral,neutral,0,-1.0,27,8272,1,
s27571,OPUSDT,1787350500000,train,1,3.58,0.389,7.14,6.64,1.14,2.14,2.36,2.22,2.38,2.32,0,1.44,neutral,neutral,1,2.0,25,8272,0,
s27572,SUIUSDT,1787350500000,train,1,3.97,0.367,8.57,6.79,2.31,2.53,2.91,3.39,3.56,4.14,0,1.44,neutral,neutral,0,-1.0,27,8272,0,
s27573,SANDUSDT,1787350500000,testB,1,2.43,0.431,4.9,4.49,1.24,0.99,1.79,1.97,2.08,2.28,0,1.44,neutral,neutral,0,-1.0,12,8271,0,
s27574,AXSUSDT,1787350500000,testB,1,3.42,0.425,6.22,5.59,2.29,1.98,2.67,1.99,2.28,2.8,0,1.44,neutral,neutral,0,-1.0,27,8271,0,
s27575,PUMPUSDT,1787351400000,train,1,2.95,0.369,5.93,5.36,0.74,0.91,1.47,1.4,2.23,2.69,0,2.04,bull,neutral,0,-1.0,26,8273,0,
s27576,WLDUSDT,1787351400000,train,1,4.95,0.538,8.62,7.26,1.08,2.91,2.28,1.39,1.76,2.07,0,2.04,bull,neutral,0,-1.0,26,8273,0,
s27577,OPUSDT,1787351400000,train,1,5.96,0.743,7.25,7.07,1.24,3.92,2.59,2.22,2.38,2.32,0,2.04,bull,neutral,1,2.0,25,8273,1,
s27578,INJUSDT,1787351400000,train,1,2.13,0.363,3.83,3.75,1.03,0.08,1.51,1.4,1.76,1.94,0,2.04,bull,neutral,0,-1.0,26,8273,1,
s27579,SUIUSDT,1787351400000,train,1,5.61,0.539,8.53,7.27,2.23,3.57,3.07,3.39,3.56,4.14,0,2.04,bull,neutral,0,-1.0,26,8273,1,
s27580,TIAUSDT,1787351400000,train,1,3.94,0.616,6.08,5.78,1.76,1.9,2.12,2.67,4.09,3.38,0,2.04,bull,neutral,0,-1.0,26,8273,1,
s27581,SEIUSDT,1787351400000,train,1,3.09,0.483,4.43,4.12,1.55,1.04,1.59,2.1,2.36,2.34,0,2.04,bull,neutral,0,-1.0,26,8273,1,
s27582,PENDLEUSDT,1787351400000,train,1,3.79,0.44,5.39,4.43,1.15,1.74,1.4,1.68,2.04,2.51,0,2.04,bull,neutral,0,-1.0,26,8273,1,
s27583,ONDOUSDT,1787351400000,train,1,3.41,0.435,5.72,5.54,0.87,1.37,1.98,2.54,3.65,3.63,0,2.04,bull,neutral,0,-1.0,26,8272,1,
s27584,FETUSDT,1787351400000,train,1,4.85,0.429,6.99,6.28,1.33,2.81,2.07,2.68,2.79,3.39,0,2.04,bull,neutral,0,-1.0,26,8272,1,
s27585,ARUSDT,1787351400000,testB,1,2.81,0.522,4.16,4.12,1.37,0.76,1.63,3.93,3.22,3.6,0,2.04,bull,alcista,1,2.0,16,8272,8,
s27586,SANDUSDT,1787351400000,testB,1,3.55,0.682,5.01,4.79,1.27,1.51,1.85,1.97,2.08,2.28,0,2.04,bull,neutral,0,-1.0,11,8272,1,
s27587,MANAUSDT,1787351400000,testB,1,2.3,0.364,5.07,4.33,1.43,0.26,1.12,2.36,2.9,2.94,0,2.04,bull,neutral,0,-1.0,26,8272,0,
s27588,AXSUSDT,1787351400000,testB,1,3.72,0.475,6.25,5.18,2.4,1.68,2.02,1.99,2.28,2.8,0,2.04,bull,neutral,0,-1.0,26,8272,0,
s27589,APEUSDT,1787351400000,testB,1,3.04,0.467,4.56,4.42,0.91,0.99,1.62,2.4,2.73,2.88,0,2.04,bull,neutral,1,2.0,18,8272,1,
s27590,WLDUSDT,1787352300000,train,1,5.73,0.67,7.49,6.04,1.27,4.01,1.93,1.39,1.76,2.07,0,1.71,neutral,neutral,1,2.0,23,8274,0,
s27591,OPUSDT,1787352300000,train,1,5.88,0.741,7.48,7.18,1.57,4.17,2.48,2.22,2.38,2.32,0,1.71,neutral,alcista,0,0.541,32,8274,2,
s27592,INJUSDT,1787352300000,train,1,3.24,0.578,4.21,4.13,1.05,1.53,1.72,1.4,1.76,1.94,0,1.71,neutral,alcista,0,-1.0,25,8274,2,
s27593,SUIUSDT,1787352300000,train,1,6.84,0.693,8.51,7.5,2.04,5.13,2.99,3.39,3.56,4.14,0,1.71,neutral,alcista,0,-1.0,25,8274,2,
s27594,TIAUSDT,1787352300000,train,1,5.06,0.906,6.35,5.87,1.97,3.35,1.95,2.67,4.09,3.38,0,1.71,neutral,alcista,0,-1.0,25,8274,2,
s27595,SEIUSDT,1787352300000,train,1,3.34,0.506,4.71,4.34,1.61,1.63,1.61,2.1,2.36,2.34,0,1.71,neutral,alcista,0,-1.0,25,8274,2,
s27596,PENDLEUSDT,1787352300000,train,1,3.88,0.452,5.39,4.46,1.12,2.17,1.14,1.68,2.04,2.51,0,1.71,neutral,alcista,0,-1.0,25,8274,2,
s27597,ONDOUSDT,1787352300000,train,1,4.75,0.631,6.09,5.97,0.96,3.04,2.23,2.54,3.65,3.63,0,1.71,neutral,alcista,0,-1.0,25,8273,2,
s27598,FETUSDT,1787352300000,train,1,5.49,0.494,7.04,6.45,1.31,3.78,2.18,2.68,2.79,3.39,0,1.71,neutral,alcista,0,-1.0,25,8273,2,
s27599,ARUSDT,1787352300000,testB,1,5.79,0.801,8.23,6.28,5,4.07,3.45,3.93,3.22,3.6,0,1.71,neutral,alcista,0,-1.0,25,8273,8,
s27600,GRTUSDT,1787352300000,testB,1,3.26,0.45,4.32,3.91,1.39,1.54,1.32,2.82,3.0,2.89,0,1.71,neutral,neutral,0,-1.0,25,8273,1,
s27601,SANDUSDT,1787352300000,testB,1,4.35,0.791,5.89,5.27,1.55,2.64,2.09,1.97,2.08,2.28,0,1.71,neutral,alcista,0,-1.0,10,8273,2,
s27602,MANAUSDT,1787352300000,testB,1,2.39,0.382,5.09,3.94,1.64,0.68,0.66,2.36,2.9,2.94,0,1.71,neutral,neutral,0,-1.0,25,8273,0,
s27603,AXSUSDT,1787352300000,testB,1,3.9,0.5,6.24,5.23,2.25,2.18,1.83,1.99,2.28,2.8,0,1.71,neutral,neutral,0,-1.0,25,8273,1,
s27604,APEUSDT,1787352300000,testB,1,3.7,0.573,5.11,4.69,1.19,1.99,1.66,2.4,2.73,2.88,0,1.71,neutral,alcista,1,2.0,19,8273,2,
s27605,ASTERUSDT,1787353200000,train,1,3.65,0.47,4.37,4.3,0.73,1.82,1.27,4.29,6.6,9.57,0,1.83,neutral,neutral,1,2.0,16,8275,1,
s27606,WLDUSDT,1787353200000,train,1,4.65,0.576,7.29,5.53,1.5,2.82,1.4,1.35,1.52,2.07,0,1.83,neutral,neutral,1,2.0,21,8275,0,
s27607,ARBUSDT,1787353200000,train,1,4.3,0.585,5.93,4.82,0.74,2.47,0.96,2.12,2.26,2.28,0,1.83,neutral,neutral,1,2.0,23,8275,0,
s27608,OPUSDT,1787353200000,train,1,6.43,0.863,6.68,6.37,1.19,4.6,2.19,2.25,2.3,2.3,0,1.83,neutral,neutral,1,2.0,22,8275,0,
s27609,INJUSDT,1787353200000,train,1,3.71,0.619,4.58,4.52,1.15,1.88,1.92,1.36,1.71,1.98,0,1.83,neutral,alcista,0,-1.0,24,8275,3,
s27610,SUIUSDT,1787353200000,train,1,6.41,0.631,7.8,6.45,1.47,4.58,2.36,3.28,3.43,4.21,0,1.83,neutral,neutral,0,-1.0,24,8275,0,
s27611,TIAUSDT,1787353200000,train,1,4.64,0.8,5.54,4.76,1.57,2.81,1.55,2.4,3.76,3.45,0,1.83,neutral,neutral,0,-1.0,24,8275,0,
s27612,SEIUSDT,1787353200000,train,1,4.13,0.627,4.61,4.51,1.47,2.3,1.77,2.2,2.29,2.42,0,1.83,neutral,alcista,0,-1.0,24,8275,3,
s27613,PENDLEUSDT,1787353200000,train,1,3.13,0.378,5.07,3.91,1.16,1.3,0.79,1.57,1.86,2.5,0,1.83,neutral,neutral,0,-1.0,24,8275,0,
s27614,ONDOUSDT,1787353200000,train,1,5.47,0.793,6.09,5.87,0.97,3.64,2.09,2.45,3.68,3.75,0,1.83,neutral,neutral,0,-1.0,24,8274,0,
s27615,FETUSDT,1787353200000,train,1,6.44,0.545,7.93,6.81,1.43,4.61,2.48,3.0,2.79,3.52,0,1.83,neutral,alcista,0,-1.0,24,8274,3,
s27616,GRTUSDT,1787353200000,testB,1,2.88,0.421,3.62,3.27,1.1,1.05,1.25,2.61,2.82,2.99,0,1.83,neutral,alcista,1,2.0,23,8274,2,
s27617,SANDUSDT,1787353200000,testB,1,4.79,0.868,5.28,4.87,1.14,2.96,2.11,2.08,2.08,2.4,0,1.83,neutral,alcista,0,-1.0,9,8274,3,
s27618,MANAUSDT,1787353200000,testB,1,3.23,0.523,4.43,3.64,1.43,1.4,0.95,2.32,2.62,3.02,0,1.83,neutral,neutral,0,-1.0,24,8274,1,
s27619,AXSUSDT,1787353200000,testB,1,4.55,0.579,6.22,5.55,1.34,2.72,1.97,2.14,2.1,2.89,0,1.83,neutral,alcista,0,-1.0,24,8274,2,
s27620,APEUSDT,1787353200000,testB,1,3.93,0.628,4.48,4.06,1.17,2.1,1.48,2.69,2.74,3.04,0,1.83,neutral,neutral,1,2.0,16,8274,0,
s27621,ASTERUSDT,1787354100000,train,1,3.45,0.457,4.92,4.47,1.05,2.03,1.49,4.29,6.6,9.57,0,1.42,neutral,alcista,1,2.0,15,8276,2,
s27622,PUMPUSDT,1787354100000,train,1,3.71,0.442,5.96,4.92,0.99,2.29,0.99,1.34,1.97,2.55,0,1.42,neutral,alcista,1,2.0,22,8276,2,
s27623,WLDUSDT,1787354100000,train,1,4.36,0.538,7.3,5.39,1.12,2.94,1.53,1.35,1.52,2.07,0,1.42,neutral,neutral,1,2.0,20,8276,0,
s27624,ARBUSDT,1787354100000,train,1,3.83,0.546,5.94,4.75,1.08,2.41,0.95,2.12,2.26,2.28,0,1.42,neutral,neutral,1,2.0,22,8276,0,
s27625,OPUSDT,1787354100000,train,1,5.52,0.799,6.18,5.68,1.21,4.1,2.06,2.25,2.3,2.3,0,1.42,neutral,neutral,1,2.0,20,8276,0,
s27626,INJUSDT,1787354100000,train,1,4.33,0.693,4.98,4.92,1.37,2.92,2.17,1.36,1.71,1.98,0,1.42,neutral,alcista,0,-1.0,23,8276,4,
s27627,SUIUSDT,1787354100000,train,1,6.13,0.622,7.69,6.56,0.98,4.71,2.48,3.28,3.43,4.21,0,1.42,neutral,neutral,0,-1.0,23,8276,1,
s27628,TIAUSDT,1787354100000,train,1,3.25,0.525,5.59,3.94,1.32,1.83,0.78,2.4,3.76,3.45,0,1.42,neutral,neutral,0,-1.0,23,8276,0,
s27629,SEIUSDT,1787354100000,train,1,3.4,0.485,4.64,3.97,1.47,1.98,1.22,2.2,2.29,2.42,0,1.42,neutral,neutral,0,-1.0,23,8276,0,
s27630,PENDLEUSDT,1787354100000,train,1,3.26,0.399,5.07,3.9,1.05,1.84,1.01,1.57,1.86,2.5,0,1.42,neutral,neutral,0,-1.0,23,8276,0,
s27631,ONDOUSDT,1787354100000,train,1,5.75,0.801,6.71,6.11,1.3,4.34,2.44,2.45,3.68,3.75,0,1.42,neutral,neutral,0,-1.0,23,8275,1,
s27632,FETUSDT,1787354100000,train,1,7.25,0.576,9.42,7.98,1.98,5.84,3.97,3.0,2.79,3.52,0,1.42,neutral,alcista,0,-1.0,23,8275,4,
s27633,STXUSDT,1787354100000,testB,1,5.77,0.352,9.89,7.11,1.63,4.35,2.64,11.66,8.88,9.65,0,1.42,neutral,neutral,0,0.586,32,8275,1,
s27634,GRTUSDT,1787354100000,testB,1,2.44,0.383,3.6,3.43,1.08,1.02,1.67,2.61,2.82,2.99,0,1.42,neutral,alcista,0,-1.0,23,8275,3,
s27635,SANDUSDT,1787354100000,testB,1,4.77,0.868,5.33,5.13,1.1,3.36,2.26,2.08,2.08,2.4,0,1.42,neutral,alcista,0,-1.0,8,8275,4,
s27636,MANAUSDT,1787354100000,testB,1,2.77,0.465,4.44,3.53,1.63,1.35,0.83,2.32,2.62,3.02,0,1.42,neutral,neutral,0,-1.0,23,8275,0,
s27637,AXSUSDT,1787354100000,testB,1,4.98,0.611,6.26,5.87,1.24,3.56,2.19,2.14,2.1,2.89,0,1.42,neutral,alcista,0,-1.0,23,8275,3,
s27638,APEUSDT,1787354100000,testB,1,3.69,0.614,4.47,4.33,1.31,2.27,1.72,2.69,2.74,3.04,0,1.42,neutral,neutral,1,2.0,17,8275,1,
s27639,ASTERUSDT,1787355000000,train,1,3.24,0.416,5.0,4.0,1.16,1.67,0.92,4.29,6.6,9.57,0,1.57,neutral,neutral,1,2.0,14,8277,0,
s27640,PUMPUSDT,1787355000000,train,1,5.02,0.574,5.54,5.27,0.82,3.45,1.67,1.34,1.97,2.55,0,1.57,neutral,alcista,0,-1.0,22,8277,3,
s27641,WLDUSDT,1787355000000,train,1,4.97,0.655,7.32,5.16,0.88,3.4,1.26,1.35,1.52,2.07,0,1.57,neutral,neutral,1,2.0,18,8277,0,
s27642,ENAUSDT,1787355000000,train,1,4.66,0.493,6.5,4.51,0.55,3.09,0.43,5.87,12.12,17.55,0,1.57,neutral,neutral,1,2.0,15,8277,1,
s27643,ARBUSDT,1787355000000,train,1,4.11,0.601,5.97,4.18,1.07,2.54,0.39,2.12,2.26,2.28,0,1.57,neutral,neutral,1,2.0,20,8277,0,
s27644,OPUSDT,1787355000000,train,1,4.97,0.667,6.05,4.95,0.95,3.41,1.28,2.25,2.3,2.3,0,1.57,neutral,neutral,1,2.0,17,8277,0,
s27645,INJUSDT,1787355000000,train,1,4.55,0.744,5.43,4.47,1.32,2.98,1.62,1.36,1.71,1.98,0,1.57,neutral,neutral,0,-1.0,22,8277,0,
s27646,SUIUSDT,1787355000000,train,1,5.87,0.574,7.72,5.66,0.84,4.3,1.51,3.28,3.43,4.21,0,1.57,neutral,neutral,1,2.0,20,8277,0,
s27647,TIAUSDT,1787355000000,train,1,3.23,0.519,5.11,3.26,1.04,1.66,0.65,2.4,3.76,3.45,0,1.57,neutral,neutral,1,2.0,14,8277,0,
s27648,SEIUSDT,1787355000000,train,1,3.82,0.577,4.64,3.91,1.51,2.25,1.05,2.2,2.29,2.42,0,1.57,neutral,neutral,0,-1.0,22,8277,0,
s27649,PENDLEUSDT,1787355000000,train,1,3.49,0.436,5.09,3.49,0.85,1.92,0.54,1.57,1.86,2.5,0,1.57,neutral,neutral,1,2.0,20,8277,0,
s27650,ONDOUSDT,1787355000000,train,1,5.89,0.828,6.74,5.69,1.65,4.32,1.9,2.45,3.68,3.75,0,1.57,neutral,neutral,0,-1.0,22,8276,0,
s27651,FETUSDT,1787355000000,train,1,6.57,0.488,9.57,6.52,1.86,5.0,2.18,3.0,2.79,3.52,0,1.57,neutral,neutral,0,-1.0,22,8276,0,
s27652,STXUSDT,1787355000000,testB,1,7.19,0.447,9.85,7.5,1.16,5.62,2.56,11.66,8.88,9.65,0,1.57,neutral,alcista,0,0.34,32,8276,2,
s27653,GRTUSDT,1787355000000,testB,1,2.7,0.437,3.74,2.98,1.01,1.13,1.13,2.61,2.82,2.99,0,1.57,neutral,neutral,1,2.0,20,8276,0,
s27654,LDOUSDT,1787355000000,testB,1,3.55,0.372,6.43,3.81,0.92,1.98,0.66,2.35,2.3,2.71,0,1.57,neutral,neutral,1,2.0,21,8276,0,
s27655,SANDUSDT,1787355000000,testB,1,4.2,0.691,5.38,4.46,1.21,2.63,1.53,2.08,2.08,2.4,0,1.57,neutral,neutral,0,-1.0,7,8276,0,
s27656,MANAUSDT,1787355000000,testB,1,3.15,0.56,4.45,3.34,1.05,1.58,0.64,2.32,2.62,3.02,0,1.57,neutral,neutral,0,-1.0,22,8276,0,
s27657,AXSUSDT,1787355000000,testB,1,5.79,0.729,6.24,6.1,0.82,4.22,2.22,2.14,2.1,2.89,0,1.57,neutral,alcista,0,-1.0,22,8276,4,
s27658,APEUSDT,1787355000000,testB,1,4.65,0.78,4.79,4.73,1.38,3.09,1.99,2.69,2.74,3.04,0,1.57,neutral,alcista,1,2.0,16,8276,2,
s27659,ASTERUSDT,1787355900000,train,1,3.97,0.52,4.99,4.24,1.31,2.27,1.23,4.29,6.6,9.57,0,1.71,neutral,neutral,1,2.0,13,8278,1,
s27660,PUMPUSDT,1787355900000,train,1,4.53,0.55,4.92,4.77,0.84,2.82,1.63,1.34,1.97,2.55,0,1.71,neutral,alcista,0,-1.0,21,8278,4,
s27661,WLDUSDT,1787355900000,train,1,4.76,0.615,7.34,4.99,0.83,3.05,0.88,1.35,1.52,2.07,0,1.71,neutral,neutral,1,2.0,17,8278,0,
s27662,ENAUSDT,1787355900000,train,1,4.03,0.459,6.17,4.31,0.59,2.32,0.65,5.87,12.12,17.55,0,1.71,neutral,alcista,1,2.0,14,8278,2,
s27663,ARBUSDT,1787355900000,train,1,3.13,0.464,5.68,3.44,1.0,1.42,0.2,2.12,2.26,2.28,0,1.71,neutral,neutral,1,2.0,16,8278,0,
s27664,OPUSDT,1787355900000,train,1,4.68,0.645,6.06,4.91,0.76,2.97,1.18,2.25,2.3,2.3,0,1.71,neutral,neutral,1,2.0,16,8278,0,
s27665,INJUSDT,1787355900000,train,1,4.01,0.631,5.45,4.11,1.22,2.3,1.13,1.36,1.71,1.98,0,1.71,neutral,neutral,0,-1.0,21,8278,0,
s27666,SUIUSDT,1787355900000,train,1,5.19,0.53,7.61,5.42,0.66,3.49,1.24,3.28,3.43,4.21,0,1.71,neutral,neutral,1,2.0,17,8278,0,
s27667,TIAUSDT,1787355900000,train,1,3.3,0.525,4.81,3.39,0.77,1.59,0.97,2.4,3.76,3.45,0,1.71,neutral,neutral,1,2.0,20,8278,1,
s27668,SEIUSDT,1787355900000,train,1,3.65,0.547,4.64,3.81,1.11,1.94,0.91,2.2,2.29,2.42,0,1.71,neutral,neutral,0,-1.0,21,8278,0,
s27669,PENDLEUSDT,1787355900000,train,1,3.0,0.387,5.07,3.34,0.75,1.29,0.31,1.57,1.86,2.5,0,1.71,neutral,neutral,1,2.0,19,8278,0,
s27670,ONDOUSDT,1787355900000,train,1,4.78,0.688,6.45,4.94,1.63,3.07,1.39,2.45,3.68,3.75,0,1.71,neutral,neutral,0,-1.0,21,8277,0,
s27671,FETUSDT,1787355900000,train,1,7.18,0.511,9.5,7.23,1.78,5.48,2.68,3.0,2.79,3.52,0,1.71,neutral,neutral,0,-1.0,21,8277,1,
s27672,GRTUSDT,1787355900000,testB,1,3.54,0.504,4.05,3.82,0.92,1.83,1.76,2.61,2.82,2.99,0,1.71,neutral,neutral,0,-1.0,21,8277,1,
s27673,LDOUSDT,1787355900000,testB,1,3.63,0.378,6.42,3.91,0.75,1.93,0.74,2.35,2.3,2.71,0,1.71,neutral,neutral,1,2.0,20,8277,1,
s27674,SANDUSDT,1787355900000,testB,1,4.67,0.723,5.36,4.85,1.29,2.97,1.78,2.08,2.08,2.4,0,1.71,neutral,neutral,0,-1.0,6,8277,1,
s27675,MANAUSDT,1787355900000,testB,1,3.13,0.556,4.45,3.3,0.91,1.43,0.61,2.32,2.62,3.02,0,1.71,neutral,neutral,0,-1.0,21,8277,0,
s27676,AXSUSDT,1787355900000,testB,1,6.83,0.791,6.87,6.85,0.83,5.12,2.78,2.14,2.1,2.89,0,1.71,neutral,alcista,0,-1.0,21,8277,5,
s27677,APEUSDT,1787355900000,testB,1,4.8,0.786,5.48,4.92,1.17,3.09,2.02,2.69,2.74,3.04,0,1.71,neutral,alcista,1,2.0,16,8277,3,
s27678,ASTERUSDT,1787356800000,train,1,3.31,0.476,3.96,3.21,1.51,2.47,1.06,3.39,6.33,9.61,0,0.84,neutral,neutral,1,2.0,11,8279,0,
s27679,PUMPUSDT,1787356800000,train,1,3.41,0.397,4.39,3.52,0.74,2.57,0.9,1.33,1.86,2.5,0,0.84,neutral,neutral,1,2.0,8,8279,0,
s27680,WLDUSDT,1787356800000,train,1,4.0,0.546,6.37,3.85,0.98,3.17,0.62,1.15,1.46,2.07,0,0.84,neutral,neutral,1,2.0,13,8279,0,
s27681,OPUSDT,1787356800000,train,1,3.68,0.588,4.8,3.64,0.92,2.84,0.97,2.11,2.28,2.29,0,0.84,neutral,neutral,1,2.0,13,8279,0,
s27682,INJUSDT,1787356800000,train,1,2.94,0.49,4.62,2.91,1.36,2.1,0.72,1.42,1.64,2.02,0,0.84,neutral,neutral,0,-1.0,20,8279,0,
s27683,SUIUSDT,1787356800000,train,1,4.22,0.454,6.49,4.06,0.72,3.38,0.84,3.12,3.41,4.25,0,0.84,neutral,neutral,1,2.0,12,8279,0,
s27684,TIAUSDT,1787356800000,train,1,3.39,0.533,4.18,3.28,0.75,2.55,1.27,2.35,3.53,3.51,0,0.84,neutral,alcista,1,2.0,19,8279,2,
s27685,SEIUSDT,1787356800000,train,1,2.71,0.476,3.43,2.72,1.14,1.88,0.92,2.75,2.46,2.57,0,0.84,neutral,neutral,1,2.0,19,8279,1,
s27686,ONDOUSDT,1787356800000,train,1,3.21,0.515,5.13,3.19,2.04,2.37,0.84,2.48,3.81,3.79,0,0.84,neutral,neutral,1,2.0,14,8278,0,
s27687,STXUSDT,1787356800000,testB,1,7.16,0.472,7.84,6.63,1.0,6.33,2.87,14.06,10.15,10.63,0,0.84,neutral,alcista,0,-1.0,20,8278,4,
s27688,GRTUSDT,1787356800000,testB,1,3.15,0.477,4.09,3.63,1.1,2.32,1.85,2.79,2.83,3.1,0,0.84,neutral,alcista,0,-1.0,20,8278,2,
s27689,SANDUSDT,1787356800000,testB,1,4.87,0.732,5.86,5.17,2.29,4.03,2.43,3.33,2.68,2.72,0,0.84,neutral,alcista,0,-1.0,5,8278,2,
s27690,MANAUSDT,1787356800000,testB,1,2.93,0.541,3.46,2.84,1.07,2.09,0.98,2.47,2.55,3.05,0,0.84,neutral,neutral,1,2.0,19,8278,1,
s27691,AXSUSDT,1787356800000,testB,1,5.76,0.729,6.28,5.44,1.42,4.92,2.37,2.85,2.38,2.62,0,0.84,neutral,neutral,0,-1.0,20,8278,0,
s27692,APEUSDT,1787356800000,testB,1,5.43,0.806,5.15,5.08,1.48,4.6,2.65,3.23,2.89,3.23,0,0.84,neutral,alcista,0,-1.0,20,8278,4,
s27693,ASTERUSDT,1787357700000,train,1,3.07,0.459,3.58,3.12,1.39,2.5,1.28,3.39,6.33,9.61,0,0.57,neutral,neutral,1,2.0,10,8280,1,
s27694,PUMPUSDT,1787357700000,train,1,3.97,0.436,4.51,4.14,0.56,3.4,1.91,1.33,1.86,2.5,0,0.57,neutral,neutral,1,2.0,18,8280,1,
s27695,WLDUSDT,1787357700000,train,1,3.79,0.533,6.17,3.7,0.93,3.21,0.72,1.15,1.46,2.07,0,0.57,neutral,neutral,1,2.0,12,8280,1,
s27696,OPUSDT,1787357700000,train,1,2.98,0.515,4.56,3.28,0.92,2.41,0.78,2.11,2.28,2.29,0,0.57,neutral,neutral,1,2.0,12,8280,0,
s27697,INJUSDT,1787357700000,train,1,2.58,0.458,4.4,2.72,1.08,2.01,0.76,1.42,1.64,2.02,0,0.57,neutral,neutral,1,2.0,18,8280,1,
s27698,SUIUSDT,1787357700000,train,1,3.78,0.426,6.29,3.83,0.63,3.21,0.83,3.12,3.41,4.25,0,0.57,neutral,neutral,1,2.0,10,8280,0,
s27699,TIAUSDT,1787357700000,train,1,2.91,0.452,4.02,2.83,0.7,2.34,0.92,2.35,3.53,3.51,0,0.57,neutral,neutral,1,2.0,9,8280,0,
s27700,SEIUSDT,1787357700000,train,1,2.88,0.491,3.44,3.11,1.04,2.31,1.25,2.75,2.46,2.57,0,0.57,neutral,alcista,0,-1.0,19,8280,2,
s27701,ONDOUSDT,1787357700000,train,1,2.47,0.415,5.1,2.92,1.86,1.9,0.63,2.48,3.81,3.79,0,0.57,neutral,neutral,1,2.0,12,8279,0,
s27702,STXUSDT,1787357700000,testB,1,5.34,0.406,7.47,6.79,0.96,4.77,3.39,14.06,10.15,10.63,0,0.57,neutral,alcista,0,-1.0,19,8279,5,
s27703,GRTUSDT,1787357700000,testB,1,2.62,0.367,4.12,2.96,1.28,2.05,1.13,2.79,2.83,3.1,0,0.57,neutral,neutral,1,2.0,18,8279,0,
s27704,SANDUSDT,1787357700000,testB,1,4.76,0.719,5.86,5.13,2.35,4.19,2.16,3.33,2.68,2.72,0,0.57,neutral,neutral,0,-1.0,4,8279,0,
s27705,MANAUSDT,1787357700000,testB,1,3.24,0.566,3.66,3.31,1.07,2.67,1.51,2.47,2.55,3.05,0,0.57,neutral,alcista,0,-1.0,19,8279,2,
s27706,AXSUSDT,1787357700000,testB,1,6.45,0.752,6.55,6.11,1.47,5.88,3.25,2.85,2.38,2.62,0,0.57,neutral,neutral,0,-1.0,19,8279,1,
s27707,APEUSDT,1787357700000,testB,1,3.6,0.5,5.35,3.61,2.02,3.03,1.44,3.23,2.89,3.23,0,0.57,neutral,neutral,1,2.0,11,8279,0,
s27708,ASTERUSDT,1787358600000,train,1,2.95,0.451,3.97,3.36,1.37,2.47,1.64,3.39,6.33,9.61,0,0.48,neutral,alcista,1,2.0,10,8281,2,
s27709,PUMPUSDT,1787358600000,train,1,5.68,0.526,6.35,5.52,0.98,5.19,3.65,1.33,1.86,2.5,0,0.48,neutral,alcista,0,-1.0,18,8281,2,
s27710,STBLUSDT,1787358600000,train,1,2.26,0.433,4.06,2.39,0.46,1.78,0.96,0.84,0.94,1.13,0,0.48,neutral,neutral,0,-1.0,18,8281,1,
s27711,WLDUSDT,1787358600000,train,1,3.72,0.529,5.88,3.71,0.81,3.24,0.92,1.15,1.46,2.07,0,0.48,neutral,alcista,1,2.0,11,8281,2,
s27712,OPUSDT,1787358600000,train,1,3.5,0.556,3.94,3.63,0.88,3.01,1.55,2.11,2.28,2.29,0,0.48,neutral,neutral,1,2.0,11,8281,1,
s27713,INJUSDT,1787358600000,train,1,3.01,0.514,4.29,2.92,0.93,2.53,0.96,1.42,1.64,2.02,0,0.48,neutral,alcista,0,-1.0,18,8281,2,
s27714,SUIUSDT,1787358600000,train,1,3.56,0.392,6.31,3.64,0.59,3.08,0.5,3.12,3.41,4.25,0,0.48,neutral,neutral,1,2.0,9,8281,0,
s27715,TIAUSDT,1787358600000,train,1,2.84,0.447,3.44,2.77,0.65,2.36,1.24,2.35,3.53,3.51,0,0.48,neutral,neutral,1,2.0,10,8281,1,
s27716,SEIUSDT,1787358600000,train,1,2.95,0.498,3.78,2.93,1.39,2.47,1.41,2.75,2.46,2.57,0,0.48,neutral,alcista,0,-1.0,18,8281,3,
s27717,PENDLEUSDT,1787358600000,train,1,3.91,0.473,3.95,3.82,1.45,3.43,2.64,1.6,1.94,2.55,0,0.48,neutral,alcista,0,-1.0,18,8281,2,
s27718,ONDOUSDT,1787358600000,train,1,2.49,0.417,5.09,3.06,1.45,2.01,0.63,2.48,3.81,3.79,0,0.48,neutral,neutral,1,2.0,11,8280,1,
s27719,GRTUSDT,1787358600000,testB,1,3.1,0.406,4.39,3.52,1.33,2.61,1.55,2.79,2.83,3.1,0,0.48,neutral,neutral,0,-1.0,18,8280,1,
s27720,SANDUSDT,1787358600000,testB,1,3.31,0.408,5.78,3.24,3.74,2.82,0.55,3.33,2.68,2.72,0,0.48,neutral,neutral,0,-1.0,2,8280,0,
s27721,MANAUSDT,1787358600000,testB,1,3.25,0.567,3.54,3.22,1.15,2.76,1.49,2.47,2.55,3.05,0,0.48,neutral,alcista,0,-1.0,18,8280,3,
s27722,AXSUSDT,1787358600000,testB,1,5.95,0.683,6.54,5.8,2.19,5.47,2.68,2.85,2.38,2.62,0,0.48,neutral,neutral,0,-1.0,18,8280,0,
s27723,APEUSDT,1787358600000,testB,1,4.32,0.545,5.24,4.21,1.86,3.83,1.93,3.23,2.89,3.23,0,0.48,neutral,neutral,1,2.0,12,8280,1,
s27724,ASTERUSDT,1787359500000,train,1,3.22,0.486,3.67,3.21,1.19,2.65,1.54,3.39,6.33,9.61,0,0.57,neutral,alcista,1,2.0,9,8282,3,
s27725,PUMPUSDT,1787359500000,train,1,5.45,0.517,6.62,5.52,1.57,4.88,3.51,1.33,1.86,2.5,0,0.57,neutral,alcista,0,-1.0,17,8282,3,
s27726,STBLUSDT,1787359500000,train,1,3.4,0.535,4.19,3.26,0.9,2.83,2.03,0.84,0.94,1.13,0,0.57,neutral,alcista,0,-1.0,17,8282,2,
s27727,WLDUSDT,1787359500000,train,1,6.25,0.656,6.08,5.98,1.15,5.68,3.7,1.15,1.46,2.07,0,0.57,neutral,alcista,0,-1.0,17,8282,3,
s27728,OPUSDT,1787359500000,train,1,3.3,0.544,3.8,3.77,0.99,2.73,1.96,2.11,2.28,2.29,0,0.57,neutral,alcista,1,2.0,12,8282,2,
s27729,INJUSDT,1787359500000,train,1,3.35,0.541,4.09,3.32,1.08,2.78,1.31,1.42,1.64,2.02,0,0.57,neutral,alcista,0,-1.0,17,8282,3,
s27730,SUIUSDT,1787359500000,train,1,4.32,0.44,5.74,4.23,0.64,3.75,1.39,3.12,3.41,4.25,0,0.57,neutral,neutral,1,2.0,12,8282,1,
s27731,TIAUSDT,1787359500000,train,1,3.4,0.493,3.58,3.36,0.81,2.83,1.99,2.35,3.53,3.51,0,0.57,neutral,alcista,0,-1.0,17,8282,2,
s27732,SEIUSDT,1787359500000,train,1,3.07,0.509,3.49,3.16,1.74,2.5,1.6,2.75,2.46,2.57,0,0.57,neutral,alcista,0,-1.0,17,8282,4,
s27733,PENDLEUSDT,1787359500000,train,1,3.83,0.469,4.47,4.18,2.12,3.26,2.73,1.6,1.94,2.55,0,0.57,neutral,alcista,0,-1.0,17,8282,3,
s27734,ONDOUSDT,1787359500000,train,1,4.48,0.564,4.44,4.37,1.5,3.91,2.28,2.48,3.81,3.79,0,0.57,neutral,alcista,0,-1.0,17,8281,2,
s27735,GRTUSDT,1787359500000,testB,1,4.66,0.549,4.79,4.62,1.41,4.09,2.35,2.79,2.83,3.1,0,0.57,neutral,alcista,0,-1.0,17,8281,2,
s27736,MANAUSDT,1787359500000,testB,1,2.78,0.531,3.06,2.8,1.15,2.21,1.56,2.47,2.55,3.05,0,0.57,neutral,alcista,0,-1.0,17,8281,4,
s27737,AXSUSDT,1787359500000,testB,1,5.67,0.674,6.04,5.69,2.08,5.1,2.71,2.85,2.38,2.62,0,0.57,neutral,neutral,0,-1.0,17,8281,1,
s27738,APEUSDT,1787359500000,testB,1,3.49,0.495,4.13,3.37,1.52,2.92,1.94,3.23,2.89,3.23,0,0.57,neutral,alcista,1,2.0,9,8281,2,
s27739,ASTERUSDT,1787360400000,train,1,2.46,0.374,3.31,2.5,0.91,1.91,1.0,2.44,5.6,9.47,0,0.55,neutral,neutral,1,2.0,7,8283,0,
s27740,PUMPUSDT,1787360400000,train,1,3.64,0.358,6.21,4.38,1.62,3.1,2.42,1.34,1.78,2.45,0,0.55,neutral,neutral,0,-1.0,16,8283,0,
s27741,STBLUSDT,1787360400000,train,1,2.91,0.479,4.08,3.05,1.61,2.36,1.68,1.05,1.08,1.2,0,0.55,neutral,neutral,0,-1.0,16,8283,0,
s27742,WLDUSDT,1787360400000,train,1,5.62,0.634,5.61,5.47,1.28,5.08,3.84,1.37,1.48,2.1,0,0.55,neutral,alcista,1,2.0,15,8283,4,
s27743,OPUSDT,1787360400000,train,1,2.93,0.455,3.74,2.98,0.91,2.38,1.31,2.11,2.26,2.32,0,0.55,neutral,neutral,1,2.0,9,8283,0,
s27744,INJUSDT,1787360400000,train,1,2.89,0.505,3.51,2.88,0.85,2.34,1.26,1.4,1.55,2.04,0,0.55,neutral,alcista,0,-1.0,16,8283,4,
s27745,SUIUSDT,1787360400000,train,1,3.89,0.416,5.21,3.93,0.6,3.34,1.41,3.4,3.46,4.37,0,0.55,neutral,alcista,1,2.0,11,8283,2,
s27746,TIAUSDT,1787360400000,train,1,3.08,0.462,3.96,3.11,0.75,2.53,1.72,2.38,3.24,3.56,0,0.55,neutral,neutral,0,-1.0,16,8283,0,
s27747,SEIUSDT,1787360400000,train,1,2.58,0.407,3.32,2.6,1.53,2.03,1.06,3.2,2.6,2.67,0,0.55,neutral,neutral,0,-1.0,16,8283,0,
s27748,PENDLEUSDT,1787360400000,train,1,3.72,0.45,4.95,4.06,2.17,3.17,2.24,1.88,2.01,2.54,0,0.55,neutral,neutral,0,-1.0,16,8283,0,
s27749,ONDOUSDT,1787360400000,train,1,4.09,0.543,4.48,4.2,1.07,3.54,2.27,2.75,3.94,3.82,0,0.55,neutral,alcista,0,-1.0,16,8282,3,
s27750,ARUSDT,1787360400000,testB,1,7.4,0.608,9.2,7.28,0.51,6.85,2.97,8.45,5.32,4.77,1,0.55,neutral,neutral,0,-1.0,16,8282,0,
s27751,LDOUSDT,1787360400000,testB,1,3.38,0.363,4.9,4.22,0.53,2.83,2.14,2.38,2.19,2.79,0,0.55,neutral,alcista,0,-1.0,16,8282,4,
s27752,AXSUSDT,1787360400000,testB,1,4.71,0.553,5.61,4.58,1.53,4.16,1.9,3.37,2.54,2.59,0,0.55,neutral,neutral,0,-1.0,16,8282,0,
s27753,APEUSDT,1787360400000,testB,1,2.9,0.451,4.06,3.3,1.17,2.35,1.67,3.9,3.15,3.38,0,0.55,neutral,neutral,1,2.0,8,8282,0,
s27754,ASTERUSDT,1787361300000,train,1,2.74,0.402,3.14,3.09,0.83,2.85,1.54,2.44,5.6,9.47,0,-0.11,neutral,neutral,1,2.0,7,8284,1,
s27755,PUMPUSDT,1787361300000,train,1,5.26,0.446,6.48,6.06,2.14,5.36,3.75,1.34,1.78,2.45,0,-0.11,neutral,neutral,0,-1.0,15,8284,1,
s27756,WLDUSDT,1787361300000,train,1,4.83,0.6,6.02,4.96,1.68,4.93,3.43,1.37,1.48,2.1,0,-0.11,neutral,alcista,1,2.0,14,8284,5,
s27757,OPUSDT,1787361300000,train,1,2.64,0.43,3.46,2.78,0.95,2.75,1.2,2.11,2.26,2.32,0,-0.11,neutral,neutral,1,2.0,8,8284,1,
s27758,SUIUSDT,1787361300000,train,1,3.92,0.42,4.17,3.81,0.72,4.02,2.11,3.4,3.46,4.37,0,-0.11,neutral,alcista,1,2.0,10,8284,3,
s27759,TIAUSDT,1787361300000,train,1,3.54,0.496,3.79,3.44,0.82,3.65,1.94,2.38,3.24,3.56,0,-0.11,neutral,neutral,0,-1.0,15,8284,1,
s27760,SEIUSDT,1787361300000,train,1,2.68,0.416,2.81,2.61,1.55,2.78,1.4,3.2,2.6,2.67,0,-0.11,neutral,neutral,0,-1.0,15,8284,1,
s27761,PENDLEUSDT,1787361300000,train,1,3.65,0.447,4.92,4.68,2.54,3.76,2.69,1.88,2.01,2.54,0,-0.11,neutral,neutral,0,-1.0,15,8284,1,
s27762,ONDOUSDT,1787361300000,train,1,4.96,0.59,4.77,4.72,1.25,5.06,3.01,2.75,3.94,3.82,0,-0.11,neutral,alcista,0,-1.0,15,8283,4,
s27763,ARUSDT,1787361300000,testB,1,7.25,0.594,9.21,7.2,0.43,7.36,2.56,8.45,5.32,4.77,1,-0.11,neutral,neutral,0,-1.0,15,8283,0,
s27764,LDOUSDT,1787361300000,testB,1,3.2,0.351,6.25,4.57,0.81,3.3,2.25,2.38,2.19,2.79,0,-0.11,neutral,alcista,0,-1.0,15,8283,5,
s27765,AXSUSDT,1787361300000,testB,1,3.63,0.425,5.46,3.88,1.41,3.74,1.2,3.37,2.54,2.59,0,-0.11,neutral,neutral,0,-1.0,15,8283,0,
s27766,APEUSDT,1787361300000,testB,1,4.26,0.6,4.36,4.16,0.92,4.37,2.39,3.9,3.15,3.38,0,-0.11,neutral,neutral,1,2.0,10,8283,1,
s27767,WLDUSDT,1787362200000,train,1,3.4,0.41,6.07,4.18,1.97,3.82,2.24,1.37,1.48,2.1,0,-0.42,neutral,neutral,1,2.0,11,8285,0,
s27768,TIAUSDT,1787362200000,train,1,3.43,0.489,3.95,3.53,0.96,3.85,1.94,2.38,3.24,3.56,0,-0.42,neutral,alcista,0,-1.0,14,8285,2,
s27769,SEIUSDT,1787362200000,train,1,2.24,0.375,3.25,2.74,1.34,2.66,1.45,3.2,2.6,2.67,0,-0.42,neutral,alcista,0,-1.0,14,8285,2,
s27770,PENDLEUSDT,1787362200000,train,1,3.94,0.466,5.4,5.29,1.85,4.36,2.93,1.88,2.01,2.54,0,-0.42,neutral,alcista,0,-1.0,14,8285,2,
s27771,ONDOUSDT,1787362200000,train,1,4.06,0.495,4.59,3.9,1.36,4.48,2.38,2.75,3.94,3.82,0,-0.42,neutral,neutral,0,-1.0,14,8284,0,
s27772,ARUSDT,1787362200000,testB,1,7.57,0.604,8.91,7.3,0.23,7.99,2.62,8.45,5.32,4.77,1,-0.42,neutral,neutral,0,-1.0,14,8284,1,
s27773,APEUSDT,1787362200000,testB,1,5.73,0.669,5.82,5.82,1.0,6.15,3.64,3.9,3.15,3.38,0,-0.42,neutral,alcista,0,-1.0,14,8284,2,
s27774,ASTERUSDT,1787363100000,train,1,2.32,0.391,3.61,2.59,0.76,3.19,0.75,2.44,5.6,9.47,0,-0.87,neutral,neutral,1,2.0,4,8286,0,
s27775,WLDUSDT,1787363100000,train,1,3.09,0.388,6.06,4.3,1.74,3.96,1.97,1.37,1.48,2.1,0,-0.87,neutral,neutral,1,2.0,11,8286,1,
s27776,TIAUSDT,1787363100000,train,1,2.88,0.42,3.96,3.34,0.84,3.75,1.53,2.38,3.24,3.56,0,-0.87,neutral,neutral,0,-1.0,13,8286,0,
s27777,ARUSDT,1787363100000,testB,1,5.94,0.471,8.98,6.53,0.26,6.81,1.48,8.45,5.32,4.77,1,-0.87,neutral,neutral,0,-1.0,13,8285,0,
s27778,STXUSDT,1787363100000,testB,1,7.41,0.409,8.87,7.15,1.52,8.28,3.64,17.04,12.11,11.99,1,-0.87,neutral,alcista,0,-1.0,13,8285,2,
s27779,APEUSDT,1787363100000,testB,1,4.17,0.418,5.91,4.48,1.45,5.04,1.9,3.9,3.15,3.38,0,-0.87,neutral,neutral,0,-1.0,13,8285,0,
s27780,ASTERUSDT,1787364000000,train,1,2.34,0.396,2.97,2.65,0.76,3.24,1.37,3.08,5.37,9.74,0,-0.9,neutral,neutral,1,2.0,4,8287,1,
s27781,PUMPUSDT,1787364000000,train,1,6.77,0.453,8.27,7.74,1.47,7.68,4.33,1.58,1.7,2.45,0,-0.9,neutral,alcista,0,-1.0,12,8287,2,
s27782,WLDUSDT,1787364000000,train,1,2.93,0.378,6.0,5.28,1.38,3.83,2.63,1.55,1.46,2.11,0,-0.9,neutral,alcista,1,2.0,11,8287,2,
s27783,TIAUSDT,1787364000000,train,1,2.92,0.426,4.57,4.55,0.81,3.82,2.53,2.51,2.93,3.63,0,-0.9,neutral,neutral,0,-1.0,12,8287,1,
s27784,PENDLEUSDT,1787364000000,train,1,3.14,0.386,5.5,5.08,1.23,4.04,2.16,1.85,1.95,2.49,0,-0.9,neutral,neutral,0,-1.0,12,8287,1,
s27785,ARUSDT,1787364000000,testB,1,6.77,0.503,8.91,7.34,0.29,7.67,2.14,9.13,5.6,4.77,1,-0.9,neutral,neutral,0,-1.0,12,8286,1,
s27786,STXUSDT,1787364000000,testB,1,7.13,0.402,8.8,7.8,1.18,8.03,4.04,17.93,13.48,12.73,1,-0.9,neutral,alcista,0,-1.0,12,8286,3,
s27787,LDOUSDT,1787364000000,testB,1,3.53,0.432,6.2,5.34,0.91,4.43,2.33,2.54,2.22,2.81,0,-0.9,neutral,alcista,0,-1.0,12,8286,2,
s27788,APEUSDT,1787364000000,testB,1,4.78,0.453,5.9,5.63,1.61,5.68,2.88,4.38,3.39,3.55,0,-0.9,neutral,neutral,0,-1.0,12,8286,1,
s27789,ASTERUSDT,1787364900000,train,1,3.38,0.488,4.74,4.28,1.23,3.54,2.71,3.08,5.37,9.74,0,-0.16,neutral,alcista,0,-1.0,11,8288,2,
s27790,WLDUSDT,1787364900000,train,1,3.05,0.388,5.99,5.4,1.1,3.21,2.41,1.55,1.46,2.11,0,-0.16,neutral,alcista,0,-1.0,11,8288,3,
s27791,ENAUSDT,1787364900000,train,1,3.38,0.387,5.17,4.83,1.04,3.54,1.94,3.17,8.84,16.12,0,-0.16,neutral,alcista,1,2.0,6,8288,2,
s27792,OPUSDT,1787364900000,train,1,2.97,0.452,4.06,4.0,0.81,3.13,2.26,2.28,2.22,2.36,0,-0.16,neutral,alcista,1,2.0,8,8288,2,
s27793,INJUSDT,1787364900000,train,1,3.3,0.423,4.14,4.01,1.36,3.47,2.32,1.62,1.55,2.11,0,-0.16,neutral,alcista,0,-1.0,11,8288,2,
s27794,SUIUSDT,1787364900000,train,1,3.56,0.365,5.14,4.98,1.31,3.72,2.73,3.87,3.6,4.54,0,-0.16,neutral,alcista,0,-1.0,11,8288,2,
s27795,TIAUSDT,1787364900000,train,1,3.68,0.493,5.17,5.17,0.91,3.84,2.84,2.51,2.93,3.63,0,-0.16,neutral,alcista,0,-1.0,11,8288,2,
s27796,SEIUSDT,1787364900000,train,1,2.47,0.386,3.24,3.02,1.16,2.63,1.25,3.32,2.6,2.7,0,-0.16,neutral,alcista,0,-1.0,11,8288,2,
s27797,PENDLEUSDT,1787364900000,train,1,3.58,0.463,5.5,5.06,1.02,3.74,1.88,1.85,1.95,2.49,0,-0.16,neutral,neutral,0,-1.0,11,8288,0,
s27798,ONDOUSDT,1787364900000,train,1,3.84,0.353,5.01,4.65,1.18,4.0,2.57,2.92,3.74,3.81,0,-0.16,neutral,alcista,0,-1.0,11,8287,2,
s27799,LDOUSDT,1787364900000,testB,1,5.32,0.684,6.47,5.9,0.94,5.48,2.5,2.54,2.22,2.81,0,-0.16,neutral,alcista,0,-1.0,11,8287,3,
s27800,MANAUSDT,1787364900000,testB,1,2.26,0.473,3.67,3.42,1.3,2.42,1.55,3.1,2.59,3.22,0,-0.16,neutral,alcista,0,-1.0,11,8287,2,
s27801,APEUSDT,1787364900000,testB,1,6.2,0.543,6.7,6.64,1.65,6.36,3.54,4.38,3.39,3.55,0,-0.16,neutral,alcista,0,-1.0,11,8287,2,
s27802,ASTERUSDT,1787365800000,train,1,4.13,0.596,4.73,4.61,1.45,4.13,2.86,3.08,5.37,9.74,0,-0.0,neutral,alcista,0,-1.0,10,8289,3,
s27803,WLDUSDT,1787365800000,train,1,4.25,0.518,6.07,6.07,1.21,4.25,2.78,1.55,1.46,2.11,0,-0.0,neutral,alcista,0,-1.0,10,8289,4,
s27804,ENAUSDT,1787365800000,train,1,3.52,0.398,5.44,5.06,1.31,3.52,2.51,3.17,8.84,16.12,0,-0.0,neutral,alcista,1,2.0,7,8289,3,
s27805,OPUSDT,1787365800000,train,1,2.68,0.428,4.4,4.18,1.18,2.68,2.21,2.28,2.22,2.36,0,-0.0,neutral,alcista,1,2.0,7,8289,3,
s27806,INJUSDT,1787365800000,train,1,3.03,0.404,3.79,3.46,1.44,3.04,2.17,1.62,1.55,2.11,0,-0.0,neutral,alcista,0,-1.0,10,8289,3,
s27807,SUIUSDT,1787365800000,train,1,5.09,0.452,6.93,6.84,1.46,5.09,4.28,3.87,3.6,4.54,0,-0.0,neutral,alcista,0,-1.0,10,8289,3,
s27808,TIAUSDT,1787365800000,train,1,4.97,0.569,6.65,6.6,1.05,4.98,3.94,2.51,2.93,3.63,0,-0.0,neutral,alcista,0,-1.0,10,8289,3,
s27809,SEIUSDT,1787365800000,train,1,2.12,0.352,2.99,2.95,0.69,2.12,1.32,3.32,2.6,2.7,0,-0.0,neutral,alcista,0,-1.0,10,8289,3,
s27810,PENDLEUSDT,1787365800000,train,1,3.62,0.466,5.48,5.32,0.86,3.62,1.8,1.85,1.95,2.49,0,-0.0,neutral,neutral,0,-1.0,10,8289,1,
s27811,GRTUSDT,1787365800000,testB,1,3.64,0.365,4.13,3.79,1.08,3.64,2.12,2.97,2.88,3.19,0,-0.0,neutral,neutral,0,-1.0,10,8288,0,
s27812,LDOUSDT,1787365800000,testB,1,5.0,0.673,5.66,5.61,1.13,5.0,2.72,2.54,2.22,2.81,0,-0.0,neutral,alcista,0,-1.0,10,8288,4,
s27813,MANAUSDT,1787365800000,testB,1,2.62,0.515,3.82,3.73,0.95,2.63,1.63,3.1,2.59,3.22,0,-0.0,neutral,alcista,0,-1.0,10,8288,3,
s27814,AXSUSDT,1787365800000,testB,1,3.29,0.397,3.71,3.49,0.87,3.29,1.72,3.6,2.62,2.64,0,-0.0,neutral,alcista,0,-1.0,10,8288,3,
s27815,APEUSDT,1787365800000,testB,1,6.88,0.57,6.57,6.5,1.54,6.88,4.17,4.38,3.39,3.55,0,-0.0,neutral,alcista,0,-1.0,10,8288,3,
s27816,ASTERUSDT,1787366700000,train,1,6.4,0.7,7.43,6.61,2.35,6.36,4.45,3.08,5.37,9.74,0,0.04,neutral,alcista,0,-1.0,9,8290,4,
s27817,PUMPUSDT,1787366700000,train,1,5.71,0.384,8.4,6.3,1.89,5.67,1.96,1.58,1.7,2.45,0,0.04,neutral,neutral,0,-1.0,9,8290,1,
s27818,0GUSDT,1787366700000,train,1,2.57,0.372,4.17,4.12,1.49,2.53,1.96,1.26,1.14,1.89,0,0.04,neutral,alcista,0,-1.0,9,8290,4,
s27819,WLDUSDT,1787366700000,train,1,4.7,0.556,6.78,6.38,1.25,4.66,2.65,1.55,1.46,2.11,0,0.04,neutral,alcista,0,-1.0,9,8290,5,
s27820,ENAUSDT,1787366700000,train,1,4.82,0.475,6.75,6.39,1.43,4.78,3.6,3.17,8.84,16.12,0,0.04,neutral,alcista,0,-1.0,9,8290,4,
s27821,ARBUSDT,1787366700000,train,1,2.86,0.423,4.98,4.9,0.98,2.82,2.43,1.9,2.16,2.23,0,0.04,neutral,alcista,0,-1.0,9,8290,3,
s27822,OPUSDT,1787366700000,train,1,3.66,0.506,5.27,5.2,1.39,3.62,2.87,2.28,2.22,2.36,0,0.04,neutral,alcista,0,-1.0,9,8290,4,
s27823,TIAUSDT,1787366700000,train,1,4.82,0.555,6.78,6.56,1.21,4.78,3.34,2.51,2.93,3.63,0,0.04,neutral,neutral,0,-1.0,9,8290,0,
s27824,SEIUSDT,1787366700000,train,1,2.66,0.405,3.68,3.68,0.6,2.62,1.79,3.32,2.6,2.7,0,0.04,neutral,alcista,0,-1.0,9,8290,4,
s27825,PENDLEUSDT,1787366700000,train,1,3.71,0.472,5.85,5.43,0.63,3.67,1.81,1.85,1.95,2.49,0,0.04,neutral,alcista,0,-1.0,9,8290,2,
s27826,ARUSDT,1787366700000,testB,1,7.41,0.532,7.11,7.07,0.43,7.37,4.06,9.13,5.6,4.77,1,0.04,neutral,alcista,0,-1.0,9,8289,4,
s27827,GRTUSDT,1787366700000,testB,1,3.45,0.353,4.18,4.01,1.14,3.41,2.08,2.97,2.88,3.19,0,0.04,neutral,neutral,0,-1.0,9,8289,1,
s27828,LDOUSDT,1787366700000,testB,1,4.79,0.664,5.96,5.78,1.08,4.75,2.8,2.54,2.22,2.81,0,0.04,neutral,alcista,0,-1.0,9,8289,5,
s27829,MANAUSDT,1787366700000,testB,1,3.48,0.676,4.21,4.15,0.67,3.44,1.82,3.1,2.59,3.22,0,0.04,neutral,alcista,0,-1.0,9,8289,4,
s27830,AXSUSDT,1787366700000,testB,1,3.31,0.399,3.67,3.52,0.76,3.27,1.41,3.6,2.62,2.64,0,0.04,neutral,alcista,0,-1.0,9,8289,4,
s27831,APEUSDT,1787366700000,testB,1,7.49,0.591,7.36,7.29,1.18,7.45,4.47,4.38,3.39,3.55,0,0.04,neutral,alcista,0,-1.0,9,8289,4,
s27832,0GUSDT,1787367600000,train,1,3.44,0.526,5.11,4.33,1.88,3.63,2.04,1.49,1.19,1.87,0,-0.18,neutral,alcista,0,-1.0,8,8291,5,
s27833,WLDUSDT,1787367600000,train,1,5.63,0.639,7.4,6.93,1.34,5.81,2.94,1.81,1.57,2.2,0,-0.18,neutral,alcista,0,-1.0,8,8291,6,
s27834,ENAUSDT,1787367600000,train,1,6.91,0.602,7.9,7.88,1.58,7.09,4.88,3.85,7.31,16.02,0,-0.18,neutral,alcista,0,-1.0,8,8291,5,
s27835,ARBUSDT,1787367600000,train,1,2.93,0.434,5.94,4.93,1.36,3.11,2.26,2.35,2.3,2.38,0,-0.18,neutral,alcista,0,-1.0,8,8291,4,
s27836,OPUSDT,1787367600000,train,1,4.72,0.572,6.43,6.14,2.04,4.9,3.55,3.11,2.62,2.61,1,-0.18,neutral,alcista,0,-1.0,8,8291,5,
s27837,SUIUSDT,1787367600000,train,1,6.48,0.537,9.31,7.97,2.1,6.66,4.49,4.26,3.75,4.79,0,-0.18,neutral,neutral,0,-1.0,8,8291,0,
s27838,TIAUSDT,1787367600000,train,1,4.63,0.52,7.14,6.11,1.37,4.81,2.57,2.64,2.68,3.67,0,-0.18,neutral,neutral,0,-1.0,8,8291,0,
s27839,PENDLEUSDT,1787367600000,train,1,3.92,0.512,6.03,5.41,0.69,4.1,1.67,1.93,1.86,2.48,0,-0.18,neutral,neutral,0,-1.0,8,8291,0,
s27840,LDOUSDT,1787367600000,testB,1,5.22,0.693,6.78,6.12,1.3,5.41,3.01,2.63,2.29,2.92,0,-0.18,neutral,alcista,0,-1.0,8,8290,6,
s27841,MANAUSDT,1787367600000,testB,1,2.89,0.575,4.71,3.93,0.8,3.07,1.49,3.32,2.76,3.34,0,-0.18,neutral,neutral,0,-1.0,8,8290,0,
s27842,APEUSDT,1787367600000,testB,1,7.77,0.6,8.44,7.34,1.58,7.95,4.31,5.05,3.78,3.87,0,-0.18,neutral,alcista,0,-1.0,8,8290,5,
s27843,ASTERUSDT,1787368500000,train,1,7.07,0.62,10.22,7.76,4.44,6.61,4.56,4.69,5.8,10.48,0,0.46,neutral,neutral,0,-1.0,7,8292,0,
s27844,XPLUSDT,1787368500000,train,1,6.09,0.375,8.08,7.93,1.95,5.62,4.22,2.72,2.71,5.36,0,0.46,neutral,alcista,0,-1.0,7,8292,2,
s27845,0GUSDT,1787368500000,train,1,4.78,0.664,5.72,5.22,1.57,4.32,2.72,1.49,1.19,1.87,0,0.46,neutral,alcista,0,-1.0,7,8292,6,
s27846,ARBUSDT,1787368500000,train,1,4.96,0.573,6.75,6.7,1.9,4.5,3.77,2.35,2.3,2.38,0,0.46,neutral,alcista,0,-1.0,7,8292,5,
s27847,OPUSDT,1787368500000,train,1,6.64,0.675,8.56,7.67,2.9,6.18,4.67,3.11,2.62,2.61,1,0.46,neutral,alcista,0,-1.0,7,8292,6,
s27848,TIAUSDT,1787368500000,train,1,6.4,0.712,7.21,6.87,1.5,5.93,3.04,2.64,2.68,3.67,0,0.46,neutral,neutral,0,-1.0,7,8292,1,
s27849,SEIUSDT,1787368500000,train,1,3.64,0.462,4.63,4.39,1.31,3.17,2.22,3.7,2.85,2.86,0,0.46,neutral,neutral,0,-1.0,7,8292,1,
s27850,JUPUSDT,1787368500000,train,1,2.62,0.379,4.65,4.65,2.43,2.16,1.89,3.15,2.67,3.97,0,0.46,neutral,neutral,0,-1.0,7,8292,1,
s27851,PENDLEUSDT,1787368500000,train,1,4.41,0.543,6.0,5.84,0.72,3.95,1.9,1.93,1.86,2.48,0,0.46,neutral,neutral,0,-1.0,7,8292,1,
s27852,ONDOUSDT,1787368500000,train,1,4.49,0.393,6.33,6.04,1.12,4.03,3.19,3.42,3.59,3.93,0,0.46,neutral,alcista,0,-1.0,7,8291,6,
s27853,LDOUSDT,1787368500000,testB,1,5.59,0.707,6.75,6.57,0.96,5.13,3.04,2.63,2.29,2.92,0,0.46,neutral,alcista,0,-1.0,7,8291,7,
s27854,MANAUSDT,1787368500000,testB,1,4.0,0.678,5.04,4.84,0.89,3.53,2.23,3.32,2.76,3.34,0,0.46,neutral,neutral,0,-1.0,7,8291,1,
s27855,AXSUSDT,1787368500000,testB,1,3.96,0.399,4.19,4.17,0.73,3.5,2.5,3.76,2.75,2.73,1,0.46,neutral,neutral,0,-1.0,7,8291,1,
s27856,APEUSDT,1787368500000,testB,1,8.23,0.615,8.12,7.74,1.41,7.77,4.5,5.05,3.78,3.87,0,0.46,neutral,alcista,0,-1.0,7,8291,6,
s27857,ASTERUSDT,1787369400000,train,1,7.0,0.604,10.28,7.24,4.46,6.64,3.58,4.69,5.8,10.48,0,0.35,neutral,neutral,0,-1.0,6,8293,0,
s27858,XPLUSDT,1787369400000,train,1,6.14,0.379,9.32,7.76,1.71,5.78,3.75,2.72,2.71,5.36,0,0.35,neutral,neutral,0,-1.0,6,8293,0,
s27859,STBLUSDT,1787369400000,train,1,2.59,0.406,3.42,2.85,0.77,2.24,1.21,1.2,1.12,1.22,0,0.35,neutral,neutral,0,-1.0,6,8293,1,
s27860,0GUSDT,1787369400000,train,1,3.77,0.579,5.73,5.07,1.65,3.42,2.33,1.49,1.19,1.87,0,0.35,neutral,neutral,0,-1.0,6,8293,0,
s27861,ARBUSDT,1787369400000,train,1,4.89,0.555,7.09,6.08,2.32,4.53,2.79,2.35,2.3,2.38,0,0.35,neutral,neutral,0,-1.0,6,8293,0,
s27862,TIAUSDT,1787369400000,train,1,5.7,0.586,7.27,6.06,1.32,5.34,1.93,2.64,2.68,3.67,0,0.35,neutral,neutral,0,-1.0,6,8293,0,
s27863,SEIUSDT,1787369400000,train,1,3.37,0.413,4.65,4.08,1.36,3.02,1.68,3.7,2.85,2.86,0,0.35,neutral,neutral,0,-1.0,6,8293,0,
s27864,JUPUSDT,1787369400000,train,1,2.54,0.361,4.73,3.98,2.09,2.19,1.07,3.15,2.67,3.97,0,0.35,neutral,neutral,0,-1.0,6,8293,0,
s27865,PENDLEUSDT,1787369400000,train,1,4.68,0.591,6.13,5.68,0.82,4.33,1.55,1.93,1.86,2.48,0,0.35,neutral,neutral,0,-1.0,6,8293,0,
s27866,ONDOUSDT,1787369400000,train,1,5.92,0.494,7.03,6.89,1.23,5.56,3.66,3.42,3.59,3.93,0,0.35,neutral,alcista,0,-1.0,6,8292,7,
s27867,FETUSDT,1787369400000,train,1,5.75,0.43,7.44,7.27,3.39,5.4,3.78,3.73,3.22,3.87,0,0.35,neutral,alcista,0,-1.0,6,8292,2,
s27868,ARUSDT,1787369400000,testB,1,4.15,0.385,6.82,5.47,0.94,3.79,2.23,9.68,5.94,4.9,1,0.35,neutral,neutral,0,-1.0,6,8292,1,
s27869,GRTUSDT,1787369400000,testB,1,3.97,0.366,5.17,4.49,1.45,3.62,1.96,3.17,3.01,3.33,0,0.35,neutral,neutral,0,-1.0,6,8292,0,
s27870,LDOUSDT,1787369400000,testB,1,6.54,0.812,7.4,7.02,0.93,6.18,3.14,2.63,2.29,2.92,0,0.35,neutral,alcista,0,-1.0,6,8292,8,
s27871,MANAUSDT,1787369400000,testB,1,4.28,0.739,5.14,4.91,0.95,3.92,2.14,3.32,2.76,3.34,0,0.35,neutral,alcista,0,-1.0,6,8292,2,
s27872,ASTERUSDT,1787370300000,train,1,6.94,0.603,10.26,7.42,3.34,6.83,3.36,4.69,5.8,10.48,0,0.11,neutral,neutral,0,-1.0,5,8294,1,
s27873,STBLUSDT,1787370300000,train,1,2.96,0.443,3.62,3.16,0.91,2.85,1.45,1.2,1.12,1.22,0,0.11,neutral,alcista,0,-1.0,5,8294,2,
s27874,0GUSDT,1787370300000,train,1,3.86,0.593,5.76,4.49,1.64,3.75,1.63,1.49,1.19,1.87,0,0.11,neutral,neutral,0,-1.0,5,8294,0,
s27875,ARBUSDT,1787370300000,train,1,6.38,0.676,7.85,6.99,2.67,6.27,3.43,2.35,2.3,2.38,0,0.11,neutral,neutral,0,-1.0,5,8294,1,
s27876,TIAUSDT,1787370300000,train,1,5.6,0.583,7.24,6.38,1.27,5.49,2.1,2.64,2.68,3.67,0,0.11,neutral,neutral,0,-1.0,5,8294,1,
s27877,SEIUSDT,1787370300000,train,1,3.29,0.399,4.66,3.91,1.45,3.18,1.3,3.7,2.85,2.86,0,0.11,neutral,neutral,0,-1.0,5,8294,0,
s27878,JUPUSDT,1787370300000,train,1,4.79,0.623,5.82,5.26,3.18,4.68,2.24,3.15,2.67,3.97,0,0.11,neutral,neutral,0,-1.0,5,8294,1,
s27879,PENDLEUSDT,1787370300000,train,1,4.9,0.621,6.42,5.77,0.87,4.79,1.52,1.93,1.86,2.48,0,0.11,neutral,neutral,0,-1.0,5,8294,1,
s27880,ONDOUSDT,1787370300000,train,1,5.69,0.463,7.6,6.27,1.42,5.58,2.68,3.42,3.59,3.93,0,0.11,neutral,neutral,0,-1.0,5,8293,0,
s27881,FETUSDT,1787370300000,train,1,5.19,0.406,8.25,7.48,3.37,5.08,3.51,3.73,3.22,3.87,0,0.11,neutral,alcista,0,-1.0,5,8293,3,
s27882,ARUSDT,1787370300000,testB,1,4.86,0.437,6.11,5.23,1.06,4.75,2.17,9.68,5.94,4.9,1,0.11,neutral,alcista,0,-1.0,5,8293,2,
s27883,LDOUSDT,1787370300000,testB,1,6.2,0.762,8.03,6.83,1.52,6.09,2.65,2.63,2.29,2.92,0,0.11,neutral,neutral,0,-1.0,5,8293,0,
s27884,MANAUSDT,1787370300000,testB,1,4.53,0.759,5.25,4.8,1.1,4.42,2.07,3.32,2.76,3.34,0,0.11,neutral,alcista,0,-1.0,5,8293,3,
s27885,0GUSDT,1787371200000,train,1,3.92,0.607,5.21,3.83,1.13,3.28,1.42,1.6,1.35,1.85,0,0.64,neutral,neutral,0,-1.0,4,8295,0,
s27886,INJUSDT,1787371200000,train,1,4.46,0.47,4.65,4.56,1.58,3.83,2.19,2.04,1.74,2.27,0,0.64,neutral,neutral,0,-1.0,4,8295,1,
s27887,TIAUSDT,1787371200000,train,1,5.87,0.596,6.09,5.83,1.03,5.24,2.71,2.62,2.71,3.8,0,0.64,neutral,alcista,0,-1.0,4,8295,2,
s27888,SEIUSDT,1787371200000,train,1,3.76,0.432,3.93,3.77,0.84,3.13,1.79,4.33,3.26,3.13,1,0.64,neutral,neutral,0,-1.0,4,8295,1,
s27889,JUPUSDT,1787371200000,train,1,4.51,0.61,4.55,4.5,2.06,3.88,2.54,4.48,3.23,4.46,0,0.64,neutral,alcista,0,-1.0,4,8295,2,
s27890,PENDLEUSDT,1787371200000,train,1,5.85,0.719,5.66,5.56,0.87,5.22,1.88,2.14,1.94,2.47,0,0.64,neutral,alcista,0,-1.0,4,8295,2,
s27891,ONDOUSDT,1787371200000,train,1,7.31,0.559,7.45,7.21,1.43,6.67,3.37,3.68,3.27,4.05,0,0.64,neutral,neutral,0,-1.0,4,8294,1,
s27892,ARUSDT,1787371200000,testB,1,4.65,0.427,5.03,4.7,0.88,4.01,2.28,8.22,6.25,5.07,1,0.64,neutral,alcista,0,-1.0,4,8294,3,
s27893,LDOUSDT,1787371200000,testB,1,6.26,0.773,7.21,6.02,1.52,5.63,2.38,2.47,2.43,3.05,0,0.64,neutral,neutral,0,-1.0,4,8294,0,
s27894,MANAUSDT,1787371200000,testB,1,4.62,0.764,4.5,4.48,0.93,3.98,2.44,3.57,3.03,3.54,0,0.64,neutral,alcista,0,-1.0,4,8294,4,
s27895,STBLUSDT,1787372100000,train,1,2.85,0.39,3.73,2.99,1.07,1.98,1.11,1.22,1.2,1.29,0,0.87,neutral,neutral,0,-1.0,3,8296,1,
s27896,0GUSDT,1787372100000,train,1,3.79,0.6,4.81,3.65,1.0,2.92,1.38,1.6,1.35,1.85,0,0.87,neutral,neutral,0,-1.0,3,8296,1,
s27897,INJUSDT,1787372100000,train,1,4.22,0.436,4.77,4.36,1.49,3.35,1.85,2.04,1.74,2.27,0,0.87,neutral,neutral,0,-1.0,3,8296,0,
s27898,TIAUSDT,1787372100000,train,1,5.43,0.526,6.11,5.15,1.02,4.56,1.84,2.62,2.71,3.8,0,0.87,neutral,neutral,0,-1.0,3,8296,0,
s27899,SEIUSDT,1787372100000,train,1,3.25,0.388,3.55,3.29,0.83,2.38,1.53,4.33,3.26,3.13,1,0.87,neutral,neutral,0,-1.0,3,8296,0,
s27900,JUPUSDT,1787372100000,train,1,3.8,0.571,4.49,4.49,1.98,2.93,2.72,4.48,3.23,4.46,0,0.87,neutral,alcista,0,-1.0,3,8296,3,
s27901,PENDLEUSDT,1787372100000,train,1,5.82,0.718,5.58,5.5,0.98,4.95,1.96,2.14,1.94,2.47,0,0.87,neutral,alcista,0,-1.0,3,8296,3,
s27902,ONDOUSDT,1787372100000,train,1,7.15,0.538,7.48,6.86,1.21,6.28,2.75,3.68,3.27,4.05,0,0.87,neutral,neutral,0,-1.0,3,8295,0,
s27903,GRTUSDT,1787372100000,testB,1,4.07,0.407,4.69,4.41,1.0,3.2,2.01,3.29,3.13,3.48,0,0.87,neutral,neutral,0,-1.0,3,8295,0,
s27904,LDOUSDT,1787372100000,testB,1,5.41,0.646,6.89,5.16,1.76,4.54,1.71,2.47,2.43,3.05,0,0.87,neutral,neutral,0,-1.0,3,8295,0,
s27905,MANAUSDT,1787372100000,testB,1,3.55,0.607,3.97,3.53,0.93,2.68,1.84,3.57,3.03,3.54,0,0.87,neutral,neutral,0,-1.0,3,8295,0,
s27906,STBLUSDT,1787373000000,train,1,2.68,0.378,4.09,3.67,1.0,1.61,1.66,1.22,1.2,1.29,0,1.07,neutral,alcista,0,-1.0,2,8297,2,
s27907,0GUSDT,1787373000000,train,1,3.87,0.607,4.66,4.44,0.85,2.8,2.2,1.6,1.35,1.85,0,1.07,neutral,alcista,0,-1.0,2,8297,2,
s27908,INJUSDT,1787373000000,train,1,4.86,0.471,5.3,5.24,1.42,3.79,2.58,2.04,1.74,2.27,0,1.07,neutral,neutral,0,-1.0,2,8297,1,
s27909,TIAUSDT,1787373000000,train,1,5.43,0.527,6.01,5.56,1.2,4.36,2.06,2.62,2.71,3.8,0,1.07,neutral,neutral,0,-1.0,2,8297,1,
s27910,SEIUSDT,1787373000000,train,1,4.4,0.462,4.85,4.65,1.26,3.33,2.7,4.33,3.26,3.13,1,1.07,neutral,neutral,0,-1.0,2,8297,1,
s27911,JUPUSDT,1787373000000,train,1,6.65,0.7,7.17,7.04,2.61,5.58,5.1,4.48,3.23,4.46,0,1.07,neutral,alcista,0,-1.0,2,8297,4,
s27912,PENDLEUSDT,1787373000000,train,1,3.83,0.632,4.9,4.3,1.12,2.75,2.47,2.14,1.94,2.47,0,1.07,neutral,alcista,0,-1.0,2,8297,4,
s27913,ONDOUSDT,1787373000000,train,1,7.95,0.565,8.23,7.69,1.03,6.88,3.37,3.68,3.27,4.05,0,1.07,neutral,neutral,0,-1.0,2,8296,1,
s27914,GRTUSDT,1787373000000,testB,1,5.02,0.46,5.94,5.83,1.02,3.95,3.08,3.29,3.13,3.48,0,1.07,neutral,neutral,0,-1.0,2,8296,1,
s27915,LDOUSDT,1787373000000,testB,1,5.73,0.662,6.38,5.9,1.81,4.66,2.67,2.47,2.43,3.05,0,1.07,neutral,neutral,0,-1.0,2,8296,1,
s27916,MANAUSDT,1787373000000,testB,1,4.29,0.652,4.56,4.31,1.02,3.22,2.45,3.57,3.03,3.54,0,1.07,neutral,neutral,0,-1.0,2,8296,1,
s27917,AXSUSDT,1787373000000,testB,1,4.14,0.365,6.38,5.95,1.63,3.07,3.28,4.28,3.18,3.04,1,1.07,neutral,alcista,0,-1.0,2,8296,3,
s27918,0GUSDT,1787373900000,train,1,5.41,0.693,6.54,5.62,2.0,4.73,3.32,1.6,1.35,1.85,0,0.68,neutral,alcista,0,-1.0,1,8298,3,
s27919,INJUSDT,1787373900000,train,1,4.05,0.41,5.78,5.06,1.45,3.36,2.2,2.04,1.74,2.27,0,0.68,neutral,neutral,0,-1.0,1,8298,0,
s27920,TIAUSDT,1787373900000,train,1,5.05,0.511,5.33,5.02,1.59,4.37,2.39,2.62,2.71,3.8,0,0.68,neutral,alcista,0,-1.0,1,8298,2,
s27921,SEIUSDT,1787373900000,train,1,4.35,0.461,4.84,4.65,1.82,3.67,2.86,4.33,3.26,3.13,1,0.68,neutral,alcista,0,-1.0,1,8298,2,
s27922,JUPUSDT,1787373900000,train,1,6.2,0.672,8.02,6.95,2.64,5.52,4.4,4.48,3.23,4.46,0,0.68,neutral,neutral,0,-1.0,1,8298,0,
s27923,PENDLEUSDT,1787373900000,train,1,3.02,0.533,4.3,3.49,1.34,2.34,2.08,2.14,1.94,2.47,0,0.68,neutral,neutral,0,-1.0,1,8298,0,
s27924,ONDOUSDT,1787373900000,train,1,5.18,0.419,6.96,5.85,0.97,4.5,2.57,3.68,3.27,4.05,0,0.68,neutral,neutral,0,-1.0,1,8297,0,
s27925,ARUSDT,1787373900000,testB,1,3.59,0.362,5.18,4.89,1.05,2.91,2.13,8.22,6.25,5.07,1,0.68,neutral,alcista,0,-1.0,1,8297,2,
s27926,GRTUSDT,1787373900000,testB,1,3.6,0.364,6.17,5.62,1.27,2.91,2.52,3.29,3.13,3.48,0,0.68,neutral,neutral,0,-1.0,1,8297,0,
s27927,LDOUSDT,1787373900000,testB,1,4.78,0.622,5.78,4.89,1.37,4.1,2.42,2.47,2.43,3.05,0,0.68,neutral,alcista,0,-1.0,1,8297,2,
s27928,MANAUSDT,1787373900000,testB,1,4.1,0.642,5.23,4.45,1.44,3.41,2.28,3.57,3.03,3.54,0,0.68,neutral,alcista,0,-1.0,1,8297,2,
s27929,ASTERUSDT,1787389200000,train,-1,-3.3,0.429,8.5,6.4,0.55,-3.36,3.06,7.26,6.28,8.85,0,0.06,neutral,neutral,0,0.099,32,8315,0,
s27930,ASTERUSDT,1787390100000,train,-1,-3.96,0.572,6.88,4.57,0.72,-3.82,2.76,7.26,6.28,8.85,0,-0.14,neutral,neutral,0,0.266,32,8316,0,
s27931,AXSUSDT,1787390100000,testB,-1,-2.64,0.391,4.02,3.36,0.51,-2.5,2.96,6.47,5.39,4.03,1,-0.14,neutral,neutral,0,0.056,32,8315,1,
s27932,ASTERUSDT,1787391000000,train,-1,-2.97,0.496,6.15,4.28,0.72,-2.98,2.68,7.26,6.28,8.85,0,0.01,neutral,neutral,0,0.039,32,8317,1,
s27933,ASTERUSDT,1787391900000,train,-1,-2.84,0.484,4.74,3.45,0.87,-2.42,1.92,7.26,6.28,8.85,0,-0.42,neutral,bajista,0,-0.167,32,8318,2,
s27934,XPLUSDT,1787391900000,train,-1,-3.11,0.356,5.79,4.25,0.81,-2.69,1.14,4.58,3.79,5.29,0,-0.42,neutral,bajista,0,-1.0,10,8318,2,
s27935,ONDOUSDT,1787391900000,train,-1,-4.36,0.45,7.18,6.38,0.62,-3.94,2.06,6.65,5.24,5.09,1,-0.42,neutral,bajista,0,-0.0,32,8317,3,
s27936,ASTERUSDT,1787392800000,train,-1,-3.8,0.555,5.36,4.82,0.8,-3.2,3.03,6.48,6.34,8.01,0,-0.6,neutral,bajista,0,-0.283,32,8319,3,
s27937,XPLUSDT,1787392800000,train,-1,-4.61,0.466,6.12,5.73,0.84,-4.01,2.65,4.11,3.72,4.58,0,-0.6,neutral,bajista,0,-1.0,9,8319,3,
s27938,OPUSDT,1787392800000,train,-1,-3.8,0.355,6.24,6.07,1.48,-3.21,3.24,5.12,4.8,3.81,1,-0.6,neutral,bajista,0,-0.725,32,8319,3,
s27939,INJUSDT,1787392800000,train,-1,-3.11,0.369,5.25,4.95,0.81,-2.52,2.68,3.05,2.6,2.27,1,-0.6,neutral,bajista,0,-1.0,31,8319,4,
s27940,ASTERUSDT,1787393700000,train,-1,-3.52,0.527,6.15,4.76,0.87,-3.14,2.49,6.48,6.34,8.01,0,-0.38,neutral,neutral,0,-0.216,32,8320,0,
s27941,OPUSDT,1787393700000,train,-1,-4.35,0.432,7.75,5.91,2.25,-3.97,2.69,5.12,4.8,3.81,1,-0.38,neutral,neutral,0,-0.78,32,8320,0,
s27942,INJUSDT,1787393700000,train,-1,-3.01,0.356,6.06,4.89,1.02,-2.63,2.27,3.05,2.6,2.27,1,-0.38,neutral,neutral,0,-1.0,30,8320,0,
s27943,GRTUSDT,1787393700000,testB,-1,-3.34,0.41,6.11,4.9,1.32,-2.95,1.86,4.32,3.93,3.72,1,-0.38,neutral,neutral,0,-0.099,32,8319,0,
s27944,LDOUSDT,1787393700000,testB,-1,-4.24,0.354,8.86,7.56,1.22,-3.86,2.81,4.15,3.43,3.13,1,-0.38,neutral,neutral,0,-0.377,32,8319,0,
s27945,GRTUSDT,1787394600000,testB,-1,-2.97,0.352,6.06,3.9,1.57,-2.69,0.97,4.32,3.93,3.72,1,-0.28,neutral,neutral,0,0.231,32,8320,0,
s27946,WLDUSDT,1787395500000,train,-1,-5.44,0.447,9.62,7.14,1.46,-4.8,2.01,4.24,3.37,2.69,1,-0.65,neutral,neutral,0,-0.039,32,8322,1,
s27947,INJUSDT,1787395500000,train,-1,-3.91,0.47,6.03,4.36,1.14,-3.26,1.51,3.05,2.6,2.27,1,-0.65,neutral,neutral,0,-1.0,28,8322,1,
s27948,SUIUSDT,1787395500000,train,-1,-4.55,0.382,9.17,6.6,1.38,-3.9,1.7,6.66,6.04,5.32,1,-0.65,neutral,neutral,0,-0.005,32,8322,1,
s27949,ONDOUSDT,1787395500000,train,-1,-5.32,0.521,9.21,7.06,1.31,-4.68,2.35,6.64,5.42,5.05,1,-0.65,neutral,neutral,0,-0.173,32,8321,1,
s27950,GRTUSDT,1787395500000,testB,-1,-3.71,0.432,6.08,4.4,1.49,-3.07,1.24,4.32,3.93,3.72,1,-0.65,neutral,neutral,0,0.123,32,8321,1,
s27951,LDOUSDT,1787395500000,testB,-1,-5.29,0.495,8.77,6.48,0.93,-4.65,1.53,4.15,3.43,3.13,1,-0.65,neutral,neutral,0,-0.172,32,8321,1,
s27952,ASTERUSDT,1787396400000,train,-1,-3.51,0.416,6.01,4.33,0.79,-2.86,1.63,3.14,6.19,7.62,0,-0.65,neutral,bajista,0,-0.131,32,8323,2,
s27953,WLDUSDT,1787396400000,train,-1,-5.28,0.429,8.92,6.3,0.98,-4.62,1.79,2.14,3.38,2.54,0,-0.65,neutral,neutral,0,0.048,32,8323,0,
s27954,INJUSDT,1787396400000,train,-1,-3.52,0.442,5.85,4.59,0.7,-2.87,1.74,1.62,2.53,2.2,0,-0.65,neutral,bajista,0,-1.0,27,8323,2,
s27955,SUIUSDT,1787396400000,train,-1,-5.01,0.406,9.21,7.09,0.76,-4.36,2.05,3.43,5.85,5.17,0,-0.65,neutral,bajista,0,-0.079,32,8323,2,
s27956,JUPUSDT,1787396400000,train,-1,-3.7,0.386,6.55,4.53,1.1,-3.05,1.43,2.24,4.5,4.28,0,-0.65,neutral,bajista,0,-0.25,32,8323,2,
s27957,ONDOUSDT,1787396400000,train,-1,-5.4,0.528,8.37,6.28,0.93,-4.75,2.26,3.3,5.29,4.96,0,-0.65,neutral,bajista,0,-0.242,32,8322,2,
s27958,ARUSDT,1787396400000,testB,-1,-4.1,0.368,7.63,5.4,0.47,-3.45,1.22,3.61,6.14,5.96,0,-0.65,neutral,neutral,0,-0.086,32,8322,0,
s27959,GRTUSDT,1787396400000,testB,-1,-3.38,0.408,5.73,4.22,1.0,-2.73,1.36,2.19,3.81,3.53,0,-0.65,neutral,bajista,0,0.071,32,8322,2,
s27960,LDOUSDT,1787396400000,testB,-1,-5.06,0.482,8.6,6.61,0.56,-4.41,1.72,2.66,3.3,2.97,0,-0.65,neutral,bajista,0,-0.364,32,8322,2,
s27961,ASTERUSDT,1787397300000,train,-1,-3.6,0.434,5.99,3.92,0.58,-2.98,1.15,3.14,6.19,7.62,0,-0.62,neutral,neutral,0,0.023,32,8324,0,
s27962,WLDUSDT,1787397300000,train,-1,-6.2,0.478,8.59,6.81,0.6,-5.58,2.58,2.14,3.38,2.54,0,-0.62,neutral,neutral,0,-0.019,32,8324,1,
s27963,ARBUSDT,1787397300000,train,-1,-3.49,0.367,5.69,4.01,0.55,-2.87,1.27,2.48,3.54,3.05,0,-0.62,neutral,bajista,0,-0.517,32,8324,3,
s27964,INJUSDT,1787397300000,train,-1,-4.12,0.559,5.85,4.63,0.47,-3.5,1.72,1.62,2.53,2.2,0,-0.62,neutral,bajista,0,-1.0,26,8324,3,
s27965,SUIUSDT,1787397300000,train,-1,-5.64,0.488,9.19,6.92,0.49,-5.02,1.93,3.43,5.85,5.17,0,-0.62,neutral,neutral,0,-0.012,32,8324,0,
s27966,SEIUSDT,1787397300000,train,-1,-3.54,0.391,5.22,3.74,0.44,-2.92,1.11,2.74,5.09,3.77,0,-0.62,neutral,bajista,0,-0.471,32,8324,3,
s27967,JUPUSDT,1787397300000,train,-1,-4.3,0.448,6.57,4.89,0.65,-3.69,1.73,2.24,4.5,4.28,0,-0.62,neutral,bajista,0,-0.293,32,8324,3,
s27968,ONDOUSDT,1787397300000,train,-1,-5.62,0.56,8.37,6.31,0.6,-5.0,2.27,3.3,5.29,4.96,0,-0.62,neutral,neutral,0,-0.207,32,8323,0,
s27969,ARUSDT,1787397300000,testB,-1,-4.35,0.402,7.61,5.15,0.31,-3.73,0.87,3.61,6.14,5.96,0,-0.62,neutral,neutral,0,-0.018,32,8323,0,
s27970,GRTUSDT,1787397300000,testB,-1,-3.48,0.429,5.72,3.91,0.59,-2.87,1.04,2.19,3.81,3.53,0,-0.62,neutral,neutral,0,0.323,32,8323,0,
s27971,LDOUSDT,1787397300000,testB,-1,-5.54,0.561,8.57,6.23,0.38,-4.92,1.33,2.66,3.3,2.97,0,-0.62,neutral,neutral,0,-0.247,32,8323,0,
s27972,SANDUSDT,1787397300000,testB,-1,-3.88,0.442,6.49,5.36,0.63,-3.26,1.41,5.51,22.26,13.15,0,-0.62,neutral,neutral,0,-0.016,32,8323,0,
s27973,MANAUSDT,1787397300000,testB,-1,-3.77,0.375,5.51,4.01,0.55,-3.15,0.89,2.94,4.24,3.67,0,-0.62,neutral,neutral,0,-0.04,32,8323,0,
s27974,APEUSDT,1787397300000,testB,-1,-4.13,0.408,6.82,4.66,0.68,-3.51,1.06,3.32,6.45,4.97,0,-0.62,neutral,neutral,0,-0.507,32,8323,0,
s27975,INJUSDT,1787398200000,train,-1,-2.71,0.354,5.34,3.28,0.43,-2.43,0.88,1.62,2.53,2.2,0,-0.28,neutral,neutral,0,-1.0,21,8325,0,
s27976,ONDOUSDT,1787398200000,train,-1,-4.04,0.398,7.28,4.37,0.45,-3.75,1.05,3.3,5.29,4.96,0,-0.28,neutral,neutral,0,-0.235,32,8324,0,
s27977,SANDUSDT,1787398200000,testB,-1,-3.62,0.401,6.47,4.95,0.59,-3.34,1.12,5.51,22.26,13.15,0,-0.28,neutral,neutral,0,-0.048,32,8324,0,
s27978,ONDOUSDT,1787399100000,train,-1,-3.52,0.364,6.5,3.72,0.46,-3.32,1.07,3.3,5.29,4.96,0,-0.19,neutral,neutral,0,-0.21,32,8325,1,
s27979,LDOUSDT,1787399100000,testB,-1,-3.97,0.411,6.84,4.47,0.29,-3.78,1.22,2.66,3.3,2.97,0,-0.19,neutral,neutral,0,-0.319,32,8325,1,
s27980,SANDUSDT,1787399100000,testB,-1,-3.72,0.418,6.25,4.73,0.39,-3.53,1.12,5.51,22.26,13.15,0,-0.19,neutral,neutral,0,-0.041,32,8325,1,
s27981,INJUSDT,1787400000000,train,-1,-2.84,0.393,5.23,2.99,0.4,-2.62,0.53,1.4,2.47,2.13,0,-0.22,neutral,neutral,0,-1.0,19,8327,0,
s27982,SANDUSDT,1787400000000,testB,-1,-3.68,0.415,5.97,3.84,0.46,-3.46,0.6,3.09,21.63,13.1,0,-0.22,neutral,neutral,0,0.039,32,8326,0,
s27983,XPLUSDT,1787400900000,train,1,5.18,0.412,6.85,6.75,1.92,5.02,3.77,2.1,3.84,3.8,0,0.16,neutral,alcista,0,-0.672,32,8328,5,
s27984,XPLUSDT,1787401800000,train,1,4.84,0.394,7.24,6.7,2.53,4.76,3.36,2.1,3.84,3.8,0,0.09,neutral,neutral,0,-0.755,32,8329,0,
s27985,STBLUSDT,1787405400000,train,-1,-2.68,0.49,4.69,3.88,0.23,-2.65,0.28,1.24,1.83,1.48,0,-0.03,neutral,neutral,0,1.14,32,8333,1,
s27986,STBLUSDT,1787406300000,train,-1,-2.7,0.49,2.85,2.81,0.37,-3.02,0.91,1.24,1.83,1.48,0,0.32,neutral,bajista,0,1.306,32,8334,2,
s27987,STBLUSDT,1787407200000,train,-1,-2.16,0.431,2.68,2.44,1.01,-2.6,1.4,1.19,1.84,1.49,0,0.44,neutral,bajista,0,1.258,32,8335,3,
s27988,PENDLEUSDT,1787407200000,train,1,3.03,0.388,5.02,3.99,0.77,2.59,0.35,1.35,2.31,2.21,0,0.44,neutral,neutral,0,0.21,32,8335,0,
s27989,PENDLEUSDT,1787408100000,train,1,3.28,0.41,4.15,3.32,0.88,3.06,0.53,1.35,2.31,2.21,0,0.22,neutral,neutral,0,0.349,32,8336,1,
s27990,STBLUSDT,1787409000000,train,-1,-2.25,0.439,3.49,3.25,1.55,-1.99,2.05,1.19,1.84,1.49,0,-0.26,neutral,bajista,0,0.488,32,8337,5,
s27991,STBLUSDT,1787409900000,train,-1,-2.82,0.603,3.57,3.13,1.96,-2.87,1.77,1.19,1.84,1.49,0,0.06,neutral,bajista,0,0.418,32,8338,6,
s27992,STBLUSDT,1787410800000,train,-1,-3.2,0.634,3.59,3.51,1.29,-3.32,1.99,0.85,1.92,1.55,0,0.12,neutral,bajista,0,0.284,32,8339,7,
s27993,STBLUSDT,1787411700000,train,-1,-3.67,0.674,4.41,3.97,1.35,-3.67,2.18,0.85,1.92,1.55,0,0.0,neutral,bajista,0,0.202,32,8340,8,
s27994,WLDUSDT,1787412600000,train,-1,-2.81,0.357,5.41,4.1,1.78,-2.66,1.34,1.32,3.06,2.37,0,-0.15,neutral,neutral,0,0.088,32,8341,0,
s27995,TIAUSDT,1787412600000,train,-1,-2.21,0.455,3.98,3.29,2.33,-2.06,1.24,2.05,4.05,3.6,0,-0.15,neutral,bajista,0,0.008,32,8341,7,
s27996,TIAUSDT,1787413500000,train,-1,-2.39,0.474,4.0,3.65,1.03,-2.21,1.4,2.05,4.05,3.6,0,-0.18,neutral,bajista,0,-0.124,32,8342,8,
s27997,GRTUSDT,1787413500000,testB,-1,-2.37,0.357,3.71,3.65,1.05,-2.19,1.49,1.62,3.15,3.23,0,-0.18,neutral,bajista,0,0.4,32,8341,6,
s27998,ASTERUSDT,1787414400000,train,-1,-2.16,0.632,2.94,2.71,0.89,-1.93,0.63,1.14,3.93,5.61,0,-0.23,neutral,bajista,0,0.254,32,8343,3,
s27999,0GUSDT,1787414400000,train,-1,-2.05,0.459,2.96,2.4,1.47,-1.82,0.71,0.87,2.99,2.17,0,-0.23,neutral,neutral,0,0.667,32,8343,0,
s28000,WLDUSDT,1787414400000,train,-1,-3.5,0.516,5.41,4.04,0.98,-3.28,0.93,1.0,2.68,2.35,0,-0.23,neutral,neutral,0,0.006,32,8343,0,
s28001,ENAUSDT,1787414400000,train,-1,-4.7,0.372,9.1,7.12,0.73,-4.48,1.44,2.19,3.52,5.67,0,-0.23,neutral,bajista,0,-1.0,25,8343,2,
s28002,SUIUSDT,1787414400000,train,-1,-2.46,0.444,4.16,3.18,0.84,-2.23,0.83,1.49,4.23,4.62,0,-0.23,neutral,neutral,0,0.131,32,8343,0,
s28003,TIAUSDT,1787414400000,train,-1,-2.59,0.538,3.98,3.29,0.88,-2.36,1.02,1.5,3.84,3.47,0,-0.23,neutral,neutral,0,-0.089,32,8343,0,
s28004,SEIUSDT,1787414400000,train,-1,-2.15,0.51,3.35,2.45,0.76,-1.92,0.43,1.33,3.64,3.64,0,-0.23,neutral,neutral,0,-1.0,7,8343,0,
s28005,FETUSDT,1787414400000,train,-1,-3.21,0.495,5.19,4.44,0.89,-2.98,1.22,1.25,3.07,3.49,0,-0.23,neutral,neutral,0,-0.127,32,8342,0,
s28006,GRTUSDT,1787414400000,testB,-1,-3.18,0.551,4.07,3.65,0.91,-2.95,1.39,1.34,2.91,3.17,0,-0.23,neutral,neutral,0,0.45,32,8342,0,
s28007,XPLUSDT,1787415300000,train,-1,-3.03,0.477,5.17,3.63,0.42,-2.87,0.15,1.67,2.99,3.13,0,-0.16,neutral,neutral,0,0.275,32,8344,1,
s28008,ENAUSDT,1787415300000,train,-1,-5.52,0.451,9.13,7.42,0.76,-5.37,1.74,2.19,3.52,5.67,0,-0.16,neutral,bajista,0,-1.0,24,8344,3,
s28009,TIAUSDT,1787415300000,train,-1,-2.58,0.538,3.58,2.65,0.96,-2.42,0.78,1.5,3.84,3.47,0,-0.16,neutral,neutral,0,-0.28,32,8344,0,
s28010,GRTUSDT,1787415300000,testB,-1,-2.47,0.382,3.92,2.65,0.88,-2.31,0.66,1.34,2.91,3.17,0,-0.16,neutral,neutral,0,0.659,32,8343,0,
s28011,XPLUSDT,1787416200000,train,-1,-3.05,0.478,4.96,3.48,0.67,-3.13,0.21,1.67,2.99,3.13,0,0.08,neutral,bajista,0,0.254,32,8345,2,
s28012,ENAUSDT,1787416200000,train,-1,-4.99,0.391,9.07,6.71,0.68,-5.07,0.91,2.19,3.52,5.67,0,0.08,neutral,neutral,0,-1.0,23,8345,0,
s28013,XPLUSDT,1787417100000,train,-1,-2.91,0.466,4.39,3.18,0.85,-2.91,0.73,1.67,2.99,3.13,0,0.0,neutral,bajista,0,0.033,32,8346,3,
s28014,ENAUSDT,1787417100000,train,-1,-4.74,0.377,9.09,7.02,0.68,-4.74,1.53,2.19,3.52,5.67,0,0.0,neutral,neutral,0,-1.0,22,8346,1,
s28015,INJUSDT,1787417100000,train,1,2.3,0.414,5.55,3.9,1.37,2.29,1.46,1.18,2.17,2.02,0,0.0,neutral,alcista,0,0.199,32,8346,4,
s28016,PENDLEUSDT,1787417100000,train,1,2.46,0.352,3.59,3.47,1.08,2.46,1.89,1.0,2.06,2.06,0,0.0,neutral,alcista,0,0.019,32,8346,4,
s28017,XPLUSDT,1787418000000,train,-1,-3.15,0.484,3.85,3.46,0.76,-3.24,1.66,1.66,1.87,3.03,0,0.09,neutral,bajista,0,-0.185,32,8347,4,
s28018,ENAUSDT,1787418000000,train,-1,-6.52,0.562,8.67,7.14,0.62,-6.61,1.97,2.06,2.62,5.07,0,0.09,neutral,bajista,0,-1.0,21,8347,2,
s28019,XPLUSDT,1787418900000,train,-1,-2.84,0.456,3.78,3.28,0.85,-2.75,2.17,1.66,1.87,3.03,0,-0.09,neutral,bajista,0,-0.598,32,8348,5,
s28020,ENAUSDT,1787418900000,train,-1,-5.31,0.468,7.86,5.86,0.59,-5.22,1.36,2.06,2.62,5.07,0,-0.09,neutral,neutral,0,-1.0,20,8348,0,
s28021,INJUSDT,1787418900000,train,1,2.11,0.384,5.57,3.52,1.34,2.21,0.84,1.25,1.49,1.99,0,-0.09,neutral,neutral,0,0.291,32,8348,0,
s28022,OPUSDT,1787419800000,train,1,2.59,0.382,3.99,3.73,0.87,2.5,1.78,1.13,1.92,3.39,0,0.09,neutral,neutral,0,-1.0,16,8349,1,
s28023,INJUSDT,1787419800000,train,1,3.05,0.474,5.51,4.62,1.3,2.96,1.91,1.25,1.49,1.99,0,0.09,neutral,neutral,0,0.022,32,8349,1,
s28024,OPUSDT,1787420700000,train,1,2.48,0.373,4.34,3.9,0.8,2.48,1.69,1.13,1.92,3.39,0,-0.0,neutral,alcista,0,-1.0,15,8350,2,
s28025,INJUSDT,1787420700000,train,1,3.43,0.505,5.87,5.31,0.75,3.43,2.38,1.25,1.49,1.99,0,-0.0,neutral,alcista,0,-0.212,32,8350,2,
s28026,OPUSDT,1787421600000,train,1,2.71,0.418,4.33,3.51,0.64,2.43,1.21,1.01,1.58,3.28,0,0.28,neutral,neutral,0,-1.0,14,8351,0,
s28027,INJUSDT,1787421600000,train,1,2.8,0.374,4.73,3.23,0.83,2.52,1.34,1.27,1.36,1.98,0,0.28,neutral,neutral,0,-0.189,32,8351,0,
s28028,OPUSDT,1787422500000,train,1,2.93,0.437,4.52,3.85,0.56,2.67,1.49,1.01,1.58,3.28,0,0.26,neutral,neutral,0,-1.0,13,8352,1,
s28029,INJUSDT,1787422500000,train,1,2.93,0.386,4.7,3.85,1.24,2.67,1.77,1.27,1.36,1.98,0,0.26,neutral,neutral,0,-0.215,32,8352,1,
s28030,XPLUSDT,1787423400000,train,-1,-2.82,0.408,4.21,3.35,1.02,-3.16,1.27,1.09,1.62,2.94,0,0.34,neutral,neutral,0,-0.234,32,8353,0,
s28031,INJUSDT,1787424300000,train,1,3.43,0.409,4.68,4.22,0.78,3.09,1.82,1.27,1.36,1.98,0,0.33,neutral,neutral,0,-0.286,32,8354,1,
s28032,PENDLEUSDT,1787424300000,train,1,3.9,0.413,5.0,4.86,0.84,3.56,2.22,0.92,1.22,1.94,0,0.33,neutral,alcista,0,-0.945,32,8354,3,
s28033,WLDUSDT,1787425200000,train,1,2.35,0.381,3.87,3.08,0.91,1.86,0.53,0.84,1.19,2.21,0,0.5,neutral,neutral,0,-1.0,10,8355,0,
s28034,ARBUSDT,1787425200000,train,1,2.7,0.373,4.37,2.95,1.03,2.2,0.35,0.79,1.22,2.44,0,0.5,neutral,neutral,0,-1.0,11,8355,0,
s28035,OPUSDT,1787425200000,train,1,2.54,0.352,4.35,2.72,0.76,2.04,0.39,0.97,1.43,3.2,0,0.5,neutral,neutral,0,-1.0,10,8355,0,
s28036,INJUSDT,1787425200000,train,1,3.68,0.449,4.7,3.89,0.54,3.18,1.26,1.2,1.27,1.94,0,0.5,neutral,neutral,0,-0.368,32,8355,0,
s28037,SEIUSDT,1787425200000,train,1,2.14,0.394,3.4,2.64,0.74,1.64,0.39,1.14,1.65,3.53,0,0.5,neutral,neutral,0,-1.0,32,8355,1,
s28038,PENDLEUSDT,1787425200000,train,1,4.44,0.494,6.09,4.58,1.6,3.95,1.69,0.94,1.19,1.94,0,0.5,neutral,neutral,0,-1.0,32,8355,0,
s28039,LDOUSDT,1787425200000,testB,1,3.02,0.44,3.56,3.45,1.19,2.52,1.33,0.7,1.52,2.43,0,0.5,neutral,alcista,0,-0.635,32,8354,2,
s28040,INJUSDT,1787426100000,train,1,3.42,0.425,4.18,3.31,0.41,3.03,1.08,1.2,1.27,1.94,0,0.39,neutral,neutral,0,-0.677,32,8356,0,
s28041,SEIUSDT,1787426100000,train,1,2.33,0.429,3.0,2.34,0.74,1.94,0.52,1.14,1.65,3.53,0,0.39,neutral,alcista,0,-1.0,11,8356,2,
s28042,PENDLEUSDT,1787426100000,train,1,3.48,0.385,5.82,3.8,1.8,3.09,1.15,0.94,1.19,1.94,0,0.39,neutral,neutral,0,-1.0,29,8356,0,
s28043,INJUSDT,1787427000000,train,1,3.34,0.42,4.16,3.68,0.4,2.86,1.34,1.2,1.27,1.94,0,0.48,neutral,neutral,0,-1.0,32,8357,1,
s28044,SEIUSDT,1787427000000,train,1,2.72,0.467,2.96,2.81,0.83,2.23,0.94,1.14,1.65,3.53,0,0.48,neutral,alcista,0,-1.0,10,8357,3,
s28045,JUPUSDT,1787427000000,train,1,3.09,0.387,4.3,4.25,0.78,2.6,1.34,1.11,1.45,3.03,0,0.48,neutral,neutral,0,-1.0,30,8357,1,
s28046,PENDLEUSDT,1787427000000,train,1,4.61,0.461,5.77,4.74,1.9,4.12,1.95,0.94,1.19,1.94,0,0.48,neutral,neutral,0,-1.0,28,8357,1,
s28047,STBLUSDT,1787427900000,train,-1,-2.65,0.43,3.68,3.48,0.36,-3.21,0.8,0.97,1.12,1.46,0,0.55,neutral,neutral,0,0.46,32,8358,1,
s28048,WLDUSDT,1787427900000,train,1,2.33,0.352,3.71,2.96,0.88,1.77,0.68,0.84,1.19,2.21,0,0.55,neutral,neutral,0,-1.0,7,8358,0,
s28049,INJUSDT,1787427900000,train,1,3.19,0.391,4.08,3.19,0.46,2.63,0.92,1.2,1.27,1.94,0,0.55,neutral,neutral,0,-1.0,31,8358,0,
s28050,SEIUSDT,1787427900000,train,1,2.59,0.435,3.01,2.63,0.73,2.03,0.75,1.14,1.65,3.53,0,0.55,neutral,neutral,0,-1.0,9,8358,0,
s28051,JUPUSDT,1787427900000,train,1,3.41,0.442,4.46,3.83,0.88,2.86,0.84,1.11,1.45,3.03,0,0.55,neutral,neutral,0,-1.0,29,8358,0,
s28052,PENDLEUSDT,1787427900000,train,1,4.38,0.427,5.78,4.27,1.5,3.83,1.43,0.94,1.19,1.94,0,0.55,neutral,neutral,0,-1.0,27,8358,0,
s28053,APEUSDT,1787427900000,testB,1,3.0,0.374,4.14,3.46,0.63,2.45,0.94,1.81,2.15,4.68,0,0.55,neutral,neutral,0,-1.0,8,8357,0,
s28054,PUMPUSDT,1787428800000,train,1,5.25,0.392,8.27,5.44,0.78,4.8,2.58,2.61,3.71,3.72,0,0.45,neutral,alcista,0,-1.0,31,8359,3,
s28055,ENAUSDT,1787428800000,train,1,4.15,0.413,5.4,5.0,1.23,3.69,3.23,1.26,1.98,3.76,0,0.45,neutral,alcista,0,-1.0,30,8359,3,
s28056,INJUSDT,1787428800000,train,1,3.46,0.412,3.61,3.43,0.52,3.01,1.45,0.95,1.13,1.92,0,0.45,neutral,neutral,0,-1.0,30,8359,1,
s28057,SEIUSDT,1787428800000,train,1,2.62,0.439,2.76,2.56,0.81,2.17,1.05,0.88,1.53,3.51,0,0.45,neutral,neutral,0,-1.0,8,8359,1,
s28058,JUPUSDT,1787428800000,train,1,3.09,0.419,3.29,3.04,0.99,2.63,1.13,1.02,1.27,2.98,0,0.45,neutral,neutral,0,-1.0,6,8359,1,
s28059,PENDLEUSDT,1787428800000,train,1,3.55,0.377,4.96,3.43,0.61,3.09,1.22,0.87,1.12,1.89,0,0.45,neutral,neutral,0,-1.0,24,8359,0,
s28060,PUMPUSDT,1787429700000,train,1,4.87,0.376,8.15,5.86,1.01,4.74,2.87,2.61,3.71,3.72,0,0.12,neutral,alcista,0,-1.0,30,8360,4,
s28061,STBLUSDT,1787429700000,train,-1,-2.26,0.42,3.83,3.03,0.94,-2.38,0.44,0.94,1.08,1.47,0,0.12,neutral,neutral,0,0.737,32,8360,0,
s28062,ENAUSDT,1787429700000,train,1,3.84,0.37,5.43,4.45,1.41,3.72,2.16,1.26,1.98,3.76,0,0.12,neutral,neutral,0,-1.0,29,8360,0,
s28063,ENAUSDT,1787430600000,train,1,4.45,0.406,5.98,5.64,1.61,4.49,3.24,1.26,1.98,3.76,0,-0.04,neutral,neutral,0,-1.0,28,8361,1,
s28064,PUMPUSDT,1787431500000,train,1,3.95,0.357,8.05,7.01,1.38,3.91,3.51,2.61,3.71,3.72,0,0.04,neutral,alcista,0,-1.0,28,8362,6,
s28065,STBLUSDT,1787431500000,train,-1,-2.15,0.39,2.88,2.28,0.99,-2.19,0.62,0.94,1.08,1.47,0,0.04,neutral,neutral,0,1.298,32,8362,1,
s28066,ENAUSDT,1787431500000,train,1,4.68,0.435,5.99,5.57,1.39,4.64,2.91,1.26,1.98,3.76,0,0.04,neutral,neutral,0,-1.0,27,8362,0,
s28067,STBLUSDT,1787432400000,train,-1,-2.22,0.394,2.67,2.67,1.27,-1.91,1.83,0.73,0.8,1.49,0,-0.31,neutral,bajista,0,-1.0,17,8363,2,
s28068,SANDUSDT,1787432400000,testB,-1,-2.52,0.374,2.96,2.85,1.13,-2.21,1.85,0.73,1.22,12.53,0,-0.31,neutral,bajista,0,1.333,32,8362,2,
s28069,ASTERUSDT,1787434200000,train,-1,-2.05,0.354,3.33,2.65,1.36,-1.8,1.21,0.72,1.12,3.9,0,-0.25,neutral,neutral,0,0.814,32,8365,1,
s28070,STBLUSDT,1787434200000,train,-1,-2.34,0.413,3.08,2.92,0.99,-2.09,1.7,0.73,0.8,1.49,0,-0.25,neutral,neutral,0,-1.0,15,8365,1,
s28071,0GUSDT,1787434200000,train,-1,-2.38,0.448,3.18,2.81,2.2,-2.12,1.55,0.47,0.79,2.12,0,-0.25,neutral,neutral,1,2.0,29,8365,1,
s28072,WLDUSDT,1787434200000,train,-1,-2.91,0.434,5.37,3.88,3.29,-2.66,2.11,0.76,1.05,2.23,0,-0.25,neutral,neutral,0,0.718,32,8365,1,
s28073,ARBUSDT,1787434200000,train,-1,-3.23,0.452,4.13,3.65,1.27,-2.98,1.71,0.78,0.97,2.34,0,-0.25,neutral,neutral,0,0.402,32,8365,1,
s28074,OPUSDT,1787434200000,train,-1,-3.15,0.476,4.82,4.11,1.46,-2.9,2.06,0.83,1.16,3.09,0,-0.25,neutral,neutral,0,0.581,32,8365,1,
s28075,TIAUSDT,1787434200000,train,-1,-3.12,0.435,4.3,3.57,3.02,-2.87,1.81,1.19,1.65,3.17,0,-0.25,neutral,neutral,0,0.85,32,8365,1,
s28076,ARUSDT,1787434200000,testB,-1,-2.93,0.421,4.11,3.59,1.97,-2.68,1.89,0.94,1.33,5.45,0,-0.25,neutral,neutral,0,0.947,32,8364,1,
s28077,GRTUSDT,1787434200000,testB,-1,-2.29,0.352,3.33,2.71,1.89,-2.04,1.43,0.93,1.29,2.73,0,-0.25,neutral,neutral,1,2.0,31,8364,1,
s28078,MANAUSDT,1787434200000,testB,-1,-2.34,0.436,3.15,2.72,1.93,-2.09,1.58,0.71,1.05,2.83,0,-0.25,neutral,neutral,0,0.886,32,8364,1,
s28079,ASTERUSDT,1787435100000,train,-1,-2.73,0.443,3.31,2.88,1.35,-2.18,1.58,0.72,1.12,3.9,0,-0.55,neutral,bajista,0,0.64,32,8366,2,
s28080,STBLUSDT,1787435100000,train,-1,-2.72,0.519,3.17,2.92,1.23,-2.17,1.37,0.73,0.8,1.49,0,-0.55,neutral,bajista,0,-1.0,14,8366,2,
s28081,0GUSDT,1787435100000,train,-1,-3.1,0.537,3.71,3.45,2.21,-2.55,1.93,0.47,0.79,2.12,0,-0.55,neutral,bajista,0,1.273,32,8366,2,
s28082,WLDUSDT,1787435100000,train,-1,-3.52,0.481,5.4,4.56,3.4,-2.97,2.49,0.76,1.05,2.23,0,-0.55,neutral,bajista,0,0.649,32,8366,2,
s28083,ARBUSDT,1787435100000,train,-1,-3.83,0.494,4.48,4.05,1.76,-3.28,2.08,0.78,0.97,2.34,0,-0.55,neutral,bajista,0,0.356,32,8366,2,
s28084,OPUSDT,1787435100000,train,-1,-4.01,0.562,5.01,4.86,1.96,-3.46,2.54,0.83,1.16,3.09,0,-0.55,neutral,bajista,0,0.487,32,8366,2,
s28085,SUIUSDT,1787435100000,train,-1,-3.02,0.367,4.41,3.76,1.94,-2.47,2.17,1.08,1.48,4.08,0,-0.55,neutral,bajista,0,0.763,32,8366,2,
s28086,TIAUSDT,1787435100000,train,-1,-3.7,0.477,4.76,3.98,3.55,-3.15,2.26,1.19,1.65,3.17,0,-0.55,neutral,bajista,0,-1.0,11,8366,2,
s28087,FETUSDT,1787435100000,train,-1,-3.98,0.446,4.65,4.34,1.52,-3.43,2.18,0.94,1.28,3.0,0,-0.55,neutral,bajista,0,0.725,32,8365,2,
s28088,ARUSDT,1787435100000,testB,-1,-3.99,0.497,4.82,4.54,2.37,-3.44,2.7,0.94,1.33,5.45,0,-0.55,neutral,bajista,0,0.642,32,8365,2,
s28089,GRTUSDT,1787435100000,testB,-1,-3.01,0.424,3.66,3.35,2.39,-2.46,1.88,0.93,1.29,2.73,0,-0.55,neutral,bajista,0,1.315,32,8365,2,
s28090,SANDUSDT,1787435100000,testB,-1,-2.68,0.413,3.22,3.06,1.35,-2.13,1.75,0.73,1.22,12.53,0,-0.55,neutral,bajista,0,1.167,32,8365,2,
s28091,MANAUSDT,1787435100000,testB,-1,-2.83,0.483,3.4,3.26,2.37,-2.28,1.84,0.71,1.05,2.83,0,-0.55,neutral,bajista,0,0.701,32,8365,2,
s28092,AXSUSDT,1787435100000,testB,-1,-2.72,0.446,3.45,3.25,2.71,-2.17,2.08,0.8,1.07,3.38,0,-0.55,neutral,bajista,0,1.145,32,8365,2,
s28093,PUMPUSDT,1787436000000,train,1,7.0,0.471,7.56,6.68,1.42,7.19,2.54,2.92,3.42,3.96,0,-0.19,neutral,neutral,0,-1.0,23,8367,1,
s28094,STBLUSDT,1787436000000,train,-1,-2.18,0.462,3.04,2.64,0.83,-2.0,1.19,0.57,0.69,1.41,0,-0.19,neutral,neutral,0,-1.0,13,8367,0,
s28095,0GUSDT,1787436000000,train,-1,-2.38,0.394,4.38,2.69,2.22,-2.19,1.27,0.56,0.72,2.07,0,-0.19,neutral,neutral,1,2.0,27,8367,0,
s28096,SANDUSDT,1787436000000,testB,-1,-2.57,0.401,4.24,3.04,1.29,-2.39,1.41,0.74,0.99,12.36,0,-0.19,neutral,neutral,0,0.869,32,8366,0,
s28097,PUMPUSDT,1787436900000,train,1,6.85,0.471,7.98,7.04,1.99,7.17,4.2,2.92,3.42,3.96,0,-0.33,neutral,alcista,0,-1.0,20,8368,2,
s28098,STBLUSDT,1787436900000,train,-1,-2.02,0.415,2.95,2.18,0.78,-1.69,0.79,0.57,0.69,1.41,0,-0.33,neutral,neutral,0,-1.0,12,8368,0,
s28099,ENAUSDT,1787436900000,train,1,7.05,0.391,8.23,7.36,1.39,7.38,3.6,1.32,1.81,3.54,0,-0.33,neutral,alcista,0,-1.0,21,8368,3,
s28100,SANDUSDT,1787439600000,testB,-1,-2.28,0.361,4.24,2.95,0.64,-1.83,1.05,0.69,0.93,12.2,0,-0.45,neutral,bajista,0,0.759,32,8370,2,
s28101,0GUSDT,1787441400000,train,-1,-2.57,0.447,4.39,3.07,0.39,-2.03,1.03,0.56,0.69,2.05,0,-0.54,neutral,bajista,0,0.939,32,8373,3,
s28102,PENDLEUSDT,1787441400000,train,-1,-2.82,0.474,3.96,3.23,0.6,-2.29,1.0,0.86,0.94,1.84,0,-0.54,neutral,neutral,0,0.917,32,8373,0,
s28103,SANDUSDT,1787441400000,testB,-1,-2.45,0.417,4.24,3.04,0.78,-1.91,0.84,0.69,0.93,12.2,0,-0.54,neutral,neutral,0,0.752,32,8372,0,
s28104,0GUSDT,1787442300000,train,-1,-2.14,0.354,4.38,2.69,0.42,-1.7,0.61,0.56,0.69,2.05,0,-0.44,neutral,neutral,1,2.0,20,8374,0,
s28105,PENDLEUSDT,1787442300000,train,-1,-2.1,0.364,3.56,2.56,0.55,-1.66,0.63,0.86,0.94,1.84,0,-0.44,neutral,neutral,1,2.0,20,8374,0,
s28106,SANDUSDT,1787442300000,testB,-1,-2.45,0.417,4.24,3.09,0.76,-2.01,0.84,0.69,0.93,12.2,0,-0.44,neutral,neutral,0,0.64,32,8373,1,
s28107,0GUSDT,1787443200000,train,-1,-2.5,0.423,4.13,2.57,0.48,-2.08,0.62,0.59,0.69,2.03,0,-0.42,neutral,neutral,1,2.0,19,8375,1,
s28108,SUIUSDT,1787443200000,train,-1,-2.78,0.378,4.24,2.99,0.93,-2.36,0.63,0.98,1.14,3.65,0,-0.42,neutral,neutral,0,0.704,32,8375,1,
s28109,PENDLEUSDT,1787443200000,train,-1,-2.32,0.388,3.44,2.7,0.6,-1.9,0.73,0.94,0.94,1.78,0,-0.42,neutral,neutral,1,2.0,21,8375,1,
s28110,ONDOUSDT,1787443200000,train,-1,-3.09,0.384,3.93,3.32,2.54,-2.66,1.13,1.18,1.13,3.31,0,-0.42,neutral,neutral,0,0.463,32,8374,0,
s28111,ARUSDT,1787443200000,testB,-1,-2.52,0.355,4.46,2.58,1.09,-2.1,0.31,1.03,1.12,3.33,0,-0.42,neutral,neutral,1,2.0,21,8374,0,
s28112,SANDUSDT,1787443200000,testB,-1,-2.53,0.438,3.99,2.64,0.96,-2.1,0.52,0.7,0.87,11.81,0,-0.42,neutral,neutral,0,0.672,32,8374,0,
s28113,STBLUSDT,1787446800000,train,1,2.23,0.478,2.85,2.81,0.97,1.75,1.39,0.4,0.69,1.3,0,0.48,neutral,alcista,0,-1.0,12,8379,4,
s28114,XPLUSDT,1787448600000,train,1,2.47,0.431,3.96,3.62,0.8,2.18,0.98,0.82,0.89,2.41,0,0.29,neutral,neutral,0,-1.0,8,8381,0,
s28115,STBLUSDT,1787448600000,train,1,2.39,0.596,3.49,2.73,2.49,2.11,1.09,0.4,0.69,1.3,0,0.29,neutral,neutral,0,-1.0,10,8381,0,
s28116,XPLUSDT,1787449500000,train,1,2.57,0.45,4.04,2.94,0.91,2.13,0.36,0.82,0.89,2.41,0,0.44,neutral,neutral,0,-1.0,7,8382,0,
s28117,STBLUSDT,1787449500000,train,1,2.39,0.596,3.49,2.73,3.55,1.95,1.17,0.4,0.69,1.3,0,0.44,neutral,neutral,0,-1.0,9,8382,0,
s28118,WLDUSDT,1787449500000,train,1,2.31,0.396,4.2,2.97,1.09,1.87,0.24,0.77,0.81,2.09,0,0.44,neutral,neutral,0,-1.0,6,8382,0,
s28119,APEUSDT,1787449500000,testB,1,2.59,0.507,4.17,2.87,1.79,2.15,0.32,1.34,1.6,3.95,0,0.44,neutral,neutral,0,-1.0,7,8381,0,
s28120,STBLUSDT,1787450400000,train,1,2.92,0.643,3.39,3.04,3.12,2.98,1.49,0.39,0.67,1.29,0,-0.06,neutral,neutral,0,-1.0,7,8383,1,
s28121,ASTERUSDT,1787451300000,train,-1,-2.09,0.377,3.42,2.98,1.53,-2.18,1.37,0.86,0.82,3.3,0,0.09,neutral,bajista,0,-1.0,27,8384,6,
s28122,STBLUSDT,1787451300000,train,1,2.83,0.636,3.15,2.95,2.4,2.74,1.67,0.39,0.67,1.29,0,0.09,neutral,alcista,0,-1.0,5,8384,2,
s28123,OPUSDT,1787451300000,train,-1,-2.3,0.425,3.91,3.59,0.65,-2.39,1.33,2.09,1.44,3.13,0,0.09,neutral,bajista,0,-0.727,32,8384,7,
s28124,PENDLEUSDT,1787451300000,train,-1,-2.16,0.372,4.26,3.91,0.96,-2.25,1.59,0.98,0.93,1.67,0,0.09,neutral,bajista,0,-0.887,32,8384,7,
s28125,ONDOUSDT,1787451300000,train,-1,-2.78,0.42,3.94,2.86,1.2,-2.87,1.55,1.49,1.19,3.11,0,0.09,neutral,bajista,0,-0.408,32,8383,6,
s28126,FETUSDT,1787451300000,train,-1,-2.04,0.398,3.72,3.35,1.39,-2.13,1.45,0.79,0.85,2.5,0,0.09,neutral,bajista,0,-0.792,32,8383,6,
s28127,STXUSDT,1787451300000,testB,-1,-4.95,0.408,8.07,7.74,1.29,-5.04,4.38,7.36,14.65,16.67,0,0.09,neutral,bajista,0,-1.0,30,8383,5,
s28128,STBLUSDT,1787452200000,train,1,2.18,0.5,3.12,2.64,2.39,2.0,1.25,0.39,0.67,1.29,0,0.17,neutral,neutral,0,-1.0,4,8385,0,
s28129,PENDLEUSDT,1787452200000,train,-1,-2.5,0.406,4.49,4.46,1.02,-2.67,1.8,0.98,0.93,1.67,0,0.17,neutral,bajista,0,-1.0,32,8385,8,
s28130,STXUSDT,1787452200000,testB,-1,-4.87,0.403,8.01,6.82,1.4,-5.04,3.14,7.36,14.65,16.67,0,0.17,neutral,neutral,0,-1.0,29,8384,0,
s28131,ARBUSDT,1787453100000,train,-1,-2.58,0.449,3.97,3.67,1.37,-2.68,1.37,0.89,0.81,2.11,0,0.1,neutral,neutral,0,-0.666,32,8386,1,
s28132,SEIUSDT,1787453100000,train,-1,-2.18,0.38,3.7,3.5,1.69,-2.28,1.45,1.17,1.03,2.88,0,0.1,neutral,neutral,0,-0.105,32,8386,1,
s28133,PENDLEUSDT,1787453100000,train,-1,-2.47,0.399,4.55,4.4,1.17,-2.57,1.66,0.98,0.93,1.67,0,0.1,neutral,neutral,0,-1.0,31,8386,0,
s28134,FETUSDT,1787453100000,train,-1,-2.04,0.355,3.72,3.22,1.68,-2.14,1.18,0.79,0.85,2.5,0,0.1,neutral,neutral,0,-0.784,32,8385,1,
s28135,AXSUSDT,1787453100000,testB,-1,-2.18,0.369,4.15,3.85,1.42,-2.29,1.52,1.22,0.96,2.71,0,0.1,neutral,neutral,0,-0.172,32,8385,1,
s28136,ARBUSDT,1787454000000,train,-1,-2.98,0.484,4.55,4.21,1.39,-3.11,1.84,0.94,0.87,1.97,0,0.14,neutral,bajista,0,-0.771,32,8387,2,
s28137,OPUSDT,1787454000000,train,-1,-2.42,0.395,4.47,4.18,0.55,-2.56,1.75,2.1,1.47,2.87,0,0.14,neutral,bajista,0,-0.836,32,8387,2,
s28138,SEIUSDT,1787454000000,train,-1,-2.45,0.408,4.08,3.86,1.65,-2.59,1.7,1.19,1.04,2.72,0,0.14,neutral,bajista,0,-0.202,32,8387,2,
s28139,PENDLEUSDT,1787454000000,train,-1,-3.53,0.486,6.39,5.93,1.62,-3.66,2.86,1.05,0.99,1.66,0,0.14,neutral,neutral,0,-1.0,30,8387,1,
s28140,ONDOUSDT,1787454000000,train,-1,-2.29,0.356,3.88,3.29,1.56,-2.43,1.73,1.6,1.24,2.98,0,0.14,neutral,bajista,0,-0.89,32,8386,2,
s28141,FETUSDT,1787454000000,train,-1,-2.84,0.46,4.63,3.87,1.85,-2.97,1.71,0.75,0.85,2.19,0,0.14,neutral,bajista,0,-0.82,32,8386,2,
s28142,ARUSDT,1787454000000,testB,-1,-2.11,0.437,4.08,3.55,1.15,-2.25,1.51,1.2,1.08,2.82,0,0.14,neutral,bajista,0,-1.0,31,8386,2,
s28143,MANAUSDT,1787454000000,testB,-1,-2.08,0.418,3.46,3.34,1.91,-2.21,1.47,0.92,0.82,2.16,0,0.14,neutral,neutral,0,-0.795,32,8386,1,
s28144,AXSUSDT,1787454000000,testB,-1,-2.46,0.397,4.52,4.17,1.24,-2.6,1.68,1.23,1.02,2.63,0,0.14,neutral,bajista,0,-0.313,32,8386,2,
s28145,PUMPUSDT,1787454900000,train,-1,-4.64,0.353,7.59,6.77,1.54,-4.68,4.04,2.69,2.81,4.24,0,0.05,neutral,bajista,0,-1.0,14,8388,2,
s28146,ARBUSDT,1787454900000,train,-1,-3.19,0.5,5.06,4.84,1.47,-3.24,2.26,0.94,0.87,1.97,0,0.05,neutral,bajista,0,-1.0,32,8388,3,
s28147,OPUSDT,1787454900000,train,-1,-2.79,0.428,5.02,4.89,0.6,-2.84,2.17,2.1,1.47,2.87,0,0.05,neutral,bajista,0,-1.0,32,8388,3,
s28148,TIAUSDT,1787454900000,train,-1,-2.57,0.364,5.93,5.63,0.87,-2.61,2.32,1.49,1.35,2.85,0,0.05,neutral,bajista,0,-0.654,32,8388,3,
s28149,SEIUSDT,1787454900000,train,-1,-3.03,0.46,4.67,4.59,1.66,-3.08,2.17,1.19,1.04,2.72,0,0.05,neutral,bajista,0,-0.471,32,8388,3,
s28150,PENDLEUSDT,1787454900000,train,-1,-3.62,0.493,6.4,6.22,1.81,-3.67,2.81,1.05,0.99,1.66,0,0.05,neutral,bajista,0,-1.0,29,8388,2,
s28151,ONDOUSDT,1787454900000,train,-1,-3.08,0.433,4.16,4.08,0.93,-3.13,2.18,1.6,1.24,2.98,0,0.05,neutral,bajista,0,-1.0,32,8387,3,
s28152,FETUSDT,1787454900000,train,-1,-3.52,0.514,4.67,4.67,1.57,-3.56,2.25,0.75,0.85,2.19,0,0.05,neutral,bajista,0,-1.0,32,8387,3,
s28153,ARUSDT,1787454900000,testB,-1,-2.07,0.431,4.09,3.85,1.2,-2.12,1.64,1.2,1.08,2.82,0,0.05,neutral,bajista,0,-1.0,30,8387,3,
s28154,GRTUSDT,1787454900000,testB,-1,-2.28,0.457,3.92,3.85,1.33,-2.33,1.8,0.93,0.93,2.12,0,0.05,neutral,bajista,0,-0.689,32,8387,3,
s28155,MANAUSDT,1787454900000,testB,-1,-2.44,0.457,4.1,4.01,1.83,-2.49,1.91,0.92,0.82,2.16,0,0.05,neutral,bajista,0,-0.938,32,8387,2,
s28156,AXSUSDT,1787454900000,testB,-1,-2.69,0.417,5.01,4.81,0.86,-2.73,2.08,1.23,1.02,2.63,0,0.05,neutral,bajista,0,-0.504,32,8387,3,
s28157,ASTERUSDT,1787455800000,train,-1,-2.02,0.367,4.21,3.71,1.22,-1.81,1.4,0.92,0.83,2.82,0,-0.21,neutral,bajista,0,-1.0,22,8389,3,
s28158,PUMPUSDT,1787455800000,train,-1,-5.01,0.396,7.58,6.59,1.56,-4.8,3.51,2.69,2.81,4.24,0,-0.21,neutral,neutral,0,-1.0,13,8389,0,
s28159,0GUSDT,1787455800000,train,-1,-3.01,0.4,5.63,5.24,1.88,-2.8,2.64,0.8,0.63,1.97,0,-0.21,neutral,bajista,0,-0.654,32,8389,4,
s28160,WLDUSDT,1787455800000,train,-1,-2.97,0.382,6.11,5.28,2.87,-2.77,2.83,0.84,0.8,2.0,0,-0.21,neutral,bajista,0,-0.843,32,8389,3,
s28161,ARBUSDT,1787455800000,train,-1,-3.51,0.523,5.49,5.34,1.36,-3.3,2.53,0.94,0.87,1.97,0,-0.21,neutral,bajista,0,-1.0,31,8389,4,
s28162,OPUSDT,1787455800000,train,-1,-2.98,0.444,5.49,5.34,0.68,-2.77,2.34,2.1,1.47,2.87,0,-0.21,neutral,bajista,0,-1.0,31,8389,4,
s28163,TIAUSDT,1787455800000,train,-1,-3.82,0.55,6.57,6.3,1.18,-3.62,2.65,1.49,1.35,2.85,0,-0.21,neutral,bajista,0,-0.675,32,8389,4,
s28164,SEIUSDT,1787455800000,train,-1,-3.46,0.492,5.32,5.23,1.58,-3.25,2.54,1.19,1.04,2.72,0,-0.21,neutral,bajista,0,-0.534,32,8389,4,
s28165,JUPUSDT,1787455800000,train,-1,-3.3,0.383,7.39,6.93,1.81,-3.09,2.89,1.2,1.1,2.48,0,-0.21,neutral,bajista,0,-0.581,32,8389,4,
s28166,PENDLEUSDT,1787455800000,train,-1,-3.97,0.523,6.63,6.55,1.61,-3.77,2.83,1.05,0.99,1.66,0,-0.21,neutral,bajista,0,-1.0,28,8389,3,
s28167,ONDOUSDT,1787455800000,train,-1,-3.34,0.452,4.95,4.73,1.11,-3.13,2.5,1.6,1.24,2.98,0,-0.21,neutral,bajista,0,-1.0,31,8388,4,
s28168,FETUSDT,1787455800000,train,-1,-3.71,0.526,5.33,5.14,1.5,-3.5,2.43,0.75,0.85,2.19,0,-0.21,neutral,bajista,0,-1.0,31,8388,4,
s28169,ARUSDT,1787455800000,testB,-1,-3.01,0.533,5.0,4.81,1.63,-2.81,2.3,1.2,1.08,2.82,0,-0.21,neutral,bajista,0,-1.0,29,8388,4,
s28170,GRTUSDT,1787455800000,testB,-1,-2.71,0.512,4.5,4.25,1.57,-2.5,1.99,0.93,0.93,2.12,0,-0.21,neutral,bajista,0,-0.836,32,8388,4,
s28171,LDOUSDT,1787455800000,testB,-1,-3.01,0.362,5.95,5.25,1.69,-2.8,2.07,0.88,0.81,1.88,0,-0.21,neutral,bajista,0,-1.0,28,8388,4,
s28172,SANDUSDT,1787455800000,testB,-1,-2.97,0.404,5.19,4.96,1.43,-2.76,2.07,0.82,0.78,3.92,0,-0.21,neutral,bajista,0,-0.613,32,8388,4,
s28173,MANAUSDT,1787455800000,testB,-1,-2.82,0.493,4.5,4.41,2.09,-2.61,2.1,0.92,0.82,2.16,0,-0.21,neutral,bajista,0,-1.0,32,8388,3,
s28174,AXSUSDT,1787455800000,testB,-1,-3.41,0.492,5.83,5.48,1.31,-3.2,2.48,1.23,1.02,2.63,0,-0.21,neutral,bajista,0,-0.616,32,8388,4,
s28175,APEUSDT,1787455800000,testB,-1,-2.81,0.471,4.58,4.37,1.16,-2.6,1.98,1.27,1.5,3.41,0,-0.21,neutral,bajista,0,-0.694,32,8388,4,
s28176,PUMPUSDT,1787456700000,train,-1,-5.4,0.412,8.92,7.52,1.84,-5.21,3.85,2.69,2.81,4.24,0,-0.19,neutral,neutral,0,-1.0,12,8390,1,
s28177,0GUSDT,1787456700000,train,-1,-3.31,0.461,5.62,5.17,1.22,-3.13,2.33,0.8,0.63,1.97,0,-0.19,neutral,neutral,0,-0.637,32,8390,0,
s28178,WLDUSDT,1787456700000,train,-1,-2.84,0.359,6.08,4.89,2.48,-2.65,2.18,0.84,0.8,2.0,0,-0.19,neutral,neutral,0,-0.886,32,8390,0,
s28179,ARBUSDT,1787456700000,train,-1,-3.12,0.441,5.47,4.9,1.62,-2.94,1.91,0.94,0.87,1.97,0,-0.19,neutral,neutral,0,-1.0,30,8390,0,
s28180,OPUSDT,1787456700000,train,-1,-2.75,0.398,5.46,4.95,0.58,-2.57,1.76,2.1,1.47,2.87,0,-0.19,neutral,neutral,0,-1.0,30,8390,0,
s28181,TIAUSDT,1787456700000,train,-1,-3.74,0.532,6.56,6.06,1.43,-3.55,2.15,1.49,1.35,2.85,0,-0.19,neutral,neutral,0,-0.705,32,8390,0,
s28182,SEIUSDT,1787456700000,train,-1,-3.53,0.511,5.31,5.02,1.18,-3.35,2.12,1.19,1.04,2.72,0,-0.19,neutral,neutral,0,-0.533,32,8390,0,
s28183,PENDLEUSDT,1787456700000,train,-1,-4.14,0.559,6.62,6.45,1.47,-3.95,2.44,1.05,0.99,1.66,0,-0.19,neutral,neutral,0,-1.0,27,8390,0,
s28184,FETUSDT,1787456700000,train,-1,-3.47,0.5,5.33,5.07,1.25,-3.28,2.18,0.75,0.85,2.19,0,-0.19,neutral,neutral,0,-1.0,30,8389,0,
s28185,ARUSDT,1787456700000,testB,-1,-2.77,0.472,4.98,4.35,1.59,-2.59,1.7,1.2,1.08,2.82,0,-0.19,neutral,neutral,0,-1.0,28,8389,0,
s28186,GRTUSDT,1787456700000,testB,-1,-2.77,0.529,4.5,4.25,1.21,-2.59,1.74,0.93,0.93,2.12,0,-0.19,neutral,neutral,0,-1.0,32,8389,0,
s28187,LDOUSDT,1787456700000,testB,-1,-3.81,0.516,5.94,4.95,1.45,-3.63,1.65,0.88,0.81,1.88,0,-0.19,neutral,neutral,0,-1.0,27,8389,0,
s28188,MANAUSDT,1787456700000,testB,-1,-2.71,0.465,4.5,4.19,1.35,-2.52,1.7,0.92,0.82,2.16,0,-0.19,neutral,neutral,0,-1.0,31,8389,0,
s28189,AXSUSDT,1787456700000,testB,-1,-3.44,0.501,5.82,5.23,1.46,-3.26,2.03,1.23,1.02,2.63,0,-0.19,neutral,neutral,0,-0.654,32,8389,0,
s28190,APEUSDT,1787456700000,testB,-1,-2.53,0.416,4.57,4.15,0.89,-2.35,1.6,1.27,1.5,3.41,0,-0.19,neutral,neutral,0,-0.729,32,8389,0,
s28191,PUMPUSDT,1787457600000,train,-1,-4.62,0.36,8.9,7.24,1.83,-4.51,3.18,2.63,2.86,4.3,0,-0.11,neutral,neutral,0,-1.0,11,8391,0,
s28192,0GUSDT,1787457600000,train,-1,-3.5,0.475,6.55,5.51,2.03,-3.39,2.35,0.85,0.7,1.9,0,-0.11,neutral,neutral,0,-0.753,32,8391,1,
s28193,ARBUSDT,1787457600000,train,-1,-3.0,0.419,5.68,4.4,1.41,-2.89,1.25,0.93,0.87,1.76,0,-0.11,neutral,neutral,0,-1.0,29,8391,0,
s28194,TIAUSDT,1787457600000,train,-1,-3.2,0.425,6.76,5.28,1.01,-3.09,1.32,1.51,1.34,2.73,0,-0.11,neutral,neutral,0,-0.56,32,8391,0,
s28195,SEIUSDT,1787457600000,train,-1,-3.81,0.529,6.48,5.48,2.41,-3.7,2.3,1.42,1.2,2.55,0,-0.11,neutral,neutral,0,-0.566,32,8391,1,
s28196,PENDLEUSDT,1787457600000,train,-1,-3.38,0.439,7.16,5.88,1.01,-3.27,1.71,1.08,1.01,1.59,0,-0.11,neutral,neutral,0,-1.0,26,8391,0,
s28197,ARUSDT,1787457600000,testB,-1,-2.68,0.449,5.55,4.2,1.56,-2.57,1.37,1.29,1.11,2.65,0,-0.11,neutral,neutral,0,-1.0,27,8390,0,
s28198,GRTUSDT,1787457600000,testB,-1,-2.29,0.425,4.87,3.92,1.35,-2.18,1.28,0.96,0.94,1.99,0,-0.11,neutral,neutral,0,-1.0,31,8390,0,
s28199,LDOUSDT,1787457600000,testB,-1,-2.59,0.364,5.63,4.17,1.55,-2.48,1.05,1.02,0.88,1.79,0,-0.11,neutral,neutral,0,-1.0,26,8390,0,
s28200,MANAUSDT,1787457600000,testB,-1,-2.28,0.368,5.03,3.76,1.51,-2.17,1.14,1.0,0.86,1.99,0,-0.11,neutral,neutral,0,-1.0,30,8390,0,
s28201,AXSUSDT,1787457600000,testB,-1,-3.22,0.454,6.08,4.84,1.68,-3.11,1.46,1.23,1.07,2.4,0,-0.11,neutral,neutral,0,-0.67,32,8390,0,
s28202,ASTERUSDT,1787458500000,train,-1,-3.31,0.676,5.58,4.23,2.37,-2.96,1.53,1.24,0.96,2.56,0,-0.35,neutral,bajista,0,-1.0,19,8392,2,
s28203,PUMPUSDT,1787458500000,train,-1,-5.55,0.476,8.86,6.79,1.41,-5.2,2.59,2.63,2.86,4.3,0,-0.35,neutral,neutral,0,-1.0,10,8392,0,
s28204,0GUSDT,1787458500000,train,-1,-4.83,0.722,6.58,5.92,1.98,-4.48,2.48,0.85,0.7,1.9,0,-0.35,neutral,bajista,0,-0.835,32,8392,2,
s28205,WLDUSDT,1787458500000,train,-1,-3.0,0.362,6.05,4.28,1.99,-2.65,1.36,0.9,0.84,1.83,0,-0.35,neutral,neutral,0,-0.846,32,8392,1,
s28206,ARBUSDT,1787458500000,train,-1,-3.67,0.552,5.69,4.52,1.25,-3.32,1.22,0.93,0.87,1.76,0,-0.35,neutral,neutral,0,-1.0,28,8392,1,
s28207,OPUSDT,1787458500000,train,-1,-3.3,0.563,5.76,4.61,0.62,-2.95,1.11,1.73,1.48,2.49,0,-0.35,neutral,neutral,0,-1.0,28,8392,0,
s28208,SUIUSDT,1787458500000,train,-1,-2.9,0.375,5.94,4.46,1.63,-2.55,1.17,1.37,1.18,2.86,0,-0.35,neutral,neutral,0,-0.39,32,8392,1,
s28209,TIAUSDT,1787458500000,train,-1,-4.44,0.601,6.8,5.92,1.04,-4.09,1.82,1.51,1.34,2.73,0,-0.35,neutral,neutral,0,-0.656,32,8392,1,
s28210,SEIUSDT,1787458500000,train,-1,-5.02,0.773,6.5,5.81,2.02,-4.67,2.33,1.42,1.2,2.55,0,-0.35,neutral,bajista,0,-0.65,32,8392,2,
s28211,PENDLEUSDT,1787458500000,train,-1,-4.11,0.598,7.16,5.88,0.98,-3.76,1.55,1.08,1.01,1.59,0,-0.35,neutral,neutral,0,-1.0,25,8392,0,
s28212,ONDOUSDT,1787458500000,train,-1,-2.88,0.424,4.9,3.67,1.21,-2.53,1.03,1.73,1.31,2.87,0,-0.35,neutral,neutral,0,-1.0,28,8391,1,
s28213,FETUSDT,1787458500000,train,-1,-3.45,0.509,5.8,4.4,0.97,-3.1,1.25,0.77,0.81,2.01,0,-0.35,neutral,neutral,0,-1.0,28,8391,1,
s28214,ARUSDT,1787458500000,testB,-1,-3.64,0.672,5.57,4.45,1.49,-3.29,1.46,1.29,1.11,2.65,0,-0.35,neutral,neutral,0,-1.0,26,8391,1,
s28215,GRTUSDT,1787458500000,testB,-1,-3.13,0.662,4.87,4.05,1.11,-2.78,1.28,0.96,0.94,1.99,0,-0.35,neutral,neutral,0,-1.0,30,8391,1,
s28216,LDOUSDT,1787458500000,testB,-1,-3.84,0.597,5.65,4.52,1.63,-3.49,1.28,1.02,0.88,1.79,0,-0.35,neutral,neutral,0,-1.0,25,8391,1,
s28217,MANAUSDT,1787458500000,testB,-1,-2.96,0.519,5.03,3.89,1.13,-2.61,1.14,1.0,0.86,1.99,0,-0.35,neutral,neutral,0,-1.0,29,8391,1,
s28218,AXSUSDT,1787458500000,testB,-1,-3.83,0.575,6.08,4.97,1.56,-3.48,1.45,1.23,1.07,2.4,0,-0.35,neutral,neutral,0,-0.683,32,8391,1,
s28219,APEUSDT,1787458500000,testB,-1,-2.72,0.488,5.03,3.49,0.93,-2.37,0.82,1.6,1.63,3.23,0,-0.35,neutral,neutral,0,-0.66,32,8391,0,
s28220,ASTERUSDT,1787459400000,train,-1,-3.87,0.747,5.6,4.7,2.08,-3.28,1.77,1.24,0.96,2.56,0,-0.6,neutral,bajista,0,-1.0,18,8393,3,
s28221,XPLUSDT,1787459400000,train,-1,-3.24,0.397,4.88,4.57,0.84,-2.64,2.03,0.74,0.8,1.97,0,-0.6,neutral,bajista,0,-1.0,18,8393,2,
s28222,PUMPUSDT,1787459400000,train,-1,-5.23,0.459,8.9,7.24,1.25,-4.63,2.66,2.63,2.86,4.3,0,-0.6,neutral,neutral,0,-1.0,9,8393,1,
s28223,STBLUSDT,1787459400000,train,-1,-2.41,0.37,4.85,4.68,1.3,-1.81,2.08,0.5,0.54,1.21,0,-0.6,neutral,bajista,0,-0.123,32,8393,8,
s28224,0GUSDT,1787459400000,train,-1,-5.56,0.804,6.61,6.48,1.7,-4.96,2.76,0.85,0.7,1.9,0,-0.6,neutral,bajista,0,-0.869,32,8393,3,
s28225,WLDUSDT,1787459400000,train,-1,-3.69,0.419,6.09,4.94,0.9,-3.09,1.83,0.9,0.84,1.83,0,-0.6,neutral,bajista,0,-0.93,32,8393,2,
s28226,ARBUSDT,1787459400000,train,-1,-4.15,0.581,5.55,4.97,1.05,-3.55,1.63,0.93,0.87,1.76,0,-0.6,neutral,bajista,0,-1.0,27,8393,2,
s28227,OPUSDT,1787459400000,train,-1,-4.26,0.689,5.23,4.76,0.57,-3.66,1.63,1.73,1.48,2.49,0,-0.6,neutral,neutral,0,-1.0,23,8393,1,
s28228,SUIUSDT,1787459400000,train,-1,-3.94,0.507,5.98,5.08,1.17,-3.34,1.61,1.37,1.18,2.86,0,-0.6,neutral,bajista,0,-0.605,32,8393,2,
s28229,TIAUSDT,1787459400000,train,-1,-4.98,0.679,6.43,5.82,0.98,-4.38,1.91,1.51,1.34,2.73,0,-0.6,neutral,bajista,0,-0.796,32,8393,2,
s28230,SEIUSDT,1787459400000,train,-1,-5.44,0.787,6.46,6.21,2.24,-4.84,2.55,1.42,1.2,2.55,0,-0.6,neutral,bajista,0,-0.736,32,8393,3,
s28231,JUPUSDT,1787459400000,train,-1,-5.17,0.633,7.5,6.99,0.91,-4.58,2.12,1.41,1.09,2.11,0,-0.6,neutral,bajista,0,-0.635,32,8393,2,
s28232,PENDLEUSDT,1787459400000,train,-1,-5.07,0.795,7.18,6.18,0.79,-4.47,1.7,1.08,1.01,1.59,0,-0.6,neutral,neutral,0,-1.0,24,8393,1,
s28233,ONDOUSDT,1787459400000,train,-1,-3.33,0.459,4.94,4.43,0.71,-2.73,1.49,1.73,1.31,2.87,0,-0.6,neutral,bajista,0,-1.0,27,8392,2,
s28234,FETUSDT,1787459400000,train,-1,-4.18,0.576,5.84,5.07,0.72,-3.58,1.68,0.77,0.81,2.01,0,-0.6,neutral,bajista,0,-1.0,27,8392,2,
s28235,ARUSDT,1787459400000,testB,-1,-4.47,0.738,5.22,4.88,0.99,-3.88,2.04,1.29,1.11,2.65,0,-0.6,neutral,bajista,0,-1.0,25,8392,2,
s28236,GRTUSDT,1787459400000,testB,-1,-3.92,0.762,4.59,4.39,0.84,-3.32,1.74,0.96,0.94,1.99,0,-0.6,neutral,bajista,0,-1.0,29,8392,2,
s28237,LDOUSDT,1787459400000,testB,-1,-4.25,0.621,5.31,4.8,0.8,-3.65,1.86,1.02,0.88,1.79,0,-0.6,neutral,bajista,0,-1.0,23,8392,2,
s28238,SANDUSDT,1787459400000,testB,-1,-3.03,0.375,5.17,4.49,0.86,-2.43,1.19,0.86,0.81,3.28,0,-0.6,neutral,bajista,0,-0.64,32,8392,2,
s28239,MANAUSDT,1787459400000,testB,-1,-3.5,0.637,5.03,4.06,0.78,-2.9,1.21,1.0,0.86,1.99,0,-0.6,neutral,bajista,0,-1.0,28,8392,2,
s28240,AXSUSDT,1787459400000,testB,-1,-5.06,0.729,6.04,5.73,1.13,-4.47,2.08,1.23,1.07,2.4,0,-0.6,neutral,bajista,0,-0.862,32,8392,2,
s28241,APEUSDT,1787459400000,testB,-1,-2.72,0.488,4.89,3.35,0.92,-2.12,0.74,1.6,1.63,3.23,0,-0.6,neutral,neutral,0,-0.833,32,8392,1,
s28242,ASTERUSDT,1787460300000,train,-1,-4.63,0.844,5.76,4.85,2.79,-3.72,2.07,1.24,0.96,2.56,0,-0.9,neutral,bajista,0,-1.0,17,8394,4,
s28243,XPLUSDT,1787460300000,train,-1,-4.22,0.522,5.74,5.11,1.24,-3.32,2.31,0.74,0.8,1.97,0,-0.9,neutral,bajista,0,-1.0,17,8394,3,
s28244,STBLUSDT,1787460300000,train,-1,-2.8,0.432,5.48,4.9,1.54,-1.9,2.04,0.5,0.54,1.21,0,-0.9,neutral,bajista,0,-0.109,32,8394,8,
s28245,0GUSDT,1787460300000,train,-1,-6.4,0.945,7.62,6.9,1.73,-5.49,2.83,0.85,0.7,1.9,0,-0.9,neutral,bajista,0,-0.933,32,8394,4,
s28246,WLDUSDT,1787460300000,train,-1,-5.73,0.631,6.65,6.11,1.23,-4.83,2.82,0.9,0.84,1.83,0,-0.9,neutral,bajista,0,-1.0,29,8394,3,
s28247,ARBUSDT,1787460300000,train,-1,-5.14,0.695,5.86,5.44,0.77,-4.24,2.13,0.93,0.87,1.76,0,-0.9,neutral,bajista,0,-1.0,26,8394,3,
s28248,OPUSDT,1787460300000,train,-1,-5.05,0.724,5.69,5.41,0.84,-4.15,2.23,1.73,1.48,2.49,0,-0.9,neutral,bajista,0,-1.0,22,8394,2,
s28249,INJUSDT,1787460300000,train,-1,-3.2,0.405,4.42,4.29,1.05,-2.3,1.95,0.78,0.78,1.52,0,-0.9,neutral,bajista,0,-1.0,22,8394,3,
s28250,SUIUSDT,1787460300000,train,-1,-5.6,0.683,6.17,5.93,1.53,-4.7,2.46,1.37,1.18,2.86,0,-0.9,neutral,bajista,0,-0.667,32,8394,3,
s28251,TIAUSDT,1787460300000,train,-1,-6.13,0.75,6.8,6.58,1.34,-5.22,2.7,1.51,1.34,2.73,0,-0.9,neutral,bajista,0,-0.86,32,8394,3,
s28252,SEIUSDT,1787460300000,train,-1,-6.28,0.867,7.21,6.88,2.75,-5.38,2.86,1.42,1.2,2.55,0,-0.9,neutral,bajista,0,-0.718,32,8394,4,
s28253,JUPUSDT,1787460300000,train,-1,-6.5,0.763,7.41,7.1,1.27,-5.59,2.72,1.41,1.09,2.11,0,-0.9,neutral,bajista,0,-0.775,32,8394,3,
s28254,PENDLEUSDT,1787460300000,train,-1,-5.61,0.811,6.53,5.96,0.99,-4.71,2.2,1.08,1.01,1.59,0,-0.9,neutral,bajista,0,-1.0,20,8394,2,
s28255,ONDOUSDT,1787460300000,train,-1,-4.77,0.647,5.63,5.01,1.15,-3.87,2.15,1.73,1.31,2.87,0,-0.9,neutral,bajista,0,-1.0,25,8393,3,
s28256,FETUSDT,1787460300000,train,-1,-5.96,0.678,6.4,6.4,1.11,-5.06,3.03,0.77,0.81,2.01,0,-0.9,neutral,bajista,0,-1.0,22,8393,3,
s28257,ARUSDT,1787460300000,testB,-1,-5.17,0.799,6.23,5.45,1.23,-4.26,2.38,1.29,1.11,2.65,0,-0.9,neutral,bajista,0,-1.0,23,8393,3,
s28258,GRTUSDT,1787460300000,testB,-1,-4.89,0.833,5.4,5.08,1.32,-3.99,2.34,0.96,0.94,1.99,0,-0.9,neutral,bajista,0,-1.0,27,8393,3,
s28259,LDOUSDT,1787460300000,testB,-1,-5.24,0.708,6.3,5.56,1.62,-4.34,2.31,1.02,0.88,1.79,0,-0.9,neutral,bajista,0,-1.0,22,8393,3,
s28260,SANDUSDT,1787460300000,testB,-1,-4.81,0.604,5.54,5.08,1.33,-3.91,1.94,0.86,0.81,3.28,0,-0.9,neutral,bajista,0,-0.756,32,8393,3,
s28261,MANAUSDT,1787460300000,testB,-1,-4.59,0.769,5.28,4.83,1.09,-3.68,1.83,1.0,0.86,1.99,0,-0.9,neutral,bajista,0,-1.0,26,8393,3,
s28262,AXSUSDT,1787460300000,testB,-1,-5.67,0.783,6.91,6.2,1.28,-4.77,2.34,1.23,1.07,2.4,0,-0.9,neutral,bajista,0,-0.887,32,8393,3,
s28263,APEUSDT,1787460300000,testB,-1,-3.81,0.571,5.65,4.59,1.85,-2.9,1.72,1.6,1.63,3.23,0,-0.9,neutral,bajista,0,-0.892,32,8393,2,
s28264,ASTERUSDT,1787461200000,train,-1,-4.22,0.821,5.39,4.45,0.97,-2.24,2.0,1.35,1.0,1.7,0,-1.97,neutral,neutral,0,-1.0,16,8395,0,
s28265,XPLUSDT,1787461200000,train,-1,-4.18,0.519,5.75,5.14,1.26,-2.2,2.19,0.83,0.83,1.41,0,-1.97,neutral,bajista,0,-1.0,16,8395,4,
s28266,STBLUSDT,1787461200000,train,-1,-4.12,0.722,5.49,5.25,1.03,-2.15,2.17,1.34,0.86,1.1,0,-1.97,neutral,bajista,0,-0.142,32,8395,8,
s28267,0GUSDT,1787461200000,train,-1,-6.06,0.942,6.98,6.45,0.96,-4.09,2.88,0.95,0.75,1.05,0,-1.97,neutral,bajista,0,-1.0,31,8395,5,
s28268,WLDUSDT,1787461200000,train,-1,-6.08,0.644,6.66,6.5,1.36,-4.11,3.21,1.1,0.93,1.32,0,-1.97,neutral,bajista,0,-1.0,25,8395,4,
s28269,ARBUSDT,1787461200000,train,-1,-5.23,0.698,5.62,5.54,0.86,-3.26,2.36,0.99,0.87,1.33,0,-1.97,neutral,bajista,0,-1.0,22,8395,4,
s28270,OPUSDT,1787461200000,train,-1,-4.6,0.703,5.02,4.96,0.76,-2.62,2.4,1.64,1.51,1.82,0,-1.97,neutral,bajista,0,-1.0,20,8395,3,
s28271,INJUSDT,1787461200000,train,-1,-4.18,0.496,5.38,5.13,1.84,-2.21,2.54,1.01,0.84,1.2,0,-1.97,neutral,bajista,0,-1.0,21,8395,4,
s28272,SUIUSDT,1787461200000,train,-1,-5.08,0.652,5.66,5.37,1.42,-3.11,2.31,1.68,1.31,2.07,0,-1.97,neutral,neutral,0,-0.798,32,8395,0,
s28273,TIAUSDT,1787461200000,train,-1,-6.04,0.747,6.54,6.43,1.18,-4.07,2.76,1.08,1.33,2.03,0,-1.97,neutral,bajista,0,-1.0,27,8395,4,
s28274,SEIUSDT,1787461200000,train,-1,-6.24,0.866,6.74,6.65,1.08,-4.26,2.94,1.53,1.25,1.78,0,-1.97,neutral,bajista,0,-0.785,32,8395,5,
s28275,JUPUSDT,1787461200000,train,-1,-6.37,0.759,6.96,6.8,0.97,-4.4,2.69,1.51,1.12,1.52,0,-1.97,neutral,bajista,0,-0.886,32,8395,4,
s28276,PENDLEUSDT,1787461200000,train,-1,-5.55,0.808,6.31,6.05,0.93,-3.58,2.37,1.15,1.01,1.25,0,-1.97,neutral,bajista,0,-1.0,19,8395,3,
s28277,ONDOUSDT,1787461200000,train,-1,-5.0,0.657,5.6,5.4,1.32,-3.02,2.45,1.73,1.42,2.06,0,-1.97,neutral,bajista,0,-1.0,24,8394,4,
s28278,FETUSDT,1787461200000,train,-1,-5.8,0.671,6.29,6.29,1.07,-3.83,3.16,0.88,0.83,1.46,0,-1.97,neutral,bajista,0,-1.0,21,8394,4,
s28279,ARUSDT,1787461200000,testB,-1,-5.32,0.803,5.92,5.67,0.95,-3.35,2.74,1.28,1.13,1.97,0,-1.97,neutral,bajista,0,-1.0,22,8394,4,
s28280,GRTUSDT,1787461200000,testB,-1,-5.34,0.845,5.77,5.77,1.48,-3.37,3.02,1.24,1.08,1.5,0,-1.97,neutral,bajista,0,-1.0,26,8394,4,
s28281,LDOUSDT,1787461200000,testB,-1,-5.43,0.714,5.94,5.77,1.66,-3.46,2.86,1.13,0.96,1.43,0,-1.97,neutral,bajista,0,-1.0,20,8394,4,
s28282,SANDUSDT,1787461200000,testB,-1,-4.16,0.568,4.87,4.41,1.52,-2.19,1.86,1.0,0.85,2.29,0,-1.97,neutral,neutral,0,-0.651,32,8394,0,
s28283,MANAUSDT,1787461200000,testB,-1,-4.46,0.763,4.86,4.65,0.87,-2.48,1.95,1.09,0.87,1.51,0,-1.97,neutral,bajista,0,-1.0,25,8394,4,
s28284,AXSUSDT,1787461200000,testB,-1,-5.75,0.784,6.43,6.09,1.23,-3.78,2.53,1.34,1.13,1.71,0,-1.97,neutral,bajista,0,-1.0,31,8394,4,
s28285,APEUSDT,1787461200000,testB,-1,-3.95,0.58,5.68,5.04,1.62,-1.98,2.06,1.67,1.58,2.3,0,-1.97,neutral,bajista,0,-0.901,32,8394,3,
s28286,ASTERUSDT,1787462100000,train,-1,-2.71,0.46,5.19,3.09,1.13,-1.37,0.78,1.35,1.0,1.7,0,-1.34,neutral,neutral,0,-1.0,13,8396,0,
s28287,XPLUSDT,1787462100000,train,-1,-4.08,0.505,7.09,4.46,2.14,-2.73,1.41,0.83,0.83,1.41,0,-1.34,neutral,neutral,0,-1.0,15,8396,0,
s28288,STBLUSDT,1787462100000,train,-1,-3.68,0.6,5.67,4.77,1.09,-2.34,1.62,1.34,0.86,1.1,0,-1.34,neutral,neutral,0,-0.172,32,8396,0,
s28289,0GUSDT,1787462100000,train,-1,-4.66,0.676,6.78,5.22,1.08,-3.32,1.77,0.95,0.75,1.05,0,-1.34,neutral,neutral,0,-1.0,28,8396,0,
s28290,WLDUSDT,1787462100000,train,-1,-4.61,0.434,7.05,4.94,1.74,-3.27,1.68,1.1,0.93,1.32,0,-1.34,neutral,neutral,0,-1.0,24,8396,0,
s28291,SUIUSDT,1787462100000,train,-1,-3.69,0.433,6.0,4.16,1.79,-2.35,1.17,1.68,1.31,2.07,0,-1.34,neutral,neutral,0,-1.0,32,8396,0,
s28292,TIAUSDT,1787462100000,train,-1,-4.15,0.471,6.43,4.61,1.23,-2.81,1.33,1.08,1.33,2.03,0,-1.34,neutral,neutral,0,-1.0,24,8396,0,
s28293,SEIUSDT,1787462100000,train,-1,-4.59,0.608,6.36,4.87,1.31,-3.24,1.74,1.53,1.25,1.78,0,-1.34,neutral,neutral,0,-1.0,32,8396,0,
s28294,JUPUSDT,1787462100000,train,-1,-4.84,0.515,6.97,5.19,1.11,-3.5,1.45,1.51,1.12,1.52,0,-1.34,neutral,neutral,0,-1.0,32,8396,0,
s28295,PENDLEUSDT,1787462100000,train,-1,-4.35,0.597,6.36,4.74,0.93,-3.0,1.5,1.15,1.01,1.25,0,-1.34,neutral,neutral,0,-1.0,17,8396,0,
s28296,ONDOUSDT,1787462100000,train,-1,-3.65,0.424,5.96,4.07,1.71,-2.3,1.1,1.73,1.42,2.06,0,-1.34,neutral,neutral,0,-1.0,23,8395,0,
s28297,ARUSDT,1787462100000,testB,-1,-4.07,0.547,6.1,4.49,1.18,-2.73,1.54,1.28,1.13,1.97,0,-1.34,neutral,neutral,0,-1.0,21,8395,0,
s28298,GRTUSDT,1787462100000,testB,-1,-4.13,0.604,6.49,4.82,2.27,-2.78,1.97,1.24,1.08,1.5,0,-1.34,neutral,neutral,0,-1.0,25,8395,0,
s28299,LDOUSDT,1787462100000,testB,-1,-3.96,0.488,5.88,4.23,2.31,-2.61,1.65,1.13,0.96,1.43,0,-1.34,neutral,neutral,0,-1.0,16,8395,0,
s28300,SANDUSDT,1787462100000,testB,-1,-2.94,0.381,4.86,3.08,1.96,-1.6,0.9,1.0,0.85,2.29,0,-1.34,neutral,neutral,0,-1.0,26,8395,0,
s28301,MANAUSDT,1787462100000,testB,-1,-2.89,0.464,4.48,3.05,1.07,-1.55,0.91,1.09,0.87,1.51,0,-1.34,neutral,neutral,0,-1.0,20,8395,0,
s28302,AXSUSDT,1787462100000,testB,-1,-4.47,0.576,6.47,4.91,1.52,-3.13,1.56,1.34,1.13,1.71,0,-1.34,neutral,neutral,0,-1.0,29,8395,0,
s28303,ASTERUSDT,1787463000000,train,-1,-2.4,0.411,5.18,2.96,1.12,-0.99,0.62,1.35,1.0,1.7,0,-1.41,neutral,neutral,0,-1.0,12,8397,0,
s28304,XPLUSDT,1787463000000,train,-1,-4.13,0.508,7.11,4.71,2.03,-2.72,1.56,0.83,0.83,1.41,0,-1.41,neutral,neutral,0,-1.0,14,8397,1,
s28305,0GUSDT,1787463000000,train,-1,-4.6,0.673,6.71,5.15,1.09,-3.2,1.68,0.95,0.75,1.05,0,-1.41,neutral,neutral,0,-1.0,27,8397,0,
s28306,WLDUSDT,1787463000000,train,-1,-4.48,0.426,6.92,5.12,1.67,-3.07,1.93,1.1,0.93,1.32,0,-1.41,neutral,neutral,0,-1.0,23,8397,1,
s28307,OPUSDT,1787463000000,train,-1,-3.16,0.381,5.58,3.78,1.29,-1.76,1.13,1.64,1.51,1.82,0,-1.41,neutral,neutral,0,-1.0,18,8397,1,
s28308,SUIUSDT,1787463000000,train,-1,-4.0,0.453,6.03,4.61,1.8,-2.59,1.53,1.68,1.31,2.07,0,-1.41,neutral,neutral,0,-1.0,31,8397,1,
s28309,TIAUSDT,1787463000000,train,-1,-4.12,0.468,5.99,4.66,1.23,-2.71,1.67,1.08,1.33,2.03,0,-1.41,neutral,neutral,0,-1.0,23,8397,1,
s28310,SEIUSDT,1787463000000,train,-1,-4.47,0.601,6.26,4.95,0.96,-3.07,1.77,1.53,1.25,1.78,0,-1.41,neutral,neutral,0,-1.0,31,8397,1,
s28311,JUPUSDT,1787463000000,train,-1,-4.48,0.495,6.57,4.99,1.05,-3.07,1.56,1.51,1.12,1.52,0,-1.41,neutral,neutral,0,-1.0,31,8397,1,
s28312,PENDLEUSDT,1787463000000,train,-1,-4.09,0.581,6.1,4.71,0.98,-2.69,1.54,1.15,1.01,1.25,0,-1.41,neutral,neutral,0,-1.0,15,8397,1,
s28313,ONDOUSDT,1787463000000,train,-1,-3.71,0.428,5.95,4.39,1.78,-2.3,1.39,1.73,1.42,2.06,0,-1.41,neutral,neutral,0,-1.0,22,8396,1,
s28314,ARUSDT,1787463000000,testB,-1,-4.22,0.556,6.11,4.69,1.24,-2.81,1.59,1.28,1.13,1.97,0,-1.41,neutral,neutral,0,-1.0,20,8396,1,
s28315,GRTUSDT,1787463000000,testB,-1,-4.43,0.632,6.51,5.09,2.35,-3.03,2.03,1.24,1.08,1.5,0,-1.41,neutral,neutral,0,-1.0,24,8396,1,
s28316,LDOUSDT,1787463000000,testB,-1,-3.97,0.488,5.76,4.54,2.23,-2.57,1.91,1.13,0.96,1.43,0,-1.41,neutral,neutral,0,-1.0,15,8396,1,
s28317,SANDUSDT,1787463000000,testB,-1,-2.74,0.363,4.54,3.25,1.95,-1.33,1.39,1.0,0.85,2.29,0,-1.41,neutral,neutral,0,-1.0,23,8396,1,
s28318,MANAUSDT,1787463000000,testB,-1,-2.6,0.436,4.11,2.86,1.06,-1.19,1.03,1.09,0.87,1.51,0,-1.41,neutral,neutral,0,-1.0,19,8396,1,
s28319,AXSUSDT,1787463000000,testB,-1,-4.29,0.564,5.83,4.61,1.3,-2.89,1.74,1.34,1.13,1.71,0,-1.41,neutral,neutral,0,-1.0,25,8396,1,
s28320,APEUSDT,1787463000000,testB,-1,-2.8,0.35,4.85,3.23,1.87,-1.39,0.93,1.67,1.58,2.3,0,-1.41,neutral,neutral,0,-1.0,26,8396,1,
s28321,ASTERUSDT,1787463900000,train,-1,-2.46,0.417,4.73,2.73,0.74,-0.99,0.71,1.35,1.0,1.7,0,-1.47,neutral,neutral,0,-1.0,11,8398,1,
s28322,XPLUSDT,1787463900000,train,-1,-4.03,0.5,6.53,4.73,1.53,-2.56,1.95,0.83,0.83,1.41,0,-1.47,neutral,bajista,0,-1.0,13,8398,2,
s28323,0GUSDT,1787463900000,train,-1,-4.76,0.679,6.11,5.32,0.83,-3.28,2.14,0.95,0.75,1.05,0,-1.47,neutral,neutral,0,-1.0,23,8398,1,
s28324,WLDUSDT,1787463900000,train,-1,-5.15,0.46,6.43,5.46,1.28,-3.68,2.45,1.1,0.93,1.32,0,-1.47,neutral,bajista,0,-1.0,22,8398,2,
s28325,ARBUSDT,1787463900000,train,-1,-3.19,0.361,4.72,3.3,0.9,-1.72,1.17,0.99,0.87,1.33,0,-1.47,neutral,bajista,0,-1.0,13,8398,2,
s28326,OPUSDT,1787463900000,train,-1,-3.81,0.426,5.11,4.01,0.99,-2.34,1.55,1.64,1.51,1.82,0,-1.47,neutral,bajista,0,-1.0,16,8398,2,
s28327,SUIUSDT,1787463900000,train,-1,-4.05,0.455,5.22,4.28,1.36,-2.58,1.75,1.68,1.31,2.07,0,-1.47,neutral,bajista,0,-1.0,22,8398,2,
s28328,TIAUSDT,1787463900000,train,-1,-4.48,0.488,5.36,4.72,0.93,-3.01,2.09,1.08,1.33,2.03,0,-1.47,neutral,bajista,0,-1.0,21,8398,2,
s28329,SEIUSDT,1787463900000,train,-1,-4.47,0.6,5.57,4.68,0.62,-3.0,1.94,1.53,1.25,1.78,0,-1.47,neutral,bajista,0,-1.0,23,8398,2,
s28330,JUPUSDT,1787463900000,train,-1,-4.4,0.489,5.99,4.81,0.64,-2.93,1.74,1.51,1.12,1.52,0,-1.47,neutral,bajista,0,-1.0,23,8398,2,
s28331,PENDLEUSDT,1787463900000,train,-1,-4.41,0.598,5.39,4.66,0.76,-2.94,1.93,1.15,1.01,1.25,0,-1.47,neutral,bajista,0,-1.0,13,8398,2,
s28332,ONDOUSDT,1787463900000,train,-1,-3.67,0.424,5.17,3.89,1.14,-2.19,1.49,1.73,1.42,2.06,0,-1.47,neutral,bajista,0,-1.0,18,8397,2,
s28333,ARUSDT,1787463900000,testB,-1,-4.06,0.544,5.02,4.18,0.65,-2.59,1.91,1.28,1.13,1.97,0,-1.47,neutral,bajista,0,-1.0,17,8397,2,
s28334,GRTUSDT,1787463900000,testB,-1,-4.76,0.647,5.78,5.06,2.0,-3.29,2.41,1.24,1.08,1.5,0,-1.47,neutral,bajista,0,-1.0,22,8397,2,
s28335,LDOUSDT,1787463900000,testB,-1,-3.91,0.483,5.13,4.27,1.28,-2.43,1.99,1.13,0.96,1.43,0,-1.47,neutral,bajista,0,-1.0,13,8397,2,
s28336,SANDUSDT,1787463900000,testB,-1,-2.69,0.357,4.54,3.73,1.39,-1.22,1.6,1.0,0.85,2.29,0,-1.47,neutral,bajista,0,-1.0,18,8397,2,
s28337,MANAUSDT,1787463900000,testB,-1,-2.71,0.446,3.83,2.97,0.74,-1.24,1.24,1.09,0.87,1.51,0,-1.47,neutral,bajista,0,-1.0,13,8397,2,
s28338,AXSUSDT,1787463900000,testB,-1,-3.98,0.544,5.01,4.24,0.96,-2.51,1.94,1.34,1.13,1.71,0,-1.47,neutral,bajista,0,-1.0,22,8397,2,
s28339,APEUSDT,1787463900000,testB,-1,-3.35,0.392,4.46,3.47,0.9,-1.88,1.38,1.67,1.58,2.3,0,-1.47,neutral,bajista,0,-1.0,22,8397,2,
s28340,XPLUSDT,1787464800000,train,-1,-3.28,0.447,6.53,4.78,1.45,-2.02,1.88,0.81,0.8,1.25,0,-1.26,neutral,bajista,0,-1.0,12,8399,3,
s28341,0GUSDT,1787464800000,train,-1,-3.21,0.443,6.05,4.36,0.75,-1.95,1.05,0.95,0.76,0.9,0,-1.26,neutral,neutral,0,-1.0,22,8399,0,
s28342,SEIUSDT,1787464800000,train,-1,-3.35,0.484,4.93,3.76,0.64,-2.09,1.4,1.43,1.24,1.54,0,-1.26,neutral,neutral,0,-1.0,21,8399,0,
s28343,PENDLEUSDT,1787464800000,train,-1,-2.83,0.41,4.71,3.43,0.67,-1.57,1.2,1.03,0.99,1.14,0,-1.26,neutral,neutral,0,-1.0,10,8399,0,
s28344,GRTUSDT,1787464800000,testB,-1,-3.24,0.441,5.22,3.73,1.3,-1.98,1.45,1.23,1.09,1.36,0,-1.26,neutral,neutral,0,-1.0,17,8398,0,
s28345,XPLUSDT,1787465700000,train,-1,-2.95,0.386,6.49,4.05,0.55,-1.8,1.06,0.81,0.8,1.25,0,-1.15,neutral,neutral,0,-1.0,11,8400,0,
s28346,0GUSDT,1787465700000,train,-1,-2.9,0.397,6.04,4.16,0.52,-1.75,0.77,0.95,0.76,0.9,0,-1.15,neutral,neutral,0,-1.0,21,8400,0,
s28347,SEIUSDT,1787465700000,train,-1,-2.66,0.409,4.91,3.6,0.4,-1.51,1.11,1.43,1.24,1.54,0,-1.15,neutral,neutral,0,-1.0,20,8400,0,
s28348,PENDLEUSDT,1787465700000,train,-1,-2.74,0.402,4.71,3.46,0.43,-1.59,1.04,1.03,0.99,1.14,0,-1.15,neutral,neutral,0,-1.0,9,8400,1,
s28349,GRTUSDT,1787465700000,testB,-1,-2.69,0.374,5.21,3.53,0.72,-1.54,1.15,1.23,1.09,1.36,0,-1.15,neutral,neutral,0,-1.0,16,8399,0,
s28350,XPLUSDT,1787466600000,train,-1,-3.24,0.411,6.51,4.34,0.59,-2.05,1.1,0.81,0.8,1.25,0,-1.19,neutral,neutral,0,-1.0,10,8401,1,
s28351,0GUSDT,1787466600000,train,-1,-2.96,0.409,6.04,4.09,0.47,-1.77,0.55,0.95,0.76,0.9,0,-1.19,neutral,neutral,0,-1.0,20,8401,0,
s28352,SUIUSDT,1787466600000,train,-1,-2.71,0.364,4.92,3.6,0.56,-1.53,0.9,1.64,1.32,1.76,0,-1.19,neutral,neutral,0,-1.0,19,8401,0,
s28353,SEIUSDT,1787466600000,train,-1,-2.76,0.432,4.9,3.39,0.4,-1.57,0.77,1.43,1.24,1.54,0,-1.19,neutral,neutral,0,-1.0,19,8401,0,
s28354,XPLUSDT,1787467500000,train,-1,-3.48,0.44,5.88,3.85,0.54,-2.22,1.02,0.81,0.8,1.25,0,-1.26,neutral,bajista,0,-1.0,9,8402,2,
s28355,0GUSDT,1787467500000,train,-1,-2.78,0.393,4.81,2.99,0.47,-1.52,0.52,0.95,0.76,0.9,0,-1.26,neutral,neutral,0,-1.0,15,8402,1,
s28356,SUIUSDT,1787467500000,train,-1,-2.89,0.379,4.01,3.12,0.53,-1.63,1.02,1.64,1.32,1.76,0,-1.26,neutral,neutral,0,-1.0,14,8402,1,
s28357,SEIUSDT,1787467500000,train,-1,-2.72,0.429,4.13,2.91,0.38,-1.46,0.83,1.43,1.24,1.54,0,-1.26,neutral,neutral,0,-1.0,14,8402,1,
s28358,PENDLEUSDT,1787467500000,train,-1,-2.44,0.355,3.69,2.6,0.48,-1.18,0.83,1.03,0.99,1.14,0,-1.26,neutral,neutral,0,-1.0,5,8402,1,
s28359,GRTUSDT,1787467500000,testB,-1,-2.69,0.355,4.5,2.76,0.54,-1.43,0.75,1.23,1.09,1.36,0,-1.26,neutral,neutral,0,-1.0,12,8401,1,
s28360,ASTERUSDT,1787472900000,train,1,2.5,0.451,4.31,4.28,0.77,3.43,1.4,1.21,1.04,1.22,0,-0.93,neutral,alcista,0,0.608,32,8408,2,
s28361,ASTERUSDT,1787473800000,train,1,3.4,0.611,5.05,4.7,1.07,3.78,1.64,1.21,1.04,1.22,0,-0.39,neutral,alcista,0,0.418,32,8409,3,
s28362,0GUSDT,1787473800000,train,1,2.29,0.402,3.77,3.39,0.79,2.68,1.11,0.8,0.79,0.81,0,-0.39,neutral,alcista,0,1.811,32,8409,4,
s28363,PENDLEUSDT,1787473800000,train,1,2.86,0.362,4.93,4.59,1.38,3.25,2.2,1.04,1.01,1.09,0,-0.39,neutral,alcista,1,2.0,17,8409,4,
s28364,ASTERUSDT,1787474700000,train,1,4.23,0.801,4.7,4.59,0.95,4.39,1.72,1.21,1.04,1.22,0,-0.16,neutral,alcista,0,0.52,32,8410,4,
s28365,0GUSDT,1787474700000,train,1,2.43,0.435,3.78,3.14,0.75,2.59,0.82,0.8,0.79,0.81,0,-0.16,neutral,neutral,1,2.0,30,8410,0,
s28366,ARBUSDT,1787474700000,train,1,3.33,0.476,4.27,4.07,0.98,3.49,1.54,0.9,0.9,0.98,0,-0.16,neutral,neutral,0,1.072,32,8410,0,
s28367,OPUSDT,1787474700000,train,1,3.2,0.426,4.35,4.01,0.67,3.36,1.24,0.91,1.52,1.45,0,-0.16,neutral,neutral,0,1.203,32,8410,0,
s28368,SUIUSDT,1787474700000,train,1,2.16,0.365,3.02,2.8,0.69,2.32,0.83,1.64,1.37,1.53,0,-0.16,neutral,neutral,0,1.009,32,8410,0,
s28369,TIAUSDT,1787474700000,train,1,2.73,0.368,3.58,3.37,0.86,2.89,1.03,0.95,1.34,1.54,0,-0.16,neutral,neutral,0,1.435,32,8410,0,
s28370,SEIUSDT,1787474700000,train,1,2.39,0.455,3.14,3.01,0.79,2.55,1.05,1.26,1.22,1.41,0,-0.16,neutral,alcista,0,1.594,32,8410,2,
s28371,JUPUSDT,1787474700000,train,1,3.04,0.496,4.0,3.55,1.0,3.2,1.21,1.23,1.17,1.25,0,-0.16,neutral,neutral,1,2.0,21,8410,0,
s28372,PENDLEUSDT,1787474700000,train,1,3.51,0.478,4.93,4.45,1.45,3.67,1.77,1.04,1.01,1.09,0,-0.16,neutral,neutral,1,2.0,16,8410,0,
s28373,ONDOUSDT,1787474700000,train,1,2.48,0.408,3.89,3.5,0.58,2.64,0.84,1.47,1.49,1.53,0,-0.16,neutral,neutral,1,2.0,25,8409,0,
s28374,FETUSDT,1787474700000,train,1,3.72,0.388,4.47,4.22,0.68,3.89,1.45,0.87,0.83,1.12,0,-0.16,neutral,alcista,0,1.015,32,8409,5,
s28375,ARUSDT,1787474700000,testB,1,2.89,0.431,4.1,3.86,0.62,3.06,1.19,1.04,1.12,1.3,0,-0.16,neutral,alcista,1,2.0,27,8409,2,
s28376,STXUSDT,1787474700000,testB,1,6.48,0.428,9.43,6.87,1.18,6.65,1.01,4.18,6.28,12.41,0,-0.16,neutral,neutral,0,1.46,32,8409,0,
s28377,MANAUSDT,1787474700000,testB,1,2.72,0.533,3.52,3.3,1.06,2.88,1.1,0.95,0.92,1.08,0,-0.16,neutral,alcista,0,1.033,32,8409,2,
s28378,AXSUSDT,1787474700000,testB,1,2.24,0.366,3.31,3.22,0.65,2.4,1.08,1.14,1.16,1.18,0,-0.16,neutral,alcista,0,1.299,32,8409,5,
s28379,ASTERUSDT,1787475600000,train,1,5.45,0.838,6.19,5.73,1.19,4.54,2.73,1.2,1.07,1.13,0,0.91,neutral,alcista,0,0.338,32,8411,5,
s28380,XPLUSDT,1787475600000,train,1,4.64,0.484,7.19,6.35,1.77,3.73,2.76,0.89,0.81,1.12,0,0.91,neutral,neutral,1,2.0,18,8411,1,
s28381,0GUSDT,1787475600000,train,1,3.03,0.523,3.9,3.51,0.59,2.12,1.14,0.7,0.75,0.77,0,0.91,neutral,neutral,0,1.782,32,8411,1,
s28382,WLDUSDT,1787475600000,train,1,3.2,0.415,3.94,3.81,0.75,2.29,1.05,0.95,0.9,0.99,0,0.91,neutral,neutral,1,2.0,21,8411,1,
s28383,ARBUSDT,1787475600000,train,1,4.02,0.583,4.72,4.33,0.8,3.11,1.64,0.75,0.85,0.93,0,0.91,neutral,neutral,0,0.944,32,8411,1,
s28384,OPUSDT,1787475600000,train,1,4.19,0.523,4.83,4.67,0.62,3.28,1.75,0.82,1.48,1.35,0,0.91,neutral,neutral,0,0.874,32,8411,1,
s28385,INJUSDT,1787475600000,train,1,3.8,0.529,4.04,3.8,0.54,2.89,1.42,0.91,0.82,0.96,0,0.91,neutral,alcista,1,2.0,28,8411,3,
s28386,SUIUSDT,1787475600000,train,1,2.31,0.381,3.55,2.99,0.71,1.4,0.94,1.45,1.35,1.46,0,0.91,neutral,neutral,0,1.008,32,8411,1,
s28387,TIAUSDT,1787475600000,train,1,3.33,0.442,4.17,3.68,1.05,2.42,1.31,0.86,1.19,1.46,0,0.91,neutral,neutral,0,1.228,32,8411,1,
s28388,SEIUSDT,1787475600000,train,1,2.89,0.549,3.35,3.24,0.69,1.98,1.21,1.13,1.16,1.3,0,0.91,neutral,alcista,0,1.477,32,8411,3,
s28389,JUPUSDT,1787475600000,train,1,3.51,0.557,3.98,3.83,1.09,2.6,1.39,1.04,1.13,1.17,0,0.91,neutral,neutral,1,2.0,31,8411,1,
s28390,PENDLEUSDT,1787475600000,train,1,4.6,0.589,5.48,5.15,1.37,3.69,2.28,1.02,1.04,1.07,0,0.91,neutral,neutral,1,2.0,17,8411,1,
s28391,ONDOUSDT,1787475600000,train,1,2.8,0.485,3.95,3.39,0.59,1.89,0.68,1.25,1.44,1.44,0,0.91,neutral,neutral,1,2.0,24,8410,0,
s28392,FETUSDT,1787475600000,train,1,4.72,0.474,5.13,4.82,0.95,3.81,1.92,0.85,0.8,1.06,0,0.91,neutral,alcista,0,0.792,32,8410,6,
s28393,ARUSDT,1787475600000,testB,1,3.35,0.531,4.11,3.77,0.72,2.45,1.02,0.8,1.01,1.2,0,0.91,neutral,neutral,1,2.0,26,8410,0,
s28394,GRTUSDT,1787475600000,testB,1,3.18,0.495,3.9,3.83,0.75,2.27,1.31,1.15,1.05,1.19,0,0.91,neutral,alcista,1,2.0,20,8410,6,
s28395,LDOUSDT,1787475600000,testB,1,4.45,0.525,5.28,4.86,2.67,3.54,2.08,1.78,1.33,1.19,1,0.91,neutral,neutral,1,2.0,19,8410,1,
s28396,SANDUSDT,1787475600000,testB,1,2.32,0.354,3.64,3.21,0.62,1.41,0.76,0.79,0.8,1.04,0,0.91,neutral,neutral,0,1.273,32,8410,1,
s28397,MANAUSDT,1787475600000,testB,1,3.3,0.632,3.84,3.61,1.01,2.39,1.31,0.85,0.87,0.98,0,0.91,neutral,alcista,0,0.881,32,8410,3,
s28398,AXSUSDT,1787475600000,testB,1,2.95,0.484,3.63,3.52,0.58,2.04,1.27,0.98,1.09,1.1,0,0.91,neutral,alcista,0,1.1,32,8410,6,
s28399,ASTERUSDT,1787476500000,train,1,3.44,0.568,5.26,3.81,1.61,3.03,1.83,1.2,1.07,1.13,0,0.41,neutral,neutral,0,0.692,32,8412,0,
s28400,0GUSDT,1787476500000,train,1,2.22,0.447,3.38,3.19,0.7,1.81,1.28,0.7,0.75,0.77,0,0.41,neutral,alcista,1,2.0,32,8412,2,
s28401,ARBUSDT,1787476500000,train,1,2.16,0.423,3.92,3.47,0.91,1.75,1.51,0.75,0.85,0.93,0,0.41,neutral,neutral,0,1.117,32,8412,0,
s28402,OPUSDT,1787476500000,train,1,2.4,0.381,4.08,3.85,0.84,1.99,1.61,0.82,1.48,1.35,0,0.41,neutral,neutral,0,0.967,32,8412,0,
s28403,INJUSDT,1787476500000,train,1,2.47,0.427,3.21,2.98,0.74,2.07,1.56,0.91,0.82,0.96,0,0.41,neutral,alcista,1,2.0,25,8412,4,
s28404,JUPUSDT,1787476500000,train,1,2.24,0.449,3.23,3.18,0.93,1.83,1.46,1.04,1.13,1.17,0,0.41,neutral,alcista,1,2.0,19,8412,2,
s28405,PENDLEUSDT,1787476500000,train,1,4.46,0.583,5.39,5.39,1.32,4.05,2.75,1.02,1.04,1.07,0,0.41,neutral,alcista,1,2.0,16,8412,2,
s28406,ARUSDT,1787476500000,testB,1,2.29,0.439,3.63,3.34,0.68,1.89,1.07,0.8,1.01,1.2,0,0.41,neutral,neutral,1,2.0,18,8411,1,
s28407,STXUSDT,1787476500000,testB,1,5.97,0.367,8.42,6.94,1.25,5.56,2.5,4.35,5.46,12.41,0,0.41,neutral,neutral,0,1.13,32,8411,0,
s28408,GRTUSDT,1787476500000,testB,1,2.57,0.444,3.57,3.51,1.1,2.16,1.56,1.15,1.05,1.19,0,0.41,neutral,alcista,1,2.0,19,8411,7,
s28409,LDOUSDT,1787476500000,testB,1,4.09,0.507,5.24,4.86,2.37,3.68,2.6,1.78,1.33,1.19,1,0.41,neutral,alcista,0,1.478,32,8411,2,
s28410,MANAUSDT,1787476500000,testB,1,2.09,0.484,3.25,2.86,1.09,1.69,1.06,0.85,0.87,0.98,0,0.41,neutral,neutral,0,1.085,32,8411,0,
s28411,ASTERUSDT,1787477400000,train,1,3.37,0.563,5.25,3.87,1.36,2.85,1.78,1.2,1.07,1.13,0,0.52,neutral,neutral,0,0.665,32,8413,1,
s28412,STBLUSDT,1787477400000,train,1,4.07,0.466,5.22,4.65,0.06,3.55,0.81,1.58,0.99,0.91,1,0.52,neutral,alcista,0,0.202,32,8413,3,
s28413,0GUSDT,1787477400000,train,1,2.02,0.392,3.39,3.0,0.62,1.5,1.03,0.7,0.75,0.77,0,0.52,neutral,neutral,1,2.0,27,8413,0,
s28414,WLDUSDT,1787477400000,train,1,2.14,0.354,3.88,3.59,0.84,1.63,1.15,0.95,0.9,0.99,0,0.52,neutral,neutral,1,2.0,17,8413,0,
s28415,ARBUSDT,1787477400000,train,1,2.52,0.496,3.92,3.61,0.8,2.0,1.6,0.75,0.85,0.93,0,0.52,neutral,neutral,0,0.896,32,8413,1,
s28416,OPUSDT,1787477400000,train,1,2.93,0.502,4.08,3.84,0.85,2.41,1.56,0.82,1.48,1.35,0,0.52,neutral,neutral,0,0.866,32,8413,0,
s28417,INJUSDT,1787477400000,train,1,2.41,0.411,3.21,2.86,1.01,1.9,1.41,0.91,0.82,0.96,0,0.52,neutral,neutral,1,2.0,24,8413,0,
s28418,TIAUSDT,1787477400000,train,1,2.44,0.427,3.68,3.19,1.26,1.92,1.24,0.86,1.19,1.46,0,0.52,neutral,neutral,0,1.305,32,8413,0,
s28419,JUPUSDT,1787477400000,train,1,2.24,0.449,3.24,2.99,0.79,1.73,1.26,1.04,1.13,1.17,0,0.52,neutral,neutral,1,2.0,18,8413,0,
s28420,PENDLEUSDT,1787477400000,train,1,4.84,0.641,6.02,5.51,1.73,4.32,2.7,1.02,1.04,1.07,0,0.52,neutral,alcista,1,2.0,16,8413,3,
s28421,ONDOUSDT,1787477400000,train,1,2.04,0.474,2.8,2.39,0.63,1.52,0.88,1.25,1.44,1.44,0,0.52,neutral,alcista,1,2.0,15,8412,2,
s28422,ARUSDT,1787477400000,testB,1,2.54,0.5,3.62,3.39,0.65,2.03,1.09,0.8,1.01,1.2,0,0.52,neutral,alcista,1,2.0,17,8412,2,
s28423,STXUSDT,1787477400000,testB,1,6.92,0.436,8.41,7.1,1.35,6.41,2.38,4.35,5.46,12.41,0,0.52,neutral,neutral,0,0.911,32,8412,1,
s28424,GRTUSDT,1787477400000,testB,1,2.77,0.494,3.57,3.45,1.27,2.25,1.47,1.15,1.05,1.19,0,0.52,neutral,neutral,1,2.0,18,8412,0,
s28425,LDOUSDT,1787477400000,testB,1,3.77,0.446,5.28,4.15,2.5,3.25,1.77,1.78,1.33,1.19,1,0.52,neutral,neutral,1,2.0,16,8412,0,
s28426,MANAUSDT,1787477400000,testB,1,2.36,0.557,3.25,2.94,0.9,1.84,1.14,0.85,0.87,0.98,0,0.52,neutral,neutral,0,1.046,32,8412,1,
s28427,AXSUSDT,1787477400000,testB,1,2.28,0.42,3.24,3.02,0.88,1.76,1.14,0.98,1.09,1.1,0,0.52,neutral,neutral,0,1.413,32,8412,1,
s28428,ASTERUSDT,1787478300000,train,1,4.18,0.658,5.22,4.41,1.41,3.56,2.12,1.2,1.07,1.13,0,0.62,neutral,alcista,0,0.344,32,8414,2,
s28429,XPLUSDT,1787478300000,train,1,4.84,0.456,6.08,5.23,3.05,4.22,2.42,0.89,0.81,1.12,0,0.62,neutral,neutral,1,2.0,8,8414,1,
s28430,STBLUSDT,1787478300000,train,1,4.56,0.549,5.22,4.53,0.14,3.94,0.66,1.58,0.99,0.91,1,0.62,neutral,neutral,0,0.27,32,8414,0,
s28431,0GUSDT,1787478300000,train,1,2.89,0.647,3.38,3.07,0.58,2.27,1.02,0.7,0.75,0.77,0,0.62,neutral,neutral,1,2.0,27,8414,1,
s28432,WLDUSDT,1787478300000,train,1,2.49,0.43,3.98,3.11,0.77,1.86,0.67,0.95,0.9,0.99,0,0.62,neutral,neutral,1,2.0,16,8414,0,
s28433,ARBUSDT,1787478300000,train,1,3.17,0.697,3.99,3.65,0.75,2.55,1.53,0.75,0.85,0.93,0,0.62,neutral,alcista,0,0.836,32,8414,2,
s28434,OPUSDT,1787478300000,train,1,4.2,0.736,4.4,4.34,0.99,3.57,1.92,0.82,1.48,1.35,0,0.62,neutral,neutral,0,0.622,32,8414,1,
s28435,INJUSDT,1787478300000,train,1,3.05,0.529,3.55,3.1,1.7,2.42,1.61,0.91,0.82,0.96,0,0.62,neutral,neutral,1,2.0,24,8414,1,
s28436,TIAUSDT,1787478300000,train,1,3.66,0.658,3.9,3.66,1.11,3.03,1.6,0.86,1.19,1.46,0,0.62,neutral,neutral,0,0.868,32,8414,1,
s28437,SEIUSDT,1787478300000,train,1,2.61,0.654,2.95,2.93,0.89,1.98,1.22,1.13,1.16,1.3,0,0.62,neutral,neutral,0,1.415,32,8414,1,
s28438,JUPUSDT,1787478300000,train,1,3.02,0.608,3.48,3.33,0.72,2.39,1.48,1.04,1.13,1.17,0,0.62,neutral,neutral,1,2.0,23,8414,1,
s28439,PENDLEUSDT,1787478300000,train,1,6.63,0.825,6.61,6.48,1.73,6.01,3.45,1.02,1.04,1.07,0,0.62,neutral,alcista,1,2.0,15,8414,4,
s28440,ONDOUSDT,1787478300000,train,1,2.56,0.6,2.99,2.6,0.63,1.93,1.05,1.25,1.44,1.44,0,0.62,neutral,alcista,1,2.0,16,8413,3,
s28441,FETUSDT,1787478300000,train,1,3.37,0.5,4.58,3.95,1.13,2.75,1.53,0.85,0.8,1.06,0,0.62,neutral,neutral,0,1.095,32,8413,1,
s28442,ARUSDT,1787478300000,testB,1,3.25,0.702,3.62,3.48,0.65,2.62,1.14,0.8,1.01,1.2,0,0.62,neutral,alcista,1,2.0,22,8413,3,
s28443,STXUSDT,1787478300000,testB,1,6.18,0.387,8.44,6.5,1.16,5.56,1.83,4.35,5.46,12.41,0,0.62,neutral,neutral,0,0.924,32,8413,0,
s28444,GRTUSDT,1787478300000,testB,1,3.63,0.718,3.82,3.57,1.27,3.01,1.57,1.15,1.05,1.19,0,0.62,neutral,neutral,1,2.0,17,8413,1,
s28445,LDOUSDT,1787478300000,testB,1,5.15,0.566,5.23,5.07,1.61,4.53,2.58,1.78,1.33,1.19,1,0.62,neutral,neutral,0,1.505,32,8413,1,
s28446,SANDUSDT,1787478300000,testB,1,2.07,0.402,2.91,2.08,2.11,1.45,0.42,0.79,0.8,1.04,0,0.62,neutral,neutral,1,2.0,18,8413,0,
s28447,MANAUSDT,1787478300000,testB,1,2.73,0.701,3.25,2.9,1.0,2.11,1.03,0.85,0.87,0.98,0,0.62,neutral,neutral,0,1.163,32,8413,0,
s28448,AXSUSDT,1787478300000,testB,1,2.57,0.496,3.25,2.86,0.93,1.94,0.93,0.98,1.09,1.1,0,0.62,neutral,neutral,0,1.643,32,8413,0,
s28449,APEUSDT,1787478300000,testB,1,2.26,0.4,3.11,2.56,1.43,1.64,0.89,1.27,1.28,1.68,0,0.62,neutral,neutral,0,0.973,32,8413,0,
s28450,ASTERUSDT,1787479200000,train,1,3.46,0.537,4.59,3.38,0.89,2.73,1.4,0.85,1.05,1.01,0,0.74,neutral,neutral,0,0.604,32,8415,0,
s28451,XPLUSDT,1787479200000,train,1,5.79,0.505,5.87,5.64,1.7,5.06,2.89,1.04,0.89,1.11,0,0.74,neutral,alcista,1,2.0,14,8415,2,
s28452,STBLUSDT,1787479200000,train,1,4.5,0.546,4.84,4.43,0.31,3.77,0.91,1.54,1.02,0.86,1,0.74,neutral,neutral,0,0.202,32,8415,1,
s28453,0GUSDT,1787479200000,train,1,2.21,0.586,2.36,2.29,0.57,1.48,1.02,0.51,0.68,0.7,0,0.74,neutral,alcista,1,2.0,16,8415,2,
s28454,WLDUSDT,1787479200000,train,1,2.66,0.448,3.15,2.83,0.93,1.93,0.97,0.88,0.89,0.91,0,0.74,neutral,neutral,1,2.0,15,8415,1,
s28455,ARBUSDT,1787479200000,train,1,3.41,0.712,3.39,3.35,0.69,2.68,1.42,0.73,0.84,0.84,0,0.74,neutral,alcista,0,0.903,32,8415,3,
s28456,OPUSDT,1787479200000,train,1,4.02,0.729,4.17,3.93,1.28,3.28,1.94,0.76,1.27,1.25,0,0.74,neutral,alcista,0,0.629,32,8415,2,
s28457,INJUSDT,1787479200000,train,1,2.83,0.511,3.54,2.81,1.94,2.09,1.42,1.1,0.92,0.97,0,0.74,neutral,alcista,1,2.0,22,8415,2,
s28458,TIAUSDT,1787479200000,train,1,2.83,0.586,3.18,2.88,0.93,2.09,1.21,0.84,1.19,1.31,0,0.74,neutral,neutral,0,1.262,32,8415,0,
s28459,SEIUSDT,1787479200000,train,1,2.67,0.659,2.79,2.77,1.0,1.93,1.28,0.88,1.16,1.19,0,0.74,neutral,alcista,0,1.57,32,8415,2,
s28460,JUPUSDT,1787479200000,train,1,3.37,0.635,3.85,3.85,0.63,2.63,1.79,0.87,1.14,1.09,0,0.74,neutral,alcista,0,1.731,32,8415,2,
s28461,PENDLEUSDT,1787479200000,train,1,6.19,0.816,6.74,6.28,2.13,5.45,3.12,1.1,1.09,1.05,1,0.74,neutral,alcista,1,2.0,14,8415,5,
s28462,ONDOUSDT,1787479200000,train,1,2.34,0.58,2.84,2.68,0.6,1.61,1.17,1.13,1.45,1.33,0,0.74,neutral,alcista,1,2.0,16,8414,4,
s28463,FETUSDT,1787479200000,train,1,3.95,0.54,4.36,4.3,0.7,3.21,1.8,0.99,0.88,0.99,0,0.74,neutral,alcista,0,0.884,32,8414,2,
s28464,ARUSDT,1787479200000,testB,1,3.62,0.725,3.87,3.54,0.81,2.88,1.71,0.79,1.05,1.14,0,0.74,neutral,alcista,1,2.0,22,8414,4,
s28465,GRTUSDT,1787479200000,testB,1,3.22,0.694,3.24,3.24,0.91,2.48,1.64,1.08,1.02,1.1,0,0.74,neutral,alcista,1,2.0,16,8414,2,
s28466,LDOUSDT,1787479200000,testB,1,5.39,0.578,5.22,5.14,1.27,4.65,2.79,1.82,1.43,1.14,1,0.74,neutral,alcista,0,1.432,32,8414,2,
s28467,MANAUSDT,1787479200000,testB,1,2.64,0.695,2.66,2.62,0.76,1.9,1.08,0.72,0.85,0.88,0,0.74,neutral,neutral,0,1.215,32,8414,1,
s28468,AXSUSDT,1787479200000,testB,1,2.48,0.489,2.62,2.56,1.27,1.74,1.08,0.83,1.02,1.0,0,0.74,neutral,neutral,0,1.863,32,8414,1,
s28469,APEUSDT,1787479200000,testB,1,2.82,0.455,2.75,2.75,1.13,2.09,1.29,0.97,1.29,1.52,0,0.74,neutral,neutral,0,0.8,32,8414,1,
s28470,ASTERUSDT,1787480100000,train,1,3.03,0.505,4.44,3.53,0.57,2.35,1.52,0.85,1.05,1.01,0,0.68,neutral,neutral,0,0.536,32,8416,1,
s28471,XPLUSDT,1787480100000,train,1,5.59,0.498,6.44,6.11,1.82,4.91,3.1,1.04,0.89,1.11,0,0.68,neutral,alcista,1,2.0,13,8416,3,
s28472,STBLUSDT,1787480100000,train,1,2.97,0.447,3.54,3.13,0.38,2.29,1.24,1.54,1.02,0.86,1,0.68,neutral,neutral,0,0.312,32,8416,0,
s28473,0GUSDT,1787480100000,train,1,2.4,0.607,2.86,2.66,0.63,1.72,1.27,0.51,0.68,0.7,0,0.68,neutral,alcista,1,2.0,24,8416,3,
s28474,WLDUSDT,1787480100000,train,1,3.01,0.479,3.71,3.03,1.3,2.33,1.33,0.88,0.89,0.91,0,0.68,neutral,alcista,1,2.0,14,8416,2,
s28475,ARBUSDT,1787480100000,train,1,3.77,0.732,4.09,3.65,0.94,3.09,1.83,0.73,0.84,0.84,0,0.68,neutral,alcista,0,0.623,32,8416,4,
s28476,OPUSDT,1787480100000,train,1,4.3,0.742,4.85,4.19,1.48,3.62,2.16,0.76,1.27,1.25,0,0.68,neutral,alcista,0,0.433,32,8416,3,
s28477,INJUSDT,1787480100000,train,1,2.86,0.515,3.73,3.13,2.47,2.18,1.59,1.1,0.92,0.97,0,0.68,neutral,alcista,1,2.0,23,8416,3,
s28478,SUIUSDT,1787480100000,train,1,2.5,0.468,4.04,3.13,1.65,1.82,1.36,1.39,1.4,1.37,0,0.68,neutral,alcista,0,0.949,32,8416,2,
s28479,TIAUSDT,1787480100000,train,1,3.52,0.638,3.82,3.5,1.5,2.84,1.83,0.84,1.19,1.31,0,0.68,neutral,neutral,0,0.748,32,8416,1,
s28480,SEIUSDT,1787480100000,train,1,2.84,0.674,3.65,3.06,2.56,2.16,1.45,0.88,1.16,1.19,0,0.68,neutral,alcista,0,1.331,32,8416,3,
s28481,JUPUSDT,1787480100000,train,1,3.57,0.648,4.23,3.74,0.91,2.89,1.83,0.87,1.14,1.09,0,0.68,neutral,alcista,0,1.632,32,8416,3,
s28482,PENDLEUSDT,1787480100000,train,1,6.38,0.827,6.73,6.42,2.28,5.7,2.99,1.1,1.09,1.05,1,0.68,neutral,alcista,1,2.0,14,8416,6,
s28483,ONDOUSDT,1787480100000,train,1,2.65,0.61,3.6,3.16,0.91,1.97,1.55,1.13,1.45,1.33,0,0.68,neutral,alcista,1,2.0,19,8415,5,
s28484,FETUSDT,1787480100000,train,1,4.7,0.584,5.97,5.47,1.76,4.02,2.84,0.99,0.88,0.99,0,0.68,neutral,alcista,0,0.438,32,8415,3,
s28485,ARUSDT,1787480100000,testB,1,3.64,0.728,4.17,3.98,1.11,2.96,2.27,0.79,1.05,1.14,0,0.68,neutral,alcista,0,1.494,32,8415,5,
s28486,GRTUSDT,1787480100000,testB,1,3.6,0.718,3.91,3.66,0.92,2.92,2.03,1.08,1.02,1.1,0,0.68,neutral,alcista,1,2.0,29,8415,3,
s28487,LDOUSDT,1787480100000,testB,1,4.82,0.552,5.24,4.73,0.91,4.14,2.65,1.82,1.43,1.14,1,0.68,neutral,alcista,0,1.629,32,8415,3,
s28488,SANDUSDT,1787480100000,testB,1,2.72,0.534,3.01,2.67,3.08,2.04,1.42,0.76,0.81,0.92,0,0.68,neutral,alcista,0,1.025,32,8415,2,
s28489,MANAUSDT,1787480100000,testB,1,2.64,0.696,3.08,2.89,0.88,1.96,1.41,0.72,0.85,0.88,0,0.68,neutral,alcista,0,0.935,32,8415,2,
s28490,AXSUSDT,1787480100000,testB,1,2.43,0.484,2.89,2.62,1.37,1.75,1.22,0.83,1.02,1.0,0,0.68,neutral,alcista,0,1.643,32,8415,2,
s28491,APEUSDT,1787480100000,testB,1,2.31,0.407,2.74,2.54,1.09,1.63,1.37,0.97,1.29,1.52,0,0.68,neutral,alcista,0,0.432,32,8415,2,
s28492,ASTERUSDT,1787481000000,train,1,3.23,0.521,4.43,3.87,0.59,2.47,1.72,0.85,1.05,1.01,0,0.76,neutral,alcista,0,0.457,32,8417,2,
s28493,XPLUSDT,1787481000000,train,1,6.63,0.565,7.3,6.77,2.05,5.87,3.54,1.04,0.89,1.11,0,0.76,neutral,alcista,1,2.0,20,8417,4,
s28494,0GUSDT,1787481000000,train,1,2.53,0.619,3.36,2.85,0.86,1.77,1.43,0.51,0.68,0.7,0,0.76,neutral,alcista,1,2.0,27,8417,4,
s28495,WLDUSDT,1787481000000,train,1,2.78,0.46,3.7,3.25,1.4,2.02,1.53,0.88,0.89,0.91,0,0.76,neutral,alcista,1,2.0,15,8417,3,
s28496,ARBUSDT,1787481000000,train,1,3.52,0.72,4.09,3.84,1.07,2.76,1.99,0.73,0.84,0.84,0,0.76,neutral,alcista,0,0.572,32,8417,5,
s28497,OPUSDT,1787481000000,train,1,4.07,0.732,4.84,4.31,1.6,3.31,2.15,0.76,1.27,1.25,0,0.76,neutral,alcista,0,0.421,32,8417,4,
s28498,INJUSDT,1787481000000,train,1,4.31,0.615,4.85,4.57,3.29,3.55,2.87,1.1,0.92,0.97,0,0.76,neutral,alcista,0,1.27,32,8417,4,
s28499,SUIUSDT,1787481000000,train,1,2.45,0.454,4.05,3.07,1.79,1.69,1.24,1.39,1.4,1.37,0,0.76,neutral,neutral,0,1.218,32,8417,0,
s28500,TIAUSDT,1787481000000,train,1,3.28,0.623,3.82,3.61,1.48,2.52,1.84,0.84,1.19,1.31,0,0.76,neutral,alcista,0,0.674,32,8417,2,
s28501,SEIUSDT,1787481000000,train,1,2.88,0.677,3.64,3.29,2.87,2.12,1.59,0.88,1.16,1.19,0,0.76,neutral,alcista,0,1.17,32,8417,4,
s28502,JUPUSDT,1787481000000,train,1,2.95,0.558,4.24,3.55,1.37,2.18,1.52,0.87,1.14,1.09,0,0.76,neutral,neutral,1,2.0,27,8417,0,
s28503,PENDLEUSDT,1787481000000,train,1,6.36,0.827,6.93,6.62,1.75,5.6,2.98,1.1,1.09,1.05,1,0.76,neutral,alcista,1,2.0,13,8417,7,
s28504,ONDOUSDT,1787481000000,train,1,2.87,0.63,3.66,3.61,1.1,2.11,1.87,1.13,1.45,1.33,0,0.76,neutral,alcista,0,1.348,32,8416,6,
s28505,FETUSDT,1787481000000,train,1,4.57,0.568,5.97,5.42,2.09,3.81,2.63,0.99,0.88,0.99,0,0.76,neutral,neutral,0,0.375,32,8416,0,
s28506,ARUSDT,1787481000000,testB,1,4.58,0.855,4.66,4.56,1.66,3.82,2.69,0.79,1.05,1.14,0,0.76,neutral,alcista,0,1.092,32,8416,6,
s28507,GRTUSDT,1787481000000,testB,1,3.46,0.711,3.9,3.84,1.0,2.7,2.1,1.08,1.02,1.1,0,0.76,neutral,alcista,1,2.0,28,8416,4,
s28508,LDOUSDT,1787481000000,testB,1,4.66,0.545,5.91,4.75,0.91,3.9,2.54,1.82,1.43,1.14,1,0.76,neutral,alcista,0,1.824,32,8416,4,
s28509,SANDUSDT,1787481000000,testB,1,2.12,0.449,2.94,2.5,3.02,1.36,1.25,0.76,0.81,0.92,0,0.76,neutral,neutral,0,1.08,32,8416,0,
s28510,MANAUSDT,1787481000000,testB,1,2.81,0.709,3.32,3.18,0.89,2.05,1.6,0.72,0.85,0.88,0,0.76,neutral,alcista,0,0.735,32,8416,3,
s28511,AXSUSDT,1787481000000,testB,1,2.54,0.496,3.01,3.01,1.53,1.78,1.53,0.83,1.02,1.0,0,0.76,neutral,alcista,0,1.497,32,8416,3,
s28512,APEUSDT,1787481000000,testB,1,2.03,0.367,2.74,2.47,1.24,1.27,1.26,0.97,1.29,1.52,0,0.76,neutral,neutral,0,0.667,32,8416,0,
s28513,ASTERUSDT,1787481900000,train,1,3.5,0.574,4.42,3.94,0.62,2.61,1.59,0.85,1.05,1.01,0,0.89,neutral,alcista,0,0.51,32,8418,3,
s28514,XPLUSDT,1787481900000,train,1,6.27,0.518,7.08,6.07,2.1,5.39,2.75,1.04,0.89,1.11,0,0.89,neutral,neutral,1,2.0,17,8418,0,
s28515,0GUSDT,1787481900000,train,1,2.67,0.672,3.17,2.66,0.9,1.78,1.17,0.51,0.68,0.7,0,0.89,neutral,neutral,1,2.0,23,8418,0,
s28516,WLDUSDT,1787481900000,train,1,2.92,0.493,3.44,2.94,1.28,2.04,1.27,0.88,0.89,0.91,0,0.89,neutral,neutral,1,2.0,12,8418,0,
s28517,ARBUSDT,1787481900000,train,1,3.34,0.656,4.01,3.44,1.19,2.45,1.5,0.73,0.84,0.84,0,0.89,neutral,neutral,0,0.825,32,8418,0,
s28518,OPUSDT,1787481900000,train,1,4.03,0.72,4.68,4.01,1.71,3.15,1.74,0.76,1.27,1.25,0,0.89,neutral,neutral,0,0.636,32,8418,0,
s28519,INJUSDT,1787481900000,train,1,4.29,0.611,4.93,4.42,3.15,3.41,2.39,1.1,0.92,0.97,0,0.89,neutral,neutral,0,1.392,32,8418,0,
s28520,SUIUSDT,1787481900000,train,1,2.42,0.444,3.93,2.49,1.76,1.53,0.67,1.39,1.4,1.37,0,0.89,neutral,neutral,1,2.0,32,8418,0,
s28521,TIAUSDT,1787481900000,train,1,3.52,0.694,3.72,3.4,1.77,2.63,1.47,0.84,1.19,1.31,0,0.89,neutral,neutral,0,0.772,32,8418,0,
s28522,SEIUSDT,1787481900000,train,1,3.18,0.799,3.49,3.14,3.0,2.29,1.4,0.88,1.16,1.19,0,0.89,neutral,alcista,0,1.363,32,8418,5,
s28523,JUPUSDT,1787481900000,train,1,2.86,0.528,4.07,2.83,1.23,1.97,0.83,0.87,1.14,1.09,0,0.89,neutral,neutral,1,2.0,13,8418,0,
s28524,PENDLEUSDT,1787481900000,train,1,6.49,0.851,6.75,6.16,1.53,5.6,2.36,1.1,1.09,1.05,1,0.89,neutral,neutral,1,2.0,11,8418,0,
s28525,ONDOUSDT,1787481900000,train,1,3.84,0.829,3.89,3.81,1.31,2.95,2.06,1.13,1.45,1.33,0,0.89,neutral,alcista,0,1.2,32,8417,7,
s28526,FETUSDT,1787481900000,train,1,5.38,0.722,5.9,5.41,2.29,4.49,2.39,0.99,0.88,0.99,0,0.89,neutral,neutral,0,0.352,32,8417,1,
s28527,ARUSDT,1787481900000,testB,1,5.21,0.884,5.28,5.0,2.49,4.33,2.87,0.79,1.05,1.14,0,0.89,neutral,alcista,0,0.963,32,8417,7,
s28528,GRTUSDT,1787481900000,testB,1,3.47,0.711,3.79,3.48,1.03,2.58,1.56,1.08,1.02,1.1,0,0.89,neutral,neutral,1,2.0,14,8417,0,
s28529,LDOUSDT,1787481900000,testB,1,4.7,0.55,5.92,4.68,0.81,3.81,2.16,1.82,1.43,1.14,1,0.89,neutral,neutral,0,1.867,32,8417,0,
s28530,MANAUSDT,1787481900000,testB,1,2.93,0.758,3.11,2.87,0.83,2.04,1.31,0.72,0.85,0.88,0,0.89,neutral,neutral,0,0.963,32,8417,0,
s28531,AXSUSDT,1787481900000,testB,1,2.73,0.55,2.93,2.71,1.54,1.84,1.11,0.83,1.02,1.0,0,0.89,neutral,neutral,0,1.814,32,8417,0,
s28532,APEUSDT,1787481900000,testB,1,2.17,0.403,2.68,2.33,1.1,1.29,1.05,0.97,1.29,1.52,0,0.89,neutral,neutral,0,0.824,32,8417,0,
s28533,ASTERUSDT,1787482800000,train,1,3.68,0.587,3.76,3.56,0.83,2.93,1.65,0.82,1.1,0.99,0,0.75,neutral,alcista,0,0.485,32,8419,4,
s28534,XPLUSDT,1787482800000,train,1,4.69,0.437,6.42,5.28,1.63,3.94,2.27,1.95,1.4,1.37,1,0.75,neutral,neutral,1,2.0,10,8419,0,
s28535,0GUSDT,1787482800000,train,1,2.19,0.63,2.78,2.53,1.36,1.45,1.26,0.44,0.7,0.69,0,0.75,neutral,neutral,1,2.0,22,8419,1,
s28536,WLDUSDT,1787482800000,train,1,3.08,0.509,3.89,3.74,1.09,2.33,2.11,0.76,0.94,0.9,0,0.75,neutral,neutral,0,1.214,32,8419,1,
s28537,ARBUSDT,1787482800000,train,1,3.03,0.636,3.85,3.55,1.11,2.28,1.57,0.75,0.88,0.84,0,0.75,neutral,neutral,0,0.585,32,8419,1,
s28538,OPUSDT,1787482800000,train,1,3.46,0.69,4.25,3.88,1.12,2.71,1.84,0.65,1.16,1.22,0,0.75,neutral,neutral,0,0.564,32,8419,1,
s28539,INJUSDT,1787482800000,train,1,3.0,0.453,4.96,4.0,2.38,2.26,1.71,1.05,1.02,1.0,1,0.75,neutral,neutral,0,1.66,32,8419,0,
s28540,TIAUSDT,1787482800000,train,1,2.71,0.639,3.42,3.07,1.61,1.97,1.51,0.95,1.03,1.3,0,0.75,neutral,neutral,0,0.626,32,8419,1,
s28541,SEIUSDT,1787482800000,train,1,2.63,0.768,3.12,2.84,2.64,1.88,1.3,0.87,1.21,1.18,0,0.75,neutral,alcista,0,1.197,32,8419,6,
s28542,JUPUSDT,1787482800000,train,1,2.28,0.474,3.76,2.67,1.26,1.53,0.89,0.8,1.17,1.07,0,0.75,neutral,neutral,1,2.0,12,8419,1,
s28543,PENDLEUSDT,1787482800000,train,1,5.88,0.84,5.82,5.79,0.89,5.14,2.77,1.35,1.25,1.12,1,0.75,neutral,neutral,1,2.0,10,8419,1,
s28544,ONDOUSDT,1787482800000,train,1,3.1,0.799,3.58,3.52,1.48,2.35,2.08,1.12,1.45,1.34,0,0.75,neutral,alcista,0,1.015,32,8418,8,
s28545,FETUSDT,1787482800000,train,1,4.7,0.695,4.98,4.49,2.36,3.95,2.09,1.07,0.98,0.99,0,0.75,neutral,neutral,0,0.342,32,8418,0,
s28546,ARUSDT,1787482800000,testB,1,4.2,0.861,4.68,4.31,2.26,3.45,2.53,1.09,1.2,1.2,0,0.75,neutral,alcista,0,1.011,32,8418,8,
s28547,GRTUSDT,1787482800000,testB,1,3.12,0.69,3.59,3.59,0.93,2.38,1.73,0.88,1.07,1.09,0,0.75,neutral,neutral,1,2.0,26,8418,1,
s28548,LDOUSDT,1787482800000,testB,1,5.91,0.607,6.12,5.93,0.86,5.17,3.39,1.96,1.57,1.19,1,0.75,neutral,neutral,0,1.224,32,8418,1,
s28549,MANAUSDT,1787482800000,testB,1,2.54,0.732,2.81,2.74,0.77,1.79,1.4,0.69,0.89,0.86,0,0.75,neutral,neutral,0,0.82,32,8418,1,
s28550,AXSUSDT,1787482800000,testB,1,2.31,0.51,2.9,2.75,0.97,1.56,1.27,0.75,1.04,0.99,0,0.75,neutral,neutral,0,1.446,32,8418,1,
s28551,ASTERUSDT,1787483700000,train,1,3.46,0.573,3.93,3.74,0.97,2.24,1.71,0.82,1.1,0.99,0,1.22,neutral,alcista,0,0.438,32,8420,5,
s28552,0GUSDT,1787483700000,train,1,2.97,0.697,3.57,3.38,1.5,1.75,1.94,0.44,0.7,0.69,0,1.22,neutral,alcista,1,2.0,30,8420,2,
s28553,WLDUSDT,1787483700000,train,1,3.93,0.574,5.11,4.5,0.99,2.71,2.58,0.76,0.94,0.9,0,1.22,neutral,alcista,0,0.75,32,8420,2,
s28554,ARBUSDT,1787483700000,train,1,3.64,0.718,4.68,3.97,1.31,2.42,1.74,0.75,0.88,0.84,0,1.22,neutral,alcista,0,0.411,32,8420,2,
s28555,OPUSDT,1787483700000,train,1,3.79,0.759,4.7,4.02,0.85,2.57,1.75,0.65,1.16,1.22,0,1.22,neutral,alcista,0,0.497,32,8420,2,
s28556,INJUSDT,1787483700000,train,1,3.27,0.475,4.93,4.4,2.11,2.05,1.92,1.05,1.02,1.0,1,1.22,neutral,neutral,0,1.394,32,8420,1,
s28557,SUIUSDT,1787483700000,train,1,2.89,0.49,3.82,3.36,0.99,1.67,1.78,1.2,1.46,1.35,0,1.22,neutral,alcista,0,0.653,32,8420,2,
s28558,TIAUSDT,1787483700000,train,1,3.42,0.691,4.45,3.86,2.14,2.2,2.08,0.95,1.03,1.3,0,1.22,neutral,alcista,0,0.164,32,8420,2,
s28559,SEIUSDT,1787483700000,train,1,3.2,0.801,3.68,3.48,1.01,1.98,1.76,0.87,1.21,1.18,0,1.22,neutral,alcista,0,0.767,32,8420,7,
s28560,JUPUSDT,1787483700000,train,1,3.19,0.558,3.87,3.63,1.07,1.97,1.65,0.8,1.17,1.07,0,1.22,neutral,alcista,0,1.676,32,8420,2,
s28561,PENDLEUSDT,1787483700000,train,1,6.47,0.852,6.65,6.63,1.04,5.25,3.3,1.35,1.25,1.12,1,1.22,neutral,alcista,1,2.0,11,8420,2,
s28562,ONDOUSDT,1787483700000,train,1,3.66,0.824,4.45,4.1,1.5,2.44,2.39,1.12,1.45,1.34,0,1.22,neutral,alcista,0,0.618,32,8419,8,
s28563,FETUSDT,1787483700000,train,1,6.01,0.746,6.63,6.33,1.29,4.79,3.69,1.07,0.98,0.99,0,1.22,neutral,neutral,0,-0.076,32,8419,1,
s28564,ARUSDT,1787483700000,testB,1,4.68,0.89,5.67,4.7,3.46,3.46,2.71,1.09,1.2,1.2,0,1.22,neutral,alcista,0,0.794,32,8419,8,
s28565,GRTUSDT,1787483700000,testB,1,3.83,0.789,4.37,4.06,0.87,2.62,1.97,0.88,1.07,1.09,0,1.22,neutral,alcista,1,2.0,25,8419,2,
s28566,LDOUSDT,1787483700000,testB,1,6.39,0.625,7.11,6.45,1.17,5.17,3.54,1.96,1.57,1.19,1,1.22,neutral,alcista,0,1.135,32,8419,2,
s28567,SANDUSDT,1787483700000,testB,1,2.04,0.402,2.66,2.4,1.12,0.82,1.2,0.63,0.81,0.89,0,1.22,neutral,alcista,0,0.741,32,8419,2,
s28568,MANAUSDT,1787483700000,testB,1,3.09,0.813,3.34,3.13,0.85,1.87,1.64,0.69,0.89,0.86,0,1.22,neutral,alcista,0,0.487,32,8419,2,
s28569,AXSUSDT,1787483700000,testB,1,3.08,0.645,3.51,3.22,0.96,1.86,1.56,0.75,1.04,0.99,0,1.22,neutral,alcista,0,0.931,32,8419,2,
s28570,APEUSDT,1787483700000,testB,1,2.66,0.528,3.0,2.87,0.69,1.44,1.23,0.82,1.26,1.46,0,1.22,neutral,alcista,0,0.619,32,8419,2,
s28571,ASTERUSDT,1787484600000,train,1,3.64,0.6,4.21,3.82,1.1,2.05,1.65,0.82,1.1,0.99,0,1.58,neutral,alcista,0,0.459,32,8421,6,
s28572,0GUSDT,1787484600000,train,1,3.29,0.785,3.88,3.5,1.31,1.71,1.88,0.44,0.7,0.69,0,1.58,neutral,alcista,1,2.0,31,8421,3,
s28573,WLDUSDT,1787484600000,train,1,4.62,0.7,5.0,4.57,0.98,3.04,2.52,0.76,0.94,0.9,0,1.58,neutral,alcista,0,0.849,32,8421,3,
s28574,ARBUSDT,1787484600000,train,1,3.74,0.75,4.68,3.85,1.36,2.15,1.48,0.75,0.88,0.84,0,1.58,neutral,neutral,0,0.486,32,8421,0,
s28575,OPUSDT,1787484600000,train,1,3.8,0.759,4.71,3.85,0.74,2.22,1.42,0.65,1.16,1.22,0,1.58,neutral,neutral,0,0.647,32,8421,0,
s28576,INJUSDT,1787484600000,train,1,5.06,0.653,5.64,5.58,1.78,3.48,2.9,1.05,1.02,1.0,1,1.58,neutral,alcista,0,0.87,32,8421,2,
s28577,SUIUSDT,1787484600000,train,1,3.47,0.598,3.85,3.56,0.91,1.89,1.87,1.2,1.46,1.35,0,1.58,neutral,alcista,0,0.814,32,8421,3,
s28578,TIAUSDT,1787484600000,train,1,3.77,0.811,4.45,3.79,2.01,2.18,1.85,0.95,1.03,1.3,0,1.58,neutral,neutral,0,0.21,32,8421,0,
s28579,SEIUSDT,1787484600000,train,1,3.45,0.918,4.0,3.48,1.2,1.87,1.63,0.87,1.21,1.18,0,1.58,neutral,neutral,0,0.785,32,8421,0,
s28580,JUPUSDT,1787484600000,train,1,3.55,0.636,4.12,3.72,0.73,1.97,1.64,0.8,1.17,1.07,0,1.58,neutral,alcista,0,1.579,32,8421,3,
s28581,PENDLEUSDT,1787484600000,train,1,8.19,0.902,7.71,7.7,1.43,6.6,4.42,1.35,1.25,1.12,1,1.58,neutral,alcista,0,0.956,32,8421,3,
s28582,ONDOUSDT,1787484600000,train,1,4.0,0.899,5.19,4.25,2.29,2.42,2.37,1.12,1.45,1.34,0,1.58,neutral,alcista,0,0.665,32,8420,8,
s28583,FETUSDT,1787484600000,train,1,6.29,0.803,6.65,6.16,1.38,4.71,3.25,1.07,0.98,0.99,0,1.58,neutral,neutral,0,0.01,32,8420,0,
s28584,ARUSDT,1787484600000,testB,1,5.22,0.931,5.65,5.1,3.75,3.63,2.84,1.09,1.2,1.2,0,1.58,neutral,alcista,0,0.676,32,8420,8,
s28585,GRTUSDT,1787484600000,testB,1,4.55,0.877,4.78,4.53,0.87,2.96,2.27,0.88,1.07,1.09,0,1.58,neutral,alcista,0,1.838,32,8420,3,
s28586,LDOUSDT,1787484600000,testB,1,6.43,0.63,7.05,6.12,0.93,4.85,2.96,1.96,1.57,1.19,1,1.58,neutral,neutral,0,1.264,32,8420,0,
s28587,SANDUSDT,1787484600000,testB,1,2.32,0.477,2.71,2.38,0.86,0.73,1.13,0.63,0.81,0.89,0,1.58,neutral,alcista,0,0.841,32,8420,3,
s28588,MANAUSDT,1787484600000,testB,1,3.17,0.817,3.39,3.1,1.12,1.59,1.68,0.69,0.89,0.86,0,1.58,neutral,alcista,0,0.556,32,8420,3,
s28589,AXSUSDT,1787484600000,testB,1,3.47,0.697,3.49,3.41,1.14,1.89,1.72,0.75,1.04,0.99,0,1.58,neutral,alcista,0,0.747,32,8420,3,
s28590,APEUSDT,1787484600000,testB,1,2.59,0.507,2.94,2.6,0.69,1.01,1.02,0.82,1.26,1.46,0,1.58,neutral,neutral,0,0.895,32,8420,0,
s28591,ASTERUSDT,1787485500000,train,1,3.39,0.537,4.16,3.5,1.26,1.71,1.22,0.82,1.1,0.99,0,1.68,neutral,neutral,0,0.532,32,8422,0,
s28592,0GUSDT,1787485500000,train,1,3.03,0.746,3.63,3.19,1.35,1.35,1.55,0.44,0.7,0.69,0,1.68,neutral,neutral,1,2.0,28,8422,0,
s28593,WLDUSDT,1787485500000,train,1,4.55,0.698,5.04,4.81,1.11,2.87,2.39,0.76,0.94,0.9,0,1.68,neutral,alcista,0,0.545,32,8422,4,
s28594,ARBUSDT,1787485500000,train,1,3.73,0.75,4.43,3.71,1.5,2.05,1.36,0.75,0.88,0.84,0,1.68,neutral,neutral,0,0.388,32,8422,1,
s28595,OPUSDT,1787485500000,train,1,3.2,0.701,4.31,3.36,0.81,1.52,1.1,0.65,1.16,1.22,0,1.68,neutral,neutral,0,0.617,32,8422,0,
s28596,INJUSDT,1787485500000,train,1,5.09,0.653,5.75,5.1,1.36,3.41,2.04,1.05,1.02,1.0,1,1.68,neutral,neutral,0,0.938,32,8422,0,
s28597,SUIUSDT,1787485500000,train,1,3.42,0.596,3.65,3.54,1.0,1.74,1.8,1.2,1.46,1.35,0,1.68,neutral,alcista,0,0.455,32,8422,4,
s28598,TIAUSDT,1787485500000,train,1,3.73,0.81,4.47,3.83,2.03,2.05,1.76,0.95,1.03,1.3,0,1.68,neutral,neutral,0,0.076,32,8422,1,
s28599,SEIUSDT,1787485500000,train,1,3.4,0.917,3.99,3.57,1.17,1.72,1.47,0.87,1.21,1.18,0,1.68,neutral,neutral,0,0.605,32,8422,1,
s28600,JUPUSDT,1787485500000,train,1,3.55,0.636,3.97,3.62,0.81,1.87,1.43,0.8,1.17,1.07,0,1.68,neutral,alcista,0,1.608,32,8422,4,
s28601,PENDLEUSDT,1787485500000,train,1,7.38,0.871,8.17,7.21,1.78,5.7,3.72,1.35,1.25,1.12,1,1.68,neutral,neutral,0,1.006,32,8422,0,
s28602,ONDOUSDT,1787485500000,train,1,3.61,0.746,5.22,3.84,2.29,1.93,1.61,1.12,1.45,1.34,0,1.68,neutral,neutral,0,0.761,32,8421,0,
s28603,FETUSDT,1787485500000,train,1,6.08,0.798,6.45,6.15,1.55,4.4,3.01,1.07,0.98,0.99,0,1.68,neutral,neutral,0,-0.059,32,8421,1,
s28604,ARUSDT,1787485500000,testB,1,5.59,0.935,6.02,5.38,3.41,3.91,3.02,1.09,1.2,1.2,0,1.68,neutral,alcista,0,0.432,32,8421,8,
s28605,STXUSDT,1787485500000,testB,1,4.28,0.356,6.42,5.63,1.22,2.6,2.83,4.8,5.14,12.22,0,1.68,neutral,alcista,0,0.287,32,8421,7,
s28606,GRTUSDT,1787485500000,testB,1,5.43,0.895,5.75,5.51,1.25,3.75,2.96,0.88,1.07,1.09,0,1.68,neutral,alcista,0,1.187,32,8421,4,
s28607,LDOUSDT,1787485500000,testB,1,6.23,0.624,6.63,6.0,0.96,4.56,2.88,1.96,1.57,1.19,1,1.68,neutral,neutral,0,1.357,32,8421,1,
s28608,SANDUSDT,1787485500000,testB,1,2.22,0.467,2.73,2.5,0.86,0.54,1.11,0.63,0.81,0.89,0,1.68,neutral,alcista,0,0.637,32,8421,4,
s28609,MANAUSDT,1787485500000,testB,1,3.35,0.826,3.53,3.48,1.19,1.67,1.87,0.69,0.89,0.86,0,1.68,neutral,alcista,0,0.292,32,8421,4,
s28610,AXSUSDT,1787485500000,testB,1,3.47,0.697,3.88,3.5,1.36,1.8,1.72,0.75,1.04,0.99,0,1.68,neutral,alcista,0,0.569,32,8421,4,
s28611,APEUSDT,1787485500000,testB,1,2.73,0.52,2.93,2.8,0.72,1.05,1.04,0.82,1.26,1.46,0,1.68,neutral,neutral,0,1.049,32,8421,1,
s28612,ASTERUSDT,1787486400000,train,1,3.3,0.531,3.66,3.25,1.19,2.17,1.32,0.83,1.05,0.97,0,1.13,neutral,neutral,0,0.848,32,8423,1,
s28613,0GUSDT,1787486400000,train,1,3.35,0.765,3.36,3.3,0.99,2.22,1.84,0.42,0.69,0.69,0,1.13,neutral,neutral,1,2.0,30,8423,1,
s28614,WLDUSDT,1787486400000,train,1,3.49,0.589,4.13,3.52,1.12,2.35,1.95,0.75,0.95,0.89,0,1.13,neutral,neutral,0,0.906,32,8423,0,
s28615,ARBUSDT,1787486400000,train,1,2.49,0.558,3.76,2.68,1.96,1.36,0.92,0.81,0.89,0.84,0,1.13,neutral,neutral,0,0.704,32,8423,0,
s28616,INJUSDT,1787486400000,train,1,4.2,0.607,5.1,4.43,1.6,3.07,1.8,1.17,1.08,1.02,1,1.13,neutral,neutral,0,1.071,32,8423,0,
s28617,TIAUSDT,1787486400000,train,1,2.87,0.593,3.99,2.82,2.37,1.74,1.08,1.03,1.03,1.31,0,1.13,neutral,neutral,0,0.208,32,8423,0,
s28618,SEIUSDT,1787486400000,train,1,2.54,0.879,3.05,2.61,1.36,1.41,1.29,0.88,1.17,1.16,0,1.13,neutral,neutral,0,0.795,32,8423,0,
s28619,JUPUSDT,1787486400000,train,1,2.42,0.436,3.35,2.46,1.02,1.29,0.79,0.81,1.09,1.07,0,1.13,neutral,neutral,1,2.0,8,8423,0,
s28620,PENDLEUSDT,1787486400000,train,1,6.72,0.862,7.36,6.67,2.38,5.59,3.56,2.18,1.62,1.3,1,1.13,neutral,neutral,0,1.032,32,8423,1,
s28621,ONDOUSDT,1787486400000,train,1,3.07,0.679,4.57,3.08,2.34,1.94,1.35,1.12,1.41,1.3,0,1.13,neutral,neutral,0,0.982,32,8422,0,
s28622,FETUSDT,1787486400000,train,1,4.58,0.581,5.66,4.5,1.71,3.45,1.84,1.08,1.0,0.96,1,1.13,neutral,neutral,0,0.0,32,8422,0,
s28623,ARUSDT,1787486400000,testB,1,4.2,0.772,5.5,4.44,4.41,3.07,2.35,1.34,1.28,1.23,1,1.13,neutral,neutral,0,0.536,32,8422,0,
s28624,GRTUSDT,1787486400000,testB,1,4.9,0.811,5.59,4.68,1.88,3.77,2.48,1.03,1.14,1.1,0,1.13,neutral,neutral,0,1.273,32,8422,0,
s28625,LDOUSDT,1787486400000,testB,1,5.15,0.566,6.09,5.35,0.94,4.02,2.48,2.16,1.64,1.21,1,1.13,neutral,neutral,0,1.485,32,8422,0,
s28626,MANAUSDT,1787486400000,testB,1,2.97,0.808,3.19,3.08,1.76,1.84,1.74,0.76,0.93,0.85,0,1.13,neutral,alcista,0,0.222,32,8422,5,
s28627,AXSUSDT,1787486400000,testB,1,3.07,0.672,3.34,3.15,1.66,1.94,1.77,0.82,1.06,1.0,0,1.13,neutral,alcista,0,0.474,32,8422,5,
s28628,APEUSDT,1787486400000,testB,1,2.15,0.463,2.52,2.38,1.37,1.02,1.31,0.89,1.27,1.44,0,1.13,neutral,alcista,0,0.629,32,8422,2,
s28629,ASTERUSDT,1787487300000,train,1,2.6,0.437,3.42,2.79,1.06,1.58,0.99,0.83,1.05,0.97,0,1.03,neutral,neutral,0,1.274,32,8424,0,
s28630,0GUSDT,1787487300000,train,1,3.6,0.778,3.66,3.47,0.96,2.57,2.03,0.42,0.69,0.69,0,1.03,neutral,alcista,0,1.786,32,8424,2,
s28631,WLDUSDT,1787487300000,train,1,3.56,0.595,4.13,3.64,0.84,2.53,1.94,0.75,0.95,0.89,0,1.03,neutral,neutral,0,0.902,32,8424,1,
s28632,ARBUSDT,1787487300000,train,1,2.76,0.604,3.59,2.69,1.43,1.73,1.03,0.81,0.89,0.84,0,1.03,neutral,neutral,0,0.792,32,8424,1,
s28633,OPUSDT,1787487300000,train,1,2.15,0.475,3.38,2.19,0.93,1.13,0.76,0.69,1.03,1.2,0,1.03,neutral,neutral,0,1.228,32,8424,1,
s28634,INJUSDT,1787487300000,train,1,3.81,0.521,5.12,4.01,1.33,2.78,1.29,1.17,1.08,1.02,1,1.03,neutral,neutral,0,1.183,32,8424,0,
s28635,TIAUSDT,1787487300000,train,1,2.95,0.6,3.89,3.02,1.31,1.92,1.3,1.03,1.03,1.31,0,1.03,neutral,neutral,0,0.149,32,8424,1,
s28636,SEIUSDT,1787487300000,train,1,2.94,0.918,3.04,2.87,1.27,1.91,1.51,0.88,1.17,1.16,0,1.03,neutral,neutral,0,0.585,32,8424,1,
s28637,PENDLEUSDT,1787487300000,train,1,8.34,0.886,8.03,7.84,2.91,7.32,4.81,2.18,1.62,1.3,1,1.03,neutral,alcista,0,0.644,32,8424,2,
s28638,ONDOUSDT,1787487300000,train,1,3.06,0.679,4.57,3.19,1.84,2.04,1.34,1.12,1.41,1.3,0,1.03,neutral,neutral,0,0.983,32,8423,1,
s28639,FETUSDT,1787487300000,train,1,3.8,0.476,5.5,3.91,1.34,2.78,1.33,1.08,1.0,0.96,1,1.03,neutral,neutral,0,0.234,32,8423,0,
s28640,ARUSDT,1787487300000,testB,1,3.15,0.485,5.56,3.38,2.71,2.13,1.12,1.34,1.28,1.23,1,1.03,neutral,neutral,0,1.027,32,8423,0,
s28641,STXUSDT,1787487300000,testB,1,5.66,0.427,9.64,7.41,2.22,4.63,4.08,6.2,5.73,12.89,0,1.03,neutral,neutral,0,0.04,32,8423,1,
s28642,GRTUSDT,1787487300000,testB,1,5.08,0.816,5.38,4.9,2.05,4.05,2.65,1.03,1.14,1.1,0,1.03,neutral,neutral,0,1.123,32,8423,1,
s28643,LDOUSDT,1787487300000,testB,1,5.38,0.59,6.08,5.45,0.59,4.35,2.38,2.16,1.64,1.21,1,1.03,neutral,neutral,0,1.563,32,8423,1,
s28644,MANAUSDT,1787487300000,testB,1,2.71,0.69,3.2,2.79,1.75,1.69,1.28,0.76,0.93,0.85,0,1.03,neutral,neutral,0,0.427,32,8423,0,
s28645,AXSUSDT,1787487300000,testB,1,3.02,0.668,3.25,2.98,1.87,1.99,1.63,0.82,1.06,1.0,0,1.03,neutral,alcista,0,0.566,32,8423,6,
s28646,ASTERUSDT,1787488200000,train,1,2.52,0.429,2.96,2.68,0.84,1.59,1.22,0.83,1.05,0.97,0,0.92,neutral,neutral,0,1.302,32,8425,1,
s28647,0GUSDT,1787488200000,train,1,3.26,0.761,3.66,3.53,1.17,2.34,1.92,0.42,0.69,0.69,0,0.92,neutral,alcista,0,1.509,32,8425,3,
s28648,WLDUSDT,1787488200000,train,1,3.36,0.582,4.22,3.91,0.79,2.44,1.99,0.75,0.95,0.89,0,0.92,neutral,alcista,0,0.903,32,8425,2,
s28649,ARBUSDT,1787488200000,train,1,2.28,0.56,2.86,2.52,1.29,1.36,1.43,0.81,0.89,0.84,0,0.92,neutral,alcista,0,0.7,32,8425,2,
s28650,OPUSDT,1787488200000,train,1,2.62,0.526,3.31,2.91,1.18,1.7,1.44,0.69,1.03,1.2,0,0.92,neutral,alcista,0,0.706,32,8425,2,
s28651,INJUSDT,1787488200000,train,1,3.49,0.5,4.58,3.49,1.23,2.57,1.26,1.17,1.08,1.02,1,0.92,neutral,neutral,0,1.483,32,8425,1,
s28652,TIAUSDT,1787488200000,train,1,2.79,0.589,3.53,3.11,1.33,1.87,1.55,1.03,1.03,1.31,0,0.92,neutral,alcista,0,0.136,32,8425,2,
s28653,SEIUSDT,1787488200000,train,1,2.88,0.917,2.91,2.91,0.77,1.96,1.64,0.88,1.17,1.16,0,0.92,neutral,alcista,0,0.504,32,8425,2,
s28654,JUPUSDT,1787488200000,train,1,2.25,0.405,2.54,2.49,1.08,1.33,1.44,0.81,1.09,1.07,0,0.92,neutral,neutral,1,2.0,12,8425,1,
s28655,ONDOUSDT,1787488200000,train,1,3.64,0.716,4.47,4.02,1.04,2.71,2.06,1.12,1.41,1.3,0,0.92,neutral,alcista,0,0.693,32,8424,2,
s28656,FETUSDT,1787488200000,train,1,4.1,0.496,4.91,4.18,0.99,3.18,1.93,1.08,1.0,0.96,1,0.92,neutral,neutral,0,0.087,32,8424,1,
s28657,ARUSDT,1787488200000,testB,1,3.53,0.514,5.53,3.87,1.98,2.61,1.44,1.34,1.28,1.23,1,0.92,neutral,neutral,0,0.81,32,8424,1,
s28658,GRTUSDT,1787488200000,testB,1,5.51,0.829,5.64,5.34,1.99,4.59,3.03,1.03,1.14,1.1,0,0.92,neutral,alcista,0,1.011,32,8424,2,
s28659,LDOUSDT,1787488200000,testB,1,6.3,0.629,6.73,6.63,0.63,5.38,3.25,2.16,1.64,1.21,1,0.92,neutral,alcista,0,1.063,32,8424,2,
s28660,MANAUSDT,1787488200000,testB,1,2.64,0.684,2.98,2.79,1.49,1.72,1.32,0.76,0.93,0.85,0,0.92,neutral,neutral,0,0.429,32,8424,1,
s28661,AXSUSDT,1787488200000,testB,1,3.31,0.69,3.51,3.37,1.7,2.39,2.05,0.82,1.06,1.0,0,0.92,neutral,alcista,0,0.36,32,8424,7,
s28662,APEUSDT,1787488200000,testB,1,2.08,0.417,2.58,2.45,1.3,1.16,1.16,0.89,1.27,1.44,0,0.92,neutral,neutral,0,0.75,32,8424,1,
s28663,0GUSDT,1787489100000,train,1,3.91,0.884,4.01,3.89,1.26,2.98,2.05,0.42,0.69,0.69,0,0.94,neutral,alcista,0,1.254,32,8426,4,
s28664,WLDUSDT,1787489100000,train,1,4.14,0.71,5.16,4.28,0.96,3.2,2.04,0.75,0.95,0.89,0,0.94,neutral,alcista,0,0.71,32,8426,3,
s28665,ARBUSDT,1787489100000,train,1,2.44,0.585,3.02,2.54,1.27,1.51,1.29,0.81,0.89,0.84,0,0.94,neutral,alcista,0,0.647,32,8426,3,
s28666,OPUSDT,1787489100000,train,1,3.18,0.616,3.4,3.2,1.16,2.24,1.52,0.69,1.03,1.2,0,0.94,neutral,alcista,0,0.457,32,8426,3,
s28667,INJUSDT,1787489100000,train,1,3.4,0.494,4.3,3.39,0.92,2.46,1.19,1.17,1.08,1.02,1,0.94,neutral,alcista,0,1.632,32,8426,2,
s28668,TIAUSDT,1787489100000,train,1,2.85,0.607,3.4,2.9,0.98,1.91,1.29,1.03,1.03,1.31,0,0.94,neutral,neutral,0,0.073,32,8426,0,
s28669,SEIUSDT,1787489100000,train,1,2.49,0.74,2.87,2.58,0.75,1.55,1.1,0.88,1.17,1.16,0,0.94,neutral,neutral,0,0.752,32,8426,0,
s28670,JUPUSDT,1787489100000,train,1,2.4,0.429,2.73,2.59,1.15,1.46,1.31,0.81,1.09,1.07,0,0.94,neutral,alcista,1,2.0,16,8426,2,
s28671,ONDOUSDT,1787489100000,train,1,3.3,0.61,4.49,3.66,0.86,2.37,1.46,1.12,1.41,1.3,0,0.94,neutral,neutral,0,0.846,32,8425,0,
s28672,FETUSDT,1787489100000,train,1,3.53,0.412,4.93,3.77,0.67,2.59,1.28,1.08,1.0,0.96,1,0.94,neutral,neutral,0,0.242,32,8425,0,
s28673,ARUSDT,1787489100000,testB,1,3.15,0.44,5.46,3.47,1.53,2.21,0.88,1.34,1.28,1.23,1,0.94,neutral,neutral,0,0.947,32,8425,0,
s28674,STXUSDT,1787489100000,testB,1,7.97,0.54,9.54,7.85,2.65,7.03,3.96,6.2,5.73,12.89,0,0.94,neutral,neutral,0,-0.249,32,8425,0,
s28675,GRTUSDT,1787489100000,testB,1,4.68,0.649,5.56,4.59,1.81,3.74,2.09,1.03,1.14,1.1,0,0.94,neutral,neutral,0,1.092,32,8425,0,
s28676,LDOUSDT,1787489100000,testB,1,6.34,0.629,6.93,5.93,0.79,5.4,2.25,2.16,1.64,1.21,1,0.94,neutral,neutral,0,1.212,32,8425,0,
s28677,MANAUSDT,1787489100000,testB,1,2.22,0.536,2.86,2.33,1.74,1.28,0.83,0.76,0.93,0.85,0,0.94,neutral,neutral,0,0.636,32,8425,0,
s28678,AXSUSDT,1787489100000,testB,1,3.19,0.681,3.99,3.4,1.6,2.25,1.8,0.82,1.06,1.0,0,0.94,neutral,alcista,0,0.372,32,8425,8,
s28679,APEUSDT,1787489100000,testB,1,2.51,0.529,2.51,2.44,1.36,1.57,0.99,0.89,1.27,1.44,0,0.94,neutral,neutral,0,0.778,32,8425,0,
s28680,0GUSDT,1787490000000,train,1,3.19,0.735,3.96,3.34,1.07,2.23,1.55,0.45,0.67,0.66,0,0.96,neutral,neutral,0,1.741,32,8427,0,
s28681,WLDUSDT,1787490000000,train,1,3.83,0.695,4.98,4.2,0.83,2.87,1.93,0.89,1.02,0.92,0,0.96,neutral,alcista,0,0.994,32,8427,4,
s28682,ARBUSDT,1787490000000,train,1,2.37,0.578,3.87,2.72,1.28,1.41,1.35,1.08,1.01,0.91,1,0.96,neutral,alcista,0,0.843,32,8427,4,
s28683,OPUSDT,1787490000000,train,1,2.67,0.575,3.36,3.07,1.07,1.7,1.55,0.81,0.93,1.22,0,0.96,neutral,alcista,0,0.697,32,8427,4,
s28684,INJUSDT,1787490000000,train,1,3.27,0.486,4.23,3.68,0.79,2.31,1.66,1.3,1.17,1.04,1,0.96,neutral,alcista,0,1.556,32,8427,3,
s28685,TIAUSDT,1787490000000,train,1,2.33,0.512,3.41,2.72,0.81,1.36,0.96,1.16,1.1,1.33,0,0.96,neutral,neutral,0,0.563,32,8427,0,
s28686,SEIUSDT,1787490000000,train,1,2.26,0.722,2.87,2.6,0.53,1.3,1.02,1.02,1.22,1.18,0,0.96,neutral,neutral,0,1.156,32,8427,0,
s28687,JUPUSDT,1787490000000,train,1,2.44,0.434,3.01,2.92,0.96,1.48,1.41,1.01,1.16,1.12,0,0.96,neutral,alcista,1,2.0,23,8427,3,
s28688,ONDOUSDT,1787490000000,train,1,4.06,0.682,4.46,4.25,0.65,3.1,1.87,1.27,1.5,1.33,0,0.96,neutral,neutral,0,0.824,32,8426,1,
s28689,FETUSDT,1787490000000,train,1,3.5,0.412,4.9,4.35,0.49,2.54,1.67,1.17,1.06,0.97,1,0.96,neutral,neutral,0,0.486,32,8426,1,
s28690,ARUSDT,1787490000000,testB,1,3.1,0.43,5.46,3.33,0.68,2.14,0.68,1.55,1.38,1.25,1,0.96,neutral,neutral,0,1.306,32,8426,0,
s28691,STXUSDT,1787490000000,testB,1,4.32,0.355,9.17,6.87,2.24,3.35,3.09,6.85,6.13,13.0,0,0.96,neutral,neutral,0,0.106,32,8426,0,
s28692,GRTUSDT,1787490000000,testB,1,3.71,0.541,5.21,3.94,1.23,2.75,1.57,1.2,1.21,1.12,0,0.96,neutral,neutral,0,1.877,32,8426,0,
s28693,LDOUSDT,1787490000000,testB,1,5.55,0.601,6.25,5.65,1.03,4.59,2.85,2.67,1.96,1.36,1,0.96,neutral,neutral,0,1.24,32,8426,1,
s28694,AXSUSDT,1787490000000,testB,1,2.19,0.434,4.02,2.75,1.39,1.22,1.01,0.96,1.11,1.01,0,0.96,neutral,neutral,0,0.952,32,8426,0,
s28695,APEUSDT,1787490000000,testB,1,2.29,0.508,2.58,2.31,0.62,1.33,0.93,0.97,1.19,1.43,0,0.96,neutral,neutral,0,1.088,32,8426,0,
s28696,0GUSDT,1787490900000,train,1,3.44,0.75,4.32,3.76,1.57,2.31,1.74,0.45,0.67,0.66,0,1.14,neutral,neutral,0,1.672,32,8428,1,
s28697,WLDUSDT,1787490900000,train,1,4.12,0.71,5.64,4.56,1.16,2.98,2.02,0.89,1.02,0.92,0,1.14,neutral,alcista,0,0.895,32,8428,5,
s28698,ARBUSDT,1787490900000,train,1,3.38,0.678,4.39,3.61,2.0,2.24,1.93,1.08,1.01,0.91,1,1.14,neutral,alcista,0,0.466,32,8428,5,
s28699,OPUSDT,1787490900000,train,1,3.62,0.665,4.63,3.89,1.62,2.48,2.12,0.81,0.93,1.22,0,1.14,neutral,alcista,0,0.443,32,8428,5,
s28700,INJUSDT,1787490900000,train,1,3.53,0.506,4.72,4.08,1.03,2.39,1.83,1.3,1.17,1.04,1,1.14,neutral,alcista,0,1.346,32,8428,4,
s28701,TIAUSDT,1787490900000,train,1,3.03,0.577,4.36,3.44,1.02,1.89,1.47,1.16,1.1,1.33,0,1.14,neutral,neutral,0,0.458,32,8428,1,
s28702,SEIUSDT,1787490900000,train,1,2.94,0.771,3.66,3.26,0.92,1.8,1.49,1.02,1.22,1.18,0,1.14,neutral,neutral,0,0.916,32,8428,1,
s28703,JUPUSDT,1787490900000,train,1,3.18,0.5,3.95,3.71,1.19,2.05,1.98,1.01,1.16,1.12,0,1.14,neutral,alcista,0,1.39,32,8428,4,
s28704,ONDOUSDT,1787490900000,train,1,4.53,0.706,5.05,4.68,1.19,3.39,2.15,1.27,1.5,1.33,0,1.14,neutral,alcista,0,0.693,32,8427,2,
s28705,FETUSDT,1787490900000,train,1,4.33,0.496,5.35,4.81,0.63,3.19,1.88,1.17,1.06,0.97,1,1.14,neutral,alcista,0,0.425,32,8427,2,
s28706,ARUSDT,1787490900000,testB,1,4.1,0.5,5.41,4.31,0.49,2.96,1.52,1.55,1.38,1.25,1,1.14,neutral,neutral,0,0.766,32,8427,1,
s28707,GRTUSDT,1787490900000,testB,1,5.14,0.621,5.6,5.54,1.49,4.0,2.93,1.2,1.21,1.12,0,1.14,neutral,neutral,0,1.151,32,8427,1,
s28708,LDOUSDT,1787490900000,testB,1,5.73,0.61,7.23,6.45,1.34,4.59,3.31,2.67,1.96,1.36,1,1.14,neutral,alcista,0,0.744,32,8427,2,
s28709,MANAUSDT,1787490900000,testB,1,2.61,0.556,3.14,2.85,1.5,1.47,1.16,0.86,0.96,0.84,0,1.14,neutral,neutral,0,0.724,32,8427,1,
s28710,AXSUSDT,1787490900000,testB,1,3.67,0.631,4.36,3.75,1.42,2.53,1.86,0.96,1.11,1.01,0,1.14,neutral,neutral,0,0.577,32,8427,1,
s28711,0GUSDT,1787491800000,train,1,4.15,0.844,4.17,4.11,1.2,2.93,2.06,0.45,0.67,0.66,0,1.23,neutral,alcista,0,1.134,32,8429,2,
s28712,WLDUSDT,1787491800000,train,1,4.93,0.758,5.6,5.25,1.23,3.71,2.55,0.89,1.02,0.92,0,1.23,neutral,alcista,0,0.386,32,8429,6,
s28713,ARBUSDT,1787491800000,train,1,3.58,0.691,4.14,3.71,2.28,2.36,2.07,1.08,1.01,0.91,1,1.23,neutral,alcista,0,0.19,32,8429,6,
s28714,OPUSDT,1787491800000,train,1,4.03,0.691,4.56,4.1,1.75,2.81,2.3,0.81,0.93,1.22,0,1.23,neutral,alcista,0,0.084,32,8429,6,
s28715,INJUSDT,1787491800000,train,1,4.33,0.574,4.81,4.69,0.85,3.1,2.21,1.3,1.17,1.04,1,1.23,neutral,alcista,0,0.776,32,8429,5,
s28716,SUIUSDT,1787491800000,train,1,3.46,0.472,3.93,3.73,1.11,2.23,1.94,1.3,1.51,1.34,0,1.23,neutral,alcista,0,-1.0,4,8429,3,
s28717,TIAUSDT,1787491800000,train,1,3.63,0.632,4.13,3.73,1.04,2.4,1.82,1.16,1.1,1.33,0,1.23,neutral,alcista,0,0.056,32,8429,2,
s28718,SEIUSDT,1787491800000,train,1,3.66,0.848,3.87,3.76,1.02,2.43,1.88,1.02,1.22,1.18,0,1.23,neutral,alcista,0,0.542,32,8429,2,
s28719,JUPUSDT,1787491800000,train,1,5.33,0.656,5.49,5.3,1.84,4.11,3.52,1.01,1.16,1.12,0,1.23,neutral,alcista,0,0.482,32,8429,5,
s28720,ONDOUSDT,1787491800000,train,1,5.27,0.736,5.2,5.17,1.37,4.05,2.63,1.27,1.5,1.33,0,1.23,neutral,alcista,0,0.306,32,8428,3,
s28721,FETUSDT,1787491800000,train,1,4.91,0.549,5.34,5.16,0.83,3.68,2.01,1.17,1.06,0.97,1,1.23,neutral,alcista,0,0.105,32,8428,3,
s28722,ARUSDT,1787491800000,testB,1,5.96,0.592,5.99,5.9,0.65,4.74,3.05,1.55,1.38,1.25,1,1.23,neutral,alcista,0,0.053,32,8428,2,
s28723,GRTUSDT,1787491800000,testB,1,6.14,0.671,6.38,5.97,1.74,4.92,3.45,1.2,1.21,1.12,0,1.23,neutral,alcista,0,1.059,32,8428,2,
s28724,SANDUSDT,1787491800000,testB,1,2.57,0.375,4.28,3.42,1.41,1.34,1.43,0.81,0.85,0.84,0,1.23,neutral,alcista,0,0.481,32,8428,2,
s28725,MANAUSDT,1787491800000,testB,1,2.95,0.587,3.41,3.21,1.42,1.73,1.42,0.86,0.96,0.84,0,1.23,neutral,alcista,0,0.433,32,8428,2,
s28726,AXSUSDT,1787491800000,testB,1,3.78,0.638,4.74,4.02,1.66,2.55,1.98,0.96,1.11,1.01,0,1.23,neutral,alcista,0,0.317,32,8428,2,
s28727,APEUSDT,1787491800000,testB,1,2.07,0.536,2.64,2.37,1.08,0.85,1.13,0.97,1.19,1.43,0,1.23,neutral,alcista,0,-1.0,4,8428,2,
s28728,0GUSDT,1787492700000,train,1,4.28,0.848,4.41,4.23,1.25,3.06,1.97,0.45,0.67,0.66,0,1.22,neutral,alcista,0,1.029,32,8430,3,
s28729,WLDUSDT,1787492700000,train,1,7.2,0.925,7.33,6.79,1.77,5.98,3.77,0.89,1.02,0.92,0,1.22,neutral,alcista,0,0.04,32,8430,7,
s28730,ARBUSDT,1787492700000,train,1,4.75,0.748,5.16,4.58,2.64,3.53,2.9,1.08,1.01,0.91,1,1.22,neutral,alcista,0,-0.148,32,8430,7,
s28731,OPUSDT,1787492700000,train,1,3.21,0.578,3.97,3.25,1.8,2.0,1.74,0.81,0.93,1.22,0,1.22,neutral,neutral,0,0.139,32,8430,0,
s28732,INJUSDT,1787492700000,train,1,3.99,0.543,4.17,3.86,0.88,2.77,1.83,1.3,1.17,1.04,1,1.22,neutral,neutral,0,1.212,32,8430,0,
s28733,SUIUSDT,1787492700000,train,1,3.77,0.507,4.01,3.68,1.43,2.56,1.91,1.3,1.51,1.34,0,1.22,neutral,alcista,0,-1.0,3,8430,4,
s28734,TIAUSDT,1787492700000,train,1,3.5,0.625,3.69,3.67,1.09,2.28,1.94,1.16,1.1,1.33,0,1.22,neutral,alcista,0,-0.121,32,8430,3,
s28735,SEIUSDT,1787492700000,train,1,3.87,0.856,3.83,3.79,1.19,2.65,2.09,1.02,1.22,1.18,0,1.22,neutral,alcista,0,0.414,32,8430,3,
s28736,JUPUSDT,1787492700000,train,1,4.62,0.571,5.08,4.56,2.47,3.4,2.83,1.01,1.16,1.12,0,1.22,neutral,neutral,0,0.729,32,8430,0,
s28737,ONDOUSDT,1787492700000,train,1,5.18,0.733,5.35,4.98,1.43,3.96,2.51,1.27,1.5,1.33,0,1.22,neutral,alcista,0,0.291,32,8429,4,
s28738,FETUSDT,1787492700000,train,1,4.65,0.529,4.86,4.62,1.0,3.43,1.68,1.17,1.06,0.97,1,1.22,neutral,neutral,0,0.0,32,8429,0,
s28739,ARUSDT,1787492700000,testB,1,5.62,0.551,6.63,5.41,1.02,4.4,2.55,1.55,1.38,1.25,1,1.22,neutral,neutral,0,0.067,32,8429,0,
s28740,GRTUSDT,1787492700000,testB,1,6.51,0.684,6.11,6.11,1.48,5.3,3.47,1.2,1.21,1.12,0,1.22,neutral,alcista,0,0.865,32,8429,3,
s28741,LDOUSDT,1787492700000,testB,1,7.98,0.786,8.45,7.69,2.17,6.76,4.54,2.67,1.96,1.36,1,1.22,neutral,alcista,0,0.351,32,8429,4,
s28742,SANDUSDT,1787492700000,testB,1,2.96,0.435,3.64,2.94,1.58,1.74,1.41,0.81,0.85,0.84,0,1.22,neutral,alcista,0,0.537,32,8429,3,
s28743,MANAUSDT,1787492700000,testB,1,3.28,0.621,3.34,3.32,1.32,2.06,1.49,0.86,0.96,0.84,0,1.22,neutral,alcista,0,0.248,32,8429,3,
s28744,AXSUSDT,1787492700000,testB,1,4.1,0.693,4.61,4.03,1.32,2.89,1.89,0.96,1.11,1.01,0,1.22,neutral,alcista,0,0.268,32,8429,3,
s28745,APEUSDT,1787492700000,testB,1,2.56,0.649,2.49,2.43,1.14,1.34,1.24,0.97,1.19,1.43,0,1.22,neutral,alcista,0,-1.0,3,8429,3,
s28746,ASTERUSDT,1787493600000,train,1,2.62,0.528,2.92,2.61,2.74,1.46,1.43,1.23,1.24,1.05,0,1.16,neutral,alcista,0,-1.0,2,8431,3,
s28747,0GUSDT,1787493600000,train,1,4.33,0.85,4.58,4.27,1.86,3.17,2.04,0.6,0.7,0.68,0,1.16,neutral,alcista,0,0.843,32,8431,4,
s28748,WLDUSDT,1787493600000,train,1,6.66,0.92,6.78,6.27,2.19,5.5,3.47,1.2,1.18,0.99,1,1.16,neutral,alcista,0,-0.039,32,8431,8,
s28749,ARBUSDT,1787493600000,train,1,4.17,0.66,4.81,3.96,2.2,3.01,2.39,1.35,1.13,0.98,1,1.16,neutral,neutral,0,-0.225,32,8431,0,
s28750,OPUSDT,1787493600000,train,1,3.27,0.584,4.04,3.57,1.79,2.11,2.05,0.99,0.96,1.23,0,1.16,neutral,neutral,0,-0.119,32,8431,1,
s28751,INJUSDT,1787493600000,train,1,4.65,0.581,4.83,4.52,0.97,3.49,2.38,1.82,1.41,1.09,1,1.16,neutral,neutral,0,0.842,32,8431,1,
s28752,SUIUSDT,1787493600000,train,1,3.63,0.498,4.07,3.53,1.83,2.48,1.92,1.72,1.72,1.43,1,1.16,neutral,alcista,0,-1.0,2,8431,5,
s28753,TIAUSDT,1787493600000,train,1,3.99,0.667,4.48,3.94,1.1,2.83,2.13,1.52,1.25,1.35,0,1.16,neutral,alcista,0,-1.0,2,8431,4,
s28754,SEIUSDT,1787493600000,train,1,3.64,0.848,3.61,3.57,1.35,2.48,2.0,1.21,1.25,1.16,0,1.16,neutral,alcista,0,0.251,32,8431,4,
s28755,JUPUSDT,1787493600000,train,1,4.64,0.573,6.18,5.09,3.43,3.48,3.2,1.41,1.34,1.22,1,1.16,neutral,neutral,0,0.37,32,8431,1,
s28756,ONDOUSDT,1787493600000,train,1,5.27,0.737,5.29,5.08,1.72,4.11,2.72,1.69,1.61,1.43,1,1.16,neutral,alcista,0,0.103,32,8430,5,
s28757,FETUSDT,1787493600000,train,1,5.04,0.551,4.98,4.86,1.09,3.89,2.65,1.48,1.18,1.03,1,1.16,neutral,neutral,0,-1.0,2,8430,1,
s28758,ARUSDT,1787493600000,testB,1,5.05,0.527,5.89,5.03,1.14,3.89,2.63,1.83,1.46,1.27,1,1.16,neutral,neutral,0,-0.045,32,8430,1,
s28759,GRTUSDT,1787493600000,testB,1,7.3,0.709,6.86,6.86,1.56,6.14,4.12,1.58,1.39,1.19,1,1.16,neutral,alcista,0,0.525,32,8430,4,
s28760,LDOUSDT,1787493600000,testB,1,7.41,0.774,8.16,7.1,2.51,6.26,4.12,3.13,2.39,1.57,1,1.16,neutral,alcista,0,0.191,32,8430,5,
s28761,SANDUSDT,1787493600000,testB,1,2.71,0.416,2.99,2.64,1.88,1.55,1.65,0.98,0.89,0.87,1,1.16,neutral,alcista,0,0.099,32,8430,4,
s28762,MANAUSDT,1787493600000,testB,1,3.05,0.605,3.33,2.95,1.45,1.9,1.45,1.07,1.02,0.88,1,1.16,neutral,alcista,0,0.084,32,8430,4,
s28763,AXSUSDT,1787493600000,testB,1,3.64,0.656,4.17,3.55,1.33,2.49,1.71,1.14,1.15,1.04,0,1.16,neutral,neutral,0,0.168,32,8430,0,
s28764,0GUSDT,1787494500000,train,1,3.87,0.813,4.22,3.85,1.31,2.99,1.81,0.6,0.7,0.68,0,0.88,neutral,neutral,0,0.905,32,8432,0,
s28765,WLDUSDT,1787494500000,train,1,7.57,0.929,7.64,7.28,2.19,6.69,4.35,1.2,1.18,0.99,1,0.88,neutral,alcista,0,-0.197,32,8432,8,
s28766,ARBUSDT,1787494500000,train,1,3.37,0.569,4.64,3.59,1.8,2.49,1.95,1.35,1.13,0.98,1,0.88,neutral,neutral,0,-0.133,32,8432,0,
s28767,OPUSDT,1787494500000,train,1,2.63,0.482,4.05,3.34,1.26,1.76,1.63,0.99,0.96,1.23,0,0.88,neutral,neutral,0,-0.027,32,8432,0,
s28768,INJUSDT,1787494500000,train,1,4.21,0.543,4.53,4.12,0.87,3.34,2.07,1.82,1.41,1.09,1,0.88,neutral,neutral,0,1.174,32,8432,0,
s28769,SUIUSDT,1787494500000,train,1,2.97,0.449,4.31,3.51,1.41,2.09,1.78,1.72,1.72,1.43,1,0.88,neutral,neutral,0,-1.0,1,8432,0,
s28770,TIAUSDT,1787494500000,train,1,3.1,0.58,4.2,3.53,0.82,2.23,1.81,1.52,1.25,1.35,0,0.88,neutral,neutral,0,-1.0,1,8432,0,
s28771,SEIUSDT,1787494500000,train,1,3.17,0.77,3.39,3.18,0.94,2.3,1.69,1.21,1.25,1.16,0,0.88,neutral,neutral,0,0.408,32,8432,0,
s28772,JUPUSDT,1787494500000,train,1,3.89,0.462,6.21,4.6,3.25,3.01,2.43,1.41,1.34,1.22,1,0.88,neutral,neutral,0,0.598,32,8432,0,
s28773,ONDOUSDT,1787494500000,train,1,4.36,0.624,5.23,4.37,1.29,3.49,2.11,1.69,1.61,1.43,1,0.88,neutral,neutral,0,0.259,32,8431,0,
s28774,FETUSDT,1787494500000,train,1,3.14,0.372,4.47,3.58,0.96,2.26,1.87,1.48,1.18,1.03,1,0.88,neutral,neutral,0,-1.0,1,8431,0,
s28775,ARUSDT,1787494500000,testB,1,4.31,0.489,4.94,4.13,1.06,3.44,2.41,1.83,1.46,1.27,1,0.88,neutral,alcista,0,-0.022,32,8431,2,
s28776,GRTUSDT,1787494500000,testB,1,5.71,0.535,6.92,5.63,1.53,4.83,2.85,1.58,1.39,1.19,1,0.88,neutral,neutral,0,0.688,32,8431,0,
s28777,SANDUSDT,1787494500000,testB,1,2.74,0.42,3.77,3.3,1.07,1.86,2.12,0.98,0.89,0.87,1,0.88,neutral,alcista,0,-0.086,32,8431,5,
s28778,MANAUSDT,1787494500000,testB,1,2.81,0.587,3.16,2.75,1.25,1.94,1.5,1.07,1.02,0.88,1,0.88,neutral,alcista,0,0.014,32,8431,5,
s28779,AXSUSDT,1787494500000,testB,1,3.21,0.578,3.95,3.12,1.14,2.33,1.32,1.14,1.15,1.04,0,0.88,neutral,neutral,0,0.3,32,8431,0,
s28780,0GUSDT,1787496300000,train,1,2.98,0.353,4.06,3.01,2.87,2.47,1.01,0.6,0.7,0.68,0,0.51,neutral,neutral,1,2.0,26,8434,1,
s28781,WLDUSDT,1787496300000,train,1,4.64,0.356,7.47,4.48,2.94,4.13,1.46,1.2,1.18,0.99,1,0.51,neutral,neutral,0,0.172,32,8434,1,
s28782,JUPUSDT,1787496300000,train,1,4.91,0.407,6.19,4.82,2.99,4.4,2.24,1.41,1.34,1.22,1,0.51,neutral,neutral,0,0.451,32,8434,1,
s28783,ONDOUSDT,1787496300000,train,1,3.24,0.368,4.37,3.37,2.14,2.73,1.64,1.69,1.61,1.43,1,0.51,neutral,neutral,0,0.375,32,8433,1,
s28784,GRTUSDT,1787496300000,testB,1,4.97,0.357,6.86,4.79,2.24,4.46,1.74,1.58,1.39,1.19,1,0.51,neutral,neutral,0,1.049,32,8433,1,
s28785,0GUSDT,1787497200000,train,1,3.28,0.377,3.79,3.3,1.98,2.95,1.37,0.7,0.7,0.66,1,0.34,neutral,alcista,0,0.852,32,8435,2,
s28786,JUPUSDT,1787497200000,train,1,4.66,0.388,6.01,4.54,2.19,4.32,1.91,1.6,1.34,1.23,1,0.34,neutral,neutral,0,0.438,32,8435,0,
s28787,ONDOUSDT,1787497200000,train,1,4.61,0.455,5.57,4.67,2.48,4.27,2.89,2.05,1.68,1.5,1,0.34,neutral,alcista,0,-0.15,32,8434,2,
s28788,0GUSDT,1787498100000,train,1,3.32,0.381,3.76,3.52,2.52,3.3,2.05,0.7,0.7,0.66,1,0.02,neutral,alcista,0,0.534,32,8436,3,
s28789,JUPUSDT,1787498100000,train,1,4.56,0.386,5.91,5.35,2.05,4.54,2.57,1.6,1.34,1.23,1,0.02,neutral,neutral,0,0.289,32,8436,1,
s28790,ONDOUSDT,1787498100000,train,1,3.64,0.37,5.59,4.34,2.57,3.62,2.23,2.05,1.68,1.5,1,0.02,neutral,neutral,0,-0.024,32,8435,0,
s28791,0GUSDT,1787499000000,train,1,3.25,0.377,3.82,3.57,1.53,3.28,1.91,0.7,0.7,0.66,1,-0.03,neutral,alcista,0,0.322,32,8437,4,
s28792,TIAUSDT,1787499000000,train,1,3.13,0.36,4.96,4.83,1.35,3.16,2.0,1.74,1.31,1.37,0,-0.03,neutral,alcista,0,-0.473,32,8437,4,
s28793,SEIUSDT,1787499000000,train,1,2.46,0.354,3.03,2.92,1.14,2.49,1.36,1.33,1.25,1.16,1,-0.03,neutral,alcista,0,0.036,32,8437,4,
s28794,JUPUSDT,1787499000000,train,1,4.9,0.403,6.31,5.74,1.44,4.93,2.79,1.6,1.34,1.23,1,-0.03,neutral,alcista,0,0.114,32,8437,2,
s28795,ONDOUSDT,1787499000000,train,1,3.77,0.378,5.58,4.62,1.63,3.8,2.21,2.05,1.68,1.5,1,-0.03,neutral,neutral,0,-0.174,32,8436,1,
s28796,INJUSDT,1787499900000,train,1,3.14,0.379,5.48,4.94,0.77,3.36,1.97,1.94,1.44,1.12,1,-0.22,neutral,alcista,0,0.519,32,8438,3,
s28797,ONDOUSDT,1787499900000,train,1,3.86,0.39,5.59,4.29,1.35,4.09,1.65,2.05,1.68,1.5,1,-0.22,neutral,neutral,0,-0.097,32,8437,0,
s28798,ENAUSDT,1787500800000,train,-1,-4.48,0.352,7.86,6.42,0.84,-4.7,2.94,3.33,3.74,2.86,0,0.23,neutral,bajista,0,0.427,32,8439,3,
s28799,INJUSDT,1787500800000,train,1,4.37,0.461,6.3,6.04,1.05,4.14,2.8,2.1,1.62,1.17,1,0.23,neutral,alcista,0,0.182,32,8439,4,
s28800,JUPUSDT,1787500800000,train,1,4.63,0.373,6.35,5.04,0.74,4.4,1.47,1.73,1.31,1.22,1,0.23,neutral,neutral,0,0.346,32,8439,0,
s28801,ONDOUSDT,1787500800000,train,1,5.63,0.491,5.92,5.71,1.03,5.4,2.86,2.26,1.73,1.56,1,0.23,neutral,neutral,0,-0.614,32,8438,1,
s28802,ENAUSDT,1787501700000,train,-1,-5.78,0.416,8.4,7.79,0.95,-6.12,3.72,3.33,3.74,2.86,0,0.34,neutral,bajista,0,0.195,32,8440,4,
s28803,INJUSDT,1787501700000,train,1,4.74,0.518,6.42,5.97,1.29,4.4,2.28,2.1,1.62,1.17,1,0.34,neutral,neutral,0,0.317,32,8440,0,
s28804,JUPUSDT,1787501700000,train,1,4.63,0.373,5.93,4.52,0.82,4.29,1.23,1.73,1.31,1.22,1,0.34,neutral,neutral,0,0.177,32,8440,0,
s28805,ONDOUSDT,1787501700000,train,1,5.03,0.425,5.94,5.28,0.94,4.69,2.13,2.26,1.73,1.56,1,0.34,neutral,neutral,0,-0.659,32,8439,0,
s28806,INJUSDT,1787502600000,train,1,5.28,0.545,6.61,6.46,1.25,5.12,2.62,2.1,1.62,1.17,1,0.15,neutral,neutral,0,0.038,32,8441,1,
s28807,JUPUSDT,1787502600000,train,1,4.64,0.375,5.23,4.76,0.63,4.49,1.96,1.73,1.31,1.22,1,0.15,neutral,neutral,0,-0.186,32,8441,1,
s28808,ONDOUSDT,1787502600000,train,1,4.18,0.382,6.09,5.37,0.91,4.03,2.08,2.26,1.73,1.56,1,0.15,neutral,neutral,0,-0.789,32,8440,1,
s28809,INJUSDT,1787503500000,train,1,4.44,0.437,7.17,5.88,1.47,4.19,1.79,2.1,1.62,1.17,1,0.24,neutral,neutral,0,0.271,32,8442,0,
s28810,JUPUSDT,1787503500000,train,1,4.88,0.388,5.58,4.84,0.77,4.64,2.15,1.73,1.31,1.22,1,0.24,neutral,alcista,0,-0.115,32,8442,2,
s28811,0GUSDT,1787504400000,train,1,2.97,0.353,4.51,4.27,0.76,3.05,1.43,0.81,0.62,0.69,0,-0.08,neutral,neutral,0,-0.394,32,8443,1,
s28812,ENAUSDT,1787504400000,train,-1,-5.48,0.355,8.37,7.47,0.73,-5.4,2.69,2.6,3.66,2.86,0,-0.08,neutral,bajista,0,0.251,32,8443,2,
s28813,INJUSDT,1787504400000,train,1,4.62,0.449,7.11,6.64,1.36,4.71,2.42,2.27,1.68,1.23,1,-0.08,neutral,neutral,0,0.161,32,8443,1,
s28814,JUPUSDT,1787504400000,train,1,5.25,0.406,5.59,5.5,0.82,5.33,2.59,1.88,1.35,1.26,1,-0.08,neutral,alcista,0,-0.294,32,8443,3,
s28815,JUPUSDT,1787505300000,train,1,4.34,0.36,5.87,5.45,0.62,4.59,2.17,1.88,1.35,1.26,1,-0.25,neutral,neutral,0,-0.449,32,8444,0,
s28816,0GUSDT,1787509800000,train,1,5.62,0.833,5.44,5.32,0.8,5.23,2.05,0.88,0.65,0.71,0,0.39,neutral,neutral,0,-1.0,29,8449,1,
s28817,INJUSDT,1787509800000,train,1,4.47,0.438,4.62,4.3,0.44,4.08,1.6,2.25,1.73,1.24,1,0.39,neutral,neutral,0,0.135,32,8449,0,
s28818,SUIUSDT,1787509800000,train,1,3.16,0.425,3.53,3.1,0.97,2.77,1.21,1.85,1.53,1.47,1,0.39,neutral,neutral,0,-0.235,32,8449,1,
s28819,SEIUSDT,1787509800000,train,1,2.68,0.529,2.76,2.59,0.41,2.29,0.55,1.12,1.01,1.14,0,0.39,neutral,alcista,0,-1.0,28,8449,3,
s28820,JUPUSDT,1787509800000,train,1,4.3,0.497,4.77,4.08,0.3,3.91,0.89,1.86,1.35,1.27,1,0.39,neutral,neutral,0,-1.0,30,8449,1,
s28821,GRTUSDT,1787509800000,testB,1,3.72,0.397,5.32,3.58,0.8,3.32,0.7,2.19,1.63,1.38,1,0.39,neutral,neutral,0,-0.113,32,8448,1,
s28822,LDOUSDT,1787509800000,testB,1,6.23,0.682,6.11,5.94,0.71,5.84,1.9,2.96,2.63,1.81,1,0.39,neutral,alcista,0,-0.435,32,8448,6,
s28823,AXSUSDT,1787509800000,testB,1,3.5,0.68,3.64,3.36,0.96,3.1,1.19,1.3,1.06,1.09,0,0.39,neutral,neutral,0,-1.0,28,8448,1,
s28824,0GUSDT,1787510700000,train,1,4.8,0.813,5.16,4.87,1.11,4.61,2.52,0.88,0.65,0.71,0,0.19,neutral,alcista,0,-1.0,27,8450,2,
s28825,INJUSDT,1787510700000,train,1,3.59,0.388,4.39,4.24,0.49,3.41,1.49,2.25,1.73,1.24,1,0.19,neutral,neutral,0,-0.155,32,8450,1,
s28826,SUIUSDT,1787510700000,train,1,2.72,0.392,3.76,3.64,1.23,2.53,1.89,1.85,1.53,1.47,1,0.19,neutral,alcista,0,-1.0,29,8450,2,
s28827,SEIUSDT,1787510700000,train,1,2.0,0.459,2.68,2.68,0.51,1.81,0.86,1.12,1.01,1.14,0,0.19,neutral,alcista,0,-1.0,26,8450,4,
s28828,JUPUSDT,1787510700000,train,1,2.84,0.4,3.49,3.4,0.39,2.65,1.43,1.86,1.35,1.27,1,0.19,neutral,alcista,0,-1.0,27,8450,2,
s28829,LDOUSDT,1787510700000,testB,1,4.55,0.61,5.17,4.97,0.92,4.36,1.67,2.96,2.63,1.81,1,0.19,neutral,neutral,0,-0.585,32,8449,0,
s28830,AXSUSDT,1787510700000,testB,1,2.69,0.623,3.18,3.06,1.23,2.5,1.23,1.3,1.06,1.09,0,0.19,neutral,alcista,0,-1.0,22,8449,2,
s28831,PUMPUSDT,1787511600000,train,-1,-2.99,0.366,4.81,3.47,0.53,-3.18,0.97,1.62,2.42,3.29,0,0.19,neutral,bajista,0,-1.0,11,8451,2,
s28832,0GUSDT,1787511600000,train,1,3.43,0.56,4.61,3.55,0.95,3.23,1.58,0.94,0.69,0.74,0,0.19,neutral,neutral,0,-1.0,23,8451,0,
s28833,INJUSDT,1787511600000,train,1,4.18,0.476,4.57,4.18,0.57,3.98,1.38,2.22,1.78,1.26,1,0.19,neutral,alcista,0,-0.193,32,8451,2,
s28834,GRTUSDT,1787511600000,testB,1,2.9,0.353,4.43,3.11,0.58,2.71,0.89,2.34,1.79,1.47,1,0.19,neutral,neutral,0,-0.407,32,8450,0,
s28835,LDOUSDT,1787511600000,testB,1,4.21,0.593,4.49,4.12,1.14,4.02,2.1,2.74,2.78,1.91,0,0.19,neutral,neutral,0,-1.0,27,8450,1,
s28836,0GUSDT,1787512500000,train,1,3.21,0.546,3.99,3.52,1.21,3.01,2.37,0.94,0.69,0.74,0,0.2,neutral,neutral,0,-1.0,20,8452,1,
s28837,ENAUSDT,1787512500000,train,-1,-4.73,0.423,6.89,5.44,0.38,-4.93,1.05,1.77,3.56,2.85,0,0.2,neutral,bajista,0,0.219,32,8452,2,
s28838,INJUSDT,1787512500000,train,1,2.77,0.373,3.54,2.83,0.66,2.58,1.37,2.22,1.78,1.26,1,0.2,neutral,neutral,0,-0.238,32,8452,0,
s28839,GRTUSDT,1787512500000,testB,1,3.53,0.4,3.75,3.53,0.79,3.33,2.19,2.34,1.79,1.47,1,0.2,neutral,neutral,0,-0.71,32,8451,1,
s28840,LDOUSDT,1787512500000,testB,1,3.18,0.527,4.24,4.02,1.53,2.98,2.76,2.74,2.78,1.91,0,0.2,neutral,alcista,0,-1.0,22,8451,2,
s28841,0GUSDT,1787513400000,train,1,3.09,0.526,4.17,3.41,1.37,2.88,1.88,0.94,0.69,0.74,0,0.21,neutral,neutral,0,-1.0,19,8453,0,
s28842,TIAUSDT,1787513400000,train,-1,-2.26,0.468,3.34,2.89,1.35,-2.47,0.82,1.68,1.43,1.43,1,0.21,neutral,neutral,0,0.9,32,8453,0,
s28843,GRTUSDT,1787513400000,testB,1,3.39,0.392,4.18,3.96,1.11,3.18,2.37,2.34,1.79,1.47,1,0.21,neutral,alcista,0,-0.814,32,8452,2,
s28844,LDOUSDT,1787513400000,testB,1,3.25,0.533,4.53,4.13,1.53,3.05,2.4,2.74,2.78,1.91,0,0.21,neutral,alcista,0,-1.0,21,8452,3,
s28845,0GUSDT,1787514300000,train,1,2.43,0.37,4.22,2.38,1.14,2.2,0.65,0.94,0.69,0.74,0,0.23,neutral,neutral,0,-1.0,18,8454,0,
s28846,GRTUSDT,1787514300000,testB,1,3.47,0.401,4.15,3.35,1.29,3.24,1.64,2.34,1.79,1.47,1,0.23,neutral,neutral,0,-0.763,32,8453,0,
s28847,LDOUSDT,1787514300000,testB,1,4.5,0.715,5.08,4.77,1.69,4.26,2.7,2.74,2.78,1.91,0,0.23,neutral,alcista,0,-1.0,20,8453,4,
s28848,APEUSDT,1787514300000,testB,1,2.1,0.356,3.05,2.78,1.4,1.86,1.64,1.43,1.21,1.32,0,0.23,neutral,alcista,0,-1.0,20,8453,6,
s28849,ASTERUSDT,1787515200000,train,1,2.36,0.436,3.31,3.3,0.68,2.36,1.73,0.79,1.02,1.06,0,-0.0,neutral,neutral,0,0.044,32,8455,1,
s28850,0GUSDT,1787515200000,train,1,2.85,0.409,4.07,2.95,1.25,2.85,1.12,0.81,0.7,0.75,0,-0.0,neutral,neutral,0,-1.0,17,8455,1,
s28851,ONDOUSDT,1787515200000,train,-1,-2.46,0.375,3.57,2.89,0.42,-2.46,0.66,1.55,1.64,1.62,0,-0.0,neutral,bajista,0,0.782,32,8454,2,
s28852,LDOUSDT,1787515200000,testB,1,3.53,0.597,5.47,4.49,1.77,3.53,1.95,2.4,2.85,2.05,0,-0.0,neutral,neutral,0,-1.0,19,8454,0,
s28853,ASTERUSDT,1787516100000,train,1,3.56,0.66,4.05,3.83,0.95,3.49,2.03,0.79,1.02,1.06,0,0.07,neutral,alcista,0,-0.14,32,8456,2,
s28854,XPLUSDT,1787516100000,train,-1,-4.19,0.425,7.12,5.08,0.35,-4.27,0.87,4.83,4.91,2.89,0,0.07,neutral,neutral,0,1.168,32,8456,0,
s28855,0GUSDT,1787516100000,train,1,3.57,0.465,4.03,3.86,1.04,3.5,1.86,0.81,0.7,0.75,0,0.07,neutral,alcista,0,-1.0,16,8456,2,
s28856,LDOUSDT,1787516100000,testB,1,4.4,0.689,5.65,5.09,1.6,4.33,2.34,2.4,2.85,2.05,0,0.07,neutral,neutral,0,-1.0,18,8455,1,
s28857,ASTERUSDT,1787517000000,train,1,4.05,0.737,4.32,3.95,1.19,3.99,2.16,0.79,1.02,1.06,0,0.06,neutral,alcista,0,-0.114,32,8457,3,
s28858,LDOUSDT,1787517000000,testB,1,3.88,0.64,5.66,5.0,1.9,3.82,2.09,2.4,2.85,2.05,0,0.06,neutral,neutral,0,-1.0,17,8456,0,
s28859,ASTERUSDT,1787517900000,train,1,2.95,0.564,3.92,3.12,1.26,2.96,1.49,0.79,1.02,1.06,0,-0.02,neutral,neutral,0,-1.0,14,8458,0,
s28860,PUMPUSDT,1787517900000,train,-1,-2.43,0.523,3.39,2.74,1.19,-2.41,0.49,1.22,2.1,3.2,0,-0.02,neutral,neutral,0,-1.0,2,8458,0,
s28861,LDOUSDT,1787517900000,testB,1,3.6,0.568,5.88,4.56,1.87,3.62,1.38,2.4,2.85,2.05,0,-0.02,neutral,neutral,0,-1.0,16,8457,0,
s28862,ASTERUSDT,1787518800000,train,1,3.25,0.59,6.22,4.14,2.58,2.72,2.4,1.02,1.12,1.12,0,0.53,neutral,neutral,0,-1.0,13,8459,1,
s28863,LDOUSDT,1787518800000,testB,1,4.79,0.723,5.57,4.94,1.67,4.26,1.9,2.32,2.83,2.14,0,0.53,neutral,neutral,0,-1.0,14,8458,1,
s28864,ASTERUSDT,1787519700000,train,1,3.06,0.536,6.24,3.89,2.86,2.06,1.95,1.02,1.12,1.12,0,1.0,neutral,neutral,0,-1.0,12,8460,0,
s28865,0GUSDT,1787519700000,train,1,3.48,0.382,4.0,3.77,0.73,2.49,1.94,0.79,0.75,0.75,0,1.0,neutral,alcista,0,-1.0,11,8460,2,
s28866,INJUSDT,1787519700000,train,1,2.46,0.453,3.14,2.95,0.84,1.46,1.18,1.68,1.84,1.3,0,1.0,neutral,alcista,0,-1.0,30,8460,4,
s28867,SUIUSDT,1787519700000,train,1,3.55,0.354,4.09,3.95,0.76,2.55,2.24,1.22,1.56,1.5,0,1.0,neutral,alcista,0,-1.0,18,8460,2,
s28868,FETUSDT,1787519700000,train,1,2.23,0.389,3.54,3.24,1.3,1.23,1.97,0.65,1.14,0.98,0,1.0,neutral,alcista,0,-1.0,12,8459,5,
s28869,LDOUSDT,1787519700000,testB,1,3.39,0.436,5.59,3.72,1.64,2.39,0.54,2.32,2.83,2.14,0,1.0,neutral,neutral,0,-1.0,13,8459,0,
s28870,APEUSDT,1787519700000,testB,1,2.58,0.388,2.71,2.65,0.52,1.58,1.16,1.1,1.16,1.25,0,1.0,neutral,alcista,0,-1.0,12,8459,5,
s28871,ARUSDT,1787520600000,testB,-1,-2.62,0.455,3.41,3.14,0.43,-3.14,0.62,1.56,1.92,1.52,0,0.52,neutral,neutral,0,0.8,32,8460,1,
s28872,LDOUSDT,1787520600000,testB,1,2.86,0.396,5.0,3.13,1.14,2.34,0.52,2.32,2.83,2.14,0,0.52,neutral,neutral,0,-1.0,11,8460,0,
s28873,PENDLEUSDT,1787521500000,train,-1,-2.42,0.383,4.82,2.94,0.57,-3.26,0.38,3.08,8.36,4.78,0,0.84,neutral,bajista,1,2.0,30,8462,3,
s28874,ARUSDT,1787521500000,testB,-1,-2.46,0.438,3.51,3.33,0.8,-3.3,0.74,1.56,1.92,1.52,0,0.84,neutral,bajista,0,0.703,32,8461,2,
s28875,LDOUSDT,1787521500000,testB,1,3.04,0.411,4.59,3.02,0.96,2.19,0.8,2.32,2.83,2.14,0,0.84,neutral,neutral,0,-1.0,9,8461,1,
s28876,PUMPUSDT,1787522400000,train,1,3.7,0.414,5.81,5.28,2.05,3.24,3.16,1.13,1.98,3.03,0,0.46,neutral,alcista,0,-1.0,12,8463,2,
s28877,PENDLEUSDT,1787522400000,train,-1,-3.31,0.471,4.48,3.42,0.67,-3.77,1.06,2.37,8.36,4.82,0,0.46,neutral,bajista,0,1.234,32,8463,4,
s28878,PUMPUSDT,1787523300000,train,1,4.08,0.475,5.81,5.21,1.7,3.68,2.84,1.13,1.98,3.03,0,0.41,neutral,neutral,0,-1.0,11,8464,0,
s28879,PENDLEUSDT,1787523300000,train,-1,-3.26,0.466,4.41,3.42,0.71,-3.66,1.13,2.37,8.36,4.82,0,0.41,neutral,bajista,0,1.345,32,8464,5,
s28880,PUMPUSDT,1787524200000,train,1,4.33,0.49,6.28,5.49,1.65,3.93,2.87,1.13,1.98,3.03,0,0.4,neutral,neutral,0,-1.0,10,8465,1,
s28881,PENDLEUSDT,1787524200000,train,-1,-2.67,0.415,3.68,3.14,0.8,-3.07,1.47,2.37,8.36,4.82,0,0.4,neutral,bajista,0,1.639,32,8465,6,
s28882,PUMPUSDT,1787525100000,train,1,3.62,0.378,6.33,4.66,1.45,3.28,1.75,1.13,1.98,3.03,0,0.34,neutral,neutral,0,-1.0,9,8466,0,
s28883,PENDLEUSDT,1787525100000,train,-1,-2.64,0.412,3.21,2.75,0.96,-2.98,1.42,2.37,8.36,4.82,0,0.34,neutral,bajista,0,1.751,32,8466,7,
s28884,ARUSDT,1787525100000,testB,-1,-2.17,0.441,2.71,2.35,0.99,-2.5,1.02,1.43,1.87,1.5,0,0.34,neutral,bajista,0,1.019,32,8465,2,
s28885,PUMPUSDT,1787526000000,train,1,3.86,0.401,6.32,4.79,1.33,3.65,1.76,1.14,1.81,2.98,0,0.21,neutral,neutral,0,-1.0,8,8467,1,
s28886,ARUSDT,1787526000000,testB,-1,-2.31,0.456,3.13,2.82,1.02,-2.51,1.41,0.91,1.72,1.5,0,0.21,neutral,bajista,0,0.355,32,8466,3,
s28887,ENAUSDT,1787527800000,train,-1,-3.34,0.377,4.81,4.22,1.26,-3.4,2.22,0.82,1.75,2.7,0,0.06,neutral,bajista,0,-1.0,19,8469,3,
s28888,ARUSDT,1787527800000,testB,-1,-2.22,0.431,3.13,2.77,1.15,-2.28,1.16,0.91,1.72,1.5,0,0.06,neutral,neutral,0,0.738,32,8468,1,
s28889,XPLUSDT,1787530500000,train,-1,-4.6,0.415,8.02,6.7,1.93,-4.68,2.99,1.69,4.04,3.12,0,0.08,neutral,bajista,0,0.236,32,8472,3,
s28890,0GUSDT,1787530500000,train,-1,-4.03,0.519,5.48,5.17,1.46,-4.11,2.51,0.78,0.83,0.76,0,0.08,neutral,bajista,0,0.553,32,8472,2,
s28891,ARUSDT,1787530500000,testB,-1,-2.01,0.372,3.79,3.43,1.46,-2.09,1.39,0.87,1.64,1.51,0,0.08,neutral,bajista,0,0.573,32,8471,2,
s28892,LDOUSDT,1787530500000,testB,-1,-3.78,0.495,5.14,4.71,0.8,-3.86,1.87,2.23,2.67,2.25,0,0.08,neutral,bajista,0,0.667,32,8471,3,
s28893,ASTERUSDT,1787531400000,train,-1,-3.15,0.404,6.47,6.09,0.77,-2.92,1.51,1.22,1.24,1.18,0,-0.23,neutral,bajista,0,-0.174,32,8473,5,
s28894,XPLUSDT,1787531400000,train,-1,-5.48,0.526,8.03,6.89,1.8,-5.24,2.78,1.69,4.04,3.12,0,-0.23,neutral,bajista,0,-0.041,32,8473,4,
s28895,0GUSDT,1787531400000,train,-1,-4.0,0.515,5.88,5.88,1.46,-3.77,2.73,0.78,0.83,0.76,0,-0.23,neutral,bajista,0,0.24,32,8473,3,
s28896,OPUSDT,1787531400000,train,-1,-2.08,0.375,4.13,3.33,1.8,-1.85,1.24,1.0,1.07,1.07,0,-0.23,neutral,bajista,0,0.7,32,8473,3,
s28897,PENDLEUSDT,1787531400000,train,-1,-2.97,0.423,5.1,5.01,1.18,-2.74,2.18,1.67,8.0,4.97,0,-0.23,neutral,bajista,0,0.36,32,8473,3,
s28898,ONDOUSDT,1787531400000,train,-1,-2.94,0.44,4.83,4.43,2.97,-2.71,2.25,0.98,1.63,1.57,0,-0.23,neutral,bajista,0,0.03,32,8472,3,
s28899,ARUSDT,1787531400000,testB,-1,-2.73,0.473,4.04,4.0,1.32,-2.49,1.69,0.87,1.64,1.51,0,-0.23,neutral,bajista,0,0.264,32,8472,3,
s28900,LDOUSDT,1787531400000,testB,-1,-4.73,0.551,5.96,5.86,0.88,-4.5,2.75,2.23,2.67,2.25,0,-0.23,neutral,bajista,0,0.284,32,8472,4,
s28901,MANAUSDT,1787531400000,testB,-1,-2.02,0.375,3.51,3.48,1.54,-1.79,1.64,0.73,0.95,0.93,0,-0.23,neutral,bajista,0,0.641,32,8472,3,
s28902,0GUSDT,1787532300000,train,-1,-3.12,0.366,6.44,4.98,1.72,-3.5,1.81,0.78,0.83,0.76,0,0.38,neutral,neutral,0,0.5,32,8474,0,
s28903,LDOUSDT,1787532300000,testB,-1,-3.53,0.396,6.27,4.88,1.06,-3.91,1.76,2.23,2.67,2.25,0,0.38,neutral,neutral,0,0.615,32,8473,0,
s28904,ASTERUSDT,1787533200000,train,-1,-2.66,0.358,4.81,3.29,0.53,-2.33,0.5,1.27,1.16,1.18,0,-0.32,neutral,neutral,0,-1.0,26,8475,0,
s28905,XPLUSDT,1787533200000,train,-1,-4.97,0.491,7.46,5.44,0.81,-4.65,1.8,1.7,3.67,3.18,0,-0.32,neutral,neutral,0,-0.242,32,8475,1,
s28906,STBLUSDT,1787533200000,train,-1,-2.17,0.391,2.91,2.46,1.19,-1.84,0.9,0.36,0.39,0.73,0,-0.32,neutral,neutral,0,0.25,32,8475,1,
s28907,0GUSDT,1787533200000,train,-1,-4.33,0.507,6.48,5.69,1.25,-4.01,2.36,0.79,0.86,0.77,0,-0.32,neutral,neutral,0,0.204,32,8475,1,
s28908,ARBUSDT,1787533200000,train,-1,-2.45,0.445,3.88,3.05,1.27,-2.13,0.87,0.78,0.97,1.01,0,-0.32,neutral,neutral,0,0.537,32,8475,1,
s28909,OPUSDT,1787533200000,train,-1,-2.67,0.486,4.13,3.31,1.05,-2.34,1.09,1.14,1.05,1.01,1,-0.32,neutral,neutral,0,0.452,32,8475,1,
s28910,SEIUSDT,1787533200000,train,-1,-2.0,0.363,3.39,2.78,1.31,-1.68,0.99,1.12,1.09,1.18,0,-0.32,neutral,neutral,0,0.477,32,8475,1,
s28911,PENDLEUSDT,1787533200000,train,-1,-4.1,0.668,5.4,4.56,1.58,-3.77,1.45,1.71,6.41,5.07,0,-0.32,neutral,neutral,0,0.329,32,8475,1,
s28912,ONDOUSDT,1787533200000,train,-1,-3.28,0.479,4.8,3.82,1.86,-2.95,1.43,1.08,1.58,1.59,0,-0.32,neutral,neutral,0,-0.021,32,8474,1,
s28913,FETUSDT,1787533200000,train,-1,-2.66,0.398,4.5,3.47,1.23,-2.34,0.74,0.79,0.94,1.01,0,-0.32,neutral,neutral,0,0.018,32,8474,1,
s28914,ARUSDT,1787533200000,testB,-1,-3.28,0.578,4.72,3.85,1.5,-2.96,1.26,0.95,1.58,1.53,0,-0.32,neutral,neutral,0,0.119,32,8474,1,
s28915,STXUSDT,1787533200000,testB,-1,-4.96,0.594,6.24,5.75,1.23,-4.63,2.8,1.51,2.96,5.03,0,-0.32,neutral,bajista,0,-1.0,16,8474,5,
s28916,LDOUSDT,1787533200000,testB,-1,-4.62,0.537,6.07,5.13,0.83,-4.3,2.08,1.96,2.41,2.28,0,-0.32,neutral,neutral,0,0.378,32,8474,1,
s28917,MANAUSDT,1787533200000,testB,-1,-2.1,0.368,3.8,3.02,1.19,-1.77,1.0,0.85,0.95,0.96,0,-0.32,neutral,neutral,0,0.57,32,8474,1,
s28918,ASTERUSDT,1787534100000,train,-1,-2.75,0.365,4.41,3.24,0.56,-1.76,0.81,1.27,1.16,1.18,0,-0.99,neutral,neutral,0,-1.0,6,8476,1,
s28919,XPLUSDT,1787534100000,train,-1,-4.89,0.486,7.31,5.32,0.69,-3.9,1.76,1.7,3.67,3.18,0,-0.99,neutral,bajista,0,-0.088,32,8476,2,
s28920,STBLUSDT,1787534100000,train,-1,-2.96,0.493,3.18,3.1,0.78,-1.97,1.41,0.36,0.39,0.73,0,-0.99,neutral,bajista,0,-0.293,32,8476,2,
s28921,0GUSDT,1787534100000,train,-1,-5.74,0.702,6.46,6.28,1.09,-4.75,2.59,0.79,0.86,0.77,0,-0.99,neutral,bajista,0,0.069,32,8476,2,
s28922,WLDUSDT,1787534100000,train,-1,-3.68,0.413,4.57,3.89,1.02,-2.68,1.61,0.93,1.04,1.05,0,-0.99,neutral,bajista,0,-0.187,32,8476,2,
s28923,ARBUSDT,1787534100000,train,-1,-3.22,0.571,3.9,3.54,0.91,-2.23,1.24,0.78,0.97,1.01,0,-0.99,neutral,bajista,0,0.257,32,8476,2,
s28924,OPUSDT,1787534100000,train,-1,-3.74,0.658,4.19,4.0,0.77,-2.74,1.62,1.14,1.05,1.01,1,-0.99,neutral,bajista,0,0.249,32,8476,2,
s28925,TIAUSDT,1787534100000,train,-1,-2.89,0.5,4.18,3.01,1.8,-1.9,0.84,1.07,1.4,1.27,0,-0.99,neutral,neutral,0,0.292,32,8476,0,
s28926,SEIUSDT,1787534100000,train,-1,-3.24,0.598,3.56,3.42,0.94,-2.25,1.46,1.12,1.09,1.18,0,-0.99,neutral,bajista,0,0.174,32,8476,2,
s28927,JUPUSDT,1787534100000,train,-1,-3.21,0.398,3.69,3.65,1.22,-2.22,1.71,0.96,1.34,1.27,0,-0.99,neutral,bajista,0,0.325,32,8476,2,
s28928,PENDLEUSDT,1787534100000,train,-1,-4.59,0.692,5.12,4.83,1.46,-3.6,1.82,1.71,6.41,5.07,0,-0.99,neutral,bajista,0,0.253,32,8476,2,
s28929,ONDOUSDT,1787534100000,train,-1,-4.12,0.584,4.86,4.37,1.25,-3.12,1.88,1.08,1.58,1.59,0,-0.99,neutral,bajista,0,-0.227,32,8475,2,
s28930,FETUSDT,1787534100000,train,-1,-3.6,0.53,4.34,3.85,0.83,-2.6,1.2,0.79,0.94,1.01,0,-0.99,neutral,bajista,0,-0.143,32,8475,2,
s28931,ARUSDT,1787534100000,testB,-1,-3.64,0.603,4.24,3.73,1.5,-2.64,1.5,0.95,1.58,1.53,0,-0.99,neutral,bajista,0,-0.0,32,8475,2,
s28932,STXUSDT,1787534100000,testB,-1,-4.57,0.524,6.21,5.28,1.04,-3.58,2.09,1.51,2.96,5.03,0,-0.99,neutral,neutral,0,-1.0,15,8475,0,
s28933,LDOUSDT,1787534100000,testB,-1,-3.33,0.437,6.06,4.99,0.77,-2.33,1.76,1.96,2.41,2.28,0,-0.99,neutral,neutral,0,0.337,32,8475,0,
s28934,SANDUSDT,1787534100000,testB,-1,-3.62,0.581,4.09,4.09,1.09,-2.62,1.42,0.65,0.72,0.79,0,-0.99,neutral,bajista,0,1.299,32,8475,2,
s28935,MANAUSDT,1787534100000,testB,-1,-3.38,0.57,3.98,3.84,1.13,-2.38,1.65,0.85,0.95,0.96,0,-0.99,neutral,bajista,0,0.264,32,8475,2,
s28936,AXSUSDT,1787534100000,testB,-1,-3.25,0.54,3.95,3.71,1.36,-2.26,1.43,0.83,1.01,1.07,0,-0.99,neutral,bajista,0,0.428,32,8475,2,
s28937,APEUSDT,1787534100000,testB,-1,-2.71,0.441,3.26,2.99,0.95,-1.72,1.21,0.95,1.2,1.23,0,-0.99,neutral,neutral,0,0.455,32,8475,1,
s28938,XPLUSDT,1787535000000,train,-1,-3.82,0.421,6.25,4.78,0.72,-3.29,1.95,1.7,3.67,3.18,0,-0.53,neutral,bajista,0,-0.294,32,8477,3,
s28939,STBLUSDT,1787535000000,train,-1,-3.21,0.513,3.57,3.57,0.7,-2.68,1.71,0.36,0.39,0.73,0,-0.53,neutral,bajista,0,-0.453,32,8477,3,
s28940,0GUSDT,1787535000000,train,-1,-5.1,0.674,5.81,5.68,1.16,-4.57,2.67,0.79,0.86,0.77,0,-0.53,neutral,bajista,0,0.043,32,8477,3,
s28941,WLDUSDT,1787535000000,train,-1,-3.38,0.39,4.13,3.98,1.04,-2.85,2.3,0.93,1.04,1.05,0,-0.53,neutral,bajista,0,-0.427,32,8477,3,
s28942,ARBUSDT,1787535000000,train,-1,-3.45,0.587,4.13,3.83,1.17,-2.92,1.88,0.78,0.97,1.01,0,-0.53,neutral,bajista,0,0.034,32,8477,3,
s28943,OPUSDT,1787535000000,train,-1,-3.22,0.622,4.23,3.76,0.94,-2.69,1.82,1.14,1.05,1.01,1,-0.53,neutral,bajista,0,0.203,32,8477,3,
s28944,TIAUSDT,1787535000000,train,-1,-2.63,0.474,3.56,2.94,1.35,-2.1,1.23,1.07,1.4,1.27,0,-0.53,neutral,neutral,0,0.127,32,8477,1,
s28945,SEIUSDT,1787535000000,train,-1,-3.64,0.625,4.21,4.17,1.07,-3.11,2.01,1.12,1.09,1.18,0,-0.53,neutral,bajista,0,0.021,32,8477,3,
s28946,JUPUSDT,1787535000000,train,-1,-3.46,0.414,4.73,4.59,1.6,-2.93,2.33,0.96,1.34,1.27,0,-0.53,neutral,bajista,0,0.104,32,8477,3,
s28947,PENDLEUSDT,1787535000000,train,-1,-4.37,0.68,5.57,5.25,1.68,-3.84,2.11,1.71,6.41,5.07,0,-0.53,neutral,bajista,0,0.026,32,8477,3,
s28948,ONDOUSDT,1787535000000,train,-1,-4.0,0.575,4.84,4.71,1.04,-3.47,2.36,1.08,1.58,1.59,0,-0.53,neutral,bajista,0,-0.402,32,8476,3,
s28949,FETUSDT,1787535000000,train,-1,-2.86,0.471,3.38,3.25,0.85,-2.33,1.44,0.79,0.94,1.01,0,-0.53,neutral,bajista,0,-0.377,32,8476,3,
s28950,ARUSDT,1787535000000,testB,-1,-3.1,0.561,3.89,3.47,1.52,-2.56,1.83,0.95,1.58,1.53,0,-0.53,neutral,bajista,0,-0.067,32,8476,3,
s28951,STXUSDT,1787535000000,testB,-1,-3.32,0.44,6.55,5.7,1.05,-2.78,2.14,1.51,2.96,5.03,0,-0.53,neutral,neutral,0,-1.0,14,8476,1,
s28952,GRTUSDT,1787535000000,testB,-1,-4.33,0.47,5.87,4.94,0.96,-3.8,1.34,2.04,2.25,1.78,0,-0.53,neutral,neutral,0,-0.2,32,8476,1,
s28953,LDOUSDT,1787535000000,testB,-1,-3.99,0.482,6.11,5.72,0.82,-3.46,2.15,1.96,2.41,2.28,0,-0.53,neutral,neutral,0,0.148,32,8476,1,
s28954,SANDUSDT,1787535000000,testB,-1,-3.45,0.567,3.98,3.96,1.67,-2.92,1.87,0.65,0.72,0.79,0,-0.53,neutral,bajista,0,1.181,32,8476,3,
s28955,MANAUSDT,1787535000000,testB,-1,-3.48,0.576,4.03,3.69,1.25,-2.94,1.79,0.85,0.95,0.96,0,-0.53,neutral,bajista,0,0.17,32,8476,3,
s28956,AXSUSDT,1787535000000,testB,-1,-3.28,0.54,3.94,3.6,1.66,-2.75,1.8,0.83,1.01,1.07,0,-0.53,neutral,bajista,0,0.285,32,8476,3,
s28957,APEUSDT,1787535000000,testB,-1,-3.19,0.48,3.57,3.43,1.1,-2.66,2.03,0.95,1.2,1.23,0,-0.53,neutral,bajista,0,0.14,32,8476,2,
s28958,XPLUSDT,1787535900000,train,-1,-5.45,0.51,6.46,6.18,0.89,-4.27,3.43,1.7,3.67,3.18,0,-1.18,neutral,bajista,0,-0.357,32,8478,4,
s28959,STBLUSDT,1787535900000,train,-1,-3.97,0.579,4.26,4.22,0.64,-2.79,2.2,0.36,0.39,0.73,0,-1.18,neutral,bajista,0,-0.653,32,8478,4,
s28960,0GUSDT,1787535900000,train,-1,-5.93,0.706,6.74,6.61,1.26,-4.75,3.38,0.79,0.86,0.77,0,-1.18,neutral,bajista,0,-0.113,32,8478,4,
s28961,WLDUSDT,1787535900000,train,-1,-4.44,0.456,5.6,5.24,1.14,-3.26,3.3,0.93,1.04,1.05,0,-1.18,neutral,bajista,0,-0.505,32,8478,4,
s28962,ARBUSDT,1787535900000,train,-1,-3.89,0.615,4.58,4.43,1.29,-2.71,2.42,0.78,0.97,1.01,0,-1.18,neutral,bajista,0,-0.059,32,8478,4,
s28963,OPUSDT,1787535900000,train,-1,-3.94,0.668,4.97,4.71,0.86,-2.76,2.57,1.14,1.05,1.01,1,-1.18,neutral,bajista,0,-0.004,32,8478,4,
s28964,TIAUSDT,1787535900000,train,-1,-3.19,0.521,3.91,3.67,1.18,-2.01,2.03,1.07,1.4,1.27,0,-1.18,neutral,bajista,0,-0.154,32,8478,2,
s28965,SEIUSDT,1787535900000,train,-1,-4.32,0.665,5.02,4.91,1.28,-3.15,2.59,1.12,1.09,1.18,0,-1.18,neutral,bajista,0,-0.136,32,8478,4,
s28966,JUPUSDT,1787535900000,train,-1,-4.41,0.522,5.14,5.05,1.41,-3.23,2.73,0.96,1.34,1.27,0,-1.18,neutral,bajista,0,0.076,32,8478,4,
s28967,PENDLEUSDT,1787535900000,train,-1,-5.36,0.723,6.16,6.05,1.54,-4.18,3.08,1.71,6.41,5.07,0,-1.18,neutral,bajista,0,-0.122,32,8478,4,
s28968,ONDOUSDT,1787535900000,train,-1,-4.7,0.614,5.75,5.48,1.08,-3.52,2.92,1.08,1.58,1.59,0,-1.18,neutral,bajista,0,-0.433,32,8477,4,
s28969,FETUSDT,1787535900000,train,-1,-3.66,0.53,4.98,4.61,1.39,-2.48,2.8,0.79,0.94,1.01,0,-1.18,neutral,bajista,0,-0.649,32,8477,4,
s28970,ARUSDT,1787535900000,testB,-1,-3.64,0.6,4.57,4.24,1.37,-2.46,2.44,0.95,1.58,1.53,0,-1.18,neutral,bajista,0,-0.22,32,8477,4,
s28971,STXUSDT,1787535900000,testB,-1,-4.05,0.49,6.87,6.56,0.79,-2.87,2.93,1.51,2.96,5.03,0,-1.18,neutral,bajista,0,-1.0,13,8477,2,
s28972,GRTUSDT,1787535900000,testB,-1,-4.63,0.485,5.62,5.5,1.0,-3.46,2.2,2.04,2.25,1.78,0,-1.18,neutral,bajista,0,-0.468,32,8477,2,
s28973,LDOUSDT,1787535900000,testB,-1,-4.94,0.573,5.53,5.45,0.79,-3.76,2.66,1.96,2.41,2.28,0,-1.18,neutral,bajista,0,-0.038,32,8477,2,
s28974,SANDUSDT,1787535900000,testB,-1,-4.31,0.637,4.91,4.73,2.05,-3.14,2.5,0.65,0.72,0.79,0,-1.18,neutral,bajista,0,0.857,32,8477,4,
s28975,MANAUSDT,1787535900000,testB,-1,-3.89,0.602,4.4,4.34,1.31,-2.71,2.34,0.85,0.95,0.96,0,-1.18,neutral,bajista,0,-0.04,32,8477,4,
s28976,AXSUSDT,1787535900000,testB,-1,-4.08,0.594,4.48,4.43,1.94,-2.9,2.49,0.83,1.01,1.07,0,-1.18,neutral,bajista,0,0.03,32,8477,4,
s28977,APEUSDT,1787535900000,testB,-1,-3.79,0.523,4.36,4.15,1.46,-2.62,2.59,0.95,1.2,1.23,0,-1.18,neutral,bajista,0,-0.067,32,8477,3,
s28978,XPLUSDT,1787536800000,train,-1,-5.09,0.491,8.42,6.44,1.74,-4.68,3.52,1.97,3.54,3.32,0,-0.41,neutral,bajista,0,-0.55,32,8479,5,
s28979,STBLUSDT,1787536800000,train,-1,-3.34,0.503,3.88,3.5,0.88,-2.94,1.84,0.39,0.36,0.73,0,-0.41,neutral,neutral,0,-0.869,32,8479,0,
s28980,0GUSDT,1787536800000,train,-1,-5.19,0.62,6.28,5.66,1.11,-4.78,2.85,0.8,0.8,0.75,1,-0.41,neutral,neutral,0,-0.253,32,8479,0,
s28981,OPUSDT,1787536800000,train,-1,-2.84,0.449,4.43,3.38,0.79,-2.43,1.7,1.17,0.96,0.97,0,-0.41,neutral,neutral,0,0.132,32,8479,0,
s28982,TIAUSDT,1787536800000,train,-1,-2.56,0.38,3.99,2.92,1.39,-2.15,1.3,1.11,1.25,1.27,0,-0.41,neutral,neutral,0,-0.055,32,8479,0,
s28983,SEIUSDT,1787536800000,train,-1,-2.98,0.436,4.67,3.56,1.51,-2.58,1.67,1.06,1.05,1.18,0,-0.41,neutral,neutral,0,-0.096,32,8479,0,
s28984,JUPUSDT,1787536800000,train,-1,-3.01,0.351,5.39,3.96,2.08,-2.6,1.88,1.1,1.18,1.29,0,-0.41,neutral,neutral,0,0.277,32,8479,0,
s28985,PENDLEUSDT,1787536800000,train,-1,-3.6,0.474,5.25,4.12,1.22,-3.2,1.91,1.72,3.75,5.13,0,-0.41,neutral,neutral,0,-0.145,32,8479,0,
s28986,ONDOUSDT,1787536800000,train,-1,-3.31,0.401,5.72,4.18,1.23,-2.9,1.78,1.12,1.37,1.54,0,-0.41,neutral,neutral,0,-0.381,32,8478,0,
s28987,ARUSDT,1787536800000,testB,-1,-2.7,0.411,4.21,3.15,1.47,-2.3,1.55,1.12,1.52,1.54,0,-0.41,neutral,neutral,0,-0.324,32,8478,0,
s28988,GRTUSDT,1787536800000,testB,-1,-3.48,0.356,5.12,4.07,1.0,-3.07,1.47,1.95,2.11,1.81,0,-0.41,neutral,neutral,0,-0.486,32,8478,0,
s28989,LDOUSDT,1787536800000,testB,-1,-3.01,0.361,4.82,3.46,1.1,-2.6,1.51,1.55,2.01,2.3,0,-0.41,neutral,neutral,0,0.03,32,8478,0,
s28990,SANDUSDT,1787536800000,testB,-1,-2.66,0.396,4.32,3.04,2.22,-2.25,1.68,0.69,0.65,0.78,0,-0.41,neutral,neutral,1,2.0,17,8478,0,
s28991,MANAUSDT,1787536800000,testB,-1,-2.96,0.457,4.21,3.53,1.38,-2.55,1.76,0.91,0.85,0.94,0,-0.41,neutral,neutral,0,-0.004,32,8478,0,
s28992,AXSUSDT,1787536800000,testB,-1,-3.04,0.441,4.7,3.75,2.41,-2.64,1.87,0.91,0.95,1.06,0,-0.41,neutral,neutral,0,0.09,32,8478,0,
s28993,APEUSDT,1787536800000,testB,-1,-2.68,0.377,4.48,3.51,1.59,-2.27,1.94,0.91,1.07,1.19,0,-0.41,neutral,neutral,0,-0.039,32,8478,0,
s28994,STBLUSDT,1787537700000,train,-1,-2.35,0.367,3.4,2.66,0.86,-2.1,1.3,0.39,0.36,0.73,0,-0.26,neutral,neutral,0,-1.0,30,8480,0,
s28995,0GUSDT,1787537700000,train,-1,-4.6,0.534,6.13,5.07,1.0,-4.35,2.06,0.8,0.8,0.75,1,-0.26,neutral,neutral,0,-0.256,32,8480,0,
s28996,SEIUSDT,1787537700000,train,-1,-2.85,0.411,4.61,3.12,1.7,-2.6,1.13,1.06,1.05,1.18,0,-0.26,neutral,neutral,0,0.034,32,8480,0,
s28997,JUPUSDT,1787537700000,train,-1,-3.04,0.359,5.38,3.66,2.22,-2.79,1.36,1.1,1.18,1.29,0,-0.26,neutral,neutral,0,0.416,32,8480,0,
s28998,PENDLEUSDT,1787537700000,train,-1,-3.15,0.397,5.23,3.7,1.26,-2.89,1.26,1.72,3.75,5.13,0,-0.26,neutral,neutral,0,0.055,32,8480,0,
s28999,ONDOUSDT,1787537700000,train,-1,-3.12,0.37,5.69,3.73,1.12,-2.87,1.11,1.12,1.37,1.54,0,-0.26,neutral,neutral,0,-0.259,32,8479,0,
s29000,ARUSDT,1787537700000,testB,-1,-2.43,0.355,4.19,2.67,1.4,-2.17,0.84,1.12,1.52,1.54,0,-0.26,neutral,neutral,0,-0.052,32,8479,0,
s29001,SANDUSDT,1787537700000,testB,-1,-2.43,0.352,4.28,2.65,2.2,-2.18,1.1,0.69,0.65,0.78,0,-0.26,neutral,neutral,1,2.0,15,8479,0,
s29002,MANAUSDT,1787537700000,testB,-1,-2.72,0.406,4.2,3.27,1.26,-2.47,1.33,0.91,0.85,0.94,0,-0.26,neutral,neutral,0,0.205,32,8479,0,
s29003,AXSUSDT,1787537700000,testB,-1,-2.7,0.374,4.67,3.25,2.15,-2.45,1.19,0.91,0.95,1.06,0,-0.26,neutral,neutral,0,0.346,32,8479,0,
s29004,APEUSDT,1787537700000,testB,-1,-2.61,0.364,4.46,3.09,1.63,-2.35,1.32,0.91,1.07,1.19,0,-0.26,neutral,neutral,0,0.2,32,8479,0,
s29005,0GUSDT,1787538600000,train,-1,-3.96,0.432,5.97,4.31,0.88,-3.71,1.3,0.8,0.8,0.75,1,-0.25,neutral,neutral,0,0.029,32,8481,0,
s29006,SEIUSDT,1787538600000,train,-1,-2.48,0.357,4.5,2.82,1.49,-2.23,0.85,1.06,1.05,1.18,0,-0.25,neutral,neutral,0,0.241,32,8481,0,
s29007,ONDOUSDT,1787538600000,train,-1,-3.2,0.376,5.7,3.82,0.99,-2.95,1.08,1.12,1.37,1.54,0,-0.25,neutral,neutral,0,-0.134,32,8480,1,
s29008,STXUSDT,1787538600000,testB,-1,-3.33,0.419,6.71,4.28,0.97,-3.08,0.65,1.53,2.41,4.73,0,-0.25,neutral,neutral,0,-1.0,10,8480,0,
s29009,MANAUSDT,1787538600000,testB,-1,-2.73,0.409,4.2,3.11,1.08,-2.48,1.04,0.91,0.85,0.94,0,-0.25,neutral,neutral,0,0.326,32,8480,0,
s29010,AXSUSDT,1787538600000,testB,-1,-2.62,0.359,4.67,3.13,1.34,-2.37,0.97,0.91,0.95,1.06,0,-0.25,neutral,neutral,0,0.502,32,8480,0,
s29011,APEUSDT,1787538600000,testB,-1,-2.67,0.377,4.45,2.95,1.3,-2.41,1.05,0.91,1.07,1.19,0,-0.25,neutral,neutral,0,0.326,32,8480,0,
s29012,XPLUSDT,1787539500000,train,-1,-5.45,0.512,8.24,5.85,1.54,-5.3,2.12,1.97,3.54,3.32,0,-0.15,neutral,neutral,0,-0.346,32,8482,1,
s29013,0GUSDT,1787539500000,train,-1,-4.38,0.457,5.81,4.7,0.81,-4.23,1.62,0.8,0.8,0.75,1,-0.15,neutral,neutral,0,-0.0,32,8482,1,
s29014,OPUSDT,1787539500000,train,-1,-2.84,0.402,4.22,2.97,0.48,-2.69,1.02,1.17,0.96,0.97,0,-0.15,neutral,neutral,0,0.512,32,8482,1,
s29015,SEIUSDT,1787539500000,train,-1,-2.69,0.385,4.46,2.91,1.31,-2.54,0.81,1.06,1.05,1.18,0,-0.15,neutral,neutral,0,0.255,32,8482,1,
s29016,STXUSDT,1787539500000,testB,-1,-3.29,0.416,6.73,4.56,0.83,-3.14,0.76,1.53,2.41,4.73,0,-0.15,neutral,neutral,0,-1.0,9,8481,1,
s29017,LDOUSDT,1787539500000,testB,-1,-3.03,0.389,4.81,3.38,0.93,-2.88,0.99,1.55,2.01,2.3,0,-0.15,neutral,neutral,0,0.682,32,8481,1,
s29018,MANAUSDT,1787539500000,testB,-1,-2.77,0.412,4.21,3.35,0.83,-2.62,1.08,0.91,0.85,0.94,0,-0.15,neutral,neutral,0,0.188,32,8481,1,
s29019,APEUSDT,1787539500000,testB,-1,-2.67,0.377,4.46,3.23,0.63,-2.52,1.11,0.91,1.07,1.19,0,-0.15,neutral,neutral,0,0.128,32,8481,1,
s29020,XPLUSDT,1787540400000,train,-1,-5.37,0.507,8.13,6.05,0.52,-5.05,2.22,1.93,2.79,3.34,0,-0.32,neutral,bajista,0,-0.41,32,8483,2,
s29021,PUMPUSDT,1787540400000,train,-1,-5.78,0.457,8.58,6.43,0.95,-5.46,2.07,1.36,1.31,2.76,0,-0.32,neutral,bajista,0,0.223,32,8483,2,
s29022,0GUSDT,1787540400000,train,-1,-4.46,0.46,5.48,5.04,0.71,-4.14,2.05,0.78,0.78,0.74,1,-0.32,neutral,bajista,0,-0.123,32,8483,2,
s29023,OPUSDT,1787540400000,train,-1,-3.01,0.415,4.25,3.63,0.48,-2.69,1.5,1.14,0.88,0.95,0,-0.32,neutral,bajista,0,0.212,32,8483,2,
s29024,SEIUSDT,1787540400000,train,-1,-2.84,0.397,4.48,3.39,0.91,-2.52,1.19,0.99,0.99,1.15,0,-0.32,neutral,bajista,0,0.119,32,8483,2,
s29025,JUPUSDT,1787540400000,train,-1,-3.25,0.368,5.42,4.51,0.82,-2.93,1.74,1.08,1.08,1.24,0,-0.32,neutral,bajista,0,0.255,32,8483,2,
s29026,ONDOUSDT,1787540400000,train,-1,-3.47,0.379,5.73,4.49,0.52,-3.15,1.46,1.09,1.17,1.47,0,-0.32,neutral,neutral,0,-0.295,32,8482,1,
s29027,STXUSDT,1787540400000,testB,-1,-3.59,0.447,6.74,4.79,0.56,-3.27,0.92,1.45,2.09,4.48,0,-0.32,neutral,bajista,0,-1.0,8,8482,2,
s29028,LDOUSDT,1787540400000,testB,-1,-3.34,0.411,4.84,3.99,0.62,-3.02,1.36,1.24,1.81,2.27,0,-0.32,neutral,bajista,0,0.426,32,8482,2,
s29029,MANAUSDT,1787540400000,testB,-1,-3.13,0.441,4.23,4.05,0.74,-2.81,1.58,0.94,0.8,0.93,0,-0.32,neutral,bajista,0,-0.003,32,8482,2,
s29030,AXSUSDT,1787540400000,testB,-1,-2.85,0.376,4.7,3.83,0.51,-2.53,1.36,0.9,0.89,1.02,0,-0.32,neutral,neutral,0,0.237,32,8482,1,
s29031,APEUSDT,1787540400000,testB,-1,-2.82,0.389,4.49,3.8,0.34,-2.5,1.54,0.9,1.01,1.16,0,-0.32,neutral,bajista,0,-0.036,32,8482,2,
s29032,XPLUSDT,1787541300000,train,-1,-5.03,0.488,7.86,6.39,0.48,-4.33,2.53,1.93,2.79,3.34,0,-0.69,neutral,bajista,0,-0.553,32,8484,3,
s29033,PUMPUSDT,1787541300000,train,-1,-5.49,0.443,8.02,6.02,0.65,-4.79,2.06,1.36,1.31,2.76,0,-0.69,neutral,bajista,0,-0.017,32,8484,3,
s29034,STBLUSDT,1787541300000,train,-1,-2.64,0.436,3.68,3.34,1.32,-1.95,1.34,0.46,0.36,0.73,0,-0.69,neutral,bajista,0,-1.0,26,8484,3,
s29035,0GUSDT,1787541300000,train,-1,-4.22,0.425,5.47,4.78,0.85,-3.53,1.63,0.78,0.78,0.74,1,-0.69,neutral,neutral,0,-0.377,32,8484,0,
s29036,WLDUSDT,1787541300000,train,-1,-3.59,0.361,5.81,4.33,0.87,-2.89,1.38,0.95,0.85,1.01,0,-0.69,neutral,bajista,0,-0.276,32,8484,2,
s29037,OPUSDT,1787541300000,train,-1,-3.0,0.413,4.25,3.65,0.48,-2.3,1.36,1.14,0.88,0.95,0,-0.69,neutral,bajista,0,0.161,32,8484,3,
s29038,TIAUSDT,1787541300000,train,-1,-2.86,0.396,3.92,3.59,0.87,-2.17,1.33,1.09,1.15,1.26,0,-0.69,neutral,bajista,0,-0.09,32,8484,3,
s29039,SEIUSDT,1787541300000,train,-1,-2.97,0.407,4.49,3.64,0.8,-2.28,1.26,0.99,0.99,1.15,0,-0.69,neutral,bajista,0,-0.129,32,8484,3,
s29040,JUPUSDT,1787541300000,train,-1,-3.65,0.436,5.42,4.46,0.66,-2.96,1.49,1.08,1.08,1.24,0,-0.69,neutral,neutral,0,0.14,32,8484,0,
s29041,ONDOUSDT,1787541300000,train,-1,-3.7,0.415,5.73,4.46,0.49,-3.01,1.3,1.09,1.17,1.47,0,-0.69,neutral,neutral,0,-0.364,32,8483,0,
s29042,STXUSDT,1787541300000,testB,-1,-3.21,0.393,6.72,4.51,0.44,-2.52,0.76,1.45,2.09,4.48,0,-0.69,neutral,neutral,0,-1.0,7,8483,0,
s29043,LDOUSDT,1787541300000,testB,-1,-3.12,0.394,4.85,4.21,0.58,-2.43,1.4,1.24,1.81,2.27,0,-0.69,neutral,bajista,0,0.294,32,8483,3,
s29044,SANDUSDT,1787541300000,testB,-1,-2.84,0.369,4.32,3.57,0.52,-2.15,1.42,0.62,0.63,0.76,0,-0.69,neutral,bajista,0,1.151,32,8483,3,
s29045,MANAUSDT,1787541300000,testB,-1,-3.46,0.504,4.24,4.12,0.77,-2.77,1.51,0.94,0.8,0.93,0,-0.69,neutral,bajista,0,-0.144,32,8483,3,
s29046,AXSUSDT,1787541300000,testB,-1,-3.19,0.442,4.7,3.79,0.48,-2.49,1.2,0.9,0.89,1.02,0,-0.69,neutral,neutral,0,0.159,32,8483,0,
s29047,APEUSDT,1787541300000,testB,-1,-3.01,0.429,4.49,3.8,0.3,-2.32,1.42,0.9,1.01,1.16,0,-0.69,neutral,neutral,0,-0.164,32,8483,0,
s29048,XPLUSDT,1787542200000,train,-1,-4.91,0.473,7.29,5.43,0.55,-4.28,2.07,1.93,2.79,3.34,0,-0.62,neutral,neutral,0,-1.0,23,8485,0,
s29049,PUMPUSDT,1787542200000,train,-1,-4.1,0.369,7.04,5.24,0.45,-3.48,1.92,1.36,1.31,2.76,0,-0.62,neutral,bajista,0,-0.145,32,8485,4,
s29050,STBLUSDT,1787542200000,train,-1,-2.45,0.417,3.97,3.34,1.64,-1.82,1.2,0.46,0.36,0.73,0,-0.62,neutral,neutral,0,-1.0,25,8485,0,
s29051,0GUSDT,1787542200000,train,-1,-3.53,0.376,5.09,4.35,0.82,-2.91,1.4,0.78,0.78,0.74,1,-0.62,neutral,neutral,0,-0.529,32,8485,0,
s29052,WLDUSDT,1787542200000,train,-1,-3.59,0.361,5.63,4.21,0.79,-2.96,1.32,0.95,0.85,1.01,0,-0.62,neutral,bajista,0,-0.594,32,8485,3,
s29053,OPUSDT,1787542200000,train,-1,-2.85,0.401,3.74,3.37,0.62,-2.23,1.48,1.14,0.88,0.95,0,-0.62,neutral,bajista,0,-0.362,32,8485,4,
s29054,SUIUSDT,1787542200000,train,-1,-3.63,0.367,5.04,4.2,0.64,-3.01,1.5,1.5,1.39,1.6,0,-0.62,neutral,bajista,0,-0.465,32,8485,4,
s29055,TIAUSDT,1787542200000,train,-1,-2.58,0.363,3.64,3.05,1.05,-1.95,1.13,1.09,1.15,1.26,0,-0.62,neutral,neutral,0,-0.575,32,8485,0,
s29056,SEIUSDT,1787542200000,train,-1,-2.61,0.375,3.94,3.1,0.62,-1.98,1.17,0.99,0.99,1.15,0,-0.62,neutral,neutral,0,-0.552,32,8485,0,
s29057,JUPUSDT,1787542200000,train,-1,-3.48,0.424,5.19,4.52,0.55,-2.86,1.61,1.08,1.08,1.24,0,-0.62,neutral,neutral,0,-0.234,32,8485,1,
s29058,ONDOUSDT,1787542200000,train,-1,-3.24,0.378,5.21,3.89,0.49,-2.62,1.13,1.09,1.17,1.47,0,-0.62,neutral,neutral,0,-0.854,32,8484,0,
s29059,STXUSDT,1787542200000,testB,-1,-3.85,0.446,6.76,5.12,0.43,-3.23,1.17,1.45,2.09,4.48,0,-0.62,neutral,neutral,0,-1.0,6,8484,1,
s29060,LDOUSDT,1787542200000,testB,-1,-3.27,0.421,4.85,4.07,0.52,-2.64,1.25,1.24,1.81,2.27,0,-0.62,neutral,neutral,0,-0.082,32,8484,0,
s29061,SANDUSDT,1787542200000,testB,-1,-2.67,0.353,4.05,3.28,0.51,-2.05,1.25,0.62,0.63,0.76,0,-0.62,neutral,neutral,1,2.0,20,8484,0,
s29062,MANAUSDT,1787542200000,testB,-1,-3.24,0.486,4.31,3.77,0.98,-2.62,1.39,0.94,0.8,0.93,0,-0.62,neutral,bajista,0,-0.416,32,8484,4,
s29063,AXSUSDT,1787542200000,testB,-1,-2.81,0.409,4.34,3.42,0.61,-2.19,1.05,0.9,0.89,1.02,0,-0.62,neutral,neutral,0,-0.17,32,8484,0,
s29064,APEUSDT,1787542200000,testB,-1,-2.69,0.392,4.07,3.31,0.42,-2.06,1.19,0.9,1.01,1.16,0,-0.62,neutral,neutral,0,-0.458,32,8484,0,
s29065,PUMPUSDT,1787543100000,train,-1,-4.3,0.395,7.04,5.24,0.4,-3.28,1.76,1.36,1.31,2.76,0,-1.02,neutral,neutral,0,-0.073,32,8486,0,
s29066,STBLUSDT,1787543100000,train,-1,-2.57,0.434,3.97,3.43,1.6,-1.55,1.06,0.46,0.36,0.73,0,-1.02,neutral,neutral,0,-1.0,24,8486,1,
s29067,0GUSDT,1787543100000,train,-1,-3.88,0.43,5.09,4.28,0.79,-2.85,1.13,0.78,0.78,0.74,1,-1.02,neutral,neutral,0,-0.42,32,8486,0,
s29068,WLDUSDT,1787543100000,train,-1,-4.29,0.426,5.66,4.69,0.62,-3.27,1.66,0.95,0.85,1.01,0,-1.02,neutral,bajista,0,-0.546,32,8486,4,
s29069,OPUSDT,1787543100000,train,-1,-3.09,0.43,3.41,3.21,0.58,-2.07,1.43,1.14,0.88,0.95,0,-1.02,neutral,bajista,0,-0.321,32,8486,5,
s29070,SUIUSDT,1787543100000,train,-1,-3.52,0.354,4.62,3.7,0.64,-2.49,1.2,1.5,1.39,1.6,0,-1.02,neutral,neutral,0,-0.355,32,8486,0,
s29071,TIAUSDT,1787543100000,train,-1,-2.84,0.391,3.38,3.0,0.82,-1.82,1.17,1.09,1.15,1.26,0,-1.02,neutral,neutral,0,-0.541,32,8486,1,
s29072,SEIUSDT,1787543100000,train,-1,-2.77,0.409,3.74,2.84,0.57,-1.74,0.96,0.99,0.99,1.15,0,-1.02,neutral,neutral,0,-0.511,32,8486,0,
s29073,JUPUSDT,1787543100000,train,-1,-4.11,0.533,4.96,4.38,0.49,-3.09,1.51,1.08,1.08,1.24,0,-1.02,neutral,bajista,0,-0.231,32,8486,2,
s29074,ONDOUSDT,1787543100000,train,-1,-3.48,0.399,4.79,3.65,0.42,-2.45,1.14,1.09,1.17,1.47,0,-1.02,neutral,neutral,0,-1.0,31,8485,1,
s29075,ARUSDT,1787543100000,testB,-1,-2.54,0.389,3.39,2.7,0.4,-1.51,0.91,1.07,1.34,1.48,0,-1.02,neutral,neutral,0,-0.586,32,8485,0,
s29076,STXUSDT,1787543100000,testB,-1,-3.98,0.458,6.01,4.45,0.44,-2.95,1.15,1.45,2.09,4.48,0,-1.02,neutral,bajista,0,-1.0,5,8485,2,
s29077,GRTUSDT,1787543100000,testB,-1,-3.05,0.391,3.91,3.21,0.39,-2.03,0.83,1.52,2.0,1.79,0,-1.02,neutral,neutral,0,-0.873,32,8485,0,
s29078,LDOUSDT,1787543100000,testB,-1,-3.37,0.429,4.16,3.56,0.53,-2.35,1.25,1.24,1.81,2.27,0,-1.02,neutral,neutral,0,-0.123,32,8485,1,
s29079,SANDUSDT,1787543100000,testB,-1,-2.99,0.404,3.89,3.22,0.51,-1.97,1.17,0.62,0.63,0.76,0,-1.02,neutral,neutral,1,2.0,19,8485,1,
s29080,MANAUSDT,1787543100000,testB,-1,-3.42,0.518,4.07,3.59,0.98,-2.4,1.28,0.94,0.8,0.93,0,-1.02,neutral,bajista,0,-0.327,32,8485,5,
s29081,AXSUSDT,1787543100000,testB,-1,-2.9,0.428,4.08,3.16,0.53,-1.88,0.92,0.9,0.89,1.02,0,-1.02,neutral,neutral,0,-0.019,32,8485,0,
s29082,APEUSDT,1787543100000,testB,-1,-2.95,0.44,3.8,3.11,0.52,-1.93,1.09,0.9,1.01,1.16,0,-1.02,neutral,neutral,0,-0.422,32,8485,0,
s29083,STBLUSDT,1787544000000,train,-1,-2.36,0.387,3.54,2.54,1.25,-1.6,0.62,0.49,0.34,0.71,0,-0.76,neutral,neutral,0,-1.0,21,8487,0,
s29084,JUPUSDT,1787544000000,train,-1,-3.52,0.447,4.7,3.74,0.78,-2.76,1.08,1.16,1.06,1.22,0,-0.76,neutral,neutral,0,0.051,32,8487,0,
s29085,APEUSDT,1787544000000,testB,-1,-2.29,0.354,3.58,2.69,0.59,-1.53,0.83,0.83,0.92,1.07,0,-0.76,neutral,neutral,0,-0.59,32,8486,0,
s29086,ENAUSDT,1787545800000,train,1,4.29,0.358,6.23,5.83,1.39,4.42,2.93,1.28,1.08,2.52,0,-0.14,neutral,alcista,0,-1.0,8,8489,3,
s29087,INJUSDT,1787546700000,train,-1,-2.58,0.399,4.27,3.93,0.89,-1.57,1.61,1.57,1.5,1.6,0,-1.01,neutral,bajista,0,-1.0,26,8490,2,
s29088,STXUSDT,1787547600000,testB,1,5.17,0.446,6.95,6.31,1.43,5.44,3.82,1.56,1.56,4.33,0,-0.27,neutral,neutral,0,0.43,32,8490,1,
s29089,STXUSDT,1787549400000,testB,1,5.26,0.424,8.59,6.43,3.42,5.42,3.52,1.56,1.56,4.33,0,-0.16,neutral,neutral,0,0.066,32,8492,1,
s29090,FETUSDT,1787550300000,train,1,3.11,0.403,3.99,3.08,0.92,2.79,0.8,0.62,0.63,0.92,0,0.32,neutral,neutral,0,0.882,32,8493,0,
s29091,SANDUSDT,1787551200000,testB,-1,-5.57,0.43,7.81,7.55,5,-5.61,5.43,2.35,1.46,1.15,1,0.04,neutral,bajista,0,-0.075,32,8494,2,
s29092,XPLUSDT,1787554800000,train,1,3.38,0.408,4.75,4.36,1.12,2.69,1.7,1.45,1.6,3.41,0,0.7,neutral,alcista,0,-0.464,32,8499,2,
s29093,XPLUSDT,1787555700000,train,1,3.8,0.478,4.76,4.15,1.02,3.18,1.33,1.45,1.6,3.41,0,0.62,neutral,neutral,0,-0.172,32,8500,0,
s29094,PUMPUSDT,1787559300000,train,-1,-3.86,0.419,4.48,4.18,1.73,-3.45,2.42,0.96,1.27,1.77,0,-0.41,neutral,bajista,0,-0.305,32,8504,5,
s29095,SEIUSDT,1787559300000,train,-1,-2.08,0.35,2.86,2.75,1.35,-1.67,1.17,0.85,0.97,1.07,0,-0.41,neutral,neutral,0,-1.0,13,8504,1,
s29096,JUPUSDT,1787559300000,train,-1,-2.85,0.37,3.76,3.32,2.4,-2.44,1.53,0.92,1.02,1.21,0,-0.41,neutral,bajista,0,-1.0,18,8504,2,
s29097,PENDLEUSDT,1787559300000,train,-1,-4.08,0.423,5.04,4.27,0.76,-3.67,0.87,1.55,1.67,5.41,0,-0.41,neutral,bajista,0,-0.624,32,8504,2,
s29098,MANAUSDT,1787559300000,testB,-1,-2.1,0.375,2.6,2.45,0.82,-1.69,1.23,0.99,0.96,0.95,1,-0.41,neutral,bajista,0,-1.0,13,8503,2,
s29099,AXSUSDT,1787559300000,testB,-1,-3.98,0.486,4.2,4.13,2.18,-3.57,2.45,0.92,0.92,1.0,0,-0.41,neutral,bajista,0,-1.0,18,8503,5,
s29100,PUMPUSDT,1787560200000,train,-1,-3.54,0.397,5.24,4.48,1.74,-3.56,2.45,0.96,1.27,1.77,0,0.01,neutral,bajista,0,-0.424,32,8505,6,
s29101,SANDUSDT,1787560200000,testB,-1,-6.67,0.37,9.31,7.86,0.86,-6.69,2.91,3.06,1.9,1.38,1,0.01,neutral,bajista,0,-0.218,32,8504,2,
s29102,PUMPUSDT,1787561100000,train,-1,-3.36,0.37,5.23,4.22,1.71,-3.55,2.14,0.96,1.27,1.77,0,0.19,neutral,neutral,0,0.332,32,8506,0,
s29103,SANDUSDT,1787562000000,testB,-1,-6.64,0.374,9.26,7.27,0.4,-6.72,2.0,3.22,1.95,1.41,1,0.08,neutral,neutral,0,0.006,32,8506,0,
s29104,ENAUSDT,1787564700000,train,-1,-4.22,0.36,5.82,4.88,0.45,-4.75,1.59,1.19,1.17,2.07,0,0.53,neutral,bajista,0,0.913,32,8510,3,
s29105,ENAUSDT,1787565600000,train,-1,-4.6,0.403,5.67,4.82,0.53,-5.19,1.36,1.08,1.2,1.76,0,0.58,neutral,bajista,0,0.88,32,8511,4,
s29106,STBLUSDT,1787566500000,train,1,2.43,0.437,5.23,3.58,3.28,1.78,1.98,0.72,0.6,0.49,1,0.65,neutral,alcista,0,1.326,32,8512,8,
s29107,ENAUSDT,1787566500000,train,-1,-4.37,0.387,5.74,4.65,0.9,-5.02,2.04,1.08,1.2,1.76,0,0.65,neutral,bajista,0,0.735,32,8512,5,
s29108,STBLUSDT,1787567400000,train,1,4.29,0.584,5.81,5.25,4.41,3.79,3.41,0.72,0.6,0.49,1,0.5,neutral,alcista,0,0.466,32,8513,8,
s29109,STBLUSDT,1787568300000,train,1,3.82,0.525,5.82,5.07,4.08,3.62,2.88,0.72,0.6,0.49,1,0.21,neutral,neutral,0,0.422,32,8514,0,
s29110,STBLUSDT,1787569200000,train,1,4.39,0.56,6.1,5.7,4.34,4.3,3.25,1.02,0.72,0.56,1,0.09,neutral,neutral,0,0.124,32,8515,1,
s29111,ENAUSDT,1787569200000,train,-1,-3.59,0.46,4.97,4.1,1.81,-3.69,2.18,1.21,1.26,1.58,0,0.09,neutral,neutral,0,-1.0,8,8515,1,
s29112,STBLUSDT,1787570100000,train,1,3.96,0.475,7.26,4.84,3.46,3.66,2.1,1.02,0.72,0.56,1,0.3,neutral,neutral,0,0.352,32,8516,0,
s29113,ENAUSDT,1787570100000,train,-1,-3.0,0.388,4.5,3.36,1.23,-3.3,1.29,1.21,1.26,1.58,0,0.3,neutral,neutral,0,-1.0,6,8516,0,
s29114,STBLUSDT,1787571000000,train,1,4.35,0.538,7.26,4.88,2.01,2.76,1.9,1.02,0.72,0.56,1,1.58,neutral,neutral,0,0.333,32,8517,0,
s29115,0GUSDT,1787571000000,train,1,3.06,0.38,4.0,3.76,1.27,1.48,1.7,0.65,0.73,0.75,0,1.58,neutral,alcista,0,0.032,32,8517,2,
s29116,SUIUSDT,1787571000000,train,1,2.9,0.41,3.85,3.84,1.18,1.32,1.82,1.14,1.29,1.47,0,1.58,neutral,alcista,0,-1.0,23,8517,3,
s29117,SEIUSDT,1787571000000,train,1,2.17,0.362,2.9,2.88,1.22,0.59,1.5,0.92,0.95,1.03,0,1.58,neutral,alcista,0,-0.431,32,8517,2,
s29118,PENDLEUSDT,1787571000000,train,1,3.0,0.401,3.7,3.55,0.79,1.41,1.52,1.3,1.66,5.37,0,1.58,neutral,neutral,0,-1.0,23,8517,1,
s29119,STXUSDT,1787571000000,testB,1,5.62,0.433,7.66,5.9,1.72,4.04,2.93,1.44,1.52,3.25,0,1.58,neutral,alcista,0,-1.0,10,8516,2,
s29120,MANAUSDT,1787571000000,testB,1,2.05,0.382,2.98,2.9,0.94,0.46,1.35,0.96,0.97,0.97,0,1.58,neutral,alcista,0,-0.266,32,8516,2,
s29121,STBLUSDT,1787571900000,train,1,4.76,0.572,7.24,5.18,1.78,3.31,1.99,1.02,0.72,0.56,1,1.46,neutral,neutral,0,0.282,32,8518,1,
s29122,FETUSDT,1787571900000,train,1,3.53,0.414,4.7,4.58,3.95,2.07,2.85,0.7,0.66,0.82,0,1.46,neutral,alcista,0,0.269,32,8517,3,
s29123,STXUSDT,1787571900000,testB,1,5.05,0.384,7.69,5.55,2.01,3.59,2.25,1.44,1.52,3.25,0,1.46,neutral,neutral,0,-1.0,9,8517,0,
s29124,STBLUSDT,1787572800000,train,1,4.74,0.564,7.26,4.88,1.45,3.59,1.57,1.4,0.88,0.65,1,1.15,neutral,neutral,0,0.358,32,8519,0,
s29125,APEUSDT,1787572800000,testB,1,2.29,0.363,3.32,2.99,1.7,1.14,1.34,0.86,0.8,1.01,0,1.15,neutral,neutral,0,0.091,32,8518,1,
s29126,ASTERUSDT,1787573700000,train,1,2.95,0.506,3.54,3.5,1.26,0.96,1.15,1.12,1.08,1.19,0,1.99,neutral,alcista,0,-0.481,32,8520,2,
s29127,STBLUSDT,1787573700000,train,1,7.04,0.701,7.13,6.58,0.99,5.05,3.17,1.4,0.88,0.65,1,1.99,neutral,neutral,0,-0.036,32,8520,1,
s29128,SEIUSDT,1787573700000,train,1,2.73,0.438,2.82,2.68,1.47,0.74,1.13,0.97,0.96,1.05,0,1.99,neutral,neutral,0,-0.654,32,8520,1,
s29129,JUPUSDT,1787573700000,train,1,2.49,0.357,2.77,2.53,1.15,0.5,0.94,1.12,1.08,1.27,0,1.99,neutral,neutral,0,-1.0,20,8520,1,
s29130,ONDOUSDT,1787573700000,train,1,3.67,0.396,3.98,3.62,2.14,1.68,1.46,1.17,1.0,1.35,0,1.99,neutral,neutral,0,-0.014,32,8519,1,
s29131,FETUSDT,1787573700000,train,1,3.74,0.37,4.73,3.91,5,1.75,1.95,1.06,0.79,0.89,0,1.99,neutral,neutral,0,0.47,32,8519,1,
s29132,STXUSDT,1787573700000,testB,1,5.19,0.364,7.68,5.59,2.03,3.2,2.17,1.53,1.47,2.78,0,1.99,neutral,neutral,0,-1.0,7,8519,1,
s29133,GRTUSDT,1787573700000,testB,1,2.86,0.398,3.18,2.9,1.22,0.87,0.99,1.56,1.46,1.93,0,1.99,neutral,neutral,0,0.098,32,8519,1,
s29134,MANAUSDT,1787573700000,testB,1,2.41,0.421,2.9,2.4,1.41,0.41,0.8,0.96,0.98,0.98,0,1.99,neutral,neutral,0,-0.394,32,8519,1,
s29135,AXSUSDT,1787573700000,testB,1,2.99,0.447,3.63,2.94,1.21,1.0,0.67,1.2,1.06,1.05,1,1.99,neutral,neutral,0,-0.661,32,8519,1,
s29136,APEUSDT,1787573700000,testB,1,3.42,0.563,3.45,3.31,2.65,1.43,1.65,0.86,0.8,1.01,0,1.99,neutral,alcista,0,-0.163,32,8519,2,
s29137,ASTERUSDT,1787574600000,train,1,2.25,0.378,3.89,2.86,1.66,0.18,0.66,1.12,1.08,1.19,0,2.07,bull,neutral,0,-1.0,20,8521,0,
s29138,STBLUSDT,1787574600000,train,1,6.35,0.646,7.73,5.93,1.57,4.28,2.65,1.4,0.88,0.65,1,2.07,bull,neutral,0,0.086,32,8521,0,
s29139,SUIUSDT,1787574600000,train,1,2.68,0.352,3.18,2.84,1.61,0.62,1.32,1.21,1.28,1.51,0,2.07,bull,alcista,0,-1.0,18,8521,2,
s29140,SEIUSDT,1787574600000,train,1,2.5,0.417,3.05,2.69,1.56,0.43,1.29,0.97,0.96,1.05,0,2.07,bull,alcista,0,-0.523,32,8521,2,
s29141,JUPUSDT,1787574600000,train,1,2.43,0.352,2.94,2.89,1.21,0.36,1.44,1.12,1.08,1.27,0,2.07,bull,alcista,0,-1.0,5,8521,2,
s29142,ONDOUSDT,1787574600000,train,1,3.15,0.362,4.3,3.75,2.22,1.08,1.77,1.17,1.0,1.35,0,2.07,bull,alcista,0,0.104,32,8520,2,
s29143,GRTUSDT,1787574600000,testB,1,2.96,0.408,3.39,3.33,1.38,0.9,1.51,1.56,1.46,1.93,0,2.07,bull,alcista,0,0.169,32,8520,2,
s29144,MANAUSDT,1787574600000,testB,1,2.41,0.422,2.82,2.7,1.56,0.34,1.18,0.96,0.98,0.98,0,2.07,bull,alcista,0,-0.36,32,8520,2,
s29145,AXSUSDT,1787574600000,testB,1,2.42,0.398,2.89,2.6,1.26,0.35,0.97,1.2,1.06,1.05,1,2.07,bull,alcista,0,-1.0,4,8520,2,
s29146,APEUSDT,1787574600000,testB,1,2.71,0.506,3.31,3.04,2.77,0.64,1.48,0.86,0.8,1.01,0,2.07,bull,neutral,0,0.044,32,8520,0,
s29147,ASTERUSDT,1787575500000,train,1,2.53,0.44,3.89,2.9,1.83,-0.21,0.83,1.12,1.08,1.19,0,2.74,bull,neutral,0,-1.0,19,8522,1,
s29148,STBLUSDT,1787575500000,train,1,6.51,0.651,7.63,6.11,1.48,3.77,2.69,1.4,0.88,0.65,1,2.74,bull,neutral,0,0.038,32,8522,1,
s29149,0GUSDT,1787575500000,train,1,2.93,0.353,3.15,2.97,1.22,0.18,1.49,0.73,0.71,0.76,0,2.74,bull,alcista,0,0.429,32,8522,2,
s29150,SUIUSDT,1787575500000,train,1,3.24,0.398,3.65,3.34,1.69,0.5,1.72,1.21,1.28,1.51,0,2.74,bull,alcista,0,-1.0,17,8522,3,
s29151,SEIUSDT,1787575500000,train,1,3.21,0.502,3.36,3.18,1.71,0.47,1.65,0.97,0.96,1.05,0,2.74,bull,alcista,0,-0.612,32,8522,3,
s29152,JUPUSDT,1787575500000,train,1,2.72,0.378,3.73,3.16,1.31,-0.03,1.58,1.12,1.08,1.27,0,2.74,bull,alcista,0,-1.0,4,8522,3,
s29153,ONDOUSDT,1787575500000,train,1,4.02,0.456,4.77,4.2,2.31,1.28,2.05,1.17,1.0,1.35,0,2.74,bull,alcista,0,-0.056,32,8521,3,
s29154,FETUSDT,1787575500000,train,1,5.33,0.481,5.65,5.36,2.97,2.59,3.09,1.06,0.79,0.89,0,2.74,bull,neutral,0,0.207,32,8521,1,
s29155,ARUSDT,1787575500000,testB,1,2.57,0.355,3.14,2.82,1.45,-0.18,1.09,1.01,0.94,1.33,0,2.74,bull,alcista,1,2.0,21,8521,3,
s29156,STXUSDT,1787575500000,testB,1,5.49,0.443,7.25,5.41,0.83,2.75,1.95,1.53,1.47,2.78,0,2.74,bull,neutral,0,-1.0,5,8521,1,
s29157,GRTUSDT,1787575500000,testB,1,3.25,0.431,3.76,3.31,1.41,0.5,1.81,1.56,1.46,1.93,0,2.74,bull,alcista,0,0.051,32,8521,3,
s29158,MANAUSDT,1787575500000,testB,1,2.94,0.484,3.44,2.95,1.74,0.2,1.48,0.96,0.98,0.98,0,2.74,bull,alcista,0,-0.448,32,8521,3,
s29159,AXSUSDT,1787575500000,testB,1,2.34,0.391,3.45,2.74,1.49,-0.41,1.27,1.2,1.06,1.05,1,2.74,bull,alcista,0,-1.0,3,8521,3,
s29160,APEUSDT,1787575500000,testB,1,3.06,0.595,3.51,3.11,2.73,0.32,1.43,0.86,0.8,1.01,0,2.74,bull,neutral,0,-0.022,32,8521,1,
s29161,STBLUSDT,1787576400000,train,1,5.69,0.585,7.3,5.5,1.44,3.2,2.22,1.46,0.91,0.64,1,2.5,bull,neutral,0,0.156,32,8523,0,
s29162,SEIUSDT,1787576400000,train,1,2.59,0.45,3.4,3.25,1.83,0.09,1.86,1.08,1.02,1.08,0,2.5,bull,alcista,0,-0.526,32,8523,4,
s29163,ONDOUSDT,1787576400000,train,1,3.23,0.405,4.75,4.39,2.25,0.73,2.38,1.51,1.11,1.39,0,2.5,bull,alcista,0,-0.041,32,8522,4,
s29164,FETUSDT,1787576400000,train,1,5.3,0.481,6.42,6.01,2.63,2.8,3.56,1.54,0.98,0.98,1,2.5,bull,alcista,0,0.163,32,8522,2,
s29165,ARUSDT,1787576400000,testB,1,2.95,0.39,5.1,4.34,2.68,0.45,2.53,1.64,1.18,1.42,0,2.5,bull,alcista,0,0.835,32,8522,4,
s29166,GRTUSDT,1787576400000,testB,1,3.11,0.422,4.07,3.74,1.56,0.61,2.41,1.94,1.58,2.0,0,2.5,bull,alcista,0,-0.134,32,8522,4,
s29167,MANAUSDT,1787576400000,testB,1,2.14,0.409,2.95,2.74,1.87,-0.35,1.69,1.05,1.02,1.0,1,2.5,bull,alcista,0,-0.471,32,8522,4,
s29168,APEUSDT,1787576400000,testB,1,2.07,0.5,3.17,2.83,2.49,-0.43,1.45,1.06,0.84,1.04,0,2.5,bull,alcista,0,0.143,32,8522,2,
s29169,STBLUSDT,1787577300000,train,1,4.5,0.495,6.54,4.46,0.85,2.46,1.69,1.46,0.91,0.64,1,2.04,bull,neutral,0,0.412,32,8524,0,
s29170,FETUSDT,1787577300000,train,1,4.2,0.35,6.48,5.08,3.09,2.16,2.22,1.54,0.98,0.98,1,2.04,bull,neutral,0,0.31,32,8523,0,
s29171,INJUSDT,1787580000000,train,1,3.77,0.444,4.85,4.71,1.61,2.05,2.45,2.54,1.93,1.88,1,1.73,neutral,neutral,0,0.308,32,8527,1,
s29172,INJUSDT,1787580900000,train,1,6.35,0.574,7.21,7.04,2.31,4.4,4.56,2.54,1.93,1.88,1,1.95,neutral,alcista,0,-0.189,32,8528,2,
s29173,INJUSDT,1787581800000,train,1,6.65,0.612,8.16,6.8,2.52,4.19,3.8,2.54,1.93,1.88,1,2.46,bull,neutral,0,-0.168,32,8529,0,
s29174,FETUSDT,1787581800000,train,1,7.62,0.439,9.17,7.93,2.07,5.16,3.88,2.25,1.34,1.08,1,2.46,bull,alcista,0,-0.243,32,8528,4,
s29175,ARUSDT,1787581800000,testB,1,3.06,0.367,5.12,3.96,0.95,0.6,1.23,1.92,1.28,1.44,0,2.46,bull,neutral,0,0.852,32,8528,0,
s29176,APEUSDT,1787581800000,testB,1,2.7,0.364,3.16,3.03,1.24,0.24,1.21,1.18,0.9,1.01,0,2.46,bull,alcista,0,-0.356,32,8528,4,
s29177,INJUSDT,1787582700000,train,1,6.96,0.623,8.13,7.14,2.51,4.56,3.79,2.54,1.93,1.88,1,2.41,bull,neutral,0,-0.252,32,8530,1,
s29178,ARUSDT,1787582700000,testB,1,4.22,0.457,5.79,4.9,1.32,1.82,1.91,1.92,1.28,1.44,0,2.41,bull,neutral,0,0.518,32,8529,1,
s29179,INJUSDT,1787583600000,train,1,6.18,0.581,7.74,6.62,2.11,3.99,3.3,2.92,2.14,1.95,1,2.19,bull,neutral,0,-0.206,32,8531,0,
s29180,FETUSDT,1787583600000,train,1,8.19,0.411,8.87,7.91,1.75,6.0,3.5,2.74,1.59,1.13,1,2.19,bull,neutral,0,-0.364,32,8530,1,
s29181,ARUSDT,1787583600000,testB,1,5.72,0.557,5.98,5.63,1.2,3.53,2.88,2.28,1.46,1.45,1,2.19,bull,alcista,0,0.133,32,8530,2,
s29182,INJUSDT,1787584500000,train,1,6.23,0.584,7.7,7.04,1.4,3.61,3.47,2.92,2.14,1.95,1,2.61,bull,neutral,0,-0.242,32,8532,1,
s29183,FETUSDT,1787584500000,train,1,7.97,0.406,8.29,7.5,1.54,5.36,3.45,2.74,1.59,1.13,1,2.61,bull,alcista,0,-0.368,32,8531,2,
s29184,ARUSDT,1787584500000,testB,1,6.32,0.583,6.16,6.12,1.31,3.71,3.91,2.28,1.46,1.45,1,2.61,bull,alcista,0,-0.085,32,8531,3,
s29185,INJUSDT,1787585400000,train,1,4.42,0.434,8.0,6.43,1.07,3.53,2.51,2.92,2.14,1.95,1,0.9,neutral,neutral,0,-0.163,32,8533,0,
s29186,INJUSDT,1787587200000,train,1,6.32,0.571,7.96,6.85,1.02,4.61,2.4,3.96,2.64,2.15,1,1.7,neutral,neutral,0,-0.038,32,8535,1,
s29187,FETUSDT,1787587200000,train,1,5.73,0.353,7.45,6.26,0.72,4.02,2.54,2.92,1.69,1.17,1,1.7,neutral,neutral,0,-0.342,32,8534,1,
s29188,ARUSDT,1787587200000,testB,1,4.26,0.359,6.63,4.96,1.02,2.56,1.98,2.34,1.56,1.45,1,1.7,neutral,alcista,0,0.239,32,8534,2,
s29189,INJUSDT,1787588100000,train,1,8.26,0.65,8.0,7.94,1.05,6.74,3.57,3.96,2.64,2.15,1,1.52,neutral,alcista,0,-0.227,32,8536,2,
s29190,ARUSDT,1787588100000,testB,1,4.84,0.39,6.06,5.23,0.85,3.32,2.39,2.34,1.56,1.45,1,1.52,neutral,alcista,0,-0.125,32,8535,3,
s29191,ARUSDT,1787589000000,testB,1,4.42,0.358,5.76,4.76,0.61,3.62,2.04,2.34,1.56,1.45,1,0.8,neutral,neutral,0,-0.018,32,8536,0,
s29192,STXUSDT,1787589900000,testB,-1,-6.48,0.387,7.89,7.1,0.8,-6.32,3.55,1.68,1.64,1.72,0,-0.16,neutral,bajista,0,-0.623,32,8537,3,
s29193,PUMPUSDT,1787590800000,train,-1,-5.31,0.363,8.03,7.08,1.8,-5.14,4.37,1.45,1.3,1.28,1,-0.17,neutral,bajista,0,-0.258,32,8539,2,
s29194,ENAUSDT,1787591700000,train,-1,-5.66,0.35,7.24,7.09,1.37,-5.04,4.23,1.4,1.33,1.24,1,-0.61,neutral,bajista,0,-0.091,32,8540,5,
s29195,INJUSDT,1787591700000,train,1,5.98,0.377,9.98,6.93,2.5,6.59,1.96,4.61,3.09,2.33,1,-0.61,neutral,neutral,0,-0.087,32,8540,0,
s29196,LDOUSDT,1787591700000,testB,-1,-3.86,0.392,5.24,4.82,1.0,-3.25,2.57,1.87,1.67,1.79,0,-0.61,neutral,bajista,0,-0.166,32,8539,4,
s29197,INJUSDT,1787592600000,train,1,6.43,0.405,9.77,6.92,1.97,6.0,1.8,4.61,3.09,2.33,1,0.43,neutral,neutral,0,-0.084,32,8541,1,
s29198,ENAUSDT,1787594400000,train,-1,-4.9,0.354,8.55,6.87,1.63,-4.65,2.93,1.31,1.23,1.22,1,-0.25,neutral,neutral,0,0.048,32,8543,0,
s29199,ARUSDT,1787594400000,testB,1,4.96,0.396,5.63,5.15,1.12,5.21,2.75,2.61,1.84,1.38,1,-0.25,neutral,alcista,0,-0.167,32,8542,3,
s29200,LDOUSDT,1787594400000,testB,-1,-3.85,0.481,6.16,5.15,1.22,-3.6,2.13,1.83,1.68,1.8,0,-0.25,neutral,neutral,0,-0.114,32,8542,0,
s29201,ENAUSDT,1787595300000,train,-1,-5.34,0.396,8.56,6.94,1.08,-4.85,2.35,1.31,1.23,1.22,1,-0.49,neutral,neutral,0,-0.499,32,8544,1,
s29202,ARUSDT,1787595300000,testB,1,4.31,0.35,5.68,4.56,1.06,4.8,2.42,2.61,1.84,1.38,1,-0.49,neutral,neutral,0,0.349,32,8543,0,
s29203,LDOUSDT,1787595300000,testB,-1,-4.17,0.528,6.17,5.29,0.81,-3.69,1.79,1.83,1.68,1.8,0,-0.49,neutral,neutral,0,-0.581,32,8543,1,
s29204,ENAUSDT,1787596200000,train,-1,-5.68,0.411,8.59,7.35,0.69,-4.81,2.63,1.31,1.23,1.22,1,-0.87,neutral,bajista,0,-0.324,32,8545,2,
s29205,LDOUSDT,1787596200000,testB,-1,-4.63,0.575,6.19,5.63,0.65,-3.76,1.89,1.83,1.68,1.8,0,-0.87,neutral,bajista,0,-0.571,32,8544,2,
s29206,STXUSDT,1787597100000,testB,-1,-5.93,0.429,7.56,7.29,0.61,-5.2,2.52,1.24,1.41,1.5,0,-0.73,neutral,bajista,0,-1.0,25,8545,3,
s29207,LDOUSDT,1787597100000,testB,-1,-5.49,0.615,8.6,6.92,1.38,-4.76,3.02,1.83,1.68,1.8,0,-0.73,neutral,bajista,0,-0.482,32,8545,3,
s29208,ENAUSDT,1787598000000,train,-1,-5.39,0.384,8.63,7.85,0.5,-4.73,2.68,1.11,1.19,1.21,0,-0.66,neutral,neutral,0,-0.337,32,8547,0,
s29209,JUPUSDT,1787598000000,train,-1,-3.63,0.368,6.75,5.19,0.32,-2.98,1.41,1.64,1.46,1.23,1,-0.66,neutral,bajista,0,-1.0,20,8547,4,
s29210,PENDLEUSDT,1787598000000,train,-1,-4.42,0.408,6.57,5.86,0.74,-3.76,2.13,1.18,1.33,1.57,0,-0.66,neutral,bajista,0,-0.498,32,8547,3,
s29211,FETUSDT,1787598000000,train,-1,-3.16,0.354,5.66,4.55,0.41,-2.51,1.06,2.19,1.88,1.25,1,-0.66,neutral,neutral,0,-0.795,32,8546,0,
s29212,STXUSDT,1787598000000,testB,-1,-5.25,0.397,7.83,7.29,0.8,-4.6,2.38,1.05,1.39,1.46,0,-0.66,neutral,neutral,0,-1.0,24,8546,0,
s29213,LDOUSDT,1787598000000,testB,-1,-6.05,0.712,8.61,7.04,1.28,-5.39,2.86,1.53,1.65,1.71,0,-0.66,neutral,bajista,0,-0.537,32,8546,4,
s29214,PUMPUSDT,1787598900000,train,-1,-6.56,0.415,9.62,7.09,0.45,-5.29,2.51,1.36,1.28,1.29,0,-1.28,neutral,bajista,0,-0.616,32,8548,5,
s29215,ARBUSDT,1787598900000,train,-1,-3.19,0.467,4.09,3.49,0.63,-1.92,1.16,1.26,1.18,0.95,1,-1.28,neutral,neutral,0,-0.347,32,8548,0,
s29216,OPUSDT,1787598900000,train,-1,-2.73,0.387,4.05,3.09,0.53,-1.45,0.66,0.69,0.74,0.83,0,-1.28,neutral,neutral,0,-0.399,32,8548,0,
s29217,SUIUSDT,1787598900000,train,-1,-4.17,0.429,5.34,4.39,0.81,-2.89,1.35,1.44,1.44,1.44,0,-1.28,neutral,neutral,0,-0.592,32,8548,0,
s29218,SEIUSDT,1787598900000,train,-1,-2.76,0.409,3.88,3.07,0.53,-1.48,0.65,1.12,1.11,1.1,1,-1.28,neutral,neutral,0,-0.826,32,8548,0,
s29219,JUPUSDT,1787598900000,train,-1,-4.44,0.497,6.69,4.93,0.21,-3.16,1.19,1.64,1.46,1.23,1,-1.28,neutral,neutral,0,-1.0,19,8548,0,
s29220,PENDLEUSDT,1787598900000,train,-1,-5.04,0.49,6.16,5.51,0.85,-3.76,2.16,1.18,1.33,1.57,0,-1.28,neutral,bajista,0,-0.387,32,8548,4,
s29221,STXUSDT,1787598900000,testB,-1,-6.73,0.569,7.93,7.26,0.82,-5.45,2.31,1.05,1.39,1.46,0,-1.28,neutral,neutral,0,-1.0,23,8547,1,
s29222,LDOUSDT,1787598900000,testB,-1,-5.84,0.672,8.5,6.55,1.32,-4.56,2.28,1.53,1.65,1.71,0,-1.28,neutral,neutral,0,-0.326,32,8547,0,
s29223,MANAUSDT,1787598900000,testB,-1,-2.64,0.424,3.59,2.83,0.35,-1.36,0.67,0.85,0.96,0.95,0,-1.28,neutral,neutral,0,-1.0,32,8547,0,
s29224,ENAUSDT,1787599800000,train,-1,-5.82,0.504,8.22,7.17,0.45,-5.29,2.25,1.11,1.19,1.21,0,-0.54,neutral,neutral,0,-0.328,32,8549,0,
s29225,ARBUSDT,1787599800000,train,-1,-2.04,0.357,3.48,2.96,0.72,-1.51,1.07,1.26,1.18,0.95,1,-0.54,neutral,neutral,0,-0.34,32,8549,1,
s29226,JUPUSDT,1787599800000,train,-1,-3.44,0.422,6.3,4.44,0.23,-2.9,0.96,1.64,1.46,1.23,1,-0.54,neutral,neutral,0,-1.0,18,8549,0,
s29227,PENDLEUSDT,1787599800000,train,-1,-3.51,0.376,5.69,4.78,0.85,-2.97,1.67,1.18,1.33,1.57,0,-0.54,neutral,neutral,0,-0.355,32,8549,0,
s29228,STXUSDT,1787599800000,testB,-1,-4.66,0.472,7.49,6.86,0.71,-4.12,2.32,1.05,1.39,1.46,0,-0.54,neutral,bajista,0,-1.0,21,8548,2,
s29229,LDOUSDT,1787599800000,testB,-1,-3.86,0.512,7.76,5.42,1.28,-3.33,1.67,1.53,1.65,1.71,0,-0.54,neutral,neutral,0,-0.358,32,8548,0,
s29230,ENAUSDT,1787600700000,train,-1,-5.5,0.466,8.19,6.84,0.45,-5.05,1.77,1.11,1.19,1.21,0,-0.45,neutral,neutral,0,-0.201,32,8550,0,
s29231,ARBUSDT,1787600700000,train,-1,-2.16,0.369,3.48,3.18,0.79,-1.71,1.21,1.26,1.18,0.95,1,-0.45,neutral,bajista,0,-0.272,32,8550,2,
s29232,JUPUSDT,1787600700000,train,-1,-3.03,0.386,6.29,4.39,0.25,-2.58,0.93,1.64,1.46,1.23,1,-0.45,neutral,neutral,0,-1.0,17,8550,0,
s29233,PENDLEUSDT,1787600700000,train,-1,-3.64,0.39,5.7,4.87,0.92,-3.19,1.64,1.18,1.33,1.57,0,-0.45,neutral,neutral,0,-0.286,32,8550,1,
s29234,STXUSDT,1787600700000,testB,-1,-5.25,0.574,7.47,6.62,0.71,-4.81,1.8,1.05,1.39,1.46,0,-0.45,neutral,neutral,0,-1.0,20,8549,0,
s29235,LDOUSDT,1787600700000,testB,-1,-4.07,0.525,7.78,5.7,0.49,-3.62,1.82,1.53,1.65,1.71,0,-0.45,neutral,neutral,0,-0.19,32,8549,1,
s29236,ENAUSDT,1787601600000,train,-1,-6.46,0.588,8.17,6.98,0.43,-5.44,2.0,0.96,1.15,1.21,0,-1.02,neutral,neutral,0,-0.262,32,8551,1,
s29237,ARBUSDT,1787601600000,train,-1,-2.72,0.497,3.79,3.3,0.73,-1.7,1.29,1.17,1.18,0.96,0,-1.02,neutral,bajista,0,-0.322,32,8551,3,
s29238,SUIUSDT,1787601600000,train,-1,-3.04,0.4,4.61,3.9,0.49,-2.02,1.36,1.27,1.38,1.43,0,-1.02,neutral,neutral,0,-1.0,26,8551,0,
s29239,TIAUSDT,1787601600000,train,-1,-2.93,0.432,4.08,3.4,0.32,-1.91,0.92,1.2,1.47,1.22,0,-1.02,neutral,bajista,0,-1.0,25,8551,2,
s29240,JUPUSDT,1787601600000,train,-1,-3.25,0.429,6.28,4.14,0.4,-2.23,0.77,1.62,1.39,1.23,1,-1.02,neutral,neutral,0,-1.0,16,8551,0,
s29241,PENDLEUSDT,1787601600000,train,-1,-4.37,0.515,5.69,4.75,0.45,-3.35,1.46,1.05,1.25,1.52,0,-1.02,neutral,neutral,0,-0.335,32,8551,0,
s29242,FETUSDT,1787601600000,train,-1,-3.33,0.396,4.5,3.5,0.63,-2.31,1.06,1.54,1.92,1.27,0,-1.02,neutral,bajista,0,-1.0,25,8550,2,
s29243,STXUSDT,1787601600000,testB,-1,-5.85,0.692,7.47,6.62,0.5,-4.83,1.83,0.81,1.34,1.43,0,-1.02,neutral,neutral,0,-1.0,19,8550,1,
s29244,LDOUSDT,1787601600000,testB,-1,-4.27,0.567,7.78,5.62,0.38,-3.25,1.6,1.31,1.58,1.57,0,-1.02,neutral,neutral,0,-0.216,32,8550,0,
s29245,AXSUSDT,1787601600000,testB,-1,-2.01,0.36,3.25,2.77,0.62,-0.99,0.83,0.93,1.13,1.05,0,-1.02,neutral,bajista,0,-1.0,25,8550,2,
s29246,XPLUSDT,1787602500000,train,-1,-4.73,0.435,7.01,5.76,0.56,-3.52,2.15,1.24,1.37,1.56,0,-1.21,neutral,neutral,0,-1.0,24,8552,1,
s29247,STBLUSDT,1787602500000,train,-1,-2.7,0.441,4.14,3.55,0.19,-1.48,0.44,0.75,1.17,0.77,0,-1.21,neutral,bajista,0,0.187,32,8552,2,
s29248,ENAUSDT,1787602500000,train,-1,-6.58,0.592,7.8,7.16,0.38,-5.37,2.14,0.96,1.15,1.21,0,-1.21,neutral,bajista,0,-0.318,32,8552,2,
s29249,ARBUSDT,1787602500000,train,-1,-3.28,0.588,3.77,3.62,0.76,-2.07,1.32,1.17,1.18,0.96,0,-1.21,neutral,bajista,0,-0.437,32,8552,4,
s29250,OPUSDT,1787602500000,train,-1,-2.1,0.374,2.91,2.41,0.41,-0.89,0.79,0.57,0.7,0.82,0,-1.21,neutral,neutral,0,-1.0,24,8552,1,
s29251,SUIUSDT,1787602500000,train,-1,-3.83,0.522,4.62,4.21,0.38,-2.62,1.28,1.27,1.38,1.43,0,-1.21,neutral,neutral,0,-1.0,25,8552,1,
s29252,TIAUSDT,1787602500000,train,-1,-3.24,0.475,4.01,3.52,0.26,-2.03,0.83,1.2,1.47,1.22,0,-1.21,neutral,bajista,0,-1.0,19,8552,3,
s29253,SEIUSDT,1787602500000,train,-1,-2.45,0.466,2.89,2.66,0.71,-1.24,0.86,0.93,1.08,1.05,0,-1.21,neutral,neutral,0,-1.0,24,8552,1,
s29254,JUPUSDT,1787602500000,train,-1,-3.48,0.468,6.09,3.99,0.45,-2.27,0.61,1.62,1.39,1.23,1,-1.21,neutral,neutral,0,-1.0,15,8552,0,
s29255,PENDLEUSDT,1787602500000,train,-1,-4.5,0.522,5.64,5.0,0.31,-3.29,1.41,1.05,1.25,1.52,0,-1.21,neutral,neutral,0,-0.465,32,8552,1,
s29256,STXUSDT,1787602500000,testB,-1,-6.21,0.703,6.84,6.66,0.52,-5.0,1.95,0.81,1.34,1.43,0,-1.21,neutral,bajista,0,-1.0,18,8551,2,
s29257,LDOUSDT,1787602500000,testB,-1,-5.01,0.614,6.94,5.5,0.4,-3.8,1.87,1.31,1.58,1.57,0,-1.21,neutral,neutral,0,-0.649,32,8551,1,
s29258,MANAUSDT,1787602500000,testB,-1,-2.24,0.475,2.61,2.43,0.46,-1.03,0.81,0.71,0.9,0.95,0,-1.21,neutral,bajista,0,-1.0,24,8551,3,
s29259,AXSUSDT,1787602500000,testB,-1,-2.72,0.49,3.32,3.15,0.71,-1.5,0.94,0.93,1.13,1.05,0,-1.21,neutral,bajista,0,-1.0,24,8551,3,
s29260,XPLUSDT,1787603400000,train,-1,-4.05,0.351,6.95,4.91,0.6,-3.46,1.16,1.24,1.37,1.56,0,-0.59,neutral,neutral,0,-1.0,23,8553,0,
s29261,PUMPUSDT,1787603400000,train,-1,-5.12,0.355,8.34,5.44,0.27,-4.53,1.18,1.29,1.19,1.26,0,-0.59,neutral,neutral,0,-0.745,32,8553,0,
s29262,STBLUSDT,1787603400000,train,-1,-2.43,0.381,3.61,2.52,0.2,-1.84,-0.04,0.75,1.17,0.77,0,-0.59,neutral,neutral,0,0.415,32,8553,0,
s29263,ARBUSDT,1787603400000,train,-1,-2.33,0.396,3.36,2.58,0.71,-1.74,0.61,1.17,1.18,0.96,0,-0.59,neutral,neutral,0,-1.0,23,8553,0,
s29264,SUIUSDT,1787603400000,train,-1,-2.89,0.381,4.15,3.13,0.38,-2.31,0.55,1.27,1.38,1.43,0,-0.59,neutral,neutral,0,-1.0,23,8553,0,
s29265,STXUSDT,1787603400000,testB,-1,-4.12,0.522,5.1,4.3,0.54,-3.53,1.36,0.81,1.34,1.43,0,-0.59,neutral,neutral,0,-1.0,14,8552,0,
s29266,LDOUSDT,1787603400000,testB,-1,-3.64,0.44,5.99,3.81,0.34,-3.06,1.01,1.31,1.58,1.57,0,-0.59,neutral,neutral,0,-1.0,23,8552,0,
s29267,LDOUSDT,1787604300000,testB,-1,-2.86,0.38,5.7,3.51,0.32,-2.71,0.95,1.31,1.58,1.57,0,-0.15,neutral,neutral,0,-1.0,22,8553,0,
s29268,INJUSDT,1787605200000,train,-1,-4.35,0.363,7.3,4.96,0.31,-4.26,0.84,3.85,3.5,2.56,1,-0.09,neutral,neutral,0,-1.0,22,8555,0,
s29269,PUMPUSDT,1787606100000,train,1,4.13,0.396,5.13,5.03,0.4,3.64,0.78,1.2,1.14,1.21,0,0.49,neutral,alcista,0,0.564,32,8556,3,
s29270,JUPUSDT,1787606100000,train,1,2.4,0.467,3.83,3.69,0.35,1.91,0.75,1.42,1.35,1.23,1,0.49,neutral,neutral,1,2.0,20,8556,0,
s29271,GRTUSDT,1787606100000,testB,1,2.83,0.458,3.09,2.7,0.75,2.34,0.47,1.12,1.67,1.59,0,0.49,neutral,neutral,1,2.0,23,8555,0,
s29272,ASTERUSDT,1787607000000,train,1,5.57,0.489,5.77,5.29,2.47,5.12,3.01,0.89,1.01,1.14,0,0.45,neutral,neutral,0,-0.346,32,8557,1,
s29273,PUMPUSDT,1787607000000,train,1,3.58,0.364,3.63,3.52,0.59,3.13,1.26,1.2,1.14,1.21,0,0.45,neutral,alcista,0,0.467,32,8557,4,
s29274,JUPUSDT,1787607000000,train,1,4.15,0.792,4.08,4.08,0.51,3.7,1.58,1.42,1.35,1.23,1,0.45,neutral,neutral,1,2.0,30,8557,1,
s29275,ONDOUSDT,1787607000000,train,1,2.82,0.409,4.02,2.82,0.39,2.37,0.21,1.17,1.48,1.24,0,0.45,neutral,neutral,0,1.037,32,8556,0,
s29276,FETUSDT,1787607000000,train,1,2.53,0.355,3.38,2.7,0.69,2.08,0.69,1.12,1.96,1.25,0,0.45,neutral,neutral,0,0.851,32,8556,1,
s29277,GRTUSDT,1787607000000,testB,1,2.36,0.398,2.81,2.3,0.89,1.91,0.48,1.12,1.67,1.59,0,0.45,neutral,neutral,1,2.0,20,8556,0,
s29278,JUPUSDT,1787607900000,train,1,4.38,0.802,4.33,4.33,1.02,4.1,2.26,1.42,1.35,1.23,1,0.28,neutral,alcista,0,1.674,32,8558,2,
s29279,JUPUSDT,1787608800000,train,1,2.24,0.39,4.48,3.19,1.3,2.41,1.32,1.38,1.34,1.23,1,-0.17,neutral,neutral,1,2.0,14,8559,0,
s29280,INJUSDT,1787609700000,train,-1,-3.2,0.363,4.82,3.38,0.22,-2.91,1.2,2.77,3.47,2.53,0,-0.3,neutral,bajista,0,-1.0,15,8560,3,
s29281,JUPUSDT,1787609700000,train,1,2.1,0.355,4.5,2.87,1.17,2.4,1.0,1.38,1.34,1.23,1,-0.3,neutral,neutral,1,2.0,10,8560,0,
s29282,JUPUSDT,1787610600000,train,1,2.59,0.424,4.48,3.19,1.46,2.87,1.13,1.38,1.34,1.23,1,-0.28,neutral,neutral,1,2.0,12,8561,1,
s29283,STXUSDT,1787610600000,testB,1,2.0,0.385,3.67,3.27,0.54,2.28,1.2,0.58,1.14,1.32,0,-0.28,neutral,neutral,1,2.0,22,8560,1,
s29284,INJUSDT,1787611500000,train,-1,-3.42,0.412,4.67,3.61,0.27,-3.16,1.27,2.77,3.47,2.53,0,-0.25,neutral,bajista,0,-1.0,12,8562,5,
s29285,JUPUSDT,1787611500000,train,1,2.4,0.38,4.49,2.96,1.13,2.65,0.69,1.38,1.34,1.23,1,-0.25,neutral,neutral,1,2.0,8,8562,0,
s29286,STXUSDT,1787611500000,testB,1,2.06,0.397,3.68,2.89,0.56,2.31,0.69,0.58,1.14,1.32,0,-0.25,neutral,neutral,1,2.0,14,8561,0,
s29287,STXUSDT,1787612400000,testB,1,2.24,0.417,3.67,3.06,0.59,2.59,0.85,0.49,0.96,1.28,0,-0.36,neutral,neutral,1,2.0,13,8562,1,
s29288,STXUSDT,1787613300000,testB,1,2.55,0.479,3.67,3.19,0.72,2.52,0.93,0.49,0.96,1.28,0,0.03,neutral,alcista,1,2.0,12,8563,2,
s29289,JUPUSDT,1787614200000,train,1,2.64,0.37,3.8,2.76,0.96,2.54,1.03,0.77,1.33,1.24,0,0.1,neutral,alcista,1,2.0,5,8565,2,
s29290,STXUSDT,1787614200000,testB,1,3.45,0.562,4.03,3.99,0.81,3.35,1.66,0.49,0.96,1.28,0,0.1,neutral,alcista,1,2.0,19,8564,3,
s29291,JUPUSDT,1787615100000,train,1,2.88,0.391,3.75,2.99,1.09,2.58,1.19,0.77,1.33,1.24,0,0.3,neutral,alcista,1,2.0,7,8566,3,
s29292,STXUSDT,1787615100000,testB,1,3.18,0.534,4.12,3.94,0.93,2.87,1.46,0.49,0.96,1.28,0,0.3,neutral,neutral,1,2.0,18,8565,0,
s29293,JUPUSDT,1787616000000,train,1,4.77,0.516,5.76,4.88,2.45,4.42,2.95,1.48,1.67,1.42,0,0.35,neutral,alcista,0,0.505,32,8567,4,
s29294,STXUSDT,1787616000000,testB,1,3.62,0.566,5.7,4.36,1.73,3.27,1.74,0.61,0.94,1.25,0,0.35,neutral,neutral,1,2.0,17,8566,1,
s29295,ASTERUSDT,1787616900000,train,1,4.29,0.418,5.15,4.34,1.06,4.16,1.98,0.78,0.97,1.05,0,0.13,neutral,alcista,0,-1.0,30,8568,2,
s29296,XPLUSDT,1787616900000,train,1,2.99,0.545,4.56,3.22,0.8,2.86,0.75,0.63,1.11,1.34,0,0.13,neutral,neutral,0,-1.0,30,8568,1,
s29297,JUPUSDT,1787616900000,train,1,4.53,0.477,5.59,4.42,3.17,4.4,2.39,1.48,1.67,1.42,0,0.13,neutral,neutral,0,0.821,32,8568,0,
s29298,STXUSDT,1787616900000,testB,1,4.41,0.754,5.69,4.44,2.08,4.28,1.66,0.61,0.94,1.25,0,0.13,neutral,alcista,1,2.0,16,8567,2,
s29299,XPLUSDT,1787617800000,train,1,3.78,0.604,4.03,4.02,1.12,3.2,2.18,0.63,1.11,1.34,0,0.58,neutral,alcista,0,-1.0,29,8569,2,
s29300,JUPUSDT,1787617800000,train,1,5.98,0.549,5.78,5.73,4.84,5.4,4.34,1.48,1.67,1.42,0,0.58,neutral,neutral,0,0.135,32,8569,1,
s29301,STXUSDT,1787617800000,testB,1,5.6,0.796,5.55,5.34,2.44,5.02,3.05,0.61,0.94,1.25,0,0.58,neutral,alcista,1,2.0,18,8568,3,
s29302,XPLUSDT,1787618700000,train,1,3.65,0.597,4.83,4.18,1.83,2.64,2.06,0.63,1.11,1.34,0,1.01,neutral,alcista,0,-1.0,28,8570,3,
s29303,JUPUSDT,1787618700000,train,1,6.55,0.571,6.69,6.19,5,5.54,4.52,1.48,1.67,1.42,0,1.01,neutral,alcista,0,0.029,32,8570,2,
s29304,STXUSDT,1787618700000,testB,1,6.29,0.815,6.21,5.92,3.31,5.28,3.69,0.61,0.94,1.25,0,1.01,neutral,alcista,1,2.0,17,8569,4,
s29305,XPLUSDT,1787619600000,train,1,3.67,0.598,4.82,4.29,1.6,2.88,2.17,0.68,1.0,1.29,0,0.79,neutral,alcista,0,-1.0,27,8571,4,
s29306,JUPUSDT,1787619600000,train,1,5.12,0.44,6.6,5.33,4.29,4.33,3.35,2.06,1.9,1.54,1,0.79,neutral,neutral,0,0.231,32,8571,0,
s29307,STXUSDT,1787619600000,testB,1,4.0,0.572,5.71,4.14,2.02,3.21,2.71,0.63,0.85,1.22,0,0.79,neutral,neutral,1,2.0,15,8570,0,
s29308,XPLUSDT,1787620500000,train,1,2.88,0.451,3.85,2.81,1.79,1.73,1.39,0.68,1.0,1.29,0,1.15,neutral,neutral,0,-1.0,22,8572,0,
s29309,JUPUSDT,1787620500000,train,1,6.03,0.485,6.55,6.1,4.34,4.88,3.65,2.06,1.9,1.54,1,1.15,neutral,neutral,0,-0.022,32,8572,1,
s29310,ONDOUSDT,1787620500000,train,1,2.13,0.423,3.67,3.49,2.32,0.98,2.0,0.77,1.14,1.15,0,1.15,neutral,alcista,0,-0.562,32,8571,5,
s29311,STXUSDT,1787620500000,testB,1,4.76,0.651,5.55,4.5,2.07,3.61,2.84,0.63,0.85,1.22,0,1.15,neutral,neutral,1,2.0,15,8571,1,
s29312,JUPUSDT,1787621400000,train,1,4.99,0.429,7.06,5.97,3.06,4.07,3.15,2.06,1.9,1.54,1,0.91,neutral,neutral,0,0.174,32,8573,0,
s29313,STXUSDT,1787621400000,testB,1,3.24,0.435,5.43,3.56,2.01,2.33,1.77,0.63,0.85,1.22,0,0.91,neutral,neutral,1,2.0,11,8572,0,
s29314,GRTUSDT,1787621400000,testB,1,3.09,0.407,4.69,4.14,4.59,2.18,2.48,1.18,1.37,1.52,0,0.91,neutral,alcista,0,0.276,32,8572,2,
s29315,INJUSDT,1787622300000,train,1,2.41,0.388,4.02,3.83,1.09,1.32,1.63,1.11,3.15,2.49,0,1.09,neutral,alcista,0,-0.085,32,8574,3,
s29316,STXUSDT,1787622300000,testB,1,3.46,0.451,5.41,3.81,1.19,2.37,1.65,0.63,0.85,1.22,0,1.09,neutral,neutral,1,2.0,11,8573,1,
s29317,INJUSDT,1787623200000,train,1,2.98,0.501,4.54,3.96,0.89,1.72,1.66,1.21,2.87,2.51,0,1.26,neutral,alcista,0,-0.407,32,8575,4,
s29318,JUPUSDT,1787623200000,train,1,4.43,0.417,7.12,5.11,1.4,3.17,1.73,2.66,2.2,1.67,1,1.26,neutral,neutral,0,0.223,32,8575,0,
s29319,ONDOUSDT,1787623200000,train,1,2.2,0.35,3.79,3.12,1.68,0.93,1.31,0.88,1.14,1.18,0,1.26,neutral,neutral,0,-1.0,31,8574,1,
s29320,XPLUSDT,1787624100000,train,1,4.04,0.466,4.22,3.93,1.51,1.2,2.28,0.69,0.97,1.21,0,2.84,bull,neutral,0,-1.0,18,8576,1,
s29321,0GUSDT,1787624100000,train,1,2.82,0.397,3.1,3.04,0.72,-0.03,1.29,0.84,0.8,0.79,1,2.84,bull,neutral,0,-0.451,32,8576,1,
s29322,WLDUSDT,1787624100000,train,1,4.75,0.605,5.3,5.23,1.88,1.91,3.09,0.62,0.72,0.79,0,2.84,bull,neutral,0,-0.804,32,8576,1,
s29323,ENAUSDT,1787624100000,train,1,4.41,0.386,6.37,6.18,1.4,1.57,3.31,0.62,0.8,1.09,0,2.84,bull,neutral,0,-1.0,26,8576,1,
s29324,ARBUSDT,1787624100000,train,1,3.49,0.544,4.25,4.23,1.27,0.64,2.15,0.61,0.9,0.91,0,2.84,bull,neutral,0,-1.0,22,8576,1,
s29325,OPUSDT,1787624100000,train,1,2.37,0.359,2.86,2.82,1.67,-0.48,1.44,0.58,0.58,0.66,0,2.84,bull,neutral,0,-1.0,18,8576,1,
s29326,INJUSDT,1787624100000,train,1,5.29,0.691,5.83,5.78,1.45,2.45,3.22,1.21,2.87,2.51,0,2.84,bull,alcista,0,-0.459,32,8576,5,
s29327,SUIUSDT,1787624100000,train,1,3.8,0.449,5.21,5.1,1.09,0.96,2.9,1.16,1.24,1.32,0,2.84,bull,neutral,0,-0.746,32,8576,1,
s29328,TIAUSDT,1787624100000,train,1,3.79,0.56,4.33,4.33,1.0,0.95,2.29,0.82,1.03,1.14,0,2.84,bull,neutral,0,-0.759,32,8576,1,
s29329,SEIUSDT,1787624100000,train,1,2.26,0.461,2.89,2.87,2.13,-0.59,1.72,0.82,0.88,0.98,0,2.84,bull,neutral,0,-0.196,32,8576,1,
s29330,JUPUSDT,1787624100000,train,1,6.84,0.552,8.64,6.94,1.9,4.0,3.25,2.66,2.2,1.67,1,2.84,bull,neutral,0,-0.155,32,8576,1,
s29331,ONDOUSDT,1787624100000,train,1,4.32,0.545,5.12,4.87,2.07,1.48,2.91,0.88,1.14,1.18,0,2.84,bull,alcista,0,-1.0,30,8575,2,
s29332,STXUSDT,1787624100000,testB,1,5.77,0.524,6.7,5.99,1.66,2.93,3.46,0.77,0.8,1.22,0,2.84,bull,neutral,1,2.0,14,8575,1,
s29333,GRTUSDT,1787624100000,testB,1,4.36,0.456,5.15,4.72,4.42,1.51,2.58,1.43,1.39,1.55,0,2.84,bull,neutral,0,-0.092,32,8575,1,
s29334,LDOUSDT,1787624100000,testB,1,3.49,0.458,4.56,4.46,1.09,0.65,2.66,0.74,1.04,1.33,0,2.84,bull,neutral,0,-1.0,22,8575,1,
s29335,MANAUSDT,1787624100000,testB,1,2.9,0.524,3.33,3.26,1.46,0.06,2.02,0.6,0.66,0.87,0,2.84,bull,neutral,0,-0.728,32,8575,1,
s29336,AXSUSDT,1787624100000,testB,1,2.58,0.455,3.17,3.11,1.12,-0.26,1.8,0.65,0.79,0.98,0,2.84,bull,neutral,0,-1.0,22,8575,1,
s29337,WLDUSDT,1787625000000,train,1,4.05,0.474,5.5,4.54,2.16,1.41,2.09,0.62,0.72,0.79,0,2.64,bull,neutral,0,-0.741,32,8577,0,
s29338,ARBUSDT,1787625000000,train,1,3.13,0.463,4.55,3.86,1.53,0.5,1.6,0.61,0.9,0.91,0,2.64,bull,neutral,0,-1.0,21,8577,0,
s29339,INJUSDT,1787625000000,train,1,5.72,0.719,6.6,6.1,1.8,3.08,3.23,1.21,2.87,2.51,0,2.64,bull,alcista,0,-0.365,32,8577,6,
s29340,TIAUSDT,1787625000000,train,1,3.49,0.494,4.45,4.06,1.06,0.85,1.78,0.82,1.03,1.14,0,2.64,bull,neutral,0,-0.748,32,8577,0,
s29341,SEIUSDT,1787625000000,train,1,2.11,0.418,3.11,2.69,2.01,-0.53,1.37,0.82,0.88,0.98,0,2.64,bull,neutral,0,-0.264,32,8577,0,
s29342,JUPUSDT,1787625000000,train,1,5.91,0.47,8.69,6.44,1.69,3.27,2.32,2.66,2.2,1.67,1,2.64,bull,neutral,0,-0.112,32,8577,0,
s29343,STXUSDT,1787625000000,testB,1,4.71,0.403,6.75,5.21,1.51,2.08,2.34,0.77,0.8,1.22,0,2.64,bull,neutral,1,2.0,10,8576,0,
s29344,GRTUSDT,1787625000000,testB,1,5.21,0.517,5.55,5.33,2.45,2.57,2.87,1.43,1.39,1.55,0,2.64,bull,alcista,0,-0.303,32,8576,2,
s29345,LDOUSDT,1787625000000,testB,1,3.49,0.458,4.91,4.29,1.46,0.86,2.27,0.74,1.04,1.33,0,2.64,bull,neutral,0,-1.0,21,8576,0,
s29346,MANAUSDT,1787625000000,testB,1,2.55,0.442,3.4,2.99,1.56,-0.09,1.57,0.6,0.66,0.87,0,2.64,bull,neutral,0,-0.662,32,8576,0,
s29347,WLDUSDT,1787625900000,train,1,3.84,0.436,5.53,4.1,2.23,1.39,1.53,0.62,0.72,0.79,0,2.45,bull,neutral,0,-0.729,32,8578,0,
s29348,ARBUSDT,1787625900000,train,1,2.66,0.365,4.59,3.03,1.75,0.21,0.75,0.61,0.9,0.91,0,2.45,bull,neutral,0,-1.0,20,8578,0,
s29349,INJUSDT,1787625900000,train,1,5.83,0.739,6.62,5.91,1.95,3.38,2.78,1.21,2.87,2.51,0,2.45,bull,neutral,0,-0.352,32,8578,0,
s29350,TIAUSDT,1787625900000,train,1,3.06,0.417,4.46,3.73,1.2,0.61,1.36,0.82,1.03,1.14,0,2.45,bull,neutral,0,-0.725,32,8578,0,
s29351,SEIUSDT,1787625900000,train,1,2.01,0.388,3.12,2.41,1.59,-0.44,0.99,0.82,0.88,0.98,0,2.45,bull,neutral,0,-0.209,32,8578,0,
s29352,JUPUSDT,1787625900000,train,1,5.64,0.437,8.73,5.97,1.43,3.19,1.8,2.66,2.2,1.67,1,2.45,bull,neutral,0,-0.045,32,8578,0,
s29353,STXUSDT,1787625900000,testB,1,4.56,0.382,6.79,4.69,1.72,2.11,1.6,0.77,0.8,1.22,0,2.45,bull,neutral,1,2.0,9,8577,0,
s29354,GRTUSDT,1787625900000,testB,1,5.28,0.525,5.44,5.12,1.37,2.83,2.59,1.43,1.39,1.55,0,2.45,bull,neutral,0,-0.168,32,8577,0,
s29355,LDOUSDT,1787625900000,testB,1,3.03,0.371,4.96,3.23,1.73,0.58,1.06,0.74,1.04,1.33,0,2.45,bull,neutral,0,-1.0,20,8577,0,
s29356,MANAUSDT,1787625900000,testB,1,2.22,0.363,3.42,2.55,1.67,-0.23,1.03,0.6,0.66,0.87,0,2.45,bull,neutral,0,-0.557,32,8577,0,
s29357,WLDUSDT,1787626800000,train,1,4.82,0.497,5.5,4.74,2.21,2.19,2.27,0.73,0.68,0.8,0,2.62,bull,neutral,0,-0.889,32,8579,1,
s29358,ARBUSDT,1787626800000,train,1,2.95,0.39,4.1,2.97,1.87,0.33,1.09,0.66,0.82,0.92,0,2.62,bull,neutral,0,-1.0,19,8579,1,
s29359,INJUSDT,1787626800000,train,1,4.91,0.603,6.28,5.01,2.06,2.28,2.04,1.37,2.69,2.54,0,2.62,bull,neutral,0,-0.364,32,8579,0,
s29360,SUIUSDT,1787626800000,train,1,4.87,0.485,5.28,4.68,2.49,2.25,2.06,1.32,1.2,1.33,0,2.62,bull,neutral,0,-0.799,32,8579,1,
s29361,TIAUSDT,1787626800000,train,1,3.33,0.454,4.3,3.7,1.49,0.71,1.43,0.87,0.98,1.14,0,2.62,bull,neutral,0,-1.0,27,8579,1,
s29362,SEIUSDT,1787626800000,train,1,2.74,0.485,2.93,2.81,1.37,0.11,1.47,0.9,0.81,0.99,0,2.62,bull,neutral,0,-0.496,32,8579,1,
s29363,JUPUSDT,1787626800000,train,1,7.57,0.534,8.6,7.35,1.37,4.95,3.03,2.77,2.16,1.7,1,2.62,bull,neutral,0,-0.303,32,8579,1,
s29364,ONDOUSDT,1787626800000,train,1,3.79,0.393,5.17,3.93,1.79,1.17,1.53,0.93,1.07,1.19,0,2.62,bull,neutral,0,-1.0,27,8578,1,
s29365,STXUSDT,1787626800000,testB,1,4.72,0.391,6.35,4.59,1.75,2.1,1.75,0.79,0.77,1.22,0,2.62,bull,neutral,1,2.0,8,8578,1,
s29366,GRTUSDT,1787626800000,testB,1,6.62,0.582,6.48,6.26,1.65,4.0,3.82,1.77,1.47,1.65,0,2.62,bull,neutral,0,-0.441,32,8578,1,
s29367,LDOUSDT,1787626800000,testB,1,3.41,0.404,4.79,3.38,1.81,0.79,1.24,0.85,1.02,1.35,0,2.62,bull,neutral,0,-1.0,19,8578,1,
s29368,MANAUSDT,1787626800000,testB,1,3.07,0.467,3.23,2.99,1.63,0.45,1.56,0.69,0.59,0.86,0,2.62,bull,neutral,0,-0.817,32,8578,1,
s29369,WLDUSDT,1787627700000,train,1,4.33,0.44,5.26,4.18,1.23,2.1,1.77,0.73,0.68,0.8,0,2.23,bull,neutral,0,-1.0,26,8580,0,
s29370,INJUSDT,1787627700000,train,1,5.41,0.627,6.21,5.54,1.26,3.19,2.39,1.37,2.69,2.54,0,2.23,bull,neutral,0,-0.258,32,8580,1,
s29371,SUIUSDT,1787627700000,train,1,3.52,0.368,5.05,4.0,1.75,1.29,1.48,1.32,1.2,1.33,0,2.23,bull,neutral,0,-0.748,32,8580,0,
s29372,TIAUSDT,1787627700000,train,1,3.12,0.412,3.89,3.05,1.0,0.89,1.08,0.87,0.98,1.14,0,2.23,bull,neutral,0,-1.0,18,8580,0,
s29373,SEIUSDT,1787627700000,train,1,2.54,0.467,3.1,2.85,0.72,0.31,1.37,0.9,0.81,0.99,0,2.23,bull,alcista,0,-0.511,32,8580,2,
s29374,JUPUSDT,1787627700000,train,1,7.42,0.529,8.15,6.95,0.55,5.19,2.73,2.77,2.16,1.7,1,2.23,bull,alcista,0,-0.346,32,8580,2,
s29375,ONDOUSDT,1787627700000,train,1,3.68,0.387,5.17,3.96,1.02,1.45,1.37,0.93,1.07,1.19,0,2.23,bull,alcista,0,-1.0,26,8579,2,
s29376,GRTUSDT,1787627700000,testB,1,5.14,0.416,6.44,5.05,1.51,2.91,2.38,1.77,1.47,1.65,0,2.23,bull,neutral,0,-0.298,32,8579,0,
s29377,MANAUSDT,1787627700000,testB,1,2.85,0.449,3.21,2.86,0.98,0.62,1.41,0.69,0.59,0.86,0,2.23,bull,neutral,0,-1.0,18,8579,0,
s29378,INJUSDT,1787628600000,train,1,4.85,0.527,5.91,4.69,1.03,2.75,1.71,1.37,2.69,2.54,0,2.09,bull,neutral,0,-0.054,32,8581,0,
s29379,SEIUSDT,1787628600000,train,1,2.15,0.399,3.27,2.69,0.81,0.05,1.11,0.9,0.81,0.99,0,2.09,bull,neutral,0,-0.55,32,8581,0,
s29380,JUPUSDT,1787628600000,train,1,5.9,0.416,7.86,5.84,0.37,3.8,1.76,2.77,2.16,1.7,1,2.09,bull,neutral,0,-0.362,32,8581,0,
s29381,MANAUSDT,1787628600000,testB,1,2.3,0.384,3.24,2.76,0.89,0.21,1.2,0.69,0.59,0.86,0,2.09,bull,neutral,0,-1.0,17,8580,0,
s29382,INJUSDT,1787629500000,train,1,3.88,0.446,5.38,3.92,0.99,1.98,1.28,1.37,2.69,2.54,0,1.91,neutral,neutral,0,-0.112,32,8582,0,
s29383,SEIUSDT,1787629500000,train,1,2.04,0.372,3.27,2.52,0.81,0.14,0.87,0.9,0.81,0.99,0,1.91,neutral,neutral,0,-0.645,32,8582,0,
s29384,JUPUSDT,1787629500000,train,1,5.6,0.404,7.63,5.61,0.37,3.69,1.63,2.77,2.16,1.7,1,1.91,neutral,neutral,0,-0.424,32,8582,0,
s29385,GRTUSDT,1787629500000,testB,1,4.73,0.35,6.45,4.95,1.38,2.82,1.9,1.77,1.47,1.65,0,1.91,neutral,neutral,0,-0.141,32,8581,1,
s29386,MANAUSDT,1787629500000,testB,1,2.11,0.362,3.24,2.75,0.84,0.2,1.1,0.69,0.59,0.86,0,1.91,neutral,neutral,0,-1.0,16,8581,0,
s29387,INJUSDT,1787630400000,train,1,4.26,0.471,5.23,4.71,1.15,2.3,1.99,1.64,2.29,2.58,0,1.96,neutral,neutral,0,-0.288,32,8583,1,
s29388,SEIUSDT,1787630400000,train,1,2.66,0.451,3.26,3.01,0.84,0.7,1.21,1.05,0.87,1.03,0,1.96,neutral,neutral,0,-0.745,32,8583,1,
s29389,STXUSDT,1787630400000,testB,1,5.48,0.391,6.59,5.73,0.85,3.52,3.09,1.33,0.97,1.35,0,1.96,neutral,alcista,1,2.0,7,8582,3,
s29390,GRTUSDT,1787630400000,testB,1,6.65,0.434,6.6,6.6,1.19,4.68,3.31,2.33,1.69,1.78,0,1.96,neutral,alcista,0,-0.552,32,8582,2,
s29391,MANAUSDT,1787630400000,testB,1,2.82,0.46,3.23,3.23,0.89,0.86,1.42,0.88,0.65,0.88,0,1.96,neutral,neutral,0,-1.0,15,8582,1,
s29392,ASTERUSDT,1787631300000,train,-1,-2.04,0.36,3.21,2.11,0.6,-3.91,0.17,0.71,0.78,0.98,0,1.87,neutral,neutral,0,-0.109,32,8584,1,
s29393,INJUSDT,1787631300000,train,1,3.46,0.359,4.66,3.46,1.29,1.59,1.18,1.64,2.29,2.58,0,1.87,neutral,neutral,0,-1.0,23,8584,0,
s29394,SEIUSDT,1787631300000,train,1,2.96,0.478,3.17,3.02,1.0,1.09,1.35,1.05,0.87,1.03,0,1.87,neutral,alcista,0,-1.0,31,8584,2,
s29395,JUPUSDT,1787631300000,train,1,4.8,0.389,5.87,4.89,0.48,2.93,2.14,3.07,2.29,1.76,1,1.87,neutral,alcista,0,-1.0,32,8584,2,
s29396,GRTUSDT,1787631300000,testB,1,7.51,0.48,7.72,7.09,1.4,5.64,3.42,2.33,1.69,1.78,0,1.87,neutral,alcista,0,-0.548,32,8583,3,
s29397,MANAUSDT,1787631300000,testB,1,2.79,0.45,2.96,2.79,1.22,0.92,1.11,0.88,0.65,0.88,0,1.87,neutral,neutral,0,-1.0,14,8583,0,
s29398,SEIUSDT,1787632200000,train,1,2.41,0.429,3.35,2.89,1.05,1.29,1.38,1.05,0.87,1.03,0,1.12,neutral,alcista,0,-1.0,30,8585,3,
s29399,STXUSDT,1787632200000,testB,1,7.88,0.484,8.41,7.82,2.85,6.77,5.99,1.33,0.97,1.35,0,1.12,neutral,alcista,0,0.327,32,8584,5,
s29400,MANAUSDT,1787632200000,testB,1,2.31,0.407,2.7,2.7,1.33,1.2,1.25,0.88,0.65,0.88,0,1.12,neutral,neutral,0,-1.0,13,8584,1,
s29401,SEIUSDT,1787633100000,train,1,2.09,0.394,3.34,2.99,1.37,1.28,1.36,1.05,0.87,1.03,0,0.81,neutral,alcista,0,-1.0,29,8586,4,
s29402,INJUSDT,1787634000000,train,1,3.34,0.421,4.48,3.43,0.87,2.21,0.92,1.7,1.81,2.57,0,1.13,neutral,neutral,0,-1.0,20,8587,0,
s29403,SEIUSDT,1787634000000,train,1,2.88,0.586,3.4,3.17,2.22,1.75,1.39,1.55,1.06,1.15,0,1.13,neutral,alcista,0,-1.0,28,8587,5,
s29404,JUPUSDT,1787634000000,train,1,3.32,0.356,4.72,4.05,0.77,2.2,2.03,3.41,2.15,1.85,1,1.13,neutral,neutral,0,-1.0,11,8587,0,
s29405,MANAUSDT,1787634000000,testB,1,2.2,0.367,3.36,2.37,1.54,1.07,0.79,0.96,0.64,0.88,0,1.13,neutral,neutral,0,-1.0,11,8586,1,
s29406,INJUSDT,1787634900000,train,1,2.93,0.392,3.75,3.1,0.85,1.9,1.09,1.7,1.81,2.57,0,1.03,neutral,neutral,0,-1.0,19,8588,1,
s29407,SEIUSDT,1787634900000,train,1,2.75,0.556,3.4,3.09,2.38,1.72,1.09,1.55,1.06,1.15,0,1.03,neutral,neutral,0,-1.0,27,8588,0,
s29408,MANAUSDT,1787634900000,testB,1,2.7,0.417,3.22,2.94,1.31,1.67,1.26,0.96,0.64,0.88,0,1.03,neutral,alcista,0,-1.0,10,8587,2,
s29409,SEIUSDT,1787635800000,train,1,2.61,0.51,3.41,2.87,3.11,1.34,0.72,1.55,1.06,1.15,0,1.27,neutral,neutral,0,-1.0,26,8589,0,
s29410,MANAUSDT,1787635800000,testB,1,2.44,0.361,3.24,2.56,1.22,1.17,0.76,0.96,0.64,0.88,0,1.27,neutral,neutral,0,-1.0,9,8588,0,
s29411,SEIUSDT,1787636700000,train,1,2.37,0.483,3.16,2.6,2.84,1.24,0.71,1.55,1.06,1.15,0,1.13,neutral,neutral,0,-1.0,24,8590,0,
s29412,JUPUSDT,1787636700000,train,1,3.78,0.459,4.87,4.17,1.01,2.65,1.56,3.41,2.15,1.85,1,1.13,neutral,neutral,0,-1.0,8,8590,1,
s29413,SEIUSDT,1787637600000,train,1,3.47,0.599,3.52,3.48,2.04,2.25,1.52,1.81,1.23,1.22,1,1.23,neutral,neutral,0,-1.0,7,8591,1,
s29414,JUPUSDT,1787637600000,train,1,4.34,0.508,4.72,4.42,1.02,3.11,1.66,3.14,2.34,1.99,1,1.23,neutral,alcista,0,-1.0,3,8591,2,
s29415,GRTUSDT,1787637600000,testB,1,4.7,0.374,5.59,4.54,0.49,3.47,1.38,2.59,1.68,1.79,0,1.23,neutral,neutral,0,-1.0,29,8590,1,
s29416,STBLUSDT,1787638500000,train,-1,-2.52,0.657,3.18,2.94,0.47,-2.2,1.01,0.56,0.45,0.82,0,-0.32,neutral,bajista,0,0.486,32,8592,7,
s29417,ARUSDT,1787639400000,testB,-1,-2.13,0.362,2.44,2.18,0.66,-1.77,0.77,1.05,1.12,1.52,0,-0.36,neutral,neutral,0,0.5,32,8592,1,
s29418,STBLUSDT,1787640300000,train,-1,-2.22,0.626,2.63,2.48,0.5,-2.12,1.22,0.56,0.45,0.82,0,-0.1,neutral,bajista,0,0.484,32,8594,8,
s29419,XPLUSDT,1787641200000,train,-1,-3.1,0.407,4.6,3.7,1.65,-3.01,2.21,0.88,0.78,1.13,0,-0.09,neutral,bajista,0,1.171,32,8595,3,
s29420,XPLUSDT,1787642100000,train,-1,-2.92,0.376,4.59,3.41,1.69,-2.95,1.66,0.88,0.78,1.13,0,0.03,neutral,neutral,0,1.377,32,8596,0,
s29421,STBLUSDT,1787642100000,train,-1,-2.34,0.769,2.68,2.6,1.24,-2.37,1.15,0.88,0.6,0.91,0,0.03,neutral,bajista,0,0.323,32,8596,8,
s29422,OPUSDT,1787642100000,train,-1,-2.56,0.466,3.43,3.25,1.97,-2.59,1.83,0.86,0.66,0.71,0,0.03,neutral,neutral,0,0.878,32,8596,1,
s29423,XPLUSDT,1787643000000,train,-1,-2.73,0.359,4.4,3.39,1.56,-2.63,1.53,0.88,0.78,1.13,0,-0.1,neutral,neutral,0,1.331,32,8597,1,
s29424,OPUSDT,1787643000000,train,-1,-2.17,0.424,3.57,3.38,1.96,-2.07,1.65,0.86,0.66,0.71,0,-0.1,neutral,bajista,0,0.714,32,8597,2,
s29425,GRTUSDT,1787643000000,testB,1,3.52,0.363,4.92,4.08,1.3,3.62,1.25,2.76,1.99,1.95,1,-0.1,neutral,neutral,0,-1.0,9,8596,0,
s29426,STBLUSDT,1787643900000,train,-1,-2.63,0.604,4.68,3.43,5,-1.64,1.82,0.88,0.6,0.91,0,-0.99,neutral,neutral,0,-0.553,32,8598,1,
s29427,OPUSDT,1787643900000,train,-1,-2.98,0.502,5.44,4.71,3.2,-1.99,2.7,0.86,0.66,0.71,0,-0.99,neutral,bajista,0,0.136,32,8598,3,
s29428,ONDOUSDT,1787643900000,train,-1,-2.48,0.355,4.56,3.77,1.71,-1.49,2.3,1.13,0.96,1.27,0,-0.99,neutral,bajista,0,0.611,32,8597,3,
s29429,APEUSDT,1787643900000,testB,-1,-2.15,0.667,3.3,2.48,1.98,-1.16,1.53,0.72,0.69,0.93,0,-0.99,neutral,bajista,0,0.361,32,8597,2,
s29430,XPLUSDT,1787644800000,train,-1,-2.58,0.378,5.58,4.35,1.09,-1.85,2.08,0.8,0.75,1.08,0,-0.72,neutral,neutral,0,0.757,32,8599,0,
s29431,OPUSDT,1787644800000,train,-1,-2.82,0.465,5.42,4.33,3.3,-2.1,2.11,0.81,0.7,0.71,0,-0.72,neutral,neutral,0,0.344,32,8599,0,
s29432,ONDOUSDT,1787644800000,train,-1,-2.46,0.355,4.53,3.23,2.07,-1.74,1.63,1.03,0.96,1.28,0,-0.72,neutral,neutral,0,1.065,32,8598,0,
s29433,XPLUSDT,1787647500000,train,-1,-3.24,0.432,5.61,4.86,0.63,-2.68,1.9,0.8,0.75,1.08,0,-0.56,neutral,bajista,0,0.31,32,8602,2,
s29434,OPUSDT,1787647500000,train,-1,-3.13,0.474,5.42,4.19,0.72,-2.57,1.46,0.81,0.7,0.71,0,-0.56,neutral,neutral,0,0.456,32,8602,1,
s29435,ARUSDT,1787647500000,testB,-1,-2.5,0.362,4.19,3.18,0.56,-1.94,1.14,0.93,1.09,1.54,0,-0.56,neutral,bajista,0,-0.319,32,8601,2,
s29436,APEUSDT,1787647500000,testB,-1,-2.42,0.621,3.31,2.69,0.73,-1.86,1.3,0.69,0.68,0.93,0,-0.56,neutral,bajista,0,0.538,32,8601,3,
s29437,XPLUSDT,1787648400000,train,-1,-4.93,0.64,7.69,5.94,1.76,-4.05,2.68,0.9,0.86,1.08,0,-0.88,neutral,bajista,0,0.177,32,8603,3,
s29438,ENAUSDT,1787648400000,train,-1,-3.61,0.376,6.1,4.96,1.13,-2.73,1.74,0.67,0.68,0.92,0,-0.88,neutral,neutral,0,-0.056,32,8603,0,
s29439,ARBUSDT,1787648400000,train,-1,-2.61,0.413,3.87,3.0,1.04,-1.73,1.19,0.79,0.73,0.96,0,-0.88,neutral,bajista,0,0.588,32,8603,3,
s29440,OPUSDT,1787648400000,train,-1,-3.91,0.586,5.44,4.66,0.59,-3.03,1.73,0.88,0.76,0.73,1,-0.88,neutral,bajista,0,0.466,32,8603,2,
s29441,SUIUSDT,1787648400000,train,-1,-2.34,0.373,4.12,3.14,0.96,-1.46,1.09,0.96,1.15,1.29,0,-0.88,neutral,neutral,0,1.028,32,8603,0,
s29442,TIAUSDT,1787648400000,train,-1,-2.71,0.374,4.6,3.0,0.6,-1.83,0.78,0.87,0.87,1.2,0,-0.88,neutral,neutral,0,0.616,32,8603,0,
s29443,ONDOUSDT,1787648400000,train,-1,-2.86,0.447,4.53,3.28,0.66,-1.98,1.18,1.03,0.99,1.27,0,-0.88,neutral,bajista,0,1.032,32,8602,3,
s29444,APEUSDT,1787648400000,testB,-1,-2.29,0.567,3.3,2.55,0.58,-1.41,1.04,0.71,0.68,0.93,0,-0.88,neutral,neutral,0,0.811,32,8602,0,
s29445,XPLUSDT,1787649300000,train,-1,-4.64,0.584,7.62,5.28,1.94,-3.61,1.85,0.9,0.86,1.08,0,-1.03,neutral,neutral,0,0.365,32,8604,0,
s29446,ARBUSDT,1787649300000,train,-1,-2.58,0.411,3.87,3.0,0.99,-1.55,1.09,0.79,0.73,0.96,0,-1.03,neutral,neutral,0,0.578,32,8604,0,
s29447,OPUSDT,1787649300000,train,-1,-3.95,0.599,5.28,4.19,0.56,-2.92,1.28,0.88,0.76,0.73,1,-1.03,neutral,neutral,0,0.613,32,8604,0,
s29448,SUIUSDT,1787649300000,train,-1,-2.55,0.423,4.12,3.07,0.51,-1.52,0.89,0.96,1.15,1.29,0,-1.03,neutral,neutral,0,1.206,32,8604,0,
s29449,ONDOUSDT,1787649300000,train,-1,-2.63,0.397,4.42,2.88,0.52,-1.6,0.75,1.03,0.99,1.27,0,-1.03,neutral,neutral,0,1.387,32,8603,0,
s29450,MANAUSDT,1787649300000,testB,-1,-2.73,0.494,4.09,2.96,0.55,-1.7,0.91,0.81,0.75,0.82,0,-1.03,neutral,neutral,0,0.77,32,8603,1,
s29451,APEUSDT,1787649300000,testB,-1,-2.42,0.6,3.31,2.62,0.46,-1.39,1.01,0.71,0.68,0.93,0,-1.03,neutral,neutral,0,0.684,32,8603,0,
s29452,ARBUSDT,1787650200000,train,-1,-2.27,0.359,3.78,2.74,0.88,-1.08,0.84,0.79,0.73,0.96,0,-1.2,neutral,neutral,0,0.606,32,8605,0,
s29453,OPUSDT,1787650200000,train,-1,-3.27,0.52,4.75,3.47,0.5,-2.08,1.06,0.88,0.76,0.73,1,-1.2,neutral,neutral,0,0.665,32,8605,0,
s29454,SUIUSDT,1787650200000,train,-1,-2.4,0.399,4.12,3.0,0.44,-1.2,0.79,0.96,1.15,1.29,0,-1.2,neutral,neutral,0,1.033,32,8605,0,
s29455,ONDOUSDT,1787650200000,train,-1,-2.54,0.388,4.09,2.68,0.44,-1.34,0.8,1.03,0.99,1.27,0,-1.2,neutral,neutral,0,1.311,32,8604,1,
s29456,LDOUSDT,1787650200000,testB,-1,-2.64,0.367,4.75,3.09,0.42,-1.44,0.57,0.92,0.89,1.24,0,-1.2,neutral,neutral,0,-0.148,32,8604,0,
s29457,MANAUSDT,1787650200000,testB,-1,-2.24,0.424,3.63,2.38,0.52,-1.04,0.64,0.81,0.75,0.82,0,-1.2,neutral,neutral,0,0.799,32,8604,0,
s29458,APEUSDT,1787650200000,testB,-1,-2.02,0.5,3.02,2.13,0.4,-0.82,0.73,0.71,0.68,0.93,0,-1.2,neutral,neutral,0,0.742,32,8604,0,
s29459,XPLUSDT,1787651100000,train,-1,-3.69,0.446,7.12,4.45,2.23,-1.77,1.39,0.9,0.86,1.08,0,-1.92,neutral,neutral,0,0.4,32,8606,1,
s29460,ENAUSDT,1787651100000,train,-1,-3.66,0.36,4.99,3.97,1.34,-1.74,1.64,0.67,0.68,0.92,0,-1.92,neutral,bajista,0,-0.012,32,8606,2,
s29461,ARBUSDT,1787651100000,train,-1,-3.1,0.433,4.21,3.65,0.91,-1.18,1.63,0.79,0.73,0.96,0,-1.92,neutral,neutral,0,0.186,32,8606,1,
s29462,OPUSDT,1787651100000,train,-1,-3.51,0.537,4.45,3.72,0.87,-1.59,1.5,0.88,0.76,0.73,1,-1.92,neutral,neutral,0,0.441,32,8606,1,
s29463,SUIUSDT,1787651100000,train,-1,-3.25,0.495,4.21,3.56,0.97,-1.33,1.44,0.96,1.15,1.29,0,-1.92,neutral,neutral,0,0.618,32,8606,1,
s29464,ONDOUSDT,1787651100000,train,-1,-3.41,0.459,4.27,3.8,0.77,-1.49,1.96,1.03,0.99,1.27,0,-1.92,neutral,bajista,0,0.576,32,8605,2,
s29465,FETUSDT,1787651100000,train,-1,-4.75,0.459,5.75,5.05,0.85,-2.83,2.29,0.99,0.88,1.46,0,-1.92,neutral,neutral,0,0.233,32,8605,1,
s29466,LDOUSDT,1787651100000,testB,-1,-3.32,0.422,4.54,3.57,0.63,-1.4,1.21,0.92,0.89,1.24,0,-1.92,neutral,neutral,0,-0.424,32,8605,1,
s29467,MANAUSDT,1787651100000,testB,-1,-2.65,0.465,3.35,2.76,0.99,-0.73,1.21,0.81,0.75,0.82,0,-1.92,neutral,neutral,0,0.369,32,8605,1,
s29468,APEUSDT,1787651100000,testB,-1,-2.43,0.545,3.04,2.63,0.7,-0.51,1.28,0.71,0.68,0.93,0,-1.92,neutral,neutral,0,0.342,32,8605,1,
s29469,XPLUSDT,1787652000000,train,-1,-3.93,0.462,6.61,4.2,0.77,-2.04,1.54,0.88,0.86,1.05,0,-1.89,neutral,bajista,0,0.373,32,8607,2,
s29470,WLDUSDT,1787652000000,train,-1,-3.69,0.365,5.43,4.73,1.08,-1.8,1.89,0.91,0.85,0.86,0,-1.89,neutral,neutral,0,0.379,32,8607,0,
s29471,ARBUSDT,1787652000000,train,-1,-3.25,0.465,4.21,3.65,0.79,-1.36,1.47,0.75,0.72,0.95,0,-1.89,neutral,neutral,0,0.149,32,8607,0,
s29472,OPUSDT,1787652000000,train,-1,-3.53,0.537,4.46,3.99,0.84,-1.64,1.64,0.97,0.81,0.76,1,-1.89,neutral,bajista,0,0.289,32,8607,2,
s29473,SUIUSDT,1787652000000,train,-1,-3.16,0.482,4.16,3.47,1.04,-1.27,1.31,0.89,1.11,1.26,0,-1.89,neutral,neutral,0,0.604,32,8607,0,
s29474,ONDOUSDT,1787652000000,train,-1,-3.04,0.423,4.45,3.74,0.89,-1.15,1.74,0.97,1.0,1.26,0,-1.89,neutral,neutral,0,0.528,32,8606,0,
s29475,FETUSDT,1787652000000,train,-1,-4.48,0.44,5.57,4.81,1.0,-2.59,2.09,0.96,0.9,1.47,0,-1.89,neutral,neutral,0,0.159,32,8606,0,
s29476,MANAUSDT,1787652000000,testB,-1,-2.06,0.382,2.99,2.27,1.19,-0.17,1.07,0.65,0.77,0.8,0,-1.89,neutral,neutral,0,0.382,32,8606,0,
s29477,APEUSDT,1787652000000,testB,-1,-2.23,0.493,2.9,2.35,0.78,-0.34,1.05,0.68,0.67,0.92,0,-1.89,neutral,neutral,0,0.382,32,8606,0,
s29478,XPLUSDT,1787652900000,train,-1,-4.02,0.468,6.62,4.3,0.57,-2.19,1.46,0.88,0.86,1.05,0,-1.83,neutral,bajista,0,0.32,32,8608,3,
s29479,WLDUSDT,1787652900000,train,-1,-4.09,0.42,5.06,4.38,1.09,-2.25,1.71,0.91,0.85,0.86,0,-1.83,neutral,neutral,0,0.341,32,8608,1,
s29480,ARBUSDT,1787652900000,train,-1,-3.03,0.423,3.89,3.13,0.72,-1.2,1.13,0.75,0.72,0.95,0,-1.83,neutral,neutral,0,0.143,32,8608,0,
s29481,OPUSDT,1787652900000,train,-1,-3.39,0.51,4.13,3.54,0.72,-1.56,1.31,0.97,0.81,0.76,1,-1.83,neutral,neutral,0,0.304,32,8608,0,
s29482,SUIUSDT,1787652900000,train,-1,-2.84,0.445,3.68,2.92,1.01,-1.0,1.11,0.89,1.11,1.26,0,-1.83,neutral,neutral,0,0.709,32,8608,0,
s29483,ONDOUSDT,1787652900000,train,-1,-3.33,0.487,4.29,3.47,0.94,-1.5,1.45,0.97,1.0,1.26,0,-1.83,neutral,neutral,0,0.53,32,8607,0,
s29484,FETUSDT,1787652900000,train,-1,-4.32,0.43,5.16,4.46,1.11,-2.49,2.0,0.96,0.9,1.47,0,-1.83,neutral,neutral,0,0.197,32,8607,1,
s29485,MANAUSDT,1787652900000,testB,-1,-2.04,0.38,2.77,2.09,1.12,-0.21,0.96,0.65,0.77,0.8,0,-1.83,neutral,neutral,0,0.256,32,8607,1,
s29486,APEUSDT,1787652900000,testB,-1,-2.17,0.485,2.63,2.14,0.78,-0.33,0.98,0.68,0.67,0.92,0,-1.83,neutral,neutral,0,0.452,32,8607,1,
s29487,XPLUSDT,1787653800000,train,-1,-3.9,0.46,6.26,4.1,0.58,-2.39,1.4,0.88,0.86,1.05,0,-1.51,neutral,bajista,0,0.23,32,8609,4,
s29488,WLDUSDT,1787653800000,train,-1,-3.62,0.378,4.68,3.85,1.13,-2.1,1.44,0.91,0.85,0.86,0,-1.51,neutral,neutral,0,0.4,32,8609,0,
s29489,ARBUSDT,1787653800000,train,-1,-2.4,0.365,3.01,2.58,0.85,-0.89,1.31,0.75,0.72,0.95,0,-1.51,neutral,neutral,0,0.13,32,8609,1,
s29490,OPUSDT,1787653800000,train,-1,-2.53,0.379,3.73,2.69,1.38,-1.02,0.75,0.97,0.81,0.76,1,-1.51,neutral,neutral,0,0.56,32,8609,0,
s29491,SUIUSDT,1787653800000,train,-1,-2.21,0.383,3.42,2.81,1.04,-0.7,1.16,0.89,1.11,1.26,0,-1.51,neutral,neutral,0,0.693,32,8609,1,
s29492,ONDOUSDT,1787653800000,train,-1,-2.62,0.425,3.85,3.11,0.94,-1.1,1.33,0.97,1.0,1.26,0,-1.51,neutral,neutral,0,0.585,32,8608,1,
s29493,FETUSDT,1787653800000,train,-1,-3.18,0.354,4.58,3.87,1.17,-1.67,1.86,0.96,0.9,1.47,0,-1.51,neutral,neutral,0,0.258,32,8608,0,
s29494,STXUSDT,1787653800000,testB,-1,-5.18,0.402,9.98,7.64,0.55,-3.66,2.0,7.13,4.31,2.88,1,-1.51,neutral,neutral,0,0.158,32,8608,0,
s29495,0GUSDT,1787655600000,train,-1,-3.34,0.354,4.62,3.76,1.58,-1.32,2.26,1.25,1.02,0.94,1,-2.02,bear,neutral,0,0.246,32,8611,1,
s29496,WLDUSDT,1787655600000,train,-1,-3.84,0.457,4.7,4.32,0.34,-1.82,1.68,0.87,0.83,0.84,0,-2.02,bear,bajista,0,0.335,32,8611,2,
s29497,ENAUSDT,1787655600000,train,-1,-3.72,0.465,5.02,4.47,0.43,-1.7,1.41,0.66,0.69,0.84,0,-2.02,bear,neutral,0,0.148,32,8611,1,
s29498,ARBUSDT,1787655600000,train,-1,-2.29,0.353,3.02,2.84,0.56,-0.27,1.35,0.74,0.74,0.93,0,-2.02,bear,neutral,0,0.052,32,8611,1,
s29499,SUIUSDT,1787655600000,train,-1,-2.71,0.514,3.41,2.98,0.43,-0.68,1.09,0.92,1.07,1.24,0,-2.02,bear,neutral,0,0.706,32,8611,1,
s29500,ONDOUSDT,1787655600000,train,-1,-2.85,0.493,3.59,3.14,0.34,-0.83,1.38,0.97,1.02,1.23,0,-2.02,bear,neutral,0,0.546,32,8610,1,
s29501,GRTUSDT,1787655600000,testB,-1,-3.88,0.446,5.95,5.19,0.3,-1.86,1.36,2.17,2.42,2.02,0,-2.02,bear,neutral,0,0.253,32,8610,1,
s29502,0GUSDT,1787656500000,train,-1,-3.77,0.382,5.03,4.6,2.36,-2.02,2.75,1.25,1.02,0.94,1,-1.75,neutral,bajista,0,0.068,32,8612,2,
s29503,WLDUSDT,1787656500000,train,-1,-3.51,0.403,4.56,3.86,0.33,-1.76,1.19,0.87,0.83,0.84,0,-1.75,neutral,neutral,0,0.665,32,8612,0,
s29504,ENAUSDT,1787656500000,train,-1,-3.62,0.458,4.29,3.77,0.56,-1.86,1.12,0.66,0.69,0.84,0,-1.75,neutral,bajista,0,0.319,32,8612,2,
s29505,ARBUSDT,1787656500000,train,-1,-2.72,0.445,3.11,2.8,0.66,-0.97,1.13,0.74,0.74,0.93,0,-1.75,neutral,bajista,0,0.214,32,8612,2,
s29506,SUIUSDT,1787656500000,train,-1,-2.36,0.425,3.17,2.42,0.49,-0.61,0.59,0.92,1.07,1.24,0,-1.75,neutral,neutral,0,1.258,32,8612,0,
s29507,ONDOUSDT,1787656500000,train,-1,-2.62,0.44,3.53,2.87,0.36,-0.87,0.95,0.97,1.02,1.23,0,-1.75,neutral,neutral,0,0.917,32,8611,0,
s29508,STXUSDT,1787656500000,testB,-1,-6.34,0.433,8.81,6.88,0.37,-4.59,2.11,6.41,4.47,2.86,1,-1.75,neutral,neutral,0,0.176,32,8611,0,
s29509,GRTUSDT,1787656500000,testB,-1,-4.48,0.558,5.83,4.96,0.45,-2.73,1.18,2.17,2.42,2.02,0,-1.75,neutral,neutral,0,0.44,32,8611,0,
s29510,0GUSDT,1787657400000,train,-1,-3.77,0.382,5.04,4.66,2.59,-2.08,2.72,1.25,1.02,0.94,1,-1.69,neutral,bajista,0,0.147,32,8613,3,
s29511,WLDUSDT,1787657400000,train,-1,-3.11,0.374,3.94,3.31,0.3,-1.42,1.02,0.87,0.83,0.84,0,-1.69,neutral,neutral,0,0.887,32,8613,1,
s29512,ENAUSDT,1787657400000,train,-1,-3.33,0.419,4.25,3.56,0.6,-1.64,0.83,0.66,0.69,0.84,0,-1.69,neutral,neutral,0,0.493,32,8613,0,
s29513,ARBUSDT,1787657400000,train,-1,-2.42,0.411,2.9,2.55,0.74,-0.73,0.91,0.74,0.74,0.93,0,-1.69,neutral,neutral,0,0.547,32,8613,0,
s29514,SUIUSDT,1787657400000,train,-1,-2.03,0.388,2.85,2.17,0.53,-0.34,0.55,0.92,1.07,1.24,0,-1.69,neutral,neutral,0,1.575,32,8613,1,
s29515,ONDOUSDT,1787657400000,train,-1,-2.75,0.451,3.38,2.96,0.39,-1.06,1.0,0.97,1.02,1.23,0,-1.69,neutral,neutral,0,0.884,32,8612,1,
s29516,FETUSDT,1787657400000,train,-1,-3.4,0.353,4.23,3.58,0.49,-1.71,1.12,0.88,0.89,1.41,0,-1.69,neutral,neutral,0,0.656,32,8612,1,
s29517,GRTUSDT,1787657400000,testB,-1,-3.45,0.423,5.42,3.96,0.48,-1.76,0.58,2.17,2.42,2.02,0,-1.69,neutral,neutral,0,0.712,32,8612,0,
s29518,ASTERUSDT,1787658300000,train,1,2.03,0.468,2.98,2.19,0.83,2.74,0.35,0.71,0.72,0.87,0,-0.71,neutral,neutral,0,0.092,32,8614,0,
s29519,ENAUSDT,1787658300000,train,-1,-2.74,0.367,4.13,3.94,0.92,-2.03,2.55,0.66,0.69,0.84,0,-0.71,neutral,neutral,0,-1.0,18,8614,1,
s29520,ASTERUSDT,1787659200000,train,1,2.47,0.518,2.5,2.42,1.4,3.52,0.84,0.71,0.69,0.85,0,-1.04,neutral,neutral,0,-1.0,7,8615,1,
s29521,0GUSDT,1787659200000,train,-1,-2.96,0.363,5.86,4.86,1.7,-1.92,2.25,1.27,1.06,0.96,1,-1.04,neutral,bajista,0,0.128,32,8615,5,
s29522,0GUSDT,1787660100000,train,-1,-3.85,0.471,5.89,5.39,1.17,-2.24,2.48,1.27,1.06,0.96,1,-1.62,neutral,bajista,0,0.047,32,8616,6,
s29523,WLDUSDT,1787660100000,train,-1,-2.69,0.478,3.72,3.07,1.11,-1.07,1.41,0.86,0.84,0.83,1,-1.62,neutral,bajista,0,0.811,32,8616,4,
s29524,ARBUSDT,1787660100000,train,-1,-2.4,0.546,3.28,2.57,1.63,-0.78,0.96,0.75,0.75,0.91,0,-1.62,neutral,neutral,0,0.582,32,8616,1,
s29525,TIAUSDT,1787660100000,train,-1,-2.71,0.548,3.69,2.82,2.88,-1.1,1.5,1.1,0.97,1.25,0,-1.62,neutral,bajista,0,0.515,32,8616,4,
s29526,SEIUSDT,1787660100000,train,-1,-2.24,0.47,3.27,2.76,1.09,-0.63,1.16,0.84,1.34,1.2,0,-1.62,neutral,bajista,0,0.369,32,8616,8,
s29527,JUPUSDT,1787660100000,train,-1,-3.1,0.511,4.55,3.76,1.9,-1.49,1.98,1.53,2.41,2.13,0,-1.62,neutral,bajista,0,0.716,32,8616,8,
s29528,PENDLEUSDT,1787660100000,train,-1,-3.71,0.468,4.49,4.01,2.61,-2.09,2.12,0.7,0.77,0.87,0,-1.62,neutral,bajista,0,0.088,32,8616,3,
s29529,ONDOUSDT,1787660100000,train,-1,-2.26,0.515,3.0,2.63,1.43,-0.64,1.24,0.95,1.03,1.18,0,-1.62,neutral,neutral,0,0.909,32,8615,1,
s29530,FETUSDT,1787660100000,train,-1,-3.15,0.447,4.25,3.6,0.99,-1.53,1.44,0.8,0.89,1.33,0,-1.62,neutral,bajista,0,0.721,32,8615,4,
s29531,GRTUSDT,1787660100000,testB,-1,-2.82,0.387,4.65,3.72,0.74,-1.2,1.24,2.2,2.46,1.98,0,-1.62,neutral,neutral,0,0.721,32,8615,0,
s29532,PUMPUSDT,1787661000000,train,-1,-3.85,0.365,6.08,4.01,0.62,-2.39,0.91,0.95,0.88,0.98,0,-1.47,neutral,neutral,0,1.639,32,8617,0,
s29533,0GUSDT,1787661000000,train,-1,-4.01,0.504,5.87,5.06,1.09,-2.55,1.77,1.27,1.06,0.96,1,-1.47,neutral,neutral,0,0.259,32,8617,0,
s29534,WLDUSDT,1787661000000,train,-1,-2.67,0.476,3.87,3.19,1.26,-1.2,1.06,0.86,0.84,0.83,1,-1.47,neutral,bajista,0,1.079,32,8617,5,
s29535,ARBUSDT,1787661000000,train,-1,-2.1,0.493,2.96,2.17,1.36,-0.64,0.61,0.75,0.75,0.91,0,-1.47,neutral,neutral,0,1.097,32,8617,0,
s29536,TIAUSDT,1787661000000,train,-1,-2.82,0.558,3.62,2.93,2.74,-1.36,1.31,1.1,0.97,1.25,0,-1.47,neutral,bajista,0,0.879,32,8617,5,
s29537,SEIUSDT,1787661000000,train,-1,-2.02,0.435,3.27,2.72,1.16,-0.55,0.81,0.84,1.34,1.2,0,-1.47,neutral,neutral,0,0.687,32,8617,0,
s29538,JUPUSDT,1787661000000,train,-1,-2.3,0.383,4.53,3.37,1.95,-0.84,1.21,1.53,2.41,2.13,0,-1.47,neutral,neutral,0,0.959,32,8617,0,
s29539,PENDLEUSDT,1787661000000,train,-1,-3.28,0.437,4.59,4.04,3.1,-1.81,1.86,0.7,0.77,0.87,0,-1.47,neutral,bajista,0,0.354,32,8617,4,
s29540,ONDOUSDT,1787661000000,train,-1,-2.03,0.487,3.13,2.66,1.7,-0.56,0.89,0.95,1.03,1.18,0,-1.47,neutral,bajista,0,1.34,32,8616,2,
s29541,FETUSDT,1787661000000,train,-1,-3.09,0.435,3.96,3.25,1.03,-1.62,0.97,0.8,0.89,1.33,0,-1.47,neutral,neutral,0,1.273,32,8616,0,
s29542,GRTUSDT,1787661000000,testB,-1,-2.65,0.357,4.14,2.89,0.75,-1.19,0.6,2.2,2.46,1.98,0,-1.47,neutral,neutral,0,1.321,32,8616,0,
s29543,0GUSDT,1787661900000,train,-1,-3.08,0.415,5.86,4.86,1.06,-1.89,1.5,1.27,1.06,0.96,1,-1.19,neutral,neutral,0,0.372,32,8618,0,
s29544,0GUSDT,1787662800000,train,-1,-4.19,0.625,5.87,5.12,0.63,-2.9,1.64,1.22,1.08,0.94,1,-1.29,neutral,neutral,0,0.293,32,8619,1,
s29545,WLDUSDT,1787662800000,train,-1,-2.99,0.521,3.88,3.48,0.65,-1.7,1.33,0.81,0.91,0.82,0,-1.29,neutral,neutral,0,1.138,32,8619,1,
s29546,TIAUSDT,1787662800000,train,-1,-2.46,0.474,3.57,2.93,1.07,-1.17,1.31,1.3,1.11,1.15,0,-1.29,neutral,neutral,1,2.0,32,8619,1,
s29547,PENDLEUSDT,1787662800000,train,-1,-3.55,0.479,4.6,4.23,1.58,-2.26,1.88,0.74,0.8,0.85,0,-1.29,neutral,neutral,0,0.471,32,8619,1,
s29548,ONDOUSDT,1787662800000,train,-1,-2.45,0.465,3.29,3.23,1.13,-1.16,1.37,1.1,1.13,1.17,0,-1.29,neutral,neutral,0,1.058,32,8618,1,
s29549,XPLUSDT,1787663700000,train,-1,-3.05,0.446,4.37,4.09,1.66,-1.58,2.68,1.02,0.96,1.0,0,-1.47,neutral,bajista,0,0.341,32,8620,2,
s29550,0GUSDT,1787663700000,train,-1,-4.79,0.656,6.1,5.92,0.65,-3.32,2.22,1.22,1.08,0.94,1,-1.47,neutral,bajista,0,0.106,32,8620,2,
s29551,WLDUSDT,1787663700000,train,-1,-4.01,0.599,5.12,4.56,0.97,-2.54,2.11,0.81,0.91,0.82,0,-1.47,neutral,bajista,0,0.587,32,8620,2,
s29552,ENAUSDT,1787663700000,train,-1,-3.11,0.444,4.29,3.79,0.9,-1.63,1.61,0.73,0.72,0.79,0,-1.47,neutral,bajista,0,-1.0,11,8620,2,
s29553,ARBUSDT,1787663700000,train,-1,-2.44,0.455,2.95,2.82,0.85,-0.97,1.59,0.76,0.79,0.87,0,-1.47,neutral,bajista,0,0.619,32,8620,2,
s29554,SUIUSDT,1787663700000,train,-1,-2.66,0.532,3.03,3.01,1.4,-1.18,1.98,1.09,1.15,1.2,0,-1.47,neutral,bajista,0,1.114,32,8620,2,
s29555,TIAUSDT,1787663700000,train,-1,-3.39,0.57,4.21,3.85,1.27,-1.92,1.97,1.3,1.11,1.15,0,-1.47,neutral,bajista,1,2.0,31,8620,2,
s29556,SEIUSDT,1787663700000,train,-1,-3.12,0.641,3.84,3.84,0.96,-1.65,1.69,0.85,1.37,1.17,0,-1.47,neutral,bajista,0,0.324,32,8620,2,
s29557,JUPUSDT,1787663700000,train,-1,-3.53,0.402,5.16,4.88,1.3,-2.06,2.41,1.53,2.27,2.19,0,-1.47,neutral,bajista,0,0.231,32,8620,2,
s29558,PENDLEUSDT,1787663700000,train,-1,-3.41,0.468,5.04,4.43,1.15,-1.93,2.03,0.74,0.8,0.85,0,-1.47,neutral,bajista,0,0.311,32,8620,2,
s29559,ONDOUSDT,1787663700000,train,-1,-3.98,0.64,4.87,4.57,1.84,-2.5,2.36,1.1,1.13,1.17,0,-1.47,neutral,bajista,0,0.414,32,8619,2,
s29560,FETUSDT,1787663700000,train,-1,-2.9,0.41,3.88,3.4,0.97,-1.42,1.79,0.8,0.93,1.23,0,-1.47,neutral,bajista,0,0.807,32,8619,2,
s29561,SANDUSDT,1787663700000,testB,-1,-2.6,0.404,3.39,3.34,1.0,-1.13,1.81,0.84,0.98,1.01,0,-1.47,neutral,bajista,0,0.64,32,8619,2,
s29562,XPLUSDT,1787664600000,train,-1,-3.74,0.601,4.22,4.02,2.36,-2.36,2.37,1.02,0.96,1.0,0,-1.38,neutral,bajista,0,0.073,32,8621,3,
s29563,PUMPUSDT,1787664600000,train,-1,-6.23,0.4,8.83,6.62,2.44,-4.85,3.31,1.18,1.03,1.04,0,-1.38,neutral,neutral,0,0.207,32,8621,1,
s29564,STBLUSDT,1787664600000,train,-1,-2.65,0.392,3.28,3.2,0.85,-1.26,1.32,1.09,0.96,0.78,1,-1.38,neutral,bajista,0,-1.0,12,8621,3,
s29565,0GUSDT,1787664600000,train,-1,-4.71,0.642,6.07,5.39,0.59,-3.33,1.46,1.22,1.08,0.94,1,-1.38,neutral,neutral,0,0.151,32,8621,0,
s29566,WLDUSDT,1787664600000,train,-1,-3.52,0.493,4.82,3.78,1.28,-2.14,1.39,0.81,0.91,0.82,0,-1.38,neutral,neutral,0,0.718,32,8621,0,
s29567,ENAUSDT,1787664600000,train,-1,-2.87,0.415,3.67,3.1,1.01,-1.48,1.29,0.73,0.72,0.79,0,-1.38,neutral,neutral,0,-1.0,10,8621,0,
s29568,SUIUSDT,1787664600000,train,-1,-2.16,0.394,3.13,2.37,1.98,-0.77,1.22,1.09,1.15,1.2,0,-1.38,neutral,neutral,1,2.0,30,8621,0,
s29569,TIAUSDT,1787664600000,train,-1,-3.07,0.489,4.13,3.25,1.38,-1.68,1.22,1.3,1.11,1.15,0,-1.38,neutral,neutral,1,2.0,30,8621,0,
s29570,SEIUSDT,1787664600000,train,-1,-3.35,0.73,3.88,3.58,1.21,-1.97,1.21,0.85,1.37,1.17,0,-1.38,neutral,neutral,0,0.317,32,8621,0,
s29571,JUPUSDT,1787664600000,train,-1,-4.61,0.595,5.21,4.97,1.6,-3.23,2.28,1.53,2.27,2.19,0,-1.38,neutral,bajista,0,0.085,32,8621,3,
s29572,PENDLEUSDT,1787664600000,train,-1,-3.41,0.472,5.0,3.71,1.2,-2.02,1.14,0.74,0.8,0.85,0,-1.38,neutral,neutral,0,0.45,32,8621,0,
s29573,ONDOUSDT,1787664600000,train,-1,-3.3,0.498,4.47,3.61,2.17,-1.92,1.63,1.1,1.13,1.17,0,-1.38,neutral,neutral,0,0.582,32,8620,0,
s29574,XPLUSDT,1787665500000,train,-1,-2.9,0.447,4.76,3.33,3.7,-2.23,1.5,1.02,0.96,1.0,0,-0.67,neutral,neutral,0,0.32,32,8622,0,
s29575,STBLUSDT,1787665500000,train,-1,-2.31,0.358,4.65,3.5,2.09,-1.63,1.64,1.09,0.96,0.78,1,-0.67,neutral,bajista,0,-1.0,11,8622,4,
s29576,0GUSDT,1787665500000,train,-1,-3.38,0.519,5.18,3.94,0.85,-2.71,1.22,1.22,1.08,0.94,1,-0.67,neutral,neutral,0,0.27,32,8622,0,
s29577,SEIUSDT,1787665500000,train,-1,-2.38,0.655,3.73,2.72,1.7,-1.71,1.14,0.85,1.37,1.17,0,-0.67,neutral,neutral,0,0.394,32,8622,1,
s29578,JUPUSDT,1787665500000,train,-1,-3.88,0.551,5.87,4.75,1.85,-3.21,2.23,1.53,2.27,2.19,0,-0.67,neutral,bajista,0,0.05,32,8622,4,
s29579,PENDLEUSDT,1787665500000,train,-1,-2.39,0.381,3.95,2.64,1.33,-1.72,1.12,0.74,0.8,0.85,0,-0.67,neutral,neutral,0,0.557,32,8622,0,
s29580,ONDOUSDT,1787665500000,train,-1,-2.29,0.405,3.88,2.89,2.82,-1.62,1.68,1.1,1.13,1.17,0,-0.67,neutral,neutral,0,0.664,32,8621,1,
s29581,XPLUSDT,1787666400000,train,-1,-2.55,0.402,4.75,3.22,4.34,-2.16,1.36,1.06,0.94,0.97,0,-0.39,neutral,neutral,0,0.148,32,8623,0,
s29582,0GUSDT,1787666400000,train,-1,-3.07,0.451,4.98,3.3,0.79,-2.68,0.7,1.19,1.05,0.94,1,-0.39,neutral,neutral,0,0.264,32,8623,0,
s29583,JUPUSDT,1787666400000,train,-1,-4.29,0.59,5.89,5.09,2.02,-3.9,2.24,1.6,2.01,2.21,0,-0.39,neutral,bajista,0,-0.194,32,8623,5,
s29584,ONDOUSDT,1787666400000,train,-1,-2.11,0.36,3.88,2.64,3.31,-1.72,1.34,1.08,1.07,1.13,0,-0.39,neutral,neutral,0,0.48,32,8622,0,
s29585,XPLUSDT,1787667300000,train,-1,-2.38,0.377,4.75,3.15,2.3,-2.3,1.25,1.06,0.94,0.97,0,-0.09,neutral,neutral,0,0.341,32,8624,0,
s29586,0GUSDT,1787667300000,train,-1,-3.08,0.451,4.86,3.3,0.67,-2.99,0.8,1.19,1.05,0.94,1,-0.09,neutral,neutral,0,0.302,32,8624,1,
s29587,JUPUSDT,1787667300000,train,-1,-3.8,0.525,5.41,4.37,1.68,-3.72,1.96,1.6,2.01,2.21,0,-0.09,neutral,neutral,0,-0.032,32,8624,0,
s29588,0GUSDT,1787668200000,train,-1,-2.66,0.4,4.85,3.17,0.72,-2.48,0.46,1.19,1.05,0.94,1,-0.19,neutral,neutral,0,0.294,32,8625,0,
s29589,JUPUSDT,1787668200000,train,-1,-3.17,0.422,5.38,3.89,1.2,-2.99,1.24,1.6,2.01,2.21,0,-0.19,neutral,neutral,0,0.096,32,8625,0,
s29590,0GUSDT,1787669100000,train,-1,-2.9,0.453,4.66,2.99,0.42,-2.82,0.43,1.19,1.05,0.94,1,-0.08,neutral,neutral,0,0.313,32,8626,0,
s29591,JUPUSDT,1787669100000,train,-1,-2.99,0.393,4.91,3.27,0.8,-2.91,1.01,1.6,2.01,2.21,0,-0.08,neutral,neutral,0,-0.014,32,8626,0,
s29592,XPLUSDT,1787670000000,train,-1,-2.67,0.397,4.34,3.01,0.93,-2.68,1.13,1.0,0.96,0.98,0,0.01,neutral,neutral,0,0.285,32,8627,1,
s29593,JUPUSDT,1787670000000,train,-1,-3.69,0.443,4.59,4.16,0.72,-3.7,1.97,1.5,1.92,2.16,0,0.01,neutral,neutral,0,-0.193,32,8627,1,
s29594,XPLUSDT,1787670900000,train,-1,-2.66,0.397,4.33,3.1,0.99,-2.62,1.09,1.0,0.96,0.98,0,-0.04,neutral,bajista,0,0.337,32,8628,2,
s29595,JUPUSDT,1787670900000,train,-1,-3.06,0.351,4.52,3.58,0.54,-3.02,1.29,1.5,1.92,2.16,0,-0.04,neutral,neutral,0,-0.026,32,8628,0,
s29596,ONDOUSDT,1787670900000,train,-1,-2.24,0.365,3.88,2.83,0.63,-2.2,0.91,1.02,1.03,1.08,0,-0.04,neutral,neutral,0,0.429,32,8627,0,
s29597,XPLUSDT,1787671800000,train,-1,-2.28,0.355,4.18,2.92,0.99,-2.58,0.99,1.0,0.96,0.98,0,0.3,neutral,neutral,0,0.575,32,8629,0,
s29598,INJUSDT,1787671800000,train,-1,-3.52,0.403,5.54,4.86,0.45,-3.82,1.5,1.88,1.99,2.48,0,0.3,neutral,neutral,0,0.451,32,8629,1,
s29599,INJUSDT,1787676300000,train,-1,-3.23,0.482,5.5,4.09,0.55,-3.45,0.62,1.75,1.91,2.23,0,0.22,neutral,bajista,0,0.736,32,8634,4,
s29600,INJUSDT,1787677200000,train,-1,-3.1,0.47,4.6,3.76,0.47,-3.31,1.03,1.71,1.89,1.95,0,0.21,neutral,bajista,0,0.674,32,8635,5,
s29601,INJUSDT,1787678100000,train,-1,-3.48,0.498,5.36,4.88,0.54,-3.69,1.8,1.71,1.89,1.95,0,0.21,neutral,bajista,0,0.417,32,8636,6,
s29602,INJUSDT,1787679900000,train,-1,-2.71,0.354,4.24,2.77,0.54,-3.44,0.79,1.71,1.89,1.95,0,0.73,neutral,neutral,1,2.0,13,8638,0,
s29603,PUMPUSDT,1787681700000,train,-1,-3.55,0.494,6.23,5.05,0.77,-3.62,1.11,1.02,0.99,0.86,1,0.08,neutral,bajista,0,-0.904,32,8640,3,
s29604,PUMPUSDT,1787682600000,train,-1,-3.37,0.459,5.37,3.87,0.73,-3.36,0.76,1.02,0.99,0.86,1,-0.01,neutral,neutral,0,-1.0,31,8641,0,
s29605,PUMPUSDT,1787683500000,train,-1,-3.33,0.451,5.27,3.59,0.79,-3.17,0.57,1.02,0.99,0.86,1,-0.15,neutral,neutral,0,-1.0,12,8642,0,
s29606,PUMPUSDT,1787684400000,train,-1,-2.88,0.414,4.6,3.16,0.49,-2.94,0.91,0.71,0.95,0.86,0,0.06,neutral,neutral,0,-1.0,11,8643,1,
s29607,PUMPUSDT,1787685300000,train,-1,-2.83,0.408,3.85,3.02,0.45,-2.45,1.4,0.71,0.95,0.86,0,-0.38,neutral,bajista,0,-1.0,10,8644,2,
s29608,PUMPUSDT,1787686200000,train,-1,-2.31,0.356,3.87,3.73,0.71,-1.48,2.2,0.71,0.95,0.86,0,-0.83,neutral,bajista,0,-1.0,9,8645,3,
s29609,SUIUSDT,1787686200000,train,-1,-2.15,0.403,2.86,2.78,0.92,-1.33,1.33,0.71,0.91,1.0,0,-0.83,neutral,bajista,0,0.572,32,8645,2,
s29610,SANDUSDT,1787686200000,testB,-1,-2.29,0.548,2.92,2.8,0.88,-1.46,0.98,0.49,0.67,0.88,0,-0.83,neutral,bajista,0,-0.043,32,8644,2,
s29611,PUMPUSDT,1787687100000,train,-1,-2.77,0.465,3.86,3.5,0.78,-2.05,1.7,0.71,0.95,0.86,0,-0.72,neutral,neutral,0,-1.0,8,8646,0,
s29612,INJUSDT,1787687100000,train,-1,-2.22,0.435,3.3,2.71,0.66,-1.5,0.61,1.17,1.61,1.65,0,-0.72,neutral,neutral,0,0.569,32,8646,0,
s29613,SUIUSDT,1787687100000,train,-1,-2.26,0.433,2.85,2.54,0.9,-1.54,0.9,0.71,0.91,1.0,0,-0.72,neutral,neutral,0,0.711,32,8646,0,
s29614,FETUSDT,1787687100000,train,-1,-2.34,0.455,2.88,2.46,1.16,-1.62,0.86,0.71,0.75,0.83,0,-0.72,neutral,neutral,0,0.268,32,8645,0,
s29615,SANDUSDT,1787687100000,testB,-1,-2.07,0.478,2.91,2.6,0.52,-1.35,0.67,0.49,0.67,0.88,0,-0.72,neutral,neutral,0,0.093,32,8645,0,
s29616,PUMPUSDT,1787688000000,train,-1,-2.6,0.449,3.19,2.94,1.01,-2.24,1.55,0.67,0.92,0.87,0,-0.36,neutral,neutral,0,-1.0,7,8647,1,
s29617,ENAUSDT,1787688000000,train,-1,-3.97,0.631,5.08,4.81,0.48,-3.61,1.56,0.57,0.65,0.65,0,-0.36,neutral,neutral,0,0.714,32,8647,1,
s29618,INJUSDT,1787688000000,train,-1,-2.85,0.497,4.09,3.43,1.21,-2.49,1.27,1.2,1.61,1.69,0,-0.36,neutral,neutral,0,0.224,32,8647,1,
s29619,SUIUSDT,1787688000000,train,-1,-2.29,0.436,3.14,2.48,1.4,-1.93,1.33,0.88,0.98,1.06,0,-0.36,neutral,neutral,0,0.613,32,8647,1,
s29620,FETUSDT,1787688000000,train,-1,-2.24,0.442,3.68,3.02,1.5,-1.88,1.32,0.73,0.81,0.84,0,-0.36,neutral,neutral,0,0.1,32,8646,1,
s29621,GRTUSDT,1787688000000,testB,-1,-2.41,0.431,2.98,2.64,1.21,-2.05,1.56,1.07,1.39,1.83,0,-0.36,neutral,neutral,0,-0.234,32,8646,1,
s29622,SANDUSDT,1787688000000,testB,-1,-2.13,0.484,2.85,2.29,0.92,-1.77,0.97,0.47,0.66,0.9,0,-0.36,neutral,neutral,0,-0.337,32,8646,1,
s29623,ENAUSDT,1787688900000,train,-1,-4.11,0.651,4.65,4.46,0.65,-3.63,1.56,0.57,0.65,0.65,0,-0.47,neutral,bajista,0,0.729,32,8648,2,
s29624,INJUSDT,1787688900000,train,-1,-2.71,0.479,4.06,3.36,1.28,-2.24,1.11,1.2,1.61,1.69,0,-0.47,neutral,neutral,0,-0.154,32,8648,0,
s29625,SUIUSDT,1787688900000,train,-1,-2.14,0.418,3.08,2.57,1.47,-1.66,1.36,0.88,0.98,1.06,0,-0.47,neutral,bajista,0,0.399,32,8648,2,
s29626,FETUSDT,1787688900000,train,-1,-2.48,0.467,3.76,3.52,1.88,-2.01,1.63,0.73,0.81,0.84,0,-0.47,neutral,bajista,0,-0.138,32,8647,2,
s29627,GRTUSDT,1787688900000,testB,-1,-2.25,0.398,2.98,2.53,1.48,-1.78,1.3,1.07,1.39,1.83,0,-0.47,neutral,neutral,0,-0.267,32,8647,0,
s29628,XPLUSDT,1787689800000,train,-1,-3.8,0.6,4.89,4.12,2.49,-2.86,2.25,0.81,0.95,0.86,0,-0.95,neutral,bajista,0,-0.621,32,8649,3,
s29629,PUMPUSDT,1787689800000,train,-1,-2.5,0.365,2.87,2.65,0.94,-1.55,1.28,0.67,0.92,0.87,0,-0.95,neutral,neutral,0,-1.0,5,8649,1,
s29630,STBLUSDT,1787689800000,train,-1,-3.07,0.684,4.23,4.06,0.9,-2.12,1.37,0.75,0.93,0.78,0,-0.95,neutral,bajista,0,-0.25,32,8649,3,
s29631,WLDUSDT,1787689800000,train,-1,-2.84,0.438,3.7,3.26,1.95,-1.89,2.03,0.61,0.71,0.73,0,-0.95,neutral,bajista,0,-1.0,24,8649,3,
s29632,ENAUSDT,1787689800000,train,-1,-4.91,0.69,6.09,5.7,1.21,-3.96,2.55,0.57,0.65,0.65,0,-0.95,neutral,bajista,0,0.336,32,8649,3,
s29633,ARBUSDT,1787689800000,train,-1,-2.26,0.51,3.19,2.85,2.27,-1.31,1.79,0.49,0.62,0.66,0,-0.95,neutral,bajista,0,-0.292,32,8649,3,
s29634,OPUSDT,1787689800000,train,-1,-2.1,0.398,2.98,2.5,0.98,-1.15,1.37,0.56,0.75,0.73,0,-0.95,neutral,bajista,0,-1.0,23,8649,3,
s29635,INJUSDT,1787689800000,train,-1,-5.06,0.631,6.32,5.66,3.09,-4.11,3.42,1.2,1.61,1.69,0,-0.95,neutral,neutral,0,-0.479,32,8649,1,
s29636,SUIUSDT,1787689800000,train,-1,-3.34,0.551,4.3,3.72,2.09,-2.39,2.26,0.88,0.98,1.06,0,-0.95,neutral,bajista,0,-0.042,32,8649,3,
s29637,TIAUSDT,1787689800000,train,-1,-3.87,0.726,5.32,4.45,1.17,-2.92,2.32,1.15,1.3,1.07,0,-0.95,neutral,bajista,0,0.032,32,8649,3,
s29638,SEIUSDT,1787689800000,train,-1,-2.2,0.495,2.79,2.58,1.12,-1.25,1.54,0.76,0.82,1.08,0,-0.95,neutral,bajista,0,-0.286,32,8649,3,
s29639,ONDOUSDT,1787689800000,train,-1,-2.6,0.561,3.31,2.95,3.19,-1.65,1.88,0.54,0.81,0.91,0,-0.95,neutral,bajista,0,-0.364,32,8648,2,
s29640,FETUSDT,1787689800000,train,-1,-3.96,0.583,5.48,5.11,2.17,-3.01,2.92,0.73,0.81,0.84,0,-0.95,neutral,bajista,0,-0.47,32,8648,3,
s29641,ARUSDT,1787689800000,testB,-1,-2.28,0.351,4.08,3.86,1.6,-1.33,1.94,0.73,0.82,0.97,0,-0.95,neutral,bajista,0,0.233,32,8648,3,
s29642,GRTUSDT,1787689800000,testB,-1,-2.97,0.466,3.57,3.29,1.56,-2.02,1.98,1.07,1.39,1.83,0,-0.95,neutral,neutral,0,-0.431,32,8648,1,
s29643,LDOUSDT,1787689800000,testB,-1,-2.45,0.371,3.52,3.03,1.62,-1.5,1.83,0.51,0.68,0.79,0,-0.95,neutral,bajista,0,0.261,32,8648,3,
s29644,SANDUSDT,1787689800000,testB,-1,-2.49,0.517,2.99,2.77,1.5,-1.54,1.49,0.47,0.66,0.9,0,-0.95,neutral,neutral,0,-0.368,32,8648,1,
s29645,AXSUSDT,1787689800000,testB,-1,-2.26,0.465,2.97,2.53,1.55,-1.31,1.64,0.61,0.77,0.77,0,-0.95,neutral,bajista,0,-0.042,32,8648,3,
s29646,APEUSDT,1787689800000,testB,-1,-2.02,0.492,2.49,2.2,1.28,-1.07,1.39,0.67,0.74,0.71,0,-0.95,neutral,bajista,0,-0.29,32,8648,3,
s29647,XPLUSDT,1787690700000,train,-1,-3.28,0.541,4.5,3.62,3.5,-2.07,1.83,0.81,0.95,0.86,0,-1.2,neutral,neutral,0,-1.0,24,8650,0,
s29648,STBLUSDT,1787690700000,train,-1,-3.03,0.67,3.69,3.25,1.13,-1.83,1.02,0.75,0.93,0.78,0,-1.2,neutral,neutral,0,-0.138,32,8650,0,
s29649,WLDUSDT,1787690700000,train,-1,-3.43,0.484,4.55,4.21,2.51,-2.22,2.58,0.61,0.71,0.73,0,-1.2,neutral,bajista,0,-1.0,23,8650,4,
s29650,ENAUSDT,1787690700000,train,-1,-5.98,0.828,6.43,6.38,1.64,-4.78,3.19,0.57,0.65,0.65,0,-1.2,neutral,bajista,0,0.252,32,8650,4,
s29651,ARBUSDT,1787690700000,train,-1,-2.67,0.551,3.36,3.35,2.46,-1.47,1.98,0.49,0.62,0.66,0,-1.2,neutral,bajista,0,-0.184,32,8650,4,
s29652,OPUSDT,1787690700000,train,-1,-2.28,0.417,3.26,3.06,1.22,-1.08,1.66,0.56,0.75,0.73,0,-1.2,neutral,bajista,0,-1.0,22,8650,4,
s29653,INJUSDT,1787690700000,train,-1,-5.48,0.649,6.48,6.0,4.57,-4.28,3.52,1.2,1.61,1.69,0,-1.2,neutral,bajista,0,-0.439,32,8650,2,
s29654,SUIUSDT,1787690700000,train,-1,-3.81,0.583,4.32,4.09,2.98,-2.6,2.63,0.88,0.98,1.06,0,-1.2,neutral,bajista,0,-0.159,32,8650,4,
s29655,TIAUSDT,1787690700000,train,-1,-3.7,0.716,4.77,4.18,1.72,-2.49,2.38,1.15,1.3,1.07,0,-1.2,neutral,bajista,0,0.101,32,8650,4,
s29656,SEIUSDT,1787690700000,train,-1,-2.37,0.514,2.98,2.93,1.44,-1.17,1.66,0.76,0.82,1.08,0,-1.2,neutral,bajista,0,-0.163,32,8650,4,
s29657,ONDOUSDT,1787690700000,train,-1,-3.04,0.598,3.74,3.58,4.04,-1.83,2.16,0.54,0.81,0.91,0,-1.2,neutral,bajista,0,-0.318,32,8649,3,
s29658,FETUSDT,1787690700000,train,-1,-4.02,0.586,5.49,5.24,2.49,-2.82,2.67,0.73,0.81,0.84,0,-1.2,neutral,bajista,0,-0.329,32,8649,4,
s29659,ARUSDT,1787690700000,testB,-1,-3.67,0.519,5.03,4.94,2.47,-2.47,2.65,0.73,0.82,0.97,0,-1.2,neutral,bajista,0,0.092,32,8649,4,
s29660,GRTUSDT,1787690700000,testB,-1,-3.3,0.492,4.04,3.7,2.12,-2.1,2.15,1.07,1.39,1.83,0,-1.2,neutral,bajista,0,-0.277,32,8649,2,
s29661,LDOUSDT,1787690700000,testB,-1,-2.8,0.402,3.54,3.43,2.39,-1.6,1.92,0.51,0.68,0.79,0,-1.2,neutral,bajista,0,0.28,32,8649,4,
s29662,SANDUSDT,1787690700000,testB,-1,-2.66,0.533,3.05,2.78,2.23,-1.46,1.64,0.47,0.66,0.9,0,-1.2,neutral,bajista,0,-0.281,32,8649,2,
s29663,AXSUSDT,1787690700000,testB,-1,-2.48,0.488,2.92,2.74,2.22,-1.27,1.71,0.61,0.77,0.77,0,-1.2,neutral,bajista,0,0.012,32,8649,4,
s29664,APEUSDT,1787690700000,testB,-1,-2.24,0.516,2.79,2.72,2.71,-1.03,1.67,0.67,0.74,0.71,0,-1.2,neutral,bajista,0,-0.395,32,8649,4,
s29665,XPLUSDT,1787691600000,train,-1,-2.56,0.451,5.13,3.36,4.19,-1.68,1.66,0.73,0.87,0.88,0,-0.88,neutral,neutral,0,-1.0,23,8651,0,
s29666,PUMPUSDT,1787691600000,train,-1,-2.59,0.404,3.79,2.89,1.83,-1.72,1.37,0.82,1.02,0.93,0,-0.88,neutral,neutral,0,-1.0,3,8651,0,
s29667,STBLUSDT,1787691600000,train,-1,-2.94,0.661,4.21,3.15,1.66,-2.06,1.66,0.71,0.91,0.8,0,-0.88,neutral,neutral,0,-1.0,27,8651,1,
s29668,WLDUSDT,1787691600000,train,-1,-2.63,0.404,5.59,4.1,2.61,-1.76,2.25,0.67,0.7,0.77,0,-0.88,neutral,neutral,0,-1.0,22,8651,0,
s29669,ENAUSDT,1787691600000,train,-1,-5.26,0.807,7.16,5.59,3.12,-4.38,3.16,0.64,0.66,0.68,0,-0.88,neutral,bajista,0,0.197,32,8651,5,
s29670,ARBUSDT,1787691600000,train,-1,-2.42,0.526,4.93,3.35,3.75,-1.54,1.81,0.59,0.63,0.69,0,-0.88,neutral,neutral,0,-0.087,32,8651,0,
s29671,INJUSDT,1787691600000,train,-1,-4.57,0.552,6.84,4.9,4.23,-3.69,2.85,1.34,1.64,1.74,0,-0.88,neutral,neutral,0,-0.27,32,8651,0,
s29672,SUIUSDT,1787691600000,train,-1,-2.85,0.478,5.73,3.9,3.63,-1.97,2.18,1.09,1.06,1.14,0,-0.88,neutral,neutral,0,-0.092,32,8651,0,
s29673,SEIUSDT,1787691600000,train,-1,-2.24,0.498,4.94,3.2,2.92,-1.36,1.74,0.89,0.87,1.13,0,-0.88,neutral,bajista,0,-0.129,32,8651,5,
s29674,ONDOUSDT,1787691600000,train,-1,-2.48,0.505,4.98,3.37,4.98,-1.6,1.78,0.69,0.86,0.94,0,-0.88,neutral,neutral,0,-0.246,32,8650,0,
s29675,FETUSDT,1787691600000,train,-1,-2.98,0.446,7.0,4.79,2.63,-2.1,2.01,0.81,0.83,0.86,0,-0.88,neutral,neutral,0,-0.269,32,8650,0,
s29676,ARUSDT,1787691600000,testB,-1,-3.8,0.527,7.86,5.09,4.55,-2.92,2.47,0.88,0.94,1.03,0,-0.88,neutral,bajista,0,0.098,32,8650,5,
s29677,GRTUSDT,1787691600000,testB,-1,-2.83,0.451,5.36,3.88,1.84,-1.95,2.1,1.21,1.29,1.86,0,-0.88,neutral,bajista,0,-0.235,32,8650,3,
s29678,SANDUSDT,1787691600000,testB,-1,-2.68,0.533,4.99,3.15,4.06,-1.8,2.07,0.61,0.73,0.94,0,-0.88,neutral,bajista,0,-0.367,32,8650,3,
s29679,AXSUSDT,1787691600000,testB,-1,-2.31,0.468,4.85,3.17,4.19,-1.43,1.9,0.75,0.83,0.82,0,-0.88,neutral,bajista,0,0.013,32,8650,5,
s29680,XPLUSDT,1787692500000,train,-1,-2.53,0.447,5.14,3.61,4.36,-2.08,1.81,0.73,0.87,0.88,0,-0.44,neutral,neutral,0,-1.0,22,8652,1,
s29681,STBLUSDT,1787692500000,train,-1,-2.4,0.612,3.85,2.82,2.0,-1.95,1.69,0.71,0.91,0.8,0,-0.44,neutral,bajista,0,-1.0,26,8652,2,
s29682,ENAUSDT,1787692500000,train,-1,-4.28,0.606,7.1,4.74,3.82,-3.84,2.12,0.64,0.66,0.68,0,-0.44,neutral,neutral,0,0.381,32,8652,0,
s29683,ARBUSDT,1787692500000,train,-1,-2.45,0.537,4.93,3.35,4.13,-2.01,1.65,0.59,0.63,0.69,0,-0.44,neutral,neutral,0,-0.259,32,8652,0,
s29684,INJUSDT,1787692500000,train,-1,-3.08,0.397,6.76,4.35,4.38,-2.64,2.15,1.34,1.64,1.74,0,-0.44,neutral,neutral,0,-0.273,32,8652,0,
s29685,SUIUSDT,1787692500000,train,-1,-2.31,0.404,5.73,3.75,4.54,-1.86,1.86,1.09,1.06,1.14,0,-0.44,neutral,neutral,0,-0.208,32,8652,0,
s29686,FETUSDT,1787692500000,train,-1,-2.39,0.377,6.99,4.66,2.37,-1.95,1.71,0.81,0.83,0.86,0,-0.44,neutral,neutral,0,-0.474,32,8651,0,
s29687,GRTUSDT,1787692500000,testB,-1,-2.34,0.404,5.36,3.94,1.83,-1.9,1.94,1.21,1.29,1.86,0,-0.44,neutral,neutral,0,-0.275,32,8651,0,
s29688,SANDUSDT,1787692500000,testB,-1,-2.09,0.442,4.99,3.0,5,-1.65,1.74,0.61,0.73,0.94,0,-0.44,neutral,neutral,0,-0.484,32,8651,0,
s29689,APEUSDT,1787692500000,testB,-1,-2.1,0.556,4.8,2.87,5,-1.66,1.53,0.86,0.82,0.76,1,-0.44,neutral,neutral,0,-0.575,32,8651,0,
s29690,XPLUSDT,1787693400000,train,-1,-2.22,0.376,5.09,2.54,1.79,-1.51,0.66,0.73,0.87,0.88,0,-0.7,neutral,neutral,0,-1.0,21,8653,0,
s29691,STBLUSDT,1787693400000,train,-1,-2.2,0.567,3.64,2.53,2.19,-1.49,1.46,0.71,0.91,0.8,0,-0.7,neutral,neutral,0,-1.0,25,8653,0,
s29692,WLDUSDT,1787693400000,train,-1,-2.66,0.447,5.55,3.34,2.17,-1.96,1.21,0.67,0.7,0.77,0,-0.7,neutral,neutral,0,-1.0,20,8653,0,
s29693,ENAUSDT,1787693400000,train,-1,-3.65,0.517,6.88,4.22,2.95,-2.94,1.7,0.64,0.66,0.68,0,-0.7,neutral,neutral,0,0.439,32,8653,0,
s29694,ARBUSDT,1787693400000,train,-1,-2.39,0.519,4.92,3.03,2.18,-1.69,1.21,0.59,0.63,0.69,0,-0.7,neutral,neutral,0,-0.3,32,8653,0,
s29695,SUIUSDT,1787693400000,train,-1,-2.44,0.443,5.69,3.19,3.25,-1.74,1.17,1.09,1.06,1.14,0,-0.7,neutral,neutral,0,-0.16,32,8653,0,
s29696,FETUSDT,1787693400000,train,-1,-2.56,0.417,6.96,4.28,1.6,-1.85,1.21,0.81,0.83,0.86,0,-0.7,neutral,neutral,0,-0.6,32,8652,0,
s29697,ARUSDT,1787693400000,testB,-1,-4.13,0.605,7.4,4.54,4.87,-3.43,2.08,0.88,0.94,1.03,0,-0.7,neutral,neutral,0,0.06,32,8652,1,
s29698,GRTUSDT,1787693400000,testB,-1,-2.38,0.417,5.33,3.41,1.74,-1.68,1.28,1.21,1.29,1.86,0,-0.7,neutral,neutral,0,-0.367,32,8652,0,
s29699,APEUSDT,1787693400000,testB,-1,-2.23,0.615,4.79,2.57,5,-1.53,1.08,0.86,0.82,0.76,1,-0.7,neutral,neutral,0,-0.639,32,8652,0,
s29700,XPLUSDT,1787694300000,train,-1,-2.19,0.372,5.1,2.76,1.16,-1.35,0.7,0.73,0.87,0.88,0,-0.84,neutral,neutral,0,-1.0,20,8654,1,
s29701,STBLUSDT,1787694300000,train,-1,-2.2,0.567,3.64,2.53,1.66,-1.36,1.21,0.71,0.91,0.8,0,-0.84,neutral,neutral,0,-1.0,24,8654,0,
s29702,WLDUSDT,1787694300000,train,-1,-2.64,0.444,5.55,3.34,1.56,-1.8,1.0,0.67,0.7,0.77,0,-0.84,neutral,neutral,0,-1.0,19,8654,0,
s29703,ENAUSDT,1787694300000,train,-1,-4.35,0.595,6.71,4.55,2.46,-3.51,1.86,0.64,0.66,0.68,0,-0.84,neutral,neutral,0,0.181,32,8654,1,
s29704,ARBUSDT,1787694300000,train,-1,-2.56,0.561,4.92,3.09,1.69,-1.72,1.12,0.59,0.63,0.69,0,-0.84,neutral,neutral,0,-0.283,32,8654,1,
s29705,SUIUSDT,1787694300000,train,-1,-2.94,0.523,5.71,3.51,2.01,-2.1,1.24,1.09,1.06,1.14,0,-0.84,neutral,neutral,0,-0.236,32,8654,1,
s29706,SEIUSDT,1787694300000,train,-1,-2.2,0.547,4.91,2.6,3.05,-1.36,0.77,0.89,0.87,1.13,0,-0.84,neutral,neutral,0,-0.192,32,8654,0,
s29707,ONDOUSDT,1787694300000,train,-1,-2.02,0.424,4.95,2.78,2.26,-1.18,0.87,0.69,0.86,0.94,0,-0.84,neutral,neutral,0,-0.455,32,8653,1,
s29708,FETUSDT,1787694300000,train,-1,-3.21,0.509,6.99,4.72,1.25,-2.36,1.39,0.81,0.83,0.86,0,-0.84,neutral,neutral,0,-0.649,32,8653,1,
s29709,ARUSDT,1787694300000,testB,-1,-4.1,0.603,7.42,4.92,3.39,-3.26,2.21,0.88,0.94,1.03,0,-0.84,neutral,bajista,0,-0.0,32,8653,2,
s29710,GRTUSDT,1787694300000,testB,-1,-3.14,0.613,5.28,3.47,1.29,-2.29,1.18,1.21,1.29,1.86,0,-0.84,neutral,neutral,0,-0.443,32,8653,1,
s29711,APEUSDT,1787694300000,testB,-1,-2.44,0.636,4.8,2.79,2.63,-1.6,1.1,0.86,0.82,0.76,1,-0.84,neutral,neutral,0,-0.692,32,8653,1,
s29712,GRTUSDT,1787695200000,testB,-1,-2.27,0.432,5.26,2.94,0.4,-1.77,0.53,1.16,1.24,1.87,0,-0.5,neutral,neutral,0,-0.269,32,8654,0,
s29713,WLDUSDT,1787696100000,train,-1,-2.58,0.381,5.53,2.85,0.56,-1.8,0.58,0.68,0.69,0.77,0,-0.78,neutral,neutral,0,-1.0,17,8656,1,
s29714,ENAUSDT,1787696100000,train,-1,-3.47,0.431,6.0,3.59,0.67,-2.69,1.29,0.51,0.66,0.68,0,-0.78,neutral,neutral,0,0.387,32,8656,1,
s29715,ARBUSDT,1787696100000,train,-1,-2.52,0.478,4.88,2.58,0.4,-1.74,0.6,0.57,0.62,0.68,0,-0.78,neutral,neutral,0,-0.171,32,8656,1,
s29716,SUIUSDT,1787696100000,train,-1,-2.82,0.431,5.53,2.98,0.49,-2.04,0.79,1.1,1.06,1.11,0,-0.78,neutral,neutral,0,-0.062,32,8656,1,
s29717,SEIUSDT,1787696100000,train,-1,-2.03,0.436,4.9,2.27,0.7,-1.25,0.43,0.79,0.85,1.13,0,-0.78,neutral,neutral,0,0.019,32,8656,1,
s29718,FETUSDT,1787696100000,train,-1,-2.96,0.424,5.92,3.11,0.42,-2.18,0.75,0.82,0.81,0.87,0,-0.78,neutral,neutral,0,-1.0,32,8655,1,
s29719,ARUSDT,1787696100000,testB,-1,-4.4,0.612,7.43,5.01,0.59,-3.62,1.99,0.84,0.95,1.02,0,-0.78,neutral,neutral,0,0.027,32,8655,1,
s29720,GRTUSDT,1787696100000,testB,-1,-2.2,0.417,5.24,2.53,0.46,-1.42,0.2,1.16,1.24,1.87,0,-0.78,neutral,neutral,0,-0.2,32,8655,0,
s29721,SANDUSDT,1787696100000,testB,-1,-2.41,0.437,4.96,2.49,0.55,-1.63,0.74,0.57,0.71,0.94,0,-0.78,neutral,neutral,0,-0.451,32,8655,1,
s29722,AXSUSDT,1787696100000,testB,-1,-2.01,0.394,4.8,2.21,0.39,-1.23,0.51,0.7,0.81,0.82,0,-0.78,neutral,neutral,0,0.238,32,8655,1,
s29723,WLDUSDT,1787697000000,train,-1,-2.53,0.37,5.52,2.69,0.46,-2.03,0.38,0.68,0.69,0.77,0,-0.49,neutral,neutral,0,-1.0,16,8657,0,
s29724,ENAUSDT,1787697000000,train,-1,-3.15,0.389,5.89,3.31,0.55,-2.65,1.04,0.51,0.66,0.68,0,-0.49,neutral,neutral,0,0.511,32,8657,0,
s29725,ARBUSDT,1787697000000,train,-1,-2.08,0.393,4.73,2.2,0.33,-1.59,0.35,0.57,0.62,0.68,0,-0.49,neutral,neutral,0,-0.117,32,8657,0,
s29726,SUIUSDT,1787697000000,train,-1,-2.66,0.401,5.53,2.84,0.39,-2.17,0.63,1.1,1.06,1.11,0,-0.49,neutral,neutral,0,-0.065,32,8657,0,
s29727,ARUSDT,1787697000000,testB,-1,-4.56,0.652,7.42,4.82,0.51,-4.07,1.58,0.84,0.95,1.02,0,-0.49,neutral,neutral,0,0.123,32,8656,0,
s29728,SANDUSDT,1787697000000,testB,-1,-2.15,0.378,4.95,2.27,0.47,-1.65,0.46,0.57,0.71,0.94,0,-0.49,neutral,neutral,0,-0.387,32,8656,0,
s29729,FETUSDT,1787697900000,train,-1,-2.85,0.4,5.5,2.94,0.52,-2.55,0.94,0.82,0.81,0.87,0,-0.3,neutral,neutral,0,-1.0,28,8657,1,
s29730,ARUSDT,1787697900000,testB,-1,-3.92,0.563,7.17,4.26,0.41,-3.62,1.13,0.84,0.95,1.02,0,-0.3,neutral,neutral,0,0.223,32,8657,0,
s29731,ENAUSDT,1787698800000,train,-1,-2.74,0.39,5.61,2.98,0.41,-2.48,0.73,0.49,0.63,0.67,0,-0.26,neutral,neutral,0,0.123,32,8659,0,
s29732,FETUSDT,1787698800000,train,-1,-2.63,0.379,5.28,3.07,0.47,-2.37,1.15,0.83,0.82,0.87,0,-0.26,neutral,bajista,0,-1.0,26,8658,2,
s29733,ARUSDT,1787698800000,testB,-1,-4.1,0.573,6.83,4.28,0.31,-3.84,1.4,0.84,0.98,1.0,0,-0.26,neutral,neutral,0,0.213,32,8658,1,
s29734,ARUSDT,1787699700000,testB,-1,-3.92,0.56,5.78,4.04,0.29,-3.68,2.05,0.84,0.98,1.0,0,-0.25,neutral,bajista,0,0.08,32,8659,2,
s29735,SANDUSDT,1787699700000,testB,-1,-2.12,0.376,4.32,2.33,0.49,-1.87,1.04,0.61,0.72,0.92,0,-0.25,neutral,bajista,0,-1.0,11,8659,2,
s29736,ENAUSDT,1787700600000,train,-1,-2.77,0.391,4.8,3.15,0.41,-2.58,1.37,0.49,0.63,0.67,0,-0.19,neutral,bajista,0,-0.007,32,8661,2,
s29737,ARUSDT,1787700600000,testB,-1,-3.86,0.554,5.77,4.57,0.41,-3.67,2.3,0.84,0.98,1.0,0,-0.19,neutral,bajista,0,-0.081,32,8660,3,
s29738,SANDUSDT,1787700600000,testB,-1,-2.1,0.373,4.21,2.51,0.81,-1.91,1.14,0.61,0.72,0.92,0,-0.19,neutral,bajista,0,-1.0,10,8660,3,
s29739,ENAUSDT,1787701500000,train,-1,-3.17,0.427,4.65,3.37,0.54,-2.68,1.63,0.49,0.63,0.67,0,-0.49,neutral,bajista,0,0.025,32,8662,3,
s29740,ARBUSDT,1787701500000,train,-1,-2.04,0.402,3.67,2.17,0.65,-1.55,1.09,0.59,0.61,0.68,0,-0.49,neutral,bajista,0,-1.0,10,8662,4,
s29741,SUIUSDT,1787701500000,train,-1,-2.27,0.365,4.38,2.5,0.39,-1.78,1.05,1.01,1.04,1.08,0,-0.49,neutral,bajista,0,-0.127,32,8662,4,
s29742,ARUSDT,1787701500000,testB,-1,-4.29,0.651,5.68,4.52,0.62,-3.8,2.1,0.84,0.98,1.0,0,-0.49,neutral,bajista,0,0.02,32,8661,4,
s29743,SANDUSDT,1787701500000,testB,-1,-2.14,0.385,4.21,2.36,0.88,-1.65,0.9,0.61,0.72,0.92,0,-0.49,neutral,neutral,0,-1.0,9,8661,0,
s29744,ENAUSDT,1787702400000,train,-1,-2.79,0.394,4.26,3.29,0.66,-2.13,1.68,0.49,0.59,0.66,0,-0.66,neutral,bajista,0,-0.205,32,8663,4,
s29745,ARBUSDT,1787702400000,train,-1,-2.05,0.402,3.37,2.24,0.59,-1.39,1.26,0.61,0.57,0.66,0,-0.66,neutral,bajista,0,-1.0,9,8663,5,
s29746,SUIUSDT,1787702400000,train,-1,-2.28,0.365,4.02,2.68,0.45,-1.62,1.36,1.03,1.02,1.04,0,-0.66,neutral,bajista,0,-0.46,32,8663,5,
s29747,FETUSDT,1787702400000,train,-1,-2.78,0.359,4.35,3.23,0.61,-2.12,1.56,0.81,0.8,0.85,0,-0.66,neutral,neutral,0,-1.0,12,8662,1,
s29748,ARUSDT,1787702400000,testB,-1,-4.61,0.667,5.49,5.07,0.72,-3.95,2.43,0.9,0.93,0.93,0,-0.66,neutral,bajista,0,-0.193,32,8662,5,
s29749,SANDUSDT,1787702400000,testB,-1,-2.25,0.396,4.1,2.69,1.15,-1.59,1.18,0.64,0.69,0.82,0,-0.66,neutral,neutral,0,-1.0,8,8662,1,
s29750,ARUSDT,1787703300000,testB,-1,-3.73,0.5,5.36,4.2,0.73,-3.51,1.46,0.9,0.93,0.93,0,-0.22,neutral,neutral,0,-0.011,32,8663,0,
s29751,ARUSDT,1787704200000,testB,-1,-2.83,0.429,4.2,3.09,0.67,-2.73,1.42,0.9,0.93,0.93,0,-0.09,neutral,neutral,0,-0.0,32,8664,0,
s29752,WLDUSDT,1787705100000,train,1,2.02,0.379,4.02,3.35,0.7,1.48,0.59,0.64,0.67,0.76,0,0.54,neutral,neutral,0,0.423,32,8666,1,
s29753,STXUSDT,1787705100000,testB,1,4.61,0.454,6.39,5.53,2.64,4.07,2.71,1.3,1.71,3.4,0,0.54,neutral,alcista,0,0.264,32,8665,3,
s29754,WLDUSDT,1787706000000,train,1,2.21,0.4,3.26,2.67,0.73,1.62,0.82,0.65,0.59,0.75,0,0.58,neutral,alcista,0,0.385,32,8667,2,
s29755,JUPUSDT,1787706000000,train,1,2.8,0.391,3.93,3.23,1.37,2.22,1.91,1.0,0.93,1.66,0,0.58,neutral,alcista,0,0.243,32,8667,4,
s29756,PENDLEUSDT,1787706000000,train,1,3.01,0.504,3.75,3.36,0.98,2.42,1.29,0.57,0.51,0.66,0,0.58,neutral,alcista,0,-0.262,32,8667,5,
s29757,STXUSDT,1787706000000,testB,1,4.83,0.466,5.72,5.02,2.73,4.25,2.91,1.48,1.69,3.48,0,0.58,neutral,alcista,0,0.022,32,8666,4,
s29758,JUPUSDT,1787706900000,train,1,2.56,0.365,3.93,2.82,2.02,2.24,1.7,1.0,0.93,1.66,0,0.32,neutral,neutral,0,-1.0,15,8668,0,
s29759,PENDLEUSDT,1787706900000,train,1,2.5,0.411,3.14,2.44,1.31,2.18,1.04,0.57,0.51,0.66,0,0.32,neutral,neutral,0,-0.58,32,8668,0,
s29760,STXUSDT,1787706900000,testB,1,4.65,0.458,5.15,4.85,3.04,4.33,3.03,1.48,1.69,3.48,0,0.32,neutral,alcista,0,0.168,32,8667,5,
s29761,PENDLEUSDT,1787707800000,train,1,2.33,0.395,2.83,2.36,0.86,1.97,1.19,0.57,0.51,0.66,0,0.36,neutral,neutral,0,-0.862,32,8669,1,
s29762,STXUSDT,1787707800000,testB,1,6.32,0.542,6.6,6.09,2.69,5.96,4.18,1.48,1.69,3.48,0,0.36,neutral,alcista,0,-0.383,32,8668,6,
s29763,STXUSDT,1787708700000,testB,1,4.06,0.356,6.67,5.16,1.62,3.75,2.82,1.48,1.69,3.48,0,0.31,neutral,neutral,0,-0.407,32,8669,0,
s29764,ENAUSDT,1787709600000,train,-1,-2.22,0.363,2.99,2.55,0.97,-2.03,0.76,0.47,0.52,0.61,0,-0.19,neutral,neutral,0,0.237,32,8671,0,
s29765,STXUSDT,1787709600000,testB,1,5.87,0.445,8.17,7.31,1.75,6.06,4.6,2.06,1.82,3.66,0,-0.19,neutral,neutral,0,-0.581,32,8670,1,
s29766,WLDUSDT,1787710500000,train,1,2.18,0.393,3.33,3.18,0.84,1.46,1.68,0.52,0.56,0.72,0,0.72,neutral,neutral,0,0.096,32,8672,1,
s29767,OPUSDT,1787710500000,train,1,2.48,0.552,2.9,2.77,1.11,1.76,1.7,0.57,0.57,0.72,0,0.72,neutral,alcista,0,-1.0,29,8672,4,
s29768,PENDLEUSDT,1787710500000,train,1,2.11,0.369,2.74,2.71,0.81,1.38,1.38,0.52,0.47,0.62,0,0.72,neutral,neutral,0,-1.0,30,8672,1,
s29769,STXUSDT,1787710500000,testB,1,6.44,0.506,8.18,7.24,1.8,5.72,4.09,2.06,1.82,3.66,0,0.72,neutral,neutral,0,-0.602,32,8671,0,
s29770,WLDUSDT,1787711400000,train,1,2.8,0.454,3.98,3.91,0.93,2.34,2.22,0.52,0.56,0.72,0,0.46,neutral,alcista,0,0.097,32,8673,2,
s29771,OPUSDT,1787711400000,train,1,2.02,0.433,2.91,2.47,0.96,1.56,1.25,0.57,0.57,0.72,0,0.46,neutral,neutral,0,-1.0,28,8673,0,
s29772,STXUSDT,1787711400000,testB,1,8.37,0.659,10.04,7.97,2.1,7.91,4.27,2.06,1.82,3.66,0,0.46,neutral,neutral,0,-0.529,32,8672,1,
s29773,WLDUSDT,1787712300000,train,1,2.3,0.36,4.2,3.57,1.01,2.02,1.56,0.52,0.56,0.72,0,0.28,neutral,neutral,0,0.241,32,8674,0,
s29774,STXUSDT,1787712300000,testB,1,7.4,0.593,10.08,7.64,2.35,7.12,3.43,2.06,1.82,3.66,0,0.28,neutral,neutral,0,-0.531,32,8673,0,
s29775,SANDUSDT,1787714100000,testB,1,2.06,0.359,3.51,2.82,0.49,1.67,0.56,0.45,0.53,0.71,0,0.39,neutral,neutral,0,-1.0,26,8675,0,
s29776,XPLUSDT,1787715000000,train,1,2.92,0.422,4.31,3.47,0.72,2.33,1.05,0.55,0.64,0.81,0,0.59,neutral,alcista,0,-1.0,21,8677,2,
s29777,FETUSDT,1787715000000,train,1,2.34,0.422,3.38,2.95,0.69,1.75,0.85,0.42,0.62,0.77,0,0.59,neutral,neutral,0,-1.0,26,8676,1,
s29778,SANDUSDT,1787715000000,testB,1,2.27,0.407,3.52,2.72,0.45,1.68,0.42,0.45,0.53,0.71,0,0.59,neutral,neutral,0,-1.0,25,8676,0,
s29779,XPLUSDT,1787715900000,train,1,2.77,0.401,4.21,3.3,0.56,2.07,0.93,0.55,0.64,0.81,0,0.69,neutral,neutral,0,-1.0,20,8678,0,
s29780,STXUSDT,1787715900000,testB,1,6.94,0.484,10.13,7.21,1.17,6.24,2.25,2.45,1.98,3.81,0,0.69,neutral,alcista,0,-0.38,32,8677,3,
s29781,XPLUSDT,1787716800000,train,1,2.95,0.435,4.22,2.95,0.6,2.07,0.55,0.53,0.6,0.79,0,0.87,neutral,neutral,0,-1.0,19,8679,0,
s29782,0GUSDT,1787716800000,train,1,3.38,0.639,3.4,3.34,0.91,2.51,1.31,0.56,0.5,0.77,0,0.87,neutral,neutral,0,-1.0,22,8679,1,
s29783,WLDUSDT,1787716800000,train,1,2.41,0.38,3.96,2.37,1.08,1.53,0.34,0.45,0.57,0.69,0,0.87,neutral,neutral,0,0.054,32,8679,1,
s29784,FETUSDT,1787716800000,train,1,2.55,0.519,3.33,2.48,0.62,1.67,0.34,0.37,0.6,0.75,0,0.87,neutral,neutral,0,-1.0,24,8678,0,
s29785,ARUSDT,1787716800000,testB,1,2.14,0.383,2.82,2.09,0.82,1.27,0.21,0.49,0.67,0.8,0,0.87,neutral,neutral,0,-1.0,21,8678,0,
s29786,STXUSDT,1787716800000,testB,1,7.74,0.543,9.99,7.37,0.79,6.87,2.24,2.73,2.1,3.8,0,0.87,neutral,alcista,0,-0.42,32,8678,4,
s29787,GRTUSDT,1787716800000,testB,1,2.64,0.657,3.13,2.68,0.81,1.77,0.74,0.66,0.92,1.41,0,0.87,neutral,neutral,0,-1.0,21,8678,1,
s29788,SANDUSDT,1787716800000,testB,1,3.09,0.527,3.31,3.02,0.53,2.21,0.91,0.48,0.53,0.68,0,0.87,neutral,neutral,0,-1.0,23,8678,1,
s29789,XPLUSDT,1787717700000,train,1,2.27,0.375,3.44,2.25,0.47,1.74,0.65,0.53,0.6,0.79,0,0.53,neutral,neutral,0,-1.0,14,8680,1,
s29790,0GUSDT,1787717700000,train,1,2.61,0.494,3.53,2.67,1.37,2.08,0.88,0.56,0.5,0.77,0,0.53,neutral,neutral,0,-1.0,21,8680,0,
s29791,STXUSDT,1787717700000,testB,1,5.84,0.454,8.61,5.69,0.85,5.3,1.75,2.73,2.1,3.8,0,0.53,neutral,neutral,0,-1.0,23,8679,0,
s29792,GRTUSDT,1787717700000,testB,1,2.46,0.642,3.07,2.79,0.6,1.93,0.89,0.66,0.92,1.41,0,0.53,neutral,alcista,0,-1.0,20,8679,2,
s29793,SANDUSDT,1787717700000,testB,1,2.28,0.429,3.1,2.5,0.83,1.75,0.73,0.48,0.53,0.68,0,0.53,neutral,neutral,0,-1.0,22,8679,0,
s29794,PUMPUSDT,1787718600000,train,1,6.04,0.365,7.06,6.18,0.74,5.32,2.86,0.77,0.82,0.94,0,0.72,neutral,alcista,0,-0.21,32,8681,3,
s29795,0GUSDT,1787718600000,train,1,2.61,0.494,3.47,2.54,1.63,1.89,0.77,0.56,0.5,0.77,0,0.72,neutral,neutral,0,-1.0,20,8681,0,
s29796,FETUSDT,1787718600000,train,1,2.28,0.493,2.65,2.47,0.67,1.55,0.92,0.37,0.6,0.75,0,0.72,neutral,alcista,0,-1.0,20,8680,2,
s29797,STXUSDT,1787718600000,testB,1,5.28,0.432,7.67,5.34,0.72,4.56,2.19,2.73,2.1,3.8,0,0.72,neutral,neutral,0,-1.0,22,8680,1,
s29798,GRTUSDT,1787718600000,testB,1,2.4,0.618,2.85,2.46,0.64,1.68,0.72,0.66,0.92,1.41,0,0.72,neutral,neutral,0,-1.0,19,8680,0,
s29799,JUPUSDT,1787720400000,train,-1,-2.82,0.409,4.33,3.99,0.85,-3.02,1.69,0.86,0.85,1.27,0,0.2,neutral,bajista,0,-1.0,16,8683,3,
s29800,FETUSDT,1787722200000,train,1,2.07,0.37,2.86,2.68,1.68,1.75,1.53,0.39,0.61,0.73,0,0.31,neutral,alcista,0,-1.0,15,8684,2,
s29801,FETUSDT,1787723100000,train,1,2.19,0.391,3.15,2.74,2.19,1.85,1.37,0.39,0.61,0.73,0,0.34,neutral,neutral,0,-1.0,14,8685,0,
s29802,FETUSDT,1787724000000,train,1,2.87,0.528,3.03,2.79,1.93,2.59,1.48,0.4,0.6,0.71,0,0.29,neutral,neutral,0,-1.0,13,8686,1,
s29803,INJUSDT,1787724900000,train,-1,-2.82,0.428,3.23,2.94,0.81,-2.42,0.87,0.51,0.94,1.37,0,-0.4,neutral,neutral,0,0.901,32,8688,1,
s29804,JUPUSDT,1787724900000,train,-1,-2.61,0.416,4.18,2.73,0.66,-2.21,0.66,0.77,0.84,1.13,0,-0.4,neutral,bajista,0,-1.0,11,8688,3,
s29805,LDOUSDT,1787724900000,testB,-1,-2.64,0.595,2.82,2.76,0.96,-2.24,1.19,0.38,1.13,0.94,0,-0.4,neutral,neutral,0,1.061,32,8687,1,
s29806,INJUSDT,1787725800000,train,-1,-2.25,0.372,2.74,2.49,0.74,-2.0,0.84,0.51,0.94,1.37,0,-0.26,neutral,bajista,0,1.307,32,8689,2,
s29807,LDOUSDT,1787725800000,testB,-1,-2.69,0.6,3.13,2.88,0.81,-2.44,1.25,0.38,1.13,0.94,0,-0.26,neutral,bajista,0,1.117,32,8688,2,
s29808,LDOUSDT,1787726700000,testB,-1,-2.34,0.518,2.96,2.51,0.83,-2.14,0.95,0.38,1.13,0.94,0,-0.2,neutral,neutral,0,1.622,32,8689,0,
s29809,PUMPUSDT,1787727600000,train,1,4.59,0.45,5.94,5.02,1.1,4.65,1.82,0.81,0.89,0.94,0,-0.06,neutral,alcista,0,-1.0,25,8691,3,
s29810,STBLUSDT,1787727600000,train,1,2.34,0.363,4.77,3.62,1.61,2.4,1.86,1.4,0.93,0.88,1,-0.06,neutral,neutral,0,0.087,32,8691,1,
s29811,XPLUSDT,1787728500000,train,-1,-2.32,0.542,3.0,2.93,0.96,-2.18,1.23,0.46,0.61,0.75,0,-0.13,neutral,bajista,1,2.0,30,8692,2,
s29812,PUMPUSDT,1787728500000,train,1,4.68,0.459,5.97,4.57,0.83,4.81,1.37,0.81,0.89,0.94,0,-0.13,neutral,neutral,0,-1.0,24,8692,0,
s29813,STBLUSDT,1787728500000,train,1,3.79,0.48,5.09,4.97,2.2,3.92,2.98,1.4,0.93,0.88,1,-0.13,neutral,alcista,0,-0.031,32,8692,2,
s29814,XPLUSDT,1787729400000,train,-1,-2.31,0.542,2.69,2.51,0.82,-2.23,1.05,0.46,0.61,0.75,0,-0.08,neutral,neutral,1,2.0,28,8693,0,
s29815,PUMPUSDT,1787729400000,train,1,2.92,0.35,5.14,3.91,0.83,3.0,1.15,0.81,0.89,0.94,0,-0.08,neutral,neutral,0,-1.0,18,8693,1,
s29816,XPLUSDT,1787730300000,train,-1,-2.63,0.573,2.9,2.84,0.81,-2.42,1.24,0.46,0.61,0.75,0,-0.2,neutral,neutral,1,2.0,28,8694,1,
s29817,XPLUSDT,1787731200000,train,-1,-2.21,0.516,2.95,2.68,0.67,-2.21,1.11,0.42,0.53,0.75,0,-0.01,neutral,neutral,1,2.0,27,8695,0,
s29818,XPLUSDT,1787732100000,train,-1,-2.72,0.586,2.96,2.92,0.61,-2.69,1.42,0.42,0.53,0.75,0,-0.03,neutral,neutral,1,2.0,26,8696,1,
s29819,XPLUSDT,1787733000000,train,-1,-2.8,0.593,3.07,2.96,0.7,-2.85,1.41,0.42,0.53,0.75,0,0.05,neutral,bajista,1,2.0,25,8697,2,
s29820,XPLUSDT,1787733900000,train,-1,-2.41,0.555,3.13,2.78,1.01,-2.27,1.38,0.42,0.53,0.75,0,-0.15,neutral,bajista,1,2.0,24,8698,3,
s29821,STBLUSDT,1787733900000,train,1,4.61,0.456,5.37,4.83,0.93,4.75,2.7,1.65,1.02,0.89,1,-0.15,neutral,alcista,0,-0.28,32,8698,4,
s29822,JUPUSDT,1787733900000,train,1,3.17,0.519,3.99,3.81,1.62,3.32,1.47,0.71,0.83,1.05,0,-0.15,neutral,alcista,0,-0.253,32,8698,2,
s29823,STBLUSDT,1787734800000,train,1,4.18,0.395,5.64,4.13,1.09,4.33,1.74,1.77,1.06,0.9,1,-0.15,neutral,neutral,0,-0.085,32,8699,0,
s29824,JUPUSDT,1787734800000,train,1,3.71,0.639,4.68,3.9,2.63,3.86,1.38,1.0,0.92,1.09,0,-0.15,neutral,alcista,0,-0.071,32,8699,3,
s29825,XPLUSDT,1787735700000,train,-1,-2.36,0.587,3.66,3.12,1.82,-1.74,1.44,0.65,0.6,0.75,0,-0.62,neutral,neutral,1,2.0,23,8700,1,
s29826,STBLUSDT,1787735700000,train,1,3.77,0.354,5.38,3.63,0.78,4.38,1.38,1.77,1.06,0.9,1,-0.62,neutral,neutral,0,0.355,32,8700,0,
s29827,JUPUSDT,1787735700000,train,1,2.6,0.462,3.87,2.63,3.02,3.22,0.84,1.0,0.92,1.09,0,-0.62,neutral,neutral,0,0.439,32,8700,0,
s29828,FETUSDT,1787735700000,train,-1,-2.22,0.352,4.48,4.29,1.34,-1.6,2.11,0.63,0.52,0.68,0,-0.62,neutral,bajista,0,0.1,32,8699,5,
s29829,ARUSDT,1787735700000,testB,-1,-2.31,0.63,2.92,2.55,1.34,-1.69,0.96,0.62,0.57,0.77,0,-0.62,neutral,neutral,0,-0.455,32,8699,1,
s29830,GRTUSDT,1787735700000,testB,-1,-2.2,0.459,3.81,3.46,1.65,-1.58,2.2,0.64,0.65,0.99,0,-0.62,neutral,bajista,0,0.317,32,8699,3,
s29831,LDOUSDT,1787735700000,testB,-1,-3.28,0.534,4.19,3.68,4.41,-2.66,2.21,0.65,0.81,0.98,0,-0.62,neutral,bajista,0,0.217,32,8699,3,
s29832,XPLUSDT,1787736600000,train,-1,-4.72,0.775,5.58,5.3,3.53,-3.72,3.27,0.65,0.6,0.75,0,-1.0,neutral,bajista,0,0.571,32,8701,2,
s29833,0GUSDT,1787736600000,train,-1,-2.12,0.531,2.81,2.49,2.89,-1.13,1.53,0.47,0.5,0.64,0,-1.0,neutral,bajista,0,0.308,32,8701,4,
s29834,SUIUSDT,1787736600000,train,-1,-2.09,0.584,2.67,2.6,1.6,-1.09,1.35,0.56,0.53,0.81,0,-1.0,neutral,bajista,0,0.482,32,8701,2,
s29835,PENDLEUSDT,1787736600000,train,-1,-2.23,0.509,2.98,2.98,1.52,-1.23,1.58,0.38,0.38,0.52,0,-1.0,neutral,bajista,0,0.092,32,8701,6,
s29836,FETUSDT,1787736600000,train,-1,-3.45,0.569,4.94,4.87,1.53,-2.46,2.3,0.63,0.52,0.68,0,-1.0,neutral,bajista,0,0.089,32,8700,6,
s29837,ARUSDT,1787736600000,testB,-1,-2.14,0.61,2.7,2.6,1.56,-1.14,1.04,0.62,0.57,0.77,0,-1.0,neutral,bajista,0,-0.339,32,8700,2,
s29838,STXUSDT,1787736600000,testB,-1,-4.15,0.547,6.83,6.2,1.13,-3.15,2.01,1.54,2.04,2.17,0,-1.0,neutral,neutral,0,-0.482,32,8700,1,
s29839,GRTUSDT,1787736600000,testB,-1,-2.86,0.699,3.81,3.46,1.86,-1.86,1.88,0.64,0.65,0.99,0,-1.0,neutral,neutral,0,0.333,32,8700,0,
s29840,LDOUSDT,1787736600000,testB,-1,-3.1,0.519,3.72,3.43,4.44,-2.1,2.13,0.65,0.81,0.98,0,-1.0,neutral,bajista,0,0.175,32,8700,4,
s29841,AXSUSDT,1787736600000,testB,-1,-2.09,0.678,2.19,2.19,1.94,-1.09,1.3,0.44,0.44,0.64,0,-1.0,neutral,bajista,0,-0.069,32,8700,4,
s29842,XPLUSDT,1787737500000,train,-1,-4.11,0.658,5.55,4.88,4.15,-3.31,2.51,0.65,0.6,0.75,0,-0.81,neutral,neutral,0,0.692,32,8702,0,
s29843,0GUSDT,1787737500000,train,-1,-2.31,0.569,3.19,2.62,3.04,-1.5,1.49,0.47,0.5,0.64,0,-0.81,neutral,bajista,0,0.366,32,8702,5,
s29844,FETUSDT,1787737500000,train,-1,-3.45,0.569,5.24,4.81,1.05,-2.65,2.04,0.63,0.52,0.68,0,-0.81,neutral,neutral,0,0.218,32,8701,0,
s29845,STXUSDT,1787737500000,testB,-1,-4.94,0.6,7.26,7.0,1.38,-4.13,2.45,1.54,2.04,2.17,0,-0.81,neutral,bajista,0,-0.296,32,8701,2,
s29846,GRTUSDT,1787737500000,testB,-1,-2.69,0.632,3.8,3.11,1.73,-1.88,1.36,0.64,0.65,0.99,0,-0.81,neutral,neutral,0,0.537,32,8701,0,
s29847,LDOUSDT,1787737500000,testB,-1,-2.55,0.418,3.7,3.08,4.72,-1.75,1.61,0.65,0.81,0.98,0,-0.81,neutral,neutral,0,0.454,32,8701,0,
s29848,XPLUSDT,1787738400000,train,-1,-3.32,0.471,5.07,3.52,3.87,-2.59,1.55,0.73,0.63,0.75,0,-0.72,neutral,neutral,0,1.212,32,8703,0,
s29849,PUMPUSDT,1787738400000,train,-1,-2.84,0.413,4.21,4.1,0.91,-2.11,1.48,0.74,0.76,0.91,0,-0.72,neutral,neutral,0,-1.0,30,8703,1,
s29850,0GUSDT,1787738400000,train,-1,-2.37,0.594,3.19,2.62,3.25,-1.65,1.33,0.43,0.49,0.64,0,-0.72,neutral,neutral,0,0.341,32,8703,0,
s29851,JUPUSDT,1787738400000,train,1,2.48,0.371,3.52,3.02,1.62,3.21,1.39,1.27,1.06,1.15,0,-0.72,neutral,alcista,0,-0.212,32,8703,2,
s29852,PENDLEUSDT,1787738400000,train,-1,-2.27,0.499,3.23,3.13,1.63,-1.55,1.46,0.39,0.38,0.52,0,-0.72,neutral,neutral,0,0.002,32,8703,1,
s29853,FETUSDT,1787738400000,train,-1,-3.92,0.647,5.87,5.07,1.4,-3.2,2.2,0.71,0.54,0.68,0,-0.72,neutral,neutral,0,0.159,32,8702,1,
s29854,ARUSDT,1787738400000,testB,-1,-2.09,0.523,2.69,2.37,1.35,-1.37,0.85,0.66,0.58,0.78,0,-0.72,neutral,neutral,0,-0.0,32,8702,1,
s29855,STXUSDT,1787738400000,testB,-1,-4.97,0.607,7.52,5.45,1.75,-4.24,2.32,1.37,2.1,2.08,0,-0.72,neutral,neutral,0,-0.593,32,8702,0,
s29856,GRTUSDT,1787738400000,testB,-1,-2.41,0.589,3.68,2.93,1.77,-1.69,1.2,0.61,0.64,0.96,0,-0.72,neutral,neutral,0,0.627,32,8702,0,
s29857,LDOUSDT,1787738400000,testB,-1,-2.69,0.451,3.56,2.93,4.83,-1.97,1.53,0.72,0.8,0.99,0,-0.72,neutral,neutral,0,0.456,32,8702,0,
s29858,XPLUSDT,1787739300000,train,-1,-2.63,0.373,4.99,3.1,3.81,-2.28,1.11,0.73,0.63,0.75,0,-0.35,neutral,neutral,1,2.0,25,8704,0,
s29859,JUPUSDT,1787739300000,train,1,4.04,0.531,4.2,4.16,1.63,4.39,2.2,1.27,1.06,1.15,0,-0.35,neutral,alcista,0,-0.435,32,8704,3,
s29860,FETUSDT,1787739300000,train,-1,-3.17,0.558,5.86,4.87,1.2,-2.82,1.93,0.71,0.54,0.68,0,-0.35,neutral,neutral,0,0.127,32,8703,0,
s29861,STXUSDT,1787739300000,testB,-1,-4.57,0.585,6.89,5.01,1.89,-4.22,2.38,1.37,2.1,2.08,0,-0.35,neutral,neutral,0,-1.0,29,8703,1,
s29862,WLDUSDT,1787740200000,train,1,2.23,0.361,2.79,2.41,0.94,2.51,1.36,0.5,0.47,0.58,0,-0.27,neutral,alcista,0,-1.0,13,8705,2,
s29863,JUPUSDT,1787740200000,train,1,5.3,0.598,5.34,5.16,1.71,5.57,3.42,1.27,1.06,1.15,0,-0.27,neutral,alcista,0,-0.724,32,8705,4,
s29864,FETUSDT,1787740200000,train,-1,-3.15,0.558,5.84,4.49,1.17,-2.88,1.42,0.71,0.54,0.68,0,-0.27,neutral,neutral,0,0.233,32,8704,0,
s29865,STXUSDT,1787740200000,testB,-1,-3.14,0.383,6.72,3.92,1.64,-2.87,1.33,1.37,2.1,2.08,0,-0.27,neutral,neutral,0,-1.0,24,8704,0,
s29866,WLDUSDT,1787741100000,train,1,2.31,0.369,3.21,2.53,1.18,2.59,1.36,0.5,0.47,0.58,0,-0.28,neutral,alcista,0,-1.0,12,8706,3,
s29867,JUPUSDT,1787741100000,train,1,4.07,0.42,5.39,4.22,1.82,4.35,2.18,1.27,1.06,1.15,0,-0.28,neutral,neutral,0,-0.681,32,8706,0,
s29868,FETUSDT,1787741100000,train,-1,-3.21,0.574,5.84,4.42,1.01,-2.93,1.27,0.71,0.54,0.68,0,-0.28,neutral,neutral,0,0.167,32,8705,0,
s29869,STXUSDT,1787741100000,testB,-1,-3.15,0.383,6.02,3.4,1.28,-2.87,1.39,1.37,2.1,2.08,0,-0.28,neutral,neutral,0,-1.0,19,8705,1,
s29870,JUPUSDT,1787742000000,train,1,4.11,0.423,5.03,3.99,1.77,4.47,2.14,1.38,1.13,1.17,0,-0.36,neutral,neutral,0,-1.0,16,8707,1,
s29871,FETUSDT,1787742000000,train,-1,-4.08,0.742,5.74,4.75,0.69,-3.72,1.45,0.69,0.54,0.68,0,-0.36,neutral,neutral,0,0.091,32,8706,1,
s29872,JUPUSDT,1787742900000,train,1,3.59,0.358,5.05,3.61,1.25,3.99,1.52,1.38,1.13,1.17,0,-0.4,neutral,neutral,0,-1.0,15,8708,0,
s29873,FETUSDT,1787742900000,train,-1,-4.2,0.747,5.19,4.39,0.69,-3.81,1.53,0.69,0.54,0.68,0,-0.4,neutral,bajista,0,-0.056,32,8707,2,
s29874,LDOUSDT,1787742900000,testB,-1,-2.45,0.393,3.22,2.56,0.65,-2.05,1.0,0.73,0.59,0.98,0,-0.4,neutral,bajista,0,-0.178,32,8707,2,
s29875,XPLUSDT,1787743800000,train,-1,-2.9,0.364,4.16,3.11,0.39,-2.24,1.51,0.7,0.63,0.75,0,-0.66,neutral,bajista,0,1.288,32,8709,3,
s29876,FETUSDT,1787743800000,train,-1,-3.99,0.736,4.84,4.34,0.71,-3.33,1.68,0.69,0.54,0.68,0,-0.66,neutral,bajista,0,-0.014,32,8708,3,
s29877,LDOUSDT,1787743800000,testB,-1,-2.34,0.382,3.11,2.48,0.57,-1.68,0.95,0.73,0.59,0.98,0,-0.66,neutral,bajista,0,-0.195,32,8708,3,
s29878,INJUSDT,1787744700000,train,-1,-2.1,0.446,3.4,3.16,1.02,-1.53,1.33,0.51,0.53,1.06,0,-0.56,neutral,bajista,0,-0.216,32,8710,5,
s29879,JUPUSDT,1787744700000,train,1,3.86,0.35,4.61,3.76,0.78,4.43,1.79,1.38,1.13,1.17,0,-0.56,neutral,neutral,0,-1.0,12,8710,1,
s29880,FETUSDT,1787744700000,train,-1,-3.76,0.724,4.84,4.47,0.66,-3.2,1.7,0.69,0.54,0.68,0,-0.56,neutral,bajista,0,-0.028,32,8709,4,
s29881,FETUSDT,1787745600000,train,-1,-3.88,0.747,4.66,4.35,0.62,-3.07,1.59,0.74,0.57,0.69,0,-0.81,neutral,bajista,0,-0.0,32,8710,5,
s29882,FETUSDT,1787746500000,train,-1,-2.99,0.521,4.38,3.33,0.64,-2.64,0.7,0.74,0.57,0.69,0,-0.35,neutral,neutral,0,0.278,32,8711,0,
s29883,FETUSDT,1787747400000,train,-1,-3.89,0.586,4.61,4.05,1.17,-2.95,1.53,0.74,0.57,0.69,0,-0.94,neutral,neutral,0,-0.046,32,8712,1,
s29884,FETUSDT,1787748300000,train,-1,-2.61,0.462,3.67,2.99,1.22,-2.1,1.28,0.74,0.57,0.69,0,-0.5,neutral,neutral,0,-0.354,32,8713,0,
s29885,FETUSDT,1787749200000,train,-1,-3.16,0.51,3.39,3.32,1.69,-2.32,1.8,0.8,0.65,0.69,0,-0.83,neutral,neutral,0,-0.943,32,8714,1,
s29886,FETUSDT,1787750100000,train,-1,-2.88,0.485,3.41,3.28,2.03,-2.26,2.29,0.8,0.65,0.69,0,-0.62,neutral,bajista,0,-1.0,31,8715,2,
s29887,ASTERUSDT,1787754600000,train,-1,-2.89,0.379,4.05,3.98,0.82,-1.93,1.48,0.69,0.49,0.54,0,-0.95,neutral,bajista,0,-1.0,27,8721,2,
s29888,XPLUSDT,1787754600000,train,-1,-3.47,0.36,4.67,4.19,1.78,-2.52,2.21,1.0,0.71,0.73,0,-0.95,neutral,bajista,0,-0.26,32,8721,2,
s29889,ENAUSDT,1787754600000,train,-1,-3.5,0.35,5.28,4.7,0.75,-2.55,1.33,0.59,0.46,0.5,0,-0.95,neutral,bajista,0,-1.0,32,8721,2,
s29890,ARBUSDT,1787754600000,train,-1,-2.97,0.457,3.47,3.37,0.93,-2.02,1.47,0.89,0.62,0.56,1,-0.95,neutral,bajista,0,-0.161,32,8721,2,
s29891,SUIUSDT,1787754600000,train,-1,-3.14,0.407,3.67,3.51,1.64,-2.19,1.77,0.86,0.68,0.76,0,-0.95,neutral,bajista,0,-0.625,32,8721,4,
s29892,GRTUSDT,1787754600000,testB,-1,-2.72,0.364,3.5,3.09,0.84,-1.77,1.18,0.69,0.64,0.8,0,-0.95,neutral,bajista,0,-0.623,32,8720,2,
s29893,ASTERUSDT,1787755500000,train,-1,-4.31,0.576,4.77,4.66,0.97,-3.13,1.94,0.69,0.49,0.54,0,-1.17,neutral,bajista,0,-1.0,26,8722,3,
s29894,XPLUSDT,1787755500000,train,-1,-4.53,0.438,6.26,5.15,3.23,-3.35,2.93,1.0,0.71,0.73,0,-1.17,neutral,bajista,0,-0.395,32,8722,3,
s29895,0GUSDT,1787755500000,train,-1,-2.9,0.426,2.98,2.92,0.97,-1.72,1.34,0.64,0.5,0.49,1,-1.17,neutral,bajista,0,-1.0,30,8722,2,
s29896,WLDUSDT,1787755500000,train,-1,-3.59,0.396,4.34,4.03,0.9,-2.41,1.78,0.71,0.59,0.57,1,-1.17,neutral,bajista,0,-0.761,32,8722,3,
s29897,ARBUSDT,1787755500000,train,-1,-4.61,0.566,5.25,5.03,2.33,-3.43,2.84,0.89,0.62,0.56,1,-1.17,neutral,bajista,0,-0.428,32,8722,3,
s29898,OPUSDT,1787755500000,train,-1,-2.7,0.373,3.78,3.59,0.71,-1.53,1.48,0.53,0.41,0.49,0,-1.17,neutral,bajista,0,0.307,32,8722,5,
s29899,SUIUSDT,1787755500000,train,-1,-3.87,0.463,4.45,4.22,1.91,-2.7,2.25,0.86,0.68,0.76,0,-1.17,neutral,bajista,0,-0.586,32,8722,5,
s29900,SEIUSDT,1787755500000,train,-1,-2.1,0.383,2.59,2.46,1.32,-0.93,1.12,0.9,0.65,0.72,0,-1.17,neutral,bajista,0,-1.0,30,8722,3,
s29901,ONDOUSDT,1787755500000,train,-1,-2.88,0.371,3.81,3.67,1.44,-1.71,1.52,0.67,0.5,0.53,0,-1.17,neutral,bajista,0,-1.0,30,8721,3,
s29902,FETUSDT,1787755500000,train,-1,-2.64,0.426,3.22,2.84,1.94,-1.47,1.07,0.95,0.75,0.7,1,-1.17,neutral,neutral,0,-1.0,24,8721,1,
s29903,GRTUSDT,1787755500000,testB,-1,-3.4,0.429,3.7,3.58,0.94,-2.23,1.6,0.69,0.64,0.8,0,-1.17,neutral,bajista,0,-0.672,32,8721,3,
s29904,LDOUSDT,1787755500000,testB,-1,-3.07,0.418,3.49,3.4,1.78,-1.9,1.7,0.92,0.66,0.94,0,-1.17,neutral,bajista,0,-1.0,20,8721,5,
s29905,APEUSDT,1787755500000,testB,-1,-2.25,0.381,2.74,2.52,0.86,-1.08,1.08,0.92,0.66,0.66,1,-1.17,neutral,bajista,0,-0.657,32,8721,3,
s29906,ASTERUSDT,1787756400000,train,-1,-3.19,0.412,5.04,3.93,1.16,-2.1,1.21,0.71,0.5,0.51,0,-1.09,neutral,neutral,0,-1.0,25,8723,0,
s29907,XPLUSDT,1787756400000,train,-1,-5.17,0.47,7.18,5.99,4.44,-4.08,3.41,0.95,0.8,0.73,1,-1.09,neutral,bajista,0,-0.459,32,8723,4,
s29908,0GUSDT,1787756400000,train,-1,-2.47,0.386,3.44,2.79,1.23,-1.38,1.28,0.58,0.51,0.5,1,-1.09,neutral,neutral,0,-1.0,29,8723,0,
s29909,WLDUSDT,1787756400000,train,-1,-3.27,0.374,4.95,4.11,1.13,-2.18,1.79,0.74,0.61,0.58,1,-1.09,neutral,bajista,0,-0.88,32,8723,4,
s29910,ARBUSDT,1787756400000,train,-1,-4.66,0.572,5.72,5.03,2.79,-3.57,2.72,0.98,0.68,0.59,1,-1.09,neutral,bajista,0,-0.442,32,8723,4,
s29911,OPUSDT,1787756400000,train,-1,-3.39,0.494,4.5,3.78,1.21,-2.3,1.63,0.59,0.45,0.5,0,-1.09,neutral,bajista,0,0.346,32,8723,6,
s29912,SUIUSDT,1787756400000,train,-1,-3.92,0.466,5.38,4.29,2.47,-2.83,2.2,0.95,0.76,0.79,0,-1.09,neutral,bajista,0,-0.662,32,8723,6,
s29913,SEIUSDT,1787756400000,train,-1,-2.25,0.406,3.12,2.57,1.68,-1.16,1.2,0.91,0.72,0.73,0,-1.09,neutral,bajista,0,-1.0,29,8723,4,
s29914,ONDOUSDT,1787756400000,train,-1,-2.77,0.352,4.34,3.55,1.93,-1.68,1.39,0.71,0.54,0.54,0,-1.09,neutral,neutral,0,-1.0,29,8722,0,
s29915,GRTUSDT,1787756400000,testB,-1,-3.29,0.42,4.22,3.58,1.07,-2.2,1.55,0.68,0.66,0.81,0,-1.09,neutral,neutral,0,-0.754,32,8722,0,
s29916,APEUSDT,1787756400000,testB,-1,-2.05,0.358,3.68,2.67,2.48,-0.96,1.16,0.85,0.75,0.7,1,-1.09,neutral,bajista,0,-0.568,32,8722,4,
s29917,ASTERUSDT,1787757300000,train,-1,-3.03,0.385,5.02,3.53,1.2,-2.44,0.88,0.71,0.5,0.51,0,-0.59,neutral,neutral,0,-1.0,24,8724,0,
s29918,XPLUSDT,1787757300000,train,-1,-4.38,0.409,7.17,5.73,4.55,-3.79,2.94,0.95,0.8,0.73,1,-0.59,neutral,neutral,0,-0.472,32,8724,0,
s29919,ARBUSDT,1787757300000,train,-1,-4.18,0.501,5.66,4.62,3.02,-3.59,2.2,0.98,0.68,0.59,1,-0.59,neutral,neutral,0,-1.0,32,8724,0,
s29920,XPLUSDT,1787758200000,train,-1,-3.89,0.379,7.18,6.01,2.88,-3.34,2.92,0.95,0.8,0.73,1,-0.55,neutral,neutral,0,-0.585,32,8725,1,
s29921,ARBUSDT,1787758200000,train,-1,-3.62,0.464,5.66,4.75,2.6,-3.07,2.1,0.98,0.68,0.59,1,-0.55,neutral,neutral,0,-1.0,31,8725,1,
s29922,XPLUSDT,1787759100000,train,-1,-4.1,0.403,7.19,6.08,1.46,-3.51,2.69,0.95,0.8,0.73,1,-0.59,neutral,bajista,0,-0.563,32,8726,2,
s29923,ARBUSDT,1787759100000,train,-1,-3.39,0.444,5.66,4.73,0.95,-2.8,1.89,0.98,0.68,0.59,1,-0.59,neutral,neutral,0,-1.0,30,8726,0,
s29924,XPLUSDT,1787760000000,train,-1,-4.21,0.409,7.21,6.38,0.72,-3.8,2.61,0.95,0.85,0.73,1,-0.4,neutral,bajista,0,-0.477,32,8727,3,
s29925,ENAUSDT,1787760000000,train,-1,-4.24,0.384,6.56,5.8,0.92,-3.84,2.3,0.6,0.53,0.49,1,-0.4,neutral,bajista,0,-1.0,25,8727,3,
s29926,ARBUSDT,1787760000000,train,-1,-3.27,0.435,5.66,4.73,0.57,-2.86,1.69,0.99,0.7,0.6,1,-0.4,neutral,neutral,0,-1.0,29,8727,1,
s29927,ASTERUSDT,1787760900000,train,-1,-2.93,0.452,4.54,3.02,0.49,-2.11,0.56,0.64,0.52,0.49,1,-0.82,neutral,neutral,0,-1.0,20,8728,1,
s29928,XPLUSDT,1787760900000,train,-1,-6.19,0.702,7.16,6.73,0.61,-5.37,2.62,0.95,0.85,0.73,1,-0.82,neutral,bajista,0,-0.399,32,8728,4,
s29929,0GUSDT,1787760900000,train,-1,-2.59,0.432,3.12,2.6,0.48,-1.78,0.96,0.59,0.5,0.49,1,-0.82,neutral,bajista,0,-1.0,24,8728,2,
s29930,WLDUSDT,1787760900000,train,-1,-3.85,0.51,4.89,4.03,0.59,-3.04,1.17,0.76,0.63,0.59,1,-0.82,neutral,bajista,0,-1.0,27,8728,4,
s29931,ENAUSDT,1787760900000,train,-1,-6.09,0.585,7.44,6.49,1.25,-5.27,2.67,0.6,0.53,0.49,1,-0.82,neutral,bajista,0,-1.0,24,8728,4,
s29932,ARBUSDT,1787760900000,train,-1,-4.49,0.728,5.63,4.71,0.41,-3.68,1.44,0.99,0.7,0.6,1,-0.82,neutral,bajista,0,-1.0,28,8728,2,
s29933,OPUSDT,1787760900000,train,-1,-2.72,0.472,3.82,2.81,0.51,-1.9,0.82,0.68,0.49,0.52,0,-0.82,neutral,neutral,0,0.718,32,8728,1,
s29934,INJUSDT,1787760900000,train,-1,-4.73,0.539,5.12,4.99,0.65,-3.92,1.74,1.02,0.77,0.89,0,-0.82,neutral,neutral,0,-1.0,28,8728,1,
s29935,SUIUSDT,1787760900000,train,-1,-3.64,0.469,5.12,3.79,0.32,-2.82,1.23,0.98,0.75,0.8,0,-0.82,neutral,neutral,0,-1.0,29,8728,1,
s29936,TIAUSDT,1787760900000,train,-1,-2.76,0.389,3.9,2.81,2.48,-1.94,0.78,1.29,0.91,1.01,0,-0.82,neutral,neutral,0,-1.0,24,8728,0,
s29937,SEIUSDT,1787760900000,train,-1,-2.68,0.549,3.06,2.75,0.41,-1.86,0.96,0.87,0.73,0.71,1,-0.82,neutral,bajista,0,-1.0,24,8728,4,
s29938,JUPUSDT,1787760900000,train,-1,-4.09,0.404,5.01,4.27,0.39,-3.28,1.38,1.34,1.32,1.11,1,-0.82,neutral,bajista,0,-0.174,32,8728,4,
s29939,ONDOUSDT,1787760900000,train,-1,-3.19,0.48,4.16,3.3,0.48,-2.37,0.86,0.7,0.55,0.55,1,-0.82,neutral,neutral,0,-1.0,24,8727,1,
s29940,GRTUSDT,1787760900000,testB,-1,-2.95,0.4,3.86,2.98,0.69,-2.13,0.77,0.85,0.73,0.84,0,-0.82,neutral,neutral,0,-1.0,28,8727,0,
s29941,LDOUSDT,1787760900000,testB,-1,-2.6,0.418,3.68,2.66,0.47,-1.78,0.61,0.68,0.7,0.93,0,-0.82,neutral,neutral,0,-1.0,14,8727,0,
s29942,AXSUSDT,1787760900000,testB,-1,-2.41,0.406,2.89,2.5,0.43,-1.59,0.98,0.84,0.66,0.62,1,-0.82,neutral,bajista,0,-1.0,23,8727,2,
s29943,APEUSDT,1787760900000,testB,-1,-2.39,0.415,3.68,2.74,0.4,-1.58,0.97,0.7,0.75,0.68,0,-0.82,neutral,bajista,0,-0.553,32,8727,2,
s29944,ASTERUSDT,1787761800000,train,-1,-2.52,0.413,3.79,2.88,0.52,-2.02,1.01,0.64,0.52,0.49,1,-0.49,neutral,bajista,0,-1.0,17,8729,2,
s29945,XPLUSDT,1787761800000,train,-1,-5.86,0.688,7.29,6.74,0.64,-5.36,2.99,0.95,0.85,0.73,1,-0.49,neutral,bajista,0,-0.455,32,8729,5,
s29946,0GUSDT,1787761800000,train,-1,-2.54,0.426,2.93,2.8,0.46,-2.05,1.21,0.59,0.5,0.49,1,-0.49,neutral,bajista,0,-1.0,22,8729,3,
s29947,WLDUSDT,1787761800000,train,-1,-3.41,0.477,4.4,4.06,0.77,-2.92,1.52,0.76,0.63,0.59,1,-0.49,neutral,bajista,0,-1.0,23,8729,5,
s29948,ENAUSDT,1787761800000,train,-1,-4.22,0.487,5.94,4.98,1.37,-3.72,2.43,0.6,0.53,0.49,1,-0.49,neutral,neutral,0,-1.0,22,8729,0,
s29949,ARBUSDT,1787761800000,train,-1,-3.66,0.684,4.79,4.13,0.41,-3.17,1.52,0.99,0.7,0.6,1,-0.49,neutral,bajista,0,-1.0,27,8729,3,
s29950,OPUSDT,1787761800000,train,-1,-2.33,0.432,3.35,2.6,0.45,-1.83,0.98,0.68,0.49,0.52,0,-0.49,neutral,bajista,0,0.737,32,8729,2,
s29951,INJUSDT,1787761800000,train,-1,-3.16,0.422,4.34,3.86,0.78,-2.66,1.4,1.02,0.77,0.89,0,-0.49,neutral,neutral,0,-1.0,23,8729,0,
s29952,SUIUSDT,1787761800000,train,-1,-3.43,0.452,4.54,3.93,0.4,-2.94,1.74,0.98,0.75,0.8,0,-0.49,neutral,bajista,0,-1.0,23,8729,2,
s29953,TIAUSDT,1787761800000,train,-1,-2.66,0.379,3.79,3.38,3.13,-2.17,1.33,1.29,0.91,1.01,0,-0.49,neutral,neutral,0,-1.0,23,8729,1,
s29954,SEIUSDT,1787761800000,train,-1,-2.31,0.51,2.61,2.56,0.48,-1.81,1.16,0.87,0.73,0.71,1,-0.49,neutral,bajista,0,-1.0,20,8729,5,
s29955,ONDOUSDT,1787761800000,train,-1,-2.36,0.402,3.34,2.86,0.55,-1.86,1.15,0.7,0.55,0.55,1,-0.49,neutral,bajista,0,-1.0,19,8728,2,
s29956,GRTUSDT,1787761800000,testB,-1,-2.76,0.381,3.19,3.07,1.56,-2.26,1.47,0.85,0.73,0.84,0,-0.49,neutral,neutral,0,-1.0,22,8728,1,
s29957,LDOUSDT,1787761800000,testB,-1,-2.45,0.402,3.21,2.83,0.45,-1.95,1.15,0.68,0.7,0.93,0,-0.49,neutral,neutral,0,-1.0,11,8728,1,
s29958,MANAUSDT,1787761800000,testB,-1,-2.02,0.385,2.64,2.22,0.87,-1.53,0.88,0.69,0.66,0.73,0,-0.49,neutral,bajista,0,-1.0,19,8728,5,
s29959,AXSUSDT,1787761800000,testB,-1,-2.2,0.383,2.82,2.73,0.65,-1.71,1.3,0.84,0.66,0.62,1,-0.49,neutral,bajista,0,-1.0,22,8728,3,
s29960,APEUSDT,1787761800000,testB,-1,-2.47,0.422,3.33,2.68,0.38,-1.98,1.15,0.7,0.75,0.68,0,-0.49,neutral,bajista,0,-1.0,23,8728,3,
s29961,XPLUSDT,1787762700000,train,-1,-5.42,0.607,7.21,6.03,0.66,-5.01,2.13,0.95,0.85,0.73,1,-0.41,neutral,neutral,0,-0.355,32,8730,0,
s29962,WLDUSDT,1787762700000,train,-1,-3.28,0.451,4.39,3.81,0.97,-2.87,1.13,0.76,0.63,0.59,1,-0.41,neutral,neutral,0,-1.0,22,8730,0,
s29963,ENAUSDT,1787762700000,train,-1,-3.87,0.431,5.88,4.37,1.58,-3.46,1.68,0.6,0.53,0.49,1,-0.41,neutral,neutral,0,-1.0,21,8730,0,
s29964,ARBUSDT,1787762700000,train,-1,-3.21,0.551,4.63,3.48,0.49,-2.8,0.92,0.99,0.7,0.6,1,-0.41,neutral,neutral,0,-1.0,26,8730,0,
s29965,OPUSDT,1787762700000,train,-1,-3.13,0.506,3.81,3.47,1.49,-2.73,1.7,0.68,0.49,0.52,0,-0.41,neutral,bajista,0,0.377,32,8730,3,
s29966,INJUSDT,1787762700000,train,-1,-3.38,0.468,4.18,3.63,0.9,-2.98,1.29,1.02,0.77,0.89,0,-0.41,neutral,neutral,0,-1.0,22,8730,0,
s29967,SUIUSDT,1787762700000,train,-1,-2.93,0.362,4.42,3.21,0.52,-2.52,1.0,0.98,0.75,0.8,0,-0.41,neutral,neutral,0,-1.0,22,8730,0,
s29968,TIAUSDT,1787762700000,train,-1,-2.71,0.39,3.71,2.96,2.67,-2.3,0.83,1.29,0.91,1.01,0,-0.41,neutral,neutral,0,-1.0,21,8730,0,
s29969,LDOUSDT,1787762700000,testB,-1,-2.3,0.37,3.2,2.56,0.43,-1.89,0.78,0.68,0.7,0.93,0,-0.41,neutral,neutral,0,-1.0,10,8729,0,
s29970,XPLUSDT,1787763600000,train,-1,-3.8,0.43,6.82,4.87,0.59,-3.82,1.47,0.99,0.85,0.74,1,0.02,neutral,neutral,0,-0.196,32,8731,0,
s29971,ENAUSDT,1787763600000,train,-1,-3.07,0.354,4.94,3.19,1.11,-3.08,1.48,0.61,0.54,0.49,1,0.02,neutral,neutral,0,-1.0,20,8731,0,
s29972,ARBUSDT,1787763600000,train,-1,-2.16,0.383,3.84,2.26,0.46,-2.17,0.61,0.97,0.7,0.6,1,0.02,neutral,neutral,0,-1.0,25,8731,0,
s29973,OPUSDT,1787763600000,train,-1,-2.3,0.383,3.45,2.78,2.14,-2.32,1.38,0.85,0.59,0.55,1,0.02,neutral,neutral,0,0.727,32,8731,0,
s29974,FETUSDT,1787764500000,train,1,2.53,0.357,2.9,2.83,0.44,1.92,1.43,0.88,0.79,0.7,1,0.61,neutral,alcista,0,0.804,32,8731,3,
s29975,XPLUSDT,1787765400000,train,-1,-4.2,0.463,6.81,4.75,0.46,-4.24,1.07,0.99,0.85,0.74,1,0.04,neutral,neutral,0,-0.4,32,8733,1,
s29976,ENAUSDT,1787765400000,train,-1,-2.57,0.386,4.33,2.84,0.66,-2.61,1.28,0.61,0.54,0.49,1,0.04,neutral,neutral,0,-1.0,17,8733,1,
s29977,OPUSDT,1787765400000,train,-1,-2.96,0.55,3.46,3.16,3.84,-3.0,1.37,0.85,0.59,0.55,1,0.04,neutral,neutral,0,0.428,32,8733,1,
s29978,XPLUSDT,1787766300000,train,-1,-3.95,0.443,6.81,4.71,0.47,-3.95,0.81,0.99,0.85,0.74,1,-0.0,neutral,neutral,0,-0.353,32,8734,0,
s29979,ENAUSDT,1787766300000,train,-1,-2.51,0.378,4.36,3.62,0.81,-2.5,1.75,0.61,0.54,0.49,1,-0.0,neutral,bajista,0,-1.0,16,8734,2,
s29980,OPUSDT,1787766300000,train,-1,-2.49,0.481,3.43,2.92,2.28,-2.49,1.05,0.85,0.59,0.55,1,-0.0,neutral,neutral,0,0.493,32,8734,0,
s29981,XPLUSDT,1787767200000,train,-1,-4.02,0.451,6.36,4.3,0.38,-4.17,0.71,0.94,0.84,0.74,1,0.15,neutral,neutral,0,-0.403,32,8735,1,
s29982,ENAUSDT,1787767200000,train,-1,-2.59,0.387,4.41,3.71,0.9,-2.74,1.38,0.6,0.54,0.49,1,0.15,neutral,bajista,0,-1.0,15,8735,3,
s29983,OPUSDT,1787767200000,train,-1,-2.49,0.481,3.31,2.93,1.49,-2.64,1.02,0.76,0.61,0.54,1,0.15,neutral,neutral,0,0.408,32,8735,1,
s29984,XPLUSDT,1787768100000,train,-1,-3.71,0.43,5.8,4.01,0.35,-4.0,1.01,0.94,0.84,0.74,1,0.29,neutral,bajista,0,-1.0,16,8736,2,
s29985,ASTERUSDT,1787769900000,train,1,2.44,0.423,2.96,2.78,0.34,1.57,0.73,0.51,0.52,0.47,0,0.87,neutral,neutral,0,0.722,32,8738,1,
s29986,ARUSDT,1787769900000,testB,1,2.41,0.362,3.74,2.81,0.3,1.54,0.43,1.05,0.89,0.79,1,0.87,neutral,alcista,0,0.279,32,8737,3,
s29987,STXUSDT,1787772600000,testB,-1,-4.17,0.387,6.85,5.98,1.03,-4.67,2.37,1.05,1.19,1.67,0,0.5,neutral,bajista,0,0.329,32,8740,5,
s29988,LDOUSDT,1787772600000,testB,1,2.23,0.421,3.15,2.72,1.86,1.73,1.49,0.62,0.73,0.96,0,0.5,neutral,neutral,0,0.5,32,8740,0,
s29989,INJUSDT,1787773500000,train,1,2.46,0.382,3.74,3.61,1.11,1.88,1.66,0.75,0.79,0.87,0,0.58,neutral,alcista,0,-0.01,32,8742,3,
s29990,LDOUSDT,1787773500000,testB,1,2.93,0.513,3.58,3.24,1.96,2.35,1.8,0.62,0.73,0.96,0,0.58,neutral,neutral,0,0.278,32,8741,1,
s29991,OPUSDT,1787774400000,train,-1,-2.93,0.544,3.96,3.51,1.16,-3.36,1.91,0.81,0.67,0.55,1,0.43,neutral,neutral,0,0.094,32,8743,1,
s29992,STXUSDT,1787774400000,testB,-1,-3.76,0.377,6.8,5.15,0.71,-4.19,1.57,1.0,1.16,1.65,0,0.43,neutral,neutral,0,0.518,32,8742,0,
s29993,ASTERUSDT,1787776200000,train,1,2.35,0.454,2.64,2.54,0.83,1.68,0.78,0.32,0.51,0.45,0,0.67,neutral,alcista,0,0.64,32,8745,2,
s29994,STBLUSDT,1787776200000,train,1,2.99,0.559,3.1,2.98,1.04,2.32,1.09,0.88,0.95,0.95,0,0.67,neutral,alcista,0,-0.321,32,8745,3,
s29995,STXUSDT,1787776200000,testB,-1,-3.3,0.354,6.79,5.03,0.43,-3.97,1.23,1.0,1.16,1.65,0,0.67,neutral,neutral,0,0.769,32,8744,0,
s29996,ASTERUSDT,1787777100000,train,1,2.33,0.452,2.64,2.37,1.56,1.74,0.95,0.32,0.51,0.45,0,0.59,neutral,alcista,0,0.503,32,8746,3,
s29997,STBLUSDT,1787777100000,train,1,2.27,0.446,2.87,2.26,1.27,1.69,0.71,0.88,0.95,0.95,0,0.59,neutral,neutral,0,-0.441,32,8746,0,
s29998,JUPUSDT,1787777100000,train,-1,-3.43,0.457,6.14,5.66,3.01,-4.02,2.7,0.93,1.4,1.14,0,0.59,neutral,bajista,0,-1.0,12,8746,4,
s29999,STXUSDT,1787777100000,testB,-1,-3.66,0.387,6.81,5.3,0.42,-4.25,1.47,1.0,1.16,1.65,0,0.59,neutral,neutral,0,0.773,32,8745,1,
s30000,STBLUSDT,1787778000000,train,1,2.07,0.424,2.64,2.1,1.34,1.24,0.86,0.73,0.85,0.93,0,0.83,neutral,neutral,0,-0.382,32,8747,1,
s30001,INJUSDT,1787778000000,train,1,2.66,0.355,3.03,2.57,1.1,1.82,1.36,0.64,0.84,0.72,0,0.83,neutral,alcista,0,-0.279,32,8747,2,
s30002,FETUSDT,1787778000000,train,1,2.94,0.395,2.92,2.92,2.7,2.11,1.95,0.66,0.8,0.66,0,0.83,neutral,alcista,0,-0.458,32,8746,3,
s30003,GRTUSDT,1787778000000,testB,1,2.23,0.38,2.47,2.41,1.23,1.4,1.66,0.72,0.7,0.68,1,0.83,neutral,alcista,0,0.024,32,8746,2,
s30004,ASTERUSDT,1787778900000,train,1,2.58,0.481,3.17,3.14,3.41,2.3,2.44,0.4,0.56,0.44,0,0.28,neutral,alcista,0,-0.382,32,8748,5,
s30005,PUMPUSDT,1787778900000,train,-1,-3.71,0.413,7.53,5.63,0.75,-3.99,0.56,0.91,0.89,0.85,1,0.28,neutral,neutral,0,-1.0,11,8748,0,
s30006,JUPUSDT,1787778900000,train,-1,-3.28,0.439,6.03,3.67,1.29,-3.56,0.53,0.9,1.28,1.12,0,0.28,neutral,neutral,0,-1.0,10,8748,0,
s30007,ASTERUSDT,1787779800000,train,1,2.45,0.446,3.18,2.86,4.0,2.2,1.89,0.4,0.56,0.44,0,0.26,neutral,neutral,0,-0.466,32,8749,0,
s30008,XPLUSDT,1787779800000,train,1,2.1,0.356,3.24,2.9,0.97,1.84,1.58,0.46,0.71,0.66,0,0.26,neutral,neutral,0,-0.661,32,8749,0,
s30009,JUPUSDT,1787779800000,train,-1,-2.67,0.387,5.11,3.22,0.82,-2.93,1.0,0.9,1.28,1.12,0,0.26,neutral,neutral,0,-1.0,7,8749,1,
s30010,ASTERUSDT,1787780700000,train,1,2.89,0.488,3.67,3.65,3.42,2.53,2.35,0.4,0.56,0.44,0,0.36,neutral,neutral,0,-0.426,32,8750,1,
s30011,XPLUSDT,1787780700000,train,1,2.42,0.389,3.27,3.23,1.18,2.06,1.64,0.46,0.71,0.66,0,0.36,neutral,neutral,0,-0.456,32,8750,1,
s30012,ENAUSDT,1787780700000,train,1,3.78,0.473,4.44,4.4,1.02,3.42,1.94,0.42,0.48,0.44,0,0.36,neutral,alcista,0,0.924,32,8750,6,
s30013,FETUSDT,1787780700000,train,1,2.37,0.358,4.14,2.8,2.77,2.01,1.31,0.66,0.8,0.66,0,0.36,neutral,neutral,0,-0.043,32,8749,1,
s30014,LDOUSDT,1787780700000,testB,1,2.72,0.364,2.84,2.76,0.71,2.36,1.25,0.44,0.59,0.71,0,0.36,neutral,neutral,0,0.051,32,8749,1,
s30015,ASTERUSDT,1787781600000,train,1,3.22,0.571,4.06,3.39,3.2,2.95,1.78,0.43,0.54,0.45,0,0.27,neutral,neutral,0,-0.473,32,8751,0,
s30016,XPLUSDT,1787781600000,train,1,2.36,0.376,3.43,3.14,0.92,2.09,1.28,0.39,0.67,0.66,0,0.27,neutral,neutral,0,-0.505,32,8751,0,
s30017,WLDUSDT,1787781600000,train,1,2.01,0.394,2.88,2.68,1.06,1.75,1.03,0.49,0.62,0.54,0,0.27,neutral,alcista,0,0.528,32,8751,2,
s30018,ENAUSDT,1787781600000,train,1,5.11,0.558,5.32,4.97,1.82,4.85,2.79,0.41,0.5,0.46,0,0.27,neutral,alcista,0,0.362,32,8751,7,
s30019,SUIUSDT,1787781600000,train,1,2.12,0.464,2.66,2.46,1.64,1.85,1.05,0.45,0.71,0.62,0,0.27,neutral,alcista,0,-0.232,32,8751,2,
s30020,STXUSDT,1787781600000,testB,-1,-3.17,0.383,5.75,4.21,0.66,-3.44,1.04,0.81,1.0,1.61,0,0.27,neutral,neutral,0,0.839,32,8750,0,
s30021,LDOUSDT,1787781600000,testB,1,2.83,0.374,3.26,2.84,0.78,2.56,1.23,0.47,0.57,0.69,0,0.27,neutral,alcista,0,-0.158,32,8750,2,
s30022,ASTERUSDT,1787782500000,train,1,4.08,0.628,4.37,4.21,2.4,3.63,2.42,0.43,0.54,0.45,0,0.45,neutral,neutral,0,-0.584,32,8752,1,
s30023,XPLUSDT,1787782500000,train,1,3.73,0.525,4.64,4.17,1.34,3.29,2.23,0.39,0.67,0.66,0,0.45,neutral,neutral,0,-0.53,32,8752,1,
s30024,0GUSDT,1787782500000,train,1,2.25,0.422,3.46,3.14,1.14,1.8,1.68,0.31,0.45,0.45,0,0.45,neutral,alcista,0,-0.04,32,8752,3,
s30025,WLDUSDT,1787782500000,train,1,2.53,0.45,3.42,3.34,1.08,2.08,1.65,0.49,0.62,0.54,0,0.45,neutral,alcista,0,0.346,32,8752,3,
s30026,ENAUSDT,1787782500000,train,1,5.6,0.583,6.48,6.25,2.39,5.15,4.2,0.41,0.5,0.46,0,0.45,neutral,alcista,0,0.357,32,8752,8,
s30027,ARBUSDT,1787782500000,train,1,2.03,0.426,2.96,2.73,1.23,1.58,1.26,0.43,0.72,0.56,0,0.45,neutral,alcista,0,-0.173,32,8752,3,
s30028,SUIUSDT,1787782500000,train,1,2.63,0.519,3.29,3.22,1.72,2.18,1.73,0.45,0.71,0.62,0,0.45,neutral,alcista,0,-0.348,32,8752,3,
s30029,TIAUSDT,1787782500000,train,1,2.36,0.394,3.83,3.52,2.54,1.91,1.74,0.71,1.0,0.78,0,0.45,neutral,neutral,0,-0.472,32,8752,1,
s30030,SEIUSDT,1787782500000,train,1,2.6,0.596,2.84,2.84,1.6,2.16,1.63,0.51,0.69,0.63,0,0.45,neutral,alcista,0,-0.045,32,8752,3,
s30031,ONDOUSDT,1787782500000,train,1,2.63,0.597,3.1,2.97,1.31,2.18,1.49,0.33,0.52,0.46,0,0.45,neutral,alcista,0,-0.145,32,8751,3,
s30032,FETUSDT,1787782500000,train,1,2.42,0.351,4.12,3.21,1.68,1.97,1.36,0.69,0.78,0.67,0,0.45,neutral,neutral,0,-0.283,32,8751,1,
s30033,STXUSDT,1787782500000,testB,-1,-3.55,0.454,5.74,3.98,0.72,-4.0,0.74,0.81,1.0,1.61,0,0.45,neutral,neutral,0,1.113,32,8751,0,
s30034,GRTUSDT,1787782500000,testB,1,2.87,0.426,3.41,3.36,1.07,2.42,1.88,0.56,0.71,0.68,0,0.45,neutral,alcista,0,-0.356,32,8751,3,
s30035,LDOUSDT,1787782500000,testB,1,3.59,0.433,3.8,3.77,0.95,3.14,2.19,0.47,0.57,0.69,0,0.45,neutral,alcista,0,-0.316,32,8751,3,
s30036,MANAUSDT,1787782500000,testB,1,2.24,0.457,3.18,3.05,1.38,1.79,1.58,0.46,0.58,0.59,0,0.45,neutral,alcista,0,-0.573,32,8751,3,
s30037,AXSUSDT,1787782500000,testB,1,2.0,0.401,2.92,2.7,1.27,1.55,1.19,0.41,0.63,0.54,0,0.45,neutral,alcista,0,-0.331,32,8751,3,
s30038,ASTERUSDT,1787783400000,train,1,3.6,0.514,4.39,3.72,1.83,3.1,1.66,0.43,0.54,0.45,0,0.49,neutral,neutral,0,-0.496,32,8753,0,
s30039,XPLUSDT,1787783400000,train,1,2.87,0.374,4.67,3.51,1.35,2.37,1.38,0.39,0.67,0.66,0,0.49,neutral,neutral,0,-0.222,32,8753,0,
s30040,0GUSDT,1787783400000,train,1,2.25,0.422,3.46,3.02,1.12,1.76,1.44,0.31,0.45,0.45,0,0.49,neutral,neutral,0,0.042,32,8753,0,
s30041,WLDUSDT,1787783400000,train,1,2.32,0.398,3.58,3.07,1.48,1.83,1.28,0.49,0.62,0.54,0,0.49,neutral,neutral,0,0.902,32,8753,0,
s30042,ENAUSDT,1787783400000,train,1,5.02,0.491,6.86,5.55,3.08,4.52,3.19,0.41,0.5,0.46,0,0.49,neutral,neutral,0,1.086,32,8753,0,
s30043,SUIUSDT,1787783400000,train,1,2.4,0.453,3.3,2.86,2.12,1.91,1.29,0.45,0.71,0.62,0,0.49,neutral,neutral,0,-0.046,32,8753,0,
s30044,SEIUSDT,1787783400000,train,1,2.45,0.541,2.89,2.65,1.62,1.96,1.31,0.51,0.69,0.63,0,0.49,neutral,neutral,0,0.187,32,8753,0,
s30045,ONDOUSDT,1787783400000,train,1,2.24,0.474,3.11,2.63,1.55,1.75,1.07,0.33,0.52,0.46,0,0.49,neutral,neutral,0,0.206,32,8752,0,
s30046,LDOUSDT,1787783400000,testB,1,3.42,0.403,3.67,3.34,1.04,2.93,1.86,0.47,0.57,0.69,0,0.49,neutral,neutral,0,-0.167,32,8752,0,
s30047,MANAUSDT,1787783400000,testB,1,2.2,0.444,3.19,2.89,1.36,1.7,1.29,0.46,0.58,0.59,0,0.49,neutral,neutral,0,-0.437,32,8752,0,
s30048,ASTERUSDT,1787784300000,train,1,2.95,0.442,4.4,3.56,1.39,2.67,1.43,0.43,0.54,0.45,0,0.28,neutral,neutral,0,-0.441,32,8754,0,
s30049,XPLUSDT,1787784300000,train,1,2.67,0.359,4.67,3.52,1.24,2.4,1.26,0.39,0.67,0.66,0,0.28,neutral,neutral,0,-0.182,32,8754,1,
s30050,0GUSDT,1787784300000,train,1,2.05,0.4,3.46,3.14,1.14,1.78,1.41,0.31,0.45,0.45,0,0.28,neutral,neutral,0,0.06,32,8754,1,
s30051,ENAUSDT,1787784300000,train,1,4.05,0.417,6.88,5.32,3.25,3.77,2.67,0.41,0.5,0.46,0,0.28,neutral,neutral,0,1.081,32,8754,0,
s30052,ASTERUSDT,1787785200000,train,1,2.6,0.392,4.4,3.41,0.96,2.19,1.15,0.46,0.53,0.46,0,0.41,neutral,neutral,0,-0.473,32,8755,0,
s30053,XPLUSDT,1787785200000,train,1,2.82,0.385,4.67,3.42,1.41,2.41,1.08,0.37,0.68,0.66,0,0.41,neutral,neutral,0,-0.191,32,8755,0,
s30054,0GUSDT,1787785200000,train,1,2.45,0.5,3.46,3.21,1.0,2.03,1.3,0.3,0.45,0.42,0,0.41,neutral,alcista,0,0.02,32,8755,2,
s30055,WLDUSDT,1787785200000,train,1,2.55,0.429,3.82,3.37,1.79,2.14,1.33,0.74,0.77,0.62,0,0.41,neutral,neutral,0,0.567,32,8755,1,
s30056,ENAUSDT,1787785200000,train,1,6.19,0.557,7.18,6.87,2.56,5.77,3.77,0.48,0.55,0.48,0,0.41,neutral,neutral,0,0.422,32,8755,1,
s30057,SUIUSDT,1787785200000,train,1,2.23,0.394,3.31,2.71,1.89,1.81,0.93,0.54,0.77,0.64,0,0.41,neutral,neutral,0,0.064,32,8755,1,
s30058,ONDOUSDT,1787785200000,train,1,2.21,0.465,3.11,2.65,1.38,1.8,0.93,0.38,0.55,0.48,0,0.41,neutral,neutral,0,0.214,32,8754,1,
s30059,LDOUSDT,1787785200000,testB,1,2.84,0.357,3.68,3.2,0.9,2.42,1.35,0.49,0.57,0.59,0,0.41,neutral,neutral,0,0.104,32,8754,1,
s30060,ASTERUSDT,1787786100000,train,1,3.15,0.439,4.37,4.05,0.65,2.73,1.65,0.46,0.53,0.46,0,0.42,neutral,neutral,0,-0.614,32,8756,1,
s30061,0GUSDT,1787786100000,train,1,2.88,0.542,4.17,4.05,0.62,2.46,1.99,0.3,0.45,0.42,0,0.42,neutral,alcista,0,-0.262,32,8756,3,
s30062,WLDUSDT,1787786100000,train,1,3.99,0.542,6.3,5.41,3.64,3.57,3.18,0.74,0.77,0.62,0,0.42,neutral,alcista,0,-0.05,32,8756,2,
s30063,ENAUSDT,1787786100000,train,1,6.33,0.565,8.55,7.67,2.33,5.91,4.24,0.48,0.55,0.48,0,0.42,neutral,alcista,0,0.264,32,8756,2,
s30064,ARBUSDT,1787786100000,train,1,3.2,0.513,5.91,4.44,2.94,2.78,2.62,0.62,0.8,0.61,0,0.42,neutral,alcista,0,-0.345,32,8756,2,
s30065,SUIUSDT,1787786100000,train,1,2.45,0.419,3.8,3.59,2.16,2.03,1.7,0.54,0.77,0.64,0,0.42,neutral,alcista,0,-0.227,32,8756,2,
s30066,SEIUSDT,1787786100000,train,1,2.06,0.427,3.07,2.99,1.04,1.64,1.38,0.56,0.72,0.63,0,0.42,neutral,neutral,0,0.165,32,8756,1,
s30067,ONDOUSDT,1787786100000,train,1,2.39,0.486,3.52,3.46,1.34,1.97,1.61,0.38,0.55,0.48,0,0.42,neutral,alcista,0,-0.093,32,8755,2,
s30068,FETUSDT,1787786100000,train,1,2.9,0.364,4.49,4.31,0.35,2.48,2.07,0.72,0.8,0.67,0,0.42,neutral,alcista,0,-0.236,32,8755,2,
s30069,STXUSDT,1787786100000,testB,1,2.61,0.423,3.68,2.91,0.93,2.19,1.28,0.69,0.94,1.59,0,0.42,neutral,alcista,0,-1.0,3,8755,3,
s30070,GRTUSDT,1787786100000,testB,1,3.68,0.447,4.56,4.45,1.65,3.26,2.46,0.65,0.8,0.72,0,0.42,neutral,alcista,0,-0.481,32,8755,2,
s30071,AXSUSDT,1787786100000,testB,1,2.05,0.406,3.18,3.12,0.79,1.63,1.32,0.41,0.64,0.55,0,0.42,neutral,neutral,0,-0.461,32,8755,1,
s30072,ASTERUSDT,1787787000000,train,1,3.95,0.569,4.38,4.28,0.64,3.17,1.65,0.46,0.53,0.46,0,0.78,neutral,alcista,0,-0.577,32,8757,2,
s30073,XPLUSDT,1787787000000,train,1,3.64,0.562,4.64,4.13,0.99,2.86,1.49,0.37,0.68,0.66,0,0.78,neutral,alcista,0,-0.34,32,8757,2,
s30074,0GUSDT,1787787000000,train,1,3.2,0.568,4.47,4.41,0.72,2.42,2.1,0.3,0.45,0.42,0,0.78,neutral,alcista,0,-0.296,32,8757,4,
s30075,WLDUSDT,1787787000000,train,1,5.76,0.704,6.88,6.54,3.96,4.98,3.95,0.74,0.77,0.62,0,0.78,neutral,alcista,0,-0.227,32,8757,3,
s30076,ENAUSDT,1787787000000,train,1,6.97,0.652,8.56,7.63,2.2,6.19,3.68,0.48,0.55,0.48,0,0.78,neutral,neutral,0,0.337,32,8757,0,
s30077,ARBUSDT,1787787000000,train,1,3.88,0.653,5.9,4.6,3.41,3.1,2.46,0.62,0.8,0.61,0,0.78,neutral,alcista,0,-0.404,32,8757,3,
s30078,SUIUSDT,1787787000000,train,1,3.51,0.595,4.16,4.09,2.2,2.73,1.97,0.54,0.77,0.64,0,0.78,neutral,alcista,0,-0.282,32,8757,3,
s30079,TIAUSDT,1787787000000,train,1,2.88,0.446,4.11,4.08,0.8,2.1,1.66,0.58,1.04,0.78,0,0.78,neutral,alcista,0,-0.377,32,8757,3,
s30080,SEIUSDT,1787787000000,train,1,2.73,0.569,3.32,3.28,1.01,1.95,1.48,0.56,0.72,0.63,0,0.78,neutral,alcista,0,0.15,32,8757,2,
s30081,PENDLEUSDT,1787787000000,train,1,2.49,0.37,3.6,3.59,1.23,1.71,1.58,0.37,0.48,0.43,0,0.78,neutral,alcista,0,-0.013,32,8757,3,
s30082,ONDOUSDT,1787787000000,train,1,3.14,0.57,4.11,4.08,1.5,2.36,2.02,0.38,0.55,0.48,0,0.78,neutral,alcista,0,-0.196,32,8756,3,
s30083,FETUSDT,1787787000000,train,1,4.15,0.504,5.06,5.0,0.49,3.37,2.48,0.72,0.8,0.67,0,0.78,neutral,alcista,0,-0.321,32,8756,3,
s30084,GRTUSDT,1787787000000,testB,1,5.12,0.635,5.15,4.98,2.25,4.34,2.68,0.65,0.8,0.72,0,0.78,neutral,alcista,0,-0.483,32,8756,3,
s30085,LDOUSDT,1787787000000,testB,1,3.18,0.386,4.64,4.48,1.01,2.4,2.19,0.49,0.57,0.59,0,0.78,neutral,alcista,0,-0.264,32,8756,3,
s30086,SANDUSDT,1787787000000,testB,1,2.34,0.453,3.35,3.33,1.09,1.56,1.34,0.26,0.39,0.39,0,0.78,neutral,alcista,0,-0.2,32,8756,2,
s30087,MANAUSDT,1787787000000,testB,1,2.38,0.449,3.18,3.11,0.75,1.6,1.13,0.46,0.58,0.58,0,0.78,neutral,alcista,0,-0.448,32,8756,2,
s30088,AXSUSDT,1787787000000,testB,1,2.66,0.557,3.42,3.27,0.9,1.88,1.3,0.41,0.64,0.55,0,0.78,neutral,alcista,0,-0.406,32,8756,2,
s30089,ASTERUSDT,1787787900000,train,1,4.19,0.584,4.9,4.57,0.85,3.48,1.74,0.46,0.53,0.46,0,0.71,neutral,alcista,0,-0.566,32,8758,3,
s30090,XPLUSDT,1787787900000,train,1,2.94,0.483,4.65,3.97,1.24,2.23,1.23,0.37,0.68,0.66,0,0.71,neutral,neutral,0,-0.236,32,8758,0,
s30091,0GUSDT,1787787900000,train,1,3.34,0.605,4.53,4.41,0.81,2.63,1.94,0.3,0.45,0.42,0,0.71,neutral,alcista,0,-0.254,32,8758,5,
s30092,WLDUSDT,1787787900000,train,1,6.65,0.734,7.61,7.37,5,5.95,4.43,0.74,0.77,0.62,0,0.71,neutral,alcista,0,-0.288,32,8758,4,
s30093,ENAUSDT,1787787900000,train,1,6.7,0.644,8.55,7.71,2.23,5.99,3.45,0.48,0.55,0.48,0,0.71,neutral,neutral,0,0.311,32,8758,1,
s30094,ARBUSDT,1787787900000,train,1,4.01,0.673,5.9,4.67,3.4,3.31,2.32,0.62,0.8,0.61,0,0.71,neutral,alcista,0,-0.374,32,8758,4,
s30095,SUIUSDT,1787787900000,train,1,3.94,0.623,4.65,4.51,2.18,3.24,2.22,0.54,0.77,0.64,0,0.71,neutral,alcista,0,-0.272,32,8758,4,
s30096,TIAUSDT,1787787900000,train,1,3.61,0.541,4.71,4.51,1.09,2.9,1.93,0.58,1.04,0.78,0,0.71,neutral,alcista,0,-0.358,32,8758,4,
s30097,SEIUSDT,1787787900000,train,1,3.1,0.6,3.88,3.73,1.3,2.39,1.79,0.56,0.72,0.63,0,0.71,neutral,alcista,0,0.177,32,8758,3,
s30098,PENDLEUSDT,1787787900000,train,1,2.59,0.379,3.96,3.76,1.58,1.88,1.62,0.37,0.48,0.43,0,0.71,neutral,alcista,0,-0.014,32,8758,4,
s30099,ONDOUSDT,1787787900000,train,1,2.77,0.508,4.2,3.93,2.1,2.07,1.69,0.38,0.55,0.48,0,0.71,neutral,neutral,0,-0.109,32,8757,0,
s30100,FETUSDT,1787787900000,train,1,4.46,0.529,5.64,5.22,0.77,3.76,2.47,0.72,0.8,0.67,0,0.71,neutral,alcista,0,-0.239,32,8757,4,
s30101,GRTUSDT,1787787900000,testB,1,5.22,0.64,6.02,5.3,2.78,4.52,2.75,0.65,0.8,0.72,0,0.71,neutral,alcista,0,-0.432,32,8757,4,
s30102,SANDUSDT,1787787900000,testB,1,2.38,0.458,3.75,3.56,1.28,1.67,1.47,0.26,0.39,0.39,0,0.71,neutral,alcista,0,-0.16,32,8757,3,
s30103,MANAUSDT,1787787900000,testB,1,2.39,0.451,3.38,3.2,0.7,1.68,1.15,0.46,0.58,0.58,0,0.71,neutral,alcista,0,-0.347,32,8757,3,
s30104,AXSUSDT,1787787900000,testB,1,2.77,0.566,3.69,3.45,1.02,2.06,1.41,0.41,0.64,0.55,0,0.71,neutral,alcista,0,-0.384,32,8757,3,
s30105,ASTERUSDT,1787788800000,train,1,4.2,0.587,5.05,4.54,1.1,3.66,1.53,0.56,0.54,0.47,1,0.54,neutral,neutral,0,-0.473,32,8759,0,
s30106,XPLUSDT,1787788800000,train,1,2.39,0.359,4.68,3.34,1.26,1.84,0.42,0.39,0.67,0.64,0,0.54,neutral,neutral,0,0.347,32,8759,0,
s30107,PUMPUSDT,1787788800000,train,1,4.98,0.444,7.5,6.58,0.87,4.44,2.08,0.65,0.85,0.82,0,0.54,neutral,neutral,0,-1.0,21,8759,1,
s30108,0GUSDT,1787788800000,train,1,3.73,0.707,5.02,4.47,1.49,3.19,1.75,0.38,0.45,0.42,0,0.54,neutral,alcista,0,-0.083,32,8759,6,
s30109,WLDUSDT,1787788800000,train,1,6.07,0.628,7.66,6.72,5,5.53,3.23,0.8,0.77,0.64,1,0.54,neutral,neutral,0,-0.126,32,8759,0,
s30110,ARBUSDT,1787788800000,train,1,3.52,0.542,5.94,3.98,3.59,2.97,1.38,0.67,0.78,0.62,0,0.54,neutral,neutral,0,-0.022,32,8759,0,
s30111,INJUSDT,1787788800000,train,1,3.2,0.419,4.53,4.28,2.18,2.65,2.05,0.76,0.8,0.71,0,0.54,neutral,alcista,0,-1.0,22,8759,5,
s30112,SUIUSDT,1787788800000,train,1,3.2,0.456,4.69,3.85,2.32,2.65,1.27,0.56,0.75,0.64,0,0.54,neutral,neutral,0,0.164,32,8759,0,
s30113,TIAUSDT,1787788800000,train,1,3.01,0.413,4.74,3.79,1.41,2.46,1.0,0.6,1.01,0.77,0,0.54,neutral,neutral,0,-0.03,32,8759,0,
s30114,SEIUSDT,1787788800000,train,1,3.32,0.643,3.94,3.83,2.01,2.78,1.63,0.65,0.73,0.66,0,0.54,neutral,alcista,0,0.428,32,8759,4,
s30115,ONDOUSDT,1787788800000,train,1,3.53,0.66,4.5,4.21,2.57,2.99,1.71,0.43,0.53,0.48,0,0.54,neutral,neutral,0,0.07,32,8758,1,
s30116,FETUSDT,1787788800000,train,1,4.04,0.455,5.67,4.66,0.97,3.49,1.62,0.74,0.78,0.68,0,0.54,neutral,neutral,0,0.013,32,8758,0,
s30117,ARUSDT,1787788800000,testB,1,2.97,0.36,4.33,3.83,0.55,2.43,0.85,0.51,0.78,0.69,0,0.54,neutral,neutral,0,-0.2,32,8758,0,
s30118,GRTUSDT,1787788800000,testB,1,3.79,0.448,6.07,4.5,2.7,3.25,1.68,0.76,0.83,0.73,0,0.54,neutral,neutral,0,-0.212,32,8758,0,
s30119,LDOUSDT,1787788800000,testB,1,2.97,0.4,4.68,3.66,1.61,2.42,0.92,0.52,0.57,0.58,0,0.54,neutral,neutral,0,0.5,32,8758,0,
s30120,SANDUSDT,1787788800000,testB,1,2.04,0.368,3.77,3.05,1.49,1.5,0.76,0.27,0.36,0.38,0,0.54,neutral,neutral,0,0.313,32,8758,0,
s30121,MANAUSDT,1787788800000,testB,1,2.2,0.4,3.39,2.89,0.8,1.65,0.69,0.48,0.55,0.58,0,0.54,neutral,neutral,0,-0.009,32,8758,0,
s30122,AXSUSDT,1787788800000,testB,1,2.05,0.364,3.72,2.66,1.34,1.5,0.47,0.45,0.62,0.55,0,0.54,neutral,neutral,0,-0.012,32,8758,0,
s30123,ASTERUSDT,1787789700000,train,1,4.43,0.6,4.57,4.46,1.0,3.78,1.82,0.56,0.54,0.47,1,0.65,neutral,neutral,0,-0.44,32,8760,1,
s30124,PUMPUSDT,1787789700000,train,1,6.13,0.582,7.34,6.57,0.86,5.49,2.1,0.65,0.85,0.82,0,0.65,neutral,alcista,0,-1.0,20,8760,2,
s30125,0GUSDT,1787789700000,train,1,4.13,0.78,5.02,4.64,1.95,3.48,1.74,0.38,0.45,0.42,0,0.65,neutral,alcista,0,0.013,32,8760,7,
s30126,WLDUSDT,1787789700000,train,1,6.07,0.623,7.45,6.09,2.18,5.42,2.6,0.8,0.77,0.64,1,0.65,neutral,neutral,0,-0.024,32,8760,0,
s30127,ENAUSDT,1787789700000,train,1,7.6,0.703,8.27,7.51,1.45,6.96,2.83,0.53,0.57,0.5,0,0.65,neutral,neutral,0,0.585,32,8760,0,
s30128,ARBUSDT,1787789700000,train,1,3.33,0.498,5.68,3.51,1.21,2.68,1.12,0.67,0.78,0.62,0,0.65,neutral,neutral,0,0.217,32,8760,0,
s30129,INJUSDT,1787789700000,train,1,3.64,0.503,4.21,3.91,1.29,2.99,1.79,0.76,0.8,0.71,0,0.65,neutral,neutral,0,-1.0,20,8760,0,
s30130,SUIUSDT,1787789700000,train,1,3.15,0.444,4.3,3.33,1.31,2.5,1.1,0.56,0.75,0.64,0,0.65,neutral,neutral,0,0.285,32,8760,0,
s30131,TIAUSDT,1787789700000,train,1,3.13,0.435,4.63,3.57,1.21,2.48,0.87,0.6,1.01,0.77,0,0.65,neutral,neutral,0,0.142,32,8760,0,
s30132,SEIUSDT,1787789700000,train,1,3.83,0.68,4.13,4.09,2.1,3.18,1.95,0.65,0.73,0.66,0,0.65,neutral,alcista,0,0.378,32,8760,5,
s30133,JUPUSDT,1787789700000,train,1,3.78,0.441,6.03,4.47,0.9,3.13,0.62,1.03,1.05,1.15,0,0.65,neutral,neutral,0,0.474,32,8760,0,
s30134,ONDOUSDT,1787789700000,train,1,3.43,0.626,4.3,3.74,2.28,2.78,1.31,0.43,0.53,0.48,0,0.65,neutral,neutral,0,0.343,32,8759,0,
s30135,FETUSDT,1787789700000,train,1,3.67,0.396,5.64,4.08,0.94,3.03,1.03,0.74,0.78,0.68,0,0.65,neutral,neutral,0,0.382,32,8759,0,
s30136,ARUSDT,1787789700000,testB,1,3.26,0.407,3.97,3.43,0.58,2.61,0.82,0.51,0.78,0.69,0,0.65,neutral,neutral,0,-0.039,32,8759,0,
s30137,GRTUSDT,1787789700000,testB,1,3.51,0.4,5.94,3.74,1.61,2.87,1.06,0.76,0.83,0.73,0,0.65,neutral,neutral,0,0.03,32,8759,0,
s30138,LDOUSDT,1787789700000,testB,1,2.97,0.4,4.58,3.36,1.64,2.33,0.65,0.52,0.57,0.58,0,0.65,neutral,neutral,0,1.083,32,8759,0,
s30139,SANDUSDT,1787789700000,testB,1,2.6,0.515,3.61,2.79,1.34,1.95,0.66,0.27,0.36,0.38,0,0.65,neutral,neutral,0,0.538,32,8759,0,
s30140,MANAUSDT,1787789700000,testB,1,2.31,0.429,3.18,2.53,0.81,1.67,0.52,0.48,0.55,0.58,0,0.65,neutral,neutral,0,0.431,32,8759,0,
s30141,AXSUSDT,1787789700000,testB,1,2.19,0.399,3.64,2.45,1.29,1.55,0.36,0.45,0.62,0.55,0,0.65,neutral,neutral,0,0.335,32,8759,0,
s30142,ASTERUSDT,1787790600000,train,1,3.12,0.402,4.19,3.25,1.06,2.51,0.88,0.56,0.54,0.47,1,0.62,neutral,neutral,0,-0.243,32,8761,0,
s30143,PUMPUSDT,1787790600000,train,1,5.63,0.508,7.4,5.88,0.88,5.01,1.34,0.65,0.85,0.82,0,0.62,neutral,neutral,0,-1.0,19,8761,0,
s30144,0GUSDT,1787790600000,train,1,3.81,0.678,4.54,3.67,2.19,3.19,1.14,0.38,0.45,0.42,0,0.62,neutral,neutral,0,0.271,32,8761,0,
s30145,WLDUSDT,1787790600000,train,1,5.57,0.563,7.01,5.33,1.65,4.95,2.04,0.8,0.77,0.64,1,0.62,neutral,neutral,0,0.069,32,8761,0,
s30146,ENAUSDT,1787790600000,train,1,7.22,0.693,7.62,6.89,1.2,6.6,2.57,0.53,0.57,0.5,0,0.62,neutral,neutral,0,0.767,32,8761,1,
s30147,ARBUSDT,1787790600000,train,1,3.13,0.484,5.24,3.09,0.85,2.51,1.03,0.67,0.78,0.62,0,0.62,neutral,neutral,0,0.296,32,8761,1,
s30148,INJUSDT,1787790600000,train,1,3.74,0.522,4.03,3.67,1.31,3.12,1.52,0.76,0.8,0.71,0,0.62,neutral,neutral,0,-1.0,19,8761,0,
s30149,SUIUSDT,1787790600000,train,1,2.72,0.369,4.0,2.66,1.01,2.11,0.67,0.56,0.75,0.64,0,0.62,neutral,neutral,0,0.688,32,8761,0,
s30150,TIAUSDT,1787790600000,train,1,3.19,0.444,4.18,3.15,1.04,2.57,0.85,0.6,1.01,0.77,0,0.62,neutral,neutral,0,0.196,32,8761,1,
s30151,SEIUSDT,1787790600000,train,1,3.37,0.552,3.86,3.3,2.05,2.75,1.28,0.65,0.73,0.66,0,0.62,neutral,neutral,0,0.703,32,8761,0,
s30152,JUPUSDT,1787790600000,train,1,3.5,0.395,5.69,3.66,1.17,2.88,0.13,1.03,1.05,1.15,0,0.62,neutral,neutral,0,1.152,32,8761,0,
s30153,ONDOUSDT,1787790600000,train,1,2.79,0.465,3.9,2.77,1.78,2.17,0.64,0.43,0.53,0.48,0,0.62,neutral,neutral,0,0.592,32,8760,0,
s30154,FETUSDT,1787790600000,train,1,3.61,0.392,5.1,3.54,0.89,2.99,0.94,0.74,0.78,0.68,0,0.62,neutral,neutral,0,0.525,32,8760,0,
s30155,LDOUSDT,1787790600000,testB,1,2.92,0.389,4.37,2.9,1.34,2.3,0.29,0.52,0.57,0.58,0,0.62,neutral,neutral,0,1.221,32,8760,0,
s30156,SANDUSDT,1787790600000,testB,1,2.27,0.463,3.15,2.25,1.29,1.66,0.48,0.27,0.36,0.38,0,0.62,neutral,neutral,0,0.553,32,8760,0,
s30157,MANAUSDT,1787790600000,testB,1,2.05,0.373,2.86,2.04,0.94,1.43,0.3,0.48,0.55,0.58,0,0.62,neutral,neutral,0,0.623,32,8760,0,
s30158,0GUSDT,1787791500000,train,1,2.96,0.523,4.25,2.94,2.64,2.66,0.67,0.38,0.45,0.42,0,0.3,neutral,neutral,0,0.426,32,8762,0,
s30159,WLDUSDT,1787791500000,train,1,4.62,0.466,6.65,4.49,0.91,4.33,1.44,0.8,0.77,0.64,1,0.3,neutral,neutral,0,0.148,32,8762,0,
s30160,ENAUSDT,1787791500000,train,1,6.04,0.531,7.65,5.91,1.1,5.74,1.45,0.53,0.57,0.5,0,0.3,neutral,neutral,0,1.212,32,8762,0,
s30161,SEIUSDT,1787791500000,train,1,2.52,0.412,3.51,2.52,1.72,2.23,0.78,0.65,0.73,0.66,0,0.3,neutral,neutral,0,1.144,32,8762,0,
s30162,JUPUSDT,1787791500000,train,1,3.5,0.395,5.66,3.43,1.04,3.21,-0.04,1.03,1.05,1.15,0,0.3,neutral,neutral,0,1.216,32,8762,0,
s30163,ENAUSDT,1787792400000,train,1,4.75,0.435,6.92,4.76,0.91,4.91,0.97,0.6,0.55,0.51,1,-0.16,neutral,neutral,0,1.624,32,8763,0,
s30164,WLDUSDT,1787793300000,train,1,4.3,0.426,5.9,4.46,0.56,4.05,1.89,0.86,0.74,0.65,1,0.25,neutral,neutral,0,0.038,32,8764,1,
s30165,ENAUSDT,1787793300000,train,1,6.32,0.507,6.75,6.37,0.76,6.07,2.45,0.6,0.55,0.51,1,0.25,neutral,neutral,0,1.155,32,8764,1,
s30166,SEIUSDT,1787793300000,train,1,2.59,0.409,2.84,2.76,0.94,2.34,1.48,0.69,0.7,0.65,0,0.25,neutral,neutral,0,0.762,32,8764,1,
s30167,ENAUSDT,1787794200000,train,1,4.67,0.372,6.74,4.72,0.96,4.67,1.41,0.6,0.55,0.51,1,-0.01,neutral,neutral,0,1.395,32,8765,0,
s30168,INJUSDT,1787794200000,train,1,2.42,0.351,3.53,2.45,0.82,2.42,0.7,0.72,0.74,0.71,0,-0.01,neutral,neutral,0,-1.0,11,8765,0,
s30169,SEIUSDT,1787794200000,train,1,2.44,0.376,2.93,2.47,0.94,2.44,1.05,0.69,0.7,0.65,0,-0.01,neutral,neutral,0,0.638,32,8765,0,
s30170,JUPUSDT,1787794200000,train,1,3.22,0.405,4.17,3.12,0.76,3.22,1.32,1.11,1.02,1.13,0,-0.01,neutral,alcista,0,-1.0,15,8765,2,
s30171,JUPUSDT,1787795100000,train,1,4.18,0.471,4.6,4.19,0.95,3.95,2.45,1.11,1.02,1.13,0,0.23,neutral,alcista,0,-1.0,14,8766,3,
s30172,SEIUSDT,1787796000000,train,1,2.36,0.357,2.6,2.52,0.87,2.24,1.21,0.73,0.66,0.66,1,0.12,neutral,neutral,0,-1.0,14,8767,1,
s30173,JUPUSDT,1787796000000,train,1,4.45,0.487,4.89,4.22,1.27,4.33,2.66,1.07,1.01,1.17,0,0.12,neutral,alcista,0,-1.0,12,8767,4,
s30174,XPLUSDT,1787796900000,train,-1,-2.4,0.4,3.05,2.68,0.87,-2.33,0.93,0.42,0.53,0.62,0,-0.07,neutral,neutral,0,-1.0,23,8768,1,
s30175,OPUSDT,1787796900000,train,-1,-2.12,0.358,2.48,2.47,0.65,-2.05,1.06,0.48,0.65,0.52,0,-0.07,neutral,neutral,0,-1.0,28,8768,1,
s30176,XPLUSDT,1787797800000,train,-1,-2.05,0.362,3.44,3.02,1.1,-2.11,1.18,0.42,0.53,0.62,0,0.05,neutral,bajista,0,-1.0,22,8769,2,
s30177,OPUSDT,1787797800000,train,-1,-2.36,0.383,2.87,2.74,0.84,-2.41,1.26,0.48,0.65,0.52,0,0.05,neutral,bajista,0,-1.0,27,8769,2,
s30178,OPUSDT,1787798700000,train,-1,-2.31,0.377,3.24,2.98,1.12,-2.36,1.33,0.48,0.65,0.52,0,0.05,neutral,bajista,0,-1.0,26,8770,3,
s30179,OPUSDT,1787799600000,train,-1,-2.35,0.381,3.5,3.42,1.22,-2.31,1.6,0.49,0.62,0.53,0,-0.04,neutral,bajista,0,-1.0,25,8771,4,
s30180,XPLUSDT,1787801400000,train,-1,-2.6,0.396,3.42,2.91,0.83,-2.39,0.85,0.4,0.43,0.62,0,-0.21,neutral,neutral,0,-1.0,18,8773,1,
s30181,OPUSDT,1787801400000,train,-1,-2.63,0.416,3.48,2.81,1.19,-2.43,0.82,0.49,0.62,0.53,0,-0.21,neutral,neutral,0,-1.0,23,8773,1,
s30182,FETUSDT,1787801400000,train,-1,-2.68,0.437,3.85,3.42,0.54,-2.47,0.74,0.51,0.59,0.69,0,-0.21,neutral,neutral,0,-1.0,19,8772,1,
s30183,ASTERUSDT,1787802300000,train,-1,-2.04,0.394,2.89,2.57,0.64,-1.8,0.65,0.48,0.44,0.48,0,-0.24,neutral,bajista,0,0.295,32,8774,2,
s30184,XPLUSDT,1787802300000,train,-1,-2.64,0.399,3.05,2.74,0.62,-2.4,0.93,0.4,0.43,0.62,0,-0.24,neutral,bajista,0,-1.0,17,8774,2,
s30185,PUMPUSDT,1787802300000,train,-1,-4.01,0.394,6.57,5.61,1.16,-3.77,2.39,0.5,0.71,0.77,0,-0.24,neutral,bajista,0,-0.289,32,8774,2,
s30186,OPUSDT,1787802300000,train,-1,-2.79,0.43,3.18,2.86,0.94,-2.55,1.0,0.49,0.62,0.53,0,-0.24,neutral,bajista,0,-1.0,20,8774,2,
s30187,SUIUSDT,1787802300000,train,-1,-2.36,0.407,2.82,2.46,0.43,-2.12,0.5,0.57,0.5,0.63,0,-0.24,neutral,bajista,0,-1.0,17,8774,2,
s30188,FETUSDT,1787802300000,train,-1,-3.09,0.51,3.67,3.31,0.63,-2.85,0.84,0.51,0.59,0.69,0,-0.24,neutral,bajista,0,-1.0,17,8773,2,
s30189,PUMPUSDT,1787803200000,train,-1,-4.1,0.408,6.37,5.06,1.41,-4.13,2.0,0.45,0.67,0.75,0,0.03,neutral,neutral,0,-0.29,32,8775,0,
s30190,INJUSDT,1787803200000,train,-1,-2.51,0.412,3.25,2.99,0.34,-2.54,0.9,0.65,0.61,0.7,0,0.03,neutral,bajista,0,-0.16,32,8775,3,
s30191,FETUSDT,1787803200000,train,-1,-2.39,0.426,3.0,2.51,0.67,-2.42,0.86,0.46,0.57,0.69,0,0.03,neutral,neutral,0,-1.0,16,8774,0,
s30192,ASTERUSDT,1787804100000,train,-1,-2.14,0.429,2.82,2.23,0.51,-1.98,0.42,0.41,0.42,0.48,0,-0.16,neutral,neutral,0,0.409,32,8776,0,
s30193,PUMPUSDT,1787804100000,train,-1,-4.05,0.402,5.75,4.24,1.67,-3.89,1.68,0.45,0.67,0.75,0,-0.16,neutral,neutral,0,-1.0,21,8776,0,
s30194,INJUSDT,1787804100000,train,-1,-3.26,0.476,4.0,3.85,0.64,-3.1,1.64,0.65,0.61,0.7,0,-0.16,neutral,bajista,0,-0.308,32,8776,4,
s30195,FETUSDT,1787804100000,train,-1,-2.28,0.413,2.7,2.64,0.57,-2.12,1.26,0.46,0.57,0.69,0,-0.16,neutral,neutral,0,-1.0,15,8775,1,
s30196,PUMPUSDT,1787805000000,train,-1,-4.02,0.398,5.19,4.38,2.05,-3.94,2.1,0.45,0.67,0.75,0,-0.07,neutral,neutral,0,-1.0,19,8777,1,
s30197,INJUSDT,1787805000000,train,-1,-3.21,0.472,4.11,3.85,0.76,-3.13,1.52,0.65,0.61,0.7,0,-0.07,neutral,neutral,0,-0.187,32,8777,0,
s30198,FETUSDT,1787805000000,train,-1,-2.28,0.413,2.95,2.46,0.79,-2.21,1.18,0.46,0.57,0.69,0,-0.07,neutral,neutral,0,-1.0,14,8776,0,
s30199,STXUSDT,1787805000000,testB,-1,-4.04,0.412,5.0,4.22,1.3,-3.97,1.87,0.64,0.73,1.04,0,-0.07,neutral,neutral,0,-0.148,32,8776,0,
s30200,INJUSDT,1787805900000,train,-1,-2.42,0.401,3.87,3.59,0.8,-2.54,1.5,0.65,0.61,0.7,0,0.12,neutral,neutral,0,-0.232,32,8778,1,
s30201,STXUSDT,1787805900000,testB,-1,-3.56,0.379,4.94,4.67,1.16,-3.68,1.94,0.64,0.73,1.04,0,0.12,neutral,neutral,0,-0.235,32,8777,1,
s30202,INJUSDT,1787806800000,train,-1,-2.58,0.44,3.87,3.42,1.01,-2.56,1.2,0.57,0.62,0.69,0,-0.01,neutral,neutral,0,-0.232,32,8779,0,
s30203,PUMPUSDT,1787807700000,train,-1,-6.56,0.57,9.82,7.79,2.83,-6.22,4.33,0.62,0.66,0.78,0,-0.34,neutral,bajista,0,-1.0,16,8780,2,
s30204,WLDUSDT,1787807700000,train,-1,-2.61,0.378,3.73,3.08,0.87,-2.27,1.14,0.67,0.7,0.67,0,-0.34,neutral,neutral,0,-1.0,11,8780,0,
s30205,OPUSDT,1787807700000,train,-1,-2.1,0.416,2.44,2.39,0.9,-1.76,0.85,0.5,0.52,0.55,0,-0.34,neutral,bajista,0,-1.0,12,8780,5,
s30206,INJUSDT,1787807700000,train,-1,-3.73,0.598,4.29,4.27,0.8,-3.4,1.81,0.57,0.62,0.69,0,-0.34,neutral,neutral,0,-0.428,32,8780,1,
s30207,TIAUSDT,1787807700000,train,-1,-2.1,0.472,2.49,2.32,0.97,-1.77,0.9,0.31,0.45,0.72,0,-0.34,neutral,bajista,0,-1.0,12,8780,5,
s30208,SEIUSDT,1787807700000,train,-1,-2.2,0.361,2.62,2.58,1.69,-1.87,1.36,0.69,0.62,0.68,0,-0.34,neutral,bajista,0,-1.0,11,8780,5,
s30209,FETUSDT,1787807700000,train,-1,-2.29,0.576,2.96,2.84,0.7,-1.95,1.05,0.38,0.55,0.68,0,-0.34,neutral,bajista,0,-1.0,11,8779,2,
s30210,STXUSDT,1787807700000,testB,-1,-3.27,0.406,5.46,4.75,1.19,-2.93,1.8,0.64,0.67,0.99,0,-0.34,neutral,neutral,0,-0.57,32,8779,0,
s30211,ASTERUSDT,1787808600000,train,-1,-2.29,0.613,2.98,2.67,1.42,-2.3,1.13,0.4,0.43,0.49,0,0.01,neutral,bajista,0,-0.207,32,8781,5,
s30212,PUMPUSDT,1787808600000,train,-1,-5.56,0.493,9.27,6.86,3.01,-5.57,3.42,0.62,0.66,0.78,0,0.01,neutral,neutral,0,-1.0,13,8781,0,
s30213,INJUSDT,1787808600000,train,-1,-3.32,0.564,4.88,4.25,1.08,-3.32,1.51,0.57,0.62,0.69,0,0.01,neutral,neutral,0,-0.232,32,8781,0,
s30214,INJUSDT,1787809500000,train,-1,-3.04,0.496,4.4,3.34,1.11,-3.07,1.03,0.57,0.62,0.69,0,0.03,neutral,neutral,0,-1.0,10,8782,0,
s30215,STXUSDT,1787809500000,testB,-1,-3.2,0.423,5.06,3.5,1.03,-3.23,0.45,0.64,0.67,0.99,0,0.03,neutral,neutral,0,-0.222,32,8781,0,
s30216,PUMPUSDT,1787810400000,train,-1,-5.1,0.451,8.44,5.53,3.22,-4.86,2.53,0.63,0.64,0.77,0,-0.24,neutral,neutral,0,-1.0,9,8783,1,
s30217,WLDUSDT,1787810400000,train,-1,-2.27,0.373,3.37,2.42,1.03,-2.03,0.71,0.6,0.7,0.68,0,-0.24,neutral,neutral,0,-1.0,8,8783,1,
s30218,INJUSDT,1787810400000,train,-1,-3.19,0.506,3.7,3.42,1.09,-2.95,1.68,0.46,0.61,0.7,0,-0.24,neutral,neutral,0,-1.0,9,8783,1,
s30219,JUPUSDT,1787810400000,train,-1,-3.5,0.39,5.76,4.04,0.71,-3.26,0.58,0.95,1.0,1.2,0,-0.24,neutral,neutral,0,-1.0,10,8783,1,
s30220,STBLUSDT,1787811300000,train,1,2.67,0.423,3.28,3.09,1.65,2.79,1.92,0.78,0.59,1.02,0,-0.12,neutral,alcista,1,2.0,12,8784,6,
s30221,INJUSDT,1787811300000,train,-1,-2.97,0.487,3.57,3.43,1.07,-2.85,1.74,0.46,0.61,0.7,0,-0.12,neutral,bajista,0,-1.0,8,8784,2,
s30222,JUPUSDT,1787811300000,train,-1,-3.29,0.374,5.26,3.68,0.57,-3.17,0.73,0.95,1.0,1.2,0,-0.12,neutral,bajista,0,-1.0,9,8784,2,
s30223,STXUSDT,1787811300000,testB,-1,-2.56,0.366,4.0,3.3,0.74,-2.45,1.19,0.57,0.64,0.94,0,-0.12,neutral,bajista,0,-0.357,32,8783,2,
s30224,STBLUSDT,1787812200000,train,1,3.98,0.523,4.61,4.35,2.5,3.95,2.93,0.78,0.59,1.02,0,0.04,neutral,alcista,0,1.12,32,8785,7,
s30225,ENAUSDT,1787812200000,train,1,6.54,0.459,6.86,6.79,2.36,6.5,4.46,0.63,0.58,0.57,1,0.04,neutral,alcista,0,0.185,32,8785,2,
s30226,STBLUSDT,1787813100000,train,1,3.83,0.497,4.69,4.24,2.86,3.7,2.52,0.78,0.59,1.02,0,0.13,neutral,neutral,0,1.018,32,8786,0,
s30227,ENAUSDT,1787813100000,train,1,4.9,0.36,8.31,6.31,3.11,4.78,3.65,0.63,0.58,0.57,1,0.13,neutral,neutral,0,0.114,32,8786,0,
s30228,STBLUSDT,1787814000000,train,1,4.75,0.557,5.54,5.06,2.95,4.55,3.13,0.98,0.7,0.89,0,0.21,neutral,neutral,0,0.679,32,8787,1,
s30229,STBLUSDT,1787814900000,train,1,3.82,0.505,5.67,5.23,2.82,3.94,2.99,0.98,0.7,0.89,0,-0.12,neutral,alcista,0,0.683,32,8788,2,
s30230,STXUSDT,1787814900000,testB,-1,-2.45,0.352,3.3,2.67,0.61,-2.33,0.84,0.49,0.57,0.9,0,-0.12,neutral,bajista,0,-1.0,3,8787,2,
s30231,STBLUSDT,1787815800000,train,1,4.26,0.533,6.6,6.2,2.04,4.3,3.64,0.98,0.7,0.89,0,-0.04,neutral,alcista,0,0.324,32,8789,3,
s30232,STBLUSDT,1787816700000,train,1,6.79,0.794,7.76,7.51,1.67,6.47,4.61,0.98,0.7,0.89,0,0.32,neutral,alcista,0,0.129,32,8790,4,
s30233,XPLUSDT,1787817600000,train,1,3.19,0.513,4.98,4.2,1.7,2.21,2.2,0.51,0.47,0.65,0,0.98,neutral,alcista,0,-0.208,32,8791,3,
s30234,STBLUSDT,1787817600000,train,1,4.92,0.471,7.92,5.68,1.91,3.94,2.19,1.19,0.76,0.86,0,0.98,neutral,neutral,0,0.387,32,8791,0,
s30235,SUIUSDT,1787817600000,train,1,2.09,0.435,3.39,3.07,2.16,1.11,1.77,0.59,0.61,0.66,0,0.98,neutral,alcista,0,0.753,32,8791,3,
s30236,PENDLEUSDT,1787817600000,train,1,2.43,0.39,4.31,3.94,1.8,1.45,1.99,0.43,0.44,0.45,0,0.98,neutral,alcista,0,0.405,32,8791,8,
s30237,FETUSDT,1787817600000,train,1,2.51,0.461,4.18,3.46,1.88,1.53,1.79,0.44,0.57,0.66,0,0.98,neutral,alcista,0,-0.276,32,8790,4,
s30238,LDOUSDT,1787817600000,testB,1,2.6,0.38,4.82,4.33,1.95,1.62,2.34,0.56,0.49,0.61,0,0.98,neutral,alcista,0,0.082,32,8790,3,
s30239,XPLUSDT,1787818500000,train,1,3.58,0.543,4.95,4.63,1.77,2.36,2.46,0.51,0.47,0.65,0,1.23,neutral,alcista,0,-0.198,32,8792,4,
s30240,STBLUSDT,1787818500000,train,1,5.56,0.529,7.89,5.96,1.63,4.33,2.16,1.19,0.76,0.86,0,1.23,neutral,neutral,0,0.276,32,8792,1,
s30241,WLDUSDT,1787818500000,train,1,2.22,0.418,3.63,3.17,2.02,0.99,1.17,0.71,0.8,0.71,0,1.23,neutral,alcista,0,-1.0,14,8792,3,
s30242,ENAUSDT,1787818500000,train,1,6.25,0.433,8.2,7.56,1.02,5.02,3.48,0.69,0.68,0.61,1,1.23,neutral,alcista,0,1.266,32,8792,2,
s30243,ARBUSDT,1787818500000,train,1,2.27,0.427,3.03,2.99,1.87,1.05,1.66,0.52,0.62,0.67,0,1.23,neutral,alcista,0,-1.0,13,8792,3,
s30244,OPUSDT,1787818500000,train,1,2.39,0.469,3.53,3.51,1.33,1.16,1.88,0.52,0.5,0.58,0,1.23,neutral,alcista,0,0.061,32,8792,4,
s30245,INJUSDT,1787818500000,train,1,3.0,0.438,4.4,4.31,1.99,1.77,2.33,0.52,0.62,0.72,0,1.23,neutral,alcista,0,-0.075,32,8792,8,
s30246,SUIUSDT,1787818500000,train,1,2.45,0.508,3.39,3.24,2.66,1.23,1.82,0.59,0.61,0.66,0,1.23,neutral,alcista,0,0.876,32,8792,4,
s30247,SEIUSDT,1787818500000,train,1,2.42,0.414,4.03,3.99,2.43,1.19,2.06,0.71,0.72,0.73,0,1.23,neutral,alcista,0,0.23,32,8792,8,
s30248,PENDLEUSDT,1787818500000,train,1,3.88,0.592,4.8,4.73,2.15,2.65,2.63,0.43,0.44,0.45,0,1.23,neutral,alcista,0,0.186,32,8792,8,
s30249,ONDOUSDT,1787818500000,train,1,2.54,0.511,3.56,3.51,2.39,1.31,1.99,0.43,0.44,0.5,0,1.23,neutral,alcista,0,0.256,32,8791,4,
s30250,FETUSDT,1787818500000,train,1,3.93,0.653,4.67,4.37,2.64,2.7,2.55,0.44,0.57,0.66,0,1.23,neutral,alcista,0,-0.351,32,8791,5,
s30251,LDOUSDT,1787818500000,testB,1,4.68,0.582,5.87,5.81,2.97,3.46,3.64,0.56,0.49,0.61,0,1.23,neutral,alcista,0,-0.152,32,8791,4,
s30252,XPLUSDT,1787819400000,train,1,4.35,0.609,5.63,5.21,2.45,2.96,2.82,0.51,0.47,0.65,0,1.39,neutral,alcista,0,-0.123,32,8793,5,
s30253,STBLUSDT,1787819400000,train,1,6.37,0.563,7.83,6.67,1.58,4.97,2.79,1.19,0.76,0.86,0,1.39,neutral,alcista,0,0.103,32,8793,2,
s30254,0GUSDT,1787819400000,train,1,2.46,0.47,3.57,3.27,2.81,1.07,1.64,0.58,0.49,0.49,1,1.39,neutral,alcista,0,0.264,32,8793,5,
s30255,WLDUSDT,1787819400000,train,1,2.42,0.439,3.63,3.36,2.19,1.03,1.32,0.71,0.8,0.71,0,1.39,neutral,alcista,0,-1.0,13,8793,4,
s30256,ENAUSDT,1787819400000,train,1,7.93,0.534,8.19,7.59,1.3,6.54,3.96,0.69,0.68,0.61,1,1.39,neutral,alcista,0,1.09,32,8793,3,
s30257,ARBUSDT,1787819400000,train,1,2.62,0.493,3.33,3.15,2.05,1.23,1.66,0.52,0.62,0.67,0,1.39,neutral,alcista,0,-1.0,12,8793,4,
s30258,OPUSDT,1787819400000,train,1,2.52,0.498,3.76,3.55,1.72,1.12,1.78,0.52,0.5,0.58,0,1.39,neutral,alcista,0,0.074,32,8793,5,
s30259,INJUSDT,1787819400000,train,1,2.7,0.378,4.71,4.04,1.95,1.31,1.86,0.52,0.62,0.72,0,1.39,neutral,neutral,0,-0.022,32,8793,0,
s30260,SUIUSDT,1787819400000,train,1,3.13,0.597,3.81,3.74,3.42,1.73,2.13,0.59,0.61,0.66,0,1.39,neutral,alcista,0,0.699,32,8793,5,
s30261,TIAUSDT,1787819400000,train,1,2.05,0.439,3.13,2.82,2.46,0.66,1.49,0.35,0.46,0.73,0,1.39,neutral,alcista,0,0.317,32,8793,4,
s30262,SEIUSDT,1787819400000,train,1,2.8,0.47,4.25,4.23,2.45,1.41,2.09,0.71,0.72,0.73,0,1.39,neutral,alcista,0,0.236,32,8793,8,
s30263,JUPUSDT,1787819400000,train,1,4.07,0.449,6.35,6.13,3.53,2.68,3.6,1.17,1.13,1.29,0,1.39,neutral,alcista,0,0.428,32,8793,5,
s30264,PENDLEUSDT,1787819400000,train,1,4.31,0.7,5.05,4.7,2.28,2.92,2.33,0.43,0.44,0.45,0,1.39,neutral,neutral,0,0.239,32,8793,0,
s30265,ONDOUSDT,1787819400000,train,1,2.46,0.487,3.7,3.3,2.92,1.07,1.6,0.43,0.44,0.5,0,1.39,neutral,neutral,0,0.36,32,8792,0,
s30266,FETUSDT,1787819400000,train,1,4.24,0.67,5.24,4.66,3.77,2.85,2.6,0.44,0.57,0.66,0,1.39,neutral,alcista,0,-0.241,32,8792,6,
s30267,ARUSDT,1787819400000,testB,1,2.07,0.495,2.84,2.61,2.43,0.68,1.3,0.37,0.43,0.64,0,1.39,neutral,alcista,0,0.207,32,8792,8,
s30268,LDOUSDT,1787819400000,testB,1,4.53,0.549,6.59,5.49,4.28,3.13,2.95,0.56,0.49,0.61,0,1.39,neutral,neutral,0,0.044,32,8792,0,
s30269,XPLUSDT,1787820300000,train,1,4.62,0.647,6.02,5.32,2.91,3.38,2.64,0.51,0.47,0.65,0,1.24,neutral,alcista,0,-0.169,32,8794,6,
s30270,STBLUSDT,1787820300000,train,1,7.2,0.62,7.43,6.78,1.19,5.96,3.01,1.19,0.76,0.86,0,1.24,neutral,alcista,0,0.043,32,8794,3,
s30271,0GUSDT,1787820300000,train,1,2.21,0.412,3.58,3.09,3.07,0.97,1.31,0.58,0.49,0.49,1,1.24,neutral,neutral,0,0.24,32,8794,0,
s30272,WLDUSDT,1787820300000,train,1,2.63,0.493,3.68,3.19,2.66,1.39,1.07,0.71,0.8,0.71,0,1.24,neutral,neutral,0,-1.0,12,8794,0,
s30273,ARBUSDT,1787820300000,train,1,2.91,0.575,3.35,3.09,2.25,1.67,1.43,0.52,0.62,0.67,0,1.24,neutral,neutral,0,-1.0,11,8794,0,
s30274,OPUSDT,1787820300000,train,1,2.83,0.542,3.9,3.77,1.91,1.59,1.75,0.52,0.5,0.58,0,1.24,neutral,alcista,0,-0.198,32,8794,6,
s30275,INJUSDT,1787820300000,train,1,2.56,0.35,4.71,3.87,2.02,1.32,1.52,0.52,0.62,0.72,0,1.24,neutral,neutral,0,-0.145,32,8794,0,
s30276,SUIUSDT,1787820300000,train,1,3.37,0.667,4.03,3.77,3.78,2.13,1.92,0.59,0.61,0.66,0,1.24,neutral,alcista,0,0.426,32,8794,6,
s30277,TIAUSDT,1787820300000,train,1,2.05,0.439,3.13,2.71,2.86,0.81,1.21,0.35,0.46,0.73,0,1.24,neutral,neutral,0,0.113,32,8794,0,
s30278,SEIUSDT,1787820300000,train,1,3.37,0.592,4.47,4.35,2.6,2.13,2.0,0.71,0.72,0.73,0,1.24,neutral,alcista,0,0.033,32,8794,8,
s30279,JUPUSDT,1787820300000,train,1,5.05,0.614,7.48,5.92,5,3.81,3.02,1.17,1.13,1.29,0,1.24,neutral,neutral,0,0.376,32,8794,0,
s30280,PENDLEUSDT,1787820300000,train,1,4.12,0.646,5.07,4.33,2.77,2.88,1.72,0.43,0.44,0.45,0,1.24,neutral,neutral,0,0.169,32,8794,0,
s30281,ONDOUSDT,1787820300000,train,1,2.28,0.433,3.71,2.97,3.28,1.04,1.12,0.43,0.44,0.5,0,1.24,neutral,neutral,0,0.393,32,8793,0,
s30282,FETUSDT,1787820300000,train,1,3.99,0.607,5.26,4.43,4.21,2.75,2.11,0.44,0.57,0.66,0,1.24,neutral,neutral,0,-0.36,32,8793,0,
s30283,LDOUSDT,1787820300000,testB,1,4.81,0.599,6.61,5.1,4.37,3.57,2.27,0.56,0.49,0.61,0,1.24,neutral,neutral,0,-0.011,32,8793,0,
s30284,MANAUSDT,1787820300000,testB,1,2.23,0.516,3.13,2.97,2.79,0.99,1.53,0.74,0.61,0.61,0,1.24,neutral,neutral,0,0.161,32,8793,1,
s30285,APEUSDT,1787820300000,testB,1,2.15,0.469,2.88,2.74,2.68,0.91,1.51,0.42,0.43,0.57,0,1.24,neutral,alcista,0,0.359,32,8793,5,
s30286,XPLUSDT,1787821200000,train,1,5.3,0.773,6.02,5.48,1.84,3.73,2.53,0.66,0.53,0.62,0,1.57,neutral,alcista,0,-0.145,32,8795,7,
s30287,STBLUSDT,1787821200000,train,1,7.37,0.626,7.44,7.04,0.87,5.8,3.16,1.51,0.97,0.9,1,1.57,neutral,alcista,0,-0.036,32,8795,4,
s30288,0GUSDT,1787821200000,train,1,2.22,0.412,3.59,2.79,2.57,0.65,0.98,0.54,0.5,0.47,1,1.57,neutral,neutral,0,0.444,32,8795,0,
s30289,WLDUSDT,1787821200000,train,1,2.78,0.526,3.63,3.19,1.63,1.21,1.06,0.73,0.84,0.72,0,1.57,neutral,neutral,0,-1.0,11,8795,1,
s30290,ARBUSDT,1787821200000,train,1,2.4,0.444,3.37,2.69,1.66,0.83,0.98,0.56,0.63,0.67,0,1.57,neutral,neutral,0,-1.0,10,8795,0,
s30291,OPUSDT,1787821200000,train,1,2.91,0.564,3.91,3.62,1.51,1.34,1.48,0.63,0.56,0.61,0,1.57,neutral,neutral,0,-0.109,32,8795,0,
s30292,SUIUSDT,1787821200000,train,1,4.0,0.745,4.41,4.19,2.33,2.43,2.16,0.77,0.67,0.68,0,1.57,neutral,alcista,0,0.397,32,8795,7,
s30293,SEIUSDT,1787821200000,train,1,3.67,0.675,4.48,4.19,1.3,2.1,1.7,0.79,0.75,0.72,1,1.57,neutral,neutral,0,0.109,32,8795,0,
s30294,JUPUSDT,1787821200000,train,1,5.97,0.743,7.45,6.21,4.72,4.41,3.07,1.27,1.18,1.26,0,1.57,neutral,neutral,0,0.407,32,8795,1,
s30295,PENDLEUSDT,1787821200000,train,1,4.26,0.681,5.07,4.29,1.61,2.7,1.59,0.49,0.46,0.46,1,1.57,neutral,neutral,0,0.174,32,8795,0,
s30296,ONDOUSDT,1787821200000,train,1,2.72,0.505,3.7,3.23,2.02,1.15,1.29,0.52,0.49,0.51,0,1.57,neutral,neutral,0,0.352,32,8794,1,
s30297,FETUSDT,1787821200000,train,1,3.64,0.522,5.29,3.8,2.92,2.07,1.37,0.52,0.52,0.66,0,1.57,neutral,neutral,0,-0.187,32,8794,0,
s30298,LDOUSDT,1787821200000,testB,1,4.78,0.593,6.62,5.03,2.86,3.22,2.04,0.68,0.54,0.57,0,1.57,neutral,neutral,0,0.054,32,8794,0,
s30299,MANAUSDT,1787821200000,testB,1,2.16,0.488,3.14,2.59,2.05,0.59,1.07,0.83,0.64,0.61,1,1.57,neutral,neutral,0,0.381,32,8794,0,
s30300,APEUSDT,1787821200000,testB,1,2.67,0.649,2.88,2.74,2.2,1.1,1.37,0.48,0.46,0.53,0,1.57,neutral,neutral,0,0.385,32,8794,0,
s30301,XPLUSDT,1787822100000,train,1,6.63,0.81,7.06,6.72,2.31,4.31,3.53,0.66,0.53,0.62,0,2.32,bull,alcista,0,-0.135,32,8796,8,
s30302,STBLUSDT,1787822100000,train,1,8.32,0.655,8.53,7.93,1.03,6.0,3.82,1.51,0.97,0.9,1,2.32,bull,alcista,0,-0.175,32,8796,5,
s30303,0GUSDT,1787822100000,train,1,2.99,0.553,3.58,3.15,1.68,0.67,1.25,0.54,0.5,0.47,1,2.32,bull,neutral,0,0.196,32,8796,1,
s30304,WLDUSDT,1787822100000,train,1,2.85,0.533,3.58,3.24,1.23,0.53,1.11,0.73,0.84,0.72,0,2.32,bull,alcista,0,-1.0,5,8796,2,
s30305,ARBUSDT,1787822100000,train,1,3.16,0.514,3.84,3.42,1.65,0.84,1.6,0.56,0.63,0.67,0,2.32,bull,neutral,0,-1.0,9,8796,1,
s30306,OPUSDT,1787822100000,train,1,3.74,0.661,4.34,4.23,1.59,1.42,1.94,0.63,0.56,0.61,0,2.32,bull,neutral,0,-0.25,32,8796,1,
s30307,INJUSDT,1787822100000,train,1,3.93,0.526,4.68,4.52,1.06,1.61,1.99,0.55,0.61,0.73,0,2.32,bull,neutral,0,-0.107,32,8796,1,
s30308,SUIUSDT,1787822100000,train,1,4.71,0.775,5.02,4.85,2.31,2.38,2.61,0.77,0.67,0.68,0,2.32,bull,alcista,0,0.174,32,8796,8,
s30309,TIAUSDT,1787822100000,train,1,2.83,0.529,3.37,3.09,2.42,0.51,1.44,0.45,0.48,0.74,0,2.32,bull,neutral,0,0.207,32,8796,1,
s30310,SEIUSDT,1787822100000,train,1,4.4,0.822,4.57,4.46,1.14,2.08,1.82,0.79,0.75,0.72,1,2.32,bull,neutral,0,0.042,32,8796,1,
s30311,JUPUSDT,1787822100000,train,1,7.12,0.825,7.31,6.87,3.83,4.8,3.53,1.27,1.18,1.26,0,2.32,bull,alcista,0,0.231,32,8796,2,
s30312,PENDLEUSDT,1787822100000,train,1,4.73,0.704,5.1,4.87,1.45,2.41,2.05,0.49,0.46,0.46,1,2.32,bull,neutral,0,-0.014,32,8796,1,
s30313,ONDOUSDT,1787822100000,train,1,3.35,0.606,3.9,3.58,1.79,1.03,1.52,0.52,0.49,0.51,0,2.32,bull,alcista,0,0.162,32,8795,2,
s30314,FETUSDT,1787822100000,train,1,4.62,0.591,5.24,4.66,2.36,2.3,2.05,0.52,0.52,0.66,0,2.32,bull,neutral,0,-0.405,32,8795,1,
s30315,ARUSDT,1787822100000,testB,1,2.86,0.525,3.54,3.18,1.96,0.54,1.7,0.45,0.41,0.63,0,2.32,bull,neutral,0,-0.239,32,8795,1,
s30316,GRTUSDT,1787822100000,testB,1,3.0,0.531,3.87,3.47,1.69,0.68,1.57,0.47,0.63,0.67,0,2.32,bull,neutral,0,0.419,32,8795,1,
s30317,LDOUSDT,1787822100000,testB,1,5.29,0.617,6.58,5.56,2.02,2.97,2.39,0.68,0.54,0.57,0,2.32,bull,neutral,0,-0.145,32,8795,1,
s30318,SANDUSDT,1787822100000,testB,1,2.89,0.526,3.53,3.32,1.96,0.57,1.54,0.44,0.37,0.38,0,2.32,bull,neutral,0,-0.331,32,8795,1,
s30319,MANAUSDT,1787822100000,testB,1,2.75,0.583,3.31,3.0,1.31,0.43,1.36,0.83,0.64,0.61,1,2.32,bull,neutral,0,0.319,32,8795,1,
s30320,AXSUSDT,1787822100000,testB,1,2.43,0.579,2.73,2.56,1.15,0.11,1.32,0.54,0.49,0.56,0,2.32,bull,neutral,0,0.025,32,8795,1,
s30321,APEUSDT,1787822100000,testB,1,2.8,0.661,3.08,3.01,2.64,0.48,1.59,0.48,0.46,0.53,0,2.32,bull,neutral,0,0.233,32,8795,1,
s30322,XPLUSDT,1787823000000,train,1,6.94,0.817,6.9,6.48,2.34,4.99,3.67,0.66,0.53,0.62,0,1.95,neutral,alcista,0,-0.272,32,8797,8,
s30323,PUMPUSDT,1787823000000,train,1,7.51,0.855,8.2,7.42,1.22,5.56,3.11,0.91,0.71,0.82,0,1.95,neutral,neutral,0,-0.044,32,8797,0,
s30324,STBLUSDT,1787823000000,train,1,6.43,0.443,8.57,6.22,1.51,4.48,1.88,1.51,0.97,0.9,1,1.95,neutral,neutral,0,0.041,32,8797,0,
s30325,ENAUSDT,1787823000000,train,1,7.83,0.467,9.43,7.52,1.35,5.87,2.9,0.85,0.77,0.64,1,1.95,neutral,neutral,0,-1.0,12,8797,0,
s30326,ARBUSDT,1787823000000,train,1,2.73,0.418,3.57,2.76,1.31,0.77,1.14,0.56,0.63,0.67,0,1.95,neutral,neutral,0,-1.0,8,8797,0,
s30327,OPUSDT,1787823000000,train,1,2.73,0.44,3.84,2.66,1.5,0.78,1.06,0.63,0.56,0.61,0,1.95,neutral,neutral,0,-0.225,32,8797,0,
s30328,INJUSDT,1787823000000,train,1,2.96,0.353,4.73,3.64,0.88,1.01,0.96,0.55,0.61,0.73,0,1.95,neutral,neutral,0,0.075,32,8797,0,
s30329,SUIUSDT,1787823000000,train,1,3.73,0.529,4.82,3.68,1.79,1.77,1.49,0.77,0.67,0.68,0,1.95,neutral,neutral,0,0.27,32,8797,0,
s30330,SEIUSDT,1787823000000,train,1,3.22,0.558,4.04,3.16,1.03,1.26,1.0,0.79,0.75,0.72,1,1.95,neutral,neutral,0,0.252,32,8797,0,
s30331,JUPUSDT,1787823000000,train,1,6.49,0.813,6.27,6.13,2.2,4.53,3.75,1.27,1.18,1.26,0,1.95,neutral,alcista,0,0.093,32,8797,3,
s30332,PENDLEUSDT,1787823000000,train,1,4.12,0.626,4.6,3.95,1.57,2.16,1.67,0.49,0.46,0.46,1,1.95,neutral,neutral,0,-0.033,32,8797,0,
s30333,ONDOUSDT,1787823000000,train,1,2.86,0.493,3.52,2.83,1.68,0.9,1.06,0.52,0.49,0.51,0,1.95,neutral,neutral,0,0.121,32,8796,0,
s30334,FETUSDT,1787823000000,train,1,3.07,0.373,4.58,3.03,1.45,1.11,0.98,0.52,0.52,0.66,0,1.95,neutral,neutral,0,-1.0,9,8796,0,
s30335,ARUSDT,1787823000000,testB,1,2.53,0.462,3.46,2.92,2.09,0.58,1.38,0.45,0.41,0.63,0,1.95,neutral,neutral,0,-0.354,32,8796,0,
s30336,GRTUSDT,1787823000000,testB,1,3.13,0.562,3.71,3.03,1.64,1.17,1.15,0.47,0.63,0.67,0,1.95,neutral,neutral,0,0.426,32,8796,0,
s30337,LDOUSDT,1787823000000,testB,1,4.29,0.461,6.04,4.17,1.27,2.34,1.48,0.68,0.54,0.57,0,1.95,neutral,neutral,0,0.026,32,8796,0,
s30338,SANDUSDT,1787823000000,testB,1,2.49,0.42,3.47,2.43,1.56,0.54,0.68,0.44,0.37,0.38,0,1.95,neutral,neutral,0,-0.398,32,8796,0,
s30339,MANAUSDT,1787823000000,testB,1,2.17,0.411,3.16,2.23,1.07,0.22,0.7,0.83,0.64,0.61,1,1.95,neutral,neutral,0,0.515,32,8796,0,
s30340,APEUSDT,1787823000000,testB,1,2.02,0.4,3.11,2.12,1.55,0.06,0.61,0.48,0.46,0.53,0,1.95,neutral,neutral,0,0.5,32,8796,0,
s30341,XPLUSDT,1787823900000,train,1,5.29,0.627,6.68,5.36,2.12,3.93,2.66,0.66,0.53,0.62,0,1.36,neutral,neutral,0,-0.327,32,8798,0,
s30342,PUMPUSDT,1787823900000,train,1,5.74,0.631,7.95,6.17,1.21,4.38,2.11,0.91,0.71,0.82,0,1.36,neutral,neutral,0,0.064,32,8798,0,
s30343,STBLUSDT,1787823900000,train,1,6.32,0.44,7.96,6.02,1.78,4.97,2.03,1.51,0.97,0.9,1,1.36,neutral,neutral,0,-0.036,32,8798,1,
s30344,ENAUSDT,1787823900000,train,1,5.78,0.35,9.51,6.7,1.45,4.42,1.85,0.85,0.77,0.64,1,1.36,neutral,neutral,0,-1.0,11,8798,0,
s30345,SUIUSDT,1787823900000,train,1,2.57,0.362,4.85,3.11,1.62,1.22,0.83,0.77,0.67,0.68,0,1.36,neutral,neutral,0,0.548,32,8798,0,
s30346,SEIUSDT,1787823900000,train,1,2.47,0.466,3.9,2.87,0.98,1.11,0.83,0.79,0.75,0.72,1,1.36,neutral,neutral,0,0.314,32,8798,0,
s30347,JUPUSDT,1787823900000,train,1,5.19,0.659,6.39,5.51,1.02,3.84,2.92,1.27,1.18,1.26,0,1.36,neutral,neutral,0,0.448,32,8798,0,
s30348,PENDLEUSDT,1787823900000,train,1,3.26,0.572,4.32,3.91,1.39,1.9,1.75,0.49,0.46,0.46,1,1.36,neutral,neutral,0,0.011,32,8798,1,
s30349,GRTUSDT,1787823900000,testB,1,2.31,0.435,3.61,2.65,1.26,0.95,0.85,0.47,0.63,0.67,0,1.36,neutral,neutral,0,0.468,32,8797,0,
s30350,XPLUSDT,1787824800000,train,1,5.64,0.673,6.67,5.47,1.97,4.05,2.51,0.71,0.57,0.62,0,1.59,neutral,neutral,0,-0.561,32,8799,1,
s30351,PUMPUSDT,1787824800000,train,1,6.08,0.668,7.87,6.24,1.15,4.49,2.31,0.99,0.73,0.82,0,1.59,neutral,neutral,0,-0.413,32,8799,1,
s30352,STBLUSDT,1787824800000,train,1,6.13,0.434,7.42,5.95,2.27,4.54,2.24,2.17,1.31,1.08,1,1.59,neutral,alcista,0,-0.133,32,8799,2,
s30353,ENAUSDT,1787824800000,train,1,6.63,0.418,9.46,6.45,1.47,5.04,1.53,1.0,0.82,0.67,1,1.59,neutral,neutral,0,-1.0,10,8799,0,
s30354,INJUSDT,1787824800000,train,1,3.39,0.409,4.72,3.69,1.5,1.8,0.97,0.7,0.68,0.75,0,1.59,neutral,neutral,0,-0.299,32,8799,1,
s30355,SUIUSDT,1787824800000,train,1,2.92,0.429,4.75,2.95,1.18,1.33,0.7,0.93,0.72,0.72,1,1.59,neutral,neutral,0,0.33,32,8799,0,
s30356,SEIUSDT,1787824800000,train,1,2.93,0.562,3.89,3.03,1.03,1.34,0.95,0.86,0.77,0.73,1,1.59,neutral,neutral,0,0.097,32,8799,1,
s30357,JUPUSDT,1787824800000,train,1,5.21,0.659,6.41,5.26,0.98,3.62,2.43,1.36,1.24,1.22,1,1.59,neutral,neutral,0,0.437,32,8799,0,
s30358,PENDLEUSDT,1787824800000,train,1,3.79,0.727,4.37,3.92,1.5,2.21,1.56,0.56,0.49,0.47,1,1.59,neutral,alcista,0,-0.151,32,8799,2,
s30359,ONDOUSDT,1787824800000,train,1,2.09,0.403,3.3,2.1,1.66,0.5,0.5,0.64,0.53,0.53,1,1.59,neutral,neutral,0,0.0,32,8798,0,
s30360,GRTUSDT,1787824800000,testB,1,2.25,0.419,3.5,2.32,1.54,0.67,0.63,0.52,0.65,0.68,0,1.59,neutral,neutral,0,0.293,32,8798,0,
s30361,XPLUSDT,1787825700000,train,1,5.0,0.617,6.18,4.8,1.51,3.73,2.07,0.71,0.57,0.62,0,1.27,neutral,neutral,0,-1.0,14,8800,0,
s30362,PUMPUSDT,1787825700000,train,1,4.65,0.452,7.95,5.05,1.04,3.38,0.9,0.99,0.73,0.82,0,1.27,neutral,neutral,0,-0.347,32,8800,0,
s30363,STBLUSDT,1787825700000,train,1,5.76,0.421,6.77,6.02,2.05,4.49,2.68,2.17,1.31,1.08,1,1.27,neutral,alcista,0,-0.284,32,8800,3,
s30364,INJUSDT,1787825700000,train,1,3.53,0.431,4.62,3.43,1.68,2.26,0.72,0.7,0.68,0.75,0,1.27,neutral,neutral,0,-0.481,32,8800,0,
s30365,SEIUSDT,1787825700000,train,1,2.33,0.4,3.75,2.27,1.28,1.06,0.26,0.86,0.77,0.73,1,1.27,neutral,neutral,0,0.157,32,8800,0,
s30366,JUPUSDT,1787825700000,train,1,3.82,0.41,6.5,3.86,0.98,2.55,0.71,1.36,1.24,1.22,1,1.27,neutral,neutral,0,1.5,32,8800,0,
s30367,PENDLEUSDT,1787825700000,train,1,2.98,0.516,4.06,2.93,1.62,1.71,0.75,0.56,0.49,0.47,1,1.27,neutral,neutral,0,0.05,32,8800,0,
s30368,XPLUSDT,1787826600000,train,1,4.29,0.582,5.92,4.63,1.16,3.22,1.85,0.71,0.57,0.62,0,1.07,neutral,neutral,0,-1.0,13,8801,1,
s30369,STBLUSDT,1787826600000,train,1,5.72,0.423,6.65,5.87,1.72,4.65,3.54,2.17,1.31,1.08,1,1.07,neutral,alcista,0,-0.485,32,8801,4,
s30370,PENDLEUSDT,1787826600000,train,1,2.34,0.405,3.7,2.26,1.35,1.27,0.25,0.56,0.49,0.47,1,1.07,neutral,neutral,0,0.375,32,8801,0,
s30371,XPLUSDT,1787827500000,train,1,3.73,0.49,5.94,4.26,1.05,2.71,1.34,0.71,0.57,0.62,0,1.02,neutral,neutral,0,-1.0,12,8802,0,
s30372,STBLUSDT,1787827500000,train,1,6.33,0.455,7.32,5.95,2.19,5.31,3.53,2.17,1.31,1.08,1,1.02,neutral,alcista,0,-0.594,32,8802,5,
s30373,XPLUSDT,1787828400000,train,1,3.09,0.373,5.99,3.55,1.12,1.92,0.48,0.8,0.62,0.65,0,1.16,neutral,neutral,0,-1.0,11,8803,0,
s30374,0GUSDT,1787828400000,train,1,2.14,0.354,2.64,2.52,1.6,0.97,1.15,0.6,0.58,0.5,1,1.16,neutral,alcista,0,-0.463,32,8803,2,
s30375,JUPUSDT,1787828400000,train,1,3.7,0.37,6.12,3.93,0.94,2.54,0.98,1.35,1.22,1.19,1,1.16,neutral,neutral,0,1.023,32,8803,1,
s30376,ARBUSDT,1787832900000,train,-1,-2.2,0.42,4.3,3.14,0.92,-1.95,0.54,0.67,0.54,0.66,0,-0.25,neutral,neutral,0,-0.275,32,8808,0,
s30377,FETUSDT,1787832900000,train,-1,-2.84,0.436,4.81,3.83,0.57,-2.59,0.69,0.66,0.5,0.65,0,-0.25,neutral,neutral,0,-0.063,32,8807,1,
s30378,WLDUSDT,1787833800000,train,-1,-2.36,0.424,4.19,2.82,0.7,-1.56,0.68,0.76,0.69,0.73,0,-0.8,neutral,neutral,0,-1.0,15,8809,1,
s30379,ARBUSDT,1787833800000,train,-1,-2.8,0.508,4.31,3.6,0.7,-2.0,0.93,0.67,0.54,0.66,0,-0.8,neutral,neutral,0,-0.372,32,8809,1,
s30380,FETUSDT,1787833800000,train,-1,-3.71,0.548,4.59,4.22,0.66,-2.91,1.25,0.66,0.5,0.65,0,-0.8,neutral,bajista,0,-0.261,32,8808,2,
s30381,ARBUSDT,1787834700000,train,-1,-2.5,0.439,4.3,3.35,0.59,-1.91,0.75,0.67,0.54,0.66,0,-0.6,neutral,neutral,0,-0.317,32,8810,0,
s30382,FETUSDT,1787834700000,train,-1,-3.43,0.518,4.59,4.16,0.57,-2.83,1.18,0.66,0.5,0.65,0,-0.6,neutral,neutral,0,-0.309,32,8809,0,
s30383,FETUSDT,1787835600000,train,-1,-2.56,0.41,4.58,3.9,0.59,-1.91,0.98,0.78,0.54,0.64,0,-0.64,neutral,neutral,0,-0.234,32,8810,0,
s30384,ARBUSDT,1787836500000,train,-1,-2.25,0.44,4.07,2.52,0.78,-0.82,0.19,0.69,0.55,0.65,0,-1.42,neutral,neutral,0,-0.135,32,8812,0,
s30385,FETUSDT,1787836500000,train,-1,-2.89,0.495,4.55,3.34,1.0,-1.46,0.43,0.78,0.54,0.64,0,-1.42,neutral,neutral,0,-0.055,32,8811,0,
s30386,XPLUSDT,1787837400000,train,-1,-4.06,0.395,5.24,4.81,0.98,-2.8,1.54,1.02,0.72,0.68,1,-1.26,neutral,neutral,0,-0.57,32,8813,1,
s30387,ENAUSDT,1787837400000,train,-1,-6.48,0.75,9.3,7.86,0.48,-5.22,2.06,1.09,0.86,0.72,1,-1.26,neutral,neutral,0,-1.0,2,8813,1,
s30388,ARBUSDT,1787837400000,train,-1,-2.67,0.481,3.6,2.86,1.09,-1.4,0.9,0.69,0.55,0.65,0,-1.26,neutral,neutral,0,-0.36,32,8813,1,
s30389,FETUSDT,1787837400000,train,-1,-2.68,0.474,3.36,2.87,1.34,-1.41,1.02,0.78,0.54,0.64,0,-1.26,neutral,neutral,0,-1.0,16,8812,1,
s30390,XPLUSDT,1787838300000,train,-1,-3.7,0.371,6.52,5.14,1.52,-3.12,1.76,1.02,0.72,0.68,1,-0.58,neutral,bajista,0,-0.751,32,8814,2,
s30391,PUMPUSDT,1787840100000,train,1,3.4,0.415,5.19,4.68,1.71,3.1,1.94,0.88,0.85,0.82,1,0.3,neutral,neutral,0,-1.0,15,8816,1,
s30392,PUMPUSDT,1787841000000,train,1,3.6,0.448,5.2,4.47,1.44,2.66,1.69,0.88,0.85,0.82,1,0.94,neutral,neutral,0,-1.0,14,8817,0,
s30393,SUIUSDT,1787841000000,train,1,3.43,0.446,3.85,3.63,1.27,2.49,2.18,1.03,0.81,0.71,1,0.94,neutral,alcista,0,-0.248,32,8817,2,
s30394,TIAUSDT,1787841000000,train,1,2.96,0.416,3.1,3.07,3.12,2.02,1.81,0.76,0.55,0.75,0,0.94,neutral,alcista,0,-0.333,32,8817,2,
s30395,JUPUSDT,1787841000000,train,1,4.19,0.425,5.32,5.1,2.43,3.24,2.58,1.56,1.38,1.22,1,0.94,neutral,alcista,0,1.085,32,8817,2,
s30396,GRTUSDT,1787841000000,testB,1,2.16,0.352,2.79,2.73,2.23,1.22,1.53,0.56,0.51,0.66,0,0.94,neutral,alcista,0,-0.571,32,8816,4,
s30397,JUPUSDT,1787841900000,train,1,3.83,0.374,5.33,4.77,2.5,3.12,2.05,1.56,1.38,1.22,1,0.71,neutral,neutral,0,1.018,32,8818,0,
s30398,PUMPUSDT,1787842800000,train,1,5.03,0.43,6.11,5.67,1.51,3.88,2.88,0.92,0.92,0.83,1,1.15,neutral,neutral,0,-1.0,12,8819,1,
s30399,SUIUSDT,1787843700000,train,1,3.76,0.443,4.49,3.85,1.88,2.41,2.0,1.02,0.9,0.71,1,1.35,neutral,alcista,0,-0.253,32,8820,2,
s30400,GRTUSDT,1787843700000,testB,1,2.33,0.414,3.06,2.89,1.03,0.98,1.43,0.57,0.52,0.65,0,1.35,neutral,alcista,0,-0.538,32,8819,2,
s30401,MANAUSDT,1787843700000,testB,1,2.27,0.434,2.47,2.33,0.99,0.92,1.15,0.76,0.8,0.63,0,1.35,neutral,neutral,0,0.206,32,8819,0,
s30402,SUIUSDT,1787844600000,train,1,3.05,0.368,4.35,3.46,1.57,1.71,1.54,1.02,0.9,0.71,1,1.34,neutral,neutral,0,-0.257,32,8821,0,
s30403,GRTUSDT,1787844600000,testB,1,2.28,0.408,3.06,2.89,1.32,0.94,1.27,0.57,0.52,0.65,0,1.34,neutral,alcista,0,-0.596,32,8820,3,
s30404,SUIUSDT,1787845500000,train,1,3.13,0.381,4.35,3.46,1.27,2.08,1.35,1.02,0.9,0.71,1,1.05,neutral,neutral,0,-0.276,32,8822,0,
s30405,GRTUSDT,1787846400000,testB,1,2.57,0.405,3.45,3.0,1.15,1.41,1.2,0.57,0.55,0.62,0,1.15,neutral,neutral,0,-0.648,32,8822,1,
s30406,APEUSDT,1787846400000,testB,1,2.72,0.487,2.85,2.78,1.3,1.56,1.56,0.95,0.76,0.57,1,1.15,neutral,alcista,0,-0.225,32,8822,2,
s30407,SUIUSDT,1787847300000,train,1,3.3,0.374,4.33,3.85,0.99,2.21,1.52,1.0,0.97,0.73,1,1.09,neutral,neutral,0,-0.25,32,8824,1,
s30408,GRTUSDT,1787847300000,testB,1,3.01,0.445,3.7,3.64,1.3,1.93,1.68,0.57,0.55,0.62,0,1.09,neutral,alcista,0,-0.606,32,8823,2,
s30409,APEUSDT,1787847300000,testB,1,2.71,0.487,4.65,3.05,4.02,1.62,1.65,0.95,0.76,0.57,1,1.09,neutral,alcista,0,-0.091,32,8823,3,
s30410,WLDUSDT,1787848200000,train,1,4.29,0.541,4.64,4.26,1.93,2.66,2.5,0.88,0.83,0.78,1,1.63,neutral,alcista,0,-0.264,32,8825,2,
s30411,ARBUSDT,1787848200000,train,1,2.81,0.362,3.24,3.16,1.03,1.17,1.4,0.73,0.67,0.61,1,1.63,neutral,alcista,0,-0.075,32,8825,3,
s30412,SUIUSDT,1787848200000,train,1,4.07,0.467,4.09,3.91,0.97,2.44,1.66,1.0,0.97,0.73,1,1.63,neutral,alcista,0,-0.313,32,8825,2,
s30413,TIAUSDT,1787848200000,train,1,2.61,0.357,2.99,2.66,1.08,0.98,1.1,0.83,0.67,0.62,1,1.63,neutral,alcista,0,-0.156,32,8825,2,
s30414,SEIUSDT,1787848200000,train,1,2.08,0.418,2.08,2.04,1.08,0.45,0.98,0.83,0.85,0.73,0,1.63,neutral,alcista,0,-0.293,32,8825,2,
s30415,JUPUSDT,1787848200000,train,1,4.19,0.354,4.85,3.98,1.13,2.56,1.85,1.73,1.58,1.33,1,1.63,neutral,alcista,0,1.152,32,8825,2,
s30416,PENDLEUSDT,1787848200000,train,1,2.74,0.401,3.04,2.85,2.58,1.11,1.33,0.59,0.58,0.48,1,1.63,neutral,alcista,0,-0.184,32,8825,4,
s30417,ONDOUSDT,1787848200000,train,1,2.82,0.459,3.0,2.8,1.4,1.19,1.4,0.63,0.63,0.51,0,1.63,neutral,alcista,0,-0.393,32,8824,4,
s30418,FETUSDT,1787848200000,train,1,2.69,0.393,3.34,3.22,1.12,1.06,1.34,0.77,0.68,0.63,1,1.63,neutral,alcista,0,-0.37,32,8824,2,
s30419,ARUSDT,1787848200000,testB,1,2.34,0.408,2.69,2.47,1.12,0.71,1.15,0.42,0.46,0.46,0,1.63,neutral,neutral,0,-0.582,32,8824,0,
s30420,GRTUSDT,1787848200000,testB,1,4.24,0.638,4.4,4.12,0.89,2.61,1.99,0.57,0.55,0.62,0,1.63,neutral,alcista,0,-0.587,32,8824,3,
s30421,MANAUSDT,1787848200000,testB,1,2.55,0.486,3.33,3.16,1.01,0.92,1.53,0.73,0.8,0.64,0,1.63,neutral,alcista,0,0.05,32,8824,3,
s30422,AXSUSDT,1787848200000,testB,1,2.12,0.418,2.63,2.54,1.0,0.48,1.06,0.7,0.68,0.55,1,1.63,neutral,alcista,0,-0.391,32,8824,3,
s30423,APEUSDT,1787848200000,testB,1,2.85,0.513,4.58,3.05,5,1.22,1.57,0.95,0.76,0.57,1,1.63,neutral,neutral,0,-0.023,32,8824,0,
s30424,STBLUSDT,1787849100000,train,-1,-2.39,0.54,4.25,3.63,0.66,-3.76,0.98,2.33,2.29,1.41,1,1.37,neutral,neutral,0,0.109,32,8826,0,
s30425,WLDUSDT,1787849100000,train,1,3.62,0.477,5.65,4.09,2.53,2.25,2.06,0.88,0.83,0.78,1,1.37,neutral,neutral,0,-0.298,32,8826,0,
s30426,ONDOUSDT,1787849100000,train,1,2.2,0.35,3.02,2.44,1.3,0.82,0.88,0.63,0.63,0.51,0,1.37,neutral,neutral,0,-0.269,32,8825,0,
s30427,GRTUSDT,1787849100000,testB,1,3.72,0.528,4.36,3.59,1.22,2.35,1.4,0.57,0.55,0.62,0,1.37,neutral,neutral,0,-0.631,32,8825,0,
s30428,MANAUSDT,1787849100000,testB,1,2.23,0.4,3.38,2.65,1.15,0.86,0.82,0.73,0.8,0.64,0,1.37,neutral,neutral,0,0.095,32,8825,0,
s30429,APEUSDT,1787849100000,testB,1,2.49,0.443,4.59,2.85,5,1.12,1.25,0.95,0.76,0.57,1,1.37,neutral,neutral,0,0.0,32,8825,0,
s30430,STBLUSDT,1787850000000,train,-1,-2.39,0.54,3.85,3.35,0.42,-3.99,0.95,1.68,2.26,1.38,0,1.6,neutral,neutral,0,-0.086,32,8827,1,
s30431,WLDUSDT,1787850000000,train,1,3.31,0.456,5.64,4.26,2.37,1.71,1.96,0.93,0.85,0.78,1,1.6,neutral,neutral,0,-0.191,32,8827,1,
s30432,GRTUSDT,1787850000000,testB,1,3.94,0.543,4.28,4.06,1.06,2.34,1.74,0.58,0.55,0.6,0,1.6,neutral,neutral,0,-0.568,32,8826,1,
s30433,MANAUSDT,1787850000000,testB,1,2.2,0.397,3.37,2.76,1.28,0.6,0.83,0.82,0.86,0.67,0,1.6,neutral,neutral,0,0.12,32,8826,1,
s30434,APEUSDT,1787850000000,testB,1,2.35,0.429,4.58,2.92,3.62,0.75,1.16,0.96,0.79,0.58,1,1.6,neutral,neutral,0,0.119,32,8826,0,
s30435,WLDUSDT,1787850900000,train,1,3.4,0.463,5.62,4.57,1.96,1.67,2.17,0.93,0.85,0.78,1,1.73,neutral,alcista,0,0.083,32,8828,2,
s30436,GRTUSDT,1787850900000,testB,1,2.78,0.38,4.36,3.48,1.04,1.05,1.11,0.58,0.55,0.6,0,1.73,neutral,neutral,0,-0.111,32,8827,0,
s30437,MANAUSDT,1787850900000,testB,1,2.39,0.416,3.92,3.15,1.5,0.66,1.16,0.82,0.86,0.67,0,1.73,neutral,alcista,0,0.151,32,8827,2,
s30438,APEUSDT,1787850900000,testB,1,2.2,0.413,4.58,2.92,1.04,0.47,1.05,0.96,0.79,0.58,1,1.73,neutral,neutral,0,0.238,32,8827,0,
s30439,WLDUSDT,1787851800000,train,1,3.37,0.453,5.66,3.96,1.41,1.79,1.3,0.93,0.85,0.78,1,1.58,neutral,neutral,0,0.37,32,8829,0,
s30440,FETUSDT,1787851800000,train,1,2.57,0.35,3.69,3.22,1.23,0.98,1.08,0.86,0.76,0.66,1,1.58,neutral,neutral,0,-0.056,32,8828,1,
s30441,GRTUSDT,1787851800000,testB,1,2.85,0.391,4.38,3.05,0.87,1.27,0.59,0.58,0.55,0.6,0,1.58,neutral,neutral,0,-0.182,32,8828,0,
s30442,MANAUSDT,1787851800000,testB,1,2.38,0.413,3.94,2.74,1.52,0.8,0.69,0.82,0.86,0.67,0,1.58,neutral,neutral,0,0.077,32,8828,0,
s30443,WLDUSDT,1787852700000,train,1,2.36,0.353,4.73,2.88,0.78,1.2,0.98,0.93,0.85,0.78,1,1.16,neutral,neutral,0,0.217,32,8830,0,
s30444,STBLUSDT,1787853600000,train,-1,-2.23,0.578,3.9,3.36,0.33,-3.02,0.92,1.25,2.15,1.38,0,0.8,neutral,bajista,0,0.097,32,8831,2,
s30445,STBLUSDT,1787854500000,train,-1,-2.16,0.57,3.91,3.59,0.42,-2.18,1.01,1.25,2.15,1.38,0,0.02,neutral,bajista,0,0.182,32,8832,3,
s30446,STBLUSDT,1787855400000,train,-1,-2.06,0.527,2.46,2.03,0.51,-1.57,0.83,1.25,2.15,1.38,0,-0.49,neutral,neutral,0,0.339,32,8833,0,
s30447,SANDUSDT,1787855400000,testB,-1,-2.66,0.443,3.14,3.02,1.47,-2.17,1.5,0.66,0.57,0.43,1,-0.49,neutral,bajista,0,0.936,32,8832,6,
s30448,INJUSDT,1787857200000,train,-1,-2.07,0.363,3.81,2.65,0.36,-1.43,0.32,1.27,1.05,0.84,1,-0.64,neutral,neutral,0,1.166,32,8835,0,
s30449,SANDUSDT,1787857200000,testB,-1,-2.42,0.424,2.96,2.6,1.17,-1.78,1.11,0.64,0.58,0.44,1,-0.64,neutral,neutral,0,1.056,32,8834,1,
s30450,0GUSDT,1787858100000,train,-1,-2.26,0.649,2.62,2.5,0.58,-1.73,1.05,0.58,0.62,0.52,0,-0.52,neutral,neutral,0,-0.225,32,8836,1,
s30451,ENAUSDT,1787858100000,train,1,7.75,0.447,9.66,7.46,0.44,8.28,2.0,2.33,1.74,1.2,1,-0.52,neutral,neutral,0,-0.333,32,8836,1,
s30452,SANDUSDT,1787858100000,testB,-1,-2.64,0.444,3.19,3.07,0.6,-2.12,1.48,0.64,0.58,0.44,1,-0.52,neutral,bajista,0,0.717,32,8835,2,
s30453,ENAUSDT,1787859000000,train,1,7.21,0.431,8.81,7.0,0.4,7.82,2.3,2.33,1.74,1.2,1,-0.61,neutral,alcista,0,-0.515,32,8837,2,
s30454,SANDUSDT,1787859000000,testB,-1,-2.64,0.444,3.19,3.07,0.46,-2.03,1.29,0.64,0.58,0.44,1,-0.61,neutral,neutral,0,0.756,32,8836,0,
s30455,STBLUSDT,1787859900000,train,-1,-2.06,0.644,2.25,2.14,0.46,-1.57,0.76,0.89,2.03,1.38,0,-0.49,neutral,neutral,0,-0.729,32,8838,1,
s30456,SANDUSDT,1787859900000,testB,-1,-2.48,0.429,3.44,3.3,0.55,-1.99,1.41,0.64,0.58,0.44,1,-0.49,neutral,neutral,0,0.676,32,8837,1,
s30457,SANDUSDT,1787860800000,testB,-1,-3.02,0.52,3.67,3.6,0.69,-2.45,1.51,0.63,0.57,0.46,1,-0.57,neutral,bajista,0,0.534,32,8838,2,
s30458,OPUSDT,1787861700000,train,-1,-2.39,0.418,3.66,2.76,0.74,-1.86,0.75,0.63,0.78,0.64,0,-0.53,neutral,neutral,0,-1.0,21,8840,0,
s30459,OPUSDT,1787862600000,train,-1,-2.46,0.436,3.5,2.58,0.86,-1.77,0.6,0.63,0.78,0.64,0,-0.69,neutral,neutral,0,-1.0,19,8841,0,
s30460,GRTUSDT,1787862600000,testB,-1,-2.53,0.426,3.49,2.99,0.43,-1.84,0.5,0.55,0.56,0.61,0,-0.69,neutral,neutral,0,0.981,32,8840,0,
s30461,SANDUSDT,1787862600000,testB,-1,-2.47,0.368,3.54,2.63,0.75,-1.78,0.51,0.63,0.57,0.46,1,-0.69,neutral,neutral,0,1.174,32,8840,1,
s30462,OPUSDT,1787863500000,train,-1,-2.02,0.387,3.37,2.78,0.86,-1.68,0.84,0.63,0.78,0.64,0,-0.34,neutral,neutral,0,-1.0,7,8842,1,
s30463,GRTUSDT,1787863500000,testB,-1,-2.21,0.392,3.5,3.1,0.52,-1.87,0.62,0.55,0.56,0.61,0,-0.34,neutral,neutral,0,0.855,32,8841,1,
s30464,OPUSDT,1787864400000,train,-1,-2.16,0.426,3.37,2.72,0.76,-1.49,0.86,0.62,0.73,0.65,0,-0.67,neutral,neutral,0,-1.0,6,8843,0,
s30465,GRTUSDT,1787864400000,testB,-1,-2.91,0.558,3.5,3.28,0.89,-2.24,0.81,0.53,0.55,0.6,0,-0.67,neutral,bajista,0,0.81,32,8842,2,
s30466,SANDUSDT,1787864400000,testB,-1,-2.69,0.5,3.47,3.05,0.66,-2.02,0.9,0.65,0.56,0.47,1,-0.67,neutral,bajista,0,0.889,32,8842,3,
s30467,WLDUSDT,1787865300000,train,-1,-2.03,0.362,2.94,2.46,0.79,-1.17,0.65,0.85,0.78,0.81,0,-0.85,neutral,bajista,0,-1.0,16,8844,3,
s30468,OPUSDT,1787865300000,train,-1,-2.45,0.457,3.08,2.76,0.89,-1.6,1.09,0.62,0.73,0.65,0,-0.85,neutral,neutral,0,-1.0,5,8844,1,
s30469,STXUSDT,1787865300000,testB,-1,-3.14,0.397,6.25,4.73,0.4,-2.29,0.32,0.43,0.51,0.56,0,-0.85,neutral,neutral,0,-0.479,32,8843,0,
s30470,GRTUSDT,1787865300000,testB,-1,-2.65,0.533,2.78,2.78,0.98,-1.8,1.1,0.53,0.55,0.6,0,-0.85,neutral,bajista,0,0.959,32,8843,3,
s30471,SANDUSDT,1787865300000,testB,-1,-2.74,0.504,2.97,2.89,0.61,-1.89,1.13,0.65,0.56,0.47,1,-0.85,neutral,bajista,0,0.849,32,8843,4,
s30472,OPUSDT,1787866200000,train,-1,-2.28,0.438,3.08,2.88,1.06,-1.7,0.99,0.62,0.73,0.65,0,-0.57,neutral,bajista,0,-1.0,4,8845,2,
s30473,FETUSDT,1787866200000,train,-1,-2.32,0.402,2.93,2.75,0.47,-1.75,1.01,0.61,0.68,0.6,0,-0.57,neutral,bajista,0,-1.0,15,8844,3,
s30474,STXUSDT,1787866200000,testB,-1,-3.66,0.432,4.9,4.55,0.46,-3.08,1.26,0.43,0.51,0.56,0,-0.57,neutral,neutral,0,-1.0,15,8844,1,
s30475,GRTUSDT,1787866200000,testB,-1,-2.38,0.506,2.67,2.56,1.09,-1.81,1.09,0.53,0.55,0.6,0,-0.57,neutral,bajista,0,-1.0,15,8844,4,
s30476,SANDUSDT,1787866200000,testB,-1,-2.55,0.484,2.91,2.74,0.89,-1.97,1.32,0.65,0.56,0.47,1,-0.57,neutral,bajista,0,0.732,32,8844,5,
s30477,OPUSDT,1787867100000,train,-1,-2.06,0.381,3.07,2.47,0.83,-1.73,0.55,0.62,0.73,0.65,0,-0.33,neutral,neutral,0,-1.0,3,8846,0,
s30478,SANDUSDT,1787867100000,testB,-1,-2.08,0.405,2.63,2.29,0.86,-1.75,1.15,0.65,0.56,0.47,1,-0.33,neutral,neutral,0,-1.0,15,8845,0,
s30479,XPLUSDT,1787868000000,train,1,4.01,0.359,5.93,5.27,0.91,3.81,1.69,0.63,0.93,0.76,0,0.2,neutral,alcista,0,-1.0,28,8847,2,
s30480,JUPUSDT,1787868000000,train,1,4.88,0.383,4.9,4.7,0.62,4.68,3.01,2.12,1.97,1.66,1,0.2,neutral,alcista,0,-1.0,20,8847,3,
s30481,XPLUSDT,1787868900000,train,1,4.6,0.428,5.76,4.49,0.87,4.21,1.03,0.63,0.93,0.76,0,0.39,neutral,neutral,0,-1.0,27,8848,0,
s30482,XPLUSDT,1787869800000,train,1,3.37,0.352,4.88,3.55,0.82,2.98,0.98,0.63,0.93,0.76,0,0.39,neutral,neutral,0,-1.0,22,8849,0,
s30483,JUPUSDT,1787869800000,train,1,4.76,0.446,5.24,5.0,1.16,4.37,2.9,2.12,1.97,1.66,1,0.39,neutral,neutral,0,-1.0,17,8849,1,
s30484,JUPUSDT,1787871600000,train,1,4.38,0.415,5.39,4.61,1.58,4.37,1.87,2.2,2.04,1.7,1,0.01,neutral,neutral,0,-1.0,15,8851,1,
s30485,JUPUSDT,1787872500000,train,1,3.52,0.366,4.88,4.39,1.21,3.35,2.11,2.2,2.04,1.7,1,0.17,neutral,alcista,0,-1.0,13,8852,2,
s30486,ENAUSDT,1787875200000,train,1,2.85,0.364,3.98,3.49,0.87,2.53,1.21,0.68,1.58,1.22,0,0.32,neutral,neutral,1,2.0,5,8855,1,
s30487,ENAUSDT,1787876100000,train,1,2.95,0.38,5.2,3.39,1.2,2.41,0.95,0.68,1.58,1.22,0,0.53,neutral,neutral,1,2.0,4,8856,0,
s30488,ENAUSDT,1787877000000,train,1,3.57,0.427,4.63,3.79,1.18,3.06,1.91,0.68,1.58,1.22,0,0.5,neutral,neutral,1,2.0,3,8857,1,
s30489,XPLUSDT,1787879700000,train,1,4.88,0.517,5.8,5.35,2.5,3.51,3.64,0.7,0.9,0.82,0,1.37,neutral,alcista,0,-1.0,6,8860,3,
s30490,WLDUSDT,1787879700000,train,1,2.46,0.354,3.49,3.32,1.94,1.09,1.77,0.69,0.82,0.76,0,1.37,neutral,alcista,0,-1.0,5,8860,2,
s30491,ARBUSDT,1787879700000,train,1,2.64,0.365,2.95,2.86,0.8,1.27,1.63,0.55,0.61,0.58,0,1.37,neutral,alcista,0,-1.0,4,8860,2,
s30492,OPUSDT,1787879700000,train,1,3.19,0.436,3.45,3.36,0.7,1.82,1.67,0.66,0.7,0.69,0,1.37,neutral,alcista,0,-1.0,4,8860,2,
s30493,INJUSDT,1787879700000,train,1,2.0,0.391,2.72,2.25,1.85,0.63,1.11,0.37,0.82,0.74,0,1.37,neutral,alcista,0,-1.0,2,8860,2,
s30494,SUIUSDT,1787879700000,train,1,2.3,0.447,2.66,2.48,1.69,0.93,1.58,0.53,0.77,0.76,0,1.37,neutral,alcista,0,-1.0,3,8860,2,
s30495,TIAUSDT,1787879700000,train,1,2.29,0.441,3.17,3.04,2.02,0.92,1.85,0.36,0.68,0.56,0,1.37,neutral,alcista,0,-1.0,4,8860,2,
s30496,STXUSDT,1787879700000,testB,1,4.14,0.356,5.52,5.37,2.26,2.77,4.06,0.43,0.46,0.53,0,1.37,neutral,alcista,0,-0.217,32,8859,3,
s30497,GRTUSDT,1787879700000,testB,1,2.33,0.506,2.61,2.55,1.95,0.96,1.71,0.42,0.52,0.52,0,1.37,neutral,alcista,0,-1.0,3,8859,2,
s30498,XPLUSDT,1787880600000,train,1,5.28,0.578,5.52,5.09,2.97,4.27,3.17,0.7,0.9,0.82,0,1.02,neutral,alcista,0,-1.0,5,8861,4,
s30499,WLDUSDT,1787880600000,train,1,3.4,0.491,4.35,3.26,2.65,2.38,2.0,0.69,0.82,0.76,0,1.02,neutral,alcista,0,-1.0,3,8861,3,
s30500,STXUSDT,1787880600000,testB,1,4.74,0.423,5.78,4.64,3.18,3.73,3.14,0.43,0.46,0.53,0,1.02,neutral,neutral,0,-0.008,32,8860,0,
s30501,XPLUSDT,1787881500000,train,1,3.76,0.409,5.6,4.35,3.26,3.36,2.03,0.7,0.9,0.82,0,0.4,neutral,neutral,0,-1.0,4,8862,0,
s30502,STXUSDT,1787881500000,testB,1,4.01,0.381,5.78,4.61,3.58,3.61,2.69,0.43,0.46,0.53,0,0.4,neutral,neutral,0,0.115,32,8861,0,
s30503,PUMPUSDT,1787882400000,train,-1,-3.82,0.5,5.34,5.3,1.04,-3.81,2.19,0.49,0.77,0.82,0,-0.01,neutral,bajista,0,0.175,32,8863,3,
s30504,STXUSDT,1787882400000,testB,1,3.73,0.356,5.78,4.5,3.11,3.73,2.28,0.47,0.46,0.54,0,-0.01,neutral,neutral,0,0.471,32,8862,0,
s30505,PUMPUSDT,1787883300000,train,-1,-4.28,0.542,4.77,4.47,1.26,-3.89,2.17,0.49,0.77,0.82,0,-0.4,neutral,bajista,0,0.014,32,8864,4,
s30506,0GUSDT,1787883300000,train,-1,-2.35,0.365,3.54,3.41,3.54,-1.95,1.83,0.56,0.52,0.56,0,-0.4,neutral,bajista,0,-0.019,32,8864,4,
s30507,OPUSDT,1787883300000,train,-1,-3.65,0.379,5.56,5.42,2.97,-3.25,2.66,1.06,0.85,0.79,1,-0.4,neutral,bajista,0,0.286,32,8864,4,
s30508,MANAUSDT,1787883300000,testB,-1,-2.73,0.424,3.29,3.29,1.81,-2.33,1.76,0.76,0.73,0.77,0,-0.4,neutral,bajista,0,0.049,32,8863,4,
s30509,PUMPUSDT,1787884200000,train,-1,-4.34,0.545,4.83,4.73,1.32,-4.04,2.45,0.49,0.77,0.82,0,-0.3,neutral,bajista,0,-0.189,32,8865,5,
s30510,0GUSDT,1787884200000,train,-1,-2.29,0.359,3.67,3.41,2.87,-1.98,1.7,0.56,0.52,0.56,0,-0.3,neutral,neutral,0,-0.13,32,8865,0,
s30511,OPUSDT,1787884200000,train,-1,-4.39,0.475,6.24,5.65,3.41,-4.09,2.66,1.06,0.85,0.79,1,-0.3,neutral,bajista,0,0.188,32,8865,5,
s30512,SEIUSDT,1787884200000,train,-1,-2.27,0.364,3.62,3.34,1.37,-1.97,1.53,0.92,0.8,0.79,1,-0.3,neutral,bajista,0,0.133,32,8865,5,
s30513,PENDLEUSDT,1787884200000,train,-1,-3.21,0.353,4.79,4.57,2.64,-2.91,2.06,0.55,0.57,0.52,0,-0.3,neutral,bajista,0,0.204,32,8865,5,
s30514,LDOUSDT,1787884200000,testB,-1,-2.46,0.354,4.11,3.66,1.55,-2.16,1.64,0.4,0.45,0.56,0,-0.3,neutral,bajista,0,-0.258,32,8864,5,
s30515,MANAUSDT,1787884200000,testB,-1,-2.68,0.42,3.7,3.51,1.19,-2.38,1.79,0.76,0.73,0.77,0,-0.3,neutral,bajista,0,-0.065,32,8864,5,
s30516,PUMPUSDT,1787885100000,train,-1,-4.44,0.559,5.62,4.77,1.62,-3.97,2.47,0.49,0.77,0.82,0,-0.47,neutral,bajista,0,-0.5,32,8866,6,
s30517,OPUSDT,1787885100000,train,-1,-5.16,0.515,7.61,6.6,5,-4.69,3.36,1.06,0.85,0.79,1,-0.47,neutral,bajista,0,-0.02,32,8866,6,
s30518,SEIUSDT,1787885100000,train,-1,-2.22,0.358,3.85,3.49,1.44,-1.75,1.53,0.92,0.8,0.79,1,-0.47,neutral,bajista,0,0.012,32,8866,6,
s30519,LDOUSDT,1787885100000,testB,-1,-2.86,0.424,4.28,3.78,1.41,-2.39,1.67,0.4,0.45,0.56,0,-0.47,neutral,bajista,0,-0.39,32,8865,6,
s30520,MANAUSDT,1787885100000,testB,-1,-2.56,0.407,4.01,3.5,1.09,-2.09,1.62,0.76,0.73,0.77,0,-0.47,neutral,neutral,0,-0.162,32,8865,0,
s30521,PUMPUSDT,1787886000000,train,-1,-4.44,0.558,5.52,5.09,1.47,-4.07,2.63,0.49,0.69,0.81,0,-0.37,neutral,bajista,0,-0.55,32,8867,7,
s30522,OPUSDT,1787886000000,train,-1,-4.43,0.47,7.61,6.54,5,-4.06,3.07,1.11,0.87,0.81,1,-0.37,neutral,neutral,0,-0.033,32,8867,0,
s30523,JUPUSDT,1787886000000,train,-1,-4.65,0.373,6.21,5.78,0.85,-4.28,2.69,1.84,1.99,1.8,0,-0.37,neutral,bajista,0,-0.269,32,8867,7,
s30524,LDOUSDT,1787886000000,testB,-1,-2.23,0.363,4.51,4.1,1.33,-1.87,1.79,0.42,0.44,0.56,0,-0.37,neutral,bajista,0,-0.633,32,8866,7,
s30525,AXSUSDT,1787886000000,testB,-1,-2.01,0.351,4.34,3.91,2.47,-1.64,1.65,0.65,0.56,0.61,0,-0.37,neutral,bajista,0,-0.097,32,8866,7,
s30526,APEUSDT,1787886000000,testB,-1,-2.44,0.376,4.36,4.15,1.51,-2.07,1.82,0.62,0.76,0.66,0,-0.37,neutral,bajista,0,-0.19,32,8866,2,
s30527,PUMPUSDT,1787886900000,train,-1,-4.02,0.482,5.49,4.47,1.13,-3.51,1.81,0.49,0.69,0.81,0,-0.51,neutral,neutral,0,-0.448,32,8868,0,
s30528,OPUSDT,1787886900000,train,-1,-4.15,0.436,7.6,6.33,3.06,-3.64,2.69,1.11,0.87,0.81,1,-0.51,neutral,neutral,0,0.066,32,8868,0,
s30529,SEIUSDT,1787886900000,train,-1,-2.19,0.363,3.85,3.3,0.74,-1.68,1.14,0.93,0.76,0.79,0,-0.51,neutral,neutral,0,0.058,32,8868,0,
s30530,JUPUSDT,1787886900000,train,-1,-4.67,0.377,6.19,5.51,0.63,-4.16,2.32,1.84,1.99,1.8,0,-0.51,neutral,neutral,0,-0.391,32,8868,0,
s30531,APEUSDT,1787886900000,testB,-1,-2.36,0.362,4.34,3.7,1.05,-1.85,1.26,0.62,0.76,0.66,0,-0.51,neutral,neutral,0,-0.058,32,8867,0,
s30532,PUMPUSDT,1787887800000,train,-1,-4.55,0.512,5.34,5.13,0.96,-4.0,2.42,0.49,0.69,0.81,0,-0.54,neutral,neutral,0,-0.456,32,8869,1,
s30533,OPUSDT,1787887800000,train,-1,-4.7,0.466,7.64,7.0,2.32,-4.16,2.98,1.11,0.87,0.81,1,-0.54,neutral,neutral,0,0.006,32,8869,1,
s30534,INJUSDT,1787887800000,train,-1,-3.34,0.409,5.87,4.71,1.0,-2.8,1.44,0.69,0.75,0.81,0,-0.54,neutral,neutral,0,-0.131,32,8869,0,
s30535,SEIUSDT,1787887800000,train,-1,-2.2,0.363,3.86,3.65,0.55,-1.66,1.31,0.93,0.76,0.79,0,-0.54,neutral,neutral,0,-0.023,32,8869,1,
s30536,JUPUSDT,1787887800000,train,-1,-4.22,0.352,6.21,5.87,0.43,-3.68,2.28,1.84,1.99,1.8,0,-0.54,neutral,neutral,0,-0.434,32,8869,1,
s30537,APEUSDT,1787887800000,testB,-1,-2.3,0.355,4.35,3.92,0.68,-1.76,1.32,0.62,0.76,0.66,0,-0.54,neutral,neutral,0,-0.036,32,8868,1,
s30538,PUMPUSDT,1787888700000,train,-1,-3.92,0.427,5.59,4.63,0.65,-3.39,1.72,0.49,0.69,0.81,0,-0.53,neutral,neutral,0,-0.442,32,8870,0,
s30539,OPUSDT,1787888700000,train,-1,-4.66,0.464,7.66,7.3,0.62,-4.13,2.85,1.11,0.87,0.81,1,-0.53,neutral,bajista,0,-0.03,32,8870,2,
s30540,SEIUSDT,1787888700000,train,-1,-2.22,0.368,3.85,3.52,0.33,-1.69,1.05,0.93,0.76,0.79,0,-0.53,neutral,neutral,0,0.042,32,8870,0,
s30541,PUMPUSDT,1787889600000,train,-1,-3.91,0.426,5.91,4.88,0.65,-3.47,1.79,0.45,0.64,0.81,0,-0.44,neutral,neutral,0,-0.377,32,8871,1,
s30542,OPUSDT,1787889600000,train,-1,-4.08,0.416,7.92,7.12,0.54,-3.64,2.43,1.05,0.89,0.83,1,-0.44,neutral,neutral,0,0.026,32,8871,0,
s30543,SEIUSDT,1787889600000,train,-1,-2.21,0.368,3.97,3.25,0.41,-1.77,0.77,0.83,0.71,0.79,0,-0.44,neutral,neutral,0,0.195,32,8871,0,
s30544,XPLUSDT,1787890500000,train,-1,-4.23,0.355,8.69,7.89,0.46,-3.49,2.2,0.87,0.76,0.88,0,-0.74,neutral,neutral,0,0.278,32,8872,1,
s30545,PUMPUSDT,1787890500000,train,-1,-4.39,0.48,5.43,4.66,0.6,-3.65,1.81,0.45,0.64,0.81,0,-0.74,neutral,bajista,0,-0.35,32,8872,2,
s30546,ARBUSDT,1787890500000,train,-1,-2.95,0.399,5.74,4.81,0.49,-2.21,1.0,0.67,0.55,0.61,0,-0.74,neutral,neutral,0,0.09,32,8872,1,
s30547,OPUSDT,1787890500000,train,-1,-4.21,0.439,7.89,6.64,0.58,-3.47,1.8,1.05,0.89,0.83,1,-0.74,neutral,neutral,0,0.139,32,8872,0,
s30548,INJUSDT,1787890500000,train,-1,-3.27,0.421,5.89,4.95,0.44,-2.53,1.41,0.74,0.59,0.81,0,-0.74,neutral,bajista,0,-0.259,32,8872,2,
s30549,SUIUSDT,1787890500000,train,-1,-2.77,0.4,6.21,5.36,0.56,-2.03,1.36,0.81,0.71,0.85,0,-0.74,neutral,neutral,0,0.076,32,8872,1,
s30550,SEIUSDT,1787890500000,train,-1,-2.57,0.451,3.97,3.3,0.47,-1.83,0.69,0.83,0.71,0.79,0,-0.74,neutral,neutral,0,0.192,32,8872,1,
s30551,SANDUSDT,1787890500000,testB,-1,-2.21,0.365,5.68,4.02,1.07,-1.47,0.85,0.72,0.65,0.59,1,-0.74,neutral,neutral,0,0.364,32,8871,0,
s30552,APEUSDT,1787890500000,testB,-1,-2.3,0.398,4.49,3.77,0.57,-1.56,0.9,0.68,0.57,0.67,0,-0.74,neutral,neutral,0,-0.094,32,8871,1,
s30553,PUMPUSDT,1787891400000,train,-1,-3.95,0.452,5.38,4.84,0.61,-3.08,1.84,0.45,0.64,0.81,0,-0.87,neutral,bajista,0,-0.302,32,8873,3,
s30554,ARBUSDT,1787891400000,train,-1,-2.84,0.39,5.75,5.05,0.57,-1.97,1.12,0.67,0.55,0.61,0,-0.87,neutral,bajista,0,0.042,32,8873,2,
s30555,OPUSDT,1787891400000,train,-1,-4.24,0.44,7.89,6.72,0.72,-3.37,1.65,1.05,0.89,0.83,1,-0.87,neutral,neutral,0,0.16,32,8873,1,
s30556,INJUSDT,1787891400000,train,-1,-3.37,0.441,5.87,4.73,0.48,-2.5,1.04,0.74,0.59,0.81,0,-0.87,neutral,neutral,0,-0.246,32,8873,0,
s30557,SUIUSDT,1787891400000,train,-1,-2.99,0.422,6.22,5.56,0.65,-2.12,1.39,0.81,0.71,0.85,0,-0.87,neutral,bajista,0,0.033,32,8873,2,
s30558,TIAUSDT,1787891400000,train,-1,-2.97,0.404,5.95,4.92,1.05,-2.1,1.04,0.56,0.55,0.61,0,-0.87,neutral,neutral,0,-0.198,32,8873,1,
s30559,SEIUSDT,1787891400000,train,-1,-2.05,0.394,3.98,3.47,0.49,-1.18,0.8,0.83,0.71,0.79,0,-0.87,neutral,bajista,0,0.152,32,8873,2,
s30560,PENDLEUSDT,1787891400000,train,-1,-3.18,0.383,5.36,4.97,0.39,-2.31,1.19,0.53,0.46,0.52,0,-0.87,neutral,bajista,0,-0.179,32,8873,2,
s30561,ONDOUSDT,1787891400000,train,-1,-2.51,0.367,5.31,4.77,0.6,-1.64,1.1,0.65,0.6,0.62,0,-0.87,neutral,bajista,0,0.062,32,8872,2,
s30562,GRTUSDT,1787891400000,testB,-1,-3.04,0.375,5.4,5.11,0.47,-2.17,1.27,0.51,0.49,0.52,0,-0.87,neutral,bajista,0,0.432,32,8872,2,
s30563,SANDUSDT,1787891400000,testB,-1,-2.45,0.39,5.7,4.4,1.0,-1.58,1.17,0.72,0.65,0.59,1,-0.87,neutral,neutral,0,0.271,32,8872,1,
s30564,MANAUSDT,1787891400000,testB,-1,-2.37,0.452,4.0,3.26,0.59,-1.5,0.66,0.74,0.7,0.76,0,-0.87,neutral,bajista,0,-0.116,32,8872,2,
s30565,AXSUSDT,1787891400000,testB,-1,-2.16,0.378,4.32,3.58,0.47,-1.29,0.76,0.63,0.53,0.61,0,-0.87,neutral,bajista,0,0.199,32,8872,2,
s30566,APEUSDT,1787891400000,testB,-1,-2.85,0.494,4.5,4.07,0.67,-1.98,1.05,0.68,0.57,0.67,0,-0.87,neutral,bajista,0,-0.228,32,8872,2,
s30567,PUMPUSDT,1787892300000,train,-1,-3.12,0.373,5.37,4.61,0.56,-1.98,1.44,0.45,0.64,0.81,0,-1.14,neutral,neutral,0,-0.223,32,8874,0,
s30568,ARBUSDT,1787892300000,train,-1,-2.5,0.354,5.75,5.01,0.63,-1.35,0.99,0.67,0.55,0.61,0,-1.14,neutral,neutral,0,0.047,32,8874,0,
s30569,OPUSDT,1787892300000,train,-1,-3.91,0.406,7.88,6.54,0.71,-2.77,1.28,1.05,0.89,0.83,1,-1.14,neutral,neutral,0,0.239,32,8874,0,
s30570,INJUSDT,1787892300000,train,-1,-2.63,0.355,5.86,4.47,0.47,-1.48,0.68,0.74,0.59,0.81,0,-1.14,neutral,neutral,0,-0.192,32,8874,0,
s30571,SUIUSDT,1787892300000,train,-1,-2.77,0.403,6.22,5.56,0.66,-1.62,1.21,0.81,0.71,0.85,0,-1.14,neutral,bajista,0,0.04,32,8874,3,
s30572,TIAUSDT,1787892300000,train,-1,-2.83,0.381,5.95,4.8,0.93,-1.69,0.82,0.56,0.55,0.61,0,-1.14,neutral,neutral,0,-0.155,32,8874,0,
s30573,ONDOUSDT,1787892300000,train,-1,-2.64,0.388,5.31,4.83,0.64,-1.5,1.0,0.65,0.6,0.62,0,-1.14,neutral,bajista,0,0.073,32,8873,3,
s30574,SANDUSDT,1787892300000,testB,-1,-2.52,0.406,5.7,4.4,1.05,-1.38,1.05,0.72,0.65,0.59,1,-1.14,neutral,bajista,0,0.26,32,8873,2,
s30575,APEUSDT,1787892300000,testB,-1,-2.57,0.446,4.49,3.92,0.79,-1.43,0.78,0.68,0.57,0.67,0,-1.14,neutral,neutral,0,-0.164,32,8873,0,
s30576,WLDUSDT,1787893200000,train,-1,-3.66,0.388,7.71,7.01,0.94,-2.3,1.75,1.21,0.87,0.86,1,-1.36,neutral,neutral,0,0.132,32,8875,1,
s30577,ARBUSDT,1787893200000,train,-1,-2.91,0.426,5.76,5.12,0.44,-1.55,1.11,0.58,0.54,0.61,0,-1.36,neutral,neutral,0,0.017,32,8875,1,
s30578,OPUSDT,1787893200000,train,-1,-4.55,0.496,7.89,6.68,0.51,-3.19,1.36,1.07,0.89,0.82,1,-1.36,neutral,neutral,0,0.22,32,8875,1,
s30579,INJUSDT,1787893200000,train,-1,-2.79,0.37,5.87,4.63,0.4,-1.43,0.81,0.75,0.55,0.8,0,-1.36,neutral,neutral,0,-0.352,32,8875,1,
s30580,SUIUSDT,1787893200000,train,-1,-3.26,0.504,6.22,5.64,0.44,-1.9,1.27,0.84,0.68,0.85,0,-1.36,neutral,bajista,0,0.023,32,8875,4,
s30581,TIAUSDT,1787893200000,train,-1,-3.03,0.399,5.96,4.98,0.46,-1.67,1.0,0.58,0.49,0.62,0,-1.36,neutral,neutral,0,-0.178,32,8875,1,
s30582,SEIUSDT,1787893200000,train,-1,-2.34,0.42,3.99,3.74,0.35,-0.98,0.97,0.84,0.69,0.78,0,-1.36,neutral,neutral,0,0.125,32,8875,1,
s30583,PENDLEUSDT,1787893200000,train,-1,-3.17,0.412,5.41,5.09,0.3,-1.81,1.18,0.54,0.44,0.52,0,-1.36,neutral,neutral,0,-0.127,32,8875,1,
s30584,ONDOUSDT,1787893200000,train,-1,-3.2,0.504,5.32,4.91,0.52,-1.84,1.08,0.62,0.57,0.62,0,-1.36,neutral,bajista,0,0.077,32,8874,4,
s30585,ARUSDT,1787893200000,testB,-1,-2.59,0.383,4.99,4.24,0.4,-1.23,0.78,0.49,0.39,0.43,0,-1.36,neutral,neutral,0,0.176,32,8874,1,
s30586,GRTUSDT,1787893200000,testB,-1,-3.26,0.426,5.4,5.11,0.33,-1.9,1.1,0.56,0.5,0.53,0,-1.36,neutral,neutral,0,0.386,32,8874,1,
s30587,SANDUSDT,1787893200000,testB,-1,-2.95,0.492,5.71,4.53,0.5,-1.59,1.1,0.71,0.65,0.59,1,-1.36,neutral,bajista,0,0.319,32,8874,3,
s30588,MANAUSDT,1787893200000,testB,-1,-2.31,0.479,4.01,3.44,0.34,-0.95,0.69,0.72,0.64,0.76,0,-1.36,neutral,neutral,0,-0.118,32,8874,1,
s30589,AXSUSDT,1787893200000,testB,-1,-2.63,0.47,4.32,3.58,0.32,-1.27,0.7,0.65,0.52,0.61,0,-1.36,neutral,neutral,0,0.154,32,8874,1,
s30590,APEUSDT,1787893200000,testB,-1,-3.11,0.57,4.5,4.07,0.58,-1.75,0.92,0.67,0.52,0.66,0,-1.36,neutral,neutral,0,-0.14,32,8874,1,
s30591,PUMPUSDT,1787894100000,train,-1,-4.13,0.586,5.21,4.35,0.47,-2.41,1.04,0.43,0.55,0.76,0,-1.72,neutral,neutral,0,-0.182,32,8876,1,
s30592,0GUSDT,1787894100000,train,-1,-2.82,0.418,3.79,3.28,0.49,-1.1,0.88,0.84,0.59,0.58,1,-1.72,neutral,neutral,0,-0.038,32,8876,0,
s30593,WLDUSDT,1787894100000,train,-1,-5.03,0.639,7.7,6.9,0.69,-3.31,1.49,1.21,0.87,0.86,1,-1.72,neutral,neutral,0,0.188,32,8876,0,
s30594,ARBUSDT,1787894100000,train,-1,-3.89,0.679,5.74,4.86,0.44,-2.17,0.73,0.58,0.54,0.61,0,-1.72,neutral,neutral,0,0.146,32,8876,0,
s30595,OPUSDT,1787894100000,train,-1,-6.17,0.761,7.92,7.09,0.48,-4.45,1.57,1.07,0.89,0.82,1,-1.72,neutral,bajista,0,0.176,32,8876,2,
s30596,INJUSDT,1787894100000,train,-1,-3.94,0.631,5.77,4.5,0.29,-2.22,0.74,0.75,0.55,0.8,0,-1.72,neutral,neutral,0,-0.2,32,8876,0,
s30597,SUIUSDT,1787894100000,train,-1,-4.25,0.789,6.22,5.52,0.38,-2.53,1.05,0.84,0.68,0.85,0,-1.72,neutral,neutral,0,0.117,32,8876,0,
s30598,TIAUSDT,1787894100000,train,-1,-4.32,0.705,5.94,4.74,0.42,-2.6,0.74,0.58,0.49,0.62,0,-1.72,neutral,neutral,0,0.036,32,8876,0,
s30599,SEIUSDT,1787894100000,train,-1,-3.02,0.626,3.98,3.6,0.33,-1.3,0.67,0.84,0.69,0.78,0,-1.72,neutral,neutral,0,0.271,32,8876,0,
s30600,JUPUSDT,1787894100000,train,-1,-5.28,0.642,6.74,5.92,1.03,-3.55,1.49,1.55,1.91,1.84,0,-1.72,neutral,bajista,0,-0.015,32,8876,2,
s30601,PENDLEUSDT,1787894100000,train,-1,-4.86,0.757,5.75,5.37,0.31,-3.14,1.35,0.54,0.44,0.52,0,-1.72,neutral,bajista,0,-0.149,32,8876,2,
s30602,ONDOUSDT,1787894100000,train,-1,-4.23,0.811,5.32,4.91,0.45,-2.51,0.98,0.62,0.57,0.62,0,-1.72,neutral,neutral,0,0.149,32,8875,0,
s30603,FETUSDT,1787894100000,train,-1,-4.33,0.635,6.08,5.33,0.31,-2.61,0.85,0.52,0.44,0.61,0,-1.72,neutral,neutral,0,0.058,32,8875,0,
s30604,ARUSDT,1787894100000,testB,-1,-3.82,0.669,5.0,4.39,0.37,-2.1,0.87,0.49,0.39,0.43,0,-1.72,neutral,bajista,0,0.245,32,8875,2,
s30605,GRTUSDT,1787894100000,testB,-1,-4.88,0.746,5.94,5.48,0.81,-3.16,1.35,0.56,0.5,0.53,0,-1.72,neutral,bajista,0,0.436,32,8875,2,
s30606,LDOUSDT,1787894100000,testB,-1,-2.9,0.514,4.48,3.32,0.6,-1.18,0.33,0.43,0.38,0.57,0,-1.72,neutral,neutral,0,-0.192,32,8875,0,
s30607,SANDUSDT,1787894100000,testB,-1,-4.04,0.816,5.71,4.61,0.41,-2.32,1.04,0.71,0.65,0.59,1,-1.72,neutral,bajista,0,0.281,32,8875,4,
s30608,MANAUSDT,1787894100000,testB,-1,-2.6,0.579,4.0,3.19,0.37,-0.87,0.51,0.72,0.64,0.76,0,-1.72,neutral,neutral,0,0.143,32,8875,0,
s30609,AXSUSDT,1787894100000,testB,-1,-3.02,0.583,4.32,3.52,0.33,-1.3,0.61,0.65,0.52,0.61,0,-1.72,neutral,neutral,0,0.264,32,8875,0,
s30610,APEUSDT,1787894100000,testB,-1,-3.38,0.653,4.5,4.0,0.44,-1.66,0.8,0.67,0.52,0.66,0,-1.72,neutral,neutral,0,-0.018,32,8875,0,
s30611,PUMPUSDT,1787895000000,train,-1,-2.74,0.42,4.29,3.01,0.47,-1.47,0.47,0.43,0.55,0.76,0,-1.27,neutral,neutral,0,-0.007,32,8877,0,
s30612,WLDUSDT,1787895000000,train,-1,-5.2,0.679,7.08,6.03,0.47,-3.93,1.09,1.21,0.87,0.86,1,-1.27,neutral,neutral,0,0.26,32,8877,0,
s30613,ARBUSDT,1787895000000,train,-1,-3.18,0.627,4.23,3.32,0.45,-1.92,0.6,0.58,0.54,0.61,0,-1.27,neutral,neutral,0,0.227,32,8877,0,
s30614,OPUSDT,1787895000000,train,-1,-4.94,0.636,6.51,5.22,0.34,-3.68,0.99,1.07,0.89,0.82,1,-1.27,neutral,neutral,0,0.302,32,8877,0,
s30615,INJUSDT,1787895000000,train,-1,-2.44,0.421,4.33,2.54,0.26,-1.17,0.13,0.75,0.55,0.8,0,-1.27,neutral,neutral,0,-0.118,32,8877,0,
s30616,SUIUSDT,1787895000000,train,-1,-3.34,0.614,4.76,3.56,0.41,-2.08,0.47,0.84,0.68,0.85,0,-1.27,neutral,neutral,0,0.371,32,8877,0,
s30617,TIAUSDT,1787895000000,train,-1,-3.23,0.594,4.76,3.37,0.51,-1.96,0.49,0.58,0.49,0.62,0,-1.27,neutral,neutral,0,0.093,32,8877,0,
s30618,JUPUSDT,1787895000000,train,-1,-3.34,0.395,5.68,3.76,0.92,-2.08,0.22,1.55,1.91,1.84,0,-1.27,neutral,neutral,0,0.352,32,8877,0,
s30619,PENDLEUSDT,1787895000000,train,-1,-3.39,0.62,4.17,3.53,0.4,-2.13,0.92,0.54,0.44,0.52,0,-1.27,neutral,neutral,0,-0.163,32,8877,0,
s30620,ONDOUSDT,1787895000000,train,-1,-3.27,0.706,4.09,3.49,0.35,-2.01,0.73,0.62,0.57,0.62,0,-1.27,neutral,neutral,0,0.264,32,8876,0,
s30621,FETUSDT,1787895000000,train,-1,-3.4,0.514,4.76,3.65,0.33,-2.14,0.43,0.52,0.44,0.61,0,-1.27,neutral,neutral,0,0.271,32,8876,0,
s30622,ARUSDT,1787895000000,testB,-1,-2.72,0.508,3.77,2.79,0.33,-1.45,0.42,0.49,0.39,0.43,0,-1.27,neutral,neutral,0,0.45,32,8876,0,
s30623,GRTUSDT,1787895000000,testB,-1,-4.13,0.673,4.89,4.25,0.88,-2.86,1.03,0.56,0.5,0.53,0,-1.27,neutral,neutral,0,0.616,32,8876,0,
s30624,SANDUSDT,1787895000000,testB,-1,-3.56,0.796,4.79,3.72,0.37,-2.29,0.98,0.71,0.65,0.59,1,-1.27,neutral,bajista,0,0.403,32,8876,5,
s30625,AXSUSDT,1787895000000,testB,-1,-2.06,0.416,3.29,2.13,0.37,-0.79,0.23,0.65,0.52,0.61,0,-1.27,neutral,neutral,0,0.657,32,8876,0,
s30626,APEUSDT,1787895000000,testB,-1,-2.57,0.552,3.28,2.64,0.28,-1.3,0.58,0.67,0.52,0.66,0,-1.27,neutral,neutral,0,0.027,32,8876,0,
s30627,PUMPUSDT,1787895900000,train,-1,-2.5,0.397,3.83,2.67,0.53,-1.5,0.51,0.43,0.55,0.76,0,-1.01,neutral,neutral,0,-1.0,20,8878,1,
s30628,WLDUSDT,1787895900000,train,-1,-4.27,0.633,5.78,4.74,0.42,-3.27,1.07,1.21,0.87,0.86,1,-1.01,neutral,neutral,0,0.247,32,8878,0,
s30629,ARBUSDT,1787895900000,train,-1,-2.23,0.538,3.21,2.36,0.5,-1.22,0.64,0.58,0.54,0.61,0,-1.01,neutral,neutral,0,0.118,32,8878,1,
s30630,OPUSDT,1787895900000,train,-1,-3.95,0.579,5.4,4.15,0.33,-2.94,1.01,1.07,0.89,0.82,1,-1.01,neutral,neutral,0,0.204,32,8878,1,
s30631,SUIUSDT,1787895900000,train,-1,-2.77,0.567,3.96,2.87,0.46,-1.76,0.58,0.84,0.68,0.85,0,-1.01,neutral,neutral,0,0.219,32,8878,1,
s30632,TIAUSDT,1787895900000,train,-1,-2.42,0.521,3.85,2.54,0.48,-1.42,0.52,0.58,0.49,0.62,0,-1.01,neutral,neutral,0,-0.112,32,8878,1,
s30633,JUPUSDT,1787895900000,train,-1,-2.87,0.358,4.87,3.08,0.71,-1.86,0.34,1.55,1.91,1.84,0,-1.01,neutral,neutral,0,0.375,32,8878,1,
s30634,PENDLEUSDT,1787895900000,train,-1,-2.59,0.552,3.53,2.98,0.41,-1.58,0.97,0.54,0.44,0.52,0,-1.01,neutral,neutral,0,-0.333,32,8878,1,
s30635,ONDOUSDT,1787895900000,train,-1,-2.98,0.685,3.47,3.09,0.32,-1.97,0.93,0.62,0.57,0.62,0,-1.01,neutral,neutral,0,0.132,32,8877,1,
s30636,FETUSDT,1787895900000,train,-1,-2.59,0.443,3.77,2.72,0.36,-1.58,0.45,0.52,0.44,0.61,0,-1.01,neutral,neutral,0,0.159,32,8877,0,
s30637,ARUSDT,1787895900000,testB,-1,-2.14,0.448,3.08,2.28,0.35,-1.14,0.6,0.49,0.39,0.43,0,-1.01,neutral,neutral,0,0.286,32,8877,1,
s30638,GRTUSDT,1787895900000,testB,-1,-3.11,0.604,3.73,3.26,0.94,-2.1,1.16,0.56,0.5,0.53,0,-1.01,neutral,neutral,0,0.732,32,8877,1,
s30639,SANDUSDT,1787895900000,testB,-1,-2.31,0.583,3.98,2.53,0.58,-1.3,0.59,0.71,0.65,0.59,1,-1.01,neutral,neutral,0,0.578,32,8877,0,
s30640,APEUSDT,1787895900000,testB,-1,-2.23,0.516,2.85,2.28,0.27,-1.23,0.65,0.67,0.52,0.66,0,-1.01,neutral,neutral,0,-0.094,32,8877,1,
s30641,XPLUSDT,1787896800000,train,-1,-6.1,0.559,8.65,6.67,0.74,-5.69,2.32,1.03,0.78,0.93,0,-0.4,neutral,neutral,0,0.426,32,8879,0,
s30642,WLDUSDT,1787896800000,train,-1,-3.06,0.483,4.87,3.43,0.33,-2.65,0.82,1.2,0.83,0.86,0,-0.4,neutral,neutral,0,0.993,32,8879,0,
s30643,OPUSDT,1787896800000,train,-1,-2.6,0.41,4.51,2.83,0.35,-2.2,0.7,1.1,0.85,0.83,1,-0.4,neutral,neutral,0,0.849,32,8879,0,
s30644,XPLUSDT,1787897700000,train,-1,-4.02,0.412,6.98,4.57,0.59,-3.91,1.72,1.03,0.78,0.93,0,-0.1,neutral,neutral,0,0.307,32,8880,0,
s30645,XPLUSDT,1787898600000,train,-1,-4.17,0.42,6.46,4.36,0.63,-3.96,1.74,1.03,0.78,0.93,0,-0.21,neutral,neutral,0,-0.124,32,8881,1,
s30646,ENAUSDT,1787904000000,train,1,5.78,0.491,8.62,7.81,1.08,5.92,3.11,1.58,1.54,1.7,0,-0.14,neutral,neutral,0,-0.513,32,8887,1,
s30647,ENAUSDT,1787904900000,train,1,6.12,0.529,8.65,7.5,1.16,6.16,2.6,1.58,1.54,1.7,0,-0.05,neutral,neutral,0,-0.428,32,8888,0,
s30648,ENAUSDT,1787905800000,train,1,6.76,0.612,8.11,6.9,0.95,6.76,2.15,1.58,1.54,1.7,0,-0.0,neutral,neutral,0,-0.278,32,8889,0,
s30649,XPLUSDT,1787906700000,train,-1,-3.68,0.397,4.14,3.82,0.62,-3.51,1.45,0.68,0.79,0.92,0,-0.17,neutral,bajista,0,0.498,32,8890,2,
s30650,ENAUSDT,1787906700000,train,1,5.93,0.583,7.42,6.61,1.05,6.09,2.63,1.58,1.54,1.7,0,-0.17,neutral,neutral,0,-1.0,21,8890,1,
s30651,ENAUSDT,1787907600000,train,1,5.61,0.561,7.14,6.25,0.88,5.94,2.39,1.45,1.62,1.72,0,-0.33,neutral,neutral,0,-1.0,20,8891,0,
s30652,ENAUSDT,1787908500000,train,1,5.4,0.525,6.87,5.37,0.84,5.83,1.69,1.45,1.62,1.72,0,-0.44,neutral,neutral,0,-1.0,19,8892,0,
s30653,STXUSDT,1787911200000,testB,1,3.61,0.379,5.81,4.59,2.08,4.48,2.48,0.48,0.52,0.49,0,-0.87,neutral,alcista,0,-1.0,24,8894,3,
s30654,STXUSDT,1787913000000,testB,1,4.28,0.439,5.81,4.66,2.48,4.96,2.21,0.48,0.52,0.49,0,-0.68,neutral,neutral,0,-1.0,22,8896,1,
s30655,PUMPUSDT,1787914800000,train,1,2.45,0.356,3.93,3.66,2.61,2.46,1.91,0.43,0.43,0.66,0,-0.0,neutral,neutral,0,-1.0,20,8899,0,
s30656,PUMPUSDT,1787915700000,train,1,2.72,0.408,3.96,3.48,2.34,2.9,1.53,0.43,0.43,0.66,0,-0.19,neutral,neutral,0,-1.0,19,8900,0,
s30657,STXUSDT,1787915700000,testB,1,4.04,0.385,5.81,4.63,0.78,4.23,1.75,0.54,0.54,0.5,1,-0.19,neutral,alcista,0,-1.0,19,8899,2,
s30658,STXUSDT,1787916600000,testB,1,5.16,0.502,5.9,4.98,1.01,5.13,1.9,0.54,0.54,0.5,1,0.03,neutral,alcista,0,-1.0,18,8900,3,
s30659,STXUSDT,1787917500000,testB,1,4.64,0.478,4.77,4.4,0.91,4.75,2.14,0.54,0.54,0.5,1,-0.1,neutral,alcista,0,-1.0,17,8901,4,
s30660,STXUSDT,1787918400000,testB,1,3.62,0.421,4.87,4.73,1.14,3.88,2.82,0.63,0.57,0.51,1,-0.27,neutral,alcista,0,-1.0,16,8902,5,
s30661,GRTUSDT,1787920200000,testB,-1,-2.09,0.545,2.67,2.08,0.64,-1.71,0.99,0.6,0.58,0.54,1,-0.38,neutral,neutral,1,2.0,15,8904,1,
s30662,ENAUSDT,1787921100000,train,-1,-4.16,0.392,6.21,4.78,0.59,-4.03,1.99,1.16,1.7,1.71,0,-0.13,neutral,neutral,0,-1.0,10,8906,1,
s30663,ENAUSDT,1787922000000,train,-1,-4.61,0.417,6.13,5.25,0.64,-4.6,2.24,1.03,1.48,1.68,0,-0.01,neutral,bajista,0,-1.0,9,8907,2,
s30664,ENAUSDT,1787922900000,train,-1,-4.22,0.394,5.23,4.54,0.56,-3.98,2.19,1.03,1.48,1.68,0,-0.24,neutral,bajista,0,-1.0,7,8908,3,
s30665,GRTUSDT,1787922900000,testB,-1,-2.1,0.5,2.27,2.21,0.98,-1.86,1.26,0.75,0.6,0.56,1,-0.24,neutral,neutral,0,0.162,32,8907,1,
s30666,INJUSDT,1787924700000,train,1,2.04,0.439,3.48,2.85,1.5,2.01,0.61,0.43,0.53,0.68,0,0.03,neutral,neutral,0,-1.0,9,8910,1,
s30667,STBLUSDT,1787925600000,train,-1,-2.71,0.514,5.23,3.8,2.41,-1.98,2.11,0.9,0.71,0.63,1,-0.73,neutral,neutral,0,-1.0,10,8911,1,
s30668,WLDUSDT,1787925600000,train,-1,-2.06,0.383,4.11,3.29,4.66,-1.33,1.89,0.78,0.86,0.87,0,-0.73,neutral,neutral,0,-1.0,2,8911,1,
s30669,GRTUSDT,1787925600000,testB,-1,-2.64,0.57,3.37,3.01,2.16,-1.91,1.68,0.99,0.66,0.6,1,-0.73,neutral,neutral,0,-0.06,32,8910,1,
s30670,STBLUSDT,1787926500000,train,-1,-2.16,0.371,5.2,3.14,2.93,-1.71,1.3,0.9,0.71,0.63,1,-0.45,neutral,neutral,0,-1.0,9,8912,0,
s30671,PENDLEUSDT,1787927400000,train,1,2.49,0.364,3.07,2.75,3.38,2.37,1.68,0.62,0.47,0.51,0,0.12,neutral,alcista,0,-1.0,5,8913,2,
s30672,STBLUSDT,1787930100000,train,-1,-2.4,0.398,5.18,2.72,0.61,-2.0,0.68,0.96,0.72,0.66,1,-0.4,neutral,neutral,0,-1.0,5,8916,1,
s30673,STBLUSDT,1787931000000,train,-1,-2.25,0.365,5.06,2.38,0.76,-1.23,0.4,0.96,0.72,0.66,1,-1.02,neutral,neutral,0,-1.0,4,8917,0,
s30674,INJUSDT,1787932800000,train,-1,-3.59,0.362,6.35,5.33,2.7,-1.46,3.12,0.95,0.64,0.61,1,-2.13,bear,bajista,0,0.072,32,8919,6,
s30675,SEIUSDT,1787932800000,train,-1,-2.7,0.379,3.78,3.23,3.81,-0.57,2.01,1.43,0.92,0.81,1,-2.13,bear,bajista,0,-0.297,32,8919,3,
s30676,FETUSDT,1787932800000,train,-1,-4.69,0.427,6.16,6.16,2.44,-2.56,3.63,1.05,0.71,0.62,1,-2.13,bear,bajista,0,0.463,32,8918,3,
s30677,STXUSDT,1787932800000,testB,-1,-6.51,0.525,7.89,7.0,1.43,-4.37,3.66,0.9,0.69,0.59,1,-2.13,bear,bajista,0,-0.144,32,8918,3,
s30678,0GUSDT,1787933700000,train,-1,-3.57,0.373,7.08,5.07,3.51,-1.09,2.87,1.08,0.7,0.64,1,-2.48,bear,bajista,0,-1.0,18,8920,4,
s30679,TIAUSDT,1787933700000,train,-1,-3.57,0.352,6.76,4.88,2.76,-1.09,2.56,1.35,0.93,0.73,1,-2.48,bear,bajista,0,-0.163,32,8920,4,
s30680,SEIUSDT,1787933700000,train,-1,-2.74,0.383,4.4,3.32,3.23,-0.26,1.89,1.43,0.92,0.81,1,-2.48,bear,bajista,0,-0.382,32,8920,4,
s30681,PENDLEUSDT,1787933700000,train,-1,-3.81,0.373,6.84,5.55,2.63,-1.33,2.89,0.85,0.61,0.53,1,-2.48,bear,neutral,0,-0.242,32,8920,0,
s30682,FETUSDT,1787933700000,train,-1,-4.87,0.451,7.84,6.16,3.05,-2.39,3.35,1.05,0.71,0.62,1,-2.48,bear,neutral,0,0.316,32,8919,0,
s30683,APEUSDT,1787933700000,testB,-1,-3.9,0.42,6.06,4.73,4.14,-1.42,2.81,1.32,0.83,0.7,1,-2.48,bear,bajista,0,-0.406,32,8919,4,
s30684,FETUSDT,1787934600000,train,-1,-4.07,0.351,7.78,5.27,2.94,-2.04,2.27,1.05,0.71,0.62,1,-2.03,bear,neutral,0,0.622,32,8920,0,
s30685,APEUSDT,1787934600000,testB,-1,-3.54,0.368,6.02,4.04,4.39,-1.51,1.97,1.32,0.83,0.7,1,-2.03,bear,neutral,0,-0.273,32,8920,0,
s30686,INJUSDT,1787936400000,train,-1,-3.95,0.393,6.32,4.84,0.82,-2.22,1.89,0.99,0.66,0.6,1,-1.73,neutral,neutral,0,0.266,32,8923,0,
s30687,INJUSDT,1787937300000,train,-1,-3.59,0.369,6.34,5.16,0.48,-2.01,2.0,0.99,0.66,0.6,1,-1.57,neutral,neutral,0,0.168,32,8924,1,
s30688,STXUSDT,1787937300000,testB,-1,-5.9,0.411,10.26,7.54,0.55,-4.33,3.25,0.86,0.71,0.57,1,-1.57,neutral,neutral,0,0.309,32,8923,1,
s30689,INJUSDT,1787938200000,train,-1,-4.05,0.398,6.37,5.75,0.37,-2.42,2.3,0.99,0.66,0.6,1,-1.64,neutral,bajista,0,0.057,32,8925,2,
s30690,STXUSDT,1787938200000,testB,-1,-5.91,0.411,10.26,7.58,0.48,-4.27,3.01,0.86,0.71,0.57,1,-1.64,neutral,bajista,0,0.271,32,8924,2,
s30691,INJUSDT,1787939100000,train,-1,-3.98,0.39,6.35,5.33,0.38,-2.21,1.81,0.99,0.66,0.6,1,-1.77,neutral,neutral,0,0.141,32,8926,0,
s30692,PENDLEUSDT,1787939100000,train,-1,-3.79,0.351,6.84,5.5,0.3,-2.02,1.78,0.84,0.62,0.52,1,-1.77,neutral,neutral,0,-0.017,32,8926,0,
s30693,FETUSDT,1787939100000,train,-1,-4.35,0.389,7.86,6.36,0.4,-2.58,2.2,1.05,0.75,0.59,1,-1.77,neutral,bajista,0,0.408,32,8925,3,
s30694,STXUSDT,1787939100000,testB,-1,-5.93,0.415,10.24,7.37,0.38,-4.16,2.51,0.86,0.71,0.57,1,-1.77,neutral,neutral,0,0.294,32,8925,0,
s30695,FETUSDT,1787940000000,train,-1,-3.77,0.353,7.89,6.85,0.37,-2.63,2.32,1.19,0.83,0.61,1,-1.13,neutral,bajista,0,0.362,32,8926,4,
s30696,OPUSDT,1787940900000,train,-1,-3.32,0.427,5.78,4.72,0.48,-1.61,1.52,1.48,1.0,0.91,1,-1.71,neutral,bajista,0,0.019,32,8928,2,
s30697,INJUSDT,1787940900000,train,-1,-4.21,0.485,6.62,6.02,0.59,-2.49,1.94,1.1,0.73,0.61,1,-1.71,neutral,bajista,0,0.132,32,8928,2,
s30698,TIAUSDT,1787940900000,train,-1,-3.56,0.394,6.79,5.38,0.31,-1.85,1.73,1.29,0.92,0.69,1,-1.71,neutral,bajista,0,-0.088,32,8928,2,
s30699,PENDLEUSDT,1787940900000,train,-1,-4.01,0.438,6.87,5.97,0.35,-2.3,1.84,0.85,0.62,0.51,1,-1.71,neutral,bajista,0,-0.018,32,8928,2,
s30700,ONDOUSDT,1787940900000,train,-1,-3.69,0.431,6.08,5.71,0.39,-1.98,1.93,1.25,0.82,0.67,1,-1.71,neutral,bajista,0,0.06,32,8927,6,
s30701,FETUSDT,1787940900000,train,-1,-4.68,0.455,7.92,7.2,0.5,-2.97,2.35,1.19,0.83,0.61,1,-1.71,neutral,bajista,0,0.364,32,8927,5,
s30702,ARUSDT,1787940900000,testB,-1,-3.34,0.415,6.52,5.26,0.32,-1.63,1.53,1.0,0.65,0.5,1,-1.71,neutral,bajista,0,-0.241,32,8927,2,
s30703,LDOUSDT,1787940900000,testB,-1,-3.82,0.366,7.17,6.04,0.28,-2.1,1.84,1.14,0.76,0.54,1,-1.71,neutral,bajista,0,-0.136,32,8927,2,
s30704,APEUSDT,1787940900000,testB,-1,-3.29,0.404,6.06,4.8,0.31,-1.58,1.63,1.36,0.91,0.68,1,-1.71,neutral,bajista,0,-0.354,32,8927,2,
s30705,XPLUSDT,1787941800000,train,-1,-5.37,0.503,7.07,5.85,0.39,-2.86,1.73,1.13,0.81,0.8,1,-2.51,bear,bajista,0,-0.253,32,8929,3,
s30706,PUMPUSDT,1787941800000,train,-1,-5.4,0.391,8.62,6.6,0.67,-2.89,2.2,1.25,0.84,0.65,1,-2.51,bear,bajista,0,0.059,32,8929,2,
s30707,0GUSDT,1787941800000,train,-1,-3.49,0.394,7.04,4.46,0.28,-0.98,1.44,1.26,0.77,0.66,1,-2.51,bear,bajista,0,-1.0,9,8929,3,
s30708,WLDUSDT,1787941800000,train,-1,-5.05,0.521,6.11,5.95,0.59,-2.54,2.5,1.29,0.96,0.87,1,-2.51,bear,bajista,0,0.115,32,8929,3,
s30709,ARBUSDT,1787941800000,train,-1,-4.07,0.499,5.67,4.76,0.46,-1.56,1.64,1.29,0.83,0.64,1,-2.51,bear,bajista,0,-0.114,32,8929,3,
s30710,OPUSDT,1787941800000,train,-1,-4.13,0.542,5.8,5.09,0.56,-1.62,1.79,1.48,1.0,0.91,1,-2.51,bear,bajista,0,-0.02,32,8929,3,
s30711,INJUSDT,1787941800000,train,-1,-6.02,0.719,7.07,6.86,0.75,-3.51,2.59,1.1,0.73,0.61,1,-2.51,bear,bajista,0,-0.029,32,8929,3,
s30712,SUIUSDT,1787941800000,train,-1,-4.71,0.526,5.75,5.56,0.91,-2.2,2.23,1.42,0.99,0.8,1,-2.51,bear,bajista,0,-0.125,32,8929,3,
s30713,TIAUSDT,1787941800000,train,-1,-4.75,0.56,6.58,5.55,0.42,-2.24,1.98,1.29,0.92,0.69,1,-2.51,bear,bajista,0,-0.176,32,8929,3,
s30714,SEIUSDT,1787941800000,train,-1,-3.1,0.541,4.41,3.57,0.23,-0.59,1.26,1.56,0.96,0.8,1,-2.51,bear,bajista,0,-0.067,32,8929,3,
s30715,PENDLEUSDT,1787941800000,train,-1,-5.57,0.707,6.81,6.17,0.35,-3.06,1.93,0.85,0.62,0.51,1,-2.51,bear,bajista,0,-0.053,32,8929,3,
s30716,ONDOUSDT,1787941800000,train,-1,-4.97,0.667,6.34,5.89,0.56,-2.46,1.95,1.25,0.82,0.67,1,-2.51,bear,bajista,0,0.039,32,8928,7,
s30717,FETUSDT,1787941800000,train,-1,-6.47,0.677,7.51,7.25,0.58,-3.96,2.78,1.19,0.83,0.61,1,-2.51,bear,bajista,0,0.282,32,8928,6,
s30718,ARUSDT,1787941800000,testB,-1,-4.43,0.597,5.95,4.98,0.38,-1.92,1.7,1.0,0.65,0.5,1,-2.51,bear,bajista,0,-0.324,32,8928,3,
s30719,STXUSDT,1787941800000,testB,-1,-5.2,0.387,9.47,6.75,0.42,-2.69,2.05,0.8,0.72,0.57,1,-2.51,bear,neutral,0,0.117,32,8928,0,
s30720,GRTUSDT,1787941800000,testB,-1,-3.18,0.391,5.54,3.71,0.29,-0.67,0.93,1.06,0.83,0.64,1,-2.51,bear,neutral,0,-0.098,32,8928,0,
s30721,LDOUSDT,1787941800000,testB,-1,-5.48,0.593,7.14,6.37,0.3,-2.97,2.13,1.14,0.76,0.54,1,-2.51,bear,bajista,0,-0.196,32,8928,3,
s30722,SANDUSDT,1787941800000,testB,-1,-3.63,0.452,5.38,4.39,0.33,-1.12,1.74,0.96,0.74,0.68,1,-2.51,bear,bajista,0,-0.195,32,8928,5,
s30723,MANAUSDT,1787941800000,testB,-1,-2.37,0.368,4.75,2.98,0.5,0.14,0.75,1.0,0.8,0.7,1,-2.51,bear,bajista,0,-0.332,32,8928,2,
s30724,AXSUSDT,1787941800000,testB,-1,-3.95,0.527,5.82,4.62,0.48,-1.44,1.63,1.37,0.91,0.69,1,-2.51,bear,bajista,0,-0.254,32,8928,3,
s30725,APEUSDT,1787941800000,testB,-1,-4.33,0.57,5.86,4.89,0.35,-1.82,1.77,1.36,0.91,0.68,1,-2.51,bear,bajista,0,-0.439,32,8928,3,
s30726,XPLUSDT,1787942700000,train,-1,-4.27,0.394,6.82,4.95,0.45,-1.78,0.78,1.13,0.81,0.8,1,-2.49,bear,neutral,0,-0.333,32,8930,0,
s30727,WLDUSDT,1787942700000,train,-1,-4.93,0.504,6.53,5.84,0.73,-2.44,1.92,1.29,0.96,0.87,1,-2.49,bear,neutral,0,0.153,32,8930,0,
s30728,ARBUSDT,1787942700000,train,-1,-3.72,0.439,5.64,4.3,0.54,-1.24,0.9,1.29,0.83,0.64,1,-2.49,bear,neutral,0,-0.069,32,8930,0,
s30729,OPUSDT,1787942700000,train,-1,-3.81,0.481,5.77,4.49,0.5,-1.32,0.95,1.48,1.0,0.91,1,-2.49,bear,neutral,0,0.092,32,8930,0,
s30730,INJUSDT,1787942700000,train,-1,-5.95,0.704,7.24,6.78,0.9,-3.46,2.1,1.1,0.73,0.61,1,-2.49,bear,neutral,0,-0.038,32,8930,0,
s30731,SUIUSDT,1787942700000,train,-1,-4.55,0.5,6.03,5.2,1.13,-2.06,1.65,1.42,0.99,0.8,1,-2.49,bear,neutral,0,-0.118,32,8930,0,
s30732,TIAUSDT,1787942700000,train,-1,-4.32,0.486,6.55,4.95,0.45,-1.83,1.13,1.29,0.92,0.69,1,-2.49,bear,neutral,0,-0.125,32,8930,0,
s30733,SEIUSDT,1787942700000,train,-1,-2.85,0.475,4.39,3.26,0.25,-0.36,0.72,1.56,0.96,0.8,1,-2.49,bear,neutral,0,-0.02,32,8930,0,
s30734,PENDLEUSDT,1787942700000,train,-1,-5.17,0.64,6.79,5.84,0.4,-2.68,1.32,0.85,0.62,0.51,1,-2.49,bear,neutral,0,-0.008,32,8930,0,
s30735,ONDOUSDT,1787942700000,train,-1,-4.96,0.667,6.38,5.56,0.85,-2.47,1.31,1.25,0.82,0.67,1,-2.49,bear,neutral,0,0.071,32,8929,0,
s30736,FETUSDT,1787942700000,train,-1,-6.79,0.687,8.21,7.74,0.83,-4.3,2.79,1.19,0.83,0.61,1,-2.49,bear,bajista,0,0.154,32,8929,7,
s30737,ARUSDT,1787942700000,testB,-1,-4.24,0.558,5.94,4.77,0.4,-1.76,1.13,1.0,0.65,0.5,1,-2.49,bear,neutral,0,-0.306,32,8929,0,
s30738,LDOUSDT,1787942700000,testB,-1,-4.9,0.503,7.1,5.77,0.36,-2.41,1.17,1.14,0.76,0.54,1,-2.49,bear,neutral,0,-0.127,32,8929,0,
s30739,SANDUSDT,1787942700000,testB,-1,-3.6,0.447,5.37,4.1,0.51,-1.11,1.23,0.96,0.74,0.68,1,-2.49,bear,neutral,0,-0.158,32,8929,0,
s30740,AXSUSDT,1787942700000,testB,-1,-3.72,0.482,5.79,4.16,0.41,-1.23,0.86,1.37,0.91,0.69,1,-2.49,bear,neutral,0,-0.189,32,8929,0,
s30741,APEUSDT,1787942700000,testB,-1,-3.83,0.482,5.83,4.43,0.42,-1.34,1.0,1.36,0.91,0.68,1,-2.49,bear,neutral,0,-0.5,32,8929,0,
s30742,WLDUSDT,1787943600000,train,-1,-3.37,0.364,6.49,5.32,0.71,-1.31,1.43,1.24,0.94,0.87,1,-2.06,bear,neutral,0,0.256,32,8931,0,
s30743,OPUSDT,1787943600000,train,-1,-2.73,0.358,5.74,4.09,0.52,-0.67,0.66,1.37,1.0,0.91,1,-2.06,bear,neutral,0,0.158,32,8931,0,
s30744,INJUSDT,1787943600000,train,-1,-4.87,0.624,6.39,5.71,0.88,-2.81,1.83,1.04,0.73,0.6,1,-2.06,bear,neutral,0,0.068,32,8931,0,
s30745,SUIUSDT,1787943600000,train,-1,-3.14,0.375,5.43,4.27,0.92,-1.08,1.31,1.38,0.98,0.79,1,-2.06,bear,neutral,0,-0.063,32,8931,0,
s30746,TIAUSDT,1787943600000,train,-1,-2.88,0.352,6.08,4.14,0.45,-0.83,0.86,1.26,0.96,0.7,1,-2.06,bear,neutral,0,-0.028,32,8931,0,
s30747,PENDLEUSDT,1787943600000,train,-1,-3.99,0.506,6.31,4.86,0.4,-1.93,0.87,0.82,0.63,0.51,1,-2.06,bear,neutral,0,0.115,32,8931,0,
s30748,ONDOUSDT,1787943600000,train,-1,-3.65,0.554,6.08,5.04,0.85,-1.6,1.11,1.2,0.82,0.66,1,-2.06,bear,neutral,0,0.14,32,8930,0,
s30749,FETUSDT,1787943600000,train,-1,-5.43,0.608,7.73,7.07,0.87,-3.38,2.44,1.18,0.84,0.61,1,-2.06,bear,neutral,0,0.234,32,8930,0,
s30750,ARUSDT,1787943600000,testB,-1,-3.1,0.412,5.67,3.97,0.38,-1.04,0.75,0.98,0.64,0.5,1,-2.06,bear,neutral,0,-0.146,32,8930,0,
s30751,AXSUSDT,1787943600000,testB,-1,-2.66,0.362,5.45,3.49,0.37,-0.6,0.63,1.31,0.91,0.69,1,-2.06,bear,neutral,0,-0.138,32,8930,0,
s30752,APEUSDT,1787943600000,testB,-1,-2.93,0.376,5.59,3.82,0.46,-0.87,0.72,1.3,0.92,0.68,1,-2.06,bear,neutral,0,-0.462,32,8930,0,
s30753,WLDUSDT,1787944500000,train,-1,-4.18,0.505,5.81,4.5,0.57,-2.12,1.42,1.24,0.94,0.87,1,-2.07,bear,neutral,0,0.244,32,8932,0,
s30754,ARBUSDT,1787944500000,train,-1,-2.89,0.381,4.73,3.02,0.43,-0.82,0.75,1.25,0.83,0.64,1,-2.07,bear,neutral,0,0.045,32,8932,0,
s30755,OPUSDT,1787944500000,train,-1,-3.32,0.478,5.26,3.49,0.47,-1.26,0.56,1.37,1.0,0.91,1,-2.07,bear,neutral,0,0.156,32,8932,0,
s30756,INJUSDT,1787944500000,train,-1,-4.67,0.593,5.81,5.0,0.56,-2.6,1.68,1.04,0.73,0.6,1,-2.07,bear,neutral,0,0.07,32,8932,0,
s30757,SUIUSDT,1787944500000,train,-1,-3.67,0.472,5.08,3.89,0.72,-1.6,1.31,1.38,0.98,0.79,1,-2.07,bear,neutral,0,-0.098,32,8932,0,
s30758,TIAUSDT,1787944500000,train,-1,-3.32,0.432,5.72,3.55,0.38,-1.25,0.68,1.26,0.96,0.7,1,-2.07,bear,neutral,0,0.008,32,8932,0,
s30759,JUPUSDT,1787944500000,train,-1,-7.1,0.502,9.84,7.78,0.29,-5.03,1.56,2.26,1.8,1.72,1,-2.07,bear,neutral,0,-0.041,32,8932,0,
s30760,PENDLEUSDT,1787944500000,train,-1,-4.17,0.541,5.86,4.42,0.32,-2.1,1.0,0.82,0.63,0.51,1,-2.07,bear,neutral,0,0.079,32,8932,1,
s30761,ONDOUSDT,1787944500000,train,-1,-4.12,0.679,5.48,4.35,0.76,-2.05,1.09,1.2,0.82,0.66,1,-2.07,bear,neutral,0,0.11,32,8931,0,
s30762,FETUSDT,1787944500000,train,-1,-5.34,0.597,7.09,5.77,0.79,-3.27,1.8,1.18,0.84,0.61,1,-2.07,bear,neutral,0,0.375,32,8931,0,
s30763,ARUSDT,1787944500000,testB,-1,-3.18,0.43,5.27,3.38,0.31,-1.12,0.62,0.98,0.64,0.5,1,-2.07,bear,neutral,0,-0.114,32,8931,0,
s30764,SANDUSDT,1787944500000,testB,-1,-3.35,0.493,4.82,3.47,0.54,-1.29,1.13,0.89,0.72,0.67,1,-2.07,bear,neutral,0,-0.157,32,8931,1,
s30765,AXSUSDT,1787944500000,testB,-1,-2.71,0.374,5.02,2.82,0.29,-0.65,0.49,1.31,0.91,0.69,1,-2.07,bear,neutral,0,-0.182,32,8931,0,
s30766,APEUSDT,1787944500000,testB,-1,-2.99,0.389,5.35,3.3,0.26,-0.92,0.5,1.3,0.92,0.68,1,-2.07,bear,neutral,0,-0.6,32,8931,0,
s30767,WLDUSDT,1787945400000,train,-1,-3.62,0.466,5.04,4.07,0.44,-2.02,1.58,1.24,0.94,0.87,1,-1.6,neutral,neutral,0,0.323,32,8933,1,
s30768,ENAUSDT,1787945400000,train,-1,-6.05,0.422,9.8,7.48,0.38,-4.46,1.02,1.43,1.25,1.42,0,-1.6,neutral,neutral,0,-0.094,32,8933,0,
s30769,OPUSDT,1787945400000,train,-1,-2.56,0.411,4.32,2.67,0.33,-0.96,0.65,1.37,1.0,0.91,1,-1.6,neutral,neutral,0,0.271,32,8933,1,
s30770,INJUSDT,1787945400000,train,-1,-3.96,0.551,5.1,4.4,0.35,-2.36,1.63,1.04,0.73,0.6,1,-1.6,neutral,neutral,0,0.258,32,8933,1,
s30771,SUIUSDT,1787945400000,train,-1,-2.78,0.402,4.17,3.09,0.42,-1.19,1.32,1.38,0.98,0.79,1,-1.6,neutral,neutral,0,-0.083,32,8933,1,
s30772,JUPUSDT,1787945400000,train,-1,-5.61,0.433,8.41,6.26,0.3,-4.01,1.41,2.26,1.8,1.72,1,-1.6,neutral,neutral,0,0.029,32,8933,0,
s30773,PENDLEUSDT,1787945400000,train,-1,-2.89,0.441,4.69,3.22,0.28,-1.29,0.85,0.82,0.63,0.51,1,-1.6,neutral,neutral,0,0.173,32,8933,0,
s30774,ONDOUSDT,1787945400000,train,-1,-3.32,0.627,4.45,3.69,0.52,-1.72,1.36,1.2,0.82,0.66,1,-1.6,neutral,neutral,0,0.115,32,8932,1,
s30775,FETUSDT,1787945400000,train,-1,-4.47,0.55,5.79,4.81,0.66,-2.87,1.9,1.18,0.84,0.61,1,-1.6,neutral,neutral,0,0.507,32,8932,1,
s30776,ARUSDT,1787945400000,testB,-1,-2.41,0.362,4.27,2.72,0.29,-0.82,0.87,0.98,0.64,0.5,1,-1.6,neutral,neutral,0,-0.161,32,8932,1,
s30777,SANDUSDT,1787945400000,testB,-1,-2.4,0.408,3.96,2.67,0.48,-0.8,1.11,0.89,0.72,0.67,1,-1.6,neutral,bajista,0,-0.184,32,8932,2,
s30778,WLDUSDT,1787946300000,train,-1,-2.48,0.372,3.68,2.81,0.28,-1.51,1.37,1.24,0.94,0.87,1,-0.97,neutral,bajista,0,0.523,32,8934,2,
s30779,ENAUSDT,1787946300000,train,-1,-5.8,0.408,7.71,6.57,0.4,-4.82,2.1,1.43,1.25,1.42,0,-0.97,neutral,neutral,0,-0.033,32,8934,1,
s30780,INJUSDT,1787946300000,train,-1,-3.03,0.479,4.04,3.32,0.18,-2.06,1.33,1.04,0.73,0.6,1,-0.97,neutral,neutral,0,0.494,32,8934,0,
s30781,JUPUSDT,1787946300000,train,-1,-4.81,0.393,6.99,5.33,0.44,-3.84,1.52,2.26,1.8,1.72,1,-0.97,neutral,neutral,0,-0.086,32,8934,1,
s30782,ONDOUSDT,1787946300000,train,-1,-2.25,0.516,3.35,2.52,0.24,-1.27,1.02,1.2,0.82,0.66,1,-0.97,neutral,neutral,0,0.315,32,8933,0,
s30783,FETUSDT,1787946300000,train,-1,-3.63,0.496,4.62,3.89,0.41,-2.65,1.79,1.18,0.84,0.61,1,-0.97,neutral,bajista,0,0.661,32,8933,2,
s30784,SANDUSDT,1787946300000,testB,-1,-2.1,0.359,3.62,2.2,0.36,-1.13,0.76,0.89,0.72,0.67,1,-0.97,neutral,neutral,0,0.012,32,8933,0,
s30785,ASTERUSDT,1787947200000,train,1,2.94,0.454,4.91,4.21,0.6,3.27,0.92,0.6,0.53,0.42,1,-0.33,neutral,alcista,0,-0.014,32,8935,6,
s30786,ASTERUSDT,1787948100000,train,1,3.49,0.51,3.83,3.54,0.86,3.51,1.43,0.6,0.53,0.42,1,-0.03,neutral,alcista,0,-0.085,32,8936,7,
s30787,0GUSDT,1787948100000,train,1,4.48,0.483,4.29,4.29,0.51,4.51,1.76,1.35,0.96,0.74,1,-0.03,neutral,alcista,0,0.725,32,8936,2,
s30788,GRTUSDT,1787948100000,testB,1,2.14,0.402,2.27,2.21,0.58,2.17,0.7,0.71,0.85,0.64,0,-0.03,neutral,alcista,0,-1.0,30,8935,2,
s30789,MANAUSDT,1787948100000,testB,1,2.25,0.442,2.42,2.3,0.77,2.28,0.67,0.86,0.75,0.71,1,-0.03,neutral,alcista,0,-0.353,32,8935,3,
s30790,ASTERUSDT,1787949000000,train,1,3.03,0.477,3.56,3.53,1.12,3.54,1.7,0.6,0.53,0.42,1,-0.51,neutral,alcista,0,-0.105,32,8937,8,
s30791,0GUSDT,1787949000000,train,1,3.41,0.411,4.36,4.11,0.98,3.92,1.63,1.35,0.96,0.74,1,-0.51,neutral,neutral,0,0.652,32,8937,0,
s30792,WLDUSDT,1787949000000,train,-1,-2.54,0.508,3.61,3.17,0.67,-2.04,1.2,0.95,0.86,0.87,0,-0.51,neutral,bajista,0,0.367,32,8937,2,
s30793,ENAUSDT,1787949000000,train,-1,-3.87,0.392,6.71,5.49,0.48,-3.36,1.5,1.14,1.17,1.4,0,-0.51,neutral,neutral,0,-0.061,32,8937,0,
s30794,FETUSDT,1787949000000,train,-1,-2.38,0.407,3.95,2.96,0.61,-1.87,0.95,1.02,0.84,0.62,1,-0.51,neutral,neutral,0,0.867,32,8936,1,
s30795,ASTERUSDT,1787949900000,train,1,2.84,0.45,3.56,3.46,1.05,3.33,1.68,0.6,0.53,0.42,1,-0.49,neutral,neutral,0,-0.037,32,8938,0,
s30796,0GUSDT,1787949900000,train,1,3.52,0.42,4.83,4.64,1.86,4.01,2.14,1.35,0.96,0.74,1,-0.49,neutral,neutral,0,0.4,32,8938,1,
s30797,WLDUSDT,1787949900000,train,-1,-2.91,0.541,3.82,3.66,0.86,-2.42,1.33,0.95,0.86,0.87,0,-0.49,neutral,bajista,0,0.101,32,8938,3,
s30798,FETUSDT,1787949900000,train,-1,-2.7,0.457,3.69,2.9,0.7,-2.21,0.78,1.02,0.84,0.62,1,-0.49,neutral,bajista,0,0.659,32,8937,2,
s30799,ASTERUSDT,1787950800000,train,1,2.2,0.371,3.57,3.34,0.55,2.96,1.41,0.52,0.52,0.42,1,-0.77,neutral,neutral,0,0.12,32,8939,0,
s30800,STBLUSDT,1787950800000,train,-1,-2.94,0.572,4.6,3.61,0.26,-2.17,-0.02,1.71,1.35,0.98,1,-0.77,neutral,bajista,0,0.313,32,8939,2,
s30801,0GUSDT,1787950800000,train,1,3.88,0.445,6.12,5.75,2.18,4.64,3.16,1.42,1.06,0.79,1,-0.77,neutral,alcista,0,0.106,32,8939,2,
s30802,WLDUSDT,1787950800000,train,-1,-3.05,0.586,4.16,3.52,1.04,-2.28,1.16,0.96,0.9,0.89,1,-0.77,neutral,neutral,0,0.015,32,8939,0,
s30803,ENAUSDT,1787950800000,train,-1,-4.18,0.432,6.03,4.53,0.41,-3.41,0.64,0.89,1.06,1.38,0,-0.77,neutral,neutral,0,-0.706,32,8939,1,
s30804,FETUSDT,1787950800000,train,-1,-2.82,0.478,3.7,2.97,0.66,-2.05,0.77,0.95,0.86,0.63,1,-0.77,neutral,bajista,0,0.467,32,8938,3,
s30805,SANDUSDT,1787950800000,testB,-1,-2.01,0.537,2.84,2.32,1.36,-1.25,0.58,0.67,0.75,0.67,0,-0.77,neutral,neutral,0,-1.0,13,8938,0,
s30806,ASTERUSDT,1787951700000,train,1,2.21,0.373,3.56,3.42,0.45,2.89,1.25,0.52,0.52,0.42,1,-0.69,neutral,neutral,0,0.046,32,8940,1,
s30807,STBLUSDT,1787951700000,train,-1,-2.14,0.484,3.39,2.37,0.16,-1.46,0.29,1.71,1.35,0.98,1,-0.69,neutral,neutral,0,0.554,32,8940,0,
s30808,0GUSDT,1787951700000,train,1,3.37,0.366,6.15,5.23,2.7,4.05,2.2,1.42,1.06,0.79,1,-0.69,neutral,neutral,0,0.188,32,8940,0,
s30809,WLDUSDT,1787951700000,train,-1,-3.36,0.633,4.83,3.74,1.58,-2.67,1.3,0.96,0.9,0.89,1,-0.69,neutral,neutral,0,-0.014,32,8940,1,
s30810,FETUSDT,1787951700000,train,-1,-2.38,0.416,3.3,2.44,0.72,-1.7,0.69,0.95,0.86,0.63,1,-0.69,neutral,neutral,0,0.757,32,8939,0,
s30811,WLDUSDT,1787952600000,train,-1,-3.61,0.648,4.86,4.49,1.68,-3.21,1.81,0.96,0.9,0.89,1,-0.4,neutral,bajista,0,-0.238,32,8941,2,
s30812,FETUSDT,1787952600000,train,-1,-2.08,0.381,2.85,2.45,0.58,-1.68,1.06,0.95,0.86,0.63,1,-0.4,neutral,neutral,0,0.73,32,8940,1,
s30813,PUMPUSDT,1787953500000,train,-1,-3.78,0.4,7.68,5.37,1.28,-3.09,2.21,0.92,0.9,0.64,1,-0.69,neutral,bajista,0,-0.488,32,8942,3,
s30814,WLDUSDT,1787953500000,train,-1,-3.86,0.67,4.34,4.07,1.78,-3.17,1.89,0.96,0.9,0.89,1,-0.69,neutral,bajista,0,-0.303,32,8942,3,
s30815,SUIUSDT,1787953500000,train,-1,-2.04,0.454,2.86,2.17,0.32,-1.35,0.79,0.84,0.93,0.77,0,-0.69,neutral,bajista,0,-0.585,32,8942,3,
s30816,FETUSDT,1787953500000,train,-1,-2.4,0.416,3.19,2.79,0.93,-1.72,1.38,0.95,0.86,0.63,1,-0.69,neutral,bajista,0,0.429,32,8941,2,
s30817,ASTERUSDT,1787954400000,train,1,2.21,0.405,3.63,3.57,0.48,2.58,1.03,0.35,0.52,0.43,0,-0.37,neutral,neutral,0,-0.052,32,8943,1,
s30818,PUMPUSDT,1787954400000,train,-1,-3.88,0.419,7.1,4.21,1.59,-3.51,1.41,0.57,0.86,0.63,0,-0.37,neutral,neutral,0,-1.0,9,8943,0,
s30819,WLDUSDT,1787954400000,train,-1,-2.31,0.399,3.45,2.39,1.69,-1.94,1.01,0.64,0.9,0.89,0,-0.37,neutral,neutral,0,0.1,32,8943,0,
s30820,FETUSDT,1787954400000,train,-1,-2.02,0.373,2.6,2.26,0.92,-1.65,1.27,0.64,0.85,0.64,0,-0.37,neutral,bajista,0,0.706,32,8942,3,
s30821,ASTERUSDT,1787955300000,train,1,3.3,0.591,4.35,4.13,1.05,3.33,1.45,0.35,0.52,0.43,0,-0.03,neutral,alcista,0,-0.23,32,8944,2,
s30822,0GUSDT,1787955300000,train,1,5.33,0.459,6.1,6.04,0.38,5.36,2.37,1.1,1.1,0.82,1,-0.03,neutral,alcista,0,-0.111,32,8944,2,
s30823,ASTERUSDT,1787956200000,train,1,3.47,0.633,4.27,3.54,1.17,3.06,0.77,0.35,0.52,0.43,0,0.41,neutral,neutral,0,-0.044,32,8945,0,
s30824,0GUSDT,1787956200000,train,1,6.27,0.548,6.57,6.32,0.56,5.85,2.42,1.1,1.1,0.82,1,0.41,neutral,alcista,0,-0.096,32,8945,3,
s30825,JUPUSDT,1787956200000,train,1,2.23,0.387,3.82,2.68,0.5,1.82,0.21,0.89,1.74,1.57,0,0.41,neutral,neutral,0,-0.288,32,8945,0,
s30826,LDOUSDT,1787956200000,testB,1,2.53,0.43,3.13,2.64,2.12,2.12,0.87,0.4,0.79,0.56,0,0.41,neutral,alcista,0,-0.611,32,8944,3,
s30827,ASTERUSDT,1787957100000,train,1,3.51,0.636,3.93,3.38,1.42,3.27,0.92,0.35,0.52,0.43,0,0.25,neutral,neutral,0,-0.076,32,8946,1,
s30828,0GUSDT,1787957100000,train,1,3.41,0.36,5.07,4.34,0.59,3.17,1.77,1.1,1.1,0.82,1,0.25,neutral,neutral,0,0.127,32,8946,0,
s30829,JUPUSDT,1787957100000,train,1,2.51,0.415,3.08,2.4,0.52,2.26,0.73,0.89,1.74,1.57,0,0.25,neutral,neutral,0,-0.547,32,8946,1,
s30830,LDOUSDT,1787957100000,testB,1,2.83,0.459,2.83,2.72,2.05,2.58,1.62,0.4,0.79,0.56,0,0.25,neutral,alcista,0,-1.0,20,8945,4,
s30831,ASTERUSDT,1787958000000,train,1,2.03,0.438,3.02,2.16,1.59,1.91,0.62,0.33,0.53,0.43,0,0.12,neutral,neutral,0,-0.033,32,8947,0,
s30832,0GUSDT,1787958000000,train,1,3.68,0.397,4.71,3.85,0.7,3.56,1.55,1.12,1.13,0.83,0,0.12,neutral,neutral,0,0.095,32,8947,0,
s30833,0GUSDT,1787958900000,train,1,3.14,0.362,4.09,3.54,0.69,3.17,1.75,1.12,1.13,0.83,0,-0.03,neutral,neutral,0,0.138,32,8948,1,
s30834,0GUSDT,1787959800000,train,1,3.91,0.437,4.25,4.0,0.48,3.71,1.73,1.12,1.13,0.83,0,0.2,neutral,alcista,0,-0.106,32,8949,2,
s30835,0GUSDT,1787960700000,train,1,4.16,0.458,4.06,4.0,0.58,3.83,1.78,1.12,1.13,0.83,0,0.33,neutral,alcista,0,-0.258,32,8950,3,
s30836,0GUSDT,1787961600000,train,1,3.8,0.439,5.47,4.26,2.08,3.5,2.28,1.56,1.42,0.98,1,0.31,neutral,alcista,0,-0.465,32,8951,4,
s30837,ENAUSDT,1787961600000,train,1,2.42,0.361,4.58,4.01,1.66,2.11,1.59,0.38,0.92,1.35,0,0.31,neutral,neutral,0,-0.968,32,8951,1,
s30838,PUMPUSDT,1787962500000,train,1,3.15,0.407,6.85,6.64,0.96,2.66,2.3,0.44,0.85,0.63,0,0.49,neutral,alcista,0,-0.339,32,8952,5,
s30839,0GUSDT,1787962500000,train,1,4.35,0.473,5.36,4.95,2.55,3.86,2.81,1.56,1.42,0.98,1,0.49,neutral,alcista,0,-0.53,32,8952,5,
s30840,ENAUSDT,1787962500000,train,1,2.8,0.44,4.58,4.0,1.21,2.31,1.37,0.38,0.92,1.35,0,0.49,neutral,neutral,0,-1.0,32,8952,0,
s30841,PUMPUSDT,1787963400000,train,1,2.84,0.369,6.86,6.52,0.96,2.34,1.99,0.44,0.85,0.63,0,0.49,neutral,neutral,0,-0.45,32,8953,0,
s30842,0GUSDT,1787963400000,train,1,4.48,0.486,5.06,4.71,2.71,3.99,2.6,1.56,1.42,0.98,1,0.49,neutral,alcista,0,-0.734,32,8953,6,
s30843,0GUSDT,1787964300000,train,1,3.59,0.403,4.78,4.0,3.16,3.17,1.91,1.56,1.42,0.98,1,0.42,neutral,neutral,0,-0.836,32,8954,0,
s30844,STXUSDT,1787965200000,testB,-1,-4.92,0.425,8.63,7.65,2.35,-5.22,4.34,0.36,0.57,0.56,0,0.31,neutral,bajista,0,-0.165,32,8954,7,
s30845,0GUSDT,1787966100000,train,1,2.83,0.359,4.96,3.89,1.69,2.34,1.46,1.77,1.56,1.04,1,0.49,neutral,neutral,0,-0.631,32,8956,1,
s30846,PUMPUSDT,1787967000000,train,1,2.46,0.352,6.97,4.92,0.56,2.01,0.18,0.43,0.84,0.62,0,0.45,neutral,neutral,0,-0.018,32,8957,0,
s30847,0GUSDT,1787967000000,train,1,3.71,0.484,4.95,4.17,1.66,3.26,1.52,1.77,1.56,1.04,1,0.45,neutral,alcista,0,-0.786,32,8957,2,
s30848,PUMPUSDT,1787967900000,train,1,2.91,0.424,5.2,3.3,0.64,2.36,0.26,0.43,0.84,0.62,0,0.54,neutral,neutral,0,0.314,32,8958,1,
s30849,0GUSDT,1787967900000,train,1,5.1,0.651,5.15,4.85,1.36,4.56,1.87,1.77,1.56,1.04,1,0.54,neutral,alcista,0,-0.841,32,8958,3,
s30850,PUMPUSDT,1787968800000,train,1,2.36,0.375,4.78,2.95,0.68,1.99,0.36,0.41,0.7,0.61,0,0.37,neutral,alcista,0,0.175,32,8959,2,
s30851,0GUSDT,1787968800000,train,1,4.21,0.54,4.76,4.04,0.74,3.84,1.38,1.76,1.57,1.05,1,0.37,neutral,neutral,0,-1.0,27,8959,0,
s30852,STXUSDT,1787968800000,testB,-1,-3.88,0.376,8.93,6.83,1.13,-4.25,2.35,0.41,0.52,0.55,0,0.37,neutral,neutral,0,0.053,32,8958,1,
s30853,LDOUSDT,1787971500000,testB,-1,-2.04,0.578,2.7,2.27,0.58,-1.93,0.56,0.34,0.58,0.54,0,-0.1,neutral,neutral,0,0.481,32,8961,0,
s30854,STXUSDT,1787973300000,testB,-1,-5.22,0.509,8.88,6.18,0.77,-5.22,1.32,0.41,0.5,0.54,0,0.01,neutral,bajista,0,0.338,32,8963,3,
s30855,LDOUSDT,1787973300000,testB,-1,-2.31,0.75,2.7,2.62,1.03,-2.32,0.76,0.34,0.51,0.54,0,0.01,neutral,neutral,0,0.14,32,8963,0,
s30856,INJUSDT,1787975100000,train,-1,-2.16,0.493,3.2,3.1,2.66,-1.74,1.66,0.35,0.6,0.53,0,-0.42,neutral,bajista,0,0.006,32,8966,2,
s30857,STXUSDT,1787975100000,testB,-1,-4.35,0.426,7.64,5.07,0.39,-3.93,1.31,0.41,0.5,0.54,0,-0.42,neutral,neutral,0,0.46,32,8965,1,
s30858,GRTUSDT,1787975100000,testB,-1,-2.39,0.69,3.12,3.0,1.8,-1.98,1.34,0.26,0.44,0.57,0,-0.42,neutral,bajista,0,-0.224,32,8965,8,
s30859,LDOUSDT,1787975100000,testB,-1,-2.3,0.748,2.64,2.64,1.2,-1.88,1.25,0.34,0.51,0.54,0,-0.42,neutral,bajista,0,-0.032,32,8965,2,
s30860,JUPUSDT,1787976000000,train,-1,-2.24,0.455,2.88,2.56,0.93,-1.96,0.56,0.44,0.67,1.25,0,-0.28,neutral,neutral,0,0.232,32,8967,1,
s30861,STXUSDT,1787976000000,testB,-1,-4.62,0.441,7.1,4.88,0.49,-4.34,1.72,0.43,0.36,0.53,0,-0.28,neutral,bajista,0,0.264,32,8966,2,
s30862,PUMPUSDT,1787976900000,train,-1,-2.52,0.418,3.68,2.72,0.72,-2.16,0.41,0.3,0.43,0.6,0,-0.37,neutral,neutral,0,-0.2,32,8968,0,
s30863,INJUSDT,1787976900000,train,-1,-2.03,0.455,3.17,2.39,3.26,-1.66,0.77,0.37,0.43,0.53,0,-0.37,neutral,neutral,0,0.413,32,8968,0,
s30864,FETUSDT,1787976900000,train,-1,-2.05,0.365,2.77,2.16,1.19,-1.68,0.6,0.46,0.55,0.63,0,-0.37,neutral,neutral,0,0.344,32,8967,0,
s30865,LDOUSDT,1787976900000,testB,-1,-2.11,0.633,2.21,2.18,0.91,-1.74,1.01,0.29,0.34,0.53,0,-0.37,neutral,neutral,0,-0.338,32,8967,1,
s30866,PUMPUSDT,1787977800000,train,-1,-2.4,0.405,3.68,2.72,0.89,-2.18,0.42,0.3,0.43,0.6,0,-0.22,neutral,neutral,0,-0.24,32,8969,0,
s30867,STBLUSDT,1787977800000,train,-1,-2.79,0.379,4.87,3.39,0.32,-2.58,1.02,0.84,0.89,1.01,0,-0.22,neutral,bajista,0,-1.0,31,8969,2,
s30868,LDOUSDT,1787977800000,testB,-1,-2.09,0.63,2.36,2.16,1.52,-1.87,1.14,0.29,0.34,0.53,0,-0.22,neutral,bajista,0,-0.355,32,8968,2,
s30869,STBLUSDT,1787978700000,train,-1,-2.86,0.392,4.86,3.2,0.31,-2.75,0.81,0.84,0.89,1.01,0,-0.11,neutral,neutral,0,-1.0,30,8970,0,
s30870,STBLUSDT,1787979600000,train,-1,-2.9,0.395,4.5,3.14,0.23,-2.98,1.02,0.82,0.65,1.02,0,0.08,neutral,neutral,0,-1.0,29,8971,1,
s30871,STXUSDT,1787980500000,testB,1,2.46,0.361,3.19,3.04,0.44,2.63,1.04,0.41,0.35,0.54,0,-0.17,neutral,alcista,0,-1.0,18,8971,5,
s30872,STXUSDT,1787981400000,testB,1,2.74,0.386,4.04,3.41,0.89,2.92,1.5,0.41,0.35,0.54,0,-0.18,neutral,alcista,0,-1.0,17,8972,6,
s30873,STBLUSDT,1787983200000,train,-1,-2.75,0.551,3.46,2.83,0.6,-2.42,1.22,0.88,0.62,1.03,0,-0.33,neutral,bajista,0,-1.0,21,8975,2,
s30874,STBLUSDT,1787984100000,train,-1,-2.75,0.551,3.54,2.98,0.77,-2.47,1.07,0.88,0.62,1.03,0,-0.28,neutral,bajista,0,-1.0,20,8976,3,
s30875,ENAUSDT,1787994000000,train,-1,-5.85,0.653,6.86,6.4,1.44,-5.78,2.16,0.47,0.43,0.76,0,-0.07,neutral,neutral,0,-0.144,32,8987,0,
s30876,JUPUSDT,1787994000000,train,-1,-3.0,0.554,3.46,3.09,1.13,-2.92,0.79,0.36,0.41,1.13,0,-0.07,neutral,neutral,0,-0.343,32,8987,1,
s30877,ENAUSDT,1787994900000,train,-1,-4.17,0.525,6.35,5.57,0.85,-4.13,1.6,0.47,0.43,0.76,0,-0.04,neutral,neutral,0,-0.045,32,8988,0,
s30878,OPUSDT,1787994900000,train,-1,-2.03,0.56,2.79,2.16,3.28,-2.0,0.81,0.49,0.39,0.69,0,-0.04,neutral,neutral,0,-0.242,32,8988,0,
s30879,JUPUSDT,1787994900000,train,-1,-2.21,0.476,3.05,2.77,1.16,-2.17,0.83,0.36,0.41,1.13,0,-0.04,neutral,bajista,0,-0.117,32,8988,2,
s30880,STXUSDT,1787994900000,testB,-1,-2.09,0.356,3.71,3.3,0.86,-2.05,0.76,0.2,0.31,0.5,0,-0.04,neutral,neutral,0,0.622,32,8987,1,
s30881,ENAUSDT,1787995800000,train,-1,-4.35,0.563,6.16,5.22,0.69,-4.31,1.32,0.47,0.43,0.76,0,-0.04,neutral,neutral,0,-0.009,32,8989,0,
s30882,JUPUSDT,1787995800000,train,-1,-2.65,0.634,2.95,2.68,0.86,-2.61,0.88,0.36,0.41,1.13,0,-0.04,neutral,neutral,0,-0.121,32,8989,0,
s30883,STXUSDT,1787995800000,testB,-1,-2.35,0.423,3.09,2.45,0.86,-2.31,0.49,0.2,0.31,0.5,0,-0.04,neutral,neutral,0,0.754,32,8988,0,
s30884,ENAUSDT,1787996700000,train,-1,-4.51,0.602,6.14,4.89,0.55,-4.53,1.31,0.47,0.43,0.76,0,0.02,neutral,neutral,0,-0.007,32,8990,0,
s30885,OPUSDT,1787996700000,train,-1,-2.32,0.595,2.8,2.41,0.66,-2.34,0.98,0.49,0.39,0.69,0,0.02,neutral,neutral,0,-0.434,32,8990,1,
s30886,STXUSDT,1787996700000,testB,-1,-3.04,0.484,3.21,3.13,0.94,-3.05,1.57,0.2,0.31,0.5,0,0.02,neutral,neutral,0,0.169,32,8989,1,
s30887,ENAUSDT,1787997600000,train,-1,-3.87,0.561,4.83,4.23,0.58,-3.99,1.58,0.51,0.45,0.73,0,0.12,neutral,neutral,0,-0.011,32,8991,1,
s30888,APEUSDT,1787997600000,testB,1,2.31,0.421,2.68,2.4,1.6,2.19,1.28,0.9,0.64,0.77,0,0.12,neutral,alcista,0,-0.235,32,8990,4,
s30889,ENAUSDT,1787998500000,train,-1,-3.16,0.491,4.5,3.78,0.65,-3.49,1.37,0.51,0.45,0.73,0,0.33,neutral,neutral,0,0.053,32,8992,0,
s30890,ENAUSDT,1787999400000,train,-1,-3.05,0.481,4.95,4.15,0.82,-3.36,1.63,0.51,0.45,0.73,0,0.3,neutral,neutral,0,-0.087,32,8993,1,
s30891,0GUSDT,1788000300000,train,-1,-2.13,0.443,2.79,2.67,0.49,-2.34,0.83,0.54,1.19,1.16,0,0.21,neutral,bajista,0,0.302,32,8994,6,
s30892,ENAUSDT,1788000300000,train,-1,-3.81,0.633,4.96,4.41,1.02,-4.02,1.52,0.51,0.45,0.73,0,0.21,neutral,bajista,0,-0.129,32,8994,2,
s30893,ENAUSDT,1788001200000,train,-1,-2.76,0.499,4.09,3.27,0.87,-3.08,1.04,0.47,0.45,0.71,0,0.32,neutral,neutral,0,-0.348,32,8995,0,
s30894,STXUSDT,1788001200000,testB,-1,-2.28,0.354,3.52,3.52,0.81,-2.6,1.54,0.18,0.29,0.44,0,0.32,neutral,bajista,0,-0.0,32,8994,3,
s30895,STBLUSDT,1788002100000,train,1,2.36,0.364,3.28,3.1,2.25,2.14,1.83,0.86,0.84,1.08,0,0.22,neutral,neutral,0,1.128,32,8996,1,
s30896,0GUSDT,1788002100000,train,-1,-2.12,0.493,2.85,2.54,0.72,-2.34,0.59,0.57,1.18,1.17,0,0.22,neutral,neutral,0,0.244,32,8996,1,
s30897,ENAUSDT,1788002100000,train,-1,-2.73,0.496,3.86,3.28,0.81,-2.95,1.11,0.47,0.45,0.71,0,0.22,neutral,neutral,0,-0.397,32,8996,1,
s30898,STXUSDT,1788002100000,testB,-1,-2.67,0.401,3.94,3.86,1.04,-2.9,1.69,0.18,0.29,0.44,0,0.22,neutral,bajista,0,-0.096,32,8995,4,
s30899,ENAUSDT,1788003000000,train,-1,-3.3,0.543,4.25,3.8,0.85,-3.29,1.64,0.47,0.45,0.71,0,-0.02,neutral,bajista,0,-0.444,32,8997,2,
s30900,STXUSDT,1788003000000,testB,-1,-3.74,0.528,4.84,4.67,1.38,-3.73,2.19,0.18,0.29,0.44,0,-0.02,neutral,bajista,0,-0.23,32,8996,5,
s30901,XPLUSDT,1788003900000,train,1,2.02,0.468,3.18,2.29,2.24,2.05,0.88,0.34,0.29,0.5,0,-0.03,neutral,neutral,1,2.0,17,8998,0,
s30902,ENAUSDT,1788003900000,train,-1,-2.48,0.39,3.63,2.61,0.67,-2.45,0.87,0.47,0.45,0.71,0,-0.03,neutral,neutral,0,-1.0,12,8998,0,
s30903,STXUSDT,1788003900000,testB,-1,-3.84,0.554,4.53,3.95,1.69,-3.81,1.56,0.18,0.29,0.44,0,-0.03,neutral,neutral,0,-0.125,32,8997,0,
s30904,STBLUSDT,1788004800000,train,1,3.37,0.444,3.87,3.69,3.51,3.27,2.0,1.1,1.0,1.15,0,0.1,neutral,neutral,0,0.583,32,8999,1,
s30905,XPLUSDT,1788005700000,train,1,2.02,0.481,2.86,2.37,1.26,2.01,1.01,0.32,0.28,0.49,0,0.0,neutral,alcista,0,1.13,32,9000,2,
s30906,STBLUSDT,1788005700000,train,1,3.59,0.46,4.61,4.0,2.48,3.59,2.03,1.1,1.0,1.15,0,0.0,neutral,alcista,0,0.411,32,9000,2,
s30907,0GUSDT,1788005700000,train,-1,-2.2,0.529,2.5,2.32,1.16,-2.21,1.17,0.55,0.91,1.17,0,0.0,neutral,bajista,0,-0.216,32,9000,5,
s30908,STXUSDT,1788005700000,testB,-1,-2.61,0.371,3.38,2.8,1.64,-2.61,1.39,0.19,0.29,0.42,0,0.0,neutral,neutral,0,-0.397,32,8999,1,
s30909,XPLUSDT,1788006600000,train,1,2.17,0.534,2.87,2.33,0.6,2.17,0.93,0.32,0.28,0.49,0,-0.0,neutral,neutral,0,1.102,32,9001,0,
s30910,STBLUSDT,1788006600000,train,1,3.45,0.433,4.63,3.63,2.08,3.45,1.48,1.1,1.0,1.15,0,-0.0,neutral,neutral,0,0.545,32,9001,0,
s30911,XPLUSDT,1788007500000,train,1,2.1,0.527,2.59,2.14,0.57,2.17,0.86,0.32,0.28,0.49,0,-0.06,neutral,neutral,0,1.099,32,9002,1,
s30912,STBLUSDT,1788007500000,train,1,4.34,0.49,4.73,4.48,2.09,4.4,2.37,1.1,1.0,1.15,0,-0.06,neutral,neutral,0,0.246,32,9002,1,
s30913,XPLUSDT,1788008400000,train,1,2.28,0.548,2.36,2.26,0.54,2.26,1.11,0.31,0.29,0.46,0,0.02,neutral,alcista,0,0.969,32,9003,2,
s30914,STBLUSDT,1788008400000,train,1,4.79,0.527,4.85,4.78,1.42,4.77,2.42,1.04,0.96,1.15,0,0.02,neutral,alcista,0,0.17,32,9003,2,
s30915,XPLUSDT,1788009300000,train,1,2.06,0.493,2.58,2.15,0.62,2.03,0.92,0.31,0.29,0.46,0,0.03,neutral,neutral,0,0.973,32,9004,0,
s30916,STBLUSDT,1788009300000,train,1,2.85,0.361,4.02,3.38,0.61,2.82,1.86,1.04,0.96,1.15,0,0.03,neutral,neutral,0,0.347,32,9004,0,
s30917,0GUSDT,1788009300000,train,-1,-2.21,0.783,2.51,2.38,0.75,-2.24,0.82,0.5,0.75,1.17,0,0.03,neutral,bajista,0,-0.105,32,9004,2,
s30918,XPLUSDT,1788010200000,train,1,2.38,0.558,2.58,2.33,0.63,2.37,0.98,0.31,0.29,0.46,0,0.01,neutral,neutral,0,0.934,32,9005,1,
s30919,XPLUSDT,1788011100000,train,1,2.03,0.521,3.24,2.66,0.96,1.97,1.38,0.31,0.29,0.46,0,0.07,neutral,alcista,0,0.568,32,9006,2,
s30920,XPLUSDT,1788012000000,train,1,2.73,0.62,3.38,3.16,1.46,2.59,1.77,0.38,0.32,0.43,0,0.14,neutral,alcista,0,0.277,32,9007,3,
s30921,STBLUSDT,1788012000000,train,1,3.35,0.431,4.02,3.31,0.35,3.21,1.16,1.1,0.85,1.1,0,0.14,neutral,alcista,0,0.452,32,9007,2,
s30922,XPLUSDT,1788012900000,train,1,2.74,0.62,3.44,2.9,1.76,2.7,1.37,0.38,0.32,0.43,0,0.04,neutral,neutral,0,0.419,32,9008,0,
s30923,STBLUSDT,1788012900000,train,1,3.82,0.464,4.39,3.82,0.47,3.79,1.56,1.1,0.85,1.1,0,0.04,neutral,alcista,0,0.259,32,9008,3,
s30924,SANDUSDT,1788012900000,testB,-1,-2.61,0.673,3.46,3.02,1.88,-2.65,1.72,0.42,0.34,0.46,0,0.04,neutral,bajista,0,-0.276,32,9007,2,
s30925,XPLUSDT,1788013800000,train,1,3.02,0.653,3.4,3.1,1.95,2.71,1.34,0.38,0.32,0.43,0,0.31,neutral,neutral,0,0.368,32,9009,1,
s30926,STBLUSDT,1788013800000,train,1,3.44,0.439,4.07,3.54,0.46,3.13,1.42,1.1,0.85,1.1,0,0.31,neutral,alcista,0,0.18,32,9009,4,
s30927,FETUSDT,1788013800000,train,1,2.32,0.405,3.14,3.0,1.82,2.01,1.65,0.54,0.49,0.62,0,0.31,neutral,alcista,0,0.156,32,9008,6,
s30928,SANDUSDT,1788013800000,testB,-1,-2.31,0.565,3.46,2.75,2.12,-2.62,1.31,0.42,0.34,0.46,0,0.31,neutral,neutral,0,-0.189,32,9008,0,
s30929,APEUSDT,1788013800000,testB,1,2.13,0.441,2.99,2.78,2.06,1.82,1.67,1.16,0.91,0.82,1,0.31,neutral,alcista,0,-1.0,30,9008,3,
s30930,XPLUSDT,1788014700000,train,1,3.25,0.676,3.62,3.29,1.77,2.77,1.4,0.38,0.32,0.43,0,0.49,neutral,alcista,0,0.247,32,9010,2,
s30931,PUMPUSDT,1788014700000,train,1,3.82,0.513,5.12,4.24,5,3.34,3.13,0.3,0.29,0.49,0,0.49,neutral,alcista,0,0.931,32,9010,3,
s30932,STBLUSDT,1788014700000,train,1,3.76,0.462,4.12,4.01,0.57,3.28,1.8,1.1,0.85,1.1,0,0.49,neutral,alcista,0,0.079,32,9010,5,
s30933,ENAUSDT,1788014700000,train,1,2.39,0.383,3.81,3.37,2.33,1.91,1.93,0.37,0.44,0.61,0,0.49,neutral,alcista,0,0.139,32,9010,2,
s30934,JUPUSDT,1788014700000,train,1,2.46,0.582,2.76,2.44,2.24,1.97,1.47,0.38,0.39,0.81,0,0.49,neutral,alcista,0,-0.389,32,9010,4,
s30935,FETUSDT,1788014700000,train,1,4.26,0.674,4.49,4.16,2.94,3.78,2.67,0.54,0.49,0.62,0,0.49,neutral,alcista,0,-0.206,32,9009,7,
s30936,LDOUSDT,1788014700000,testB,1,2.41,0.659,2.52,2.41,2.53,1.93,1.41,0.27,0.26,0.42,0,0.49,neutral,alcista,0,-0.402,32,9009,7,
s30937,STBLUSDT,1788015600000,train,1,3.37,0.393,3.96,3.33,0.58,3.08,1.17,1.01,0.84,1.08,0,0.29,neutral,neutral,0,0.223,32,9011,0,
s30938,FETUSDT,1788015600000,train,1,3.76,0.647,4.09,3.82,3.36,3.48,2.46,0.77,0.59,0.64,0,0.29,neutral,alcista,0,-0.276,32,9010,8,
s30939,SANDUSDT,1788015600000,testB,-1,-2.76,0.653,3.46,2.86,1.69,-3.04,1.2,0.49,0.37,0.45,0,0.29,neutral,neutral,0,-0.236,32,9010,1,
s30940,XPLUSDT,1788016500000,train,1,2.02,0.515,2.77,2.16,1.41,1.76,1.1,0.41,0.34,0.41,0,0.26,neutral,neutral,0,0.355,32,9012,1,
s30941,FETUSDT,1788016500000,train,1,2.25,0.355,4.13,2.86,3.82,1.99,1.28,0.77,0.59,0.64,0,0.26,neutral,neutral,0,-0.163,32,9011,0,
s30942,SANDUSDT,1788016500000,testB,-1,-2.82,0.657,3.21,3.03,1.11,-3.08,1.46,0.49,0.37,0.45,0,0.26,neutral,bajista,0,-0.293,32,9011,2,
s30943,PUMPUSDT,1788017400000,train,1,3.97,0.51,5.13,4.04,5,3.72,2.33,0.36,0.33,0.47,0,0.25,neutral,alcista,0,1.216,32,9013,2,
s30944,STBLUSDT,1788017400000,train,1,2.55,0.376,3.94,2.95,0.65,2.3,0.59,1.01,0.84,1.08,0,0.25,neutral,neutral,0,0.313,32,9013,1,
s30945,FETUSDT,1788017400000,train,1,3.56,0.553,4.1,3.51,4.06,3.31,1.86,0.77,0.59,0.64,0,0.25,neutral,neutral,0,-0.302,32,9012,1,
s30946,SANDUSDT,1788017400000,testB,-1,-2.72,0.648,3.22,3.22,0.99,-2.97,1.47,0.49,0.37,0.45,0,0.25,neutral,bajista,0,-0.374,32,9012,3,
s30947,XPLUSDT,1788018300000,train,1,2.64,0.657,2.94,2.57,1.13,2.3,1.25,0.41,0.34,0.41,0,0.34,neutral,neutral,0,0.171,32,9014,1,
s30948,PUMPUSDT,1788018300000,train,1,3.93,0.501,5.14,3.82,2.11,3.59,1.81,0.36,0.33,0.47,0,0.34,neutral,neutral,0,1.481,32,9014,0,
s30949,STBLUSDT,1788018300000,train,1,2.59,0.384,3.59,2.59,0.55,2.25,0.55,1.01,0.84,1.08,0,0.34,neutral,neutral,0,0.192,32,9014,0,
s30950,PENDLEUSDT,1788018300000,train,1,2.32,0.552,2.39,2.32,1.38,1.98,1.16,0.37,0.29,0.33,0,0.34,neutral,alcista,0,-0.217,32,9014,2,
s30951,FETUSDT,1788018300000,train,1,3.84,0.571,4.35,3.76,2.59,3.5,1.85,0.77,0.59,0.64,0,0.34,neutral,alcista,0,-0.404,32,9013,2,
s30952,SANDUSDT,1788018300000,testB,-1,-2.32,0.508,3.52,2.81,1.04,-2.65,1.04,0.49,0.37,0.45,0,0.34,neutral,neutral,0,-0.343,32,9013,0,
s30953,XPLUSDT,1788019200000,train,1,2.51,0.646,4.43,2.71,2.97,2.01,1.34,0.57,0.42,0.35,1,0.5,neutral,alcista,0,0.153,32,9015,2,
s30954,PUMPUSDT,1788019200000,train,1,4.43,0.532,4.89,4.47,1.18,3.93,2.48,0.39,0.35,0.39,0,0.5,neutral,neutral,0,1.028,32,9015,1,
s30955,PENDLEUSDT,1788019200000,train,1,2.72,0.592,3.26,3.1,2.24,2.22,1.85,0.42,0.35,0.3,1,0.5,neutral,alcista,0,-0.446,32,9015,3,
s30956,FETUSDT,1788019200000,train,1,3.75,0.567,4.21,3.94,2.02,3.25,1.91,0.86,0.63,0.58,1,0.5,neutral,alcista,0,-0.5,32,9014,3,
s30957,SANDUSDT,1788019200000,testB,-1,-2.06,0.429,3.51,2.44,1.12,-2.56,0.57,0.51,0.38,0.39,0,0.5,neutral,neutral,0,-0.138,32,9014,0,
s30958,APEUSDT,1788019200000,testB,1,2.07,0.433,2.87,1.96,0.44,1.57,0.45,0.95,0.92,0.67,1,0.5,neutral,neutral,0,-1.0,15,9014,0,
s30959,XPLUSDT,1788020100000,train,1,2.6,0.655,4.41,2.8,2.72,2.14,1.28,0.57,0.42,0.35,1,0.46,neutral,alcista,0,0.198,32,9016,3,
s30960,PUMPUSDT,1788020100000,train,1,4.5,0.545,4.97,4.43,1.27,4.04,2.34,0.39,0.35,0.39,0,0.46,neutral,neutral,0,0.864,32,9016,0,
s30961,PENDLEUSDT,1788020100000,train,1,2.56,0.536,3.28,2.65,2.66,2.1,1.26,0.42,0.35,0.3,1,0.46,neutral,neutral,0,-0.39,32,9016,0,
s30962,FETUSDT,1788020100000,train,1,3.33,0.527,4.21,3.88,1.77,2.87,1.75,0.86,0.63,0.58,1,0.46,neutral,neutral,0,-0.508,32,9015,0,
s30963,SANDUSDT,1788020100000,testB,-1,-2.27,0.452,3.21,2.5,1.06,-2.73,0.8,0.51,0.38,0.39,0,0.46,neutral,neutral,0,-0.26,32,9015,1,
s30964,XPLUSDT,1788021000000,train,1,2.47,0.602,4.41,2.65,2.88,1.92,1.06,0.57,0.42,0.35,1,0.56,neutral,neutral,0,0.157,32,9017,0,
s30965,PUMPUSDT,1788021000000,train,1,4.15,0.495,4.98,4.21,1.09,3.59,1.93,0.39,0.35,0.39,0,0.56,neutral,neutral,0,1.202,32,9017,0,
s30966,PENDLEUSDT,1788021000000,train,1,2.76,0.555,3.17,2.96,3.02,2.2,1.53,0.42,0.35,0.3,1,0.56,neutral,neutral,0,-0.528,32,9017,1,
s30967,FETUSDT,1788021000000,train,1,3.4,0.543,4.28,3.88,1.3,2.84,1.58,0.86,0.63,0.58,1,0.56,neutral,neutral,0,-0.559,32,9016,0,
s30968,SANDUSDT,1788021000000,testB,-1,-2.24,0.444,3.2,2.4,0.87,-2.8,0.63,0.51,0.38,0.39,0,0.56,neutral,neutral,0,-0.174,32,9016,0,
s30969,PUMPUSDT,1788021900000,train,1,3.42,0.409,5.0,3.87,1.08,2.87,1.36,0.39,0.35,0.39,0,0.55,neutral,neutral,0,1.274,32,9018,0,
s30970,PENDLEUSDT,1788021900000,train,1,2.17,0.399,3.37,2.45,3.15,1.62,0.85,0.42,0.35,0.3,1,0.55,neutral,neutral,0,-0.495,32,9018,0,
s30971,FETUSDT,1788021900000,train,1,2.73,0.392,4.32,2.99,0.83,2.17,0.53,0.86,0.63,0.58,1,0.55,neutral,neutral,0,-0.511,32,9017,0,
s30972,SANDUSDT,1788021900000,testB,-1,-2.45,0.466,3.05,2.53,0.64,-3.0,0.84,0.51,0.38,0.39,0,0.55,neutral,neutral,0,-0.268,32,9017,1,
s30973,PUMPUSDT,1788022800000,train,1,4.12,0.479,4.98,4.29,0.89,3.63,1.64,0.42,0.36,0.38,0,0.5,neutral,neutral,0,0.821,32,9019,1,
s30974,PUMPUSDT,1788023700000,train,1,3.33,0.353,5.02,3.51,0.68,2.9,0.73,0.42,0.36,0.38,0,0.42,neutral,neutral,1,2.0,18,9020,0,
s30975,PUMPUSDT,1788024600000,train,1,3.93,0.392,4.82,3.91,0.48,3.48,1.14,0.42,0.36,0.38,0,0.45,neutral,neutral,0,1.016,32,9021,1,
s30976,STBLUSDT,1788026400000,train,1,2.74,0.379,4.16,3.98,3.0,2.25,2.32,1.21,1.16,0.89,1,0.49,neutral,alcista,0,-0.765,32,9023,4,
s30977,STBLUSDT,1788027300000,train,1,2.41,0.351,5.36,4.18,3.42,1.96,2.33,1.21,1.16,0.89,1,0.45,neutral,alcista,0,-0.785,32,9024,5,
s30978,APEUSDT,1788028200000,testB,-1,-2.08,0.6,2.7,2.41,0.3,-2.36,0.62,0.87,0.92,0.67,0,0.28,neutral,neutral,0,0.647,32,9024,1,
s30979,APEUSDT,1788029100000,testB,-1,-2.09,0.6,2.28,2.28,0.37,-2.27,0.86,0.87,0.92,0.67,0,0.18,neutral,bajista,0,0.688,32,9025,2,
s30980,APEUSDT,1788032700000,testB,-1,-2.09,0.6,2.42,2.2,0.36,-2.51,0.69,0.79,0.88,0.66,0,0.43,neutral,neutral,0,0.71,32,9029,0,
s30981,INJUSDT,1788034500000,train,1,2.28,0.604,2.92,2.83,1.42,2.0,1.96,0.8,0.58,0.44,1,0.28,neutral,alcista,0,-0.578,32,9032,2,
s30982,INJUSDT,1788035400000,train,1,2.21,0.571,2.93,2.7,1.55,2.05,1.6,0.8,0.58,0.44,1,0.15,neutral,neutral,0,-0.707,32,9033,0,
s30983,SANDUSDT,1788036300000,testB,1,2.17,0.449,3.32,3.3,0.51,2.03,1.2,0.53,0.47,0.41,1,0.14,neutral,alcista,0,-0.543,32,9033,5,
s30984,STBLUSDT,1788037200000,train,1,2.23,0.36,5.2,2.35,0.16,2.1,0.1,1.13,1.08,0.92,1,0.13,neutral,alcista,0,-0.716,32,9035,2,
s30985,PUMPUSDT,1788038100000,train,1,2.32,0.425,3.23,2.68,1.09,2.17,1.08,0.44,0.4,0.35,1,0.15,neutral,alcista,0,0.153,32,9036,2,
s30986,PUMPUSDT,1788039000000,train,1,2.6,0.455,4.17,3.5,1.69,2.49,1.8,0.44,0.4,0.35,1,0.11,neutral,alcista,0,-0.11,32,9037,3,
s30987,INJUSDT,1788039000000,train,1,2.13,0.439,2.94,2.26,0.47,2.03,0.81,0.69,0.58,0.44,1,0.11,neutral,neutral,0,0.009,32,9037,1,
s30988,SANDUSDT,1788039000000,testB,1,2.13,0.407,2.94,2.16,0.49,2.02,0.42,0.47,0.48,0.4,0,0.11,neutral,neutral,0,-0.345,32,9036,1,
s30989,PUMPUSDT,1788039900000,train,1,4.56,0.732,7.25,4.62,3.95,4.49,2.65,0.44,0.4,0.35,1,0.08,neutral,alcista,0,-0.355,32,9038,4,
s30990,PUMPUSDT,1788040800000,train,1,4.57,0.732,7.23,4.83,4.56,4.49,2.7,0.51,0.45,0.37,1,0.09,neutral,alcista,0,-0.525,32,9039,5,
s30991,PUMPUSDT,1788042600000,train,1,2.72,0.462,6.12,3.21,4.18,2.68,1.83,0.51,0.45,0.37,1,0.04,neutral,neutral,0,-0.487,32,9041,1,
s30992,PUMPUSDT,1788043500000,train,1,3.07,0.492,6.1,3.54,1.84,2.98,1.94,0.51,0.45,0.37,1,0.09,neutral,alcista,0,-0.593,32,9042,2,
s30993,PUMPUSDT,1788044400000,train,1,3.02,0.477,6.12,3.31,1.3,3.1,1.51,0.56,0.48,0.38,1,-0.09,neutral,neutral,0,-0.558,32,9043,0,
s30994,PUMPUSDT,1788045300000,train,1,2.99,0.475,6.1,3.54,1.0,2.97,1.43,0.56,0.48,0.38,1,0.02,neutral,neutral,0,-0.661,32,9044,1,
s30995,PUMPUSDT,1788046200000,train,1,3.58,0.521,6.06,4.23,0.83,3.63,1.95,0.56,0.48,0.38,1,-0.05,neutral,alcista,0,-0.803,32,9045,2,
s30996,PUMPUSDT,1788047100000,train,1,4.46,0.635,6.03,4.69,0.77,4.4,2.23,0.56,0.48,0.38,1,0.06,neutral,alcista,0,-1.0,32,9046,3,
s30997,ENAUSDT,1788047100000,train,1,2.49,0.383,3.82,3.05,1.29,2.43,1.13,0.24,0.31,0.37,0,0.06,neutral,neutral,0,0.146,32,9046,1,
s30998,PUMPUSDT,1788048000000,train,1,4.36,0.612,6.04,4.57,0.74,4.43,1.87,0.61,0.53,0.39,1,-0.07,neutral,neutral,0,-1.0,31,9047,0,
s30999,PUMPUSDT,1788048900000,train,1,3.38,0.441,6.08,3.87,0.79,3.33,0.99,0.61,0.53,0.39,1,0.05,neutral,neutral,0,-1.0,30,9048,0,
s31000,PUMPUSDT,1788049800000,train,1,4.39,0.508,6.02,4.78,0.82,4.3,1.82,0.61,0.53,0.39,1,0.09,neutral,neutral,0,-1.0,29,9049,1,
s31001,ENAUSDT,1788049800000,train,1,2.74,0.385,3.8,3.42,0.91,2.64,1.35,0.27,0.32,0.37,0,0.09,neutral,neutral,0,-0.318,32,9049,1,
s31002,PUMPUSDT,1788050700000,train,1,4.13,0.463,6.05,4.33,0.81,4.07,1.21,0.61,0.53,0.39,1,0.06,neutral,neutral,0,-1.0,28,9050,0,
s31003,ENAUSDT,1788050700000,train,1,3.97,0.487,4.81,4.47,1.16,3.9,2.19,0.27,0.32,0.37,0,0.06,neutral,alcista,0,-0.371,32,9050,2,
s31004,STBLUSDT,1788054300000,train,-1,-2.58,0.356,3.76,3.47,4.14,-2.48,1.41,0.67,0.96,0.98,0,-0.1,neutral,bajista,0,-0.165,32,9054,3,
s31005,0GUSDT,1788055200000,train,1,2.2,0.538,2.64,2.28,1.16,2.26,1.15,0.52,0.46,0.55,0,-0.06,neutral,neutral,0,0.622,32,9055,1,
s31006,0GUSDT,1788057000000,train,1,2.33,0.607,2.58,2.27,0.75,2.42,1.01,0.52,0.46,0.55,0,-0.09,neutral,neutral,0,0.514,32,9057,1,
s31007,MANAUSDT,1788059700000,testB,1,3.24,0.633,6.37,3.87,5,3.35,3.07,2.47,1.24,0.78,1,-0.11,neutral,alcista,0,-0.197,32,9059,4,
s31008,MANAUSDT,1788060600000,testB,1,3.22,0.629,6.38,3.86,5,3.27,2.76,2.47,1.24,0.78,1,-0.05,neutral,neutral,0,-0.174,32,9060,0,
s31009,JUPUSDT,1788061500000,train,-1,-2.19,0.667,2.52,2.38,1.44,-2.06,1.26,0.33,0.34,0.36,0,-0.13,neutral,bajista,0,0.098,32,9062,2,
s31010,MANAUSDT,1788061500000,testB,1,4.56,0.706,6.29,5.21,5,4.69,3.77,2.47,1.24,0.78,1,-0.13,neutral,neutral,0,-0.359,32,9061,1,
s31011,JUPUSDT,1788062400000,train,-1,-2.42,0.688,2.86,2.81,2.05,-2.4,1.58,0.48,0.39,0.4,0,-0.02,neutral,bajista,0,-0.467,32,9063,3,
s31012,MANAUSDT,1788062400000,testB,1,3.37,0.443,6.36,4.14,5,3.39,2.37,3.34,1.63,0.96,1,-0.02,neutral,neutral,0,0.083,32,9062,0,
s31013,MANAUSDT,1788063300000,testB,1,3.93,0.497,6.33,4.53,2.23,4.06,2.51,3.34,1.63,0.96,1,-0.13,neutral,neutral,0,0.046,32,9063,1,
s31014,JUPUSDT,1788064200000,train,-1,-2.02,0.595,2.44,2.25,3.81,-1.77,1.3,0.48,0.39,0.4,0,-0.25,neutral,neutral,0,-0.563,32,9065,1,
s31015,MANAUSDT,1788064200000,testB,1,3.25,0.379,6.38,3.75,1.33,3.51,1.5,3.34,1.63,0.96,1,-0.25,neutral,neutral,0,0.085,32,9064,0,
s31016,STBLUSDT,1788066000000,train,-1,-2.85,0.554,3.68,3.07,0.24,-2.94,0.16,0.72,0.8,0.88,0,0.1,neutral,neutral,0,-0.64,32,9067,0,
s31017,FETUSDT,1788066000000,train,1,2.37,0.556,2.98,2.51,1.1,2.27,0.72,0.43,0.39,0.51,0,0.1,neutral,alcista,0,0.947,32,9066,2,
s31018,MANAUSDT,1788066000000,testB,1,3.58,0.417,6.38,3.78,0.8,3.48,1.29,3.75,1.83,1.04,1,0.1,neutral,neutral,0,0.063,32,9066,1,
s31019,FETUSDT,1788066900000,train,1,2.84,0.6,3.02,2.83,1.42,2.67,1.28,0.43,0.39,0.51,0,0.17,neutral,alcista,0,0.535,32,9067,3,
s31020,MANAUSDT,1788066900000,testB,1,3.86,0.464,6.38,3.78,0.63,3.69,1.19,3.75,1.83,1.04,1,0.17,neutral,neutral,0,0.028,32,9067,0,
s31021,FETUSDT,1788067800000,train,1,2.36,0.507,2.76,2.37,1.48,2.26,1.02,0.43,0.39,0.51,0,0.1,neutral,neutral,0,0.778,32,9068,0,
s31022,MANAUSDT,1788067800000,testB,1,3.64,0.442,6.21,3.55,0.53,3.54,1.0,3.75,1.83,1.04,1,0.1,neutral,neutral,0,0.089,32,9068,0,
s31023,PUMPUSDT,1788068700000,train,-1,-2.17,0.385,3.79,3.24,0.71,-2.24,0.81,0.51,0.53,0.43,0,0.07,neutral,neutral,0,-0.025,32,9070,1,
s31024,FETUSDT,1788068700000,train,1,2.42,0.514,2.63,2.37,1.39,2.35,1.09,0.43,0.39,0.51,0,0.07,neutral,neutral,0,0.611,32,9069,1,
s31025,MANAUSDT,1788068700000,testB,1,4.25,0.481,6.14,4.18,0.44,4.17,1.58,3.75,1.83,1.04,1,0.07,neutral,neutral,0,-0.125,32,9069,1,
s31026,PUMPUSDT,1788069600000,train,-1,-2.63,0.431,4.18,3.96,0.78,-2.69,1.26,0.45,0.52,0.43,0,0.06,neutral,bajista,0,-0.15,32,9071,2,
s31027,MANAUSDT,1788069600000,testB,1,4.74,0.508,6.05,4.63,0.46,4.68,1.96,4.02,2.0,1.1,1,0.06,neutral,alcista,0,-0.169,32,9070,2,
s31028,PUMPUSDT,1788070500000,train,-1,-3.11,0.559,3.8,3.33,0.79,-3.3,1.04,0.45,0.52,0.43,0,0.19,neutral,neutral,0,0.037,32,9072,0,
s31029,STBLUSDT,1788070500000,train,1,2.07,0.518,2.94,2.63,3.46,1.88,1.6,0.95,0.72,0.94,0,0.19,neutral,alcista,0,-1.0,9,9072,6,
s31030,FETUSDT,1788070500000,train,1,2.14,0.41,2.1,2.1,1.12,1.95,1.11,0.4,0.39,0.51,0,0.19,neutral,neutral,0,0.781,32,9071,1,
s31031,MANAUSDT,1788070500000,testB,1,4.25,0.433,6.06,4.15,0.49,4.05,1.3,4.02,2.0,1.1,1,0.19,neutral,neutral,0,-0.148,32,9071,0,
s31032,PUMPUSDT,1788071400000,train,-1,-2.25,0.433,3.1,2.39,0.73,-2.44,0.78,0.45,0.52,0.43,0,0.18,neutral,neutral,0,0.427,32,9073,0,
s31033,STBLUSDT,1788071400000,train,1,2.64,0.578,3.48,3.2,5,2.46,1.99,0.95,0.72,0.94,0,0.18,neutral,alcista,0,-1.0,8,9073,7,
s31034,FETUSDT,1788071400000,train,1,2.01,0.395,2.42,2.1,0.99,1.82,1.06,0.4,0.39,0.51,0,0.18,neutral,alcista,0,0.656,32,9072,2,
s31035,MANAUSDT,1788071400000,testB,1,4.18,0.429,5.93,4.21,0.37,4.0,1.33,4.02,2.0,1.1,1,0.18,neutral,neutral,0,-0.214,32,9072,1,
s31036,FETUSDT,1788072300000,train,1,2.47,0.446,2.8,2.6,1.2,2.23,1.53,0.4,0.39,0.51,0,0.23,neutral,alcista,0,0.25,32,9073,3,
s31037,STXUSDT,1788072300000,testB,1,3.05,0.395,3.13,3.05,0.73,2.82,1.36,0.24,0.21,0.19,1,0.23,neutral,alcista,0,0.2,32,9073,2,
s31038,MANAUSDT,1788072300000,testB,1,4.3,0.436,5.92,4.42,0.31,4.07,1.4,4.02,2.0,1.1,1,0.23,neutral,alcista,0,-0.277,32,9073,2,
s31039,ENAUSDT,1788073200000,train,1,2.28,0.439,3.42,2.99,1.51,2.05,1.39,0.36,0.32,0.34,0,0.23,neutral,alcista,0,-1.0,9,9075,6,
s31040,MANAUSDT,1788073200000,testB,1,3.71,0.387,5.33,3.66,0.29,3.48,1.11,4.06,2.1,1.13,1,0.23,neutral,neutral,0,-0.439,32,9074,0,
s31041,PUMPUSDT,1788074100000,train,-1,-2.22,0.512,3.13,2.68,0.71,-2.3,0.93,0.42,0.55,0.44,0,0.07,neutral,neutral,0,0.42,32,9076,1,
s31042,PUMPUSDT,1788075000000,train,-1,-2.76,0.611,2.92,2.84,0.65,-2.7,1.09,0.42,0.55,0.44,0,-0.06,neutral,bajista,0,0.13,32,9077,2,
s31043,PUMPUSDT,1788075900000,train,-1,-2.64,0.598,3.34,2.98,1.26,-2.62,1.61,0.42,0.55,0.44,0,-0.02,neutral,bajista,0,-0.174,32,9078,3,
s31044,PUMPUSDT,1788076800000,train,-1,-2.01,0.518,2.84,2.44,1.42,-2.0,1.48,0.38,0.55,0.44,0,-0.0,neutral,neutral,0,-0.373,32,9079,0,
s31045,PUMPUSDT,1788083100000,train,-1,-2.04,0.36,2.74,2.2,1.03,-1.85,1.12,0.38,0.5,0.44,0,-0.18,neutral,neutral,0,-1.0,16,9086,1,
s31046,0GUSDT,1788083100000,train,1,2.61,0.412,2.97,2.97,2.33,2.79,1.84,0.55,0.55,0.45,0,-0.18,neutral,alcista,0,0.163,32,9086,2,
s31047,0GUSDT,1788084000000,train,1,2.61,0.412,3.64,2.91,1.79,2.76,1.6,0.62,0.59,0.47,1,-0.15,neutral,neutral,0,0.271,32,9087,0,
s31048,0GUSDT,1788084900000,train,1,2.55,0.406,3.64,2.91,2.01,2.73,1.45,0.62,0.59,0.47,1,-0.18,neutral,neutral,0,0.229,32,9088,0,
s31049,0GUSDT,1788086700000,train,1,2.36,0.404,3.64,2.79,1.25,2.53,1.09,0.62,0.59,0.47,1,-0.17,neutral,neutral,0,0.457,32,9090,1,
s31050,ENAUSDT,1788086700000,train,-1,-2.24,0.382,4.47,2.93,0.56,-2.07,0.3,0.42,0.36,0.32,1,-0.17,neutral,neutral,0,-1.0,24,9090,1,
s31051,0GUSDT,1788087600000,train,1,2.3,0.389,3.65,2.56,0.89,2.42,0.75,0.65,0.61,0.47,1,-0.12,neutral,neutral,0,0.548,32,9091,0,
s31052,ENAUSDT,1788087600000,train,-1,-2.69,0.454,4.4,3.12,0.5,-2.57,0.52,0.4,0.35,0.31,1,-0.12,neutral,bajista,0,-1.0,23,9091,2,
s31053,XPLUSDT,1788088500000,train,1,2.49,0.478,3.85,3.22,2.36,2.48,1.31,0.47,0.37,0.35,1,0.01,neutral,alcista,0,0.126,32,9092,2,
s31054,0GUSDT,1788088500000,train,1,2.87,0.451,3.63,3.03,0.61,2.86,1.07,0.65,0.61,0.47,1,0.01,neutral,neutral,0,0.36,32,9092,1,
s31055,ENAUSDT,1788088500000,train,-1,-2.74,0.46,4.41,3.16,0.47,-2.75,0.52,0.4,0.35,0.31,1,0.01,neutral,bajista,0,-1.0,22,9092,3,
s31056,XPLUSDT,1788089400000,train,1,2.9,0.598,3.86,3.08,1.68,2.84,1.02,0.47,0.37,0.35,1,0.06,neutral,neutral,0,-0.011,32,9093,0,
s31057,0GUSDT,1788089400000,train,1,2.81,0.437,3.52,2.73,0.55,2.75,0.85,0.65,0.61,0.47,1,0.06,neutral,neutral,0,0.467,32,9093,0,
s31058,ENAUSDT,1788089400000,train,-1,-2.56,0.442,3.59,2.68,0.44,-2.62,0.91,0.4,0.35,0.31,1,0.06,neutral,bajista,0,-1.0,5,9093,4,
s31059,XPLUSDT,1788090300000,train,1,2.47,0.468,3.78,2.54,0.92,2.4,0.54,0.47,0.37,0.35,1,0.08,neutral,neutral,0,-0.107,32,9094,0,
s31060,PENDLEUSDT,1788090300000,train,1,2.21,0.55,3.01,2.91,2.98,2.13,1.46,0.42,0.37,0.32,1,0.08,neutral,alcista,0,0.923,32,9094,8,
s31061,XPLUSDT,1788091200000,train,1,3.3,0.541,3.53,3.38,0.81,2.66,1.54,0.55,0.4,0.36,1,0.64,neutral,neutral,0,-0.358,32,9095,1,
s31062,0GUSDT,1788091200000,train,1,2.28,0.389,3.25,3.01,1.09,1.64,1.42,0.73,0.62,0.48,1,0.64,neutral,alcista,0,0.18,32,9095,2,
s31063,ARBUSDT,1788091200000,train,1,2.19,0.496,2.67,2.52,1.32,1.54,1.29,0.51,0.49,0.36,1,0.64,neutral,alcista,0,0.583,32,9095,2,
s31064,TIAUSDT,1788091200000,train,1,2.96,0.639,2.99,2.99,2.05,2.32,1.87,0.62,0.54,0.4,1,0.64,neutral,alcista,0,-0.291,32,9095,2,
s31065,PENDLEUSDT,1788091200000,train,1,2.32,0.579,3.6,2.97,2.88,1.68,1.36,0.63,0.48,0.36,1,0.64,neutral,alcista,0,1.101,32,9095,8,
s31066,SANDUSDT,1788091200000,testB,1,2.51,0.618,3.08,2.48,3.27,1.87,1.46,0.5,0.41,0.44,0,0.64,neutral,alcista,0,-0.704,32,9094,3,
s31067,XPLUSDT,1788092100000,train,1,2.75,0.43,3.61,2.98,0.84,2.16,1.08,0.55,0.4,0.36,1,0.59,neutral,neutral,0,-0.358,32,9096,0,
s31068,TIAUSDT,1788092100000,train,1,2.6,0.547,3.11,2.76,2.46,2.0,1.5,0.62,0.54,0.4,1,0.59,neutral,neutral,0,-0.4,32,9096,0,
s31069,PENDLEUSDT,1788092100000,train,1,3.66,0.693,4.89,4.19,2.91,3.07,2.49,0.63,0.48,0.36,1,0.59,neutral,alcista,0,0.31,32,9096,8,
s31070,STXUSDT,1788092100000,testB,1,2.87,0.368,3.99,3.39,4.59,2.28,2.45,0.19,0.22,0.19,0,0.59,neutral,alcista,0,-1.0,14,9095,4,
s31071,SANDUSDT,1788092100000,testB,1,2.66,0.632,3.25,2.85,4.54,2.07,1.72,0.5,0.41,0.44,0,0.59,neutral,alcista,0,-0.885,32,9095,4,
s31072,ASTERUSDT,1788093000000,train,1,2.07,0.766,2.58,2.43,2.58,1.33,1.2,0.38,0.27,0.2,1,0.74,neutral,alcista,0,-0.809,32,9097,3,
s31073,XPLUSDT,1788093000000,train,1,2.62,0.399,3.55,2.64,0.99,1.88,0.73,0.55,0.4,0.36,1,0.74,neutral,neutral,0,-0.731,32,9097,0,
s31074,0GUSDT,1788093000000,train,1,2.48,0.435,3.26,2.72,1.08,1.74,0.77,0.73,0.62,0.48,1,0.74,neutral,neutral,0,-0.267,32,9097,0,
s31075,ARBUSDT,1788093000000,train,1,2.18,0.497,2.68,2.28,1.17,1.44,0.89,0.51,0.49,0.36,1,0.74,neutral,neutral,0,0.104,32,9097,0,
s31076,TIAUSDT,1788093000000,train,1,2.18,0.422,3.07,2.25,2.66,1.44,0.93,0.62,0.54,0.4,1,0.74,neutral,neutral,0,-0.831,32,9097,0,
s31077,PENDLEUSDT,1788093000000,train,1,3.39,0.608,4.92,3.65,3.04,2.65,1.74,0.63,0.48,0.36,1,0.74,neutral,neutral,0,0.239,32,9097,0,
s31078,SANDUSDT,1788093000000,testB,1,2.04,0.422,3.27,2.23,5,1.3,0.97,0.5,0.41,0.44,0,0.74,neutral,neutral,0,-1.0,32,9096,0,
s31079,ASTERUSDT,1788093900000,train,1,2.12,0.795,2.47,2.17,2.1,1.22,0.94,0.38,0.27,0.2,1,0.9,neutral,neutral,0,-0.714,32,9098,0,
s31080,XPLUSDT,1788093900000,train,1,2.17,0.357,2.73,2.2,0.94,1.27,0.97,0.55,0.4,0.36,1,0.9,neutral,neutral,0,-1.0,31,9098,1,
s31081,STBLUSDT,1788093900000,train,1,2.41,0.411,2.91,2.56,2.11,1.51,1.29,0.87,0.9,0.87,0,0.9,neutral,alcista,0,-1.0,31,9098,3,
s31082,0GUSDT,1788093900000,train,1,2.54,0.451,3.14,2.54,1.07,1.64,0.62,0.73,0.62,0.48,1,0.9,neutral,neutral,0,0.19,32,9098,0,
s31083,WLDUSDT,1788093900000,train,1,2.54,0.553,2.82,2.79,1.17,1.64,1.35,0.78,0.57,0.44,1,0.9,neutral,neutral,0,-0.104,32,9098,1,
s31084,ARBUSDT,1788093900000,train,1,2.51,0.533,2.71,2.68,1.21,1.62,1.16,0.51,0.49,0.36,1,0.9,neutral,neutral,0,0.249,32,9098,1,
s31085,INJUSDT,1788093900000,train,1,2.12,0.353,2.82,2.57,2.18,1.23,1.16,0.49,0.39,0.47,0,0.9,neutral,alcista,0,-0.36,32,9098,2,
s31086,TIAUSDT,1788093900000,train,1,2.41,0.448,2.85,2.47,2.84,1.52,1.25,0.62,0.54,0.4,1,0.9,neutral,neutral,0,-1.0,31,9098,1,
s31087,PENDLEUSDT,1788093900000,train,1,3.79,0.634,4.9,4.14,2.81,2.9,2.06,0.63,0.48,0.36,1,0.9,neutral,neutral,0,0.15,32,9098,1,
s31088,SANDUSDT,1788093900000,testB,1,2.01,0.419,3.26,2.43,4.02,1.11,1.07,0.5,0.41,0.44,0,0.9,neutral,neutral,0,-1.0,31,9097,1,
s31089,STBLUSDT,1788094800000,train,1,2.55,0.441,2.87,2.56,2.41,1.88,1.27,0.93,0.81,0.88,0,0.67,neutral,alcista,0,-1.0,30,9099,4,
s31090,WLDUSDT,1788094800000,train,1,2.23,0.522,3.52,2.84,1.51,1.56,1.25,0.8,0.6,0.47,1,0.67,neutral,alcista,0,-0.306,32,9099,2,
s31091,ARBUSDT,1788094800000,train,1,2.46,0.529,2.92,2.84,0.88,1.79,1.2,0.59,0.52,0.39,1,0.67,neutral,alcista,0,0.091,32,9099,2,
s31092,INJUSDT,1788094800000,train,1,2.14,0.355,3.17,2.9,1.64,1.47,1.37,0.6,0.45,0.49,0,0.67,neutral,alcista,0,-1.0,32,9099,3,
s31093,PENDLEUSDT,1788094800000,train,1,5.34,0.709,6.84,5.61,4.9,4.67,3.29,1.16,0.73,0.49,1,0.67,neutral,alcista,0,-0.192,32,9099,2,
s31094,WLDUSDT,1788095700000,train,1,2.92,0.73,3.41,2.91,1.56,1.99,1.38,0.8,0.6,0.47,1,0.93,neutral,alcista,0,-0.288,32,9100,3,
s31095,ENAUSDT,1788095700000,train,1,2.54,0.449,4.21,3.22,1.92,1.61,1.28,0.45,0.39,0.34,1,0.93,neutral,neutral,0,-0.487,32,9100,1,
s31096,ARBUSDT,1788095700000,train,1,3.2,0.708,3.4,3.1,1.09,2.27,1.38,0.59,0.52,0.39,1,0.93,neutral,alcista,0,0.014,32,9100,3,
s31097,INJUSDT,1788095700000,train,1,2.51,0.442,3.34,2.9,1.49,1.58,1.29,0.6,0.45,0.49,0,0.93,neutral,neutral,0,-1.0,31,9100,0,
s31098,TIAUSDT,1788095700000,train,1,2.33,0.429,2.86,2.27,1.1,1.4,0.86,0.69,0.54,0.41,1,0.93,neutral,neutral,0,-1.0,29,9100,1,
s31099,JUPUSDT,1788095700000,train,1,2.59,0.579,2.66,2.62,0.9,1.66,1.31,0.62,0.53,0.44,1,0.93,neutral,neutral,0,-0.456,32,9100,1,
s31100,PENDLEUSDT,1788095700000,train,1,6.29,0.843,6.81,5.97,3.66,5.36,3.37,1.16,0.73,0.49,1,0.93,neutral,alcista,0,-0.185,32,9100,3,
s31101,STXUSDT,1788095700000,testB,1,2.93,0.464,4.01,2.92,1.31,2.0,1.38,0.22,0.2,0.19,1,0.93,neutral,neutral,0,-1.0,10,9099,1,
s31102,WLDUSDT,1788096600000,train,1,2.53,0.662,3.34,2.73,1.58,1.58,1.24,0.8,0.6,0.47,1,0.96,neutral,neutral,0,-0.288,32,9101,0,
s31103,ENAUSDT,1788096600000,train,1,2.29,0.394,4.22,3.04,1.79,1.33,0.91,0.45,0.39,0.34,1,0.96,neutral,neutral,0,-0.5,32,9101,0,
s31104,ARBUSDT,1788096600000,train,1,2.85,0.665,3.19,2.84,1.13,1.89,1.18,0.59,0.52,0.39,1,0.96,neutral,neutral,0,0.032,32,9101,0,
s31105,INJUSDT,1788096600000,train,1,3.26,0.508,3.88,3.81,1.65,2.3,2.03,0.6,0.45,0.49,0,0.96,neutral,neutral,0,-1.0,30,9101,1,
s31106,JUPUSDT,1788096600000,train,1,2.44,0.565,3.16,2.79,1.11,1.48,1.48,0.62,0.53,0.44,1,0.96,neutral,alcista,0,-1.0,30,9101,2,
s31107,PENDLEUSDT,1788096600000,train,1,4.84,0.585,6.67,4.74,3.77,3.88,2.03,1.16,0.73,0.49,1,0.96,neutral,neutral,0,0.026,32,9101,0,
s31108,STXUSDT,1788096600000,testB,1,3.01,0.477,4.0,2.96,1.07,2.05,1.26,0.22,0.2,0.19,1,0.96,neutral,alcista,0,-1.0,9,9100,2,
s31109,SANDUSDT,1788096600000,testB,1,2.02,0.398,3.27,2.08,0.79,1.06,0.48,0.51,0.43,0.43,0,0.96,neutral,neutral,0,-1.0,28,9100,1,
s31110,PUMPUSDT,1788097500000,train,1,2.16,0.5,2.7,2.46,1.65,1.07,1.28,0.32,0.36,0.46,0,1.09,neutral,alcista,0,-1.0,8,9102,3,
s31111,STBLUSDT,1788097500000,train,1,2.06,0.433,2.55,2.41,1.04,0.97,1.47,0.93,0.81,0.88,0,1.09,neutral,neutral,0,-1.0,15,9102,1,
s31112,WLDUSDT,1788097500000,train,1,2.75,0.68,3.28,2.96,1.25,1.66,1.33,0.8,0.6,0.47,1,1.09,neutral,neutral,0,-0.425,32,9102,1,
s31113,ENAUSDT,1788097500000,train,1,3.0,0.495,4.2,3.49,1.62,1.91,1.31,0.45,0.39,0.34,1,1.09,neutral,neutral,0,-0.5,32,9102,1,
s31114,ARBUSDT,1788097500000,train,1,3.1,0.684,3.24,3.05,1.31,2.01,1.4,0.59,0.52,0.39,1,1.09,neutral,neutral,0,0.092,32,9102,1,
s31115,INJUSDT,1788097500000,train,1,2.9,0.426,3.92,3.36,1.46,1.81,1.36,0.6,0.45,0.49,0,1.09,neutral,neutral,0,-1.0,29,9102,0,
s31116,JUPUSDT,1788097500000,train,1,2.82,0.667,3.7,2.92,1.84,1.73,1.47,0.62,0.53,0.44,1,1.09,neutral,alcista,0,-1.0,29,9102,3,
s31117,PENDLEUSDT,1788097500000,train,1,4.41,0.525,6.43,4.23,3.85,3.32,1.58,1.16,0.73,0.49,1,1.09,neutral,neutral,0,0.196,32,9102,0,
s31118,ONDOUSDT,1788097500000,train,1,2.5,0.571,2.88,2.63,1.66,1.41,1.31,0.4,0.32,0.26,1,1.09,neutral,alcista,0,-0.495,32,9101,3,
s31119,STXUSDT,1788097500000,testB,1,3.18,0.49,3.96,3.12,0.86,2.09,1.2,0.22,0.2,0.19,1,1.09,neutral,alcista,0,-1.0,8,9101,3,
s31120,PUMPUSDT,1788098400000,train,1,2.02,0.451,3.02,2.28,1.55,0.86,1.09,0.34,0.36,0.45,0,1.15,neutral,neutral,0,-1.0,7,9103,0,
s31121,WLDUSDT,1788098400000,train,1,3.05,0.758,3.27,3.09,0.97,1.89,1.39,0.68,0.6,0.47,1,1.15,neutral,alcista,0,-0.517,32,9103,2,
s31122,ENAUSDT,1788098400000,train,1,2.91,0.486,3.7,2.99,1.14,1.75,1.31,0.43,0.4,0.33,1,1.15,neutral,neutral,0,-0.849,32,9103,0,
s31123,ARBUSDT,1788098400000,train,1,3.48,0.709,3.43,3.43,1.49,2.33,1.82,0.71,0.57,0.4,1,1.15,neutral,alcista,0,-0.153,32,9103,2,
s31124,INJUSDT,1788098400000,train,1,3.2,0.49,3.75,3.13,1.08,2.04,1.23,0.65,0.5,0.5,1,1.15,neutral,neutral,0,-1.0,28,9103,0,
s31125,SUIUSDT,1788098400000,train,1,2.1,0.576,2.18,2.16,1.39,0.95,1.28,0.52,0.42,0.36,1,1.15,neutral,alcista,0,-1.0,28,9103,3,
s31126,JUPUSDT,1788098400000,train,1,2.3,0.527,3.71,2.61,2.13,1.14,1.12,0.71,0.57,0.44,1,1.15,neutral,neutral,0,-1.0,28,9103,0,
s31127,PENDLEUSDT,1788098400000,train,1,4.58,0.535,6.29,4.38,0.93,3.42,1.75,1.2,0.75,0.5,1,1.15,neutral,neutral,0,-0.027,32,9103,1,
s31128,ONDOUSDT,1788098400000,train,1,2.36,0.522,2.88,2.33,1.7,1.2,1.08,0.42,0.34,0.26,1,1.15,neutral,neutral,0,-1.0,28,9102,0,
s31129,STXUSDT,1788098400000,testB,1,3.0,0.477,3.92,3.12,0.68,1.85,1.29,0.23,0.18,0.19,0,1.15,neutral,alcista,0,-1.0,7,9102,4,
s31130,WLDUSDT,1788099300000,train,1,2.5,0.6,3.05,2.52,0.75,1.47,0.91,0.68,0.6,0.47,1,1.04,neutral,neutral,0,-1.0,32,9104,0,
s31131,ENAUSDT,1788099300000,train,1,2.22,0.365,3.72,2.61,1.17,1.19,0.82,0.43,0.4,0.33,1,1.04,neutral,neutral,0,-1.0,32,9104,0,
s31132,ARBUSDT,1788099300000,train,1,2.57,0.63,2.72,2.63,1.35,1.54,1.57,0.71,0.57,0.4,1,1.04,neutral,neutral,0,-0.453,32,9104,0,
s31133,INJUSDT,1788099300000,train,1,2.98,0.453,3.76,3.01,1.2,1.94,0.96,0.65,0.5,0.5,1,1.04,neutral,neutral,0,-1.0,27,9104,0,
s31134,JUPUSDT,1788099300000,train,1,2.35,0.543,3.71,2.61,2.11,1.31,0.95,0.71,0.57,0.44,1,1.04,neutral,neutral,0,-1.0,27,9104,1,
s31135,PENDLEUSDT,1788099300000,train,1,3.91,0.468,5.96,3.81,0.7,2.88,1.33,1.2,0.75,0.5,1,1.04,neutral,neutral,0,-0.34,32,9104,0,
s31136,STXUSDT,1788099300000,testB,1,2.54,0.419,3.92,3.0,0.58,1.51,1.06,0.23,0.18,0.19,0,1.04,neutral,neutral,0,-1.0,6,9103,0,
s31137,ARBUSDT,1788100200000,train,1,2.11,0.559,2.91,2.43,1.71,1.28,1.33,0.71,0.57,0.4,1,0.83,neutral,neutral,0,-0.518,32,9105,0,
s31138,JUPUSDT,1788100200000,train,1,2.48,0.558,3.7,2.83,1.71,1.65,1.1,0.71,0.57,0.44,1,0.83,neutral,alcista,0,-1.0,26,9105,2,
s31139,PENDLEUSDT,1788100200000,train,1,3.4,0.399,5.77,3.28,0.28,2.57,0.88,1.2,0.75,0.5,1,0.83,neutral,neutral,0,-0.358,32,9105,0,
s31140,JUPUSDT,1788101100000,train,1,2.34,0.543,3.7,2.97,1.11,1.53,1.1,0.71,0.57,0.44,1,0.8,neutral,alcista,0,-1.0,25,9106,3,
s31141,PENDLEUSDT,1788101100000,train,1,3.21,0.385,5.57,3.1,0.27,2.4,0.8,1.2,0.75,0.5,1,0.8,neutral,neutral,0,-0.408,32,9106,1,
s31142,JUPUSDT,1788102900000,train,1,2.3,0.405,3.71,2.66,0.93,1.59,0.68,0.81,0.65,0.47,1,0.71,neutral,neutral,0,-1.0,23,9108,1,
s31143,JUPUSDT,1788103800000,train,1,3.33,0.511,4.31,3.54,1.52,2.48,1.41,0.81,0.65,0.47,1,0.85,neutral,alcista,0,-1.0,22,9109,2,
s31144,JUPUSDT,1788104700000,train,1,2.62,0.4,3.92,2.78,1.73,1.79,0.95,0.81,0.65,0.47,1,0.83,neutral,neutral,0,-1.0,21,9110,0,
s31145,JUPUSDT,1788105600000,train,1,2.59,0.4,3.25,3.11,1.82,2.0,1.84,0.86,0.61,0.48,1,0.59,neutral,neutral,0,-1.0,18,9111,1,
s31146,STXUSDT,1788106500000,testB,-1,-3.31,0.516,4.08,4.0,1.32,-3.83,1.66,0.28,0.19,0.2,0,0.52,neutral,neutral,0,0.485,32,9111,1,
s31147,STXUSDT,1788107400000,testB,-1,-2.44,0.389,3.82,3.37,1.65,-3.14,1.26,0.28,0.19,0.2,0,0.7,neutral,neutral,0,0.207,32,9112,0,
s31148,PUMPUSDT,1788111900000,train,-1,-2.66,0.361,3.97,3.3,1.92,-2.88,1.25,0.57,0.43,0.47,0,0.21,neutral,bajista,1,2.0,23,9118,4,
s31149,STBLUSDT,1788111900000,train,-1,-2.2,0.636,2.82,2.53,0.72,-2.41,0.87,0.8,0.9,0.84,0,0.21,neutral,neutral,1,2.0,20,9118,0,
s31150,STXUSDT,1788111900000,testB,-1,-2.48,0.352,3.81,3.11,0.83,-2.69,0.82,0.28,0.2,0.2,0,0.21,neutral,neutral,0,0.803,32,9117,1,
s31151,PUMPUSDT,1788112800000,train,-1,-3.14,0.399,3.87,3.74,1.04,-3.05,1.78,0.56,0.44,0.47,0,-0.09,neutral,bajista,1,2.0,23,9119,5,
s31152,STBLUSDT,1788112800000,train,-1,-2.27,0.644,2.54,2.39,0.72,-2.18,0.91,0.6,0.73,0.72,0,-0.09,neutral,neutral,1,2.0,18,9119,1,
s31153,STXUSDT,1788112800000,testB,-1,-2.72,0.378,3.41,2.92,0.55,-2.63,0.97,0.21,0.2,0.2,0,-0.09,neutral,bajista,0,0.423,32,9118,2,
s31154,PUMPUSDT,1788113700000,train,-1,-2.78,0.37,4.36,3.85,1.12,-2.98,1.74,0.56,0.44,0.47,0,0.19,neutral,bajista,1,2.0,22,9120,6,
s31155,PENDLEUSDT,1788114600000,train,1,2.6,0.445,3.55,3.18,0.97,2.18,1.42,1.21,0.91,0.55,1,0.42,neutral,alcista,0,-1.0,10,9121,2,
s31156,FETUSDT,1788114600000,train,1,2.91,0.398,4.65,3.77,2.19,2.49,1.93,0.97,0.87,0.6,1,0.42,neutral,alcista,0,-1.0,8,9120,5,
s31157,LDOUSDT,1788114600000,testB,1,2.44,0.449,2.9,2.85,1.04,2.02,1.34,0.61,0.47,0.37,1,0.42,neutral,alcista,0,-1.0,19,9120,2,
s31158,PENDLEUSDT,1788115500000,train,1,2.34,0.385,3.55,2.95,0.71,2.01,1.02,1.21,0.91,0.55,1,0.33,neutral,neutral,0,-1.0,9,9122,0,
s31159,FETUSDT,1788115500000,train,1,2.97,0.404,4.65,3.83,2.07,2.64,1.74,0.97,0.87,0.6,1,0.33,neutral,alcista,0,-1.0,7,9121,6,
s31160,LDOUSDT,1788115500000,testB,1,3.63,0.548,4.58,4.02,2.24,3.31,2.36,0.61,0.47,0.37,1,0.33,neutral,alcista,0,-1.0,18,9121,3,
s31161,WLDUSDT,1788116400000,train,1,3.54,0.445,3.73,3.68,0.53,3.08,1.25,0.78,0.77,0.56,1,0.46,neutral,neutral,0,-1.0,8,9123,1,
s31162,PENDLEUSDT,1788116400000,train,1,2.55,0.434,3.56,2.72,0.69,2.09,0.74,0.71,0.93,0.57,0,0.46,neutral,neutral,0,-1.0,8,9123,0,
s31163,FETUSDT,1788116400000,train,1,3.44,0.495,4.65,3.77,1.55,2.98,1.51,1.09,0.89,0.64,1,0.46,neutral,neutral,0,-1.0,6,9122,0,
s31164,LDOUSDT,1788116400000,testB,1,3.59,0.535,4.6,3.6,2.86,3.13,1.81,0.69,0.53,0.4,1,0.46,neutral,neutral,0,-1.0,17,9122,0,
s31165,PENDLEUSDT,1788117300000,train,1,2.42,0.421,3.22,2.45,0.7,2.25,0.78,0.71,0.93,0.57,0,0.17,neutral,neutral,0,-1.0,7,9124,1,
s31166,LDOUSDT,1788117300000,testB,1,3.16,0.504,4.17,3.17,3.2,2.99,1.68,0.69,0.53,0.4,1,0.17,neutral,neutral,0,-1.0,13,9123,1,
s31167,PUMPUSDT,1788118200000,train,-1,-4.23,0.476,6.38,6.29,1.1,-4.14,3.13,0.63,0.47,0.5,0,-0.09,neutral,bajista,0,1.192,32,9125,2,
s31168,LDOUSDT,1788118200000,testB,1,2.58,0.389,4.19,2.73,2.7,2.66,1.09,0.69,0.53,0.4,1,-0.09,neutral,neutral,0,-1.0,12,9124,0,
s31169,PUMPUSDT,1788119100000,train,-1,-3.65,0.386,6.35,5.5,1.39,-3.7,2.08,0.63,0.47,0.5,0,0.05,neutral,neutral,0,1.518,32,9126,0,
s31170,LDOUSDT,1788119100000,testB,1,2.72,0.415,4.16,2.73,1.22,2.67,1.06,0.69,0.53,0.4,1,0.05,neutral,neutral,0,-1.0,11,9125,0,
s31171,LDOUSDT,1788120000000,testB,1,3.43,0.475,4.12,4.12,0.88,3.76,2.45,0.86,0.62,0.44,1,-0.33,neutral,neutral,0,-1.0,9,9126,1,
s31172,PUMPUSDT,1788120900000,train,-1,-3.72,0.354,6.35,5.41,2.09,-3.47,1.79,0.71,0.51,0.53,0,-0.25,neutral,neutral,0,1.735,32,9128,1,
s31173,PUMPUSDT,1788121800000,train,-1,-4.72,0.424,6.4,6.32,1.26,-3.82,2.4,0.71,0.51,0.53,0,-0.9,neutral,bajista,0,1.311,32,9129,2,
s31174,STBLUSDT,1788121800000,train,-1,-2.16,0.452,3.3,2.61,2.1,-1.26,1.71,0.56,0.69,0.73,0,-0.9,neutral,bajista,1,2.0,11,9129,2,
s31175,TIAUSDT,1788121800000,train,-1,-2.18,0.429,3.1,2.8,1.9,-1.29,1.63,0.75,0.68,0.49,1,-0.9,neutral,bajista,0,1.085,32,9129,2,
s31176,SANDUSDT,1788121800000,testB,-1,-2.34,0.5,3.02,2.84,1.82,-1.44,1.62,0.5,0.42,0.37,1,-0.9,neutral,bajista,0,1.853,32,9128,2,
s31177,APEUSDT,1788121800000,testB,-1,-2.29,0.485,3.15,2.85,2.14,-1.39,1.61,0.88,0.67,0.48,1,-0.9,neutral,bajista,0,-0.051,32,9128,3,
s31178,PUMPUSDT,1788122700000,train,-1,-5.49,0.538,6.11,5.81,1.04,-4.55,2.05,0.71,0.51,0.53,0,-0.94,neutral,neutral,0,1.419,32,9130,0,
s31179,STBLUSDT,1788122700000,train,-1,-2.34,0.5,3.3,2.64,2.59,-1.4,1.6,0.56,0.69,0.73,0,-0.94,neutral,bajista,1,2.0,10,9130,3,
s31180,SANDUSDT,1788122700000,testB,-1,-2.41,0.525,2.91,2.49,1.43,-1.47,1.33,0.5,0.42,0.37,1,-0.94,neutral,neutral,1,2.0,29,9129,0,
s31181,APEUSDT,1788122700000,testB,-1,-2.14,0.441,3.13,2.48,2.26,-1.2,1.19,0.88,0.67,0.48,1,-0.94,neutral,neutral,1,2.0,12,9129,0,
s31182,PUMPUSDT,1788123600000,train,-1,-4.55,0.488,5.74,4.76,0.97,-3.71,2.03,0.74,0.54,0.51,1,-0.84,neutral,neutral,1,2.0,23,9131,1,
s31183,INJUSDT,1788123600000,train,-1,-2.07,0.372,3.94,2.42,3.39,-1.23,1.13,0.64,0.67,0.47,0,-0.84,neutral,neutral,1,2.0,10,9131,1,
s31184,SUIUSDT,1788123600000,train,-1,-2.18,0.353,3.72,2.95,1.83,-1.33,1.31,0.84,0.64,0.46,1,-0.84,neutral,neutral,1,2.0,11,9131,1,
s31185,TIAUSDT,1788123600000,train,-1,-2.49,0.462,3.99,2.71,3.08,-1.65,1.38,0.83,0.73,0.53,1,-0.84,neutral,neutral,1,2.0,11,9131,1,
s31186,ONDOUSDT,1788123600000,train,-1,-2.02,0.36,3.3,2.42,1.82,-1.17,1.05,0.59,0.48,0.34,1,-0.84,neutral,neutral,1,2.0,11,9130,1,
s31187,SANDUSDT,1788123600000,testB,-1,-2.69,0.552,4.15,2.92,2.92,-1.85,1.66,0.68,0.48,0.39,1,-0.84,neutral,neutral,0,1.464,32,9130,1,
s31188,MANAUSDT,1788123600000,testB,-1,-2.33,0.469,3.49,2.4,4.38,-1.49,1.28,1.24,1.03,1.79,0,-0.84,neutral,neutral,0,1.444,32,9130,1,
s31189,APEUSDT,1788123600000,testB,-1,-2.77,0.565,3.8,2.78,3.93,-1.93,1.42,0.98,0.73,0.52,1,-0.84,neutral,neutral,0,-0.158,32,9130,1,
s31190,PUMPUSDT,1788124500000,train,-1,-3.38,0.38,4.92,3.59,0.99,-3.01,1.54,0.74,0.54,0.51,1,-0.37,neutral,neutral,1,2.0,22,9132,0,
s31191,ENAUSDT,1788125400000,train,-1,-3.59,0.403,4.87,4.08,0.85,-3.09,1.45,0.65,0.53,0.41,1,-0.5,neutral,bajista,1,2.0,9,9133,3,
s31192,APEUSDT,1788125400000,testB,-1,-2.36,0.524,3.52,2.64,1.85,-1.86,1.37,0.98,0.73,0.52,1,-0.5,neutral,neutral,0,-0.194,32,9132,1,
s31193,WLDUSDT,1788126300000,train,-1,-2.94,0.509,4.49,3.29,1.1,-2.48,1.32,0.94,0.76,0.63,1,-0.46,neutral,bajista,0,0.992,32,9134,2,
s31194,APEUSDT,1788126300000,testB,-1,-2.07,0.433,3.5,2.26,1.56,-1.61,0.96,0.98,0.73,0.52,1,-0.46,neutral,neutral,1,2.0,6,9133,0,
s31195,WLDUSDT,1788127200000,train,-1,-2.59,0.476,4.49,3.51,0.36,-2.24,1.27,0.92,0.78,0.65,1,-0.35,neutral,bajista,0,0.909,32,9135,3,
s31196,FETUSDT,1788127200000,train,-1,-2.78,0.4,6.32,4.56,0.43,-2.43,0.91,1.36,0.96,0.72,1,-0.35,neutral,neutral,0,0.243,32,9134,1,
s31197,STBLUSDT,1788128100000,train,-1,-3.07,0.538,4.34,4.31,2.45,-2.28,2.18,1.04,0.89,0.86,1,-0.79,neutral,neutral,0,0.752,32,9136,1,
s31198,WLDUSDT,1788128100000,train,-1,-3.75,0.612,4.86,4.51,0.6,-2.96,2.11,0.92,0.78,0.65,1,-0.79,neutral,bajista,0,0.446,32,9136,4,
s31199,ENAUSDT,1788128100000,train,-1,-3.64,0.456,4.83,4.51,0.89,-2.85,2.01,0.58,0.55,0.42,1,-0.79,neutral,bajista,0,0.941,32,9136,2,
s31200,INJUSDT,1788128100000,train,-1,-2.52,0.47,3.53,2.89,0.6,-1.73,1.57,0.6,0.69,0.48,0,-0.79,neutral,bajista,0,0.859,32,9136,2,
s31201,SUIUSDT,1788128100000,train,-1,-3.01,0.616,4.13,3.85,0.75,-2.22,1.65,0.83,0.66,0.48,1,-0.79,neutral,bajista,0,0.491,32,9136,2,
s31202,TIAUSDT,1788128100000,train,-1,-2.56,0.431,4.01,3.23,0.66,-1.77,1.39,0.89,0.77,0.56,1,-0.79,neutral,bajista,0,0.731,32,9136,2,
s31203,JUPUSDT,1788128100000,train,-1,-3.18,0.486,3.9,3.71,0.88,-2.4,1.67,0.49,0.66,0.53,0,-0.79,neutral,bajista,0,0.975,32,9136,2,
s31204,ONDOUSDT,1788128100000,train,-1,-2.27,0.427,3.32,3.06,0.78,-1.48,1.25,0.58,0.51,0.35,1,-0.79,neutral,bajista,0,0.5,32,9135,2,
s31205,FETUSDT,1788128100000,train,-1,-3.92,0.5,6.38,5.66,0.55,-3.13,1.82,1.36,0.96,0.72,1,-0.79,neutral,bajista,0,0.081,32,9135,2,
s31206,ARUSDT,1788128100000,testB,-1,-2.06,0.386,3.02,2.35,0.71,-1.27,1.07,0.56,0.43,0.29,1,-0.79,neutral,neutral,0,-1.0,28,9135,1,
s31207,SANDUSDT,1788128100000,testB,-1,-2.52,0.559,4.15,2.95,0.58,-1.73,1.13,0.71,0.55,0.4,1,-0.79,neutral,neutral,0,1.31,32,9135,1,
s31208,MANAUSDT,1788128100000,testB,-1,-2.11,0.458,3.14,2.53,0.58,-1.32,1.22,1.05,1.05,1.84,0,-0.79,neutral,bajista,0,1.107,32,9135,2,
s31209,AXSUSDT,1788128100000,testB,-1,-2.02,0.501,3.06,2.44,0.93,-1.23,1.14,0.64,0.59,0.48,1,-0.79,neutral,bajista,0,-0.32,32,9135,2,
s31210,APEUSDT,1788128100000,testB,-1,-2.08,0.433,3.37,2.49,0.79,-1.29,1.05,1.01,0.79,0.54,1,-0.79,neutral,neutral,1,2.0,6,9135,1,
s31211,XPLUSDT,1788129000000,train,-1,-3.9,0.56,4.88,4.42,0.81,-3.1,1.71,0.69,0.6,0.45,1,-0.81,neutral,bajista,0,-0.605,32,9137,3,
s31212,PUMPUSDT,1788129000000,train,-1,-3.25,0.368,4.32,3.8,0.81,-2.45,1.6,0.77,0.58,0.5,1,-0.81,neutral,bajista,1,2.0,17,9137,3,
s31213,STBLUSDT,1788129000000,train,-1,-4.56,0.646,6.24,5.87,4.24,-3.76,3.31,1.04,0.89,0.86,1,-0.81,neutral,bajista,0,0.363,32,9137,2,
s31214,WLDUSDT,1788129000000,train,-1,-3.97,0.675,5.13,4.51,0.75,-3.16,1.99,0.92,0.78,0.65,1,-0.81,neutral,neutral,0,0.494,32,9137,0,
s31215,ENAUSDT,1788129000000,train,-1,-4.35,0.548,5.23,4.75,1.12,-3.54,2.07,0.58,0.55,0.42,1,-0.81,neutral,bajista,0,0.922,32,9137,3,
s31216,INJUSDT,1788129000000,train,-1,-2.61,0.496,3.53,2.85,0.68,-1.8,1.4,0.6,0.69,0.48,0,-0.81,neutral,neutral,0,0.98,32,9137,0,
s31217,SUIUSDT,1788129000000,train,-1,-3.27,0.713,4.19,3.59,0.87,-2.47,1.52,0.83,0.66,0.48,1,-0.81,neutral,neutral,0,0.564,32,9137,0,
s31218,TIAUSDT,1788129000000,train,-1,-3.05,0.544,4.01,3.32,0.75,-2.24,1.33,0.89,0.77,0.56,1,-0.81,neutral,bajista,0,0.685,32,9137,3,
s31219,SEIUSDT,1788129000000,train,-1,-2.15,0.541,3.02,2.33,0.66,-1.34,0.85,1.28,0.8,0.51,1,-0.81,neutral,neutral,0,0.59,32,9137,0,
s31220,JUPUSDT,1788129000000,train,-1,-3.64,0.526,4.72,4.15,1.67,-2.83,1.92,0.49,0.66,0.53,0,-0.81,neutral,bajista,0,0.739,32,9137,3,
s31221,PENDLEUSDT,1788129000000,train,-1,-3.68,0.49,4.28,3.96,1.23,-2.87,1.89,0.79,1.03,0.64,0,-0.81,neutral,bajista,0,0.374,32,9137,3,
s31222,ONDOUSDT,1788129000000,train,-1,-2.73,0.541,3.6,3.18,0.93,-1.93,1.22,0.58,0.51,0.35,1,-0.81,neutral,bajista,0,0.482,32,9136,3,
s31223,FETUSDT,1788129000000,train,-1,-4.4,0.603,5.78,4.93,0.55,-3.59,1.64,1.36,0.96,0.72,1,-0.81,neutral,neutral,0,0.093,32,9136,0,
s31224,ARUSDT,1788129000000,testB,-1,-2.06,0.386,3.02,2.4,0.93,-1.26,1.02,0.56,0.43,0.29,1,-0.81,neutral,bajista,0,-1.0,27,9136,2,
s31225,GRTUSDT,1788129000000,testB,-1,-2.03,0.405,2.93,2.26,0.86,-1.23,0.8,0.47,0.41,0.3,1,-0.81,neutral,neutral,0,-0.027,32,9136,0,
s31226,SANDUSDT,1788129000000,testB,-1,-2.82,0.613,4.16,3.17,0.77,-2.02,1.21,0.71,0.55,0.4,1,-0.81,neutral,bajista,0,1.182,32,9136,2,
s31227,AXSUSDT,1788129000000,testB,-1,-2.32,0.597,3.06,2.54,0.84,-1.52,1.11,0.64,0.59,0.48,1,-0.81,neutral,bajista,0,-0.264,32,9136,3,
s31228,APEUSDT,1788129000000,testB,-1,-2.36,0.493,3.37,2.64,1.14,-1.56,1.09,1.01,0.79,0.54,1,-0.81,neutral,bajista,0,-0.167,32,9136,2,
s31229,XPLUSDT,1788129900000,train,-1,-3.67,0.543,4.49,3.91,1.3,-2.89,1.74,0.69,0.6,0.45,1,-0.78,neutral,bajista,0,-1.0,26,9138,4,
s31230,PUMPUSDT,1788129900000,train,-1,-3.3,0.371,4.49,3.84,0.92,-2.52,1.4,0.77,0.58,0.5,1,-0.78,neutral,bajista,1,2.0,16,9138,4,
s31231,STBLUSDT,1788129900000,train,-1,-4.7,0.667,6.47,5.95,3.73,-3.93,3.05,1.04,0.89,0.86,1,-0.78,neutral,bajista,0,0.302,32,9138,3,
s31232,WLDUSDT,1788129900000,train,-1,-4.02,0.678,5.13,4.57,0.84,-3.24,1.78,0.92,0.78,0.65,1,-0.78,neutral,neutral,0,0.476,32,9138,1,
s31233,ENAUSDT,1788129900000,train,-1,-4.15,0.535,4.9,4.59,1.23,-3.37,1.98,0.58,0.55,0.42,1,-0.78,neutral,bajista,0,0.871,32,9138,4,
s31234,INJUSDT,1788129900000,train,-1,-3.01,0.532,3.35,3.16,0.82,-2.23,1.67,0.6,0.69,0.48,0,-0.78,neutral,neutral,0,0.636,32,9138,1,
s31235,SUIUSDT,1788129900000,train,-1,-3.13,0.704,3.91,3.32,1.06,-2.36,1.3,0.83,0.66,0.48,1,-0.78,neutral,neutral,0,0.578,32,9138,0,
s31236,TIAUSDT,1788129900000,train,-1,-3.34,0.578,4.02,3.57,0.99,-2.56,1.4,0.89,0.77,0.56,1,-0.78,neutral,bajista,0,0.538,32,9138,4,
s31237,SEIUSDT,1788129900000,train,-1,-2.15,0.541,2.97,2.26,0.68,-1.37,0.72,1.28,0.8,0.51,1,-0.78,neutral,neutral,0,0.559,32,9138,0,
s31238,JUPUSDT,1788129900000,train,-1,-3.9,0.589,4.67,4.11,1.93,-3.12,1.64,0.49,0.66,0.53,0,-0.78,neutral,neutral,0,0.724,32,9138,0,
s31239,PENDLEUSDT,1788129900000,train,-1,-3.52,0.478,4.03,3.74,1.36,-2.74,1.74,0.79,1.03,0.64,0,-0.78,neutral,bajista,0,0.313,32,9138,4,
s31240,ONDOUSDT,1788129900000,train,-1,-2.98,0.6,3.47,3.13,1.05,-2.2,1.14,0.58,0.51,0.35,1,-0.78,neutral,bajista,0,0.455,32,9137,4,
s31241,FETUSDT,1788129900000,train,-1,-4.52,0.621,5.79,5.0,0.64,-3.74,1.59,1.36,0.96,0.72,1,-0.78,neutral,neutral,0,0.053,32,9137,0,
s31242,SANDUSDT,1788129900000,testB,-1,-2.62,0.551,4.05,2.87,0.6,-1.84,0.89,0.71,0.55,0.4,1,-0.78,neutral,neutral,0,1.5,32,9137,0,
s31243,AXSUSDT,1788129900000,testB,-1,-2.26,0.58,2.9,2.35,0.98,-1.48,0.95,0.64,0.59,0.48,1,-0.78,neutral,neutral,0,-0.281,32,9137,0,
s31244,APEUSDT,1788129900000,testB,-1,-2.22,0.477,3.08,2.35,1.26,-1.45,0.95,1.01,0.79,0.54,1,-0.78,neutral,neutral,1,2.0,4,9137,0,
s31245,XPLUSDT,1788130800000,train,-1,-3.84,0.554,4.64,4.13,1.31,-3.0,2.02,0.93,0.71,0.52,1,-0.84,neutral,bajista,0,-1.0,24,9139,5,
s31246,PUMPUSDT,1788130800000,train,-1,-4.1,0.445,4.52,4.48,0.88,-3.26,1.8,1.02,0.77,0.58,1,-0.84,neutral,bajista,0,1.268,32,9139,5,
s31247,STBLUSDT,1788130800000,train,-1,-5.46,0.819,6.22,5.92,3.54,-4.61,2.98,1.91,1.31,1.07,1,-0.84,neutral,bajista,0,0.297,32,9139,4,
s31248,WLDUSDT,1788130800000,train,-1,-4.6,0.782,5.12,4.85,0.89,-3.76,1.91,1.25,0.99,0.75,1,-0.84,neutral,bajista,0,0.333,32,9139,2,
s31249,ENAUSDT,1788130800000,train,-1,-4.67,0.583,4.99,4.96,1.25,-3.83,2.26,0.83,0.73,0.5,1,-0.84,neutral,bajista,0,0.621,32,9139,5,
s31250,ARBUSDT,1788130800000,train,-1,-2.22,0.372,2.78,2.27,0.91,-1.38,1.1,2.34,1.52,0.93,1,-0.84,neutral,neutral,1,2.0,2,9139,1,
s31251,INJUSDT,1788130800000,train,-1,-3.57,0.578,3.84,3.73,0.92,-2.73,2.06,0.99,0.87,0.59,1,-0.84,neutral,bajista,0,0.295,32,9139,2,
s31252,SUIUSDT,1788130800000,train,-1,-3.58,0.735,3.93,3.78,1.03,-2.74,1.67,1.43,0.98,0.63,1,-0.84,neutral,neutral,0,0.35,32,9139,1,
s31253,TIAUSDT,1788130800000,train,-1,-3.43,0.584,3.85,3.61,1.03,-2.59,1.55,1.22,0.93,0.65,1,-0.84,neutral,bajista,0,0.392,32,9139,5,
s31254,SEIUSDT,1788130800000,train,-1,-2.22,0.548,2.84,2.27,0.51,-1.37,0.82,1.94,1.11,0.65,1,-0.84,neutral,neutral,0,0.431,32,9139,1,
s31255,JUPUSDT,1788130800000,train,-1,-4.13,0.603,4.5,4.31,2.13,-3.29,1.94,0.92,0.87,0.64,1,-0.84,neutral,neutral,0,0.549,32,9139,1,
s31256,PENDLEUSDT,1788130800000,train,-1,-3.3,0.461,4.12,3.56,1.53,-2.45,1.6,0.92,1.14,0.73,0,-0.84,neutral,bajista,0,0.093,32,9139,5,
s31257,ONDOUSDT,1788130800000,train,-1,-3.18,0.615,3.48,3.39,1.01,-2.33,1.44,1.18,0.79,0.49,1,-0.84,neutral,bajista,0,0.202,32,9138,5,
s31258,FETUSDT,1788130800000,train,-1,-4.77,0.633,5.54,5.08,0.58,-3.93,1.76,1.69,1.13,0.82,1,-0.84,neutral,neutral,0,-0.052,32,9138,1,
s31259,ARUSDT,1788130800000,testB,-1,-2.57,0.505,3.03,2.69,1.12,-1.73,1.07,0.84,0.61,0.36,1,-0.84,neutral,neutral,0,-1.0,25,9138,1,
s31260,SANDUSDT,1788130800000,testB,-1,-3.03,0.598,3.96,3.15,0.68,-2.18,1.2,1.3,0.81,0.49,1,-0.84,neutral,neutral,0,1.175,32,9138,1,
s31261,MANAUSDT,1788130800000,testB,-1,-2.46,0.479,3.15,2.67,0.77,-1.62,1.08,1.67,1.34,2.03,0,-0.84,neutral,neutral,0,1.015,32,9138,1,
s31262,AXSUSDT,1788130800000,testB,-1,-2.41,0.596,2.83,2.47,1.07,-1.57,1.07,1.25,0.83,0.6,1,-0.84,neutral,neutral,0,-0.661,32,9138,1,
s31263,APEUSDT,1788130800000,testB,-1,-2.58,0.529,3.09,2.65,0.9,-1.74,1.11,2.24,1.34,0.79,1,-0.84,neutral,neutral,0,-0.222,32,9138,1,
s31264,ASTERUSDT,1788131700000,train,-1,-2.24,0.44,3.4,2.96,2.01,-0.67,1.77,0.97,0.79,0.45,1,-1.56,neutral,bajista,0,-0.581,32,9140,2,
s31265,XPLUSDT,1788131700000,train,-1,-6.21,0.667,7.4,6.66,2.02,-4.65,4.21,0.93,0.71,0.52,1,-1.56,neutral,bajista,0,-1.0,23,9140,6,
s31266,PUMPUSDT,1788131700000,train,-1,-5.55,0.52,6.26,6.1,1.39,-3.99,3.43,1.02,0.77,0.58,1,-1.56,neutral,bajista,0,0.482,32,9140,6,
s31267,WLDUSDT,1788131700000,train,-1,-6.07,0.824,7.1,6.94,2.1,-4.51,4.0,1.25,0.99,0.75,1,-1.56,neutral,bajista,0,-0.131,32,9140,3,
s31268,ENAUSDT,1788131700000,train,-1,-7.07,0.678,8.06,7.82,2.42,-5.5,4.64,0.83,0.73,0.5,1,-1.56,neutral,bajista,0,0.048,32,9140,6,
s31269,ARBUSDT,1788131700000,train,-1,-4.9,0.566,6.29,5.33,2.19,-3.34,3.77,2.34,1.52,0.93,1,-1.56,neutral,bajista,0,-0.292,32,9140,2,
s31270,OPUSDT,1788131700000,train,-1,-3.61,0.487,4.54,3.84,1.54,-2.05,2.71,1.7,1.0,0.66,1,-1.56,neutral,bajista,0,-0.402,32,9140,2,
s31271,INJUSDT,1788131700000,train,-1,-5.19,0.665,6.44,5.62,3.42,-3.63,3.57,0.99,0.87,0.59,1,-1.56,neutral,bajista,0,-0.125,32,9140,3,
s31272,SUIUSDT,1788131700000,train,-1,-6.45,0.832,7.46,7.16,3.12,-4.88,4.66,1.43,0.98,0.63,1,-1.56,neutral,bajista,0,-0.32,32,9140,2,
s31273,TIAUSDT,1788131700000,train,-1,-5.36,0.687,6.28,5.79,1.59,-3.8,3.56,1.22,0.93,0.65,1,-1.56,neutral,bajista,0,-0.191,32,9140,6,
s31274,SEIUSDT,1788131700000,train,-1,-3.94,0.683,4.76,4.19,1.56,-2.38,2.55,1.94,1.11,0.65,1,-1.56,neutral,bajista,0,-0.276,32,9140,2,
s31275,JUPUSDT,1788131700000,train,-1,-5.84,0.681,6.79,6.35,4.8,-4.28,3.83,0.92,0.87,0.64,1,-1.56,neutral,bajista,0,0.015,32,9140,2,
s31276,PENDLEUSDT,1788131700000,train,-1,-5.04,0.576,5.6,5.3,2.0,-3.48,3.11,0.92,1.14,0.73,0,-1.56,neutral,bajista,0,-0.196,32,9140,6,
s31277,ONDOUSDT,1788131700000,train,-1,-4.83,0.707,5.8,5.22,3.13,-3.26,3.27,1.18,0.79,0.49,1,-1.56,neutral,bajista,0,-0.307,32,9139,6,
s31278,FETUSDT,1788131700000,train,-1,-5.96,0.681,6.81,6.6,1.29,-4.39,3.56,1.69,1.13,0.82,1,-1.56,neutral,bajista,0,-0.337,32,9139,2,
s31279,ARUSDT,1788131700000,testB,-1,-4.14,0.62,5.45,4.81,2.47,-2.58,2.91,0.84,0.61,0.36,1,-1.56,neutral,bajista,0,-1.0,24,9139,2,
s31280,STXUSDT,1788131700000,testB,-1,-2.74,0.351,3.71,3.12,1.34,-1.18,1.88,0.23,0.25,0.22,0,-1.56,neutral,neutral,0,-1.0,18,9139,1,
s31281,GRTUSDT,1788131700000,testB,-1,-3.96,0.532,4.62,4.18,2.5,-2.39,2.72,0.79,0.56,0.38,1,-1.56,neutral,bajista,0,-0.507,32,9139,2,
s31282,LDOUSDT,1788131700000,testB,-1,-4.81,0.404,7.15,6.78,1.6,-3.25,3.14,1.44,0.91,0.61,1,-1.56,neutral,bajista,0,0.054,32,9139,2,
s31283,SANDUSDT,1788131700000,testB,-1,-5.05,0.712,6.66,5.42,3.05,-3.48,3.22,1.3,0.81,0.49,1,-1.56,neutral,bajista,0,0.272,32,9139,2,
s31284,MANAUSDT,1788131700000,testB,-1,-4.46,0.625,5.4,4.83,2.14,-2.9,2.84,1.67,1.34,2.03,0,-1.56,neutral,bajista,0,0.143,32,9139,2,
s31285,AXSUSDT,1788131700000,testB,-1,-4.4,0.728,5.2,4.8,2.77,-2.84,3.02,1.25,0.83,0.6,1,-1.56,neutral,bajista,0,-0.797,32,9139,2,
s31286,APEUSDT,1788131700000,testB,-1,-4.89,0.68,6.65,5.21,3.46,-3.32,3.34,2.24,1.34,0.79,1,-1.56,neutral,bajista,0,-0.768,32,9139,2,
s31287,ASTERUSDT,1788132600000,train,-1,-2.8,0.534,4.61,3.35,4.7,-1.13,1.95,0.97,0.79,0.45,1,-1.67,neutral,bajista,0,-0.581,32,9141,3,
s31288,XPLUSDT,1788132600000,train,-1,-6.58,0.679,7.47,7.15,2.63,-4.91,4.6,0.93,0.71,0.52,1,-1.67,neutral,bajista,0,-1.0,22,9141,7,
s31289,PUMPUSDT,1788132600000,train,-1,-4.33,0.452,7.57,6.87,2.05,-2.66,4.09,1.02,0.77,0.58,1,-1.67,neutral,bajista,0,0.279,32,9141,7,
s31290,WLDUSDT,1788132600000,train,-1,-6.49,0.833,7.87,7.31,3.12,-4.83,4.43,1.25,0.99,0.75,1,-1.67,neutral,bajista,0,-0.256,32,9141,4,
s31291,ARBUSDT,1788132600000,train,-1,-6.05,0.615,7.92,7.16,3.64,-4.38,4.94,2.34,1.52,0.93,1,-1.67,neutral,bajista,0,-0.409,32,9141,3,
s31292,OPUSDT,1788132600000,train,-1,-3.1,0.447,4.46,3.91,1.57,-1.43,2.63,1.7,1.0,0.66,1,-1.67,neutral,bajista,0,-0.429,32,9141,3,
s31293,INJUSDT,1788132600000,train,-1,-5.15,0.662,6.36,5.9,3.72,-3.48,3.79,0.99,0.87,0.59,1,-1.67,neutral,bajista,0,-0.229,32,9141,4,
s31294,SUIUSDT,1788132600000,train,-1,-6.14,0.791,7.54,6.96,4.09,-4.47,4.07,1.43,0.98,0.63,1,-1.67,neutral,neutral,0,-0.286,32,9141,0,
s31295,TIAUSDT,1788132600000,train,-1,-5.2,0.678,6.53,6.01,1.76,-3.53,3.67,1.22,0.93,0.65,1,-1.67,neutral,bajista,0,-0.253,32,9141,7,
s31296,SEIUSDT,1788132600000,train,-1,-4.16,0.693,4.82,4.66,2.11,-2.49,2.94,1.94,1.11,0.65,1,-1.67,neutral,bajista,0,-0.377,32,9141,3,
s31297,JUPUSDT,1788132600000,train,-1,-6.08,0.688,7.7,7.11,5,-4.41,4.45,0.92,0.87,0.64,1,-1.67,neutral,bajista,0,-0.172,32,9141,3,
s31298,PENDLEUSDT,1788132600000,train,-1,-4.62,0.552,5.96,5.65,2.48,-2.96,3.4,0.92,1.14,0.73,0,-1.67,neutral,bajista,0,-0.341,32,9141,7,
s31299,ONDOUSDT,1788132600000,train,-1,-4.69,0.7,5.8,5.21,4.62,-3.02,3.4,1.18,0.79,0.49,1,-1.67,neutral,bajista,0,-0.388,32,9140,7,
s31300,FETUSDT,1788132600000,train,-1,-5.39,0.656,6.58,6.17,1.83,-3.72,3.83,1.69,1.13,0.82,1,-1.67,neutral,bajista,0,-0.429,32,9140,3,
s31301,ARUSDT,1788132600000,testB,-1,-4.15,0.62,5.47,5.07,3.16,-2.48,2.84,0.84,0.61,0.36,1,-1.67,neutral,bajista,0,-1.0,23,9140,3,
s31302,GRTUSDT,1788132600000,testB,-1,-3.56,0.504,4.63,4.25,3.16,-1.89,2.58,0.79,0.56,0.38,1,-1.67,neutral,bajista,0,-0.5,32,9140,3,
s31303,LDOUSDT,1788132600000,testB,-1,-5.11,0.417,8.23,7.6,2.03,-3.44,3.68,1.44,0.91,0.61,1,-1.67,neutral,bajista,0,-0.049,32,9140,3,
s31304,SANDUSDT,1788132600000,testB,-1,-4.22,0.672,5.8,4.56,3.71,-2.55,2.92,1.3,0.81,0.49,1,-1.67,neutral,neutral,0,0.347,32,9140,0,
s31305,MANAUSDT,1788132600000,testB,-1,-4.72,0.638,5.6,5.18,2.62,-3.05,3.05,1.67,1.34,2.03,0,-1.67,neutral,bajista,0,0.024,32,9140,3,
s31306,AXSUSDT,1788132600000,testB,-1,-4.46,0.73,5.34,4.91,3.65,-2.79,3.13,1.25,0.83,0.6,1,-1.67,neutral,bajista,0,-0.792,32,9140,3,
s31307,APEUSDT,1788132600000,testB,-1,-4.9,0.68,6.52,5.46,4.57,-3.23,3.34,2.24,1.34,0.79,1,-1.67,neutral,bajista,0,-0.778,32,9140,3,
s31308,ASTERUSDT,1788133500000,train,-1,-3.22,0.596,4.75,3.39,5,-1.71,2.03,0.97,0.79,0.45,1,-1.51,neutral,bajista,0,-0.697,32,9142,4,
s31309,XPLUSDT,1788133500000,train,-1,-4.58,0.44,7.49,5.24,2.91,-3.06,2.9,0.93,0.71,0.52,1,-1.51,neutral,neutral,0,-1.0,21,9142,0,
s31310,PUMPUSDT,1788133500000,train,-1,-4.39,0.465,8.97,6.13,3.3,-2.87,3.14,1.02,0.77,0.58,1,-1.51,neutral,neutral,0,0.365,32,9142,0,
s31311,WLDUSDT,1788133500000,train,-1,-5.89,0.702,8.44,6.51,4.06,-4.37,3.41,1.25,0.99,0.75,1,-1.51,neutral,neutral,0,-0.166,32,9142,0,
s31312,ARBUSDT,1788133500000,train,-1,-5.83,0.581,8.3,6.86,4.56,-4.31,4.24,2.34,1.52,0.93,1,-1.51,neutral,neutral,0,-0.36,32,9142,0,
s31313,OPUSDT,1788133500000,train,-1,-2.52,0.36,5.33,3.57,1.99,-1.0,2.09,1.7,1.0,0.66,1,-1.51,neutral,neutral,0,-0.39,32,9142,0,
s31314,INJUSDT,1788133500000,train,-1,-4.98,0.626,7.01,5.64,4.12,-3.46,3.24,0.99,0.87,0.59,1,-1.51,neutral,neutral,0,-0.121,32,9142,0,
s31315,SUIUSDT,1788133500000,train,-1,-5.96,0.753,8.68,6.59,5,-4.44,3.39,1.43,0.98,0.63,1,-1.51,neutral,neutral,0,-0.271,32,9142,0,
s31316,TIAUSDT,1788133500000,train,-1,-4.79,0.597,7.59,5.58,2.33,-3.27,2.95,1.22,0.93,0.65,1,-1.51,neutral,neutral,0,-0.171,32,9142,0,
s31317,SEIUSDT,1788133500000,train,-1,-4.02,0.657,5.74,4.49,2.79,-2.51,2.52,1.94,1.11,0.65,1,-1.51,neutral,neutral,0,-0.355,32,9142,0,
s31318,JUPUSDT,1788133500000,train,-1,-5.76,0.628,8.3,6.74,5,-4.24,3.73,0.92,0.87,0.64,1,-1.51,neutral,neutral,0,-0.152,32,9142,0,
s31319,PENDLEUSDT,1788133500000,train,-1,-4.1,0.461,6.84,5.03,3.33,-2.58,2.54,0.92,1.14,0.73,0,-1.51,neutral,neutral,0,-0.256,32,9142,0,
s31320,ONDOUSDT,1788133500000,train,-1,-3.97,0.555,6.49,4.57,5,-2.45,2.52,1.18,0.79,0.49,1,-1.51,neutral,neutral,0,-0.28,32,9141,0,
s31321,FETUSDT,1788133500000,train,-1,-4.69,0.549,7.35,5.6,2.61,-3.18,3.0,1.69,1.13,0.82,1,-1.51,neutral,neutral,0,-0.325,32,9141,0,
s31322,ARUSDT,1788133500000,testB,-1,-4.04,0.597,6.12,4.56,4.92,-2.53,2.19,0.84,0.61,0.36,1,-1.51,neutral,neutral,0,-1.0,22,9141,0,
s31323,STXUSDT,1788133500000,testB,-1,-3.23,0.386,5.13,4.58,4.2,-1.71,2.79,0.23,0.25,0.22,0,-1.51,neutral,bajista,0,-1.0,16,9141,3,
s31324,GRTUSDT,1788133500000,testB,-1,-3.01,0.397,5.28,3.6,4.02,-1.5,1.79,0.79,0.56,0.38,1,-1.51,neutral,neutral,0,-0.379,32,9141,0,
s31325,LDOUSDT,1788133500000,testB,-1,-4.89,0.393,8.86,7.33,2.48,-3.37,3.06,1.44,0.91,0.61,1,-1.51,neutral,neutral,0,-0.004,32,9141,0,
s31326,SANDUSDT,1788133500000,testB,-1,-3.81,0.578,5.78,4.15,4.53,-2.29,2.33,1.3,0.81,0.49,1,-1.51,neutral,neutral,0,0.419,32,9141,0,
s31327,MANAUSDT,1788133500000,testB,-1,-4.43,0.576,6.55,4.79,3.33,-2.91,2.45,1.67,1.34,2.03,0,-1.51,neutral,neutral,0,0.18,32,9141,0,
s31328,AXSUSDT,1788133500000,testB,-1,-4.11,0.636,6.3,4.45,4.88,-2.59,2.45,1.25,0.83,0.6,1,-1.51,neutral,neutral,0,-0.71,32,9141,0,
s31329,APEUSDT,1788133500000,testB,-1,-4.89,0.68,7.26,5.22,5,-3.38,2.85,2.24,1.34,0.79,1,-1.51,neutral,neutral,0,-0.725,32,9141,0,
s31330,ASTERUSDT,1788134400000,train,-1,-2.73,0.503,4.52,2.9,5,-1.34,1.58,1.1,0.82,0.48,1,-1.4,neutral,neutral,0,-0.636,32,9143,0,
s31331,XPLUSDT,1788134400000,train,-1,-4.42,0.42,7.47,4.91,3.19,-3.03,2.35,1.03,0.78,0.57,1,-1.4,neutral,neutral,0,-1.0,20,9143,0,
s31332,WLDUSDT,1788134400000,train,-1,-5.5,0.641,8.36,6.13,4.2,-4.11,2.69,1.28,0.98,0.75,1,-1.4,neutral,neutral,0,-0.032,32,9143,0,
s31333,ARBUSDT,1788134400000,train,-1,-5.65,0.557,8.22,6.28,4.16,-4.26,3.37,2.18,1.6,0.97,1,-1.4,neutral,neutral,0,-0.281,32,9143,0,
s31334,INJUSDT,1788134400000,train,-1,-5.52,0.678,6.97,6.01,4.36,-4.13,3.26,1.08,0.87,0.61,1,-1.4,neutral,neutral,0,-0.164,32,9143,1,
s31335,SUIUSDT,1788134400000,train,-1,-5.59,0.678,8.47,6.02,5,-4.19,2.68,1.55,1.04,0.67,1,-1.4,neutral,neutral,0,-0.231,32,9143,0,
s31336,TIAUSDT,1788134400000,train,-1,-4.51,0.546,7.45,4.87,2.44,-3.11,2.12,1.27,0.87,0.67,1,-1.4,neutral,neutral,0,-0.145,32,9143,0,
s31337,SEIUSDT,1788134400000,train,-1,-4.04,0.663,5.71,4.3,3.01,-2.64,2.12,1.89,1.16,0.69,1,-1.4,neutral,neutral,0,-0.328,32,9143,0,
s31338,JUPUSDT,1788134400000,train,-1,-5.46,0.58,8.2,5.97,5,-4.06,2.71,0.96,0.87,0.65,1,-1.4,neutral,neutral,0,-0.049,32,9143,0,
s31339,PENDLEUSDT,1788134400000,train,-1,-4.23,0.488,6.79,4.51,3.22,-2.84,1.89,0.98,1.09,0.76,0,-1.4,neutral,neutral,0,-0.195,32,9143,0,
s31340,ONDOUSDT,1788134400000,train,-1,-3.85,0.531,6.3,4.12,5,-2.46,1.99,1.27,0.83,0.52,1,-1.4,neutral,neutral,0,-0.31,32,9142,0,
s31341,FETUSDT,1788134400000,train,-1,-4.55,0.526,7.31,4.96,2.88,-3.15,2.06,1.5,1.16,0.83,1,-1.4,neutral,neutral,0,-0.257,32,9142,0,
s31342,ARUSDT,1788134400000,testB,-1,-3.72,0.53,5.86,4.01,5,-2.32,1.65,0.91,0.63,0.38,1,-1.4,neutral,neutral,0,-1.0,21,9142,0,
s31343,LDOUSDT,1788134400000,testB,-1,-6.4,0.601,8.85,7.23,2.54,-5.0,2.7,1.38,0.94,0.63,1,-1.4,neutral,neutral,0,-0.012,32,9142,0,
s31344,SANDUSDT,1788134400000,testB,-1,-4.04,0.597,5.68,4.26,5,-2.64,2.26,1.6,0.85,0.53,1,-1.4,neutral,neutral,0,0.352,32,9142,1,
s31345,MANAUSDT,1788134400000,testB,-1,-3.99,0.501,6.34,4.22,3.51,-2.6,1.89,1.98,1.34,2.11,0,-1.4,neutral,neutral,0,0.308,32,9142,0,
s31346,AXSUSDT,1788134400000,testB,-1,-3.3,0.455,6.2,3.51,5,-1.91,1.42,1.54,0.92,0.65,1,-1.4,neutral,neutral,0,-0.738,32,9142,0,
s31347,APEUSDT,1788134400000,testB,-1,-4.46,0.596,7.16,4.75,5,-3.07,2.22,2.43,1.41,0.83,1,-1.4,neutral,neutral,0,-0.778,32,9142,0,
s31348,XPLUSDT,1788135300000,train,-1,-4.48,0.423,7.49,5.26,1.72,-3.3,2.35,1.03,0.78,0.57,1,-1.18,neutral,neutral,0,-1.0,19,9144,1,
s31349,WLDUSDT,1788135300000,train,-1,-4.77,0.562,7.68,5.12,2.02,-3.59,2.09,1.28,0.98,0.75,1,-1.18,neutral,neutral,0,0.097,32,9144,0,
s31350,ENAUSDT,1788135300000,train,-1,-6.65,0.678,9.94,7.68,3.06,-5.47,3.63,0.88,0.75,0.53,1,-1.18,neutral,neutral,0,-0.157,32,9144,0,
s31351,ARBUSDT,1788135300000,train,-1,-4.43,0.415,8.14,5.32,2.16,-3.25,2.19,2.18,1.6,0.97,1,-1.18,neutral,neutral,0,-0.13,32,9144,0,
s31352,INJUSDT,1788135300000,train,-1,-5.06,0.626,6.92,5.75,1.22,-3.88,2.69,1.08,0.87,0.61,1,-1.18,neutral,neutral,0,-0.045,32,9144,0,
s31353,SUIUSDT,1788135300000,train,-1,-4.61,0.567,7.8,4.91,2.28,-3.42,2.02,1.55,1.04,0.67,1,-1.18,neutral,neutral,0,-0.136,32,9144,0,
s31354,SEIUSDT,1788135300000,train,-1,-3.39,0.544,5.32,3.51,1.51,-2.21,1.49,1.89,1.16,0.69,1,-1.18,neutral,neutral,0,-0.213,32,9144,0,
s31355,JUPUSDT,1788135300000,train,-1,-4.43,0.471,7.48,4.73,2.25,-3.25,1.88,0.96,0.87,0.65,1,-1.18,neutral,neutral,0,0.031,32,9144,0,
s31356,ONDOUSDT,1788135300000,train,-1,-3.08,0.417,6.24,3.61,2.88,-1.9,1.31,1.27,0.83,0.52,1,-1.18,neutral,neutral,0,-0.144,32,9143,0,
s31357,ARUSDT,1788135300000,testB,-1,-2.7,0.383,5.15,2.77,2.84,-1.51,0.98,0.91,0.63,0.38,1,-1.18,neutral,neutral,0,-1.0,19,9143,0,
s31358,LDOUSDT,1788135300000,testB,-1,-4.78,0.464,7.3,5.05,1.18,-3.59,1.81,1.38,0.94,0.63,1,-1.18,neutral,neutral,0,0.145,32,9143,0,
s31359,SANDUSDT,1788135300000,testB,-1,-3.02,0.432,5.22,3.17,2.09,-1.84,1.36,1.6,0.85,0.53,1,-1.18,neutral,neutral,0,0.597,32,9143,0,
s31360,MANAUSDT,1788135300000,testB,-1,-3.21,0.411,5.9,3.46,1.57,-2.03,1.39,1.98,1.34,2.11,0,-1.18,neutral,neutral,0,0.526,32,9143,0,
s31361,AXSUSDT,1788135300000,testB,-1,-2.83,0.396,5.85,2.98,2.85,-1.65,1.07,1.54,0.92,0.65,1,-1.18,neutral,neutral,0,-1.0,28,9143,0,
s31362,WLDUSDT,1788136200000,train,-1,-3.58,0.467,7.33,4.61,1.0,-3.0,1.76,1.28,0.98,0.75,1,-0.57,neutral,neutral,0,0.101,32,9145,0,
s31363,ENAUSDT,1788136200000,train,-1,-5.71,0.598,9.91,7.31,1.67,-5.13,3.03,0.88,0.75,0.53,1,-0.57,neutral,neutral,0,-0.107,32,9145,0,
s31364,ARBUSDT,1788136200000,train,-1,-3.43,0.352,8.15,5.37,0.8,-2.86,2.03,2.18,1.6,0.97,1,-0.57,neutral,neutral,0,-0.179,32,9145,1,
s31365,INJUSDT,1788136200000,train,-1,-4.26,0.529,6.71,5.15,0.86,-3.69,2.09,1.08,0.87,0.61,1,-0.57,neutral,neutral,0,-0.039,32,9145,0,
s31366,SEIUSDT,1788136200000,train,-1,-2.56,0.443,5.13,3.14,0.91,-1.98,1.19,1.89,1.16,0.69,1,-0.57,neutral,neutral,0,-0.259,32,9145,0,
s31367,JUPUSDT,1788136200000,train,-1,-3.26,0.38,7.18,4.29,0.94,-2.69,1.57,0.96,0.87,0.65,1,-0.57,neutral,neutral,0,-0.112,32,9145,0,
s31368,STBLUSDT,1788137100000,train,-1,-6.41,0.541,10.26,7.47,0.35,-5.58,2.99,2.1,1.28,1.08,1,-0.84,neutral,neutral,0,-0.342,32,9146,1,
s31369,WLDUSDT,1788137100000,train,-1,-4.38,0.565,6.96,4.72,0.52,-3.54,2.02,1.28,0.98,0.75,1,-0.84,neutral,neutral,0,-0.006,32,9146,1,
s31370,ENAUSDT,1788137100000,train,-1,-6.55,0.738,9.92,7.47,0.74,-5.71,2.95,0.88,0.75,0.53,1,-0.84,neutral,neutral,0,-0.166,32,9146,1,
s31371,ARBUSDT,1788137100000,train,-1,-4.46,0.492,8.16,5.62,0.44,-3.62,2.09,2.18,1.6,0.97,1,-0.84,neutral,bajista,0,-0.234,32,9146,2,
s31372,INJUSDT,1788137100000,train,-1,-4.91,0.635,6.73,5.36,0.61,-4.07,2.1,1.08,0.87,0.61,1,-0.84,neutral,neutral,0,-0.09,32,9146,1,
s31373,SEIUSDT,1788137100000,train,-1,-2.97,0.525,4.98,3.15,0.55,-2.13,1.24,1.89,1.16,0.69,1,-0.84,neutral,neutral,0,-0.295,32,9146,1,
s31374,JUPUSDT,1788137100000,train,-1,-3.99,0.467,7.21,4.69,0.47,-3.16,1.82,0.96,0.87,0.65,1,-0.84,neutral,neutral,0,-0.144,32,9146,1,
s31375,ONDOUSDT,1788137100000,train,-1,-2.5,0.399,6.23,3.46,0.56,-1.67,0.96,1.27,0.83,0.52,1,-0.84,neutral,neutral,0,-0.083,32,9145,0,
s31376,LDOUSDT,1788137100000,testB,-1,-4.24,0.489,7.02,4.76,0.51,-3.4,1.75,1.38,0.94,0.63,1,-0.84,neutral,neutral,0,0.243,32,9145,1,
s31377,SANDUSDT,1788137100000,testB,-1,-2.26,0.352,5.2,2.84,1.05,-1.42,0.84,1.6,0.85,0.53,1,-0.84,neutral,neutral,0,0.579,32,9145,0,
s31378,MANAUSDT,1788137100000,testB,-1,-2.59,0.403,5.27,2.68,0.84,-1.75,1.02,1.98,1.34,2.11,0,-0.84,neutral,neutral,0,0.815,32,9145,1,
s31379,PUMPUSDT,1788138000000,train,-1,-3.97,0.462,7.72,5.23,0.5,-2.88,2.19,1.07,0.82,0.58,1,-1.09,neutral,bajista,0,0.116,32,9147,2,
s31380,STBLUSDT,1788138000000,train,-1,-6.49,0.544,10.27,7.56,0.18,-5.4,2.75,2.1,1.24,1.01,1,-1.09,neutral,bajista,0,-0.364,32,9147,2,
s31381,WLDUSDT,1788138000000,train,-1,-4.59,0.575,7.01,5.51,0.47,-3.5,2.43,1.35,1.0,0.77,1,-1.09,neutral,bajista,0,-0.126,32,9147,2,
s31382,ENAUSDT,1788138000000,train,-1,-6.41,0.734,9.93,7.54,0.56,-5.32,2.61,0.91,0.76,0.54,1,-1.09,neutral,bajista,0,-0.161,32,9147,2,
s31383,ARBUSDT,1788138000000,train,-1,-4.62,0.501,8.2,6.05,0.35,-3.54,2.21,2.2,1.64,1.0,1,-1.09,neutral,bajista,0,-0.292,32,9147,3,
s31384,INJUSDT,1788138000000,train,-1,-4.52,0.614,6.75,5.68,0.36,-3.43,2.13,1.22,0.89,0.65,1,-1.09,neutral,bajista,0,-0.131,32,9147,2,
s31385,SUIUSDT,1788138000000,train,-1,-4.06,0.546,7.26,4.97,0.48,-2.97,2.01,1.67,1.1,0.7,1,-1.09,neutral,bajista,0,-0.257,32,9147,2,
s31386,TIAUSDT,1788138000000,train,-1,-2.89,0.409,6.68,4.04,0.4,-1.8,1.39,1.28,0.86,0.68,1,-1.09,neutral,bajista,0,-0.053,32,9147,2,
s31387,SEIUSDT,1788138000000,train,-1,-2.63,0.494,4.99,3.36,0.37,-1.54,1.27,2.11,1.26,0.72,1,-1.09,neutral,bajista,0,-0.324,32,9147,2,
s31388,JUPUSDT,1788138000000,train,-1,-3.97,0.464,7.24,5.15,0.42,-2.88,1.96,1.0,0.85,0.67,1,-1.09,neutral,bajista,0,-0.179,32,9147,2,
s31389,ONDOUSDT,1788138000000,train,-1,-2.73,0.42,6.26,3.88,0.41,-1.65,1.19,1.37,0.85,0.54,1,-1.09,neutral,neutral,0,-0.164,32,9146,1,
s31390,LDOUSDT,1788138000000,testB,-1,-3.81,0.461,7.05,5.3,0.5,-2.73,1.89,1.39,0.99,0.65,1,-1.09,neutral,bajista,0,0.096,32,9146,2,
s31391,SANDUSDT,1788138000000,testB,-1,-2.3,0.355,5.24,3.5,0.51,-1.21,1.27,1.65,0.88,0.54,1,-1.09,neutral,neutral,0,0.237,32,9146,1,
s31392,MANAUSDT,1788138000000,testB,-1,-2.82,0.422,5.31,3.55,0.87,-1.73,1.61,2.26,1.44,2.15,0,-1.09,neutral,bajista,0,0.34,32,9146,2,
s31393,AXSUSDT,1788138000000,testB,-1,-2.39,0.36,5.52,3.15,0.67,-1.3,1.25,1.74,0.99,0.68,1,-1.09,neutral,bajista,0,-1.0,22,9146,2,
s31394,PUMPUSDT,1788138900000,train,-1,-4.19,0.504,7.71,5.09,0.47,-3.09,1.75,1.07,0.82,0.58,1,-1.1,neutral,neutral,0,0.313,32,9148,0,
s31395,STBLUSDT,1788138900000,train,-1,-6.75,0.583,10.15,7.4,0.14,-5.65,2.23,2.1,1.24,1.01,1,-1.1,neutral,neutral,0,-0.34,32,9148,0,
s31396,WLDUSDT,1788138900000,train,-1,-4.69,0.596,7.0,5.39,0.52,-3.59,1.96,1.35,1.0,0.77,1,-1.1,neutral,neutral,0,-0.093,32,9148,0,
s31397,ARBUSDT,1788138900000,train,-1,-4.51,0.483,8.18,5.85,0.34,-3.41,1.69,2.2,1.64,1.0,1,-1.1,neutral,neutral,0,-0.286,32,9148,0,
s31398,INJUSDT,1788138900000,train,-1,-5.59,0.741,6.79,6.41,0.42,-4.49,2.48,1.22,0.89,0.65,1,-1.1,neutral,bajista,0,-0.275,32,9148,3,
s31399,SUIUSDT,1788138900000,train,-1,-4.08,0.548,7.26,5.0,0.46,-2.98,1.7,1.67,1.1,0.7,1,-1.1,neutral,bajista,0,-0.298,32,9148,3,
s31400,TIAUSDT,1788138900000,train,-1,-3.29,0.485,6.69,4.14,0.36,-2.19,1.17,1.28,0.86,0.68,1,-1.1,neutral,bajista,0,-0.119,32,9148,3,
s31401,SEIUSDT,1788138900000,train,-1,-2.67,0.506,4.99,3.22,0.49,-1.57,0.94,2.11,1.26,0.72,1,-1.1,neutral,neutral,0,-0.303,32,9148,0,
s31402,JUPUSDT,1788138900000,train,-1,-3.9,0.457,7.2,4.59,0.42,-2.8,1.15,1.0,0.85,0.67,1,-1.1,neutral,neutral,0,-0.158,32,9148,0,
s31403,ONDOUSDT,1788138900000,train,-1,-2.76,0.426,6.26,3.88,0.37,-1.66,0.96,1.37,0.85,0.54,1,-1.1,neutral,neutral,0,-0.179,32,9147,0,
s31404,FETUSDT,1788138900000,train,-1,-3.19,0.392,6.38,4.16,0.54,-2.09,1.14,1.41,1.19,0.84,1,-1.1,neutral,neutral,0,-0.371,32,9147,0,
s31405,LDOUSDT,1788138900000,testB,-1,-4.34,0.559,7.06,5.33,0.46,-3.24,1.54,1.39,0.99,0.65,1,-1.1,neutral,bajista,0,0.011,32,9147,3,
s31406,SANDUSDT,1788138900000,testB,-1,-2.66,0.421,5.24,3.61,0.41,-1.56,1.15,1.65,0.88,0.54,1,-1.1,neutral,bajista,0,0.185,32,9147,2,
s31407,MANAUSDT,1788138900000,testB,-1,-3.2,0.478,5.33,3.78,1.04,-2.1,1.51,2.26,1.44,2.15,0,-1.1,neutral,bajista,0,0.213,32,9147,3,
s31408,PUMPUSDT,1788139800000,train,-1,-5.13,0.576,7.78,5.94,0.43,-3.99,2.34,1.07,0.82,0.58,1,-1.14,neutral,neutral,0,0.133,32,9149,1,
s31409,STBLUSDT,1788139800000,train,-1,-6.58,0.562,9.98,7.08,0.1,-5.43,1.88,2.1,1.24,1.01,1,-1.14,neutral,neutral,0,-0.306,32,9149,0,
s31410,WLDUSDT,1788139800000,train,-1,-5.03,0.613,7.03,5.83,0.56,-3.89,2.2,1.35,1.0,0.77,1,-1.14,neutral,neutral,0,-0.177,32,9149,1,
s31411,ARBUSDT,1788139800000,train,-1,-4.9,0.503,8.22,6.3,0.35,-3.76,2.02,2.2,1.64,1.0,1,-1.14,neutral,neutral,0,-0.392,32,9149,1,
s31412,INJUSDT,1788139800000,train,-1,-5.79,0.748,7.58,6.88,0.79,-4.65,2.71,1.22,0.89,0.65,1,-1.14,neutral,bajista,0,-0.322,32,9149,4,
s31413,SUIUSDT,1788139800000,train,-1,-4.4,0.581,7.28,5.25,0.52,-3.26,1.8,1.67,1.1,0.7,1,-1.14,neutral,bajista,0,-0.343,32,9149,4,
s31414,TIAUSDT,1788139800000,train,-1,-3.53,0.502,6.71,4.52,0.43,-2.39,1.45,1.28,0.86,0.68,1,-1.14,neutral,bajista,0,-0.163,32,9149,4,
s31415,SEIUSDT,1788139800000,train,-1,-2.66,0.504,5.0,3.52,0.48,-1.52,1.15,2.11,1.26,0.72,1,-1.14,neutral,neutral,0,-0.335,32,9149,1,
s31416,JUPUSDT,1788139800000,train,-1,-4.09,0.468,7.22,4.9,0.36,-2.95,1.36,1.0,0.85,0.67,1,-1.14,neutral,neutral,0,-0.228,32,9149,1,
s31417,ONDOUSDT,1788139800000,train,-1,-3.37,0.5,6.29,4.37,0.42,-2.23,1.34,1.37,0.85,0.54,1,-1.14,neutral,neutral,0,-0.28,32,9148,1,
s31418,FETUSDT,1788139800000,train,-1,-3.39,0.406,6.4,4.51,0.54,-2.25,1.33,1.41,1.19,0.84,1,-1.14,neutral,neutral,0,-0.373,32,9148,1,
s31419,LDOUSDT,1788139800000,testB,-1,-4.33,0.558,6.63,5.32,0.48,-3.19,1.89,1.39,0.99,0.65,1,-1.14,neutral,bajista,0,-0.102,32,9148,4,
s31420,SANDUSDT,1788139800000,testB,-1,-3.15,0.482,5.26,4.0,0.43,-2.01,1.41,1.65,0.88,0.54,1,-1.14,neutral,bajista,0,0.114,32,9148,3,
s31421,MANAUSDT,1788139800000,testB,-1,-2.95,0.446,5.32,3.7,0.83,-1.81,1.38,2.26,1.44,2.15,0,-1.14,neutral,neutral,0,0.289,32,9148,0,
s31422,AXSUSDT,1788139800000,testB,-1,-2.86,0.406,5.53,3.31,0.68,-1.72,1.13,1.74,0.99,0.68,1,-1.14,neutral,neutral,0,-1.0,20,9148,1,
s31423,XPLUSDT,1788140700000,train,-1,-4.5,0.396,7.49,5.21,0.41,-3.21,1.58,1.0,0.79,0.58,1,-1.29,neutral,bajista,0,-1.0,13,9150,2,
s31424,PUMPUSDT,1788140700000,train,-1,-5.93,0.631,7.83,6.69,0.48,-4.64,2.71,1.07,0.82,0.58,1,-1.29,neutral,bajista,0,0.15,32,9150,2,
s31425,STBLUSDT,1788140700000,train,-1,-6.39,0.553,9.85,7.25,0.12,-5.1,1.98,2.1,1.24,1.01,1,-1.29,neutral,neutral,0,-0.332,32,9150,1,
s31426,WLDUSDT,1788140700000,train,-1,-5.25,0.623,7.06,6.27,0.57,-3.97,2.29,1.35,1.0,0.77,1,-1.29,neutral,bajista,0,-0.205,32,9150,2,
s31427,ARBUSDT,1788140700000,train,-1,-5.87,0.617,8.25,6.77,0.41,-4.58,2.19,2.2,1.64,1.0,1,-1.29,neutral,bajista,0,-0.396,32,9150,2,
s31428,OPUSDT,1788140700000,train,-1,-2.73,0.361,5.13,3.19,0.34,-1.44,1.1,1.81,1.12,0.67,1,-1.29,neutral,bajista,0,-0.181,32,9150,5,
s31429,INJUSDT,1788140700000,train,-1,-6.36,0.79,7.61,7.39,0.85,-5.07,2.78,1.22,0.89,0.65,1,-1.29,neutral,bajista,0,-0.349,32,9150,5,
s31430,SUIUSDT,1788140700000,train,-1,-4.63,0.599,7.3,5.46,0.57,-3.34,1.74,1.67,1.1,0.7,1,-1.29,neutral,bajista,0,-0.336,32,9150,5,
s31431,TIAUSDT,1788140700000,train,-1,-4.12,0.572,6.74,4.94,0.43,-2.83,1.63,1.28,0.86,0.68,1,-1.29,neutral,bajista,0,-0.206,32,9150,5,
s31432,SEIUSDT,1788140700000,train,-1,-3.23,0.579,5.02,4.0,0.79,-1.94,1.38,2.11,1.26,0.72,1,-1.29,neutral,bajista,0,-0.354,32,9150,2,
s31433,JUPUSDT,1788140700000,train,-1,-4.5,0.513,7.24,5.15,0.37,-3.21,1.38,1.0,0.85,0.67,1,-1.29,neutral,bajista,0,-0.255,32,9150,2,
s31434,PENDLEUSDT,1788140700000,train,-1,-3.72,0.419,6.49,4.25,1.07,-2.43,1.13,1.13,0.91,0.8,1,-1.29,neutral,bajista,0,-0.33,32,9150,2,
s31435,ONDOUSDT,1788140700000,train,-1,-4.04,0.585,6.31,4.82,0.5,-2.75,1.58,1.37,0.85,0.54,1,-1.29,neutral,bajista,0,-0.303,32,9149,2,
s31436,FETUSDT,1788140700000,train,-1,-3.9,0.462,6.42,4.87,0.6,-2.61,1.49,1.41,1.19,0.84,1,-1.29,neutral,bajista,0,-0.431,32,9149,2,
s31437,ARUSDT,1788140700000,testB,-1,-2.39,0.403,4.94,3.13,0.44,-1.1,0.95,0.95,0.65,0.37,1,-1.29,neutral,bajista,0,-1.0,13,9149,2,
s31438,LDOUSDT,1788140700000,testB,-1,-4.88,0.587,6.68,6.11,0.64,-3.59,2.25,1.39,0.99,0.65,1,-1.29,neutral,bajista,0,-0.15,32,9149,5,
s31439,SANDUSDT,1788140700000,testB,-1,-3.48,0.528,5.27,4.22,0.41,-2.19,1.39,1.65,0.88,0.54,1,-1.29,neutral,bajista,0,0.102,32,9149,4,
s31440,MANAUSDT,1788140700000,testB,-1,-3.36,0.504,5.33,3.96,0.81,-2.08,1.39,2.26,1.44,2.15,0,-1.29,neutral,neutral,0,0.292,32,9149,1,
s31441,AXSUSDT,1788140700000,testB,-1,-3.08,0.43,5.54,3.48,0.67,-1.79,1.11,1.74,0.99,0.68,1,-1.29,neutral,bajista,0,-1.0,19,9149,2,
s31442,PUMPUSDT,1788141600000,train,-1,-5.23,0.53,7.35,5.61,0.53,-4.44,1.96,1.22,0.94,0.63,1,-0.79,neutral,neutral,0,0.339,32,9151,0,
s31443,WLDUSDT,1788141600000,train,-1,-3.99,0.429,6.04,4.16,0.52,-3.2,1.11,1.26,1.07,0.77,1,-0.79,neutral,neutral,0,-0.073,32,9151,0,
s31444,ENAUSDT,1788141600000,train,-1,-5.87,0.611,8.2,6.23,0.44,-5.08,1.85,0.91,0.77,0.55,1,-0.79,neutral,neutral,0,-0.297,32,9151,0,
s31445,ARBUSDT,1788141600000,train,-1,-4.49,0.432,7.37,4.72,0.34,-3.7,0.93,2.1,1.7,1.01,1,-0.79,neutral,neutral,0,-0.266,32,9151,0,
s31446,INJUSDT,1788141600000,train,-1,-4.9,0.591,6.29,5.13,0.78,-4.11,1.78,1.22,0.88,0.66,1,-0.79,neutral,neutral,0,-0.423,32,9151,0,
s31447,TIAUSDT,1788141600000,train,-1,-3.12,0.405,5.77,3.22,0.69,-2.33,0.83,1.2,0.94,0.7,1,-0.79,neutral,neutral,0,-0.086,32,9151,0,
s31448,SEIUSDT,1788141600000,train,-1,-2.15,0.366,4.06,2.34,0.81,-1.36,0.64,1.86,1.39,0.73,1,-0.79,neutral,neutral,0,-0.282,32,9151,0,
s31449,JUPUSDT,1788141600000,train,-1,-4.34,0.503,6.34,4.53,0.47,-3.54,1.58,1.05,0.86,0.68,1,-0.79,neutral,bajista,0,-0.409,32,9151,3,
s31450,ONDOUSDT,1788141600000,train,-1,-2.62,0.354,5.12,2.66,0.46,-1.83,0.55,1.37,0.93,0.56,1,-0.79,neutral,neutral,0,-0.261,32,9150,0,
s31451,LDOUSDT,1788141600000,testB,-1,-3.88,0.433,5.6,4.18,0.61,-3.09,1.35,1.36,1.08,0.68,1,-0.79,neutral,neutral,0,0.082,32,9150,0,
s31452,SANDUSDT,1788141600000,testB,-1,-3.37,0.504,4.7,3.46,0.44,-2.58,1.13,1.65,0.97,0.55,1,-0.79,neutral,neutral,0,0.163,32,9150,0,
s31453,MANAUSDT,1788141600000,testB,-1,-2.88,0.416,4.75,3.0,0.47,-2.09,0.95,2.29,1.6,2.21,0,-0.79,neutral,neutral,0,0.616,32,9150,0,
s31454,PUMPUSDT,1788142500000,train,-1,-5.22,0.527,6.53,5.71,0.5,-4.56,2.63,1.22,0.94,0.63,1,-0.65,neutral,neutral,0,0.236,32,9152,1,
s31455,STBLUSDT,1788142500000,train,-1,-4.86,0.452,7.97,5.15,0.15,-4.21,1.49,2.01,1.26,1.02,1,-0.65,neutral,neutral,0,-0.436,32,9152,1,
s31456,WLDUSDT,1788142500000,train,-1,-3.38,0.387,5.23,3.67,0.5,-2.73,1.3,1.26,1.07,0.77,1,-0.65,neutral,neutral,0,-0.144,32,9152,1,
s31457,ENAUSDT,1788142500000,train,-1,-5.8,0.607,7.78,6.17,0.41,-5.14,1.99,0.91,0.77,0.55,1,-0.65,neutral,neutral,0,-0.411,32,9152,1,
s31458,ARBUSDT,1788142500000,train,-1,-4.1,0.407,6.8,4.45,0.34,-3.45,1.11,2.1,1.7,1.01,1,-0.65,neutral,neutral,0,-0.347,32,9152,1,
s31459,INJUSDT,1788142500000,train,-1,-4.42,0.564,6.05,4.97,0.63,-3.77,1.66,1.22,0.88,0.66,1,-0.65,neutral,neutral,0,-0.412,32,9152,1,
s31460,TIAUSDT,1788142500000,train,-1,-2.6,0.361,5.34,2.92,0.7,-1.95,0.84,1.2,0.94,0.7,1,-0.65,neutral,neutral,0,-0.179,32,9152,1,
s31461,JUPUSDT,1788142500000,train,-1,-3.62,0.456,5.61,3.85,0.46,-2.97,1.46,1.05,0.86,0.68,1,-0.65,neutral,bajista,0,-0.443,32,9152,4,
s31462,LDOUSDT,1788142500000,testB,-1,-3.38,0.396,4.67,4.1,0.7,-2.73,1.92,1.36,1.08,0.68,1,-0.65,neutral,neutral,0,-0.168,32,9151,1,
s31463,SANDUSDT,1788142500000,testB,-1,-2.72,0.441,4.3,3.01,0.45,-2.06,0.99,1.65,0.97,0.55,1,-0.65,neutral,neutral,0,0.25,32,9151,0,
s31464,MANAUSDT,1788142500000,testB,-1,-2.59,0.389,4.65,3.13,0.37,-1.94,1.04,2.29,1.6,2.21,0,-0.65,neutral,neutral,0,0.489,32,9151,1,
s31465,PUMPUSDT,1788143400000,train,-1,-5.81,0.554,6.75,6.33,0.62,-4.86,3.18,1.22,0.94,0.63,1,-0.95,neutral,bajista,0,0.044,32,9153,2,
s31466,STBLUSDT,1788143400000,train,-1,-3.36,0.354,6.54,3.63,0.2,-2.41,1.21,2.01,1.26,1.02,1,-0.95,neutral,neutral,0,-1.0,21,9153,0,
s31467,WLDUSDT,1788143400000,train,-1,-3.79,0.413,5.22,4.07,0.38,-2.84,1.52,1.26,1.07,0.77,1,-0.95,neutral,bajista,0,-0.301,32,9153,2,
s31468,ENAUSDT,1788143400000,train,-1,-5.23,0.555,7.53,5.69,0.33,-4.28,1.63,0.91,0.77,0.55,1,-0.95,neutral,neutral,0,-0.436,32,9153,0,
s31469,ARBUSDT,1788143400000,train,-1,-4.3,0.419,6.83,4.82,0.3,-3.35,1.41,2.1,1.7,1.01,1,-0.95,neutral,bajista,0,-0.37,32,9153,2,
s31470,INJUSDT,1788143400000,train,-1,-4.65,0.583,5.78,4.9,0.26,-3.7,1.7,1.22,0.88,0.66,1,-0.95,neutral,bajista,0,-0.523,32,9153,2,
s31471,SUIUSDT,1788143400000,train,-1,-3.37,0.385,5.84,3.7,0.36,-2.42,1.2,1.66,1.17,0.71,1,-0.95,neutral,bajista,0,-0.49,32,9153,2,
s31472,TIAUSDT,1788143400000,train,-1,-2.78,0.377,5.17,3.02,0.66,-1.83,1.04,1.2,0.94,0.7,1,-0.95,neutral,bajista,0,-0.316,32,9153,2,
s31473,SEIUSDT,1788143400000,train,-1,-2.64,0.43,3.97,2.78,0.63,-1.69,0.99,1.86,1.39,0.73,1,-0.95,neutral,neutral,0,-0.459,32,9153,1,
s31474,JUPUSDT,1788143400000,train,-1,-3.54,0.449,5.19,3.77,0.49,-2.59,1.65,1.05,0.86,0.68,1,-0.95,neutral,bajista,0,-0.636,32,9153,5,
s31475,LDOUSDT,1788143400000,testB,-1,-4.29,0.471,5.06,4.88,0.95,-3.34,2.41,1.36,1.08,0.68,1,-0.95,neutral,bajista,0,-0.45,32,9152,2,
s31476,SANDUSDT,1788143400000,testB,-1,-2.88,0.455,4.31,3.4,0.32,-1.93,1.25,1.65,0.97,0.55,1,-0.95,neutral,neutral,0,0.198,32,9152,1,
s31477,MANAUSDT,1788143400000,testB,-1,-3.23,0.473,4.65,3.56,0.33,-2.28,1.36,2.29,1.6,2.21,0,-0.95,neutral,bajista,0,0.302,32,9152,2,
s31478,WLDUSDT,1788144300000,train,-1,-3.71,0.406,5.22,4.05,0.34,-2.5,1.33,1.26,1.07,0.77,1,-1.21,neutral,neutral,0,-0.283,32,9154,0,
s31479,ENAUSDT,1788144300000,train,-1,-5.54,0.569,7.29,6.05,0.35,-4.33,1.9,0.91,0.77,0.55,1,-1.21,neutral,neutral,0,-0.46,32,9154,1,
s31480,ARBUSDT,1788144300000,train,-1,-4.81,0.45,6.78,5.26,0.28,-3.6,1.68,2.1,1.7,1.01,1,-1.21,neutral,bajista,0,-0.454,32,9154,3,
s31481,INJUSDT,1788144300000,train,-1,-4.29,0.561,5.2,4.52,0.24,-3.08,1.63,1.22,0.88,0.66,1,-1.21,neutral,bajista,0,-0.563,32,9154,3,
s31482,SUIUSDT,1788144300000,train,-1,-3.49,0.394,5.7,3.69,0.33,-2.28,1.15,1.66,1.17,0.71,1,-1.21,neutral,bajista,0,-0.679,32,9154,3,
s31483,TIAUSDT,1788144300000,train,-1,-2.67,0.366,4.84,2.81,0.63,-1.46,1.02,1.2,0.94,0.7,1,-1.21,neutral,bajista,0,-0.407,32,9154,3,
s31484,SEIUSDT,1788144300000,train,-1,-2.89,0.455,3.98,3.02,0.35,-1.67,1.05,1.86,1.39,0.73,1,-1.21,neutral,bajista,0,-0.598,32,9154,2,
s31485,JUPUSDT,1788144300000,train,-1,-3.54,0.449,5.09,3.67,0.52,-2.33,1.43,1.05,0.86,0.68,1,-1.21,neutral,neutral,0,-0.76,32,9154,0,
s31486,ONDOUSDT,1788144300000,train,-1,-2.7,0.358,4.41,2.8,0.37,-1.49,1.1,1.37,0.93,0.56,1,-1.21,neutral,bajista,0,-0.531,32,9153,3,
s31487,LDOUSDT,1788144300000,testB,-1,-4.11,0.445,5.23,4.31,0.9,-2.9,1.7,1.36,1.08,0.68,1,-1.21,neutral,neutral,0,-0.433,32,9153,0,
s31488,SANDUSDT,1788144300000,testB,-1,-3.37,0.522,4.08,3.49,0.33,-2.16,1.43,1.65,0.97,0.55,1,-1.21,neutral,bajista,0,0.062,32,9153,2,
s31489,MANAUSDT,1788144300000,testB,-1,-3.63,0.516,4.67,3.9,0.63,-2.42,1.5,2.29,1.6,2.21,0,-1.21,neutral,bajista,0,0.155,32,9153,3,
s31490,ENAUSDT,1788145200000,train,-1,-4.71,0.48,6.82,5.13,0.29,-3.79,1.25,0.89,0.76,0.55,1,-0.92,neutral,neutral,0,-0.408,32,9155,0,
s31491,INJUSDT,1788145200000,train,-1,-3.04,0.388,4.57,3.18,0.28,-2.13,0.74,1.08,0.85,0.67,1,-0.92,neutral,neutral,0,-0.51,32,9155,0,
s31492,JUPUSDT,1788145200000,train,-1,-2.98,0.387,4.74,3.12,0.31,-2.07,1.01,1.04,0.77,0.68,1,-0.92,neutral,neutral,0,-1.0,32,9155,0,
s31493,LDOUSDT,1788145200000,testB,-1,-3.57,0.397,4.88,3.82,0.82,-2.66,1.22,1.27,1.1,0.69,1,-0.92,neutral,neutral,0,-0.383,32,9154,0,
s31494,SANDUSDT,1788145200000,testB,-1,-2.46,0.37,3.76,2.61,0.28,-1.55,0.71,1.49,1.03,0.54,1,-0.92,neutral,neutral,0,0.186,32,9154,0,
s31495,MANAUSDT,1788145200000,testB,-1,-3.0,0.441,4.27,3.3,0.57,-2.08,1.11,2.07,1.62,1.71,0,-0.92,neutral,neutral,0,0.275,32,9154,0,
s31496,PUMPUSDT,1788146100000,train,-1,-5.26,0.48,8.35,6.51,1.36,-5.31,3.68,1.26,0.97,0.65,1,0.05,neutral,neutral,0,-0.199,32,9156,0,
s31497,STBLUSDT,1788146100000,train,1,2.77,0.603,3.39,3.31,0.16,2.72,-0.15,1.91,1.26,1.02,1,0.05,neutral,alcista,0,0.477,32,9156,4,
s31498,APEUSDT,1788146100000,testB,1,2.42,0.5,4.57,4.5,0.21,2.36,0.66,2.46,1.66,0.9,1,0.05,neutral,alcista,0,0.164,32,9155,2,
s31499,ASTERUSDT,1788147000000,train,1,2.27,0.409,3.9,3.85,0.36,1.8,0.67,1.18,0.87,0.54,1,0.46,neutral,alcista,0,-0.212,32,9157,3,
s31500,XPLUSDT,1788147000000,train,1,5.45,0.459,6.32,5.98,0.38,4.98,1.75,1.16,0.9,0.63,1,0.46,neutral,alcista,0,-0.215,32,9157,3,
s31501,STXUSDT,1788147000000,testB,1,3.57,0.35,4.84,4.56,0.44,3.11,1.25,0.39,0.28,0.22,1,0.46,neutral,alcista,0,0.126,32,9156,5,
s31502,GRTUSDT,1788147000000,testB,1,2.0,0.364,3.55,3.0,0.51,1.54,0.24,0.87,0.64,0.44,1,0.46,neutral,neutral,0,-0.061,32,9156,0,
s31503,APEUSDT,1788147000000,testB,1,3.79,0.694,5.41,5.41,0.51,3.33,1.46,2.46,1.66,0.9,1,0.46,neutral,alcista,0,-0.027,32,9156,3,
s31504,ASTERUSDT,1788147900000,train,1,2.42,0.447,2.92,2.71,0.45,2.3,0.47,1.18,0.87,0.54,1,0.12,neutral,neutral,0,-0.212,32,9158,0,
s31505,XPLUSDT,1788147900000,train,1,4.18,0.398,4.56,4.35,0.44,4.06,1.83,1.16,0.9,0.63,1,0.12,neutral,alcista,0,-0.336,32,9158,4,
s31506,PUMPUSDT,1788147900000,train,-1,-4.14,0.405,8.28,5.72,0.71,-4.26,2.36,1.26,0.97,0.65,1,0.12,neutral,neutral,0,-0.086,32,9158,1,
s31507,STXUSDT,1788147900000,testB,1,4.7,0.462,5.11,4.86,0.48,4.59,1.55,0.39,0.28,0.22,1,0.12,neutral,alcista,0,0.059,32,9157,6,
s31508,APEUSDT,1788147900000,testB,1,3.48,0.657,4.09,3.8,0.75,3.36,1.3,2.46,1.66,0.9,1,0.12,neutral,neutral,0,-0.077,32,9157,0,
s31509,PUMPUSDT,1788148800000,train,-1,-5.76,0.498,8.42,7.4,0.9,-5.55,3.26,1.25,0.98,0.65,1,-0.21,neutral,bajista,0,-0.372,32,9159,2,
s31510,JUPUSDT,1788148800000,train,-1,-2.13,0.431,3.32,3.22,0.96,-1.92,1.61,1.03,0.76,0.66,1,-0.21,neutral,bajista,0,-1.0,18,9159,2,
s31511,SANDUSDT,1788148800000,testB,-1,-2.06,0.352,3.81,3.37,0.92,-1.85,1.7,1.74,1.19,0.57,1,-0.21,neutral,neutral,0,-0.52,32,9158,1,
s31512,APEUSDT,1788148800000,testB,1,2.79,0.536,3.59,2.79,1.38,3.0,1.26,2.42,1.67,0.93,1,-0.21,neutral,neutral,0,0.026,32,9158,0,
s31513,PUMPUSDT,1788149700000,train,-1,-5.69,0.492,8.37,6.84,0.82,-5.19,2.35,1.25,0.98,0.65,1,-0.5,neutral,neutral,0,-0.259,32,9160,0,
s31514,JUPUSDT,1788149700000,train,-1,-2.17,0.446,3.31,2.71,1.17,-1.67,0.87,1.03,0.76,0.66,1,-0.5,neutral,neutral,0,-1.0,17,9160,0,
s31515,PENDLEUSDT,1788149700000,train,-1,-2.87,0.421,4.1,4.09,0.38,-2.37,1.09,1.21,0.99,0.88,1,-0.5,neutral,bajista,0,-1.0,31,9160,3,
s31516,SANDUSDT,1788149700000,testB,-1,-2.72,0.52,3.81,3.4,1.85,-2.21,1.56,1.74,1.19,0.57,1,-0.5,neutral,bajista,0,-0.452,32,9159,2,
s31517,MANAUSDT,1788149700000,testB,-1,-2.07,0.426,2.87,2.79,0.49,-1.56,0.89,2.05,1.53,1.44,1,-0.5,neutral,bajista,0,0.03,32,9159,3,
s31518,APEUSDT,1788149700000,testB,1,2.25,0.484,3.0,2.27,1.47,2.75,1.26,2.42,1.67,0.93,1,-0.5,neutral,neutral,0,-0.065,32,9159,1,
s31519,PUMPUSDT,1788150600000,train,-1,-5.74,0.501,7.97,6.09,0.67,-5.15,1.91,1.25,0.98,0.65,1,-0.59,neutral,neutral,0,-0.185,32,9161,0,
s31520,JUPUSDT,1788150600000,train,-1,-2.46,0.505,3.06,2.62,1.32,-1.87,0.97,1.03,0.76,0.66,1,-0.59,neutral,neutral,0,-1.0,16,9161,1,
s31521,PENDLEUSDT,1788150600000,train,-1,-2.62,0.371,3.58,3.13,0.38,-2.03,0.73,1.21,0.99,0.88,1,-0.59,neutral,neutral,0,-1.0,17,9161,0,
s31522,SANDUSDT,1788150600000,testB,-1,-3.09,0.574,3.82,3.68,2.29,-2.5,1.71,1.74,1.19,0.57,1,-0.59,neutral,bajista,0,-0.381,32,9160,3,
s31523,MANAUSDT,1788150600000,testB,-1,-2.08,0.43,2.78,2.36,0.47,-1.49,0.67,2.05,1.53,1.44,1,-0.59,neutral,neutral,0,0.304,32,9160,0,
s31524,APEUSDT,1788150600000,testB,1,2.39,0.5,2.99,2.56,1.06,2.98,1.37,2.42,1.67,0.93,1,-0.59,neutral,alcista,0,-0.543,32,9160,2,
s31525,PUMPUSDT,1788151500000,train,-1,-4.93,0.441,7.31,5.18,0.51,-4.52,1.52,1.25,0.98,0.65,1,-0.41,neutral,neutral,0,-0.208,32,9162,0,
s31526,SANDUSDT,1788151500000,testB,-1,-3.13,0.59,3.97,3.34,3.01,-2.73,1.37,1.74,1.19,0.57,1,-0.41,neutral,neutral,0,-0.475,32,9161,0,
s31527,APEUSDT,1788151500000,testB,1,2.01,0.443,2.92,2.41,1.0,2.42,1.12,2.42,1.67,0.93,1,-0.41,neutral,neutral,0,-0.606,32,9161,0,
s31528,XPLUSDT,1788152400000,train,1,4.79,0.457,6.31,5.61,1.05,4.65,2.8,0.96,0.94,0.68,1,0.14,neutral,alcista,0,-0.693,32,9163,3,
s31529,PUMPUSDT,1788152400000,train,-1,-4.33,0.408,6.95,4.93,0.34,-4.47,1.54,0.9,0.94,0.65,0,0.14,neutral,neutral,0,-0.343,32,9163,1,
s31530,ARUSDT,1788152400000,testB,1,2.67,0.487,4.3,3.78,1.42,2.53,2.19,0.91,0.86,0.47,1,0.14,neutral,alcista,0,-0.5,32,9162,3,
s31531,SANDUSDT,1788152400000,testB,-1,-2.03,0.392,3.68,2.45,2.7,-2.17,0.89,1.36,1.31,0.61,1,0.14,neutral,neutral,0,-0.5,32,9162,0,
s31532,APEUSDT,1788152400000,testB,1,2.39,0.485,2.55,2.4,0.91,2.25,1.27,1.34,1.76,0.98,0,0.14,neutral,neutral,0,-0.758,32,9162,1,
s31533,XPLUSDT,1788153300000,train,1,5.27,0.482,6.85,6.23,1.42,4.97,2.94,0.96,0.94,0.68,1,0.3,neutral,alcista,0,-0.734,32,9164,4,
s31534,PUMPUSDT,1788153300000,train,-1,-4.26,0.399,6.72,4.5,0.39,-4.56,1.27,0.9,0.94,0.65,0,0.3,neutral,neutral,0,-0.193,32,9164,0,
s31535,FETUSDT,1788153300000,train,1,2.69,0.351,4.05,3.53,1.75,2.39,1.99,0.75,1.22,0.9,0,0.3,neutral,alcista,0,-0.352,32,9163,4,
s31536,ARUSDT,1788153300000,testB,1,3.88,0.58,5.0,4.91,1.76,3.58,3.02,0.91,0.86,0.47,1,0.3,neutral,alcista,0,-0.6,32,9163,4,
s31537,APEUSDT,1788153300000,testB,1,2.6,0.507,2.97,2.97,1.44,2.3,1.66,1.34,1.76,0.98,0,0.3,neutral,alcista,0,-0.732,32,9163,2,
s31538,XPLUSDT,1788154200000,train,1,5.86,0.55,6.85,6.33,1.37,5.57,2.73,0.96,0.94,0.68,1,0.29,neutral,alcista,0,-0.804,32,9165,5,
s31539,PUMPUSDT,1788154200000,train,-1,-3.57,0.356,6.21,4.08,0.37,-3.87,1.15,0.9,0.94,0.65,0,0.29,neutral,neutral,0,-1.0,14,9165,1,
s31540,FETUSDT,1788154200000,train,1,2.7,0.351,4.07,3.22,1.91,2.4,1.53,0.75,1.22,0.9,0,0.29,neutral,neutral,0,-0.429,32,9164,0,
s31541,ARUSDT,1788154200000,testB,1,3.79,0.557,5.34,4.68,2.24,3.5,2.52,0.91,0.86,0.47,1,0.29,neutral,neutral,0,-0.66,32,9164,0,
s31542,AXSUSDT,1788154200000,testB,1,2.17,0.415,3.01,2.62,1.49,1.87,1.19,1.0,1.11,0.69,0,0.29,neutral,neutral,0,-0.06,32,9164,0,
s31543,APEUSDT,1788154200000,testB,1,2.01,0.351,2.99,2.33,1.41,1.71,0.86,1.34,1.76,0.98,0,0.29,neutral,neutral,0,-0.844,32,9164,0,
s31544,XPLUSDT,1788155100000,train,1,6.42,0.627,6.74,6.09,1.32,5.93,2.42,0.96,0.94,0.68,1,0.48,neutral,neutral,0,-0.912,32,9166,0,
s31545,INJUSDT,1788155100000,train,1,2.78,0.469,3.64,2.97,2.05,2.3,1.25,0.7,0.84,0.68,0,0.48,neutral,neutral,0,-0.584,32,9166,1,
s31546,FETUSDT,1788155100000,train,1,3.11,0.418,4.07,3.28,1.97,2.63,1.57,0.75,1.22,0.9,0,0.48,neutral,neutral,0,-0.56,32,9165,1,
s31547,ARUSDT,1788155100000,testB,1,4.11,0.627,5.35,4.46,1.94,3.62,2.07,0.91,0.86,0.47,1,0.48,neutral,neutral,0,-0.684,32,9165,0,
s31548,STXUSDT,1788155100000,testB,1,4.58,0.517,5.02,4.74,1.0,4.1,2.07,0.36,0.29,0.24,1,0.48,neutral,neutral,0,-0.195,32,9165,1,
s31549,AXSUSDT,1788155100000,testB,1,2.54,0.483,3.01,2.81,1.63,2.05,1.33,1.0,1.11,0.69,0,0.48,neutral,neutral,0,-0.179,32,9165,1,
s31550,APEUSDT,1788155100000,testB,1,2.08,0.359,2.99,2.4,1.59,1.6,0.84,1.34,1.76,0.98,0,0.48,neutral,neutral,0,-1.0,32,9165,1,
s31551,PUMPUSDT,1788156000000,train,-1,-3.51,0.37,5.77,3.66,0.48,-3.61,0.92,0.82,0.95,0.66,0,0.11,neutral,neutral,0,-1.0,12,9167,1,
s31552,INJUSDT,1788156000000,train,1,2.15,0.408,3.36,2.96,2.24,2.04,1.48,0.63,0.86,0.69,0,0.11,neutral,alcista,0,-0.705,32,9167,2,
s31553,ARUSDT,1788156000000,testB,1,2.58,0.371,5.12,3.27,1.59,2.47,1.01,0.89,0.89,0.49,0,0.11,neutral,neutral,0,-0.667,32,9166,0,
s31554,STXUSDT,1788156000000,testB,1,3.45,0.449,5.1,4.46,1.38,3.34,1.9,0.3,0.31,0.24,0,0.11,neutral,neutral,0,-0.198,32,9166,0,
s31555,AXSUSDT,1788156000000,testB,1,2.59,0.489,3.48,3.44,1.68,2.48,1.76,0.81,1.17,0.71,0,0.11,neutral,alcista,0,-0.379,32,9166,2,
s31556,XPLUSDT,1788156900000,train,1,3.42,0.457,5.03,4.2,0.83,3.23,1.91,0.78,0.9,0.69,0,0.19,neutral,neutral,0,-1.0,25,9168,1,
s31557,INJUSDT,1788156900000,train,1,2.03,0.376,3.36,2.77,1.93,1.84,1.22,0.63,0.86,0.69,0,0.19,neutral,neutral,0,-0.619,32,9168,0,
s31558,ARUSDT,1788156900000,testB,1,2.87,0.418,5.11,3.36,1.38,2.69,1.02,0.89,0.89,0.49,0,0.19,neutral,neutral,0,-0.592,32,9167,1,
s31559,STXUSDT,1788156900000,testB,1,4.61,0.625,5.13,4.81,1.02,4.42,2.09,0.3,0.31,0.24,0,0.19,neutral,neutral,0,-0.15,32,9167,1,
s31560,AXSUSDT,1788156900000,testB,1,2.74,0.532,3.64,3.39,1.62,2.55,1.6,0.81,1.17,0.71,0,0.19,neutral,neutral,0,-0.405,32,9167,0,
s31561,APEUSDT,1788156900000,testB,1,2.08,0.424,2.98,2.47,0.93,1.89,0.71,1.17,1.8,1.0,0,0.19,neutral,alcista,0,-1.0,30,9167,3,
s31562,XPLUSDT,1788157800000,train,1,3.15,0.405,5.06,3.63,0.82,2.66,1.27,0.78,0.9,0.69,0,0.49,neutral,neutral,0,-1.0,24,9169,0,
s31563,ARUSDT,1788157800000,testB,1,3.03,0.449,5.12,3.22,0.95,2.54,0.86,0.89,0.89,0.49,0,0.49,neutral,neutral,0,-0.368,32,9168,0,
s31564,STXUSDT,1788157800000,testB,1,3.85,0.489,5.16,4.23,1.13,3.36,1.51,0.3,0.31,0.24,0,0.49,neutral,neutral,0,-0.01,32,9168,0,
s31565,AXSUSDT,1788157800000,testB,1,2.88,0.57,4.04,3.2,1.75,2.39,1.29,0.81,1.17,0.71,0,0.49,neutral,neutral,0,-0.111,32,9168,0,
s31566,XPLUSDT,1788158700000,train,1,3.64,0.464,4.94,3.76,0.76,2.85,0.96,0.78,0.9,0.69,0,0.79,neutral,neutral,0,-1.0,23,9170,1,
s31567,ARBUSDT,1788158700000,train,1,2.33,0.495,2.81,2.39,0.75,1.54,0.68,0.79,1.49,1.06,0,0.79,neutral,neutral,0,0.456,32,9170,1,
s31568,INJUSDT,1788158700000,train,1,2.38,0.432,3.24,2.59,1.01,1.6,0.9,0.63,0.86,0.69,0,0.79,neutral,neutral,0,0.038,32,9170,1,
s31569,FETUSDT,1788158700000,train,1,2.29,0.354,3.82,2.5,1.4,1.51,0.62,0.76,1.13,0.92,0,0.79,neutral,alcista,0,0.026,32,9169,2,
s31570,ARUSDT,1788158700000,testB,1,2.88,0.437,4.88,3.03,0.68,2.09,0.75,0.89,0.89,0.49,0,0.79,neutral,neutral,0,-0.422,32,9169,1,
s31571,STXUSDT,1788158700000,testB,1,3.75,0.484,4.42,3.74,1.0,2.97,1.44,0.3,0.31,0.24,0,0.79,neutral,neutral,0,0.022,32,9169,1,
s31572,AXSUSDT,1788158700000,testB,1,2.98,0.597,3.86,3.04,1.64,2.2,1.1,0.81,1.17,0.71,0,0.79,neutral,neutral,0,-0.084,32,9169,1,
s31573,XPLUSDT,1788159600000,train,1,3.27,0.44,4.0,3.28,0.58,2.65,1.34,0.88,0.94,0.73,0,0.62,neutral,alcista,0,-1.0,14,9171,2,
s31574,INJUSDT,1788159600000,train,1,2.0,0.391,2.9,2.6,0.93,1.38,1.15,0.48,0.85,0.7,0,0.62,neutral,alcista,0,-0.527,32,9171,2,
s31575,ARUSDT,1788159600000,testB,1,2.73,0.412,4.7,2.75,0.44,2.11,0.62,0.9,0.92,0.52,0,0.62,neutral,neutral,0,-0.655,32,9170,0,
s31576,STXUSDT,1788159600000,testB,1,3.73,0.484,4.63,4.39,0.77,3.11,2.03,0.29,0.32,0.25,0,0.62,neutral,alcista,0,-0.427,32,9170,2,
s31577,AXSUSDT,1788159600000,testB,1,3.4,0.629,3.47,3.41,1.39,2.79,1.72,0.7,1.22,0.73,0,0.62,neutral,alcista,0,-0.455,32,9170,2,
s31578,ARUSDT,1788160500000,testB,1,2.52,0.394,4.45,2.74,0.44,1.89,0.81,0.9,0.92,0.52,0,0.64,neutral,neutral,0,-1.0,26,9171,1,
s31579,STXUSDT,1788160500000,testB,1,2.75,0.387,4.64,4.2,0.73,2.12,1.63,0.29,0.32,0.25,0,0.64,neutral,neutral,0,-0.514,32,9171,0,
s31580,AXSUSDT,1788160500000,testB,1,2.95,0.563,3.58,3.08,1.36,2.32,1.47,0.7,1.22,0.73,0,0.64,neutral,neutral,0,-0.366,32,9171,0,
s31581,AXSUSDT,1788161400000,testB,1,2.14,0.41,3.6,2.7,1.03,1.57,0.98,0.7,1.22,0.73,0,0.57,neutral,neutral,0,-0.066,32,9172,0,
s31582,STBLUSDT,1788162300000,train,1,2.85,0.402,4.24,3.53,3.01,2.29,1.98,0.74,1.43,1.02,0,0.57,neutral,alcista,0,-1.0,18,9174,2,
s31583,PUMPUSDT,1788163200000,train,1,3.82,0.735,4.5,3.91,1.3,3.08,1.68,0.62,0.91,0.67,0,0.73,neutral,alcista,0,-0.415,32,9175,2,
s31584,ENAUSDT,1788163200000,train,1,2.69,0.401,4.15,3.28,0.65,1.95,0.71,0.45,0.68,0.57,0,0.73,neutral,neutral,0,0.053,32,9175,0,
s31585,JUPUSDT,1788163200000,train,1,2.48,0.735,2.9,2.47,0.72,1.74,0.68,0.49,0.77,0.69,0,0.73,neutral,neutral,0,1.137,32,9175,0,
s31586,PENDLEUSDT,1788163200000,train,1,2.22,0.43,2.92,2.51,0.78,1.48,0.77,0.52,0.92,0.92,0,0.73,neutral,neutral,0,0.135,32,9175,1,
s31587,AXSUSDT,1788163200000,testB,1,2.65,0.493,3.6,2.74,1.31,1.91,0.79,0.79,1.27,0.76,0,0.73,neutral,neutral,0,-0.331,32,9174,1,
s31588,PUMPUSDT,1788164100000,train,1,2.76,0.534,4.09,2.98,1.15,2.01,0.93,0.62,0.91,0.67,0,0.75,neutral,neutral,0,-0.338,32,9176,0,
s31589,STBLUSDT,1788164100000,train,1,3.84,0.46,4.19,3.85,4.26,3.09,2.03,0.96,1.5,1.04,0,0.75,neutral,neutral,0,-1.0,16,9176,1,
s31590,ENAUSDT,1788164100000,train,1,2.97,0.461,3.83,2.89,0.63,2.22,0.53,0.45,0.68,0.57,0,0.75,neutral,neutral,0,0.012,32,9176,0,
s31591,JUPUSDT,1788164100000,train,1,2.07,0.7,2.85,2.51,0.9,1.32,0.7,0.49,0.77,0.69,0,0.75,neutral,neutral,0,1.423,32,9176,1,
s31592,PENDLEUSDT,1788164100000,train,1,2.52,0.514,2.92,2.52,0.58,1.76,0.64,0.52,0.92,0.92,0,0.75,neutral,alcista,0,0.15,32,9176,2,
s31593,STXUSDT,1788164100000,testB,1,2.61,0.364,4.07,2.82,0.94,1.85,0.43,0.29,0.33,0.26,0,0.75,neutral,neutral,0,-0.471,32,9175,1,
s31594,AXSUSDT,1788164100000,testB,1,2.71,0.499,3.45,2.69,1.23,1.96,0.74,0.79,1.27,0.76,0,0.75,neutral,alcista,0,-0.263,32,9175,2,
s31595,PUMPUSDT,1788165000000,train,1,3.22,0.573,4.05,3.76,1.19,2.24,1.6,0.62,0.91,0.67,0,0.98,neutral,neutral,0,-0.303,32,9177,1,
s31596,STBLUSDT,1788165000000,train,1,3.29,0.399,4.19,3.63,5,2.31,1.62,0.96,1.5,1.04,0,0.98,neutral,neutral,0,-1.0,15,9177,0,
s31597,ENAUSDT,1788165000000,train,1,2.61,0.42,3.68,2.67,0.66,1.63,0.36,0.45,0.68,0.57,0,0.98,neutral,neutral,0,0.097,32,9177,0,
s31598,JUPUSDT,1788165000000,train,1,3.01,0.836,3.55,3.17,1.51,2.04,1.36,0.49,0.77,0.69,0,0.98,neutral,alcista,0,0.818,32,9177,2,
s31599,PENDLEUSDT,1788165000000,train,1,2.36,0.499,3.13,2.69,0.67,1.38,0.79,0.52,0.92,0.92,0,0.98,neutral,alcista,0,0.249,32,9177,3,
s31600,AXSUSDT,1788165000000,testB,1,2.42,0.471,3.1,2.47,1.22,1.44,0.79,0.79,1.27,0.76,0,0.98,neutral,alcista,0,-0.187,32,9176,3,
s31601,PUMPUSDT,1788165900000,train,1,3.14,0.568,4.18,3.73,1.1,2.04,1.82,0.62,0.91,0.67,0,1.1,neutral,alcista,0,-0.61,32,9178,2,
s31602,ENAUSDT,1788165900000,train,1,2.72,0.43,3.47,2.76,0.64,1.62,0.84,0.45,0.68,0.57,0,1.1,neutral,neutral,0,-0.175,32,9178,1,
s31603,JUPUSDT,1788165900000,train,1,2.66,0.73,3.32,2.74,1.79,1.57,1.23,0.49,0.77,0.69,0,1.1,neutral,neutral,0,0.912,32,9178,0,
s31604,PENDLEUSDT,1788165900000,train,1,2.9,0.55,3.26,2.91,1.11,1.8,1.46,0.52,0.92,0.92,0,1.1,neutral,alcista,0,-0.043,32,9178,4,
s31605,STXUSDT,1788165900000,testB,1,2.55,0.36,3.29,2.68,0.78,1.45,0.94,0.29,0.33,0.26,0,1.1,neutral,neutral,0,0.149,32,9177,1,
s31606,PUMPUSDT,1788166800000,train,1,3.9,0.643,4.74,4.31,1.02,2.75,2.14,0.56,0.91,0.68,0,1.14,neutral,alcista,0,-0.581,32,9179,3,
s31607,ENAUSDT,1788166800000,train,1,2.14,0.363,2.91,2.11,0.56,1.0,0.73,0.44,0.67,0.56,0,1.14,neutral,neutral,0,-1.0,21,9179,0,
s31608,JUPUSDT,1788166800000,train,1,2.11,0.606,2.84,2.07,1.9,0.97,0.87,0.55,0.8,0.69,0,1.14,neutral,neutral,0,1.279,32,9179,0,
s31609,PENDLEUSDT,1788166800000,train,1,2.31,0.467,2.77,2.26,1.3,1.17,1.23,0.55,0.91,0.94,0,1.14,neutral,neutral,0,-1.0,19,9179,0,
s31610,PUMPUSDT,1788167700000,train,1,2.79,0.415,4.78,3.49,0.87,1.97,1.09,0.56,0.91,0.68,0,0.82,neutral,neutral,0,-0.719,32,9180,0,
s31611,ARUSDT,1788167700000,testB,-1,-2.62,0.757,3.26,3.12,0.91,-3.44,0.68,0.9,0.95,0.59,0,0.82,neutral,neutral,0,0.308,32,9179,1,
s31612,PUMPUSDT,1788168600000,train,1,2.88,0.435,4.78,3.49,0.86,1.95,0.95,0.56,0.91,0.68,0,0.93,neutral,neutral,0,-0.418,32,9181,0,
s31613,ARUSDT,1788168600000,testB,-1,-2.39,0.739,3.26,2.98,0.93,-3.32,0.69,0.9,0.95,0.59,0,0.93,neutral,neutral,0,0.194,32,9180,0,
s31614,ARUSDT,1788169500000,testB,-1,-2.49,0.746,2.79,2.74,1.06,-3.13,1.09,0.9,0.95,0.59,0,0.64,neutral,neutral,0,-0.0,32,9181,1,
s31615,XPLUSDT,1788171300000,train,-1,-2.59,0.435,3.76,3.28,0.97,-3.13,1.6,0.76,0.94,0.73,0,0.54,neutral,neutral,0,0.505,32,9184,1,
s31616,XPLUSDT,1788172200000,train,-1,-2.07,0.38,3.9,3.35,1.16,-2.64,1.49,0.76,0.94,0.73,0,0.57,neutral,bajista,0,0.162,32,9185,2,
s31617,PENDLEUSDT,1788172200000,train,1,2.33,0.486,2.45,2.39,0.89,1.76,1.06,0.56,0.89,0.95,0,0.57,neutral,neutral,0,-1.0,12,9185,1,
s31618,XPLUSDT,1788173100000,train,-1,-2.32,0.446,3.9,3.35,1.04,-3.13,1.28,0.76,0.94,0.73,0,0.81,neutral,neutral,0,0.337,32,9186,0,
s31619,JUPUSDT,1788173100000,train,1,2.19,0.6,2.67,2.28,1.08,1.38,1.13,0.52,0.78,0.69,0,0.81,neutral,alcista,0,1.25,32,9186,2,
s31620,XPLUSDT,1788174000000,train,-1,-3.03,0.609,3.91,3.64,1.06,-3.67,1.46,0.65,0.81,0.72,0,0.64,neutral,neutral,0,0.267,32,9187,1,
s31621,JUPUSDT,1788174000000,train,1,2.47,0.63,3.08,2.7,1.29,1.83,1.52,0.56,0.57,0.7,0,0.64,neutral,alcista,0,1.035,32,9187,3,
s31622,XPLUSDT,1788174900000,train,-1,-2.85,0.577,3.26,2.92,0.62,-3.19,1.18,0.65,0.81,0.72,0,0.35,neutral,neutral,0,0.395,32,9188,0,
s31623,XPLUSDT,1788175800000,train,-1,-2.54,0.547,3.65,3.38,0.6,-2.69,1.62,0.65,0.81,0.72,0,0.15,neutral,neutral,0,0.265,32,9189,1,
s31624,XPLUSDT,1788176700000,train,-1,-2.46,0.533,3.47,3.17,0.55,-2.6,1.51,0.65,0.81,0.72,0,0.15,neutral,neutral,0,0.293,32,9190,0,
s31625,STBLUSDT,1788176700000,train,-1,-2.4,0.464,3.27,2.96,0.52,-2.55,1.22,0.9,0.78,1.02,0,0.15,neutral,bajista,0,1.013,32,9190,3,
s31626,XPLUSDT,1788177600000,train,-1,-2.21,0.458,3.45,2.67,0.79,-2.53,0.91,0.7,0.74,0.74,0,0.32,neutral,neutral,0,0.502,32,9191,0,
s31627,STBLUSDT,1788177600000,train,-1,-2.15,0.435,3.67,3.4,1.09,-2.47,1.46,1.06,0.78,1.02,0,0.32,neutral,bajista,0,0.727,32,9191,4,
s31628,JUPUSDT,1788177600000,train,1,2.18,0.474,2.89,2.51,0.85,1.86,1.04,0.61,0.57,0.71,0,0.32,neutral,alcista,0,0.868,32,9191,3,
s31629,XPLUSDT,1788178500000,train,-1,-2.3,0.467,3.46,3.01,0.91,-2.29,1.01,0.7,0.74,0.74,0,-0.01,neutral,neutral,0,0.588,32,9192,1,
s31630,STBLUSDT,1788178500000,train,-1,-3.59,0.842,4.19,3.76,1.39,-3.58,1.75,1.06,0.78,1.02,0,-0.01,neutral,bajista,0,0.505,32,9192,5,
s31631,XPLUSDT,1788179400000,train,-1,-3.33,0.608,3.92,3.49,1.08,-2.76,1.64,0.7,0.74,0.74,0,-0.57,neutral,bajista,0,0.197,32,9193,2,
s31632,STBLUSDT,1788179400000,train,-1,-3.93,0.854,4.33,4.05,1.54,-3.36,2.3,1.06,0.78,1.02,0,-0.57,neutral,bajista,0,0.433,32,9193,6,
s31633,XPLUSDT,1788180300000,train,-1,-2.96,0.578,4.3,3.6,1.51,-2.27,1.97,0.7,0.74,0.74,0,-0.69,neutral,bajista,0,0.081,32,9194,3,
s31634,STBLUSDT,1788180300000,train,-1,-3.32,0.83,4.53,3.83,2.35,-2.63,2.14,1.06,0.78,1.02,0,-0.69,neutral,bajista,0,0.469,32,9194,7,
s31635,XPLUSDT,1788181200000,train,-1,-2.77,0.52,4.29,3.38,1.47,-2.05,1.56,0.6,0.74,0.74,0,-0.72,neutral,neutral,0,0.457,32,9195,0,
s31636,PUMPUSDT,1788181200000,train,-1,-2.12,0.359,3.46,2.26,0.7,-1.4,-0.01,0.59,0.69,0.72,0,-0.72,neutral,neutral,0,-1.0,21,9195,0,
s31637,STBLUSDT,1788181200000,train,-1,-3.54,0.887,4.34,3.75,1.76,-2.83,2.18,0.87,0.8,1.01,0,-0.72,neutral,bajista,0,0.448,32,9195,8,
s31638,XPLUSDT,1788182100000,train,-1,-3.02,0.586,4.29,3.45,1.42,-2.27,1.5,0.6,0.74,0.74,0,-0.75,neutral,neutral,0,0.194,32,9196,1,
s31639,STBLUSDT,1788182100000,train,-1,-3.32,0.863,4.3,3.67,1.67,-2.57,1.91,0.87,0.8,1.01,0,-0.75,neutral,neutral,0,0.362,32,9196,0,
s31640,XPLUSDT,1788183000000,train,-1,-3.69,0.697,4.31,3.9,1.1,-2.8,1.63,0.6,0.74,0.74,0,-0.89,neutral,bajista,0,0.106,32,9197,2,
s31641,PUMPUSDT,1788183000000,train,-1,-2.39,0.385,3.24,3.06,0.85,-1.5,1.09,0.59,0.69,0.72,0,-0.89,neutral,bajista,0,-1.0,19,9197,2,
s31642,STBLUSDT,1788183000000,train,-1,-3.29,0.861,4.27,3.8,1.18,-2.4,1.77,0.87,0.8,1.01,0,-0.89,neutral,neutral,0,0.134,32,9197,1,
s31643,XPLUSDT,1788183900000,train,-1,-3.8,0.702,4.29,4.03,0.8,-2.97,2.03,0.6,0.74,0.74,0,-0.83,neutral,bajista,0,-0.0,32,9198,3,
s31644,STBLUSDT,1788183900000,train,-1,-3.26,0.86,4.27,3.84,0.73,-2.43,1.65,0.87,0.8,1.01,0,-0.83,neutral,bajista,0,0.102,32,9198,2,
s31645,APEUSDT,1788183900000,testB,-1,-2.12,0.644,2.69,2.54,1.53,-1.29,1.47,1.19,1.14,1.24,0,-0.83,neutral,bajista,0,-0.559,32,9197,2,
s31646,XPLUSDT,1788184800000,train,-1,-3.34,0.567,4.22,3.44,0.91,-2.54,1.41,0.61,0.67,0.77,0,-0.8,neutral,neutral,0,0.229,32,9199,0,
s31647,STBLUSDT,1788184800000,train,-1,-3.14,0.806,4.26,3.63,0.56,-2.34,1.3,0.68,0.82,1.04,0,-0.8,neutral,neutral,0,0.172,32,9199,0,
s31648,WLDUSDT,1788184800000,train,-1,-2.18,0.552,3.47,2.85,1.82,-1.38,1.28,0.85,0.72,0.88,0,-0.8,neutral,bajista,0,-1.0,18,9199,3,
s31649,INJUSDT,1788184800000,train,-1,-2.1,0.564,2.76,2.53,1.27,-1.31,1.03,0.43,0.45,0.66,0,-0.8,neutral,bajista,0,0.008,32,9199,4,
s31650,PENDLEUSDT,1788184800000,train,-1,-2.35,0.396,3.2,2.73,1.1,-1.56,1.08,0.66,0.59,0.8,0,-0.8,neutral,neutral,0,-1.0,14,9199,0,
s31651,XPLUSDT,1788185700000,train,-1,-2.19,0.426,3.62,2.66,0.93,-1.66,1.14,0.61,0.67,0.77,0,-0.52,neutral,neutral,0,0.407,32,9200,0,
s31652,STBLUSDT,1788185700000,train,-1,-3.22,0.81,4.26,3.72,0.57,-2.69,1.22,0.68,0.82,1.04,0,-0.52,neutral,neutral,0,0.232,32,9200,1,
s31653,STBLUSDT,1788186600000,train,-1,-3.1,0.774,4.26,3.63,0.56,-3.09,1.02,0.68,0.82,1.04,0,-0.02,neutral,neutral,0,0.247,32,9201,0,
s31654,STBLUSDT,1788187500000,train,-1,-3.26,0.782,4.54,3.8,0.9,-3.19,1.11,0.68,0.82,1.04,0,-0.07,neutral,neutral,0,0.155,32,9202,1,
s31655,STBLUSDT,1788188400000,train,-1,-3.71,0.86,4.52,4.08,1.06,-3.31,1.29,0.74,0.86,1.06,0,-0.4,neutral,bajista,0,0.087,32,9203,2,
s31656,STBLUSDT,1788189300000,train,-1,-3.53,0.853,4.05,3.58,1.05,-3.49,1.2,0.74,0.86,1.06,0,-0.04,neutral,neutral,0,0.143,32,9204,0,
s31657,STBLUSDT,1788190200000,train,-1,-2.84,0.822,3.67,2.92,1.43,-3.24,1.4,0.74,0.86,1.06,0,0.4,neutral,neutral,0,0.149,32,9205,1,
s31658,STBLUSDT,1788191100000,train,-1,-2.88,0.824,3.56,3.17,1.03,-3.21,1.6,0.74,0.86,1.06,0,0.33,neutral,bajista,0,0.05,32,9206,2,
s31659,SANDUSDT,1788191100000,testB,1,2.24,0.454,2.88,2.85,1.86,1.91,1.72,0.98,1.31,1.13,0,0.33,neutral,alcista,0,0.204,32,9205,3,
s31660,JUPUSDT,1788192900000,train,1,2.19,0.371,3.97,3.69,1.87,1.48,1.52,0.91,0.72,0.74,0,0.72,neutral,alcista,0,1.418,32,9208,2,
s31661,SANDUSDT,1788192900000,testB,1,2.1,0.39,3.49,2.88,1.42,1.39,1.5,0.95,1.24,1.19,0,0.72,neutral,neutral,0,0.404,32,9207,1,
s31662,JUPUSDT,1788193800000,train,1,2.64,0.478,3.97,3.51,1.9,1.57,1.17,0.91,0.72,0.74,0,1.07,neutral,neutral,0,1.413,32,9209,0,
s31663,SANDUSDT,1788193800000,testB,1,2.55,0.505,3.33,2.75,1.22,1.48,1.35,0.95,1.24,1.19,0,1.07,neutral,alcista,0,0.413,32,9208,2,
s31664,ARBUSDT,1788194700000,train,1,2.29,0.374,3.83,3.34,1.35,1.39,0.97,1.41,1.07,1.35,0,0.9,neutral,alcista,1,2.0,4,9210,2,
s31665,JUPUSDT,1788194700000,train,1,2.5,0.441,3.98,3.23,1.59,1.6,0.79,0.91,0.72,0.74,0,0.9,neutral,neutral,1,2.0,21,9210,0,
s31666,SANDUSDT,1788194700000,testB,1,2.13,0.451,3.33,2.69,1.07,1.23,1.12,0.95,1.24,1.19,0,0.9,neutral,neutral,0,0.392,32,9209,0,
s31667,ARBUSDT,1788195600000,train,1,4.36,0.533,5.52,5.38,1.76,3.53,2.89,3.0,1.8,1.74,1,0.83,neutral,alcista,1,2.0,13,9211,3,
s31668,JUPUSDT,1788195600000,train,1,2.4,0.424,3.99,3.19,1.31,1.57,0.76,0.93,0.74,0.75,0,0.83,neutral,neutral,1,2.0,20,9211,0,
s31669,LDOUSDT,1788195600000,testB,1,2.29,0.364,3.83,3.75,0.74,1.45,1.58,0.74,0.58,0.85,0,0.83,neutral,alcista,0,0.231,32,9210,3,
s31670,SANDUSDT,1788195600000,testB,1,2.64,0.505,3.39,3.31,0.81,1.81,1.62,1.04,1.16,1.22,0,0.83,neutral,neutral,0,-0.04,32,9210,1,
s31671,ARBUSDT,1788196500000,train,1,4.89,0.618,6.15,5.48,2.41,4.27,2.81,3.0,1.8,1.74,1,0.62,neutral,alcista,1,2.0,12,9212,4,
s31672,SANDUSDT,1788196500000,testB,1,2.96,0.539,3.87,3.59,0.88,2.35,1.78,1.04,1.16,1.22,0,0.62,neutral,alcista,0,-0.124,32,9211,2,
s31673,ARBUSDT,1788197400000,train,1,6.06,0.668,7.26,6.52,3.02,4.9,3.56,3.0,1.8,1.74,1,1.17,neutral,alcista,1,2.0,16,9213,5,
s31674,JUPUSDT,1788197400000,train,1,2.95,0.459,3.99,3.19,0.72,1.78,0.78,0.93,0.74,0.75,0,1.17,neutral,neutral,1,2.0,18,9213,1,
s31675,PENDLEUSDT,1788197400000,train,1,2.68,0.373,3.29,3.21,0.68,1.51,1.32,0.69,0.61,0.77,0,1.17,neutral,neutral,0,0.21,32,9213,1,
s31676,LDOUSDT,1788197400000,testB,1,3.34,0.483,4.54,4.12,1.07,2.17,1.75,0.74,0.58,0.85,0,1.17,neutral,neutral,0,0.527,32,9212,1,
s31677,SANDUSDT,1788197400000,testB,1,2.75,0.481,3.89,3.26,0.9,1.59,1.25,1.04,1.16,1.22,0,1.17,neutral,neutral,0,0.089,32,9212,0,
s31678,OPUSDT,1788198300000,train,1,2.64,0.404,3.65,2.96,1.28,1.32,1.88,1.19,0.88,1.05,0,1.32,neutral,alcista,1,2.0,24,9214,2,
s31679,TIAUSDT,1788198300000,train,1,2.31,0.369,2.68,2.56,2.55,0.99,1.64,0.93,0.93,1.06,0,1.32,neutral,alcista,0,1.024,32,9214,2,
s31680,JUPUSDT,1788198300000,train,1,3.19,0.485,3.65,3.04,0.65,1.86,0.87,0.93,0.74,0.75,0,1.32,neutral,alcista,1,2.0,17,9214,2,
s31681,PENDLEUSDT,1788198300000,train,1,3.17,0.459,3.94,3.09,1.01,1.85,1.28,0.69,0.61,0.77,0,1.32,neutral,alcista,0,0.099,32,9214,2,
s31682,LDOUSDT,1788198300000,testB,1,3.53,0.521,4.64,3.83,1.13,2.21,1.28,0.74,0.58,0.85,0,1.32,neutral,neutral,0,0.547,32,9213,0,
s31683,SANDUSDT,1788198300000,testB,1,2.86,0.491,3.88,3.41,0.82,1.54,1.26,1.04,1.16,1.22,0,1.32,neutral,neutral,0,-0.054,32,9213,1,
s31684,MANAUSDT,1788198300000,testB,1,2.42,0.39,3.37,2.45,0.53,1.1,0.34,1.71,1.27,1.42,0,1.32,neutral,neutral,0,0.284,32,9213,0,
s31685,OPUSDT,1788199200000,train,1,2.84,0.448,3.66,2.91,1.71,1.47,1.61,1.33,1.01,1.13,0,1.38,neutral,neutral,1,2.0,23,9215,0,
s31686,JUPUSDT,1788199200000,train,1,2.88,0.462,3.36,2.94,0.56,1.51,0.94,0.91,0.76,0.75,1,1.38,neutral,alcista,1,2.0,16,9215,3,
s31687,PENDLEUSDT,1788199200000,train,1,2.48,0.351,3.88,2.6,1.06,1.1,0.81,0.62,0.61,0.76,0,1.38,neutral,neutral,0,0.015,32,9215,0,
s31688,LDOUSDT,1788199200000,testB,1,3.68,0.545,4.47,3.72,1.18,2.3,1.2,0.69,0.61,0.83,0,1.38,neutral,neutral,0,0.549,32,9214,1,
s31689,SANDUSDT,1788199200000,testB,1,2.67,0.444,3.89,3.1,0.94,1.3,0.85,1.0,1.16,1.25,0,1.38,neutral,neutral,0,-0.22,32,9214,0,
s31690,MANAUSDT,1788199200000,testB,1,2.23,0.363,3.34,2.35,0.44,0.86,0.26,1.69,1.25,1.45,0,1.38,neutral,neutral,0,0.166,32,9214,0,
s31691,PUMPUSDT,1788200100000,train,1,3.94,0.387,4.56,4.2,1.23,2.83,2.83,0.57,0.57,0.74,0,1.11,neutral,alcista,0,0.102,32,9216,4,
s31692,OPUSDT,1788200100000,train,1,3.02,0.464,3.78,3.34,1.97,1.91,1.96,1.33,1.01,1.13,0,1.11,neutral,neutral,1,2.0,24,9216,1,
s31693,JUPUSDT,1788200100000,train,1,2.93,0.466,3.12,2.98,0.53,1.81,1.19,0.91,0.76,0.75,1,1.11,neutral,alcista,1,2.0,15,9216,4,
s31694,LDOUSDT,1788200100000,testB,1,3.88,0.56,4.4,4.13,1.24,2.77,1.94,0.69,0.61,0.83,0,1.11,neutral,alcista,0,0.208,32,9215,2,
s31695,SANDUSDT,1788200100000,testB,1,2.3,0.359,3.67,2.48,0.73,1.18,0.43,1.0,1.16,1.25,0,1.11,neutral,neutral,0,-0.138,32,9215,0,
s31696,PUMPUSDT,1788201000000,train,1,3.54,0.363,4.87,4.67,1.44,2.69,3.1,0.57,0.57,0.74,0,0.85,neutral,alcista,0,-0.033,32,9217,5,
s31697,JUPUSDT,1788201000000,train,1,2.22,0.402,2.82,2.77,0.52,1.37,1.94,0.91,0.76,0.75,1,0.85,neutral,alcista,0,0.433,32,9217,5,
s31698,LDOUSDT,1788201000000,testB,1,3.11,0.507,3.7,3.59,0.99,2.26,2.02,0.69,0.61,0.83,0,0.85,neutral,alcista,0,0.131,32,9216,3,
s31699,JUPUSDT,1788202800000,train,1,2.5,0.424,2.95,2.76,0.55,1.4,1.72,0.97,0.8,0.78,1,1.1,neutral,neutral,0,0.517,32,9219,1,
s31700,LDOUSDT,1788202800000,testB,1,2.57,0.413,3.73,2.95,0.93,1.47,1.02,0.64,0.61,0.82,0,1.1,neutral,neutral,0,0.575,32,9218,0,
s31701,SANDUSDT,1788202800000,testB,1,2.1,0.355,3.46,2.22,0.4,1.01,0.28,1.04,1.18,1.28,0,1.1,neutral,neutral,0,0.357,32,9218,1,
s31702,JUPUSDT,1788203700000,train,1,2.02,0.374,3.13,2.81,0.56,1.22,1.38,0.97,0.8,0.78,1,0.8,neutral,alcista,0,0.426,32,9220,2,
s31703,STXUSDT,1788203700000,testB,1,2.78,0.436,3.74,3.14,0.71,1.98,0.86,0.25,0.27,0.28,0,0.8,neutral,neutral,0,0.646,32,9219,0,
s31704,LDOUSDT,1788203700000,testB,1,2.19,0.376,3.14,2.37,0.63,1.38,0.79,0.64,0.61,0.82,0,0.8,neutral,neutral,0,0.776,32,9219,0,
s31705,ENAUSDT,1788204600000,train,-1,-2.57,0.37,3.43,2.74,0.62,-2.92,0.81,0.5,0.43,0.56,0,0.34,neutral,bajista,0,-0.676,32,9221,4,
s31706,STXUSDT,1788204600000,testB,1,2.37,0.372,3.75,2.95,0.74,2.02,0.54,0.25,0.27,0.28,0,0.34,neutral,neutral,0,0.784,32,9220,0,
s31707,OPUSDT,1788205500000,train,1,2.78,0.46,3.8,3.05,0.66,2.36,1.1,1.31,1.08,1.14,0,0.42,neutral,neutral,1,2.0,17,9222,1,
s31708,FETUSDT,1788205500000,train,1,2.07,0.365,3.73,2.81,1.04,1.65,1.23,0.87,0.83,0.95,0,0.42,neutral,alcista,0,0.907,32,9221,2,
s31709,STXUSDT,1788205500000,testB,1,2.7,0.446,3.71,2.79,0.89,2.29,0.56,0.25,0.27,0.28,0,0.42,neutral,neutral,0,0.857,32,9221,0,
s31710,OPUSDT,1788206400000,train,1,3.79,0.555,4.23,3.89,0.86,3.41,1.78,1.64,1.3,1.24,1,0.38,neutral,alcista,1,2.0,18,9223,2,
s31711,FETUSDT,1788206400000,train,1,2.07,0.365,3.72,2.94,1.06,1.69,1.22,0.89,0.84,0.93,0,0.38,neutral,alcista,0,0.911,32,9222,3,
s31712,STXUSDT,1788206400000,testB,1,3.07,0.478,3.61,3.25,0.74,2.69,1.08,0.22,0.26,0.28,0,0.38,neutral,neutral,0,0.537,32,9222,1,
s31713,WLDUSDT,1788207300000,train,1,2.44,0.39,3.5,3.12,0.8,2.09,1.29,0.68,0.76,0.84,0,0.34,neutral,alcista,0,0.509,32,9224,3,
s31714,OPUSDT,1788207300000,train,1,3.57,0.507,4.07,3.45,1.09,3.23,1.39,1.64,1.3,1.24,1,0.34,neutral,neutral,1,2.0,16,9224,0,
s31715,TIAUSDT,1788207300000,train,1,3.21,0.448,3.95,3.11,1.23,2.87,1.43,1.02,0.93,1.11,0,0.34,neutral,alcista,0,0.625,32,9224,3,
s31716,FETUSDT,1788207300000,train,1,2.41,0.45,3.79,2.94,1.27,2.06,1.07,0.89,0.84,0.93,0,0.34,neutral,neutral,0,0.867,32,9223,0,
s31717,STXUSDT,1788207300000,testB,1,2.98,0.471,3.29,2.94,0.72,2.64,0.95,0.22,0.26,0.28,0,0.34,neutral,neutral,0,0.608,32,9223,0,
s31718,WLDUSDT,1788208200000,train,1,2.12,0.358,3.69,3.14,0.91,1.91,1.3,0.68,0.76,0.84,0,0.21,neutral,alcista,0,0.478,32,9225,4,
s31719,OPUSDT,1788208200000,train,1,3.98,0.536,4.14,4.05,1.38,3.78,2.31,1.64,1.3,1.24,1,0.21,neutral,neutral,1,2.0,17,9225,1,
s31720,TIAUSDT,1788208200000,train,1,2.39,0.361,3.63,2.64,1.21,2.19,1.21,1.02,0.93,1.11,0,0.21,neutral,neutral,0,0.693,32,9225,0,
s31721,JUPUSDT,1788208200000,train,1,2.38,0.357,3.88,3.47,1.33,2.18,1.68,1.03,0.84,0.81,1,0.21,neutral,alcista,0,0.145,32,9225,3,
s31722,FETUSDT,1788208200000,train,1,2.26,0.436,3.78,3.19,1.45,2.06,1.3,0.89,0.84,0.93,0,0.21,neutral,neutral,0,0.673,32,9224,1,
s31723,PUMPUSDT,1788209100000,train,1,3.6,0.366,4.89,4.2,0.53,3.31,1.4,0.47,0.52,0.7,0,0.3,neutral,neutral,0,0.214,32,9226,0,
s31724,WLDUSDT,1788209100000,train,1,2.24,0.385,3.7,2.9,0.88,1.94,0.95,0.68,0.76,0.84,0,0.3,neutral,neutral,0,0.509,32,9226,0,
s31725,OPUSDT,1788209100000,train,1,3.53,0.46,5.37,3.66,2.18,3.23,1.79,1.64,1.3,1.24,1,0.3,neutral,neutral,1,2.0,15,9226,0,
s31726,TIAUSDT,1788209100000,train,1,2.55,0.393,3.63,2.64,1.29,2.25,1.08,1.02,0.93,1.11,0,0.3,neutral,neutral,0,0.568,32,9226,0,
s31727,JUPUSDT,1788209100000,train,1,2.58,0.396,3.88,3.38,1.48,2.28,1.42,1.03,0.84,0.81,1,0.3,neutral,neutral,0,0.095,32,9226,0,
s31728,FETUSDT,1788209100000,train,1,2.6,0.52,3.77,3.25,1.01,2.31,1.22,0.89,0.84,0.93,0,0.3,neutral,alcista,0,0.52,32,9225,2,
s31729,JUPUSDT,1788210000000,train,1,2.95,0.434,3.96,3.69,1.32,2.83,1.47,0.99,0.88,0.85,1,0.13,neutral,neutral,0,0.185,32,9227,1,
s31730,WLDUSDT,1788210900000,train,1,2.67,0.463,3.48,2.63,0.95,2.14,0.68,0.67,0.75,0.83,0,0.54,neutral,neutral,0,0.802,32,9228,1,
s31731,OPUSDT,1788210900000,train,1,3.05,0.387,5.26,3.02,1.8,2.51,0.96,2.03,1.49,1.23,1,0.54,neutral,neutral,1,2.0,12,9228,1,
s31732,JUPUSDT,1788210900000,train,1,4.2,0.631,4.17,4.03,1.16,3.67,1.81,0.99,0.88,0.85,1,0.54,neutral,alcista,0,0.045,32,9228,2,
s31733,FETUSDT,1788210900000,train,1,2.68,0.571,3.66,2.74,0.8,2.15,0.68,0.88,0.84,0.9,0,0.54,neutral,neutral,0,0.833,32,9227,1,
s31734,WLDUSDT,1788211800000,train,1,2.46,0.444,2.87,2.43,0.87,2.27,1.04,0.67,0.75,0.83,0,0.19,neutral,alcista,0,0.719,32,9229,2,
s31735,OPUSDT,1788211800000,train,1,3.19,0.399,4.38,3.09,1.62,3.0,1.71,2.03,1.49,1.23,1,0.19,neutral,alcista,1,2.0,11,9229,2,
s31736,JUPUSDT,1788211800000,train,1,4.74,0.66,4.75,4.66,1.39,4.55,2.79,0.99,0.88,0.85,1,0.19,neutral,alcista,0,-0.135,32,9229,3,
s31737,FETUSDT,1788211800000,train,1,2.81,0.583,3.25,2.8,0.73,2.62,1.06,0.88,0.84,0.9,0,0.19,neutral,alcista,0,0.907,32,9228,2,
s31738,WLDUSDT,1788212700000,train,1,2.03,0.386,2.92,2.35,0.79,1.95,0.85,0.67,0.75,0.83,0,0.08,neutral,neutral,0,0.884,32,9230,0,
s31739,OPUSDT,1788212700000,train,1,3.03,0.39,4.75,3.72,1.39,2.95,2.48,2.03,1.49,1.23,1,0.08,neutral,alcista,1,2.0,13,9230,3,
s31740,JUPUSDT,1788212700000,train,1,5.71,0.701,5.76,5.71,1.42,5.63,3.56,0.99,0.88,0.85,1,0.08,neutral,alcista,0,-0.318,32,9230,4,
s31741,FETUSDT,1788212700000,train,1,2.13,0.444,3.26,2.48,0.65,2.05,0.62,0.88,0.84,0.9,0,0.08,neutral,neutral,0,1.158,32,9229,0,
s31742,OPUSDT,1788213600000,train,1,2.9,0.367,4.76,3.55,1.55,3.0,2.13,2.48,1.75,1.32,1,-0.1,neutral,neutral,1,2.0,11,9231,0,
s31743,JUPUSDT,1788213600000,train,1,5.14,0.618,6.13,4.98,1.87,5.24,2.98,0.98,0.95,0.87,1,-0.1,neutral,neutral,0,-0.375,32,9231,0,
s31744,FETUSDT,1788213600000,train,1,2.07,0.425,3.14,2.16,0.56,2.17,0.49,0.79,0.79,0.88,0,-0.1,neutral,neutral,0,1.273,32,9230,0,
s31745,JUPUSDT,1788214500000,train,1,4.85,0.605,5.82,4.67,1.89,5.02,2.59,0.98,0.95,0.87,1,-0.17,neutral,neutral,0,-0.343,32,9232,1,
s31746,XPLUSDT,1788215400000,train,-1,-2.55,0.505,3.03,2.61,0.56,-1.88,0.75,0.38,0.48,0.71,0,-0.66,neutral,neutral,0,0.086,32,9233,0,
s31747,OPUSDT,1788215400000,train,1,3.15,0.389,4.75,3.79,2.06,3.81,1.74,2.48,1.75,1.32,1,-0.66,neutral,neutral,0,1.468,32,9233,1,
s31748,JUPUSDT,1788215400000,train,1,3.97,0.558,5.82,4.75,1.57,4.63,2.4,0.98,0.95,0.87,1,-0.66,neutral,alcista,0,-0.402,32,9233,2,
s31749,XPLUSDT,1788216300000,train,-1,-2.06,0.45,2.81,2.48,0.56,-1.53,0.75,0.38,0.48,0.71,0,-0.53,neutral,neutral,0,0.321,32,9234,1,
s31750,OPUSDT,1788216300000,train,1,4.14,0.498,4.72,4.32,1.65,4.67,2.09,2.48,1.75,1.32,1,-0.53,neutral,alcista,0,1.202,32,9234,2,
s31751,JUPUSDT,1788216300000,train,1,4.16,0.6,5.82,4.71,1.3,4.69,2.1,0.98,0.95,0.87,1,-0.53,neutral,neutral,0,-0.528,32,9234,0,
s31752,XPLUSDT,1788217200000,train,-1,-2.88,0.533,3.28,3.04,0.87,-1.97,1.57,0.39,0.48,0.65,0,-0.91,neutral,bajista,0,-0.249,32,9235,2,
s31753,OPUSDT,1788217200000,train,1,4.1,0.492,4.73,4.2,1.55,5.02,1.71,3.0,2.09,1.35,1,-0.91,neutral,neutral,0,1.158,32,9235,0,
s31754,JUPUSDT,1788217200000,train,1,3.45,0.517,5.83,4.5,0.84,4.37,1.65,1.0,0.96,0.77,1,-0.91,neutral,neutral,0,-0.406,32,9235,0,
s31755,XPLUSDT,1788218100000,train,-1,-2.5,0.45,3.26,2.74,0.93,-1.85,1.32,0.39,0.48,0.65,0,-0.65,neutral,neutral,0,-0.166,32,9236,0,
s31756,OPUSDT,1788218100000,train,1,4.79,0.531,5.11,4.76,1.7,5.44,2.25,3.0,2.09,1.35,1,-0.65,neutral,neutral,0,0.943,32,9236,1,
s31757,JUPUSDT,1788218100000,train,1,3.59,0.527,5.82,4.67,0.78,4.24,1.53,1.0,0.96,0.77,1,-0.65,neutral,neutral,0,-0.362,32,9236,1,
s31758,XPLUSDT,1788219000000,train,-1,-2.24,0.422,3.26,2.79,1.01,-1.7,1.16,0.39,0.48,0.65,0,-0.53,neutral,neutral,0,-0.064,32,9237,1,
s31759,OPUSDT,1788219000000,train,1,5.81,0.582,5.64,5.54,1.43,6.34,2.94,3.0,2.09,1.35,1,-0.53,neutral,alcista,0,0.636,32,9237,2,
s31760,JUPUSDT,1788219000000,train,1,3.43,0.487,5.87,3.85,0.84,3.96,0.64,1.0,0.96,0.77,1,-0.53,neutral,neutral,0,-0.5,32,9237,0,
s31761,OPUSDT,1788219900000,train,1,5.33,0.562,5.6,5.2,1.43,5.73,2.87,3.0,2.09,1.35,1,-0.41,neutral,alcista,0,0.66,32,9238,3,
s31762,JUPUSDT,1788219900000,train,1,3.81,0.539,5.86,4.03,0.78,4.21,0.68,1.0,0.96,0.77,1,-0.41,neutral,neutral,0,-0.611,32,9238,1,
s31763,OPUSDT,1788220800000,train,1,5.62,0.577,6.0,5.89,1.68,5.9,3.65,4.3,2.82,1.68,1,-0.28,neutral,alcista,0,0.149,32,9239,4,
s31764,INJUSDT,1788220800000,train,-1,-2.13,0.552,2.93,2.85,1.32,-1.84,1.25,0.75,0.77,0.63,0,-0.28,neutral,neutral,0,-0.0,32,9239,1,
s31765,JUPUSDT,1788220800000,train,1,3.75,0.536,5.36,3.71,0.69,4.04,0.77,1.04,0.98,0.77,1,-0.28,neutral,alcista,0,-1.0,32,9239,2,
s31766,PUMPUSDT,1788221700000,train,1,5.51,0.493,6.36,5.52,3.49,5.59,4.41,0.54,0.53,0.6,0,-0.08,neutral,alcista,0,-0.926,32,9240,3,
s31767,OPUSDT,1788221700000,train,1,6.2,0.628,7.33,6.17,1.98,6.28,3.6,4.3,2.82,1.68,1,-0.08,neutral,alcista,0,-0.07,32,9240,5,
s31768,JUPUSDT,1788221700000,train,1,3.25,0.504,4.3,3.37,0.66,3.33,1.44,1.04,0.98,0.77,1,-0.08,neutral,alcista,0,-1.0,30,9240,3,
s31769,SANDUSDT,1788221700000,testB,1,2.02,0.507,2.48,2.19,1.67,2.1,1.3,0.61,0.81,1.02,0,-0.08,neutral,alcista,0,-0.048,32,9239,3,
s31770,PUMPUSDT,1788222600000,train,1,4.3,0.427,6.26,5.33,3.75,4.53,3.85,0.54,0.53,0.6,0,-0.23,neutral,neutral,0,-1.0,31,9241,0,
s31771,OPUSDT,1788222600000,train,1,6.46,0.64,8.65,7.39,2.32,6.68,4.37,4.3,2.82,1.68,1,-0.23,neutral,alcista,0,-0.156,32,9241,6,
s31772,JUPUSDT,1788222600000,train,1,2.51,0.379,4.32,2.94,0.68,2.74,0.92,1.04,0.98,0.77,1,-0.23,neutral,neutral,0,-1.0,29,9241,0,
s31773,FETUSDT,1788222600000,train,1,2.28,0.467,3.31,3.12,2.02,2.51,2.13,0.76,0.81,0.78,0,-0.23,neutral,alcista,0,-1.0,31,9240,5,
s31774,JUPUSDT,1788223500000,train,1,2.61,0.399,4.28,2.9,0.74,2.88,0.8,1.04,0.98,0.77,1,-0.27,neutral,neutral,0,-1.0,28,9242,0,
s31775,FETUSDT,1788223500000,train,1,2.21,0.459,3.5,3.12,2.98,2.49,1.91,0.76,0.81,0.78,0,-0.27,neutral,neutral,0,-1.0,30,9241,0,
s31776,TIAUSDT,1788224400000,train,1,2.6,0.614,3.15,2.94,0.98,2.96,1.02,1.05,0.97,1.05,0,-0.37,neutral,alcista,0,-0.58,32,9243,2,
s31777,OPUSDT,1788225300000,train,1,7.67,0.69,9.15,7.28,2.34,8.36,3.06,5.69,3.52,2.02,1,-0.69,neutral,neutral,0,-0.239,32,9244,0,
s31778,TIAUSDT,1788225300000,train,1,2.14,0.568,2.47,2.24,0.76,2.83,0.95,1.05,0.97,1.05,0,-0.69,neutral,neutral,0,-0.526,32,9244,0,
s31779,OPUSDT,1788226200000,train,1,7.88,0.698,8.09,7.36,1.92,8.49,3.85,5.69,3.52,2.02,1,-0.61,neutral,neutral,0,-0.341,32,9245,1,
s31780,TIAUSDT,1788226200000,train,1,2.27,0.585,2.84,2.55,1.1,2.88,1.45,1.05,0.97,1.05,0,-0.61,neutral,neutral,0,-0.609,32,9245,1,
s31781,OPUSDT,1788227100000,train,1,4.83,0.402,8.18,5.62,1.56,5.53,1.91,5.69,3.52,2.02,1,-0.7,neutral,neutral,0,-0.08,32,9246,0,
s31782,OPUSDT,1788228900000,train,1,5.51,0.394,8.17,5.65,1.19,6.2,1.54,6.27,4.0,2.25,1,-0.69,neutral,neutral,0,0.288,32,9248,1,
s31783,JUPUSDT,1788228900000,train,-1,-2.0,0.429,2.95,2.81,1.09,-1.31,1.26,0.97,1.0,0.79,0,-0.69,neutral,bajista,0,0.532,32,9248,6,
s31784,JUPUSDT,1788229800000,train,-1,-2.66,0.517,3.56,3.42,0.93,-2.29,1.82,0.97,1.0,0.79,0,-0.37,neutral,bajista,0,0.213,32,9249,7,
s31785,JUPUSDT,1788230700000,train,-1,-2.31,0.426,3.55,3.09,0.97,-2.13,1.31,0.97,1.0,0.79,0,-0.18,neutral,neutral,0,0.279,32,9250,0,
s31786,LDOUSDT,1788230700000,testB,1,2.58,0.414,3.66,2.87,1.7,2.76,1.1,0.65,0.6,0.58,1,-0.18,neutral,neutral,0,0.219,32,9249,1,
s31787,LDOUSDT,1788231600000,testB,1,2.58,0.414,3.5,2.6,0.91,2.61,0.92,0.68,0.6,0.58,1,-0.02,neutral,neutral,0,0.211,32,9250,0,
s31788,JUPUSDT,1788232500000,train,-1,-2.31,0.433,3.55,3.14,0.81,-2.19,1.14,0.87,0.94,0.8,0,-0.12,neutral,neutral,0,0.319,32,9252,1,
s31789,LDOUSDT,1788232500000,testB,1,2.58,0.414,3.47,2.7,0.69,2.7,0.97,0.68,0.6,0.58,1,-0.12,neutral,neutral,0,0.283,32,9251,1,
s31790,STXUSDT,1788233400000,testB,1,2.11,0.351,3.47,2.61,0.89,1.8,0.91,0.32,0.26,0.26,1,0.31,neutral,alcista,0,-1.0,12,9252,2,
s31791,LDOUSDT,1788233400000,testB,1,3.64,0.504,4.17,3.65,0.9,3.34,1.82,0.68,0.6,0.58,1,0.31,neutral,alcista,0,0.104,32,9252,2,
s31792,SEIUSDT,1788234300000,train,1,2.05,0.497,2.16,2.08,1.08,1.92,0.98,0.73,0.65,0.62,1,0.13,neutral,alcista,0,0.202,32,9254,2,
s31793,STXUSDT,1788234300000,testB,1,2.19,0.369,3.47,2.57,0.64,2.06,0.81,0.32,0.26,0.26,1,0.13,neutral,neutral,0,-1.0,11,9253,0,
s31794,LDOUSDT,1788234300000,testB,1,3.28,0.442,4.07,3.28,0.68,3.14,1.41,0.68,0.6,0.58,1,0.13,neutral,neutral,0,0.198,32,9253,0,
s31795,PUMPUSDT,1788236100000,train,-1,-2.84,0.386,4.75,3.32,0.69,-2.79,-0.27,0.63,0.52,0.51,1,-0.04,neutral,neutral,0,0.667,32,9256,0,
s31796,STXUSDT,1788236100000,testB,1,2.27,0.456,3.39,2.46,0.61,2.31,0.67,0.29,0.26,0.26,1,-0.04,neutral,neutral,0,-1.0,9,9255,1,
s31797,PENDLEUSDT,1788237000000,train,1,2.69,0.405,3.27,2.97,1.11,2.68,1.38,0.49,0.4,0.51,0,0.02,neutral,alcista,0,-0.449,32,9257,2,
s31798,LDOUSDT,1788237000000,testB,1,2.02,0.39,3.12,2.39,0.99,2.0,1.07,0.77,0.62,0.59,1,0.02,neutral,neutral,0,-0.17,32,9256,1,
s31799,JUPUSDT,1788237900000,train,-1,-2.23,0.431,2.73,2.46,0.79,-2.33,0.84,0.75,0.87,0.79,0,0.1,neutral,bajista,0,0.87,32,9258,2,
s31800,PENDLEUSDT,1788238800000,train,1,2.78,0.412,3.45,2.74,1.07,2.39,0.9,0.64,0.4,0.51,0,0.39,neutral,neutral,0,-0.547,32,9259,1,
s31801,LDOUSDT,1788238800000,testB,1,2.33,0.433,3.12,2.41,1.01,1.93,0.7,0.82,0.6,0.59,1,0.39,neutral,neutral,0,-0.371,32,9258,1,
s31802,WLDUSDT,1788239700000,train,1,2.36,0.551,3.11,2.52,1.62,1.63,1.0,0.7,0.6,0.65,0,0.73,neutral,alcista,0,-1.0,12,9260,2,
s31803,PENDLEUSDT,1788239700000,train,1,2.2,0.358,3.17,2.58,0.99,1.47,1.02,0.64,0.4,0.51,0,0.73,neutral,alcista,0,-1.0,13,9260,2,
s31804,LDOUSDT,1788239700000,testB,1,2.08,0.381,3.07,2.2,1.01,1.35,0.55,0.82,0.6,0.59,1,0.73,neutral,neutral,0,-1.0,16,9259,0,
s31805,SANDUSDT,1788239700000,testB,1,2.29,0.405,3.91,3.47,0.99,1.56,1.12,1.05,0.81,0.99,0,0.73,neutral,neutral,0,-1.0,19,9259,1,
s31806,ARBUSDT,1788240600000,train,-1,-6.57,0.43,10.03,7.24,0.39,-7.32,1.51,22.28,23.74,12.7,0,0.75,neutral,neutral,0,-0.012,32,9261,1,
s31807,SANDUSDT,1788240600000,testB,1,2.2,0.396,4.02,3.77,1.13,1.45,1.31,1.05,0.81,0.99,0,0.75,neutral,alcista,0,-1.0,18,9260,2,
s31808,WLDUSDT,1788241500000,train,1,2.02,0.514,3.1,2.81,1.43,1.03,1.17,0.7,0.6,0.65,0,0.99,neutral,alcista,0,-1.0,10,9262,4,
s31809,SANDUSDT,1788241500000,testB,1,2.42,0.451,4.18,3.67,1.12,1.43,1.16,1.05,0.81,0.99,0,0.99,neutral,neutral,0,-1.0,17,9261,0,
s31810,WLDUSDT,1788242400000,train,1,2.25,0.603,2.9,2.36,1.19,1.31,0.89,0.65,0.58,0.66,0,0.94,neutral,neutral,0,-1.0,9,9263,0,
s31811,PENDLEUSDT,1788242400000,train,1,2.16,0.403,3.68,2.71,1.16,1.22,0.74,0.68,0.4,0.51,0,0.94,neutral,neutral,0,-1.0,10,9263,0,
s31812,FETUSDT,1788242400000,train,1,2.01,0.477,2.61,2.16,0.8,1.08,0.49,0.67,0.7,0.75,0,0.94,neutral,neutral,0,-1.0,9,9262,0,
s31813,SANDUSDT,1788242400000,testB,1,3.31,0.714,4.18,3.72,0.93,2.38,1.1,1.35,0.97,1.07,0,0.94,neutral,neutral,0,-1.0,16,9262,1,
s31814,PENDLEUSDT,1788243300000,train,1,2.98,0.51,3.66,3.32,1.41,2.12,1.09,0.68,0.4,0.51,0,0.86,neutral,neutral,0,-1.0,9,9264,1,
s31815,SANDUSDT,1788243300000,testB,1,5.09,0.807,4.94,4.92,1.32,4.23,2.46,1.35,0.97,1.07,0,0.86,neutral,alcista,0,-1.0,15,9263,2,
s31816,PENDLEUSDT,1788244200000,train,1,2.95,0.501,3.7,2.97,1.33,2.3,0.69,0.68,0.4,0.51,0,0.65,neutral,neutral,0,-1.0,8,9265,0,
s31817,FETUSDT,1788244200000,train,1,2.21,0.5,2.61,2.16,1.41,1.56,0.47,0.67,0.7,0.75,0,0.65,neutral,neutral,0,-1.0,6,9264,1,
s31818,STXUSDT,1788244200000,testB,-1,-2.43,0.554,3.69,3.41,1.57,-3.08,1.92,0.35,0.29,0.27,1,0.65,neutral,bajista,0,-1.0,30,9264,4,
s31819,SANDUSDT,1788244200000,testB,1,3.78,0.556,4.83,3.76,1.99,3.12,1.47,1.35,0.97,1.07,0,0.65,neutral,neutral,0,-1.0,13,9264,0,
s31820,PENDLEUSDT,1788245100000,train,1,2.1,0.365,3.32,2.23,0.98,1.74,0.39,0.68,0.4,0.51,0,0.36,neutral,neutral,0,-1.0,6,9266,0,
s31821,STXUSDT,1788245100000,testB,-1,-3.22,0.856,3.61,3.45,1.93,-3.59,1.9,0.35,0.29,0.27,1,0.36,neutral,bajista,0,-1.0,29,9265,5,
s31822,PENDLEUSDT,1788246000000,train,1,2.39,0.395,3.12,2.34,0.91,2.03,0.65,0.69,0.42,0.51,0,0.36,neutral,neutral,0,-1.0,5,9267,1,
s31823,ARUSDT,1788246000000,testB,1,4.96,0.591,5.5,5.0,4.28,4.6,4.1,2.36,1.36,0.97,1,0.36,neutral,alcista,0,0.564,32,9266,2,
s31824,STXUSDT,1788246000000,testB,-1,-2.5,0.681,4.08,3.12,2.29,-2.86,1.44,0.38,0.3,0.27,1,0.36,neutral,neutral,0,-1.0,28,9266,0,
s31825,STBLUSDT,1788246900000,train,-1,-2.01,0.515,2.53,2.49,0.51,-2.39,0.8,0.68,0.57,0.7,0,0.38,neutral,neutral,0,-1.0,28,9268,1,
s31826,ARUSDT,1788246900000,testB,1,4.91,0.589,5.22,4.77,5,4.53,3.72,2.36,1.36,0.97,1,0.38,neutral,alcista,0,0.543,32,9267,3,
s31827,ARUSDT,1788247800000,testB,1,5.38,0.611,6.19,5.37,5,5.6,3.89,2.36,1.36,0.97,1,-0.23,neutral,alcista,0,0.286,32,9268,4,
s31828,STXUSDT,1788247800000,testB,-1,-2.84,0.584,4.09,3.33,1.34,-2.62,1.5,0.38,0.3,0.27,1,-0.23,neutral,neutral,0,-1.0,26,9268,1,
s31829,ARUSDT,1788248700000,testB,1,7.37,0.683,7.67,7.13,5,7.44,5.25,2.36,1.36,0.97,1,-0.07,neutral,alcista,0,-0.075,32,9269,5,
s31830,STXUSDT,1788249600000,testB,-1,-2.26,0.377,4.07,2.83,0.84,-1.79,0.84,0.37,0.33,0.28,1,-0.47,neutral,neutral,0,-1.0,24,9270,1,
s31831,PUMPUSDT,1788250500000,train,-1,-2.34,0.353,3.73,3.4,1.58,-1.16,1.7,0.48,0.53,0.49,0,-1.19,neutral,bajista,0,-0.107,32,9272,2,
s31832,WLDUSDT,1788250500000,train,-1,-2.99,0.481,4.19,3.94,1.77,-1.8,2.32,0.74,0.63,0.69,0,-1.19,neutral,bajista,0,-0.465,32,9272,2,
s31833,PENDLEUSDT,1788250500000,train,-1,-2.43,0.381,3.64,3.57,1.79,-1.24,2.15,0.93,0.51,0.54,0,-1.19,neutral,bajista,0,-0.339,32,9272,5,
s31834,FETUSDT,1788250500000,train,-1,-3.18,0.556,3.94,3.88,2.18,-2.0,2.6,0.7,0.71,0.77,0,-1.19,neutral,bajista,0,-0.136,32,9271,2,
s31835,STXUSDT,1788250500000,testB,-1,-3.24,0.469,4.19,3.83,0.92,-2.05,1.63,0.37,0.33,0.28,1,-1.19,neutral,bajista,0,-1.0,23,9271,2,
s31836,GRTUSDT,1788250500000,testB,-1,-2.31,0.5,3.29,3.23,2.24,-1.12,2.06,0.66,0.51,0.5,1,-1.19,neutral,bajista,0,-0.269,32,9271,2,
s31837,MANAUSDT,1788250500000,testB,-1,-2.14,0.525,2.61,2.6,1.44,-0.96,1.38,0.81,0.66,0.93,0,-1.19,neutral,bajista,0,-1.0,23,9271,5,
s31838,PUMPUSDT,1788251400000,train,-1,-2.63,0.403,4.08,3.49,1.65,-1.68,1.56,0.48,0.53,0.49,0,-0.95,neutral,bajista,0,0.221,32,9273,3,
s31839,WLDUSDT,1788251400000,train,-1,-2.72,0.426,4.18,3.71,1.78,-1.77,1.88,0.74,0.63,0.69,0,-0.95,neutral,neutral,0,-0.201,32,9273,0,
s31840,FETUSDT,1788251400000,train,-1,-2.29,0.36,3.91,3.07,2.16,-1.35,1.69,0.7,0.71,0.77,0,-0.95,neutral,neutral,0,0.213,32,9272,0,
s31841,ARUSDT,1788251400000,testB,1,6.78,0.544,9.91,6.89,5,7.73,3.71,5.17,2.66,1.58,1,-0.95,neutral,neutral,0,0.142,32,9272,1,
s31842,STXUSDT,1788251400000,testB,-1,-2.62,0.358,3.57,2.69,0.8,-1.67,1.0,0.37,0.33,0.28,1,-0.95,neutral,neutral,0,-1.0,16,9272,0,
s31843,GRTUSDT,1788251400000,testB,-1,-2.78,0.622,3.73,3.42,3.44,-1.83,1.99,0.66,0.51,0.5,1,-0.95,neutral,bajista,0,-0.218,32,9272,3,
s31844,MANAUSDT,1788251400000,testB,-1,-2.08,0.5,2.72,2.48,1.88,-1.13,1.14,0.81,0.66,0.93,0,-0.95,neutral,neutral,0,-1.0,22,9272,0,
s31845,WLDUSDT,1788252300000,train,-1,-2.62,0.416,4.19,3.88,1.8,-1.54,1.9,0.74,0.63,0.69,0,-1.07,neutral,neutral,0,-0.314,32,9274,1,
s31846,FETUSDT,1788252300000,train,-1,-2.37,0.366,3.93,3.54,2.21,-1.29,1.97,0.7,0.71,0.77,0,-1.07,neutral,neutral,0,-0.056,32,9273,1,
s31847,GRTUSDT,1788252300000,testB,-1,-2.97,0.636,3.81,3.75,3.77,-1.89,2.1,0.66,0.51,0.5,1,-1.07,neutral,bajista,0,-0.383,32,9273,4,
s31848,MANAUSDT,1788252300000,testB,-1,-2.23,0.517,2.75,2.72,2.04,-1.15,1.27,0.81,0.66,0.93,0,-1.07,neutral,neutral,0,-1.0,21,9273,1,
s31849,XPLUSDT,1788253200000,train,-1,-4.41,0.528,6.58,5.25,3.38,-3.09,3.26,1.08,0.71,0.6,1,-1.32,neutral,neutral,0,-1.0,20,9275,1,
s31850,PUMPUSDT,1788253200000,train,-1,-4.81,0.774,5.68,5.17,2.77,-3.5,2.94,0.55,0.57,0.5,0,-1.32,neutral,bajista,0,-0.129,32,9275,5,
s31851,WLDUSDT,1788253200000,train,-1,-3.07,0.504,4.14,3.97,1.35,-1.75,1.92,0.75,0.63,0.68,0,-1.32,neutral,bajista,0,-0.364,32,9275,2,
s31852,FETUSDT,1788253200000,train,-1,-3.45,0.466,4.64,4.64,2.05,-2.14,2.7,0.77,0.73,0.78,0,-1.32,neutral,bajista,0,-0.457,32,9274,2,
s31853,STXUSDT,1788253200000,testB,-1,-2.91,0.381,3.65,3.28,1.32,-1.6,1.81,0.39,0.34,0.29,1,-1.32,neutral,bajista,0,-1.0,13,9274,2,
s31854,GRTUSDT,1788253200000,testB,-1,-3.03,0.658,4.12,3.75,3.13,-1.71,1.91,0.66,0.53,0.51,1,-1.32,neutral,bajista,0,-0.3,32,9274,5,
s31855,MANAUSDT,1788253200000,testB,-1,-2.31,0.526,2.97,2.87,1.78,-1.0,1.36,0.9,0.72,0.94,0,-1.32,neutral,bajista,0,-1.0,20,9274,2,
s31856,XPLUSDT,1788254100000,train,-1,-4.0,0.457,6.54,4.7,3.39,-2.65,2.47,1.08,0.71,0.6,1,-1.35,neutral,neutral,0,-1.0,19,9276,0,
s31857,PUMPUSDT,1788254100000,train,-1,-4.27,0.655,5.49,4.55,2.37,-2.92,2.31,0.55,0.57,0.5,0,-1.35,neutral,neutral,0,0.384,32,9276,0,
s31858,WLDUSDT,1788254100000,train,-1,-2.95,0.478,4.12,3.6,0.8,-1.6,1.41,0.75,0.63,0.68,0,-1.35,neutral,neutral,0,-0.554,32,9276,0,
s31859,FETUSDT,1788254100000,train,-1,-3.19,0.417,4.62,4.22,1.41,-1.84,2.08,0.77,0.73,0.78,0,-1.35,neutral,neutral,0,-0.5,32,9275,0,
s31860,GRTUSDT,1788254100000,testB,-1,-2.3,0.452,4.09,3.1,1.85,-0.95,1.21,0.66,0.53,0.51,1,-1.35,neutral,neutral,0,-0.3,32,9275,0,
s31861,XPLUSDT,1788255000000,train,-1,-3.75,0.419,6.51,4.16,3.15,-2.33,1.76,1.08,0.71,0.6,1,-1.42,neutral,neutral,0,-1.0,18,9277,0,
s31862,PUMPUSDT,1788255000000,train,-1,-3.18,0.45,5.31,3.53,2.23,-1.76,1.22,0.55,0.57,0.5,0,-1.42,neutral,neutral,0,0.639,32,9277,0,
s31863,WLDUSDT,1788255000000,train,-1,-2.87,0.459,4.11,3.45,0.57,-1.45,1.12,0.75,0.63,0.68,0,-1.42,neutral,neutral,0,-0.456,32,9277,0,
s31864,INJUSDT,1788255000000,train,-1,-2.66,0.386,4.39,3.64,0.63,-1.24,1.23,1.35,1.02,0.82,1,-1.42,neutral,neutral,0,-0.136,32,9277,1,
s31865,PENDLEUSDT,1788255000000,train,-1,-2.44,0.38,3.97,2.91,0.81,-1.02,0.85,0.96,0.55,0.54,1,-1.42,neutral,neutral,0,-0.703,32,9277,0,
s31866,FETUSDT,1788255000000,train,-1,-3.93,0.564,4.62,4.29,1.19,-2.51,1.9,0.77,0.73,0.78,0,-1.42,neutral,neutral,0,-0.615,32,9276,1,
s31867,GRTUSDT,1788255000000,testB,-1,-2.6,0.544,4.09,3.04,0.94,-1.18,1.03,0.66,0.53,0.51,1,-1.42,neutral,neutral,0,-0.327,32,9276,0,
s31868,XPLUSDT,1788255900000,train,-1,-3.69,0.414,6.52,4.29,3.1,-2.08,1.78,1.08,0.71,0.6,1,-1.61,neutral,neutral,0,-1.0,17,9278,1,
s31869,PUMPUSDT,1788255900000,train,-1,-3.05,0.439,5.02,3.31,1.91,-1.44,1.34,0.55,0.57,0.5,0,-1.61,neutral,neutral,0,0.779,32,9278,1,
s31870,WLDUSDT,1788255900000,train,-1,-3.34,0.536,4.01,3.6,0.55,-1.73,1.28,0.75,0.63,0.68,0,-1.61,neutral,neutral,0,-0.385,32,9278,1,
s31871,INJUSDT,1788255900000,train,-1,-3.04,0.433,4.4,3.92,0.52,-1.43,1.38,1.35,1.02,0.82,1,-1.61,neutral,bajista,0,-0.101,32,9278,2,
s31872,SUIUSDT,1788255900000,train,-1,-2.05,0.502,2.69,2.24,0.57,-0.44,0.69,0.76,0.61,0.66,0,-1.61,neutral,neutral,0,-1.0,20,9278,1,
s31873,ONDOUSDT,1788255900000,train,-1,-2.18,0.44,2.9,2.43,0.7,-0.57,0.66,0.74,0.57,0.55,1,-1.61,neutral,neutral,0,0.274,32,9277,1,
s31874,FETUSDT,1788255900000,train,-1,-4.12,0.575,4.63,4.5,1.16,-2.51,1.9,0.77,0.73,0.78,0,-1.61,neutral,bajista,0,-0.529,32,9277,2,
s31875,GRTUSDT,1788255900000,testB,-1,-2.89,0.632,3.97,2.98,0.74,-1.28,1.0,0.66,0.53,0.51,1,-1.61,neutral,neutral,0,-0.167,32,9277,1,
s31876,XPLUSDT,1788256800000,train,-1,-3.3,0.386,6.53,4.44,0.64,-1.84,1.76,1.24,0.8,0.61,1,-1.46,neutral,bajista,0,-1.0,16,9279,2,
s31877,PUMPUSDT,1788256800000,train,-1,-3.6,0.481,5.0,3.85,0.84,-2.14,1.7,0.55,0.58,0.49,0,-1.46,neutral,bajista,0,0.649,32,9279,2,
s31878,WLDUSDT,1788256800000,train,-1,-2.87,0.459,3.65,2.98,0.56,-1.41,0.97,0.76,0.67,0.68,0,-1.46,neutral,neutral,0,-1.0,7,9279,0,
s31879,INJUSDT,1788256800000,train,-1,-2.82,0.414,4.4,3.92,0.47,-1.36,1.29,1.37,1.03,0.84,1,-1.46,neutral,bajista,0,-0.042,32,9279,3,
s31880,FETUSDT,1788256800000,train,-1,-3.31,0.448,4.61,3.95,0.69,-1.85,1.27,0.83,0.79,0.78,1,-1.46,neutral,neutral,0,-0.233,32,9278,0,
s31881,GRTUSDT,1788256800000,testB,-1,-2.84,0.627,3.92,3.11,0.54,-1.38,1.05,0.65,0.53,0.51,1,-1.46,neutral,bajista,0,-0.12,32,9278,2,
s31882,SANDUSDT,1788256800000,testB,-1,-3.79,0.411,6.13,5.89,1.04,-2.33,2.22,1.97,1.44,1.12,1,-1.46,neutral,bajista,0,0.072,32,9278,2,
s31883,XPLUSDT,1788257700000,train,-1,-3.72,0.462,6.5,4.04,0.82,-2.59,1.29,1.24,0.8,0.61,1,-1.13,neutral,neutral,0,-1.0,15,9280,0,
s31884,ENAUSDT,1788257700000,train,1,3.59,0.397,5.02,4.82,1.65,4.72,2.66,0.76,0.56,0.48,1,-1.13,neutral,alcista,0,0.292,32,9280,5,
s31885,GRTUSDT,1788257700000,testB,-1,-2.23,0.435,3.89,2.47,0.48,-1.11,0.45,0.65,0.53,0.51,1,-1.13,neutral,neutral,0,0.225,32,9279,0,
s31886,SANDUSDT,1788257700000,testB,-1,-5.4,0.723,6.32,5.92,1.08,-4.27,2.08,1.97,1.44,1.12,1,-1.13,neutral,bajista,0,0.099,32,9279,3,
s31887,XPLUSDT,1788258600000,train,-1,-2.86,0.367,5.98,3.23,0.84,-1.9,0.87,1.24,0.8,0.61,1,-0.95,neutral,neutral,0,-1.0,13,9281,0,
s31888,ENAUSDT,1788258600000,train,1,4.19,0.435,6.13,5.67,1.97,5.14,3.26,0.76,0.56,0.48,1,-0.95,neutral,alcista,0,-0.314,32,9281,6,
s31889,SANDUSDT,1788258600000,testB,-1,-5.24,0.715,5.53,5.53,1.38,-4.29,2.48,1.97,1.44,1.12,1,-0.95,neutral,bajista,0,0.068,32,9280,4,
s31890,SANDUSDT,1788259500000,testB,-1,-2.88,0.481,4.86,4.35,1.34,-1.97,1.81,1.97,1.44,1.12,1,-0.91,neutral,neutral,0,-0.074,32,9281,0,
s31891,XPLUSDT,1788260400000,train,-1,-3.03,0.447,5.99,3.49,0.83,-2.09,0.97,1.29,0.83,0.62,1,-0.94,neutral,bajista,0,-1.0,11,9283,2,
s31892,INJUSDT,1788260400000,train,-1,-3.44,0.577,4.4,3.88,0.56,-2.5,0.96,1.31,1.06,0.86,1,-0.94,neutral,bajista,0,-0.171,32,9283,3,
s31893,SANDUSDT,1788260400000,testB,-1,-3.19,0.528,4.28,3.96,0.83,-2.25,2.03,1.93,1.5,1.14,1,-0.94,neutral,neutral,0,-0.101,32,9282,1,
s31894,ENAUSDT,1788261300000,train,1,4.03,0.37,6.11,5.9,1.24,5.02,2.85,1.0,0.72,0.54,1,-0.99,neutral,alcista,0,0.099,32,9284,2,
s31895,INJUSDT,1788261300000,train,-1,-3.01,0.5,4.03,3.27,0.52,-2.02,0.66,1.31,1.06,0.86,1,-0.99,neutral,neutral,0,-0.234,32,9284,0,
s31896,SANDUSDT,1788261300000,testB,-1,-2.71,0.418,3.98,2.87,0.81,-1.72,1.01,1.93,1.5,1.14,1,-0.99,neutral,neutral,0,0.111,32,9283,0,
s31897,ENAUSDT,1788262200000,train,1,6.0,0.469,7.92,7.62,1.55,6.66,4.32,1.0,0.72,0.54,1,-0.66,neutral,alcista,0,-0.279,32,9285,3,
s31898,INJUSDT,1788262200000,train,-1,-2.14,0.358,3.46,2.29,0.35,-1.48,0.16,1.31,1.06,0.86,1,-0.66,neutral,neutral,0,0.333,32,9285,0,
s31899,TIAUSDT,1788262200000,train,1,3.17,0.353,5.29,5.23,1.59,3.83,3.07,1.36,1.01,0.98,1,-0.66,neutral,alcista,0,-0.098,32,9285,2,
s31900,ARUSDT,1788263100000,testB,-1,-3.1,0.427,7.13,6.04,0.22,-2.41,0.47,6.33,3.43,1.86,1,-0.69,neutral,neutral,0,-1.0,30,9285,1,
s31901,ARUSDT,1788264000000,testB,-1,-2.71,0.394,6.13,5.03,0.28,-2.36,0.43,6.84,3.76,2.01,1,-0.36,neutral,bajista,0,-1.0,21,9286,2,
s31902,AXSUSDT,1788264000000,testB,1,2.25,0.464,3.11,2.93,0.8,2.61,1.15,2.27,1.61,1.09,1,-0.36,neutral,alcista,0,-1.0,27,9286,4,
s31903,WLDUSDT,1788264900000,train,1,2.61,0.456,3.78,2.73,1.49,2.48,0.8,0.79,0.72,0.69,1,0.12,neutral,neutral,0,-1.0,24,9288,0,
s31904,OPUSDT,1788264900000,train,1,3.31,0.389,5.11,3.37,1.11,3.19,0.6,3.74,4.61,3.82,0,0.12,neutral,neutral,0,-0.617,32,9288,0,
s31905,TIAUSDT,1788264900000,train,1,4.87,0.549,5.64,5.02,2.32,4.75,2.17,1.72,1.16,1.05,1,0.12,neutral,neutral,0,0.023,32,9288,1,
s31906,SEIUSDT,1788264900000,train,1,2.04,0.552,2.48,2.4,0.96,1.92,0.84,1.22,1.23,0.89,0,0.12,neutral,neutral,0,0.954,32,9288,1,
s31907,STXUSDT,1788264900000,testB,1,3.1,0.456,4.03,3.99,0.88,2.98,1.86,0.33,0.34,0.27,0,0.12,neutral,alcista,0,0.039,32,9287,5,
s31908,LDOUSDT,1788264900000,testB,1,2.57,0.458,3.56,2.78,1.26,2.45,0.81,1.0,0.87,0.69,1,0.12,neutral,neutral,0,-1.0,17,9287,0,
s31909,AXSUSDT,1788264900000,testB,1,3.3,0.68,5.15,3.37,5,3.18,1.53,2.27,1.61,1.09,1,0.12,neutral,alcista,0,-1.0,26,9287,5,
s31910,TIAUSDT,1788265800000,train,1,3.52,0.353,5.65,3.84,2.25,3.52,0.88,1.72,1.16,1.05,1,0.0,neutral,neutral,0,0.203,32,9289,0,
s31911,SEIUSDT,1788265800000,train,1,2.13,0.562,2.57,2.48,1.27,2.13,0.78,1.22,1.23,0.89,0,0.0,neutral,alcista,0,0.779,32,9289,2,
s31912,ARUSDT,1788265800000,testB,-1,-2.35,0.438,4.55,2.96,0.87,-2.36,0.25,6.84,3.76,2.01,1,0.0,neutral,neutral,0,-1.0,7,9288,0,
s31913,STXUSDT,1788265800000,testB,1,2.44,0.384,4.26,3.87,1.26,2.44,1.46,0.33,0.34,0.27,0,0.0,neutral,neutral,0,0.162,32,9288,0,
s31914,SEIUSDT,1788266700000,train,1,2.22,0.593,2.85,2.5,1.5,2.08,0.81,1.22,1.23,0.89,0,0.14,neutral,alcista,0,0.868,32,9290,3,
s31915,STXUSDT,1788266700000,testB,1,3.31,0.547,4.18,3.94,1.38,3.16,1.59,0.33,0.34,0.27,0,0.14,neutral,neutral,0,0.079,32,9289,1,
s31916,XPLUSDT,1788267600000,train,1,3.24,0.532,3.49,3.37,0.47,3.25,1.01,1.35,0.92,0.62,1,-0.01,neutral,neutral,0,0.421,32,9291,1,
s31917,TIAUSDT,1788267600000,train,1,3.59,0.355,5.58,3.5,1.65,3.6,0.76,2.16,1.34,1.14,1,-0.01,neutral,neutral,0,0.248,32,9291,1,
s31918,SEIUSDT,1788267600000,train,1,2.63,0.718,2.76,2.56,1.86,2.64,1.0,1.17,1.25,0.92,0,-0.01,neutral,alcista,0,0.564,32,9291,4,
s31919,STXUSDT,1788267600000,testB,1,3.61,0.622,4.23,3.68,1.91,3.62,1.31,0.33,0.35,0.27,0,-0.01,neutral,neutral,0,-0.032,32,9290,0,
s31920,AXSUSDT,1788267600000,testB,1,2.68,0.405,4.84,2.62,5,2.69,1.11,2.53,1.67,1.15,1,-0.01,neutral,neutral,0,-1.0,22,9290,1,
s31921,XPLUSDT,1788268500000,train,1,2.94,0.509,3.69,3.59,0.74,2.99,1.1,1.35,0.92,0.62,1,-0.05,neutral,alcista,0,0.294,32,9292,2,
s31922,WLDUSDT,1788268500000,train,1,2.27,0.373,3.49,2.38,1.28,2.31,0.86,0.84,0.73,0.68,1,-0.05,neutral,alcista,0,-1.0,20,9292,2,
s31923,OPUSDT,1788268500000,train,1,3.18,0.401,5.1,3.48,0.89,3.22,0.83,4.04,4.06,3.97,0,-0.05,neutral,neutral,0,-1.0,30,9292,1,
s31924,TIAUSDT,1788268500000,train,1,3.84,0.372,5.08,3.79,1.52,3.89,1.38,2.16,1.34,1.14,1,-0.05,neutral,alcista,0,0.25,32,9292,2,
s31925,STXUSDT,1788268500000,testB,1,3.4,0.609,3.95,3.41,1.91,3.45,1.12,0.33,0.35,0.27,0,-0.05,neutral,neutral,0,0.069,32,9291,0,
s31926,AXSUSDT,1788268500000,testB,1,2.42,0.382,4.47,2.48,1.95,2.47,1.16,2.53,1.67,1.15,1,-0.05,neutral,alcista,0,-1.0,18,9291,2,
s31927,XPLUSDT,1788269400000,train,1,2.52,0.471,4.07,3.7,0.82,2.69,1.09,1.35,0.92,0.62,1,-0.16,neutral,alcista,0,0.104,32,9293,3,
s31928,OPUSDT,1788269400000,train,1,3.18,0.402,4.58,3.3,0.76,3.34,0.96,4.04,4.06,3.97,0,-0.16,neutral,alcista,0,-1.0,19,9293,2,
s31929,SEIUSDT,1788269400000,train,1,2.01,0.577,2.65,2.34,1.96,2.18,0.87,1.17,1.25,0.92,0,-0.16,neutral,neutral,0,0.916,32,9293,1,
s31930,STXUSDT,1788269400000,testB,1,3.14,0.591,3.44,3.09,1.66,3.31,1.27,0.33,0.35,0.27,0,-0.16,neutral,neutral,0,0.038,32,9292,1,
s31931,XPLUSDT,1788270300000,train,1,3.47,0.573,4.79,4.46,0.98,3.26,2.04,1.35,0.92,0.62,1,0.21,neutral,alcista,0,0.123,32,9294,4,
s31932,OPUSDT,1788270300000,train,1,3.14,0.399,4.57,3.55,0.9,2.93,1.23,4.04,4.06,3.97,0,0.21,neutral,alcista,0,-1.0,18,9294,3,
s31933,TIAUSDT,1788270300000,train,1,5.97,0.46,5.74,5.69,1.57,5.76,3.39,2.16,1.34,1.14,1,0.21,neutral,neutral,0,-0.207,32,9294,1,
s31934,SEIUSDT,1788270300000,train,1,2.04,0.587,2.65,2.3,1.57,1.83,0.78,1.17,1.25,0.92,0,0.21,neutral,neutral,0,1.552,32,9294,0,
s31935,FETUSDT,1788270300000,train,1,2.12,0.39,2.53,2.14,1.47,1.91,0.94,0.91,0.76,0.77,0,0.21,neutral,neutral,0,-1.0,19,9293,1,
s31936,ARUSDT,1788270300000,testB,1,2.71,0.48,3.4,3.0,1.15,2.5,1.39,5.86,4.03,2.12,1,0.21,neutral,neutral,0,0.642,32,9293,1,
s31937,STXUSDT,1788270300000,testB,1,2.19,0.505,2.96,2.65,1.55,1.98,1.4,0.33,0.35,0.27,0,0.21,neutral,alcista,0,0.147,32,9293,2,
s31938,XPLUSDT,1788271200000,train,1,4.42,0.658,5.25,5.19,1.0,3.92,2.48,1.23,0.95,0.62,1,0.5,neutral,alcista,0,-0.096,32,9295,5,
s31939,PUMPUSDT,1788271200000,train,1,2.55,0.435,3.67,3.13,1.78,2.05,1.4,0.65,0.55,0.5,1,0.5,neutral,alcista,0,-1.0,13,9295,3,
s31940,OPUSDT,1788271200000,train,1,3.49,0.427,4.04,3.73,1.03,2.99,2.01,4.63,4.16,4.36,0,0.5,neutral,alcista,0,-1.0,17,9295,4,
s31941,TIAUSDT,1788271200000,train,1,5.49,0.441,6.24,5.71,1.72,4.99,3.09,2.4,1.61,1.27,1,0.5,neutral,alcista,0,-0.314,32,9295,2,
s31942,SEIUSDT,1788271200000,train,1,2.55,0.64,2.73,2.64,1.23,2.05,1.15,1.12,1.32,0.95,0,0.5,neutral,neutral,0,1.058,32,9295,1,
s31943,ARUSDT,1788271200000,testB,1,3.44,0.54,4.21,3.95,1.15,2.94,2.21,3.51,4.4,2.24,0,0.5,neutral,alcista,0,0.191,32,9294,2,
s31944,STXUSDT,1788271200000,testB,1,3.08,0.647,3.45,3.1,1.46,2.58,1.81,0.37,0.37,0.29,1,0.5,neutral,alcista,0,-0.287,32,9294,3,
s31945,MANAUSDT,1788271200000,testB,1,2.31,0.435,2.5,2.5,0.85,1.81,1.25,1.17,0.99,0.85,1,0.5,neutral,alcista,0,-0.495,32,9294,2,
s31946,AXSUSDT,1788271200000,testB,1,2.52,0.365,4.47,2.68,0.55,2.02,1.04,2.46,1.73,1.16,1,0.5,neutral,alcista,0,-1.0,15,9294,2,
s31947,XPLUSDT,1788272100000,train,1,3.49,0.511,4.31,3.62,1.08,3.18,1.7,1.23,0.95,0.62,1,0.31,neutral,neutral,0,-0.23,32,9296,0,
s31948,ARUSDT,1788272100000,testB,1,2.79,0.433,4.45,3.6,1.08,2.48,1.74,3.51,4.4,2.24,0,0.31,neutral,neutral,0,0.025,32,9295,0,
s31949,STXUSDT,1788272100000,testB,1,2.3,0.518,3.69,2.83,1.58,1.99,1.36,0.37,0.37,0.29,1,0.31,neutral,neutral,0,-0.288,32,9295,0,
s31950,XPLUSDT,1788273000000,train,1,3.22,0.492,4.2,3.55,1.19,2.87,1.58,1.23,0.95,0.62,1,0.35,neutral,neutral,0,-0.258,32,9297,1,
s31951,OPUSDT,1788273000000,train,1,3.18,0.409,6.05,5.17,1.8,2.83,3.13,4.63,4.16,4.36,0,0.35,neutral,alcista,0,-1.0,15,9297,6,
s31952,ARUSDT,1788273000000,testB,1,3.28,0.474,5.04,4.28,1.2,2.94,2.28,3.51,4.4,2.24,0,0.35,neutral,neutral,0,-0.134,32,9296,1,
s31953,STXUSDT,1788273000000,testB,1,3.93,0.656,4.44,4.32,1.85,3.59,2.5,0.37,0.37,0.29,1,0.35,neutral,neutral,0,-0.389,32,9296,1,
s31954,SANDUSDT,1788273000000,testB,1,2.82,0.522,2.74,2.74,0.59,2.47,1.21,1.44,1.59,1.21,0,0.35,neutral,neutral,0,-1.0,14,9296,1,
s31955,XPLUSDT,1788273900000,train,1,3.4,0.524,4.2,3.59,0.92,3.21,1.49,1.23,0.95,0.62,1,0.19,neutral,alcista,0,-0.399,32,9298,2,
s31956,OPUSDT,1788273900000,train,1,3.23,0.416,6.07,4.8,1.97,3.04,2.38,4.63,4.16,4.36,0,0.19,neutral,neutral,0,-1.0,14,9298,0,
s31957,ARUSDT,1788273900000,testB,1,3.65,0.5,5.01,4.71,1.14,3.46,2.43,3.51,4.4,2.24,0,0.19,neutral,alcista,0,-0.093,32,9297,2,
s31958,STXUSDT,1788273900000,testB,1,4.26,0.709,5.61,4.47,2.45,4.07,2.43,0.37,0.37,0.29,1,0.19,neutral,alcista,0,-0.35,32,9297,2,
s31959,SANDUSDT,1788273900000,testB,1,2.14,0.426,2.96,2.35,0.62,1.95,1.06,1.44,1.59,1.21,0,0.19,neutral,neutral,0,-1.0,13,9297,0,
s31960,XPLUSDT,1788274800000,train,1,2.95,0.424,4.15,2.98,1.01,3.16,0.79,1.06,1.05,0.66,1,-0.21,neutral,neutral,0,-0.444,32,9299,0,
s31961,ARUSDT,1788274800000,testB,1,3.29,0.429,5.04,4.2,1.02,3.5,1.66,3.12,4.7,2.36,0,-0.21,neutral,neutral,0,0.063,32,9298,0,
s31962,STXUSDT,1788274800000,testB,1,3.87,0.602,5.57,3.8,2.28,4.08,1.56,0.44,0.41,0.31,1,-0.21,neutral,neutral,0,-0.354,32,9298,0,
s31963,XPLUSDT,1788275700000,train,1,4.6,0.536,5.08,4.68,1.55,4.77,2.55,1.06,1.05,0.66,1,-0.17,neutral,neutral,0,-0.725,32,9300,1,
s31964,0GUSDT,1788275700000,train,-1,-6.84,0.403,9.54,7.93,0.92,-6.67,3.05,2.37,5.6,16.15,0,-0.17,neutral,neutral,0,0.586,32,9300,0,
s31965,ARUSDT,1788275700000,testB,1,2.96,0.385,5.05,4.03,1.29,3.14,1.31,3.12,4.7,2.36,0,-0.17,neutral,neutral,0,0.11,32,9299,0,
s31966,STXUSDT,1788275700000,testB,1,4.06,0.614,5.47,4.06,2.03,4.24,1.73,0.44,0.41,0.31,1,-0.17,neutral,neutral,0,-0.538,32,9299,1,
s31967,XPLUSDT,1788276600000,train,1,3.79,0.49,5.12,4.48,2.06,3.89,2.44,1.06,1.05,0.66,1,-0.1,neutral,alcista,0,-0.75,32,9301,2,
s31968,STXUSDT,1788276600000,testB,1,4.09,0.617,5.11,4.08,1.93,4.19,1.93,0.44,0.41,0.31,1,-0.1,neutral,alcista,0,-0.561,32,9300,2,
s31969,XPLUSDT,1788277500000,train,1,3.78,0.49,5.1,4.86,2.3,4.01,2.59,1.06,1.05,0.66,1,-0.23,neutral,alcista,0,-0.823,32,9302,3,
s31970,STXUSDT,1788277500000,testB,1,4.54,0.642,5.02,4.68,1.43,4.77,2.65,0.44,0.41,0.31,1,-0.23,neutral,alcista,0,-0.774,32,9301,3,
s31971,XPLUSDT,1788278400000,train,1,3.16,0.378,5.58,3.94,2.29,3.63,1.39,1.05,1.13,0.68,0,-0.47,neutral,neutral,0,-0.774,32,9303,0,
s31972,STXUSDT,1788278400000,testB,1,3.71,0.475,4.87,3.77,1.26,4.18,1.67,0.49,0.43,0.32,1,-0.47,neutral,neutral,0,-1.0,32,9302,0,
s31973,ARUSDT,1788280200000,testB,1,3.41,0.369,4.62,4.27,0.93,4.09,1.61,3.26,5.02,2.5,0,-0.68,neutral,alcista,0,-0.402,32,9304,2,
s31974,0GUSDT,1788282000000,train,-1,-5.48,0.395,8.16,7.56,0.75,-5.1,2.79,1.81,4.26,13.56,0,-0.38,neutral,bajista,0,0.7,32,9307,3,
s31975,XPLUSDT,1788282900000,train,1,4.06,0.412,5.13,4.62,1.05,4.53,2.37,1.22,1.24,0.72,0,-0.47,neutral,alcista,0,-1.0,3,9308,3,
s31976,0GUSDT,1788282900000,train,-1,-6.52,0.521,8.12,7.07,0.65,-6.04,2.03,1.81,4.26,13.56,0,-0.47,neutral,neutral,0,0.972,32,9308,0,
s31977,SEIUSDT,1788282900000,train,1,2.17,0.365,2.62,2.58,1.11,2.65,1.32,1.87,1.52,1.15,1,-0.47,neutral,alcista,0,-0.008,32,9308,5,
s31978,XPLUSDT,1788283800000,train,1,3.68,0.369,5.02,3.77,1.14,4.2,1.95,1.22,1.24,0.72,0,-0.51,neutral,neutral,0,-1.0,2,9309,0,
s31979,0GUSDT,1788283800000,train,-1,-5.66,0.465,8.1,6.8,0.62,-5.15,1.66,1.81,4.26,13.56,0,-0.51,neutral,neutral,0,1.169,32,9309,0,
s31980,SEIUSDT,1788283800000,train,1,2.65,0.413,3.46,3.24,1.23,3.16,1.84,1.87,1.52,1.15,1,-0.51,neutral,alcista,0,-0.382,32,9309,6,
s31981,ARUSDT,1788283800000,testB,1,3.29,0.374,4.36,3.27,1.6,3.8,1.73,3.96,5.43,2.74,0,-0.51,neutral,alcista,0,-1.0,29,9308,2,
s31982,PUMPUSDT,1788284700000,train,-1,-4.37,0.452,5.85,5.5,2.34,-3.34,2.54,0.8,0.66,0.56,1,-1.02,neutral,neutral,0,0.532,32,9310,1,
s31983,0GUSDT,1788284700000,train,-1,-5.65,0.463,7.75,7.1,0.53,-4.63,2.28,1.81,4.26,13.56,0,-1.02,neutral,neutral,0,0.894,32,9310,1,
s31984,TIAUSDT,1788284700000,train,-1,-2.83,0.393,4.56,3.58,0.58,-1.81,0.29,2.46,1.9,1.35,1,-1.02,neutral,bajista,0,0.097,32,9310,2,
s31985,SEIUSDT,1788284700000,train,1,2.85,0.436,3.54,3.39,1.62,3.87,1.78,1.87,1.52,1.15,1,-1.02,neutral,alcista,0,-0.44,32,9310,7,
s31986,AXSUSDT,1788284700000,testB,-1,-2.14,0.378,5.35,4.81,1.07,-1.12,1.85,3.45,2.23,1.38,1,-1.02,neutral,bajista,0,0.046,32,9309,7,
s31987,PUMPUSDT,1788285600000,train,-1,-4.92,0.491,6.47,6.02,2.47,-3.59,2.72,0.9,0.73,0.58,1,-1.33,neutral,bajista,0,0.309,32,9311,2,
s31988,ARBUSDT,1788285600000,train,-1,-3.26,0.372,6.0,5.4,0.59,-1.93,1.57,5.74,8.45,20.95,0,-1.33,neutral,bajista,0,-0.485,32,9311,2,
s31989,TIAUSDT,1788285600000,train,-1,-3.78,0.477,4.51,4.04,0.89,-2.45,1.15,2.53,2.13,1.43,1,-1.33,neutral,bajista,0,-0.194,32,9311,3,
s31990,AXSUSDT,1788285600000,testB,-1,-2.22,0.399,5.35,4.7,1.2,-0.89,1.61,2.27,2.26,1.42,1,-1.33,neutral,neutral,0,-0.093,32,9310,0,
s31991,PUMPUSDT,1788286500000,train,-1,-3.97,0.379,6.73,5.25,1.2,-2.44,1.92,0.9,0.73,0.58,1,-1.53,neutral,neutral,0,0.36,32,9312,0,
s31992,STBLUSDT,1788286500000,train,-1,-3.1,0.473,4.46,3.69,0.74,-1.57,0.87,1.1,0.99,0.77,1,-1.53,neutral,bajista,0,-0.385,32,9312,2,
s31993,0GUSDT,1788286500000,train,-1,-6.77,0.542,7.88,7.27,0.76,-5.25,3.31,1.58,3.87,10.79,0,-1.53,neutral,bajista,0,0.641,32,9312,3,
s31994,TIAUSDT,1788286500000,train,-1,-2.56,0.378,3.85,3.06,1.22,-1.03,1.27,2.53,2.13,1.43,1,-1.53,neutral,bajista,0,-1.0,7,9312,4,
s31995,AXSUSDT,1788286500000,testB,-1,-2.25,0.401,5.51,4.95,1.09,-0.72,1.6,2.27,2.26,1.42,1,-1.53,neutral,neutral,0,-0.2,32,9311,1,
s31996,PUMPUSDT,1788287400000,train,-1,-5.22,0.487,6.78,6.12,1.22,-2.9,2.59,0.9,0.73,0.58,1,-2.32,bear,neutral,0,-0.015,32,9313,1,
s31997,STBLUSDT,1788287400000,train,-1,-3.0,0.463,3.82,3.41,0.97,-0.67,1.13,1.1,0.99,0.77,1,-2.32,bear,bajista,0,-0.75,32,9313,3,
s31998,WLDUSDT,1788287400000,train,-1,-4.35,0.506,5.39,4.97,2.37,-2.03,2.78,1.02,0.89,0.71,1,-2.32,bear,bajista,0,-0.39,32,9313,5,
s31999,ARBUSDT,1788287400000,train,-1,-3.81,0.518,4.77,4.62,0.77,-1.49,2.29,5.74,8.45,20.95,0,-2.32,bear,bajista,0,-1.0,31,9313,4,
s32000,OPUSDT,1788287400000,train,-1,-5.78,0.442,7.41,6.7,1.05,-3.46,3.09,5.15,4.61,5.13,0,-2.32,bear,bajista,0,0.055,32,9313,4,
s32001,INJUSDT,1788287400000,train,-1,-2.58,0.403,2.98,2.69,1.29,-0.26,1.15,0.85,1.13,0.89,0,-2.32,bear,bajista,0,-0.333,32,9313,4,
s32002,SUIUSDT,1788287400000,train,-1,-2.79,0.428,3.69,3.23,3.46,-0.47,1.66,1.18,0.99,0.73,1,-2.32,bear,bajista,0,-0.281,32,9313,4,
s32003,TIAUSDT,1788287400000,train,-1,-3.64,0.464,4.37,4.01,1.62,-1.32,2.55,2.53,2.13,1.43,1,-2.32,bear,bajista,0,-1.0,6,9313,5,
s32004,JUPUSDT,1788287400000,train,-1,-4.0,0.4,7.05,6.86,0.81,-1.67,2.44,1.29,1.14,1.01,1,-2.32,bear,bajista,0,-0.0,32,9313,5,
s32005,ONDOUSDT,1788287400000,train,-1,-2.73,0.482,3.31,2.98,1.6,-0.41,1.47,1.31,1.06,0.72,1,-2.32,bear,bajista,0,-0.257,32,9312,5,
s32006,GRTUSDT,1788287400000,testB,-1,-2.08,0.37,2.63,2.5,1.19,0.24,1.33,0.87,0.78,0.56,1,-2.32,bear,bajista,0,-0.45,32,9312,4,
s32007,SANDUSDT,1788287400000,testB,-1,-3.11,0.538,3.8,3.66,1.85,-0.79,1.6,1.07,1.45,1.21,0,-2.32,bear,bajista,0,-0.176,32,9312,4,
s32008,AXSUSDT,1788287400000,testB,-1,-3.34,0.557,5.88,5.78,0.94,-1.02,2.22,2.27,2.26,1.42,1,-2.32,bear,bajista,0,-0.384,32,9312,2,
s32009,ARBUSDT,1788288300000,train,-1,-3.07,0.398,6.11,4.03,1.03,-1.77,1.71,5.74,8.45,20.95,0,-1.3,neutral,neutral,0,-1.0,30,9314,0,
s32010,JUPUSDT,1788288300000,train,-1,-4.81,0.54,6.69,5.29,0.96,-3.51,1.35,1.29,1.14,1.01,1,-1.3,neutral,neutral,0,0.221,32,9314,0,
s32011,ARBUSDT,1788289200000,train,-1,-2.98,0.388,6.16,4.87,0.95,-2.19,2.03,4.99,7.92,20.06,0,-0.78,neutral,neutral,0,-1.0,29,9315,1,
s32012,JUPUSDT,1788289200000,train,-1,-4.3,0.511,6.42,5.11,1.38,-3.52,1.19,1.28,1.17,1.02,1,-0.78,neutral,neutral,0,0.174,32,9315,1,
s32013,JUPUSDT,1788290100000,train,-1,-4.04,0.484,6.41,5.01,1.28,-3.39,1.23,1.28,1.17,1.02,1,-0.65,neutral,neutral,0,0.121,32,9316,0,
s32014,0GUSDT,1788291000000,train,-1,-5.05,0.394,7.36,5.27,0.61,-4.13,1.43,1.33,3.33,9.38,0,-0.91,neutral,bajista,0,0.942,32,9317,2,
s32015,JUPUSDT,1788291000000,train,-1,-3.84,0.453,6.32,4.23,1.22,-2.93,0.75,1.28,1.17,1.02,1,-0.91,neutral,neutral,0,0.418,32,9317,0,
s32016,SANDUSDT,1788291000000,testB,-1,-2.27,0.39,3.71,2.37,0.9,-1.35,0.5,0.98,1.34,1.2,0,-0.91,neutral,neutral,0,-0.213,32,9316,1,
s32017,AXSUSDT,1788291000000,testB,-1,-2.35,0.363,6.03,4.32,0.34,-1.44,0.53,1.96,2.27,1.43,0,-0.91,neutral,neutral,0,-0.099,32,9316,1,
s32018,STXUSDT,1788291900000,testB,-1,-2.91,0.352,4.01,3.11,0.31,-2.15,0.76,0.49,0.41,0.33,1,-0.76,neutral,bajista,0,-0.312,32,9317,2,
s32019,AXSUSDT,1788291900000,testB,-1,-2.37,0.365,6.04,4.47,0.27,-1.62,0.58,1.96,2.27,1.43,0,-0.76,neutral,bajista,0,-0.174,32,9317,2,
s32020,AXSUSDT,1788292800000,testB,-1,-2.84,0.448,4.66,3.26,0.32,-2.54,0.72,1.88,2.2,1.46,0,-0.3,neutral,bajista,0,-0.266,32,9318,3,
s32021,AXSUSDT,1788293700000,testB,-1,-2.45,0.411,3.99,2.6,0.48,-2.17,0.74,1.88,2.2,1.46,0,-0.28,neutral,neutral,0,-0.384,32,9319,0,
s32022,AXSUSDT,1788294600000,testB,-1,-2.19,0.383,3.8,2.5,0.52,-2.13,0.74,1.88,2.2,1.46,0,-0.07,neutral,neutral,0,-0.645,32,9320,1,
s32023,STBLUSDT,1788297300000,train,1,2.14,0.431,2.93,2.69,0.79,2.56,1.3,0.67,0.84,0.75,0,-0.41,neutral,neutral,0,-0.162,32,9324,1,
s32024,OPUSDT,1788298200000,train,-1,-4.18,0.375,5.49,4.43,0.56,-3.7,1.14,2.85,4.18,4.99,0,-0.48,neutral,neutral,0,-0.209,32,9325,1,
s32025,PENDLEUSDT,1788301800000,train,1,2.6,0.379,3.82,2.93,0.63,1.85,0.2,1.23,1.18,0.74,1,0.75,neutral,neutral,0,1.099,32,9329,1,
s32026,OPUSDT,1788304500000,train,-1,-2.42,0.395,3.46,2.6,0.76,-2.47,0.45,1.88,3.52,4.7,0,0.05,neutral,neutral,0,-1.0,16,9332,0,
s32027,XPLUSDT,1788306300000,train,-1,-2.24,0.403,3.61,3.26,0.95,-2.38,0.99,0.95,1.08,0.88,0,0.15,neutral,neutral,0,-0.688,32,9334,1,
s32028,XPLUSDT,1788308100000,train,-1,-3.35,0.581,4.31,4.21,1.08,-3.17,1.97,0.75,1.11,0.92,0,-0.18,neutral,neutral,0,-0.677,32,9336,1,
s32029,XPLUSDT,1788309000000,train,-1,-4.13,0.633,5.56,5.05,1.55,-3.93,2.55,0.75,1.11,0.92,0,-0.2,neutral,bajista,0,-0.599,32,9337,2,
s32030,ARUSDT,1788309000000,testB,-1,-3.0,0.394,3.22,3.13,1.43,-2.79,1.53,2.3,3.33,3.72,0,-0.2,neutral,bajista,0,-1.0,17,9336,4,
s32031,STXUSDT,1788309000000,testB,-1,-2.76,0.397,4.24,3.88,3.28,-2.56,1.89,0.29,0.41,0.36,0,-0.2,neutral,bajista,0,-1.0,11,9336,4,
s32032,XPLUSDT,1788309900000,train,-1,-4.5,0.662,5.8,5.4,1.76,-4.19,2.54,0.75,1.11,0.92,0,-0.3,neutral,bajista,0,-0.569,32,9338,3,
s32033,0GUSDT,1788309900000,train,-1,-3.49,0.37,7.51,7.19,4.65,-3.19,3.35,0.78,1.2,6.0,0,-0.3,neutral,neutral,0,0.052,32,9338,1,
s32034,JUPUSDT,1788309900000,train,-1,-2.54,0.632,2.79,2.74,0.77,-2.23,0.86,0.61,0.96,0.91,0,-0.3,neutral,bajista,0,-1.0,18,9338,5,
s32035,ARUSDT,1788309900000,testB,-1,-3.53,0.433,3.98,3.8,1.65,-3.23,2.3,2.3,3.33,3.72,0,-0.3,neutral,bajista,0,-1.0,16,9337,5,
s32036,STXUSDT,1788309900000,testB,-1,-2.76,0.397,4.24,3.96,3.26,-2.46,1.8,0.29,0.41,0.36,0,-0.3,neutral,bajista,0,-1.0,10,9337,5,
s32037,XPLUSDT,1788310800000,train,-1,-3.47,0.483,5.76,4.64,2.1,-3.77,1.72,0.73,1.1,0.97,0,0.3,neutral,neutral,0,-0.525,32,9339,0,
s32038,0GUSDT,1788310800000,train,-1,-3.49,0.37,8.24,7.07,2.87,-3.79,2.95,0.86,1.12,4.96,0,0.3,neutral,neutral,0,0.105,32,9339,0,
s32039,ARUSDT,1788310800000,testB,-1,-3.21,0.408,4.58,4.04,1.95,-3.51,2.56,2.1,3.24,3.84,0,0.3,neutral,bajista,0,-1.0,12,9338,6,
s32040,XPLUSDT,1788311700000,train,-1,-3.4,0.478,5.76,4.7,1.77,-3.34,1.62,0.73,1.1,0.97,0,-0.05,neutral,neutral,0,-0.702,32,9340,1,
s32041,JUPUSDT,1788311700000,train,-1,-2.04,0.512,2.32,2.32,0.8,-1.99,0.87,0.6,0.94,0.92,0,-0.05,neutral,neutral,0,-1.0,16,9340,1,
s32042,ARUSDT,1788311700000,testB,-1,-3.63,0.491,4.45,3.9,1.84,-3.57,2.3,2.1,3.24,3.84,0,-0.05,neutral,neutral,0,-1.0,11,9339,0,
s32043,XPLUSDT,1788312600000,train,-1,-3.1,0.454,5.77,4.96,1.24,-2.76,1.69,0.73,1.1,0.97,0,-0.34,neutral,bajista,0,-0.413,32,9341,2,
s32044,JUPUSDT,1788312600000,train,-1,-3.17,0.618,3.94,3.75,1.61,-2.83,2.12,0.6,0.94,0.92,0,-0.34,neutral,bajista,0,-1.0,15,9341,2,
s32045,PENDLEUSDT,1788312600000,train,-1,-2.68,0.373,4.53,4.49,1.02,-2.35,2.11,1.08,1.18,0.97,0,-0.34,neutral,bajista,0,-1.0,6,9341,2,
s32046,ARUSDT,1788312600000,testB,-1,-3.66,0.491,5.31,4.76,1.62,-3.32,2.76,2.1,3.24,3.84,0,-0.34,neutral,neutral,0,-1.0,10,9340,1,
s32047,XPLUSDT,1788313500000,train,-1,-4.57,0.72,5.41,5.12,1.19,-4.31,1.99,0.73,1.1,0.97,0,-0.26,neutral,bajista,0,-1.0,26,9342,3,
s32048,PUMPUSDT,1788313500000,train,-1,-4.31,0.476,6.7,6.39,4.51,-4.06,3.88,0.53,0.67,0.59,0,-0.26,neutral,bajista,0,-0.294,32,9342,3,
s32049,OPUSDT,1788313500000,train,-1,-2.35,0.417,3.85,2.55,2.42,-2.1,1.27,1.39,3.15,3.92,0,-0.26,neutral,bajista,0,-1.0,5,9342,3,
s32050,SEIUSDT,1788313500000,train,-1,-2.18,0.359,2.81,2.42,0.73,-1.92,0.57,1.3,1.96,1.61,0,-0.26,neutral,bajista,0,-1.0,17,9342,3,
s32051,JUPUSDT,1788313500000,train,-1,-2.79,0.517,3.93,3.4,2.0,-2.54,1.52,0.6,0.94,0.92,0,-0.26,neutral,neutral,0,-1.0,14,9342,0,
s32052,ARUSDT,1788313500000,testB,-1,-3.73,0.509,5.29,4.47,1.42,-3.48,2.16,2.1,3.24,3.84,0,-0.26,neutral,neutral,0,-1.0,9,9341,0,
s32053,STXUSDT,1788313500000,testB,-1,-2.52,0.404,4.7,3.51,1.03,-2.27,0.78,0.34,0.41,0.37,0,-0.26,neutral,neutral,0,-1.0,6,9341,0,
s32054,XPLUSDT,1788314400000,train,-1,-4.19,0.678,5.19,4.4,1.15,-3.91,1.69,0.82,1.14,1.01,0,-0.28,neutral,neutral,0,-1.0,20,9343,0,
s32055,PUMPUSDT,1788314400000,train,-1,-4.14,0.45,6.69,5.75,5,-3.86,3.1,0.64,0.71,0.62,0,-0.28,neutral,neutral,0,-0.125,32,9343,0,
s32056,0GUSDT,1788314400000,train,-1,-5.19,0.49,9.6,7.94,1.1,-4.91,2.5,0.99,1.07,4.08,0,-0.28,neutral,neutral,0,-0.027,32,9343,0,
s32057,JUPUSDT,1788314400000,train,-1,-2.51,0.443,3.58,2.58,2.25,-2.23,0.96,0.63,0.79,0.92,0,-0.28,neutral,neutral,0,-1.0,10,9343,0,
s32058,ARUSDT,1788314400000,testB,-1,-2.9,0.371,5.26,3.76,0.99,-2.63,1.41,2.01,3.12,4.03,0,-0.28,neutral,neutral,0,-1.0,8,9342,0,
s32059,XPLUSDT,1788315300000,train,-1,-2.41,0.379,4.9,3.12,1.27,-2.74,0.56,0.82,1.14,1.01,0,0.33,neutral,neutral,0,-1.0,19,9344,0,
s32060,INJUSDT,1788318000000,train,1,2.19,0.399,3.66,3.15,1.84,1.87,1.76,0.63,0.69,0.9,0,0.33,neutral,alcista,0,-0.74,32,9347,2,
s32061,INJUSDT,1788318900000,train,1,2.5,0.432,3.85,3.62,1.81,2.17,2.04,0.63,0.69,0.9,0,0.34,neutral,alcista,0,-0.775,32,9348,3,
s32062,SANDUSDT,1788318900000,testB,1,2.08,0.383,2.3,2.06,0.59,1.74,1.21,1.01,0.98,1.27,0,0.34,neutral,alcista,0,-1.0,26,9347,3,
s32063,ARBUSDT,1788321600000,train,1,4.22,0.449,6.2,5.87,1.25,4.24,2.85,2.08,2.36,6.3,0,-0.03,neutral,alcista,0,-1.0,28,9351,4,
s32064,STXUSDT,1788321600000,testB,1,2.55,0.36,4.89,3.69,0.66,2.58,0.66,0.45,0.35,0.38,0,-0.03,neutral,neutral,0,0.032,32,9350,0,
s32065,ARBUSDT,1788322500000,train,1,4.72,0.519,6.48,4.98,1.19,4.5,1.59,2.08,2.36,6.3,0,0.22,neutral,neutral,0,-1.0,27,9352,0,
s32066,STXUSDT,1788322500000,testB,1,2.75,0.394,4.89,3.73,0.67,2.53,0.6,0.45,0.35,0.38,0,0.22,neutral,neutral,0,0.094,32,9351,1,
s32067,XPLUSDT,1788323400000,train,1,2.64,0.352,4.28,3.7,0.49,2.17,0.89,0.87,1.0,1.04,0,0.47,neutral,neutral,0,-0.117,32,9353,1,
s32068,ARBUSDT,1788323400000,train,1,4.24,0.453,6.25,4.38,1.27,3.77,1.06,2.08,2.36,6.3,0,0.47,neutral,neutral,0,-1.0,26,9353,0,
s32069,PENDLEUSDT,1788323400000,train,1,4.68,0.562,6.38,6.21,1.66,4.21,2.48,1.69,1.43,1.17,1,0.47,neutral,neutral,0,-0.808,32,9353,1,
s32070,STXUSDT,1788323400000,testB,1,3.84,0.505,4.85,4.51,0.61,3.37,1.34,0.45,0.35,0.38,0,0.47,neutral,alcista,0,-0.188,32,9352,2,
s32071,SANDUSDT,1788323400000,testB,1,2.14,0.388,2.62,2.6,0.99,1.68,1.45,1.03,0.97,1.24,0,0.47,neutral,alcista,0,-1.0,20,9352,2,
s32072,XPLUSDT,1788324300000,train,1,2.79,0.377,4.29,3.52,0.48,2.34,0.63,0.87,1.0,1.04,0,0.45,neutral,neutral,0,-0.421,32,9354,0,
s32073,ARBUSDT,1788324300000,train,1,3.8,0.388,6.28,3.86,1.36,3.35,0.57,2.08,2.36,6.3,0,0.45,neutral,neutral,0,-1.0,25,9354,0,
s32074,INJUSDT,1788324300000,train,1,2.33,0.379,3.88,2.69,0.65,1.88,0.54,0.68,0.67,0.89,0,0.45,neutral,alcista,0,-0.74,32,9354,2,
s32075,PENDLEUSDT,1788324300000,train,1,4.56,0.535,6.53,5.59,2.0,4.11,1.63,1.69,1.43,1.17,1,0.45,neutral,neutral,0,-0.837,32,9354,0,
s32076,ARUSDT,1788324300000,testB,1,4.65,0.595,6.17,6.13,1.32,4.21,2.41,2.11,2.84,4.23,0,0.45,neutral,alcista,0,-0.662,32,9353,2,
s32077,STXUSDT,1788324300000,testB,1,4.04,0.529,4.85,4.62,0.64,3.59,1.53,0.45,0.35,0.38,0,0.45,neutral,alcista,0,-0.358,32,9353,3,
s32078,SANDUSDT,1788324300000,testB,1,2.68,0.45,3.42,3.05,1.03,2.23,1.66,1.03,0.97,1.24,0,0.45,neutral,alcista,0,-1.0,19,9353,3,
s32079,AXSUSDT,1788324300000,testB,1,2.42,0.541,3.04,2.74,0.65,1.97,0.98,0.89,1.03,1.59,0,0.45,neutral,alcista,0,-0.449,32,9353,3,
s32080,INJUSDT,1788325200000,train,1,2.18,0.364,3.88,2.85,0.47,1.84,0.71,0.71,0.64,0.85,0,0.34,neutral,alcista,0,-1.0,32,9355,3,
s32081,TIAUSDT,1788325200000,train,1,2.28,0.417,4.43,4.07,1.04,1.94,1.1,1.04,1.4,1.69,0,0.34,neutral,alcista,0,-0.616,32,9355,2,
s32082,PENDLEUSDT,1788325200000,train,1,4.66,0.54,6.52,5.73,1.71,4.33,1.75,1.87,1.51,1.23,1,0.34,neutral,neutral,0,-0.831,32,9355,1,
s32083,ARUSDT,1788325200000,testB,1,4.81,0.624,7.58,5.89,2.51,4.47,2.03,2.85,2.84,4.46,0,0.34,neutral,neutral,0,-0.691,32,9354,0,
s32084,STXUSDT,1788325200000,testB,1,3.48,0.442,4.86,4.25,0.51,3.14,1.05,0.47,0.35,0.39,0,0.34,neutral,neutral,0,-0.064,32,9354,0,
s32085,AXSUSDT,1788325200000,testB,1,2.13,0.509,3.03,2.76,0.53,1.79,0.91,0.92,0.89,1.58,0,0.34,neutral,alcista,0,-0.434,32,9354,4,
s32086,XPLUSDT,1788326100000,train,1,2.83,0.389,4.48,4.2,0.45,2.07,1.4,0.85,0.89,1.04,0,0.76,neutral,alcista,0,-0.459,32,9356,2,
s32087,WLDUSDT,1788326100000,train,1,2.73,0.45,3.93,3.61,0.67,1.97,1.24,0.75,0.77,0.76,0,0.76,neutral,neutral,0,-0.842,32,9356,1,
s32088,INJUSDT,1788326100000,train,1,2.42,0.418,3.88,2.73,0.48,1.66,0.53,0.71,0.64,0.85,0,0.76,neutral,neutral,0,-1.0,31,9356,0,
s32089,TIAUSDT,1788326100000,train,1,2.99,0.619,4.68,4.01,1.2,2.22,1.05,1.04,1.4,1.69,0,0.76,neutral,neutral,0,-0.708,32,9356,0,
s32090,JUPUSDT,1788326100000,train,1,3.18,0.392,4.87,4.6,0.77,2.42,2.1,0.69,0.72,0.92,0,0.76,neutral,alcista,0,-0.78,32,9356,2,
s32091,PENDLEUSDT,1788326100000,train,1,5.53,0.63,6.49,6.16,1.66,4.77,2.16,1.87,1.51,1.23,1,0.76,neutral,alcista,0,-0.813,32,9356,2,
s32092,ONDOUSDT,1788326100000,train,1,2.01,0.5,2.87,2.76,0.63,1.25,0.94,0.73,0.75,0.86,0,0.76,neutral,alcista,0,-0.463,32,9355,2,
s32093,ARUSDT,1788326100000,testB,1,5.35,0.648,7.54,6.37,2.87,4.59,2.45,2.85,2.84,4.46,0,0.76,neutral,neutral,0,-0.662,32,9355,1,
s32094,STXUSDT,1788326100000,testB,1,3.7,0.458,4.88,4.76,0.44,2.94,1.48,0.47,0.35,0.39,0,0.76,neutral,neutral,0,-0.242,32,9355,1,
s32095,GRTUSDT,1788326100000,testB,1,2.23,0.367,3.58,3.58,0.5,1.47,1.23,0.58,0.54,0.61,0,0.76,neutral,neutral,0,-1.0,22,9355,1,
s32096,LDOUSDT,1788326100000,testB,1,2.25,0.366,3.92,3.28,0.94,1.49,0.98,0.86,0.85,0.93,0,0.76,neutral,neutral,0,-1.0,18,9355,0,
s32097,SANDUSDT,1788326100000,testB,1,2.68,0.463,3.42,2.88,0.88,1.92,1.24,1.0,0.93,1.21,0,0.76,neutral,neutral,0,-1.0,17,9355,1,
s32098,AXSUSDT,1788326100000,testB,1,2.45,0.572,3.04,2.96,0.62,1.69,1.01,0.92,0.89,1.58,0,0.76,neutral,alcista,0,-0.505,32,9355,5,
s32099,XPLUSDT,1788327000000,train,1,2.87,0.396,4.48,4.0,0.41,1.82,1.12,0.85,0.89,1.04,0,1.06,neutral,neutral,0,-0.171,32,9357,0,
s32100,WLDUSDT,1788327000000,train,1,2.57,0.411,3.95,3.11,0.71,1.51,0.66,0.75,0.77,0.76,0,1.06,neutral,neutral,0,-1.0,32,9357,0,
s32101,OPUSDT,1788327000000,train,1,2.55,0.36,4.34,3.24,0.64,1.49,0.66,1.55,1.75,3.19,0,1.06,neutral,neutral,0,0.109,32,9357,0,
s32102,SUIUSDT,1788327000000,train,1,2.29,0.542,3.18,2.75,0.46,1.23,0.7,1.01,1.04,0.94,0,1.06,neutral,neutral,0,-1.0,21,9357,0,
s32103,TIAUSDT,1788327000000,train,1,3.5,0.801,4.69,3.88,1.07,2.44,0.83,1.04,1.4,1.69,0,1.06,neutral,neutral,0,-0.417,32,9357,0,
s32104,JUPUSDT,1788327000000,train,1,4.33,0.608,4.84,4.29,0.72,3.27,1.65,0.69,0.72,0.92,0,1.06,neutral,neutral,0,-0.398,32,9357,0,
s32105,PENDLEUSDT,1788327000000,train,1,6.41,0.787,6.49,6.23,1.09,5.36,2.09,1.87,1.51,1.23,1,1.06,neutral,alcista,0,-0.59,32,9357,3,
s32106,ONDOUSDT,1788327000000,train,1,2.17,0.557,2.88,2.56,0.62,1.11,0.67,0.73,0.75,0.86,0,1.06,neutral,neutral,0,0.08,32,9356,0,
s32107,FETUSDT,1788327000000,train,1,2.11,0.39,3.29,2.71,0.83,1.05,0.34,0.67,0.74,0.83,0,1.06,neutral,neutral,0,-1.0,18,9356,0,
s32108,ARUSDT,1788327000000,testB,1,6.4,0.833,7.09,6.1,2.92,5.35,2.5,2.85,2.84,4.46,0,1.06,neutral,alcista,0,-1.0,21,9356,2,
s32109,STXUSDT,1788327000000,testB,1,3.79,0.473,4.62,4.31,0.46,2.73,1.2,0.47,0.35,0.39,0,1.06,neutral,neutral,0,-0.152,32,9356,0,
s32110,GRTUSDT,1788327000000,testB,1,2.43,0.411,3.6,3.17,0.53,1.38,0.69,0.58,0.54,0.61,0,1.06,neutral,neutral,0,-1.0,21,9356,0,
s32111,SANDUSDT,1788327000000,testB,1,2.14,0.354,3.44,2.49,0.76,1.09,0.77,1.0,0.93,1.21,0,1.06,neutral,neutral,0,-1.0,16,9356,0,
s32112,AXSUSDT,1788327000000,testB,1,2.6,0.627,2.98,2.68,0.62,1.55,0.76,0.92,0.89,1.58,0,1.06,neutral,neutral,0,-0.141,32,9356,0,
s32113,ASTERUSDT,1788327900000,train,1,2.19,0.683,2.53,2.31,1.05,1.36,0.66,0.6,0.55,0.84,0,0.83,neutral,neutral,0,0.65,32,9358,1,
s32114,XPLUSDT,1788327900000,train,1,3.61,0.524,4.54,4.14,0.55,2.78,1.05,0.85,0.89,1.04,0,0.83,neutral,neutral,0,-0.344,32,9358,1,
s32115,PUMPUSDT,1788327900000,train,1,4.05,0.549,4.8,4.22,0.37,3.23,0.4,0.76,0.63,0.63,1,0.83,neutral,neutral,0,-0.632,32,9358,0,
s32116,WLDUSDT,1788327900000,train,1,2.4,0.374,3.71,2.7,0.73,1.58,0.44,0.75,0.77,0.76,0,0.83,neutral,neutral,0,-1.0,20,9358,0,
s32117,OPUSDT,1788327900000,train,1,2.83,0.414,4.1,2.91,0.74,2.0,0.45,1.55,1.75,3.19,0,0.83,neutral,neutral,0,-1.0,21,9358,0,
s32118,TIAUSDT,1788327900000,train,1,4.37,0.883,4.57,4.46,1.03,3.54,1.42,1.04,1.4,1.69,0,0.83,neutral,neutral,0,-0.621,32,9358,1,
s32119,JUPUSDT,1788327900000,train,1,4.02,0.592,4.42,3.92,0.88,3.2,1.48,0.69,0.72,0.92,0,0.83,neutral,neutral,0,-1.0,28,9358,1,
s32120,PENDLEUSDT,1788327900000,train,1,5.18,0.657,6.91,5.32,1.15,4.35,1.45,1.87,1.51,1.23,1,0.83,neutral,neutral,0,-0.685,32,9358,0,
s32121,ONDOUSDT,1788327900000,train,1,2.08,0.53,2.62,2.24,0.78,1.25,0.52,0.73,0.75,0.86,0,0.83,neutral,neutral,0,-0.052,32,9357,0,
s32122,FETUSDT,1788327900000,train,1,2.04,0.383,2.77,2.26,0.79,1.22,0.36,0.67,0.74,0.83,0,0.83,neutral,neutral,0,-1.0,16,9357,1,
s32123,ARUSDT,1788327900000,testB,1,5.43,0.672,7.05,5.41,2.77,4.6,1.71,2.85,2.84,4.46,0,0.83,neutral,neutral,0,-1.0,20,9357,0,
s32124,STXUSDT,1788327900000,testB,1,3.47,0.437,4.85,3.43,0.78,2.64,0.96,0.47,0.35,0.39,0,0.83,neutral,neutral,0,-0.281,32,9357,0,
s32125,GRTUSDT,1788327900000,testB,1,2.7,0.473,3.48,2.87,0.68,1.87,0.44,0.58,0.54,0.61,0,0.83,neutral,neutral,0,-1.0,20,9357,0,
s32126,AXSUSDT,1788327900000,testB,1,2.26,0.594,2.66,2.38,0.9,1.43,0.91,0.92,0.89,1.58,0,0.83,neutral,neutral,0,-1.0,20,9357,1,
s32127,XPLUSDT,1788328800000,train,1,3.26,0.465,3.95,3.14,0.63,2.62,0.75,0.77,0.75,1.04,0,0.64,neutral,neutral,0,-0.313,32,9359,0,
s32128,PUMPUSDT,1788328800000,train,1,3.0,0.418,3.91,2.91,0.47,2.36,0.06,0.78,0.56,0.64,0,0.64,neutral,neutral,0,-1.0,19,9359,0,
s32129,ARBUSDT,1788328800000,train,1,3.74,0.422,4.66,4.05,0.59,3.09,1.77,2.09,1.93,5.65,0,0.64,neutral,alcista,0,-1.0,19,9359,2,
s32130,TIAUSDT,1788328800000,train,1,3.61,0.698,4.35,3.54,1.06,2.97,0.95,0.93,1.23,1.71,0,0.64,neutral,neutral,0,-1.0,30,9359,0,
s32131,JUPUSDT,1788328800000,train,1,2.62,0.364,4.04,2.65,0.96,1.98,0.61,0.7,0.65,0.9,0,0.64,neutral,neutral,0,-1.0,22,9359,0,
s32132,PENDLEUSDT,1788328800000,train,1,4.82,0.613,6.4,4.65,1.04,4.18,1.21,1.81,1.44,1.24,1,0.64,neutral,neutral,0,-1.0,19,9359,0,
s32133,ARUSDT,1788328800000,testB,1,3.85,0.47,6.2,3.71,1.06,3.21,0.79,2.86,2.59,4.52,0,0.64,neutral,neutral,0,-1.0,16,9358,0,
s32134,PUMPUSDT,1788329700000,train,1,2.26,0.351,3.61,2.58,0.49,1.98,0.26,0.78,0.56,0.64,0,0.28,neutral,neutral,0,-1.0,15,9360,0,
s32135,PENDLEUSDT,1788329700000,train,1,2.63,0.422,5.02,2.97,0.97,2.35,0.92,1.81,1.44,1.24,1,0.28,neutral,neutral,0,-1.0,12,9360,0,
s32136,ARBUSDT,1788330600000,train,1,3.09,0.351,3.84,3.42,0.66,2.59,1.64,2.09,1.93,5.65,0,0.5,neutral,neutral,0,-1.0,15,9361,1,
s32137,PENDLEUSDT,1788330600000,train,1,2.85,0.442,4.73,2.91,1.14,2.35,0.95,1.81,1.44,1.24,1,0.5,neutral,neutral,0,-1.0,11,9361,1,
s32138,ENAUSDT,1788333300000,train,-1,-3.22,0.384,4.16,3.76,0.86,-3.14,1.02,0.72,0.61,0.99,0,-0.08,neutral,neutral,0,1.167,32,9364,1,
s32139,OPUSDT,1788333300000,train,-1,-2.58,0.355,3.23,3.03,0.91,-2.5,1.15,1.34,1.37,3.11,0,-0.08,neutral,neutral,0,-1.0,26,9364,1,
s32140,AXSUSDT,1788333300000,testB,1,2.25,0.555,2.65,2.61,1.18,2.33,1.39,0.95,0.87,1.59,0,-0.08,neutral,alcista,0,-1.0,8,9363,5,
s32141,STBLUSDT,1788335100000,train,1,2.43,0.521,4.71,2.73,4.84,2.55,1.54,0.77,0.68,0.81,0,-0.12,neutral,alcista,0,-1.0,29,9366,2,
s32142,XPLUSDT,1788336000000,train,1,2.12,0.427,2.64,2.6,1.23,2.07,1.01,0.65,0.72,1.02,0,0.06,neutral,alcista,0,-1.0,9,9367,3,
s32143,STBLUSDT,1788336000000,train,1,2.19,0.495,4.71,2.76,5,2.13,1.47,0.96,0.79,0.82,0,0.06,neutral,alcista,0,-1.0,28,9367,3,
s32144,STBLUSDT,1788336900000,train,1,2.79,0.574,4.49,3.06,5,3.02,1.86,0.96,0.79,0.82,0,-0.24,neutral,alcista,0,-1.0,27,9368,4,
s32145,0GUSDT,1788336900000,train,1,4.35,0.381,5.48,4.38,1.91,4.59,2.32,0.82,0.91,1.82,0,-0.24,neutral,alcista,0,-1.0,11,9368,4,
s32146,ARBUSDT,1788336900000,train,1,3.4,0.359,7.02,4.84,1.99,3.64,2.4,2.44,2.13,4.85,0,-0.24,neutral,neutral,0,-1.0,8,9368,0,
s32147,STBLUSDT,1788337800000,train,1,2.51,0.488,4.44,2.49,3.98,3.32,1.21,0.96,0.79,0.82,0,-0.81,neutral,neutral,0,-1.0,26,9369,0,
s32148,ARBUSDT,1788337800000,train,1,3.58,0.383,7.03,4.67,2.6,4.39,1.96,2.44,2.13,4.85,0,-0.81,neutral,neutral,0,-1.0,7,9369,0,
s32149,PENDLEUSDT,1788337800000,train,-1,-2.94,0.439,4.25,4.2,1.48,-2.13,1.73,2.07,1.61,1.31,1,-0.81,neutral,neutral,0,0.255,32,9369,1,
s32150,PUMPUSDT,1788338700000,train,-1,-2.21,0.446,3.7,3.28,2.68,-1.29,1.71,0.54,0.58,0.64,0,-0.91,neutral,bajista,0,1.065,32,9370,3,
s32151,STBLUSDT,1788338700000,train,1,2.87,0.522,4.38,2.91,1.36,3.78,1.48,0.96,0.79,0.82,0,-0.91,neutral,neutral,0,-1.0,5,9370,1,
s32152,ARBUSDT,1788338700000,train,1,3.7,0.398,7.06,4.26,3.1,4.61,1.23,2.44,2.13,4.85,0,-0.91,neutral,neutral,0,-1.0,6,9370,0,
s32153,PENDLEUSDT,1788338700000,train,-1,-2.53,0.401,4.63,4.44,1.93,-1.62,1.8,2.07,1.61,1.31,1,-0.91,neutral,bajista,0,0.172,32,9370,2,
s32154,ARUSDT,1788338700000,testB,-1,-2.25,0.4,4.46,3.75,0.59,-1.33,0.8,2.63,2.29,3.43,0,-0.91,neutral,neutral,0,0.412,32,9369,0,
s32155,PUMPUSDT,1788339600000,train,-1,-2.29,0.474,3.7,3.2,2.73,-1.45,1.52,0.48,0.6,0.62,0,-0.84,neutral,neutral,0,1.2,32,9371,0,
s32156,STBLUSDT,1788339600000,train,1,2.63,0.465,4.35,2.68,0.68,3.47,1.17,1.04,0.8,0.82,0,-0.84,neutral,neutral,0,-1.0,4,9371,0,
s32157,ARBUSDT,1788339600000,train,1,3.82,0.406,6.51,3.9,2.33,4.67,1.41,2.62,2.27,4.48,0,-0.84,neutral,neutral,0,-1.0,4,9371,1,
s32158,PENDLEUSDT,1788339600000,train,-1,-2.37,0.367,4.62,4.12,1.51,-1.53,1.34,2.16,1.71,1.36,1,-0.84,neutral,neutral,0,0.332,32,9371,0,
s32159,ARUSDT,1788339600000,testB,-1,-2.16,0.391,4.2,3.67,0.62,-1.32,0.88,2.66,2.23,3.09,0,-0.84,neutral,neutral,0,0.289,32,9370,1,
s32160,PUMPUSDT,1788340500000,train,-1,-2.06,0.406,3.68,2.69,2.27,-0.97,0.98,0.48,0.6,0.62,0,-1.08,neutral,neutral,0,1.263,32,9372,0,
s32161,PENDLEUSDT,1788340500000,train,-1,-3.15,0.499,5.59,4.47,1.36,-2.06,1.7,2.16,1.71,1.36,1,-1.08,neutral,neutral,0,-0.056,32,9372,1,
s32162,ARUSDT,1788340500000,testB,-1,-2.93,0.557,4.53,3.95,0.92,-1.84,1.09,2.66,2.23,3.09,0,-1.08,neutral,bajista,0,0.146,32,9371,2,
s32163,SANDUSDT,1788340500000,testB,-1,-2.14,0.554,2.7,2.24,1.16,-1.06,0.95,0.76,0.88,0.97,0,-1.08,neutral,bajista,0,-1.0,12,9371,4,
s32164,PUMPUSDT,1788341400000,train,-1,-2.01,0.401,3.69,2.81,1.38,-0.55,1.01,0.48,0.6,0.62,0,-1.47,neutral,neutral,0,1.034,32,9373,1,
s32165,WLDUSDT,1788341400000,train,-1,-2.15,0.418,3.04,2.79,1.59,-0.69,1.38,0.65,0.68,0.76,0,-1.47,neutral,neutral,0,0.02,32,9373,1,
s32166,PENDLEUSDT,1788341400000,train,-1,-4.58,0.603,6.1,5.97,1.31,-3.12,2.72,2.16,1.71,1.36,1,-1.47,neutral,bajista,0,-0.315,32,9373,2,
s32167,FETUSDT,1788341400000,train,-1,-2.07,0.421,2.57,2.5,1.71,-0.6,1.34,0.78,0.66,0.81,0,-1.47,neutral,neutral,0,0.184,32,9372,1,
s32168,ARUSDT,1788341400000,testB,-1,-3.65,0.649,5.27,4.55,1.0,-2.19,1.68,2.66,2.23,3.09,0,-1.47,neutral,bajista,0,0.039,32,9372,3,
s32169,GRTUSDT,1788341400000,testB,-1,-2.38,0.6,2.56,2.56,1.32,-0.91,1.48,0.49,0.48,0.57,0,-1.47,neutral,bajista,0,-0.341,32,9372,2,
s32170,LDOUSDT,1788341400000,testB,-1,-2.62,0.393,3.36,3.25,1.26,-1.15,1.75,0.92,0.83,0.94,0,-1.47,neutral,bajista,0,-0.556,32,9372,2,
s32171,SANDUSDT,1788341400000,testB,-1,-2.55,0.595,2.99,2.94,1.52,-1.08,1.64,0.76,0.88,0.97,0,-1.47,neutral,bajista,0,-1.0,10,9372,5,
s32172,PUMPUSDT,1788342300000,train,-1,-2.09,0.409,3.69,2.98,1.01,-0.92,1.09,0.48,0.6,0.62,0,-1.16,neutral,bajista,0,1.095,32,9374,2,
s32173,PENDLEUSDT,1788342300000,train,-1,-3.86,0.519,4.97,4.55,1.1,-2.7,2.23,2.16,1.71,1.36,1,-1.16,neutral,neutral,0,-0.437,32,9374,0,
s32174,ARUSDT,1788342300000,testB,-1,-2.68,0.5,4.0,2.93,0.75,-1.52,1.17,2.66,2.23,3.09,0,-1.16,neutral,neutral,0,-0.333,32,9373,0,
s32175,GRTUSDT,1788342300000,testB,-1,-2.08,0.531,2.62,2.31,1.28,-0.91,1.23,0.49,0.48,0.57,0,-1.16,neutral,neutral,0,-0.324,32,9373,0,
s32176,LDOUSDT,1788342300000,testB,-1,-2.92,0.419,3.54,3.29,1.34,-1.76,1.99,0.92,0.83,0.94,0,-1.16,neutral,bajista,0,-0.788,32,9373,3,
s32177,SANDUSDT,1788342300000,testB,-1,-2.6,0.6,3.1,2.91,1.81,-1.44,1.51,0.76,0.88,0.97,0,-1.16,neutral,bajista,0,-1.0,9,9373,6,
s32178,PUMPUSDT,1788343200000,train,-1,-2.21,0.422,3.97,3.55,1.01,-1.0,1.51,0.49,0.61,0.62,0,-1.21,neutral,bajista,0,0.664,32,9375,3,
s32179,PENDLEUSDT,1788343200000,train,-1,-3.93,0.523,4.61,4.31,1.33,-2.73,2.29,1.96,1.8,1.42,1,-1.21,neutral,neutral,0,-0.553,32,9375,1,
s32180,ARUSDT,1788343200000,testB,-1,-3.88,0.589,5.08,4.36,1.51,-2.68,2.96,2.7,2.39,3.08,0,-1.21,neutral,neutral,0,-0.74,32,9374,1,
s32181,SANDUSDT,1788343200000,testB,-1,-2.47,0.588,3.27,2.83,1.9,-1.27,1.51,0.88,0.95,0.93,0,-1.21,neutral,bajista,0,-1.0,7,9374,7,
s32182,PUMPUSDT,1788344100000,train,-1,-2.37,0.44,3.98,3.74,1.02,-1.12,1.51,0.49,0.61,0.62,0,-1.25,neutral,bajista,0,0.586,32,9376,4,
s32183,PENDLEUSDT,1788344100000,train,-1,-3.81,0.515,4.52,4.39,1.06,-2.56,2.25,1.96,1.8,1.42,1,-1.25,neutral,bajista,0,-0.629,32,9376,2,
s32184,ARUSDT,1788344100000,testB,-1,-3.6,0.569,5.01,4.6,1.78,-2.35,2.99,2.7,2.39,3.08,0,-1.25,neutral,bajista,0,-0.842,32,9375,2,
s32185,SANDUSDT,1788344100000,testB,-1,-2.06,0.506,3.26,2.7,1.72,-0.81,1.2,0.88,0.95,0.93,0,-1.25,neutral,neutral,0,-1.0,6,9375,0,
s32186,PUMPUSDT,1788345000000,train,-1,-2.47,0.471,3.96,3.08,1.08,-1.18,0.78,0.49,0.61,0.62,0,-1.3,neutral,neutral,0,1.069,32,9377,0,
s32187,WLDUSDT,1788345000000,train,-1,-2.35,0.512,3.44,3.1,1.15,-1.05,1.16,0.71,0.71,0.77,0,-1.3,neutral,bajista,0,-0.063,32,9377,3,
s32188,PENDLEUSDT,1788345000000,train,-1,-3.76,0.506,4.54,4.09,0.7,-2.47,1.72,1.96,1.8,1.42,1,-1.3,neutral,neutral,0,-0.748,32,9377,0,
s32189,FETUSDT,1788345000000,train,-1,-2.33,0.563,3.05,2.79,1.48,-1.04,1.37,0.89,0.74,0.82,0,-1.3,neutral,bajista,0,-0.19,32,9376,3,
s32190,ARUSDT,1788345000000,testB,-1,-3.64,0.58,5.01,4.6,1.46,-2.35,2.63,2.7,2.39,3.08,0,-1.3,neutral,neutral,0,-0.792,32,9376,0,
s32191,GRTUSDT,1788345000000,testB,-1,-2.2,0.667,2.69,2.5,1.17,-0.9,1.11,0.49,0.51,0.59,0,-1.3,neutral,bajista,0,-0.25,32,9376,3,
s32192,LDOUSDT,1788345000000,testB,-1,-2.99,0.539,3.81,3.61,1.61,-1.69,1.87,1.04,0.92,0.96,0,-1.3,neutral,bajista,0,-1.0,29,9376,2,
s32193,SANDUSDT,1788345000000,testB,-1,-2.35,0.567,3.27,2.89,1.35,-1.05,1.25,0.88,0.95,0.93,0,-1.3,neutral,neutral,0,-1.0,5,9376,1,
s32194,AXSUSDT,1788345000000,testB,-1,-2.43,0.406,4.22,3.88,0.79,-1.14,1.2,1.12,1.0,1.61,0,-1.3,neutral,neutral,0,-0.17,32,9376,1,
s32195,APEUSDT,1788345000000,testB,-1,-2.18,0.789,2.52,2.3,2.46,-0.88,1.19,0.79,0.75,0.89,0,-1.3,neutral,bajista,0,-0.129,32,9376,5,
s32196,PUMPUSDT,1788345900000,train,-1,-2.62,0.485,4.28,3.4,1.16,-1.4,0.93,0.49,0.61,0.62,0,-1.21,neutral,neutral,0,0.853,32,9378,1,
s32197,SUIUSDT,1788345900000,train,-1,-2.11,0.446,3.73,2.79,1.95,-0.9,1.13,0.9,0.94,0.97,0,-1.21,neutral,bajista,0,-1.0,23,9378,4,
s32198,PENDLEUSDT,1788345900000,train,-1,-3.58,0.493,5.03,4.14,0.86,-2.37,1.58,1.96,1.8,1.42,1,-1.21,neutral,neutral,0,-0.863,32,9378,1,
s32199,FETUSDT,1788345900000,train,-1,-2.2,0.515,3.51,2.51,1.5,-0.99,0.9,0.89,0.74,0.82,0,-1.21,neutral,neutral,0,-0.237,32,9377,0,
s32200,ARUSDT,1788345900000,testB,-1,-2.98,0.43,5.51,3.8,1.92,-1.77,1.58,2.7,2.39,3.08,0,-1.21,neutral,neutral,0,-0.845,32,9377,0,
s32201,GRTUSDT,1788345900000,testB,-1,-2.14,0.66,3.19,2.56,1.26,-0.93,1.0,0.49,0.51,0.59,0,-1.21,neutral,neutral,0,-0.366,32,9377,0,
s32202,LDOUSDT,1788345900000,testB,-1,-3.07,0.546,5.02,3.7,1.75,-1.86,1.68,1.04,0.92,0.96,0,-1.21,neutral,bajista,0,-1.0,28,9377,3,
s32203,SANDUSDT,1788345900000,testB,-1,-2.58,0.598,4.25,3.11,1.95,-1.37,1.29,0.88,0.95,0.93,0,-1.21,neutral,bajista,0,-1.0,4,9377,2,
s32204,AXSUSDT,1788345900000,testB,-1,-2.63,0.451,4.5,3.91,0.85,-1.42,1.08,1.12,1.0,1.61,0,-1.21,neutral,bajista,0,-0.225,32,9377,2,
s32205,APEUSDT,1788345900000,testB,-1,-2.03,0.737,2.96,2.15,2.39,-0.82,0.98,0.79,0.75,0.89,0,-1.21,neutral,neutral,0,-0.103,32,9377,0,
s32206,PUMPUSDT,1788346800000,train,-1,-3.28,0.555,3.71,3.4,0.94,-2.06,1.39,0.54,0.64,0.64,0,-1.22,neutral,bajista,0,0.704,32,9379,2,
s32207,WLDUSDT,1788346800000,train,-1,-2.26,0.48,3.37,2.37,1.14,-1.04,0.57,0.72,0.73,0.76,0,-1.22,neutral,neutral,0,0.082,32,9379,0,
s32208,ENAUSDT,1788346800000,train,-1,-3.75,0.363,6.8,5.71,1.44,-2.53,2.1,0.92,0.82,0.97,0,-1.22,neutral,bajista,0,0.267,32,9379,2,
s32209,SUIUSDT,1788346800000,train,-1,-2.36,0.531,3.53,2.4,1.76,-1.14,0.82,0.93,0.96,0.98,0,-1.22,neutral,neutral,0,-1.0,22,9379,0,
s32210,TIAUSDT,1788346800000,train,-1,-2.14,0.376,3.87,3.19,1.94,-0.92,1.42,1.43,1.23,1.73,0,-1.22,neutral,neutral,0,-0.062,32,9379,1,
s32211,JUPUSDT,1788346800000,train,-1,-2.03,0.355,3.44,2.45,0.77,-0.81,0.72,0.88,0.78,0.89,0,-1.22,neutral,neutral,0,-1.0,32,9379,0,
s32212,PENDLEUSDT,1788346800000,train,-1,-4.06,0.548,4.99,4.41,0.71,-2.84,1.68,1.66,1.76,1.43,0,-1.22,neutral,bajista,0,-1.0,32,9379,2,
s32213,FETUSDT,1788346800000,train,-1,-2.39,0.536,3.51,2.72,1.5,-1.17,0.97,0.9,0.77,0.82,0,-1.22,neutral,neutral,0,-0.22,32,9378,1,
s32214,ARUSDT,1788346800000,testB,-1,-3.58,0.526,5.39,3.94,0.96,-2.36,1.6,1.89,2.37,3.04,0,-1.22,neutral,neutral,0,-0.908,32,9378,1,
s32215,GRTUSDT,1788346800000,testB,-1,-2.26,0.725,3.0,2.31,1.27,-1.04,0.85,0.51,0.54,0.59,0,-1.22,neutral,neutral,0,-0.351,32,9378,0,
s32216,LDOUSDT,1788346800000,testB,-1,-3.49,0.629,4.97,3.85,1.48,-2.28,1.6,1.02,0.93,0.96,0,-1.22,neutral,bajista,0,-1.0,27,9378,4,
s32217,AXSUSDT,1788346800000,testB,-1,-2.52,0.424,4.49,3.62,0.95,-1.3,0.8,1.17,1.03,1.63,0,-1.22,neutral,neutral,0,-0.155,32,9378,0,
s32218,APEUSDT,1788346800000,testB,-1,-2.03,0.737,2.82,2.15,1.87,-0.82,1.01,0.93,0.81,0.92,0,-1.22,neutral,neutral,0,-1.0,13,9378,1,
s32219,PUMPUSDT,1788347700000,train,-1,-3.0,0.531,4.07,3.52,0.94,-1.59,1.49,0.54,0.64,0.64,0,-1.41,neutral,bajista,0,0.83,32,9380,3,
s32220,WLDUSDT,1788347700000,train,-1,-2.43,0.497,3.19,2.69,1.27,-1.02,1.05,0.72,0.73,0.76,0,-1.41,neutral,neutral,0,0.146,32,9380,1,
s32221,SUIUSDT,1788347700000,train,-1,-2.32,0.525,3.36,2.54,1.84,-0.91,1.07,0.93,0.96,0.98,0,-1.41,neutral,neutral,0,-1.0,21,9380,1,
s32222,TIAUSDT,1788347700000,train,-1,-2.09,0.362,3.87,3.1,1.89,-0.68,1.25,1.43,1.23,1.73,0,-1.41,neutral,neutral,0,-0.028,32,9380,0,
s32223,PENDLEUSDT,1788347700000,train,-1,-3.61,0.517,4.97,4.67,0.67,-2.2,1.91,1.66,1.76,1.43,0,-1.41,neutral,bajista,0,-1.0,31,9380,3,
s32224,FETUSDT,1788347700000,train,-1,-2.47,0.543,3.53,3.13,1.35,-1.06,1.31,0.9,0.77,0.82,0,-1.41,neutral,bajista,0,-0.128,32,9379,2,
s32225,ARUSDT,1788347700000,testB,-1,-3.72,0.535,5.4,4.13,0.75,-2.31,1.61,1.89,2.37,3.04,0,-1.41,neutral,bajista,0,-0.78,32,9379,2,
s32226,GRTUSDT,1788347700000,testB,-1,-2.14,0.714,2.82,2.25,1.26,-0.74,0.93,0.51,0.54,0.59,0,-1.41,neutral,neutral,0,-0.25,32,9379,1,
s32227,LDOUSDT,1788347700000,testB,-1,-3.18,0.606,4.97,3.9,1.33,-1.77,1.63,1.02,0.93,0.96,0,-1.41,neutral,bajista,0,-1.0,26,9379,5,
s32228,AXSUSDT,1788347700000,testB,-1,-3.02,0.559,4.49,3.6,0.97,-1.61,0.75,1.17,1.03,1.63,0,-1.41,neutral,neutral,0,0.024,32,9379,0,
s32229,PUMPUSDT,1788348600000,train,-1,-2.81,0.482,4.06,3.22,0.81,-1.64,1.07,0.54,0.64,0.64,0,-1.17,neutral,neutral,0,0.985,32,9381,0,
s32230,ENAUSDT,1788348600000,train,-1,-3.67,0.367,6.8,5.77,1.64,-2.5,1.74,0.92,0.82,0.97,0,-1.17,neutral,neutral,0,0.358,32,9381,0,
s32231,PENDLEUSDT,1788348600000,train,-1,-3.76,0.554,4.95,4.36,0.65,-2.59,1.43,1.66,1.76,1.43,0,-1.17,neutral,neutral,0,-1.0,30,9381,0,
s32232,FETUSDT,1788348600000,train,-1,-2.2,0.459,3.51,2.58,1.13,-1.03,0.73,0.9,0.77,0.82,0,-1.17,neutral,neutral,0,0.026,32,9380,0,
s32233,ARUSDT,1788348600000,testB,-1,-3.28,0.455,5.29,3.66,0.68,-2.11,1.15,1.89,2.37,3.04,0,-1.17,neutral,neutral,0,-1.0,29,9380,0,
s32234,LDOUSDT,1788348600000,testB,-1,-2.61,0.457,4.95,3.35,1.31,-1.44,1.0,1.02,0.93,0.96,0,-1.17,neutral,neutral,0,-1.0,25,9380,0,
s32235,ENAUSDT,1788349500000,train,-1,-3.86,0.379,6.83,6.25,0.73,-3.01,2.04,0.92,0.82,0.97,0,-0.85,neutral,neutral,0,0.205,32,9382,1,
s32236,INJUSDT,1788349500000,train,-1,-2.05,0.538,3.49,2.61,0.57,-1.2,0.48,0.94,0.78,0.73,1,-0.85,neutral,neutral,0,0.288,32,9382,1,
s32237,PENDLEUSDT,1788349500000,train,-1,-3.95,0.576,4.96,4.51,0.31,-3.1,1.45,1.66,1.76,1.43,0,-0.85,neutral,neutral,0,-1.0,29,9382,1,
s32238,FETUSDT,1788349500000,train,-1,-2.2,0.459,3.51,2.58,0.58,-1.35,0.66,0.9,0.77,0.82,0,-0.85,neutral,neutral,0,-0.077,32,9381,0,
s32239,ARUSDT,1788349500000,testB,-1,-3.07,0.438,5.3,3.85,0.42,-2.23,1.25,1.89,2.37,3.04,0,-0.85,neutral,neutral,0,-1.0,28,9381,1,
s32240,LDOUSDT,1788349500000,testB,-1,-2.48,0.444,4.95,3.38,0.62,-1.63,0.96,1.02,0.93,0.96,0,-0.85,neutral,neutral,0,-1.0,24,9381,1,
s32241,0GUSDT,1788350400000,train,-1,-5.11,0.431,7.6,7.49,1.09,-4.34,2.27,0.75,0.84,1.05,0,-0.76,neutral,neutral,0,-0.385,32,9383,1,
s32242,ENAUSDT,1788350400000,train,-1,-5.03,0.57,7.1,5.91,0.85,-4.27,1.47,0.99,0.87,0.91,0,-0.76,neutral,neutral,0,0.241,32,9383,0,
s32243,JUPUSDT,1788350400000,train,-1,-2.13,0.359,3.51,2.56,1.6,-1.37,0.85,0.91,0.8,0.88,0,-0.76,neutral,neutral,0,-1.0,28,9383,1,
s32244,PENDLEUSDT,1788350400000,train,-1,-3.2,0.488,4.95,4.29,0.36,-2.43,1.0,1.7,1.76,1.42,0,-0.76,neutral,neutral,0,-1.0,28,9383,0,
s32245,FETUSDT,1788350400000,train,-1,-2.01,0.403,3.5,2.38,0.52,-1.25,0.38,0.9,0.81,0.83,0,-0.76,neutral,neutral,0,-0.222,32,9382,0,
s32246,ARUSDT,1788350400000,testB,-1,-3.42,0.506,5.3,3.9,0.38,-2.65,1.17,1.65,2.29,2.92,0,-0.76,neutral,bajista,0,-1.0,27,9382,2,
s32247,LDOUSDT,1788350400000,testB,-1,-2.96,0.565,4.95,3.47,0.55,-2.2,0.9,0.96,0.93,0.93,0,-0.76,neutral,bajista,0,-1.0,23,9382,2,
s32248,AXSUSDT,1788350400000,testB,-1,-2.11,0.443,3.51,2.35,0.72,-1.35,0.54,1.14,1.03,1.29,0,-0.76,neutral,bajista,0,-0.005,32,9382,2,
s32249,0GUSDT,1788351300000,train,-1,-5.74,0.519,6.64,6.31,0.94,-5.39,2.03,0.75,0.84,1.05,0,-0.35,neutral,neutral,0,-0.368,32,9384,0,
s32250,ENAUSDT,1788351300000,train,-1,-3.49,0.382,5.85,3.73,0.82,-3.14,0.56,0.99,0.87,0.91,0,-0.35,neutral,neutral,0,0.518,32,9384,0,
s32251,PENDLEUSDT,1788351300000,train,-1,-3.2,0.49,4.85,3.87,0.55,-2.85,0.69,1.7,1.76,1.42,0,-0.35,neutral,neutral,0,-1.0,27,9384,0,
s32252,LDOUSDT,1788351300000,testB,-1,-2.68,0.488,4.93,3.01,0.63,-2.34,0.4,0.96,0.93,0.93,0,-0.35,neutral,neutral,0,-1.0,22,9383,0,
s32253,0GUSDT,1788352200000,train,-1,-4.88,0.474,6.07,5.63,1.12,-4.68,2.46,0.75,0.84,1.05,0,-0.19,neutral,neutral,0,-0.465,32,9385,1,
s32254,PENDLEUSDT,1788352200000,train,-1,-2.14,0.388,3.26,2.83,0.65,-1.95,1.12,1.7,1.76,1.42,0,-0.19,neutral,neutral,0,-1.0,21,9385,1,
s32255,LDOUSDT,1788352200000,testB,-1,-2.27,0.444,3.95,2.66,0.59,-2.08,0.92,0.96,0.93,0.93,0,-0.19,neutral,neutral,0,-1.0,20,9384,1,
s32256,0GUSDT,1788353100000,train,-1,-3.63,0.366,5.71,4.83,0.96,-3.31,1.97,0.75,0.84,1.05,0,-0.32,neutral,neutral,0,-0.425,32,9386,0,
s32257,ENAUSDT,1788353100000,train,-1,-4.64,0.458,6.43,6.17,1.08,-4.32,2.86,0.99,0.87,0.91,0,-0.32,neutral,bajista,0,-0.042,32,9386,2,
s32258,TIAUSDT,1788353100000,train,-1,-2.67,0.384,3.34,3.09,0.67,-2.35,1.58,1.44,1.18,1.65,0,-0.32,neutral,bajista,0,-0.648,32,9386,2,
s32259,SEIUSDT,1788353100000,train,-1,-2.58,0.363,3.64,3.51,0.77,-2.26,1.47,2.9,2.03,2.04,0,-0.32,neutral,bajista,0,-1.0,11,9386,2,
s32260,PENDLEUSDT,1788353100000,train,-1,-2.21,0.395,3.01,2.87,0.84,-1.89,1.2,1.7,1.76,1.42,0,-0.32,neutral,bajista,0,-1.0,19,9386,2,
s32261,LDOUSDT,1788353100000,testB,-1,-2.55,0.472,3.97,3.18,0.78,-2.23,1.34,0.96,0.93,0.93,0,-0.32,neutral,bajista,0,-1.0,19,9385,2,
s32262,ENAUSDT,1788354000000,train,-1,-4.95,0.507,6.19,5.77,0.91,-4.66,2.37,1.07,0.89,0.87,1,-0.28,neutral,neutral,0,0.065,32,9387,0,
s32263,INJUSDT,1788354000000,train,-1,-2.01,0.386,2.6,2.51,1.57,-1.72,1.36,0.93,0.85,0.72,1,-0.28,neutral,bajista,0,-0.134,32,9387,3,
s32264,SEIUSDT,1788354000000,train,-1,-2.99,0.45,3.63,3.35,0.86,-2.71,1.18,2.97,2.05,2.03,1,-0.28,neutral,neutral,0,-1.0,10,9387,0,
s32265,JUPUSDT,1788354000000,train,-1,-2.61,0.424,3.16,2.97,0.73,-2.33,1.52,0.92,0.78,0.87,0,-0.28,neutral,neutral,0,-1.0,13,9387,0,
s32266,PENDLEUSDT,1788354000000,train,-1,-2.45,0.46,2.76,2.57,0.77,-2.16,1.08,1.81,1.82,1.44,0,-0.28,neutral,neutral,0,-1.0,13,9387,0,
s32267,LDOUSDT,1788354000000,testB,-1,-2.74,0.526,3.74,2.87,0.85,-2.45,1.16,1.17,1.01,0.94,1,-0.28,neutral,neutral,0,-1.0,13,9386,0,
s32268,ENAUSDT,1788354900000,train,-1,-4.74,0.477,5.84,4.98,0.82,-4.71,1.55,1.07,0.89,0.87,1,-0.03,neutral,neutral,0,0.268,32,9388,0,
s32269,TIAUSDT,1788354900000,train,-1,-3.09,0.507,3.41,3.3,0.69,-3.06,1.54,1.55,1.25,1.57,0,-0.03,neutral,neutral,0,-0.478,32,9388,1,
s32270,SEIUSDT,1788354900000,train,-1,-2.64,0.387,3.45,2.9,0.47,-2.61,0.8,2.97,2.05,2.03,1,-0.03,neutral,neutral,0,-1.0,9,9388,0,
s32271,JUPUSDT,1788354900000,train,-1,-2.37,0.372,3.15,2.43,0.69,-2.34,0.8,0.92,0.78,0.87,0,-0.03,neutral,neutral,0,-1.0,12,9388,0,
s32272,LDOUSDT,1788354900000,testB,-1,-2.19,0.412,3.45,2.24,0.75,-2.16,0.6,1.17,1.01,0.94,1,-0.03,neutral,neutral,0,-1.0,12,9387,0,
s32273,SANDUSDT,1788355800000,testB,1,3.1,0.434,5.46,4.57,0.58,2.02,1.4,1.39,1.06,0.94,1,1.07,neutral,alcista,0,0.463,32,9388,3,
s32274,ASTERUSDT,1788356700000,train,1,2.46,0.548,3.05,2.96,1.87,1.94,1.66,1.09,0.86,0.72,1,0.52,neutral,alcista,0,0.915,32,9390,4,
s32275,SANDUSDT,1788356700000,testB,1,2.86,0.387,5.48,4.27,0.54,2.34,1.04,1.39,1.06,0.94,1,0.52,neutral,neutral,0,0.503,32,9389,0,
s32276,ASTERUSDT,1788357600000,train,1,3.48,0.631,4.04,3.93,3.61,2.57,2.4,3.0,1.83,1.15,1,0.9,neutral,alcista,0,0.394,32,9391,5,
s32277,OPUSDT,1788357600000,train,1,3.56,0.469,5.1,4.66,1.78,2.65,2.39,1.5,1.49,2.12,0,0.9,neutral,alcista,0,0.013,32,9391,5,
s32278,SANDUSDT,1788357600000,testB,1,2.94,0.402,5.48,4.22,0.51,2.04,0.9,1.53,1.12,0.95,1,0.9,neutral,neutral,0,0.509,32,9390,0,
s32279,ASTERUSDT,1788358500000,train,1,4.13,0.671,5.56,4.73,5,3.14,3.06,3.0,1.83,1.15,1,0.99,neutral,alcista,0,-0.099,32,9392,6,
s32280,OPUSDT,1788358500000,train,1,4.7,0.559,5.65,5.55,2.53,3.71,3.15,1.5,1.49,2.12,0,0.99,neutral,alcista,0,-0.245,32,9392,6,
s32281,SANDUSDT,1788358500000,testB,1,3.1,0.415,5.46,4.5,0.51,2.11,1.18,1.53,1.12,0.95,1,0.99,neutral,neutral,0,0.442,32,9391,1,
s32282,ASTERUSDT,1788359400000,train,1,5.22,0.749,6.04,5.59,5,4.28,3.58,3.0,1.83,1.15,1,0.94,neutral,alcista,0,-0.175,32,9393,7,
s32283,SANDUSDT,1788359400000,testB,1,3.54,0.47,5.45,4.72,0.53,2.6,1.29,1.53,1.12,0.95,1,0.94,neutral,alcista,0,0.392,32,9392,2,
s32284,ASTERUSDT,1788360300000,train,1,5.06,0.728,6.08,5.47,5,4.56,3.16,3.0,1.83,1.15,1,0.5,neutral,neutral,0,-0.256,32,9394,0,
s32285,SANDUSDT,1788360300000,testB,1,3.41,0.444,4.71,3.64,0.69,2.91,0.88,1.53,1.12,0.95,1,0.5,neutral,neutral,0,0.669,32,9393,0,
s32286,STBLUSDT,1788361200000,train,-1,-3.14,0.551,3.64,3.24,0.72,-3.26,1.35,0.95,1.0,0.79,0,0.12,neutral,bajista,0,0.284,32,9395,5,
s32287,ASTERUSDT,1788362100000,train,1,3.4,0.374,5.87,3.34,5,2.69,1.03,4.15,2.45,1.41,1,0.7,neutral,neutral,0,0.191,32,9396,1,
s32288,STBLUSDT,1788362100000,train,-1,-2.07,0.424,3.44,2.68,1.38,-2.78,1.17,0.95,1.0,0.79,0,0.7,neutral,neutral,0,0.254,32,9396,0,
s32289,ASTERUSDT,1788363000000,train,1,4.84,0.461,5.68,4.89,2.22,3.91,2.48,4.15,2.45,1.41,1,0.94,neutral,alcista,0,-0.384,32,9397,2,
s32290,ASTERUSDT,1788363900000,train,1,4.07,0.365,5.56,4.08,1.73,3.47,1.63,4.15,2.45,1.41,1,0.6,neutral,neutral,0,-0.135,32,9398,0,
s32291,SEIUSDT,1788363900000,train,1,3.2,0.359,4.43,4.43,2.09,2.6,2.7,2.64,2.48,2.17,1,0.6,neutral,alcista,0,0.659,32,9398,3,
s32292,ASTERUSDT,1788364800000,train,1,5.03,0.415,5.44,4.9,0.77,4.35,2.35,4.66,2.75,1.54,1,0.68,neutral,neutral,0,-0.197,32,9399,1,
s32293,SEIUSDT,1788364800000,train,1,3.54,0.411,4.76,4.39,2.22,2.87,2.36,2.81,2.85,2.3,0,0.68,neutral,neutral,0,0.732,32,9399,0,
s32294,SEIUSDT,1788365700000,train,1,4.25,0.456,5.6,5.22,1.74,3.63,2.9,2.81,2.85,2.3,0,0.62,neutral,neutral,0,0.247,32,9400,1,
s32295,ASTERUSDT,1788366600000,train,1,4.33,0.382,5.15,4.44,0.67,3.77,1.75,4.66,2.75,1.54,1,0.57,neutral,neutral,0,-0.337,32,9401,1,
s32296,0GUSDT,1788366600000,train,1,3.57,0.457,3.71,3.44,0.81,3.0,1.74,0.52,0.63,0.81,0,0.57,neutral,neutral,0,-0.109,32,9401,1,
s32297,SEIUSDT,1788366600000,train,1,5.58,0.569,6.34,6.0,1.91,5.01,3.42,2.81,2.85,2.3,0,0.57,neutral,alcista,0,0.103,32,9401,2,
s32298,0GUSDT,1788367500000,train,1,2.88,0.382,3.72,3.07,0.96,2.15,1.47,0.52,0.63,0.81,0,0.73,neutral,neutral,0,-0.456,32,9402,0,
s32299,SEIUSDT,1788367500000,train,1,6.29,0.678,6.25,5.96,1.87,5.56,3.17,2.81,2.85,2.3,0,0.73,neutral,alcista,0,0.087,32,9402,3,
s32300,SEIUSDT,1788368400000,train,1,5.87,0.626,6.2,5.67,1.82,5.36,2.6,2.86,2.91,2.26,0,0.51,neutral,neutral,0,0.277,32,9403,0,
s32301,SEIUSDT,1788369300000,train,1,5.28,0.563,6.22,5.39,1.02,4.99,2.14,2.86,2.91,2.26,0,0.3,neutral,neutral,0,0.45,32,9404,0,
s32302,ENAUSDT,1788370200000,train,-1,-2.51,0.395,4.08,2.87,1.05,-2.41,0.57,0.82,0.87,0.78,0,-0.1,neutral,neutral,0,-0.421,32,9405,0,
s32303,SEIUSDT,1788370200000,train,1,4.26,0.512,5.62,4.81,0.73,4.36,2.04,2.86,2.91,2.26,0,-0.1,neutral,neutral,0,0.552,32,9405,1,
s32304,APEUSDT,1788370200000,testB,-1,-2.18,0.484,2.83,2.53,1.3,-2.08,0.93,0.87,0.9,0.82,0,-0.1,neutral,bajista,0,0.088,32,9404,6,
s32305,STBLUSDT,1788371100000,train,-1,-2.38,0.54,3.08,2.48,0.38,-2.69,0.59,0.59,1.0,0.73,0,0.3,neutral,neutral,0,-0.097,32,9406,0,
s32306,SEIUSDT,1788371100000,train,1,5.03,0.595,5.49,5.1,0.57,4.73,2.2,2.86,2.91,2.26,0,0.3,neutral,alcista,0,0.235,32,9406,2,
s32307,STBLUSDT,1788372000000,train,-1,-2.04,0.481,2.68,2.0,0.45,-2.14,0.45,0.53,0.96,0.71,0,0.1,neutral,neutral,0,0.06,32,9407,0,
s32308,SEIUSDT,1788372000000,train,1,5.42,0.616,5.53,5.43,0.53,5.32,2.28,2.82,2.93,2.11,0,0.1,neutral,alcista,0,0.254,32,9407,3,
s32309,PENDLEUSDT,1788372000000,train,1,2.17,0.357,2.62,2.54,0.83,2.07,1.43,1.55,1.63,1.52,0,0.1,neutral,alcista,0,-0.222,32,9407,4,
s32310,0GUSDT,1788372900000,train,1,3.91,0.392,4.72,4.72,0.63,3.77,2.4,0.38,0.57,0.72,0,0.14,neutral,neutral,0,-1.0,30,9408,1,
s32311,SEIUSDT,1788372900000,train,1,4.88,0.574,5.54,5.23,0.47,4.74,1.81,2.82,2.93,2.11,0,0.14,neutral,neutral,0,0.35,32,9408,0,
s32312,LDOUSDT,1788372900000,testB,1,2.45,0.358,3.72,3.2,1.03,2.3,1.37,1.34,1.14,0.94,1,0.14,neutral,neutral,0,-0.229,32,9407,1,
s32313,SEIUSDT,1788373800000,train,1,4.33,0.546,5.8,5.41,0.42,4.36,1.85,2.82,2.93,2.11,0,-0.03,neutral,neutral,0,0.388,32,9409,1,
s32314,PENDLEUSDT,1788373800000,train,1,2.09,0.351,3.29,3.28,0.6,2.12,1.73,1.55,1.63,1.52,0,-0.03,neutral,alcista,0,-0.245,32,9409,6,
s32315,ARBUSDT,1788374700000,train,1,7.03,0.4,9.81,7.76,0.72,6.62,3.36,4.55,4.34,3.35,1,0.41,neutral,neutral,0,0.816,32,9410,1,
s32316,SEIUSDT,1788374700000,train,1,5.94,0.783,6.36,5.91,0.57,5.53,2.16,2.82,2.93,2.11,0,0.41,neutral,alcista,0,0.235,32,9410,2,
s32317,PENDLEUSDT,1788374700000,train,1,3.55,0.644,3.73,3.72,0.71,3.14,2.01,1.55,1.63,1.52,0,0.41,neutral,alcista,0,-0.297,32,9410,7,
s32318,ARUSDT,1788374700000,testB,1,2.84,0.406,3.94,3.59,1.06,2.42,1.46,1.18,1.42,2.03,0,0.41,neutral,neutral,1,2.0,26,9409,1,
s32319,LDOUSDT,1788374700000,testB,1,3.02,0.524,3.71,3.28,0.7,2.6,1.21,1.34,1.14,0.94,1,0.41,neutral,alcista,0,0.083,32,9409,3,
s32320,OPUSDT,1788375600000,train,1,3.47,0.417,4.43,3.71,0.86,2.74,1.18,1.87,1.63,1.53,1,0.74,neutral,neutral,0,0.092,32,9411,1,
s32321,SUIUSDT,1788375600000,train,1,2.03,0.455,2.47,1.97,1.22,1.29,0.76,1.07,1.05,0.95,1,0.74,neutral,neutral,1,2.0,25,9411,0,
s32322,SEIUSDT,1788375600000,train,1,7.63,0.838,7.09,7.09,0.77,6.89,3.29,3.5,3.31,2.25,1,0.74,neutral,alcista,0,-0.006,32,9411,3,
s32323,JUPUSDT,1788375600000,train,1,3.43,0.424,4.89,3.46,1.46,2.69,1.72,1.01,0.95,0.78,1,0.74,neutral,alcista,0,0.107,32,9411,3,
s32324,PENDLEUSDT,1788375600000,train,1,3.33,0.63,4.41,3.77,0.91,2.59,1.8,1.49,1.66,1.52,0,0.74,neutral,alcista,0,-0.088,32,9411,8,
s32325,ARUSDT,1788375600000,testB,1,3.77,0.597,3.81,3.54,0.85,3.03,1.41,1.0,1.37,1.89,0,0.74,neutral,alcista,1,2.0,25,9410,2,
s32326,STXUSDT,1788375600000,testB,1,2.52,0.485,2.61,2.5,0.7,1.78,0.88,0.21,0.26,0.3,0,0.74,neutral,neutral,1,2.0,31,9410,1,
s32327,LDOUSDT,1788375600000,testB,1,3.1,0.531,3.3,3.03,0.55,2.36,1.3,1.13,1.14,0.91,0,0.74,neutral,alcista,0,0.018,32,9410,4,
s32328,ARBUSDT,1788376500000,train,1,8.16,0.479,9.23,7.56,0.66,8.01,2.42,4.38,4.32,3.26,1,0.15,neutral,neutral,0,0.675,32,9412,0,
s32329,SEIUSDT,1788376500000,train,1,5.76,0.776,6.76,5.75,1.26,5.61,2.78,3.5,3.31,2.25,1,0.15,neutral,neutral,0,-0.098,32,9412,0,
s32330,JUPUSDT,1788376500000,train,1,3.09,0.389,4.75,3.23,1.4,2.94,1.46,1.01,0.95,0.78,1,0.15,neutral,neutral,0,-0.043,32,9412,0,
s32331,PENDLEUSDT,1788376500000,train,1,2.97,0.546,4.42,3.53,1.07,2.82,1.37,1.49,1.66,1.52,0,0.15,neutral,neutral,0,-0.091,32,9412,0,
s32332,ARUSDT,1788376500000,testB,1,2.43,0.403,3.39,2.59,0.68,2.28,0.8,1.0,1.37,1.89,0,0.15,neutral,neutral,1,2.0,24,9411,0,
s32333,ARBUSDT,1788377400000,train,1,6.32,0.399,9.15,7.11,0.4,6.5,1.99,4.38,4.32,3.26,1,-0.17,neutral,neutral,0,0.415,32,9413,0,
s32334,SEIUSDT,1788377400000,train,1,4.02,0.54,5.9,3.97,1.8,4.2,1.85,3.5,3.31,2.25,1,-0.17,neutral,neutral,0,-0.031,32,9413,0,
s32335,ARBUSDT,1788378300000,train,1,6.3,0.397,9.16,7.01,0.34,6.24,1.66,4.38,4.32,3.26,1,0.07,neutral,neutral,0,0.369,32,9414,0,
s32336,SEIUSDT,1788378300000,train,1,3.71,0.522,5.36,3.99,1.82,3.65,2.19,3.5,3.31,2.25,1,0.07,neutral,neutral,0,-0.228,32,9414,1,
s32337,ARUSDT,1788378300000,testB,1,2.38,0.453,3.29,2.72,0.7,2.31,1.04,1.0,1.37,1.89,0,0.07,neutral,alcista,1,2.0,22,9413,2,
s32338,ARBUSDT,1788379200000,train,1,6.95,0.442,9.15,7.18,0.32,6.94,1.8,3.86,4.04,3.25,0,0.01,neutral,neutral,0,0.452,32,9415,1,
s32339,SUIUSDT,1788379200000,train,1,2.9,0.505,3.82,3.73,1.37,2.89,2.49,1.31,1.2,1.01,1,0.01,neutral,alcista,0,0.791,32,9415,3,
s32340,SEIUSDT,1788379200000,train,1,5.02,0.602,5.3,5.14,1.58,5.0,2.87,3.61,3.11,2.33,1,0.01,neutral,alcista,0,-0.572,32,9415,2,
s32341,PENDLEUSDT,1788379200000,train,1,2.13,0.352,4.43,3.28,0.79,2.11,0.94,1.32,1.46,1.52,0,0.01,neutral,alcista,0,0.002,32,9415,2,
s32342,PUMPUSDT,1788380100000,train,-1,-2.86,0.373,4.56,3.41,0.5,-2.75,0.36,0.87,0.72,0.63,1,-0.11,neutral,neutral,0,-1.0,25,9416,0,
s32343,SUIUSDT,1788380100000,train,1,2.12,0.365,4.55,3.33,1.92,2.23,1.77,1.31,1.2,1.01,1,-0.11,neutral,neutral,0,0.887,32,9416,0,
s32344,ARUSDT,1788380100000,testB,1,2.19,0.392,3.37,3.06,0.74,2.3,1.01,1.01,1.28,1.8,0,-0.11,neutral,neutral,1,2.0,20,9415,1,
s32345,SUIUSDT,1788381000000,train,1,2.38,0.426,4.56,3.02,2.25,2.25,1.32,1.31,1.2,1.01,1,0.13,neutral,neutral,0,1.13,32,9417,0,
s32346,ARUSDT,1788381000000,testB,1,2.14,0.387,3.45,3.1,0.7,2.01,1.0,1.01,1.28,1.8,0,0.13,neutral,alcista,1,2.0,19,9416,2,
s32347,SUIUSDT,1788381900000,train,1,2.68,0.479,4.55,3.15,2.67,2.38,1.28,1.31,1.2,1.01,1,0.3,neutral,neutral,0,1.421,32,9418,1,
s32348,ARUSDT,1788381900000,testB,1,2.65,0.522,3.45,3.1,0.64,2.35,0.85,1.01,1.28,1.8,0,0.3,neutral,alcista,1,2.0,18,9417,3,
s32349,SANDUSDT,1788381900000,testB,1,2.03,0.351,2.42,2.19,0.8,1.73,0.95,1.46,1.48,1.14,0,0.3,neutral,neutral,0,-0.081,32,9417,1,
s32350,ASTERUSDT,1788382800000,train,1,2.26,0.384,3.81,2.65,1.37,2.0,0.59,2.37,3.31,1.86,0,0.26,neutral,neutral,0,-1.0,11,9419,1,
s32351,SUIUSDT,1788382800000,train,1,2.57,0.45,4.57,2.87,1.37,2.32,0.85,1.2,1.16,0.99,1,0.26,neutral,neutral,1,2.0,21,9419,0,
s32352,JUPUSDT,1788382800000,train,1,2.49,0.376,4.13,3.21,0.84,2.24,0.98,1.1,0.95,0.81,1,0.26,neutral,neutral,0,-0.257,32,9419,0,
s32353,PENDLEUSDT,1788382800000,train,1,2.45,0.424,4.05,2.51,0.59,2.19,0.31,1.19,1.31,1.51,0,0.26,neutral,alcista,0,0.293,32,9419,2,
s32354,SUIUSDT,1788383700000,train,1,2.6,0.453,4.25,2.59,0.78,2.37,0.87,1.2,1.16,0.99,1,0.23,neutral,neutral,1,2.0,20,9420,1,
s32355,JUPUSDT,1788383700000,train,1,2.93,0.47,3.95,2.89,0.7,2.71,0.89,1.1,0.95,0.81,1,0.23,neutral,neutral,0,-0.381,32,9420,0,
s32356,SUIUSDT,1788384600000,train,1,2.74,0.467,3.86,2.67,0.55,2.58,1.24,1.2,1.16,0.99,1,0.16,neutral,alcista,0,1.242,32,9421,2,
s32357,JUPUSDT,1788384600000,train,1,2.45,0.426,3.4,2.34,1.33,2.29,0.75,1.1,0.95,0.81,1,0.16,neutral,neutral,0,-0.196,32,9421,0,
s32358,SUIUSDT,1788385500000,train,1,2.6,0.45,3.83,2.62,0.4,2.73,1.12,1.2,1.16,0.99,1,-0.13,neutral,neutral,1,2.0,18,9422,0,
s32359,0GUSDT,1788386400000,train,-1,-2.38,0.355,4.76,4.54,1.17,-2.04,1.83,0.21,0.37,0.66,0,-0.34,neutral,neutral,0,-0.707,32,9423,1,
s32360,0GUSDT,1788387300000,train,-1,-4.45,0.913,4.83,4.77,0.91,-3.9,1.93,0.21,0.37,0.66,0,-0.55,neutral,bajista,0,-0.802,32,9424,2,
s32361,ENAUSDT,1788387300000,train,-1,-2.01,0.361,3.06,2.51,1.47,-1.46,1.13,0.44,0.63,0.71,0,-0.55,neutral,bajista,0,-1.0,10,9424,3,
s32362,0GUSDT,1788388200000,train,-1,-3.51,0.717,4.42,3.86,0.77,-3.28,1.36,0.21,0.37,0.66,0,-0.23,neutral,neutral,0,-1.0,22,9425,0,
s32363,0GUSDT,1788389100000,train,-1,-3.2,0.682,4.14,3.53,0.79,-2.76,1.15,0.21,0.37,0.66,0,-0.45,neutral,neutral,0,-1.0,21,9426,0,
s32364,JUPUSDT,1788391800000,train,1,2.45,0.431,3.38,3.29,1.11,2.56,1.78,1.03,0.92,0.83,1,-0.11,neutral,alcista,0,-0.027,32,9429,3,
s32365,WLDUSDT,1788392700000,train,1,2.66,0.419,2.73,2.62,1.37,2.66,1.67,0.61,0.85,0.78,0,-0.0,neutral,neutral,0,0.833,32,9430,1,
s32366,JUPUSDT,1788392700000,train,1,3.18,0.496,4.25,4.16,1.52,3.19,2.3,1.03,0.92,0.83,1,-0.0,neutral,alcista,0,-0.409,32,9430,4,
s32367,WLDUSDT,1788397200000,train,1,3.0,0.403,4.24,3.56,1.64,2.88,2.09,0.97,0.96,0.85,1,0.12,neutral,alcista,0,0.364,32,9435,3,
s32368,ARUSDT,1788397200000,testB,1,3.2,0.437,4.72,4.29,5,3.08,2.87,2.83,1.92,2.12,0,0.12,neutral,alcista,1,2.0,15,9434,2,
s32369,WLDUSDT,1788398100000,train,1,3.56,0.451,4.3,4.03,1.67,3.35,2.35,0.97,0.96,0.85,1,0.21,neutral,alcista,0,0.133,32,9436,4,
s32370,ARUSDT,1788398100000,testB,1,7.17,0.66,8.29,7.63,5,6.96,5.92,2.83,1.92,2.12,0,0.21,neutral,alcista,0,0.704,32,9435,3,
s32371,ARUSDT,1788399000000,testB,1,7.0,0.633,8.31,7.37,5,7.12,5.05,2.83,1.92,2.12,0,-0.12,neutral,neutral,0,0.726,32,9436,0,
s32372,ARUSDT,1788399900000,testB,1,6.17,0.519,8.38,6.6,5,6.08,3.83,2.83,1.92,2.12,0,0.09,neutral,neutral,0,0.799,32,9437,0,
s32373,PUMPUSDT,1788400800000,train,1,3.81,0.372,4.6,4.5,1.03,3.37,2.18,0.57,0.71,0.63,0,0.44,neutral,alcista,0,0.868,32,9439,2,
s32374,WLDUSDT,1788400800000,train,1,2.95,0.371,4.33,3.27,0.97,2.51,1.12,0.97,0.97,0.85,0,0.44,neutral,neutral,0,0.322,32,9439,1,
s32375,ARBUSDT,1788400800000,train,1,3.97,0.371,5.48,4.62,1.33,3.53,3.04,1.96,3.03,3.38,0,0.44,neutral,neutral,1,2.0,24,9439,1,
s32376,SUIUSDT,1788400800000,train,1,3.66,0.384,4.21,4.12,1.37,3.22,2.28,1.52,1.41,1.19,1,0.44,neutral,neutral,0,-0.102,32,9439,1,
s32377,ONDOUSDT,1788400800000,train,1,2.07,0.372,2.68,2.2,1.46,1.63,0.82,0.92,0.82,0.82,1,0.44,neutral,neutral,0,0.13,32,9438,1,
s32378,ARUSDT,1788400800000,testB,1,5.93,0.486,8.44,5.93,5,5.49,2.82,3.33,2.19,2.2,0,0.44,neutral,neutral,0,0.986,32,9438,0,
s32379,XPLUSDT,1788401700000,train,1,2.5,0.35,3.19,2.66,2.0,1.74,1.25,0.56,0.71,0.67,0,0.76,neutral,alcista,1,2.0,23,9440,2,
s32380,PUMPUSDT,1788401700000,train,1,4.08,0.388,4.94,4.8,0.84,3.32,2.18,0.57,0.71,0.63,0,0.76,neutral,alcista,0,0.738,32,9440,3,
s32381,WLDUSDT,1788401700000,train,1,3.32,0.43,4.25,3.24,0.7,2.57,0.99,0.97,0.97,0.85,0,0.76,neutral,alcista,0,0.383,32,9440,2,
s32382,ARBUSDT,1788401700000,train,1,3.98,0.372,5.05,4.1,1.56,3.23,2.54,1.96,3.03,3.38,0,0.76,neutral,neutral,1,2.0,22,9440,0,
s32383,SUIUSDT,1788401700000,train,1,4.69,0.483,6.09,4.46,1.78,3.93,2.49,1.52,1.41,1.19,1,0.76,neutral,alcista,0,-0.213,32,9440,2,
s32384,ONDOUSDT,1788401700000,train,1,2.33,0.4,2.68,2.45,1.25,1.57,0.94,0.92,0.82,0.82,1,0.76,neutral,alcista,0,0.151,32,9439,2,
s32385,ARUSDT,1788401700000,testB,1,6.39,0.526,8.39,6.05,1.62,5.63,2.72,3.33,2.19,2.2,0,0.76,neutral,neutral,0,0.903,32,9439,1,
s32386,STXUSDT,1788401700000,testB,1,2.77,0.468,3.48,3.18,1.38,2.01,1.26,0.44,0.3,0.29,1,0.76,neutral,neutral,0,-0.294,32,9439,1,
s32387,GRTUSDT,1788401700000,testB,1,2.06,0.44,2.32,2.14,0.76,1.3,0.68,0.78,0.61,0.55,1,0.76,neutral,alcista,0,0.4,32,9439,2,
s32388,XPLUSDT,1788402600000,train,1,2.53,0.354,3.21,3.04,1.8,1.68,1.52,0.56,0.71,0.67,0,0.84,neutral,alcista,1,2.0,28,9441,3,
s32389,PUMPUSDT,1788402600000,train,1,4.79,0.427,5.99,5.5,0.91,3.95,2.76,0.57,0.71,0.63,0,0.84,neutral,alcista,0,0.618,32,9441,4,
s32390,WLDUSDT,1788402600000,train,1,3.81,0.464,4.13,3.99,0.63,2.97,1.71,0.97,0.97,0.85,0,0.84,neutral,alcista,0,0.04,32,9441,3,
s32391,ENAUSDT,1788402600000,train,1,3.9,0.407,4.16,4.07,1.32,3.06,2.03,0.43,0.48,0.69,0,0.84,neutral,alcista,0,-0.494,32,9441,3,
s32392,ARBUSDT,1788402600000,train,1,4.73,0.415,6.21,5.58,1.82,3.88,3.82,1.96,3.03,3.38,0,0.84,neutral,neutral,0,0.914,32,9441,1,
s32393,SUIUSDT,1788402600000,train,1,5.08,0.505,5.98,5.35,1.92,4.23,3.16,1.52,1.41,1.19,1,0.84,neutral,alcista,0,-0.407,32,9441,3,
s32394,ONDOUSDT,1788402600000,train,1,3.2,0.478,3.41,3.38,1.28,2.36,1.84,0.92,0.82,0.82,1,0.84,neutral,alcista,0,-0.258,32,9440,3,
s32395,ARUSDT,1788402600000,testB,1,7.65,0.571,8.09,7.35,1.07,6.81,3.92,3.33,2.19,2.2,0,0.84,neutral,alcista,0,0.553,32,9440,2,
s32396,STXUSDT,1788402600000,testB,1,4.38,0.582,4.9,4.75,1.32,3.54,2.75,0.44,0.3,0.29,1,0.84,neutral,alcista,0,-0.612,32,9440,2,
s32397,GRTUSDT,1788402600000,testB,1,2.61,0.5,2.97,2.97,0.94,1.77,1.43,0.78,0.61,0.55,1,0.84,neutral,alcista,0,-0.061,32,9440,3,
s32398,XPLUSDT,1788403500000,train,1,3.56,0.497,3.8,3.51,1.96,2.54,1.88,0.56,0.71,0.67,0,1.02,neutral,alcista,0,1.234,32,9442,4,
s32399,PUMPUSDT,1788403500000,train,1,6.18,0.559,6.08,5.84,0.92,5.16,3.07,0.57,0.71,0.63,0,1.02,neutral,alcista,0,0.55,32,9442,5,
s32400,WLDUSDT,1788403500000,train,1,3.9,0.479,4.29,3.92,0.64,2.88,1.54,0.97,0.97,0.85,0,1.02,neutral,neutral,0,0.226,32,9442,0,
s32401,ENAUSDT,1788403500000,train,1,4.19,0.44,4.26,4.13,1.2,3.17,2.04,0.43,0.48,0.69,0,1.02,neutral,alcista,0,-0.286,32,9442,4,
s32402,ARBUSDT,1788403500000,train,1,7.03,0.53,7.88,7.41,2.16,6.01,5.21,1.96,3.03,3.38,0,1.02,neutral,alcista,0,0.344,32,9442,2,
s32403,SUIUSDT,1788403500000,train,1,5.54,0.56,5.97,5.46,1.94,4.52,3.03,1.52,1.41,1.19,1,1.02,neutral,alcista,0,-0.285,32,9442,4,
s32404,ONDOUSDT,1788403500000,train,1,2.65,0.365,3.43,2.72,1.51,1.63,1.12,0.92,0.82,0.82,1,1.02,neutral,neutral,0,0.302,32,9441,0,
s32405,FETUSDT,1788403500000,train,1,2.25,0.447,2.66,2.33,1.27,1.23,1.12,0.58,0.64,0.73,0,1.02,neutral,alcista,0,-0.083,32,9441,4,
s32406,ARUSDT,1788403500000,testB,1,7.49,0.55,8.08,6.97,0.8,6.47,3.26,3.33,2.19,2.2,0,1.02,neutral,neutral,0,0.817,32,9441,0,
s32407,STXUSDT,1788403500000,testB,1,5.68,0.731,5.96,5.38,1.96,4.66,3.12,0.44,0.3,0.29,1,1.02,neutral,alcista,0,-0.694,32,9441,3,
s32408,GRTUSDT,1788403500000,testB,1,2.99,0.545,3.32,3.26,1.09,1.96,1.63,0.78,0.61,0.55,1,1.02,neutral,alcista,0,0.019,32,9441,4,
s32409,XPLUSDT,1788404400000,train,1,2.32,0.385,3.44,3.08,1.74,1.53,1.64,0.61,0.7,0.66,0,0.78,neutral,neutral,1,2.0,27,9443,0,
s32410,PUMPUSDT,1788404400000,train,1,5.25,0.521,6.2,6.06,1.03,4.46,3.0,0.63,0.67,0.62,0,0.78,neutral,alcista,0,0.413,32,9443,6,
s32411,WLDUSDT,1788404400000,train,1,2.84,0.401,3.62,3.22,0.71,2.06,1.41,1.01,0.89,0.84,1,0.78,neutral,neutral,0,0.258,32,9443,0,
s32412,ARBUSDT,1788404400000,train,1,5.22,0.412,7.93,6.85,1.91,4.44,4.14,2.26,2.91,3.41,0,0.78,neutral,neutral,0,0.541,32,9443,0,
s32413,SUIUSDT,1788404400000,train,1,3.77,0.421,5.58,4.64,2.06,2.98,2.4,1.71,1.46,1.21,1,0.78,neutral,neutral,0,-0.259,32,9443,0,
s32414,ARUSDT,1788404400000,testB,1,6.27,0.505,7.75,6.6,0.65,5.48,2.94,3.67,2.31,2.25,1,0.78,neutral,neutral,0,0.769,32,9442,0,
s32415,STXUSDT,1788404400000,testB,1,4.01,0.593,5.5,4.59,2.03,3.22,2.59,0.49,0.33,0.29,1,0.78,neutral,neutral,0,-0.768,32,9442,0,
s32416,GRTUSDT,1788404400000,testB,1,2.03,0.452,2.72,2.66,1.13,1.25,1.52,0.96,0.68,0.58,1,0.78,neutral,alcista,0,0.114,32,9442,5,
s32417,PUMPUSDT,1788405300000,train,1,4.52,0.417,6.26,5.15,1.06,3.81,1.81,0.63,0.67,0.62,0,0.71,neutral,neutral,0,0.826,32,9444,0,
s32418,ARBUSDT,1788405300000,train,1,5.35,0.425,7.94,6.66,1.91,4.65,3.42,2.26,2.91,3.41,0,0.71,neutral,neutral,0,0.433,32,9444,0,
s32419,ARUSDT,1788405300000,testB,1,6.7,0.522,7.72,6.98,0.58,6.0,2.98,3.67,2.31,2.25,1,0.71,neutral,neutral,0,0.659,32,9443,1,
s32420,STXUSDT,1788405300000,testB,1,3.91,0.567,5.53,4.2,1.98,3.2,1.95,0.49,0.33,0.29,1,0.71,neutral,neutral,0,-0.605,32,9443,0,
s32421,XPLUSDT,1788406200000,train,1,2.74,0.405,3.44,3.01,1.34,2.07,1.36,0.61,0.7,0.66,0,0.67,neutral,neutral,1,2.0,25,9445,1,
s32422,PUMPUSDT,1788406200000,train,1,5.39,0.513,6.04,5.14,0.82,4.72,1.94,0.63,0.67,0.62,0,0.67,neutral,neutral,0,0.784,32,9445,1,
s32423,SUIUSDT,1788406200000,train,1,3.46,0.37,5.64,3.63,1.04,2.79,1.05,1.71,1.46,1.21,1,0.67,neutral,neutral,0,0.047,32,9445,0,
s32424,ARUSDT,1788406200000,testB,1,6.59,0.507,7.75,6.6,0.41,5.92,2.33,3.67,2.31,2.25,1,0.67,neutral,neutral,0,0.725,32,9444,0,
s32425,STXUSDT,1788406200000,testB,1,4.49,0.661,5.44,4.34,1.33,3.83,2.04,0.49,0.33,0.29,1,0.67,neutral,neutral,0,-0.771,32,9444,1,
s32426,GRTUSDT,1788406200000,testB,1,2.61,0.636,2.72,2.54,1.27,1.94,1.11,0.96,0.68,0.58,1,0.67,neutral,neutral,0,0.31,32,9444,1,
s32427,XPLUSDT,1788407100000,train,1,3.03,0.43,3.98,3.62,1.01,2.56,1.65,0.61,0.7,0.66,0,0.47,neutral,alcista,0,0.652,32,9446,2,
s32428,PUMPUSDT,1788407100000,train,1,4.01,0.443,6.0,5.32,0.76,3.54,1.79,0.63,0.67,0.62,0,0.47,neutral,alcista,0,0.624,32,9446,2,
s32429,JUPUSDT,1788407100000,train,-1,-3.35,0.466,4.35,3.89,0.38,-3.83,0.87,0.88,0.99,0.86,0,0.47,neutral,neutral,0,-1.0,20,9446,0,
s32430,ARUSDT,1788407100000,testB,1,7.41,0.537,7.68,7.51,0.42,6.94,2.87,3.67,2.31,2.25,1,0.47,neutral,neutral,0,0.511,32,9445,1,
s32431,STXUSDT,1788407100000,testB,1,5.71,0.713,5.95,5.44,1.14,5.24,2.95,0.49,0.33,0.29,1,0.47,neutral,alcista,0,-0.9,32,9445,2,
s32432,GRTUSDT,1788407100000,testB,1,3.27,0.688,3.53,3.47,1.52,2.8,1.93,0.96,0.68,0.58,1,0.47,neutral,alcista,0,-0.172,32,9445,2,
s32433,PUMPUSDT,1788408000000,train,1,4.64,0.518,6.01,5.54,0.75,4.03,1.87,0.67,0.56,0.62,0,0.61,neutral,alcista,0,0.636,32,9447,3,
s32434,JUPUSDT,1788408000000,train,-1,-2.89,0.427,3.11,3.02,0.38,-3.5,1.22,0.9,0.91,0.85,0,0.61,neutral,neutral,0,-1.0,12,9447,1,
s32435,ARUSDT,1788408000000,testB,1,7.73,0.553,8.15,7.7,0.51,7.12,2.78,5.55,3.19,2.63,1,0.61,neutral,alcista,0,0.593,32,9446,2,
s32436,STXUSDT,1788408000000,testB,1,7.06,0.755,7.31,6.95,1.95,6.45,4.32,0.72,0.45,0.33,1,0.61,neutral,alcista,0,-1.0,32,9446,3,
s32437,GRTUSDT,1788408000000,testB,1,2.35,0.413,3.68,2.59,1.87,1.74,0.92,1.3,0.83,0.63,1,0.61,neutral,neutral,0,0.279,32,9446,0,
s32438,XPLUSDT,1788408900000,train,1,2.66,0.368,4.0,3.19,0.97,1.96,1.04,0.7,0.73,0.67,0,0.7,neutral,neutral,1,2.0,32,9448,0,
s32439,PUMPUSDT,1788408900000,train,1,5.75,0.699,6.0,5.65,0.82,5.05,1.88,0.67,0.56,0.62,0,0.7,neutral,alcista,0,0.477,32,9448,4,
s32440,SUIUSDT,1788408900000,train,1,3.15,0.366,5.66,3.31,0.66,2.45,0.4,1.78,1.47,1.2,1,0.7,neutral,neutral,0,0.016,32,9448,0,
s32441,JUPUSDT,1788408900000,train,-1,-2.54,0.394,3.21,3.12,0.42,-3.24,1.35,0.9,0.91,0.85,0,0.7,neutral,bajista,0,-1.0,11,9448,2,
s32442,ARUSDT,1788408900000,testB,1,7.83,0.563,8.2,7.55,0.56,7.13,2.4,5.55,3.19,2.63,1,0.7,neutral,neutral,0,0.611,32,9447,0,
s32443,STXUSDT,1788408900000,testB,1,7.3,0.786,7.3,7.02,2.82,6.6,4.0,0.72,0.45,0.33,1,0.7,neutral,alcista,0,-1.0,31,9447,4,
s32444,GRTUSDT,1788408900000,testB,1,2.29,0.398,3.63,2.36,1.77,1.59,0.75,1.3,0.83,0.63,1,0.7,neutral,neutral,0,0.282,32,9447,0,
s32445,XPLUSDT,1788409800000,train,1,2.99,0.416,3.99,3.31,0.94,2.42,1.01,0.7,0.73,0.67,0,0.57,neutral,neutral,0,1.527,32,9449,1,
s32446,PUMPUSDT,1788409800000,train,1,4.5,0.57,5.23,4.43,0.71,3.93,1.09,0.67,0.56,0.62,0,0.57,neutral,neutral,0,0.734,32,9449,0,
s32447,SUIUSDT,1788409800000,train,1,3.03,0.358,5.65,3.43,0.49,2.46,0.37,1.78,1.47,1.2,1,0.57,neutral,neutral,0,0.076,32,9449,1,
s32448,JUPUSDT,1788409800000,train,-1,-2.81,0.443,2.98,2.89,0.42,-3.38,1.43,0.9,0.91,0.85,0,0.57,neutral,bajista,0,-1.0,10,9449,3,
s32449,STXUSDT,1788409800000,testB,1,7.27,0.779,7.31,6.92,3.05,6.69,3.48,0.72,0.45,0.33,1,0.57,neutral,neutral,0,-1.0,30,9448,0,
s32450,XPLUSDT,1788410700000,train,1,3.9,0.482,4.35,4.24,1.11,2.97,1.79,0.7,0.73,0.67,0,0.94,neutral,alcista,0,1.109,32,9450,2,
s32451,PUMPUSDT,1788410700000,train,1,5.37,0.613,5.45,5.45,0.73,4.44,2.06,0.67,0.56,0.62,0,0.94,neutral,neutral,0,0.543,32,9450,1,
s32452,ARBUSDT,1788410700000,train,1,6.26,0.39,7.96,6.46,0.82,5.33,2.39,2.37,2.41,3.38,0,0.94,neutral,alcista,0,0.512,32,9450,2,
s32453,SUIUSDT,1788410700000,train,1,4.3,0.447,5.59,4.54,0.52,3.37,1.39,1.78,1.47,1.2,1,0.94,neutral,alcista,0,-0.097,32,9450,2,
s32454,FETUSDT,1788410700000,train,1,2.1,0.39,2.77,2.7,0.87,1.16,1.22,0.64,0.61,0.72,0,0.94,neutral,alcista,0,0.071,32,9449,2,
s32455,STXUSDT,1788410700000,testB,1,6.45,0.668,7.31,6.38,2.53,5.51,2.58,0.72,0.45,0.33,1,0.94,neutral,neutral,0,-1.0,29,9449,0,
s32456,GRTUSDT,1788410700000,testB,1,2.4,0.358,3.55,2.77,1.98,1.46,1.04,1.3,0.83,0.63,1,0.94,neutral,neutral,0,0.5,32,9449,1,
s32457,MANAUSDT,1788410700000,testB,1,2.18,0.448,2.56,2.48,0.8,1.24,0.95,0.79,0.72,1.09,0,0.94,neutral,neutral,0,-0.422,32,9449,1,
s32458,PUMPUSDT,1788411600000,train,1,3.13,0.442,3.83,3.25,0.73,2.86,1.71,0.72,0.55,0.63,0,0.28,neutral,neutral,0,0.856,32,9451,0,
s32459,STXUSDT,1788411600000,testB,1,4.92,0.524,6.42,4.87,1.46,4.64,1.78,0.85,0.5,0.35,1,0.28,neutral,neutral,0,-1.0,22,9450,0,
s32460,PUMPUSDT,1788414300000,train,1,4.15,0.425,4.29,4.08,1.4,3.56,2.24,0.72,0.55,0.63,0,0.59,neutral,alcista,0,0.045,32,9454,2,
s32461,PENDLEUSDT,1788414300000,train,1,3.11,0.451,3.27,3.17,1.22,2.52,1.28,1.09,0.98,1.32,0,0.59,neutral,alcista,0,-0.041,32,9454,2,
s32462,ARUSDT,1788414300000,testB,1,6.22,0.389,9.49,6.84,1.54,5.63,3.73,6.97,3.82,2.77,1,0.59,neutral,alcista,0,-0.029,32,9453,2,
s32463,STXUSDT,1788414300000,testB,1,4.13,0.399,5.87,4.4,0.87,3.54,1.38,0.85,0.5,0.35,1,0.59,neutral,alcista,0,-1.0,15,9453,2,
s32464,PUMPUSDT,1788415200000,train,1,3.38,0.374,4.43,3.6,1.75,3.11,1.9,0.76,0.57,0.65,0,0.28,neutral,neutral,0,0.385,32,9455,0,
s32465,STBLUSDT,1788415200000,train,1,2.72,0.586,3.78,3.12,5,2.44,2.12,0.8,0.63,0.79,0,0.28,neutral,alcista,0,-0.475,32,9455,2,
s32466,STBLUSDT,1788416100000,train,1,2.69,0.573,3.83,2.97,5,2.5,1.77,0.8,0.63,0.79,0,0.19,neutral,neutral,0,-0.316,32,9456,0,
s32467,TIAUSDT,1788416100000,train,1,2.6,0.371,3.15,2.57,1.14,2.42,1.05,0.99,0.79,1.04,0,0.19,neutral,neutral,0,0.118,32,9456,1,
s32468,PENDLEUSDT,1788416100000,train,1,2.51,0.357,2.84,2.53,1.12,2.33,0.97,1.05,0.95,1.3,0,0.19,neutral,neutral,0,0.396,32,9456,1,
s32469,STBLUSDT,1788417000000,train,1,2.73,0.576,3.82,3.0,3.51,2.66,1.56,0.8,0.63,0.79,0,0.07,neutral,neutral,0,-0.221,32,9457,0,
s32470,SEIUSDT,1788417000000,train,-1,-2.26,0.438,3.24,2.86,0.45,-2.32,0.52,1.44,1.87,2.46,0,0.07,neutral,bajista,0,0.115,32,9457,2,
s32471,STBLUSDT,1788417900000,train,1,3.33,0.624,3.8,3.61,1.29,3.31,2.02,0.8,0.63,0.79,0,0.02,neutral,neutral,0,-0.129,32,9458,1,
s32472,SEIUSDT,1788417900000,train,-1,-2.54,0.467,3.06,2.96,0.49,-2.56,0.95,1.44,1.87,2.46,0,0.02,neutral,bajista,0,-0.287,32,9458,3,
s32473,STBLUSDT,1788418800000,train,1,3.65,0.645,3.98,3.9,1.02,3.35,2.12,1.05,0.77,0.77,1,0.29,neutral,alcista,0,-0.327,32,9459,2,
s32474,SEIUSDT,1788418800000,train,-1,-2.36,0.419,3.06,2.68,0.61,-2.65,0.66,1.34,1.53,2.47,0,0.29,neutral,neutral,0,-0.085,32,9459,0,
s32475,STBLUSDT,1788419700000,train,1,2.97,0.468,4.32,3.19,1.36,2.7,1.24,1.05,0.77,0.77,1,0.26,neutral,neutral,0,0.0,32,9460,0,
s32476,INJUSDT,1788419700000,train,1,2.23,0.368,2.98,2.88,0.86,1.96,1.17,0.7,0.57,0.62,0,0.26,neutral,neutral,0,1.05,32,9460,0,
s32477,SEIUSDT,1788419700000,train,-1,-2.09,0.389,2.38,2.3,0.72,-2.35,0.98,1.34,1.53,2.47,0,0.26,neutral,neutral,0,-0.36,32,9460,1,
s32478,JUPUSDT,1788419700000,train,1,2.31,0.357,3.75,3.16,1.33,2.05,1.56,0.79,0.88,0.89,0,0.26,neutral,alcista,0,1.671,32,9460,2,
s32479,STBLUSDT,1788420600000,train,1,2.73,0.415,4.34,2.81,1.46,2.44,0.76,1.05,0.77,0.77,1,0.3,neutral,neutral,0,0.528,32,9461,0,
s32480,ARBUSDT,1788420600000,train,1,5.98,0.352,7.47,6.76,1.0,5.68,2.43,3.05,2.36,3.62,0,0.3,neutral,neutral,0,-0.446,32,9461,1,
s32481,JUPUSDT,1788420600000,train,1,2.64,0.429,3.79,3.16,1.92,2.35,1.32,0.79,0.88,0.89,0,0.3,neutral,neutral,0,1.7,32,9461,0,
s32482,XPLUSDT,1788422400000,train,1,3.7,0.375,6.1,4.79,1.89,3.32,2.42,1.67,1.09,0.91,1,0.38,neutral,alcista,0,1.198,32,9463,3,
s32483,INJUSDT,1788422400000,train,1,2.46,0.376,3.39,2.96,1.07,2.08,1.13,0.73,0.6,0.59,1,0.38,neutral,neutral,0,1.215,32,9463,1,
s32484,JUPUSDT,1788422400000,train,1,3.11,0.421,3.78,3.42,1.7,2.73,1.48,1.08,1.04,0.95,1,0.38,neutral,neutral,0,1.276,32,9463,1,
s32485,STXUSDT,1788422400000,testB,-1,-4.06,0.523,4.68,4.46,0.55,-4.44,1.4,0.91,0.64,0.38,1,0.38,neutral,bajista,0,-0.058,32,9462,7,
s32486,LDOUSDT,1788422400000,testB,1,2.48,0.354,3.36,2.9,2.12,2.1,1.14,1.22,0.94,1.02,0,0.38,neutral,alcista,0,0.725,32,9462,2,
s32487,XPLUSDT,1788423300000,train,1,4.16,0.405,6.08,5.19,1.6,3.64,2.49,1.67,1.09,0.91,1,0.53,neutral,alcista,0,1.03,32,9464,4,
s32488,ARBUSDT,1788423300000,train,1,7.36,0.393,8.77,6.88,1.45,6.83,2.91,3.04,2.56,3.61,0,0.53,neutral,neutral,0,-0.604,32,9464,0,
s32489,INJUSDT,1788423300000,train,1,3.23,0.492,3.56,3.31,1.16,2.71,1.34,0.73,0.6,0.59,1,0.53,neutral,alcista,0,0.784,32,9464,2,
s32490,JUPUSDT,1788423300000,train,1,3.45,0.474,4.1,3.51,1.79,2.92,1.46,1.08,1.04,0.95,1,0.53,neutral,alcista,0,1.256,32,9464,2,
s32491,STXUSDT,1788423300000,testB,-1,-4.38,0.552,5.07,4.73,0.54,-4.91,1.53,0.91,0.64,0.38,1,0.53,neutral,bajista,0,-0.299,32,9463,8,
s32492,INJUSDT,1788424200000,train,1,2.93,0.433,3.57,3.08,1.11,2.51,1.01,0.73,0.6,0.59,1,0.42,neutral,neutral,0,1.047,32,9465,0,
s32493,JUPUSDT,1788424200000,train,1,3.91,0.519,4.44,3.81,1.86,3.49,1.62,1.08,1.04,0.95,1,0.42,neutral,alcista,0,1.247,32,9465,3,
s32494,STXUSDT,1788424200000,testB,-1,-4.39,0.552,4.85,4.62,0.6,-4.81,1.67,0.91,0.64,0.38,1,0.42,neutral,bajista,0,-0.621,32,9464,8,
s32495,JUPUSDT,1788425100000,train,1,4.92,0.578,6.18,5.92,3.17,4.85,3.57,1.08,1.04,0.95,1,0.08,neutral,alcista,0,0.541,32,9466,4,
s32496,STXUSDT,1788425100000,testB,-1,-4.41,0.552,4.95,4.72,0.75,-4.49,2.24,0.91,0.64,0.38,1,0.08,neutral,bajista,0,-0.841,32,9465,8,
s32497,XPLUSDT,1788426000000,train,1,4.31,0.43,6.05,5.59,0.86,4.0,2.31,2.27,1.41,1.05,1,0.31,neutral,neutral,0,1.758,32,9467,1,
s32498,JUPUSDT,1788426000000,train,1,3.61,0.364,7.05,4.24,4.83,3.3,1.61,1.5,1.19,1.04,1,0.31,neutral,neutral,0,1.147,32,9467,0,
s32499,STXUSDT,1788426000000,testB,-1,-3.64,0.479,5.01,4.45,0.81,-3.95,1.88,0.88,0.65,0.38,1,0.31,neutral,neutral,0,-0.773,32,9466,0,
s32500,XPLUSDT,1788426900000,train,1,5.67,0.586,5.71,5.45,0.98,4.96,2.45,2.27,1.41,1.05,1,0.71,neutral,alcista,0,1.199,32,9468,2,
s32501,ARBUSDT,1788426900000,train,1,6.83,0.393,8.08,6.76,0.79,6.12,2.49,3.18,2.8,3.6,0,0.71,neutral,alcista,0,-0.728,32,9468,3,
s32502,INJUSDT,1788426900000,train,1,2.57,0.462,3.25,2.53,0.78,1.86,0.6,0.75,0.63,0.59,1,0.71,neutral,neutral,0,1.398,32,9468,0,
s32503,STXUSDT,1788426900000,testB,-1,-2.98,0.427,5.03,4.69,0.74,-3.69,1.89,0.88,0.65,0.38,1,0.71,neutral,neutral,0,-0.872,32,9467,1,
s32504,LDOUSDT,1788426900000,testB,1,2.1,0.425,3.1,2.14,0.33,1.39,0.38,1.19,0.93,1.0,0,0.71,neutral,neutral,0,1.387,32,9467,0,
s32505,APEUSDT,1788426900000,testB,1,2.22,0.577,2.68,2.17,1.43,1.51,0.98,1.07,0.94,0.97,0,0.71,neutral,neutral,0,1.1,32,9467,0,
s32506,XPLUSDT,1788427800000,train,1,5.73,0.589,6.04,5.93,1.32,5.43,2.55,2.27,1.41,1.05,1,0.3,neutral,alcista,0,1.311,32,9469,3,
s32507,0GUSDT,1788427800000,train,-1,-3.25,0.37,4.62,3.74,0.84,-3.55,0.9,0.3,0.29,0.34,0,0.3,neutral,neutral,0,-0.485,32,9469,0,
s32508,ARBUSDT,1788427800000,train,1,6.96,0.4,7.23,6.83,0.82,6.66,2.91,3.18,2.8,3.6,0,0.3,neutral,alcista,0,-0.692,32,9469,4,
s32509,INJUSDT,1788427800000,train,1,2.42,0.447,2.95,2.46,0.85,2.11,0.64,0.75,0.63,0.59,1,0.3,neutral,neutral,0,1.483,32,9469,1,
s32510,STXUSDT,1788427800000,testB,-1,-3.63,0.51,5.2,5.12,0.79,-3.93,2.01,0.88,0.65,0.38,1,0.3,neutral,bajista,0,-1.0,32,9468,2,
s32511,LDOUSDT,1788427800000,testB,1,2.07,0.422,2.75,2.06,0.32,1.77,0.42,1.19,0.93,1.0,0,0.3,neutral,neutral,1,2.0,32,9468,1,
s32512,XPLUSDT,1788428700000,train,1,4.39,0.44,6.43,5.2,1.91,4.65,1.71,2.27,1.41,1.05,1,-0.26,neutral,neutral,1,2.0,29,9470,0,
s32513,STXUSDT,1788428700000,testB,-1,-4.5,0.691,4.98,4.83,0.57,-4.25,1.9,0.88,0.65,0.38,1,-0.26,neutral,bajista,0,-1.0,29,9469,3,
s32514,XPLUSDT,1788429600000,train,1,4.96,0.522,6.13,4.77,1.86,5.14,1.55,2.53,1.6,1.11,1,-0.18,neutral,neutral,1,2.0,27,9471,0,
s32515,0GUSDT,1788429600000,train,-1,-2.68,0.385,4.52,3.8,0.55,-2.5,0.84,0.25,0.29,0.33,0,-0.18,neutral,neutral,0,-1.0,32,9471,1,
s32516,STXUSDT,1788429600000,testB,-1,-3.29,0.616,4.38,4.35,0.51,-3.11,1.74,0.71,0.69,0.39,1,-0.18,neutral,bajista,0,-1.0,26,9470,4,
s32517,XPLUSDT,1788430500000,val,1,4.21,0.483,5.44,4.19,1.61,4.36,1.43,2.53,1.6,1.11,1,-0.15,neutral,neutral,1,2.0,26,9472,1,val
s32518,0GUSDT,1788430500000,val,-1,-2.51,0.353,4.11,2.85,0.59,-2.36,0.5,0.25,0.29,0.33,0,-0.15,neutral,neutral,0,-1.0,5,9472,0,val
s32519,ARBUSDT,1788430500000,val,1,4.86,0.371,7.49,5.68,1.07,5.01,2.49,3.48,3.04,3.55,0,-0.15,neutral,alcista,0,-1.0,19,9472,2,val
s32520,TIAUSDT,1788430500000,val,1,2.48,0.381,3.9,3.53,2.08,2.63,2.19,1.17,0.99,1.0,0,-0.15,neutral,alcista,0,0.0,32,9472,4,val
s32521,STXUSDT,1788430500000,testA,-1,-4.1,0.919,4.46,4.31,0.58,-3.94,1.61,0.71,0.69,0.39,1,-0.15,neutral,bajista,0,-1.0,25,9471,5,testA
s32522,STXUSDT,1788431400000,testA,-1,-4.18,0.92,5.42,4.55,1.15,-3.77,1.89,0.71,0.69,0.39,1,-0.41,neutral,bajista,0,-1.0,24,9472,6,testA
s32523,STXUSDT,1788432300000,testA,-1,-3.55,0.907,4.83,4.1,1.14,-3.44,1.66,0.71,0.69,0.39,1,-0.11,neutral,bajista,0,-1.0,23,9473,7,testA
s32524,STXUSDT,1788433200000,testA,-1,-3.24,0.898,3.99,3.39,1.24,-2.94,1.72,0.64,0.73,0.38,0,-0.3,neutral,bajista,0,-1.0,21,9474,8,testA
s32525,PUMPUSDT,1788434100000,val,1,2.82,0.46,4.37,3.83,1.45,2.84,1.55,0.85,0.78,0.71,1,-0.02,neutral,neutral,0,0.266,32,9476,1,val
s32526,STXUSDT,1788434100000,testA,-1,-2.22,0.588,3.67,2.46,1.45,-2.2,0.97,0.64,0.73,0.38,0,-0.02,neutral,neutral,0,-1.0,17,9475,0,testA
s32527,PUMPUSDT,1788435000000,val,1,3.04,0.512,4.37,3.83,1.65,2.98,1.44,0.85,0.78,0.71,1,0.05,neutral,neutral,0,0.142,32,9477,0,val
s32528,STXUSDT,1788435000000,testA,-1,-2.77,0.641,3.61,3.0,0.85,-2.83,1.32,0.64,0.73,0.38,0,0.05,neutral,neutral,0,-1.0,16,9476,1,testA
s32529,LDOUSDT,1788435000000,testA,1,2.72,0.419,3.69,3.2,1.93,2.67,1.89,1.46,1.14,1.04,1,0.05,neutral,alcista,0,1.254,32,9476,2,testA
s32530,ASTERUSDT,1788435900000,val,1,2.18,0.463,2.52,2.34,1.49,1.82,1.07,1.01,1.33,2.46,0,0.36,neutral,alcista,0,-0.279,32,9478,3,val
s32531,PUMPUSDT,1788435900000,val,1,3.08,0.518,4.12,3.1,1.82,2.71,0.83,0.85,0.78,0.71,1,0.36,neutral,neutral,0,0.309,32,9478,0,val
s32532,INJUSDT,1788435900000,val,1,2.48,0.403,2.98,2.74,2.92,2.11,1.73,0.93,0.79,0.62,1,0.36,neutral,neutral,0,0.654,32,9478,1,val
s32533,STXUSDT,1788435900000,testA,-1,-2.64,0.628,3.43,3.05,0.86,-3.0,1.34,0.64,0.73,0.38,0,0.36,neutral,bajista,0,-1.0,15,9477,2,testA
s32534,PUMPUSDT,1788436800000,val,1,2.92,0.506,3.74,3.15,1.54,2.72,1.24,0.82,0.78,0.71,1,0.19,neutral,neutral,0,0.381,32,9479,1,val
s32535,STXUSDT,1788436800000,testA,-1,-2.82,0.644,3.25,2.98,0.91,-3.02,1.39,0.63,0.76,0.4,0,0.19,neutral,bajista,0,-1.0,14,9478,3,testA
s32536,STXUSDT,1788437700000,testA,-1,-3.17,0.669,3.62,3.42,0.89,-3.15,1.8,0.63,0.76,0.4,0,-0.02,neutral,bajista,0,-1.0,13,9479,4,testA
s32537,PUMPUSDT,1788438600000,val,1,2.02,0.355,3.76,2.58,0.83,1.47,0.63,0.82,0.78,0.71,1,0.55,neutral,neutral,0,-0.035,32,9481,1,val
s32538,STXUSDT,1788438600000,testA,-1,-2.65,0.526,3.52,2.91,1.09,-3.2,1.2,0.63,0.76,0.4,0,0.55,neutral,neutral,0,-1.0,12,9480,0,testA
s32539,PUMPUSDT,1788439500000,val,1,2.65,0.419,3.73,3.39,0.71,1.61,1.26,0.82,0.78,0.71,1,1.04,neutral,alcista,0,-0.14,32,9482,2,val
s32540,ENAUSDT,1788439500000,val,1,3.5,0.455,5.34,4.34,2.14,2.46,1.82,0.66,0.55,0.54,1,1.04,neutral,neutral,1,2.0,12,9482,0,val
s32541,ENAUSDT,1788440400000,val,1,2.96,0.379,5.36,4.03,1.83,2.09,1.4,0.66,0.57,0.53,1,0.87,neutral,neutral,1,2.0,11,9483,0,val
s32542,STXUSDT,1788440400000,testA,-1,-2.25,0.455,3.29,2.64,1.41,-3.12,0.94,0.64,0.77,0.41,0,0.87,neutral,neutral,0,-1.0,7,9482,1,testA
s32543,STXUSDT,1788441300000,testA,-1,-2.1,0.438,3.1,2.22,1.65,-3.06,0.9,0.64,0.77,0.41,0,0.96,neutral,bajista,0,-1.0,5,9483,2,testA
s32544,XPLUSDT,1788443100000,val,1,3.53,0.355,5.7,5.63,1.7,1.95,2.79,3.33,2.37,1.47,1,1.58,neutral,alcista,0,0.616,32,9486,6,val
s32545,ENAUSDT,1788443100000,val,1,3.22,0.396,5.36,4.06,1.08,1.64,1.18,0.66,0.57,0.53,1,1.58,neutral,neutral,1,2.0,8,9486,0,val
s32546,JUPUSDT,1788443100000,val,1,3.16,0.438,4.03,3.54,1.13,1.58,1.36,1.96,1.38,1.16,1,1.58,neutral,alcista,0,0.691,32,9486,2,val
s32547,XPLUSDT,1788444000000,val,1,4.21,0.406,6.33,6.14,1.66,2.38,2.96,3.84,2.78,1.68,1,1.83,neutral,alcista,0,0.513,32,9487,7,val
s32548,ENAUSDT,1788444000000,val,1,3.96,0.485,5.34,4.39,1.05,2.12,1.4,0.8,0.64,0.55,1,1.83,neutral,neutral,1,2.0,8,9487,1,val
s32549,ARBUSDT,1788444000000,val,-1,-4.34,0.36,6.11,4.96,0.87,-6.18,1.7,3.19,3.25,3.41,0,1.83,neutral,neutral,0,-1.0,18,9487,0,val
s32550,JUPUSDT,1788444000000,val,1,3.62,0.506,4.02,3.71,1.04,1.79,1.44,1.76,1.42,1.22,1,1.83,neutral,alcista,0,0.365,32,9487,3,val
s32551,ENAUSDT,1788444900000,val,1,4.51,0.518,5.31,4.94,1.17,1.9,1.76,0.8,0.64,0.55,1,2.62,bull,alcista,1,2.0,8,9488,2,val
s32552,INJUSDT,1788444900000,val,1,3.16,0.429,3.42,3.4,1.33,0.54,1.49,1.47,1.07,0.72,1,2.62,bull,alcista,0,-0.012,32,9488,2,val
s32553,TIAUSDT,1788444900000,val,-1,-2.13,0.414,4.18,2.78,1.79,-4.74,-0.07,1.76,1.28,1.06,1,2.62,bull,neutral,0,-1.0,18,9488,0,val
s32554,JUPUSDT,1788444900000,val,1,4.16,0.541,4.91,4.3,1.05,1.54,1.89,1.76,1.42,1.22,1,2.62,bull,alcista,0,-0.091,32,9488,4,val
s32555,PENDLEUSDT,1788444900000,val,1,2.02,0.491,2.71,2.35,1.28,-0.59,1.02,1.02,1.06,1.1,0,2.62,bull,alcista,1,2.0,32,9488,2,val
s32556,ONDOUSDT,1788444900000,val,1,2.47,0.46,2.66,2.63,1.48,-0.15,1.62,1.65,1.26,1.0,1,2.62,bull,alcista,0,0.116,32,9487,2,val
s32557,XPLUSDT,1788445800000,val,1,5.2,0.476,6.97,6.43,1.46,2.29,2.78,3.84,2.78,1.68,1,2.91,bull,neutral,0,0.283,32,9489,1,val
s32558,ENAUSDT,1788445800000,val,1,6.07,0.637,5.95,5.75,1.23,3.15,2.65,0.8,0.64,0.55,1,2.91,bull,alcista,1,2.0,12,9489,3,val
s32559,INJUSDT,1788445800000,val,1,3.25,0.445,3.66,3.16,1.54,0.33,1.27,1.47,1.07,0.72,1,2.91,bull,neutral,0,-0.108,32,9489,0,val
s32560,JUPUSDT,1788445800000,val,1,3.8,0.472,4.8,3.79,0.95,0.89,1.42,1.76,1.42,1.22,1,2.91,bull,neutral,0,0.011,32,9489,0,val
s32561,PENDLEUSDT,1788445800000,val,1,2.15,0.523,2.68,2.21,1.27,-0.76,1.03,1.02,1.06,1.1,0,2.91,bull,alcista,1,2.0,30,9489,3,val
s32562,ONDOUSDT,1788445800000,val,1,3.13,0.556,3.31,3.03,1.88,0.22,1.89,1.65,1.26,1.0,1,2.91,bull,alcista,0,-0.027,32,9488,3,val
s32563,FETUSDT,1788445800000,val,1,2.35,0.383,2.61,2.36,1.31,-0.57,1.44,1.1,0.96,0.78,1,2.91,bull,alcista,0,-0.243,32,9488,3,val
s32564,GRTUSDT,1788445800000,testA,1,2.0,0.371,2.91,1.96,1.12,-0.91,0.78,1.28,1.22,0.83,1,2.91,bull,neutral,1,2.0,19,9488,0,testA
s32565,LDOUSDT,1788445800000,testA,1,3.05,0.405,3.9,3.03,1.0,0.13,0.8,1.94,1.52,1.17,1,2.91,bull,neutral,0,1.112,32,9488,0,testA
s32566,XPLUSDT,1788446700000,val,1,5.09,0.471,7.64,6.6,1.71,1.49,2.7,3.84,2.78,1.68,1,3.6,bull,alcista,0,0.348,32,9490,2,val
s32567,WLDUSDT,1788446700000,val,1,2.45,0.465,2.83,2.67,1.64,-1.16,1.84,0.96,0.95,0.95,1,3.6,bull,neutral,1,2.0,13,9490,1,val
s32568,ENAUSDT,1788446700000,val,1,5.82,0.63,6.0,5.68,1.53,2.22,3.1,0.8,0.64,0.55,1,3.6,bull,alcista,1,2.0,12,9490,4,val
s32569,INJUSDT,1788446700000,val,1,3.58,0.47,3.71,3.59,1.64,-0.03,2.02,1.47,1.07,0.72,1,3.6,bull,neutral,0,-0.392,32,9490,1,val
s32570,SUIUSDT,1788446700000,val,1,2.64,0.402,2.89,2.85,2.57,-0.96,2.14,1.47,1.5,1.44,0,3.6,bull,neutral,0,-0.192,32,9490,1,val
s32571,JUPUSDT,1788446700000,val,1,4.5,0.515,4.66,4.61,0.97,0.9,2.36,1.76,1.42,1.22,1,3.6,bull,neutral,0,-0.355,32,9490,1,val
s32572,PENDLEUSDT,1788446700000,val,1,2.6,0.571,2.92,2.83,1.8,-1.01,1.62,1.02,1.06,1.1,0,3.6,bull,alcista,0,1.518,32,9490,4,val
s32573,ONDOUSDT,1788446700000,val,1,3.8,0.605,4.2,4.2,2.77,0.19,3.27,1.65,1.26,1.0,1,3.6,bull,alcista,0,-0.394,32,9489,4,val
s32574,FETUSDT,1788446700000,val,1,3.11,0.453,3.34,3.27,1.72,-0.49,2.37,1.1,0.96,0.78,1,3.6,bull,alcista,0,-0.558,32,9489,4,val
s32575,GRTUSDT,1788446700000,testA,1,2.66,0.44,2.82,2.7,1.79,-0.95,1.79,1.28,1.22,0.83,1,3.6,bull,neutral,0,0.174,32,9489,1,testA
s32576,LDOUSDT,1788446700000,testA,1,3.32,0.428,3.62,3.49,1.23,-0.29,1.74,1.94,1.52,1.17,1,3.6,bull,neutral,0,0.704,32,9489,1,testA
s32577,AXSUSDT,1788446700000,testA,1,2.85,0.599,3.15,3.09,3.04,-0.75,2.3,0.93,0.84,0.8,1,3.6,bull,alcista,0,0.184,32,9489,4,testA
s32578,APEUSDT,1788446700000,testA,1,2.33,0.533,2.57,2.57,1.76,-1.27,1.59,1.34,1.12,0.97,1,3.6,bull,alcista,0,0.194,32,9489,4,testA
s32579,XPLUSDT,1788447600000,val,1,5.49,0.524,7.64,6.59,1.68,1.96,2.41,3.66,2.98,1.78,1,3.52,bull,alcista,0,0.367,32,9491,3,val
s32580,WLDUSDT,1788447600000,val,1,2.05,0.362,3.08,2.22,2.15,-1.47,1.2,1.28,1.1,0.98,1,3.52,bull,neutral,1,2.0,11,9491,0,val
s32581,ENAUSDT,1788447600000,val,1,5.83,0.63,6.35,5.51,1.86,2.31,2.72,1.21,0.83,0.64,1,3.52,bull,neutral,1,2.0,10,9491,0,val
s32582,INJUSDT,1788447600000,val,1,2.85,0.379,3.74,2.97,1.69,-0.67,1.55,1.74,1.21,0.78,1,3.52,bull,neutral,0,-0.356,32,9491,0,val
s32583,JUPUSDT,1788447600000,val,1,3.83,0.415,4.42,3.64,1.1,0.3,1.6,1.64,1.58,1.28,1,3.52,bull,neutral,0,-0.286,32,9491,0,val
s32584,PENDLEUSDT,1788447600000,val,1,2.08,0.41,3.13,2.09,2.64,-1.44,0.85,1.28,1.19,1.15,1,3.52,bull,neutral,1,2.0,16,9491,0,val
s32585,ONDOUSDT,1788447600000,val,1,3.58,0.55,4.27,3.86,3.41,0.06,2.57,2.09,1.47,1.1,1,3.52,bull,neutral,0,-0.345,32,9490,0,val
s32586,FETUSDT,1788447600000,val,1,2.93,0.413,3.98,2.84,2.54,-0.59,1.71,1.44,1.14,0.86,1,3.52,bull,neutral,0,-0.422,32,9490,0,val
s32587,AXSUSDT,1788447600000,testA,1,2.11,0.405,3.38,2.52,3.94,-1.41,1.55,1.31,1.0,0.88,1,3.52,bull,neutral,0,0.5,32,9490,0,testA
s32588,APEUSDT,1788447600000,testA,1,2.62,0.562,3.05,2.91,2.43,-0.9,1.79,1.51,1.29,1.05,1,3.52,bull,alcista,0,0.171,32,9490,5,testA
s32589,XPLUSDT,1788448500000,val,1,6.58,0.622,7.61,7.08,1.34,2.96,2.76,3.66,2.98,1.78,1,3.62,bull,alcista,0,0.212,32,9492,4,val
s32590,WLDUSDT,1788448500000,val,1,2.28,0.387,3.06,2.62,2.31,-1.33,1.5,1.28,1.1,0.98,1,3.62,bull,neutral,1,2.0,11,9492,1,val
s32591,ENAUSDT,1788448500000,val,1,6.36,0.652,6.42,6.24,2.08,2.74,3.99,1.21,0.83,0.64,1,3.62,bull,neutral,0,0.635,32,9492,1,val
s32592,OPUSDT,1788448500000,val,1,3.04,0.363,4.82,4.2,3.25,-0.58,2.63,1.74,1.44,1.47,0,3.62,bull,neutral,0,-0.251,32,9492,1,val
s32593,JUPUSDT,1788448500000,val,1,4.67,0.464,4.63,4.59,1.08,1.05,2.4,1.64,1.58,1.28,1,3.62,bull,neutral,0,-0.439,32,9492,1,val
s32594,PENDLEUSDT,1788448500000,val,1,2.17,0.42,3.02,2.4,2.39,-1.45,1.16,1.28,1.19,1.15,1,3.62,bull,neutral,1,2.0,31,9492,1,val
s32595,ONDOUSDT,1788448500000,val,1,3.66,0.556,4.26,4.05,3.34,0.04,2.53,2.09,1.47,1.1,1,3.62,bull,neutral,0,-0.362,32,9491,1,val
s32596,FETUSDT,1788448500000,val,1,3.18,0.434,3.89,3.39,2.43,-0.44,2.13,1.44,1.14,0.86,1,3.62,bull,neutral,0,-0.444,32,9491,1,val
s32597,AXSUSDT,1788448500000,testA,1,2.4,0.437,3.37,2.87,3.71,-1.22,1.78,1.31,1.0,0.88,1,3.62,bull,neutral,0,0.342,32,9491,1,testA
s32598,APEUSDT,1788448500000,testA,1,2.77,0.594,3.12,2.98,2.43,-0.85,1.76,1.51,1.29,1.05,1,3.62,bull,alcista,0,0.238,32,9491,6,testA
s32599,XPLUSDT,1788449400000,val,1,7.05,0.691,7.67,6.96,0.99,3.29,2.33,3.66,2.98,1.78,1,3.76,bull,neutral,0,0.225,32,9493,0,val
s32600,WLDUSDT,1788449400000,val,1,2.53,0.422,3.29,2.77,2.26,-1.24,1.41,1.28,1.1,0.98,1,3.76,bull,alcista,1,2.0,11,9493,2,val
s32601,ENAUSDT,1788449400000,val,1,7.92,0.703,8.16,7.91,2.38,4.16,5.85,1.21,0.83,0.64,1,3.76,bull,alcista,0,0.095,32,9493,2,val
s32602,OPUSDT,1788449400000,val,1,4.45,0.49,5.25,5.15,3.33,0.69,3.25,1.74,1.44,1.47,0,3.76,bull,alcista,0,-0.408,32,9493,2,val
s32603,INJUSDT,1788449400000,val,1,3.0,0.396,3.29,2.91,0.94,-0.76,1.59,1.74,1.21,0.78,1,3.76,bull,neutral,0,-0.49,32,9493,1,val
s32604,JUPUSDT,1788449400000,val,1,3.41,0.391,4.37,4.11,1.24,-0.35,2.19,1.64,1.58,1.28,1,3.76,bull,alcista,0,-0.479,32,9493,2,val
s32605,PENDLEUSDT,1788449400000,val,1,2.13,0.416,2.86,2.26,2.31,-1.63,1.03,1.28,1.19,1.15,1,3.76,bull,alcista,1,2.0,29,9493,2,val
s32606,ONDOUSDT,1788449400000,val,1,3.65,0.556,4.53,4.2,2.53,-0.11,2.29,2.09,1.47,1.1,1,3.76,bull,alcista,0,-0.426,32,9492,2,val
s32607,FETUSDT,1788449400000,val,1,3.5,0.458,4.26,3.69,2.35,-0.26,2.16,1.44,1.14,0.86,1,3.76,bull,alcista,0,-0.475,32,9492,2,val
s32608,AXSUSDT,1788449400000,testA,1,2.52,0.449,3.43,3.05,3.01,-1.24,1.69,1.31,1.0,0.88,1,3.76,bull,alcista,0,0.263,32,9492,2,testA
s32609,APEUSDT,1788449400000,testA,1,3.06,0.618,3.25,3.04,2.57,-0.7,1.93,1.51,1.29,1.05,1,3.76,bull,alcista,0,0.047,32,9492,7,testA
s32610,XPLUSDT,1788450300000,val,1,6.17,0.562,7.35,5.84,0.72,1.8,1.44,3.66,2.98,1.78,1,4.37,bull,neutral,0,0.618,32,9494,0,val
s32611,STBLUSDT,1788450300000,val,1,2.59,0.367,4.02,3.87,4.09,-1.78,2.22,0.91,1.05,0.69,0,4.37,bull,alcista,0,-0.356,32,9494,3,val
s32612,WLDUSDT,1788450300000,val,1,4.01,0.537,4.39,4.29,2.0,-0.36,2.73,1.28,1.1,0.98,1,4.37,bull,alcista,0,0.22,32,9494,3,val
s32613,OPUSDT,1788450300000,val,1,4.7,0.512,5.5,5.3,2.77,0.32,3.1,1.74,1.44,1.47,0,4.37,bull,alcista,0,-0.434,32,9494,3,val
s32614,SUIUSDT,1788450300000,val,1,2.76,0.363,3.47,3.31,1.73,-1.61,1.92,1.79,1.59,1.52,1,4.37,bull,alcista,0,-0.222,32,9494,2,val
s32615,SEIUSDT,1788450300000,val,1,2.62,0.496,3.64,3.2,2.56,-1.76,2.17,1.74,1.41,1.97,0,4.37,bull,neutral,0,-0.089,32,9494,1,val
s32616,JUPUSDT,1788450300000,val,1,3.67,0.409,4.82,4.56,1.24,-0.71,2.48,1.64,1.58,1.28,1,4.37,bull,alcista,0,-0.533,32,9494,3,val
s32617,PENDLEUSDT,1788450300000,val,1,3.09,0.508,3.34,3.06,2.26,-1.29,1.94,1.28,1.19,1.15,1,4.37,bull,alcista,0,1.041,32,9494,3,val
s32618,ONDOUSDT,1788450300000,val,1,4.57,0.659,5.01,4.77,1.65,0.19,2.64,2.09,1.47,1.1,1,4.37,bull,alcista,0,-0.452,32,9493,3,val
s32619,FETUSDT,1788450300000,val,1,4.09,0.512,4.3,4.11,1.97,-0.28,2.38,1.44,1.14,0.86,1,4.37,bull,alcista,0,-0.47,32,9493,3,
s32620,GRTUSDT,1788450300000,testA,1,3.67,0.466,3.6,3.6,1.48,-0.7,2.4,1.59,1.29,0.9,1,4.37,bull,alcista,0,-0.032,32,9493,3,testA
s32621,SANDUSDT,1788450300000,testA,1,2.87,0.554,3.52,3.34,3.5,-1.5,1.75,1.22,0.95,0.97,0,4.37,bull,alcista,0,-0.231,32,9493,3,testA
s32622,AXSUSDT,1788450300000,testA,1,3.39,0.554,3.79,3.69,2.16,-0.98,2.12,1.31,1.0,0.88,1,4.37,bull,alcista,0,0.04,32,9493,3,testA
s32623,APEUSDT,1788450300000,testA,1,3.78,0.667,3.99,3.92,2.02,-0.59,2.58,1.51,1.29,1.05,1,4.37,bull,alcista,0,-0.179,32,9493,8,testA
s32624,XPLUSDT,1788451200000,val,1,3.83,0.45,5.9,4.89,0.72,0.16,1.81,4.05,3.35,1.98,1,3.67,bull,neutral,0,0.47,32,9495,1,val
s32625,STBLUSDT,1788451200000,val,1,2.96,0.439,4.06,3.79,4.21,-0.71,1.93,1.08,1.12,0.72,0,3.67,bull,neutral,0,-0.343,32,9495,0,val
s32626,WLDUSDT,1788451200000,val,1,2.93,0.384,4.42,3.7,1.74,-0.73,1.87,1.65,1.27,1.03,1,3.67,bull,neutral,0,0.382,32,9495,0,val
s32627,ARBUSDT,1788451200000,val,-1,-4.69,0.438,5.74,5.22,1.11,-8.35,1.97,2.76,3.24,3.08,0,3.67,bull,neutral,0,-1.0,10,9495,1,val
s32628,ONDOUSDT,1788451200000,val,1,3.55,0.467,5.05,3.99,1.12,-0.12,1.62,2.25,1.56,1.14,1,3.67,bull,neutral,0,-0.34,32,9494,0,
s32629,FETUSDT,1788451200000,val,1,3.04,0.37,4.33,3.51,1.08,-0.63,1.53,1.52,1.2,0.89,1,3.67,bull,neutral,0,-0.393,32,9494,0,
s32630,STXUSDT,1788451200000,testA,1,3.17,0.356,4.67,4.15,1.03,-0.49,1.73,1.01,0.84,0.57,1,3.67,bull,neutral,0,0.491,32,9494,0,testA
s32631,AXSUSDT,1788451200000,testA,1,2.73,0.403,3.85,2.96,1.8,-0.94,1.22,1.72,1.19,0.97,1,3.67,bull,neutral,0,0.26,32,9494,0,testA
s32632,APEUSDT,1788451200000,testA,1,2.77,0.413,4.18,2.76,1.69,-0.9,1.24,1.56,1.38,1.1,1,3.67,bull,neutral,0,0.179,32,9494,0,testA
s32633,XPLUSDT,1788452100000,val,1,4.82,0.623,5.9,4.93,0.68,1.21,1.75,4.05,3.35,1.98,1,3.6,bull,alcista,0,0.549,32,9496,2,
s32634,STBLUSDT,1788452100000,val,1,3.52,0.52,4.51,4.05,3.41,-0.08,2.0,1.08,1.12,0.72,0,3.6,bull,neutral,0,-0.321,32,9496,1,
s32635,WLDUSDT,1788452100000,val,1,3.36,0.431,4.46,3.97,1.76,-0.24,1.96,1.65,1.27,1.03,1,3.6,bull,neutral,0,0.252,32,9496,1,
s32636,JUPUSDT,1788452100000,val,1,3.57,0.377,4.87,3.49,0.95,-0.03,0.91,1.78,1.65,1.28,1,3.6,bull,neutral,0,-0.296,32,9496,1,
s32637,ONDOUSDT,1788452100000,val,1,3.43,0.445,5.06,3.86,0.9,-0.17,1.31,2.25,1.56,1.14,1,3.6,bull,neutral,0,-0.31,32,9495,0,
s32638,FETUSDT,1788452100000,val,1,3.12,0.381,4.22,3.02,1.16,-0.48,1.03,1.52,1.2,0.89,1,3.6,bull,neutral,0,-0.271,32,9495,0,
s32639,STXUSDT,1788452100000,testA,1,4.73,0.51,5.18,4.99,0.92,1.13,2.46,1.01,0.84,0.57,1,3.6,bull,neutral,0,0.235,32,9495,1,testA
s32640,SANDUSDT,1788452100000,testA,1,2.43,0.388,3.95,3.0,2.87,-1.17,1.19,1.49,1.1,0.95,1,3.6,bull,neutral,0,-0.192,32,9495,1,testA
s32641,AXSUSDT,1788452100000,testA,1,3.26,0.469,3.84,3.28,1.51,-0.34,1.39,1.72,1.19,0.97,1,3.6,bull,neutral,0,0.067,32,9495,1,testA
s32642,APEUSDT,1788452100000,testA,1,3.5,0.48,4.08,3.31,1.8,-0.1,1.68,1.56,1.38,1.1,1,3.6,bull,neutral,0,0.0,32,9495,1,testA
s32643,XPLUSDT,1788453000000,val,1,7.38,0.718,7.28,7.05,0.9,4.2,4.26,4.05,3.35,1.98,1,3.18,bull,alcista,0,0.009,32,9497,3,
s32644,STBLUSDT,1788453000000,val,1,3.68,0.538,4.51,4.16,1.61,0.5,1.92,1.08,1.12,0.72,0,3.18,bull,alcista,0,-0.404,32,9497,2,
s32645,WLDUSDT,1788453000000,val,1,3.83,0.463,4.71,4.63,1.86,0.65,2.39,1.65,1.27,1.03,1,3.18,bull,alcista,0,0.104,32,9497,2,
s32646,OPUSDT,1788453000000,val,1,4.57,0.425,5.63,5.28,1.18,1.39,2.47,1.75,1.5,1.45,1,3.18,bull,alcista,0,-0.434,32,9497,2,
s32647,SEIUSDT,1788453000000,val,1,2.12,0.352,3.66,2.71,2.39,-1.06,1.18,1.87,1.44,1.83,0,3.18,bull,alcista,0,0.045,32,9497,2,
s32648,JUPUSDT,1788453000000,val,1,3.55,0.377,4.15,3.47,0.73,0.36,1.41,1.78,1.65,1.28,1,3.18,bull,alcista,0,-0.457,32,9497,2,
s32649,ONDOUSDT,1788453000000,val,1,3.91,0.478,5.03,4.46,0.78,0.72,1.8,2.25,1.56,1.14,1,3.18,bull,neutral,0,-0.376,32,9496,1,
s32650,FETUSDT,1788453000000,val,1,3.3,0.395,4.2,3.57,0.85,0.12,1.47,1.52,1.2,0.89,1,3.18,bull,neutral,0,-0.298,32,9496,1,
s32651,STXUSDT,1788453000000,testA,1,5.67,0.556,6.78,6.23,1.04,2.49,3.47,1.01,0.84,0.57,1,3.18,bull,alcista,0,0.012,32,9496,2,testA
s32652,SANDUSDT,1788453000000,testA,1,2.76,0.419,3.93,3.63,2.44,-0.42,1.72,1.49,1.1,0.95,1,3.18,bull,alcista,0,-0.377,32,9496,2,testA
s32653,AXSUSDT,1788453000000,testA,1,3.57,0.492,3.94,3.75,1.54,0.38,1.72,1.72,1.19,0.97,1,3.18,bull,alcista,0,-0.07,32,9496,2,testA
s32654,APEUSDT,1788453000000,testA,1,3.2,0.44,4.02,3.1,1.27,0.02,1.36,1.56,1.38,1.1,1,3.18,bull,neutral,0,-0.045,32,9496,0,testA
s32655,STBLUSDT,1788453900000,val,1,2.95,0.46,4.51,4.02,0.94,0.0,1.65,1.08,1.12,0.72,0,2.95,bull,neutral,0,-0.438,32,9498,0,
s32656,WLDUSDT,1788453900000,val,1,3.84,0.465,5.6,5.04,1.54,0.89,2.49,1.65,1.27,1.03,1,2.95,bull,alcista,0,-0.186,32,9498,3,
s32657,OPUSDT,1788453900000,val,1,4.38,0.415,5.93,5.45,0.94,1.43,2.33,1.75,1.5,1.45,1,2.95,bull,alcista,0,-0.556,32,9498,3,
s32658,ONDOUSDT,1788453900000,val,1,3.45,0.417,5.04,4.2,0.64,0.5,1.35,2.25,1.56,1.14,1,2.95,bull,neutral,0,-0.484,32,9497,0,
s32659,FETUSDT,1788453900000,val,1,3.08,0.381,4.17,4.05,0.76,0.13,1.73,1.52,1.2,0.89,1,2.95,bull,alcista,0,-0.277,32,9497,2,
s32660,STXUSDT,1788453900000,testA,1,5.84,0.565,6.74,6.71,1.1,2.89,3.64,1.01,0.84,0.57,1,2.95,bull,alcista,0,-0.151,32,9497,3,testA
s32661,SANDUSDT,1788453900000,testA,1,2.88,0.43,4.19,3.99,1.46,-0.07,1.88,1.49,1.1,0.95,1,2.95,bull,alcista,0,-0.565,32,9497,3,testA
s32662,AXSUSDT,1788453900000,testA,1,2.83,0.397,4.01,3.45,1.6,-0.12,1.29,1.72,1.19,0.97,1,2.95,bull,neutral,0,-0.149,32,9497,0,testA
s32663,APEUSDT,1788453900000,testA,1,2.31,0.356,4.02,3.03,0.91,-0.64,1.19,1.56,1.38,1.1,1,2.95,bull,neutral,0,-0.093,32,9497,0,testA
s32664,XPLUSDT,1788454800000,val,1,7.59,0.67,8.57,7.78,1.32,4.34,4.65,4.76,3.79,2.17,1,3.24,bull,neutral,0,-0.256,32,9499,0,
s32665,STBLUSDT,1788454800000,val,1,3.32,0.532,4.51,4.09,0.61,0.07,1.6,1.36,1.06,0.78,1,3.24,bull,neutral,0,-0.561,32,9499,1,
s32666,WLDUSDT,1788454800000,val,1,4.03,0.498,5.6,4.99,1.15,0.79,2.22,1.83,1.31,1.06,1,3.24,bull,neutral,0,-0.02,32,9499,0,
s32667,OPUSDT,1788454800000,val,1,4.86,0.446,6.13,5.82,0.75,1.61,2.49,1.76,1.49,1.44,1,3.24,bull,alcista,0,-0.59,32,9499,4,
s32668,SUIUSDT,1788454800000,val,1,3.03,0.356,3.63,3.38,0.63,-0.22,1.51,2.08,1.68,1.61,1,3.24,bull,alcista,0,-0.461,32,9499,4,
s32669,SEIUSDT,1788454800000,val,1,2.29,0.367,3.66,2.77,0.6,-0.96,1.07,1.72,1.41,1.74,0,3.24,bull,neutral,0,-0.287,32,9499,1,
s32670,JUPUSDT,1788454800000,val,1,3.3,0.405,4.13,3.75,0.65,0.05,1.73,1.64,1.66,1.29,0,3.24,bull,neutral,0,-1.0,32,9499,0,
s32671,PENDLEUSDT,1788454800000,val,1,3.47,0.415,4.02,3.84,1.1,0.22,2.27,1.63,1.35,1.16,1,3.24,bull,alcista,0,0.484,32,9499,3,
s32672,ONDOUSDT,1788454800000,val,1,3.68,0.453,5.04,4.23,0.52,0.44,1.25,2.19,1.57,1.16,1,3.24,bull,neutral,0,-0.436,32,9498,0,
s32673,FETUSDT,1788454800000,val,1,3.09,0.381,4.18,3.87,0.67,-0.16,1.45,1.56,1.19,0.89,1,3.24,bull,neutral,0,-0.323,32,9498,0,
s32674,STXUSDT,1788454800000,testA,1,5.82,0.559,7.16,6.4,1.09,2.57,3.06,1.1,0.82,0.6,1,3.24,bull,neutral,0,-0.249,32,9498,0,testA
s32675,SANDUSDT,1788454800000,testA,1,2.81,0.414,4.2,3.61,0.68,-0.43,1.34,1.54,1.1,0.93,1,3.24,bull,neutral,0,-0.462,32,9498,0,testA
s32676,AXSUSDT,1788454800000,testA,1,2.6,0.354,4.02,3.18,1.36,-0.64,0.93,1.87,1.26,0.98,1,3.24,bull,neutral,0,-0.119,32,9498,0,testA
s32677,APEUSDT,1788454800000,testA,1,2.31,0.356,4.02,3.1,0.64,-0.94,1.15,1.6,1.32,1.11,1,3.24,bull,neutral,0,-0.068,32,9498,0,testA
s32678,STBLUSDT,1788455700000,val,1,3.76,0.605,4.5,4.27,0.25,0.57,1.62,1.36,1.06,0.78,1,3.19,bull,alcista,0,-0.607,32,9500,2,
s32679,WLDUSDT,1788455700000,val,1,4.62,0.542,5.57,5.45,0.99,1.43,2.42,1.83,1.31,1.06,1,3.19,bull,neutral,0,-0.148,32,9500,1,
s32680,TIAUSDT,1788455700000,val,1,2.54,0.371,3.86,3.34,0.58,-0.65,1.12,1.89,1.54,1.12,1,3.19,bull,neutral,0,-0.685,32,9500,0,
s32681,PENDLEUSDT,1788455700000,val,1,3.29,0.387,4.03,3.67,0.99,0.1,1.87,1.63,1.35,1.16,1,3.19,bull,neutral,0,0.447,32,9500,0,
s32682,ONDOUSDT,1788455700000,val,1,3.55,0.429,5.06,3.86,0.48,0.36,0.76,2.19,1.57,1.16,1,3.19,bull,neutral,0,-0.373,32,9499,0,
s32683,STXUSDT,1788455700000,testA,1,6.32,0.587,7.14,6.67,1.03,3.13,3.08,1.1,0.82,0.6,1,3.19,bull,neutral,0,-0.378,32,9499,1,testA
s32684,SANDUSDT,1788455700000,testA,1,2.79,0.408,4.21,3.46,0.52,-0.4,1.03,1.54,1.1,0.93,1,3.19,bull,neutral,0,-0.417,32,9499,0,testA
s32685,AXSUSDT,1788455700000,testA,1,2.94,0.394,4.01,3.38,1.28,-0.25,1.01,1.87,1.26,0.98,1,3.19,bull,neutral,0,-0.301,32,9499,1,testA
s32686,APEUSDT,1788455700000,testA,1,2.32,0.356,4.03,2.76,0.39,-0.87,0.7,1.6,1.32,1.11,1,3.19,bull,neutral,0,-0.128,32,9499,0,testA
s32687,XPLUSDT,1788456600000,val,1,5.88,0.388,7.59,5.82,1.64,3.14,2.98,4.76,3.79,2.17,1,2.74,bull,neutral,0,-0.287,32,9501,1,
s32688,STBLUSDT,1788456600000,val,1,3.73,0.595,4.51,3.98,0.35,0.99,1.11,1.36,1.06,0.78,1,2.74,bull,neutral,0,-0.577,32,9501,0,
s32689,WLDUSDT,1788456600000,val,1,4.85,0.554,6.19,5.73,0.94,2.11,2.4,1.83,1.31,1.06,1,2.74,bull,alcista,0,-0.237,32,9501,2,
s32690,OPUSDT,1788456600000,val,1,4.23,0.362,6.19,5.01,0.57,1.5,1.31,1.76,1.49,1.44,1,2.74,bull,neutral,0,-0.66,32,9501,1,
s32691,TIAUSDT,1788456600000,val,1,2.88,0.409,3.55,3.28,0.52,0.14,1.19,1.89,1.54,1.12,1,2.74,bull,neutral,0,-0.803,32,9501,1,
s32692,JUPUSDT,1788456600000,val,1,3.43,0.379,3.82,3.57,0.54,0.69,1.32,1.64,1.66,1.29,0,2.74,bull,neutral,0,-1.0,29,9501,1,
s32693,PENDLEUSDT,1788456600000,val,1,3.27,0.386,4.12,4.05,0.9,0.53,1.96,1.63,1.35,1.16,1,2.74,bull,neutral,0,0.224,32,9501,1,
s32694,ONDOUSDT,1788456600000,val,1,3.51,0.427,5.05,4.15,0.41,0.77,0.94,2.19,1.57,1.16,1,2.74,bull,neutral,0,-0.464,32,9500,1,
s32695,STXUSDT,1788456600000,testA,1,6.01,0.577,7.32,7.07,0.65,3.27,3.13,1.1,0.82,0.6,1,2.74,bull,alcista,0,-0.325,32,9500,2,testA
s32696,LDOUSDT,1788456600000,testA,1,2.88,0.402,3.33,3.26,0.57,0.14,1.45,2.34,1.83,1.25,1,2.74,bull,neutral,0,0.315,32,9500,1,testA
s32697,SANDUSDT,1788456600000,testA,1,3.69,0.483,4.27,4.25,0.5,0.95,1.64,1.54,1.1,0.93,1,2.74,bull,neutral,0,-0.506,32,9500,1,testA
s32698,MANAUSDT,1788456600000,testA,1,2.02,0.368,2.58,2.22,0.65,-0.72,0.68,1.25,0.96,0.85,1,2.74,bull,neutral,0,0.018,32,9500,1,testA
s32699,AXSUSDT,1788456600000,testA,1,3.23,0.417,3.78,3.53,0.98,0.49,1.2,1.87,1.26,0.98,1,2.74,bull,alcista,0,-0.353,32,9500,2,testA
s32700,APEUSDT,1788456600000,testA,1,3.12,0.434,4.01,3.44,0.48,0.38,1.17,1.6,1.32,1.11,1,2.74,bull,neutral,0,-0.327,32,9500,1,testA
s32701,STBLUSDT,1788457500000,val,1,2.94,0.416,4.36,2.86,1.12,0.14,0.17,1.36,1.06,0.78,1,2.8,bull,neutral,0,-0.311,32,9502,0,
s32702,0GUSDT,1788457500000,val,1,2.75,0.455,3.43,3.32,0.74,-0.05,1.45,0.22,0.23,0.25,0,2.8,bull,alcista,0,-0.226,32,9502,2,
s32703,WLDUSDT,1788457500000,val,1,6.08,0.705,6.41,6.18,0.81,3.28,2.64,1.83,1.31,1.06,1,2.8,bull,alcista,0,-0.235,32,9502,3,
s32704,OPUSDT,1788457500000,val,1,5.13,0.469,6.19,5.0,0.49,2.33,1.18,1.76,1.49,1.44,1,2.8,bull,neutral,0,-0.572,32,9502,0,
s32705,INJUSDT,1788457500000,val,1,2.99,0.39,3.93,3.22,0.34,0.19,0.85,1.71,1.3,0.84,1,2.8,bull,alcista,0,-0.46,32,9502,2,
s32706,SUIUSDT,1788457500000,val,1,3.37,0.371,4.23,3.56,0.64,0.57,1.28,2.08,1.68,1.61,1,2.8,bull,neutral,0,-0.652,32,9502,0,
s32707,TIAUSDT,1788457500000,val,1,3.03,0.438,3.56,3.07,0.53,0.23,0.86,1.89,1.54,1.12,1,2.8,bull,neutral,0,-0.64,32,9502,0,
s32708,JUPUSDT,1788457500000,val,1,3.06,0.354,3.95,3.4,0.49,0.27,1.36,1.64,1.66,1.29,0,2.8,bull,alcista,0,-1.0,19,9502,2,
s32709,PENDLEUSDT,1788457500000,val,1,4.48,0.533,4.58,4.54,0.85,1.68,2.26,1.63,1.35,1.16,1,2.8,bull,alcista,0,0.072,32,9502,2,
s32710,ONDOUSDT,1788457500000,val,1,3.61,0.441,5.06,3.92,0.4,0.81,0.65,2.19,1.57,1.16,1,2.8,bull,neutral,0,-0.299,32,9501,0,
s32711,FETUSDT,1788457500000,val,1,3.37,0.419,4.2,3.45,0.45,0.57,0.66,1.56,1.19,0.89,1,2.8,bull,alcista,0,-0.218,32,9501,2,
s32712,STXUSDT,1788457500000,testA,1,7.05,0.697,7.73,7.33,0.63,4.25,3.13,1.1,0.82,0.6,1,2.8,bull,alcista,0,-0.298,32,9501,3,testA
s32713,GRTUSDT,1788457500000,testA,1,3.42,0.373,4.0,3.59,0.8,0.62,1.21,1.97,1.35,1.05,1,2.8,bull,alcista,0,-0.032,32,9501,2,testA
s32714,LDOUSDT,1788457500000,testA,1,2.9,0.407,3.72,3.18,0.93,0.11,1.25,2.34,1.83,1.25,1,2.8,bull,neutral,0,0.508,32,9501,0,testA
s32715,SANDUSDT,1788457500000,testA,1,4.09,0.558,4.49,4.27,0.42,1.29,1.55,1.54,1.1,0.93,1,2.8,bull,alcista,0,-0.468,32,9501,2,testA
s32716,AXSUSDT,1788457500000,testA,1,3.69,0.484,3.8,3.68,0.64,0.9,1.24,1.87,1.26,0.98,1,2.8,bull,alcista,0,-0.358,32,9501,3,testA
s32717,APEUSDT,1788457500000,testA,1,3.49,0.49,4.0,3.58,0.46,0.69,1.18,1.6,1.32,1.11,1,2.8,bull,alcista,0,-0.333,32,9501,2,testA
s32718,0GUSDT,1788458400000,val,1,4.72,0.589,5.82,4.56,1.36,1.86,3.28,0.28,0.26,0.27,0,2.86,bull,alcista,0,-0.655,32,9503,3,
s32719,WLDUSDT,1788458400000,val,1,6.64,0.723,7.12,6.23,1.14,3.78,3.18,2.18,1.54,1.19,1,2.86,bull,alcista,0,-0.418,32,9503,4,
s32720,OPUSDT,1788458400000,val,1,4.95,0.462,5.56,4.81,0.41,2.09,1.47,1.81,1.47,1.43,1,2.86,bull,neutral,0,-0.749,32,9503,1,
s32721,INJUSDT,1788458400000,val,1,2.63,0.361,2.89,2.6,0.34,-0.24,1.14,1.5,1.29,0.85,1,2.86,bull,alcista,0,-1.0,24,9503,3,
s32722,SUIUSDT,1788458400000,val,1,3.62,0.388,3.67,3.52,0.62,0.75,1.64,1.98,1.71,1.59,1,2.86,bull,neutral,0,-0.868,32,9503,1,
s32723,TIAUSDT,1788458400000,val,1,2.76,0.417,2.93,2.72,0.37,-0.1,1.12,1.75,1.56,1.13,1,2.86,bull,neutral,0,-1.0,28,9503,1,
s32724,PENDLEUSDT,1788458400000,val,1,4.59,0.54,4.57,4.41,0.82,1.72,2.48,1.84,1.46,1.2,1,2.86,bull,alcista,0,-0.016,32,9503,3,
s32725,ONDOUSDT,1788458400000,val,1,3.39,0.428,4.18,3.28,0.41,0.53,0.85,2.08,1.6,1.18,1,2.86,bull,neutral,0,-0.504,32,9502,1,
s32726,FETUSDT,1788458400000,val,1,2.9,0.385,3.44,2.82,0.45,0.03,0.75,1.46,1.2,0.9,1,2.86,bull,alcista,0,-0.467,32,9502,3,
s32727,STXUSDT,1788458400000,testA,1,7.25,0.73,7.3,6.76,0.57,4.39,2.83,1.12,0.81,0.63,1,2.86,bull,neutral,0,-0.392,32,9502,0,testA
s32728,GRTUSDT,1788458400000,testA,1,3.35,0.368,3.47,3.3,0.64,0.48,1.36,1.91,1.41,1.09,1,2.86,bull,alcista,0,-0.316,32,9502,3,testA
s32729,LDOUSDT,1788458400000,testA,1,3.05,0.42,3.27,3.01,1.05,0.18,1.76,2.15,1.94,1.29,1,2.86,bull,neutral,0,0.212,32,9502,1,testA
s32730,SANDUSDT,1788458400000,testA,1,3.45,0.502,3.71,3.39,0.39,0.59,1.33,1.62,1.16,0.92,1,2.86,bull,neutral,0,-0.642,32,9502,0,testA
s32731,AXSUSDT,1788458400000,testA,1,3.34,0.46,3.37,3.23,0.49,0.48,1.21,1.9,1.31,1.0,1,2.86,bull,alcista,0,-0.505,32,9502,4,testA
s32732,APEUSDT,1788458400000,testA,1,3.41,0.485,3.57,3.29,0.52,0.54,1.24,1.57,1.38,1.13,1,2.86,bull,alcista,0,-0.447,32,9502,3,testA
s32733,0GUSDT,1788459300000,val,1,4.76,0.592,5.75,4.81,1.67,3.14,3.22,0.28,0.26,0.27,0,1.62,neutral,alcista,0,-0.783,32,9504,4,val
s32734,WLDUSDT,1788459300000,val,1,6.26,0.713,7.15,6.38,1.23,4.64,3.14,2.18,1.54,1.19,1,1.62,neutral,alcista,0,-0.488,32,9504,5,val
s32735,OPUSDT,1788459300000,val,1,4.6,0.444,5.23,4.56,0.4,2.98,1.43,1.81,1.47,1.43,1,1.62,neutral,alcista,0,-0.85,32,9504,2,val
s32736,PENDLEUSDT,1788459300000,val,1,3.72,0.453,4.11,3.66,0.95,2.1,1.92,1.84,1.46,1.2,1,1.62,neutral,neutral,0,0.105,32,9504,0,val
s32737,STXUSDT,1788459300000,testA,1,4.39,0.457,6.19,4.42,0.6,2.76,1.33,1.12,0.81,0.63,1,1.62,neutral,neutral,0,-0.172,32,9503,0,testA
s32738,LDOUSDT,1788459300000,testA,1,3.63,0.465,4.18,4.01,1.3,2.01,2.81,2.15,1.94,1.29,1,1.62,neutral,alcista,0,-0.484,32,9503,2,testA
s32739,SANDUSDT,1788459300000,testA,1,2.75,0.403,3.35,2.7,0.46,1.13,0.91,1.62,1.16,0.92,1,1.62,neutral,neutral,0,-0.908,32,9503,0,testA
s32740,AXSUSDT,1788459300000,testA,1,2.39,0.352,2.8,2.42,0.43,0.77,0.86,1.9,1.31,1.0,1,1.62,neutral,neutral,0,-0.667,32,9503,0,testA
s32741,APEUSDT,1788459300000,testA,1,2.82,0.411,3.44,2.95,0.6,1.19,0.94,1.57,1.38,1.13,1,1.62,neutral,neutral,0,-0.5,32,9503,0,testA
s32742,0GUSDT,1788460200000,val,1,4.81,0.595,5.63,4.69,2.1,3.29,3.14,0.28,0.26,0.27,0,1.53,neutral,alcista,0,-0.622,32,9505,5,val
s32743,WLDUSDT,1788460200000,val,1,6.87,0.748,6.8,6.5,1.29,5.34,3.36,2.18,1.54,1.19,1,1.53,neutral,alcista,0,-0.5,32,9505,6,val
s32744,OPUSDT,1788460200000,val,1,4.19,0.423,4.51,4.02,0.43,2.67,1.57,1.81,1.47,1.43,1,1.53,neutral,alcista,0,-1.0,26,9505,3,val
s32745,TIAUSDT,1788460200000,val,1,2.28,0.356,2.55,2.47,0.42,0.75,1.1,1.75,1.56,1.13,1,1.53,neutral,neutral,0,-1.0,16,9505,1,val
s32746,PENDLEUSDT,1788460200000,val,1,3.48,0.417,4.08,3.45,1.02,1.95,1.66,1.84,1.46,1.2,1,1.53,neutral,neutral,0,0.346,32,9505,0,val
s32747,STXUSDT,1788460200000,testA,1,4.82,0.481,6.14,5.17,0.69,3.3,2.02,1.12,0.81,0.63,1,1.53,neutral,neutral,0,-0.306,32,9504,1,testA
s32748,LDOUSDT,1788460200000,testA,1,3.66,0.47,4.19,3.84,1.18,2.14,2.38,2.15,1.94,1.29,1,1.53,neutral,neutral,0,-0.395,32,9504,0,testA
s32749,APEUSDT,1788460200000,testA,1,2.81,0.411,3.16,2.74,0.52,1.29,0.94,1.57,1.38,1.13,1,1.53,neutral,neutral,0,-0.513,32,9504,1,testA
s32750,0GUSDT,1788461100000,val,1,4.54,0.583,5.84,5.53,2.5,3.65,3.63,0.28,0.26,0.27,0,0.89,neutral,alcista,0,-0.533,32,9506,6,val
s32751,WLDUSDT,1788461100000,val,1,5.43,0.704,7.09,6.11,1.43,4.53,2.98,2.18,1.54,1.19,1,0.89,neutral,neutral,0,-0.444,32,9506,0,val
s32752,OPUSDT,1788461100000,val,1,3.68,0.396,4.83,4.8,0.56,2.79,2.41,1.81,1.47,1.43,1,0.89,neutral,alcista,0,-1.0,25,9506,4,val
s32753,PENDLEUSDT,1788461100000,val,1,2.91,0.376,4.07,3.64,1.03,2.02,1.62,1.84,1.46,1.2,1,0.89,neutral,neutral,0,0.413,32,9506,1,val
s32754,STXUSDT,1788461100000,testA,1,4.12,0.44,6.15,5.14,0.7,3.22,1.82,1.12,0.81,0.63,1,0.89,neutral,neutral,0,-0.301,32,9505,0,testA
s32755,LDOUSDT,1788461100000,testA,1,3.08,0.43,4.55,4.29,0.87,2.19,2.53,2.15,1.94,1.29,1,0.89,neutral,neutral,0,-0.433,32,9505,1,testA
s32756,0GUSDT,1788462000000,val,1,4.45,0.562,5.87,5.04,1.75,3.66,2.76,0.31,0.27,0.27,0,0.79,neutral,neutral,0,-0.577,32,9507,0,val
s32757,WLDUSDT,1788462000000,val,1,4.56,0.529,6.86,4.56,1.04,3.77,1.42,2.26,1.56,1.24,1,0.79,neutral,neutral,0,-0.344,32,9507,0,val
s32758,OPUSDT,1788462000000,val,1,4.03,0.446,4.46,4.09,0.68,3.24,1.85,1.85,1.49,1.44,1,0.79,neutral,neutral,0,-1.0,23,9507,0,val
s32759,TIAUSDT,1788462000000,val,1,2.11,0.362,2.95,2.38,0.58,1.31,0.93,1.44,1.57,1.13,0,0.79,neutral,neutral,0,-1.0,14,9507,0,val
s32760,JUPUSDT,1788462000000,val,1,2.77,0.395,3.04,2.87,0.63,1.98,1.31,1.29,1.65,1.26,0,0.79,neutral,alcista,0,-1.0,13,9507,2,val
s32761,PENDLEUSDT,1788462000000,val,1,2.92,0.375,4.2,2.98,0.94,2.13,0.79,1.91,1.43,1.2,1,0.79,neutral,neutral,0,0.577,32,9507,0,val
s32762,STXUSDT,1788462000000,testA,1,4.68,0.525,6.16,4.9,0.62,3.88,1.22,1.08,0.79,0.65,1,0.79,neutral,neutral,0,-0.213,32,9506,0,testA
s32763,LDOUSDT,1788462000000,testA,1,3.07,0.424,4.67,3.74,0.98,2.28,1.66,2.07,1.84,1.32,1,0.79,neutral,neutral,0,-0.318,32,9506,0,testA
s32764,0GUSDT,1788462900000,val,1,5.23,0.649,5.85,5.43,1.7,4.25,2.85,0.31,0.27,0.27,0,0.98,neutral,neutral,0,-0.581,32,9508,1,val
s32765,WLDUSDT,1788462900000,val,1,4.16,0.506,6.46,4.19,0.98,3.18,1.32,2.26,1.56,1.24,1,0.98,neutral,neutral,0,-0.476,32,9508,1,val
s32766,PENDLEUSDT,1788462900000,val,1,2.81,0.367,3.98,3.07,0.91,1.83,0.99,1.91,1.43,1.2,1,0.98,neutral,neutral,0,0.337,32,9508,1,val
s32767,STXUSDT,1788462900000,testA,1,5.12,0.548,5.51,4.94,0.54,4.14,1.68,1.08,0.79,0.65,1,0.98,neutral,neutral,0,-0.42,32,9507,1,testA
s32768,GRTUSDT,1788462900000,testA,1,3.07,0.371,3.21,3.04,0.82,2.09,1.62,1.99,1.51,1.16,1,0.98,neutral,alcista,0,-0.774,32,9507,3,testA
s32769,LDOUSDT,1788462900000,testA,1,3.38,0.448,4.65,4.25,0.87,2.4,2.01,2.07,1.84,1.32,1,0.98,neutral,neutral,0,-0.45,32,9507,1,testA
s32770,0GUSDT,1788463800000,val,1,4.84,0.589,5.76,5.09,1.3,4.02,2.18,0.31,0.27,0.27,0,0.82,neutral,neutral,0,-0.469,32,9509,0,val
s32771,WLDUSDT,1788463800000,val,1,3.55,0.419,6.49,3.78,0.82,2.73,0.62,2.26,1.56,1.24,1,0.82,neutral,neutral,0,-0.311,32,9509,0,val
s32772,STXUSDT,1788463800000,testA,1,3.9,0.484,4.65,4.15,0.52,3.08,1.49,1.08,0.79,0.65,1,0.82,neutral,alcista,0,-0.44,32,9508,2,testA
s32773,LDOUSDT,1788463800000,testA,1,3.44,0.458,4.66,3.98,0.74,2.62,1.42,2.07,1.84,1.32,1,0.82,neutral,neutral,0,-0.386,32,9508,0,testA
s32774,0GUSDT,1788464700000,val,1,3.45,0.438,6.05,4.43,1.05,2.95,1.55,0.31,0.27,0.27,0,0.5,neutral,neutral,0,-0.588,32,9510,0,val
s32775,STXUSDT,1788464700000,testA,1,3.62,0.467,4.64,4.35,0.5,3.12,1.65,1.08,0.79,0.65,1,0.5,neutral,alcista,0,-0.484,32,9509,3,testA
s32776,LDOUSDT,1788464700000,testA,1,2.59,0.362,4.67,3.74,0.69,2.09,1.13,2.07,1.84,1.32,1,0.5,neutral,neutral,0,-0.405,32,9509,0,testA
s32777,WLDUSDT,1788465600000,val,1,2.54,0.404,5.49,2.76,0.61,1.96,0.49,2.14,1.56,1.24,1,0.58,neutral,neutral,0,-0.436,32,9511,1,val
s32778,JUPUSDT,1788465600000,val,1,2.11,0.441,2.96,2.41,0.59,1.54,0.52,1.14,1.47,1.25,0,0.58,neutral,neutral,0,-1.0,9,9511,0,
s32779,STXUSDT,1788465600000,testA,1,3.33,0.413,4.45,3.59,0.48,2.76,1.03,0.93,0.78,0.67,1,0.58,neutral,neutral,0,-0.39,32,9510,0,testA
s32780,LDOUSDT,1788465600000,testA,1,2.84,0.408,4.44,3.09,0.58,2.26,0.62,1.78,1.88,1.34,0,0.58,neutral,neutral,0,-0.459,32,9510,0,testA
s32781,WLDUSDT,1788466500000,val,1,2.31,0.381,5.01,2.33,0.56,1.37,0.47,2.14,1.56,1.24,1,0.94,neutral,alcista,0,-0.419,32,9512,2,val
s32782,JUPUSDT,1788466500000,val,1,2.41,0.475,2.57,2.44,0.71,1.48,0.84,1.14,1.47,1.25,0,0.94,neutral,neutral,0,-1.0,7,9512,1,
s32783,ARUSDT,1788466500000,testA,1,2.82,0.503,3.9,3.68,1.71,1.88,2.16,2.77,2.94,4.56,0,0.94,neutral,alcista,0,-1.0,30,9511,2,testA
s32784,LDOUSDT,1788466500000,testA,1,3.1,0.433,4.15,3.04,0.51,2.17,0.81,1.78,1.88,1.34,0,0.94,neutral,neutral,0,-0.392,32,9511,1,testA
s32785,ARBUSDT,1788467400000,val,1,7.66,0.369,10.35,7.3,0.74,6.84,2.63,3.25,3.37,3.18,0,0.82,neutral,alcista,0,-0.521,32,9513,2,val
s32786,ARUSDT,1788467400000,testA,1,3.54,0.561,5.1,4.5,2.54,2.72,2.67,2.77,2.94,4.56,0,0.82,neutral,alcista,0,-1.0,29,9512,3,testA
s32787,PUMPUSDT,1788468300000,val,-1,-2.87,0.378,3.91,3.36,1.01,-3.47,0.86,0.89,0.93,0.76,0,0.6,neutral,neutral,1,2.0,17,9514,0,
s32788,ARUSDT,1788468300000,testA,1,4.96,0.762,6.09,5.21,4.77,4.36,3.2,2.77,2.94,4.56,0,0.6,neutral,alcista,0,-1.0,28,9513,4,testA
s32789,LDOUSDT,1788468300000,testA,1,3.27,0.401,3.88,3.32,0.61,2.68,1.23,1.78,1.88,1.34,0,0.6,neutral,neutral,0,-0.758,32,9513,1,testA
s32790,ARBUSDT,1788469200000,val,1,7.19,0.351,10.15,7.67,0.53,6.58,2.75,3.05,3.23,3.25,0,0.61,neutral,neutral,0,-0.549,32,9515,1,
s32791,ARUSDT,1788469200000,testA,1,4.41,0.655,6.23,4.86,4.43,3.8,2.51,2.86,3.09,4.82,0,0.61,neutral,neutral,0,-1.0,27,9514,0,testA
s32792,LDOUSDT,1788469200000,testA,1,3.87,0.442,4.1,4.05,0.66,3.25,1.8,1.68,2.02,1.4,0,0.61,neutral,alcista,0,-0.833,32,9514,2,testA
s32793,ARBUSDT,1788470100000,val,1,8.12,0.408,10.11,7.69,0.52,7.17,2.6,3.05,3.23,3.25,0,0.95,neutral,alcista,0,-0.59,32,9516,2,val
s32794,ARUSDT,1788470100000,testA,1,4.55,0.684,6.06,4.42,4.15,3.6,2.0,2.86,3.09,4.82,0,0.95,neutral,neutral,0,-1.0,14,9515,0,testA
s32795,LDOUSDT,1788470100000,testA,1,4.16,0.482,5.12,4.04,1.27,3.21,1.64,1.68,2.02,1.4,0,0.95,neutral,alcista,0,-0.796,32,9515,3,testA
s32796,ENAUSDT,1788471000000,val,-1,-4.81,0.512,7.4,6.6,0.4,-5.36,1.41,1.75,1.49,0.96,1,0.55,neutral,bajista,0,0.556,32,9517,2,val
s32797,ARBUSDT,1788471000000,val,1,7.68,0.397,9.18,7.47,0.44,7.13,2.95,3.05,3.23,3.25,0,0.55,neutral,alcista,0,-0.69,32,9517,3,val
s32798,ARUSDT,1788471000000,testA,1,3.44,0.514,6.05,3.85,3.12,2.9,1.38,2.86,3.09,4.82,0,0.55,neutral,neutral,0,-1.0,13,9516,0,testA
s32799,ASTERUSDT,1788471900000,val,-1,-2.66,0.452,3.33,3.18,1.55,-3.32,1.62,1.65,1.71,1.53,0,0.67,neutral,bajista,0,-0.15,32,9518,2,val
s32800,ENAUSDT,1788471900000,val,-1,-5.16,0.576,7.39,6.38,0.42,-5.83,1.35,1.75,1.49,0.96,1,0.67,neutral,neutral,0,0.683,32,9518,0,
s32801,ARUSDT,1788471900000,testA,1,4.29,0.569,5.48,4.19,1.6,3.62,2.04,2.86,3.09,4.82,0,0.67,neutral,neutral,0,-1.0,10,9517,1,testA
s32802,LDOUSDT,1788471900000,testA,1,2.77,0.372,3.9,2.77,1.4,2.1,1.29,1.68,2.02,1.4,0,0.67,neutral,neutral,0,-1.0,18,9517,1,testA
s32803,ASTERUSDT,1788472800000,val,-1,-2.73,0.473,3.65,2.79,2.04,-2.89,1.17,1.6,1.81,1.57,0,0.16,neutral,neutral,0,-0.105,32,9519,0,
s32804,ENAUSDT,1788472800000,val,-1,-5.25,0.578,6.29,5.83,0.54,-5.41,1.88,1.39,1.54,0.99,0,0.16,neutral,neutral,0,0.591,32,9519,1,
s32805,WLDUSDT,1788473700000,val,-1,-2.38,0.565,4.05,3.93,0.72,-2.59,1.02,1.59,1.63,1.29,0,0.22,neutral,bajista,0,0.568,32,9520,5,val
s32806,ENAUSDT,1788473700000,val,-1,-4.88,0.558,6.04,5.75,0.63,-5.09,2.12,1.39,1.54,0.99,0,0.22,neutral,bajista,0,0.604,32,9520,2,val
s32807,JUPUSDT,1788473700000,val,-1,-2.51,0.413,3.84,3.75,1.36,-2.73,2.36,0.89,1.35,1.29,0,0.22,neutral,bajista,0,0.93,32,9520,5,val
s32808,PUMPUSDT,1788474600000,val,-1,-3.43,0.394,4.91,4.67,1.2,-3.69,2.69,0.73,0.94,0.81,0,0.26,neutral,bajista,0,-0.29,32,9521,6,val
s32809,WLDUSDT,1788474600000,val,-1,-3.35,0.791,4.82,4.48,0.8,-3.61,1.47,1.59,1.63,1.29,0,0.26,neutral,bajista,0,0.341,32,9521,6,val
s32810,ENAUSDT,1788474600000,val,-1,-4.07,0.511,6.14,4.8,0.84,-4.33,2.07,1.39,1.54,0.99,0,0.26,neutral,bajista,0,0.551,32,9521,3,val
s32811,JUPUSDT,1788474600000,val,-1,-2.26,0.381,4.58,3.7,1.73,-2.52,2.12,0.89,1.35,1.29,0,0.26,neutral,neutral,0,0.741,32,9521,0,
s32812,STXUSDT,1788474600000,testA,-1,-2.55,0.401,4.09,3.72,1.45,-2.81,1.77,0.66,0.8,0.7,0,0.26,neutral,bajista,0,0.366,32,9520,4,testA
s32813,PUMPUSDT,1788475500000,val,-1,-3.85,0.451,5.41,4.82,1.61,-3.7,2.53,0.73,0.94,0.81,0,-0.14,neutral,bajista,0,-0.573,32,9522,7,val
s32814,WLDUSDT,1788475500000,val,-1,-2.88,0.613,4.03,3.22,0.9,-2.74,1.01,1.59,1.63,1.29,0,-0.14,neutral,neutral,0,0.37,32,9522,0,
s32815,ENAUSDT,1788475500000,val,-1,-3.57,0.423,5.73,3.81,0.98,-3.43,1.25,1.39,1.54,0.99,0,-0.14,neutral,neutral,0,0.685,32,9522,0,
s32816,OPUSDT,1788475500000,val,-1,-3.31,0.576,3.68,3.5,0.65,-3.17,1.3,1.06,1.43,1.46,0,-0.14,neutral,bajista,0,0.823,32,9522,7,val
s32817,INJUSDT,1788475500000,val,-1,-2.28,0.699,2.8,2.56,2.14,-2.14,1.32,0.65,1.3,0.93,0,-0.14,neutral,bajista,0,1.315,32,9522,4,val
s32818,TIAUSDT,1788475500000,val,-1,-2.25,0.538,3.47,2.63,1.33,-2.1,1.06,1.0,1.47,1.2,0,-0.14,neutral,neutral,0,0.771,32,9522,0,
s32819,JUPUSDT,1788475500000,val,-1,-3.1,0.503,4.6,4.29,2.08,-2.96,2.42,0.89,1.35,1.29,0,-0.14,neutral,neutral,0,0.592,32,9522,1,
s32820,FETUSDT,1788475500000,val,-1,-2.26,0.486,3.14,3.01,1.4,-2.11,1.46,0.88,1.21,0.97,0,-0.14,neutral,bajista,0,0.149,32,9521,6,val
s32821,STXUSDT,1788475500000,testA,-1,-2.41,0.374,4.09,3.61,1.63,-2.26,1.51,0.66,0.8,0.7,0,-0.14,neutral,neutral,0,0.398,32,9521,0,testA
s32822,PUMPUSDT,1788476400000,val,-1,-3.67,0.438,5.64,5.31,1.81,-3.63,2.68,0.7,0.9,0.82,0,-0.04,neutral,bajista,0,-0.531,32,9523,8,val
s32823,OPUSDT,1788476400000,val,-1,-3.52,0.59,4.26,3.94,0.95,-3.49,1.64,1.0,1.4,1.46,0,-0.04,neutral,bajista,0,0.523,32,9523,8,val
s32824,JUPUSDT,1788476400000,val,-1,-3.71,0.677,4.6,4.25,1.93,-3.68,2.15,0.84,1.26,1.27,0,-0.04,neutral,neutral,0,0.557,32,9523,0,
s32825,PENDLEUSDT,1788476400000,val,1,2.08,0.355,3.1,2.87,1.41,2.12,1.17,1.72,1.7,1.4,1,-0.04,neutral,alcista,0,-0.475,32,9523,3,val
s32826,PUMPUSDT,1788477300000,val,-1,-4.22,0.547,5.62,4.92,2.01,-3.92,2.09,0.7,0.9,0.82,0,-0.3,neutral,neutral,0,-0.424,32,9524,0,
s32827,ENAUSDT,1788477300000,val,-1,-2.32,0.416,4.58,2.43,1.03,-2.02,0.63,1.03,1.53,1.01,0,-0.3,neutral,neutral,0,0.679,32,9524,0,
s32828,OPUSDT,1788477300000,val,-1,-3.14,0.539,3.79,3.29,0.93,-2.84,1.4,1.0,1.4,1.46,0,-0.3,neutral,neutral,0,0.634,32,9524,0,
s32829,JUPUSDT,1788477300000,val,-1,-3.91,0.744,4.6,4.2,1.44,-3.61,1.88,0.84,1.26,1.27,0,-0.3,neutral,neutral,0,0.573,32,9524,0,
s32830,FETUSDT,1788477300000,val,-1,-2.18,0.493,3.13,2.49,0.84,-1.88,0.7,0.84,1.2,0.99,0,-0.3,neutral,neutral,0,-0.026,32,9523,0,
s32831,PUMPUSDT,1788478200000,val,-1,-2.98,0.369,5.58,4.07,1.36,-2.61,1.21,0.7,0.9,0.82,0,-0.36,neutral,neutral,0,-0.417,32,9525,0,
s32832,ENAUSDT,1788478200000,val,-1,-2.38,0.422,4.03,2.49,0.75,-2.02,1.13,1.03,1.53,1.01,0,-0.36,neutral,neutral,0,0.337,32,9525,1,
s32833,OPUSDT,1788478200000,val,-1,-2.77,0.507,3.65,3.21,0.96,-2.4,1.49,1.0,1.4,1.46,0,-0.36,neutral,neutral,0,0.646,32,9525,1,
s32834,JUPUSDT,1788478200000,val,-1,-3.54,0.689,4.59,4.07,0.93,-3.18,1.63,0.84,1.26,1.27,0,-0.36,neutral,neutral,0,0.688,32,9525,0,
s32835,PENDLEUSDT,1788478200000,val,1,2.02,0.378,3.13,2.86,0.78,2.38,0.95,1.72,1.7,1.4,1,-0.36,neutral,neutral,0,-0.418,32,9525,1,
s32836,OPUSDT,1788479100000,val,-1,-2.28,0.457,3.65,3.26,0.9,-1.68,1.36,1.0,1.4,1.46,0,-0.6,neutral,bajista,0,0.673,32,9526,2,val
s32837,JUPUSDT,1788479100000,val,-1,-3.34,0.653,4.59,3.98,0.65,-2.73,1.49,0.84,1.26,1.27,0,-0.6,neutral,neutral,0,0.747,32,9526,0,
s32838,PUMPUSDT,1788480000000,val,-1,-3.61,0.454,5.51,4.04,0.86,-3.42,1.11,0.78,0.93,0.84,0,-0.19,neutral,neutral,0,-0.259,32,9527,1,
s32839,JUPUSDT,1788480000000,val,-1,-2.79,0.508,4.57,3.48,0.71,-2.6,0.95,0.87,1.16,1.27,0,-0.19,neutral,neutral,0,1.075,32,9527,0,
s32840,PENDLEUSDT,1788480000000,val,1,3.82,0.633,3.73,3.72,0.94,4.01,1.65,1.81,1.85,1.47,0,-0.19,neutral,neutral,0,-0.592,32,9527,1,
s32841,PUMPUSDT,1788480900000,val,-1,-4.18,0.489,4.95,4.39,0.88,-3.71,1.76,0.78,0.93,0.84,0,-0.47,neutral,bajista,0,-0.529,32,9528,2,val
s32842,JUPUSDT,1788480900000,val,-1,-3.37,0.645,4.57,3.66,0.84,-2.9,0.98,0.87,1.16,1.27,0,-0.47,neutral,neutral,0,0.976,32,9528,1,
s32843,PUMPUSDT,1788481800000,val,-1,-2.76,0.384,4.32,3.85,0.73,-2.48,1.67,0.78,0.93,0.84,0,-0.29,neutral,bajista,0,-0.384,32,9529,3,val
s32844,JUPUSDT,1788481800000,val,-1,-2.87,0.576,4.22,3.18,0.87,-2.59,0.76,0.87,1.16,1.27,0,-0.29,neutral,neutral,0,1.123,32,9529,0,
s32845,ARUSDT,1788481800000,testA,-1,-3.5,0.398,5.94,5.44,0.53,-3.21,1.38,3.11,2.99,5.17,0,-0.29,neutral,neutral,0,-0.085,32,9528,0,testA
s32846,ASTERUSDT,1788482700000,val,-1,-2.02,0.353,2.4,2.18,1.43,-1.43,1.12,1.56,1.86,1.61,0,-0.59,neutral,bajista,0,-1.0,30,9530,2,val
s32847,PUMPUSDT,1788482700000,val,-1,-5.93,0.629,6.91,6.86,1.36,-5.34,4.12,0.78,0.93,0.84,0,-0.59,neutral,bajista,0,-0.701,32,9530,4,val
s32848,WLDUSDT,1788482700000,val,-1,-2.18,0.481,2.99,2.94,1.37,-1.58,1.2,1.02,1.62,1.27,0,-0.59,neutral,neutral,0,-0.183,32,9530,1,
s32849,OPUSDT,1788482700000,val,-1,-2.22,0.481,3.92,3.87,1.98,-1.62,1.15,1.05,1.45,1.49,0,-0.59,neutral,neutral,0,0.172,32,9530,1,
s32850,JUPUSDT,1788482700000,val,-1,-4.27,0.669,4.81,4.72,1.2,-3.68,2.01,0.87,1.16,1.27,0,-0.59,neutral,neutral,0,0.224,32,9530,1,
s32851,ARUSDT,1788482700000,testA,-1,-4.84,0.562,6.36,6.13,0.61,-4.24,1.94,3.11,2.99,5.17,0,-0.59,neutral,neutral,0,-0.361,32,9529,1,testA
s32852,PUMPUSDT,1788483600000,val,-1,-4.76,0.451,7.64,5.26,2.23,-3.95,2.37,1.01,1.03,0.88,0,-0.81,neutral,neutral,0,-0.566,32,9531,0,
s32853,OPUSDT,1788483600000,val,-1,-3.15,0.858,4.79,3.9,2.53,-2.34,1.09,1.09,1.5,1.51,0,-0.81,neutral,bajista,0,0.135,32,9531,2,val
s32854,TIAUSDT,1788483600000,val,-1,-2.26,0.618,3.13,2.47,0.71,-1.44,0.81,0.91,1.19,1.24,0,-0.81,neutral,neutral,0,0.222,32,9531,0,
s32855,JUPUSDT,1788483600000,val,-1,-4.43,0.705,5.3,4.73,1.31,-3.62,1.92,0.9,1.1,1.26,0,-0.81,neutral,bajista,0,0.262,32,9531,2,val
s32856,ARUSDT,1788483600000,testA,-1,-3.97,0.451,5.25,4.48,0.62,-3.16,1.44,3.14,2.81,4.69,0,-0.81,neutral,neutral,0,-0.586,32,9530,0,testA
s32857,PUMPUSDT,1788484500000,val,-1,-6.21,0.516,8.03,7.35,2.99,-5.07,3.68,1.01,1.03,0.88,0,-1.14,neutral,neutral,0,-0.653,32,9532,1,
s32858,OPUSDT,1788484500000,val,-1,-3.5,0.871,4.37,3.87,2.59,-2.36,1.33,1.09,1.5,1.51,0,-1.14,neutral,bajista,0,-0.026,32,9532,3,val
s32859,SUIUSDT,1788484500000,val,-1,-2.01,0.397,2.86,2.56,1.22,-0.87,0.75,1.21,1.62,1.58,0,-1.14,neutral,neutral,0,0.055,32,9532,1,
s32860,TIAUSDT,1788484500000,val,-1,-2.42,0.634,3.15,2.98,0.74,-1.28,1.17,0.91,1.19,1.24,0,-1.14,neutral,neutral,0,-0.065,32,9532,1,
s32861,SEIUSDT,1788484500000,val,-1,-2.23,0.493,2.57,2.53,1.71,-1.09,1.08,0.99,1.31,1.31,0,-1.14,neutral,bajista,0,-0.057,32,9532,3,val
s32862,JUPUSDT,1788484500000,val,-1,-4.33,0.699,5.14,4.92,1.27,-3.18,2.0,0.9,1.1,1.26,0,-1.14,neutral,bajista,0,0.162,32,9532,3,val
s32863,ARUSDT,1788484500000,testA,-1,-3.83,0.442,5.02,4.37,0.47,-2.69,1.52,3.14,2.81,4.69,0,-1.14,neutral,neutral,0,-0.708,32,9531,1,testA
s32864,AXSUSDT,1788484500000,testA,-1,-2.01,0.654,2.46,2.35,1.28,-0.87,1.12,0.89,1.43,1.08,0,-1.14,neutral,bajista,0,0.24,32,9531,3,testA
s32865,PUMPUSDT,1788485400000,val,-1,-6.1,0.506,8.17,6.65,3.2,-5.21,3.33,1.01,1.03,0.88,0,-0.89,neutral,neutral,0,-1.0,15,9533,0,
s32866,OPUSDT,1788485400000,val,-1,-3.17,0.858,4.04,3.57,2.13,-2.27,1.52,1.09,1.5,1.51,0,-0.89,neutral,bajista,0,-0.149,32,9533,4,val
s32867,SUIUSDT,1788485400000,val,-1,-2.12,0.408,2.62,2.39,1.16,-1.23,1.26,1.21,1.62,1.58,0,-0.89,neutral,bajista,0,-0.223,32,9533,2,val
s32868,TIAUSDT,1788485400000,val,-1,-2.08,0.597,2.96,2.46,0.91,-1.19,1.19,0.91,1.19,1.24,0,-0.89,neutral,bajista,0,-0.213,32,9533,2,val
s32869,SEIUSDT,1788485400000,val,-1,-2.35,0.506,2.8,2.68,1.34,-1.46,1.18,0.99,1.31,1.31,0,-0.89,neutral,bajista,0,-0.146,32,9533,4,val
s32870,JUPUSDT,1788485400000,val,-1,-4.0,0.681,4.39,4.21,1.18,-3.11,1.89,0.9,1.1,1.26,0,-0.89,neutral,bajista,0,0.2,32,9533,4,val
s32871,ARUSDT,1788485400000,testA,-1,-3.06,0.366,5.01,4.12,0.47,-2.17,1.27,3.14,2.81,4.69,0,-0.89,neutral,neutral,0,-1.0,32,9532,0,testA
s32872,PUMPUSDT,1788486300000,val,-1,-5.02,0.387,7.97,5.42,2.35,-4.27,2.15,1.01,1.03,0.88,0,-0.75,neutral,neutral,0,-1.0,14,9534,0,
s32873,OPUSDT,1788486300000,val,-1,-2.41,0.632,4.02,3.1,1.56,-1.66,1.1,1.09,1.5,1.51,0,-0.75,neutral,neutral,0,0.096,32,9534,0,
s32874,SEIUSDT,1788486300000,val,-1,-2.31,0.502,2.58,2.45,1.28,-1.56,1.09,0.99,1.31,1.31,0,-0.75,neutral,neutral,0,-0.059,32,9534,0,
s32875,JUPUSDT,1788486300000,val,-1,-3.12,0.503,4.1,3.31,0.85,-2.37,1.17,0.9,1.1,1.26,0,-0.75,neutral,neutral,0,0.547,32,9534,0,
s32876,ARUSDT,1788486300000,testA,-1,-3.04,0.366,4.97,3.17,0.53,-2.29,0.27,3.14,2.81,4.69,0,-0.75,neutral,neutral,0,-1.0,31,9533,0,testA
s32877,PUMPUSDT,1788487200000,val,-1,-4.56,0.364,7.54,5.02,1.33,-3.84,1.91,1.0,0.95,0.88,1,-0.72,neutral,neutral,0,-1.0,13,9535,1,
s32878,0GUSDT,1788487200000,val,-1,-2.94,0.424,4.81,4.22,1.31,-2.22,1.75,0.24,0.28,0.27,0,-0.72,neutral,bajista,0,-0.346,32,9535,4,val
s32879,OPUSDT,1788487200000,val,-1,-2.52,0.642,4.04,3.46,0.84,-1.8,1.3,1.01,1.38,1.37,0,-0.72,neutral,neutral,0,0.122,32,9535,1,
s32880,JUPUSDT,1788487200000,val,-1,-2.59,0.455,3.36,2.92,0.58,-1.87,1.31,0.88,1.01,1.24,0,-0.72,neutral,neutral,0,0.606,32,9535,1,
s32881,0GUSDT,1788488100000,val,-1,-3.71,0.526,5.0,4.73,1.35,-3.22,2.03,0.24,0.28,0.27,0,-0.5,neutral,bajista,0,-0.402,32,9536,5,
s32882,OPUSDT,1788488100000,val,-1,-2.58,0.647,3.12,2.74,0.78,-2.08,1.26,1.01,1.38,1.37,0,-0.5,neutral,bajista,0,0.022,32,9536,2,
s32883,FETUSDT,1788489900000,val,1,2.24,0.467,2.26,2.19,0.73,2.62,1.08,0.86,1.05,1.0,0,-0.38,neutral,alcista,0,-1.0,12,9537,2,val
s32884,XPLUSDT,1788493500000,val,-1,-4.17,0.474,4.68,4.53,1.31,-3.65,2.27,1.17,1.94,2.57,0,-0.52,neutral,bajista,0,-1.0,23,9542,3,
s32885,XPLUSDT,1788494400000,val,-1,-3.11,0.372,4.65,4.1,1.5,-2.76,1.74,1.22,1.65,2.6,0,-0.36,neutral,neutral,0,-1.0,22,9543,0,
s32886,ARBUSDT,1788495300000,val,-1,-5.23,0.386,9.12,7.96,0.25,-5.37,1.46,1.94,2.62,3.17,0,0.14,neutral,neutral,0,0.213,32,9544,0,
s32887,INJUSDT,1788496200000,val,-1,-2.81,0.53,3.42,3.28,2.32,-2.57,1.81,1.07,0.85,1.07,0,-0.24,neutral,neutral,0,0.83,32,9545,1,
s32888,LDOUSDT,1788496200000,testA,-1,-2.63,0.459,4.95,4.17,0.36,-2.4,0.96,1.58,1.66,1.68,0,-0.24,neutral,neutral,0,0.278,32,9544,1,testA
s32889,PUMPUSDT,1788497100000,val,1,4.93,0.523,6.93,6.52,0.6,4.8,1.76,1.03,0.87,0.9,0,0.13,neutral,neutral,0,-0.855,32,9546,1,
s32890,INJUSDT,1788497100000,val,-1,-2.4,0.49,3.67,3.34,2.55,-2.52,1.7,1.07,0.85,1.07,0,0.13,neutral,bajista,0,0.79,32,9546,2,
s32891,LDOUSDT,1788497100000,testA,-1,-2.83,0.481,3.95,3.36,0.39,-2.96,1.05,1.58,1.66,1.68,0,0.13,neutral,bajista,0,0.385,32,9545,2,testA
s32892,PUMPUSDT,1788498000000,val,1,3.93,0.47,7.1,7.03,0.77,3.88,2.22,1.07,0.88,0.91,0,0.05,neutral,alcista,0,-0.811,32,9547,2,val
s32893,ARBUSDT,1788498000000,val,-1,-6.29,0.506,8.06,6.76,0.4,-6.34,1.63,1.84,2.55,3.09,0,0.05,neutral,neutral,0,0.491,32,9547,0,
s32894,INJUSDT,1788498000000,val,-1,-3.17,0.681,3.68,3.64,1.92,-3.21,1.85,1.25,0.91,1.11,0,0.05,neutral,bajista,0,0.699,32,9547,3,
s32895,LDOUSDT,1788498000000,testA,-1,-2.47,0.445,3.2,2.74,0.35,-2.52,1.0,1.59,1.58,1.69,0,0.05,neutral,bajista,0,-1.0,17,9546,3,testA
s32896,PUMPUSDT,1788498900000,val,1,6.38,0.923,7.76,7.37,0.92,6.16,2.36,1.07,0.88,0.91,0,0.23,neutral,alcista,0,-0.56,32,9548,3,val
s32897,INJUSDT,1788498900000,val,-1,-2.99,0.668,3.56,3.52,1.64,-3.22,1.68,1.25,0.91,1.11,0,0.23,neutral,neutral,0,0.606,32,9548,0,
s32898,PUMPUSDT,1788499800000,val,1,5.85,0.801,6.48,5.66,1.13,5.6,2.12,1.07,0.88,0.91,0,0.25,neutral,neutral,0,-1.0,28,9549,0,
s32899,ENAUSDT,1788499800000,val,-1,-3.01,0.368,4.98,4.47,1.7,-3.26,1.81,0.85,0.95,1.12,0,0.25,neutral,bajista,0,-1.0,14,9549,3,
s32900,INJUSDT,1788499800000,val,-1,-3.35,0.693,4.38,3.74,1.33,-3.6,1.81,1.25,0.91,1.11,0,0.25,neutral,neutral,0,0.394,32,9549,1,
s32901,LDOUSDT,1788499800000,testA,-1,-2.03,0.364,3.01,2.75,0.42,-2.28,1.22,1.59,1.58,1.69,0,0.25,neutral,neutral,0,-1.0,15,9548,1,testA
s32902,PUMPUSDT,1788500700000,val,1,3.96,0.567,5.75,4.16,1.24,3.94,1.01,1.07,0.88,0.91,0,0.02,neutral,neutral,0,-1.0,27,9550,0,
s32903,ENAUSDT,1788500700000,val,-1,-3.84,0.461,5.51,4.84,2.1,-3.86,2.25,0.85,0.95,1.12,0,0.02,neutral,bajista,0,-1.0,12,9550,4,
s32904,INJUSDT,1788500700000,val,-1,-3.91,0.753,4.43,4.11,1.18,-3.93,2.13,1.25,0.91,1.11,0,0.02,neutral,bajista,0,0.259,32,9550,2,
s32905,LDOUSDT,1788500700000,testA,-1,-2.6,0.507,3.5,2.67,0.71,-2.62,1.1,1.59,1.58,1.69,0,0.02,neutral,bajista,0,-1.0,14,9549,2,testA
s32906,PUMPUSDT,1788501600000,val,1,3.67,0.505,5.53,3.64,1.16,3.41,0.9,1.06,0.9,0.92,0,0.27,neutral,neutral,0,-1.0,26,9551,0,
s32907,ENAUSDT,1788501600000,val,-1,-3.13,0.4,5.5,4.74,1.93,-3.4,1.86,0.79,0.87,1.14,0,0.27,neutral,neutral,0,-1.0,11,9551,0,
s32908,INJUSDT,1788501600000,val,-1,-3.71,0.742,5.17,4.44,1.65,-3.98,2.19,1.32,1.0,1.16,0,0.27,neutral,bajista,0,0.307,32,9551,3,
s32909,ARUSDT,1788501600000,testA,-1,-3.18,0.433,5.64,4.82,0.63,-3.45,0.74,1.5,2.35,3.09,0,0.27,neutral,neutral,0,-1.0,13,9550,0,testA
s32910,PUMPUSDT,1788502500000,val,1,3.15,0.462,5.19,3.24,1.11,3.16,0.76,1.06,0.9,0.92,0,-0.0,neutral,neutral,0,-1.0,17,9552,0,
s32911,ENAUSDT,1788502500000,val,-1,-3.23,0.407,5.51,4.95,1.89,-3.23,1.96,0.79,0.87,1.14,0,-0.0,neutral,neutral,0,-1.0,10,9552,1,
s32912,INJUSDT,1788502500000,val,-1,-3.43,0.669,5.16,4.22,1.65,-3.43,1.79,1.32,1.0,1.16,0,-0.0,neutral,neutral,0,0.446,32,9552,0,
s32913,ARUSDT,1788502500000,testA,-1,-4.42,0.711,5.64,4.94,0.46,-4.42,0.8,1.5,2.35,3.09,0,-0.0,neutral,neutral,0,-1.0,12,9551,1,testA
s32914,PUMPUSDT,1788503400000,val,1,3.68,0.503,5.16,3.71,1.25,3.55,1.0,1.06,0.9,0.92,0,0.13,neutral,neutral,0,-1.0,16,9553,1,
s32915,INJUSDT,1788503400000,val,-1,-3.45,0.671,5.16,4.24,1.1,-3.59,1.66,1.32,1.0,1.16,0,0.13,neutral,neutral,0,0.611,32,9553,1,
s32916,STXUSDT,1788503400000,testA,-1,-2.34,0.457,3.7,3.33,2.06,-2.47,1.68,0.48,0.5,0.62,0,0.13,neutral,bajista,0,0.775,32,9552,6,testA
s32917,PUMPUSDT,1788504300000,val,1,4.05,0.529,4.46,3.94,1.04,4.1,2.04,1.06,0.9,0.92,0,-0.04,neutral,alcista,0,-1.0,13,9554,2,val
s32918,ENAUSDT,1788504300000,val,-1,-2.89,0.353,5.4,3.46,0.88,-2.84,0.38,0.79,0.87,1.14,0,-0.04,neutral,neutral,0,-1.0,8,9554,0,
s32919,INJUSDT,1788504300000,val,-1,-3.56,0.711,5.14,3.87,1.02,-3.51,1.11,1.32,1.0,1.16,0,-0.04,neutral,neutral,0,0.677,32,9554,0,
s32920,FETUSDT,1788504300000,val,-1,-2.63,0.583,3.48,3.09,1.08,-2.59,0.99,0.74,0.81,1.01,0,-0.04,neutral,neutral,0,0.646,32,9553,0,
s32921,STXUSDT,1788504300000,testA,-1,-2.3,0.447,3.7,3.29,1.73,-2.26,1.43,0.48,0.5,0.62,0,-0.04,neutral,neutral,0,0.852,32,9553,0,testA
s32922,PUMPUSDT,1788505200000,val,1,3.45,0.437,4.32,3.38,1.22,3.46,1.4,0.89,0.94,0.93,0,-0.0,neutral,neutral,0,-1.0,12,9555,0,
s32923,INJUSDT,1788505200000,val,-1,-2.81,0.602,4.36,2.89,0.59,-2.81,0.81,1.37,1.04,1.17,0,-0.0,neutral,neutral,0,0.849,32,9555,0,
s32924,STXUSDT,1788505200000,testA,-1,-2.11,0.397,3.68,2.83,2.07,-2.11,0.99,0.46,0.51,0.61,0,-0.0,neutral,neutral,0,0.789,32,9554,0,
s32925,PUMPUSDT,1788506100000,val,1,2.83,0.355,4.06,2.78,1.49,2.8,0.96,0.89,0.94,0.93,0,0.03,neutral,neutral,0,-1.0,11,9556,0,
s32926,INJUSDT,1788506100000,val,-1,-2.44,0.566,3.92,2.62,0.54,-2.46,0.9,1.37,1.04,1.17,0,0.03,neutral,neutral,0,0.81,32,9556,1,
s32927,INJUSDT,1788507000000,val,-1,-2.94,0.628,3.87,3.03,0.68,-2.81,1.29,1.37,1.04,1.17,0,-0.13,neutral,bajista,0,0.372,32,9557,2,
s32928,INJUSDT,1788507900000,val,-1,-2.58,0.559,3.82,2.84,0.64,-2.36,0.96,1.37,1.04,1.17,0,-0.22,neutral,neutral,0,0.478,32,9558,0,
s32929,0GUSDT,1788508800000,val,1,2.59,0.387,3.73,2.89,1.15,2.81,1.02,0.25,0.25,0.26,0,-0.23,neutral,neutral,0,-1.0,18,9559,0,
s32930,INJUSDT,1788508800000,val,-1,-2.12,0.444,3.81,2.52,0.5,-1.89,0.51,1.45,1.09,1.19,0,-0.23,neutral,neutral,0,0.579,32,9559,0,
s32931,ARUSDT,1788508800000,testA,1,2.78,0.47,3.66,3.36,0.57,3.01,1.36,1.09,1.88,2.53,0,-0.23,neutral,neutral,0,-1.0,18,9558,1,
s32932,INJUSDT,1788509700000,val,-1,-2.02,0.414,3.57,2.06,0.66,-1.67,0.27,1.45,1.09,1.19,0,-0.34,neutral,neutral,0,0.677,32,9560,0,
s32933,JUPUSDT,1788509700000,val,-1,-2.29,0.413,2.53,2.35,1.07,-1.95,0.82,0.75,0.82,1.16,0,-0.34,neutral,bajista,0,0.865,32,9560,4,
s32934,0GUSDT,1788510600000,val,1,2.09,0.386,3.73,2.99,1.09,2.08,0.95,0.25,0.25,0.26,0,0.01,neutral,neutral,0,-1.0,16,9561,0,
s32935,ARUSDT,1788510600000,testA,1,2.04,0.366,3.8,2.8,0.79,2.03,0.87,1.09,1.88,2.53,0,0.01,neutral,neutral,0,-1.0,16,9560,0,
s32936,ASTERUSDT,1788511500000,val,1,2.68,0.494,3.42,3.39,3.09,2.59,2.21,1.15,1.44,1.58,0,0.09,neutral,neutral,0,-1.0,15,9562,1,
s32937,XPLUSDT,1788511500000,val,1,2.63,0.378,4.43,4.33,1.78,2.54,2.38,1.19,1.16,2.43,0,0.09,neutral,neutral,0,-1.0,16,9562,1,
s32938,PENDLEUSDT,1788511500000,val,1,2.13,0.379,2.98,2.85,0.97,2.04,1.42,0.91,1.37,1.42,0,0.09,neutral,alcista,0,-1.0,15,9562,4,val
s32939,ARUSDT,1788511500000,testA,1,2.97,0.458,3.99,3.83,0.97,2.88,1.76,1.09,1.88,2.53,0,0.09,neutral,neutral,0,-1.0,15,9561,1,
s32940,ASTERUSDT,1788512400000,val,1,2.79,0.504,4.93,3.55,5,2.65,2.11,1.67,1.59,1.69,0,0.14,neutral,alcista,0,-1.0,14,9563,2,val
s32941,0GUSDT,1788512400000,val,1,2.21,0.414,4.11,2.63,1.13,2.07,0.38,0.26,0.25,0.26,0,0.14,neutral,neutral,0,-1.0,14,9563,0,
s32942,ARUSDT,1788512400000,testA,1,4.07,0.553,4.96,4.74,1.11,3.93,2.39,1.07,1.6,2.45,0,0.14,neutral,alcista,0,-1.0,14,9562,2,testA
s32943,ASTERUSDT,1788513300000,val,1,3.57,0.602,4.9,4.09,3.96,3.55,2.48,1.67,1.59,1.69,0,0.02,neutral,alcista,0,-1.0,13,9564,3,val
s32944,XPLUSDT,1788513300000,val,1,2.66,0.366,4.51,4.36,1.79,2.64,1.76,1.16,1.16,2.31,0,0.02,neutral,neutral,0,-1.0,14,9564,1,
s32945,ENAUSDT,1788513300000,val,1,3.32,0.385,6.03,5.24,1.53,3.3,2.18,0.91,0.85,1.2,0,0.02,neutral,neutral,0,-1.0,13,9564,1,
s32946,ARBUSDT,1788513300000,val,1,4.47,0.47,5.71,4.99,2.31,4.45,3.04,0.94,1.59,2.56,0,0.02,neutral,alcista,0,-1.0,10,9564,2,val
s32947,ARUSDT,1788513300000,testA,1,4.34,0.569,5.4,5.06,1.21,4.32,2.52,1.07,1.6,2.45,0,0.02,neutral,alcista,0,-1.0,13,9563,3,testA
s32948,ASTERUSDT,1788514200000,val,1,3.38,0.548,4.83,3.48,3.47,3.15,1.69,1.67,1.59,1.69,0,0.22,neutral,neutral,0,-1.0,12,9565,0,
s32949,XPLUSDT,1788514200000,val,1,3.69,0.505,5.8,4.82,1.54,3.46,2.17,1.16,1.16,2.31,0,0.22,neutral,alcista,0,-1.0,13,9565,2,
s32950,ENAUSDT,1788514200000,val,1,4.9,0.582,6.8,5.8,1.77,4.67,2.48,0.91,0.85,1.2,0,0.22,neutral,alcista,0,-1.0,12,9565,2,
s32951,ARBUSDT,1788514200000,val,1,3.88,0.387,5.74,4.49,2.54,3.65,2.27,0.94,1.59,2.56,0,0.22,neutral,neutral,0,-1.0,9,9565,0,
s32952,ARUSDT,1788514200000,testA,1,5.76,0.677,6.34,6.08,1.76,5.54,3.26,1.07,1.6,2.45,0,0.22,neutral,alcista,0,-1.0,12,9564,4,testA
s32953,LDOUSDT,1788514200000,testA,1,2.25,0.367,3.85,3.09,2.81,2.03,1.49,1.25,1.54,1.81,0,0.22,neutral,neutral,0,-1.0,12,9564,0,
s32954,ASTERUSDT,1788515100000,val,1,4.39,0.612,4.66,4.46,3.12,4.31,2.57,1.67,1.59,1.69,0,0.08,neutral,neutral,0,-1.0,11,9566,1,
s32955,XPLUSDT,1788515100000,val,1,3.85,0.525,5.8,4.91,1.27,3.77,2.03,1.16,1.16,2.31,0,0.08,neutral,alcista,0,-1.0,12,9566,3,
s32956,ENAUSDT,1788515100000,val,1,4.69,0.541,6.84,5.11,1.53,4.61,1.66,0.91,0.85,1.2,0,0.08,neutral,neutral,0,-1.0,11,9566,0,
s32957,ARUSDT,1788515100000,testA,1,4.08,0.4,5.92,4.03,1.76,4.0,1.47,1.07,1.6,2.45,0,0.08,neutral,neutral,0,-1.0,11,9565,0,
s32958,LDOUSDT,1788515100000,testA,1,2.41,0.392,3.34,2.66,2.47,2.33,1.43,1.25,1.54,1.81,0,0.08,neutral,neutral,0,-1.0,11,9565,1,
s32959,ASTERUSDT,1788516000000,val,1,3.73,0.493,4.68,3.97,1.35,3.79,1.88,1.87,1.65,1.76,0,-0.06,neutral,neutral,0,-1.0,10,9567,0,
s32960,XPLUSDT,1788516000000,val,1,3.55,0.505,5.79,5.01,1.27,3.61,1.95,1.1,1.16,2.22,0,-0.06,neutral,alcista,0,-1.0,11,9567,4,
s32961,ENAUSDT,1788516000000,val,1,3.53,0.366,6.77,4.0,1.63,3.59,0.57,0.98,0.87,1.23,0,-0.06,neutral,neutral,0,-1.0,10,9567,0,
s32962,GRTUSDT,1788516000000,testA,1,2.3,0.565,2.6,2.6,1.47,2.37,1.17,1.31,1.29,1.41,0,-0.06,neutral,neutral,0,-1.0,10,9566,1,
s32963,ASTERUSDT,1788516900000,val,1,3.89,0.523,4.69,3.83,1.41,3.6,1.61,1.87,1.65,1.76,0,0.29,neutral,neutral,0,-1.0,9,9568,0,
s32964,XPLUSDT,1788516900000,val,1,3.78,0.553,5.82,4.64,1.11,3.49,1.47,1.1,1.16,2.22,0,0.29,neutral,neutral,0,-1.0,10,9568,0,
s32965,ENAUSDT,1788516900000,val,1,3.62,0.378,6.43,3.54,1.5,3.33,0.53,0.98,0.87,1.23,0,0.29,neutral,neutral,0,-1.0,9,9568,0,
s32966,PENDLEUSDT,1788516900000,val,1,2.0,0.373,2.67,2.01,0.84,1.71,0.61,0.96,1.16,1.43,0,0.29,neutral,neutral,0,-1.0,9,9568,0,
s32967,STXUSDT,1788516900000,testA,1,2.38,0.39,3.2,3.09,0.93,2.09,1.06,0.52,0.5,0.6,0,0.29,neutral,neutral,0,-1.0,9,9567,1,
s32968,GRTUSDT,1788516900000,testA,1,2.37,0.588,2.54,2.37,1.68,2.08,0.94,1.31,1.29,1.41,0,0.29,neutral,neutral,0,-1.0,9,9567,0,
s32969,LDOUSDT,1788516900000,testA,1,2.18,0.359,3.36,2.24,0.82,1.89,0.86,1.34,1.47,1.83,0,0.29,neutral,neutral,0,-1.0,9,9567,1,
s32970,MANAUSDT,1788516900000,testA,1,2.07,0.733,2.21,2.06,1.1,1.77,0.67,0.7,0.89,0.99,0,0.29,neutral,neutral,0,-1.0,9,9567,0,
s32971,ASTERUSDT,1788517800000,val,1,3.92,0.525,4.55,3.82,1.38,3.63,1.55,1.87,1.65,1.76,0,0.28,neutral,neutral,0,-1.0,8,9569,1,
s32972,XPLUSDT,1788517800000,val,1,5.28,0.682,6.1,5.71,0.88,4.99,2.38,1.1,1.16,2.22,0,0.28,neutral,neutral,0,-1.0,9,9569,1,
s32973,PUMPUSDT,1788517800000,val,-1,-3.64,0.432,5.93,5.62,1.29,-3.93,2.68,0.96,0.99,0.95,0,0.28,neutral,bajista,0,-0.46,32,9569,7,
s32974,STXUSDT,1788517800000,testA,1,2.36,0.382,3.18,2.56,0.87,2.07,0.6,0.52,0.5,0.6,0,0.28,neutral,neutral,0,-1.0,8,9568,0,
s32975,LDOUSDT,1788517800000,testA,1,2.12,0.353,3.27,2.41,0.6,1.84,1.02,1.34,1.47,1.83,0,0.28,neutral,alcista,0,-1.0,8,9568,2,testA
s32976,MANAUSDT,1788517800000,testA,1,2.24,0.749,2.4,2.4,1.05,1.95,0.99,0.7,0.89,0.99,0,0.28,neutral,neutral,0,-1.0,8,9568,1,
s32977,ASTERUSDT,1788518700000,val,1,4.15,0.54,4.53,4.18,1.07,3.67,1.73,1.87,1.65,1.76,0,0.48,neutral,alcista,0,-1.0,7,9570,2,
s32978,XPLUSDT,1788518700000,val,1,5.77,0.729,5.61,5.46,0.88,5.29,2.38,1.1,1.16,2.22,0,0.48,neutral,alcista,0,-1.0,8,9570,2,
s32979,PUMPUSDT,1788518700000,val,-1,-3.78,0.464,5.78,4.38,1.66,-4.26,1.42,0.96,0.99,0.95,0,0.48,neutral,neutral,0,-0.368,32,9570,0,
s32980,STXUSDT,1788518700000,testA,1,2.47,0.393,3.03,2.55,1.08,1.99,0.71,0.52,0.5,0.6,0,0.48,neutral,neutral,0,-1.0,7,9569,1,
s32981,ASTERUSDT,1788519600000,val,1,4.86,0.587,4.83,4.78,0.97,4.54,2.18,2.01,1.73,1.79,0,0.32,neutral,alcista,0,-1.0,6,9571,3,
s32982,XPLUSDT,1788519600000,val,1,4.84,0.695,5.3,5.08,1.01,4.52,2.48,1.67,1.45,2.34,0,0.32,neutral,alcista,0,-1.0,6,9571,3,
s32983,PUMPUSDT,1788519600000,val,-1,-4.0,0.477,5.57,4.81,1.47,-4.32,1.85,0.88,0.97,0.92,0,0.32,neutral,neutral,0,-1.0,23,9571,1,
s32984,ASTERUSDT,1788520500000,val,1,4.3,0.494,5.06,4.13,0.78,3.71,1.52,2.01,1.73,1.79,0,0.59,neutral,neutral,0,-1.0,5,9572,0,
s32985,XPLUSDT,1788520500000,val,1,8.3,0.834,8.19,7.9,2.01,7.72,5.1,1.67,1.45,2.34,0,0.59,neutral,alcista,0,-1.0,5,9572,4,
s32986,PUMPUSDT,1788520500000,val,-1,-3.44,0.414,5.56,4.56,1.24,-4.03,1.53,0.88,0.97,0.92,0,0.59,neutral,neutral,0,-1.0,22,9572,0,
s32987,ASTERUSDT,1788521400000,val,1,4.13,0.485,4.9,4.17,0.7,3.55,1.53,2.01,1.73,1.79,0,0.59,neutral,neutral,0,-1.0,4,9573,1,
s32988,PUMPUSDT,1788521400000,val,-1,-3.56,0.438,5.54,4.24,1.07,-4.15,1.28,0.88,0.97,0.92,0,0.59,neutral,neutral,0,-1.0,21,9573,0,
s32989,LDOUSDT,1788521400000,testA,1,2.36,0.416,3.31,2.71,0.74,1.77,0.79,1.32,1.47,1.76,0,0.59,neutral,neutral,0,-1.0,4,9572,1,
s32990,ASTERUSDT,1788522300000,val,1,4.41,0.502,5.09,4.47,0.75,3.72,1.83,2.01,1.73,1.79,0,0.69,neutral,alcista,0,-1.0,3,9574,2,
s32991,PUMPUSDT,1788522300000,val,-1,-3.08,0.396,4.71,3.36,0.57,-3.77,1.06,0.88,0.97,0.92,0,0.69,neutral,neutral,0,-1.0,19,9574,0,
s32992,ASTERUSDT,1788523200000,val,1,4.48,0.507,4.47,4.33,0.77,3.9,2.08,3.57,2.35,2.15,1,0.58,neutral,alcista,0,-1.0,2,9575,3,
s32993,XPLUSDT,1788523200000,val,1,6.75,0.658,8.72,6.78,3.91,6.17,3.12,2.78,2.0,2.54,0,0.58,neutral,neutral,0,-1.0,2,9575,0,
s32994,PUMPUSDT,1788523200000,val,-1,-3.43,0.422,4.74,3.98,0.47,-4.0,1.44,1.05,1.05,0.97,1,0.58,neutral,neutral,0,-1.0,18,9575,1,
s32995,XPLUSDT,1788524100000,val,1,4.7,0.447,7.8,4.72,2.58,4.26,1.77,2.78,2.0,2.54,0,0.44,neutral,neutral,0,-1.0,1,9576,0,
s32996,PUMPUSDT,1788524100000,val,-1,-3.42,0.422,4.72,3.61,0.53,-3.85,1.05,1.05,1.05,0.97,1,0.44,neutral,neutral,0,-1.0,17,9576,0,
s32997,PUMPUSDT,1788525000000,val,-1,-4.6,0.494,6.6,5.63,1.77,-2.93,2.81,1.05,1.05,0.97,1,-1.68,neutral,neutral,0,-1.0,16,9577,1,
s32998,0GUSDT,1788525000000,val,-1,-2.36,0.36,5.7,3.55,3.47,-0.68,1.28,0.33,0.29,0.28,1,-1.68,neutral,neutral,0,-1.0,11,9577,1,
s32999,WLDUSDT,1788525000000,val,-1,-2.8,0.449,5.54,4.41,4.44,-1.12,2.75,1.37,1.14,1.4,0,-1.68,neutral,neutral,0,-0.114,32,9577,1,
s33000,OPUSDT,1788525000000,val,-1,-2.74,0.444,6.11,4.19,5,-1.06,2.66,1.29,1.11,1.32,0,-1.68,neutral,neutral,0,-0.436,32,9577,1,
s33001,SUIUSDT,1788525000000,val,-1,-2.79,0.422,6.08,4.39,4.47,-1.11,2.88,1.61,1.2,1.42,0,-1.68,neutral,neutral,0,-0.237,32,9577,1,
s33002,SEIUSDT,1788525000000,val,-1,-2.42,0.394,6.62,4.03,5,-0.75,2.43,1.64,1.33,1.33,1,-1.68,neutral,bajista,0,0.005,32,9577,2,
s33003,JUPUSDT,1788525000000,val,-1,-2.8,0.369,5.94,4.41,3.55,-1.12,2.57,1.39,1.03,1.1,0,-1.68,neutral,neutral,0,-0.074,32,9577,1,
s33004,ONDOUSDT,1788525000000,val,-1,-2.42,0.361,5.12,3.94,4.66,-0.74,2.51,2.13,1.54,1.57,0,-1.68,neutral,neutral,0,-0.186,32,9576,1,
s33005,SANDUSDT,1788525000000,testA,-1,-2.39,0.528,4.48,3.44,5,-0.71,2.12,1.14,1.09,1.12,0,-1.68,neutral,neutral,0,-0.424,32,9576,1,
s33006,AXSUSDT,1788525000000,testA,-1,-2.26,0.358,4.67,3.64,5,-0.59,2.68,1.73,1.32,1.38,0,-1.68,neutral,bajista,0,-0.407,32,9576,2,testA
s33007,PUMPUSDT,1788525900000,val,-1,-5.46,0.579,6.51,6.07,2.19,-3.38,2.99,1.05,1.05,0.97,1,-2.08,bear,bajista,0,-1.0,14,9578,2,val
s33008,WLDUSDT,1788525900000,val,-1,-4.09,0.716,5.57,4.88,5,-2.01,2.9,1.37,1.14,1.4,0,-2.08,bear,bajista,0,-0.201,32,9578,2,val
s33009,OPUSDT,1788525900000,val,-1,-3.36,0.597,6.12,4.25,5,-1.27,2.48,1.29,1.11,1.32,0,-2.08,bear,bajista,0,-0.349,32,9578,2,val
s33010,INJUSDT,1788525900000,val,-1,-2.38,0.462,4.43,3.03,4.99,-0.3,1.85,1.62,1.47,1.29,1,-2.08,bear,neutral,0,-0.434,32,9578,0,val
s33011,SUIUSDT,1788525900000,val,-1,-3.19,0.521,6.07,4.18,5,-1.11,2.46,1.61,1.2,1.42,0,-2.08,bear,neutral,0,-0.162,32,9578,0,val
s33012,TIAUSDT,1788525900000,val,-1,-3.51,0.54,6.12,4.46,5,-1.42,2.7,1.78,1.27,1.32,0,-2.08,bear,bajista,0,-0.147,32,9578,2,val
s33013,SEIUSDT,1788525900000,val,-1,-3.27,0.574,6.64,4.28,5,-1.19,2.49,1.64,1.33,1.33,1,-2.08,bear,bajista,0,0.03,32,9578,3,val
s33014,JUPUSDT,1788525900000,val,-1,-4.06,0.611,5.95,4.65,3.99,-1.98,2.5,1.39,1.03,1.1,0,-2.08,bear,bajista,0,-0.14,32,9578,2,val
s33015,PENDLEUSDT,1788525900000,val,-1,-2.7,0.414,4.21,3.86,5,-0.62,1.94,1.8,1.4,1.66,0,-2.08,bear,bajista,0,0.038,32,9578,2,val
s33016,ONDOUSDT,1788525900000,val,-1,-3.4,0.604,5.12,3.94,5,-1.31,2.34,2.13,1.54,1.57,0,-2.08,bear,neutral,0,-0.079,32,9577,0,val
s33017,FETUSDT,1788525900000,val,-1,-2.66,0.42,4.42,3.12,5,-0.57,1.89,1.36,1.05,1.11,0,-2.08,bear,neutral,0,-0.146,32,9577,0,val
s33018,STXUSDT,1788525900000,testA,-1,-3.23,0.463,5.2,4.51,3.92,-1.15,2.61,0.82,0.63,0.68,0,-2.08,bear,bajista,0,-0.092,32,9577,2,testA
s33019,GRTUSDT,1788525900000,testA,-1,-3.26,0.571,5.05,4.63,3.1,-1.17,2.64,2.18,1.68,1.58,1,-2.08,bear,bajista,0,-0.286,32,9577,5,testA
s33020,SANDUSDT,1788525900000,testA,-1,-2.74,0.643,4.48,3.49,5,-0.65,2.04,1.14,1.09,1.12,0,-2.08,bear,bajista,0,-0.418,32,9577,2,testA
s33021,AXSUSDT,1788525900000,testA,-1,-2.38,0.386,4.65,3.17,5,-0.29,2.05,1.73,1.32,1.38,0,-2.08,bear,neutral,0,-0.4,32,9577,0,testA
s33022,APEUSDT,1788525900000,testA,-1,-2.13,0.577,4.2,2.32,5,-0.04,1.4,1.38,1.05,1.12,0,-2.08,bear,bajista,0,-0.406,32,9577,2,testA
s33023,PUMPUSDT,1788526800000,val,-1,-4.83,0.504,6.48,5.63,2.68,-2.55,2.39,1.28,1.07,1.04,1,-2.28,bear,neutral,0,-1.0,13,9579,0,val
s33024,0GUSDT,1788526800000,val,-1,-2.74,0.382,5.2,3.79,5,-0.46,1.76,0.34,0.29,0.29,1,-2.28,bear,neutral,0,-1.0,8,9579,1,val
s33025,WLDUSDT,1788526800000,val,-1,-4.23,0.722,5.59,5.19,5,-1.95,2.9,1.47,1.2,1.41,0,-2.28,bear,bajista,0,-0.221,32,9579,3,val
s33026,OPUSDT,1788526800000,val,-1,-3.77,0.649,6.14,4.59,5,-1.49,2.54,1.39,1.08,1.32,0,-2.28,bear,bajista,0,-0.56,32,9579,3,val
s33027,INJUSDT,1788526800000,val,-1,-2.57,0.481,4.44,3.23,5,-0.28,1.87,1.63,1.51,1.29,1,-2.28,bear,neutral,0,-0.553,32,9579,1,val
s33028,SUIUSDT,1788526800000,val,-1,-3.54,0.56,6.08,4.47,5,-1.26,2.48,1.75,1.22,1.44,0,-2.28,bear,neutral,0,-0.215,32,9579,1,val
s33029,TIAUSDT,1788526800000,val,-1,-3.15,0.46,6.1,4.08,5,-0.87,2.11,1.97,1.35,1.27,1,-2.28,bear,neutral,0,-0.077,32,9579,0,val
s33030,SEIUSDT,1788526800000,val,-1,-3.89,0.709,6.65,4.52,5,-1.61,2.5,1.76,1.34,1.34,0,-2.28,bear,bajista,0,0.024,32,9579,4,val
s33031,JUPUSDT,1788526800000,val,-1,-4.65,0.642,6.0,5.53,5,-2.37,3.01,1.62,1.13,1.12,1,-2.28,bear,bajista,0,-0.288,32,9579,3,val
s33032,PENDLEUSDT,1788526800000,val,-1,-3.67,0.49,5.34,5.02,5,-1.38,2.76,2.11,1.57,1.75,0,-2.28,bear,bajista,0,-0.231,32,9579,3,val
s33033,ONDOUSDT,1788526800000,val,-1,-3.51,0.611,5.1,4.17,5,-1.23,2.4,2.41,1.65,1.62,1,-2.28,bear,neutral,0,-0.203,32,9578,1,val
s33034,FETUSDT,1788526800000,val,-1,-2.73,0.426,4.44,3.66,5,-0.45,2.18,1.47,1.1,1.12,0,-2.28,bear,neutral,0,-0.286,32,9578,1,val
s33035,ARUSDT,1788526800000,testA,-1,-5.15,0.471,7.73,7.22,3.72,-2.87,2.97,1.59,1.51,2.25,0,-2.28,bear,bajista,0,-0.385,32,9578,3,testA
s33036,STXUSDT,1788526800000,testA,-1,-3.6,0.49,5.22,4.99,3.78,-1.32,2.8,0.92,0.67,0.7,0,-2.28,bear,bajista,0,-0.168,32,9578,3,testA
s33037,GRTUSDT,1788526800000,testA,-1,-3.66,0.624,5.06,4.94,3.67,-1.38,2.67,2.36,1.79,1.61,1,-2.28,bear,bajista,0,-0.329,32,9578,6,testA
s33038,SANDUSDT,1788526800000,testA,-1,-2.86,0.661,4.49,3.6,5,-0.58,1.97,1.28,1.16,1.15,1,-2.28,bear,bajista,0,-0.413,32,9578,3,testA
s33039,MANAUSDT,1788526800000,testA,-1,-2.57,0.54,4.52,3.42,5,-0.29,1.96,1.41,1.05,1.17,0,-2.28,bear,neutral,0,0.379,32,9578,1,testA
s33040,AXSUSDT,1788526800000,testA,-1,-2.63,0.44,4.66,3.21,5,-0.35,1.89,1.9,1.37,1.41,0,-2.28,bear,neutral,0,-0.337,32,9578,1,testA
s33041,APEUSDT,1788526800000,testA,-1,-2.7,0.633,4.23,2.99,5,-0.41,1.87,1.62,1.12,1.14,0,-2.28,bear,bajista,0,-0.341,32,9578,3,testA
s33042,WLDUSDT,1788527700000,val,-1,-3.69,0.578,5.34,4.34,5,-1.57,2.08,1.47,1.2,1.41,0,-2.13,bear,neutral,0,-0.098,32,9580,0,val
s33043,OPUSDT,1788527700000,val,-1,-3.5,0.578,6.1,4.05,5,-1.38,1.88,1.39,1.08,1.32,0,-2.13,bear,neutral,0,-0.404,32,9580,0,val
s33044,INJUSDT,1788527700000,val,-1,-2.29,0.41,4.42,2.79,5,-0.17,1.3,1.63,1.51,1.29,1,-2.13,bear,neutral,0,-0.333,32,9580,0,val
s33045,SUIUSDT,1788527700000,val,-1,-2.86,0.442,5.59,3.56,5,-0.74,1.88,1.75,1.22,1.44,0,-2.13,bear,neutral,0,-0.153,32,9580,0,val
s33046,TIAUSDT,1788527700000,val,-1,-3.06,0.442,5.8,3.44,5,-0.93,1.6,1.97,1.35,1.27,1,-2.13,bear,neutral,0,-0.025,32,9580,0,val
s33047,SEIUSDT,1788527700000,val,-1,-3.66,0.685,6.22,4.05,5,-1.53,2.24,1.76,1.34,1.34,0,-2.13,bear,neutral,0,0.079,32,9580,0,val
s33048,JUPUSDT,1788527700000,val,-1,-4.24,0.556,5.74,4.76,5,-2.12,2.29,1.62,1.13,1.12,1,-2.13,bear,neutral,0,-0.235,32,9580,0,val
s33049,PENDLEUSDT,1788527700000,val,-1,-2.92,0.376,5.31,4.48,5,-0.79,2.05,2.11,1.57,1.75,0,-2.13,bear,neutral,0,-0.193,32,9580,0,val
s33050,ONDOUSDT,1788527700000,val,-1,-3.13,0.52,4.75,3.49,5,-1.01,1.88,2.41,1.65,1.62,1,-2.13,bear,neutral,0,-0.065,32,9579,0,val
s33051,ARUSDT,1788527700000,testA,-1,-4.8,0.427,7.68,6.46,3.87,-2.67,2.06,1.59,1.51,2.25,0,-2.13,bear,neutral,0,-0.305,32,9579,0,testA
s33052,STXUSDT,1788527700000,testA,-1,-3.52,0.475,5.21,4.75,3.98,-1.4,2.27,0.92,0.67,0.7,0,-2.13,bear,neutral,0,-0.016,32,9579,0,testA
s33053,GRTUSDT,1788527700000,testA,-1,-3.31,0.533,5.04,4.5,3.84,-1.18,2.03,2.36,1.79,1.61,1,-2.13,bear,neutral,0,-0.28,32,9579,0,testA
s33054,LDOUSDT,1788527700000,testA,-1,-2.81,0.439,5.54,3.51,3.49,-0.68,1.3,2.12,1.71,1.83,0,-2.13,bear,neutral,0,0.03,32,9579,0,testA
s33055,SANDUSDT,1788527700000,testA,-1,-2.33,0.5,3.92,2.6,5,-0.21,1.36,1.28,1.16,1.15,1,-2.13,bear,neutral,0,-0.31,32,9579,0,testA
s33056,MANAUSDT,1788527700000,testA,-1,-2.46,0.507,4.5,3.11,5,-0.33,1.48,1.41,1.05,1.17,0,-2.13,bear,neutral,0,0.528,32,9579,0,testA
s33057,APEUSDT,1788527700000,testA,-1,-2.34,0.524,4.07,2.55,5,-0.22,1.4,1.62,1.12,1.14,0,-2.13,bear,neutral,0,-0.286,32,9579,0,testA
s33058,WLDUSDT,1788528600000,val,-1,-3.49,0.529,4.99,3.77,1.45,-1.32,1.82,1.47,1.2,1.41,0,-2.17,bear,neutral,0,-0.091,32,9581,0,val
s33059,OPUSDT,1788528600000,val,-1,-3.14,0.49,5.97,3.45,1.01,-0.97,1.35,1.39,1.08,1.32,0,-2.17,bear,neutral,0,-0.388,32,9581,0,val
s33060,INJUSDT,1788528600000,val,-1,-2.29,0.41,4.41,2.51,0.87,-0.12,1.01,1.63,1.51,1.29,1,-2.17,bear,neutral,0,-0.353,32,9581,0,val
s33061,SUIUSDT,1788528600000,val,-1,-2.7,0.406,5.53,3.27,1.04,-0.53,1.58,1.75,1.22,1.44,0,-2.17,bear,neutral,0,-0.134,32,9581,0,val
s33062,TIAUSDT,1788528600000,val,-1,-2.86,0.403,5.77,3.0,1.64,-0.69,1.18,1.97,1.35,1.27,1,-2.17,bear,neutral,0,0.113,32,9581,0,val
s33063,SEIUSDT,1788528600000,val,-1,-3.49,0.634,6.08,3.7,1.03,-1.32,1.93,1.76,1.34,1.34,0,-2.17,bear,neutral,0,0.063,32,9581,0,val
s33064,JUPUSDT,1788528600000,val,-1,-3.53,0.436,5.43,3.85,1.09,-1.37,1.69,1.62,1.13,1.12,1,-2.17,bear,neutral,0,-0.229,32,9581,0,val
s33065,PENDLEUSDT,1788528600000,val,-1,-3.6,0.426,5.83,5.42,2.36,-1.43,2.84,2.11,1.57,1.75,0,-2.17,bear,neutral,0,-0.317,32,9581,1,val
s33066,ONDOUSDT,1788528600000,val,-1,-2.75,0.433,4.68,3.05,1.41,-0.58,1.51,2.41,1.65,1.62,1,-2.17,bear,neutral,0,-0.037,32,9580,0,val
s33067,ARUSDT,1788528600000,testA,-1,-5.6,0.545,7.5,6.05,0.95,-3.43,1.8,1.59,1.51,2.25,0,-2.17,bear,neutral,0,-0.331,32,9580,0,testA
s33068,STXUSDT,1788528600000,testA,-1,-3.54,0.483,5.18,4.24,1.28,-1.37,1.72,0.92,0.67,0.7,0,-2.17,bear,neutral,0,0.08,32,9580,0,testA
s33069,GRTUSDT,1788528600000,testA,-1,-3.07,0.477,5.02,4.06,1.03,-0.9,1.61,2.36,1.79,1.61,1,-2.17,bear,neutral,0,-0.221,32,9580,0,testA
s33070,LDOUSDT,1788528600000,testA,-1,-2.58,0.415,5.54,3.49,1.02,-0.42,1.25,2.12,1.71,1.83,0,-2.17,bear,neutral,0,0.007,32,9580,0,testA
s33071,APEUSDT,1788528600000,testA,-1,-2.06,0.433,4.06,2.25,1.2,0.11,1.11,1.62,1.12,1.14,0,-2.17,bear,neutral,0,-0.226,32,9580,0,testA
s33072,WLDUSDT,1788529500000,val,-1,-3.31,0.489,4.9,3.5,0.84,-1.24,1.46,1.47,1.2,1.41,0,-2.07,bear,neutral,0,0.135,32,9582,0,val
s33073,OPUSDT,1788529500000,val,-1,-2.63,0.425,5.65,2.99,0.68,-0.57,1.11,1.39,1.08,1.32,0,-2.07,bear,neutral,0,-0.107,32,9582,0,
s33074,INJUSDT,1788529500000,val,-1,-2.33,0.414,4.26,2.43,0.56,-0.26,0.97,1.63,1.51,1.29,1,-2.07,bear,neutral,0,-0.209,32,9582,1,
s33075,SUIUSDT,1788529500000,val,-1,-2.81,0.416,5.54,3.42,0.72,-0.74,1.57,1.75,1.22,1.44,0,-2.07,bear,neutral,0,0.035,32,9582,1,
s33076,TIAUSDT,1788529500000,val,-1,-2.54,0.374,5.64,3.0,0.76,-0.47,1.2,1.97,1.35,1.27,1,-2.07,bear,neutral,0,0.283,32,9582,1,
s33077,SEIUSDT,1788529500000,val,-1,-3.33,0.623,6.02,3.72,0.7,-1.27,1.88,1.76,1.34,1.34,0,-2.07,bear,neutral,0,0.177,32,9582,1,
s33078,JUPUSDT,1788529500000,val,-1,-3.05,0.386,4.96,3.24,1.19,-0.99,1.37,1.62,1.13,1.12,1,-2.07,bear,neutral,0,0.057,32,9582,0,
s33079,PENDLEUSDT,1788529500000,val,-1,-3.11,0.355,5.81,4.99,1.34,-1.04,2.19,2.11,1.57,1.75,0,-2.07,bear,neutral,0,-0.087,32,9582,0,
s33080,ONDOUSDT,1788529500000,val,-1,-2.48,0.394,4.67,2.94,0.89,-0.41,1.25,2.41,1.65,1.62,1,-2.07,bear,neutral,0,0.171,32,9581,0,
s33081,STXUSDT,1788529500000,testA,-1,-3.36,0.447,5.17,4.0,1.08,-1.29,1.35,0.92,0.67,0.7,0,-2.07,bear,neutral,0,0.226,32,9581,0,testA
s33082,GRTUSDT,1788529500000,testA,-1,-2.96,0.459,5.02,4.0,0.7,-0.89,1.42,2.36,1.79,1.61,1,-2.07,bear,neutral,0,-0.03,32,9581,0,testA
s33083,LDOUSDT,1788529500000,testA,-1,-2.48,0.392,5.53,3.3,0.86,-0.41,1.02,2.12,1.71,1.83,0,-2.07,bear,neutral,0,0.425,32,9581,0,testA
s33084,WLDUSDT,1788530400000,val,-1,-3.27,0.485,4.79,3.83,0.61,-1.37,1.73,1.64,1.32,1.42,0,-1.91,neutral,neutral,0,-0.034,32,9583,1,
s33085,OPUSDT,1788530400000,val,-1,-2.71,0.43,5.54,3.4,0.53,-0.8,1.52,1.47,1.13,1.29,0,-1.91,neutral,neutral,0,-0.225,32,9583,1,
s33086,INJUSDT,1788530400000,val,-1,-2.48,0.429,4.29,3.06,0.51,-0.58,1.45,1.68,1.57,1.24,1,-1.91,neutral,bajista,0,-0.312,32,9583,2,
s33087,SUIUSDT,1788530400000,val,-1,-2.6,0.396,5.54,3.51,0.6,-0.69,1.46,1.86,1.28,1.37,0,-1.91,neutral,bajista,0,-0.019,32,9583,2,
s33088,TIAUSDT,1788530400000,val,-1,-2.55,0.374,5.67,3.59,0.56,-0.65,1.63,2.14,1.5,1.28,1,-1.91,neutral,bajista,0,0.151,32,9583,2,
s33089,SEIUSDT,1788530400000,val,-1,-3.18,0.611,6.04,3.95,0.6,-1.27,1.87,1.76,1.42,1.33,1,-1.91,neutral,bajista,0,0.13,32,9583,2,
s33090,JUPUSDT,1788530400000,val,-1,-2.97,0.379,4.83,3.34,1.06,-1.06,1.46,1.6,1.17,1.09,1,-1.91,neutral,neutral,0,-0.056,32,9583,1,
s33091,PENDLEUSDT,1788530400000,val,-1,-3.36,0.397,5.81,4.96,0.9,-1.45,1.93,2.32,1.63,1.78,0,-1.91,neutral,neutral,0,-0.145,32,9583,0,
s33092,ONDOUSDT,1788530400000,val,-1,-2.33,0.378,4.68,3.17,0.74,-0.42,1.33,2.52,1.79,1.56,1,-1.91,neutral,neutral,0,0.044,32,9582,1,
s33093,STXUSDT,1788530400000,testA,-1,-3.66,0.467,5.2,4.63,0.93,-1.75,1.78,1.01,0.71,0.68,1,-1.91,neutral,neutral,0,0.016,32,9582,1,
s33094,GRTUSDT,1788530400000,testA,-1,-3.52,0.57,5.03,4.19,0.59,-1.61,1.46,2.48,1.84,1.58,1,-1.91,neutral,neutral,0,-0.057,32,9582,1,
s33095,LDOUSDT,1788530400000,testA,-1,-2.32,0.374,5.55,3.67,0.75,-0.41,1.42,2.38,1.69,1.83,0,-1.91,neutral,neutral,0,0.255,32,9582,1,
s33096,MANAUSDT,1788530400000,testA,-1,-2.67,0.465,4.51,3.31,1.13,-0.76,1.47,1.68,1.17,1.2,0,-1.91,neutral,bajista,0,0.498,32,9582,2,testA
s33097,WLDUSDT,1788531300000,val,-1,-3.59,0.507,4.81,4.39,0.76,-1.63,2.04,1.64,1.32,1.42,0,-1.96,neutral,bajista,0,-0.242,32,9584,2,
s33098,OPUSDT,1788531300000,val,-1,-3.1,0.488,5.55,3.66,0.56,-1.14,1.61,1.47,1.13,1.29,0,-1.96,neutral,bajista,0,-0.252,32,9584,2,
s33099,INJUSDT,1788531300000,val,-1,-2.8,0.458,4.3,3.39,0.59,-0.83,1.63,1.68,1.57,1.24,1,-1.96,neutral,bajista,0,-0.434,32,9584,3,
s33100,SUIUSDT,1788531300000,val,-1,-2.95,0.433,5.56,3.82,0.65,-0.99,1.6,1.86,1.28,1.37,0,-1.96,neutral,bajista,0,-0.087,32,9584,3,
s33101,TIAUSDT,1788531300000,val,-1,-2.86,0.414,5.68,3.8,0.65,-0.9,1.68,2.14,1.5,1.28,1,-1.96,neutral,bajista,0,0.098,32,9584,3,
s33102,SEIUSDT,1788531300000,val,-1,-3.28,0.628,6.04,4.01,0.62,-1.32,1.75,1.76,1.42,1.33,1,-1.96,neutral,bajista,0,0.112,32,9584,3,
s33103,JUPUSDT,1788531300000,val,-1,-2.76,0.361,4.83,3.39,0.99,-0.79,1.35,1.6,1.17,1.09,1,-1.96,neutral,bajista,0,-0.137,32,9584,2,
s33104,PENDLEUSDT,1788531300000,val,-1,-3.51,0.408,5.83,5.27,0.84,-1.55,1.99,2.32,1.63,1.78,0,-1.96,neutral,neutral,0,-0.198,32,9584,1,
s33105,ONDOUSDT,1788531300000,val,-1,-2.57,0.402,4.69,3.43,0.66,-0.61,1.43,2.52,1.79,1.56,1,-1.96,neutral,bajista,0,-0.033,32,9583,2,
s33106,STXUSDT,1788531300000,testA,-1,-4.73,0.619,5.42,5.15,0.78,-2.77,2.12,1.01,0.71,0.68,1,-1.96,neutral,bajista,0,-0.119,32,9583,2,testA
s33107,GRTUSDT,1788531300000,testA,-1,-3.59,0.574,5.04,4.44,0.55,-1.62,1.56,2.48,1.84,1.58,1,-1.96,neutral,bajista,0,-0.122,32,9583,2,testA
s33108,LDOUSDT,1788531300000,testA,-1,-3.0,0.45,5.58,4.3,0.94,-1.04,1.79,2.38,1.69,1.83,0,-1.96,neutral,bajista,0,-0.024,32,9583,2,testA
s33109,MANAUSDT,1788531300000,testA,-1,-2.79,0.477,4.52,3.42,1.02,-0.82,1.42,1.68,1.17,1.2,0,-1.96,neutral,bajista,0,0.458,32,9583,3,testA
s33110,AXSUSDT,1788531300000,testA,-1,-2.31,0.366,4.63,2.75,0.38,-0.34,1.02,2.0,1.46,1.39,1,-1.96,neutral,bajista,0,-0.245,32,9583,2,testA
s33111,WLDUSDT,1788532200000,val,-1,-4.44,0.56,5.77,5.34,0.86,-1.92,2.66,1.64,1.32,1.42,0,-2.52,bear,bajista,0,-0.347,32,9585,3,val
s33112,OPUSDT,1788532200000,val,-1,-3.68,0.53,5.59,4.33,0.54,-1.16,1.98,1.47,1.13,1.29,0,-2.52,bear,bajista,0,-0.347,32,9585,3,val
s33113,INJUSDT,1788532200000,val,-1,-3.48,0.512,4.68,4.16,0.66,-0.96,2.14,1.68,1.57,1.24,1,-2.52,bear,bajista,0,-0.479,32,9585,4,val
s33114,SUIUSDT,1788532200000,val,-1,-3.98,0.531,5.61,4.76,0.62,-1.46,2.25,1.86,1.28,1.37,0,-2.52,bear,bajista,0,-0.274,32,9585,4,val
s33115,TIAUSDT,1788532200000,val,-1,-3.8,0.502,5.73,4.66,0.68,-1.28,2.2,2.14,1.5,1.28,1,-2.52,bear,bajista,0,-0.086,32,9585,4,val
s33116,SEIUSDT,1788532200000,val,-1,-3.73,0.678,6.06,4.41,0.53,-1.22,1.9,1.76,1.42,1.33,1,-2.52,bear,bajista,0,0.034,32,9585,4,val
s33117,JUPUSDT,1788532200000,val,-1,-3.03,0.383,4.85,3.78,0.79,-0.51,1.51,1.6,1.17,1.09,1,-2.52,bear,bajista,0,-0.148,32,9585,3,val
s33118,PENDLEUSDT,1788532200000,val,-1,-4.95,0.492,7.19,6.86,0.66,-2.43,3.12,2.32,1.63,1.78,0,-2.52,bear,bajista,0,-0.341,32,9585,2,val
s33119,ONDOUSDT,1788532200000,val,-1,-3.42,0.494,4.73,4.16,0.55,-0.9,1.9,2.52,1.79,1.56,1,-2.52,bear,bajista,0,-0.15,32,9584,3,val
s33120,STXUSDT,1788532200000,testA,-1,-4.82,0.623,5.76,5.41,0.94,-2.3,2.41,1.01,0.71,0.68,1,-2.52,bear,bajista,0,-0.142,32,9584,3,testA
s33121,GRTUSDT,1788532200000,testA,-1,-4.34,0.62,4.78,4.6,0.54,-1.83,2.21,2.48,1.84,1.58,1,-2.52,bear,bajista,0,-0.25,32,9584,3,testA
s33122,LDOUSDT,1788532200000,testA,-1,-4.36,0.581,5.78,5.52,1.04,-1.84,2.67,2.38,1.69,1.83,0,-2.52,bear,bajista,0,-0.188,32,9584,3,testA
s33123,SANDUSDT,1788532200000,testA,-1,-2.14,0.416,3.87,2.6,0.41,0.38,1.01,1.3,1.17,1.12,1,-2.52,bear,bajista,0,-0.27,32,9584,3,testA
s33124,MANAUSDT,1788532200000,testA,-1,-3.64,0.612,4.54,3.95,0.9,-1.12,1.74,1.68,1.17,1.2,0,-2.52,bear,bajista,0,0.275,32,9584,4,testA
s33125,AXSUSDT,1788532200000,testA,-1,-3.19,0.456,4.67,3.59,0.5,-0.67,1.64,2.0,1.46,1.39,1,-2.52,bear,bajista,0,-0.364,32,9584,3,testA
s33126,APEUSDT,1788532200000,testA,-1,-2.29,0.421,3.95,2.92,0.29,0.23,1.42,1.69,1.15,1.12,1,-2.52,bear,bajista,0,-0.275,32,9584,3,testA
s33127,WLDUSDT,1788533100000,val,-1,-4.69,0.574,6.32,5.65,0.92,-1.89,2.61,1.64,1.32,1.42,0,-2.8,bear,bajista,0,-0.357,32,9586,4,val
s33128,OPUSDT,1788533100000,val,-1,-4.12,0.588,5.61,4.62,0.63,-1.32,1.99,1.47,1.13,1.29,0,-2.8,bear,bajista,0,-0.314,32,9586,4,val
s33129,INJUSDT,1788533100000,val,-1,-3.47,0.512,4.51,3.68,0.67,-0.66,1.59,1.68,1.57,1.24,1,-2.8,bear,neutral,0,-0.413,32,9586,0,
s33130,SUIUSDT,1788533100000,val,-1,-4.24,0.582,5.61,4.8,0.65,-1.43,2.03,1.86,1.28,1.37,0,-2.8,bear,bajista,0,-0.227,32,9586,5,val
s33131,TIAUSDT,1788533100000,val,-1,-3.88,0.507,5.74,4.79,0.78,-1.07,2.02,2.14,1.5,1.28,1,-2.8,bear,bajista,0,-0.048,32,9586,5,val
s33132,SEIUSDT,1788533100000,val,-1,-3.85,0.716,6.06,4.41,0.7,-1.05,1.67,1.76,1.42,1.33,1,-2.8,bear,neutral,0,0.058,32,9586,0,
s33133,JUPUSDT,1788533100000,val,-1,-3.17,0.393,4.86,4.02,0.51,-0.36,1.53,1.6,1.17,1.09,1,-2.8,bear,bajista,0,-0.221,32,9586,4,val
s33134,PENDLEUSDT,1788533100000,val,-1,-5.58,0.539,7.46,7.4,0.73,-2.77,3.31,2.32,1.63,1.78,0,-2.8,bear,bajista,0,-0.377,32,9586,3,val
s33135,ONDOUSDT,1788533100000,val,-1,-4.52,0.615,5.62,5.02,0.76,-1.72,2.4,2.52,1.79,1.56,1,-2.8,bear,bajista,0,-0.256,32,9585,4,val
s33136,FETUSDT,1788533100000,val,-1,-3.0,0.382,4.99,4.2,0.77,-0.19,1.72,1.6,1.17,1.11,1,-2.8,bear,bajista,0,-0.188,32,9585,4,val
s33137,STXUSDT,1788533100000,testA,-1,-5.14,0.662,6.04,5.46,0.76,-2.34,2.31,1.01,0.71,0.68,1,-2.8,bear,bajista,0,-0.176,32,9585,4,testA
s33138,GRTUSDT,1788533100000,testA,-1,-3.73,0.561,5.14,4.47,0.62,-0.92,1.95,2.48,1.84,1.58,1,-2.8,bear,neutral,0,-0.216,32,9585,0,testA
s33139,LDOUSDT,1788533100000,testA,-1,-5.58,0.725,6.33,6.12,1.12,-2.77,3.03,2.38,1.69,1.83,0,-2.8,bear,bajista,0,-0.266,32,9585,4,testA
s33140,SANDUSDT,1788533100000,testA,-1,-2.14,0.416,3.87,2.57,0.41,0.67,0.86,1.3,1.17,1.12,1,-2.8,bear,neutral,0,-0.283,32,9585,0,testA
s33141,MANAUSDT,1788533100000,testA,-1,-4.03,0.636,4.99,4.64,1.07,-1.23,2.17,1.68,1.17,1.2,0,-2.8,bear,bajista,0,0.059,32,9585,5,testA
s33142,AXSUSDT,1788533100000,testA,-1,-2.93,0.405,4.66,3.26,0.64,-0.12,1.19,2.0,1.46,1.39,1,-2.8,bear,neutral,0,-0.336,32,9585,0,testA
s33143,APEUSDT,1788533100000,testA,-1,-2.07,0.367,3.93,2.55,0.51,0.74,0.94,1.69,1.15,1.12,1,-2.8,bear,neutral,0,-0.229,32,9585,0,testA
s33144,WLDUSDT,1788534000000,val,-1,-4.1,0.471,6.29,5.03,0.93,-1.65,1.81,1.63,1.36,1.35,1,-2.45,bear,neutral,0,-0.33,32,9587,0,
s33145,OPUSDT,1788534000000,val,-1,-3.14,0.411,5.56,3.75,0.66,-0.69,1.08,1.45,1.12,1.17,0,-2.45,bear,neutral,0,-0.202,32,9587,0,
s33146,INJUSDT,1788534000000,val,-1,-2.76,0.404,4.5,3.28,0.66,-0.3,1.1,1.64,1.55,1.17,1,-2.45,bear,neutral,0,-0.37,32,9587,0,
s33147,SUIUSDT,1788534000000,val,-1,-3.45,0.468,5.58,4.33,0.66,-1.0,1.44,1.76,1.32,1.27,1,-2.45,bear,neutral,0,-0.17,32,9587,0,
s33148,TIAUSDT,1788534000000,val,-1,-3.13,0.383,5.7,4.1,0.68,-0.68,1.26,2.09,1.54,1.21,1,-2.45,bear,neutral,0,0.098,32,9587,0,
s33149,SEIUSDT,1788534000000,val,-1,-3.63,0.657,6.05,4.21,0.65,-1.17,1.35,1.73,1.47,1.23,1,-2.45,bear,neutral,0,0.071,32,9587,0,
s33150,PENDLEUSDT,1788534000000,val,-1,-4.35,0.389,7.95,6.24,0.8,-1.9,2.03,2.43,1.72,1.74,0,-2.45,bear,neutral,0,-0.273,32,9587,0,
s33151,ONDOUSDT,1788534000000,val,-1,-3.74,0.484,5.59,4.4,0.74,-1.29,1.65,2.45,1.8,1.43,1,-2.45,bear,neutral,0,-0.174,32,9586,0,
s33152,STXUSDT,1788534000000,testA,-1,-4.12,0.473,5.9,4.3,0.79,-1.67,1.26,1.03,0.74,0.65,1,-2.45,bear,neutral,0,-0.035,32,9586,0,testA
s33153,GRTUSDT,1788534000000,testA,-1,-3.07,0.424,5.03,3.35,0.59,-0.62,0.83,2.49,1.74,1.52,1,-2.45,bear,neutral,0,-0.071,32,9586,0,testA
s33154,LDOUSDT,1788534000000,testA,-1,-4.58,0.56,6.18,4.99,1.23,-2.13,2.08,2.14,1.7,1.75,0,-2.45,bear,neutral,0,-0.298,32,9586,0,testA
s33155,MANAUSDT,1788534000000,testA,-1,-3.68,0.552,4.82,3.97,0.74,-1.23,1.54,1.68,1.18,1.16,1,-2.45,bear,neutral,0,0.144,32,9586,0,testA
s33156,0GUSDT,1788534900000,val,1,4.25,0.392,7.79,7.23,1.19,6.61,3.86,0.44,0.35,0.31,1,-2.37,bear,alcista,0,-0.035,32,9588,3,val
s33157,WLDUSDT,1788534900000,val,-1,-4.14,0.479,6.26,4.67,0.78,-1.77,1.33,1.63,1.36,1.35,1,-2.37,bear,neutral,0,-0.406,32,9588,0,
s33158,OPUSDT,1788534900000,val,-1,-3.29,0.442,5.55,3.58,0.58,-0.93,0.82,1.45,1.12,1.17,0,-2.37,bear,neutral,0,-0.251,32,9588,0,
s33159,INJUSDT,1788534900000,val,-1,-2.73,0.4,4.49,3.13,0.57,-0.37,0.86,1.64,1.55,1.17,1,-2.37,bear,neutral,0,-0.497,32,9588,0,
s33160,SUIUSDT,1788534900000,val,-1,-3.58,0.496,5.57,4.13,0.61,-1.22,1.16,1.76,1.32,1.27,1,-2.37,bear,neutral,0,-0.214,32,9588,0,
s33161,TIAUSDT,1788534900000,val,-1,-3.27,0.407,5.7,4.04,0.58,-0.9,1.11,2.09,1.54,1.21,1,-2.37,bear,neutral,0,0.028,32,9588,0,
s33162,SEIUSDT,1788534900000,val,-1,-3.7,0.682,6.04,4.08,0.59,-1.34,1.12,1.73,1.47,1.23,1,-2.37,bear,neutral,0,0.031,32,9588,0,
s33163,PENDLEUSDT,1788534900000,val,-1,-4.63,0.426,7.93,6.03,0.8,-2.26,1.66,2.43,1.72,1.74,0,-2.37,bear,neutral,0,-0.326,32,9588,0,
s33164,ONDOUSDT,1788534900000,val,-1,-3.81,0.5,5.57,4.04,0.75,-1.44,1.21,2.45,1.8,1.43,1,-2.37,bear,neutral,0,-0.21,32,9587,0,
s33165,GRTUSDT,1788534900000,testA,-1,-2.73,0.364,5.01,3.04,0.58,-0.36,0.47,2.49,1.74,1.52,1,-2.37,bear,neutral,0,-0.176,32,9587,0,testA
s33166,LDOUSDT,1788534900000,testA,-1,-4.64,0.563,6.19,5.18,0.96,-2.27,2.08,2.14,1.7,1.75,0,-2.37,bear,neutral,0,-0.544,32,9587,1,testA
s33167,MANAUSDT,1788534900000,testA,-1,-3.47,0.505,4.71,3.6,0.7,-1.11,1.2,1.68,1.18,1.16,1,-2.37,bear,neutral,0,0.174,32,9587,0,testA
s33168,WLDUSDT,1788535800000,val,-1,-4.14,0.479,6.02,4.34,0.53,-2.01,1.13,1.63,1.36,1.35,1,-2.13,bear,neutral,0,-0.399,32,9589,0,
s33169,OPUSDT,1788535800000,val,-1,-3.08,0.403,5.35,3.18,0.51,-0.96,0.58,1.45,1.12,1.17,0,-2.13,bear,neutral,0,-0.351,32,9589,0,
s33170,SUIUSDT,1788535800000,val,-1,-3.49,0.478,5.56,3.91,0.5,-1.36,0.89,1.76,1.32,1.27,1,-2.13,bear,neutral,0,-0.157,32,9589,0,
s33171,TIAUSDT,1788535800000,val,-1,-3.64,0.478,5.55,3.83,0.4,-1.51,0.95,2.09,1.54,1.21,1,-2.13,bear,neutral,0,-0.03,32,9589,0,
s33172,SEIUSDT,1788535800000,val,-1,-3.15,0.56,6.02,3.68,0.62,-1.02,0.68,1.73,1.47,1.23,1,-2.13,bear,neutral,0,0.133,32,9589,0,
s33173,ONDOUSDT,1788535800000,val,-1,-3.73,0.491,5.46,3.9,0.69,-1.6,1.12,2.45,1.8,1.43,1,-2.13,bear,neutral,0,-0.21,32,9588,0,
s33174,FETUSDT,1788535800000,val,-1,-2.91,0.365,4.95,3.32,0.54,-0.78,0.63,1.52,1.16,1.02,1,-2.13,bear,neutral,0,-0.235,32,9588,1,
s33175,STXUSDT,1788535800000,testA,-1,-3.41,0.368,5.42,3.49,0.52,-1.28,0.75,1.03,0.74,0.65,1,-2.13,bear,neutral,0,-0.033,32,9588,1,testA
s33176,GRTUSDT,1788535800000,testA,-1,-2.9,0.391,4.9,2.99,0.46,-0.77,0.4,2.49,1.74,1.52,1,-2.13,bear,neutral,0,-0.18,32,9588,1,testA
s33177,LDOUSDT,1788535800000,testA,-1,-4.63,0.563,6.04,4.83,0.76,-2.5,1.77,2.14,1.7,1.75,0,-2.13,bear,neutral,0,-0.473,32,9588,0,testA
s33178,MANAUSDT,1788535800000,testA,-1,-3.18,0.462,4.57,3.31,0.61,-1.05,0.92,1.68,1.18,1.16,1,-2.13,bear,neutral,0,0.176,32,9588,0,testA
s33179,WLDUSDT,1788536700000,val,-1,-3.82,0.458,6.0,4.43,0.4,-1.6,1.11,1.63,1.36,1.35,1,-2.22,bear,neutral,0,-0.5,32,9590,1,
s33180,OPUSDT,1788536700000,val,-1,-2.78,0.377,5.05,3.13,0.34,-0.56,0.73,1.45,1.12,1.17,0,-2.22,bear,neutral,0,-0.52,32,9590,1,
s33181,SUIUSDT,1788536700000,val,-1,-3.53,0.481,5.57,4.03,0.36,-1.31,0.87,1.76,1.32,1.27,1,-2.22,bear,neutral,0,-0.209,32,9590,1,
s33182,TIAUSDT,1788536700000,val,-1,-3.43,0.463,5.21,3.64,0.27,-1.21,0.97,2.09,1.54,1.21,1,-2.22,bear,neutral,0,-0.071,32,9590,1,
s33183,SEIUSDT,1788536700000,val,-1,-3.22,0.565,6.03,3.84,0.37,-1.0,0.75,1.73,1.47,1.23,1,-2.22,bear,neutral,0,0.044,32,9590,1,
s33184,ONDOUSDT,1788536700000,val,-1,-3.65,0.486,5.46,3.99,0.27,-1.43,1.06,2.45,1.8,1.43,1,-2.22,bear,neutral,0,-0.284,32,9589,1,
s33185,LDOUSDT,1788536700000,testA,-1,-4.12,0.526,5.83,4.56,0.42,-1.89,1.52,2.14,1.7,1.75,0,-2.22,bear,neutral,0,-0.488,32,9589,0,testA
s33186,MANAUSDT,1788536700000,testA,-1,-2.92,0.434,4.4,3.09,0.28,-0.7,0.8,1.68,1.18,1.16,1,-2.22,bear,neutral,0,0.132,32,9589,0,testA
s33187,WLDUSDT,1788537600000,val,-1,-3.82,0.458,5.99,4.29,0.33,-1.59,0.94,1.64,1.36,1.25,1,-2.23,bear,neutral,0,-0.422,32,9591,0,
s33188,SUIUSDT,1788537600000,val,-1,-3.61,0.499,5.56,3.92,0.31,-1.39,0.73,1.78,1.33,1.2,1,-2.23,bear,neutral,0,-0.221,32,9591,0,
s33189,TIAUSDT,1788537600000,val,-1,-3.16,0.432,5.15,3.49,0.27,-0.93,0.83,2.09,1.57,1.17,1,-2.23,bear,neutral,0,-0.09,32,9591,0,
s33190,SEIUSDT,1788537600000,val,-1,-3.78,0.672,5.85,3.93,0.36,-1.56,0.95,1.76,1.47,1.17,1,-2.23,bear,bajista,0,-0.043,32,9591,2,val
s33191,ONDOUSDT,1788537600000,val,-1,-3.39,0.456,5.31,3.76,0.22,-1.16,0.94,2.5,1.83,1.39,1,-2.23,bear,neutral,0,-0.376,32,9590,0,
s33192,LDOUSDT,1788537600000,testA,-1,-4.13,0.531,5.8,4.39,0.31,-1.91,1.24,2.04,1.7,1.7,1,-2.23,bear,neutral,0,-0.645,32,9590,0,testA
s33193,MANAUSDT,1788537600000,testA,-1,-2.92,0.432,4.16,3.12,0.2,-0.69,0.99,1.63,1.17,1.11,1,-2.23,bear,neutral,0,0.109,32,9590,1,testA
s33194,WLDUSDT,1788538500000,val,-1,-3.61,0.423,5.81,3.71,0.26,-1.4,0.51,1.64,1.36,1.25,1,-2.2,bear,neutral,0,-0.629,32,9592,0,
s33195,SUIUSDT,1788538500000,val,-1,-3.2,0.418,5.42,3.29,0.31,-1.0,0.24,1.78,1.33,1.2,1,-2.2,bear,neutral,0,-0.149,32,9592,0,
s33196,TIAUSDT,1788538500000,val,-1,-2.74,0.355,5.01,2.79,0.24,-0.54,0.3,2.09,1.57,1.17,1,-2.2,bear,neutral,0,-0.122,32,9592,0,
s33197,SEIUSDT,1788538500000,val,-1,-3.16,0.556,5.49,3.24,0.34,-0.95,0.53,1.76,1.47,1.17,1,-2.2,bear,neutral,0,-0.007,32,9592,0,
s33198,ONDOUSDT,1788538500000,val,-1,-3.49,0.478,5.25,3.59,0.23,-1.28,0.74,2.5,1.83,1.39,1,-2.2,bear,neutral,0,-0.465,32,9591,0,
s33199,LDOUSDT,1788538500000,testA,-1,-3.73,0.47,5.54,3.85,0.27,-1.53,0.89,2.04,1.7,1.7,1,-2.2,bear,neutral,0,-0.671,32,9591,0,testA
s33200,MANAUSDT,1788538500000,testA,-1,-2.87,0.424,4.11,2.93,0.19,-0.67,0.74,1.63,1.17,1.11,1,-2.2,bear,neutral,0,0.181,32,9591,0,testA
s33201,ASTERUSDT,1788539400000,val,1,2.27,0.374,3.61,3.36,0.3,2.08,0.89,3.22,2.56,2.06,1,0.19,neutral,alcista,0,-0.076,32,9593,3,
s33202,PUMPUSDT,1788539400000,val,1,6.09,0.457,7.02,6.56,0.54,5.89,2.81,1.38,1.16,1.0,1,0.19,neutral,alcista,0,-0.488,32,9593,3,
s33203,STBLUSDT,1788539400000,val,1,3.0,0.556,3.46,3.31,0.3,2.81,1.25,1.35,1.22,0.86,1,0.19,neutral,alcista,0,-0.2,32,9593,2,
s33204,ARUSDT,1788539400000,testA,1,4.72,0.465,6.35,5.75,0.36,4.53,1.42,2.02,1.56,2.06,0,0.19,neutral,neutral,0,0.216,32,9592,0,
s33205,ASTERUSDT,1788540300000,val,1,2.72,0.459,3.76,3.25,0.7,2.36,0.86,3.22,2.56,2.06,1,0.36,neutral,alcista,0,-0.017,32,9594,4,
s33206,PUMPUSDT,1788540300000,val,1,5.95,0.439,7.34,5.87,0.89,5.59,2.0,1.38,1.16,1.0,1,0.36,neutral,neutral,0,-0.498,32,9594,0,
s33207,STBLUSDT,1788540300000,val,1,3.12,0.565,4.11,3.26,0.95,2.76,1.35,1.35,1.22,0.86,1,0.36,neutral,alcista,0,-0.095,32,9594,3,
s33208,ARUSDT,1788540300000,testA,1,4.71,0.459,6.13,4.84,0.43,4.35,0.54,2.02,1.56,2.06,0,0.36,neutral,neutral,0,0.594,32,9593,0,
s33209,XPLUSDT,1788541200000,val,1,4.4,0.437,4.76,4.22,0.64,3.92,0.19,2.82,2.27,1.78,1,0.48,neutral,neutral,0,-0.223,32,9595,0,
s33210,STBLUSDT,1788541200000,val,1,2.85,0.49,4.09,2.77,1.47,2.37,0.8,1.48,1.27,0.84,1,0.48,neutral,neutral,0,-0.07,32,9595,0,
s33211,ARUSDT,1788541200000,testA,1,4.32,0.405,5.93,4.14,0.37,3.84,0.04,2.0,1.49,2.01,0,0.48,neutral,neutral,1,2.0,31,9594,0,
s33212,APEUSDT,1788541200000,testA,1,2.41,0.44,2.99,2.85,0.95,1.93,0.78,2.83,1.69,1.21,1,0.48,neutral,neutral,0,-0.225,32,9594,1,
s33213,STBLUSDT,1788542100000,val,1,2.15,0.422,3.9,2.57,1.71,1.9,1.09,1.48,1.27,0.84,1,0.25,neutral,neutral,0,-0.015,32,9596,0,
s33214,LDOUSDT,1788542100000,testA,-1,-2.08,0.367,4.14,3.13,0.39,-2.33,0.83,1.98,1.66,1.64,1,0.25,neutral,bajista,0,-1.0,27,9595,2,testA
s33215,LDOUSDT,1788543000000,testA,-1,-2.24,0.387,4.15,3.27,0.35,-2.33,0.83,1.98,1.66,1.64,1,0.09,neutral,bajista,0,-1.0,26,9596,3,testA
s33216,LDOUSDT,1788543900000,testA,-1,-2.49,0.44,3.59,2.8,0.34,-2.6,0.85,1.98,1.66,1.64,1,0.11,neutral,bajista,0,-1.0,15,9597,4,testA
s33217,MANAUSDT,1788543900000,testA,-1,-2.04,0.478,2.37,2.18,0.48,-2.15,0.82,1.65,1.17,1.09,1,0.11,neutral,bajista,0,-0.352,32,9597,5,testA
s33218,LDOUSDT,1788544800000,testA,-1,-2.01,0.368,3.27,2.34,0.36,-2.13,0.69,1.27,1.65,1.59,0,0.12,neutral,neutral,0,-1.0,7,9598,0,
s33219,INJUSDT,1788546600000,val,1,2.12,0.566,2.69,2.56,0.81,1.36,0.59,0.95,1.28,1.13,0,0.76,neutral,neutral,0,0.0,32,9601,1,
s33220,PENDLEUSDT,1788546600000,val,1,2.72,0.403,4.98,3.75,0.2,1.96,0.44,1.74,1.78,1.62,0,0.76,neutral,alcista,0,0.121,32,9601,2,
s33221,APEUSDT,1788546600000,testA,1,2.27,0.477,3.0,2.5,0.26,1.51,0.4,1.95,1.67,1.2,1,0.76,neutral,neutral,0,0.057,32,9600,0,
s33222,JUPUSDT,1788547500000,val,1,2.2,0.465,2.7,2.51,1.16,1.31,1.02,1.0,1.19,0.97,0,0.89,neutral,alcista,0,-1.0,29,9602,4,
s33223,PENDLEUSDT,1788547500000,val,1,3.01,0.462,4.99,3.53,0.2,2.12,0.19,1.74,1.78,1.62,0,0.89,neutral,neutral,0,0.125,32,9602,0,
s33224,ARUSDT,1788547500000,testA,-1,-2.63,0.376,3.32,3.32,0.34,-3.52,1.19,1.45,1.45,1.97,0,0.89,neutral,bajista,0,-1.0,23,9601,4,testA
s33225,PENDLEUSDT,1788548400000,val,1,2.67,0.435,3.57,2.88,0.49,2.03,0.9,1.4,1.78,1.61,0,0.63,neutral,neutral,0,-0.241,32,9603,1,
s33226,OPUSDT,1788549300000,val,1,2.97,0.501,3.15,3.1,1.02,2.48,2.44,0.75,1.08,1.02,0,0.49,neutral,alcista,0,0.295,32,9604,2,
s33227,PENDLEUSDT,1788549300000,val,1,2.81,0.448,3.22,2.87,0.56,2.32,1.32,1.4,1.78,1.61,0,0.49,neutral,alcista,0,-0.329,32,9604,2,
s33228,ARBUSDT,1788550200000,val,-1,-2.24,0.385,4.04,3.32,0.7,-2.44,0.46,0.7,1.3,1.61,0,0.2,neutral,neutral,0,-0.08,32,9605,1,
s33229,ARBUSDT,1788551100000,val,-1,-2.11,0.371,4.05,3.47,0.77,-2.58,0.75,0.7,1.3,1.61,0,0.47,neutral,bajista,0,0.048,32,9606,2,
s33230,0GUSDT,1788552000000,val,-1,-4.64,0.492,7.43,7.12,0.29,-5.1,1.79,0.62,0.48,0.37,1,0.46,neutral,bajista,0,0.245,32,9607,4,
s33231,ARBUSDT,1788552000000,val,-1,-2.88,0.455,4.33,4.22,0.75,-3.34,1.29,0.54,1.27,1.5,0,0.46,neutral,bajista,0,-0.083,32,9607,3,
s33232,ARUSDT,1788552000000,testA,-1,-2.07,0.505,3.58,2.96,0.58,-2.53,0.59,0.65,1.38,1.69,0,0.46,neutral,neutral,0,-1.0,18,9606,0,
s33233,0GUSDT,1788552900000,val,-1,-4.0,0.453,5.97,5.81,0.35,-4.27,2.09,0.62,0.48,0.37,1,0.27,neutral,bajista,0,0.221,32,9608,5,
s33234,ARBUSDT,1788552900000,val,-1,-3.0,0.485,3.68,3.29,0.76,-3.26,1.05,0.54,1.27,1.5,0,0.27,neutral,neutral,0,-0.095,32,9608,0,
s33235,ARUSDT,1788552900000,testA,-1,-3.04,0.659,3.25,3.22,0.6,-3.31,1.16,0.65,1.38,1.69,0,0.27,neutral,neutral,0,-1.0,17,9607,1,
s33236,0GUSDT,1788553800000,val,-1,-4.36,0.52,6.45,5.33,0.54,-4.2,1.51,0.62,0.48,0.37,1,-0.16,neutral,neutral,0,0.317,32,9609,0,
s33237,ARBUSDT,1788553800000,val,-1,-2.8,0.467,3.68,3.46,0.76,-2.64,1.07,0.54,1.27,1.5,0,-0.16,neutral,neutral,0,-0.0,32,9609,1,
s33238,ARUSDT,1788553800000,testA,-1,-3.27,0.674,3.42,3.38,0.67,-3.11,1.13,0.65,1.38,1.69,0,-0.16,neutral,bajista,0,-1.0,15,9608,2,testA
s33239,0GUSDT,1788554700000,val,-1,-3.96,0.494,5.72,5.31,0.5,-3.9,2.39,0.62,0.48,0.37,1,-0.07,neutral,neutral,0,0.175,32,9610,1,
s33240,ARUSDT,1788554700000,testA,-1,-2.16,0.463,3.17,2.47,0.9,-2.09,0.82,0.65,1.38,1.69,0,-0.07,neutral,neutral,0,-1.0,14,9609,0,
s33241,0GUSDT,1788555600000,val,-1,-4.7,0.543,5.87,5.82,0.48,-4.89,2.67,0.5,0.47,0.37,1,0.19,neutral,bajista,0,-0.054,32,9611,2,
s33242,0GUSDT,1788556500000,val,-1,-4.93,0.588,5.44,5.18,0.53,-5.25,2.35,0.5,0.47,0.37,1,0.32,neutral,neutral,0,-0.05,32,9612,0,
s33243,LDOUSDT,1788556500000,testA,1,2.02,0.494,2.84,2.32,0.8,1.69,0.79,0.62,1.4,1.49,0,0.32,neutral,alcista,0,0.315,32,9611,2,testA
s33244,0GUSDT,1788557400000,val,-1,-4.33,0.554,5.25,5.15,0.39,-4.7,2.25,0.5,0.47,0.37,1,0.37,neutral,neutral,0,-0.131,32,9613,1,
s33245,LDOUSDT,1788557400000,testA,1,2.26,0.556,2.86,2.42,0.77,1.89,0.81,0.62,1.4,1.49,0,0.37,neutral,alcista,0,0.194,32,9612,3,testA
s33246,0GUSDT,1788558300000,val,-1,-2.82,0.418,5.92,4.93,0.61,-3.02,1.86,0.5,0.47,0.37,1,0.19,neutral,neutral,0,-0.053,32,9614,0,
s33247,0GUSDT,1788559200000,val,-1,-3.27,0.504,5.92,5.04,0.74,-3.47,1.84,0.3,0.48,0.37,0,0.21,neutral,neutral,0,-0.072,32,9615,1,
s33248,0GUSDT,1788560100000,val,-1,-3.87,0.546,6.06,5.7,0.98,-4.07,2.1,0.3,0.48,0.37,0,0.2,neutral,bajista,0,-0.211,32,9616,2,
s33249,0GUSDT,1788561000000,val,-1,-4.7,0.701,6.34,5.66,1.27,-4.71,1.95,0.3,0.48,0.37,0,0.02,neutral,bajista,0,-0.352,32,9617,3,
s33250,XPLUSDT,1788561900000,val,-1,-3.14,0.469,4.55,4.36,0.85,-3.17,1.36,0.74,2.09,1.64,0,0.03,neutral,bajista,0,-0.244,32,9618,3,
s33251,PUMPUSDT,1788561900000,val,-1,-2.14,0.4,3.38,3.17,1.71,-2.17,1.21,0.4,0.89,0.93,0,0.03,neutral,bajista,0,0.188,32,9618,5,
s33252,0GUSDT,1788561900000,val,-1,-3.26,0.455,6.28,4.62,1.39,-3.29,0.93,0.3,0.48,0.37,0,0.03,neutral,neutral,0,-0.213,32,9618,0,
s33253,XPLUSDT,1788562800000,val,-1,-3.7,0.611,4.53,4.05,0.98,-3.58,1.21,0.69,1.79,1.64,0,-0.12,neutral,neutral,0,-0.27,32,9619,0,
s33254,PUMPUSDT,1788562800000,val,-1,-2.57,0.526,3.37,2.95,1.21,-2.44,0.93,0.35,0.87,0.91,0,-0.12,neutral,neutral,0,0.363,32,9619,0,
s33255,XPLUSDT,1788563700000,val,-1,-3.13,0.472,4.36,3.29,0.65,-3.04,0.76,0.69,1.79,1.64,0,-0.09,neutral,neutral,0,-0.183,32,9620,0,
s33256,OPUSDT,1788563700000,val,-1,-2.01,0.38,2.69,2.14,0.4,-1.92,0.21,0.5,1.0,0.94,0,-0.09,neutral,neutral,0,-1.0,12,9620,0,
s33257,ARUSDT,1788567300000,testA,1,3.06,0.594,3.53,3.42,1.94,3.2,1.85,1.04,1.27,1.41,0,-0.14,neutral,alcista,1,2.0,2,9623,6,testA
s33258,ARUSDT,1788568200000,testA,1,4.66,0.741,5.34,4.68,2.78,4.77,2.88,1.04,1.27,1.41,0,-0.11,neutral,alcista,0,0.738,32,9624,7,testA
s33259,ONDOUSDT,1788569100000,val,1,2.05,0.471,2.67,2.61,3.54,2.19,1.57,0.75,1.06,1.31,0,-0.14,neutral,alcista,0,0.516,32,9625,5,
s33260,LDOUSDT,1788569100000,testA,1,2.33,0.376,3.45,3.1,1.67,2.47,1.37,0.64,0.96,1.34,0,-0.14,neutral,alcista,0,-0.603,32,9625,4,testA
s33261,WLDUSDT,1788570000000,val,1,2.16,0.418,3.55,2.88,3.72,2.33,1.51,0.51,0.65,0.93,0,-0.18,neutral,neutral,0,0.768,32,9627,1,
s33262,ONDOUSDT,1788570000000,val,1,2.1,0.478,3.34,2.93,3.73,2.27,1.72,0.72,0.93,1.31,0,-0.18,neutral,alcista,0,0.411,32,9626,6,
s33263,WLDUSDT,1788570900000,val,1,2.18,0.426,3.55,2.81,3.02,2.29,1.29,0.51,0.65,0.93,0,-0.1,neutral,neutral,0,0.706,32,9628,0,
s33264,ONDOUSDT,1788570900000,val,1,2.24,0.526,3.35,2.8,3.09,2.35,1.4,0.72,0.93,1.31,0,-0.1,neutral,neutral,0,0.343,32,9627,0,
s33265,LDOUSDT,1788570900000,testA,1,2.45,0.356,3.74,3.74,1.82,2.55,1.81,0.68,0.88,1.31,0,-0.1,neutral,neutral,0,-0.626,32,9627,1,
s33266,WLDUSDT,1788571800000,val,1,2.16,0.423,3.55,2.91,2.29,2.33,1.25,0.51,0.65,0.93,0,-0.17,neutral,neutral,0,0.673,32,9629,1,
s33267,WLDUSDT,1788572700000,val,1,2.2,0.43,3.42,2.17,2.11,2.31,0.61,0.51,0.65,0.93,0,-0.12,neutral,neutral,0,1.405,32,9630,0,
s33268,ONDOUSDT,1788572700000,val,1,2.33,0.634,3.35,2.64,1.73,2.45,1.01,0.72,0.93,1.31,0,-0.12,neutral,neutral,0,0.438,32,9629,0,
s33269,FETUSDT,1788572700000,val,1,2.42,0.755,3.25,2.43,1.11,2.53,0.74,0.58,0.7,0.9,0,-0.12,neutral,neutral,1,2.0,12,9629,0,
s33270,LDOUSDT,1788572700000,testA,1,3.77,0.561,3.86,3.7,1.58,3.88,1.68,0.68,0.88,1.31,0,-0.12,neutral,neutral,0,-0.664,32,9629,1,
s33271,ONDOUSDT,1788573600000,val,1,3.2,0.704,3.59,3.59,1.59,3.35,1.85,0.89,0.86,1.35,0,-0.15,neutral,neutral,0,0.053,32,9630,1,
s33272,FETUSDT,1788573600000,val,1,2.54,0.765,3.12,2.67,0.99,2.7,1.05,0.76,0.72,0.95,0,-0.15,neutral,neutral,1,2.0,20,9630,1,
s33273,LDOUSDT,1788573600000,testA,1,3.81,0.564,4.05,3.8,1.44,3.97,1.6,0.78,0.75,1.24,0,-0.15,neutral,alcista,0,-0.713,32,9630,2,testA
s33274,AXSUSDT,1788573600000,testA,1,2.02,0.596,2.15,2.12,1.0,2.17,1.03,0.49,0.49,0.99,0,-0.15,neutral,neutral,0,0.185,32,9630,1,
s33275,STBLUSDT,1788574500000,val,1,2.58,0.657,2.9,2.67,0.48,2.81,1.26,0.38,0.56,0.84,0,-0.23,neutral,alcista,0,0.261,32,9632,5,
s33276,TIAUSDT,1788574500000,val,1,2.12,0.627,2.83,2.5,1.24,2.35,0.94,0.54,0.64,1.08,0,-0.23,neutral,alcista,0,0.742,32,9632,3,
s33277,ONDOUSDT,1788574500000,val,1,2.78,0.559,3.77,3.2,1.74,3.0,1.26,0.89,0.86,1.35,0,-0.23,neutral,neutral,0,0.179,32,9631,0,
s33278,FETUSDT,1788574500000,val,1,3.07,0.825,3.42,3.04,1.12,3.29,1.38,0.76,0.72,0.95,0,-0.23,neutral,alcista,1,2.0,22,9631,2,
s33279,LDOUSDT,1788574500000,testA,1,3.53,0.547,4.38,3.87,1.26,3.76,1.6,0.78,0.75,1.24,0,-0.23,neutral,alcista,0,-0.791,32,9631,3,testA
s33280,STBLUSDT,1788575400000,val,1,2.26,0.543,2.91,2.41,0.53,2.31,0.92,0.38,0.56,0.84,0,-0.05,neutral,neutral,0,0.661,32,9633,0,
s33281,OPUSDT,1788575400000,val,1,2.17,0.615,2.84,2.53,2.0,2.22,1.11,0.47,0.57,0.86,0,-0.05,neutral,alcista,0,0.679,32,9633,2,
s33282,TIAUSDT,1788575400000,val,1,2.29,0.667,2.92,2.61,1.48,2.34,1.04,0.54,0.64,1.08,0,-0.05,neutral,alcista,0,0.72,32,9633,4,
s33283,ONDOUSDT,1788575400000,val,1,3.49,0.66,3.83,3.67,1.83,3.54,1.66,0.89,0.86,1.35,0,-0.05,neutral,neutral,0,0.059,32,9632,1,
s33284,FETUSDT,1788575400000,val,1,4.37,0.87,4.31,4.25,1.53,4.42,2.54,0.76,0.72,0.95,0,-0.05,neutral,alcista,0,1.221,32,9632,3,
s33285,LDOUSDT,1788575400000,testA,1,4.17,0.628,4.41,4.23,1.51,4.22,1.95,0.78,0.75,1.24,0,-0.05,neutral,alcista,0,-0.786,32,9632,4,testA
s33286,AXSUSDT,1788575400000,testA,1,2.02,0.63,2.44,2.23,1.63,2.07,1.0,0.49,0.49,0.99,0,-0.05,neutral,neutral,0,0.205,32,9632,1,
s33287,OPUSDT,1788576300000,val,1,3.11,0.816,3.13,3.11,1.76,3.2,1.56,0.47,0.57,0.86,0,-0.09,neutral,alcista,0,0.447,32,9634,3,
s33288,TIAUSDT,1788576300000,val,1,2.3,0.667,2.92,2.33,1.7,2.39,0.72,0.54,0.64,1.08,0,-0.09,neutral,neutral,0,0.843,32,9634,0,
s33289,ONDOUSDT,1788576300000,val,1,3.55,0.677,3.97,3.56,1.73,3.64,1.38,0.89,0.86,1.35,0,-0.09,neutral,neutral,0,0.023,32,9633,0,
s33290,FETUSDT,1788576300000,val,1,6.0,0.902,5.97,5.72,2.64,6.09,3.7,0.76,0.72,0.95,0,-0.09,neutral,alcista,0,0.538,32,9633,4,
s33291,LDOUSDT,1788576300000,testA,1,3.63,0.504,4.44,3.53,1.55,3.72,1.1,0.78,0.75,1.24,0,-0.09,neutral,neutral,0,-0.791,32,9633,0,
s33292,STBLUSDT,1788577200000,val,1,2.14,0.482,2.91,2.29,0.53,2.21,0.67,0.46,0.53,0.85,0,-0.07,neutral,neutral,0,0.729,32,9635,1,
s33293,OPUSDT,1788577200000,val,1,3.59,0.837,3.53,3.48,2.12,3.66,1.98,0.57,0.59,0.87,0,-0.07,neutral,alcista,0,0.177,32,9635,4,
s33294,TIAUSDT,1788577200000,val,1,2.47,0.683,2.86,2.47,1.61,2.54,0.84,0.55,0.6,1.09,0,-0.07,neutral,neutral,0,0.773,32,9635,1,
s33295,ONDOUSDT,1788577200000,val,1,3.6,0.681,3.8,3.53,1.12,3.67,1.37,1.04,0.89,1.37,0,-0.07,neutral,neutral,0,0.069,32,9634,1,
s33296,FETUSDT,1788577200000,val,1,4.94,0.717,5.69,4.83,2.69,5.0,2.77,0.96,0.79,0.99,0,-0.07,neutral,neutral,0,0.769,32,9634,0,
s33297,ARUSDT,1788577200000,testA,1,8.2,0.648,9.95,7.9,1.1,8.27,4.81,2.33,1.42,1.56,0,-0.07,neutral,alcista,0,-0.099,32,9634,3,testA
s33298,OPUSDT,1788578100000,val,1,2.99,0.701,3.8,3.09,1.93,3.17,1.54,0.57,0.59,0.87,0,-0.19,neutral,neutral,0,0.226,32,9636,0,
s33299,TIAUSDT,1788578100000,val,1,2.41,0.677,2.46,2.35,1.09,2.59,1.02,0.55,0.6,1.09,0,-0.19,neutral,alcista,0,0.476,32,9636,2,
s33300,ONDOUSDT,1788578100000,val,1,3.2,0.655,3.45,3.21,1.09,3.38,1.29,1.04,0.89,1.37,0,-0.19,neutral,alcista,0,0.051,32,9635,2,
s33301,FETUSDT,1788578100000,val,1,4.15,0.582,5.35,3.98,2.87,4.33,2.03,0.96,0.79,0.99,0,-0.19,neutral,neutral,0,1.125,32,9635,0,
s33302,OPUSDT,1788579000000,val,1,2.48,0.638,3.33,2.55,1.83,2.53,1.37,0.57,0.59,0.87,0,-0.05,neutral,neutral,0,0.285,32,9637,0,
s33303,ONDOUSDT,1788579000000,val,1,3.03,0.6,3.7,3.05,1.18,3.08,1.04,1.04,0.89,1.37,0,-0.05,neutral,neutral,0,0.134,32,9636,0,
s33304,FETUSDT,1788579000000,val,1,4.46,0.6,5.2,4.33,2.8,4.51,2.29,0.96,0.79,0.99,0,-0.05,neutral,neutral,0,0.829,32,9636,1,
s33305,ASTERUSDT,1788579900000,val,-1,-2.09,0.618,3.97,3.24,1.23,-2.0,1.33,1.02,1.04,1.83,0,-0.09,neutral,bajista,0,-1.0,19,9638,4,
s33306,ONDOUSDT,1788579900000,val,1,2.77,0.572,3.48,2.8,1.1,2.86,0.9,1.04,0.89,1.37,0,-0.09,neutral,neutral,0,0.184,32,9637,0,
s33307,FETUSDT,1788579900000,val,1,4.13,0.561,5.2,4.21,1.7,4.22,1.9,0.96,0.79,0.99,0,-0.09,neutral,neutral,0,1.103,32,9637,0,
s33308,ARUSDT,1788579900000,testA,1,7.8,0.559,9.49,7.83,2.32,7.89,3.64,2.33,1.42,1.56,0,-0.09,neutral,neutral,0,0.05,32,9637,0,
s33309,0GUSDT,1788580800000,val,-1,-3.08,0.353,4.17,3.5,0.39,-2.92,1.08,0.2,0.25,0.36,0,-0.16,neutral,bajista,0,-1.0,22,9639,3,
s33310,ONDOUSDT,1788580800000,val,1,2.03,0.422,3.11,2.08,1.02,2.2,0.44,1.42,1.0,1.44,0,-0.16,neutral,neutral,0,0.579,32,9638,0,
s33311,FETUSDT,1788580800000,val,1,4.05,0.558,5.01,4.21,1.49,4.22,1.86,1.24,0.9,1.04,0,-0.16,neutral,neutral,0,0.897,32,9638,1,
s33312,ONDOUSDT,1788581700000,val,1,2.03,0.422,2.8,2.12,0.72,2.15,0.72,1.42,1.0,1.44,0,-0.12,neutral,neutral,0,0.526,32,9639,1,
s33313,FETUSDT,1788581700000,val,1,4.83,0.6,4.73,4.6,1.6,4.95,2.33,1.24,0.9,1.04,0,-0.12,neutral,alcista,0,0.667,32,9639,2,
s33314,ARUSDT,1788581700000,testA,1,5.83,0.385,8.35,6.0,0.73,5.95,2.18,2.59,1.51,1.59,0,-0.12,neutral,neutral,0,0.178,32,9639,0,
s33315,ONDOUSDT,1788582600000,val,1,2.76,0.5,4.0,3.03,1.53,2.88,1.93,1.42,1.0,1.44,0,-0.12,neutral,alcista,0,-0.009,32,9640,2,
s33316,FETUSDT,1788582600000,val,1,4.6,0.59,4.89,4.7,1.56,4.72,2.53,1.24,0.9,1.04,0,-0.12,neutral,alcista,0,0.558,32,9640,3,
s33317,OPUSDT,1788583500000,val,1,2.13,0.537,3.04,2.19,0.67,2.23,0.75,0.59,0.56,0.86,0,-0.1,neutral,alcista,0,0.461,32,9642,2,
s33318,TIAUSDT,1788583500000,val,1,2.18,0.647,2.49,2.46,1.02,2.28,1.53,0.58,0.58,1.09,0,-0.1,neutral,alcista,0,0.584,32,9642,2,
s33319,FETUSDT,1788583500000,val,1,3.95,0.508,5.09,4.41,1.58,4.05,1.97,1.24,0.9,1.04,0,-0.1,neutral,neutral,0,0.694,32,9641,0,
s33320,GRTUSDT,1788583500000,testA,1,2.08,0.538,2.21,2.1,1.11,2.18,1.12,0.73,0.66,1.19,0,-0.1,neutral,alcista,0,1.056,32,9641,3,testA
s33321,TIAUSDT,1788584400000,val,1,3.22,0.75,3.34,3.26,1.67,3.31,2.19,0.79,0.67,1.09,0,-0.08,neutral,alcista,0,0.21,32,9643,3,
s33322,FETUSDT,1788584400000,val,1,3.05,0.364,5.12,3.7,1.54,3.14,1.1,1.45,0.99,1.08,0,-0.08,neutral,neutral,0,0.983,32,9642,0,
s33323,TIAUSDT,1788585300000,val,1,2.42,0.558,3.41,2.86,2.5,2.55,1.53,0.79,0.67,1.09,0,-0.12,neutral,neutral,0,0.24,32,9644,0,
s33324,GRTUSDT,1788585300000,testA,1,2.07,0.479,2.67,2.44,1.58,2.2,1.24,0.81,0.7,1.2,0,-0.12,neutral,neutral,0,0.69,32,9643,1,
s33325,TIAUSDT,1788586200000,val,1,2.62,0.6,3.41,2.97,2.67,2.77,1.5,0.79,0.67,1.09,0,-0.15,neutral,neutral,0,0.028,32,9645,1,
s33326,ONDOUSDT,1788586200000,val,1,2.09,0.384,3.74,2.61,0.75,2.24,1.02,1.54,1.05,1.45,0,-0.15,neutral,alcista,0,-0.268,32,9644,3,
s33327,TIAUSDT,1788587100000,val,1,3.24,0.65,3.69,3.6,2.6,3.18,1.97,0.79,0.67,1.09,0,0.06,neutral,alcista,0,-0.212,32,9646,2,
s33328,ONDOUSDT,1788587100000,val,1,2.45,0.443,3.73,2.82,0.62,2.38,1.08,1.54,1.05,1.45,0,0.06,neutral,alcista,0,-0.286,32,9645,4,
s33329,FETUSDT,1788587100000,val,1,3.64,0.358,5.11,3.94,1.06,3.58,1.01,1.45,0.99,1.08,0,0.06,neutral,alcista,0,0.5,32,9645,2,
s33330,GRTUSDT,1788587100000,testA,1,2.43,0.519,2.67,2.55,1.16,2.37,1.13,0.81,0.7,1.2,0,0.06,neutral,neutral,0,0.409,32,9645,1,
s33331,OPUSDT,1788588000000,val,1,2.3,0.492,2.81,2.53,0.75,2.22,1.21,0.66,0.59,0.83,0,0.08,neutral,alcista,0,-0.305,32,9647,2,
s33332,TIAUSDT,1788588000000,val,1,3.77,0.684,4.2,4.04,2.01,3.69,2.46,0.82,0.7,1.1,0,0.08,neutral,alcista,0,-0.396,32,9647,3,
s33333,FETUSDT,1788588000000,val,1,4.07,0.386,4.4,4.03,0.91,3.99,1.64,1.67,1.13,1.15,0,0.08,neutral,alcista,0,0.212,32,9646,3,
s33334,GRTUSDT,1788588000000,testA,1,3.31,0.596,3.38,3.26,1.61,3.24,2.17,1.25,0.93,1.31,0,0.08,neutral,alcista,0,-0.105,32,9646,2,testA
s33335,APEUSDT,1788588000000,testA,1,2.44,0.607,2.59,2.52,1.99,2.36,1.54,0.97,0.72,1.21,0,0.08,neutral,alcista,0,-0.333,32,9646,2,testA
s33336,TIAUSDT,1788588900000,val,1,3.23,0.561,4.05,3.51,1.45,3.08,1.88,0.82,0.7,1.1,0,0.15,neutral,neutral,0,-0.287,32,9648,0,
s33337,GRTUSDT,1788588900000,testA,1,3.48,0.608,3.53,3.47,2.43,3.33,2.45,1.25,0.93,1.31,0,0.15,neutral,alcista,0,-0.246,32,9647,3,testA
s33338,LDOUSDT,1788588900000,testA,-1,-2.12,0.538,3.18,2.76,0.75,-2.27,0.63,0.86,0.74,1.21,0,0.15,neutral,neutral,0,0.458,32,9647,1,
s33339,INJUSDT,1788589800000,val,1,2.61,0.525,3.73,3.56,2.61,2.55,2.26,0.74,0.67,0.98,0,0.06,neutral,alcista,0,0.057,32,9649,4,
s33340,TIAUSDT,1788589800000,val,1,2.89,0.493,4.06,3.3,1.55,2.83,1.49,0.82,0.7,1.1,0,0.06,neutral,neutral,0,-0.182,32,9649,0,
s33341,GRTUSDT,1788589800000,testA,1,2.82,0.5,3.71,3.14,3.36,2.76,1.96,1.25,0.93,1.31,0,0.06,neutral,neutral,0,-0.145,32,9648,0,
s33342,LDOUSDT,1788589800000,testA,-1,-2.39,0.655,3.18,2.66,0.75,-2.45,0.56,0.86,0.74,1.21,0,0.06,neutral,neutral,0,0.612,32,9648,0,
s33343,INJUSDT,1788590700000,val,1,2.19,0.406,3.74,3.13,3.25,2.09,1.65,0.74,0.67,0.98,0,0.09,neutral,neutral,0,0.27,32,9650,0,
s33344,SUIUSDT,1788590700000,val,1,2.12,0.46,2.98,2.68,1.34,2.03,1.47,0.99,0.76,1.03,0,0.09,neutral,neutral,0,0.852,32,9650,0,
s33345,TIAUSDT,1788590700000,val,1,3.46,0.589,4.05,3.56,1.06,3.37,1.56,0.82,0.7,1.1,0,0.09,neutral,neutral,0,-0.221,32,9650,1,
s33346,SEIUSDT,1788590700000,val,1,2.42,0.617,2.65,2.59,3.13,2.32,1.72,0.86,0.63,0.97,0,0.09,neutral,alcista,0,0.145,32,9650,2,
s33347,GRTUSDT,1788590700000,testA,1,2.76,0.485,3.72,2.97,4.07,2.67,1.56,1.25,0.93,1.31,0,0.09,neutral,neutral,0,-0.096,32,9649,0,
s33348,INJUSDT,1788591600000,val,1,2.31,0.43,3.74,3.19,3.24,2.15,1.58,0.89,0.72,0.99,0,0.17,neutral,neutral,0,0.2,32,9651,1,
s33349,SUIUSDT,1788591600000,val,1,2.56,0.575,2.86,2.63,1.14,2.39,1.45,1.08,0.85,1.08,0,0.17,neutral,neutral,0,0.733,32,9651,1,
s33350,TIAUSDT,1788591600000,val,1,2.92,0.486,3.87,3.05,0.71,2.75,1.09,0.88,0.68,1.1,0,0.17,neutral,neutral,0,-0.223,32,9651,0,
s33351,SEIUSDT,1788591600000,val,1,2.11,0.529,2.72,2.24,3.44,1.95,1.4,1.02,0.72,1.0,0,0.17,neutral,neutral,0,0.318,32,9651,0,
s33352,GRTUSDT,1788591600000,testA,1,3.01,0.548,3.66,2.92,3.28,2.84,1.36,1.58,1.09,1.37,0,0.17,neutral,neutral,0,-0.137,32,9650,0,
s33353,INJUSDT,1788592500000,val,1,2.75,0.473,4.23,3.66,3.73,2.58,1.87,0.89,0.72,0.99,0,0.17,neutral,alcista,0,0.017,32,9652,2,
s33354,SUIUSDT,1788592500000,val,1,2.98,0.613,3.58,3.37,1.57,2.81,1.97,1.08,0.85,1.08,0,0.17,neutral,alcista,0,0.331,32,9652,2,
s33355,TIAUSDT,1788592500000,val,1,2.74,0.471,3.87,3.16,0.68,2.57,1.07,0.88,0.68,1.1,0,0.17,neutral,neutral,0,-0.371,32,9652,1,
s33356,FETUSDT,1788592500000,val,1,3.05,0.374,3.5,3.26,1.29,2.87,1.79,1.99,1.26,1.22,1,0.17,neutral,alcista,0,-0.185,32,9651,4,
s33357,GRTUSDT,1788592500000,testA,1,2.7,0.523,3.66,2.92,1.77,2.53,1.18,1.58,1.09,1.37,0,0.17,neutral,neutral,0,-0.118,32,9651,0,
s33358,PUMPUSDT,1788593400000,val,-1,-2.18,0.608,3.23,2.44,1.36,-2.31,0.72,0.45,0.38,0.7,0,0.13,neutral,neutral,0,1.48,32,9653,1,
s33359,INJUSDT,1788593400000,val,1,2.85,0.482,4.22,3.98,1.52,2.72,2.0,0.89,0.72,0.99,0,0.13,neutral,alcista,0,-0.062,32,9653,3,
s33360,SUIUSDT,1788593400000,val,1,3.44,0.647,4.01,3.95,1.54,3.32,2.35,1.08,0.85,1.08,0,0.13,neutral,alcista,0,0.131,32,9653,3,
s33361,TIAUSDT,1788593400000,val,1,2.35,0.378,3.89,2.66,0.73,2.22,0.53,0.88,0.68,1.1,0,0.13,neutral,neutral,0,-0.258,32,9653,0,
s33362,GRTUSDT,1788593400000,testA,1,2.7,0.523,3.66,3.03,1.11,2.57,1.19,1.58,1.09,1.37,0,0.13,neutral,neutral,0,-0.132,32,9652,1,
s33363,INJUSDT,1788594300000,val,1,3.89,0.607,4.7,4.68,1.3,3.73,2.49,0.89,0.72,0.99,0,0.16,neutral,alcista,0,-0.182,32,9654,4,
s33364,SUIUSDT,1788594300000,val,1,3.62,0.687,4.07,4.0,1.61,3.46,2.21,1.08,0.85,1.08,0,0.16,neutral,alcista,0,0.104,32,9654,4,
s33365,FETUSDT,1788594300000,val,1,3.47,0.373,4.55,4.01,1.28,3.31,2.12,1.99,1.26,1.22,1,0.16,neutral,neutral,0,-0.373,32,9653,1,
s33366,GRTUSDT,1788594300000,testA,1,3.0,0.6,3.66,3.08,1.57,2.84,1.16,1.58,1.09,1.37,0,0.16,neutral,alcista,0,-0.037,32,9653,2,testA
s33367,STBLUSDT,1788595200000,val,1,2.67,0.548,3.06,2.79,3.05,2.52,1.48,0.66,0.51,0.8,0,0.15,neutral,alcista,0,-0.411,32,9655,2,
s33368,0GUSDT,1788595200000,val,1,2.03,0.639,2.2,2.2,1.12,1.89,0.92,0.11,0.17,0.33,0,0.15,neutral,alcista,0,0.279,32,9655,2,
s33369,WLDUSDT,1788595200000,val,1,2.3,0.679,2.73,2.33,1.22,2.15,1.22,0.8,0.64,0.88,0,0.15,neutral,neutral,0,0.196,32,9655,1,
s33370,INJUSDT,1788595200000,val,1,3.68,0.556,5.01,4.46,1.66,3.53,2.03,1.06,0.79,1.0,0,0.15,neutral,neutral,0,-0.164,32,9655,0,
s33371,SUIUSDT,1788595200000,val,1,3.36,0.604,4.1,3.31,2.02,3.21,1.3,1.23,0.94,1.11,0,0.15,neutral,neutral,0,0.218,32,9655,0,
s33372,SEIUSDT,1788595200000,val,1,2.18,0.495,2.74,2.28,0.95,2.03,0.96,1.02,0.77,0.97,0,0.15,neutral,neutral,0,0.055,32,9655,1,
s33373,ARUSDT,1788595200000,testA,-1,-3.15,0.421,4.08,3.4,0.49,-3.3,0.88,2.1,1.83,1.66,1,0.15,neutral,neutral,0,-1.0,6,9654,0,
s33374,GRTUSDT,1788595200000,testA,1,3.0,0.6,3.6,2.91,1.78,2.85,0.95,1.74,1.2,1.43,0,0.15,neutral,neutral,0,-0.02,32,9654,0,
s33375,STBLUSDT,1788596100000,val,1,2.43,0.517,3.06,2.76,1.89,2.32,1.35,0.66,0.51,0.8,0,0.11,neutral,neutral,0,-0.472,32,9656,0,
s33376,WLDUSDT,1788596100000,val,1,2.17,0.667,2.73,2.35,1.42,2.06,1.13,0.8,0.64,0.88,0,0.11,neutral,alcista,0,0.183,32,9656,2,
s33377,INJUSDT,1788596100000,val,1,3.24,0.458,5.04,3.94,1.47,3.13,1.3,1.06,0.79,1.0,0,0.11,neutral,neutral,0,-0.016,32,9656,0,
s33378,SUIUSDT,1788596100000,val,1,3.23,0.595,3.92,3.32,1.87,3.12,1.33,1.23,0.94,1.11,0,0.11,neutral,neutral,0,0.29,32,9656,1,
s33379,SEIUSDT,1788596100000,val,1,2.18,0.495,2.74,2.32,0.8,2.07,0.91,1.02,0.77,0.97,0,0.11,neutral,neutral,0,-0.108,32,9656,0,
s33380,GRTUSDT,1788596100000,testA,1,2.41,0.482,3.44,2.46,1.92,2.29,0.59,1.74,1.2,1.43,0,0.11,neutral,neutral,0,0.14,32,9655,0,
s33381,ASTERUSDT,1788597000000,val,1,3.49,0.718,4.22,3.91,5,3.38,3.17,1.37,1.14,1.9,0,0.11,neutral,alcista,1,2.0,14,9657,8,
s33382,STBLUSDT,1788597000000,val,1,2.35,0.492,3.07,2.68,2.5,2.25,1.17,0.66,0.51,0.8,0,0.11,neutral,neutral,0,-0.571,32,9657,0,
s33383,INJUSDT,1788597000000,val,1,3.79,0.576,4.88,3.72,1.51,3.69,1.15,1.06,0.79,1.0,0,0.11,neutral,neutral,0,-0.038,32,9657,0,
s33384,SUIUSDT,1788597000000,val,1,2.57,0.459,3.93,2.93,1.44,2.46,0.84,1.23,0.94,1.11,0,0.11,neutral,neutral,0,0.426,32,9657,0,
s33385,ASTERUSDT,1788597900000,val,1,2.64,0.463,4.36,3.04,5,2.44,1.98,1.37,1.14,1.9,0,0.2,neutral,neutral,1,2.0,13,9658,0,
s33386,STBLUSDT,1788597900000,val,1,2.48,0.529,3.07,2.61,1.96,2.28,1.02,0.66,0.51,0.8,0,0.2,neutral,neutral,0,-0.515,32,9658,0,
s33387,INJUSDT,1788597900000,val,1,3.63,0.566,4.76,3.89,1.33,3.43,1.31,1.06,0.79,1.0,0,0.2,neutral,neutral,0,-0.063,32,9658,1,
s33388,SUIUSDT,1788597900000,val,1,2.76,0.49,3.93,3.02,1.26,2.56,0.92,1.23,0.94,1.11,0,0.2,neutral,neutral,0,0.471,32,9658,1,
s33389,ASTERUSDT,1788598800000,val,1,3.82,0.555,4.28,4.11,5,3.61,2.76,1.59,1.3,1.86,0,0.21,neutral,neutral,1,2.0,13,9659,1,
s33390,STBLUSDT,1788598800000,val,1,2.4,0.504,3.07,2.53,1.16,2.18,0.83,0.68,0.56,0.78,0,0.21,neutral,neutral,0,-0.379,32,9659,1,
s33391,WLDUSDT,1788598800000,val,1,2.08,0.574,2.82,2.52,0.68,1.87,1.25,0.84,0.66,0.87,0,0.21,neutral,alcista,0,0.29,32,9659,2,
s33392,INJUSDT,1788598800000,val,1,3.9,0.591,4.51,3.86,0.85,3.69,1.4,1.08,0.8,0.98,0,0.21,neutral,alcista,0,-0.089,32,9659,2,
s33393,SUIUSDT,1788598800000,val,1,2.66,0.481,3.7,2.98,0.86,2.44,0.95,1.17,0.95,1.07,0,0.21,neutral,alcista,0,0.677,32,9659,2,
s33394,GRTUSDT,1788598800000,testA,1,2.22,0.463,2.97,2.34,0.91,2.01,0.77,2.06,1.35,1.49,0,0.21,neutral,neutral,0,0.22,32,9658,1,
s33395,ASTERUSDT,1788599700000,val,1,2.98,0.387,4.32,3.32,5,2.84,1.75,1.59,1.3,1.86,0,0.14,neutral,neutral,1,2.0,11,9660,0,
s33396,STBLUSDT,1788599700000,val,1,2.39,0.504,2.8,2.41,1.12,2.25,0.89,0.68,0.56,0.78,0,0.14,neutral,alcista,0,-0.381,32,9660,2,
s33397,INJUSDT,1788599700000,val,1,3.47,0.541,4.35,3.58,0.61,3.33,1.23,1.08,0.8,0.98,0,0.14,neutral,neutral,0,-0.159,32,9660,0,
s33398,SUIUSDT,1788599700000,val,1,2.73,0.499,3.69,2.77,0.55,2.59,0.65,1.17,0.95,1.07,0,0.14,neutral,neutral,0,0.495,32,9660,0,
s33399,FETUSDT,1788599700000,val,1,3.11,0.397,4.35,2.96,0.5,2.97,0.58,1.86,1.39,1.25,1,0.14,neutral,alcista,0,-0.061,32,9659,3,
s33400,ASTERUSDT,1788600600000,val,1,3.27,0.437,4.32,3.27,3.41,3.05,1.54,1.59,1.3,1.86,0,0.22,neutral,neutral,1,2.0,10,9661,0,
s33401,STBLUSDT,1788600600000,val,1,2.43,0.508,2.79,2.45,0.54,2.21,0.9,0.68,0.56,0.78,0,0.22,neutral,alcista,0,-0.531,32,9661,3,
s33402,0GUSDT,1788600600000,val,1,2.38,0.5,3.03,2.93,1.01,2.16,1.82,0.12,0.17,0.33,0,0.22,neutral,neutral,0,-0.672,32,9661,1,
s33403,WLDUSDT,1788600600000,val,1,2.19,0.594,2.83,2.3,0.59,1.97,0.79,0.84,0.66,0.87,0,0.22,neutral,neutral,0,0.176,32,9661,1,
s33404,ARBUSDT,1788600600000,val,1,4.28,0.399,6.8,5.26,1.35,4.06,2.81,0.65,0.51,0.84,0,0.22,neutral,neutral,0,-0.024,32,9661,1,
s33405,INJUSDT,1788600600000,val,1,3.56,0.55,4.35,3.64,0.44,3.34,1.11,1.08,0.8,0.98,0,0.22,neutral,neutral,0,-0.179,32,9661,1,
s33406,SUIUSDT,1788600600000,val,1,2.39,0.439,3.69,2.62,0.51,2.17,0.46,1.17,0.95,1.07,0,0.22,neutral,neutral,0,0.665,32,9661,0,
s33407,ARUSDT,1788600600000,testA,1,2.55,0.357,4.06,3.99,1.78,2.33,2.4,1.65,2.02,1.72,0,0.22,neutral,neutral,0,0.772,32,9660,1,
s33408,ASTERUSDT,1788601500000,val,1,3.95,0.485,4.17,3.87,1.51,3.88,2.07,1.59,1.3,1.86,0,0.07,neutral,neutral,1,2.0,9,9662,1,
s33409,WLDUSDT,1788601500000,val,1,2.47,0.623,2.66,2.49,0.62,2.4,1.13,0.84,0.66,0.87,0,0.07,neutral,alcista,0,0.091,32,9662,2,
s33410,ARBUSDT,1788601500000,val,1,3.9,0.365,6.81,5.11,1.53,3.83,2.34,0.65,0.51,0.84,0,0.07,neutral,neutral,0,0.499,32,9662,0,
s33411,INJUSDT,1788601500000,val,1,3.1,0.5,3.86,3.05,0.43,3.04,0.92,1.08,0.8,0.98,0,0.07,neutral,neutral,0,-0.06,32,9662,0,
s33412,ASTERUSDT,1788602400000,val,1,3.67,0.467,4.43,3.92,1.39,3.67,1.92,2.25,1.66,1.94,0,0.0,neutral,alcista,1,2.0,8,9663,2,
s33413,0GUSDT,1788602400000,val,1,2.54,0.441,3.38,2.88,1.55,2.54,1.41,0.13,0.17,0.33,0,0.0,neutral,neutral,0,-0.772,32,9663,1,
s33414,WLDUSDT,1788602400000,val,1,3.11,0.676,3.84,3.22,0.98,3.11,1.74,0.99,0.77,0.9,0,0.0,neutral,alcista,0,-0.302,32,9663,3,
s33415,ARBUSDT,1788602400000,val,1,3.91,0.364,6.84,4.61,1.7,3.91,1.67,0.75,0.54,0.79,0,0.0,neutral,neutral,0,0.961,32,9663,0,
s33416,INJUSDT,1788602400000,val,1,3.06,0.497,3.82,3.17,0.42,3.06,0.94,1.03,0.81,0.97,0,0.0,neutral,neutral,0,-0.109,32,9663,1,
s33417,ASTERUSDT,1788603300000,val,1,4.71,0.551,5.31,4.71,1.61,4.74,2.54,2.25,1.66,1.94,0,-0.03,neutral,alcista,1,2.0,9,9664,3,
s33418,WLDUSDT,1788603300000,val,1,3.4,0.717,3.76,3.33,1.09,3.42,1.77,0.99,0.77,0.9,0,-0.03,neutral,alcista,0,-0.418,32,9664,4,
s33419,INJUSDT,1788603300000,val,1,2.41,0.439,2.96,2.35,0.36,2.44,0.89,1.03,0.81,0.97,0,-0.03,neutral,alcista,0,-0.198,32,9664,2,
s33420,ASTERUSDT,1788604200000,val,1,4.62,0.534,5.4,4.55,1.78,4.69,2.13,2.25,1.66,1.94,0,-0.07,neutral,neutral,1,2.0,8,9665,0,
s33421,WLDUSDT,1788604200000,val,1,2.6,0.662,3.13,2.74,1.29,2.67,1.59,0.99,0.77,0.9,0,-0.07,neutral,alcista,0,-0.573,32,9665,5,
s33422,FETUSDT,1788604200000,val,1,3.06,0.391,3.03,3.03,0.77,3.13,1.92,1.76,1.49,1.28,1,-0.07,neutral,alcista,0,-0.765,32,9664,4,
s33423,ASTERUSDT,1788605100000,val,1,5.14,0.561,5.41,5.05,1.89,5.17,2.36,2.25,1.66,1.94,0,-0.03,neutral,neutral,1,2.0,9,9666,1,
s33424,WLDUSDT,1788605100000,val,1,2.21,0.592,3.14,2.64,1.43,2.24,1.33,0.99,0.77,0.9,0,-0.03,neutral,neutral,0,-0.585,32,9666,0,
s33425,ASTERUSDT,1788606000000,val,1,5.91,0.594,6.16,5.66,1.62,5.95,2.84,3.29,2.16,2.14,1,-0.04,neutral,alcista,1,2.0,8,9667,2,
s33426,WLDUSDT,1788606000000,val,1,3.79,0.72,4.19,4.1,1.58,3.83,2.6,1.22,0.91,0.96,0,-0.04,neutral,neutral,0,-0.611,32,9667,1,
s33427,ASTERUSDT,1788606900000,val,1,5.85,0.593,6.02,5.67,1.37,5.97,2.75,3.29,2.16,2.14,1,-0.11,neutral,alcista,1,2.0,7,9668,3,
s33428,WLDUSDT,1788606900000,val,1,2.42,0.37,4.27,2.86,2.12,2.53,1.06,1.22,0.91,0.96,0,-0.11,neutral,neutral,0,-0.426,32,9668,0,
s33429,ASTERUSDT,1788607800000,val,1,6.6,0.622,7.06,6.27,1.66,6.74,3.23,3.29,2.16,2.14,1,-0.15,neutral,alcista,0,0.115,32,9669,4,
s33430,WLDUSDT,1788607800000,val,1,2.39,0.364,4.28,2.74,1.89,2.54,0.81,1.22,0.91,0.96,0,-0.15,neutral,neutral,0,-0.464,32,9669,0,
s33431,ASTERUSDT,1788608700000,val,1,7.55,0.653,7.77,7.24,1.83,7.67,3.89,3.29,2.16,2.14,1,-0.12,neutral,alcista,0,-0.089,32,9670,5,
s33432,JUPUSDT,1788608700000,val,1,3.44,0.63,3.76,3.68,5,3.56,2.66,1.11,0.83,0.91,0,-0.12,neutral,alcista,0,-0.663,32,9670,4,
s33433,ARUSDT,1788608700000,testA,1,3.23,0.357,4.71,3.48,0.74,3.35,1.46,1.43,2.15,1.74,0,-0.12,neutral,alcista,1,2.0,17,9669,5,testA
s33434,ASTERUSDT,1788609600000,val,1,8.37,0.677,10.43,7.76,3.18,8.36,4.38,7.18,4.08,2.81,1,0.01,neutral,alcista,0,-0.099,32,9671,6,
s33435,JUPUSDT,1788609600000,val,1,2.88,0.529,3.77,3.42,5,2.87,2.13,1.23,0.9,0.79,1,0.01,neutral,neutral,0,-0.597,32,9671,0,
s33436,ARUSDT,1788609600000,testA,1,3.94,0.405,5.07,4.55,1.21,3.93,2.31,1.59,1.99,1.68,0,0.01,neutral,alcista,1,2.0,30,9670,6,testA
s33437,JUPUSDT,1788610500000,val,1,2.38,0.4,3.8,2.77,5,2.36,1.34,1.23,0.9,0.79,1,0.02,neutral,neutral,0,-0.581,32,9672,0,
s33438,SUIUSDT,1788611400000,val,1,2.12,0.493,3.05,2.62,2.58,2.0,1.81,1.4,1.19,0.98,1,0.13,neutral,alcista,0,-0.048,32,9673,5,
s33439,JUPUSDT,1788611400000,val,1,2.84,0.463,3.79,3.07,4.92,2.71,1.49,1.23,0.9,0.79,1,0.13,neutral,neutral,0,-0.493,32,9673,1,
s33440,JUPUSDT,1788612300000,val,1,2.79,0.459,3.61,2.94,0.62,2.73,1.35,1.23,0.9,0.79,1,0.06,neutral,alcista,0,-0.576,32,9674,2,
s33441,JUPUSDT,1788613200000,val,1,2.28,0.41,3.61,2.98,0.43,2.29,1.28,1.35,0.96,0.73,1,-0.01,neutral,alcista,0,-0.552,32,9675,3,
s33442,JUPUSDT,1788614100000,val,1,2.47,0.458,3.61,2.85,0.37,2.4,1.06,1.35,0.96,0.73,1,0.06,neutral,neutral,0,-0.406,32,9676,0,
s33443,PUMPUSDT,1788615000000,val,-1,-2.63,0.444,4.88,4.22,2.58,-2.58,1.91,0.8,0.61,0.56,1,-0.05,neutral,neutral,0,0.512,32,9677,1,
s33444,PUMPUSDT,1788616800000,val,-1,-2.37,0.368,4.88,4.3,1.5,-2.43,1.65,0.85,0.65,0.53,1,0.06,neutral,neutral,0,0.634,32,9679,1,
s33445,SUIUSDT,1788616800000,val,1,2.03,0.371,3.06,2.26,1.41,1.97,0.99,1.48,1.36,0.98,1,0.06,neutral,neutral,0,0.149,32,9679,1,
s33446,PUMPUSDT,1788617700000,val,-1,-2.79,0.462,4.89,4.32,1.38,-2.92,1.54,0.85,0.65,0.53,1,0.13,neutral,bajista,0,0.79,32,9680,2,
s33447,SUIUSDT,1788617700000,val,1,2.12,0.382,3.05,2.63,1.04,1.99,1.26,1.48,1.36,0.98,1,0.13,neutral,alcista,0,-0.246,32,9680,2,
s33448,ARUSDT,1788617700000,testA,1,3.7,0.437,5.01,4.53,1.54,3.57,2.01,1.98,2.1,1.65,0,0.13,neutral,alcista,0,0.765,32,9679,2,testA
s33449,PUMPUSDT,1788618600000,val,-1,-3.0,0.512,4.89,4.35,0.74,-3.13,1.41,0.85,0.65,0.53,1,0.13,neutral,bajista,0,0.819,32,9681,3,
s33450,SUIUSDT,1788618600000,val,1,2.28,0.421,3.12,2.52,0.87,2.15,1.06,1.48,1.36,0.98,1,0.13,neutral,neutral,0,-0.218,32,9681,0,
s33451,ARUSDT,1788618600000,testA,1,5.05,0.61,5.12,4.98,1.86,4.92,2.43,1.98,2.1,1.65,0,0.13,neutral,alcista,0,0.623,32,9680,3,testA
s33452,PUMPUSDT,1788619500000,val,-1,-3.06,0.531,5.16,3.86,0.74,-3.17,0.83,0.85,0.65,0.53,1,0.11,neutral,neutral,0,0.886,32,9682,0,
s33453,ARUSDT,1788619500000,testA,1,5.95,0.648,6.26,5.65,2.35,5.84,3.07,1.98,2.1,1.65,0,0.11,neutral,alcista,0,0.419,32,9681,4,testA
s33454,PUMPUSDT,1788620400000,val,-1,-3.44,0.56,4.52,3.61,0.73,-3.52,1.15,0.97,0.71,0.54,1,0.09,neutral,neutral,0,1.129,32,9683,1,
s33455,WLDUSDT,1788620400000,val,-1,-2.55,0.515,3.0,2.74,0.46,-2.64,0.65,1.33,1.08,0.76,1,0.09,neutral,bajista,0,0.073,32,9683,2,
s33456,ARUSDT,1788620400000,testA,1,5.25,0.581,6.24,5.22,2.64,5.16,2.52,2.2,1.99,1.74,1,0.09,neutral,neutral,0,0.416,32,9682,0,
s33457,PUMPUSDT,1788621300000,val,-1,-3.98,0.594,4.64,4.29,1.0,-4.06,2.08,0.97,0.71,0.54,1,0.08,neutral,bajista,0,0.838,32,9684,2,
s33458,ARUSDT,1788621300000,testA,1,4.7,0.516,5.85,4.53,2.1,4.62,2.09,2.2,1.99,1.74,1,0.08,neutral,neutral,0,0.075,32,9683,0,
s33459,PUMPUSDT,1788622200000,val,-1,-3.92,0.59,4.65,4.35,1.02,-4.1,2.09,0.97,0.71,0.54,1,0.18,neutral,bajista,0,0.909,32,9685,3,
s33460,ARUSDT,1788622200000,testA,1,5.38,0.551,5.37,5.17,1.5,5.2,3.11,2.2,1.99,1.74,1,0.18,neutral,neutral,0,-0.117,32,9684,1,
s33461,PUMPUSDT,1788623100000,val,-1,-3.17,0.496,4.36,3.82,0.81,-3.4,1.68,0.97,0.71,0.54,1,0.23,neutral,neutral,0,1.247,32,9686,0,
s33462,FETUSDT,1788623100000,val,-1,-2.61,0.564,3.04,2.8,1.0,-2.83,1.03,1.41,1.66,1.2,0,0.23,neutral,neutral,0,-0.022,32,9685,1,
s33463,ARUSDT,1788623100000,testA,1,5.91,0.575,6.64,6.27,1.63,5.68,3.84,2.2,1.99,1.74,1,0.23,neutral,alcista,0,-0.333,32,9685,2,testA
s33464,PUMPUSDT,1788624000000,val,-1,-3.45,0.541,4.37,3.97,0.81,-3.6,1.57,1.04,0.76,0.52,1,0.14,neutral,neutral,0,1.394,32,9687,1,
s33465,ARUSDT,1788624000000,testA,1,5.35,0.554,7.79,6.83,1.52,5.21,3.99,2.74,2.17,1.9,1,0.14,neutral,alcista,0,-0.353,32,9686,3,testA
s33466,ARUSDT,1788624900000,testA,1,4.64,0.44,7.93,5.14,2.3,4.34,1.84,2.74,2.17,1.9,1,0.3,neutral,neutral,0,-0.131,32,9687,0,
s33467,XPLUSDT,1788625800000,val,-1,-2.39,0.393,3.36,2.62,0.72,-2.66,0.58,0.79,0.74,0.68,1,0.27,neutral,neutral,0,-0.291,32,9689,1,
s33468,XPLUSDT,1788626700000,val,-1,-2.06,0.356,3.18,2.43,0.81,-2.48,0.66,0.79,0.74,0.68,1,0.42,neutral,neutral,0,-0.619,32,9690,0,
s33469,ASTERUSDT,1788630300000,val,-1,-4.75,0.459,8.46,7.55,0.65,-5.32,3.49,16.38,10.21,5.61,1,0.57,neutral,neutral,0,-0.115,32,9694,1,
s33470,ARBUSDT,1788630300000,val,1,4.57,0.418,5.95,5.4,5,3.99,3.25,0.86,0.83,0.59,1,0.57,neutral,neutral,1,2.0,9,9694,1,
s33471,PENDLEUSDT,1788630300000,val,1,2.08,0.509,2.33,2.28,2.38,1.5,1.21,0.8,0.66,0.62,1,0.57,neutral,alcista,1,2.0,29,9694,2,
s33472,STXUSDT,1788630300000,testA,1,2.64,0.486,2.72,2.68,1.38,2.06,1.56,0.59,0.45,0.37,1,0.57,neutral,alcista,0,0.197,32,9693,2,testA
s33473,LDOUSDT,1788630300000,testA,1,2.21,0.553,2.42,2.24,1.39,1.64,1.2,0.95,0.88,0.8,1,0.57,neutral,alcista,1,2.0,16,9693,5,testA
s33474,ASTERUSDT,1788631200000,val,-1,-4.19,0.386,8.4,6.82,0.54,-4.62,2.49,12.79,10.48,5.72,1,0.43,neutral,neutral,0,-0.021,32,9695,0,
s33475,0GUSDT,1788631200000,val,-1,-2.66,0.424,4.08,3.82,0.87,-3.09,1.19,0.19,0.17,0.18,0,0.43,neutral,neutral,0,-1.0,6,9695,1,
s33476,ARBUSDT,1788631200000,val,1,5.41,0.461,6.96,6.62,1.62,4.99,4.17,1.05,0.89,0.64,1,0.43,neutral,alcista,1,2.0,8,9695,2,
s33477,STXUSDT,1788631200000,testA,1,2.21,0.399,2.65,2.23,1.42,1.78,1.23,0.68,0.53,0.41,1,0.43,neutral,neutral,0,0.407,32,9694,0,
s33478,ASTERUSDT,1788632100000,val,-1,-4.69,0.459,8.36,6.25,0.42,-4.98,1.03,12.79,10.48,5.72,1,0.29,neutral,neutral,0,0.158,32,9696,0,
s33479,0GUSDT,1788632100000,val,-1,-2.7,0.435,4.06,3.23,0.9,-2.99,0.57,0.19,0.17,0.18,0,0.29,neutral,neutral,0,-1.0,5,9696,0,
s33480,ARBUSDT,1788632100000,val,1,6.1,0.492,8.43,7.7,1.82,5.81,4.91,1.05,0.89,0.64,1,0.29,neutral,alcista,1,2.0,8,9696,3,
s33481,PENDLEUSDT,1788632100000,val,1,2.16,0.466,2.58,2.42,1.57,1.87,1.24,0.84,0.7,0.65,1,0.29,neutral,neutral,1,2.0,27,9696,1,
s33482,STXUSDT,1788632100000,testA,1,3.39,0.506,4.06,3.84,2.8,3.1,2.66,0.68,0.53,0.41,1,0.29,neutral,neutral,0,-0.233,32,9695,1,
s33483,ASTERUSDT,1788633000000,val,-1,-4.7,0.463,8.32,5.83,0.45,-5.03,0.73,12.79,10.48,5.72,1,0.33,neutral,neutral,0,0.255,32,9697,0,
s33484,ARBUSDT,1788633000000,val,1,5.27,0.417,8.47,7.21,1.7,4.94,3.92,1.05,0.89,0.64,1,0.33,neutral,neutral,1,2.0,7,9697,0,
s33485,TIAUSDT,1788633000000,val,1,2.44,0.574,3.72,3.24,1.6,2.11,1.91,0.88,0.79,0.74,1,0.33,neutral,alcista,0,0.702,32,9697,2,
s33486,PENDLEUSDT,1788633000000,val,1,2.22,0.485,2.87,2.37,1.48,1.88,1.13,0.84,0.7,0.65,1,0.33,neutral,neutral,1,2.0,26,9697,0,
s33487,STXUSDT,1788633000000,testA,1,3.78,0.563,4.28,4.01,3.09,3.45,2.59,0.68,0.53,0.41,1,0.33,neutral,alcista,0,-0.213,32,9696,2,testA
s33488,LDOUSDT,1788633000000,testA,1,2.1,0.58,2.8,2.54,0.92,1.76,1.27,0.93,0.89,0.81,1,0.33,neutral,neutral,1,2.0,13,9696,1,
s33489,PUMPUSDT,1788633900000,val,-1,-3.52,0.409,5.19,4.86,1.6,-3.88,2.27,1.3,0.98,0.62,1,0.36,neutral,bajista,0,-0.432,32,9698,4,
s33490,PENDLEUSDT,1788633900000,val,1,2.85,0.548,3.15,3.06,1.3,2.49,1.66,0.84,0.7,0.65,1,0.36,neutral,neutral,0,0.698,32,9698,1,
s33491,STXUSDT,1788633900000,testA,1,4.92,0.686,4.98,4.72,2.59,4.56,3.01,0.68,0.53,0.41,1,0.36,neutral,alcista,0,-0.383,32,9697,3,testA
s33492,ARBUSDT,1788634800000,val,1,7.29,0.565,9.31,7.86,1.16,7.02,3.62,1.35,1.0,0.72,1,0.27,neutral,neutral,1,2.0,5,9699,0,
s33493,TIAUSDT,1788634800000,val,1,2.2,0.465,3.73,2.87,1.62,1.92,1.24,0.93,0.81,0.74,1,0.27,neutral,neutral,0,1.009,32,9699,1,
s33494,PENDLEUSDT,1788634800000,val,1,2.63,0.495,3.15,2.9,1.24,2.36,1.36,1.05,0.83,0.68,1,0.27,neutral,neutral,1,2.0,24,9699,0,
s33495,STXUSDT,1788634800000,testA,1,4.79,0.681,5.23,4.83,2.78,4.52,2.78,0.73,0.58,0.44,1,0.27,neutral,alcista,0,-0.435,32,9698,4,testA
s33496,ASTERUSDT,1788635700000,val,-1,-2.73,0.35,5.9,3.81,0.44,-3.08,1.1,5.56,10.63,5.8,0,0.34,neutral,bajista,0,0.236,32,9700,3,
s33497,OPUSDT,1788635700000,val,1,2.28,0.594,3.27,2.53,1.75,1.94,1.4,0.78,0.76,0.67,1,0.34,neutral,alcista,1,2.0,8,9700,2,
s33498,TIAUSDT,1788635700000,val,1,3.14,0.64,3.63,3.31,1.61,2.8,1.58,0.93,0.81,0.74,1,0.34,neutral,alcista,0,0.5,32,9700,2,
s33499,PENDLEUSDT,1788635700000,val,1,4.64,0.652,4.72,4.63,1.78,4.29,2.92,1.05,0.83,0.68,1,0.34,neutral,neutral,0,0.19,32,9700,1,
s33500,ARUSDT,1788635700000,testA,1,4.87,0.422,5.26,5.09,0.98,4.52,3.38,3.31,2.54,2.23,1,0.34,neutral,alcista,0,-0.312,32,9699,6,
s33501,STXUSDT,1788635700000,testA,1,5.11,0.733,5.48,4.93,1.73,4.76,2.64,0.73,0.58,0.44,1,0.34,neutral,alcista,0,-0.455,32,9699,5,
s33502,LDOUSDT,1788635700000,testA,1,3.16,0.698,3.27,3.19,0.98,2.82,1.54,0.89,0.91,0.82,0,0.34,neutral,alcista,1,2.0,11,9699,2,
s33503,ASTERUSDT,1788636600000,val,-1,-3.92,0.527,5.93,4.3,0.46,-4.06,1.16,5.56,10.63,5.8,0,0.13,neutral,bajista,0,0.024,32,9701,4,
s33504,OPUSDT,1788636600000,val,1,4.09,0.748,4.12,4.05,2.57,3.96,2.8,0.78,0.76,0.67,1,0.13,neutral,alcista,1,2.0,11,9701,3,
s33505,TIAUSDT,1788636600000,val,1,2.87,0.553,3.54,2.92,1.11,2.73,1.15,0.93,0.81,0.74,1,0.13,neutral,neutral,0,0.817,32,9701,0,
s33506,ARUSDT,1788636600000,testA,1,5.24,0.443,6.83,6.67,1.5,5.1,4.5,3.31,2.54,2.23,1,0.13,neutral,alcista,0,-0.364,32,9700,7,
s33507,STXUSDT,1788636600000,testA,1,4.86,0.716,5.27,4.68,1.58,4.73,2.39,0.73,0.58,0.44,1,0.13,neutral,neutral,0,-0.299,32,9700,0,
s33508,LDOUSDT,1788636600000,testA,1,3.39,0.713,3.46,3.43,1.22,3.26,1.72,0.89,0.91,0.82,0,0.13,neutral,alcista,0,0.333,32,9700,3,
s33509,ASTERUSDT,1788637500000,val,-1,-3.53,0.499,5.95,4.63,0.45,-3.48,1.22,5.56,10.63,5.8,0,-0.05,neutral,bajista,0,-0.047,32,9702,5,
s33510,OPUSDT,1788637500000,val,1,3.14,0.489,4.2,3.15,3.05,3.19,1.7,0.78,0.76,0.67,1,-0.05,neutral,neutral,1,2.0,8,9702,0,
s33511,TIAUSDT,1788637500000,val,1,2.84,0.551,3.53,3.0,1.07,2.89,1.14,0.93,0.81,0.74,1,-0.05,neutral,neutral,0,0.839,32,9702,1,
s33512,PENDLEUSDT,1788637500000,val,1,3.41,0.389,4.7,3.67,1.85,3.46,1.62,1.05,0.83,0.68,1,-0.05,neutral,neutral,0,0.404,32,9702,1,
s33513,ARUSDT,1788637500000,testA,1,3.82,0.356,7.38,6.49,2.06,3.87,3.91,3.31,2.54,2.23,1,-0.05,neutral,neutral,0,-0.448,32,9701,0,
s33514,STXUSDT,1788637500000,testA,1,3.96,0.569,5.29,4.18,1.16,4.01,1.65,0.73,0.58,0.44,1,-0.05,neutral,neutral,0,-0.31,32,9701,0,
s33515,LDOUSDT,1788637500000,testA,1,2.89,0.591,3.27,2.86,1.24,2.94,1.27,0.89,0.91,0.82,0,-0.05,neutral,neutral,1,2.0,8,9701,0,
s33516,ASTERUSDT,1788638400000,val,-1,-2.89,0.375,5.57,3.42,0.42,-2.85,0.37,3.67,10.55,5.91,0,-0.04,neutral,neutral,0,0.23,32,9703,0,
s33517,OPUSDT,1788638400000,val,1,5.5,0.627,5.75,5.65,3.22,5.54,4.0,1.42,1.0,0.82,1,-0.04,neutral,neutral,0,0.507,32,9703,1,
s33518,TIAUSDT,1788638400000,val,1,3.02,0.567,3.55,3.15,1.18,3.06,1.38,0.98,0.83,0.75,1,-0.04,neutral,alcista,0,0.466,32,9703,2,
s33519,PENDLEUSDT,1788638400000,val,1,4.4,0.467,4.51,4.27,1.77,4.44,2.2,1.11,0.85,0.69,1,-0.04,neutral,alcista,0,0.052,32,9703,2,
s33520,STXUSDT,1788638400000,testA,1,4.11,0.578,5.28,4.46,1.07,4.15,1.79,0.8,0.61,0.47,1,-0.04,neutral,neutral,0,-0.413,32,9702,1,
s33521,LDOUSDT,1788638400000,testA,1,2.94,0.596,3.67,2.93,1.55,2.98,1.29,0.87,0.87,0.84,1,-0.04,neutral,neutral,1,2.0,7,9702,1,
s33522,ASTERUSDT,1788639300000,val,-1,-2.77,0.365,4.81,2.89,0.45,-2.57,0.66,3.67,10.55,5.91,0,-0.21,neutral,neutral,0,0.237,32,9704,1,
s33523,PUMPUSDT,1788639300000,val,-1,-3.03,0.352,6.05,5.13,0.68,-2.82,1.23,1.28,1.06,0.69,1,-0.21,neutral,neutral,0,-0.579,32,9704,0,
s33524,OPUSDT,1788639300000,val,1,4.03,0.392,6.41,4.06,5,4.24,2.06,1.42,1.0,0.82,1,-0.21,neutral,neutral,1,2.0,8,9704,0,
s33525,TIAUSDT,1788639300000,val,1,2.36,0.434,3.27,2.49,1.16,2.57,0.91,0.98,0.83,0.75,1,-0.21,neutral,neutral,0,0.645,32,9704,0,
s33526,STXUSDT,1788639300000,testA,1,3.14,0.418,5.31,3.83,1.04,3.35,0.98,0.8,0.61,0.47,1,-0.21,neutral,neutral,0,-0.417,32,9703,0,
s33527,LDOUSDT,1788639300000,testA,1,2.51,0.539,3.55,2.73,1.29,2.72,1.08,0.87,0.87,0.84,1,-0.21,neutral,neutral,1,2.0,6,9703,0,
s33528,OPUSDT,1788640200000,val,1,4.24,0.413,6.4,4.14,4.31,4.42,1.94,1.42,1.0,0.82,1,-0.18,neutral,neutral,1,2.0,17,9705,1,
s33529,TIAUSDT,1788640200000,val,1,2.44,0.447,3.13,2.41,1.07,2.62,0.85,0.98,0.83,0.75,1,-0.18,neutral,neutral,0,0.644,32,9705,1,
s33530,STXUSDT,1788640200000,testA,1,4.09,0.57,5.11,3.89,0.9,4.27,1.07,0.8,0.61,0.47,1,-0.18,neutral,neutral,0,-0.476,32,9704,1,
s33531,LDOUSDT,1788640200000,testA,1,2.62,0.575,3.53,2.55,1.15,2.8,0.81,0.87,0.87,0.84,1,-0.18,neutral,neutral,1,2.0,5,9704,0,
s33532,STXUSDT,1788641100000,testA,1,3.26,0.47,4.87,3.34,0.85,3.64,0.68,0.8,0.61,0.47,1,-0.37,neutral,neutral,0,-0.489,32,9705,0,
s33533,PUMPUSDT,1788642000000,val,-1,-3.38,0.41,5.26,3.53,0.5,-2.95,0.36,1.34,1.15,0.73,1,-0.43,neutral,neutral,0,-1.0,25,9707,0,
s33534,OPUSDT,1788642000000,val,1,4.11,0.37,6.17,4.3,2.74,4.54,1.98,1.9,1.22,0.94,1,-0.43,neutral,neutral,1,2.0,15,9707,1,
s33535,STXUSDT,1788642000000,testA,1,3.05,0.455,4.45,3.22,0.72,3.48,0.85,0.81,0.6,0.47,1,-0.43,neutral,neutral,0,-0.69,32,9706,1,
s33536,ENAUSDT,1788642900000,val,1,4.15,0.362,4.72,4.66,1.64,4.37,3.42,0.89,0.67,0.46,1,-0.22,neutral,neutral,1,2.0,15,9708,1,
s33537,OPUSDT,1788642900000,val,1,7.48,0.532,7.09,7.05,1.38,7.69,4.55,1.9,1.22,0.94,1,-0.22,neutral,alcista,0,0.241,32,9708,2,
s33538,TIAUSDT,1788642900000,val,1,3.36,0.494,3.46,3.41,0.56,3.58,1.84,1.02,0.86,0.77,1,-0.22,neutral,alcista,0,0.302,32,9708,2,
s33539,STXUSDT,1788642900000,testA,1,3.44,0.484,4.21,3.36,0.37,3.65,1.19,0.81,0.6,0.47,1,-0.22,neutral,alcista,0,-0.659,32,9707,2,
s33540,GRTUSDT,1788642900000,testA,1,2.05,0.6,2.51,2.35,1.19,2.27,1.38,1.43,1.44,1.4,0,-0.22,neutral,alcista,1,2.0,19,9707,4,
s33541,LDOUSDT,1788642900000,testA,1,2.96,0.514,2.88,2.88,1.12,3.18,1.77,1.34,1.09,0.96,1,-0.22,neutral,neutral,0,-0.044,32,9707,1,
s33542,ENAUSDT,1788643800000,val,1,4.66,0.402,5.0,4.94,1.88,4.83,3.28,0.89,0.67,0.46,1,-0.17,neutral,alcista,1,2.0,16,9709,2,
s33543,STXUSDT,1788643800000,testA,1,2.78,0.39,3.96,2.78,0.3,2.95,0.71,0.81,0.6,0.47,1,-0.17,neutral,neutral,0,-0.453,32,9708,0,
s33544,GRTUSDT,1788643800000,testA,1,2.11,0.607,2.57,2.29,1.27,2.28,1.27,1.43,1.44,1.4,0,-0.17,neutral,neutral,1,2.0,18,9708,0,
s33545,LDOUSDT,1788643800000,testA,1,2.85,0.505,3.07,2.92,1.47,3.02,1.74,1.34,1.09,0.96,1,-0.17,neutral,alcista,0,-0.138,32,9708,2,
s33546,ENAUSDT,1788644700000,val,1,4.92,0.418,6.17,6.13,2.05,5.12,3.97,0.89,0.67,0.46,1,-0.2,neutral,alcista,0,0.122,32,9710,3,
s33547,TIAUSDT,1788644700000,val,1,2.82,0.388,3.27,3.16,0.82,3.01,1.74,1.02,0.86,0.77,1,-0.2,neutral,neutral,0,0.3,32,9710,1,
s33548,LDOUSDT,1788644700000,testA,1,6.96,0.714,7.04,6.77,3.69,7.16,5.59,1.34,1.09,0.96,1,-0.2,neutral,alcista,0,-0.665,32,9709,3,
s33549,XPLUSDT,1788645600000,val,1,2.21,0.392,3.28,2.9,1.94,2.32,1.48,0.73,0.75,0.68,0,-0.11,neutral,alcista,0,-1.0,22,9711,2,
s33550,ENAUSDT,1788645600000,val,1,5.5,0.487,6.61,6.1,2.22,5.61,3.63,1.06,0.78,0.5,1,-0.11,neutral,neutral,0,0.068,32,9711,0,
s33551,TIAUSDT,1788645600000,val,1,3.06,0.423,3.21,3.08,1.11,3.17,1.68,1.23,0.97,0.84,1,-0.11,neutral,alcista,0,0.265,32,9711,2,
s33552,GRTUSDT,1788645600000,testA,1,2.22,0.736,2.4,2.23,1.02,2.33,1.07,1.56,1.48,1.48,1,-0.11,neutral,neutral,1,2.0,16,9710,0,
s33553,LDOUSDT,1788645600000,testA,1,5.66,0.529,7.65,5.77,5,5.77,4.03,1.81,1.33,1.09,1,-0.11,neutral,neutral,0,-0.629,32,9710,0,
s33554,TIAUSDT,1788646500000,val,1,3.57,0.462,4.33,3.47,1.62,3.75,2.2,1.23,0.97,0.84,1,-0.18,neutral,alcista,0,-0.053,32,9712,3,
s33555,GRTUSDT,1788646500000,testA,1,2.85,0.781,2.82,2.77,1.09,3.03,1.58,1.56,1.48,1.48,1,-0.18,neutral,neutral,1,2.0,22,9711,1,
s33556,LDOUSDT,1788646500000,testA,1,4.66,0.398,7.73,4.75,5,4.85,2.57,1.81,1.33,1.09,1,-0.18,neutral,neutral,0,-0.637,32,9711,0,
s33557,TIAUSDT,1788647400000,val,1,2.57,0.384,4.1,3.26,1.86,2.83,1.97,1.23,0.97,0.84,1,-0.26,neutral,alcista,0,0.056,32,9713,4,
s33558,GRTUSDT,1788647400000,testA,1,2.9,0.785,3.53,3.04,1.54,3.15,1.64,1.56,1.48,1.48,1,-0.26,neutral,alcista,1,2.0,28,9712,2,
s33559,LDOUSDT,1788647400000,testA,1,4.83,0.407,7.7,5.17,5,5.09,2.68,1.81,1.33,1.09,1,-0.26,neutral,neutral,0,-0.645,32,9712,1,
s33560,TIAUSDT,1788648300000,val,1,3.2,0.515,4.04,3.26,1.86,3.45,1.84,1.23,0.97,0.84,1,-0.25,neutral,alcista,0,0.16,32,9714,5,
s33561,GRTUSDT,1788648300000,testA,1,2.84,0.781,3.53,3.09,1.62,3.09,1.57,1.56,1.48,1.48,1,-0.25,neutral,alcista,1,2.0,27,9713,3,
s33562,LDOUSDT,1788648300000,testA,1,4.92,0.416,7.71,4.99,2.1,5.17,2.22,1.81,1.33,1.09,1,-0.25,neutral,neutral,0,-0.542,32,9713,0,
s33563,OPUSDT,1788649200000,val,1,7.62,0.435,9.63,7.09,1.04,7.85,2.82,2.83,1.7,1.19,1,-0.23,neutral,neutral,0,-0.204,32,9715,0,
s33564,TIAUSDT,1788649200000,val,1,2.9,0.474,4.05,3.16,1.74,3.13,1.53,1.22,1.01,0.87,1,-0.23,neutral,neutral,0,-0.19,32,9715,0,
s33565,GRTUSDT,1788649200000,testA,1,2.15,0.655,3.21,2.6,1.8,2.37,1.26,1.6,1.54,1.54,1,-0.23,neutral,neutral,1,2.0,19,9714,0,
s33566,OPUSDT,1788650100000,val,1,7.18,0.412,9.41,6.7,0.68,7.38,2.37,2.83,1.7,1.19,1,-0.2,neutral,neutral,0,-0.141,32,9716,0,
s33567,ARUSDT,1788650100000,testA,-1,-4.32,0.395,7.6,7.02,0.53,-4.11,2.35,2.29,2.61,2.52,0,-0.2,neutral,bajista,0,-0.179,32,9715,2,testA
s33568,GRTUSDT,1788650100000,testA,1,2.26,0.667,3.2,2.76,1.3,2.46,1.26,1.6,1.54,1.54,1,-0.2,neutral,neutral,1,2.0,18,9715,1,
s33569,ARUSDT,1788651000000,testA,-1,-5.55,0.588,7.57,6.62,0.6,-5.49,1.95,2.29,2.61,2.52,0,-0.06,neutral,neutral,0,-0.24,32,9716,0,
s33570,GRTUSDT,1788651000000,testA,1,2.48,0.688,3.19,3.03,0.73,2.54,1.37,1.6,1.54,1.54,1,-0.06,neutral,alcista,1,2.0,24,9716,2,
s33571,ENAUSDT,1788651900000,val,1,4.93,0.44,6.47,4.72,0.76,4.83,1.26,1.06,0.85,0.54,1,0.1,neutral,neutral,1,2.0,5,9718,0,
s33572,ARUSDT,1788651900000,testA,-1,-5.69,0.593,7.08,6.47,0.74,-5.79,2.2,2.29,2.61,2.52,0,0.1,neutral,neutral,0,-0.314,32,9717,1,
s33573,GRTUSDT,1788651900000,testA,1,2.83,0.806,3.35,3.13,0.99,2.73,1.27,1.6,1.54,1.54,1,0.1,neutral,alcista,1,2.0,23,9717,3,
s33574,ENAUSDT,1788652800000,val,1,5.16,0.454,6.26,5.58,0.68,4.95,2.06,1.23,0.93,0.6,1,0.21,neutral,neutral,0,0.059,32,9719,1,
s33575,ARUSDT,1788652800000,testA,-1,-4.7,0.514,5.88,5.0,0.97,-4.91,1.9,2.17,2.49,2.37,0,0.21,neutral,neutral,0,-1.0,7,9718,0,
s33576,GRTUSDT,1788652800000,testA,1,2.77,0.803,3.41,3.13,1.14,2.56,1.14,1.97,1.61,1.66,0,0.21,neutral,alcista,1,2.0,22,9718,4,
s33577,ENAUSDT,1788653700000,val,1,7.99,0.59,7.85,7.74,0.85,7.74,4.11,1.23,0.93,0.6,1,0.26,neutral,alcista,0,-0.209,32,9720,2,
s33578,OPUSDT,1788653700000,val,1,6.19,0.407,8.4,6.45,0.84,5.93,2.35,3.44,2.02,1.36,1,0.26,neutral,alcista,0,-0.007,32,9720,2,
s33579,TIAUSDT,1788653700000,val,1,2.44,0.384,4.05,2.98,1.15,2.18,0.91,1.24,1.06,0.9,1,0.26,neutral,alcista,0,0.368,32,9720,2,
s33580,ARUSDT,1788653700000,testA,-1,-3.33,0.425,4.43,3.58,0.48,-3.59,1.98,2.17,2.49,2.37,0,0.26,neutral,neutral,0,-1.0,5,9719,0,
s33581,GRTUSDT,1788653700000,testA,1,3.68,0.915,3.88,3.66,1.48,3.42,1.68,1.97,1.61,1.66,0,0.26,neutral,alcista,1,2.0,22,9719,5,
s33582,ENAUSDT,1788654600000,val,1,7.33,0.567,7.75,6.98,1.0,7.22,3.78,1.23,0.93,0.6,1,0.11,neutral,neutral,0,-0.18,32,9721,0,
s33583,OPUSDT,1788654600000,val,1,6.66,0.425,8.35,6.95,1.0,6.56,2.74,3.44,2.02,1.36,1,0.11,neutral,alcista,0,-0.141,32,9721,3,
s33584,INJUSDT,1788654600000,val,1,2.44,0.541,3.15,3.04,2.64,2.33,1.96,1.18,1.27,1.04,0,0.11,neutral,alcista,0,0.405,32,9721,8,
s33585,GRTUSDT,1788654600000,testA,1,3.5,0.912,3.87,3.66,1.7,3.39,1.6,1.97,1.61,1.66,0,0.11,neutral,neutral,1,2.0,21,9720,0,
s33586,INJUSDT,1788655500000,val,1,2.42,0.534,3.22,2.8,2.79,2.26,1.55,1.18,1.27,1.04,0,0.16,neutral,neutral,0,0.546,32,9722,0,
s33587,TIAUSDT,1788655500000,val,1,2.42,0.385,4.07,2.7,1.16,2.25,0.45,1.24,1.06,0.9,1,0.16,neutral,neutral,0,0.223,32,9722,0,
s33588,SEIUSDT,1788655500000,val,1,2.28,0.557,2.76,2.43,1.89,2.11,1.21,0.86,0.92,1.05,0,0.16,neutral,alcista,0,-0.305,32,9722,5,
s33589,PENDLEUSDT,1788655500000,val,1,3.52,0.468,3.84,3.62,1.53,3.36,1.79,1.22,1.03,0.79,1,0.16,neutral,alcista,0,1.043,32,9722,3,
s33590,GRTUSDT,1788655500000,testA,1,3.77,0.918,3.96,3.64,1.78,3.61,1.88,1.97,1.61,1.66,0,0.16,neutral,neutral,1,2.0,21,9721,1,
s33591,OPUSDT,1788656400000,val,1,6.56,0.383,8.4,6.38,1.37,6.35,2.28,3.71,2.26,1.49,1,0.22,neutral,neutral,0,-0.059,32,9723,0,
s33592,INJUSDT,1788656400000,val,1,2.77,0.591,3.21,3.04,2.06,2.56,1.63,1.31,1.31,1.11,0,0.22,neutral,neutral,0,0.706,32,9723,1,
s33593,TIAUSDT,1788656400000,val,1,2.59,0.402,3.34,2.58,1.08,2.38,1.01,1.24,1.09,0.94,1,0.22,neutral,neutral,0,0.323,32,9723,1,
s33594,SEIUSDT,1788656400000,val,1,2.45,0.586,2.76,2.47,2.27,2.23,1.23,1.0,0.97,1.11,0,0.22,neutral,alcista,0,-0.117,32,9723,6,
s33595,PENDLEUSDT,1788656400000,val,1,4.6,0.551,5.96,4.45,3.04,4.39,2.52,1.5,1.28,0.91,1,0.22,neutral,alcista,0,0.735,32,9723,4,
s33596,GRTUSDT,1788656400000,testA,1,2.97,0.768,3.81,3.21,1.89,2.76,1.47,2.37,1.82,1.81,1,0.22,neutral,neutral,1,2.0,18,9722,0,
s33597,INJUSDT,1788657300000,val,1,2.86,0.6,3.61,3.51,1.13,2.78,1.92,1.31,1.31,1.11,0,0.08,neutral,alcista,0,0.562,32,9724,2,
s33598,SEIUSDT,1788657300000,val,1,2.18,0.559,2.56,2.38,2.08,2.1,1.49,1.0,0.97,1.11,0,0.08,neutral,alcista,0,-0.164,32,9724,7,
s33599,GRTUSDT,1788657300000,testA,1,2.85,0.761,3.31,2.99,1.69,2.76,1.55,2.37,1.82,1.81,1,0.08,neutral,neutral,1,2.0,17,9723,1,
s33600,INJUSDT,1788658200000,val,1,3.01,0.627,4.06,3.59,1.29,2.93,1.83,1.31,1.31,1.11,0,0.08,neutral,alcista,0,0.566,32,9725,3,
s33601,TIAUSDT,1788658200000,val,1,2.5,0.47,2.93,2.59,0.75,2.42,1.41,1.24,1.09,0.94,1,0.08,neutral,alcista,0,0.12,32,9725,3,
s33602,SEIUSDT,1788658200000,val,1,2.03,0.542,2.58,2.46,1.81,1.95,1.45,1.0,0.97,1.11,0,0.08,neutral,alcista,0,-0.242,32,9725,8,
s33603,PENDLEUSDT,1788658200000,val,1,3.61,0.379,5.56,3.71,3.22,3.53,2.0,1.5,1.28,0.91,1,0.08,neutral,neutral,0,0.804,32,9725,1,
s33604,GRTUSDT,1788658200000,testA,1,4.07,0.82,3.97,3.97,1.66,3.99,2.51,2.37,1.82,1.81,1,0.08,neutral,alcista,1,2.0,21,9724,2,
s33605,INJUSDT,1788659100000,val,1,3.0,0.627,4.15,3.8,1.25,2.95,1.87,1.31,1.31,1.11,0,0.05,neutral,alcista,0,0.43,32,9726,4,
s33606,GRTUSDT,1788659100000,testA,1,4.41,0.832,4.33,4.27,1.64,4.35,2.55,2.37,1.82,1.81,1,0.05,neutral,alcista,1,2.0,20,9725,3,
s33607,INJUSDT,1788660000000,val,1,3.33,0.667,4.16,4.04,1.3,3.23,1.87,1.46,1.37,1.18,1,0.09,neutral,alcista,0,0.223,32,9727,5,
s33608,GRTUSDT,1788660000000,testA,1,4.57,0.837,4.8,4.48,1.52,4.48,2.44,2.76,2.05,1.92,1,0.09,neutral,alcista,1,2.0,19,9726,4,
s33609,INJUSDT,1788660900000,val,1,4.08,0.847,4.54,4.17,1.45,3.95,1.93,1.46,1.37,1.18,1,0.13,neutral,alcista,0,0.117,32,9728,6,
s33610,GRTUSDT,1788660900000,testA,1,4.26,0.828,4.35,4.3,1.73,4.14,2.54,2.76,2.05,1.92,1,0.13,neutral,alcista,1,2.0,18,9727,5,
s33611,INJUSDT,1788661800000,val,1,4.65,0.905,4.68,4.58,1.14,4.51,2.11,1.46,1.37,1.18,1,0.14,neutral,alcista,0,0.013,32,9729,7,
s33612,GRTUSDT,1788661800000,testA,1,3.04,0.524,4.56,3.43,1.75,2.9,1.45,2.76,2.05,1.92,1,0.14,neutral,neutral,1,2.0,15,9728,0,
s33613,INJUSDT,1788662700000,val,1,4.04,0.723,5.08,3.98,1.25,3.89,1.44,1.46,1.37,1.18,1,0.14,neutral,neutral,0,0.158,32,9730,0,
s33614,JUPUSDT,1788662700000,val,1,2.67,0.407,4.41,4.06,1.47,2.53,1.72,1.07,1.09,0.94,0,0.14,neutral,alcista,1,2.0,24,9730,2,
s33615,GRTUSDT,1788662700000,testA,1,3.75,0.576,4.52,4.15,1.31,3.61,1.99,2.76,2.05,1.92,1,0.14,neutral,neutral,1,2.0,16,9729,1,
s33616,LDOUSDT,1788662700000,testA,-1,-2.97,0.355,3.27,3.06,0.99,-3.12,1.9,2.29,1.59,1.24,1,0.14,neutral,bajista,0,-0.661,32,9729,4,testA
s33617,PUMPUSDT,1788663600000,val,1,3.79,0.396,7.32,7.27,0.82,3.56,2.88,1.63,1.49,1.09,1,0.22,neutral,alcista,0,-0.115,32,9731,6,
s33618,INJUSDT,1788663600000,val,1,3.26,0.516,5.07,3.24,1.17,3.04,0.7,1.67,1.37,1.23,1,0.22,neutral,neutral,0,0.39,32,9731,0,
s33619,JUPUSDT,1788663600000,val,1,3.53,0.476,5.07,4.94,1.65,3.31,2.5,2.45,1.73,1.28,1,0.22,neutral,alcista,1,2.0,25,9731,3,
s33620,GRTUSDT,1788663600000,testA,1,4.42,0.645,4.71,4.61,0.96,4.2,2.15,3.06,2.24,2.04,1,0.22,neutral,alcista,1,2.0,16,9730,2,
s33621,INJUSDT,1788664500000,val,1,3.15,0.508,4.97,3.23,1.0,3.03,0.74,1.67,1.37,1.23,1,0.12,neutral,neutral,0,0.366,32,9732,1,
s33622,JUPUSDT,1788664500000,val,1,5.33,0.578,7.8,6.69,4.17,5.2,3.96,2.45,1.73,1.28,1,0.12,neutral,alcista,1,2.0,30,9732,4,
s33623,GRTUSDT,1788664500000,testA,1,3.75,0.523,4.84,4.15,0.78,3.63,1.46,3.06,2.24,2.04,1,0.12,neutral,neutral,1,2.0,14,9731,0,
s33624,INJUSDT,1788665400000,val,1,4.15,0.576,4.7,4.0,1.0,3.76,1.59,1.67,1.37,1.23,1,0.39,neutral,alcista,0,0.083,32,9733,2,
s33625,SEIUSDT,1788665400000,val,1,2.07,0.46,2.77,2.15,0.74,1.69,0.7,1.02,0.97,1.13,0,0.39,neutral,neutral,0,0.314,32,9733,1,
s33626,JUPUSDT,1788665400000,val,1,5.98,0.641,7.82,7.01,5,5.59,3.88,2.45,1.73,1.28,1,0.39,neutral,alcista,1,2.0,30,9733,5,
s33627,GRTUSDT,1788665400000,testA,1,4.35,0.56,4.69,4.64,0.72,3.96,2.09,3.06,2.24,2.04,1,0.39,neutral,neutral,1,2.0,14,9732,1,
s33628,INJUSDT,1788666300000,val,1,3.44,0.489,4.29,3.31,0.89,3.2,1.19,1.67,1.37,1.23,1,0.24,neutral,neutral,0,0.136,32,9734,0,
s33629,JUPUSDT,1788666300000,val,1,6.23,0.682,7.92,6.81,5,5.99,3.28,2.45,1.73,1.28,1,0.24,neutral,neutral,1,2.0,28,9734,0,
s33630,GRTUSDT,1788666300000,testA,1,4.84,0.587,5.45,5.19,0.95,4.6,2.45,3.06,2.24,2.04,1,0.24,neutral,alcista,1,2.0,13,9733,2,
s33631,PUMPUSDT,1788667200000,val,1,7.36,0.8,8.81,7.88,0.92,7.28,2.42,1.71,1.51,1.13,1,0.08,neutral,neutral,0,-0.286,32,9735,0,
s33632,INJUSDT,1788667200000,val,1,2.48,0.411,3.46,2.62,0.8,2.41,1.17,1.57,1.27,1.24,1,0.08,neutral,neutral,0,-0.082,32,9735,1,
s33633,JUPUSDT,1788667200000,val,1,6.94,0.752,7.26,6.49,5,6.86,3.26,3.0,1.86,1.41,1,0.08,neutral,neutral,1,2.0,27,9735,1,
s33634,GRTUSDT,1788667200000,testA,1,3.63,0.384,5.15,3.55,1.23,3.55,1.12,3.42,2.48,2.21,1,0.08,neutral,neutral,1,2.0,11,9734,0,
s33635,PUMPUSDT,1788668100000,val,1,5.52,0.62,7.1,5.43,0.9,5.51,1.57,1.71,1.51,1.13,1,0.0,neutral,neutral,0,-0.2,32,9736,0,
s33636,0GUSDT,1788668100000,val,-1,-2.26,0.529,3.03,2.57,0.83,-2.26,0.76,0.13,0.14,0.15,0,0.0,neutral,neutral,0,-1.0,30,9736,0,
s33637,JUPUSDT,1788668100000,val,1,5.93,0.701,6.71,5.81,2.97,5.93,2.86,3.0,1.86,1.41,1,0.0,neutral,neutral,1,2.0,26,9736,0,
s33638,STXUSDT,1788668100000,testA,-1,-2.43,0.402,3.21,3.06,0.56,-2.43,0.81,0.67,0.73,0.55,0,0.0,neutral,bajista,0,-0.321,32,9735,3,testA
s33639,LDOUSDT,1788668100000,testA,-1,-2.33,0.367,3.81,3.2,0.68,-2.33,1.05,1.45,1.64,1.26,0,0.0,neutral,bajista,0,-1.0,28,9735,3,testA
s33640,PUMPUSDT,1788669000000,val,1,4.03,0.547,6.26,4.64,0.7,3.97,1.55,1.71,1.51,1.13,1,0.06,neutral,neutral,0,-0.043,32,9737,1,
s33641,0GUSDT,1788669000000,val,-1,-2.31,0.548,3.03,2.46,0.76,-2.36,0.55,0.13,0.14,0.15,0,0.06,neutral,neutral,0,-1.0,29,9737,0,
s33642,JUPUSDT,1788669000000,val,1,6.12,0.722,6.62,5.81,1.67,6.06,2.72,3.0,1.86,1.41,1,0.06,neutral,neutral,1,2.0,25,9737,1,
s33643,STXUSDT,1788669000000,testA,-1,-2.11,0.368,3.44,3.06,0.6,-2.16,0.76,0.67,0.73,0.55,0,0.06,neutral,neutral,0,-0.21,32,9736,0,
s33644,XPLUSDT,1788669900000,val,-1,-2.27,0.366,3.95,3.06,1.39,-2.25,0.64,0.75,0.74,0.73,1,-0.01,neutral,neutral,0,0.504,32,9738,1,
s33645,PUMPUSDT,1788669900000,val,1,3.18,0.395,6.31,3.92,0.72,3.19,0.84,1.71,1.51,1.13,1,-0.01,neutral,neutral,0,0.12,32,9738,0,
s33646,STBLUSDT,1788669900000,val,-1,-2.06,0.5,2.92,2.22,1.19,-2.05,0.6,1.25,1.06,0.97,1,-0.01,neutral,neutral,0,-0.175,32,9738,0,
s33647,JUPUSDT,1788669900000,val,1,5.48,0.614,6.48,5.15,1.02,5.49,2.02,3.0,1.86,1.41,1,-0.01,neutral,neutral,1,2.0,22,9738,0,
s33648,STXUSDT,1788669900000,testA,-1,-2.43,0.44,3.02,2.72,0.46,-2.42,0.7,0.67,0.73,0.55,0,-0.01,neutral,neutral,0,-0.097,32,9737,1,
s33649,XPLUSDT,1788670800000,val,-1,-2.4,0.379,3.29,2.67,1.26,-2.22,0.96,0.76,0.71,0.73,0,-0.18,neutral,bajista,0,0.37,32,9739,2,
s33650,ENAUSDT,1788670800000,val,-1,-6.57,0.501,8.47,7.96,0.54,-6.39,1.85,1.94,1.47,0.9,1,-0.18,neutral,bajista,0,0.217,32,9739,2,
s33651,JUPUSDT,1788670800000,val,1,3.96,0.539,5.52,4.41,0.74,4.14,1.91,3.44,1.98,1.51,1,-0.18,neutral,neutral,1,2.0,21,9739,1,
s33652,JUPUSDT,1788671700000,val,1,4.3,0.608,5.53,4.25,0.59,4.38,1.58,3.44,1.98,1.51,1,-0.08,neutral,neutral,1,2.0,17,9740,0,
s33653,ENAUSDT,1788672600000,val,-1,-5.02,0.414,7.16,5.92,0.44,-5.08,1.15,1.94,1.47,0.9,1,0.07,neutral,neutral,0,0.292,32,9741,0,
s33654,JUPUSDT,1788672600000,val,1,3.48,0.464,5.57,3.67,0.54,3.42,0.87,3.44,1.98,1.51,1,0.07,neutral,neutral,1,2.0,15,9741,0,
s33655,GRTUSDT,1788672600000,testA,1,5.04,0.385,5.77,5.62,2.09,4.97,4.02,5.35,3.42,2.73,1,0.07,neutral,alcista,0,-0.064,32,9740,5,
s33656,LDOUSDT,1788672600000,testA,-1,-2.39,0.447,3.79,2.75,0.68,-2.46,0.47,1.32,1.61,1.25,0,0.07,neutral,neutral,0,-1.0,23,9740,0,
s33657,ENAUSDT,1788673500000,val,-1,-5.19,0.421,7.02,6.09,0.59,-5.24,1.95,1.94,1.47,0.9,1,0.06,neutral,neutral,0,0.213,32,9742,1,
s33658,JUPUSDT,1788673500000,val,1,2.98,0.401,5.54,3.42,0.63,2.93,0.37,3.44,1.98,1.51,1,0.06,neutral,neutral,1,2.0,14,9742,0,
s33659,PENDLEUSDT,1788673500000,val,1,3.14,0.392,5.6,5.4,3.13,3.08,3.52,2.21,1.69,1.17,1,0.06,neutral,alcista,0,-0.536,32,9742,4,
s33660,ARUSDT,1788673500000,testA,-1,-3.89,0.524,4.75,4.08,0.7,-3.95,0.89,1.39,1.88,2.12,0,0.06,neutral,neutral,0,0.5,32,9741,1,
s33661,GRTUSDT,1788673500000,testA,1,5.4,0.402,6.39,6.28,3.23,5.34,4.33,5.35,3.42,2.73,1,0.06,neutral,alcista,0,0.032,32,9741,6,
s33662,LDOUSDT,1788673500000,testA,-1,-2.27,0.418,3.79,2.65,0.66,-2.33,0.29,1.32,1.61,1.25,0,0.06,neutral,neutral,0,-1.0,22,9741,0,
s33663,ENAUSDT,1788674400000,val,-1,-4.88,0.404,5.73,5.17,0.63,-4.79,1.91,1.78,1.47,0.91,1,-0.09,neutral,bajista,0,0.172,32,9743,2,
s33664,PENDLEUSDT,1788674400000,val,1,3.16,0.394,5.7,5.15,4.45,3.25,3.09,2.52,1.87,1.28,1,-0.09,neutral,neutral,0,-0.669,32,9743,0,
s33665,ARUSDT,1788674400000,testA,-1,-3.49,0.493,4.49,4.05,0.77,-3.4,1.68,1.44,1.85,2.11,0,-0.09,neutral,bajista,0,0.358,32,9742,2,testA
s33666,GRTUSDT,1788674400000,testA,1,5.44,0.405,6.67,6.52,4.02,5.52,4.1,9.64,5.7,3.84,1,-0.09,neutral,alcista,0,-0.07,32,9742,7,
s33667,LDOUSDT,1788674400000,testA,-1,-2.08,0.396,3.24,2.25,0.71,-1.99,0.39,1.22,1.64,1.27,0,-0.09,neutral,neutral,0,-1.0,16,9742,1,
s33668,JUPUSDT,1788675300000,val,1,3.66,0.441,5.39,3.62,0.72,3.76,0.69,4.39,2.47,1.78,1,-0.1,neutral,neutral,1,2.0,12,9744,1,
s33669,PENDLEUSDT,1788675300000,val,1,3.01,0.367,5.73,4.74,4.44,3.11,2.27,2.52,1.87,1.28,1,-0.1,neutral,neutral,0,-0.688,32,9744,0,
s33670,ARUSDT,1788675300000,testA,-1,-3.69,0.507,4.58,4.51,0.87,-3.59,2.18,1.44,1.85,2.11,0,-0.1,neutral,bajista,0,0.338,32,9743,3,testA
s33671,GRTUSDT,1788675300000,testA,1,5.2,0.395,7.82,6.66,5,5.3,3.67,9.64,5.7,3.84,1,-0.1,neutral,alcista,0,-0.288,32,9743,8,
s33672,JUPUSDT,1788676200000,val,1,5.8,0.556,5.95,5.65,1.19,5.89,2.54,4.39,2.47,1.78,1,-0.08,neutral,alcista,1,2.0,17,9745,2,
s33673,PENDLEUSDT,1788676200000,val,1,3.87,0.461,5.7,5.2,4.36,3.95,2.53,2.52,1.87,1.28,1,-0.08,neutral,neutral,0,-0.71,32,9745,1,
s33674,GRTUSDT,1788676200000,testA,1,6.86,0.525,8.22,7.27,4.85,6.94,3.87,9.64,5.7,3.84,1,-0.08,neutral,alcista,0,-0.352,32,9744,8,
s33675,JUPUSDT,1788677100000,val,1,6.13,0.572,6.23,5.9,1.34,6.3,3.73,4.39,2.47,1.78,1,-0.17,neutral,alcista,1,2.0,17,9746,3,
s33676,PENDLEUSDT,1788677100000,val,1,5.48,0.641,6.1,5.96,1.56,5.65,3.06,2.52,1.87,1.28,1,-0.17,neutral,alcista,0,-0.726,32,9746,2,
s33677,PUMPUSDT,1788678000000,val,-1,-2.79,0.388,5.55,4.51,0.44,-2.46,1.17,1.48,1.42,1.24,1,-0.33,neutral,bajista,0,-0.112,32,9747,2,
s33678,ENAUSDT,1788678000000,val,-1,-4.35,0.429,5.44,4.86,0.74,-4.02,1.73,1.45,1.51,0.93,0,-0.33,neutral,neutral,0,0.14,32,9747,1,
s33679,JUPUSDT,1788678000000,val,1,5.29,0.538,6.47,5.6,1.88,5.61,3.52,5.6,3.05,2.1,1,-0.33,neutral,alcista,1,2.0,16,9747,4,
s33680,PENDLEUSDT,1788678000000,val,1,3.87,0.387,6.33,4.57,1.32,4.2,1.45,2.43,1.96,1.39,1,-0.33,neutral,neutral,0,-0.735,32,9747,0,
s33681,PUMPUSDT,1788678900000,val,-1,-3.49,0.548,5.54,4.35,0.49,-3.39,1.04,1.48,1.42,1.24,1,-0.1,neutral,neutral,0,-0.169,32,9748,0,
s33682,PUMPUSDT,1788679800000,val,-1,-3.79,0.629,5.46,4.15,0.51,-3.45,0.89,1.48,1.42,1.24,1,-0.34,neutral,neutral,0,0.335,32,9749,0,
s33683,PENDLEUSDT,1788679800000,val,1,4.0,0.374,6.3,5.01,1.29,4.34,1.78,2.43,1.96,1.39,1,-0.34,neutral,neutral,0,-0.752,32,9749,1,
s33684,PUMPUSDT,1788680700000,val,-1,-3.19,0.518,5.06,3.38,0.46,-2.91,0.56,1.48,1.42,1.24,1,-0.28,neutral,neutral,0,0.56,32,9750,0,
s33685,PENDLEUSDT,1788680700000,val,1,4.71,0.438,6.28,5.34,1.12,4.99,1.92,2.43,1.96,1.39,1,-0.28,neutral,alcista,0,-0.68,32,9750,2,
s33686,PUMPUSDT,1788681600000,val,-1,-3.45,0.536,4.82,3.8,0.51,-3.33,1.24,1.35,1.44,1.26,0,-0.13,neutral,neutral,0,0.487,32,9751,1,
s33687,TIAUSDT,1788681600000,val,1,2.71,0.424,3.76,3.38,2.48,2.84,1.81,1.23,1.29,1.06,0,-0.13,neutral,alcista,0,0.439,32,9751,4,
s33688,PENDLEUSDT,1788681600000,val,1,5.69,0.525,6.25,5.79,0.79,5.82,2.12,2.46,2.03,1.44,1,-0.13,neutral,alcista,0,-0.743,32,9751,3,
s33689,PENDLEUSDT,1788682500000,val,1,5.7,0.526,5.87,5.53,0.75,5.87,2.02,2.46,2.03,1.44,1,-0.16,neutral,alcista,0,-1.0,25,9752,4,
s33690,PENDLEUSDT,1788683400000,val,1,4.86,0.447,5.9,5.13,0.75,5.03,1.48,2.46,2.03,1.44,1,-0.17,neutral,neutral,0,-1.0,24,9753,0,
s33691,ASTERUSDT,1788684300000,val,-1,-2.89,0.409,6.16,4.34,0.46,-2.87,0.52,2.01,1.97,6.84,0,-0.02,neutral,neutral,0,0.392,32,9754,0,
s33692,JUPUSDT,1788684300000,val,1,5.02,0.397,6.87,6.54,0.76,5.04,2.91,6.04,3.37,2.27,1,-0.02,neutral,alcista,1,2.0,10,9754,2,
s33693,PENDLEUSDT,1788684300000,val,1,4.99,0.454,5.64,5.02,0.57,5.01,1.53,2.46,2.03,1.44,1,-0.02,neutral,neutral,0,-1.0,23,9754,1,
s33694,JUPUSDT,1788685200000,val,1,5.44,0.416,7.39,7.11,0.96,5.29,3.21,6.25,4.19,2.68,1,0.15,neutral,alcista,1,2.0,9,9755,3,
s33695,PENDLEUSDT,1788685200000,val,1,5.24,0.466,5.2,5.01,0.55,5.1,1.76,2.64,2.19,1.53,1,0.15,neutral,alcista,0,-1.0,22,9755,2,
s33696,FETUSDT,1788685200000,val,1,2.01,0.355,2.63,2.39,1.17,1.86,1.17,0.94,0.86,1.01,0,0.15,neutral,alcista,0,0.7,32,9754,2,
s33697,ASTERUSDT,1788686100000,val,-1,-2.78,0.392,5.64,2.92,0.59,-2.92,-0.27,2.06,1.95,6.69,0,0.14,neutral,neutral,0,1.026,32,9756,0,
s33698,FETUSDT,1788688800000,val,1,2.18,0.367,3.85,3.25,2.07,2.18,1.56,1.44,1.1,1.1,1,0.0,neutral,alcista,0,0.309,32,9758,3,
s33699,FETUSDT,1788689700000,val,1,2.91,0.471,3.83,3.71,2.14,2.73,1.78,1.44,1.1,1.1,1,0.18,neutral,alcista,0,0.27,32,9759,4,
s33700,LDOUSDT,1788689700000,testA,1,2.54,0.391,3.49,3.19,0.98,2.36,1.21,1.2,1.33,1.34,0,0.18,neutral,neutral,1,2.0,23,9759,1,
s33701,FETUSDT,1788690600000,val,1,3.58,0.522,4.56,4.33,2.45,3.32,2.21,1.44,1.1,1.1,1,0.26,neutral,alcista,0,0.27,32,9760,5,
s33702,WLDUSDT,1788691500000,val,1,3.86,0.403,5.62,5.09,2.83,3.58,3.31,1.38,1.11,1.06,1,0.28,neutral,alcista,0,-0.175,32,9762,3,
s33703,FETUSDT,1788691500000,val,1,3.81,0.538,4.84,4.66,3.25,3.53,2.34,1.44,1.1,1.1,1,0.28,neutral,alcista,0,0.15,32,9761,6,
s33704,0GUSDT,1788692400000,val,1,2.12,0.406,2.73,2.13,1.31,1.73,0.68,0.11,0.12,0.14,0,0.39,neutral,alcista,0,-1.0,16,9763,2,
s33705,WLDUSDT,1788692400000,val,1,4.56,0.504,5.4,4.43,3.66,4.17,2.5,1.63,1.29,1.08,1,0.39,neutral,neutral,0,-0.114,32,9763,0,
s33706,TIAUSDT,1788692400000,val,1,5.3,0.488,5.34,5.29,2.56,4.91,2.89,2.38,1.75,1.38,1,0.39,neutral,alcista,0,0.014,32,9763,4,
s33707,FETUSDT,1788692400000,val,1,3.9,0.552,4.75,3.81,1.8,3.51,1.55,1.68,1.23,1.13,1,0.39,neutral,neutral,0,0.308,32,9762,0,
s33708,LDOUSDT,1788692400000,testA,1,2.77,0.452,3.12,2.97,0.59,2.38,1.14,1.32,1.32,1.39,0,0.39,neutral,alcista,1,2.0,20,9762,2,
s33709,WLDUSDT,1788693300000,val,1,4.29,0.49,5.39,4.64,3.72,4.18,2.49,1.63,1.29,1.08,1,0.1,neutral,neutral,0,-0.15,32,9764,1,
s33710,TIAUSDT,1788693300000,val,1,5.83,0.512,6.13,5.53,1.81,5.72,3.06,2.38,1.75,1.38,1,0.1,neutral,alcista,0,-0.022,32,9764,5,
s33711,SEIUSDT,1788693300000,val,1,2.06,0.478,2.39,2.15,1.83,1.96,0.99,1.29,1.18,1.07,1,0.1,neutral,alcista,0,-1.0,13,9764,5,
s33712,FETUSDT,1788693300000,val,1,3.77,0.544,4.45,3.69,1.58,3.67,1.56,1.68,1.23,1.13,1,0.1,neutral,neutral,0,0.556,32,9763,1,
s33713,LDOUSDT,1788693300000,testA,1,3.57,0.56,3.76,3.4,0.97,3.46,1.47,1.32,1.32,1.39,0,0.1,neutral,alcista,0,0.826,32,9763,3,
s33714,ASTERUSDT,1788694200000,val,1,2.46,0.455,2.62,2.6,0.76,2.31,0.82,1.58,1.93,6.22,0,0.15,neutral,neutral,0,-1.0,11,9765,1,
s33715,WLDUSDT,1788694200000,val,1,3.38,0.433,5.38,4.73,2.68,3.23,2.34,1.63,1.29,1.08,1,0.15,neutral,alcista,0,-0.137,32,9765,2,
s33716,TIAUSDT,1788694200000,val,1,4.14,0.406,6.04,5.17,1.2,4.0,2.45,2.38,1.75,1.38,1,0.15,neutral,neutral,0,-0.063,32,9765,0,
s33717,FETUSDT,1788694200000,val,1,3.81,0.548,4.02,3.73,1.5,3.67,1.83,1.68,1.23,1.13,1,0.15,neutral,alcista,0,0.266,32,9764,2,
s33718,ASTERUSDT,1788695100000,val,1,2.07,0.415,3.23,2.62,1.18,1.93,0.94,1.58,1.93,6.22,0,0.14,neutral,alcista,0,-1.0,10,9766,2,
s33719,0GUSDT,1788695100000,val,1,2.35,0.434,3.2,2.85,0.97,2.21,1.75,0.11,0.12,0.14,0,0.14,neutral,alcista,0,-1.0,11,9766,5,
s33720,WLDUSDT,1788695100000,val,1,3.94,0.506,5.54,4.96,1.55,3.79,2.48,1.63,1.29,1.08,1,0.14,neutral,alcista,0,-0.203,32,9766,3,
s33721,ARBUSDT,1788695100000,val,-1,-3.92,0.396,8.15,6.77,0.61,-4.06,0.39,3.35,5.14,4.24,0,0.14,neutral,neutral,0,0.782,32,9766,0,
s33722,TIAUSDT,1788695100000,val,1,3.34,0.351,6.05,5.1,1.1,3.2,2.31,2.38,1.75,1.38,1,0.14,neutral,neutral,0,0.337,32,9766,0,
s33723,FETUSDT,1788695100000,val,1,3.25,0.509,3.96,3.55,1.02,3.11,1.8,1.68,1.23,1.13,1,0.14,neutral,alcista,0,0.131,32,9765,3,
s33724,WLDUSDT,1788696000000,val,1,4.5,0.54,6.42,5.71,1.37,4.42,2.9,1.99,1.48,1.14,1,0.07,neutral,alcista,0,-0.3,32,9767,4,
s33725,FETUSDT,1788696000000,val,1,2.69,0.455,3.91,3.44,0.94,2.62,1.53,1.81,1.28,1.11,1,0.07,neutral,neutral,0,0.695,32,9766,0,
s33726,GRTUSDT,1788696000000,testA,-1,-3.42,0.357,5.51,5.01,0.35,-3.49,1.65,21.14,16.63,9.09,1,0.07,neutral,bajista,0,0.414,32,9766,2,testA
s33727,LDOUSDT,1788696000000,testA,1,2.43,0.35,3.33,3.01,1.67,2.36,1.81,1.68,1.46,1.49,0,0.07,neutral,alcista,1,2.0,17,9766,2,
s33728,WLDUSDT,1788696900000,val,1,5.79,0.748,6.4,5.97,1.22,5.58,2.75,1.99,1.48,1.14,1,0.21,neutral,alcista,0,-0.313,32,9768,5,
s33729,FETUSDT,1788696900000,val,1,2.77,0.469,3.87,2.82,0.9,2.56,0.79,1.81,1.28,1.11,1,0.21,neutral,neutral,0,1.229,32,9767,0,
s33730,LDOUSDT,1788696900000,testA,1,3.72,0.487,4.41,3.88,2.05,3.51,2.43,1.68,1.46,1.49,0,0.21,neutral,alcista,0,0.287,32,9767,3,
s33731,WLDUSDT,1788697800000,val,1,5.63,0.709,6.43,5.59,1.36,5.45,2.15,1.99,1.48,1.14,1,0.18,neutral,neutral,0,-0.311,32,9769,0,
s33732,TIAUSDT,1788697800000,val,1,3.67,0.429,6.14,3.69,0.77,3.48,0.21,2.6,1.81,1.44,1,0.18,neutral,neutral,0,1.637,32,9769,0,
s33733,SEIUSDT,1788697800000,val,1,2.02,0.574,2.55,2.02,1.42,1.84,0.57,1.36,1.18,1.06,1,0.18,neutral,neutral,0,-1.0,7,9769,0,
s33734,FETUSDT,1788697800000,val,1,2.41,0.385,3.88,2.47,0.73,2.23,0.32,1.81,1.28,1.11,1,0.18,neutral,neutral,0,1.619,32,9768,0,
s33735,LDOUSDT,1788697800000,testA,1,3.82,0.497,4.38,3.92,2.11,3.64,2.18,1.68,1.46,1.49,0,0.18,neutral,alcista,0,0.21,32,9768,4,
s33736,XPLUSDT,1788698700000,val,-1,-2.18,0.446,3.29,3.1,1.11,-2.28,1.38,0.82,0.81,0.76,1,0.09,neutral,bajista,0,0.326,32,9770,5,
s33737,WLDUSDT,1788698700000,val,1,5.77,0.714,6.31,5.55,1.4,5.68,2.26,1.99,1.48,1.14,1,0.09,neutral,neutral,0,-0.432,32,9770,1,
s33738,PENDLEUSDT,1788698700000,val,-1,-2.61,0.524,3.73,3.6,1.58,-2.7,1.78,2.0,2.3,1.67,0,0.09,neutral,bajista,0,-0.28,32,9770,4,
s33739,ARUSDT,1788698700000,testA,-1,-2.75,0.382,4.2,3.52,2.37,-2.85,1.43,0.98,1.22,1.94,0,0.09,neutral,bajista,0,-1.0,28,9769,2,testA
s33740,GRTUSDT,1788698700000,testA,-1,-5.58,0.722,7.88,7.73,0.66,-5.67,3.34,21.14,16.63,9.09,1,0.09,neutral,bajista,0,-0.074,32,9769,5,testA
s33741,LDOUSDT,1788698700000,testA,1,4.18,0.52,4.54,4.28,2.35,4.09,2.56,1.68,1.46,1.49,0,0.09,neutral,alcista,0,-0.062,32,9769,5,
s33742,XPLUSDT,1788699600000,val,-1,-2.53,0.563,3.28,2.82,1.22,-2.48,0.93,0.78,0.82,0.74,0,-0.06,neutral,neutral,0,0.685,32,9771,0,
s33743,WLDUSDT,1788699600000,val,1,4.56,0.585,5.72,4.5,1.0,4.61,1.75,2.2,1.6,1.18,1,-0.06,neutral,neutral,0,-0.27,32,9771,0,
s33744,ENAUSDT,1788699600000,val,-1,-3.11,0.481,4.12,3.34,1.22,-3.05,1.12,0.85,1.16,1.08,0,-0.06,neutral,neutral,0,-0.791,32,9771,1,
s33745,ARBUSDT,1788699600000,val,-1,-3.92,0.404,5.76,4.91,1.57,-3.86,2.28,3.02,4.17,4.53,0,-0.06,neutral,bajista,0,0.391,32,9771,4,
s33746,OPUSDT,1788699600000,val,-1,-2.11,0.385,3.31,2.71,0.61,-2.05,0.81,1.32,1.66,2.02,0,-0.06,neutral,neutral,0,-0.471,32,9771,1,
s33747,PENDLEUSDT,1788699600000,val,-1,-2.92,0.629,4.06,3.49,1.4,-2.87,1.53,1.85,2.19,1.74,0,-0.06,neutral,neutral,0,-0.316,32,9771,0,
s33748,ARUSDT,1788699600000,testA,-1,-2.85,0.402,3.65,2.97,2.39,-2.79,1.19,0.79,1.03,1.9,0,-0.06,neutral,neutral,0,-1.0,27,9770,0,
s33749,GRTUSDT,1788699600000,testA,-1,-5.46,0.7,7.63,6.7,0.72,-5.4,2.38,11.63,17.02,9.26,0,-0.06,neutral,neutral,0,-0.054,32,9770,0,
s33750,LDOUSDT,1788699600000,testA,1,4.05,0.513,4.9,4.35,2.53,4.1,2.42,1.88,1.57,1.57,0,-0.06,neutral,alcista,0,-0.039,32,9770,6,
s33751,ENAUSDT,1788700500000,val,-1,-2.86,0.459,3.72,3.21,1.39,-2.64,1.3,0.85,1.16,1.08,0,-0.22,neutral,bajista,0,-1.0,30,9772,2,
s33752,OPUSDT,1788700500000,val,-1,-2.12,0.386,3.09,2.69,0.59,-1.9,0.86,1.32,1.66,2.02,0,-0.22,neutral,bajista,0,-0.637,32,9772,2,
s33753,PENDLEUSDT,1788700500000,val,-1,-3.36,0.66,4.06,3.93,1.68,-3.14,2.26,1.85,2.19,1.74,0,-0.22,neutral,neutral,0,-0.6,32,9772,1,
s33754,GRTUSDT,1788700500000,testA,-1,-5.49,0.711,7.36,6.22,0.84,-5.27,1.77,11.63,17.02,9.26,0,-0.22,neutral,neutral,0,-0.099,32,9771,0,
s33755,LDOUSDT,1788700500000,testA,1,3.66,0.44,4.94,3.61,1.93,3.88,1.48,1.88,1.57,1.57,0,-0.22,neutral,neutral,0,-0.101,32,9771,0,
s33756,WLDUSDT,1788701400000,val,1,3.88,0.408,5.68,3.9,1.07,3.97,1.04,2.2,1.6,1.18,1,-0.08,neutral,neutral,0,-0.031,32,9773,1,
s33757,PENDLEUSDT,1788701400000,val,-1,-3.08,0.575,3.7,3.2,1.54,-2.99,1.82,1.85,2.19,1.74,0,-0.08,neutral,neutral,0,-0.702,32,9773,0,
s33758,GRTUSDT,1788701400000,testA,-1,-4.92,0.62,7.33,5.79,0.65,-4.84,1.51,11.63,17.02,9.26,0,-0.08,neutral,neutral,0,-0.018,32,9772,0,
s33759,LDOUSDT,1788701400000,testA,1,2.65,0.365,4.3,3.12,1.83,2.74,1.42,1.88,1.57,1.57,0,-0.08,neutral,neutral,0,-0.023,32,9772,1,
s33760,WLDUSDT,1788702300000,val,1,3.56,0.368,5.69,3.67,0.91,3.63,0.63,2.2,1.6,1.18,1,-0.07,neutral,neutral,0,0.471,32,9774,0,
s33761,PENDLEUSDT,1788702300000,val,-1,-2.47,0.497,3.69,3.08,1.3,-2.4,1.61,1.85,2.19,1.74,0,-0.07,neutral,neutral,0,-0.622,32,9774,0,
s33762,GRTUSDT,1788702300000,testA,-1,-3.65,0.401,6.83,4.05,0.66,-3.58,0.29,11.63,17.02,9.26,0,-0.07,neutral,neutral,0,0.337,32,9773,0,
s33763,LDOUSDT,1788702300000,testA,1,3.12,0.404,4.25,3.63,1.62,3.19,1.76,1.88,1.57,1.57,0,-0.07,neutral,alcista,0,-0.172,32,9773,2,
s33764,WLDUSDT,1788703200000,val,1,3.66,0.382,5.64,3.58,0.82,3.87,0.49,2.55,1.77,1.27,1,-0.21,neutral,neutral,0,-0.04,32,9775,0,
s33765,PENDLEUSDT,1788703200000,val,-1,-3.05,0.549,4.3,3.94,1.02,-2.84,2.12,1.89,2.23,1.81,0,-0.21,neutral,neutral,0,-0.545,32,9775,1,
s33766,ARUSDT,1788703200000,testA,-1,-2.31,0.354,3.43,3.12,0.77,-2.1,1.18,0.91,0.98,1.82,0,-0.21,neutral,bajista,0,-1.0,20,9774,3,testA
s33767,LDOUSDT,1788703200000,testA,1,3.9,0.492,4.38,4.07,1.29,4.12,2.07,2.66,1.93,1.77,1,-0.21,neutral,alcista,0,-0.424,32,9774,3,
s33768,ASTERUSDT,1788704100000,val,-1,-3.19,0.484,5.76,5.21,3.88,-2.8,3.03,1.79,1.94,2.57,0,-0.39,neutral,bajista,0,-0.86,32,9776,6,
s33769,OPUSDT,1788704100000,val,-1,-2.25,0.357,2.97,2.74,1.35,-1.86,1.48,1.42,1.54,2.11,0,-0.39,neutral,bajista,0,-1.0,9,9776,2,
s33770,PENDLEUSDT,1788704100000,val,-1,-3.54,0.642,4.45,4.19,0.85,-3.15,2.13,1.89,2.23,1.81,0,-0.39,neutral,bajista,0,-0.571,32,9776,2,
s33771,ARUSDT,1788704100000,testA,-1,-3.1,0.463,4.27,3.62,1.36,-2.71,1.51,0.91,0.98,1.82,0,-0.39,neutral,bajista,0,-1.0,19,9775,4,testA
s33772,ASTERUSDT,1788705000000,val,-1,-2.74,0.392,5.8,4.2,4.21,-2.35,1.9,1.79,1.94,2.57,0,-0.39,neutral,neutral,0,-0.824,32,9777,0,
s33773,PENDLEUSDT,1788705000000,val,-1,-3.31,0.617,5.61,4.15,1.1,-2.93,1.83,1.89,2.23,1.81,0,-0.39,neutral,neutral,0,-0.664,32,9777,0,
s33774,ARUSDT,1788705000000,testA,-1,-2.81,0.438,4.27,3.62,1.71,-2.42,1.42,0.91,0.98,1.82,0,-0.39,neutral,bajista,0,-1.0,18,9776,5,testA
s33775,ASTERUSDT,1788705900000,val,-1,-2.97,0.442,5.8,4.14,3.99,-2.4,1.65,1.79,1.94,2.57,0,-0.57,neutral,neutral,0,-0.797,32,9778,0,
s33776,ARBUSDT,1788705900000,val,-1,-4.63,0.39,6.95,5.45,1.45,-4.06,2.59,2.72,4.03,4.73,0,-0.57,neutral,neutral,0,-0.301,32,9778,0,
s33777,SEIUSDT,1788705900000,val,-1,-2.36,0.404,4.41,3.38,2.06,-1.79,1.77,1.84,1.36,1.17,1,-0.57,neutral,bajista,0,-1.0,28,9778,5,
s33778,PENDLEUSDT,1788705900000,val,-1,-3.17,0.576,5.51,3.91,1.19,-2.6,1.5,1.89,2.23,1.81,0,-0.57,neutral,neutral,0,-0.586,32,9778,0,
s33779,ARUSDT,1788705900000,testA,-1,-2.96,0.476,4.12,3.05,1.82,-2.39,0.89,0.91,0.98,1.82,0,-0.57,neutral,neutral,0,-1.0,17,9777,0,
s33780,STXUSDT,1788705900000,testA,-1,-2.08,0.389,3.83,2.58,1.69,-1.51,0.68,0.46,0.43,0.56,0,-0.57,neutral,neutral,0,-1.0,20,9777,1,
s33781,ASTERUSDT,1788706800000,val,-1,-3.22,0.462,5.83,4.72,3.68,-2.68,1.98,1.78,1.96,2.34,0,-0.55,neutral,neutral,0,-0.776,32,9779,1,
s33782,XPLUSDT,1788706800000,val,-1,-2.06,0.448,4.06,2.54,2.5,-1.51,0.93,0.81,0.88,0.78,0,-0.55,neutral,bajista,0,0.483,32,9779,2,
s33783,ARBUSDT,1788706800000,val,-1,-5.1,0.412,8.58,6.1,1.97,-4.55,2.84,2.88,3.93,4.92,0,-0.55,neutral,neutral,0,-0.352,32,9779,1,
s33784,PENDLEUSDT,1788706800000,val,-1,-3.5,0.6,5.53,4.39,1.07,-2.95,1.8,1.68,2.22,1.85,0,-0.55,neutral,neutral,0,-0.686,32,9779,1,
s33785,ARUSDT,1788706800000,testA,-1,-2.42,0.424,3.52,2.96,2.04,-1.87,1.31,0.95,0.99,1.68,0,-0.55,neutral,neutral,0,-1.0,14,9778,1,
s33786,GRTUSDT,1788706800000,testA,-1,-3.02,0.37,4.26,3.89,0.74,-2.47,1.68,4.91,16.86,9.63,0,-0.55,neutral,neutral,0,-0.4,32,9778,1,
s33787,ASTERUSDT,1788707700000,val,-1,-3.02,0.434,5.82,4.62,1.12,-2.69,1.78,1.78,1.96,2.34,0,-0.33,neutral,neutral,0,-0.723,32,9780,0,
s33788,ARBUSDT,1788707700000,val,-1,-4.63,0.386,8.58,6.07,1.8,-4.3,2.53,2.88,3.93,4.92,0,-0.33,neutral,neutral,0,-0.407,32,9780,0,
s33789,TIAUSDT,1788707700000,val,-1,-2.93,0.428,5.75,3.42,1.02,-2.6,0.81,3.03,2.18,1.69,1,-0.33,neutral,neutral,0,-1.0,18,9780,1,
s33790,SEIUSDT,1788707700000,val,-1,-2.29,0.376,4.39,2.91,1.64,-1.96,1.14,1.78,1.37,1.17,1,-0.33,neutral,neutral,0,-1.0,26,9780,1,
s33791,PENDLEUSDT,1788707700000,val,-1,-4.01,0.745,5.49,4.39,0.84,-3.68,1.65,1.68,2.22,1.85,0,-0.33,neutral,bajista,0,-0.691,32,9780,2,
s33792,ARUSDT,1788707700000,testA,-1,-2.13,0.391,3.56,3.11,1.07,-1.8,1.27,0.95,0.99,1.68,0,-0.33,neutral,bajista,0,-1.0,13,9779,2,testA
s33793,ASTERUSDT,1788708600000,val,-1,-3.51,0.548,5.8,4.28,0.54,-3.17,1.36,1.78,1.96,2.34,0,-0.34,neutral,neutral,0,-0.84,32,9781,0,
s33794,SEIUSDT,1788708600000,val,-1,-2.51,0.429,4.39,2.88,0.52,-2.17,1.04,1.78,1.37,1.17,1,-0.34,neutral,neutral,0,-1.0,25,9781,0,
s33795,PENDLEUSDT,1788708600000,val,-1,-3.61,0.701,5.22,4.05,0.55,-3.28,1.42,1.68,2.22,1.85,0,-0.34,neutral,neutral,0,-0.849,32,9781,0,
s33796,ASTERUSDT,1788709500000,val,-1,-3.16,0.469,5.32,3.44,0.47,-2.91,0.86,1.78,1.96,2.34,0,-0.25,neutral,neutral,0,-1.0,31,9782,0,
s33797,PENDLEUSDT,1788709500000,val,-1,-3.17,0.566,5.15,3.49,0.57,-2.92,0.83,1.68,2.22,1.85,0,-0.25,neutral,neutral,0,-0.843,32,9782,0,
s33798,LDOUSDT,1788709500000,testA,1,4.86,0.36,4.78,4.73,1.29,5.12,2.88,3.28,2.28,1.96,1,-0.25,neutral,alcista,0,-0.393,32,9781,3,
s33799,ASTERUSDT,1788710400000,val,-1,-2.74,0.387,5.12,2.85,0.42,-2.45,0.41,1.77,1.88,2.12,0,-0.29,neutral,neutral,0,-1.0,26,9783,0,
s33800,WLDUSDT,1788710400000,val,-1,-2.52,0.371,5.07,3.63,0.38,-2.23,0.68,2.24,1.82,1.28,1,-0.29,neutral,neutral,0,-0.966,32,9783,0,
s33801,SEIUSDT,1788710400000,val,-1,-2.25,0.42,4.37,2.78,0.37,-1.95,0.85,1.78,1.37,1.15,1,-0.29,neutral,neutral,0,-1.0,23,9783,1,
s33802,PENDLEUSDT,1788710400000,val,-1,-3.22,0.569,5.16,3.72,0.52,-2.92,1.02,1.71,2.26,1.88,0,-0.29,neutral,neutral,0,-0.721,32,9783,1,
s33803,LDOUSDT,1788710400000,testA,1,5.33,0.384,6.06,5.85,1.55,5.62,3.84,4.01,2.64,2.17,1,-0.29,neutral,alcista,0,-0.603,32,9782,4,
s33804,WLDUSDT,1788711300000,val,-1,-2.42,0.352,5.05,3.23,0.42,-2.11,0.28,2.24,1.82,1.28,1,-0.31,neutral,neutral,0,-1.0,32,9784,0,
s33805,PENDLEUSDT,1788711300000,val,-1,-2.5,0.4,4.69,2.59,0.68,-2.19,0.27,1.71,2.26,1.88,0,-0.31,neutral,neutral,0,-1.0,21,9784,0,
s33806,LDOUSDT,1788711300000,testA,1,4.77,0.36,6.57,6.24,1.91,5.08,3.97,4.01,2.64,2.17,1,-0.31,neutral,alcista,0,-0.615,32,9783,5,
s33807,PUMPUSDT,1788713100000,val,-1,-4.97,0.444,8.09,5.65,2.33,-4.68,2.4,1.53,1.36,1.42,0,-0.29,neutral,bajista,0,-0.631,32,9786,2,
s33808,ASTERUSDT,1788714000000,val,-1,-2.42,0.361,4.36,2.73,0.28,-2.11,0.83,1.67,1.67,1.91,0,-0.31,neutral,bajista,0,-1.0,15,9787,4,
s33809,PUMPUSDT,1788714000000,val,-1,-6.12,0.506,8.18,6.81,2.27,-5.81,3.21,1.6,1.24,1.4,0,-0.31,neutral,bajista,0,-1.0,32,9787,3,
s33810,SEIUSDT,1788714000000,val,-1,-2.26,0.446,4.15,2.38,0.36,-1.95,0.49,1.39,1.35,1.14,1,-0.31,neutral,neutral,0,-1.0,17,9787,1,
s33811,PUMPUSDT,1788714900000,val,-1,-5.0,0.452,8.18,6.84,2.21,-4.88,3.06,1.6,1.24,1.4,0,-0.12,neutral,bajista,0,-1.0,31,9788,4,
s33812,PUMPUSDT,1788715800000,val,-1,-4.86,0.439,8.1,5.81,0.71,-4.79,1.91,1.6,1.24,1.4,0,-0.07,neutral,neutral,0,-1.0,30,9789,0,
s33813,ARBUSDT,1788715800000,val,-1,-4.18,0.366,7.8,5.83,0.59,-4.11,1.76,2.81,3.22,5.01,0,-0.07,neutral,bajista,0,-0.455,32,9789,5,
s33814,PUMPUSDT,1788716700000,val,-1,-5.49,0.496,8.03,6.09,0.57,-5.38,2.07,1.6,1.24,1.4,0,-0.11,neutral,neutral,0,-1.0,29,9790,1,
s33815,ARBUSDT,1788716700000,val,-1,-5.4,0.466,6.94,5.71,0.68,-5.29,2.23,2.81,3.22,5.01,0,-0.11,neutral,bajista,0,-0.658,32,9790,6,
s33816,GRTUSDT,1788716700000,testA,-1,-2.28,0.398,3.0,2.33,0.56,-2.17,0.48,3.23,15.58,9.76,0,-0.11,neutral,bajista,0,0.156,32,9789,4,
s33817,TIAUSDT,1788718500000,val,1,2.15,0.356,4.52,4.04,0.88,1.83,0.75,1.95,2.33,1.73,0,0.32,neutral,neutral,1,2.0,11,9792,0,
s33818,FETUSDT,1788718500000,val,1,2.14,0.36,3.09,2.97,0.39,1.82,0.8,1.77,1.81,1.24,0,0.32,neutral,alcista,0,0.157,32,9791,2,
s33819,ARUSDT,1788718500000,testA,1,2.65,0.467,3.32,3.25,0.5,2.33,1.5,0.81,0.9,1.42,0,0.32,neutral,alcista,0,0.124,32,9791,2,
s33820,TIAUSDT,1788719400000,val,1,2.69,0.409,3.52,3.14,1.1,2.39,1.16,1.95,2.33,1.73,0,0.3,neutral,neutral,1,2.0,10,9793,1,
s33821,FETUSDT,1788719400000,val,1,2.61,0.407,3.76,3.12,0.68,2.31,1.4,1.77,1.81,1.24,0,0.3,neutral,alcista,0,0.481,32,9792,3,
s33822,ARUSDT,1788719400000,testA,1,2.65,0.467,3.49,3.25,0.59,2.35,1.39,0.81,0.9,1.42,0,0.3,neutral,neutral,0,0.412,32,9792,0,
s33823,FETUSDT,1788720300000,val,1,2.31,0.364,3.76,3.01,0.89,1.8,1.2,1.77,1.81,1.24,0,0.51,neutral,neutral,0,0.192,32,9793,0,
s33824,ARUSDT,1788720300000,testA,1,2.54,0.457,3.75,3.55,0.77,2.03,1.57,0.81,0.9,1.42,0,0.51,neutral,neutral,0,0.198,32,9793,1,
s33825,STXUSDT,1788720300000,testA,1,2.13,0.571,2.68,2.64,0.79,1.62,1.07,0.47,0.43,0.5,0,0.51,neutral,alcista,0,-1.0,26,9793,8,
s33826,PENDLEUSDT,1788721200000,val,1,2.24,0.412,2.78,2.51,0.47,1.83,0.99,1.23,1.57,1.8,0,0.41,neutral,neutral,0,-0.025,32,9795,1,
s33827,FETUSDT,1788721200000,val,1,2.44,0.39,3.65,2.73,1.01,2.03,1.09,1.74,1.82,1.27,0,0.41,neutral,neutral,0,0.064,32,9794,0,
s33828,ARUSDT,1788721200000,testA,1,3.41,0.631,4.2,3.87,0.77,3.0,1.79,0.79,0.8,1.22,0,0.41,neutral,alcista,0,0.095,32,9794,2,
s33829,PUMPUSDT,1788722100000,val,-1,-3.34,0.383,6.08,3.59,0.49,-3.61,0.65,1.57,1.26,1.33,0,0.27,neutral,bajista,0,-1.0,8,9796,2,
s33830,ENAUSDT,1788722100000,val,1,2.53,0.474,3.09,2.94,0.86,2.26,1.07,0.71,0.78,1.13,0,0.27,neutral,neutral,0,-0.333,32,9796,1,
s33831,TIAUSDT,1788722100000,val,1,2.89,0.386,3.38,3.08,1.49,2.62,1.48,2.0,2.53,1.84,0,0.27,neutral,alcista,1,2.0,7,9796,2,
s33832,PENDLEUSDT,1788722100000,val,1,2.67,0.462,2.93,2.86,0.52,2.4,1.22,1.23,1.57,1.8,0,0.27,neutral,alcista,0,-0.333,32,9796,2,
s33833,FETUSDT,1788722100000,val,1,3.44,0.475,3.85,3.73,1.31,3.18,1.89,1.74,1.82,1.27,0,0.27,neutral,neutral,0,-0.323,32,9795,1,
s33834,ARUSDT,1788722100000,testA,1,3.35,0.61,3.84,3.31,0.87,3.08,1.43,0.79,0.8,1.22,0,0.27,neutral,neutral,0,-0.091,32,9795,0,
s33835,ENAUSDT,1788723000000,val,1,2.79,0.498,3.29,3.26,0.82,2.64,1.3,0.71,0.78,1.13,0,0.15,neutral,alcista,0,-0.591,32,9797,2,
s33836,PENDLEUSDT,1788723000000,val,1,2.7,0.466,2.8,2.78,0.5,2.55,1.2,1.23,1.57,1.8,0,0.15,neutral,alcista,0,-0.547,32,9797,3,
s33837,ARUSDT,1788723000000,testA,1,3.44,0.617,3.76,3.4,0.81,3.29,1.52,0.79,0.8,1.22,0,0.15,neutral,neutral,0,-0.314,32,9796,1,
s33838,ASTERUSDT,1788723900000,val,1,2.01,0.489,2.51,2.51,0.88,1.85,1.64,1.41,1.32,1.74,0,0.16,neutral,neutral,0,0.226,32,9798,1,
s33839,STBLUSDT,1788723900000,val,-1,-2.06,0.93,2.38,2.15,0.88,-2.22,0.89,0.98,1.94,1.49,0,0.16,neutral,bajista,0,-0.148,32,9798,4,
s33840,ENAUSDT,1788723900000,val,1,2.37,0.393,3.42,2.84,0.76,2.21,0.81,0.71,0.78,1.13,0,0.16,neutral,neutral,0,-0.54,32,9798,0,
s33841,TIAUSDT,1788723900000,val,1,3.26,0.372,4.36,4.23,2.91,3.1,2.55,2.0,2.53,1.84,0,0.16,neutral,neutral,1,2.0,12,9798,1,
s33842,PENDLEUSDT,1788723900000,val,1,2.66,0.463,3.25,3.21,0.48,2.5,1.55,1.23,1.57,1.8,0,0.16,neutral,alcista,0,-0.712,32,9798,4,
s33843,ARUSDT,1788723900000,testA,1,3.75,0.637,4.48,3.75,0.95,3.59,1.77,0.79,0.8,1.22,0,0.16,neutral,alcista,0,-0.15,32,9797,2,
s33844,TIAUSDT,1788724800000,val,1,3.23,0.37,4.6,4.33,3.08,3.07,2.42,2.32,2.77,2.03,0,0.16,neutral,alcista,1,2.0,13,9799,2,
s33845,PENDLEUSDT,1788724800000,val,1,2.47,0.414,3.23,2.72,0.65,2.31,1.04,1.01,1.47,1.8,0,0.16,neutral,neutral,0,-0.583,32,9799,0,
s33846,FETUSDT,1788724800000,val,1,3.05,0.388,4.1,3.87,2.38,2.89,2.28,1.91,2.03,1.39,0,0.16,neutral,neutral,0,-0.309,32,9798,1,
s33847,ARUSDT,1788724800000,testA,1,2.8,0.526,3.72,2.79,0.96,2.64,1.44,0.59,0.76,1.07,0,0.16,neutral,neutral,0,0.19,32,9798,0,
s33848,LDOUSDT,1788724800000,testA,-1,-3.02,0.471,4.67,3.88,0.37,-3.18,0.21,2.84,2.81,2.3,1,0.16,neutral,neutral,0,0.944,32,9798,0,
s33849,ARBUSDT,1788725700000,val,-1,-3.88,0.504,5.43,4.13,0.53,-4.15,0.93,1.86,2.37,4.63,0,0.26,neutral,neutral,0,-1.0,5,9800,1,
s33850,TIAUSDT,1788725700000,val,1,4.69,0.462,6.33,6.21,3.51,4.43,3.93,2.32,2.77,2.03,0,0.26,neutral,alcista,1,2.0,16,9800,3,
s33851,FETUSDT,1788725700000,val,1,3.1,0.393,4.54,4.31,3.11,2.84,2.39,1.91,2.03,1.39,0,0.26,neutral,alcista,0,-0.421,32,9799,2,
s33852,LDOUSDT,1788725700000,testA,-1,-3.49,0.579,4.36,3.64,0.41,-3.75,0.46,2.84,2.81,2.3,1,0.26,neutral,neutral,0,1.007,32,9799,1,
s33853,ASTERUSDT,1788726600000,val,1,2.07,0.482,2.9,2.73,2.0,1.79,1.33,0.73,1.27,1.67,0,0.28,neutral,alcista,0,-0.005,32,9801,2,
s33854,TIAUSDT,1788726600000,val,1,5.64,0.536,6.91,6.77,4.15,5.36,4.05,2.32,2.77,2.03,0,0.28,neutral,alcista,1,2.0,15,9801,4,
s33855,PENDLEUSDT,1788726600000,val,1,2.27,0.429,3.22,2.87,0.96,1.99,0.92,1.01,1.47,1.8,0,0.28,neutral,neutral,0,-0.443,32,9801,1,
s33856,FETUSDT,1788726600000,val,1,3.51,0.448,4.7,4.47,3.27,3.24,2.17,1.91,2.03,1.39,0,0.28,neutral,alcista,0,-0.418,32,9800,3,
s33857,LDOUSDT,1788726600000,testA,-1,-2.3,0.471,3.12,2.62,0.44,-2.58,0.81,2.84,2.81,2.3,1,0.28,neutral,bajista,0,1.275,32,9800,2,
s33858,ASTERUSDT,1788727500000,val,1,2.39,0.542,3.01,2.93,1.45,2.1,1.33,0.73,1.27,1.67,0,0.28,neutral,alcista,0,0.035,32,9802,3,
s33859,PUMPUSDT,1788727500000,val,1,2.63,0.352,4.18,4.11,0.99,2.35,1.98,1.48,1.25,1.33,0,0.28,neutral,neutral,0,0.611,32,9802,1,
s33860,TIAUSDT,1788727500000,val,1,5.36,0.497,7.12,6.48,2.53,5.08,3.34,2.32,2.77,2.03,0,0.28,neutral,neutral,1,2.0,14,9802,0,
s33861,PENDLEUSDT,1788727500000,val,1,2.62,0.526,3.21,2.86,0.9,2.34,0.86,1.01,1.47,1.8,0,0.28,neutral,alcista,0,-0.334,32,9802,2,
s33862,FETUSDT,1788727500000,val,1,3.16,0.403,4.88,4.31,3.02,2.88,1.87,1.91,2.03,1.39,0,0.28,neutral,neutral,0,-0.25,32,9801,0,
s33863,LDOUSDT,1788727500000,testA,-1,-2.44,0.486,3.2,2.65,0.79,-2.72,1.25,2.84,2.81,2.3,1,0.28,neutral,bajista,0,1.055,32,9801,3,
s33864,ASTERUSDT,1788728400000,val,1,2.81,0.673,3.18,2.98,1.22,2.35,1.3,0.62,1.21,1.63,0,0.46,neutral,alcista,0,-0.069,32,9803,4,
s33865,PUMPUSDT,1788728400000,val,1,4.29,0.615,4.59,4.49,1.19,3.82,2.17,1.33,1.25,1.31,0,0.46,neutral,alcista,0,0.871,32,9803,2,
s33866,ENAUSDT,1788728400000,val,1,2.5,0.62,2.73,2.45,0.99,2.03,0.82,0.57,0.71,1.09,0,0.46,neutral,neutral,0,-1.0,18,9803,1,
s33867,SUIUSDT,1788728400000,val,1,2.06,0.456,3.29,2.7,5,1.59,1.67,1.07,1.11,1.11,0,0.46,neutral,neutral,0,-1.0,20,9803,0,
s33868,SEIUSDT,1788728400000,val,1,2.13,0.699,2.47,2.39,2.67,1.66,1.41,1.0,1.41,1.18,0,0.46,neutral,alcista,0,0.009,32,9803,7,
s33869,PENDLEUSDT,1788728400000,val,1,2.51,0.516,2.8,2.46,0.96,2.05,0.87,0.93,1.33,1.81,0,0.46,neutral,alcista,0,-1.0,28,9803,3,
s33870,FETUSDT,1788728400000,val,1,3.41,0.446,4.88,4.15,1.49,2.94,1.48,1.84,2.15,1.46,0,0.46,neutral,neutral,0,-0.055,32,9802,0,
s33871,ARUSDT,1788728400000,testA,1,3.01,0.524,3.61,2.95,0.71,2.54,1.08,0.52,0.74,1.03,0,0.46,neutral,neutral,0,0.022,32,9802,1,
s33872,ASTERUSDT,1788729300000,val,1,2.58,0.583,3.14,2.63,1.08,2.32,0.91,0.62,1.21,1.63,0,0.26,neutral,neutral,0,0.224,32,9804,0,
s33873,PUMPUSDT,1788729300000,val,1,4.92,0.652,4.89,4.76,1.02,4.66,2.58,1.33,1.25,1.31,0,0.26,neutral,alcista,0,0.732,32,9804,3,
s33874,ENAUSDT,1788729300000,val,1,2.02,0.51,2.69,2.12,1.12,1.76,0.58,0.57,0.71,1.09,0,0.26,neutral,neutral,0,-1.0,17,9804,0,
s33875,SUIUSDT,1788729300000,val,1,2.23,0.51,3.3,2.37,4.84,1.98,1.12,1.07,1.11,1.11,0,0.26,neutral,neutral,0,-1.0,19,9804,0,
s33876,SEIUSDT,1788729300000,val,1,2.51,0.833,2.63,2.55,2.77,2.25,1.42,1.0,1.41,1.18,0,0.26,neutral,alcista,0,0.056,32,9804,8,
s33877,PENDLEUSDT,1788729300000,val,1,2.43,0.508,2.65,2.46,0.93,2.17,1.01,0.93,1.33,1.81,0,0.26,neutral,alcista,0,-1.0,26,9804,4,
s33878,FETUSDT,1788729300000,val,1,3.65,0.492,5.0,4.09,1.36,3.4,1.32,1.84,2.15,1.46,0,0.26,neutral,neutral,0,-0.056,32,9803,0,
s33879,ARUSDT,1788729300000,testA,1,3.82,0.583,4.14,3.75,0.97,3.57,1.75,0.52,0.74,1.03,0,0.26,neutral,alcista,0,-0.211,32,9803,2,
s33880,ASTERUSDT,1788730200000,val,1,2.44,0.571,3.14,2.68,0.92,2.24,0.89,0.62,1.21,1.63,0,0.21,neutral,neutral,0,0.258,32,9805,1,
s33881,PUMPUSDT,1788730200000,val,1,3.83,0.581,4.92,4.27,1.12,3.62,2.35,1.33,1.25,1.31,0,0.21,neutral,neutral,0,0.718,32,9805,0,
s33882,SUIUSDT,1788730200000,val,1,2.3,0.518,3.17,2.62,5,2.09,1.42,1.07,1.11,1.11,0,0.21,neutral,neutral,0,-1.0,18,9805,1,
s33883,SEIUSDT,1788730200000,val,1,2.25,0.818,2.69,2.47,1.53,2.04,1.29,1.0,1.41,1.18,0,0.21,neutral,alcista,0,0.091,32,9805,8,
s33884,FETUSDT,1788730200000,val,1,4.35,0.536,4.74,4.34,1.23,4.15,1.89,1.84,2.15,1.46,0,0.21,neutral,neutral,0,-0.364,32,9804,1,
s33885,ARUSDT,1788730200000,testA,1,2.82,0.439,3.76,2.94,0.93,2.61,1.25,0.52,0.74,1.03,0,0.21,neutral,neutral,0,-0.236,32,9804,0,
s33886,ASTERUSDT,1788731100000,val,1,3.21,0.678,3.24,3.19,0.85,2.97,1.38,0.62,1.21,1.63,0,0.24,neutral,alcista,0,-0.008,32,9806,2,
s33887,PUMPUSDT,1788731100000,val,1,4.76,0.7,5.09,4.77,0.99,4.52,2.76,1.33,1.25,1.31,0,0.24,neutral,neutral,0,0.382,32,9806,1,
s33888,WLDUSDT,1788731100000,val,1,3.09,0.62,3.33,3.09,2.37,2.85,2.31,0.71,1.66,1.25,0,0.24,neutral,alcista,0,-1.0,14,9806,4,
s33889,ARBUSDT,1788731100000,val,1,3.83,0.376,6.03,4.86,0.96,3.59,2.24,1.46,2.22,4.34,0,0.24,neutral,neutral,0,-1.0,23,9806,0,
s33890,SUIUSDT,1788731100000,val,1,2.3,0.518,3.17,2.58,2.46,2.06,1.27,1.07,1.11,1.11,0,0.24,neutral,neutral,0,-1.0,17,9806,0,
s33891,SEIUSDT,1788731100000,val,1,3.13,0.926,3.5,3.07,2.72,2.88,1.87,1.0,1.41,1.18,0,0.24,neutral,alcista,0,-0.362,32,9806,8,
s33892,FETUSDT,1788731100000,val,1,4.0,0.472,4.64,3.79,1.16,3.76,1.35,1.84,2.15,1.46,0,0.24,neutral,neutral,0,-0.403,32,9805,0,
s33893,ARUSDT,1788731100000,testA,1,2.65,0.402,3.61,2.58,1.0,2.4,0.99,0.52,0.74,1.03,0,0.24,neutral,neutral,0,-0.256,32,9805,0,
s33894,ASTERUSDT,1788732000000,val,1,2.4,0.485,2.93,2.38,0.98,2.52,0.8,0.69,1.25,1.62,0,-0.12,neutral,neutral,0,0.14,32,9807,0,
s33895,XPLUSDT,1788732000000,val,-1,-3.1,0.65,4.54,3.87,1.96,-2.98,1.93,0.99,0.91,0.84,1,-0.12,neutral,bajista,0,-0.044,32,9807,2,
s33896,PUMPUSDT,1788732000000,val,1,3.02,0.406,5.03,3.54,0.91,3.13,1.43,1.11,1.33,1.36,0,-0.12,neutral,neutral,0,0.814,32,9807,0,
s33897,TIAUSDT,1788732000000,val,1,7.41,0.536,9.77,7.67,2.15,7.53,3.31,4.77,3.77,2.7,1,-0.12,neutral,neutral,0,-0.049,32,9807,0,
s33898,ASTERUSDT,1788732900000,val,1,2.72,0.517,2.66,2.66,1.27,2.84,1.41,0.69,1.25,1.62,0,-0.13,neutral,neutral,0,-0.292,32,9808,1,
s33899,XPLUSDT,1788732900000,val,-1,-3.16,0.677,4.52,3.42,1.83,-3.03,1.42,0.99,0.91,0.84,1,-0.13,neutral,neutral,0,0.172,32,9808,0,
s33900,TIAUSDT,1788732900000,val,1,8.43,0.583,9.31,7.96,1.61,8.56,3.61,4.77,3.77,2.7,1,-0.13,neutral,neutral,0,-0.192,32,9808,1,
s33901,LDOUSDT,1788732900000,testA,-1,-2.59,0.589,3.48,2.95,0.68,-2.46,1.15,1.66,2.91,2.15,0,-0.13,neutral,bajista,0,0.595,32,9807,2,
s33902,ASTERUSDT,1788733800000,val,1,2.51,0.496,2.76,2.64,1.5,2.51,1.29,0.69,1.25,1.62,0,0.01,neutral,neutral,0,-0.389,32,9809,0,
s33903,XPLUSDT,1788733800000,val,-1,-2.39,0.466,4.17,2.46,1.53,-2.4,0.71,0.99,0.91,0.84,1,0.01,neutral,neutral,0,0.411,32,9809,0,
s33904,SEIUSDT,1788733800000,val,1,2.18,0.412,3.38,2.34,2.67,2.17,1.03,1.15,1.49,1.23,0,0.01,neutral,neutral,0,-0.191,32,9809,1,
s33905,LDOUSDT,1788733800000,testA,-1,-2.12,0.492,2.99,2.26,0.68,-2.13,0.93,1.66,2.91,2.15,0,0.01,neutral,neutral,0,0.935,32,9808,0,
s33906,ASTERUSDT,1788734700000,val,1,2.16,0.439,2.65,2.43,1.82,2.04,1.03,0.69,1.25,1.62,0,0.12,neutral,neutral,0,-0.23,32,9810,0,
s33907,XPLUSDT,1788734700000,val,-1,-2.16,0.441,4.12,2.49,1.18,-2.28,0.76,0.99,0.91,0.84,1,0.12,neutral,neutral,0,0.333,32,9810,1,
s33908,ASTERUSDT,1788735600000,val,1,2.1,0.42,2.65,2.23,1.47,1.71,0.68,0.72,1.21,1.62,0,0.39,neutral,neutral,0,-0.103,32,9811,0,
s33909,XPLUSDT,1788736500000,val,-1,-2.17,0.402,3.88,2.22,0.67,-2.51,0.66,1.1,0.96,0.88,1,0.34,neutral,neutral,0,0.51,32,9812,1,
s33910,PUMPUSDT,1788736500000,val,1,4.21,0.389,5.09,4.69,0.84,3.88,2.02,1.03,1.33,1.36,0,0.34,neutral,alcista,0,0.309,32,9812,4,
s33911,ARBUSDT,1788736500000,val,1,3.85,0.377,5.97,4.8,0.78,3.52,1.28,1.03,1.96,3.85,0,0.34,neutral,neutral,0,-1.0,17,9812,1,
s33912,INJUSDT,1788736500000,val,1,3.69,0.407,4.64,4.51,4.54,3.36,3.09,2.3,1.92,1.76,1,0.34,neutral,alcista,0,0.74,32,9812,4,
s33913,JUPUSDT,1788736500000,val,1,3.62,0.388,4.45,4.12,1.55,3.28,1.82,2.64,6.15,7.97,0,0.34,neutral,alcista,0,-1.0,18,9812,2,
s33914,MANAUSDT,1788736500000,testA,1,2.48,0.65,3.52,2.51,3.63,2.15,1.24,0.95,1.06,0.95,0,0.34,neutral,alcista,0,-0.964,32,9811,2,
s33915,ASTERUSDT,1788737400000,val,1,2.23,0.404,2.69,2.21,1.16,1.52,0.85,0.72,1.21,1.62,0,0.71,neutral,neutral,0,-0.167,32,9813,1,
s33916,XPLUSDT,1788737400000,val,-1,-2.11,0.394,3.51,2.34,0.69,-2.82,1.0,1.1,0.96,0.88,1,0.71,neutral,bajista,0,1.193,32,9813,2,
s33917,PUMPUSDT,1788737400000,val,1,4.77,0.437,5.07,4.73,0.94,4.06,2.07,1.03,1.33,1.36,0,0.71,neutral,alcista,0,0.116,32,9813,5,
s33918,SEIUSDT,1788737400000,val,1,2.12,0.375,3.05,2.09,0.43,1.4,0.77,1.21,1.33,1.26,0,0.71,neutral,alcista,0,-1.0,32,9813,3,
s33919,JUPUSDT,1788737400000,val,1,3.6,0.388,4.94,4.5,1.85,2.89,2.05,2.64,6.15,7.97,0,0.71,neutral,alcista,0,-1.0,17,9813,3,
s33920,ONDOUSDT,1788737400000,val,1,2.81,0.505,3.02,2.84,1.38,2.1,1.56,1.31,1.52,1.36,0,0.71,neutral,neutral,0,-0.455,32,9812,1,
s33921,MANAUSDT,1788737400000,testA,1,2.16,0.555,3.43,2.23,3.22,1.44,0.94,0.95,1.06,0.95,0,0.71,neutral,neutral,0,-1.0,31,9812,0,
s33922,PUMPUSDT,1788738300000,val,1,4.69,0.427,5.18,4.66,0.61,4.07,1.83,1.03,1.33,1.36,0,0.62,neutral,neutral,0,0.0,32,9814,0,
s33923,SEIUSDT,1788738300000,val,1,2.49,0.414,3.04,2.53,0.53,1.87,1.1,1.21,1.33,1.26,0,0.62,neutral,alcista,0,-1.0,31,9814,4,
s33924,JUPUSDT,1788738300000,val,1,4.39,0.436,6.17,5.37,2.58,3.77,2.81,2.64,6.15,7.97,0,0.62,neutral,alcista,0,-1.0,16,9814,4,
s33925,ONDOUSDT,1788738300000,val,1,2.65,0.476,3.02,2.76,1.21,2.03,1.35,1.31,1.52,1.36,0,0.62,neutral,neutral,0,-0.533,32,9813,0,
s33926,MANAUSDT,1788738300000,testA,1,2.24,0.571,3.43,2.28,3.12,1.62,0.9,0.95,1.06,0.95,0,0.62,neutral,neutral,0,-1.0,30,9813,1,
s33927,INJUSDT,1788739200000,val,1,4.35,0.407,5.23,5.1,2.36,3.72,2.93,2.88,2.19,1.87,1,0.63,neutral,neutral,0,0.673,32,9815,1,
s33928,SUIUSDT,1788739200000,val,1,2.32,0.351,2.69,2.27,0.6,1.69,1.06,1.34,1.23,1.21,1,0.63,neutral,alcista,0,-1.0,5,9815,5,
s33929,SEIUSDT,1788739200000,val,1,2.74,0.437,3.03,2.76,0.6,2.1,1.33,1.63,1.48,1.34,1,0.63,neutral,alcista,0,-1.0,8,9815,5,
s33930,ONDOUSDT,1788739200000,val,1,2.75,0.486,2.94,2.76,0.92,2.12,1.33,1.71,1.65,1.46,1,0.63,neutral,neutral,0,-0.075,32,9814,1,
s33931,SANDUSDT,1788739200000,testA,1,2.16,0.518,2.24,2.14,1.86,1.53,1.26,0.65,0.62,0.59,1,0.63,neutral,alcista,0,-1.0,6,9814,3,
s33932,MANAUSDT,1788739200000,testA,1,2.63,0.625,3.38,2.56,3.31,2.0,1.13,1.27,1.12,1.04,1,0.63,neutral,alcista,0,-1.0,29,9814,2,
s33933,AXSUSDT,1788739200000,testA,1,2.24,0.574,2.47,2.28,1.72,1.61,1.42,0.78,0.84,0.8,0,0.63,neutral,neutral,0,-1.0,30,9814,1,
s33934,INJUSDT,1788740100000,val,1,4.7,0.427,5.54,5.4,1.61,4.36,2.85,2.88,2.19,1.87,1,0.34,neutral,alcista,0,0.63,32,9816,2,
s33935,SEIUSDT,1788740100000,val,1,2.71,0.435,3.12,2.67,1.18,2.37,1.48,1.63,1.48,1.34,1,0.34,neutral,alcista,0,-1.0,6,9816,6,
s33936,ONDOUSDT,1788740100000,val,1,3.28,0.53,3.45,3.45,1.1,2.94,1.88,1.71,1.65,1.46,1,0.34,neutral,alcista,0,-0.259,32,9815,2,
s33937,SANDUSDT,1788740100000,testA,1,2.03,0.503,2.39,2.09,2.27,1.7,1.25,0.65,0.62,0.59,1,0.34,neutral,alcista,0,-1.0,5,9815,4,
s33938,INJUSDT,1788741000000,val,1,4.1,0.381,6.89,5.22,1.44,3.86,2.43,2.88,2.19,1.87,1,0.24,neutral,neutral,0,0.645,32,9817,0,
s33939,SEIUSDT,1788741000000,val,1,2.11,0.377,3.19,2.49,1.76,1.87,1.43,1.63,1.48,1.34,1,0.24,neutral,alcista,0,-1.0,4,9817,7,
s33940,ONDOUSDT,1788741000000,val,1,3.65,0.556,4.56,3.85,1.38,3.4,2.07,1.71,1.65,1.46,1,0.24,neutral,alcista,0,0.073,32,9816,3,
s33941,INJUSDT,1788741900000,val,1,4.73,0.455,6.88,5.29,1.39,4.42,2.32,2.88,2.19,1.87,1,0.31,neutral,neutral,0,0.706,32,9818,1,
s33942,ONDOUSDT,1788741900000,val,1,2.67,0.357,4.6,2.96,1.83,2.36,1.02,1.71,1.65,1.46,1,0.31,neutral,neutral,0,0.183,32,9817,0,
s33943,INJUSDT,1788742800000,val,1,4.84,0.462,6.84,5.85,1.2,4.9,2.64,3.27,2.4,1.97,1,-0.06,neutral,alcista,0,0.575,32,9819,2,
s33944,STXUSDT,1788742800000,testA,-1,-2.49,0.462,3.17,3.13,2.3,-2.43,1.8,0.73,0.6,0.49,1,-0.06,neutral,bajista,0,-0.854,32,9818,6,
s33945,INJUSDT,1788743700000,val,1,5.07,0.475,6.82,6.43,1.1,5.04,2.91,3.27,2.4,1.97,1,0.03,neutral,alcista,0,0.506,32,9820,3,
s33946,STXUSDT,1788743700000,testA,-1,-2.61,0.473,3.64,3.56,1.63,-2.64,2.0,0.73,0.6,0.49,1,0.03,neutral,bajista,0,-1.0,32,9819,7,
s33947,0GUSDT,1788744600000,val,-1,-2.47,0.576,3.41,3.15,1.59,-2.4,1.8,0.1,0.1,0.1,0,-0.07,neutral,bajista,0,-0.098,32,9821,8,
s33948,INJUSDT,1788744600000,val,1,4.14,0.376,6.86,5.87,0.76,4.2,2.14,3.27,2.4,1.97,1,-0.07,neutral,neutral,0,0.618,32,9821,0,
s33949,FETUSDT,1788744600000,val,-1,-3.16,0.452,3.61,3.43,1.84,-3.09,1.91,2.04,1.92,1.66,1,-0.07,neutral,bajista,0,-1.0,30,9820,3,
s33950,STXUSDT,1788744600000,testA,-1,-3.05,0.586,3.76,3.64,1.57,-2.98,1.88,0.73,0.6,0.49,1,-0.07,neutral,bajista,0,-1.0,31,9820,8,
s33951,0GUSDT,1788745500000,val,-1,-2.92,0.707,3.42,3.31,1.27,-2.9,1.83,0.1,0.1,0.1,0,-0.02,neutral,bajista,0,-0.094,32,9822,8,
s33952,INJUSDT,1788745500000,val,1,5.59,0.478,6.95,6.81,0.8,5.61,2.79,3.27,2.4,1.97,1,-0.02,neutral,neutral,0,0.326,32,9822,1,
s33953,FETUSDT,1788745500000,val,-1,-2.6,0.39,3.6,3.31,1.64,-2.58,1.6,2.04,1.92,1.66,1,-0.02,neutral,neutral,0,-1.0,29,9821,0,
s33954,STXUSDT,1788745500000,testA,-1,-3.05,0.586,4.03,3.68,1.4,-3.03,1.75,0.73,0.6,0.49,1,-0.02,neutral,bajista,0,-1.0,30,9821,8,
s33955,0GUSDT,1788746400000,val,-1,-3.18,0.724,4.58,3.91,1.77,-3.29,2.13,0.12,0.1,0.11,0,0.11,neutral,bajista,0,-0.147,32,9823,8,
s33956,INJUSDT,1788746400000,val,1,6.42,0.582,7.27,6.69,0.79,6.31,2.35,3.78,2.55,2.06,1,0.11,neutral,neutral,0,0.368,32,9823,0,
s33957,STXUSDT,1788746400000,testA,-1,-2.95,0.577,4.27,3.92,1.09,-3.06,1.75,0.81,0.6,0.5,1,0.11,neutral,bajista,0,-1.0,29,9822,8,
s33958,0GUSDT,1788747300000,val,-1,-2.72,0.563,4.56,3.31,1.66,-2.99,1.46,0.12,0.1,0.11,0,0.27,neutral,neutral,0,-0.219,32,9824,0,
s33959,INJUSDT,1788747300000,val,1,6.59,0.604,7.06,6.2,0.83,6.32,2.01,3.78,2.55,2.06,1,0.27,neutral,neutral,0,0.544,32,9824,0,
s33960,STXUSDT,1788747300000,testA,-1,-3.13,0.618,4.27,4.0,0.92,-3.4,1.7,0.81,0.6,0.5,1,0.27,neutral,bajista,0,-1.0,28,9823,8,
s33961,0GUSDT,1788748200000,val,-1,-2.47,0.485,4.55,3.05,1.69,-2.85,1.14,0.12,0.1,0.11,0,0.38,neutral,neutral,0,-0.051,32,9825,0,
s33962,INJUSDT,1788748200000,val,1,8.37,0.661,7.88,7.87,0.83,7.99,3.95,3.78,2.55,2.06,1,0.38,neutral,neutral,0,0.168,32,9825,1,
s33963,0GUSDT,1788749100000,val,-1,-3.17,0.568,4.57,3.69,1.67,-2.97,1.54,0.12,0.1,0.11,0,-0.2,neutral,neutral,0,-0.169,32,9826,1,
s33964,INJUSDT,1788749100000,val,1,7.27,0.573,8.3,6.99,0.83,7.47,3.18,3.78,2.55,2.06,1,-0.2,neutral,neutral,0,0.226,32,9826,0,
s33965,STXUSDT,1788749100000,testA,-1,-2.44,0.389,4.27,3.96,0.81,-2.23,1.39,0.81,0.6,0.5,1,-0.2,neutral,neutral,0,-1.0,26,9825,1,
s33966,0GUSDT,1788750000000,val,-1,-3.08,0.56,4.58,3.8,0.78,-2.6,1.51,0.15,0.11,0.11,0,-0.47,neutral,bajista,0,-0.192,32,9827,2,
s33967,INJUSDT,1788750000000,val,1,4.24,0.351,6.91,4.39,0.93,4.71,1.8,3.99,2.63,2.09,1,-0.47,neutral,neutral,0,0.62,32,9827,0,
s33968,STXUSDT,1788750000000,testA,-1,-3.46,0.608,4.28,4.24,0.77,-2.99,1.52,0.88,0.64,0.51,1,-0.47,neutral,bajista,0,-1.0,25,9826,2,
s33969,GRTUSDT,1788750000000,testA,-1,-2.45,0.4,3.14,2.88,1.21,-1.98,1.17,1.67,1.67,10.07,0,-0.47,neutral,bajista,0,-0.255,32,9826,2,
s33970,0GUSDT,1788750900000,val,-1,-3.42,0.618,4.59,4.01,0.83,-2.93,1.55,0.15,0.11,0.11,0,-0.49,neutral,bajista,0,-0.182,32,9828,3,
s33971,ARBUSDT,1788750900000,val,-1,-4.25,0.495,5.93,5.71,1.08,-3.76,3.14,1.11,1.32,2.78,0,-0.49,neutral,neutral,1,2.0,22,9828,1,
s33972,STXUSDT,1788750900000,testA,-1,-3.9,0.677,4.75,4.52,0.87,-3.41,1.59,0.88,0.64,0.51,1,-0.49,neutral,bajista,0,-1.0,24,9827,3,
s33973,GRTUSDT,1788750900000,testA,-1,-2.51,0.405,3.42,3.26,1.3,-2.02,1.45,1.67,1.67,10.07,0,-0.49,neutral,bajista,0,-0.339,32,9827,3,
s33974,0GUSDT,1788751800000,val,-1,-4.37,0.731,5.46,4.78,1.2,-3.45,2.07,0.15,0.11,0.11,0,-0.92,neutral,bajista,0,-0.319,32,9829,4,
s33975,STXUSDT,1788751800000,testA,-1,-3.49,0.566,4.73,4.08,0.91,-2.57,1.0,0.88,0.64,0.51,1,-0.92,neutral,neutral,0,-1.0,23,9828,0,
s33976,GRTUSDT,1788751800000,testA,-1,-3.27,0.542,3.96,3.59,1.41,-2.35,1.61,1.67,1.67,10.07,0,-0.92,neutral,bajista,0,-0.397,32,9828,4,
s33977,0GUSDT,1788752700000,val,-1,-3.52,0.538,5.37,3.96,1.3,-2.6,1.2,0.15,0.11,0.11,0,-0.92,neutral,neutral,0,-0.197,32,9830,0,
s33978,PENDLEUSDT,1788752700000,val,-1,-2.55,0.382,2.78,2.7,0.93,-1.63,1.23,0.87,0.91,1.61,0,-0.92,neutral,bajista,0,-1.0,32,9830,5,
s33979,STXUSDT,1788752700000,testA,-1,-3.01,0.468,4.22,3.18,0.8,-2.09,0.67,0.88,0.64,0.51,1,-0.92,neutral,neutral,0,-1.0,21,9829,0,
s33980,GRTUSDT,1788752700000,testA,-1,-3.01,0.48,3.94,3.15,1.64,-2.08,1.14,1.67,1.67,10.07,0,-0.92,neutral,neutral,0,-0.317,32,9829,0,
s33981,LDOUSDT,1788752700000,testA,-1,-2.98,0.413,3.44,3.09,0.92,-2.05,1.26,1.63,2.06,2.25,0,-0.92,neutral,bajista,0,-0.464,32,9829,5,
s33982,0GUSDT,1788753600000,val,-1,-3.27,0.504,4.9,3.39,1.27,-2.49,1.01,0.15,0.11,0.11,0,-0.79,neutral,neutral,0,-0.185,32,9831,0,
s33983,GRTUSDT,1788753600000,testA,-1,-2.66,0.426,3.62,2.68,1.65,-1.87,0.85,1.69,1.58,9.88,0,-0.79,neutral,neutral,0,-0.294,32,9830,0,
s33984,LDOUSDT,1788753600000,testA,-1,-3.15,0.427,4.67,3.6,1.39,-2.37,1.67,1.76,1.76,2.3,0,-0.79,neutral,bajista,0,-0.572,32,9830,6,
s33985,XPLUSDT,1788754500000,val,-1,-2.51,0.398,3.6,2.9,0.63,-1.77,0.64,1.1,1.05,0.96,1,-0.74,neutral,bajista,0,-1.0,32,9832,2,
s33986,0GUSDT,1788754500000,val,-1,-2.73,0.45,4.53,2.97,1.08,-2.0,0.9,0.15,0.11,0.11,0,-0.74,neutral,neutral,0,-0.211,32,9832,0,
s33987,SEIUSDT,1788754500000,val,-1,-2.43,0.419,4.04,3.34,0.57,-1.69,0.5,1.55,1.37,1.41,0,-0.74,neutral,neutral,0,-0.432,32,9832,1,
s33988,LDOUSDT,1788754500000,testA,-1,-3.32,0.451,4.68,3.68,1.31,-2.58,1.61,1.76,1.76,2.3,0,-0.74,neutral,bajista,0,-0.662,32,9831,7,
s33989,0GUSDT,1788755400000,val,-1,-2.23,0.373,4.52,2.75,0.5,-1.66,0.61,0.15,0.11,0.11,0,-0.57,neutral,neutral,0,-0.113,32,9833,0,
s33990,SEIUSDT,1788755400000,val,-1,-2.37,0.404,3.44,2.55,0.54,-1.8,0.34,1.55,1.37,1.41,0,-0.57,neutral,neutral,0,-0.758,32,9833,0,
s33991,GRTUSDT,1788755400000,testA,-1,-2.1,0.357,3.2,2.15,1.13,-1.53,0.72,1.69,1.58,9.88,0,-0.57,neutral,neutral,0,-0.341,32,9832,1,
s33992,LDOUSDT,1788755400000,testA,-1,-3.03,0.414,4.32,3.2,1.2,-2.46,1.41,1.76,1.76,2.3,0,-0.57,neutral,neutral,0,-0.783,32,9832,0,
s33993,WLDUSDT,1788758100000,val,1,2.75,0.386,3.96,3.44,0.97,2.83,1.19,1.89,1.39,1.63,0,-0.08,neutral,alcista,1,2.0,9,9836,2,
s33994,PUMPUSDT,1788759000000,val,1,4.64,0.41,6.16,5.02,1.6,4.62,2.17,1.06,1.05,1.16,0,0.02,neutral,neutral,1,2.0,23,9837,0,
s33995,WLDUSDT,1788759000000,val,1,3.89,0.518,5.2,4.12,1.59,3.87,1.8,1.89,1.39,1.63,0,0.02,neutral,alcista,1,2.0,10,9837,3,
s33996,WLDUSDT,1788759900000,val,1,3.04,0.407,5.22,3.73,1.87,3.26,1.43,1.89,1.39,1.63,0,-0.21,neutral,neutral,1,2.0,8,9838,0,
s33997,PUMPUSDT,1788760800000,val,1,3.96,0.353,5.89,3.93,1.34,3.99,1.01,1.09,1.05,1.16,0,-0.03,neutral,neutral,1,2.0,19,9839,0,
s33998,WLDUSDT,1788760800000,val,1,4.74,0.542,4.71,4.54,1.9,4.77,2.68,2.15,1.63,1.75,0,-0.03,neutral,neutral,1,2.0,32,9839,1,
s33999,STXUSDT,1788760800000,testA,1,2.08,0.37,3.35,2.82,1.19,2.11,1.05,0.87,0.74,0.56,1,-0.03,neutral,neutral,1,2.0,22,9838,1,
s34000,WLDUSDT,1788761700000,val,1,4.51,0.531,5.43,4.46,2.2,4.92,2.8,2.15,1.63,1.75,0,-0.41,neutral,alcista,1,2.0,31,9840,2,
s34001,STXUSDT,1788761700000,testA,1,2.23,0.397,3.35,2.9,0.75,2.64,1.02,0.87,0.74,0.56,1,-0.41,neutral,alcista,1,2.0,25,9839,2,
s34002,ASTERUSDT,1788762600000,val,-1,-2.06,0.446,2.48,2.41,0.62,-1.32,0.51,1.01,0.9,1.27,0,-0.74,neutral,bajista,0,-1.0,16,9841,4,
s34003,WLDUSDT,1788762600000,val,1,2.91,0.427,5.15,4.31,1.66,3.65,2.6,2.15,1.63,1.75,0,-0.74,neutral,alcista,1,2.0,30,9841,3,
s34004,OPUSDT,1788762600000,val,-1,-2.11,0.351,3.35,2.98,0.55,-1.38,0.33,1.29,1.16,1.32,0,-0.74,neutral,bajista,0,-1.0,24,9841,2,
s34005,LDOUSDT,1788762600000,testA,-1,-2.73,0.426,4.17,3.03,0.46,-1.99,0.56,1.63,1.59,2.31,0,-0.74,neutral,bajista,0,-1.0,25,9840,2,
s34006,WLDUSDT,1788763500000,val,1,4.3,0.523,5.65,5.58,1.71,4.58,3.61,2.15,1.63,1.75,0,-0.28,neutral,alcista,0,1.406,32,9842,4,
s34007,LDOUSDT,1788763500000,testA,-1,-2.28,0.382,3.48,2.39,0.68,-2.0,0.53,1.63,1.59,2.31,0,-0.28,neutral,bajista,0,-1.0,16,9841,3,
s34008,PUMPUSDT,1788764400000,val,1,4.21,0.413,5.26,4.09,0.74,4.44,1.69,0.97,1.07,1.18,0,-0.23,neutral,alcista,1,2.0,15,9843,3,
s34009,WLDUSDT,1788764400000,val,1,4.96,0.611,6.03,5.82,2.12,5.19,3.42,3.48,2.45,2.15,1,-0.23,neutral,alcista,0,0.914,32,9843,5,
s34010,STXUSDT,1788764400000,testA,1,2.74,0.597,3.38,3.15,0.47,2.97,1.1,0.84,0.78,0.58,1,-0.23,neutral,alcista,1,2.0,23,9842,2,
s34011,WLDUSDT,1788765300000,val,1,6.14,0.752,7.31,6.33,2.16,6.52,3.36,3.48,2.45,2.15,1,-0.38,neutral,alcista,0,0.667,32,9844,6,
s34012,ARBUSDT,1788765300000,val,-1,-6.45,0.67,7.32,7.32,0.67,-6.07,2.96,1.8,1.4,2.21,0,-0.38,neutral,bajista,0,0.461,32,9844,5,
s34013,STXUSDT,1788765300000,testA,1,2.36,0.473,3.25,2.38,0.55,2.74,0.28,0.84,0.78,0.58,1,-0.38,neutral,neutral,1,2.0,17,9843,0,
s34014,XPLUSDT,1788766200000,val,-1,-2.37,0.426,5.11,3.21,4.76,-1.91,2.44,1.15,1.3,1.04,0,-0.46,neutral,bajista,0,-1.0,8,9845,2,
s34015,ARBUSDT,1788766200000,val,-1,-4.62,0.586,6.1,6.1,0.95,-4.17,3.32,1.8,1.4,2.21,0,-0.46,neutral,bajista,0,0.602,32,9845,6,
s34016,WLDUSDT,1788767100000,val,1,8.31,0.723,10.03,7.87,4.41,8.56,4.21,3.48,2.45,2.15,1,-0.25,neutral,neutral,0,0.147,32,9846,0,
s34017,ARBUSDT,1788767100000,val,-1,-4.35,0.569,6.73,6.67,1.19,-4.09,3.52,1.8,1.4,2.21,0,-0.25,neutral,bajista,0,0.477,32,9846,7,
s34018,ARBUSDT,1788768000000,val,-1,-6.14,0.825,7.69,7.63,1.43,-5.84,3.7,2.27,1.65,2.14,0,-0.3,neutral,bajista,0,0.364,32,9847,8,
s34019,JUPUSDT,1788768000000,val,1,3.28,0.536,3.65,3.41,0.53,3.58,0.46,3.22,3.46,7.94,0,-0.3,neutral,alcista,0,-1.0,31,9847,3,
s34020,ARBUSDT,1788768900000,val,-1,-6.9,0.841,7.79,7.77,1.7,-6.72,4.07,2.27,1.65,2.14,0,-0.18,neutral,bajista,0,0.159,32,9848,8,
s34021,JUPUSDT,1788768900000,val,1,3.57,0.571,4.23,3.52,1.08,3.75,0.72,3.22,3.46,7.94,0,-0.18,neutral,alcista,0,-1.0,30,9848,4,
s34022,ARBUSDT,1788769800000,val,-1,-6.93,0.841,8.64,7.71,1.58,-6.68,3.97,2.27,1.65,2.14,0,-0.25,neutral,bajista,0,-0.092,32,9849,8,
s34023,JUPUSDT,1788769800000,val,1,3.02,0.532,3.91,3.29,0.72,3.27,1.3,3.22,3.46,7.94,0,-0.25,neutral,alcista,0,-1.0,28,9849,5,
s34024,JUPUSDT,1788770700000,val,1,2.54,0.434,3.77,2.83,0.75,2.9,1.1,3.22,3.46,7.94,0,-0.37,neutral,neutral,0,-1.0,27,9850,0,
s34025,ENAUSDT,1788771600000,val,-1,-2.89,0.395,6.51,3.61,0.59,-2.58,0.56,0.85,0.83,0.76,1,-0.31,neutral,neutral,0,0.793,32,9851,0,
s34026,JUPUSDT,1788771600000,val,1,2.36,0.418,3.48,3.05,0.68,2.66,1.47,2.32,3.39,7.5,0,-0.31,neutral,neutral,0,-1.0,26,9851,1,
s34027,WLDUSDT,1788772500000,val,1,8.27,0.514,9.77,7.77,1.6,8.74,3.1,5.79,3.81,2.86,1,-0.47,neutral,alcista,0,0.414,32,9852,2,
s34028,ENAUSDT,1788772500000,val,-1,-2.64,0.372,5.88,3.12,0.52,-2.17,0.77,0.85,0.83,0.76,1,-0.47,neutral,neutral,0,0.768,32,9852,1,
s34029,JUPUSDT,1788772500000,val,1,2.11,0.393,3.47,3.23,0.5,2.58,1.42,2.32,3.39,7.5,0,-0.47,neutral,alcista,0,-1.0,25,9852,2,
s34030,ENAUSDT,1788773400000,val,-1,-3.3,0.439,5.75,3.54,0.49,-2.7,1.18,0.85,0.83,0.76,1,-0.6,neutral,bajista,0,0.506,32,9853,2,
s34031,ENAUSDT,1788774300000,val,-1,-3.35,0.442,5.54,3.8,0.58,-2.8,1.62,0.85,0.83,0.76,1,-0.55,neutral,bajista,0,0.384,32,9854,3,
s34032,ENAUSDT,1788775200000,val,-1,-3.29,0.43,5.3,3.47,0.52,-2.75,1.32,0.84,0.8,0.75,1,-0.54,neutral,neutral,0,0.586,32,9855,0,
s34033,TIAUSDT,1788776100000,val,1,2.91,0.428,3.06,2.97,1.09,3.28,1.21,2.08,5.44,5.1,0,-0.36,neutral,alcista,0,-1.0,6,9856,2,
s34034,ASTERUSDT,1788777000000,val,1,3.87,0.479,4.49,4.33,2.01,4.14,2.42,1.22,1.16,1.24,0,-0.28,neutral,alcista,0,-1.0,19,9857,3,
s34035,PUMPUSDT,1788777000000,val,1,6.94,0.403,8.08,7.53,1.42,7.21,4.58,1.59,1.26,1.32,0,-0.28,neutral,alcista,0,0.108,32,9857,2,
s34036,JUPUSDT,1788777000000,val,1,2.38,0.5,3.8,3.69,0.61,2.66,1.15,1.31,3.28,6.83,0,-0.28,neutral,alcista,0,-1.0,20,9857,2,
s34037,STXUSDT,1788777000000,testA,1,2.95,0.419,4.44,4.44,1.29,3.22,1.8,1.03,0.99,0.71,1,-0.28,neutral,alcista,0,1.017,32,9856,3,
s34038,LDOUSDT,1788777000000,testA,1,2.16,0.405,3.86,3.74,0.83,2.44,1.56,0.96,1.38,2.25,0,-0.28,neutral,alcista,0,-0.721,32,9856,3,
s34039,ASTERUSDT,1788777900000,val,1,2.96,0.36,4.65,3.84,3.1,3.32,1.74,1.22,1.16,1.24,0,-0.37,neutral,neutral,0,-1.0,18,9858,0,
s34040,JUPUSDT,1788777900000,val,1,2.78,0.574,4.41,3.91,0.8,3.15,1.2,1.31,3.28,6.83,0,-0.37,neutral,alcista,0,-1.0,19,9858,3,
s34041,STXUSDT,1788777900000,testA,1,3.81,0.483,5.53,5.34,1.65,4.18,2.47,1.03,0.99,0.71,1,-0.37,neutral,alcista,0,0.66,32,9857,4,
s34042,LDOUSDT,1788777900000,testA,1,2.21,0.418,3.94,3.74,0.87,2.58,1.34,0.96,1.38,2.25,0,-0.37,neutral,neutral,0,-0.747,32,9857,0,
s34043,ASTERUSDT,1788778800000,val,1,3.03,0.366,4.64,4.03,3.79,3.29,1.8,1.37,1.24,1.26,0,-0.26,neutral,neutral,0,-1.0,17,9859,1,
s34044,STXUSDT,1788778800000,testA,1,3.19,0.436,5.53,5.31,1.48,3.45,2.19,1.24,1.14,0.79,1,-0.26,neutral,neutral,0,0.548,32,9858,0,
s34045,INJUSDT,1788779700000,val,1,2.27,0.453,3.58,2.88,1.08,2.25,0.77,1.81,2.58,2.32,0,0.02,neutral,neutral,1,2.0,30,9860,1,
s34046,STXUSDT,1788779700000,testA,1,4.0,0.582,5.66,5.45,1.31,3.98,2.17,1.24,1.14,0.79,1,0.02,neutral,neutral,0,0.507,32,9859,1,
s34047,XPLUSDT,1788780600000,val,1,4.51,0.719,4.97,4.46,0.61,4.34,1.69,1.32,1.17,1.08,1,0.17,neutral,alcista,0,0.607,32,9861,6,
s34048,STXUSDT,1788780600000,testA,1,5.97,0.805,6.71,5.96,2.02,5.8,3.01,1.24,1.14,0.79,1,0.17,neutral,alcista,0,0.229,32,9860,2,
s34049,LDOUSDT,1788780600000,testA,1,2.6,0.495,3.22,2.73,1.27,2.43,0.85,0.99,1.35,2.23,0,0.17,neutral,neutral,0,-1.0,17,9860,1,
s34050,XPLUSDT,1788781500000,val,1,4.3,0.71,4.63,4.35,1.07,4.27,1.7,1.32,1.17,1.08,1,0.02,neutral,alcista,0,0.384,32,9862,7,
s34051,PENDLEUSDT,1788781500000,val,1,3.95,0.515,4.4,3.88,4.18,3.93,2.24,1.18,1.03,1.17,0,0.02,neutral,neutral,0,0.877,32,9862,1,
s34052,STXUSDT,1788781500000,testA,1,5.04,0.662,6.13,4.84,1.92,5.02,2.14,1.24,1.14,0.79,1,0.02,neutral,neutral,0,0.448,32,9861,0,
s34053,LDOUSDT,1788781500000,testA,1,2.52,0.488,3.0,2.51,1.42,2.5,0.75,0.99,1.35,2.23,0,0.02,neutral,neutral,0,-1.0,15,9861,0,
s34054,XPLUSDT,1788782400000,val,1,3.51,0.597,4.64,4.07,0.99,3.55,1.34,1.41,1.13,1.1,1,-0.05,neutral,neutral,0,0.434,32,9863,0,
s34055,INJUSDT,1788782400000,val,1,2.51,0.44,3.16,2.74,1.72,2.56,1.54,1.87,2.37,2.37,0,-0.05,neutral,neutral,1,2.0,29,9863,1,
s34056,PENDLEUSDT,1788782400000,val,1,4.22,0.533,4.32,4.06,4.96,4.26,2.83,1.71,1.29,1.24,1,-0.05,neutral,alcista,0,0.38,32,9863,2,
s34057,STXUSDT,1788782400000,testA,1,4.76,0.649,6.02,4.8,1.92,4.81,2.08,1.53,1.21,0.86,1,-0.05,neutral,neutral,0,0.331,32,9862,1,
s34058,LDOUSDT,1788782400000,testA,1,2.42,0.478,2.87,2.51,1.14,2.47,0.85,0.97,1.32,2.13,0,-0.05,neutral,neutral,0,-1.0,14,9862,1,
s34059,XPLUSDT,1788783300000,val,1,4.42,0.693,4.84,4.71,0.76,4.35,2.12,1.41,1.13,1.1,1,0.07,neutral,neutral,0,0.286,32,9864,1,
s34060,WLDUSDT,1788783300000,val,-1,-3.53,0.373,5.29,4.04,0.61,-3.61,0.8,6.14,4.27,2.89,1,0.07,neutral,neutral,0,-1.0,6,9864,1,
s34061,INJUSDT,1788783300000,val,1,2.66,0.456,3.39,3.17,1.75,2.59,1.74,1.87,2.37,2.37,0,0.07,neutral,alcista,1,2.0,29,9864,2,
s34062,PENDLEUSDT,1788783300000,val,1,4.51,0.549,5.07,4.36,5,4.43,3.04,1.71,1.29,1.24,1,0.07,neutral,alcista,0,0.457,32,9864,3,
s34063,STXUSDT,1788783300000,testA,1,5.21,0.67,5.99,5.31,1.87,5.13,2.48,1.53,1.21,0.86,1,0.07,neutral,alcista,0,0.162,32,9863,2,
s34064,LDOUSDT,1788783300000,testA,1,2.49,0.485,2.77,2.45,1.02,2.42,1.08,0.97,1.32,2.13,0,0.07,neutral,alcista,0,-1.0,13,9863,2,
s34065,XPLUSDT,1788784200000,val,1,4.17,0.64,4.92,4.43,0.93,4.18,1.68,1.41,1.13,1.1,1,-0.01,neutral,neutral,0,0.299,32,9865,0,
s34066,WLDUSDT,1788784200000,val,-1,-3.23,0.351,5.09,4.22,0.62,-3.22,0.95,6.14,4.27,2.89,1,-0.01,neutral,bajista,0,-1.0,5,9865,2,
s34067,INJUSDT,1788784200000,val,1,2.47,0.408,3.2,2.52,1.66,2.48,1.23,1.87,2.37,2.37,0,-0.01,neutral,neutral,1,2.0,26,9865,0,
s34068,PENDLEUSDT,1788784200000,val,1,3.17,0.383,4.99,3.59,5,3.18,2.19,1.71,1.29,1.24,1,-0.01,neutral,neutral,0,1.307,32,9865,0,
s34069,STXUSDT,1788784200000,testA,1,5.81,0.694,6.49,5.88,1.01,5.82,2.78,1.53,1.21,0.86,1,-0.01,neutral,alcista,0,-0.085,32,9864,3,
s34070,LDOUSDT,1788784200000,testA,1,2.03,0.436,2.59,2.47,0.79,2.04,1.14,0.97,1.32,2.13,0,-0.01,neutral,alcista,0,-1.0,11,9864,3,
s34071,XPLUSDT,1788785100000,val,1,4.36,0.651,4.96,4.56,1.08,4.14,2.24,1.41,1.13,1.1,1,0.22,neutral,neutral,0,0.099,32,9866,1,
s34072,OPUSDT,1788785100000,val,1,2.51,0.445,2.99,2.69,1.56,2.29,1.48,0.98,1.16,1.18,0,0.22,neutral,alcista,0,-1.0,11,9866,6,
s34073,INJUSDT,1788785100000,val,1,2.28,0.39,2.79,2.35,1.7,2.07,1.27,1.87,2.37,2.37,0,0.22,neutral,neutral,0,-1.0,14,9866,1,
s34074,SUIUSDT,1788785100000,val,1,3.32,0.402,5.23,4.63,2.52,3.11,2.7,2.08,1.97,1.64,1,0.22,neutral,alcista,0,-1.0,12,9866,4,
s34075,SEIUSDT,1788785100000,val,1,2.81,0.429,4.04,3.96,3.86,2.59,2.77,1.47,1.37,1.47,0,0.22,neutral,alcista,0,-1.0,12,9866,4,
s34076,PENDLEUSDT,1788785100000,val,1,3.3,0.404,5.0,3.52,3.03,3.09,1.84,1.71,1.29,1.24,1,0.22,neutral,neutral,0,0.992,32,9866,0,
s34077,FETUSDT,1788785100000,val,1,4.02,0.515,4.3,3.92,1.59,3.8,2.62,1.82,1.64,1.8,0,0.22,neutral,neutral,0,0.493,32,9865,1,
s34078,STXUSDT,1788785100000,testA,1,8.11,0.771,7.71,7.61,1.22,7.9,4.41,1.53,1.21,0.86,1,0.22,neutral,alcista,0,-0.321,32,9865,4,
s34079,LDOUSDT,1788785100000,testA,1,2.48,0.515,3.0,2.75,0.93,2.26,1.27,0.97,1.32,2.13,0,0.22,neutral,alcista,0,-1.0,10,9865,4,
s34080,AXSUSDT,1788785100000,testA,1,2.03,0.564,2.46,2.1,1.97,1.81,1.42,1.05,0.91,0.88,1,0.22,neutral,alcista,0,-1.0,12,9865,5,
s34081,XPLUSDT,1788786000000,val,1,4.04,0.61,4.6,4.08,1.15,3.92,1.94,1.06,1.12,1.11,0,0.13,neutral,neutral,0,0.253,32,9867,0,
s34082,INJUSDT,1788786000000,val,1,2.01,0.356,2.79,2.32,1.03,1.88,1.08,1.87,2.3,2.45,0,0.13,neutral,neutral,0,-1.0,13,9867,0,
s34083,FETUSDT,1788786000000,val,1,3.45,0.48,4.32,4.16,2.03,3.32,3.18,2.38,1.88,1.95,0,0.13,neutral,alcista,0,0.408,32,9866,2,
s34084,STXUSDT,1788786000000,testA,1,7.47,0.758,8.19,7.47,2.11,7.34,4.87,2.11,1.48,1.02,1,0.13,neutral,alcista,0,-0.398,32,9866,5,
s34085,AXSUSDT,1788786000000,testA,1,2.12,0.575,2.69,2.45,2.33,1.99,1.6,1.17,1.01,0.96,1,0.13,neutral,alcista,0,-1.0,11,9866,6,
s34086,XPLUSDT,1788786900000,val,1,3.99,0.609,4.27,4.2,1.08,3.79,2.47,1.06,1.12,1.11,0,0.2,neutral,neutral,0,0.106,32,9868,1,
s34087,INJUSDT,1788786900000,val,1,2.5,0.409,3.25,3.14,0.98,2.3,1.91,1.87,2.3,2.45,0,0.2,neutral,neutral,0,-1.0,12,9868,1,
s34088,FETUSDT,1788786900000,val,1,3.38,0.476,4.53,4.42,2.84,3.18,3.11,2.38,1.88,1.95,0,0.2,neutral,alcista,0,0.333,32,9867,3,
s34089,STXUSDT,1788786900000,testA,1,5.74,0.529,8.3,6.27,2.71,5.54,3.17,2.11,1.48,1.02,1,0.2,neutral,neutral,0,-0.318,32,9867,0,
s34090,AXSUSDT,1788786900000,testA,1,2.68,0.651,3.26,2.9,2.94,2.48,1.86,1.17,1.01,0.96,1,0.2,neutral,alcista,0,-1.0,10,9867,7,
s34091,ARUSDT,1788787800000,testA,-1,-2.64,0.449,3.08,2.85,0.93,-2.62,1.02,0.51,0.66,0.75,0,-0.02,neutral,bajista,0,-0.94,32,9868,3,
s34092,STXUSDT,1788787800000,testA,1,5.35,0.474,8.36,5.61,2.81,5.37,2.22,2.11,1.48,1.02,1,-0.02,neutral,neutral,0,-0.264,32,9868,0,
s34093,AXSUSDT,1788787800000,testA,1,2.02,0.42,3.28,2.11,3.56,2.04,0.99,1.17,1.01,0.96,1,-0.02,neutral,neutral,0,-1.0,9,9868,0,
s34094,XPLUSDT,1788788700000,val,1,2.51,0.362,4.32,2.98,1.15,2.46,0.83,1.06,1.12,1.11,0,0.05,neutral,neutral,0,0.696,32,9870,0,
s34095,WLDUSDT,1788788700000,val,1,3.46,0.371,5.53,5.31,1.89,3.41,2.86,5.55,4.66,3.06,1,0.05,neutral,alcista,0,0.113,32,9870,5,
s34096,OPUSDT,1788788700000,val,1,2.26,0.355,3.13,2.39,1.91,2.21,0.9,1.02,1.14,1.21,0,0.05,neutral,neutral,0,-1.0,7,9870,1,
s34097,SUIUSDT,1788788700000,val,1,3.24,0.398,4.7,3.17,1.42,3.19,1.11,2.15,1.98,1.72,1,0.05,neutral,neutral,0,-1.0,7,9870,1,
s34098,PENDLEUSDT,1788788700000,val,1,2.86,0.378,5.0,2.79,0.75,2.81,0.56,1.76,1.36,1.22,1,0.05,neutral,neutral,1,2.0,27,9870,1,
s34099,FETUSDT,1788788700000,val,1,5.02,0.571,4.94,4.78,3.03,4.97,2.85,2.38,1.88,1.95,0,0.05,neutral,neutral,0,0.114,32,9869,1,
s34100,SANDUSDT,1788788700000,testA,1,2.18,0.465,2.62,2.16,3.1,2.13,1.05,0.74,0.74,0.7,0,0.05,neutral,neutral,0,-1.0,8,9869,1,
s34101,AXSUSDT,1788788700000,testA,1,2.29,0.469,3.23,2.24,3.32,2.25,1.01,1.17,1.01,0.96,1,0.05,neutral,neutral,0,-1.0,7,9869,1,
s34102,WLDUSDT,1788789600000,val,1,3.68,0.388,6.28,5.49,2.25,3.92,2.76,4.83,5.21,3.3,0,-0.25,neutral,alcista,0,0.136,32,9871,6,
s34103,ARUSDT,1788790500000,testA,-1,-2.36,0.376,3.06,2.62,1.39,-1.9,1.44,0.54,0.61,0.7,0,-0.46,neutral,bajista,0,-1.0,29,9871,2,
s34104,ARUSDT,1788791400000,testA,-1,-2.49,0.389,3.07,2.79,1.33,-1.96,1.3,0.54,0.61,0.7,0,-0.53,neutral,bajista,0,-1.0,28,9872,3,
s34105,STXUSDT,1788791400000,testA,1,3.89,0.363,6.85,3.92,0.7,4.42,1.32,2.38,1.58,1.08,1,-0.53,neutral,alcista,0,-0.739,32,9872,2,
s34106,XPLUSDT,1788792300000,val,1,3.29,0.357,3.59,3.26,1.18,3.5,1.81,1.07,1.12,1.09,0,-0.22,neutral,alcista,0,0.137,32,9874,2,
s34107,OPUSDT,1788792300000,val,1,2.99,0.414,4.11,3.74,1.66,3.2,1.97,1.14,1.11,1.19,0,-0.22,neutral,neutral,0,-1.0,3,9874,1,
s34108,ASTERUSDT,1788793200000,val,-1,-3.36,0.379,3.88,3.75,1.06,-2.89,1.81,2.21,1.55,1.24,1,-0.47,neutral,neutral,0,0.178,32,9875,1,
s34109,ASTERUSDT,1788794100000,val,-1,-3.29,0.372,4.81,4.42,1.39,-2.77,2.45,2.21,1.55,1.24,1,-0.52,neutral,bajista,0,0.111,32,9876,2,
s34110,PUMPUSDT,1788794100000,val,-1,-6.39,0.618,8.89,7.92,0.45,-5.87,1.67,3.32,2.23,1.76,1,-0.52,neutral,neutral,0,-0.214,32,9876,0,
s34111,ARUSDT,1788794100000,testA,-1,-2.87,0.381,3.5,3.16,1.29,-2.35,1.64,0.58,0.62,0.71,0,-0.52,neutral,neutral,0,-1.0,22,9875,0,
s34112,ASTERUSDT,1788795000000,val,-1,-3.58,0.391,5.83,5.4,1.83,-2.78,2.98,2.21,1.55,1.24,1,-0.8,neutral,bajista,0,-0.13,32,9877,3,
s34113,PUMPUSDT,1788795000000,val,-1,-5.52,0.578,7.75,7.18,0.58,-4.72,2.75,3.32,2.23,1.76,1,-0.8,neutral,neutral,0,-0.441,32,9877,1,
s34114,STBLUSDT,1788795000000,val,-1,-3.13,0.513,5.75,4.43,3.76,-2.33,2.76,1.22,1.06,0.66,1,-0.8,neutral,bajista,0,-0.383,32,9877,3,
s34115,ENAUSDT,1788795000000,val,-1,-3.27,0.447,4.71,4.38,1.95,-2.47,2.46,0.85,0.85,0.76,0,-0.8,neutral,neutral,0,0.099,32,9877,1,
s34116,ARUSDT,1788795000000,testA,-1,-3.47,0.426,4.53,3.91,1.85,-2.67,2.04,0.58,0.62,0.71,0,-0.8,neutral,neutral,0,-1.0,21,9876,1,
s34117,LDOUSDT,1788795000000,testA,-1,-2.32,0.378,3.94,3.59,1.27,-1.52,1.81,1.13,1.14,1.67,0,-0.8,neutral,bajista,0,0.493,32,9876,3,
s34118,ASTERUSDT,1788795900000,val,-1,-3.83,0.416,6.19,5.56,2.06,-3.09,2.87,2.21,1.55,1.24,1,-0.74,neutral,bajista,0,-0.146,32,9878,4,
s34119,STBLUSDT,1788795900000,val,-1,-3.25,0.529,5.76,4.51,4.56,-2.5,2.69,1.22,1.06,0.66,1,-0.74,neutral,bajista,0,-0.44,32,9878,4,
s34120,ENAUSDT,1788795900000,val,-1,-3.3,0.449,5.34,4.72,2.12,-2.56,2.5,0.85,0.85,0.76,0,-0.74,neutral,bajista,0,-0.009,32,9878,2,
s34121,PENDLEUSDT,1788795900000,val,-1,-2.31,0.385,4.69,4.37,0.46,-1.56,1.11,2.03,1.46,1.2,1,-0.74,neutral,neutral,0,-1.0,11,9878,0,
s34122,ARUSDT,1788795900000,testA,-1,-2.88,0.358,4.52,3.66,1.81,-2.14,1.64,0.58,0.62,0.71,0,-0.74,neutral,neutral,0,-1.0,20,9877,0,
s34123,LDOUSDT,1788795900000,testA,-1,-2.68,0.414,4.38,3.98,1.56,-1.94,1.93,1.13,1.14,1.67,0,-0.74,neutral,bajista,0,0.377,32,9877,4,
s34124,PUMPUSDT,1788796800000,val,-1,-6.4,0.561,9.01,7.64,1.17,-5.75,3.31,3.06,2.32,1.71,1,-0.65,neutral,neutral,0,-0.467,32,9879,0,
s34125,PENDLEUSDT,1788796800000,val,-1,-2.72,0.492,4.67,3.99,0.74,-2.07,0.65,2.23,1.53,1.21,1,-0.65,neutral,neutral,0,-1.0,10,9879,0,
s34126,JUPUSDT,1788797700000,val,-1,-4.29,0.493,6.38,5.25,1.71,-3.42,1.83,1.59,1.5,2.81,0,-0.87,neutral,neutral,0,-0.277,32,9880,1,
s34127,PENDLEUSDT,1788797700000,val,-1,-2.95,0.562,4.04,3.15,0.87,-2.09,0.36,2.23,1.53,1.21,1,-0.87,neutral,neutral,0,-1.0,8,9880,0,
s34128,LDOUSDT,1788797700000,testA,-1,-2.96,0.433,4.38,3.85,1.46,-2.09,1.52,1.16,1.07,1.47,0,-0.87,neutral,neutral,0,0.539,32,9879,1,
s34129,PUMPUSDT,1788798600000,val,-1,-5.48,0.468,8.72,7.0,1.03,-4.88,2.15,3.06,2.32,1.71,1,-0.6,neutral,neutral,0,-0.323,32,9881,0,
s34130,ASTERUSDT,1788799500000,val,-1,-3.32,0.392,6.16,5.07,0.52,-2.59,1.41,1.91,1.58,1.27,1,-0.73,neutral,neutral,0,-0.044,32,9882,0,
s34131,PUMPUSDT,1788799500000,val,-1,-5.89,0.526,8.23,6.32,0.86,-5.16,1.77,3.06,2.32,1.71,1,-0.73,neutral,neutral,0,-0.491,32,9882,0,
s34132,ENAUSDT,1788799500000,val,-1,-3.07,0.383,5.28,3.56,0.57,-2.34,0.84,0.89,0.87,0.76,1,-0.73,neutral,neutral,0,-0.005,32,9882,1,
s34133,SUIUSDT,1788799500000,val,-1,-2.91,0.361,5.44,3.55,0.47,-2.18,0.16,2.41,2.19,1.87,1,-0.73,neutral,neutral,0,-0.498,32,9882,0,
s34134,JUPUSDT,1788799500000,val,-1,-3.37,0.367,6.34,4.49,0.75,-2.64,1.04,1.59,1.5,2.81,0,-0.73,neutral,neutral,0,-0.464,32,9882,1,
s34135,LDOUSDT,1788799500000,testA,-1,-2.92,0.397,4.36,3.31,0.83,-2.2,0.86,1.16,1.07,1.47,0,-0.73,neutral,neutral,0,0.496,32,9881,1,
s34136,ASTERUSDT,1788800400000,val,-1,-3.49,0.423,6.15,4.89,0.39,-2.9,1.02,1.7,1.56,1.26,1,-0.59,neutral,neutral,0,-0.027,32,9883,0,
s34137,LDOUSDT,1788800400000,testA,-1,-2.69,0.376,4.01,2.99,0.68,-2.1,0.84,1.12,1.07,1.38,0,-0.59,neutral,bajista,0,0.567,32,9882,2,
s34138,ASTERUSDT,1788801300000,val,-1,-3.87,0.491,6.15,4.92,0.35,-3.22,0.94,1.7,1.56,1.26,1,-0.65,neutral,neutral,0,-0.129,32,9884,1,
s34139,STBLUSDT,1788801300000,val,-1,-2.74,0.361,5.68,3.1,0.36,-2.09,0.85,1.31,1.13,0.71,1,-0.65,neutral,neutral,0,-0.487,32,9884,0,
s34140,JUPUSDT,1788801300000,val,-1,-4.34,0.511,6.3,4.49,0.51,-3.69,1.0,1.5,1.36,2.71,0,-0.65,neutral,neutral,0,-0.527,32,9884,1,
s34141,ASTERUSDT,1788802200000,val,-1,-2.92,0.358,6.11,4.27,0.28,-2.65,0.44,1.7,1.56,1.26,1,-0.27,neutral,neutral,0,-0.042,32,9885,0,
s34142,JUPUSDT,1788802200000,val,-1,-2.84,0.374,5.24,3.16,0.43,-2.57,0.67,1.5,1.36,2.71,0,-0.27,neutral,neutral,0,-0.532,32,9885,0,
s34143,ASTERUSDT,1788803100000,val,-1,-3.89,0.517,6.13,4.5,0.27,-3.69,0.64,1.7,1.56,1.26,1,-0.2,neutral,neutral,0,-0.172,32,9886,1,
s34144,STBLUSDT,1788803100000,val,-1,-2.82,0.41,5.59,2.98,0.36,-2.61,0.67,1.31,1.13,0.71,1,-0.2,neutral,neutral,0,-0.507,32,9886,1,
s34145,JUPUSDT,1788803100000,val,-1,-2.57,0.351,4.96,2.92,0.5,-2.37,0.64,1.5,1.36,2.71,0,-0.2,neutral,neutral,0,-0.699,32,9886,0,
s34146,ASTERUSDT,1788804000000,val,-1,-2.76,0.429,4.45,3.09,0.31,-2.75,0.88,1.56,1.58,1.27,0,-0.01,neutral,bajista,0,-0.227,32,9887,2,
s34147,STBLUSDT,1788804000000,val,-1,-2.44,0.374,5.61,3.23,0.37,-2.43,0.86,1.27,0.95,0.7,1,-0.01,neutral,bajista,0,-0.823,32,9887,2,
s34148,JUPUSDT,1788804000000,val,-1,-2.71,0.361,4.16,2.95,0.4,-2.7,1.47,1.41,1.28,2.62,0,-0.01,neutral,neutral,0,-1.0,7,9887,1,
s34149,ASTERUSDT,1788804900000,val,-1,-3.01,0.449,4.35,3.42,0.36,-3.12,1.14,1.56,1.58,1.27,0,0.12,neutral,bajista,0,-0.16,32,9888,3,
s34150,PENDLEUSDT,1788804900000,val,1,2.79,0.445,4.43,4.15,1.46,2.67,1.77,1.76,1.76,1.29,0,0.12,neutral,neutral,0,1.019,32,9888,1,
s34151,ASTERUSDT,1788805800000,val,-1,-2.77,0.427,4.36,3.64,0.42,-2.93,1.33,1.56,1.58,1.27,0,0.16,neutral,bajista,0,-0.136,32,9889,4,
s34152,INJUSDT,1788805800000,val,1,4.87,0.462,6.53,6.43,1.25,4.7,3.46,3.97,3.01,3.11,0,0.16,neutral,alcista,0,1.779,32,9889,4,
s34153,PENDLEUSDT,1788805800000,val,1,2.57,0.416,4.87,4.09,1.54,2.41,1.51,1.76,1.76,1.29,0,0.16,neutral,neutral,0,0.717,32,9889,0,
s34154,ASTERUSDT,1788806700000,val,-1,-2.48,0.368,3.78,2.64,0.41,-2.49,0.62,1.56,1.58,1.27,0,0.01,neutral,neutral,0,0.488,32,9890,0,
s34155,OPUSDT,1788806700000,val,-1,-3.23,0.36,4.29,3.33,0.44,-3.23,0.77,1.35,1.18,1.2,0,0.01,neutral,neutral,0,0.134,32,9890,0,
s34156,INJUSDT,1788806700000,val,1,5.28,0.483,7.01,6.93,1.39,5.27,3.56,3.97,3.01,3.11,0,0.01,neutral,alcista,0,1.151,32,9890,5,
s34157,JUPUSDT,1788806700000,val,-1,-2.25,0.399,3.92,2.79,0.35,-2.26,0.88,1.41,1.28,2.62,0,0.01,neutral,neutral,0,-1.0,4,9890,1,
s34158,PENDLEUSDT,1788806700000,val,1,2.79,0.442,4.86,4.25,1.57,2.78,1.63,1.76,1.76,1.29,0,0.01,neutral,neutral,0,0.409,32,9890,1,
s34159,LDOUSDT,1788806700000,testA,-1,-2.08,0.419,2.75,2.18,0.52,-2.09,0.63,1.08,1.04,1.35,0,0.01,neutral,bajista,0,1.195,32,9889,5,
s34160,INJUSDT,1788807600000,val,1,4.75,0.427,7.36,6.6,1.45,4.58,2.84,5.29,3.71,3.58,1,0.16,neutral,neutral,0,1.256,32,9891,0,
s34161,PENDLEUSDT,1788807600000,val,1,3.64,0.509,5.47,5.09,1.39,3.48,2.29,1.66,1.74,1.33,0,0.16,neutral,alcista,0,0.36,32,9891,2,
s34162,ARBUSDT,1788808500000,val,1,3.83,0.486,6.24,6.03,0.7,3.56,2.58,1.04,1.31,1.41,0,0.26,neutral,alcista,0,-0.141,32,9892,2,
s34163,INJUSDT,1788808500000,val,1,6.07,0.507,7.66,7.55,1.38,5.81,3.67,5.29,3.71,3.58,1,0.26,neutral,neutral,0,0.86,32,9892,1,
s34164,PENDLEUSDT,1788808500000,val,1,4.42,0.645,5.51,5.28,0.91,4.16,2.24,1.66,1.74,1.33,0,0.26,neutral,alcista,0,0.111,32,9892,3,
s34165,FETUSDT,1788808500000,val,1,3.74,0.396,5.33,4.95,1.04,3.48,2.47,2.72,2.6,2.2,1,0.26,neutral,alcista,0,0.163,32,9891,3,
s34166,XPLUSDT,1788809400000,val,1,2.91,0.447,3.42,3.33,0.99,2.2,1.91,0.77,0.93,1.13,0,0.71,neutral,alcista,0,-0.003,32,9893,5,
s34167,ARBUSDT,1788809400000,val,1,3.81,0.473,6.32,4.87,0.88,3.09,0.84,1.04,1.31,1.41,0,0.71,neutral,neutral,0,0.164,32,9893,0,
s34168,SUIUSDT,1788809400000,val,1,2.87,0.724,3.92,3.55,0.48,2.15,0.93,1.67,1.95,1.92,0,0.71,neutral,alcista,0,-0.065,32,9893,2,
s34169,PENDLEUSDT,1788809400000,val,1,5.42,0.903,5.57,5.29,0.56,4.7,2.03,1.66,1.74,1.33,0,0.71,neutral,alcista,0,0.155,32,9893,4,
s34170,FETUSDT,1788809400000,val,1,4.05,0.439,5.35,4.27,1.39,3.34,1.51,2.72,2.6,2.2,1,0.71,neutral,neutral,0,0.367,32,9892,0,
s34171,ARUSDT,1788809400000,testA,1,2.07,0.545,2.85,2.13,0.7,1.36,0.26,0.52,0.52,0.67,0,0.71,neutral,neutral,1,2.0,22,9892,0,
s34172,GRTUSDT,1788809400000,testA,1,2.79,0.582,3.49,3.23,0.8,2.08,1.26,1.15,1.12,1.33,0,0.71,neutral,alcista,0,0.619,32,9892,2,
s34173,SANDUSDT,1788809400000,testA,1,2.02,0.433,3.38,2.52,0.58,1.31,0.44,1.02,0.88,0.81,1,0.71,neutral,alcista,0,-1.0,12,9892,2,
s34174,PUMPUSDT,1788810300000,val,1,6.13,0.452,7.03,6.0,0.57,5.44,2.69,1.87,2.47,1.78,0,0.68,neutral,alcista,0,-0.393,32,9894,4,
s34175,ARBUSDT,1788810300000,val,1,5.05,0.547,6.25,5.98,1.14,4.37,2.29,1.04,1.31,1.41,0,0.68,neutral,neutral,0,-0.019,32,9894,1,
s34176,SUIUSDT,1788810300000,val,1,3.15,0.846,3.67,3.12,0.65,2.46,1.02,1.67,1.95,1.92,0,0.68,neutral,alcista,0,-0.212,32,9894,3,
s34177,JUPUSDT,1788810300000,val,1,2.38,0.418,4.1,3.58,0.87,1.69,1.47,1.36,1.24,2.54,0,0.68,neutral,alcista,0,-0.538,32,9894,4,
s34178,PENDLEUSDT,1788810300000,val,1,5.85,0.91,5.79,5.6,0.69,5.16,2.35,1.66,1.74,1.33,0,0.68,neutral,alcista,0,-0.091,32,9894,5,
s34179,ONDOUSDT,1788810300000,val,1,2.38,0.378,3.46,2.4,0.35,1.7,0.29,1.99,1.99,2.07,0,0.68,neutral,neutral,0,-1.0,30,9893,0,
s34180,GRTUSDT,1788810300000,testA,1,2.37,0.455,3.51,2.37,2.13,1.69,0.68,1.15,1.12,1.33,0,0.68,neutral,neutral,0,0.957,32,9893,0,
s34181,SUIUSDT,1788811200000,val,1,2.44,0.722,3.42,2.69,1.13,2.02,0.8,1.49,1.83,1.92,0,0.42,neutral,neutral,0,-1.0,10,9895,0,
s34182,PENDLEUSDT,1788811200000,val,1,4.38,0.615,5.51,4.28,0.63,3.96,1.25,2.08,2.05,1.48,1,0.42,neutral,neutral,0,0.182,32,9895,0,
s34183,SUIUSDT,1788812100000,val,1,2.67,0.75,3.36,2.85,1.35,2.19,1.04,1.49,1.83,1.92,0,0.48,neutral,neutral,0,-1.0,9,9896,1,
s34184,PENDLEUSDT,1788812100000,val,1,5.1,0.651,5.35,5.02,0.8,4.62,2.08,2.08,2.05,1.48,1,0.48,neutral,neutral,0,-0.069,32,9896,1,
s34185,ARUSDT,1788812100000,testA,1,2.47,0.571,2.62,2.55,0.75,1.99,1.32,0.49,0.52,0.68,0,0.48,neutral,alcista,0,-0.711,32,9895,2,
s34186,GRTUSDT,1788812100000,testA,1,2.2,0.382,2.82,2.21,3.96,1.72,1.29,1.14,1.12,1.33,0,0.48,neutral,neutral,0,0.279,32,9895,1,
s34187,SUIUSDT,1788813000000,val,1,2.59,0.746,2.71,2.7,1.32,2.35,1.54,1.49,1.83,1.92,0,0.24,neutral,alcista,0,-1.0,8,9897,2,
s34188,PENDLEUSDT,1788813000000,val,1,5.59,0.675,7.09,5.74,2.09,5.35,3.63,2.08,2.05,1.48,1,0.24,neutral,alcista,0,-0.459,32,9897,2,
s34189,STXUSDT,1788813000000,testA,-1,-2.75,0.473,3.33,3.26,0.75,-2.99,1.4,1.2,1.8,1.29,0,0.24,neutral,bajista,0,1.033,32,9896,3,
s34190,PENDLEUSDT,1788813900000,val,1,4.12,0.44,6.66,4.07,2.57,3.84,2.09,2.08,2.05,1.48,1,0.28,neutral,neutral,0,-0.381,32,9898,0,
s34191,ARUSDT,1788813900000,testA,1,2.29,0.45,2.97,2.47,1.36,2.01,1.53,0.49,0.52,0.68,0,0.28,neutral,neutral,0,-1.0,26,9897,1,
s34192,STXUSDT,1788813900000,testA,-1,-2.51,0.434,3.43,3.15,0.98,-2.79,1.18,1.2,1.8,1.29,0,0.28,neutral,neutral,0,1.125,32,9897,0,
s34193,PENDLEUSDT,1788814800000,val,1,4.55,0.466,6.42,4.66,2.54,4.4,2.62,2.09,2.11,1.51,0,0.15,neutral,neutral,0,-0.33,32,9899,1,
s34194,XPLUSDT,1788815700000,val,1,2.1,0.351,3.56,3.05,0.82,1.97,1.09,0.7,0.9,1.08,0,0.13,neutral,alcista,0,0.431,32,9900,2,
s34195,PENDLEUSDT,1788815700000,val,1,4.98,0.5,6.31,4.83,2.45,4.84,2.43,2.09,2.11,1.51,0,0.13,neutral,alcista,0,-0.189,32,9900,2,
s34196,XPLUSDT,1788816600000,val,1,3.3,0.46,5.13,4.16,2.18,3.26,2.14,0.7,0.9,1.08,0,0.04,neutral,alcista,0,-0.224,32,9901,3,
s34197,INJUSDT,1788816600000,val,1,7.66,0.474,9.74,7.27,0.9,7.62,2.53,7.5,5.14,4.46,1,0.04,neutral,alcista,0,0.439,32,9901,3,
s34198,PENDLEUSDT,1788816600000,val,1,3.52,0.364,6.1,4.03,0.96,3.48,1.63,2.09,2.11,1.51,0,0.04,neutral,neutral,0,0.085,32,9901,0,
s34199,ARUSDT,1788816600000,testA,1,2.43,0.409,3.27,3.14,1.6,2.39,2.07,0.4,0.49,0.67,0,0.04,neutral,neutral,0,-1.0,22,9900,1,
s34200,XPLUSDT,1788817500000,val,1,2.73,0.351,5.18,3.37,2.61,2.76,1.09,0.7,0.9,1.08,0,-0.03,neutral,neutral,0,-0.327,32,9902,0,
s34201,INJUSDT,1788817500000,val,1,6.8,0.446,9.0,6.55,0.58,6.83,2.25,7.5,5.14,4.46,1,-0.03,neutral,alcista,0,0.542,32,9902,4,
s34202,PENDLEUSDT,1788817500000,val,1,3.44,0.353,6.11,3.92,0.56,3.47,1.31,2.09,2.11,1.51,0,-0.03,neutral,neutral,0,0.151,32,9902,0,
s34203,STXUSDT,1788817500000,testA,-1,-2.76,0.53,3.48,3.41,0.84,-2.72,1.13,1.02,1.73,1.32,0,-0.03,neutral,bajista,0,1.0,32,9901,3,
s34204,APEUSDT,1788817500000,testA,1,2.23,0.667,3.48,2.73,3.27,2.26,1.13,1.09,1.3,1.24,0,-0.03,neutral,neutral,0,-0.275,32,9901,1,
s34205,XPLUSDT,1788818400000,val,1,2.86,0.373,5.18,3.2,3.05,2.89,0.86,0.78,0.94,1.07,0,-0.03,neutral,neutral,0,-0.243,32,9903,0,
s34206,ARUSDT,1788818400000,testA,1,2.28,0.37,4.02,2.43,1.51,2.3,0.95,0.42,0.5,0.67,0,-0.03,neutral,neutral,0,-1.0,20,9902,0,
s34207,STXUSDT,1788818400000,testA,-1,-2.29,0.481,3.2,2.84,1.2,-2.26,1.27,1.01,1.73,1.36,0,-0.03,neutral,bajista,0,1.114,32,9902,4,
s34208,XPLUSDT,1788819300000,val,1,3.3,0.42,5.17,3.49,3.66,3.36,1.04,0.78,0.94,1.07,0,-0.06,neutral,neutral,0,-0.65,32,9904,1,
s34209,WLDUSDT,1788819300000,val,1,3.31,0.507,4.83,4.14,1.53,3.37,1.68,1.85,3.36,3.99,0,-0.06,neutral,alcista,0,-0.541,32,9904,3,
s34210,STXUSDT,1788819300000,testA,-1,-2.43,0.496,3.4,3.33,1.62,-2.38,1.53,1.01,1.73,1.36,0,-0.06,neutral,bajista,0,1.033,32,9903,5,
s34211,WLDUSDT,1788820200000,val,1,3.07,0.449,4.87,3.48,1.95,3.48,0.95,1.85,3.36,3.99,0,-0.42,neutral,neutral,1,2.0,12,9905,0,
s34212,STXUSDT,1788820200000,testA,-1,-3.48,0.692,4.18,3.93,2.03,-3.06,2.05,1.01,1.73,1.36,0,-0.42,neutral,bajista,0,0.778,32,9904,6,
s34213,LDOUSDT,1788820200000,testA,-1,-2.42,0.478,3.94,2.97,4.13,-2.0,2.16,0.94,1.06,1.25,0,-0.42,neutral,bajista,0,0.224,32,9904,6,
s34214,SANDUSDT,1788820200000,testA,-1,-2.83,0.744,3.41,3.01,1.49,-2.41,1.52,0.72,0.91,0.84,0,-0.42,neutral,bajista,0,-1.0,11,9904,8,
s34215,WLDUSDT,1788821100000,val,1,3.21,0.477,4.79,3.28,2.18,3.51,0.81,1.85,3.36,3.99,0,-0.31,neutral,neutral,1,2.0,10,9906,0,
s34216,STXUSDT,1788821100000,testA,-1,-3.2,0.603,4.06,3.52,1.93,-2.89,1.49,1.01,1.73,1.36,0,-0.31,neutral,neutral,0,0.918,32,9905,0,
s34217,LDOUSDT,1788821100000,testA,-1,-2.13,0.411,3.93,2.76,4.72,-1.82,1.77,0.94,1.06,1.25,0,-0.31,neutral,neutral,0,0.259,32,9905,0,
s34218,SANDUSDT,1788821100000,testA,-1,-2.16,0.62,3.26,2.68,1.85,-1.85,1.25,0.72,0.91,0.84,0,-0.31,neutral,neutral,0,-1.0,10,9905,0,
s34219,WLDUSDT,1788822000000,val,1,4.58,0.566,4.65,4.42,2.79,4.62,2.34,1.96,3.41,4.14,0,-0.05,neutral,neutral,0,-0.649,32,9907,1,
s34220,STXUSDT,1788822000000,testA,-1,-2.12,0.411,3.39,2.38,1.46,-2.07,0.89,0.97,1.6,1.37,0,-0.05,neutral,neutral,0,1.485,32,9906,0,
s34221,WLDUSDT,1788822900000,val,1,3.06,0.409,4.23,3.43,2.33,3.34,1.75,1.96,3.41,4.14,0,-0.29,neutral,neutral,0,-0.313,32,9908,0,
s34222,STXUSDT,1788822900000,testA,-1,-2.37,0.438,3.4,2.64,1.27,-2.08,1.09,0.97,1.6,1.37,0,-0.29,neutral,neutral,0,1.205,32,9907,1,
s34223,WLDUSDT,1788823800000,val,1,3.08,0.412,4.52,3.93,2.21,3.35,2.1,1.96,3.41,4.14,0,-0.27,neutral,neutral,0,-0.176,32,9909,1,
s34224,STXUSDT,1788823800000,testA,-1,-2.12,0.405,3.22,2.42,0.59,-1.86,0.96,0.97,1.6,1.37,0,-0.27,neutral,neutral,0,1.388,32,9908,0,
s34225,WLDUSDT,1788824700000,val,1,2.87,0.383,4.52,3.83,2.18,3.18,1.76,1.96,3.41,4.14,0,-0.31,neutral,neutral,0,0.066,32,9910,0,
s34226,STXUSDT,1788824700000,testA,-1,-2.23,0.434,3.22,2.28,0.65,-1.91,0.65,0.97,1.6,1.37,0,-0.31,neutral,neutral,0,1.619,32,9909,0,
s34227,LDOUSDT,1788824700000,testA,-1,-2.12,0.359,3.89,2.26,0.87,-1.8,0.88,0.95,1.05,1.23,0,-0.31,neutral,neutral,0,0.337,32,9909,1,
s34228,WLDUSDT,1788825600000,val,1,3.58,0.524,4.38,3.61,1.59,3.81,1.38,2.46,3.63,4.34,0,-0.23,neutral,neutral,0,-0.256,32,9911,0,
s34229,WLDUSDT,1788826500000,val,1,3.1,0.435,4.4,3.24,1.56,3.37,0.83,2.46,3.63,4.34,0,-0.26,neutral,neutral,0,-0.156,32,9912,0,
s34230,LDOUSDT,1788826500000,testA,-1,-2.05,0.373,3.91,2.73,0.9,-1.79,1.18,1.05,1.08,1.23,0,-0.26,neutral,bajista,0,0.28,32,9911,3,
s34231,WLDUSDT,1788827400000,val,1,4.11,0.505,4.84,4.43,1.48,4.07,1.87,2.46,3.63,4.34,0,0.04,neutral,neutral,0,-0.31,32,9913,1,
s34232,WLDUSDT,1788828300000,val,1,6.45,0.629,6.33,6.12,1.93,6.35,3.75,2.46,3.63,4.34,0,0.1,neutral,alcista,0,-1.0,22,9914,2,
s34233,INJUSDT,1788828300000,val,1,4.43,0.45,5.81,5.45,1.02,4.33,2.69,6.78,5.67,4.33,1,0.1,neutral,alcista,0,-0.354,32,9914,6,
s34234,WLDUSDT,1788829200000,val,1,6.47,0.632,6.86,6.54,2.15,6.44,4.45,3.71,3.93,4.72,0,0.03,neutral,alcista,0,-1.0,20,9915,3,
s34235,WLDUSDT,1788830100000,val,1,7.01,0.651,7.57,7.21,2.53,6.8,4.65,3.71,3.93,4.72,0,0.21,neutral,alcista,0,-1.0,19,9916,4,
s34236,WLDUSDT,1788831000000,val,1,6.9,0.635,8.18,7.1,2.73,6.73,4.09,3.71,3.93,4.72,0,0.17,neutral,neutral,0,-1.0,18,9917,0,
s34237,INJUSDT,1788831000000,val,1,4.66,0.422,7.34,7.18,1.65,4.49,4.05,5.91,5.9,4.43,1,0.17,neutral,alcista,0,-0.388,32,9917,2,
s34238,WLDUSDT,1788831900000,val,1,4.47,0.358,7.99,4.95,2.49,4.12,1.76,3.71,3.93,4.72,0,0.35,neutral,neutral,0,-1.0,10,9918,0,
s34239,ENAUSDT,1788831900000,val,1,2.36,0.361,3.83,3.79,1.77,2.01,1.87,0.5,0.65,0.71,0,0.35,neutral,alcista,0,-1.0,18,9918,3,
s34240,INJUSDT,1788831900000,val,1,5.34,0.455,7.85,7.79,1.42,4.98,4.18,5.91,5.9,4.43,1,0.35,neutral,alcista,0,-0.387,32,9918,3,
s34241,SEIUSDT,1788832800000,val,1,2.0,0.374,3.45,3.31,1.01,1.77,1.22,0.99,1.17,1.43,0,0.23,neutral,alcista,0,-1.0,24,9919,4,
s34242,SANDUSDT,1788832800000,testA,1,2.69,0.458,3.83,3.83,1.08,2.46,1.54,0.87,0.89,0.83,0,0.23,neutral,alcista,0,-0.114,32,9918,2,
s34243,SEIUSDT,1788833700000,val,1,2.13,0.406,3.53,3.13,1.27,1.92,0.96,0.99,1.17,1.43,0,0.21,neutral,neutral,0,-1.0,23,9920,0,
s34244,FETUSDT,1788833700000,val,1,3.86,0.357,6.16,5.2,1.98,3.65,1.38,1.48,1.8,2.05,0,0.21,neutral,neutral,0,-0.469,32,9919,0,
s34245,SUIUSDT,1788834600000,val,1,2.23,0.359,3.45,2.18,1.01,1.83,0.17,1.21,1.37,1.73,0,0.39,neutral,neutral,0,-1.0,15,9921,0,
s34246,SEIUSDT,1788834600000,val,1,2.64,0.552,3.17,2.69,1.25,2.25,0.87,0.99,1.17,1.43,0,0.39,neutral,neutral,0,-1.0,10,9921,0,
s34247,FETUSDT,1788834600000,val,1,4.47,0.43,6.1,4.39,1.4,4.08,0.61,1.48,1.8,2.05,0,0.39,neutral,neutral,0,-0.366,32,9920,0,
s34248,GRTUSDT,1788834600000,testA,1,3.27,0.578,3.82,3.32,2.7,2.88,1.71,0.99,1.08,1.22,0,0.39,neutral,neutral,0,-1.0,16,9920,1,
s34249,GRTUSDT,1788835500000,testA,1,2.86,0.47,3.84,2.88,2.87,2.88,1.13,0.99,1.08,1.22,0,-0.02,neutral,neutral,0,-1.0,15,9921,0,
s34250,JUPUSDT,1788836400000,val,-1,-2.59,0.359,3.51,3.22,1.42,-2.32,1.48,0.69,0.77,1.42,0,-0.27,neutral,neutral,0,0.812,32,9923,0,
s34251,STXUSDT,1788836400000,testA,-1,-2.24,0.356,3.58,3.51,0.72,-1.96,1.57,1.1,1.06,1.38,0,-0.27,neutral,bajista,0,0.389,32,9922,4,
s34252,GRTUSDT,1788836400000,testA,1,2.69,0.456,3.83,3.18,2.54,2.97,1.32,1.14,1.0,1.18,0,-0.27,neutral,neutral,0,-1.0,14,9922,1,
s34253,STXUSDT,1788837300000,testA,-1,-2.28,0.36,3.81,3.81,0.59,-1.99,1.6,1.1,1.06,1.38,0,-0.29,neutral,bajista,0,0.262,32,9923,5,
s34254,GRTUSDT,1788837300000,testA,1,3.07,0.551,3.83,3.08,2.13,3.36,1.21,1.14,1.0,1.18,0,-0.29,neutral,neutral,0,-1.0,13,9923,0,
s34255,GRTUSDT,1788838200000,testA,1,3.43,0.579,3.62,3.27,1.49,3.65,1.47,1.14,1.0,1.18,0,-0.22,neutral,neutral,0,-1.0,11,9924,1,
s34256,GRTUSDT,1788839100000,testA,1,2.69,0.464,3.63,2.97,1.19,2.94,0.99,1.14,1.0,1.18,0,-0.25,neutral,neutral,0,-1.0,10,9925,0,
s34257,INJUSDT,1788840000000,val,1,5.46,0.4,8.12,5.26,0.62,5.76,1.69,5.01,6.82,4.96,0,-0.3,neutral,alcista,0,-1.0,17,9927,3,
s34258,ARUSDT,1788840000000,testA,-1,-3.36,0.411,5.35,4.9,0.76,-3.06,1.34,0.57,0.5,0.55,0,-0.3,neutral,neutral,0,0.271,32,9926,0,
s34259,STXUSDT,1788840000000,testA,-1,-3.29,0.575,4.07,3.7,0.63,-3.0,1.19,0.94,0.98,1.36,0,-0.3,neutral,bajista,0,0.42,32,9926,2,
s34260,ARUSDT,1788840900000,testA,-1,-3.24,0.402,5.36,5.19,0.73,-3.01,1.46,0.57,0.5,0.55,0,-0.23,neutral,neutral,0,0.086,32,9927,1,
s34261,STXUSDT,1788840900000,testA,-1,-3.12,0.561,4.07,3.81,0.66,-2.89,1.19,0.94,0.98,1.36,0,-0.23,neutral,bajista,0,0.233,32,9927,3,
s34262,ARUSDT,1788841800000,testA,-1,-3.21,0.399,5.92,5.41,0.69,-2.67,1.57,0.57,0.5,0.55,0,-0.55,neutral,bajista,0,0.019,32,9928,2,
s34263,STXUSDT,1788841800000,testA,-1,-3.71,0.732,4.08,3.89,0.45,-3.16,1.16,0.94,0.98,1.36,0,-0.55,neutral,bajista,0,0.219,32,9928,4,
s34264,OPUSDT,1788842700000,val,-1,-2.85,0.415,4.0,3.67,0.53,-2.05,0.99,0.85,0.71,0.99,0,-0.8,neutral,neutral,0,-0.055,32,9930,1,
s34265,JUPUSDT,1788842700000,val,-1,-3.02,0.425,3.93,3.65,1.21,-2.22,1.21,0.73,0.72,1.15,0,-0.8,neutral,neutral,0,0.611,32,9930,1,
s34266,PENDLEUSDT,1788842700000,val,-1,-3.05,0.386,4.79,4.62,0.52,-2.25,1.71,1.52,1.8,1.73,0,-0.8,neutral,bajista,0,-0.215,32,9930,3,
s34267,ONDOUSDT,1788842700000,val,-1,-3.22,0.541,3.97,3.94,0.71,-2.42,1.31,1.25,1.08,1.74,0,-0.8,neutral,bajista,0,-0.095,32,9929,5,
s34268,ARUSDT,1788842700000,testA,-1,-4.74,0.7,5.93,5.62,0.64,-3.93,1.72,0.57,0.5,0.55,0,-0.8,neutral,bajista,0,0.012,32,9929,3,
s34269,STXUSDT,1788842700000,testA,-1,-3.71,0.732,4.23,3.93,0.49,-2.91,1.25,0.94,0.98,1.36,0,-0.8,neutral,bajista,0,0.16,32,9929,5,
s34270,PUMPUSDT,1788843600000,val,-1,-5.0,0.715,6.55,6.22,0.46,-4.26,1.58,1.17,1.19,1.82,0,-0.74,neutral,neutral,0,-0.041,32,9931,0,
s34271,ARUSDT,1788843600000,testA,-1,-3.14,0.503,5.01,4.16,0.64,-2.4,1.02,0.54,0.5,0.55,0,-0.74,neutral,neutral,0,0.156,32,9930,0,
s34272,STXUSDT,1788843600000,testA,-1,-3.19,0.679,3.74,3.37,0.45,-2.45,1.03,0.95,0.96,1.34,0,-0.74,neutral,neutral,0,0.198,32,9930,0,
s34273,PUMPUSDT,1788844500000,val,-1,-4.4,0.58,6.5,5.44,0.61,-3.68,0.84,1.17,1.19,1.82,0,-0.72,neutral,neutral,0,0.234,32,9932,0,
s34274,WLDUSDT,1788844500000,val,-1,-5.79,0.642,8.48,7.16,0.54,-5.07,1.07,4.52,3.31,5.1,0,-0.72,neutral,neutral,0,-0.015,32,9932,0,
s34275,OPUSDT,1788844500000,val,-1,-2.46,0.429,3.97,3.08,0.78,-1.75,0.36,0.87,0.71,0.97,0,-0.72,neutral,neutral,0,0.637,32,9932,0,
s34276,JUPUSDT,1788844500000,val,-1,-2.74,0.402,3.67,2.86,0.76,-2.02,0.62,0.7,0.69,1.05,0,-0.72,neutral,neutral,0,1.127,32,9932,0,
s34277,ONDOUSDT,1788844500000,val,-1,-2.47,0.425,4.24,2.93,1.14,-1.75,0.29,1.45,1.13,1.75,0,-0.72,neutral,neutral,0,0.315,32,9931,0,
s34278,ARUSDT,1788844500000,testA,-1,-3.51,0.605,5.0,3.91,0.73,-2.79,0.68,0.54,0.5,0.55,0,-0.72,neutral,neutral,0,0.226,32,9931,0,
s34279,STXUSDT,1788844500000,testA,-1,-2.66,0.569,3.33,2.7,0.64,-1.94,0.77,0.95,0.96,1.34,0,-0.72,neutral,neutral,0,0.425,32,9931,0,
s34280,PUMPUSDT,1788845400000,val,-1,-5.35,0.696,6.51,6.03,0.72,-4.47,1.41,1.17,1.19,1.82,0,-0.88,neutral,neutral,0,0.093,32,9933,1,
s34281,WLDUSDT,1788845400000,val,-1,-6.0,0.649,7.7,6.72,0.63,-5.12,1.56,4.52,3.31,5.1,0,-0.88,neutral,neutral,0,0.158,32,9933,1,
s34282,ARBUSDT,1788845400000,val,1,4.79,0.67,5.97,5.67,1.8,5.67,3.16,0.76,0.69,1.13,0,-0.88,neutral,alcista,0,-1.0,32,9933,5,
s34283,OPUSDT,1788845400000,val,-1,-2.61,0.461,3.97,3.11,0.75,-1.74,0.51,0.87,0.71,0.97,0,-0.88,neutral,neutral,0,0.897,32,9933,1,
s34284,JUPUSDT,1788845400000,val,-1,-2.64,0.392,3.64,3.11,0.79,-1.76,0.88,0.7,0.69,1.05,0,-0.88,neutral,neutral,0,1.532,32,9933,1,
s34285,ONDOUSDT,1788845400000,val,-1,-2.71,0.447,3.61,2.89,1.27,-1.83,0.95,1.45,1.13,1.75,0,-0.88,neutral,neutral,0,0.468,32,9932,1,
s34286,FETUSDT,1788845400000,val,-1,-3.48,0.413,4.32,4.05,0.68,-2.61,1.31,1.57,1.54,2.09,0,-0.88,neutral,neutral,0,0.73,32,9932,1,
s34287,ARUSDT,1788845400000,testA,-1,-2.59,0.527,4.46,3.51,0.51,-1.71,0.92,0.54,0.5,0.55,0,-0.88,neutral,neutral,0,0.35,32,9932,1,
s34288,PUMPUSDT,1788846300000,val,-1,-5.64,0.706,6.93,6.72,0.7,-4.56,2.26,1.17,1.19,1.82,0,-1.08,neutral,bajista,0,-0.167,32,9934,2,
s34289,WLDUSDT,1788846300000,val,-1,-4.3,0.566,5.37,4.51,0.55,-3.22,1.68,4.52,3.31,5.1,0,-1.08,neutral,bajista,0,0.057,32,9934,2,
s34290,ENAUSDT,1788846300000,val,-1,-2.19,0.364,3.29,2.36,1.32,-1.11,0.16,0.62,0.51,0.67,0,-1.08,neutral,bajista,1,2.0,31,9934,2,
s34291,ARBUSDT,1788846300000,val,1,3.61,0.444,5.38,4.0,2.45,4.69,1.7,0.76,0.69,1.13,0,-1.08,neutral,neutral,0,-1.0,31,9934,0,
s34292,OPUSDT,1788846300000,val,-1,-2.21,0.419,3.98,3.12,0.86,-1.13,0.37,0.87,0.71,0.97,0,-1.08,neutral,bajista,0,0.751,32,9934,2,
s34293,JUPUSDT,1788846300000,val,-1,-2.82,0.434,3.59,2.95,0.73,-1.75,0.65,0.7,0.69,1.05,0,-1.08,neutral,neutral,0,1.493,32,9934,0,
s34294,ONDOUSDT,1788846300000,val,-1,-2.87,0.461,3.59,3.11,1.39,-1.79,1.01,1.45,1.13,1.75,0,-1.08,neutral,bajista,0,0.188,32,9933,2,
s34295,ARUSDT,1788846300000,testA,-1,-2.56,0.524,3.72,2.94,0.67,-1.48,0.84,0.54,0.5,0.55,0,-1.08,neutral,bajista,0,0.105,32,9933,2,
s34296,GRTUSDT,1788846300000,testA,-1,-2.32,0.39,3.41,3.26,0.68,-1.25,1.15,1.32,1.08,1.17,0,-1.08,neutral,neutral,0,0.333,32,9933,0,
s34297,PUMPUSDT,1788847200000,val,-1,-5.17,0.679,8.19,6.67,0.99,-4.23,2.03,1.35,1.19,1.87,0,-0.94,neutral,neutral,0,-0.242,32,9935,0,
s34298,WLDUSDT,1788847200000,val,-1,-3.85,0.536,5.65,4.75,0.78,-2.91,2.12,4.2,3.41,5.07,0,-0.94,neutral,bajista,0,-0.315,32,9935,3,
s34299,OPUSDT,1788847200000,val,-1,-2.44,0.46,3.98,3.27,0.71,-1.5,0.59,0.87,0.74,0.98,0,-0.94,neutral,bajista,0,0.458,32,9935,3,
s34300,SEIUSDT,1788847200000,val,-1,-2.42,0.419,3.37,2.73,0.65,-1.49,0.72,1.15,0.99,1.44,0,-0.94,neutral,bajista,0,-1.0,17,9935,3,
s34301,JUPUSDT,1788847200000,val,-1,-2.4,0.394,3.47,2.82,0.66,-1.46,0.66,0.75,0.74,1.03,0,-0.94,neutral,neutral,0,1.071,32,9935,0,
s34302,ONDOUSDT,1788847200000,val,-1,-2.49,0.425,3.59,3.22,1.07,-1.55,1.1,1.63,1.25,1.77,0,-0.94,neutral,bajista,0,0.058,32,9934,3,
s34303,ARUSDT,1788847200000,testA,-1,-2.49,0.503,3.61,2.69,0.6,-1.55,0.72,0.48,0.5,0.54,0,-0.94,neutral,neutral,0,-0.0,32,9934,0,
s34304,PUMPUSDT,1788848100000,val,-1,-5.91,0.707,8.26,7.53,1.0,-4.79,2.6,1.35,1.19,1.87,0,-1.12,neutral,neutral,0,-0.398,32,9936,1,
s34305,WLDUSDT,1788848100000,val,-1,-4.2,0.556,5.4,4.99,0.86,-3.08,2.61,4.2,3.41,5.07,0,-1.12,neutral,bajista,0,-1.0,14,9936,4,
s34306,ENAUSDT,1788848100000,val,-1,-2.51,0.394,3.28,2.69,1.83,-1.39,1.62,0.73,0.57,0.7,0,-1.12,neutral,bajista,0,0.133,32,9936,4,
s34307,INJUSDT,1788848100000,val,-1,-5.52,0.557,7.05,6.79,0.82,-4.4,2.52,5.07,6.38,5.13,0,-1.12,neutral,bajista,0,-0.473,32,9936,2,
s34308,SEIUSDT,1788848100000,val,-1,-2.87,0.46,3.39,3.39,0.68,-1.76,1.24,1.15,0.99,1.44,0,-1.12,neutral,bajista,0,-1.0,16,9936,4,
s34309,JUPUSDT,1788848100000,val,-1,-2.73,0.423,3.13,2.89,0.87,-1.61,1.27,0.75,0.74,1.03,0,-1.12,neutral,neutral,0,0.775,32,9936,1,
s34310,ONDOUSDT,1788848100000,val,-1,-2.76,0.449,3.61,3.16,1.33,-1.64,1.47,1.63,1.25,1.77,0,-1.12,neutral,bajista,0,-0.203,32,9935,4,
s34311,STXUSDT,1788848100000,testA,-1,-2.27,0.62,2.55,2.51,0.97,-1.15,1.23,0.93,0.91,1.36,0,-1.12,neutral,bajista,0,-0.343,32,9935,4,
s34312,GRTUSDT,1788848100000,testA,-1,-2.33,0.354,3.79,3.63,0.49,-1.22,1.4,1.28,1.1,1.17,0,-1.12,neutral,neutral,0,0.1,32,9935,1,
s34313,PUMPUSDT,1788849000000,val,-1,-4.83,0.66,5.83,5.36,1.15,-3.93,2.77,1.35,1.19,1.87,0,-0.9,neutral,bajista,0,-1.0,15,9937,2,
s34314,WLDUSDT,1788849000000,val,-1,-3.63,0.493,5.28,4.44,0.81,-2.73,1.93,4.2,3.41,5.07,0,-0.9,neutral,neutral,0,-1.0,13,9937,0,
s34315,INJUSDT,1788849000000,val,-1,-5.68,0.564,6.95,6.33,0.93,-4.78,2.54,5.07,6.38,5.13,0,-0.9,neutral,bajista,0,-0.486,32,9937,3,
s34316,SEIUSDT,1788849000000,val,-1,-2.73,0.436,3.26,3.04,0.65,-1.83,1.1,1.15,0.99,1.44,0,-0.9,neutral,neutral,0,-1.0,15,9937,0,
s34317,JUPUSDT,1788849000000,val,-1,-2.28,0.377,2.66,2.54,1.11,-1.38,1.81,0.75,0.74,1.03,0,-0.9,neutral,bajista,0,0.629,32,9937,2,
s34318,ONDOUSDT,1788849000000,val,-1,-2.1,0.381,2.76,2.33,1.34,-1.2,1.35,1.63,1.25,1.77,0,-0.9,neutral,neutral,0,-1.0,12,9936,0,
s34319,STXUSDT,1788849000000,testA,-1,-2.38,0.631,2.55,2.51,1.01,-1.48,1.36,0.93,0.91,1.36,0,-0.9,neutral,bajista,0,-0.299,32,9936,5,
s34320,GRTUSDT,1788849000000,testA,-1,-3.07,0.521,4.0,3.69,0.49,-2.17,1.44,1.28,1.1,1.17,0,-0.9,neutral,neutral,0,-0.0,32,9936,0,
s34321,PUMPUSDT,1788849900000,val,-1,-4.76,0.655,6.7,5.16,2.25,-3.99,3.17,1.35,1.19,1.87,0,-0.77,neutral,bajista,0,-1.0,14,9938,3,
s34322,WLDUSDT,1788849900000,val,-1,-3.18,0.458,5.29,4.66,0.98,-2.41,1.8,4.2,3.41,5.07,0,-0.77,neutral,neutral,0,-1.0,12,9938,1,
s34323,INJUSDT,1788849900000,val,-1,-3.16,0.411,5.35,4.64,0.95,-2.4,2.4,5.07,6.38,5.13,0,-0.77,neutral,neutral,0,-0.893,32,9938,0,
s34324,GRTUSDT,1788849900000,testA,-1,-2.68,0.486,4.0,3.74,0.55,-1.91,1.33,1.28,1.1,1.17,0,-0.77,neutral,neutral,0,-0.139,32,9937,1,
s34325,PUMPUSDT,1788850800000,val,-1,-3.73,0.596,5.88,4.38,1.71,-3.09,2.89,1.08,1.15,1.87,0,-0.64,neutral,bajista,0,-1.0,12,9939,4,
s34326,WLDUSDT,1788850800000,val,-1,-3.33,0.494,4.94,4.14,0.81,-2.69,1.42,3.36,3.62,4.81,0,-0.64,neutral,neutral,0,-1.0,11,9939,0,
s34327,INJUSDT,1788850800000,val,-1,-3.43,0.43,5.48,4.99,1.0,-2.79,2.62,4.53,5.61,5.09,0,-0.64,neutral,neutral,0,-1.0,32,9939,1,
s34328,TIAUSDT,1788850800000,val,-1,-2.45,0.436,3.58,3.49,2.19,-1.81,1.68,0.88,0.82,1.49,0,-0.64,neutral,bajista,0,0.068,32,9939,4,
s34329,SEIUSDT,1788850800000,val,-1,-2.03,0.4,2.5,2.36,0.8,-1.39,1.02,1.13,1.01,1.4,0,-0.64,neutral,bajista,0,-1.0,12,9939,2,
s34330,GRTUSDT,1788850800000,testA,-1,-3.07,0.581,4.0,3.85,0.61,-2.43,1.27,1.23,1.04,1.11,0,-0.64,neutral,bajista,0,-0.338,32,9938,2,
s34331,PUMPUSDT,1788851700000,val,-1,-2.65,0.38,5.83,3.41,1.92,-2.26,1.57,1.08,1.15,1.87,0,-0.4,neutral,neutral,0,-1.0,11,9940,0,
s34332,INJUSDT,1788851700000,val,-1,-2.84,0.384,5.54,5.06,0.79,-2.45,2.43,4.53,5.61,5.09,0,-0.4,neutral,bajista,0,-1.0,31,9940,2,
s34333,GRTUSDT,1788851700000,testA,-1,-2.27,0.385,4.08,3.05,0.61,-1.88,0.6,1.23,1.04,1.11,0,-0.4,neutral,neutral,0,-0.254,32,9939,0,
s34334,PUMPUSDT,1788852600000,val,-1,-2.87,0.427,5.63,3.1,1.88,-2.22,1.2,1.08,1.15,1.87,0,-0.65,neutral,neutral,0,-1.0,10,9941,0,
s34335,INJUSDT,1788852600000,val,-1,-3.19,0.454,5.54,5.06,0.63,-2.54,1.84,4.53,5.61,5.09,0,-0.65,neutral,neutral,0,-1.0,30,9941,0,
s34336,TIAUSDT,1788852600000,val,-1,-2.41,0.419,3.37,2.66,1.4,-1.76,0.85,0.88,0.82,1.49,0,-0.65,neutral,neutral,0,0.196,32,9941,1,
s34337,GRTUSDT,1788852600000,testA,-1,-2.81,0.5,4.08,3.21,0.62,-2.16,0.62,1.23,1.04,1.11,0,-0.65,neutral,neutral,0,-0.677,32,9940,1,
s34338,PUMPUSDT,1788853500000,val,-1,-2.58,0.376,5.62,2.88,0.67,-2.03,0.74,1.08,1.15,1.87,0,-0.55,neutral,neutral,0,-1.0,9,9942,0,
s34339,INJUSDT,1788853500000,val,-1,-3.97,0.629,5.55,5.12,0.55,-3.41,1.72,4.53,5.61,5.09,0,-0.55,neutral,neutral,0,-1.0,29,9942,1,
s34340,TIAUSDT,1788853500000,val,-1,-2.09,0.375,3.27,2.49,1.15,-1.54,0.81,0.88,0.82,1.49,0,-0.55,neutral,neutral,0,0.295,32,9942,0,
s34341,GRTUSDT,1788853500000,testA,-1,-2.72,0.491,3.68,3.01,0.6,-2.17,0.79,1.23,1.04,1.11,0,-0.55,neutral,bajista,0,-0.724,32,9941,2,
s34342,INJUSDT,1788854400000,val,-1,-3.92,0.621,5.23,4.42,0.54,-3.38,1.13,3.32,4.59,5.13,0,-0.55,neutral,neutral,0,-1.0,27,9943,0,
s34343,TIAUSDT,1788854400000,val,-1,-2.57,0.423,4.38,3.5,1.51,-2.02,1.56,0.99,0.88,1.46,0,-0.55,neutral,neutral,0,0.205,32,9943,1,
s34344,JUPUSDT,1788854400000,val,-1,-2.42,0.38,4.39,3.15,2.03,-1.88,1.77,0.94,0.81,1.03,0,-0.55,neutral,bajista,0,-0.0,32,9943,3,
s34345,GRTUSDT,1788854400000,testA,-1,-2.53,0.472,3.17,2.7,0.66,-1.98,0.88,0.96,0.98,1.08,0,-0.55,neutral,bajista,0,-1.0,30,9942,3,
s34346,INJUSDT,1788855300000,val,-1,-4.05,0.628,6.08,5.04,0.7,-3.61,1.6,3.32,4.59,5.13,0,-0.44,neutral,neutral,0,-1.0,26,9944,1,
s34347,TIAUSDT,1788855300000,val,-1,-2.26,0.355,4.35,3.15,1.3,-1.83,1.26,0.99,0.88,1.46,0,-0.44,neutral,neutral,0,0.341,32,9944,0,
s34348,APEUSDT,1788856200000,testA,1,2.01,0.358,2.51,2.37,2.21,2.32,1.07,1.17,1.21,1.23,0,-0.31,neutral,alcista,0,-1.0,14,9944,3,
s34349,INJUSDT,1788857100000,val,-1,-3.18,0.4,6.07,4.82,0.93,-2.85,1.37,3.32,4.59,5.13,0,-0.32,neutral,neutral,0,-1.0,24,9946,1,
s34350,APEUSDT,1788857100000,testA,1,2.08,0.375,2.58,2.17,1.95,2.4,0.81,1.17,1.21,1.23,0,-0.32,neutral,neutral,0,-1.0,13,9945,0,
s34351,INJUSDT,1788858000000,val,-1,-3.33,0.43,5.16,3.67,0.92,-3.06,0.96,2.75,4.11,5.15,0,-0.28,neutral,neutral,0,-1.0,21,9947,0,
s34352,XPLUSDT,1788859800000,val,1,4.5,0.392,8.33,7.28,2.89,4.32,3.57,1.49,1.25,1.09,1,0.18,neutral,neutral,0,0.031,32,9949,1,
s34353,ARBUSDT,1788861600000,val,1,3.06,0.463,4.91,3.79,1.73,2.87,2.06,0.83,0.7,0.85,0,0.19,neutral,neutral,0,-1.0,14,9951,1,
s34354,PUMPUSDT,1788862500000,val,1,4.53,0.593,7.56,7.04,1.68,3.94,3.25,1.08,1.15,1.76,0,0.59,neutral,alcista,0,-0.083,32,9952,4,
s34355,SUIUSDT,1788862500000,val,1,2.09,0.389,2.99,2.13,1.42,1.49,0.7,1.37,1.32,1.59,0,0.59,neutral,neutral,0,-1.0,6,9952,0,
s34356,SEIUSDT,1788862500000,val,1,3.58,0.611,4.67,4.65,2.19,2.98,2.43,1.54,1.32,1.53,0,0.59,neutral,alcista,0,-0.047,32,9952,6,
s34357,SANDUSDT,1788862500000,testA,1,2.47,0.524,3.22,2.63,0.86,1.88,0.83,1.03,0.96,0.94,1,0.59,neutral,neutral,0,-1.0,13,9951,0,
s34358,PUMPUSDT,1788863400000,val,1,3.25,0.361,7.7,5.4,1.68,2.93,1.41,1.08,1.15,1.76,0,0.32,neutral,neutral,0,0.264,32,9953,0,
s34359,0GUSDT,1788863400000,val,1,3.01,0.659,3.27,3.27,1.52,2.69,1.56,0.13,0.13,0.12,1,0.32,neutral,alcista,0,0.369,32,9953,2,
s34360,SEIUSDT,1788863400000,val,1,2.68,0.409,5.03,3.9,2.33,2.37,1.49,1.54,1.32,1.53,0,0.32,neutral,neutral,0,0.201,32,9953,0,
s34361,SANDUSDT,1788863400000,testA,1,2.12,0.455,3.22,2.49,1.02,1.8,0.61,1.03,0.96,0.94,1,0.32,neutral,neutral,0,-1.0,12,9952,0,
s34362,PUMPUSDT,1788864300000,val,1,4.38,0.513,6.48,4.47,1.68,4.07,1.52,1.08,1.15,1.76,0,0.3,neutral,neutral,0,0.046,32,9954,1,
s34363,0GUSDT,1788864300000,val,1,2.65,0.537,3.59,2.88,1.66,2.35,1.06,0.13,0.13,0.12,1,0.3,neutral,neutral,0,0.456,32,9954,0,
s34364,PENDLEUSDT,1788864300000,val,1,2.38,0.365,3.45,2.8,1.34,2.08,0.94,1.41,1.49,1.89,0,0.3,neutral,alcista,0,-1.0,7,9954,2,
s34365,PUMPUSDT,1788865200000,val,1,3.35,0.35,6.41,3.36,1.96,3.47,0.55,1.14,1.16,1.51,0,-0.12,neutral,neutral,0,0.6,32,9955,0,
s34366,0GUSDT,1788866100000,val,1,3.1,0.448,4.06,3.66,2.07,3.13,1.78,0.13,0.14,0.12,0,-0.03,neutral,neutral,0,0.082,32,9956,1,
s34367,ARBUSDT,1788866100000,val,1,2.41,0.356,4.96,2.78,0.93,2.44,0.77,0.68,0.72,0.85,0,-0.03,neutral,neutral,0,-1.0,9,9956,1,
s34368,FETUSDT,1788866100000,val,-1,-3.82,0.474,4.3,4.03,1.12,-3.79,1.5,1.48,1.53,2.06,0,-0.03,neutral,neutral,0,0.397,32,9955,0,
s34369,0GUSDT,1788867000000,val,1,2.9,0.406,4.08,3.37,1.56,2.9,1.33,0.13,0.14,0.12,0,0.0,neutral,neutral,0,0.09,32,9957,0,
s34370,FETUSDT,1788867000000,val,-1,-2.99,0.389,3.52,3.03,1.38,-2.99,1.21,1.48,1.53,2.06,0,0.0,neutral,neutral,0,0.636,32,9956,0,
s34371,0GUSDT,1788867900000,val,1,2.95,0.41,3.92,3.32,1.64,3.01,1.28,0.13,0.14,0.12,0,-0.06,neutral,neutral,0,-0.061,32,9958,1,
s34372,0GUSDT,1788868800000,val,1,2.85,0.39,3.78,2.83,1.68,3.07,0.8,0.14,0.14,0.12,1,-0.22,neutral,neutral,0,0.482,32,9959,0,
s34373,FETUSDT,1788868800000,val,-1,-2.7,0.352,3.61,3.5,1.36,-2.49,2.01,1.41,1.56,2.01,0,-0.22,neutral,neutral,0,-0.016,32,9958,1,
s34374,APEUSDT,1788869700000,testA,-1,-2.31,0.386,3.27,3.06,1.17,-2.18,1.51,1.44,1.14,1.27,0,-0.13,neutral,bajista,0,-0.023,32,9959,4,
s34375,APEUSDT,1788870600000,testA,-1,-2.31,0.386,3.26,2.85,1.42,-2.04,1.13,1.44,1.14,1.27,0,-0.26,neutral,neutral,0,0.146,32,9960,0,
s34376,SEIUSDT,1788871500000,val,1,3.01,0.354,3.6,3.0,1.08,2.98,1.66,1.72,1.44,1.52,0,0.03,neutral,alcista,0,-0.187,32,9962,3,
s34377,APEUSDT,1788871500000,testA,-1,-2.11,0.365,3.26,2.85,1.64,-2.14,1.05,1.44,1.14,1.27,0,0.03,neutral,neutral,0,0.146,32,9961,0,
s34378,APEUSDT,1788872400000,testA,-1,-2.31,0.395,3.27,2.99,0.83,-2.29,1.13,1.59,1.26,1.29,0,-0.02,neutral,neutral,0,0.093,32,9962,1,
s34379,APEUSDT,1788873300000,testA,-1,-2.11,0.373,3.34,3.2,0.71,-1.94,1.24,1.59,1.26,1.29,0,-0.18,neutral,bajista,0,0.022,32,9963,2,
s34380,ASTERUSDT,1788874200000,val,-1,-3.19,0.687,4.93,3.31,3.67,-2.02,1.73,1.02,0.89,0.93,0,-1.17,neutral,bajista,0,-0.061,32,9965,2,
s34381,ENAUSDT,1788874200000,val,-1,-4.27,0.607,5.58,5.08,1.0,-3.1,1.88,0.89,0.78,0.71,1,-1.17,neutral,bajista,0,-0.285,32,9965,3,
s34382,ARBUSDT,1788874200000,val,-1,-3.37,0.417,8.06,5.45,1.35,-2.19,1.79,0.77,0.76,0.82,0,-1.17,neutral,bajista,0,0.244,32,9965,2,
s34383,OPUSDT,1788874200000,val,-1,-4.17,0.645,5.91,4.97,2.09,-3.0,2.13,1.02,0.91,0.95,0,-1.17,neutral,bajista,0,0.148,32,9965,3,
s34384,SUIUSDT,1788874200000,val,-1,-3.42,0.581,4.79,4.17,1.37,-2.25,1.67,1.59,1.47,1.51,0,-1.17,neutral,bajista,0,-1.0,13,9965,3,
s34385,TIAUSDT,1788874200000,val,-1,-3.8,0.551,5.51,4.9,1.83,-2.63,2.29,1.04,0.96,1.25,0,-1.17,neutral,bajista,0,-0.04,32,9965,3,
s34386,JUPUSDT,1788874200000,val,-1,-3.99,0.721,5.26,4.54,2.06,-2.82,2.45,0.92,0.86,0.96,0,-1.17,neutral,bajista,0,-0.355,32,9965,3,
s34387,ONDOUSDT,1788874200000,val,-1,-2.62,0.481,3.82,3.06,1.64,-1.45,1.18,1.57,1.6,1.61,0,-1.17,neutral,bajista,0,-1.0,8,9964,3,
s34388,FETUSDT,1788874200000,val,-1,-4.52,0.568,5.75,5.07,1.55,-3.35,2.36,1.56,1.55,1.91,0,-1.17,neutral,bajista,0,-0.178,32,9964,3,
s34389,GRTUSDT,1788874200000,testA,-1,-3.11,0.445,4.05,3.58,1.47,-1.94,1.82,0.9,1.08,1.06,0,-1.17,neutral,bajista,0,-1.0,8,9964,3,
s34390,SANDUSDT,1788874200000,testA,-1,-2.95,0.771,4.21,3.54,1.46,-1.78,1.72,1.01,1.06,0.97,0,-1.17,neutral,bajista,0,-0.227,32,9964,3,
s34391,MANAUSDT,1788874200000,testA,-1,-2.47,0.465,3.68,3.19,1.72,-1.3,1.58,1.07,0.99,0.89,1,-1.17,neutral,bajista,0,-1.0,9,9964,4,
s34392,AXSUSDT,1788874200000,testA,-1,-2.58,0.554,3.68,2.95,1.36,-1.41,1.49,1.08,1.1,1.06,0,-1.17,neutral,bajista,0,-0.121,32,9964,3,
s34393,APEUSDT,1788874200000,testA,-1,-4.33,0.696,5.16,4.73,1.32,-3.16,2.41,1.59,1.26,1.29,0,-1.17,neutral,bajista,0,-0.284,32,9964,3,
s34394,ASTERUSDT,1788875100000,val,-1,-2.09,0.398,4.62,2.14,4.42,-1.09,0.74,1.02,0.89,0.93,0,-1.01,neutral,neutral,0,0.379,32,9966,0,
s34395,ENAUSDT,1788875100000,val,-1,-3.49,0.447,5.41,3.82,1.3,-2.48,0.74,0.89,0.78,0.71,1,-1.01,neutral,neutral,0,-0.056,32,9966,0,
s34396,OPUSDT,1788875100000,val,-1,-3.83,0.564,5.45,4.07,2.73,-2.83,1.57,1.02,0.91,0.95,0,-1.01,neutral,neutral,0,0.341,32,9966,0,
s34397,SUIUSDT,1788875100000,val,-1,-2.92,0.465,4.77,3.7,1.5,-1.92,1.12,1.59,1.47,1.51,0,-1.01,neutral,neutral,0,-1.0,12,9966,0,
s34398,TIAUSDT,1788875100000,val,-1,-3.99,0.6,5.22,4.25,2.12,-2.98,1.76,1.04,0.96,1.25,0,-1.01,neutral,neutral,0,0.109,32,9966,0,
s34399,JUPUSDT,1788875100000,val,-1,-3.46,0.578,5.23,4.01,2.48,-2.46,1.81,0.92,0.86,0.96,0,-1.01,neutral,neutral,0,-0.042,32,9966,0,
s34400,PENDLEUSDT,1788875100000,val,-1,-2.98,0.407,4.09,3.21,1.14,-1.98,0.71,1.07,1.32,1.63,0,-1.01,neutral,bajista,0,-1.0,5,9966,3,
s34401,ONDOUSDT,1788875100000,val,-1,-2.12,0.357,3.8,2.51,2.06,-1.11,0.62,1.57,1.6,1.61,0,-1.01,neutral,neutral,0,-1.0,7,9965,0,
s34402,FETUSDT,1788875100000,val,-1,-4.25,0.516,5.56,4.43,1.79,-3.24,1.75,1.56,1.55,1.91,0,-1.01,neutral,neutral,0,0.038,32,9965,0,
s34403,GRTUSDT,1788875100000,testA,-1,-2.65,0.356,4.03,2.88,1.54,-1.64,1.04,0.9,1.08,1.06,0,-1.01,neutral,neutral,0,-1.0,7,9965,0,
s34404,SANDUSDT,1788875100000,testA,-1,-2.29,0.511,4.18,2.79,1.81,-1.28,0.93,1.01,1.06,0.97,0,-1.01,neutral,neutral,0,0.027,32,9965,0,
s34405,MANAUSDT,1788875100000,testA,-1,-2.04,0.358,3.65,2.5,2.06,-1.04,0.83,1.07,0.99,0.89,1,-1.01,neutral,neutral,0,-1.0,8,9965,0,
s34406,APEUSDT,1788875100000,testA,-1,-3.46,0.548,5.06,4.15,1.71,-2.46,1.75,1.59,1.26,1.29,0,-1.01,neutral,neutral,0,-0.136,32,9965,0,
s34407,OPUSDT,1788876000000,val,-1,-2.8,0.39,5.33,3.23,3.03,-2.05,0.77,1.0,0.89,0.91,0,-0.75,neutral,neutral,0,0.617,32,9967,0,
s34408,TIAUSDT,1788876000000,val,-1,-2.82,0.435,4.88,3.41,2.7,-2.07,1.17,1.0,1.0,1.19,0,-0.75,neutral,neutral,0,0.27,32,9967,0,
s34409,FETUSDT,1788876000000,val,-1,-3.09,0.388,5.2,3.63,2.03,-2.34,1.16,1.58,1.52,1.71,0,-0.75,neutral,neutral,0,-1.0,7,9966,0,
s34410,APEUSDT,1788876000000,testA,-1,-2.98,0.44,4.81,3.07,1.88,-2.23,0.78,1.42,1.27,1.25,1,-0.75,neutral,neutral,0,0.023,32,9966,0,
s34411,INJUSDT,1788876900000,val,1,3.05,0.361,4.96,4.81,3.28,3.69,2.88,2.12,2.83,5.19,0,-0.64,neutral,alcista,0,-0.468,32,9968,3,
s34412,TIAUSDT,1788876900000,val,-1,-2.35,0.357,4.22,2.46,3.1,-1.71,0.95,1.0,1.0,1.19,0,-0.64,neutral,neutral,0,0.49,32,9968,0,
s34413,APEUSDT,1788876900000,testA,-1,-2.45,0.383,4.39,2.58,1.96,-1.8,0.76,1.42,1.27,1.25,1,-0.64,neutral,neutral,0,0.054,32,9967,0,
s34414,INJUSDT,1788877800000,val,1,3.75,0.478,4.98,4.5,3.04,4.08,2.24,2.12,2.83,5.19,0,-0.33,neutral,neutral,0,-0.392,32,9969,0,
s34415,INJUSDT,1788878700000,val,1,4.88,0.547,5.81,5.49,3.02,4.88,3.05,2.12,2.83,5.19,0,-0.01,neutral,neutral,0,-0.412,32,9970,1,
s34416,INJUSDT,1788879600000,val,1,4.98,0.561,6.01,5.09,1.75,4.57,2.38,2.43,2.67,5.21,0,0.42,neutral,neutral,0,-0.45,32,9971,0,
s34417,SEIUSDT,1788879600000,val,1,4.2,0.397,5.38,5.22,2.06,3.78,2.84,2.49,1.89,1.46,1,0.42,neutral,alcista,0,-0.701,32,9971,6,
s34418,ARBUSDT,1788880500000,val,-1,-4.7,0.39,6.66,5.68,0.94,-4.72,2.86,0.82,0.79,0.75,1,0.02,neutral,bajista,0,0.1,32,9972,4,
s34419,SEIUSDT,1788881400000,val,1,4.59,0.375,5.71,5.55,2.3,4.24,2.85,2.49,1.89,1.46,1,0.35,neutral,neutral,0,-0.696,32,9973,1,
s34420,LDOUSDT,1788881400000,testA,1,2.79,0.353,4.89,4.79,0.92,2.45,1.79,1.23,0.99,0.98,1,0.35,neutral,neutral,0,-0.792,32,9972,1,
s34421,WLDUSDT,1788882300000,val,1,4.08,0.394,6.8,5.28,1.58,3.48,2.26,2.63,2.71,3.26,0,0.6,neutral,neutral,0,-1.0,19,9974,1,
s34422,SEIUSDT,1788882300000,val,1,4.58,0.373,6.01,5.41,2.06,3.98,2.52,2.49,1.89,1.46,1,0.6,neutral,neutral,0,-0.68,32,9974,0,
s34423,ONDOUSDT,1788883200000,val,1,2.71,0.39,4.28,3.63,1.14,2.16,1.16,1.8,1.67,1.4,1,0.55,neutral,neutral,0,-0.453,32,9974,0,
s34424,STXUSDT,1788885900000,testA,1,2.58,0.39,3.46,3.31,1.31,2.22,1.84,0.72,0.67,0.83,0,0.36,neutral,alcista,0,-0.659,32,9977,3,
s34425,GRTUSDT,1788888600000,testA,1,2.84,0.435,4.3,2.87,0.58,1.97,0.22,1.06,0.9,1.01,0,0.87,neutral,neutral,0,-0.357,32,9980,0,
s34426,MANAUSDT,1788888600000,testA,1,2.21,0.434,3.31,2.2,0.48,1.34,0.05,1.27,1.01,0.87,1,0.87,neutral,neutral,0,0.03,32,9980,0,
s34427,GRTUSDT,1788889500000,testA,1,2.72,0.426,3.77,2.9,0.98,2.04,0.74,1.06,0.9,1.01,0,0.68,neutral,neutral,0,-0.404,32,9981,1,
s34428,GRTUSDT,1788890400000,testA,1,2.39,0.397,3.25,2.54,1.15,1.73,0.96,1.07,0.92,1.03,0,0.66,neutral,alcista,0,-0.64,32,9982,2,
s34429,PENDLEUSDT,1788891300000,val,-1,-3.6,0.419,6.09,5.51,0.62,-4.1,1.29,1.81,1.39,1.64,0,0.5,neutral,neutral,0,0.44,32,9984,0,
s34430,GRTUSDT,1788891300000,testA,1,2.76,0.445,3.5,2.79,1.36,2.26,1.24,1.07,0.92,1.03,0,0.5,neutral,alcista,0,-0.655,32,9983,3,
s34431,PENDLEUSDT,1788892200000,val,-1,-4.83,0.573,6.27,6.16,0.53,-5.07,1.68,1.81,1.39,1.64,0,0.24,neutral,neutral,0,0.334,32,9985,1,
s34432,PENDLEUSDT,1788893100000,val,-1,-5.91,0.704,7.0,6.79,0.6,-5.75,2.17,1.81,1.39,1.64,0,-0.16,neutral,bajista,0,0.215,32,9986,2,
s34433,ARUSDT,1788893100000,testA,-1,-4.64,0.446,6.23,6.09,1.96,-4.48,3.61,0.9,0.6,0.55,1,-0.16,neutral,bajista,0,-0.29,32,9985,3,
s34434,OPUSDT,1788894000000,val,-1,-2.6,0.43,3.92,3.28,0.89,-2.38,1.23,0.96,0.99,0.88,0,-0.22,neutral,neutral,0,0.614,32,9987,0,
s34435,SEIUSDT,1788894000000,val,-1,-3.39,0.451,4.6,4.34,0.62,-3.17,1.13,2.3,2.13,1.59,1,-0.22,neutral,bajista,0,0.051,32,9987,2,
s34436,PENDLEUSDT,1788894000000,val,-1,-4.74,0.653,5.79,5.45,0.64,-4.52,2.19,1.74,1.4,1.61,0,-0.22,neutral,bajista,0,0.289,32,9987,3,
s34437,XPLUSDT,1788894900000,val,1,4.33,0.363,5.83,5.69,1.69,4.31,2.78,1.77,2.25,1.66,0,0.02,neutral,alcista,0,-0.514,32,9988,2,
s34438,0GUSDT,1788894900000,val,-1,-2.34,0.407,3.25,2.4,0.6,-2.36,0.05,0.18,0.17,0.14,1,0.02,neutral,neutral,0,0.271,32,9988,0,
s34439,WLDUSDT,1788894900000,val,-1,-3.44,0.429,5.25,4.7,0.45,-3.46,1.05,1.99,2.18,3.07,0,0.02,neutral,neutral,0,0.896,32,9988,0,
s34440,OPUSDT,1788894900000,val,-1,-2.35,0.387,3.75,2.97,1.06,-2.37,0.96,0.96,0.99,0.88,0,0.02,neutral,neutral,0,0.789,32,9988,0,
s34441,SEIUSDT,1788894900000,val,-1,-2.48,0.366,4.78,4.27,0.88,-2.5,1.12,2.3,2.13,1.59,1,0.02,neutral,neutral,0,0.09,32,9988,0,
s34442,PENDLEUSDT,1788894900000,val,-1,-3.91,0.606,4.99,4.76,0.7,-3.93,2.17,1.74,1.4,1.61,0,0.02,neutral,bajista,0,0.244,32,9988,4,
s34443,STBLUSDT,1788895800000,val,-1,-2.17,0.482,4.15,2.96,0.36,-1.78,0.85,1.2,1.02,0.71,1,-0.39,neutral,neutral,0,-0.181,32,9989,1,
s34444,0GUSDT,1788895800000,val,-1,-2.02,0.369,2.86,2.31,0.71,-1.63,0.39,0.18,0.17,0.14,1,-0.39,neutral,neutral,0,-0.087,32,9989,1,
s34445,WLDUSDT,1788895800000,val,-1,-3.77,0.45,4.62,4.54,0.78,-3.38,1.96,1.99,2.18,3.07,0,-0.39,neutral,neutral,0,0.66,32,9989,1,
s34446,OPUSDT,1788895800000,val,-1,-2.56,0.407,3.76,3.24,1.15,-2.17,1.13,0.96,0.99,0.88,0,-0.39,neutral,neutral,0,0.572,32,9989,1,
s34447,SEIUSDT,1788895800000,val,-1,-3.5,0.621,4.77,4.09,1.1,-3.11,0.92,2.3,2.13,1.59,1,-0.39,neutral,neutral,0,0.069,32,9989,0,
s34448,PENDLEUSDT,1788895800000,val,-1,-4.24,0.699,4.98,4.46,0.78,-3.85,1.79,1.74,1.4,1.61,0,-0.39,neutral,neutral,0,0.321,32,9989,0,
s34449,FETUSDT,1788895800000,val,-1,-3.68,0.515,5.22,4.38,1.17,-3.29,1.13,1.51,1.54,1.55,0,-0.39,neutral,neutral,0,0.423,32,9988,1,
s34450,ARUSDT,1788895800000,testA,-1,-3.72,0.355,6.12,4.28,3.31,-3.33,1.4,1.14,0.75,0.62,1,-0.39,neutral,bajista,0,-0.008,32,9988,2,
s34451,LDOUSDT,1788895800000,testA,-1,-3.66,0.473,4.11,3.93,1.59,-3.28,1.8,1.09,1.09,1.02,1,-0.39,neutral,bajista,0,0.039,32,9988,5,
s34452,SANDUSDT,1788895800000,testA,-1,-2.04,0.385,2.81,2.19,0.95,-1.66,0.58,0.95,0.96,0.93,0,-0.39,neutral,neutral,0,0.364,32,9988,1,
s34453,STBLUSDT,1788896700000,val,-1,-2.09,0.456,4.15,2.79,0.4,-1.5,0.6,1.2,1.02,0.71,1,-0.59,neutral,neutral,0,-0.132,32,9990,0,
s34454,0GUSDT,1788896700000,val,-1,-2.31,0.402,2.82,2.42,0.75,-1.73,0.84,0.18,0.17,0.14,1,-0.59,neutral,bajista,0,-1.0,18,9990,2,
s34455,WLDUSDT,1788896700000,val,-1,-4.83,0.543,5.63,5.31,0.94,-4.24,2.52,1.99,2.18,3.07,0,-0.59,neutral,bajista,0,0.557,32,9990,2,
s34456,ENAUSDT,1788896700000,val,-1,-2.2,0.351,3.3,2.46,0.47,-1.61,0.62,0.74,0.81,0.69,0,-0.59,neutral,bajista,0,0.066,32,9990,2,
s34457,OPUSDT,1788896700000,val,-1,-3.21,0.542,3.85,3.42,0.76,-2.62,1.27,0.96,0.99,0.88,0,-0.59,neutral,bajista,0,0.557,32,9990,2,
s34458,SEIUSDT,1788896700000,val,-1,-3.75,0.637,4.45,4.02,1.0,-3.17,1.38,2.3,2.13,1.59,1,-0.59,neutral,neutral,0,-0.005,32,9990,1,
s34459,PENDLEUSDT,1788896700000,val,-1,-3.76,0.618,4.65,3.88,0.56,-3.18,1.2,1.74,1.4,1.61,0,-0.59,neutral,neutral,0,0.514,32,9990,0,
s34460,ONDOUSDT,1788896700000,val,-1,-2.49,0.414,3.17,2.58,0.6,-1.9,0.64,1.52,1.54,1.44,0,-0.59,neutral,neutral,0,0.598,32,9989,0,
s34461,FETUSDT,1788896700000,val,-1,-4.2,0.619,5.17,4.44,0.69,-3.61,1.26,1.51,1.54,1.55,0,-0.59,neutral,bajista,0,0.367,32,9989,2,
s34462,ARUSDT,1788896700000,testA,-1,-3.77,0.364,5.97,3.96,2.13,-3.19,1.17,1.14,0.75,0.62,1,-0.59,neutral,neutral,0,0.071,32,9989,0,
s34463,LDOUSDT,1788896700000,testA,-1,-3.2,0.432,4.01,3.52,1.58,-2.62,1.65,1.09,1.09,1.02,1,-0.59,neutral,neutral,0,0.081,32,9989,0,
s34464,XPLUSDT,1788897600000,val,1,4.79,0.378,5.87,5.7,1.16,4.84,2.28,1.55,2.27,1.69,0,-0.05,neutral,neutral,0,-0.4,32,9991,1,
s34465,STBLUSDT,1788897600000,val,-1,-2.05,0.451,4.15,2.88,0.46,-2.0,0.7,1.06,0.96,0.69,1,-0.05,neutral,neutral,0,-0.2,32,9991,1,
s34466,STBLUSDT,1788898500000,val,-1,-2.8,0.7,4.11,2.96,0.47,-2.74,0.78,1.06,0.96,0.69,1,-0.06,neutral,bajista,0,-0.264,32,9992,2,
s34467,WLDUSDT,1788898500000,val,-1,-3.41,0.398,5.62,5.13,1.23,-3.35,2.18,1.8,2.12,3.09,0,-0.06,neutral,neutral,0,0.403,32,9992,1,
s34468,STBLUSDT,1788899400000,val,-1,-2.02,0.625,3.42,2.3,0.46,-1.68,0.75,1.06,0.96,0.69,1,-0.34,neutral,bajista,0,-0.5,32,9993,3,
s34469,WLDUSDT,1788899400000,val,-1,-5.3,0.619,6.6,6.23,1.3,-4.96,2.93,1.8,2.12,3.09,0,-0.34,neutral,bajista,0,0.038,32,9993,2,
s34470,OPUSDT,1788899400000,val,-1,-2.3,0.375,3.25,2.58,1.2,-1.97,0.89,0.94,0.98,0.9,0,-0.34,neutral,bajista,0,0.25,32,9993,2,
s34471,STBLUSDT,1788900300000,val,-1,-2.1,0.65,3.33,2.26,0.25,-1.78,0.7,1.06,0.96,0.69,1,-0.32,neutral,bajista,0,-0.418,32,9994,4,
s34472,WLDUSDT,1788900300000,val,-1,-5.18,0.614,6.44,6.07,0.96,-4.86,2.47,1.8,2.12,3.09,0,-0.32,neutral,bajista,0,0.057,32,9994,3,
s34473,WLDUSDT,1788901200000,val,-1,-4.99,0.579,6.43,5.8,0.83,-4.79,2.02,1.38,2.04,3.08,0,-0.2,neutral,neutral,0,0.206,32,9995,0,
s34474,WLDUSDT,1788902100000,val,-1,-5.39,0.596,6.0,5.74,1.06,-5.3,2.71,1.38,2.04,3.08,0,-0.08,neutral,neutral,0,0.05,32,9996,1,
s34475,WLDUSDT,1788903000000,val,-1,-3.8,0.478,5.77,5.26,0.73,-3.8,2.23,1.38,2.04,3.08,0,-0.01,neutral,neutral,0,0.22,32,9997,0,
s34476,PUMPUSDT,1788903900000,val,-1,-2.6,0.375,4.45,4.03,0.68,-2.59,2.06,0.82,1.17,1.13,0,-0.01,neutral,bajista,0,-1.0,12,9998,7,
s34477,WLDUSDT,1788903900000,val,-1,-4.83,0.537,6.69,6.43,0.95,-4.82,3.0,1.38,2.04,3.08,0,-0.01,neutral,neutral,0,0.048,32,9998,1,
s34478,WLDUSDT,1788904800000,val,-1,-5.48,0.666,6.42,6.07,1.18,-5.28,2.59,1.2,1.94,3.01,0,-0.21,neutral,neutral,0,-0.047,32,9999,0,
s34479,WLDUSDT,1788905700000,val,-1,-5.21,0.654,5.83,5.57,0.93,-4.92,2.23,1.2,1.94,3.01,0,-0.3,neutral,neutral,0,-0.131,32,10000,1,
s34480,LDOUSDT,1788905700000,testA,-1,-3.53,0.544,4.62,3.87,0.64,-3.24,0.68,0.88,1.04,0.95,0,-0.3,neutral,neutral,0,-0.409,32,9999,0,
s34481,WLDUSDT,1788906600000,val,-1,-5.01,0.627,5.82,5.34,0.94,-4.87,1.92,1.2,1.94,3.01,0,-0.14,neutral,neutral,0,-0.116,32,10001,0,
s34482,LDOUSDT,1788906600000,testA,-1,-2.43,0.407,3.7,2.67,0.56,-2.28,0.39,0.88,1.04,0.95,0,-0.14,neutral,neutral,0,-0.485,32,10000,0,
s34483,WLDUSDT,1788907500000,val,-1,-3.5,0.493,4.95,4.16,0.65,-3.66,1.57,1.2,1.94,3.01,0,0.16,neutral,neutral,0,-0.021,32,10002,0,
s34484,ARUSDT,1788907500000,testA,1,3.13,0.446,3.56,3.11,0.21,2.97,0.58,0.94,0.8,0.62,1,0.16,neutral,neutral,0,-0.225,32,10001,1,
s34485,WLDUSDT,1788908400000,val,-1,-3.75,0.525,4.96,4.32,0.6,-3.79,1.51,1.08,1.76,2.87,0,0.04,neutral,neutral,0,-0.117,32,10003,1,
s34486,WLDUSDT,1788909300000,val,-1,-3.83,0.544,4.76,4.12,0.64,-3.82,1.36,1.08,1.76,2.87,0,-0.01,neutral,neutral,0,-0.144,32,10004,0,
s34487,WLDUSDT,1788910200000,val,-1,-2.91,0.472,3.77,3.2,0.57,-2.96,1.11,1.08,1.76,2.87,0,0.05,neutral,neutral,0,-0.145,32,10005,1,
s34488,ARBUSDT,1788910200000,val,-1,-2.48,0.44,3.67,3.39,1.07,-2.53,1.28,0.26,0.47,0.6,0,0.05,neutral,neutral,0,-1.0,26,10005,1,
s34489,WLDUSDT,1788911100000,val,-1,-2.33,0.415,3.78,3.45,0.65,-2.35,1.24,1.08,1.76,2.87,0,0.02,neutral,bajista,0,-0.256,32,10006,2,
s34490,WLDUSDT,1788912000000,val,-1,-2.23,0.394,3.38,2.3,0.72,-2.37,0.46,1.2,1.75,2.72,0,0.14,neutral,neutral,0,-0.229,32,10007,0,
s34491,WLDUSDT,1788912900000,val,-1,-2.13,0.382,2.88,2.18,0.78,-2.19,0.61,1.2,1.75,2.72,0,0.06,neutral,neutral,0,-0.586,32,10008,1,
s34492,ARBUSDT,1788912900000,val,-1,-2.85,0.463,3.88,3.51,1.01,-2.91,1.22,0.26,0.44,0.6,0,0.06,neutral,neutral,0,-1.0,23,10008,1,
s34493,ARBUSDT,1788913800000,val,-1,-2.74,0.452,4.33,3.52,1.42,-2.96,1.4,0.26,0.44,0.6,0,0.22,neutral,bajista,0,-1.0,22,10009,2,
s34494,ARBUSDT,1788914700000,val,-1,-2.43,0.382,4.31,2.96,1.56,-2.81,0.82,0.26,0.44,0.6,0,0.38,neutral,neutral,0,-1.0,21,10010,0,
s34495,ARBUSDT,1788915600000,val,-1,-2.41,0.379,3.88,2.76,1.48,-2.65,1.01,0.25,0.35,0.56,0,0.24,neutral,neutral,0,-1.0,14,10011,1,
s34496,PUMPUSDT,1788916500000,val,1,3.03,0.436,4.42,3.78,1.36,2.78,1.24,0.64,0.94,1.02,0,0.25,neutral,neutral,0,0.377,32,10012,1,
s34497,ARBUSDT,1788916500000,val,-1,-2.28,0.366,3.51,2.48,1.41,-2.53,0.91,0.25,0.35,0.56,0,0.25,neutral,bajista,0,-1.0,13,10012,2,
s34498,XPLUSDT,1788917400000,val,1,2.23,0.381,4.41,3.97,1.24,1.84,1.07,0.91,1.36,1.64,0,0.4,neutral,neutral,0,-1.0,31,10013,1,
s34499,PUMPUSDT,1788917400000,val,1,3.93,0.532,4.48,4.39,1.11,3.53,1.74,0.64,0.94,1.02,0,0.4,neutral,alcista,0,0.01,32,10013,2,
s34500,XPLUSDT,1788918300000,val,1,2.48,0.438,2.93,2.51,1.34,1.99,0.91,0.91,1.36,1.64,0,0.5,neutral,alcista,0,-1.0,6,10014,2,
s34501,PUMPUSDT,1788918300000,val,1,4.08,0.561,4.86,3.94,1.16,3.58,1.53,0.64,0.94,1.02,0,0.5,neutral,neutral,0,-0.206,32,10014,0,
s34502,PUMPUSDT,1788920100000,val,1,2.12,0.38,4.16,2.89,1.34,1.71,1.13,0.62,0.8,0.96,0,0.42,neutral,neutral,0,0.594,32,10016,1,
s34503,PUMPUSDT,1788921000000,val,1,2.77,0.458,4.14,3.42,1.24,2.38,1.54,0.62,0.8,0.96,0,0.39,neutral,alcista,0,0.039,32,10017,2,
s34504,PENDLEUSDT,1788921000000,val,-1,-2.13,0.525,2.64,2.45,1.91,-2.52,1.27,0.6,1.05,1.22,0,0.39,neutral,bajista,0,0.035,32,10017,3,
s34505,PUMPUSDT,1788921900000,val,1,2.24,0.369,4.15,3.16,0.81,2.03,0.88,0.62,0.8,0.96,0,0.21,neutral,neutral,0,0.036,32,10018,0,
s34506,PENDLEUSDT,1788921900000,val,-1,-2.29,0.589,2.64,2.43,2.07,-2.5,1.13,0.6,1.05,1.22,0,0.21,neutral,neutral,0,0.244,32,10018,0,
s34507,OPUSDT,1788922800000,val,-1,-2.11,0.541,2.92,2.73,2.78,-2.22,1.49,0.52,0.64,0.8,0,0.11,neutral,bajista,0,-1.0,24,10019,6,
s34508,PENDLEUSDT,1788922800000,val,-1,-2.05,0.562,2.65,2.51,2.03,-2.17,1.24,0.74,0.95,1.2,0,0.11,neutral,neutral,0,0.509,32,10019,1,
s34509,OPUSDT,1788923700000,val,-1,-2.3,0.563,3.21,2.93,1.4,-2.44,1.55,0.52,0.64,0.8,0,0.14,neutral,bajista,0,-1.0,23,10020,7,
s34510,PUMPUSDT,1788924600000,val,1,3.22,0.377,4.13,3.55,0.96,2.97,1.21,0.67,0.75,0.96,0,0.25,neutral,alcista,0,0.297,32,10021,2,
s34511,OPUSDT,1788924600000,val,-1,-2.12,0.5,3.21,2.69,1.28,-2.38,1.23,0.52,0.64,0.8,0,0.25,neutral,neutral,0,-1.0,22,10021,0,
s34512,FETUSDT,1788924600000,val,-1,-2.83,0.408,4.4,4.0,1.98,-3.08,1.56,0.67,0.93,1.27,0,0.25,neutral,bajista,0,-0.429,32,10020,4,
s34513,PUMPUSDT,1788925500000,val,1,3.92,0.428,4.35,3.95,1.09,3.7,1.71,0.67,0.75,0.96,0,0.21,neutral,alcista,0,0.678,32,10022,3,
s34514,OPUSDT,1788925500000,val,-1,-2.13,0.5,3.21,2.92,1.22,-2.34,1.27,0.52,0.64,0.8,0,0.21,neutral,neutral,0,-1.0,21,10022,1,
s34515,PENDLEUSDT,1788925500000,val,-1,-2.01,0.534,3.06,2.51,1.72,-2.22,0.96,0.74,0.95,1.2,0,0.21,neutral,neutral,0,0.244,32,10022,1,
s34516,OPUSDT,1788926400000,val,-1,-2.31,0.574,3.15,2.46,1.0,-2.47,0.78,0.6,0.63,0.81,0,0.15,neutral,neutral,0,-1.0,19,10023,0,
s34517,FETUSDT,1788926400000,val,-1,-2.97,0.519,4.26,3.12,0.86,-3.13,0.6,0.74,0.86,1.24,0,0.15,neutral,neutral,0,-0.309,32,10022,0,
s34518,STXUSDT,1788926400000,testA,-1,-2.06,0.519,2.85,2.14,1.12,-2.21,0.44,0.63,0.58,0.61,0,0.15,neutral,neutral,0,-1.0,12,10022,0,
s34519,ARBUSDT,1788928200000,val,1,2.8,0.46,3.2,2.89,1.07,2.18,1.58,0.26,0.26,0.52,0,0.63,neutral,alcista,0,-1.0,27,10025,3,
s34520,INJUSDT,1788928200000,val,-1,-2.96,0.481,4.7,3.51,0.85,-3.59,0.76,1.06,1.07,1.9,0,0.63,neutral,neutral,0,0.072,32,10025,0,
s34521,ARBUSDT,1788929100000,val,1,2.29,0.412,3.41,2.94,1.57,1.79,1.39,0.26,0.26,0.52,0,0.5,neutral,alcista,0,-1.0,26,10026,4,
s34522,INJUSDT,1788929100000,val,-1,-3.09,0.491,4.72,3.89,0.79,-3.59,1.09,1.06,1.07,1.9,0,0.5,neutral,neutral,0,0.098,32,10026,1,
s34523,SEIUSDT,1788929100000,val,1,3.24,0.563,3.53,3.53,1.85,2.74,2.31,1.06,1.15,1.61,0,0.5,neutral,alcista,0,-0.572,32,10026,4,
s34524,ARBUSDT,1788930000000,val,1,2.18,0.385,3.29,2.47,1.59,1.5,1.06,0.25,0.25,0.47,0,0.68,neutral,neutral,0,-1.0,25,10027,0,
s34525,INJUSDT,1788930000000,val,-1,-3.85,0.58,4.52,4.22,0.76,-4.54,1.55,1.16,1.04,1.8,0,0.68,neutral,bajista,0,-0.004,32,10027,2,
s34526,SEIUSDT,1788930000000,val,1,3.44,0.578,3.87,3.71,1.95,2.75,2.3,1.31,1.22,1.66,0,0.68,neutral,alcista,0,-0.511,32,10027,5,
s34527,ENAUSDT,1788930900000,val,1,2.28,0.412,3.77,3.08,1.97,1.77,1.71,0.52,0.43,0.65,0,0.51,neutral,alcista,0,-0.057,32,10028,6,
s34528,ARBUSDT,1788930900000,val,1,2.14,0.373,3.09,2.14,1.41,1.63,0.89,0.25,0.25,0.47,0,0.51,neutral,neutral,0,-1.0,24,10028,0,
s34529,INJUSDT,1788930900000,val,-1,-3.39,0.547,4.44,4.14,0.85,-3.9,1.53,1.16,1.04,1.8,0,0.51,neutral,neutral,0,-0.012,32,10028,0,
s34530,SEIUSDT,1788930900000,val,1,3.64,0.608,4.04,3.71,1.91,3.14,2.21,1.31,1.22,1.66,0,0.51,neutral,alcista,0,-1.0,24,10028,6,
s34531,INJUSDT,1788931800000,val,-1,-4.27,0.668,4.58,4.47,1.21,-4.38,1.87,1.16,1.04,1.8,0,0.11,neutral,neutral,0,0.061,32,10029,1,
s34532,SEIUSDT,1788931800000,val,1,2.83,0.536,4.04,3.65,1.86,2.72,1.96,1.31,1.22,1.66,0,0.11,neutral,neutral,0,-1.0,23,10029,0,
s34533,XPLUSDT,1788932700000,val,-1,-3.38,0.372,4.65,4.23,0.84,-3.46,1.88,0.93,1.11,1.67,0,0.07,neutral,bajista,0,0.027,32,10030,3,
s34534,INJUSDT,1788932700000,val,-1,-3.48,0.55,4.35,3.87,1.5,-3.55,1.39,1.16,1.04,1.8,0,0.07,neutral,neutral,0,0.355,32,10030,0,
s34535,SEIUSDT,1788932700000,val,1,2.12,0.398,4.12,3.29,1.64,2.05,1.43,1.31,1.22,1.66,0,0.07,neutral,neutral,0,-1.0,22,10030,0,
s34536,ENAUSDT,1788933600000,val,1,3.08,0.456,3.95,3.89,2.34,2.66,2.09,0.65,0.48,0.65,0,0.41,neutral,alcista,0,-0.409,32,10031,2,
s34537,ARBUSDT,1788933600000,val,1,3.88,0.443,4.33,4.18,1.24,3.47,2.79,0.32,0.29,0.47,0,0.41,neutral,neutral,0,-1.0,20,10031,1,
s34538,INJUSDT,1788933600000,val,-1,-2.37,0.402,3.56,2.74,1.44,-2.78,0.89,1.05,1.02,1.68,0,0.41,neutral,neutral,0,0.715,32,10031,0,
s34539,SEIUSDT,1788933600000,val,1,2.61,0.5,4.11,3.47,1.34,2.2,1.46,1.32,1.19,1.66,0,0.41,neutral,neutral,0,-1.0,21,10031,1,
s34540,ENAUSDT,1788934500000,val,1,4.35,0.575,5.14,4.85,2.41,3.93,2.76,0.65,0.48,0.65,0,0.42,neutral,alcista,0,-0.321,32,10032,3,
s34541,INJUSDT,1788934500000,val,-1,-2.12,0.37,3.55,2.69,1.45,-2.54,0.81,1.05,1.02,1.68,0,0.42,neutral,neutral,0,0.544,32,10032,0,
s34542,SEIUSDT,1788934500000,val,1,3.21,0.552,4.17,4.03,1.16,2.79,1.76,1.32,1.19,1.66,0,0.42,neutral,alcista,0,-1.0,20,10032,2,
s34543,JUPUSDT,1788934500000,val,1,4.01,0.393,5.96,5.41,2.62,3.59,3.19,0.76,0.68,0.77,0,0.42,neutral,alcista,0,0.007,32,10032,3,
s34544,ENAUSDT,1788935400000,val,1,3.8,0.48,5.16,4.43,2.16,3.3,2.06,0.65,0.48,0.65,0,0.5,neutral,neutral,0,-0.409,32,10033,0,
s34545,ARBUSDT,1788935400000,val,1,4.42,0.467,5.51,5.46,2.68,3.92,3.44,0.32,0.29,0.47,0,0.5,neutral,neutral,0,-1.0,18,10033,1,
s34546,INJUSDT,1788935400000,val,-1,-2.54,0.415,3.17,2.72,1.13,-3.04,1.05,1.05,1.02,1.68,0,0.5,neutral,neutral,0,0.629,32,10033,1,
s34547,SEIUSDT,1788935400000,val,1,2.57,0.398,4.19,3.39,0.95,2.07,0.94,1.32,1.19,1.66,0,0.5,neutral,neutral,0,-1.0,19,10033,0,
s34548,JUPUSDT,1788935400000,val,1,3.88,0.382,6.4,5.37,3.42,3.38,2.87,0.76,0.68,0.77,0,0.5,neutral,neutral,0,-0.096,32,10033,0,
s34549,ENAUSDT,1788936300000,val,1,4.33,0.546,5.15,4.66,1.87,3.78,2.15,0.65,0.48,0.65,0,0.55,neutral,neutral,0,-0.66,32,10034,1,
s34550,ARBUSDT,1788936300000,val,1,3.81,0.376,6.02,4.63,3.49,3.26,2.33,0.32,0.29,0.47,0,0.55,neutral,neutral,0,-1.0,17,10034,0,
s34551,SEIUSDT,1788936300000,val,1,2.53,0.389,4.2,3.28,0.68,1.98,0.78,1.32,1.19,1.66,0,0.55,neutral,neutral,0,-1.0,18,10034,0,
s34552,JUPUSDT,1788936300000,val,1,4.41,0.453,6.41,5.18,3.73,3.86,2.46,0.76,0.68,0.77,0,0.55,neutral,neutral,0,-0.038,32,10034,0,
s34553,PUMPUSDT,1788937200000,val,1,4.18,0.408,5.21,4.34,1.55,3.33,1.47,0.86,0.75,0.96,0,0.85,neutral,neutral,0,-1.0,17,10035,1,
s34554,ENAUSDT,1788937200000,val,1,4.78,0.632,5.15,4.62,1.7,3.93,1.94,0.74,0.53,0.66,0,0.85,neutral,neutral,0,-0.784,32,10035,0,
s34555,SUIUSDT,1788937200000,val,1,2.01,0.379,2.95,2.26,0.84,1.16,0.8,1.07,0.92,1.24,0,0.85,neutral,alcista,0,-1.0,16,10035,5,
s34556,SEIUSDT,1788937200000,val,1,3.32,0.529,4.19,3.5,0.66,2.47,0.92,1.29,1.11,1.66,0,0.85,neutral,neutral,0,-1.0,17,10035,1,
s34557,JUPUSDT,1788937200000,val,1,5.62,0.593,6.39,5.56,3.35,4.77,2.52,0.84,0.69,0.78,0,0.85,neutral,neutral,0,-0.4,32,10035,1,
s34558,ONDOUSDT,1788937200000,val,1,2.35,0.46,2.82,2.53,0.97,1.5,1.02,0.96,0.79,1.17,0,0.85,neutral,neutral,0,-1.0,32,10034,1,
s34559,FETUSDT,1788937200000,val,1,2.11,0.425,2.85,2.46,0.54,1.26,0.62,0.73,0.68,1.13,0,0.85,neutral,neutral,0,-1.0,32,10034,1,
s34560,STXUSDT,1788937200000,testA,1,2.14,0.479,2.91,2.61,0.73,1.3,1.28,0.76,0.62,0.64,0,0.85,neutral,neutral,0,0.056,32,10034,1,
s34561,LDOUSDT,1788937200000,testA,1,2.08,0.412,2.81,2.47,0.93,1.24,0.71,0.77,0.69,0.89,0,0.85,neutral,neutral,0,-1.0,16,10034,1,
s34562,ASTERUSDT,1788938100000,val,1,2.07,0.56,2.39,2.04,1.26,1.18,0.64,0.38,0.4,0.65,0,0.9,neutral,neutral,0,-1.0,20,10036,1,
s34563,ENAUSDT,1788938100000,val,1,4.9,0.638,5.1,4.74,1.07,4.0,1.89,0.74,0.53,0.66,0,0.9,neutral,neutral,0,-1.0,32,10036,1,
s34564,OPUSDT,1788938100000,val,1,2.11,0.388,2.88,2.29,0.95,1.21,0.74,0.73,0.58,0.79,0,0.9,neutral,neutral,0,-1.0,15,10036,1,
s34565,SUIUSDT,1788938100000,val,1,2.15,0.415,2.95,2.25,0.85,1.25,0.73,1.07,0.92,1.24,0,0.9,neutral,neutral,0,-1.0,15,10036,0,
s34566,SEIUSDT,1788938100000,val,1,3.14,0.486,4.18,3.22,0.61,2.24,0.59,1.29,1.11,1.66,0,0.9,neutral,neutral,0,-1.0,15,10036,0,
s34567,JUPUSDT,1788938100000,val,1,5.32,0.555,6.12,5.09,2.35,4.42,2.08,0.84,0.69,0.78,0,0.9,neutral,neutral,0,-0.469,32,10036,0,
s34568,ONDOUSDT,1788938100000,val,1,2.54,0.505,2.82,2.58,0.99,1.64,0.98,0.96,0.79,1.17,0,0.9,neutral,alcista,0,-1.0,31,10035,2,
s34569,FETUSDT,1788938100000,val,1,2.28,0.465,2.85,2.51,0.7,1.39,0.61,0.73,0.68,1.13,0,0.9,neutral,alcista,0,-1.0,31,10035,2,
s34570,STXUSDT,1788938100000,testA,1,2.49,0.589,3.16,2.43,1.53,1.59,1.18,0.76,0.62,0.64,0,0.9,neutral,alcista,0,-0.455,32,10035,2,
s34571,LDOUSDT,1788938100000,testA,1,2.37,0.453,2.88,2.34,1.62,1.47,0.86,0.77,0.69,0.89,0,0.9,neutral,alcista,0,-1.0,11,10035,2,
s34572,ENAUSDT,1788939000000,val,1,4.49,0.609,5.52,4.62,1.07,3.78,1.69,0.74,0.53,0.66,0,0.7,neutral,neutral,0,-1.0,31,10037,0,
s34573,JUPUSDT,1788939000000,val,1,4.58,0.5,5.77,4.58,1.22,3.88,1.83,0.84,0.69,0.78,0,0.7,neutral,neutral,0,-0.304,32,10037,0,
s34574,ONDOUSDT,1788939000000,val,1,2.27,0.462,2.82,2.51,0.94,1.56,0.81,0.96,0.79,1.17,0,0.7,neutral,neutral,0,-1.0,30,10036,0,
s34575,FETUSDT,1788939000000,val,1,2.57,0.517,2.84,2.68,0.64,1.87,0.72,0.73,0.68,1.13,0,0.7,neutral,alcista,0,-1.0,30,10036,3,
s34576,ENAUSDT,1788939900000,val,1,4.89,0.662,5.39,4.69,1.04,4.06,1.77,0.74,0.53,0.66,0,0.83,neutral,neutral,0,-1.0,30,10038,1,
s34577,OPUSDT,1788939900000,val,1,2.12,0.408,2.66,2.09,0.83,1.29,0.74,0.73,0.58,0.79,0,0.83,neutral,neutral,0,-1.0,8,10038,1,
s34578,SUIUSDT,1788939900000,val,1,2.05,0.424,2.81,2.02,0.76,1.22,0.61,1.07,0.92,1.24,0,0.83,neutral,neutral,0,-1.0,8,10038,1,
s34579,SEIUSDT,1788939900000,val,1,2.81,0.398,3.83,2.71,0.57,1.98,0.47,1.29,1.11,1.66,0,0.83,neutral,neutral,0,-1.0,8,10038,1,
s34580,JUPUSDT,1788939900000,val,1,4.67,0.514,5.74,4.46,1.0,3.84,1.68,0.84,0.69,0.78,0,0.83,neutral,neutral,0,-0.214,32,10038,0,
s34581,ONDOUSDT,1788939900000,val,1,2.38,0.494,2.69,2.32,0.87,1.55,0.76,0.96,0.79,1.17,0,0.83,neutral,neutral,0,-1.0,29,10037,0,
s34582,FETUSDT,1788939900000,val,1,2.63,0.523,2.62,2.56,0.72,1.8,0.94,0.73,0.68,1.13,0,0.83,neutral,alcista,0,-1.0,9,10037,4,
s34583,ENAUSDT,1788940800000,val,1,4.7,0.655,5.13,4.64,1.16,3.98,2.28,0.84,0.59,0.69,0,0.73,neutral,alcista,0,-1.0,27,10039,2,
s34584,JUPUSDT,1788940800000,val,1,3.57,0.387,5.57,3.69,0.79,2.85,0.95,0.9,0.72,0.74,0,0.73,neutral,neutral,0,-0.13,32,10039,0,
s34585,ENAUSDT,1788941700000,val,1,4.11,0.626,4.53,4.11,1.17,3.1,2.08,0.84,0.59,0.69,0,1.01,neutral,alcista,0,-1.0,21,10040,3,
s34586,JUPUSDT,1788941700000,val,1,3.27,0.367,5.12,3.4,0.69,2.25,0.94,0.9,0.72,0.74,0,1.01,neutral,neutral,0,-0.165,32,10040,1,
s34587,STXUSDT,1788941700000,testA,1,2.25,0.435,2.89,2.53,0.76,1.24,1.26,0.77,0.64,0.64,0,1.01,neutral,alcista,0,0.029,32,10039,2,
s34588,ENAUSDT,1788942600000,val,1,3.03,0.448,4.33,3.29,1.01,2.46,1.34,0.84,0.59,0.69,0,0.57,neutral,neutral,0,-1.0,20,10041,0,
s34589,ENAUSDT,1788943500000,val,1,2.94,0.441,4.15,3.37,0.93,2.28,1.31,0.84,0.59,0.69,0,0.66,neutral,neutral,0,-1.0,9,10042,1,
s34590,STXUSDT,1788943500000,testA,1,2.28,0.439,2.96,2.88,0.67,1.61,1.34,0.77,0.64,0.64,0,0.66,neutral,neutral,0,0.051,32,10041,1,
s34591,XPLUSDT,1788944400000,val,-1,-2.05,0.407,3.04,2.46,1.24,-2.37,0.72,0.79,0.83,1.5,0,0.32,neutral,neutral,0,-0.033,32,10043,1,
s34592,ENAUSDT,1788944400000,val,1,2.68,0.396,4.16,3.19,0.67,2.36,0.94,0.98,0.66,0.71,0,0.32,neutral,neutral,0,-1.0,8,10043,0,
s34593,XPLUSDT,1788945300000,val,-1,-2.5,0.455,2.97,2.66,1.29,-2.87,1.28,0.79,0.83,1.5,0,0.37,neutral,bajista,0,-0.297,32,10044,2,
s34594,SEIUSDT,1788946200000,val,-1,-2.54,0.468,3.53,3.15,1.24,-2.73,1.59,1.45,1.17,1.67,0,0.19,neutral,bajista,0,0.605,32,10045,3,
s34595,XPLUSDT,1788947100000,val,-1,-2.28,0.427,4.22,3.73,2.19,-2.29,2.62,0.79,0.83,1.5,0,0.01,neutral,bajista,0,-1.0,16,10046,4,
s34596,SEIUSDT,1788947100000,val,-1,-2.96,0.505,4.08,3.98,1.62,-2.97,2.18,1.45,1.17,1.67,0,0.01,neutral,bajista,0,0.234,32,10046,4,
s34597,XPLUSDT,1788948000000,val,-1,-2.39,0.461,4.19,2.96,2.21,-2.23,1.69,0.73,0.83,1.29,0,-0.16,neutral,neutral,0,-1.0,15,10047,0,
s34598,STBLUSDT,1788948000000,val,1,4.14,0.612,4.49,4.17,3.15,4.3,3.02,1.44,0.83,0.88,0,-0.16,neutral,alcista,1,2.0,27,10047,2,
s34599,WLDUSDT,1788948000000,val,-1,-2.2,0.391,4.41,3.89,2.51,-2.04,1.92,1.12,1.12,1.58,0,-0.16,neutral,bajista,0,0.532,32,10047,5,
s34600,TIAUSDT,1788948000000,val,-1,-2.65,0.542,4.2,3.38,2.96,-2.5,1.9,0.72,0.68,0.76,0,-0.16,neutral,bajista,0,0.474,32,10047,5,
s34601,SEIUSDT,1788948000000,val,-1,-3.13,0.552,4.22,3.98,2.27,-2.97,1.99,1.41,1.25,1.63,0,-0.16,neutral,neutral,0,0.305,32,10047,0,
s34602,STBLUSDT,1788948900000,val,1,4.76,0.682,4.78,4.55,3.27,4.86,3.13,1.44,0.83,0.88,0,-0.1,neutral,alcista,0,1.922,32,10048,3,
s34603,WLDUSDT,1788948900000,val,-1,-2.52,0.477,4.63,3.87,3.24,-2.42,1.63,1.12,1.12,1.58,0,-0.1,neutral,neutral,0,0.506,32,10048,0,
s34604,TIAUSDT,1788948900000,val,-1,-3.28,0.678,4.21,3.69,3.05,-3.18,1.89,0.72,0.68,0.76,0,-0.1,neutral,bajista,0,0.184,32,10048,6,
s34605,SEIUSDT,1788948900000,val,-1,-3.29,0.601,4.13,3.46,2.83,-3.19,1.42,1.41,1.25,1.63,0,-0.1,neutral,neutral,0,0.372,32,10048,0,
s34606,STBLUSDT,1788949800000,val,1,4.71,0.68,5.24,4.66,2.77,4.86,3.02,1.44,0.83,0.88,0,-0.15,neutral,alcista,0,1.891,32,10049,4,
s34607,WLDUSDT,1788949800000,val,-1,-2.21,0.396,4.62,3.54,2.13,-2.07,1.17,1.12,1.12,1.58,0,-0.15,neutral,neutral,0,0.633,32,10049,0,
s34608,ARBUSDT,1788949800000,val,-1,-4.19,0.404,5.67,4.9,2.94,-4.04,1.26,0.59,0.43,0.46,0,-0.15,neutral,neutral,0,1.438,32,10049,0,
s34609,TIAUSDT,1788949800000,val,-1,-3.16,0.67,4.26,3.69,3.58,-3.01,1.73,0.72,0.68,0.76,0,-0.15,neutral,bajista,0,0.204,32,10049,7,
s34610,SEIUSDT,1788949800000,val,-1,-2.7,0.552,3.87,3.26,1.72,-2.55,1.29,1.41,1.25,1.63,0,-0.15,neutral,neutral,0,0.259,32,10049,1,
s34611,STBLUSDT,1788950700000,val,1,5.7,0.728,5.7,5.39,3.2,6.01,3.54,1.44,0.83,0.88,0,-0.31,neutral,alcista,0,1.23,32,10050,5,
s34612,ARBUSDT,1788950700000,val,-1,-3.83,0.381,4.87,4.07,1.46,-3.52,1.99,0.59,0.43,0.46,0,-0.31,neutral,neutral,1,2.0,22,10050,1,
s34613,TIAUSDT,1788950700000,val,-1,-3.03,0.628,4.25,3.4,3.03,-2.73,1.42,0.72,0.68,0.76,0,-0.31,neutral,neutral,0,0.404,32,10050,0,
s34614,SEIUSDT,1788950700000,val,-1,-2.63,0.545,3.87,3.3,1.34,-2.32,1.23,1.41,1.25,1.63,0,-0.31,neutral,bajista,0,0.451,32,10050,2,
s34615,XPLUSDT,1788951600000,val,-1,-2.37,0.421,4.04,3.01,0.52,-1.9,1.31,0.68,0.81,1.19,0,-0.48,neutral,neutral,0,-1.0,6,10051,1,
s34616,PUMPUSDT,1788951600000,val,-1,-3.53,0.352,4.43,3.68,1.32,-3.05,2.02,1.13,0.97,1.01,0,-0.48,neutral,bajista,0,-1.0,3,10051,3,
s34617,STBLUSDT,1788951600000,val,1,6.5,0.754,6.68,6.26,2.54,6.98,4.16,2.35,1.3,1.08,1,-0.48,neutral,alcista,0,0.724,32,10051,6,
s34618,WLDUSDT,1788951600000,val,-1,-2.65,0.45,4.64,3.96,0.99,-2.18,1.47,1.11,1.13,1.49,0,-0.48,neutral,neutral,0,0.659,32,10051,1,
s34619,ENAUSDT,1788951600000,val,-1,-2.29,0.351,4.3,3.94,0.86,-1.82,1.63,0.96,0.73,0.71,1,-0.48,neutral,bajista,0,0.963,32,10051,3,
s34620,ARBUSDT,1788951600000,val,-1,-3.52,0.359,4.83,4.59,0.86,-3.05,2.36,0.63,0.44,0.46,0,-0.48,neutral,bajista,0,1.46,32,10051,2,
s34621,OPUSDT,1788951600000,val,-1,-2.22,0.46,3.43,3.23,0.87,-1.74,1.49,0.68,0.66,0.75,0,-0.48,neutral,bajista,0,0.093,32,10051,2,
s34622,SUIUSDT,1788951600000,val,-1,-2.33,0.492,3.27,3.0,0.8,-1.86,1.3,1.11,1.13,1.22,0,-0.48,neutral,bajista,0,0.278,32,10051,3,
s34623,TIAUSDT,1788951600000,val,-1,-2.92,0.619,4.06,3.49,1.28,-2.45,1.58,0.75,0.71,0.76,0,-0.48,neutral,neutral,0,0.324,32,10051,1,
s34624,SEIUSDT,1788951600000,val,-1,-3.09,0.642,3.66,3.25,0.99,-2.62,1.41,1.25,1.3,1.6,0,-0.48,neutral,bajista,0,0.398,32,10051,3,
s34625,PENDLEUSDT,1788951600000,val,-1,-2.89,0.514,3.76,3.57,1.16,-2.42,1.97,0.88,0.87,1.06,0,-0.48,neutral,bajista,0,-0.02,32,10051,2,
s34626,LDOUSDT,1788951600000,testA,-1,-2.73,0.709,3.83,3.59,1.18,-2.25,1.63,1.01,0.86,0.93,0,-0.48,neutral,bajista,0,-0.022,32,10050,2,
s34627,STBLUSDT,1788952500000,val,1,6.62,0.757,6.71,6.4,2.53,6.98,3.86,2.35,1.3,1.08,1,-0.36,neutral,alcista,0,0.635,32,10052,7,
s34628,WLDUSDT,1788952500000,val,-1,-2.3,0.368,4.62,3.5,0.59,-1.94,0.93,1.11,1.13,1.49,0,-0.36,neutral,neutral,0,0.897,32,10052,0,
s34629,TIAUSDT,1788952500000,val,-1,-2.27,0.449,4.04,2.97,1.19,-1.91,0.97,0.75,0.71,0.76,0,-0.36,neutral,neutral,0,0.546,32,10052,0,
s34630,SEIUSDT,1788952500000,val,-1,-2.35,0.469,3.6,2.61,0.71,-2.0,0.75,1.25,1.3,1.6,0,-0.36,neutral,neutral,0,0.738,32,10052,0,
s34631,PENDLEUSDT,1788952500000,val,-1,-2.68,0.466,3.95,3.39,1.2,-2.32,1.64,0.88,0.87,1.06,0,-0.36,neutral,neutral,0,0.074,32,10052,0,
s34632,LDOUSDT,1788952500000,testA,-1,-2.62,0.665,4.16,2.93,1.56,-2.26,1.18,1.01,0.86,0.93,0,-0.36,neutral,neutral,0,0.116,32,10051,0,
s34633,SANDUSDT,1788952500000,testA,-1,-2.3,0.605,3.61,3.28,2.94,-1.94,1.61,1.6,1.16,0.97,1,-0.36,neutral,bajista,0,0.508,32,10051,4,
s34634,STBLUSDT,1788953400000,val,1,6.72,0.774,6.72,6.33,2.63,6.94,3.42,2.35,1.3,1.08,1,-0.22,neutral,neutral,0,0.515,32,10053,0,
s34635,TIAUSDT,1788953400000,val,-1,-2.03,0.421,4.05,3.05,0.66,-1.81,0.96,0.75,0.71,0.76,0,-0.22,neutral,neutral,0,0.795,32,10053,1,
s34636,PENDLEUSDT,1788953400000,val,-1,-2.24,0.398,3.95,3.23,1.19,-2.02,1.33,0.88,0.87,1.06,0,-0.22,neutral,neutral,0,0.272,32,10053,0,
s34637,LDOUSDT,1788953400000,testA,-1,-2.24,0.557,3.99,2.53,1.79,-2.02,0.83,1.01,0.86,0.93,0,-0.22,neutral,neutral,0,0.505,32,10052,0,
s34638,SANDUSDT,1788953400000,testA,-1,-2.23,0.589,3.71,3.25,3.29,-2.0,1.44,1.6,1.16,0.97,1,-0.22,neutral,neutral,0,0.677,32,10052,0,
s34639,STBLUSDT,1788954300000,val,1,7.2,0.786,7.02,6.79,2.49,7.16,3.55,2.35,1.3,1.08,1,0.05,neutral,neutral,0,0.354,32,10054,1,
s34640,LDOUSDT,1788954300000,testA,-1,-2.07,0.516,3.99,2.45,2.03,-2.11,0.74,1.01,0.86,0.93,0,0.05,neutral,neutral,0,0.968,32,10053,0,
s34641,SANDUSDT,1788954300000,testA,-1,-2.47,0.702,3.71,3.25,2.66,-2.52,1.34,1.6,1.16,0.97,1,0.05,neutral,neutral,0,0.827,32,10053,0,
s34642,STBLUSDT,1788955200000,val,1,7.11,0.785,7.28,7.13,1.75,7.15,3.8,3.08,1.66,1.25,1,-0.04,neutral,alcista,0,0.431,32,10055,2,
s34643,ENAUSDT,1788955200000,val,-1,-2.76,0.415,4.15,3.15,0.72,-2.72,0.72,0.89,0.77,0.69,1,-0.04,neutral,neutral,1,2.0,13,10055,1,
s34644,TIAUSDT,1788955200000,val,-1,-2.22,0.448,4.04,2.97,0.5,-2.18,0.67,0.76,0.71,0.75,0,-0.04,neutral,neutral,0,1.017,32,10055,1,
s34645,PENDLEUSDT,1788955200000,val,-1,-2.17,0.37,3.95,3.23,0.67,-2.13,1.14,0.95,0.9,1.06,0,-0.04,neutral,neutral,0,0.46,32,10055,1,
s34646,LDOUSDT,1788955200000,testA,-1,-2.17,0.528,3.89,2.61,1.28,-2.13,0.93,1.03,0.86,0.92,0,-0.04,neutral,neutral,0,0.76,32,10054,1,
s34647,SANDUSDT,1788955200000,testA,-1,-3.09,0.827,4.11,3.7,2.12,-3.05,1.59,1.99,1.32,1.04,1,-0.04,neutral,neutral,0,0.556,32,10054,1,
s34648,ASTERUSDT,1788956100000,val,-1,-2.0,0.508,2.49,2.38,2.46,-1.65,0.84,0.51,0.46,0.63,0,-0.35,neutral,bajista,0,0.657,32,10056,2,
s34649,STBLUSDT,1788956100000,val,1,6.72,0.708,7.29,6.45,1.86,7.08,2.81,3.08,1.66,1.25,1,-0.35,neutral,neutral,0,0.728,32,10056,0,
s34650,TIAUSDT,1788956100000,val,-1,-2.7,0.575,4.05,3.1,0.47,-2.35,0.68,0.76,0.71,0.75,0,-0.35,neutral,bajista,0,1.008,32,10056,2,
s34651,LDOUSDT,1788956100000,testA,-1,-2.45,0.585,3.87,2.77,0.67,-2.1,0.99,1.03,0.86,0.92,0,-0.35,neutral,bajista,0,0.708,32,10055,2,
s34652,SANDUSDT,1788956100000,testA,-1,-2.98,0.779,4.1,3.36,1.18,-2.63,1.13,1.99,1.32,1.04,1,-0.35,neutral,neutral,0,0.817,32,10055,0,
s34653,STBLUSDT,1788957000000,val,1,6.84,0.712,7.28,6.6,1.45,7.01,2.66,3.08,1.66,1.25,1,-0.16,neutral,neutral,0,0.665,32,10057,1,
s34654,TIAUSDT,1788957000000,val,-1,-2.39,0.5,3.72,2.57,0.43,-2.22,0.46,0.76,0.71,0.75,0,-0.16,neutral,neutral,0,0.961,32,10057,0,
s34655,LDOUSDT,1788957000000,testA,-1,-2.25,0.537,3.87,2.67,0.59,-2.09,0.79,1.03,0.86,0.92,0,-0.16,neutral,neutral,0,0.529,32,10056,0,
s34656,SANDUSDT,1788957000000,testA,-1,-2.59,0.658,3.81,2.81,1.11,-2.43,0.83,1.99,1.32,1.04,1,-0.16,neutral,neutral,0,0.873,32,10056,0,
s34657,STBLUSDT,1788957900000,val,1,6.45,0.7,7.28,6.67,1.24,6.57,2.38,3.08,1.66,1.25,1,-0.12,neutral,neutral,0,0.491,32,10058,0,
s34658,ENAUSDT,1788957900000,val,-1,-2.34,0.361,3.58,2.44,0.89,-2.22,0.58,0.89,0.77,0.69,1,-0.12,neutral,bajista,1,2.0,10,10058,2,
s34659,TIAUSDT,1788957900000,val,-1,-2.41,0.503,3.64,2.52,0.5,-2.29,0.45,0.76,0.71,0.75,0,-0.12,neutral,neutral,0,1.0,32,10058,1,
s34660,PENDLEUSDT,1788957900000,val,-1,-2.15,0.382,3.92,2.59,0.69,-2.03,0.32,0.95,0.9,1.06,0,-0.12,neutral,neutral,0,0.738,32,10058,0,
s34661,LDOUSDT,1788957900000,testA,-1,-2.22,0.527,3.87,2.64,0.6,-2.11,0.67,1.03,0.86,0.92,0,-0.12,neutral,neutral,0,0.505,32,10057,0,
s34662,SANDUSDT,1788957900000,testA,-1,-2.44,0.613,3.7,2.6,1.1,-2.32,0.69,1.99,1.32,1.04,1,-0.12,neutral,neutral,0,0.912,32,10057,0,
s34663,STBLUSDT,1788958800000,val,1,7.38,0.734,7.25,6.95,1.06,7.41,2.96,3.7,1.96,1.34,1,-0.03,neutral,neutral,0,0.321,32,10059,1,
s34664,ENAUSDT,1788958800000,val,-1,-2.62,0.387,3.48,2.8,0.87,-2.59,0.95,0.91,0.82,0.68,1,-0.03,neutral,bajista,1,2.0,9,10059,3,
s34665,STXUSDT,1788958800000,testA,1,3.65,0.593,4.83,4.8,1.32,3.67,2.31,1.09,0.92,0.76,1,-0.03,neutral,alcista,0,-1.0,9,10058,8,
s34666,SANDUSDT,1788958800000,testA,-1,-2.15,0.581,3.3,2.33,0.96,-2.12,0.77,2.68,1.67,1.17,1,-0.03,neutral,neutral,0,1.154,32,10058,1,
s34667,STBLUSDT,1788959700000,val,1,6.69,0.716,7.7,7.02,0.83,6.44,2.74,3.7,1.96,1.34,1,0.25,neutral,alcista,0,0.323,32,10060,2,
s34668,ARBUSDT,1788959700000,val,-1,-2.6,0.372,5.41,3.28,0.34,-2.85,0.47,0.54,0.44,0.4,1,0.25,neutral,bajista,1,2.0,8,10060,3,
s34669,STXUSDT,1788959700000,testA,1,3.58,0.574,4.99,4.56,1.34,3.33,1.85,1.09,0.92,0.76,1,0.25,neutral,neutral,0,-1.0,8,10059,0,
s34670,STBLUSDT,1788960600000,val,1,7.61,0.825,7.45,7.11,0.77,7.39,2.72,3.7,1.96,1.34,1,0.22,neutral,alcista,0,0.026,32,10061,3,
s34671,ARBUSDT,1788960600000,val,-1,-3.81,0.478,5.47,4.45,0.5,-4.02,1.4,0.54,0.44,0.4,1,0.22,neutral,bajista,1,2.0,27,10061,4,
s34672,GRTUSDT,1788960600000,testA,-1,-2.28,0.446,2.7,2.44,0.56,-2.5,1.07,0.67,0.51,0.63,0,0.22,neutral,neutral,0,0.872,32,10060,1,
s34673,SANDUSDT,1788960600000,testA,-1,-3.2,0.632,4.45,3.49,1.6,-3.41,2.21,2.68,1.67,1.17,1,0.22,neutral,neutral,0,0.373,32,10060,1,
s34674,STBLUSDT,1788961500000,val,1,7.7,0.827,7.67,7.15,0.84,7.46,2.95,3.7,1.96,1.34,1,0.24,neutral,alcista,0,-0.099,32,10062,4,
s34675,SANDUSDT,1788961500000,testA,-1,-3.01,0.617,4.27,3.38,1.61,-3.25,2.01,2.68,1.67,1.17,1,0.24,neutral,bajista,0,0.362,32,10061,2,
s34676,STBLUSDT,1788962400000,val,1,6.18,0.797,7.52,6.63,1.06,6.07,3.47,4.75,2.55,1.59,1,0.11,neutral,alcista,0,-0.469,32,10063,5,
s34677,ARBUSDT,1788962400000,val,-1,-2.15,0.352,4.62,3.25,1.42,-2.26,2.09,0.65,0.5,0.41,1,0.11,neutral,neutral,1,2.0,9,10063,1,
s34678,SANDUSDT,1788962400000,testA,-1,-3.49,0.651,4.35,3.95,1.83,-3.6,2.27,3.18,1.95,1.29,1,0.11,neutral,bajista,0,0.854,32,10062,3,
s34679,STBLUSDT,1788963300000,val,1,5.68,0.767,7.16,5.9,1.2,5.44,3.13,4.75,2.55,1.59,1,0.25,neutral,neutral,0,-0.78,32,10064,0,
s34680,SANDUSDT,1788963300000,testA,-1,-3.13,0.549,4.35,3.47,2.1,-3.38,1.61,3.18,1.95,1.29,1,0.25,neutral,neutral,0,0.977,32,10063,0,
s34681,STBLUSDT,1788964200000,val,1,4.27,0.502,6.72,4.24,1.49,4.35,1.66,4.75,2.55,1.59,1,-0.09,neutral,neutral,0,-1.0,30,10065,0,
s34682,ARBUSDT,1788964200000,val,-1,-2.21,0.379,5.06,3.55,2.64,-2.12,1.61,0.65,0.5,0.41,1,-0.09,neutral,neutral,1,2.0,9,10065,1,
s34683,SANDUSDT,1788964200000,testA,-1,-3.34,0.564,4.29,3.69,1.08,-3.25,1.68,3.18,1.95,1.29,1,-0.09,neutral,neutral,0,0.915,32,10064,1,
s34684,STBLUSDT,1788965100000,val,1,4.03,0.491,5.85,4.06,1.54,3.97,1.8,4.75,2.55,1.59,1,0.06,neutral,neutral,0,-1.0,29,10066,1,
s34685,INJUSDT,1788965100000,val,-1,-2.79,0.43,4.41,4.18,1.5,-2.85,1.8,1.07,1.03,1.27,0,0.06,neutral,bajista,0,0.263,32,10066,2,
s34686,SANDUSDT,1788965100000,testA,-1,-2.96,0.506,4.02,3.26,1.05,-3.03,1.37,3.18,1.95,1.29,1,0.06,neutral,neutral,1,2.0,29,10065,0,
s34687,INJUSDT,1788966000000,val,-1,-3.05,0.452,5.0,4.69,1.05,-2.54,2.03,1.23,1.08,1.17,0,-0.51,neutral,bajista,0,-0.147,32,10067,3,
s34688,SANDUSDT,1788966000000,testA,-1,-3.02,0.511,4.01,3.17,1.04,-2.51,1.58,3.52,2.18,1.38,1,-0.51,neutral,neutral,0,0.934,32,10066,1,
s34689,ENAUSDT,1788966900000,val,-1,-4.48,0.434,7.83,5.97,3.7,-3.7,3.96,1.27,1.13,0.76,1,-0.78,neutral,bajista,0,0.444,32,10068,4,
s34690,ARBUSDT,1788966900000,val,-1,-5.23,0.574,8.66,7.7,2.2,-4.44,4.63,0.78,0.63,0.45,1,-0.78,neutral,bajista,0,0.275,32,10068,2,
s34691,INJUSDT,1788966900000,val,-1,-3.58,0.491,5.95,5.33,1.38,-2.79,2.44,1.23,1.08,1.17,0,-0.78,neutral,bajista,0,-0.286,32,10068,4,
s34692,TIAUSDT,1788966900000,val,-1,-2.77,0.512,3.88,3.29,2.7,-1.99,1.92,1.15,0.83,0.76,1,-0.78,neutral,bajista,0,0.688,32,10068,4,
s34693,GRTUSDT,1788966900000,testA,-1,-3.39,0.569,4.25,3.93,2.23,-2.6,2.36,0.73,0.62,0.63,0,-0.78,neutral,bajista,0,0.054,32,10067,4,
s34694,SANDUSDT,1788966900000,testA,-1,-2.1,0.39,3.66,2.64,1.1,-1.31,1.26,3.52,2.18,1.38,1,-0.78,neutral,neutral,1,2.0,27,10067,0,
s34695,ENAUSDT,1788967800000,val,-1,-4.29,0.407,7.82,5.75,4.05,-3.82,3.4,1.27,1.13,0.76,1,-0.47,neutral,neutral,0,0.463,32,10069,0,
s34696,INJUSDT,1788967800000,val,-1,-2.91,0.379,5.91,4.76,1.32,-2.44,1.8,1.23,1.08,1.17,0,-0.47,neutral,neutral,0,-0.18,32,10069,0,
s34697,TIAUSDT,1788967800000,val,-1,-2.92,0.525,3.89,3.53,3.12,-2.45,1.98,1.15,0.83,0.76,1,-0.47,neutral,bajista,0,0.628,32,10069,5,
s34698,GRTUSDT,1788967800000,testA,-1,-2.52,0.386,4.22,3.16,2.29,-2.04,1.45,0.73,0.62,0.63,0,-0.47,neutral,neutral,0,0.383,32,10068,0,
s34699,SANDUSDT,1788967800000,testA,-1,-2.07,0.384,3.66,2.59,1.11,-1.6,1.06,3.52,2.18,1.38,1,-0.47,neutral,neutral,1,2.0,26,10068,0,
s34700,WLDUSDT,1788968700000,val,-1,-3.06,0.416,5.74,4.21,3.08,-2.16,1.64,1.56,1.31,1.31,0,-0.9,neutral,neutral,0,1.217,32,10070,1,
s34701,ENAUSDT,1788968700000,val,-1,-4.93,0.502,7.82,5.77,3.2,-4.03,3.0,1.27,1.13,0.76,1,-0.9,neutral,neutral,0,0.473,32,10070,1,
s34702,INJUSDT,1788968700000,val,-1,-3.82,0.576,5.86,4.38,1.29,-2.92,1.31,1.23,1.08,1.17,0,-0.9,neutral,neutral,0,-0.142,32,10070,0,
s34703,TIAUSDT,1788968700000,val,-1,-2.82,0.498,3.87,3.15,2.93,-1.92,1.44,1.15,0.83,0.76,1,-0.9,neutral,neutral,0,0.772,32,10070,0,
s34704,SANDUSDT,1788968700000,testA,-1,-2.02,0.371,3.66,2.53,1.0,-1.12,0.87,3.52,2.18,1.38,1,-0.9,neutral,neutral,1,2.0,25,10069,0,
s34705,WLDUSDT,1788969600000,val,-1,-3.72,0.467,5.78,4.9,2.05,-2.83,2.14,1.51,1.33,1.27,1,-0.9,neutral,bajista,0,1.066,32,10071,2,
s34706,ENAUSDT,1788969600000,val,-1,-4.17,0.426,7.79,5.36,2.71,-3.28,2.43,1.27,1.14,0.77,1,-0.9,neutral,neutral,0,0.674,32,10071,0,
s34707,INJUSDT,1788969600000,val,-1,-3.65,0.565,5.86,4.4,1.0,-2.76,1.19,1.2,1.06,1.09,0,-0.9,neutral,neutral,0,0.127,32,10071,1,
s34708,TIAUSDT,1788969600000,val,-1,-2.4,0.417,3.86,2.89,1.54,-1.5,1.14,1.02,0.87,0.76,1,-0.9,neutral,neutral,0,1.15,32,10071,0,
s34709,WLDUSDT,1788970500000,val,-1,-4.34,0.527,5.94,5.39,1.05,-3.38,2.38,1.51,1.33,1.27,1,-0.96,neutral,bajista,0,0.94,32,10072,3,
s34710,ENAUSDT,1788970500000,val,-1,-5.13,0.522,7.83,5.94,0.76,-4.17,2.68,1.27,1.14,0.77,1,-0.96,neutral,neutral,0,0.537,32,10072,1,
s34711,INJUSDT,1788970500000,val,-1,-3.13,0.458,5.84,3.92,0.61,-2.18,0.65,1.2,1.06,1.09,0,-0.96,neutral,neutral,0,0.267,32,10072,0,
s34712,SUIUSDT,1788970500000,val,-1,-2.8,0.383,4.68,3.65,1.02,-1.84,1.49,1.72,1.42,1.21,1,-0.96,neutral,neutral,0,0.855,32,10072,1,
s34713,TIAUSDT,1788970500000,val,-1,-2.75,0.451,3.88,3.39,1.12,-1.79,1.46,1.02,0.87,0.76,1,-0.96,neutral,neutral,0,0.742,32,10072,1,
s34714,SANDUSDT,1788970500000,testA,-1,-2.56,0.481,3.68,3.21,0.62,-1.6,1.19,3.52,2.3,1.41,1,-0.96,neutral,bajista,0,1.23,32,10071,2,
s34715,WLDUSDT,1788971400000,val,-1,-4.12,0.491,5.81,4.62,0.81,-3.23,1.7,1.51,1.33,1.27,1,-0.89,neutral,neutral,0,1.353,32,10073,0,
s34716,ENAUSDT,1788971400000,val,-1,-4.65,0.468,7.81,5.62,0.54,-3.76,2.26,1.27,1.14,0.77,1,-0.89,neutral,neutral,0,0.771,32,10073,0,
s34717,INJUSDT,1788971400000,val,-1,-2.7,0.386,5.04,2.84,0.49,-1.81,0.49,1.2,1.06,1.09,0,-0.89,neutral,neutral,0,0.477,32,10073,0,
s34718,SUIUSDT,1788971400000,val,-1,-2.7,0.367,4.65,3.03,0.81,-1.81,0.9,1.72,1.42,1.21,1,-0.89,neutral,neutral,0,1.34,32,10073,0,
s34719,SANDUSDT,1788971400000,testA,-1,-2.55,0.481,3.67,2.94,0.57,-1.67,0.84,3.52,2.3,1.41,1,-0.89,neutral,neutral,1,2.0,22,10072,0,
s34720,STBLUSDT,1788972300000,val,1,4.57,0.451,5.36,4.92,0.79,5.57,2.7,5.39,3.43,1.86,1,-1.0,neutral,alcista,0,-1.0,21,10074,6,
s34721,WLDUSDT,1788972300000,val,-1,-4.05,0.485,5.83,4.91,0.75,-3.04,1.79,1.51,1.33,1.27,1,-1.0,neutral,neutral,0,1.329,32,10074,1,
s34722,ENAUSDT,1788972300000,val,-1,-4.66,0.468,7.36,5.29,0.51,-3.66,2.1,1.27,1.14,0.77,1,-1.0,neutral,neutral,0,0.813,32,10074,1,
s34723,SANDUSDT,1788972300000,testA,-1,-2.3,0.413,3.66,2.56,0.55,-1.3,0.37,3.52,2.3,1.41,1,-1.0,neutral,neutral,1,2.0,21,10073,0,
s34724,STBLUSDT,1788973200000,val,1,3.78,0.407,5.68,4.99,0.78,4.58,2.59,5.21,3.84,2.06,1,-0.81,neutral,alcista,0,-1.0,20,10075,7,
s34725,WLDUSDT,1788973200000,val,-1,-3.86,0.455,5.59,4.2,0.48,-3.05,1.22,1.46,1.3,1.23,1,-0.81,neutral,neutral,0,1.601,32,10075,0,
s34726,STBLUSDT,1788974100000,val,1,4.72,0.461,6.13,5.91,0.85,5.68,3.23,5.21,3.84,2.06,1,-0.96,neutral,alcista,0,-1.0,19,10076,8,
s34727,WLDUSDT,1788974100000,val,-1,-3.92,0.466,5.5,4.1,0.36,-2.96,1.16,1.46,1.3,1.23,1,-0.96,neutral,neutral,0,1.765,32,10076,0,
s34728,ENAUSDT,1788974100000,val,-1,-3.68,0.368,7.3,4.4,0.42,-2.72,1.05,1.27,1.12,0.77,1,-0.96,neutral,neutral,0,1.117,32,10076,0,
s34729,SEIUSDT,1788974100000,val,-1,-2.41,0.353,3.77,2.44,0.35,-1.45,0.54,1.5,1.4,1.34,1,-0.96,neutral,neutral,1,2.0,19,10076,0,
s34730,WLDUSDT,1788975000000,val,-1,-3.03,0.4,4.87,3.7,0.29,-2.34,1.21,1.46,1.3,1.23,1,-0.69,neutral,neutral,1,2.0,32,10077,1,
s34731,ARBUSDT,1788975000000,val,-1,-6.6,0.593,10.05,7.99,0.78,-5.92,2.33,0.91,0.75,0.5,1,-0.69,neutral,neutral,0,0.618,32,10077,0,
s34732,ARBUSDT,1788975900000,val,-1,-6.19,0.537,10.0,7.44,0.6,-5.73,1.63,0.91,0.75,0.5,1,-0.46,neutral,neutral,0,0.73,32,10078,0,
s34733,WLDUSDT,1788976800000,val,-1,-2.75,0.383,4.59,3.4,0.3,-2.15,1.03,1.44,1.32,1.22,1,-0.6,neutral,neutral,1,2.0,27,10079,1,
s34734,ENAUSDT,1788976800000,val,-1,-3.48,0.375,7.33,4.8,0.37,-2.88,1.05,1.2,1.05,0.76,1,-0.6,neutral,neutral,0,1.041,32,10079,1,
s34735,ARBUSDT,1788976800000,val,-1,-5.26,0.493,8.92,6.36,0.43,-4.65,1.45,0.93,0.71,0.5,1,-0.6,neutral,neutral,0,0.877,32,10079,0,
s34736,WLDUSDT,1788977700000,val,-1,-3.11,0.461,4.59,3.26,0.47,-2.3,0.65,1.44,1.32,1.22,1,-0.81,neutral,neutral,1,2.0,15,10080,0,
s34737,ENAUSDT,1788977700000,val,-1,-4.42,0.539,7.32,4.75,0.28,-3.61,0.76,1.2,1.05,0.76,1,-0.81,neutral,neutral,0,1.031,32,10080,0,
s34738,ARBUSDT,1788977700000,val,-1,-5.58,0.51,8.95,6.7,0.31,-4.76,1.44,0.93,0.71,0.5,1,-0.81,neutral,neutral,0,0.713,32,10080,1,
s34739,STBLUSDT,1788978600000,val,1,4.35,0.475,6.44,6.12,0.85,4.94,2.06,5.19,4.25,2.22,1,-0.59,neutral,alcista,0,-1.0,14,10081,3,
s34740,WLDUSDT,1788978600000,val,-1,-2.44,0.396,4.5,3.14,0.48,-1.85,0.5,1.44,1.32,1.22,1,-0.59,neutral,neutral,1,2.0,14,10081,0,
s34741,ENAUSDT,1788978600000,val,-1,-3.44,0.437,7.01,4.12,0.18,-2.86,0.44,1.2,1.05,0.76,1,-0.59,neutral,neutral,0,1.083,32,10081,0,
s34742,ARBUSDT,1788978600000,val,-1,-4.94,0.449,8.92,6.32,0.25,-4.35,1.0,0.93,0.71,0.5,1,-0.59,neutral,neutral,0,0.632,32,10081,0,
s34743,WLDUSDT,1788979500000,val,-1,-2.78,0.428,4.53,3.88,0.49,-2.09,1.12,1.44,1.32,1.22,1,-0.69,neutral,neutral,0,1.185,32,10082,1,
s34744,ENAUSDT,1788979500000,val,-1,-3.04,0.404,6.45,4.18,0.22,-2.35,0.99,1.2,1.05,0.76,1,-0.69,neutral,neutral,0,0.852,32,10082,1,
s34745,ARBUSDT,1788979500000,val,-1,-6.07,0.544,8.98,7.1,0.24,-5.38,1.41,0.93,0.71,0.5,1,-0.69,neutral,neutral,0,0.404,32,10082,1,
s34746,ENAUSDT,1788980400000,val,-1,-2.46,0.353,5.25,3.0,0.26,-2.47,1.05,1.15,1.04,0.77,1,0.01,neutral,bajista,0,1.217,32,10083,2,
s34747,ARBUSDT,1788980400000,val,-1,-5.0,0.493,7.71,5.87,0.17,-5.01,1.33,0.95,0.72,0.51,1,0.01,neutral,bajista,0,0.38,32,10083,2,
s34748,INJUSDT,1788981300000,val,1,2.48,0.431,3.57,2.54,0.63,2.29,0.28,0.95,0.95,0.97,0,0.19,neutral,neutral,0,-1.0,10,10084,1,
s34749,APEUSDT,1788981300000,testA,1,3.34,0.456,4.68,3.37,0.49,3.15,0.47,2.08,1.47,1.0,1,0.19,neutral,neutral,0,-1.0,11,10083,1,
s34750,XPLUSDT,1788982200000,val,-1,-3.63,0.398,7.65,6.49,2.78,-3.18,3.81,0.91,0.93,0.91,0,-0.45,neutral,bajista,0,0.575,32,10085,5,
s34751,WLDUSDT,1788982200000,val,-1,-2.26,0.444,3.24,2.78,0.95,-1.81,1.65,1.42,1.36,1.21,1,-0.45,neutral,bajista,1,2.0,21,10085,4,
s34752,XPLUSDT,1788983100000,val,-1,-4.92,0.56,7.69,7.08,2.94,-4.44,3.85,0.91,0.93,0.91,0,-0.48,neutral,bajista,0,0.497,32,10086,6,
s34753,WLDUSDT,1788983100000,val,-1,-2.47,0.466,3.4,2.88,1.19,-1.99,1.69,1.42,1.36,1.21,1,-0.48,neutral,bajista,1,2.0,23,10086,5,
s34754,ARUSDT,1788983100000,testA,-1,-2.06,0.354,3.6,3.45,1.54,-1.59,1.81,0.49,0.44,0.42,1,-0.48,neutral,bajista,0,0.316,32,10085,3,
s34755,XPLUSDT,1788984000000,val,-1,-5.67,0.594,8.59,7.96,2.68,-5.14,4.09,1.05,1.01,0.92,1,-0.53,neutral,bajista,0,0.33,32,10087,7,
s34756,JUPUSDT,1788984000000,val,-1,-3.1,0.376,5.24,4.95,1.26,-2.57,2.4,1.07,1.08,0.9,0,-0.53,neutral,bajista,0,0.807,32,10087,6,
s34757,XPLUSDT,1788984900000,val,-1,-5.51,0.575,8.59,7.85,3.2,-4.82,3.68,1.05,1.01,0.92,1,-0.69,neutral,neutral,0,0.351,32,10088,0,
s34758,0GUSDT,1788984900000,val,-1,-3.18,0.604,4.72,4.26,3.38,-2.49,2.36,0.3,0.19,0.13,1,-0.69,neutral,bajista,0,0.675,32,10088,4,
s34759,JUPUSDT,1788984900000,val,-1,-3.9,0.439,6.37,5.74,1.94,-3.22,2.95,1.07,1.08,0.9,0,-0.69,neutral,bajista,0,0.423,32,10088,7,
s34760,XPLUSDT,1788985800000,val,-1,-6.04,0.682,8.53,7.19,1.63,-5.37,2.91,1.05,1.01,0.92,1,-0.68,neutral,neutral,0,0.369,32,10089,0,
s34761,0GUSDT,1788985800000,val,-1,-2.58,0.441,4.68,3.46,3.83,-1.9,1.46,0.3,0.19,0.13,1,-0.68,neutral,neutral,1,2.0,6,10089,0,
s34762,WLDUSDT,1788985800000,val,-1,-2.02,0.423,3.87,2.91,1.16,-1.35,1.19,1.37,1.33,1.19,1,-0.68,neutral,neutral,1,2.0,20,10089,0,
s34763,JUPUSDT,1788985800000,val,-1,-3.75,0.42,6.31,4.73,1.72,-3.08,1.87,1.07,1.08,0.9,0,-0.68,neutral,neutral,0,0.746,32,10089,0,
s34764,XPLUSDT,1788986700000,val,-1,-6.56,0.714,8.57,7.69,1.89,-5.94,3.04,1.05,1.01,0.92,1,-0.62,neutral,neutral,0,0.318,32,10090,1,
s34765,JUPUSDT,1788986700000,val,-1,-3.82,0.432,6.04,4.22,1.46,-3.2,1.46,1.07,1.08,0.9,0,-0.62,neutral,neutral,0,0.931,32,10090,0,
s34766,WLDUSDT,1788987600000,val,-1,-2.32,0.479,3.87,3.0,0.89,-1.52,0.95,0.91,1.24,1.17,0,-0.8,neutral,neutral,0,0.727,32,10091,1,
s34767,ENAUSDT,1788987600000,val,-1,-2.52,0.395,4.46,3.34,1.02,-1.72,1.01,0.69,0.98,0.82,0,-0.8,neutral,neutral,0,0.363,32,10091,1,
s34768,OPUSDT,1788987600000,val,-1,-2.0,0.365,4.43,2.8,1.65,-1.21,0.71,0.71,0.88,0.73,0,-0.8,neutral,neutral,0,0.578,32,10091,1,
s34769,SEIUSDT,1788987600000,val,-1,-2.3,0.399,3.21,2.82,2.06,-1.51,1.35,1.09,1.39,1.31,0,-0.8,neutral,bajista,0,0.511,32,10091,2,
s34770,JUPUSDT,1788987600000,val,-1,-4.73,0.494,6.01,5.05,1.17,-3.94,2.11,1.06,1.14,0.95,0,-0.8,neutral,neutral,0,0.438,32,10091,1,
s34771,FETUSDT,1788987600000,val,-1,-2.72,0.444,3.78,3.37,0.98,-1.92,1.04,0.84,1.14,0.94,0,-0.8,neutral,bajista,0,0.172,32,10090,2,
s34772,ARUSDT,1788987600000,testA,-1,-2.65,0.547,4.1,3.41,1.04,-1.86,1.13,0.38,0.47,0.41,0,-0.8,neutral,neutral,0,0.255,32,10090,1,
s34773,WLDUSDT,1788988500000,val,-1,-2.18,0.438,3.87,2.86,0.7,-1.45,0.82,0.91,1.24,1.17,0,-0.73,neutral,neutral,1,2.0,17,10092,0,
s34774,ENAUSDT,1788988500000,val,-1,-2.55,0.404,4.45,3.22,0.73,-1.82,0.86,0.69,0.98,0.82,0,-0.73,neutral,neutral,0,0.442,32,10092,0,
s34775,INJUSDT,1788988500000,val,-1,-2.16,0.379,3.39,2.88,0.78,-1.43,0.97,0.59,0.91,0.95,0,-0.73,neutral,neutral,0,-0.177,32,10092,0,
s34776,SUIUSDT,1788988500000,val,-1,-2.07,0.352,3.59,2.55,0.88,-1.34,0.82,1.09,1.4,1.22,0,-0.73,neutral,neutral,0,0.64,32,10092,0,
s34777,SEIUSDT,1788988500000,val,-1,-2.42,0.418,3.42,2.9,1.58,-1.7,1.33,1.09,1.39,1.31,0,-0.73,neutral,bajista,0,0.525,32,10092,3,
s34778,JUPUSDT,1788988500000,val,-1,-4.2,0.463,5.39,4.43,0.7,-3.47,2.02,1.06,1.14,0.95,0,-0.73,neutral,bajista,0,0.623,32,10092,2,
s34779,FETUSDT,1788988500000,val,-1,-2.44,0.394,3.31,2.61,0.92,-1.71,0.89,0.84,1.14,0.94,0,-0.73,neutral,neutral,0,0.333,32,10091,0,
s34780,ARUSDT,1788988500000,testA,-1,-2.33,0.452,3.54,2.46,0.91,-1.6,0.77,0.38,0.47,0.41,0,-0.73,neutral,neutral,0,0.618,32,10091,0,
s34781,WLDUSDT,1788989400000,val,-1,-2.6,0.481,3.89,3.54,0.6,-2.02,1.29,0.91,1.24,1.17,0,-0.58,neutral,neutral,0,0.48,32,10093,1,
s34782,ENAUSDT,1788989400000,val,-1,-3.08,0.448,4.12,3.75,0.7,-2.5,1.6,0.69,0.98,0.82,0,-0.58,neutral,neutral,0,0.161,32,10093,1,
s34783,OPUSDT,1788989400000,val,-1,-2.49,0.396,4.46,3.46,0.72,-1.91,1.28,0.71,0.88,0.73,0,-0.58,neutral,neutral,0,0.323,32,10093,1,
s34784,SUIUSDT,1788989400000,val,-1,-2.36,0.381,3.61,3.28,0.79,-1.78,1.4,1.09,1.4,1.22,0,-0.58,neutral,neutral,0,0.322,32,10093,1,
s34785,SEIUSDT,1788989400000,val,-1,-2.82,0.454,3.93,3.64,1.83,-2.24,1.83,1.09,1.39,1.31,0,-0.58,neutral,bajista,0,0.295,32,10093,4,
s34786,JUPUSDT,1788989400000,val,-1,-4.62,0.483,6.15,6.11,0.61,-4.03,3.33,1.06,1.14,0.95,0,-0.58,neutral,bajista,0,0.146,32,10093,3,
s34787,PENDLEUSDT,1788989400000,val,-1,-2.53,0.52,3.02,3.01,0.65,-1.95,1.43,0.7,1.04,0.86,0,-0.58,neutral,neutral,0,-0.253,32,10093,1,
s34788,ONDOUSDT,1788989400000,val,-1,-2.38,0.444,3.16,3.08,1.04,-1.8,1.62,0.99,1.22,1.03,0,-0.58,neutral,bajista,0,0.153,32,10092,3,
s34789,FETUSDT,1788989400000,val,-1,-2.56,0.405,2.81,2.81,0.84,-1.98,1.39,0.84,1.14,0.94,0,-0.58,neutral,neutral,0,0.125,32,10092,1,
s34790,ARUSDT,1788989400000,testA,-1,-2.59,0.477,3.5,3.1,0.78,-2.01,1.32,0.38,0.47,0.41,0,-0.58,neutral,neutral,0,0.306,32,10092,1,
s34791,LDOUSDT,1788989400000,testA,-1,-2.01,0.403,3.44,2.83,0.66,-1.43,0.99,0.74,1.09,0.91,0,-0.58,neutral,neutral,0,-0.057,32,10092,1,
s34792,0GUSDT,1788990300000,val,-1,-2.67,0.355,4.07,2.85,0.76,-1.88,1.21,0.29,0.2,0.14,1,-0.8,neutral,bajista,1,2.0,1,10094,2,
s34793,WLDUSDT,1788990300000,val,-1,-2.94,0.538,4.4,3.76,0.62,-2.14,1.43,0.91,1.24,1.17,0,-0.8,neutral,bajista,0,0.415,32,10094,2,
s34794,ENAUSDT,1788990300000,val,-1,-3.03,0.44,5.04,3.5,1.06,-2.24,1.32,0.69,0.98,0.82,0,-0.8,neutral,neutral,0,0.184,32,10094,0,
s34795,OPUSDT,1788990300000,val,-1,-2.37,0.371,4.45,3.32,0.78,-1.58,1.13,0.71,0.88,0.73,0,-0.8,neutral,neutral,0,0.405,32,10094,0,
s34796,INJUSDT,1788990300000,val,-1,-2.31,0.429,3.91,3.54,0.88,-1.52,1.47,0.59,0.91,0.95,0,-0.8,neutral,bajista,0,-0.393,32,10094,2,
s34797,SUIUSDT,1788990300000,val,-1,-2.74,0.452,3.99,3.42,0.86,-1.94,1.42,1.09,1.4,1.22,0,-0.8,neutral,bajista,0,0.241,32,10094,2,
s34798,SEIUSDT,1788990300000,val,-1,-3.06,0.503,4.17,3.7,2.18,-2.26,1.76,1.09,1.39,1.31,0,-0.8,neutral,bajista,0,0.313,32,10094,5,
s34799,PENDLEUSDT,1788990300000,val,-1,-2.86,0.583,3.66,3.2,0.89,-2.06,1.51,0.7,1.04,0.86,0,-0.8,neutral,bajista,0,-0.279,32,10094,2,
s34800,ONDOUSDT,1788990300000,val,-1,-2.7,0.521,3.58,3.16,1.51,-1.9,1.57,0.99,1.22,1.03,0,-0.8,neutral,bajista,0,0.07,32,10093,4,
s34801,FETUSDT,1788990300000,val,-1,-2.57,0.405,3.63,3.05,1.14,-1.77,1.6,0.84,1.14,0.94,0,-0.8,neutral,bajista,0,-0.0,32,10093,2,
s34802,ARUSDT,1788990300000,testA,-1,-2.45,0.445,3.86,2.98,0.87,-1.65,1.18,0.38,0.47,0.41,0,-0.8,neutral,neutral,0,0.317,32,10093,0,
s34803,STXUSDT,1788990300000,testA,-1,-2.11,0.392,2.67,2.23,0.66,-1.31,0.77,0.56,0.93,0.79,0,-0.8,neutral,bajista,0,-0.383,32,10093,2,
s34804,LDOUSDT,1788990300000,testA,-1,-3.05,0.565,4.3,3.6,1.0,-2.25,1.67,0.74,1.09,0.91,0,-0.8,neutral,bajista,0,-0.269,32,10093,2,
s34805,MANAUSDT,1788990300000,testA,-1,-2.46,0.538,2.91,2.57,1.49,-1.67,1.54,0.94,1.05,0.94,0,-0.8,neutral,bajista,0,0.667,32,10093,2,
s34806,ASTERUSDT,1788991200000,val,-1,-2.83,0.511,4.71,3.59,3.54,-1.88,1.97,0.62,0.77,0.59,0,-0.95,neutral,bajista,0,-0.023,32,10095,3,
s34807,STBLUSDT,1788991200000,val,-1,-5.53,0.505,9.76,6.96,1.19,-4.57,3.54,4.53,5.26,3.0,0,-0.95,neutral,bajista,0,-0.423,32,10095,3,
s34808,WLDUSDT,1788991200000,val,-1,-4.69,0.65,7.74,5.78,2.37,-3.73,3.01,1.05,1.3,1.23,0,-0.95,neutral,bajista,0,0.15,32,10095,3,
s34809,ENAUSDT,1788991200000,val,-1,-3.6,0.482,5.65,4.3,1.86,-2.65,1.91,0.75,1.02,0.86,0,-0.95,neutral,neutral,0,0.127,32,10095,1,
s34810,OPUSDT,1788991200000,val,-1,-3.59,0.487,6.04,4.5,1.74,-2.64,2.03,0.73,0.95,0.77,0,-0.95,neutral,neutral,0,0.201,32,10095,1,
s34811,INJUSDT,1788991200000,val,-1,-3.35,0.591,4.85,4.27,1.45,-2.4,1.99,0.63,0.92,0.96,0,-0.95,neutral,bajista,0,-0.312,32,10095,3,
s34812,SUIUSDT,1788991200000,val,-1,-3.65,0.522,5.49,4.73,1.54,-2.7,2.42,1.08,1.42,1.26,0,-0.95,neutral,bajista,0,0.014,32,10095,3,
s34813,TIAUSDT,1788991200000,val,-1,-3.48,0.521,5.74,4.56,2.79,-2.53,2.57,0.97,1.01,0.85,0,-0.95,neutral,bajista,0,-0.081,32,10095,3,
s34814,SEIUSDT,1788991200000,val,-1,-3.99,0.569,5.8,5.01,2.72,-3.03,2.71,1.32,1.47,1.39,0,-0.95,neutral,bajista,0,0.098,32,10095,6,
s34815,PENDLEUSDT,1788991200000,val,-1,-3.65,0.641,4.47,4.14,2.0,-2.7,2.19,0.81,1.03,0.91,0,-0.95,neutral,bajista,0,-0.331,32,10095,3,
s34816,ONDOUSDT,1788991200000,val,-1,-3.7,0.598,5.39,4.44,2.88,-2.75,2.52,1.11,1.32,1.1,0,-0.95,neutral,bajista,0,-0.076,32,10094,5,
s34817,FETUSDT,1788991200000,val,-1,-3.83,0.504,5.41,4.46,2.29,-2.87,2.64,0.94,1.22,1.0,0,-0.95,neutral,bajista,0,-0.147,32,10094,3,
s34818,ARUSDT,1788991200000,testA,-1,-3.8,0.554,5.79,4.46,2.03,-2.84,2.35,0.48,0.5,0.44,0,-0.95,neutral,neutral,0,-0.083,32,10094,1,
s34819,GRTUSDT,1788991200000,testA,-1,-3.35,0.451,5.8,4.23,1.87,-2.4,2.48,0.65,0.72,0.61,0,-0.95,neutral,bajista,0,-0.103,32,10094,3,
s34820,LDOUSDT,1788991200000,testA,-1,-4.32,0.664,5.77,4.9,2.03,-3.37,2.6,0.93,1.18,0.97,0,-0.95,neutral,bajista,0,-0.367,32,10094,3,
s34821,MANAUSDT,1788991200000,testA,-1,-3.73,0.637,5.68,4.19,4.19,-2.78,2.82,1.19,1.22,1.05,0,-0.95,neutral,bajista,0,0.145,32,10094,3,
s34822,AXSUSDT,1788991200000,testA,-1,-3.07,0.515,6.43,3.74,5,-2.11,2.34,1.52,1.48,1.17,1,-0.95,neutral,bajista,0,0.189,32,10094,3,
s34823,APEUSDT,1788991200000,testA,-1,-3.58,0.473,6.99,4.92,2.69,-2.62,3.14,1.98,1.83,1.25,1,-0.95,neutral,bajista,0,0.333,32,10094,5,
s34824,ASTERUSDT,1788992100000,val,-1,-2.4,0.402,4.69,3.01,3.58,-1.64,1.27,0.62,0.77,0.59,0,-0.76,neutral,neutral,0,0.224,32,10096,0,
s34825,WLDUSDT,1788992100000,val,-1,-4.36,0.579,7.29,4.87,2.49,-3.6,2.27,1.05,1.3,1.23,0,-0.76,neutral,neutral,0,0.271,32,10096,0,
s34826,ENAUSDT,1788992100000,val,-1,-3.41,0.445,5.64,4.04,2.05,-2.64,1.45,0.75,1.02,0.86,0,-0.76,neutral,neutral,0,0.135,32,10096,0,
s34827,OPUSDT,1788992100000,val,-1,-3.81,0.533,6.03,4.44,1.94,-3.04,1.78,0.73,0.95,0.77,0,-0.76,neutral,neutral,0,0.256,32,10096,0,
s34828,INJUSDT,1788992100000,val,-1,-3.3,0.582,4.83,3.68,1.62,-2.54,1.2,0.63,0.92,0.96,0,-0.76,neutral,neutral,0,-0.023,32,10096,0,
s34829,SUIUSDT,1788992100000,val,-1,-3.63,0.52,5.46,4.31,1.65,-2.86,1.78,1.08,1.42,1.26,0,-0.76,neutral,neutral,0,0.127,32,10096,0,
s34830,TIAUSDT,1788992100000,val,-1,-3.49,0.527,5.71,3.9,2.89,-2.72,1.72,0.97,1.01,0.85,0,-0.76,neutral,neutral,0,0.128,32,10096,0,
s34831,SEIUSDT,1788992100000,val,-1,-4.14,0.606,5.78,4.81,2.67,-3.38,2.25,1.32,1.47,1.39,0,-0.76,neutral,neutral,0,0.111,32,10096,0,
s34832,PENDLEUSDT,1788992100000,val,-1,-3.85,0.702,4.47,4.14,2.31,-3.08,1.96,0.81,1.03,0.91,0,-0.76,neutral,bajista,0,-0.248,32,10096,4,
s34833,ONDOUSDT,1788992100000,val,-1,-3.4,0.525,5.36,3.88,3.25,-2.64,1.75,1.11,1.32,1.1,0,-0.76,neutral,neutral,0,0.101,32,10095,0,
s34834,FETUSDT,1788992100000,val,-1,-4.11,0.529,5.42,4.71,2.54,-3.35,2.53,0.94,1.22,1.0,0,-0.76,neutral,bajista,0,-0.076,32,10095,4,
s34835,LDOUSDT,1788992100000,testA,-1,-3.52,0.484,5.48,3.81,2.45,-2.75,1.62,0.93,1.18,0.97,0,-0.76,neutral,neutral,0,-0.078,32,10095,0,
s34836,MANAUSDT,1788992100000,testA,-1,-3.59,0.601,5.6,3.84,4.28,-2.83,2.26,1.19,1.22,1.05,0,-0.76,neutral,neutral,0,0.244,32,10095,0,
s34837,AXSUSDT,1788992100000,testA,-1,-3.5,0.609,6.44,3.87,5,-2.73,2.18,1.52,1.48,1.17,1,-0.76,neutral,bajista,0,0.132,32,10095,4,
s34838,APEUSDT,1788992100000,testA,-1,-3.82,0.528,6.96,4.4,3.02,-3.06,2.32,1.98,1.83,1.25,1,-0.76,neutral,neutral,0,0.5,32,10095,0,
s34839,ASTERUSDT,1788993000000,val,-1,-2.5,0.428,4.67,2.71,3.26,-1.86,0.92,0.62,0.77,0.59,0,-0.64,neutral,neutral,0,0.384,32,10097,0,
s34840,WLDUSDT,1788993000000,val,-1,-4.72,0.602,7.01,4.94,2.87,-4.08,2.4,1.05,1.3,1.23,0,-0.64,neutral,neutral,0,0.166,32,10097,1,
s34841,ENAUSDT,1788993000000,val,-1,-3.95,0.525,5.5,4.14,2.02,-3.31,1.56,0.75,1.02,0.86,0,-0.64,neutral,neutral,0,0.022,32,10097,1,
s34842,OPUSDT,1788993000000,val,-1,-4.57,0.648,6.01,4.79,2.06,-3.93,1.96,0.73,0.95,0.77,0,-0.64,neutral,neutral,0,0.127,32,10097,1,
s34843,INJUSDT,1788993000000,val,-1,-2.85,0.466,4.6,2.94,1.73,-2.21,0.64,0.63,0.92,0.96,0,-0.64,neutral,neutral,0,0.247,32,10097,0,
s34844,SUIUSDT,1788993000000,val,-1,-4.26,0.645,5.47,4.47,1.53,-3.61,1.79,1.08,1.42,1.26,0,-0.64,neutral,neutral,0,0.058,32,10097,1,
s34845,TIAUSDT,1788993000000,val,-1,-4.02,0.562,5.37,4.19,3.15,-3.38,2.11,0.97,1.01,0.85,0,-0.64,neutral,neutral,0,-0.069,32,10097,1,
s34846,SEIUSDT,1788993000000,val,-1,-4.49,0.697,5.7,4.7,2.19,-3.85,2.04,1.32,1.47,1.39,0,-0.64,neutral,neutral,0,0.199,32,10097,0,
s34847,JUPUSDT,1788993000000,val,-1,-7.12,0.614,10.25,7.63,3.02,-6.48,2.92,1.09,1.18,0.99,0,-0.64,neutral,neutral,0,0.056,32,10097,0,
s34848,PENDLEUSDT,1788993000000,val,-1,-3.86,0.702,4.33,4.03,2.44,-3.22,1.82,0.81,1.03,0.91,0,-0.64,neutral,bajista,0,-0.199,32,10097,5,
s34849,ONDOUSDT,1788993000000,val,-1,-3.87,0.605,5.26,4.0,2.64,-3.23,1.81,1.11,1.32,1.1,0,-0.64,neutral,neutral,0,0.035,32,10096,1,
s34850,FETUSDT,1788993000000,val,-1,-4.38,0.588,5.41,4.58,2.75,-3.74,2.16,0.94,1.22,1.0,0,-0.64,neutral,neutral,0,-0.117,32,10096,0,
s34851,ARUSDT,1788993000000,testA,-1,-2.87,0.363,5.73,3.32,2.22,-2.23,1.0,0.48,0.5,0.44,0,-0.64,neutral,neutral,0,0.132,32,10096,1,
s34852,GRTUSDT,1788993000000,testA,-1,-3.02,0.387,5.58,3.11,2.2,-2.38,1.24,0.65,0.72,0.61,0,-0.64,neutral,neutral,0,0.224,32,10096,1,
s34853,LDOUSDT,1788993000000,testA,-1,-3.72,0.498,5.49,4.03,2.71,-3.08,1.7,0.93,1.18,0.97,0,-0.64,neutral,neutral,0,-0.141,32,10096,1,
s34854,MANAUSDT,1788993000000,testA,-1,-3.65,0.612,5.52,3.77,4.54,-3.0,2.08,1.19,1.22,1.05,0,-0.64,neutral,neutral,0,0.201,32,10096,1,
s34855,AXSUSDT,1788993000000,testA,-1,-3.73,0.674,6.41,3.86,5,-3.09,2.02,1.52,1.48,1.17,1,-0.64,neutral,bajista,0,0.11,32,10096,5,
s34856,APEUSDT,1788993000000,testA,-1,-3.56,0.51,6.46,3.9,3.48,-2.92,2.11,1.98,1.83,1.25,1,-0.64,neutral,neutral,0,0.509,32,10096,1,
s34857,ASTERUSDT,1788993900000,val,-1,-2.49,0.427,4.66,2.83,2.56,-1.85,0.93,0.62,0.77,0.59,0,-0.64,neutral,neutral,0,0.204,32,10098,1,
s34858,STBLUSDT,1788993900000,val,-1,-6.15,0.53,8.99,7.48,0.89,-5.51,3.52,4.53,5.26,3.0,0,-0.64,neutral,neutral,0,-0.218,32,10098,0,
s34859,WLDUSDT,1788993900000,val,-1,-4.92,0.61,6.66,5.49,2.77,-4.28,2.97,1.05,1.3,1.23,0,-0.64,neutral,bajista,0,-0.102,32,10098,2,
s34860,ENAUSDT,1788993900000,val,-1,-4.25,0.541,5.16,4.74,1.82,-3.62,2.23,0.75,1.02,0.86,0,-0.64,neutral,bajista,0,-0.283,32,10098,2,
s34861,OPUSDT,1788993900000,val,-1,-4.53,0.644,5.53,4.98,1.94,-3.89,2.39,0.73,0.95,0.77,0,-0.64,neutral,bajista,0,-0.096,32,10098,2,
s34862,INJUSDT,1788993900000,val,-1,-2.68,0.449,4.06,2.78,1.6,-2.04,0.99,0.63,0.92,0.96,0,-0.64,neutral,neutral,0,0.042,32,10098,1,
s34863,SUIUSDT,1788993900000,val,-1,-4.12,0.636,5.0,4.69,1.37,-3.48,2.19,1.08,1.42,1.26,0,-0.64,neutral,bajista,0,-0.198,32,10098,2,
s34864,TIAUSDT,1788993900000,val,-1,-4.82,0.605,5.57,5.33,3.0,-4.18,2.99,0.97,1.01,0.85,0,-0.64,neutral,bajista,0,-0.485,32,10098,2,
s34865,SEIUSDT,1788993900000,val,-1,-4.05,0.673,5.22,4.45,1.89,-3.41,2.02,1.32,1.47,1.39,0,-0.64,neutral,neutral,0,0.043,32,10098,1,
s34866,JUPUSDT,1788993900000,val,-1,-7.18,0.614,9.74,8.0,1.33,-6.55,3.43,1.09,1.18,0.99,0,-0.64,neutral,neutral,0,-0.114,32,10098,1,
s34867,PENDLEUSDT,1788993900000,val,-1,-3.64,0.688,4.23,4.07,2.17,-3.0,2.09,0.81,1.03,0.91,0,-0.64,neutral,bajista,0,-0.467,32,10098,6,
s34868,ONDOUSDT,1788993900000,val,-1,-3.82,0.6,4.92,4.19,2.03,-3.18,2.09,1.11,1.32,1.1,0,-0.64,neutral,bajista,0,-0.188,32,10097,2,
s34869,FETUSDT,1788993900000,val,-1,-4.3,0.581,5.15,4.97,2.16,-3.66,2.53,0.94,1.22,1.0,0,-0.64,neutral,neutral,0,-0.349,32,10097,1,
s34870,ARUSDT,1788993900000,testA,-1,-3.26,0.393,5.76,3.78,2.13,-2.63,1.29,0.48,0.5,0.44,0,-0.64,neutral,bajista,0,-0.087,32,10097,2,
s34871,LDOUSDT,1788993900000,testA,-1,-3.74,0.498,5.16,4.07,2.04,-3.1,1.89,0.93,1.18,0.97,0,-0.64,neutral,bajista,0,-0.36,32,10097,2,
s34872,MANAUSDT,1788993900000,testA,-1,-4.01,0.634,5.39,4.25,3.29,-3.38,2.39,1.19,1.22,1.05,0,-0.64,neutral,bajista,0,-0.062,32,10097,2,
s34873,AXSUSDT,1788993900000,testA,-1,-3.59,0.665,6.2,3.88,5,-2.95,2.0,1.52,1.48,1.17,1,-0.64,neutral,bajista,0,-0.008,32,10097,6,
s34874,APEUSDT,1788993900000,testA,-1,-3.7,0.519,6.41,4.2,3.79,-3.07,2.22,1.98,1.83,1.25,1,-0.64,neutral,bajista,0,0.322,32,10097,2,
s34875,ASTERUSDT,1788994800000,val,-1,-2.55,0.443,4.66,2.8,0.7,-2.13,0.83,0.62,0.74,0.59,0,-0.42,neutral,neutral,0,0.377,32,10099,0,
s34876,WLDUSDT,1788994800000,val,-1,-4.23,0.491,6.47,4.66,0.64,-3.81,2.14,1.03,1.26,1.22,0,-0.42,neutral,neutral,0,0.124,32,10099,0,
s34877,ENAUSDT,1788994800000,val,-1,-3.25,0.367,5.1,3.66,1.03,-2.82,1.11,0.71,0.99,0.87,0,-0.42,neutral,neutral,0,0.135,32,10099,0,
s34878,OPUSDT,1788994800000,val,-1,-3.53,0.497,5.23,4.14,0.91,-3.11,1.72,0.74,0.95,0.78,0,-0.42,neutral,neutral,0,0.134,32,10099,0,
s34879,SUIUSDT,1788994800000,val,-1,-3.42,0.478,4.92,3.79,0.72,-3.0,1.31,1.02,1.36,1.26,0,-0.42,neutral,neutral,0,0.099,32,10099,0,
s34880,TIAUSDT,1788994800000,val,-1,-3.7,0.41,5.51,4.14,0.91,-3.28,1.79,1.02,1.02,0.87,1,-0.42,neutral,neutral,0,-0.134,32,10099,0,
s34881,SEIUSDT,1788994800000,val,-1,-3.19,0.47,5.07,3.47,0.75,-2.77,1.12,1.32,1.42,1.4,0,-0.42,neutral,neutral,0,0.451,32,10099,0,
s34882,JUPUSDT,1788994800000,val,-1,-5.94,0.47,9.37,6.49,0.64,-5.52,2.16,1.02,1.13,1.0,0,-0.42,neutral,neutral,0,0.132,32,10099,0,
s34883,PENDLEUSDT,1788994800000,val,-1,-2.95,0.496,4.2,3.27,0.92,-2.53,1.23,0.8,0.96,0.92,0,-0.42,neutral,neutral,0,-0.035,32,10099,0,
s34884,ONDOUSDT,1788994800000,val,-1,-3.11,0.441,4.89,3.41,0.78,-2.69,1.25,1.1,1.29,1.12,0,-0.42,neutral,neutral,0,0.148,32,10098,0,
s34885,FETUSDT,1788994800000,val,-1,-3.33,0.408,5.1,4.04,0.92,-2.9,1.51,0.87,1.16,1.0,0,-0.42,neutral,neutral,0,-0.044,32,10098,0,
s34886,MANAUSDT,1788994800000,testA,-1,-3.07,0.433,5.31,3.31,0.55,-2.65,1.4,1.15,1.18,1.06,0,-0.42,neutral,neutral,0,0.34,32,10098,0,
s34887,STBLUSDT,1788995700000,val,-1,-4.86,0.382,8.99,7.4,0.37,-4.43,3.0,3.97,4.84,3.08,0,-0.43,neutral,neutral,0,-0.094,32,10100,1,
s34888,WLDUSDT,1788995700000,val,-1,-4.33,0.496,6.19,4.57,0.53,-3.89,2.11,1.03,1.26,1.22,0,-0.43,neutral,neutral,0,0.201,32,10100,1,
s34889,OPUSDT,1788995700000,val,-1,-2.9,0.393,4.66,3.11,0.69,-2.46,1.2,0.74,0.95,0.78,0,-0.43,neutral,neutral,0,0.463,32,10100,0,
s34890,SUIUSDT,1788995700000,val,-1,-3.11,0.437,4.52,3.25,0.62,-2.68,1.13,1.02,1.36,1.26,0,-0.43,neutral,neutral,0,0.307,32,10100,0,
s34891,TIAUSDT,1788995700000,val,-1,-3.4,0.364,5.33,3.65,0.77,-2.97,1.33,1.02,1.02,0.87,1,-0.43,neutral,neutral,0,0.029,32,10100,0,
s34892,SEIUSDT,1788995700000,val,-1,-2.99,0.448,4.75,3.11,0.49,-2.56,1.03,1.32,1.42,1.4,0,-0.43,neutral,neutral,0,0.605,32,10100,0,
s34893,JUPUSDT,1788995700000,val,-1,-5.99,0.471,9.12,6.37,0.55,-5.55,2.12,1.02,1.13,1.0,0,-0.43,neutral,neutral,0,0.223,32,10100,1,
s34894,PENDLEUSDT,1788995700000,val,-1,-3.28,0.522,3.92,3.47,0.75,-2.85,1.55,0.8,0.96,0.92,0,-0.43,neutral,neutral,0,-0.103,32,10100,1,
s34895,ONDOUSDT,1788995700000,val,-1,-2.79,0.407,4.47,2.93,0.64,-2.36,1.12,1.1,1.29,1.12,0,-0.43,neutral,neutral,0,0.39,32,10099,0,
s34896,FETUSDT,1788995700000,val,-1,-2.98,0.351,4.67,3.13,0.53,-2.55,1.0,0.87,1.16,1.0,0,-0.43,neutral,neutral,0,0.377,32,10099,0,
s34897,MANAUSDT,1788995700000,testA,-1,-2.72,0.375,5.11,2.85,0.38,-2.28,1.04,1.15,1.18,1.06,0,-0.43,neutral,neutral,0,0.63,32,10099,0,
s34898,WLDUSDT,1788996600000,val,-1,-3.36,0.416,5.36,3.6,0.46,-3.26,1.69,1.03,1.26,1.22,0,-0.1,neutral,neutral,0,0.356,32,10101,0,
s34899,SEIUSDT,1788996600000,val,-1,-2.21,0.353,4.51,2.7,0.4,-2.11,0.69,1.32,1.42,1.4,0,-0.1,neutral,neutral,0,0.82,32,10101,0,
s34900,PENDLEUSDT,1788996600000,val,-1,-2.57,0.421,3.38,2.67,0.59,-2.47,1.07,0.8,0.96,0.92,0,-0.1,neutral,neutral,0,0.092,32,10101,0,
s34901,WLDUSDT,1788998400000,val,-1,-3.36,0.394,5.2,3.98,0.47,-3.38,1.88,1.12,1.29,1.21,0,0.02,neutral,neutral,0,0.104,32,10103,1,
s34902,SEIUSDT,1788998400000,val,-1,-2.66,0.469,4.53,3.07,0.27,-2.68,0.84,1.43,1.44,1.41,0,0.02,neutral,bajista,0,0.566,32,10103,2,
s34903,PENDLEUSDT,1788998400000,val,-1,-2.54,0.441,3.24,3.11,0.6,-2.57,1.4,0.92,0.98,0.95,0,0.02,neutral,neutral,0,-0.099,32,10103,1,
s34904,SANDUSDT,1788998400000,testA,-1,-3.52,0.394,6.91,4.16,0.54,-3.54,1.97,2.14,2.4,1.87,0,0.02,neutral,bajista,0,0.575,32,10102,2,
s34905,WLDUSDT,1788999300000,val,-1,-3.14,0.377,5.21,4.29,0.73,-3.42,1.85,1.12,1.29,1.21,0,0.28,neutral,bajista,0,-0.102,32,10104,2,
s34906,SEIUSDT,1788999300000,val,-1,-2.45,0.447,4.32,3.32,0.38,-2.73,1.1,1.43,1.44,1.41,0,0.28,neutral,bajista,0,0.346,32,10104,3,
s34907,PENDLEUSDT,1788999300000,val,-1,-2.58,0.444,3.52,3.28,0.69,-2.87,1.4,0.92,0.98,0.95,0,0.28,neutral,bajista,0,-0.218,32,10104,2,
s34908,SANDUSDT,1788999300000,testA,-1,-3.77,0.41,6.92,4.79,0.74,-4.05,2.27,2.14,2.4,1.87,0,0.28,neutral,bajista,0,0.286,32,10103,3,
s34909,XPLUSDT,1789000200000,val,-1,-3.73,0.365,6.58,4.0,0.49,-3.59,1.73,1.45,1.18,1.02,1,-0.14,neutral,bajista,0,-0.049,32,10105,3,
s34910,WLDUSDT,1789000200000,val,-1,-4.31,0.523,5.24,4.93,0.86,-4.17,2.16,1.12,1.29,1.21,0,-0.14,neutral,bajista,0,-0.149,32,10105,3,
s34911,OPUSDT,1789000200000,val,-1,-2.69,0.413,3.76,3.21,0.85,-2.55,1.25,0.8,0.96,0.79,0,-0.14,neutral,neutral,0,0.244,32,10105,1,
s34912,SUIUSDT,1789000200000,val,-1,-2.55,0.435,3.13,2.84,0.82,-2.41,1.24,1.07,1.32,1.27,0,-0.14,neutral,bajista,0,0.018,32,10105,4,
s34913,TIAUSDT,1789000200000,val,-1,-3.58,0.419,4.43,3.71,0.36,-3.44,1.35,1.02,1.03,0.87,0,-0.14,neutral,neutral,0,-0.143,32,10105,1,
s34914,SEIUSDT,1789000200000,val,-1,-3.27,0.568,3.79,3.36,0.58,-3.13,1.45,1.43,1.44,1.41,0,-0.14,neutral,bajista,0,0.325,32,10105,4,
s34915,JUPUSDT,1789000200000,val,-1,-4.07,0.386,6.79,4.54,0.53,-3.92,1.45,1.08,1.08,1.0,1,-0.14,neutral,neutral,0,0.371,32,10105,1,
s34916,PENDLEUSDT,1789000200000,val,-1,-3.18,0.517,3.88,3.77,0.84,-3.04,1.59,0.92,0.98,0.95,0,-0.14,neutral,bajista,0,-0.25,32,10105,3,
s34917,ONDOUSDT,1789000200000,val,-1,-2.82,0.446,3.77,3.07,0.71,-2.67,1.22,1.18,1.32,1.15,0,-0.14,neutral,bajista,0,0.183,32,10104,3,
s34918,FETUSDT,1789000200000,val,-1,-2.83,0.434,3.86,2.97,0.73,-2.69,0.97,0.95,1.15,1.01,0,-0.14,neutral,bajista,0,0.22,32,10104,2,
s34919,SANDUSDT,1789000200000,testA,-1,-4.5,0.512,6.88,4.96,0.97,-4.36,2.19,2.14,2.4,1.87,0,-0.14,neutral,bajista,0,0.287,32,10104,4,
s34920,MANAUSDT,1789000200000,testA,-1,-3.79,0.489,4.73,4.09,1.32,-3.65,1.9,1.4,1.28,1.12,1,-0.14,neutral,bajista,0,0.102,32,10104,4,
s34921,AXSUSDT,1789000200000,testA,-1,-2.98,0.527,5.3,3.26,0.41,-2.84,1.44,1.74,1.45,1.22,1,-0.14,neutral,bajista,0,0.181,32,10104,4,
s34922,WLDUSDT,1789001100000,val,-1,-5.21,0.621,6.04,5.52,1.24,-5.02,2.44,1.12,1.29,1.21,0,-0.18,neutral,bajista,0,-0.21,32,10106,4,
s34923,ENAUSDT,1789001100000,val,-1,-2.76,0.407,3.54,2.92,0.95,-2.57,1.36,0.77,0.99,0.88,0,-0.18,neutral,bajista,0,0.066,32,10106,5,
s34924,OPUSDT,1789001100000,val,-1,-3.42,0.521,3.77,3.63,0.96,-3.23,1.48,0.8,0.96,0.79,0,-0.18,neutral,bajista,0,0.152,32,10106,2,
s34925,SUIUSDT,1789001100000,val,-1,-2.67,0.467,3.13,2.79,1.03,-2.49,1.07,1.07,1.32,1.27,0,-0.18,neutral,neutral,0,0.028,32,10106,0,
s34926,TIAUSDT,1789001100000,val,-1,-3.66,0.424,4.41,3.85,0.46,-3.48,1.38,1.02,1.03,0.87,0,-0.18,neutral,bajista,0,-0.159,32,10106,2,
s34927,SEIUSDT,1789001100000,val,-1,-3.11,0.556,3.62,3.25,0.75,-2.93,1.44,1.43,1.44,1.41,0,-0.18,neutral,bajista,0,0.336,32,10106,5,
s34928,JUPUSDT,1789001100000,val,-1,-5.05,0.459,6.84,5.36,0.76,-4.87,1.94,1.08,1.08,1.0,1,-0.18,neutral,bajista,0,0.163,32,10106,2,
s34929,PENDLEUSDT,1789001100000,val,-1,-3.84,0.607,4.53,4.22,1.34,-3.65,1.87,0.92,0.98,0.95,0,-0.18,neutral,bajista,0,-0.317,32,10106,4,
s34930,ONDOUSDT,1789001100000,val,-1,-2.84,0.452,3.77,2.95,0.85,-2.66,1.0,1.18,1.32,1.15,0,-0.18,neutral,neutral,0,0.219,32,10105,0,
s34931,FETUSDT,1789001100000,val,-1,-2.49,0.402,3.63,2.8,0.92,-2.31,1.03,0.95,1.15,1.01,0,-0.18,neutral,bajista,0,0.255,32,10105,3,
s34932,GRTUSDT,1789001100000,testA,-1,-2.69,0.362,4.6,2.98,0.97,-2.5,1.1,0.69,0.68,0.61,1,-0.18,neutral,neutral,0,0.2,32,10105,0,
s34933,SANDUSDT,1789001100000,testA,-1,-4.55,0.521,6.87,4.82,1.0,-4.36,1.89,2.14,2.4,1.87,0,-0.18,neutral,neutral,0,0.324,32,10105,0,
s34934,MANAUSDT,1789001100000,testA,-1,-3.85,0.502,4.73,4.08,1.42,-3.67,1.72,1.4,1.28,1.12,1,-0.18,neutral,neutral,0,0.109,32,10105,0,
s34935,AXSUSDT,1789001100000,testA,-1,-3.04,0.545,5.25,3.19,0.47,-2.86,1.27,1.74,1.45,1.22,1,-0.18,neutral,neutral,0,0.229,32,10105,0,
s34936,APEUSDT,1789001100000,testA,-1,-3.63,0.469,6.19,3.84,0.74,-3.45,1.34,1.75,1.91,1.33,0,-0.18,neutral,bajista,0,0.778,32,10105,4,
s34937,WLDUSDT,1789002000000,val,-1,-4.51,0.549,5.82,5.04,1.36,-4.63,1.9,1.12,1.29,1.21,0,0.12,neutral,neutral,0,-0.176,32,10107,0,
s34938,OPUSDT,1789002000000,val,-1,-2.54,0.383,3.75,3.13,0.8,-2.66,0.89,0.9,1.0,0.82,0,0.12,neutral,neutral,0,0.295,32,10107,0,
s34939,TIAUSDT,1789002000000,val,-1,-3.36,0.396,4.25,3.61,0.5,-3.48,1.15,1.03,1.0,0.87,1,0.12,neutral,neutral,0,-0.176,32,10107,0,
s34940,SEIUSDT,1789002000000,val,-1,-2.09,0.385,3.07,2.28,0.83,-2.21,0.83,1.45,1.42,1.42,1,0.12,neutral,neutral,0,0.645,32,10107,0,
s34941,PENDLEUSDT,1789002000000,val,-1,-3.19,0.492,4.51,3.79,1.51,-3.31,1.3,0.95,0.96,0.97,0,0.12,neutral,neutral,0,-0.281,32,10107,0,
s34942,SANDUSDT,1789002000000,testA,-1,-3.44,0.382,6.83,4.08,0.85,-3.56,1.03,2.16,2.09,1.89,1,0.12,neutral,neutral,0,0.653,32,10106,0,
s34943,AXSUSDT,1789002000000,testA,-1,-2.38,0.401,5.2,2.64,0.48,-2.5,0.64,1.82,1.47,1.24,1,0.12,neutral,neutral,0,0.379,32,10106,0,
s34944,WLDUSDT,1789002900000,val,-1,-5.18,0.602,5.68,5.46,1.11,-5.03,2.31,1.12,1.29,1.21,0,-0.15,neutral,neutral,0,-0.271,32,10108,1,
s34945,ARBUSDT,1789002900000,val,-1,-3.74,0.489,5.15,5.01,1.31,-3.59,2.17,0.43,0.69,0.54,0,-0.15,neutral,neutral,0,-0.295,32,10108,1,
s34946,OPUSDT,1789002900000,val,-1,-3.16,0.456,3.4,3.26,0.84,-3.01,1.31,0.9,1.0,0.82,0,-0.15,neutral,neutral,0,0.097,32,10108,1,
s34947,SUIUSDT,1789002900000,val,-1,-2.4,0.393,2.93,2.5,0.91,-2.25,0.82,1.1,1.29,1.27,0,-0.15,neutral,neutral,0,-0.037,32,10108,1,
s34948,TIAUSDT,1789002900000,val,-1,-3.8,0.425,4.16,4.0,0.61,-3.65,1.59,1.03,1.0,0.87,1,-0.15,neutral,neutral,0,-0.333,32,10108,1,
s34949,SEIUSDT,1789002900000,val,-1,-2.4,0.418,2.89,2.5,0.8,-2.25,1.15,1.45,1.42,1.42,1,-0.15,neutral,neutral,0,0.427,32,10108,1,
s34950,PENDLEUSDT,1789002900000,val,-1,-3.65,0.546,4.14,3.77,1.41,-3.5,1.51,0.95,0.96,0.97,0,-0.15,neutral,neutral,0,-1.0,15,10108,1,
s34951,GRTUSDT,1789002900000,testA,-1,-3.37,0.432,4.58,3.54,0.83,-3.22,1.55,0.7,0.69,0.61,1,-0.15,neutral,neutral,0,-0.077,32,10107,1,
s34952,SANDUSDT,1789002900000,testA,-1,-4.19,0.465,6.74,4.4,0.6,-4.04,1.37,2.16,2.09,1.89,1,-0.15,neutral,neutral,0,0.36,32,10107,1,
s34953,MANAUSDT,1789002900000,testA,-1,-3.29,0.383,4.58,3.45,0.81,-3.15,1.1,1.45,1.27,1.13,1,-0.15,neutral,neutral,0,0.277,32,10107,1,
s34954,AXSUSDT,1789002900000,testA,-1,-2.87,0.471,5.2,2.98,0.43,-2.73,0.98,1.82,1.47,1.24,1,-0.15,neutral,neutral,0,0.143,32,10107,1,
s34955,APEUSDT,1789002900000,testA,-1,-3.79,0.42,5.66,4.01,1.43,-3.64,1.83,2.03,2.08,1.42,0,-0.15,neutral,neutral,0,0.518,32,10107,1,
s34956,ASTERUSDT,1789003800000,val,-1,-2.38,0.412,3.2,2.95,1.17,-2.29,1.93,0.78,0.77,0.62,1,-0.09,neutral,bajista,0,0.161,32,10109,3,
s34957,PUMPUSDT,1789003800000,val,-1,-5.72,0.587,7.17,6.84,0.67,-5.63,2.92,2.07,2.47,1.9,0,-0.09,neutral,bajista,0,0.136,32,10109,2,
s34958,WLDUSDT,1789003800000,val,-1,-4.77,0.58,5.8,5.08,1.3,-4.68,2.34,1.12,1.29,1.21,0,-0.09,neutral,bajista,0,-0.176,32,10109,2,
s34959,ARBUSDT,1789003800000,val,-1,-3.58,0.478,5.8,5.27,1.55,-3.49,2.2,0.43,0.69,0.54,0,-0.09,neutral,bajista,0,-0.265,32,10109,2,
s34960,OPUSDT,1789003800000,val,-1,-2.84,0.429,3.91,3.31,1.18,-2.76,1.67,0.9,1.0,0.82,0,-0.09,neutral,bajista,0,0.075,32,10109,2,
s34961,SUIUSDT,1789003800000,val,-1,-2.48,0.4,2.91,2.56,1.1,-2.39,1.48,1.1,1.29,1.27,0,-0.09,neutral,bajista,0,-0.082,32,10109,2,
s34962,TIAUSDT,1789003800000,val,-1,-3.59,0.41,4.23,3.75,0.79,-3.5,1.74,1.03,1.0,0.87,1,-0.09,neutral,bajista,0,-0.279,32,10109,2,
s34963,PENDLEUSDT,1789003800000,val,-1,-3.05,0.499,3.56,3.21,1.45,-2.97,1.71,0.95,0.96,0.97,0,-0.09,neutral,bajista,0,-1.0,11,10109,2,
s34964,GRTUSDT,1789003800000,testA,-1,-2.97,0.4,3.77,3.06,0.86,-2.88,1.74,0.7,0.69,0.61,1,-0.09,neutral,bajista,0,-0.107,32,10108,2,
s34965,SANDUSDT,1789003800000,testA,-1,-3.85,0.442,6.06,4.08,0.37,-3.76,1.61,2.16,2.09,1.89,1,-0.09,neutral,bajista,0,0.403,32,10108,2,
s34966,MANAUSDT,1789003800000,testA,-1,-3.13,0.37,4.07,3.24,0.57,-3.05,1.28,1.45,1.27,1.13,1,-0.09,neutral,bajista,0,0.309,32,10108,2,
s34967,AXSUSDT,1789003800000,testA,-1,-2.65,0.449,4.57,2.74,0.44,-2.56,1.25,1.82,1.47,1.24,1,-0.09,neutral,bajista,0,0.188,32,10108,2,
s34968,APEUSDT,1789003800000,testA,-1,-3.6,0.406,5.1,3.81,1.58,-3.52,2.06,2.03,2.08,1.42,0,-0.09,neutral,bajista,0,0.585,32,10108,2,
s34969,PUMPUSDT,1789004700000,val,-1,-4.64,0.533,5.65,5.25,0.77,-4.58,2.92,2.07,2.47,1.9,0,-0.06,neutral,bajista,0,0.038,32,10110,3,
s34970,0GUSDT,1789004700000,val,-1,-5.19,0.408,8.37,5.53,0.61,-5.13,2.7,0.92,0.42,0.18,1,-0.06,neutral,bajista,0,0.029,32,10110,3,
s34971,WLDUSDT,1789004700000,val,-1,-4.37,0.533,5.71,4.8,0.84,-4.31,1.89,1.12,1.29,1.21,0,-0.06,neutral,neutral,0,-0.17,32,10110,0,
s34972,ARBUSDT,1789004700000,val,-1,-4.0,0.567,5.85,5.29,1.37,-3.93,2.0,0.43,0.69,0.54,0,-0.06,neutral,bajista,0,-0.41,32,10110,3,
s34973,OPUSDT,1789004700000,val,-1,-2.66,0.391,3.9,2.97,1.43,-2.6,1.16,0.9,1.0,0.82,0,-0.06,neutral,neutral,0,0.021,32,10110,0,
s34974,PENDLEUSDT,1789004700000,val,-1,-2.7,0.441,3.39,2.85,0.95,-2.63,1.35,0.95,0.96,0.97,0,-0.06,neutral,neutral,0,-1.0,10,10110,0,
s34975,GRTUSDT,1789004700000,testA,-1,-2.6,0.353,3.6,2.73,0.74,-2.54,1.4,0.7,0.69,0.61,1,-0.06,neutral,neutral,0,-0.06,32,10109,0,
s34976,SANDUSDT,1789004700000,testA,-1,-3.51,0.388,6.04,3.71,0.33,-3.44,1.08,2.16,2.09,1.89,1,-0.06,neutral,neutral,0,0.551,32,10109,0,
s34977,APEUSDT,1789004700000,testA,-1,-3.19,0.354,5.02,3.44,1.47,-3.13,1.53,2.03,2.08,1.42,0,-0.06,neutral,neutral,0,0.75,32,10109,0,
s34978,PUMPUSDT,1789005600000,val,-1,-3.52,0.408,5.09,4.17,0.95,-3.76,2.28,1.47,2.41,1.92,0,0.25,neutral,neutral,0,0.156,32,10111,0,
s34979,WLDUSDT,1789005600000,val,-1,-2.31,0.35,4.15,3.03,0.68,-2.56,1.55,1.11,1.26,1.21,0,0.25,neutral,neutral,0,-1.0,9,10111,0,
s34980,ARBUSDT,1789005600000,val,-1,-3.48,0.53,5.86,5.44,1.35,-3.72,2.09,0.41,0.63,0.54,0,0.25,neutral,bajista,0,-0.498,32,10111,4,
s34981,STBLUSDT,1789006500000,val,1,3.69,0.358,5.96,4.27,1.68,3.7,1.37,2.54,3.97,3.42,0,-0.0,neutral,neutral,0,-0.535,32,10112,1,
s34982,0GUSDT,1789006500000,val,-1,-3.45,0.355,4.88,4.71,0.66,-3.45,3.0,0.85,0.44,0.19,1,-0.0,neutral,bajista,0,-0.218,32,10112,5,
s34983,WLDUSDT,1789006500000,val,-1,-2.54,0.402,4.06,2.71,0.91,-2.54,1.1,1.11,1.26,1.21,0,-0.0,neutral,neutral,0,-1.0,8,10112,0,
s34984,ARBUSDT,1789006500000,val,-1,-3.29,0.49,5.83,4.89,0.85,-3.28,1.37,0.41,0.63,0.54,0,-0.0,neutral,neutral,0,-0.387,32,10112,0,
s34985,STBLUSDT,1789007400000,val,1,5.06,0.448,5.52,4.97,2.11,4.77,2.32,2.54,3.97,3.42,0,0.3,neutral,alcista,0,-0.761,32,10113,2,
s34986,STBLUSDT,1789008300000,val,1,4.96,0.444,5.28,4.84,2.29,4.4,2.67,2.54,3.97,3.42,0,0.56,neutral,alcista,0,-1.0,19,10114,3,
s34987,APEUSDT,1789011000000,testA,-1,-2.25,0.372,3.6,3.24,0.9,-2.45,0.84,2.05,1.87,1.46,1,0.2,neutral,bajista,0,0.533,32,10116,3,
s34988,STXUSDT,1789011900000,testA,-1,-2.23,0.415,3.47,2.32,0.35,-2.27,0.45,0.86,0.71,0.87,0,0.04,neutral,bajista,0,0.129,32,10117,2,
s34989,APEUSDT,1789011900000,testA,-1,-2.25,0.372,3.59,3.09,0.98,-2.29,0.82,2.05,1.87,1.46,1,0.04,neutral,neutral,0,0.721,32,10117,0,
s34990,APEUSDT,1789012800000,testA,-1,-2.18,0.365,3.09,2.59,0.89,-2.28,0.76,1.44,1.72,1.46,0,0.1,neutral,neutral,0,0.722,32,10118,0,
s34991,ARUSDT,1789013700000,testA,-1,-2.16,0.353,2.83,2.61,0.65,-2.24,0.88,0.4,0.43,0.44,0,0.08,neutral,neutral,0,0.437,32,10119,1,
s34992,APEUSDT,1789013700000,testA,-1,-2.18,0.365,2.59,2.23,0.58,-2.26,0.79,1.44,1.72,1.46,0,0.08,neutral,neutral,0,0.806,32,10119,1,
s34993,WLDUSDT,1789015500000,val,1,2.19,0.426,4.22,3.35,0.47,1.89,0.59,0.86,0.96,1.17,0,0.31,neutral,neutral,0,-1.0,32,10122,0,
s34994,ARBUSDT,1789015500000,val,1,2.39,0.383,4.3,3.97,0.53,2.09,1.28,0.39,0.4,0.54,0,0.31,neutral,alcista,0,-0.554,32,10122,3,
s34995,PENDLEUSDT,1789015500000,val,1,3.29,0.485,4.0,3.81,1.89,2.99,1.69,0.94,0.87,0.95,0,0.31,neutral,neutral,0,-1.0,32,10122,1,
s34996,WLDUSDT,1789016400000,val,1,2.43,0.452,4.2,3.84,0.61,2.26,1.03,0.82,0.93,1.14,0,0.18,neutral,neutral,0,-1.0,31,10123,1,
s34997,ARBUSDT,1789016400000,val,1,2.67,0.409,4.77,4.4,0.79,2.49,1.59,0.39,0.37,0.55,0,0.18,neutral,alcista,0,-0.664,32,10123,4,
s34998,PENDLEUSDT,1789016400000,val,1,3.74,0.518,4.65,4.62,2.25,3.56,2.33,1.02,0.91,0.97,0,0.18,neutral,alcista,0,-1.0,31,10123,2,
s34999,WLDUSDT,1789017300000,val,1,2.82,0.559,4.21,3.65,0.57,2.42,0.84,0.82,0.93,1.14,0,0.4,neutral,neutral,0,-1.0,30,10124,0,
s35000,ARBUSDT,1789017300000,val,1,3.26,0.542,4.79,3.96,0.81,2.86,1.09,0.39,0.37,0.55,0,0.4,neutral,neutral,0,-0.457,32,10124,0,
s35001,TIAUSDT,1789017300000,val,1,2.27,0.521,3.23,3.03,0.91,1.87,0.87,0.49,0.76,0.83,0,0.4,neutral,neutral,0,-1.0,30,10124,0,
s35002,PENDLEUSDT,1789017300000,val,1,4.02,0.575,4.66,4.53,2.14,3.62,2.09,1.02,0.91,0.97,0,0.4,neutral,neutral,0,-1.0,30,10124,0,
s35003,WLDUSDT,1789018200000,val,1,3.22,0.644,3.82,3.43,0.53,2.9,0.99,0.82,0.93,1.14,0,0.32,neutral,neutral,0,-1.0,29,10125,1,
s35004,ARBUSDT,1789018200000,val,1,3.8,0.626,5.1,4.22,1.45,3.48,1.25,0.39,0.37,0.55,0,0.32,neutral,neutral,0,-0.407,32,10125,1,
s35005,TIAUSDT,1789018200000,val,1,2.6,0.642,2.97,2.66,1.04,2.28,0.78,0.49,0.76,0.83,0,0.32,neutral,neutral,0,-1.0,29,10125,0,
s35006,PENDLEUSDT,1789018200000,val,1,3.94,0.553,4.61,4.06,1.29,3.62,1.56,1.02,0.91,0.97,0,0.32,neutral,neutral,0,-1.0,29,10125,0,
s35007,WLDUSDT,1789019100000,val,1,2.94,0.604,3.41,2.95,0.59,2.38,0.79,0.82,0.93,1.14,0,0.57,neutral,neutral,0,-1.0,28,10126,0,
s35008,ARBUSDT,1789019100000,val,1,3.82,0.63,4.85,3.98,1.59,3.26,1.11,0.39,0.37,0.55,0,0.57,neutral,neutral,0,-1.0,28,10126,0,
s35009,INJUSDT,1789019100000,val,1,2.48,0.4,3.22,2.84,0.6,1.91,0.59,0.73,0.68,0.84,0,0.57,neutral,alcista,0,-1.0,28,10126,2,
s35010,TIAUSDT,1789019100000,val,1,2.29,0.614,2.95,2.66,1.19,1.73,0.72,0.49,0.76,0.83,0,0.57,neutral,neutral,0,-1.0,28,10126,1,
s35011,PENDLEUSDT,1789019100000,val,1,3.69,0.528,4.26,3.66,1.12,3.12,1.3,1.02,0.91,0.97,0,0.57,neutral,neutral,0,-1.0,27,10126,0,
s35012,ARBUSDT,1789020000000,val,1,2.87,0.408,4.91,2.94,1.4,2.53,0.17,0.33,0.37,0.53,0,0.34,neutral,neutral,0,-1.0,27,10127,0,
s35013,PENDLEUSDT,1789020000000,val,1,2.73,0.396,3.97,2.93,0.65,2.39,0.83,0.91,0.91,0.97,0,0.34,neutral,neutral,0,-1.0,26,10127,0,
s35014,XPLUSDT,1789020900000,val,1,2.04,0.407,2.53,2.03,1.32,1.79,0.76,0.54,1.0,0.92,0,0.24,neutral,neutral,0,-1.0,13,10128,1,
s35015,0GUSDT,1789020900000,val,1,3.14,0.509,3.36,3.1,1.17,2.9,1.08,0.51,0.63,0.22,0,0.24,neutral,neutral,0,-1.0,25,10128,1,
s35016,ARBUSDT,1789020900000,val,1,2.72,0.397,4.24,2.67,1.52,2.48,0.54,0.33,0.37,0.53,0,0.24,neutral,neutral,0,-1.0,26,10128,1,
s35017,PENDLEUSDT,1789020900000,val,1,2.58,0.365,3.89,2.51,0.54,2.34,0.49,0.91,0.91,0.97,0,0.24,neutral,neutral,0,-1.0,25,10128,0,
s35018,STXUSDT,1789020900000,testA,1,2.15,0.576,2.69,2.18,1.39,1.9,0.66,0.56,0.68,0.85,0,0.24,neutral,neutral,0,-1.0,17,10127,0,
s35019,PUMPUSDT,1789023600000,val,-1,-3.22,0.504,4.61,4.11,0.97,-3.0,1.62,0.98,1.56,1.94,0,-0.22,neutral,neutral,0,0.669,32,10131,1,
s35020,PUMPUSDT,1789024500000,val,-1,-3.5,0.524,5.15,4.82,1.15,-3.02,2.13,0.98,1.56,1.94,0,-0.48,neutral,bajista,0,0.684,32,10132,2,
s35021,APEUSDT,1789024500000,testA,-1,-2.08,0.527,2.05,2.05,1.22,-1.6,1.37,1.21,1.63,1.57,0,-0.48,neutral,bajista,0,0.786,32,10131,2,
s35022,PUMPUSDT,1789025400000,val,-1,-4.03,0.558,6.25,5.84,1.8,-3.57,2.79,0.98,1.56,1.94,0,-0.46,neutral,bajista,0,0.316,32,10133,3,
s35023,PUMPUSDT,1789026300000,val,-1,-3.6,0.497,6.24,5.6,1.84,-3.31,2.42,0.98,1.56,1.94,0,-0.29,neutral,neutral,0,0.301,32,10134,0,
s35024,PUMPUSDT,1789027200000,val,-1,-3.74,0.533,6.2,4.98,1.35,-3.4,1.62,0.9,1.2,1.94,0,-0.35,neutral,neutral,0,0.48,32,10135,0,
s35025,PUMPUSDT,1789028100000,val,-1,-3.11,0.425,5.03,3.34,1.19,-2.83,0.98,0.9,1.2,1.94,0,-0.28,neutral,neutral,0,1.106,32,10136,0,
s35026,PUMPUSDT,1789029000000,val,-1,-3.26,0.436,4.87,3.37,0.67,-2.97,1.04,0.9,1.2,1.94,0,-0.3,neutral,neutral,0,0.82,32,10137,1,
s35027,STBLUSDT,1789029000000,val,-1,-4.23,0.406,6.57,5.11,0.61,-3.93,1.1,3.84,3.27,4.58,0,-0.3,neutral,neutral,0,0.857,32,10137,1,
s35028,PUMPUSDT,1789029900000,val,-1,-2.8,0.385,4.58,2.96,0.6,-2.42,0.93,0.9,1.2,1.94,0,-0.39,neutral,neutral,0,1.128,32,10138,0,
s35029,ARBUSDT,1789030800000,val,-1,-2.45,0.396,3.61,3.22,0.7,-2.04,1.0,0.26,0.34,0.5,0,-0.41,neutral,bajista,0,-1.0,20,10139,3,
s35030,SEIUSDT,1789030800000,val,-1,-2.12,0.526,2.36,2.21,0.84,-1.71,0.83,0.77,0.97,1.2,0,-0.41,neutral,neutral,0,1.471,32,10139,0,
s35031,JUPUSDT,1789030800000,val,-1,-2.52,0.371,3.33,2.72,0.96,-2.11,0.76,0.53,0.64,0.9,0,-0.41,neutral,neutral,0,0.839,32,10139,0,
s35032,PENDLEUSDT,1789030800000,val,-1,-2.58,0.542,3.13,2.68,0.52,-2.17,0.69,0.73,0.83,0.94,0,-0.41,neutral,neutral,0,-0.23,32,10139,0,
s35033,FETUSDT,1789030800000,val,-1,-2.52,0.473,2.82,2.7,0.56,-2.11,1.0,0.68,0.73,0.95,0,-0.41,neutral,bajista,0,0.822,32,10138,3,
s35034,PENDLEUSDT,1789031700000,val,-1,-2.42,0.508,3.1,2.57,0.53,-2.07,0.48,0.73,0.83,0.94,0,-0.34,neutral,neutral,0,-0.702,32,10140,0,
s35035,FETUSDT,1789031700000,val,-1,-2.58,0.478,3.07,2.89,0.63,-2.23,1.05,0.68,0.73,0.95,0,-0.34,neutral,bajista,0,0.604,32,10139,4,
s35036,ASTERUSDT,1789032600000,val,-1,-2.32,0.601,2.63,2.43,1.33,-1.74,1.02,0.43,0.56,0.62,0,-0.58,neutral,neutral,0,0.301,32,10141,1,
s35037,STBLUSDT,1789032600000,val,-1,-3.71,0.406,6.26,4.24,0.71,-3.13,0.52,4.13,3.23,4.64,0,-0.58,neutral,neutral,0,1.018,32,10141,1,
s35038,WLDUSDT,1789032600000,val,-1,-2.26,0.409,3.04,2.43,0.73,-1.67,1.03,0.47,0.81,1.05,0,-0.58,neutral,neutral,0,0.182,32,10141,1,
s35039,ARBUSDT,1789032600000,val,-1,-2.32,0.383,3.08,2.75,0.75,-1.73,0.95,0.26,0.34,0.5,0,-0.58,neutral,neutral,0,-1.0,18,10141,1,
s35040,INJUSDT,1789032600000,val,-1,-2.44,0.402,2.85,2.82,1.69,-1.85,1.1,0.46,0.67,0.79,0,-0.58,neutral,neutral,0,0.095,32,10141,1,
s35041,SEIUSDT,1789032600000,val,-1,-2.15,0.529,2.48,2.24,0.79,-1.56,1.06,0.77,0.97,1.2,0,-0.58,neutral,neutral,0,1.291,32,10141,1,
s35042,JUPUSDT,1789032600000,val,-1,-2.96,0.439,3.62,3.49,0.92,-2.37,1.24,0.53,0.64,0.9,0,-0.58,neutral,bajista,0,0.278,32,10141,2,
s35043,PENDLEUSDT,1789032600000,val,-1,-2.69,0.534,3.02,2.91,0.62,-2.11,1.19,0.73,0.83,0.94,0,-0.58,neutral,neutral,0,-0.906,32,10141,1,
s35044,FETUSDT,1789032600000,val,-1,-2.76,0.495,3.44,3.14,0.8,-2.17,1.24,0.68,0.73,0.95,0,-0.58,neutral,bajista,0,0.231,32,10140,5,
s35045,APEUSDT,1789032600000,testA,-1,-2.02,0.452,2.57,2.13,0.8,-1.43,0.94,1.13,1.6,1.59,0,-0.58,neutral,neutral,0,0.379,32,10140,1,
s35046,ASTERUSDT,1789033500000,val,-1,-2.29,0.594,2.61,2.4,1.63,-1.61,0.93,0.43,0.56,0.62,0,-0.69,neutral,neutral,0,0.363,32,10142,0,
s35047,XPLUSDT,1789033500000,val,-1,-2.58,0.401,3.44,3.19,1.1,-1.89,1.23,0.58,0.76,0.89,0,-0.69,neutral,bajista,0,0.283,32,10142,2,
s35048,STBLUSDT,1789033500000,val,-1,-3.19,0.368,5.48,3.79,0.76,-2.5,0.78,4.13,3.23,4.64,0,-0.69,neutral,bajista,0,1.111,32,10142,2,
s35049,WLDUSDT,1789033500000,val,-1,-2.07,0.371,2.87,2.13,0.89,-1.38,0.89,0.47,0.81,1.05,0,-0.69,neutral,neutral,0,0.333,32,10142,0,
s35050,INJUSDT,1789033500000,val,-1,-2.38,0.39,2.91,2.56,1.68,-1.7,0.93,0.46,0.67,0.79,0,-0.69,neutral,neutral,0,0.072,32,10142,0,
s35051,SEIUSDT,1789033500000,val,-1,-2.11,0.524,2.31,2.17,0.85,-1.42,1.1,0.77,0.97,1.2,0,-0.69,neutral,bajista,0,0.94,32,10142,2,
s35052,JUPUSDT,1789033500000,val,-1,-2.99,0.449,3.61,3.35,0.87,-2.31,1.13,0.53,0.64,0.9,0,-0.69,neutral,neutral,0,0.421,32,10142,0,
s35053,PENDLEUSDT,1789033500000,val,-1,-2.46,0.476,2.9,2.6,0.63,-1.77,1.03,0.73,0.83,0.94,0,-0.69,neutral,neutral,0,-1.0,32,10142,0,
s35054,ONDOUSDT,1789033500000,val,-1,-2.08,0.46,2.36,2.16,0.96,-1.4,0.87,0.64,0.86,1.05,0,-0.69,neutral,bajista,0,0.395,32,10141,2,
s35055,FETUSDT,1789033500000,val,-1,-2.87,0.527,3.38,3.08,0.94,-2.19,1.22,0.68,0.73,0.95,0,-0.69,neutral,neutral,0,0.275,32,10141,0,
s35056,FETUSDT,1789034400000,val,-1,-2.07,0.422,3.13,2.71,1.06,-1.66,0.98,0.78,0.66,0.95,0,-0.41,neutral,neutral,0,0.689,32,10142,0,
s35057,FETUSDT,1789036200000,val,-1,-2.19,0.493,3.81,3.09,1.08,-1.93,1.1,0.78,0.66,0.95,0,-0.26,neutral,neutral,0,0.255,32,10144,0,
s35058,XPLUSDT,1789037100000,val,-1,-2.66,0.499,3.06,2.73,0.61,-1.96,0.84,0.6,0.6,0.88,0,-0.7,neutral,neutral,0,0.316,32,10146,1,
s35059,TIAUSDT,1789037100000,val,-1,-2.03,0.394,2.36,2.07,0.98,-1.32,0.52,0.39,0.47,0.74,0,-0.7,neutral,neutral,0,-0.308,32,10146,1,
s35060,PENDLEUSDT,1789037100000,val,-1,-2.2,0.491,2.41,2.26,0.84,-1.5,0.74,0.52,0.73,0.88,0,-0.7,neutral,neutral,0,-1.0,26,10146,1,
s35061,FETUSDT,1789037100000,val,-1,-3.24,0.733,3.53,3.35,1.14,-2.53,1.38,0.78,0.66,0.95,0,-0.7,neutral,neutral,0,-0.127,32,10145,1,
s35062,ARUSDT,1789037100000,testA,-1,-2.63,0.48,3.0,2.74,1.22,-1.93,0.89,0.3,0.35,0.42,0,-0.7,neutral,neutral,0,-0.219,32,10145,1,
s35063,STXUSDT,1789037100000,testA,-1,-2.46,0.615,2.86,2.6,1.02,-1.76,0.93,0.47,0.61,0.76,0,-0.7,neutral,neutral,0,0.406,32,10145,1,
s35064,APEUSDT,1789037100000,testA,-1,-2.09,0.527,2.43,2.14,0.66,-1.39,0.75,1.14,1.31,1.59,0,-0.7,neutral,neutral,0,0.276,32,10145,1,
s35065,FETUSDT,1789038000000,val,-1,-2.13,0.5,3.03,2.24,1.14,-1.77,0.75,0.82,0.69,0.94,0,-0.36,neutral,neutral,0,0.135,32,10146,0,
s35066,STXUSDT,1789038000000,testA,-1,-2.03,0.567,2.6,2.11,1.37,-1.67,0.88,0.45,0.57,0.75,0,-0.36,neutral,neutral,0,0.625,32,10146,0,
s35067,STBLUSDT,1789043400000,val,-1,-3.53,0.374,6.81,6.13,1.97,-2.29,2.75,3.19,3.4,4.34,0,-1.24,neutral,bajista,0,-0.006,32,10153,4,
s35068,STBLUSDT,1789044300000,val,-1,-4.66,0.488,8.38,6.85,2.52,-3.11,3.14,3.19,3.4,4.34,0,-1.55,neutral,bajista,0,-0.105,32,10154,5,
s35069,SEIUSDT,1789044300000,val,-1,-2.38,0.55,3.24,2.62,3.63,-0.83,1.89,1.3,0.98,1.23,0,-1.55,neutral,bajista,0,0.322,32,10154,2,
s35070,PENDLEUSDT,1789044300000,val,-1,-3.26,0.542,4.1,3.73,4.46,-1.71,2.68,0.73,0.82,0.9,0,-1.55,neutral,bajista,0,-1.0,10,10154,3,
s35071,STXUSDT,1789044300000,testA,-1,-2.02,0.474,3.29,2.45,3.71,-0.47,1.78,0.65,0.6,0.76,0,-1.55,neutral,bajista,0,-0.031,32,10153,3,
s35072,GRTUSDT,1789044300000,testA,-1,-2.4,0.537,4.07,2.85,5,-0.84,1.77,0.64,0.5,0.6,0,-1.55,neutral,bajista,0,-1.0,11,10153,2,
s35073,ASTERUSDT,1789045200000,val,-1,-2.01,0.471,2.83,2.55,3.58,-0.32,1.47,0.74,0.57,0.67,0,-1.69,neutral,bajista,0,-0.268,32,10155,7,
s35074,STBLUSDT,1789045200000,val,-1,-6.03,0.633,8.44,7.67,2.82,-4.34,3.59,2.85,3.42,4.19,0,-1.69,neutral,bajista,0,-0.195,32,10155,6,
s35075,ENAUSDT,1789045200000,val,-1,-2.48,0.473,5.34,3.32,5,-0.79,1.79,1.0,0.75,0.85,0,-1.69,neutral,bajista,0,0.058,32,10155,3,
s35076,SUIUSDT,1789045200000,val,-1,-2.33,0.436,3.4,2.51,3.21,-0.63,1.6,1.04,0.82,1.07,0,-1.69,neutral,bajista,0,0.362,32,10155,3,
s35077,SEIUSDT,1789045200000,val,-1,-2.27,0.512,3.21,2.43,3.74,-0.58,1.59,1.26,0.98,1.22,0,-1.69,neutral,neutral,0,0.382,32,10155,0,
s35078,PENDLEUSDT,1789045200000,val,-1,-2.9,0.456,4.08,3.2,4.73,-1.21,2.0,0.82,0.82,0.89,0,-1.69,neutral,neutral,0,-1.0,9,10155,0,
s35079,GRTUSDT,1789045200000,testA,-1,-2.23,0.482,4.06,2.56,5,-0.54,1.4,0.73,0.52,0.61,0,-1.69,neutral,neutral,0,-1.0,10,10154,0,
s35080,STBLUSDT,1789046100000,val,-1,-5.68,0.577,8.4,7.11,1.93,-4.04,2.76,2.85,3.42,4.19,0,-1.64,neutral,neutral,0,-0.147,32,10156,0,
s35081,0GUSDT,1789046100000,val,-1,-2.12,0.357,3.79,2.11,3.86,-0.48,0.9,0.45,0.43,0.34,1,-1.64,neutral,neutral,0,-0.333,32,10156,1,
s35082,ENAUSDT,1789046100000,val,-1,-2.23,0.405,5.32,2.97,5,-0.59,1.28,1.0,0.75,0.85,0,-1.64,neutral,neutral,0,0.184,32,10156,0,
s35083,SUIUSDT,1789046100000,val,-1,-2.13,0.385,3.35,2.23,3.52,-0.49,1.21,1.04,0.82,1.07,0,-1.64,neutral,neutral,0,0.533,32,10156,0,
s35084,STBLUSDT,1789047000000,val,-1,-5.08,0.547,7.16,5.99,1.03,-3.76,2.68,2.85,3.42,4.19,0,-1.32,neutral,neutral,0,-0.188,32,10157,1,
s35085,STBLUSDT,1789047900000,val,-1,-4.87,0.536,6.89,5.84,0.55,-3.81,2.63,2.85,3.42,4.19,0,-1.06,neutral,bajista,0,-0.186,32,10158,2,
s35086,STBLUSDT,1789048800000,val,-1,-5.29,0.618,6.76,5.55,0.41,-4.13,2.26,2.38,3.23,3.89,0,-1.16,neutral,neutral,0,-0.174,32,10159,0,
s35087,STBLUSDT,1789049700000,val,-1,-3.84,0.446,6.38,4.43,0.43,-2.93,1.27,2.38,3.23,3.89,0,-0.91,neutral,neutral,0,-0.036,32,10160,0,
s35088,STBLUSDT,1789050600000,val,-1,-3.89,0.449,6.34,4.85,0.34,-2.98,1.53,2.38,3.23,3.89,0,-0.91,neutral,neutral,0,-0.025,32,10161,1,
s35089,STBLUSDT,1789051500000,val,-1,-3.82,0.44,6.33,4.81,0.29,-3.22,1.44,2.38,3.23,3.89,0,-0.59,neutral,neutral,0,0.042,32,10162,0,
s35090,ARBUSDT,1789051500000,val,1,2.88,0.397,5.32,4.24,1.64,3.47,1.43,0.46,0.36,0.49,0,-0.59,neutral,neutral,0,-1.0,31,10162,0,
s35091,INJUSDT,1789051500000,val,-1,-2.57,0.368,4.5,4.28,0.72,-1.98,1.76,0.98,0.69,0.77,0,-0.59,neutral,bajista,0,-0.42,32,10162,4,
s35092,STBLUSDT,1789052400000,val,-1,-3.83,0.44,6.35,5.1,0.25,-3.07,1.45,1.97,3.15,3.58,0,-0.76,neutral,neutral,0,0.181,32,10163,1,
s35093,ARBUSDT,1789052400000,val,1,2.7,0.362,5.33,4.0,0.92,3.45,1.1,0.49,0.37,0.43,0,-0.76,neutral,neutral,0,-1.0,30,10163,0,
s35094,INJUSDT,1789052400000,val,-1,-3.05,0.462,5.21,4.37,0.92,-2.3,1.7,0.98,0.72,0.73,0,-0.76,neutral,bajista,0,-0.349,32,10163,5,
s35095,SUIUSDT,1789052400000,val,-1,-2.33,0.497,4.15,2.83,1.08,-1.58,1.0,1.25,0.92,0.98,0,-0.76,neutral,bajista,0,0.943,32,10163,2,
s35096,ASTERUSDT,1789053300000,val,-1,-2.06,0.497,3.02,2.21,0.5,-0.9,0.68,0.75,0.59,0.59,0,-1.16,neutral,neutral,0,0.226,32,10164,1,
s35097,PUMPUSDT,1789053300000,val,-1,-5.41,0.537,5.8,5.77,0.55,-4.25,2.61,1.19,1.04,1.7,0,-1.16,neutral,bajista,0,0.595,32,10164,4,
s35098,WLDUSDT,1789053300000,val,-1,-2.21,0.448,4.17,2.48,0.5,-1.05,0.8,0.71,0.59,0.83,0,-1.16,neutral,neutral,0,0.55,32,10164,1,
s35099,OPUSDT,1789053300000,val,-1,-2.82,0.458,4.38,3.52,0.44,-1.66,1.36,1.04,0.77,0.73,1,-1.16,neutral,bajista,0,0.42,32,10164,3,
s35100,INJUSDT,1789053300000,val,-1,-4.17,0.65,5.23,4.91,0.81,-3.01,2.03,0.98,0.72,0.73,0,-1.16,neutral,bajista,0,-0.46,32,10164,6,
s35101,SUIUSDT,1789053300000,val,-1,-3.02,0.636,4.16,3.23,0.59,-1.86,1.27,1.25,0.92,0.98,0,-1.16,neutral,bajista,0,0.579,32,10164,3,
s35102,SEIUSDT,1789053300000,val,-1,-2.29,0.495,3.21,2.5,0.32,-1.13,0.87,1.22,0.99,1.08,0,-1.16,neutral,bajista,0,0.796,32,10164,4,
s35103,FETUSDT,1789053300000,val,-1,-2.05,0.395,3.01,2.27,0.44,-0.89,0.92,0.93,0.81,0.82,0,-1.16,neutral,bajista,0,0.027,32,10163,3,
s35104,SANDUSDT,1789053300000,testA,-1,-2.9,0.512,4.95,3.24,0.32,-1.74,1.01,2.04,1.59,1.6,0,-1.16,neutral,neutral,0,0.395,32,10163,1,
s35105,ASTERUSDT,1789054200000,val,-1,-2.02,0.492,2.83,2.08,0.52,-1.01,0.65,0.75,0.59,0.59,0,-1.01,neutral,bajista,0,0.137,32,10165,2,
s35106,PUMPUSDT,1789054200000,val,-1,-4.25,0.427,5.19,4.65,0.54,-3.23,1.81,1.19,1.04,1.7,0,-1.01,neutral,neutral,0,1.039,32,10165,0,
s35107,STBLUSDT,1789054200000,val,-1,-3.65,0.446,6.22,4.1,0.2,-2.63,0.38,1.97,3.15,3.58,0,-1.01,neutral,neutral,0,0.282,32,10165,0,
s35108,OPUSDT,1789054200000,val,-1,-2.51,0.389,4.26,2.83,0.5,-1.49,0.7,1.04,0.77,0.73,1,-1.01,neutral,neutral,0,0.717,32,10165,0,
s35109,INJUSDT,1789054200000,val,-1,-3.78,0.577,4.7,4.1,0.7,-2.77,1.55,0.98,0.72,0.73,0,-1.01,neutral,neutral,0,-0.573,32,10165,0,
s35110,SUIUSDT,1789054200000,val,-1,-2.45,0.518,4.14,2.93,0.55,-1.44,0.85,1.25,0.92,0.98,0,-1.01,neutral,neutral,0,0.697,32,10165,0,
s35111,SEIUSDT,1789054200000,val,-1,-2.12,0.458,3.21,2.41,0.32,-1.11,0.68,1.22,0.99,1.08,0,-1.01,neutral,neutral,0,0.798,32,10165,0,
s35112,SANDUSDT,1789054200000,testA,-1,-2.52,0.419,4.65,2.58,0.3,-1.5,0.53,2.04,1.59,1.6,0,-1.01,neutral,neutral,0,0.571,32,10164,0,
s35113,INJUSDT,1789055100000,val,-1,-2.75,0.45,4.69,3.8,0.53,-1.98,1.2,0.98,0.72,0.73,0,-0.77,neutral,neutral,0,-0.441,32,10166,0,
s35114,SUIUSDT,1789055100000,val,-1,-2.07,0.471,4.14,2.92,0.7,-1.3,0.83,1.25,0.92,0.98,0,-0.77,neutral,neutral,0,0.783,32,10166,0,
s35115,PUMPUSDT,1789056000000,val,-1,-3.59,0.366,4.76,3.96,0.59,-2.5,1.41,1.25,1.05,1.63,0,-1.09,neutral,neutral,0,0.941,32,10167,1,
s35116,STBLUSDT,1789056000000,val,-1,-2.81,0.36,4.33,2.93,0.38,-1.72,0.9,2.04,2.95,3.43,0,-1.09,neutral,neutral,0,-0.014,32,10167,1,
s35117,OPUSDT,1789056000000,val,-1,-2.8,0.421,4.28,3.28,0.53,-1.7,1.07,1.13,0.83,0.72,1,-1.09,neutral,neutral,0,0.382,32,10167,1,
s35118,INJUSDT,1789056000000,val,-1,-4.03,0.609,4.94,4.79,0.38,-2.94,2.02,1.11,0.79,0.74,1,-1.09,neutral,neutral,0,-0.599,32,10167,1,
s35119,SUIUSDT,1789056000000,val,-1,-2.84,0.593,4.16,3.54,0.73,-1.75,1.34,1.32,0.98,0.96,1,-1.09,neutral,neutral,0,0.263,32,10167,1,
s35120,SEIUSDT,1789056000000,val,-1,-2.88,0.532,3.41,3.36,0.83,-1.78,1.84,1.47,1.14,1.1,1,-1.09,neutral,bajista,0,0.127,32,10167,2,
s35121,LDOUSDT,1789056000000,testA,-1,-2.12,0.367,3.62,2.63,0.81,-1.03,1.3,1.2,0.89,0.85,1,-1.09,neutral,bajista,0,-1.0,8,10166,2,
s35122,SANDUSDT,1789056000000,testA,-1,-2.4,0.398,4.29,2.97,0.48,-1.31,1.3,2.03,1.72,1.59,1,-1.09,neutral,neutral,0,-0.029,32,10166,1,
s35123,ASTERUSDT,1789056900000,val,-1,-2.44,0.474,3.02,2.87,0.91,-1.3,1.83,0.86,0.66,0.61,1,-1.14,neutral,bajista,0,-0.508,32,10168,2,
s35124,STBLUSDT,1789056900000,val,-1,-2.91,0.366,3.69,3.37,0.6,-1.78,1.93,2.04,2.95,3.43,0,-1.14,neutral,bajista,0,-0.193,32,10168,2,
s35125,0GUSDT,1789056900000,val,-1,-2.32,0.355,3.03,2.92,0.98,-1.18,1.74,0.58,0.47,0.38,1,-1.14,neutral,bajista,0,-1.0,5,10168,3,
s35126,OPUSDT,1789056900000,val,-1,-3.44,0.472,4.31,4.0,0.63,-2.3,1.63,1.13,0.83,0.72,1,-1.14,neutral,bajista,0,0.047,32,10168,2,
s35127,INJUSDT,1789056900000,val,-1,-4.1,0.613,5.44,5.0,0.57,-2.96,2.0,1.11,0.79,0.74,1,-1.14,neutral,bajista,0,-0.734,32,10168,2,
s35128,SUIUSDT,1789056900000,val,-1,-3.58,0.702,4.43,4.12,0.87,-2.44,1.67,1.32,0.98,0.96,1,-1.14,neutral,bajista,0,0.102,32,10168,2,
s35129,TIAUSDT,1789056900000,val,-1,-2.76,0.371,4.38,3.3,0.97,-1.62,1.75,1.06,0.72,0.73,0,-1.14,neutral,bajista,0,-0.311,32,10168,3,
s35130,SEIUSDT,1789056900000,val,-1,-3.37,0.581,4.08,3.85,1.19,-2.24,2.08,1.47,1.14,1.1,1,-1.14,neutral,bajista,0,-0.041,32,10168,3,
s35131,JUPUSDT,1789056900000,val,-1,-2.64,0.353,3.79,3.3,1.05,-1.5,1.87,0.89,0.71,0.78,0,-1.14,neutral,bajista,0,-1.0,19,10168,2,
s35132,ONDOUSDT,1789056900000,val,-1,-2.27,0.5,3.0,2.85,0.71,-1.14,1.56,1.61,1.13,1.05,1,-1.14,neutral,bajista,0,-0.204,32,10167,3,
s35133,FETUSDT,1789056900000,val,-1,-2.66,0.423,3.29,3.17,0.72,-1.52,1.72,0.94,0.86,0.8,1,-1.14,neutral,bajista,0,-1.0,18,10167,2,
s35134,LDOUSDT,1789056900000,testA,-1,-2.42,0.405,3.63,2.89,0.88,-1.28,1.46,1.2,0.89,0.85,1,-1.14,neutral,bajista,0,-1.0,7,10167,3,
s35135,SANDUSDT,1789056900000,testA,-1,-2.98,0.476,4.3,3.41,0.68,-1.84,1.56,2.03,1.72,1.59,1,-1.14,neutral,bajista,0,-0.353,32,10167,2,
s35136,APEUSDT,1789056900000,testA,-1,-2.2,0.395,2.92,2.62,0.85,-1.06,1.16,1.65,1.41,1.59,0,-1.14,neutral,bajista,0,0.343,32,10167,2,
s35137,WLDUSDT,1789057800000,val,-1,-2.37,0.447,3.55,2.5,0.79,-2.24,1.03,0.77,0.61,0.79,0,-0.13,neutral,neutral,0,0.14,32,10169,0,
s35138,INJUSDT,1789057800000,val,-1,-2.4,0.39,4.79,3.77,0.61,-2.28,1.18,1.11,0.79,0.74,1,-0.13,neutral,neutral,0,-1.0,9,10169,0,
s35139,SUIUSDT,1789057800000,val,-1,-2.47,0.533,3.39,2.6,0.91,-2.35,1.17,1.32,0.98,0.96,1,-0.13,neutral,neutral,0,0.474,32,10169,0,
s35140,SEIUSDT,1789057800000,val,-1,-2.21,0.37,3.27,2.37,1.31,-2.08,1.2,1.47,1.14,1.1,1,-0.13,neutral,neutral,0,0.245,32,10169,0,
s35141,SANDUSDT,1789057800000,testA,-1,-2.19,0.375,3.38,2.32,0.82,-2.06,1.11,2.03,1.72,1.59,1,-0.13,neutral,neutral,0,-0.346,32,10168,0,
s35142,PENDLEUSDT,1789058700000,val,1,4.18,0.489,4.25,4.07,0.62,3.77,1.29,1.23,0.88,0.87,1,0.41,neutral,alcista,0,-0.341,32,10170,2,
s35143,PENDLEUSDT,1789059600000,val,1,3.62,0.451,3.7,3.5,0.5,3.17,1.15,1.28,0.87,0.89,0,0.46,neutral,neutral,0,-0.301,32,10171,0,
s35144,PENDLEUSDT,1789060500000,val,1,3.95,0.475,4.6,4.56,0.72,3.43,2.38,1.28,0.87,0.89,0,0.52,neutral,neutral,0,-0.421,32,10172,1,
s35145,PENDLEUSDT,1789061400000,val,1,3.83,0.468,4.73,4.67,0.82,3.27,2.47,1.28,0.87,0.89,0,0.56,neutral,alcista,0,-0.349,32,10173,2,
s35146,PENDLEUSDT,1789062300000,val,1,4.23,0.493,5.12,5.04,0.83,4.02,2.52,1.28,0.87,0.89,0,0.21,neutral,alcista,0,-0.331,32,10174,3,
s35147,PENDLEUSDT,1789063200000,val,1,4.01,0.455,5.15,4.58,1.13,4.11,1.71,1.1,0.91,0.91,0,-0.1,neutral,neutral,0,-0.263,32,10175,0,
s35148,PENDLEUSDT,1789064100000,val,1,4.28,0.471,4.85,4.74,0.99,4.54,2.06,1.1,0.91,0.91,0,-0.26,neutral,neutral,0,-0.601,32,10176,1,
s35149,XPLUSDT,1789065000000,val,-1,-2.9,0.568,4.9,3.69,0.39,-2.74,0.82,0.75,0.77,0.88,0,-0.16,neutral,neutral,0,0.337,32,10177,0,
s35150,PENDLEUSDT,1789065000000,val,1,3.45,0.363,4.88,4.16,0.88,3.61,1.3,1.1,0.91,0.91,0,-0.16,neutral,neutral,0,-0.364,32,10177,0,
s35151,ENAUSDT,1789065900000,val,-1,-2.12,0.368,3.19,2.17,0.58,-1.92,0.32,0.85,0.86,0.72,0,-0.2,neutral,neutral,0,0.453,32,10178,0,
s35152,INJUSDT,1789065900000,val,1,3.05,0.36,4.77,4.52,0.58,3.24,1.84,0.88,0.81,0.75,1,-0.2,neutral,neutral,0,-0.368,32,10178,1,
s35153,PENDLEUSDT,1789065900000,val,1,4.08,0.432,4.87,4.4,0.82,4.28,1.44,1.1,0.91,0.91,0,-0.2,neutral,neutral,0,-0.358,32,10178,1,
s35154,ENAUSDT,1789066800000,val,-1,-2.38,0.393,3.2,3.05,0.6,-2.16,1.59,0.72,0.86,0.72,0,-0.21,neutral,neutral,0,-0.135,32,10179,1,
s35155,INJUSDT,1789067700000,val,1,3.17,0.369,4.79,4.05,0.72,3.05,1.15,0.74,0.82,0.75,0,0.12,neutral,neutral,0,-0.173,32,10180,1,
s35156,ENAUSDT,1789068600000,val,-1,-2.71,0.498,3.33,2.96,0.93,-2.76,1.64,0.72,0.86,0.72,0,0.05,neutral,neutral,0,-0.175,32,10181,1,
s35157,INJUSDT,1789068600000,val,1,3.16,0.369,4.78,4.31,0.67,3.11,1.38,0.74,0.82,0.75,0,0.05,neutral,alcista,0,-0.135,32,10181,2,
s35158,ENAUSDT,1789069500000,val,-1,-3.12,0.533,3.83,3.57,1.21,-3.0,1.88,0.72,0.86,0.72,0,-0.12,neutral,bajista,0,-0.423,32,10182,2,
s35159,GRTUSDT,1789069500000,testA,-1,-2.65,0.412,3.28,3.0,0.54,-2.53,0.76,0.59,0.67,0.59,0,-0.12,neutral,bajista,0,0.741,32,10181,2,
s35160,INJUSDT,1789070400000,val,1,3.16,0.367,4.81,3.69,0.85,2.72,0.69,0.69,0.84,0.75,0,0.44,neutral,neutral,0,0.245,32,10183,1,
s35161,INJUSDT,1789071300000,val,1,4.09,0.447,4.71,4.28,1.02,3.63,1.21,0.69,0.84,0.75,0,0.46,neutral,alcista,0,0.039,32,10184,2,
s35162,TIAUSDT,1789071300000,val,1,2.24,0.35,3.57,3.12,0.47,1.78,0.43,0.69,0.76,0.71,0,0.46,neutral,neutral,0,-0.39,32,10184,0,
s35163,JUPUSDT,1789071300000,val,1,2.8,0.425,3.73,3.65,0.85,2.34,1.16,0.6,0.68,0.71,0,0.46,neutral,alcista,0,1.205,32,10184,2,
s35164,PENDLEUSDT,1789071300000,val,1,2.72,0.382,3.87,3.05,0.95,2.26,0.42,1.07,0.96,0.9,1,0.46,neutral,alcista,0,-1.0,14,10184,2,
s35165,FETUSDT,1789071300000,val,1,2.73,0.407,3.14,3.08,0.87,2.27,0.78,0.57,0.77,0.76,0,0.46,neutral,alcista,0,0.529,32,10183,2,
s35166,LDOUSDT,1789071300000,testA,1,2.45,0.389,3.63,2.82,0.55,1.99,0.48,0.89,0.98,0.87,0,0.46,neutral,alcista,0,0.324,32,10183,2,
s35167,SANDUSDT,1789071300000,testA,1,2.18,0.469,2.75,2.64,0.78,1.72,0.79,0.99,1.57,1.58,0,0.46,neutral,alcista,0,-1.0,11,10183,2,
s35168,MANAUSDT,1789071300000,testA,1,2.14,0.355,2.52,2.23,0.96,1.68,0.59,0.69,0.84,0.91,0,0.46,neutral,alcista,0,-1.0,11,10183,2,
s35169,JUPUSDT,1789072200000,val,1,2.76,0.415,3.12,2.95,1.07,2.43,0.97,0.6,0.68,0.71,0,0.33,neutral,neutral,0,1.537,32,10185,0,
s35170,FETUSDT,1789072200000,val,1,2.66,0.402,2.53,2.53,0.8,2.33,1.02,0.57,0.77,0.76,0,0.33,neutral,alcista,0,-1.0,10,10184,3,
s35171,JUPUSDT,1789073100000,val,1,2.25,0.357,2.64,2.38,1.37,2.17,0.95,0.6,0.68,0.71,0,0.08,neutral,neutral,1,2.0,30,10186,0,
s35172,JUPUSDT,1789074000000,val,1,2.73,0.404,3.27,3.05,1.85,2.65,1.76,0.64,0.7,0.68,0,0.09,neutral,neutral,0,1.386,32,10187,1,
s35173,JUPUSDT,1789077600000,val,1,2.43,0.36,3.95,2.46,1.18,2.26,0.7,0.49,0.69,0.63,0,0.17,neutral,neutral,1,2.0,28,10191,1,
s35174,ARBUSDT,1789079400000,val,-1,-4.78,0.539,6.0,5.34,2.98,-4.38,3.24,0.31,0.43,0.37,0,-0.4,neutral,bajista,0,-0.232,32,10193,2,
s35175,STXUSDT,1789079400000,testA,-1,-2.4,0.759,2.81,2.65,4.3,-1.99,1.74,0.44,0.68,0.63,0,-0.4,neutral,bajista,0,0.221,32,10192,8,
s35176,XPLUSDT,1789080300000,val,-1,-2.08,0.419,2.98,2.78,1.22,-1.53,1.44,0.43,0.71,0.65,0,-0.56,neutral,bajista,0,-1.0,25,10194,3,
s35177,PUMPUSDT,1789080300000,val,-1,-4.25,0.545,6.05,5.65,1.71,-3.69,2.55,0.71,0.98,0.96,0,-0.56,neutral,bajista,0,-0.252,32,10194,2,
s35178,ARBUSDT,1789080300000,val,-1,-5.07,0.56,5.75,5.34,3.51,-4.51,3.05,0.31,0.43,0.37,0,-0.56,neutral,bajista,0,-0.312,32,10194,3,
s35179,TIAUSDT,1789080300000,val,-1,-2.08,0.491,2.26,2.1,0.71,-1.53,0.77,0.44,0.75,0.6,0,-0.56,neutral,bajista,0,0.09,32,10194,2,
s35180,PENDLEUSDT,1789080300000,val,-1,-2.32,0.498,2.45,2.37,0.78,-1.77,1.19,0.71,0.97,0.85,0,-0.56,neutral,bajista,0,-0.554,32,10194,2,
s35181,ARUSDT,1789080300000,testA,-1,-2.5,0.496,2.6,2.56,1.17,-1.94,1.36,0.23,0.48,0.4,0,-0.56,neutral,bajista,0,-1.0,30,10193,3,
s35182,STXUSDT,1789080300000,testA,-1,-2.97,0.796,3.18,3.06,5,-2.41,2.08,0.44,0.68,0.63,0,-0.56,neutral,bajista,0,-0.064,32,10193,8,
s35183,GRTUSDT,1789080300000,testA,-1,-2.09,0.487,2.13,2.13,0.67,-1.53,1.1,0.35,0.63,0.5,0,-0.56,neutral,bajista,0,0.105,32,10193,3,
s35184,APEUSDT,1789080300000,testA,-1,-2.23,0.517,2.96,2.81,2.38,-1.67,1.61,0.47,1.07,1.21,0,-0.56,neutral,bajista,0,-0.162,32,10193,4,
s35185,XPLUSDT,1789081200000,val,-1,-2.68,0.508,3.45,3.27,1.45,-1.82,1.74,0.42,0.71,0.64,0,-0.87,neutral,bajista,0,-1.0,24,10195,4,
s35186,PUMPUSDT,1789081200000,val,-1,-6.37,0.739,7.59,7.29,3.3,-5.5,3.71,1.01,1.13,1.03,0,-0.87,neutral,bajista,0,-0.442,32,10195,3,
s35187,STBLUSDT,1789081200000,val,-1,-2.14,0.614,2.68,2.43,1.75,-1.28,1.46,0.61,1.25,2.22,0,-0.87,neutral,bajista,0,-0.883,32,10195,3,
s35188,0GUSDT,1789081200000,val,-1,-2.69,0.472,3.88,3.77,1.64,-1.83,2.21,0.33,0.46,0.4,0,-0.87,neutral,bajista,0,-1.0,22,10195,8,
s35189,WLDUSDT,1789081200000,val,-1,-2.01,0.433,2.43,2.38,1.84,-1.14,1.48,0.32,0.55,0.6,0,-0.87,neutral,neutral,0,-1.0,28,10195,1,
s35190,ARBUSDT,1789081200000,val,-1,-4.18,0.509,5.46,5.28,4.15,-3.32,3.01,0.34,0.45,0.38,0,-0.87,neutral,bajista,0,-1.0,22,10195,4,
s35191,OPUSDT,1789081200000,val,-1,-2.25,0.509,3.1,2.75,2.89,-1.38,1.75,0.48,0.85,0.7,0,-0.87,neutral,bajista,0,-0.628,32,10195,8,
s35192,TIAUSDT,1789081200000,val,-1,-2.41,0.526,3.01,2.9,1.29,-1.54,1.45,0.4,0.77,0.59,0,-0.87,neutral,bajista,0,-0.252,32,10195,3,
s35193,PENDLEUSDT,1789081200000,val,-1,-2.42,0.507,3.0,2.92,0.95,-1.55,1.66,0.67,0.97,0.86,0,-0.87,neutral,bajista,0,-0.628,32,10195,3,
s35194,ARUSDT,1789081200000,testA,-1,-2.41,0.485,3.39,3.27,1.99,-1.54,1.9,0.25,0.48,0.4,0,-0.87,neutral,bajista,0,-1.0,29,10194,4,
s35195,STXUSDT,1789081200000,testA,-1,-3.13,0.804,3.78,3.51,3.8,-2.26,2.29,0.51,0.71,0.62,0,-0.87,neutral,bajista,0,-0.281,32,10194,8,
s35196,GRTUSDT,1789081200000,testA,-1,-2.32,0.512,2.94,2.94,0.93,-1.45,1.77,0.31,0.64,0.51,0,-0.87,neutral,bajista,0,-0.269,32,10194,4,
s35197,LDOUSDT,1789081200000,testA,-1,-2.2,0.539,2.82,2.77,1.0,-1.33,1.17,0.57,0.93,0.78,0,-0.87,neutral,neutral,0,-1.0,21,10194,1,
s35198,SANDUSDT,1789081200000,testA,-1,-2.15,0.409,3.35,2.97,1.73,-1.28,1.65,0.77,1.39,1.35,0,-0.87,neutral,neutral,0,-1.0,20,10194,1,
s35199,MANAUSDT,1789081200000,testA,-1,-3.07,0.602,3.89,3.66,3.56,-2.21,2.35,0.87,0.92,0.86,0,-0.87,neutral,bajista,0,-0.561,32,10194,4,
s35200,APEUSDT,1789081200000,testA,-1,-2.38,0.533,3.43,3.28,4.44,-1.51,1.91,0.62,1.14,1.22,0,-0.87,neutral,bajista,0,-0.256,32,10194,5,
s35201,XPLUSDT,1789082100000,val,-1,-2.22,0.386,3.43,2.7,1.82,-1.61,1.08,0.42,0.71,0.64,0,-0.61,neutral,neutral,0,-1.0,23,10196,0,
s35202,PUMPUSDT,1789082100000,val,-1,-5.45,0.627,7.34,5.95,5,-4.84,2.96,1.01,1.13,1.03,0,-0.61,neutral,neutral,0,-0.425,32,10196,0,
s35203,0GUSDT,1789082100000,val,-1,-3.42,0.696,4.04,3.65,2.69,-2.81,1.92,0.33,0.46,0.4,0,-0.61,neutral,neutral,0,-1.0,21,10196,0,
s35204,ARBUSDT,1789082100000,val,-1,-4.29,0.534,5.19,4.55,4.82,-3.68,2.39,0.34,0.45,0.38,0,-0.61,neutral,neutral,0,-1.0,21,10196,0,
s35205,PENDLEUSDT,1789082100000,val,-1,-2.25,0.478,3.05,2.86,1.16,-1.64,1.38,0.67,0.97,0.86,0,-0.61,neutral,neutral,0,-0.621,32,10196,0,
s35206,STXUSDT,1789082100000,testA,-1,-3.28,0.86,3.79,3.55,3.58,-2.67,2.12,0.51,0.71,0.62,0,-0.61,neutral,neutral,0,-0.278,32,10195,0,
s35207,GRTUSDT,1789082100000,testA,-1,-2.04,0.425,3.44,2.59,2.04,-1.43,1.31,0.31,0.64,0.51,0,-0.61,neutral,neutral,0,-0.239,32,10195,0,
s35208,SANDUSDT,1789082100000,testA,-1,-2.03,0.379,3.34,2.83,2.14,-1.42,1.41,0.77,1.39,1.35,0,-0.61,neutral,neutral,0,-1.0,19,10195,0,
s35209,MANAUSDT,1789082100000,testA,-1,-2.37,0.425,3.86,3.04,4.05,-1.76,1.64,0.87,0.92,0.86,0,-0.61,neutral,neutral,0,-0.502,32,10195,0,
s35210,APEUSDT,1789082100000,testA,-1,-2.23,0.484,3.58,3.12,5,-1.62,1.62,0.62,1.14,1.22,0,-0.61,neutral,neutral,0,-0.244,32,10195,0,
s35211,PUMPUSDT,1789083000000,val,-1,-6.2,0.657,7.49,6.94,5,-5.56,3.73,1.01,1.13,1.03,0,-0.64,neutral,neutral,0,-0.36,32,10197,1,
s35212,0GUSDT,1789083000000,val,-1,-2.52,0.516,3.74,2.92,3.06,-1.88,1.42,0.33,0.46,0.4,0,-0.64,neutral,neutral,0,-1.0,19,10197,0,
s35213,ARBUSDT,1789083000000,val,-1,-5.51,0.595,6.22,5.92,1.29,-4.87,3.45,0.34,0.45,0.38,0,-0.64,neutral,neutral,0,-1.0,20,10197,1,
s35214,PENDLEUSDT,1789083000000,val,-1,-2.04,0.453,3.1,2.97,1.23,-1.4,1.38,0.67,0.97,0.86,0,-0.64,neutral,neutral,0,-0.531,32,10197,1,
s35215,STXUSDT,1789083000000,testA,-1,-2.9,0.76,3.78,3.35,2.01,-2.27,1.74,0.51,0.71,0.62,0,-0.64,neutral,neutral,0,-0.153,32,10196,0,
s35216,MANAUSDT,1789083000000,testA,-1,-2.29,0.407,3.85,2.73,3.75,-1.65,1.26,0.87,0.92,0.86,0,-0.64,neutral,neutral,0,-0.375,32,10196,0,
s35217,APEUSDT,1789083000000,testA,-1,-2.37,0.533,3.57,2.89,5,-1.73,1.3,0.62,1.14,1.22,0,-0.64,neutral,neutral,0,-0.132,32,10196,0,
s35218,XPLUSDT,1789083900000,val,-1,-2.23,0.366,3.44,2.95,1.38,-1.47,1.24,0.42,0.71,0.64,0,-0.77,neutral,neutral,0,-1.0,21,10198,1,
s35219,PUMPUSDT,1789083900000,val,-1,-5.54,0.611,7.92,6.79,3.77,-4.77,3.35,1.01,1.13,1.03,0,-0.77,neutral,neutral,0,-0.202,32,10198,0,
s35220,0GUSDT,1789083900000,val,-1,-2.53,0.516,3.76,3.37,2.61,-1.76,1.63,0.33,0.46,0.4,0,-0.77,neutral,neutral,0,-1.0,18,10198,1,
s35221,ARBUSDT,1789083900000,val,-1,-5.21,0.579,6.76,6.51,1.3,-4.44,3.47,0.34,0.45,0.38,0,-0.77,neutral,bajista,0,-1.0,19,10198,2,
s35222,PENDLEUSDT,1789083900000,val,-1,-2.4,0.492,3.67,3.48,1.45,-1.63,1.62,0.67,0.97,0.86,0,-0.77,neutral,bajista,0,-0.606,32,10198,2,
s35223,STXUSDT,1789083900000,testA,-1,-3.21,0.778,3.83,3.79,1.62,-2.44,1.92,0.51,0.71,0.62,0,-0.77,neutral,neutral,0,-0.177,32,10197,1,
s35224,MANAUSDT,1789083900000,testA,-1,-2.06,0.381,3.86,2.93,3.98,-1.3,1.26,0.87,0.92,0.86,0,-0.77,neutral,neutral,0,-0.422,32,10197,1,
s35225,APEUSDT,1789083900000,testA,-1,-2.67,0.562,3.59,3.36,3.46,-1.9,1.54,0.62,1.14,1.22,0,-0.77,neutral,neutral,0,-0.182,32,10197,1,
s35226,PUMPUSDT,1789084800000,val,-1,-4.59,0.461,7.79,5.41,2.16,-3.94,1.84,1.04,0.99,1.02,0,-0.66,neutral,neutral,0,0.045,32,10199,0,
s35227,ARBUSDT,1789084800000,val,-1,-4.93,0.537,6.7,5.61,1.16,-4.28,2.47,0.35,0.41,0.36,0,-0.66,neutral,neutral,0,-1.0,18,10199,0,
s35228,PENDLEUSDT,1789084800000,val,-1,-2.63,0.573,3.65,3.06,1.12,-1.97,1.09,0.58,0.84,0.83,0,-0.66,neutral,neutral,0,-0.526,32,10199,0,
s35229,STXUSDT,1789084800000,testA,-1,-3.24,0.794,4.34,3.59,2.15,-2.59,1.58,0.7,0.7,0.63,1,-0.66,neutral,neutral,0,-0.033,32,10198,0,
s35230,APEUSDT,1789084800000,testA,-1,-2.07,0.389,3.55,2.42,1.31,-1.42,0.58,0.69,0.86,1.2,0,-0.66,neutral,neutral,0,0.219,32,10198,0,
s35231,PUMPUSDT,1789085700000,val,-1,-4.46,0.442,7.23,4.67,1.11,-3.9,1.49,1.04,0.99,1.02,0,-0.56,neutral,neutral,0,-0.11,32,10200,0,
s35232,ARBUSDT,1789085700000,val,-1,-4.23,0.45,6.67,5.11,1.12,-3.67,1.8,0.35,0.41,0.36,0,-0.56,neutral,neutral,0,-1.0,17,10200,0,
s35233,PENDLEUSDT,1789085700000,val,-1,-2.45,0.514,3.34,2.53,1.04,-1.89,0.75,0.58,0.84,0.83,0,-0.56,neutral,neutral,0,-0.637,32,10200,0,
s35234,STXUSDT,1789085700000,testA,-1,-3.55,0.809,4.16,3.76,2.01,-2.99,1.72,0.7,0.7,0.63,1,-0.56,neutral,neutral,0,-0.253,32,10199,1,
s35235,GRTUSDT,1789085700000,testA,-1,-2.2,0.5,3.44,2.54,1.29,-1.65,0.78,0.34,0.51,0.51,0,-0.56,neutral,neutral,0,-0.133,32,10199,0,
s35236,APEUSDT,1789085700000,testA,-1,-2.29,0.449,3.55,2.42,0.94,-1.73,0.58,0.69,0.86,1.2,0,-0.56,neutral,neutral,0,0.063,32,10199,0,
s35237,ARBUSDT,1789086600000,val,-1,-3.48,0.389,6.66,4.97,0.77,-2.79,1.39,0.35,0.41,0.36,0,-0.68,neutral,neutral,0,-1.0,16,10201,0,
s35238,PENDLEUSDT,1789086600000,val,-1,-2.05,0.468,3.19,2.71,1.06,-1.37,0.96,0.58,0.84,0.83,0,-0.68,neutral,neutral,0,-0.72,32,10201,1,
s35239,STXUSDT,1789086600000,testA,-1,-4.01,0.84,4.21,4.21,1.91,-3.32,1.94,0.7,0.7,0.63,1,-0.68,neutral,bajista,0,-0.415,32,10200,2,
s35240,GRTUSDT,1789086600000,testA,-1,-2.26,0.506,3.44,2.71,1.55,-1.58,0.8,0.34,0.51,0.51,0,-0.68,neutral,neutral,0,-0.25,32,10200,1,
s35241,APEUSDT,1789086600000,testA,-1,-2.0,0.415,3.11,2.2,0.96,-1.32,0.7,0.69,0.86,1.2,0,-0.68,neutral,neutral,0,0.034,32,10200,1,
s35242,PUMPUSDT,1789087500000,val,-1,-3.47,0.353,7.05,4.51,0.7,-3.01,1.24,1.04,0.99,1.02,0,-0.46,neutral,neutral,0,0.084,32,10202,1,
s35243,ARBUSDT,1789087500000,val,-1,-3.32,0.369,6.36,3.69,0.61,-2.86,0.44,0.35,0.41,0.36,0,-0.46,neutral,neutral,0,-1.0,15,10202,0,
s35244,STXUSDT,1789087500000,testA,-1,-4.2,0.846,4.99,4.51,2.12,-3.75,2.07,0.7,0.7,0.63,1,-0.46,neutral,bajista,0,-0.478,32,10201,3,
s35245,STXUSDT,1789088400000,testA,-1,-3.83,0.769,4.86,4.18,0.99,-3.38,1.69,0.77,0.66,0.63,1,-0.45,neutral,neutral,0,-0.39,32,10202,0,
s35246,PUMPUSDT,1789089300000,val,-1,-3.48,0.351,7.08,5.05,0.43,-2.94,1.39,0.98,0.93,0.99,0,-0.54,neutral,neutral,0,0.065,32,10204,1,
s35247,STXUSDT,1789089300000,testA,-1,-3.79,0.767,4.86,4.18,0.97,-3.25,1.54,0.77,0.66,0.63,1,-0.54,neutral,neutral,0,-0.371,32,10203,0,
s35248,APEUSDT,1789089300000,testA,-1,-2.16,0.408,2.89,2.28,0.56,-1.62,0.82,0.72,0.81,1.09,0,-0.54,neutral,neutral,0,-0.067,32,10203,1,
s35249,PUMPUSDT,1789090200000,val,-1,-3.86,0.374,7.13,5.68,0.41,-3.53,1.76,0.98,0.93,0.99,0,-0.33,neutral,bajista,0,0.077,32,10205,2,
s35250,STXUSDT,1789090200000,testA,-1,-3.45,0.672,4.84,3.89,0.94,-3.12,1.13,0.77,0.66,0.63,1,-0.33,neutral,neutral,0,-0.051,32,10204,0,
s35251,STXUSDT,1789091100000,testA,-1,-2.84,0.507,4.46,2.96,0.66,-2.62,0.5,0.77,0.66,0.63,1,-0.22,neutral,neutral,0,0.08,32,10205,0,
s35252,PUMPUSDT,1789092000000,val,-1,-4.19,0.392,7.14,5.88,0.36,-4.0,1.6,0.96,0.88,0.97,0,-0.2,neutral,neutral,0,-0.033,32,10207,1,
s35253,STXUSDT,1789092000000,testA,-1,-2.58,0.482,4.08,2.81,0.57,-2.39,0.66,0.84,0.64,0.62,1,-0.2,neutral,neutral,0,-0.155,32,10206,1,
s35254,PUMPUSDT,1789092900000,val,-1,-5.15,0.457,6.15,5.71,0.36,-4.82,2.15,0.96,0.88,0.97,0,-0.33,neutral,bajista,0,-0.126,32,10208,2,
s35255,STXUSDT,1789092900000,testA,-1,-2.09,0.403,3.67,2.25,0.52,-1.76,0.44,0.84,0.64,0.62,1,-0.33,neutral,neutral,0,-0.105,32,10207,0,
s35256,PUMPUSDT,1789093800000,val,-1,-4.64,0.429,5.36,5.14,0.29,-4.66,2.11,0.96,0.88,0.97,0,0.02,neutral,bajista,0,-0.194,32,10209,3,
s35257,0GUSDT,1789095600000,val,1,2.49,0.354,2.81,2.7,0.91,1.99,0.88,0.44,0.4,0.39,1,0.5,neutral,alcista,1,2.0,29,10211,2,
s35258,ARBUSDT,1789097400000,val,1,3.95,0.574,5.03,4.58,0.95,3.81,1.82,0.36,0.31,0.34,0,0.15,neutral,alcista,0,-1.0,30,10213,5,
s35259,0GUSDT,1789098300000,val,1,2.71,0.419,3.12,2.8,1.41,2.29,1.25,0.44,0.4,0.39,1,0.42,neutral,alcista,1,2.0,28,10214,2,
s35260,ENAUSDT,1789098300000,val,1,2.17,0.428,2.3,2.2,0.78,1.75,0.89,0.44,0.48,0.65,0,0.42,neutral,alcista,0,-1.0,27,10214,2,
s35261,ARBUSDT,1789098300000,val,1,4.46,0.691,4.82,4.29,1.09,4.03,1.6,0.36,0.31,0.34,0,0.42,neutral,neutral,0,-1.0,27,10214,0,
s35262,JUPUSDT,1789098300000,val,1,2.94,0.384,3.64,2.9,1.34,2.52,1.24,0.65,0.65,0.66,0,0.42,neutral,neutral,0,-1.0,29,10214,0,
s35263,PENDLEUSDT,1789098300000,val,1,2.32,0.377,2.59,2.36,0.86,1.89,0.89,0.61,0.7,0.82,0,0.42,neutral,neutral,0,-0.408,32,10214,0,
s35264,FETUSDT,1789098300000,val,1,3.02,0.441,3.06,3.06,0.89,2.6,1.6,0.49,0.51,0.66,0,0.42,neutral,neutral,0,-1.0,29,10213,1,
s35265,SANDUSDT,1789098300000,testA,1,2.01,0.385,2.34,2.28,0.58,1.59,1.09,0.97,0.93,1.27,0,0.42,neutral,alcista,0,-1.0,29,10213,2,
s35266,AXSUSDT,1789098300000,testA,1,2.23,0.481,2.23,2.18,1.27,1.8,1.09,0.85,0.82,1.11,0,0.42,neutral,alcista,0,-0.414,32,10213,6,
s35267,ARBUSDT,1789099200000,val,1,3.71,0.653,4.0,3.6,1.18,3.5,1.51,0.27,0.29,0.34,0,0.21,neutral,neutral,0,-1.0,25,10215,1,
s35268,JUPUSDT,1789099200000,val,1,2.64,0.361,3.85,3.42,1.88,2.43,2.12,0.96,0.73,0.73,0,0.21,neutral,neutral,0,-1.0,28,10215,1,
s35269,0GUSDT,1789100100000,val,1,2.13,0.364,2.99,2.89,1.36,1.7,1.57,0.47,0.37,0.39,0,0.43,neutral,alcista,1,2.0,30,10216,4,
s35270,ARBUSDT,1789100100000,val,1,4.06,0.674,4.38,4.29,1.03,3.64,2.31,0.27,0.29,0.34,0,0.43,neutral,alcista,0,-1.0,24,10216,2,
s35271,JUPUSDT,1789100100000,val,1,4.58,0.52,5.22,5.01,2.53,4.15,3.45,0.96,0.73,0.73,0,0.43,neutral,alcista,0,-1.0,27,10216,2,
s35272,FETUSDT,1789100100000,val,1,2.25,0.374,3.33,3.03,1.35,1.83,1.87,0.55,0.49,0.68,0,0.43,neutral,alcista,0,-1.0,21,10215,3,
s35273,0GUSDT,1789101000000,val,1,2.63,0.471,3.21,2.99,0.84,2.2,1.58,0.47,0.37,0.39,0,0.43,neutral,alcista,1,2.0,29,10217,5,
s35274,ARBUSDT,1789101000000,val,1,4.72,0.707,5.38,4.56,1.0,4.29,2.87,0.27,0.29,0.34,0,0.43,neutral,alcista,0,-1.0,20,10217,3,
s35275,JUPUSDT,1789101000000,val,1,5.27,0.636,5.6,5.05,2.85,4.84,3.27,0.96,0.73,0.73,0,0.43,neutral,neutral,0,-1.0,26,10217,0,
s35276,FETUSDT,1789101000000,val,1,2.32,0.388,3.52,2.69,1.58,1.89,1.44,0.55,0.49,0.68,0,0.43,neutral,neutral,0,-1.0,20,10216,0,
s35277,ARBUSDT,1789101900000,val,1,3.06,0.489,5.33,3.9,1.06,2.8,1.91,0.27,0.29,0.34,0,0.25,neutral,neutral,0,-1.0,19,10218,0,
s35278,JUPUSDT,1789101900000,val,1,3.94,0.563,5.47,4.88,2.82,3.68,2.71,0.96,0.73,0.73,0,0.25,neutral,neutral,0,-1.0,19,10218,0,
s35279,XPLUSDT,1789102800000,val,1,2.04,0.437,3.79,2.91,1.46,1.73,1.14,0.45,0.43,0.62,0,0.31,neutral,neutral,0,-1.0,23,10219,0,
s35280,ARBUSDT,1789102800000,val,1,2.51,0.386,5.35,3.53,1.2,2.2,1.31,0.22,0.28,0.34,0,0.31,neutral,neutral,0,-1.0,18,10219,0,
s35281,JUPUSDT,1789102800000,val,1,3.96,0.565,5.53,5.4,2.2,3.65,2.98,1.04,0.78,0.76,1,0.31,neutral,neutral,0,-1.0,18,10219,1,
s35282,FETUSDT,1789102800000,val,1,2.2,0.391,3.53,2.57,1.29,1.89,0.9,0.54,0.49,0.68,0,0.31,neutral,neutral,0,-1.0,18,10218,1,
s35283,STXUSDT,1789102800000,testA,1,2.07,0.531,2.5,2.26,1.22,1.76,0.89,0.72,0.61,0.63,0,0.31,neutral,neutral,0,-1.0,24,10218,1,
s35284,XPLUSDT,1789103700000,val,1,2.53,0.599,3.79,2.79,1.28,2.16,1.04,0.45,0.43,0.62,0,0.37,neutral,neutral,0,-1.0,22,10220,0,
s35285,0GUSDT,1789103700000,val,1,2.19,0.476,3.22,2.52,0.54,1.82,0.72,0.42,0.36,0.37,0,0.37,neutral,neutral,1,2.0,20,10220,0,
s35286,JUPUSDT,1789103700000,val,1,3.15,0.4,5.61,4.03,1.56,2.78,1.45,1.04,0.78,0.76,1,0.37,neutral,neutral,0,-1.0,17,10220,0,
s35287,FETUSDT,1789103700000,val,1,2.7,0.489,3.52,2.74,1.06,2.33,1.03,0.54,0.49,0.68,0,0.37,neutral,alcista,0,-1.0,17,10219,2,
s35288,XPLUSDT,1789104600000,val,1,2.28,0.575,3.56,2.63,1.13,1.89,0.96,0.45,0.43,0.62,0,0.39,neutral,neutral,0,-1.0,21,10221,1,
s35289,FETUSDT,1789104600000,val,1,2.2,0.4,3.53,2.51,0.9,1.81,0.68,0.54,0.49,0.68,0,0.39,neutral,neutral,0,-1.0,16,10220,0,
s35290,XPLUSDT,1789105500000,val,1,2.52,0.599,3.54,2.94,1.11,2.16,1.21,0.45,0.43,0.62,0,0.36,neutral,alcista,0,-1.0,20,10222,2,
s35291,JUPUSDT,1789105500000,val,1,2.9,0.363,5.63,3.58,1.02,2.54,0.58,1.04,0.78,0.76,1,0.36,neutral,neutral,0,-1.0,15,10222,0,
s35292,FETUSDT,1789105500000,val,1,2.07,0.386,3.52,2.63,0.93,1.72,0.76,0.54,0.49,0.68,0,0.36,neutral,neutral,0,-1.0,15,10221,1,
s35293,XPLUSDT,1789106400000,val,1,2.67,0.613,3.53,3.27,0.76,2.13,1.48,0.42,0.43,0.6,0,0.54,neutral,alcista,0,-1.0,19,10223,3,
s35294,PUMPUSDT,1789106400000,val,1,3.17,0.358,5.59,5.2,1.02,2.64,1.6,0.59,0.82,0.93,0,0.54,neutral,neutral,0,-1.0,25,10223,0,
s35295,JUPUSDT,1789106400000,val,1,2.81,0.352,5.63,3.54,0.77,2.27,0.57,1.05,0.82,0.76,1,0.54,neutral,neutral,0,-1.0,14,10223,0,
s35296,XPLUSDT,1789107300000,val,1,2.32,0.491,3.49,2.42,0.83,1.72,0.57,0.42,0.43,0.6,0,0.6,neutral,neutral,0,-1.0,18,10224,0,
s35297,PUMPUSDT,1789107300000,val,1,4.16,0.505,5.59,5.32,1.02,3.56,1.65,0.59,0.82,0.93,0,0.6,neutral,neutral,0,-1.0,24,10224,1,
s35298,JUPUSDT,1789107300000,val,1,3.97,0.489,5.52,4.03,0.57,3.37,1.05,1.05,0.82,0.76,1,0.6,neutral,neutral,0,-1.0,13,10224,1,
s35299,ARUSDT,1789107300000,testA,1,2.53,0.532,3.32,2.87,1.16,1.92,1.21,0.49,0.38,0.44,0,0.6,neutral,alcista,0,-1.0,25,10223,2,
s35300,PUMPUSDT,1789108200000,val,1,3.98,0.471,5.61,4.94,1.02,3.5,1.06,0.59,0.82,0.93,0,0.48,neutral,neutral,0,-1.0,23,10225,0,
s35301,ARUSDT,1789108200000,testA,1,2.48,0.528,3.54,2.98,2.55,2.0,1.21,0.49,0.38,0.44,0,0.48,neutral,alcista,0,-1.0,24,10224,3,
s35302,PUMPUSDT,1789109100000,val,1,4.86,0.589,5.62,5.22,1.01,4.28,1.32,0.59,0.82,0.93,0,0.59,neutral,neutral,0,-1.0,22,10226,1,
s35303,0GUSDT,1789109100000,val,1,2.78,0.451,5.03,3.07,5,2.19,1.6,0.72,0.49,0.42,1,0.59,neutral,neutral,0,0.724,32,10226,1,
s35304,ARUSDT,1789109100000,testA,1,3.98,0.65,4.78,4.34,3.43,3.39,2.41,0.49,0.38,0.44,0,0.59,neutral,alcista,0,-1.0,23,10225,4,
s35305,PUMPUSDT,1789110000000,val,1,3.99,0.543,5.19,4.76,0.76,3.44,1.44,0.61,0.8,0.9,0,0.55,neutral,alcista,0,-1.0,21,10227,2,
s35306,0GUSDT,1789110000000,val,1,2.97,0.47,4.98,4.04,5,2.42,2.43,0.93,0.59,0.46,1,0.55,neutral,alcista,0,0.481,32,10227,2,
s35307,ARUSDT,1789110000000,testA,1,4.2,0.663,4.81,4.33,3.37,3.66,2.41,0.54,0.4,0.45,0,0.55,neutral,alcista,0,-1.0,22,10226,5,
s35308,PUMPUSDT,1789110900000,val,1,4.17,0.579,5.19,4.61,0.76,3.5,1.19,0.61,0.8,0.9,0,0.67,neutral,neutral,0,-1.0,20,10228,0,
s35309,0GUSDT,1789110900000,val,1,3.89,0.545,5.36,4.84,5,3.23,2.98,0.93,0.59,0.46,1,0.67,neutral,alcista,0,0.344,32,10228,3,
s35310,ARUSDT,1789110900000,testA,1,3.82,0.595,4.6,3.9,2.99,3.15,1.95,0.54,0.4,0.45,0,0.67,neutral,neutral,0,-1.0,21,10227,0,
s35311,0GUSDT,1789111800000,val,1,4.1,0.559,4.77,4.2,5,3.61,2.96,0.93,0.59,0.46,1,0.5,neutral,alcista,0,0.407,32,10229,4,
s35312,ARUSDT,1789111800000,testA,1,2.53,0.438,4.32,3.28,1.34,2.04,1.46,0.54,0.4,0.45,0,0.5,neutral,neutral,0,-1.0,14,10228,0,
s35313,0GUSDT,1789112700000,val,1,3.55,0.485,4.78,3.95,1.74,3.13,2.32,0.93,0.59,0.46,1,0.43,neutral,neutral,0,0.171,32,10230,0,
s35314,ARUSDT,1789112700000,testA,1,2.78,0.497,4.26,2.85,0.7,2.35,0.99,0.54,0.4,0.45,0,0.43,neutral,neutral,0,-1.0,13,10229,0,
s35315,0GUSDT,1789113600000,val,1,4.03,0.517,4.75,4.55,1.58,3.77,2.67,1.21,0.75,0.52,1,0.27,neutral,neutral,0,0.182,32,10231,1,
s35316,JUPUSDT,1789114500000,val,-1,-2.61,0.419,3.5,3.37,0.77,-2.88,0.9,1.02,0.83,0.76,1,0.27,neutral,bajista,0,-1.0,17,10232,2,
s35317,ARBUSDT,1789115400000,val,-1,-2.72,0.438,3.71,2.88,1.02,-3.13,0.47,0.23,0.28,0.33,0,0.41,neutral,neutral,0,-1.0,21,10233,0,
s35318,JUPUSDT,1789115400000,val,-1,-2.31,0.355,3.49,3.01,0.89,-2.72,0.51,1.02,0.83,0.76,1,0.41,neutral,neutral,0,-1.0,16,10233,0,
s35319,ARUSDT,1789115400000,testA,1,2.37,0.401,3.45,2.79,0.83,1.96,1.38,0.62,0.44,0.46,0,0.41,neutral,alcista,0,-1.0,8,10232,2,
s35320,ARBUSDT,1789116300000,val,-1,-2.99,0.46,3.32,3.2,1.14,-3.31,1.25,0.23,0.28,0.33,0,0.32,neutral,neutral,0,-1.0,20,10234,1,
s35321,JUPUSDT,1789116300000,val,-1,-2.53,0.375,3.5,3.28,0.97,-2.85,0.85,1.02,0.83,0.76,1,0.32,neutral,neutral,0,-1.0,15,10234,1,
s35322,ENAUSDT,1789117200000,val,-1,-2.1,0.489,2.71,2.68,0.98,-2.27,1.25,0.5,0.46,0.65,0,0.17,neutral,bajista,0,-1.0,14,10235,2,
s35323,ARBUSDT,1789117200000,val,-1,-2.96,0.456,3.19,3.08,1.07,-3.13,1.55,0.23,0.29,0.33,0,0.17,neutral,bajista,0,-1.0,19,10235,2,
s35324,JUPUSDT,1789117200000,val,-1,-3.35,0.519,3.72,3.55,0.84,-3.52,1.27,1.02,0.84,0.78,1,0.17,neutral,bajista,0,-1.0,14,10235,2,
s35325,ARBUSDT,1789118100000,val,-1,-2.19,0.381,3.4,3.12,1.07,-2.24,1.55,0.23,0.29,0.33,0,0.06,neutral,bajista,0,-1.0,18,10236,3,
s35326,JUPUSDT,1789118100000,val,-1,-2.04,0.393,2.51,2.34,0.68,-2.09,1.23,1.02,0.84,0.78,1,0.06,neutral,bajista,0,-1.0,13,10236,3,
s35327,PUMPUSDT,1789119000000,val,-1,-2.8,0.402,4.2,4.06,0.84,-2.5,1.82,0.59,0.81,0.89,0,-0.3,neutral,bajista,0,-1.0,17,10237,5,
s35328,ENAUSDT,1789119000000,val,-1,-2.56,0.517,3.31,3.02,1.14,-2.26,1.34,0.5,0.46,0.65,0,-0.3,neutral,neutral,0,-1.0,12,10237,1,
s35329,ARBUSDT,1789119000000,val,-1,-3.14,0.516,4.08,3.84,1.39,-2.84,1.93,0.23,0.29,0.33,0,-0.3,neutral,bajista,0,-1.0,17,10237,4,
s35330,TIAUSDT,1789119000000,val,-1,-2.15,0.556,3.02,2.63,1.68,-1.85,1.32,0.42,0.41,0.59,0,-0.3,neutral,bajista,0,-1.0,17,10237,4,
s35331,JUPUSDT,1789119000000,val,-1,-3.24,0.507,4.5,4.05,1.21,-2.94,2.59,1.02,0.84,0.78,1,-0.3,neutral,bajista,0,-1.0,12,10237,4,
s35332,FETUSDT,1789119000000,val,-1,-2.33,0.506,3.0,2.69,0.99,-2.03,1.3,0.61,0.55,0.65,0,-0.3,neutral,bajista,0,-1.0,12,10236,3,
s35333,XPLUSDT,1789119900000,val,-1,-2.33,0.376,3.77,3.23,2.69,-2.04,1.77,0.55,0.5,0.6,0,-0.28,neutral,bajista,0,-1.0,16,10238,4,
s35334,PUMPUSDT,1789119900000,val,-1,-2.78,0.402,4.17,3.46,1.01,-2.5,1.21,0.59,0.81,0.89,0,-0.28,neutral,neutral,0,-1.0,16,10238,0,
s35335,0GUSDT,1789119900000,val,1,3.98,0.356,4.87,4.35,0.51,4.27,1.67,1.27,0.83,0.56,1,-0.28,neutral,neutral,0,-0.036,32,10238,1,
s35336,ENAUSDT,1789119900000,val,-1,-2.35,0.455,3.3,2.62,1.22,-2.07,0.9,0.5,0.46,0.65,0,-0.28,neutral,neutral,0,-1.0,11,10238,0,
s35337,ARBUSDT,1789119900000,val,-1,-3.46,0.604,4.01,3.59,1.23,-3.18,1.54,0.23,0.29,0.33,0,-0.28,neutral,neutral,0,-1.0,16,10238,0,
s35338,JUPUSDT,1789119900000,val,-1,-2.65,0.383,4.47,3.46,1.4,-2.36,1.91,1.02,0.84,0.78,1,-0.28,neutral,neutral,0,-1.0,11,10238,0,
s35339,FETUSDT,1789119900000,val,-1,-2.15,0.45,2.99,2.38,1.06,-1.87,0.9,0.61,0.55,0.65,0,-0.28,neutral,neutral,0,-1.0,11,10237,0,
s35340,PUMPUSDT,1789120800000,val,-1,-2.89,0.411,4.18,3.6,0.82,-2.48,1.18,0.54,0.75,0.88,0,-0.41,neutral,neutral,0,-1.0,15,10239,1,
s35341,STBLUSDT,1789120800000,val,1,2.65,0.524,3.45,3.01,1.46,3.07,1.16,0.98,0.83,1.09,0,-0.41,neutral,neutral,0,1.117,32,10239,1,
s35342,0GUSDT,1789120800000,val,1,4.3,0.374,5.3,4.89,0.66,4.71,2.04,1.57,0.99,0.63,1,-0.41,neutral,alcista,0,-0.284,32,10239,2,
s35343,ENAUSDT,1789120800000,val,-1,-2.22,0.439,3.3,2.61,1.04,-1.8,0.78,0.5,0.47,0.66,0,-0.41,neutral,neutral,0,-1.0,10,10239,0,
s35344,ARBUSDT,1789120800000,val,-1,-2.95,0.563,3.49,3.3,1.26,-2.53,1.49,0.23,0.25,0.33,0,-0.41,neutral,neutral,0,-1.0,15,10239,1,
s35345,ASTERUSDT,1789121700000,val,-1,-2.47,0.545,3.19,3.06,5,-2.16,2.0,0.55,0.45,0.5,0,-0.31,neutral,bajista,0,-1.0,14,10240,2,
s35346,PUMPUSDT,1789121700000,val,-1,-3.31,0.461,4.19,3.92,1.05,-3.0,1.37,0.54,0.75,0.88,0,-0.31,neutral,bajista,0,-1.0,14,10240,2,
s35347,STBLUSDT,1789121700000,val,1,3.43,0.669,3.47,3.39,1.99,3.74,1.39,0.98,0.83,1.09,0,-0.31,neutral,alcista,0,0.943,32,10240,2,
s35348,0GUSDT,1789121700000,val,1,5.3,0.476,5.65,5.14,0.65,5.61,2.12,1.57,0.99,0.63,1,-0.31,neutral,alcista,0,-0.29,32,10240,3,
s35349,ENAUSDT,1789121700000,val,-1,-2.31,0.449,2.59,2.39,1.09,-2.01,1.19,0.5,0.47,0.66,0,-0.31,neutral,neutral,0,-1.0,9,10240,1,
s35350,ARBUSDT,1789121700000,val,-1,-2.8,0.549,3.6,3.46,1.14,-2.49,1.8,0.23,0.25,0.33,0,-0.31,neutral,bajista,0,-1.0,14,10240,2,
s35351,JUPUSDT,1789121700000,val,-1,-3.39,0.488,4.35,3.56,1.32,-3.08,1.55,0.74,0.85,0.78,0,-0.31,neutral,neutral,0,-1.0,9,10240,1,
s35352,PUMPUSDT,1789122600000,val,-1,-2.87,0.419,4.27,3.86,0.97,-2.58,1.27,0.54,0.75,0.88,0,-0.29,neutral,neutral,0,-1.0,13,10241,0,
s35353,STBLUSDT,1789122600000,val,1,2.74,0.523,3.68,2.82,1.09,3.03,0.95,0.98,0.83,1.09,0,-0.29,neutral,neutral,0,1.278,32,10241,0,
s35354,0GUSDT,1789122600000,val,1,5.57,0.488,5.64,5.38,0.78,5.86,2.15,1.57,0.99,0.63,1,-0.29,neutral,alcista,0,-0.305,32,10241,4,
s35355,ENAUSDT,1789122600000,val,-1,-2.04,0.417,2.73,2.4,0.91,-1.75,1.3,0.5,0.47,0.66,0,-0.29,neutral,bajista,0,-1.0,8,10241,2,
s35356,ARBUSDT,1789122600000,val,-1,-2.71,0.54,4.44,3.78,1.07,-2.42,1.97,0.23,0.25,0.33,0,-0.29,neutral,bajista,0,-1.0,13,10241,3,
s35357,TIAUSDT,1789122600000,val,-1,-2.45,0.538,3.21,2.99,1.32,-2.16,1.64,0.49,0.45,0.6,0,-0.29,neutral,bajista,0,-1.0,13,10241,2,
s35358,JUPUSDT,1789122600000,val,-1,-2.49,0.408,3.83,3.3,0.77,-2.2,1.64,0.74,0.85,0.78,0,-0.29,neutral,bajista,0,-1.0,8,10241,2,
s35359,ASTERUSDT,1789123500000,val,-1,-3.25,0.599,4.4,4.01,5,-2.86,2.49,0.55,0.45,0.5,0,-0.39,neutral,neutral,0,-1.0,12,10242,1,
s35360,XPLUSDT,1789123500000,val,-1,-3.93,0.53,5.5,5.3,1.79,-3.53,3.07,0.65,0.55,0.63,0,-0.39,neutral,bajista,0,-1.0,12,10242,3,
s35361,PUMPUSDT,1789123500000,val,-1,-2.89,0.424,4.26,3.58,0.75,-2.5,0.9,0.54,0.75,0.88,0,-0.39,neutral,neutral,0,-1.0,12,10242,0,
s35362,STBLUSDT,1789123500000,val,1,2.56,0.508,3.75,2.7,1.74,2.96,1.1,0.98,0.83,1.09,0,-0.39,neutral,neutral,0,1.145,32,10242,1,
s35363,0GUSDT,1789123500000,val,1,3.44,0.376,4.05,3.43,1.05,3.84,1.9,1.57,0.99,0.63,1,-0.39,neutral,neutral,0,-1.0,7,10242,0,
s35364,ENAUSDT,1789123500000,val,-1,-2.41,0.494,2.7,2.56,0.87,-2.02,1.33,0.5,0.47,0.66,0,-0.39,neutral,bajista,0,-1.0,7,10242,3,
s35365,ARBUSDT,1789123500000,val,-1,-3.12,0.614,4.45,4.03,1.09,-2.72,1.9,0.23,0.25,0.33,0,-0.39,neutral,bajista,0,-1.0,12,10242,4,
s35366,INJUSDT,1789123500000,val,-1,-2.01,0.426,2.88,2.86,1.39,-1.62,1.46,0.48,0.46,0.64,0,-0.39,neutral,bajista,0,-1.0,12,10242,3,
s35367,TIAUSDT,1789123500000,val,-1,-2.48,0.548,3.21,2.99,1.47,-2.09,1.53,0.49,0.45,0.6,0,-0.39,neutral,bajista,0,-1.0,12,10242,3,
s35368,JUPUSDT,1789123500000,val,-1,-3.25,0.543,3.84,3.67,0.76,-2.86,1.79,0.74,0.85,0.78,0,-0.39,neutral,bajista,0,-1.0,7,10242,3,
s35369,ARUSDT,1789123500000,testA,-1,-2.98,0.479,3.98,3.79,0.96,-2.58,1.57,0.69,0.51,0.49,1,-0.39,neutral,bajista,0,-1.0,13,10241,6,
s35370,GRTUSDT,1789123500000,testA,-1,-2.3,0.471,3.05,2.99,1.94,-1.91,1.71,0.37,0.47,0.56,0,-0.39,neutral,bajista,0,-1.0,8,10241,3,
s35371,ASTERUSDT,1789124400000,val,-1,-4.47,0.775,5.07,4.87,5,-3.8,2.95,0.69,0.52,0.53,0,-0.67,neutral,bajista,0,-1.0,11,10243,2,
s35372,XPLUSDT,1789124400000,val,-1,-4.92,0.585,7.75,6.42,3.64,-4.25,3.61,0.9,0.67,0.7,0,-0.67,neutral,bajista,0,-1.0,11,10243,4,
s35373,PUMPUSDT,1789124400000,val,-1,-3.68,0.505,4.4,4.15,0.79,-3.01,1.42,0.55,0.59,0.87,0,-0.67,neutral,neutral,0,-1.0,11,10243,1,
s35374,WLDUSDT,1789124400000,val,-1,-2.34,0.439,3.36,2.93,1.56,-1.67,1.54,0.51,0.42,0.49,0,-0.67,neutral,bajista,0,-1.0,6,10243,4,
s35375,ENAUSDT,1789124400000,val,-1,-2.73,0.524,3.47,3.13,1.5,-2.05,1.65,0.56,0.49,0.66,0,-0.67,neutral,bajista,0,-1.0,6,10243,4,
s35376,ARBUSDT,1789124400000,val,-1,-4.58,0.772,5.7,5.31,2.02,-3.91,2.72,0.27,0.24,0.34,0,-0.67,neutral,bajista,0,-1.0,11,10243,5,
s35377,OPUSDT,1789124400000,val,-1,-2.82,0.621,3.87,3.57,3.24,-2.15,2.02,0.48,0.42,0.63,0,-0.67,neutral,bajista,0,-1.0,8,10243,4,
s35378,INJUSDT,1789124400000,val,-1,-2.55,0.494,3.44,3.37,1.14,-1.88,1.69,0.49,0.47,0.64,0,-0.67,neutral,bajista,0,-1.0,11,10243,4,
s35379,SUIUSDT,1789124400000,val,-1,-3.58,0.718,4.85,4.09,3.27,-2.91,2.45,0.83,0.69,0.82,0,-0.67,neutral,bajista,0,-1.0,11,10243,4,
s35380,TIAUSDT,1789124400000,val,-1,-3.12,0.637,4.22,3.53,2.09,-2.45,1.76,0.59,0.48,0.62,0,-0.67,neutral,bajista,0,-1.0,11,10243,4,
s35381,SEIUSDT,1789124400000,val,-1,-2.26,0.518,2.99,2.72,1.75,-1.58,1.33,1.05,0.84,0.91,0,-0.67,neutral,neutral,0,-1.0,11,10243,1,
s35382,JUPUSDT,1789124400000,val,-1,-3.98,0.592,5.12,4.5,0.93,-3.31,2.45,0.72,0.89,0.8,0,-0.67,neutral,bajista,0,-1.0,6,10243,4,
s35383,ONDOUSDT,1789124400000,val,-1,-2.05,0.529,2.5,2.44,1.4,-1.38,1.31,0.53,0.59,0.88,0,-0.67,neutral,bajista,0,-1.0,6,10242,4,
s35384,FETUSDT,1789124400000,val,-1,-2.53,0.6,3.4,3.03,1.41,-1.86,1.44,0.64,0.59,0.63,0,-0.67,neutral,bajista,0,-1.0,6,10242,4,
s35385,ARUSDT,1789124400000,testA,-1,-3.71,0.571,4.11,3.92,1.05,-3.03,1.94,0.67,0.5,0.48,1,-0.67,neutral,bajista,0,-1.0,11,10242,7,
s35386,STXUSDT,1789124400000,testA,-1,-2.34,0.448,2.88,2.64,1.19,-1.67,1.45,0.58,0.65,0.67,0,-0.67,neutral,bajista,0,-1.0,6,10242,4,
s35387,GRTUSDT,1789124400000,testA,-1,-2.86,0.56,3.93,3.41,2.66,-2.19,1.87,0.44,0.49,0.57,0,-0.67,neutral,bajista,0,-1.0,7,10242,4,
s35388,LDOUSDT,1789124400000,testA,-1,-2.32,0.518,3.89,3.31,2.54,-1.65,1.7,0.67,0.62,0.78,0,-0.67,neutral,bajista,0,-1.0,6,10242,4,
s35389,SANDUSDT,1789124400000,testA,-1,-2.2,0.591,2.65,2.33,1.78,-1.53,1.33,0.51,0.66,1.02,0,-0.67,neutral,bajista,0,-1.0,6,10242,4,
s35390,ASTERUSDT,1789125300000,val,-1,-4.39,0.754,4.98,4.61,3.76,-3.77,2.49,0.69,0.52,0.53,0,-0.62,neutral,neutral,0,-1.0,10,10244,0,
s35391,XPLUSDT,1789125300000,val,-1,-4.71,0.548,7.73,6.2,3.52,-4.08,3.04,0.9,0.67,0.7,0,-0.62,neutral,neutral,0,-1.0,10,10244,0,
s35392,PUMPUSDT,1789125300000,val,-1,-3.66,0.504,3.99,3.88,0.74,-3.03,1.36,0.55,0.59,0.87,0,-0.62,neutral,bajista,0,-1.0,5,10244,2,
s35393,WLDUSDT,1789125300000,val,-1,-2.06,0.369,3.07,2.18,1.56,-1.44,0.92,0.51,0.42,0.49,0,-0.62,neutral,neutral,0,-1.0,5,10244,0,
s35394,ENAUSDT,1789125300000,val,-1,-2.14,0.388,3.24,2.44,1.56,-1.52,1.02,0.56,0.49,0.66,0,-0.62,neutral,neutral,0,-1.0,5,10244,0,
s35395,ARBUSDT,1789125300000,val,-1,-4.12,0.651,5.13,4.3,2.23,-3.5,2.02,0.27,0.24,0.34,0,-0.62,neutral,neutral,0,-1.0,10,10244,0,
s35396,OPUSDT,1789125300000,val,-1,-2.49,0.513,3.85,3.04,2.68,-1.86,1.35,0.48,0.42,0.63,0,-0.62,neutral,neutral,0,-1.0,7,10244,0,
s35397,INJUSDT,1789125300000,val,-1,-2.69,0.538,3.45,3.3,1.1,-2.07,1.42,0.49,0.47,0.64,0,-0.62,neutral,neutral,0,-1.0,10,10244,0,
s35398,SUIUSDT,1789125300000,val,-1,-3.1,0.577,4.65,3.45,3.45,-2.47,1.8,0.83,0.69,0.82,0,-0.62,neutral,neutral,0,-1.0,10,10244,0,
s35399,TIAUSDT,1789125300000,val,-1,-2.61,0.503,3.85,2.74,2.32,-1.99,1.21,0.59,0.48,0.62,0,-0.62,neutral,neutral,0,-1.0,5,10244,0,
s35400,SEIUSDT,1789125300000,val,-1,-2.39,0.566,2.86,2.56,1.66,-1.76,1.15,1.05,0.84,0.91,0,-0.62,neutral,neutral,0,-1.0,6,10244,0,
s35401,JUPUSDT,1789125300000,val,-1,-3.3,0.456,5.05,3.81,0.94,-2.67,1.51,0.72,0.89,0.8,0,-0.62,neutral,neutral,0,-1.0,5,10244,0,
s35402,FETUSDT,1789125300000,val,-1,-2.35,0.534,3.14,2.46,1.28,-1.72,0.94,0.64,0.59,0.63,0,-0.62,neutral,neutral,0,-1.0,5,10243,0,
s35403,ARUSDT,1789125300000,testA,-1,-3.38,0.529,4.07,3.77,1.2,-2.76,1.67,0.67,0.5,0.48,1,-0.62,neutral,neutral,0,-1.0,10,10243,0,
s35404,GRTUSDT,1789125300000,testA,-1,-2.86,0.56,3.86,3.17,2.88,-2.23,1.49,0.44,0.49,0.57,0,-0.62,neutral,neutral,0,-1.0,6,10243,0,
s35405,LDOUSDT,1789125300000,testA,-1,-2.26,0.5,3.88,3.03,2.15,-1.63,1.34,0.67,0.62,0.78,0,-0.62,neutral,neutral,0,-1.0,5,10243,0,
s35406,ASTERUSDT,1789126200000,val,-1,-3.61,0.569,4.8,3.76,2.97,-3.16,1.69,0.69,0.52,0.53,0,-0.45,neutral,neutral,0,-1.0,9,10245,0,
s35407,XPLUSDT,1789126200000,val,-1,-4.13,0.46,7.7,5.67,3.59,-3.68,2.39,0.9,0.67,0.7,0,-0.45,neutral,neutral,0,-1.0,9,10245,0,
s35408,STBLUSDT,1789126200000,val,1,2.31,0.372,2.95,2.41,1.64,2.75,1.29,1.08,0.83,1.05,0,-0.45,neutral,alcista,0,1.194,32,10245,2,
s35409,ARBUSDT,1789126200000,val,-1,-3.31,0.515,5.09,3.8,1.84,-2.86,1.44,0.27,0.24,0.34,0,-0.45,neutral,neutral,0,-1.0,9,10245,0,
s35410,SUIUSDT,1789126200000,val,-1,-2.63,0.471,4.59,3.05,3.72,-2.18,1.32,0.83,0.69,0.82,0,-0.45,neutral,neutral,0,-1.0,9,10245,0,
s35411,TIAUSDT,1789126200000,val,-1,-2.0,0.402,3.84,2.54,1.77,-1.56,0.93,0.59,0.48,0.62,0,-0.45,neutral,neutral,0,-1.0,4,10245,0,
s35412,ARUSDT,1789126200000,testA,-1,-2.47,0.37,4.05,3.14,1.1,-2.02,1.16,0.67,0.5,0.48,1,-0.45,neutral,neutral,0,-1.0,9,10244,0,
s35413,GRTUSDT,1789126200000,testA,-1,-2.03,0.409,3.85,2.82,2.38,-1.58,1.07,0.44,0.49,0.57,0,-0.45,neutral,neutral,0,-1.0,5,10244,0,
s35414,ASTERUSDT,1789127100000,val,-1,-3.3,0.522,4.79,3.61,1.45,-3.06,1.46,0.69,0.52,0.53,0,-0.24,neutral,neutral,0,-1.0,8,10246,0,
s35415,XPLUSDT,1789127100000,val,-1,-3.93,0.429,7.68,5.43,2.23,-3.69,1.96,0.9,0.67,0.7,0,-0.24,neutral,neutral,0,-1.0,8,10246,0,
s35416,ARBUSDT,1789127100000,val,-1,-2.59,0.422,5.08,3.58,1.85,-2.34,1.15,0.27,0.24,0.34,0,-0.24,neutral,neutral,0,-1.0,8,10246,0,
s35417,INJUSDT,1789127100000,val,-1,-2.56,0.519,3.29,2.86,0.81,-2.31,1.01,0.49,0.47,0.64,0,-0.24,neutral,neutral,0,-1.0,8,10246,1,
s35418,SUIUSDT,1789127100000,val,-1,-2.54,0.462,4.59,3.15,3.88,-2.29,1.34,0.83,0.69,0.82,0,-0.24,neutral,neutral,0,-1.0,8,10246,1,
s35419,ASTERUSDT,1789128000000,val,-1,-2.94,0.473,4.78,3.47,0.56,-2.6,1.21,0.92,0.64,0.52,1,-0.34,neutral,neutral,0,-1.0,7,10247,0,
s35420,XPLUSDT,1789128000000,val,-1,-4.66,0.517,7.7,5.77,0.57,-4.31,2.07,1.15,0.78,0.7,1,-0.34,neutral,neutral,0,-1.0,7,10247,1,
s35421,ARBUSDT,1789128000000,val,-1,-3.04,0.468,5.1,4.01,1.01,-2.69,1.41,0.38,0.29,0.35,0,-0.34,neutral,neutral,0,-1.0,7,10247,1,
s35422,OPUSDT,1789128000000,val,-1,-2.25,0.392,3.85,3.19,0.82,-1.9,1.3,0.71,0.53,0.62,0,-0.34,neutral,bajista,0,-1.0,4,10247,2,
s35423,INJUSDT,1789128000000,val,-1,-3.45,0.592,4.09,3.88,1.08,-3.1,1.91,0.77,0.61,0.64,0,-0.34,neutral,bajista,0,-1.0,7,10247,2,
s35424,SUIUSDT,1789128000000,val,-1,-2.52,0.459,4.6,3.33,0.78,-2.17,1.37,1.34,0.92,0.89,1,-0.34,neutral,bajista,0,-1.0,7,10247,2,
s35425,TIAUSDT,1789128000000,val,-1,-2.28,0.433,3.87,3.28,1.19,-1.94,1.41,1.02,0.68,0.66,1,-0.34,neutral,neutral,0,-1.0,2,10247,1,
s35426,GRTUSDT,1789128000000,testA,-1,-2.31,0.406,3.87,3.35,1.07,-1.97,1.4,0.67,0.58,0.55,1,-0.34,neutral,neutral,0,-1.0,3,10246,1,
s35427,ASTERUSDT,1789128900000,val,-1,-2.8,0.44,4.77,3.17,0.5,-2.41,0.82,0.92,0.64,0.52,1,-0.39,neutral,neutral,0,-1.0,6,10248,0,
s35428,PUMPUSDT,1789128900000,val,-1,-3.2,0.524,5.02,3.52,2.88,-2.81,1.61,0.97,0.78,0.9,0,-0.39,neutral,bajista,0,-1.0,1,10248,2,
s35429,INJUSDT,1789128900000,val,-1,-2.65,0.429,4.34,3.15,1.92,-2.26,1.16,0.77,0.61,0.64,0,-0.39,neutral,neutral,0,-1.0,6,10248,0,
s35430,SUIUSDT,1789128900000,val,-1,-2.36,0.42,4.58,2.92,0.85,-1.97,0.86,1.34,0.92,0.89,1,-0.39,neutral,neutral,0,-1.0,6,10248,0,
s35431,ARUSDT,1789128900000,testA,-1,-2.15,0.367,4.05,3.14,1.24,-1.76,0.82,0.81,0.65,0.53,1,-0.39,neutral,neutral,0,-1.0,6,10247,0,
s35432,GRTUSDT,1789128900000,testA,-1,-2.19,0.379,3.85,2.7,1.18,-1.8,0.63,0.67,0.58,0.55,1,-0.39,neutral,neutral,0,-1.0,2,10247,0,
s35433,AXSUSDT,1789128900000,testA,-1,-2.23,0.403,3.4,2.58,1.5,-1.85,0.82,1.45,1.06,1.02,1,-0.39,neutral,neutral,0,-1.0,6,10247,0,
s35434,PENDLEUSDT,1789130700000,val,1,4.37,0.485,6.55,6.35,5,3.5,4.39,1.31,0.96,0.89,1,0.86,neutral,alcista,0,-0.647,32,10250,3,
s35435,FETUSDT,1789130700000,val,1,2.91,0.369,5.07,4.95,3.91,2.05,2.99,0.97,0.77,0.67,1,0.86,neutral,alcista,0,-0.345,32,10249,3,
s35436,PENDLEUSDT,1789131600000,val,1,4.2,0.455,6.58,5.97,5,3.6,3.55,1.93,1.24,1.02,1,0.59,neutral,neutral,0,-0.554,32,10251,0,
s35437,PENDLEUSDT,1789132500000,val,1,3.48,0.369,6.79,5.54,5,2.98,2.78,1.93,1.24,1.02,1,0.5,neutral,neutral,0,-0.501,32,10252,0,
s35438,PENDLEUSDT,1789133400000,val,1,4.74,0.514,6.76,5.98,4.19,3.57,2.94,1.93,1.24,1.02,1,1.18,neutral,neutral,0,-0.598,32,10253,1,
s35439,FETUSDT,1789133400000,val,1,3.18,0.382,5.1,4.27,1.55,2.01,1.69,1.22,0.9,0.71,1,1.18,neutral,neutral,0,-0.208,32,10252,1,
s35440,APEUSDT,1789133400000,testA,1,2.22,0.397,3.89,3.22,1.39,1.04,1.14,1.61,1.13,0.97,1,1.18,neutral,neutral,0,-0.372,32,10252,1,
s35441,PUMPUSDT,1789134300000,val,1,4.74,0.354,7.7,7.57,1.2,1.88,4.13,1.12,0.87,0.91,0,2.87,bull,alcista,0,-1.0,20,10254,2,
s35442,OPUSDT,1789134300000,val,1,4.63,0.445,7.25,6.79,1.73,1.77,4.03,0.96,0.64,0.63,1,2.87,bull,alcista,0,-0.698,32,10254,2,
s35443,TIAUSDT,1789134300000,val,1,3.97,0.355,6.64,6.43,1.38,1.11,3.4,1.27,0.81,0.69,1,2.87,bull,alcista,0,-1.0,32,10254,2,
s35444,SEIUSDT,1789134300000,val,1,3.66,0.458,5.39,5.3,1.33,0.8,3.01,1.35,1.11,0.91,1,2.87,bull,alcista,0,-0.728,32,10254,2,
s35445,ONDOUSDT,1789134300000,val,1,5.17,0.469,6.69,6.44,1.59,2.3,3.99,1.45,1.0,0.92,1,2.87,bull,alcista,0,-0.75,32,10253,2,
s35446,FETUSDT,1789134300000,val,1,5.68,0.525,6.99,6.82,1.56,2.81,4.06,1.22,0.9,0.71,1,2.87,bull,alcista,0,-0.695,32,10253,2,
s35447,STXUSDT,1789134300000,testA,1,4.95,0.494,6.86,6.26,1.68,2.08,3.58,1.42,0.94,0.79,1,2.87,bull,alcista,0,-0.747,32,10253,3,testA
s35448,LDOUSDT,1789134300000,testA,1,5.32,0.437,7.04,7.02,1.74,2.46,4.3,1.51,1.0,0.87,1,2.87,bull,alcista,0,-0.721,32,10253,2,testA
s35449,SANDUSDT,1789134300000,testA,1,3.36,0.431,4.87,4.79,1.14,0.49,2.56,1.04,0.78,0.89,0,2.87,bull,alcista,0,-0.569,32,10253,2,testA
s35450,MANAUSDT,1789134300000,testA,1,3.87,0.468,5.45,5.2,1.33,1.0,2.77,1.64,1.06,0.93,1,2.87,bull,alcista,0,-0.616,32,10253,2,testA
s35451,APEUSDT,1789134300000,testA,1,3.89,0.537,5.14,4.99,1.58,1.02,2.72,1.61,1.13,0.97,1,2.87,bull,alcista,0,-0.75,32,10253,2,testA
s35452,ARBUSDT,1789135200000,val,1,5.76,0.386,9.24,7.89,2.27,3.19,4.45,0.61,0.41,0.36,1,2.57,bull,neutral,0,-1.0,31,10255,0,
s35453,OPUSDT,1789135200000,val,1,4.4,0.417,8.69,6.62,2.42,1.83,3.47,1.33,0.82,0.7,1,2.57,bull,neutral,0,-0.641,32,10255,0,
s35454,SEIUSDT,1789135200000,val,1,3.19,0.386,5.87,4.97,1.56,0.61,2.4,1.52,1.19,0.94,1,2.57,bull,neutral,0,-0.621,32,10255,0,
s35455,PENDLEUSDT,1789135200000,val,1,6.45,0.549,8.68,7.69,2.05,3.88,3.89,2.51,1.5,1.15,1,2.57,bull,neutral,0,-0.717,32,10255,0,
s35456,ONDOUSDT,1789135200000,val,1,4.13,0.353,7.18,5.67,1.86,1.56,2.85,1.79,1.18,0.98,1,2.57,bull,neutral,0,-0.689,32,10254,0,
s35457,FETUSDT,1789135200000,val,1,4.88,0.43,7.67,6.22,1.99,2.31,3.08,1.49,1.04,0.78,1,2.57,bull,neutral,0,-0.617,32,10254,0,
s35458,STXUSDT,1789135200000,testA,1,4.06,0.407,7.35,5.87,1.8,1.49,2.85,1.63,1.04,0.83,1,2.57,bull,neutral,0,-0.697,32,10254,0,testA
s35459,MANAUSDT,1789135200000,testA,1,3.88,0.47,5.86,5.19,1.58,1.31,2.49,1.94,1.2,0.99,1,2.57,bull,neutral,0,-0.573,32,10254,0,testA
s35460,APEUSDT,1789135200000,testA,1,3.66,0.511,5.44,4.92,1.78,1.08,2.4,1.89,1.27,1.02,1,2.57,bull,neutral,0,-0.612,32,10254,0,testA
s35461,OPUSDT,1789136100000,val,1,5.02,0.485,8.68,6.78,2.61,2.43,3.39,1.33,0.82,0.7,1,2.6,bull,neutral,0,-0.695,32,10256,1,
s35462,TIAUSDT,1789136100000,val,1,4.17,0.398,7.34,6.53,1.66,1.57,2.96,1.49,0.93,0.73,1,2.6,bull,alcista,0,-1.0,30,10256,4,
s35463,SEIUSDT,1789136100000,val,1,3.65,0.454,5.86,5.07,1.56,1.05,2.38,1.52,1.19,0.94,1,2.6,bull,neutral,0,-0.711,32,10256,1,
s35464,ONDOUSDT,1789136100000,val,1,4.31,0.373,7.19,5.54,1.81,1.72,2.52,1.79,1.18,0.98,1,2.6,bull,neutral,0,-0.736,32,10255,0,
s35465,FETUSDT,1789136100000,val,1,5.81,0.497,7.63,6.76,2.25,3.21,3.4,1.49,1.04,0.78,1,2.6,bull,neutral,0,-0.692,32,10255,1,
s35466,STXUSDT,1789136100000,testA,1,3.94,0.391,7.36,5.73,1.76,1.35,2.58,1.63,1.04,0.83,1,2.6,bull,neutral,0,-0.722,32,10255,0,testA
s35467,SANDUSDT,1789136100000,testA,1,2.9,0.352,5.52,4.5,1.73,0.3,1.91,1.27,0.89,0.91,0,2.6,bull,neutral,0,-0.546,32,10255,1,testA
s35468,MANAUSDT,1789136100000,testA,1,4.05,0.498,5.86,5.1,1.57,1.45,2.28,1.94,1.2,0.99,1,2.6,bull,neutral,0,-0.592,32,10255,0,testA
s35469,APEUSDT,1789136100000,testA,1,4.51,0.608,5.63,5.41,1.82,1.91,2.75,1.89,1.27,1.02,1,2.6,bull,neutral,0,-0.77,32,10255,1,testA
s35470,WLDUSDT,1789137000000,val,1,5.54,0.397,10.0,7.66,1.68,3.41,2.72,1.32,0.85,0.61,1,2.13,bull,neutral,0,-0.71,32,10257,0,
s35471,OPUSDT,1789137000000,val,1,4.53,0.415,8.75,6.01,2.39,2.4,2.28,1.33,0.82,0.7,1,2.13,bull,neutral,0,-0.665,32,10257,0,
s35472,SEIUSDT,1789137000000,val,1,3.07,0.354,5.91,4.32,1.33,0.93,1.42,1.52,1.19,0.94,1,2.13,bull,neutral,0,-0.673,32,10257,0,
s35473,PENDLEUSDT,1789137000000,val,1,5.74,0.402,8.83,6.7,1.92,3.61,2.18,2.51,1.5,1.15,1,2.13,bull,neutral,0,-0.779,32,10257,0,
s35474,MANAUSDT,1789137000000,testA,1,3.95,0.48,5.88,4.85,1.3,1.82,1.79,1.94,1.2,0.99,1,2.13,bull,neutral,0,-0.61,32,10256,0,testA
s35475,APEUSDT,1789137000000,testA,1,4.37,0.576,5.65,4.99,1.36,2.24,2.04,1.89,1.27,1.02,1,2.13,bull,neutral,0,-0.824,32,10256,0,
s35476,XPLUSDT,1789137900000,val,1,5.18,0.413,10.25,7.18,0.82,2.84,1.7,1.45,0.95,0.74,1,2.34,bull,neutral,0,-0.833,32,10258,1,
s35477,OPUSDT,1789137900000,val,1,5.4,0.479,8.7,6.55,1.75,3.07,2.59,1.33,0.82,0.7,1,2.34,bull,neutral,0,-0.693,32,10258,1,
s35478,TIAUSDT,1789137900000,val,1,4.29,0.368,7.4,5.83,0.96,1.95,1.78,1.49,0.93,0.73,1,2.34,bull,neutral,0,-1.0,28,10258,1,
s35479,SEIUSDT,1789137900000,val,1,3.24,0.368,5.89,4.59,0.82,0.91,1.53,1.52,1.19,0.94,1,2.34,bull,neutral,0,-0.684,32,10258,1,
s35480,PENDLEUSDT,1789137900000,val,1,6.77,0.456,8.77,7.39,1.23,4.44,2.63,2.51,1.5,1.15,1,2.34,bull,neutral,0,-0.855,32,10258,1,
s35481,ONDOUSDT,1789137900000,val,1,4.63,0.372,7.21,5.31,1.13,2.29,1.86,1.79,1.18,0.98,1,2.34,bull,neutral,0,-0.755,32,10257,1,
s35482,FETUSDT,1789137900000,val,1,5.64,0.411,7.67,6.33,1.43,3.31,2.4,1.49,1.04,0.78,1,2.34,bull,neutral,0,-0.688,32,10257,1,
s35483,STXUSDT,1789137900000,testA,1,4.17,0.376,7.39,5.33,0.78,1.83,1.73,1.63,1.04,0.83,1,2.34,bull,neutral,0,-0.8,32,10257,1,
s35484,GRTUSDT,1789137900000,testA,1,4.6,0.417,6.55,5.45,0.94,2.27,2.03,0.91,0.68,0.57,1,2.34,bull,neutral,0,-0.758,32,10257,1,
s35485,SANDUSDT,1789137900000,testA,1,3.37,0.381,5.53,4.37,1.13,1.04,1.45,1.27,0.89,0.91,0,2.34,bull,neutral,0,-0.576,32,10257,1,
s35486,MANAUSDT,1789137900000,testA,1,4.32,0.535,5.87,4.93,0.98,1.98,1.7,1.94,1.2,0.99,1,2.34,bull,neutral,0,-0.605,32,10257,1,
s35487,APEUSDT,1789137900000,testA,1,4.98,0.619,5.7,5.48,0.98,2.65,2.3,1.89,1.27,1.02,1,2.34,bull,neutral,0,-0.827,32,10257,1,
s35488,STBLUSDT,1789138800000,val,1,4.61,0.525,4.75,4.52,1.48,2.38,2.34,1.28,1.05,0.87,1,2.23,bull,alcista,0,0.042,32,10259,2,
s35489,WLDUSDT,1789138800000,val,1,6.57,0.461,10.01,7.55,0.49,4.34,2.03,1.42,0.92,0.64,1,2.23,bull,neutral,0,-0.684,32,10259,0,
s35490,OPUSDT,1789138800000,val,1,6.01,0.554,8.74,6.07,0.87,3.78,1.91,1.51,0.92,0.72,1,2.23,bull,neutral,0,-0.591,32,10259,0,
s35491,SUIUSDT,1789138800000,val,1,4.53,0.353,8.15,5.49,0.53,2.3,1.03,2.21,1.37,1.0,1,2.23,bull,neutral,0,-0.587,32,10259,0,
s35492,SEIUSDT,1789138800000,val,1,3.52,0.407,5.92,4.17,0.54,1.29,1.02,1.7,1.28,0.97,1,2.23,bull,neutral,0,-0.571,32,10259,0,
s35493,PENDLEUSDT,1789138800000,val,1,7.18,0.494,8.77,7.35,0.7,4.95,2.35,2.78,1.63,1.15,1,2.23,bull,neutral,0,-0.806,32,10259,0,
s35494,ONDOUSDT,1789138800000,val,1,4.45,0.35,7.27,4.57,0.65,2.22,1.01,2.07,1.31,1.02,1,2.23,bull,neutral,0,-0.659,32,10258,0,
s35495,FETUSDT,1789138800000,val,1,5.56,0.398,7.43,5.32,0.88,3.33,1.51,1.69,1.16,0.83,1,2.23,bull,neutral,0,-0.593,32,10258,0,
s35496,STXUSDT,1789138800000,testA,1,4.72,0.444,7.4,5.11,0.42,2.49,1.36,1.77,1.13,0.86,1,2.23,bull,neutral,0,-0.724,32,10258,0,
s35497,GRTUSDT,1789138800000,testA,1,4.27,0.374,6.59,4.76,0.55,2.05,1.24,1.01,0.68,0.58,1,2.23,bull,neutral,0,-0.698,32,10258,0,
s35498,SANDUSDT,1789138800000,testA,1,3.83,0.451,5.55,4.08,0.49,1.6,1.04,1.39,0.93,0.91,1,2.23,bull,neutral,0,-0.483,32,10258,0,
s35499,MANAUSDT,1789138800000,testA,1,4.56,0.577,5.69,4.38,0.63,2.33,1.23,2.14,1.32,1.04,1,2.23,bull,neutral,0,-0.534,32,10258,0,
s35500,AXSUSDT,1789138800000,testA,1,3.47,0.383,5.55,4.42,0.53,1.24,1.12,2.12,1.36,1.08,1,2.23,bull,neutral,0,-0.434,32,10258,0,
s35501,APEUSDT,1789138800000,testA,1,4.84,0.589,5.28,4.69,0.56,2.61,1.78,2.04,1.34,1.05,1,2.23,bull,neutral,0,-0.859,32,10258,0,
s35502,XPLUSDT,1789139700000,val,1,6.59,0.493,8.93,6.35,0.51,4.17,2.01,1.46,1.01,0.76,1,2.42,bull,neutral,0,-1.0,20,10260,1,
s35503,STBLUSDT,1789139700000,val,1,3.94,0.488,4.77,4.62,0.77,1.52,2.48,1.28,1.05,0.87,1,2.42,bull,alcista,0,0.016,32,10260,3,
s35504,ARBUSDT,1789139700000,val,1,6.61,0.405,8.88,6.52,0.66,4.19,2.5,0.68,0.45,0.37,1,2.42,bull,alcista,0,-1.0,26,10260,3,
s35505,OPUSDT,1789139700000,val,1,7.1,0.595,8.61,7.49,0.67,4.68,3.18,1.51,0.92,0.72,1,2.42,bull,neutral,0,-0.66,32,10260,1,
s35506,INJUSDT,1789139700000,val,1,4.85,0.374,6.57,6.13,0.77,2.43,2.54,1.42,0.95,0.74,1,2.42,bull,alcista,0,-1.0,27,10260,2,
s35507,SUIUSDT,1789139700000,val,1,5.28,0.39,8.06,6.58,0.57,2.85,2.04,2.21,1.37,1.0,1,2.42,bull,neutral,0,-0.637,32,10260,1,
s35508,TIAUSDT,1789139700000,val,1,4.73,0.381,7.37,6.13,0.5,2.31,1.97,1.76,1.09,0.8,1,2.42,bull,neutral,0,-1.0,26,10260,1,
s35509,SEIUSDT,1789139700000,val,1,4.43,0.464,5.86,5.03,0.55,2.01,1.78,1.7,1.28,0.97,1,2.42,bull,neutral,0,-0.604,32,10260,1,
s35510,PENDLEUSDT,1789139700000,val,1,7.23,0.497,8.72,7.84,0.53,4.81,2.65,2.78,1.63,1.15,1,2.42,bull,neutral,0,-0.832,32,10260,1,
s35511,ONDOUSDT,1789139700000,val,1,5.25,0.389,7.19,5.62,0.59,2.83,1.99,2.07,1.31,1.02,1,2.42,bull,neutral,0,-0.716,32,10259,1,
s35512,FETUSDT,1789139700000,val,1,6.83,0.449,7.32,6.74,0.72,4.41,2.77,1.69,1.16,0.83,1,2.42,bull,neutral,0,-0.692,32,10259,1,
s35513,STXUSDT,1789139700000,testA,1,5.01,0.46,7.35,5.83,0.45,2.59,1.98,1.77,1.13,0.86,1,2.42,bull,neutral,0,-0.766,32,10259,1,
s35514,GRTUSDT,1789139700000,testA,1,5.02,0.412,6.53,5.6,0.53,2.6,2.01,1.01,0.68,0.58,1,2.42,bull,neutral,0,-0.735,32,10259,1,
s35515,LDOUSDT,1789139700000,testA,1,4.98,0.363,7.75,5.27,0.63,2.56,1.63,2.21,1.39,1.02,1,2.42,bull,neutral,0,-0.687,32,10259,1,
s35516,SANDUSDT,1789139700000,testA,1,3.91,0.456,5.53,4.42,0.48,1.48,1.33,1.39,0.93,0.91,1,2.42,bull,neutral,0,-0.462,32,10259,1,
s35517,MANAUSDT,1789139700000,testA,1,4.78,0.589,5.46,4.63,0.58,2.36,1.57,2.14,1.32,1.04,1,2.42,bull,neutral,0,-0.55,32,10259,1,
s35518,AXSUSDT,1789139700000,testA,1,3.78,0.405,5.52,4.95,0.59,1.36,1.57,2.12,1.36,1.08,1,2.42,bull,neutral,0,-0.481,32,10259,1,
s35519,APEUSDT,1789139700000,testA,1,5.21,0.607,5.24,5.1,0.48,2.79,2.25,2.04,1.34,1.05,1,2.42,bull,neutral,0,-1.0,30,10259,1,
s35520,XPLUSDT,1789140600000,val,1,6.36,0.485,8.5,6.22,0.59,4.11,2.31,1.46,1.01,0.76,1,2.25,bull,alcista,0,-1.0,19,10261,2,
s35521,STBLUSDT,1789140600000,val,1,3.65,0.47,5.21,4.72,0.89,1.4,2.31,1.28,1.05,0.87,1,2.25,bull,alcista,0,-0.008,32,10261,4,
s35522,WLDUSDT,1789140600000,val,1,6.21,0.435,9.96,7.99,0.32,3.96,2.09,1.42,0.92,0.64,1,2.25,bull,neutral,0,-0.667,32,10261,0,
s35523,OPUSDT,1789140600000,val,1,6.31,0.55,8.62,7.33,0.61,4.06,2.75,1.51,0.92,0.72,1,2.25,bull,neutral,0,-0.632,32,10261,0,
s35524,SUIUSDT,1789140600000,val,1,4.78,0.361,8.07,6.46,0.45,2.53,1.75,2.21,1.37,1.0,1,2.25,bull,neutral,0,-0.634,32,10261,0,
s35525,TIAUSDT,1789140600000,val,1,5.58,0.421,7.3,7.06,0.53,3.33,2.7,1.76,1.09,0.8,1,2.25,bull,alcista,0,-1.0,25,10261,2,
s35526,SEIUSDT,1789140600000,val,1,3.89,0.433,5.86,5.03,0.5,1.63,1.59,1.7,1.28,0.97,1,2.25,bull,neutral,0,-0.578,32,10261,0,
s35527,PENDLEUSDT,1789140600000,val,1,6.86,0.475,8.73,7.72,0.29,4.6,2.31,2.78,1.63,1.15,1,2.25,bull,neutral,0,-0.797,32,10261,0,
s35528,STXUSDT,1789140600000,testA,1,5.49,0.486,7.32,6.22,0.34,3.24,2.2,1.77,1.13,0.86,1,2.25,bull,alcista,0,-0.776,32,10260,2,testA
s35529,GRTUSDT,1789140600000,testA,1,4.83,0.404,6.52,5.76,0.45,2.57,2.03,1.01,0.68,0.58,1,2.25,bull,alcista,0,-0.705,32,10260,2,testA
s35530,LDOUSDT,1789140600000,testA,1,4.93,0.361,7.73,5.61,0.53,2.68,1.81,2.21,1.39,1.02,1,2.25,bull,alcista,0,-0.674,32,10260,2,testA
s35531,SANDUSDT,1789140600000,testA,1,3.69,0.443,5.51,4.66,0.38,1.43,1.45,1.39,0.93,0.91,1,2.25,bull,alcista,0,-0.456,32,10260,2,testA
s35532,MANAUSDT,1789140600000,testA,1,3.31,0.477,4.97,3.98,0.49,1.05,1.31,2.14,1.32,1.04,1,2.25,bull,neutral,0,-0.548,32,10260,0,
s35533,AXSUSDT,1789140600000,testA,1,3.37,0.378,5.52,5.02,0.42,1.11,1.55,2.12,1.36,1.08,1,2.25,bull,alcista,0,-0.451,32,10260,2,testA
s35534,APEUSDT,1789140600000,testA,1,4.81,0.589,5.54,5.03,0.47,2.55,2.04,2.04,1.34,1.05,1,2.25,bull,neutral,0,-1.0,29,10260,0,
s35535,STBLUSDT,1789142400000,val,1,5.1,0.551,5.56,5.15,1.46,3.97,2.35,1.2,1.1,0.86,1,1.13,neutral,neutral,0,0.065,32,10263,1,
s35536,STBLUSDT,1789143300000,val,1,4.06,0.433,5.59,4.62,1.5,3.31,1.55,1.2,1.1,0.86,1,0.75,neutral,neutral,0,0.187,32,10264,0,
s35537,STBLUSDT,1789144200000,val,1,3.72,0.414,4.78,4.4,1.25,3.45,1.95,1.2,1.1,0.86,1,0.27,neutral,neutral,0,0.059,32,10265,1,
s35538,STBLUSDT,1789145100000,val,1,3.53,0.384,4.8,3.94,1.08,3.69,1.44,1.2,1.1,0.86,1,-0.15,neutral,neutral,0,0.333,32,10266,0,
s35539,STBLUSDT,1789146000000,val,1,3.69,0.394,4.79,4.08,0.46,3.67,1.38,1.08,1.09,0.84,0,0.02,neutral,neutral,0,0.211,32,10267,1,
s35540,STBLUSDT,1789147800000,val,1,3.38,0.373,4.51,3.35,0.31,3.72,0.67,1.08,1.09,0.84,0,-0.34,neutral,neutral,0,0.416,32,10269,0,
s35541,ASTERUSDT,1789148700000,val,-1,-2.61,0.391,4.9,3.49,0.34,-0.45,0.3,1.34,1.01,0.63,1,-2.16,bear,bajista,0,0.442,32,10270,2,
s35542,XPLUSDT,1789148700000,val,-1,-4.44,0.442,6.5,6.13,0.24,-2.27,1.39,1.15,1.03,0.73,1,-2.16,bear,neutral,0,0.317,32,10270,0,
s35543,STBLUSDT,1789148700000,val,1,3.1,0.354,4.32,3.2,0.29,5.26,0.64,1.08,1.09,0.84,0,-2.16,bear,neutral,0,0.353,32,10270,1,
s35544,WLDUSDT,1789148700000,val,-1,-3.91,0.381,5.79,5.23,0.22,-1.75,1.04,1.38,0.95,0.63,1,-2.16,bear,bajista,0,0.15,32,10270,2,
s35545,ARBUSDT,1789148700000,val,-1,-4.88,0.453,6.06,5.5,0.18,-2.71,0.78,0.67,0.47,0.36,1,-2.16,bear,bajista,0,0.249,32,10270,2,
s35546,INJUSDT,1789148700000,val,-1,-3.67,0.369,5.57,4.73,0.38,-1.51,0.85,1.54,1.02,0.74,1,-2.16,bear,neutral,0,-0.014,32,10270,0,
s35547,SEIUSDT,1789148700000,val,-1,-2.73,0.421,3.54,3.36,0.65,-0.56,0.8,1.65,1.35,0.93,1,-2.16,bear,bajista,0,-0.113,32,10270,2,
s35548,PENDLEUSDT,1789148700000,val,-1,-4.05,0.431,5.14,4.92,0.23,-1.89,1.58,2.94,1.74,1.17,1,-2.16,bear,bajista,0,0.136,32,10270,2,
s35549,ARUSDT,1789148700000,testA,-1,-4.42,0.573,4.97,4.82,0.3,-2.26,1.65,1.13,0.89,0.58,1,-2.16,bear,bajista,0,-0.317,32,10269,5,testA
s35550,STXUSDT,1789148700000,testA,-1,-3.21,0.368,4.67,4.4,0.34,-1.04,1.09,1.82,1.18,0.89,1,-2.16,bear,bajista,0,-0.018,32,10269,2,testA
s35551,MANAUSDT,1789148700000,testA,-1,-2.44,0.497,3.24,3.17,0.29,-0.28,0.95,1.98,1.36,1.05,1,-2.16,bear,bajista,0,-0.456,32,10269,5,testA
s35552,ASTERUSDT,1789149600000,val,-1,-3.67,0.474,4.45,4.0,0.49,-1.16,1.29,1.25,1.09,0.66,1,-2.5,bear,bajista,0,0.102,32,10271,3,
s35553,XPLUSDT,1789149600000,val,-1,-4.12,0.422,6.13,5.39,0.51,-1.62,1.91,0.99,1.08,0.75,0,-2.5,bear,neutral,0,0.268,32,10271,1,
s35554,WLDUSDT,1789149600000,val,-1,-4.16,0.393,5.7,5.06,0.5,-1.65,1.81,1.18,1.01,0.67,1,-2.5,bear,bajista,0,-0.098,32,10271,3,
s35555,ENAUSDT,1789149600000,val,-1,-6.13,0.469,8.84,7.77,0.36,-3.62,2.08,2.01,1.49,0.94,1,-2.5,bear,bajista,0,0.272,32,10271,3,
s35556,ARBUSDT,1789149600000,val,-1,-5.31,0.472,6.82,6.05,0.45,-2.8,1.88,0.6,0.49,0.37,1,-2.5,bear,bajista,0,0.089,32,10271,3,
s35557,INJUSDT,1789149600000,val,-1,-4.46,0.414,6.17,5.93,0.48,-1.95,1.81,1.33,1.05,0.75,1,-2.5,bear,neutral,0,-0.204,32,10271,1,
s35558,SUIUSDT,1789149600000,val,-1,-3.68,0.357,5.1,4.33,0.7,-1.17,1.63,1.75,1.54,1.03,1,-2.5,bear,bajista,0,-0.061,32,10271,3,
s35559,TIAUSDT,1789149600000,val,-1,-5.11,0.393,7.11,6.27,0.69,-2.61,2.39,1.46,1.24,0.8,1,-2.5,bear,bajista,0,0.15,32,10271,3,
s35560,SEIUSDT,1789149600000,val,-1,-3.15,0.456,3.93,3.53,0.97,-0.65,1.41,1.45,1.39,0.97,1,-2.5,bear,bajista,0,-0.385,32,10271,3,
s35561,PENDLEUSDT,1789149600000,val,-1,-5.01,0.483,6.67,6.38,0.59,-2.51,2.6,2.39,1.84,1.21,1,-2.5,bear,bajista,0,-0.076,32,10271,3,
s35562,ARUSDT,1789149600000,testA,-1,-4.7,0.587,6.09,5.2,0.95,-2.2,2.02,0.92,0.85,0.61,1,-2.5,bear,bajista,0,-0.459,32,10270,6,testA
s35563,STXUSDT,1789149600000,testA,-1,-4.05,0.423,5.21,4.81,0.79,-1.55,2.17,1.48,1.25,0.92,1,-2.5,bear,bajista,0,-0.41,32,10270,3,testA
s35564,SANDUSDT,1789149600000,testA,-1,-2.44,0.355,3.74,3.12,0.81,0.07,1.32,1.1,0.99,0.85,1,-2.5,bear,bajista,0,-0.709,32,10270,3,testA
s35565,MANAUSDT,1789149600000,testA,-1,-2.91,0.54,3.72,3.23,0.6,-0.4,1.27,1.6,1.42,1.08,1,-2.5,bear,bajista,0,-0.563,32,10270,6,testA
s35566,ASTERUSDT,1789150500000,val,-1,-3.17,0.436,3.68,3.28,0.48,-0.86,1.25,1.25,1.09,0.66,1,-2.31,bear,bajista,0,0.093,32,10272,4,
s35567,XPLUSDT,1789150500000,val,-1,-3.97,0.401,6.12,5.24,0.8,-1.66,1.67,0.99,1.08,0.75,0,-2.31,bear,neutral,0,0.236,32,10272,0,
s35568,WLDUSDT,1789150500000,val,-1,-4.42,0.432,5.61,4.7,0.7,-2.11,1.46,1.18,1.01,0.67,1,-2.31,bear,neutral,0,-0.084,32,10272,0,
s35569,ENAUSDT,1789150500000,val,-1,-5.63,0.435,7.81,6.54,0.47,-3.32,1.86,2.01,1.49,0.94,1,-2.31,bear,neutral,0,0.318,32,10272,0,
s35570,ARBUSDT,1789150500000,val,-1,-3.93,0.366,6.53,5.34,0.59,-1.62,1.39,0.6,0.49,0.37,1,-2.31,bear,neutral,0,0.243,32,10272,0,
s35571,SUIUSDT,1789150500000,val,-1,-3.66,0.356,5.09,4.13,0.93,-1.35,1.4,1.75,1.54,1.03,1,-2.31,bear,neutral,0,-0.007,32,10272,0,
s35572,TIAUSDT,1789150500000,val,-1,-5.13,0.396,7.1,6.21,0.83,-2.82,2.22,1.46,1.24,0.8,1,-2.31,bear,neutral,0,0.129,32,10272,0,
s35573,SEIUSDT,1789150500000,val,-1,-3.0,0.424,3.92,3.25,1.16,-0.69,1.14,1.45,1.39,0.97,1,-2.31,bear,neutral,0,-0.368,32,10272,0,
s35574,PENDLEUSDT,1789150500000,val,-1,-5.83,0.613,6.5,6.19,0.78,-3.52,2.47,2.39,1.84,1.21,1,-2.31,bear,bajista,0,-0.109,32,10272,4,
s35575,ARUSDT,1789150500000,testA,-1,-3.52,0.459,5.18,3.88,1.33,-1.21,1.48,0.92,0.85,0.61,1,-2.31,bear,neutral,0,-0.366,32,10271,0,testA
s35576,STXUSDT,1789150500000,testA,-1,-3.49,0.354,5.19,4.36,0.97,-1.18,1.59,1.48,1.25,0.92,1,-2.31,bear,neutral,0,-0.577,32,10271,0,
s35577,MANAUSDT,1789150500000,testA,-1,-2.49,0.443,3.53,2.71,0.86,-0.18,0.87,1.6,1.42,1.08,1,-2.31,bear,neutral,0,-0.541,32,10271,0,
s35578,ASTERUSDT,1789151400000,val,-1,-2.68,0.393,3.24,3.15,0.56,-0.72,1.92,1.25,1.09,0.66,1,-1.96,neutral,bajista,0,-0.056,32,10273,5,
s35579,XPLUSDT,1789151400000,val,-1,-3.86,0.392,6.2,6.06,0.97,-1.89,2.63,0.99,1.08,0.75,0,-1.96,neutral,neutral,0,0.131,32,10273,1,
s35580,WLDUSDT,1789151400000,val,-1,-4.1,0.411,5.52,5.27,0.72,-2.14,2.4,1.18,1.01,0.67,1,-1.96,neutral,neutral,0,-0.118,32,10273,1,
s35581,ENAUSDT,1789151400000,val,-1,-5.37,0.419,8.09,7.79,0.56,-3.4,3.43,2.01,1.49,0.94,1,-1.96,neutral,neutral,0,0.154,32,10273,1,
s35582,SEIUSDT,1789151400000,val,-1,-2.42,0.372,3.93,3.46,0.99,-0.46,1.5,1.45,1.39,0.97,1,-1.96,neutral,neutral,0,-0.32,32,10273,1,
s35583,PENDLEUSDT,1789151400000,val,-1,-4.33,0.535,6.35,6.11,0.85,-2.36,2.79,2.39,1.84,1.21,1,-1.96,neutral,bajista,0,-0.231,32,10273,5,
s35584,ARUSDT,1789151400000,testA,-1,-3.58,0.462,5.14,4.52,1.4,-1.61,2.33,0.92,0.85,0.61,1,-1.96,neutral,neutral,0,-0.47,32,10272,1,
s35585,MANAUSDT,1789151400000,testA,-1,-2.54,0.447,3.54,3.02,0.9,-0.57,1.36,1.6,1.42,1.08,1,-1.96,neutral,neutral,0,-0.583,32,10272,1,
s35586,ASTERUSDT,1789152300000,val,-1,-3.05,0.423,4.44,3.64,1.02,-0.85,2.42,1.25,1.09,0.66,1,-2.21,bear,bajista,0,-0.248,32,10274,6,
s35587,XPLUSDT,1789152300000,val,-1,-4.61,0.47,7.03,6.5,1.17,-2.41,2.6,0.99,1.08,0.75,0,-2.21,bear,bajista,0,0.082,32,10274,2,
s35588,PUMPUSDT,1789152300000,val,-1,-5.45,0.351,8.06,7.12,1.21,-3.25,3.7,1.36,1.16,0.99,1,-2.21,bear,bajista,0,-0.119,32,10274,6,
s35589,WLDUSDT,1789152300000,val,-1,-5.6,0.539,7.57,6.36,1.66,-3.4,3.01,1.18,1.01,0.67,1,-2.21,bear,bajista,0,-0.249,32,10274,2,
s35590,ARBUSDT,1789152300000,val,-1,-4.48,0.412,7.71,7.02,0.94,-2.27,3.01,0.6,0.49,0.37,1,-2.21,bear,bajista,0,-0.063,32,10274,2,
s35591,OPUSDT,1789152300000,val,-1,-3.88,0.395,6.03,5.52,0.84,-1.68,2.18,1.47,1.07,0.73,1,-2.21,bear,bajista,0,-0.204,32,10274,2,
s35592,SUIUSDT,1789152300000,val,-1,-3.59,0.382,5.13,4.88,1.03,-1.39,2.07,1.75,1.54,1.03,1,-2.21,bear,bajista,0,-0.116,32,10274,2,
s35593,TIAUSDT,1789152300000,val,-1,-5.2,0.434,7.63,7.07,1.13,-2.99,2.83,1.46,1.24,0.8,1,-2.21,bear,bajista,0,0.008,32,10274,2,
s35594,SEIUSDT,1789152300000,val,-1,-3.23,0.479,4.25,4.02,1.17,-1.03,1.8,1.45,1.39,0.97,1,-2.21,bear,bajista,0,-0.429,32,10274,2,
s35595,JUPUSDT,1789152300000,val,-1,-5.01,0.564,7.22,6.43,0.77,-2.8,1.84,1.87,1.53,1.19,1,-2.21,bear,bajista,0,-0.181,32,10274,2,
s35596,PENDLEUSDT,1789152300000,val,-1,-5.81,0.72,7.26,6.99,1.14,-3.6,3.21,2.39,1.84,1.21,1,-2.21,bear,bajista,0,-0.272,32,10274,6,
s35597,ONDOUSDT,1789152300000,val,-1,-3.29,0.373,4.49,4.11,1.03,-1.08,1.92,1.79,1.44,1.03,1,-2.21,bear,bajista,0,-0.069,32,10273,2,
s35598,ARUSDT,1789152300000,testA,-1,-4.5,0.553,5.41,5.25,1.64,-2.29,2.67,0.92,0.85,0.61,1,-2.21,bear,bajista,0,-0.481,32,10273,2,testA
s35599,STXUSDT,1789152300000,testA,-1,-3.85,0.419,5.27,5.19,1.11,-1.64,2.24,1.48,1.25,0.92,1,-2.21,bear,bajista,0,-0.504,32,10273,2,testA
s35600,SANDUSDT,1789152300000,testA,-1,-2.71,0.412,3.75,3.33,1.63,-0.5,1.4,1.1,0.99,0.85,1,-2.21,bear,bajista,0,-0.752,32,10273,2,testA
s35601,MANAUSDT,1789152300000,testA,-1,-2.85,0.489,3.56,3.25,1.12,-0.64,1.44,1.6,1.42,1.08,1,-2.21,bear,bajista,0,-0.642,32,10273,2,testA
s35602,APEUSDT,1789152300000,testA,-1,-3.43,0.465,4.77,4.39,1.73,-1.23,1.93,1.9,1.58,1.11,1,-2.21,bear,bajista,0,-0.276,32,10273,2,testA
s35603,XPLUSDT,1789153200000,val,-1,-3.67,0.389,7.01,6.2,0.87,-2.02,2.11,0.86,1.09,0.75,0,-1.65,neutral,neutral,0,0.095,32,10275,0,
s35604,WLDUSDT,1789153200000,val,-1,-4.78,0.476,7.53,6.1,1.3,-3.13,2.6,0.89,1.01,0.68,0,-1.65,neutral,neutral,0,-0.23,32,10275,0,
s35605,ARBUSDT,1789153200000,val,-1,-4.13,0.369,7.68,6.62,0.63,-2.49,2.26,0.48,0.49,0.37,0,-1.65,neutral,neutral,0,0.012,32,10275,0,
s35606,TIAUSDT,1789153200000,val,-1,-4.35,0.375,7.62,6.84,0.56,-2.7,2.38,1.2,1.25,0.8,0,-1.65,neutral,neutral,0,0.037,32,10275,0,
s35607,SEIUSDT,1789153200000,val,-1,-2.38,0.353,4.27,3.57,0.57,-0.74,1.26,1.21,1.29,0.98,0,-1.65,neutral,neutral,0,-0.373,32,10275,0,
s35608,JUPUSDT,1789153200000,val,-1,-4.78,0.553,6.27,5.48,0.56,-3.13,1.85,1.65,1.59,1.22,1,-1.65,neutral,bajista,0,-0.235,32,10275,3,
s35609,PENDLEUSDT,1789153200000,val,-1,-5.84,0.721,7.4,7.07,0.65,-4.19,3.09,1.83,1.9,1.21,0,-1.65,neutral,bajista,0,-0.283,32,10275,7,
s35610,ARUSDT,1789153200000,testA,-1,-3.48,0.429,5.54,4.72,0.62,-1.83,1.87,0.75,0.83,0.61,0,-1.65,neutral,neutral,0,-0.385,32,10274,0,
s35611,STXUSDT,1789153200000,testA,-1,-3.44,0.375,5.34,4.98,0.66,-1.79,1.84,1.19,1.29,0.95,0,-1.65,neutral,neutral,0,-0.421,32,10274,0,
s35612,MANAUSDT,1789153200000,testA,-1,-2.27,0.399,3.58,3.02,0.62,-0.62,1.09,1.25,1.45,1.08,0,-1.65,neutral,neutral,0,-0.681,32,10274,0,
s35613,APEUSDT,1789153200000,testA,-1,-3.01,0.423,4.76,4.31,0.72,-1.36,1.76,1.53,1.58,1.13,0,-1.65,neutral,neutral,0,-0.281,32,10274,0,
s35614,ASTERUSDT,1789154100000,val,-1,-2.75,0.468,4.43,3.38,0.95,-0.87,1.56,1.12,1.11,0.67,1,-1.88,neutral,neutral,0,-0.245,32,10276,0,
s35615,XPLUSDT,1789154100000,val,-1,-4.61,0.553,7.0,5.99,0.8,-2.73,1.61,0.86,1.09,0.75,0,-1.88,neutral,neutral,0,0.16,32,10276,0,
s35616,PUMPUSDT,1789154100000,val,-1,-5.03,0.368,7.99,6.25,1.07,-3.15,2.12,1.19,1.16,0.99,1,-1.88,neutral,neutral,0,0.058,32,10276,0,
s35617,WLDUSDT,1789154100000,val,-1,-5.01,0.516,7.49,5.62,1.24,-3.12,1.82,0.89,1.01,0.68,0,-1.88,neutral,neutral,0,-0.187,32,10276,0,
s35618,ARBUSDT,1789154100000,val,-1,-4.91,0.479,7.66,6.38,0.68,-3.03,1.67,0.48,0.49,0.37,0,-1.88,neutral,neutral,0,-0.003,32,10276,0,
s35619,OPUSDT,1789154100000,val,-1,-4.58,0.573,6.01,5.22,0.65,-2.69,1.46,1.25,1.1,0.73,1,-1.88,neutral,neutral,0,-0.179,32,10276,0,
s35620,INJUSDT,1789154100000,val,-1,-3.49,0.353,6.06,4.14,0.58,-1.61,-0.12,1.04,1.06,0.75,0,-1.88,neutral,neutral,0,-0.189,32,10276,0,
s35621,SUIUSDT,1789154100000,val,-1,-3.86,0.47,5.24,4.4,0.61,-1.97,1.16,1.41,1.56,1.05,0,-1.88,neutral,neutral,0,-0.003,32,10276,0,
s35622,TIAUSDT,1789154100000,val,-1,-5.05,0.469,7.6,6.57,0.59,-3.16,1.76,1.2,1.25,0.8,0,-1.88,neutral,neutral,0,0.059,32,10276,0,
s35623,SEIUSDT,1789154100000,val,-1,-2.93,0.479,4.26,3.22,0.59,-1.05,0.73,1.21,1.29,0.98,0,-1.88,neutral,neutral,0,-0.322,32,10276,0,
s35624,JUPUSDT,1789154100000,val,-1,-4.59,0.532,6.67,5.39,0.63,-2.71,1.5,1.65,1.59,1.22,1,-1.88,neutral,neutral,0,-0.308,32,10276,0,
s35625,PENDLEUSDT,1789154100000,val,-1,-6.0,0.764,7.38,6.69,0.63,-4.12,2.23,1.83,1.9,1.21,0,-1.88,neutral,neutral,0,-0.301,32,10276,0,
s35626,ONDOUSDT,1789154100000,val,-1,-3.17,0.431,4.47,3.64,0.68,-1.28,1.06,1.45,1.46,1.05,0,-1.88,neutral,neutral,0,0.039,32,10275,0,
s35627,FETUSDT,1789154100000,val,-1,-3.46,0.38,5.25,4.06,0.72,-1.57,0.95,1.23,1.23,0.87,0,-1.88,neutral,neutral,0,-0.059,32,10275,0,
s35628,ARUSDT,1789154100000,testA,-1,-3.67,0.469,5.51,4.24,0.6,-1.79,1.19,0.75,0.83,0.61,0,-1.88,neutral,neutral,0,-0.345,32,10275,0,
s35629,STXUSDT,1789154100000,testA,-1,-4.02,0.473,5.33,4.81,0.71,-2.13,1.39,1.19,1.29,0.95,0,-1.88,neutral,neutral,0,-0.492,32,10275,0,
s35630,MANAUSDT,1789154100000,testA,-1,-2.65,0.504,3.51,2.87,0.51,-0.77,0.88,1.25,1.45,1.08,0,-1.88,neutral,neutral,0,-0.78,32,10275,0,
s35631,APEUSDT,1789154100000,testA,-1,-3.2,0.468,4.74,3.84,0.62,-1.32,1.13,1.53,1.58,1.13,0,-1.88,neutral,neutral,0,-0.294,32,10275,0,
s35632,ASTERUSDT,1789155000000,val,-1,-2.72,0.461,4.22,2.96,0.94,-1.01,1.16,1.12,1.11,0.67,1,-1.71,neutral,neutral,0,-0.338,32,10277,0,
s35633,XPLUSDT,1789155000000,val,-1,-4.61,0.555,6.35,5.06,0.63,-2.9,1.25,0.86,1.09,0.75,0,-1.71,neutral,neutral,0,0.262,32,10277,0,
s35634,PUMPUSDT,1789155000000,val,-1,-5.03,0.368,7.56,5.71,0.84,-3.32,1.84,1.19,1.16,0.99,1,-1.71,neutral,neutral,0,0.132,32,10277,0,
s35635,WLDUSDT,1789155000000,val,-1,-4.49,0.458,7.17,4.98,1.29,-2.79,1.44,0.89,1.01,0.68,0,-1.71,neutral,neutral,0,-0.09,32,10277,0,
s35636,ARBUSDT,1789155000000,val,-1,-4.16,0.41,7.64,6.03,0.63,-2.45,1.26,0.48,0.49,0.37,0,-1.71,neutral,neutral,0,0.075,32,10277,0,
s35637,OPUSDT,1789155000000,val,-1,-4.16,0.516,5.62,4.57,0.69,-2.45,1.17,1.25,1.1,0.73,1,-1.71,neutral,neutral,0,-0.133,32,10277,0,
s35638,SUIUSDT,1789155000000,val,-1,-3.57,0.432,5.08,4.06,0.68,-1.86,0.95,1.41,1.56,1.05,0,-1.71,neutral,neutral,0,0.041,32,10277,0,
s35639,TIAUSDT,1789155000000,val,-1,-6.15,0.627,7.42,6.55,0.61,-4.44,1.82,1.2,1.25,0.8,0,-1.71,neutral,neutral,0,0.047,32,10277,1,
s35640,SEIUSDT,1789155000000,val,-1,-2.69,0.423,4.25,2.97,0.59,-0.98,0.48,1.21,1.29,0.98,0,-1.71,neutral,neutral,0,-0.227,32,10277,0,
s35641,JUPUSDT,1789155000000,val,-1,-5.08,0.611,6.64,5.48,0.69,-3.38,1.7,1.65,1.59,1.22,1,-1.71,neutral,neutral,0,-0.273,32,10277,1,
s35642,PENDLEUSDT,1789155000000,val,-1,-5.67,0.711,7.07,6.15,0.79,-3.96,1.92,1.83,1.9,1.21,0,-1.71,neutral,neutral,0,-0.406,32,10277,0,
s35643,ONDOUSDT,1789155000000,val,-1,-2.76,0.373,4.06,3.01,0.76,-1.05,0.83,1.45,1.46,1.05,0,-1.71,neutral,neutral,0,0.226,32,10276,0,
s35644,ARUSDT,1789155000000,testA,-1,-3.6,0.464,5.28,4.05,0.53,-1.9,1.15,0.75,0.83,0.61,0,-1.71,neutral,neutral,0,-0.305,32,10276,1,
s35645,STXUSDT,1789155000000,testA,-1,-4.19,0.507,5.31,4.57,0.81,-2.48,1.12,1.19,1.29,0.95,0,-1.71,neutral,neutral,0,-0.474,32,10276,0,
s35646,GRTUSDT,1789155000000,testA,-1,-2.91,0.356,4.18,3.11,0.58,-1.2,0.76,0.64,0.72,0.57,0,-1.71,neutral,neutral,0,-0.491,32,10276,0,
s35647,LDOUSDT,1789155000000,testA,-1,-3.16,0.372,4.42,3.45,0.68,-1.45,1.18,1.67,1.61,1.03,1,-1.71,neutral,neutral,0,-0.273,32,10276,0,
s35648,SANDUSDT,1789155000000,testA,-1,-2.26,0.353,3.75,2.54,0.61,-0.55,0.45,0.92,0.98,0.85,0,-1.71,neutral,neutral,0,-0.733,32,10276,0,
s35649,MANAUSDT,1789155000000,testA,-1,-2.37,0.453,3.45,2.68,0.57,-0.66,0.7,1.25,1.45,1.08,0,-1.71,neutral,neutral,0,-0.76,32,10276,0,
s35650,APEUSDT,1789155000000,testA,-1,-3.2,0.468,4.44,3.54,0.61,-1.5,1.09,1.53,1.58,1.13,0,-1.71,neutral,neutral,0,-0.362,32,10276,0,
s35651,XPLUSDT,1789155900000,val,-1,-3.19,0.458,5.27,4.51,0.68,-2.63,1.52,0.86,1.09,0.75,0,-0.56,neutral,neutral,0,0.171,32,10278,1,
s35652,ENAUSDT,1789155900000,val,-1,-4.26,0.584,7.19,5.85,0.65,-3.71,2.1,1.66,1.53,0.96,1,-0.56,neutral,neutral,0,0.084,32,10278,0,
s35653,PENDLEUSDT,1789155900000,val,-1,-2.86,0.515,5.09,4.0,0.61,-2.3,1.58,1.83,1.9,1.21,0,-0.56,neutral,neutral,0,-0.738,32,10278,0,
s35654,STXUSDT,1789155900000,testA,-1,-2.31,0.357,3.82,3.15,0.72,-1.75,1.06,1.19,1.29,0.95,0,-0.56,neutral,neutral,0,-0.8,32,10277,1,
s35655,XPLUSDT,1789156800000,val,-1,-3.37,0.501,4.65,3.62,0.98,-2.94,1.29,0.78,1.13,0.78,0,-0.43,neutral,neutral,0,0.334,32,10279,0,
s35656,ENAUSDT,1789156800000,val,-1,-4.21,0.572,6.06,4.66,0.55,-3.78,2.01,1.23,1.57,0.98,0,-0.43,neutral,neutral,0,0.214,32,10279,0,
s35657,TIAUSDT,1789156800000,val,-1,-2.22,0.366,4.46,2.99,0.65,-1.79,1.01,1.0,1.26,0.81,0,-0.43,neutral,neutral,0,0.204,32,10279,0,
s35658,PENDLEUSDT,1789156800000,val,-1,-2.67,0.468,4.5,2.91,0.76,-2.25,1.05,1.3,1.93,1.22,0,-0.43,neutral,neutral,0,-1.0,32,10279,0,
s35659,XPLUSDT,1789157700000,val,-1,-3.61,0.515,4.93,4.47,1.27,-3.25,2.48,0.78,1.13,0.78,0,-0.36,neutral,neutral,0,-0.074,32,10280,1,
s35660,ENAUSDT,1789157700000,val,-1,-3.98,0.554,5.88,5.72,0.61,-3.62,3.2,1.23,1.57,0.98,0,-0.36,neutral,neutral,0,-0.135,32,10280,1,
s35661,TIAUSDT,1789157700000,val,-1,-2.74,0.416,4.5,3.8,0.63,-2.38,1.75,1.0,1.26,0.81,0,-0.36,neutral,neutral,0,-0.015,32,10280,1,
s35662,PENDLEUSDT,1789157700000,val,-1,-3.04,0.499,4.51,3.7,0.8,-2.68,1.64,1.3,1.93,1.22,0,-0.36,neutral,neutral,0,-1.0,31,10280,1,
s35663,XPLUSDT,1789158600000,val,-1,-3.31,0.465,4.92,4.25,1.57,-2.81,1.79,0.78,1.13,0.78,0,-0.5,neutral,neutral,0,-0.014,32,10281,0,
s35664,ENAUSDT,1789158600000,val,-1,-3.64,0.484,6.31,5.24,0.87,-3.14,2.07,1.23,1.57,0.98,0,-0.5,neutral,neutral,0,-0.004,32,10281,0,
s35665,OPUSDT,1789158600000,val,-1,-2.24,0.372,3.95,2.67,0.62,-1.74,0.39,0.91,1.12,0.75,0,-0.5,neutral,neutral,0,-0.031,32,10281,0,
s35666,TIAUSDT,1789158600000,val,-1,-2.82,0.433,4.49,3.6,0.66,-2.32,0.85,1.0,1.26,0.81,0,-0.5,neutral,neutral,0,-0.0,32,10281,0,
s35667,PENDLEUSDT,1789158600000,val,-1,-2.96,0.481,4.51,3.63,0.56,-2.46,1.04,1.3,1.93,1.22,0,-0.5,neutral,neutral,0,-1.0,30,10281,0,
s35668,APEUSDT,1789158600000,testA,-1,-2.28,0.383,3.77,3.01,0.38,-1.79,0.74,1.25,1.58,1.15,0,-0.5,neutral,bajista,0,-0.675,32,10280,2,
s35669,ASTERUSDT,1789159500000,val,-1,-2.23,0.427,4.04,2.59,0.62,-1.48,0.55,0.82,1.13,0.68,0,-0.74,neutral,neutral,0,-0.216,32,10282,1,
s35670,XPLUSDT,1789159500000,val,-1,-4.13,0.604,4.97,4.48,1.59,-3.39,1.97,0.78,1.13,0.78,0,-0.74,neutral,neutral,0,-0.03,32,10282,1,
s35671,WLDUSDT,1789159500000,val,-1,-3.06,0.441,5.15,3.45,0.64,-2.31,0.93,0.71,1.02,0.68,0,-0.74,neutral,neutral,0,-0.123,32,10282,1,
s35672,ENAUSDT,1789159500000,val,-1,-4.65,0.649,6.34,5.64,0.96,-3.91,2.22,1.23,1.57,0.98,0,-0.74,neutral,neutral,0,0.013,32,10282,1,
s35673,ARBUSDT,1789159500000,val,-1,-3.98,0.447,4.88,4.38,0.83,-3.24,1.76,0.37,0.49,0.37,0,-0.74,neutral,neutral,0,-0.178,32,10282,1,
s35674,OPUSDT,1789159500000,val,-1,-2.81,0.442,3.97,3.17,0.76,-2.07,0.79,0.91,1.12,0.75,0,-0.74,neutral,neutral,0,-0.119,32,10282,1,
s35675,TIAUSDT,1789159500000,val,-1,-3.61,0.558,4.51,4.03,0.75,-2.87,1.22,1.0,1.26,0.81,0,-0.74,neutral,neutral,0,-0.063,32,10282,1,
s35676,PENDLEUSDT,1789159500000,val,-1,-2.98,0.489,4.29,3.21,0.65,-2.24,0.81,1.3,1.93,1.22,0,-0.74,neutral,neutral,0,-1.0,29,10282,0,
s35677,FETUSDT,1789159500000,val,-1,-2.46,0.382,3.96,3.18,0.59,-1.71,0.78,0.91,1.21,0.87,0,-0.74,neutral,neutral,0,-0.151,32,10281,1,
s35678,GRTUSDT,1789159500000,testA,-1,-2.05,0.366,3.22,2.09,0.73,-1.3,0.33,0.52,0.72,0.57,0,-0.74,neutral,neutral,0,-0.514,32,10281,1,
s35679,LDOUSDT,1789159500000,testA,-1,-2.81,0.476,4.42,3.53,0.53,-2.06,0.7,1.17,1.61,1.04,0,-0.74,neutral,bajista,0,-0.313,32,10281,3,
s35680,APEUSDT,1789159500000,testA,-1,-2.93,0.513,3.63,3.1,0.44,-2.19,0.87,1.25,1.58,1.15,0,-0.74,neutral,bajista,0,-0.756,32,10281,3,
s35681,XPLUSDT,1789160400000,val,-1,-3.08,0.46,4.46,3.52,1.12,-2.59,1.21,0.67,1.07,0.79,0,-0.49,neutral,neutral,0,0.038,32,10283,0,
s35682,ENAUSDT,1789160400000,val,-1,-3.44,0.447,5.6,4.01,0.9,-2.95,0.97,0.98,1.57,1.0,0,-0.49,neutral,neutral,0,0.248,32,10283,0,
s35683,TIAUSDT,1789160400000,val,-1,-2.56,0.435,3.63,2.93,0.66,-2.07,0.88,0.76,1.27,0.84,0,-0.49,neutral,neutral,0,0.124,32,10283,0,
s35684,PENDLEUSDT,1789160400000,val,-1,-2.15,0.352,3.98,2.48,0.55,-1.67,0.29,1.01,1.93,1.22,0,-0.49,neutral,neutral,0,-1.0,27,10283,0,
s35685,ASTERUSDT,1789161300000,val,-1,-2.03,0.413,3.73,2.17,0.47,-1.42,0.36,0.59,1.11,0.69,0,-0.6,neutral,neutral,0,-0.122,32,10284,0,
s35686,XPLUSDT,1789161300000,val,-1,-2.76,0.396,4.16,2.91,0.68,-2.16,0.81,0.67,1.07,0.79,0,-0.6,neutral,neutral,0,0.129,32,10284,0,
s35687,PUMPUSDT,1789161300000,val,-1,-3.69,0.513,6.65,4.58,0.31,-3.08,0.47,0.86,1.13,0.97,0,-0.6,neutral,neutral,0,0.335,32,10284,1,
s35688,WLDUSDT,1789161300000,val,-1,-2.38,0.36,4.68,2.59,0.55,-1.78,0.46,0.55,0.99,0.69,0,-0.6,neutral,neutral,0,0.183,32,10284,1,
s35689,ENAUSDT,1789161300000,val,-1,-3.89,0.5,5.59,4.29,0.79,-3.29,1.15,0.98,1.57,1.0,0,-0.6,neutral,neutral,0,0.274,32,10284,1,
s35690,TIAUSDT,1789161300000,val,-1,-2.61,0.449,3.54,2.76,0.7,-2.01,0.75,0.76,1.27,0.84,0,-0.6,neutral,neutral,0,0.313,32,10284,0,
s35691,FETUSDT,1789161300000,val,-1,-2.45,0.382,3.71,2.69,0.53,-1.85,0.52,0.65,1.18,0.87,0,-0.6,neutral,neutral,0,-0.156,32,10283,1,
s35692,LDOUSDT,1789161300000,testA,-1,-3.0,0.525,4.2,3.18,0.6,-2.4,0.61,0.94,1.59,1.05,0,-0.6,neutral,neutral,0,-0.237,32,10283,1,
s35693,APEUSDT,1789161300000,testA,-1,-2.07,0.378,2.94,2.19,0.4,-1.46,0.59,1.0,1.53,1.15,0,-0.6,neutral,neutral,0,-1.0,28,10283,1,
s35694,PUMPUSDT,1789162200000,val,-1,-3.65,0.509,6.68,5.02,0.26,-3.31,0.95,0.86,1.13,0.97,0,-0.34,neutral,bajista,0,0.14,32,10285,2,
s35695,ENAUSDT,1789162200000,val,-1,-3.75,0.489,4.74,4.04,0.5,-3.41,1.68,0.98,1.57,1.0,0,-0.34,neutral,bajista,0,0.028,32,10285,2,
s35696,TIAUSDT,1789162200000,val,-1,-2.46,0.433,3.05,2.63,0.54,-2.12,1.06,0.76,1.27,0.84,0,-0.34,neutral,neutral,0,0.021,32,10285,1,
s35697,APEUSDT,1789162200000,testA,-1,-2.22,0.395,2.57,2.27,0.27,-1.88,1.0,1.0,1.53,1.15,0,-0.34,neutral,bajista,0,-1.0,25,10284,2,
s35698,ASTERUSDT,1789163100000,val,-1,-2.57,0.452,3.43,2.66,0.51,-2.03,1.07,0.59,1.11,0.69,0,-0.53,neutral,neutral,0,-0.4,32,10286,1,
s35699,XPLUSDT,1789163100000,val,-1,-3.51,0.453,4.33,3.78,0.61,-2.97,1.98,0.67,1.07,0.79,0,-0.53,neutral,bajista,0,-0.432,32,10286,2,
s35700,PUMPUSDT,1789163100000,val,-1,-4.55,0.564,5.73,5.19,0.31,-4.02,1.9,0.86,1.13,0.97,0,-0.53,neutral,bajista,0,-0.005,32,10286,3,
s35701,WLDUSDT,1789163100000,val,-1,-2.8,0.396,3.94,3.1,0.34,-2.26,1.49,0.55,0.99,0.69,0,-0.53,neutral,bajista,0,-0.268,32,10286,3,
s35702,ENAUSDT,1789163100000,val,-1,-4.53,0.535,5.52,5.17,0.57,-4.0,2.52,0.98,1.57,1.0,0,-0.53,neutral,bajista,0,-0.22,32,10286,3,
s35703,ARBUSDT,1789163100000,val,-1,-3.84,0.385,4.8,4.3,0.81,-3.3,2.09,0.29,0.49,0.38,0,-0.53,neutral,neutral,0,-0.368,32,10286,1,
s35704,TIAUSDT,1789163100000,val,-1,-3.31,0.506,3.82,3.57,1.09,-2.78,1.85,0.76,1.27,0.84,0,-0.53,neutral,bajista,0,-0.206,32,10286,2,
s35705,PENDLEUSDT,1789163100000,val,-1,-2.76,0.406,3.09,2.92,0.35,-2.23,1.38,1.01,1.93,1.22,0,-0.53,neutral,bajista,0,-1.0,20,10286,2,
s35706,FETUSDT,1789163100000,val,-1,-2.71,0.404,3.15,2.97,0.36,-2.18,1.67,0.65,1.18,0.87,0,-0.53,neutral,bajista,0,-1.0,31,10285,3,
s35707,LDOUSDT,1789163100000,testA,-1,-2.52,0.463,2.93,2.74,0.47,-1.98,1.3,0.94,1.59,1.05,0,-0.53,neutral,neutral,0,-0.762,32,10285,1,
s35708,APEUSDT,1789163100000,testA,-1,-2.46,0.418,2.59,2.52,0.31,-1.92,1.5,1.0,1.53,1.15,0,-0.53,neutral,bajista,0,-1.0,22,10285,3,
s35709,PUMPUSDT,1789164000000,val,-1,-3.16,0.379,4.98,3.6,0.4,-3.29,1.21,0.69,1.13,0.94,0,0.13,neutral,neutral,0,0.234,32,10287,0,
s35710,ENAUSDT,1789164000000,val,-1,-3.67,0.439,5.69,4.77,0.64,-3.8,1.97,0.78,1.58,1.01,0,0.13,neutral,neutral,0,-0.117,32,10287,0,
s35711,XPLUSDT,1789164900000,val,-1,-3.17,0.404,3.59,3.3,0.8,-3.06,1.79,0.62,1.03,0.79,0,-0.11,neutral,neutral,0,-0.821,32,10288,1,
s35712,ENAUSDT,1789164900000,val,-1,-4.18,0.493,4.96,4.39,0.73,-4.07,1.98,0.78,1.58,1.01,0,-0.11,neutral,neutral,0,-0.315,32,10288,1,
s35713,TIAUSDT,1789164900000,val,-1,-2.19,0.361,3.09,2.52,1.74,-2.08,1.62,0.73,1.27,0.86,0,-0.11,neutral,neutral,0,-0.596,32,10288,1,
s35714,ENAUSDT,1789165800000,val,-1,-3.18,0.422,4.15,3.69,0.82,-3.19,1.86,0.78,1.58,1.01,0,0.01,neutral,bajista,0,-0.611,32,10289,2,
s35715,ENAUSDT,1789166700000,val,-1,-2.46,0.359,4.05,3.74,0.65,-2.58,1.81,0.78,1.58,1.01,0,0.12,neutral,bajista,0,-0.6,32,10290,3,
s35716,INJUSDT,1789168500000,val,-1,-3.14,0.388,4.4,4.23,0.84,-3.1,1.7,0.53,1.04,0.76,0,-0.04,neutral,bajista,0,-1.0,17,10292,5,
s35717,TIAUSDT,1789168500000,val,-1,-2.06,0.398,3.15,2.73,0.63,-2.02,1.02,0.69,1.22,0.85,0,-0.04,neutral,neutral,0,-0.854,32,10292,0,
s35718,INJUSDT,1789171200000,val,-1,-3.27,0.443,4.24,3.49,0.49,-3.06,0.92,0.46,0.9,0.76,0,-0.21,neutral,neutral,0,-1.0,13,10295,0,
s35719,TIAUSDT,1789171200000,val,-1,-2.05,0.425,2.94,2.07,0.56,-1.84,0.39,0.54,1.01,0.85,0,-0.21,neutral,neutral,0,-1.0,30,10295,0,
s35720,INJUSDT,1789173000000,val,-1,-2.6,0.385,4.14,2.79,0.62,-2.43,0.24,0.46,0.9,0.76,0,-0.17,neutral,neutral,0,-1.0,11,10297,0,
s35721,ARUSDT,1789174800000,testA,1,2.65,0.408,3.81,3.81,1.51,2.65,2.27,0.37,0.55,0.63,0,0.0,neutral,alcista,0,-0.578,32,10298,4,
s35722,WLDUSDT,1789177500000,val,1,2.07,0.427,2.94,2.42,0.96,1.87,0.71,0.3,0.6,0.67,0,0.2,neutral,neutral,0,-0.327,32,10302,0,
s35723,ARBUSDT,1789177500000,val,1,2.56,0.46,4.03,3.32,0.91,2.36,0.93,0.22,0.35,0.35,0,0.2,neutral,neutral,0,0.197,32,10302,0,
s35724,JUPUSDT,1789177500000,val,1,3.0,0.5,3.88,3.43,0.65,2.79,0.88,0.67,1.18,1.24,0,0.2,neutral,alcista,0,-0.082,32,10302,2,
s35725,PENDLEUSDT,1789177500000,val,1,2.15,0.397,2.68,2.51,0.77,1.95,0.88,0.48,1.17,1.22,0,0.2,neutral,neutral,1,2.0,26,10302,0,
s35726,ARUSDT,1789177500000,testA,1,3.07,0.479,3.84,3.09,1.49,2.87,1.1,0.37,0.55,0.63,0,0.2,neutral,neutral,0,-0.659,32,10301,1,
s35727,SANDUSDT,1789177500000,testA,1,2.24,0.632,2.96,2.91,0.42,2.03,1.15,0.65,0.79,0.78,0,0.2,neutral,alcista,0,0.105,32,10301,2,
s35728,MANAUSDT,1789177500000,testA,1,2.25,0.635,2.53,2.51,0.72,2.04,1.02,0.58,0.92,0.99,0,0.2,neutral,alcista,0,0.224,32,10301,2,
s35729,AXSUSDT,1789177500000,testA,1,2.43,0.612,2.73,2.73,1.73,2.23,1.31,0.7,1.01,1.1,0,0.2,neutral,alcista,0,-0.157,32,10301,2,
s35730,ARUSDT,1789178400000,testA,1,2.15,0.394,3.69,3.05,0.98,2.0,1.13,0.38,0.46,0.64,0,0.15,neutral,alcista,0,-0.716,32,10302,2,
s35731,STXUSDT,1789178400000,testA,1,2.01,0.548,3.1,2.98,1.29,1.86,1.3,0.46,0.72,0.87,0,0.15,neutral,alcista,0,1.571,32,10302,7,
s35732,AXSUSDT,1789178400000,testA,1,2.09,0.576,3.13,2.74,1.57,1.93,1.22,0.69,0.91,1.12,0,0.15,neutral,alcista,0,-0.161,32,10302,3,
s35733,WLDUSDT,1789179300000,val,1,2.16,0.506,2.95,2.83,0.85,1.95,1.01,0.29,0.5,0.68,0,0.21,neutral,alcista,0,-0.374,32,10304,2,
s35734,ENAUSDT,1789179300000,val,1,2.2,0.585,3.31,2.79,0.72,1.99,0.85,0.42,0.83,1.0,0,0.21,neutral,alcista,0,-0.003,32,10304,3,
s35735,ARUSDT,1789179300000,testA,1,2.16,0.394,3.71,2.53,0.93,1.96,0.54,0.38,0.46,0.64,0,0.21,neutral,neutral,0,-0.612,32,10303,0,
s35736,STXUSDT,1789179300000,testA,1,3.2,0.717,4.06,3.91,2.22,3.0,2.1,0.46,0.72,0.87,0,0.21,neutral,alcista,0,1.02,32,10303,8,
s35737,SANDUSDT,1789179300000,testA,1,2.07,0.613,3.22,2.72,0.46,1.86,0.8,0.66,0.69,0.78,0,0.21,neutral,neutral,0,0.153,32,10303,1,
s35738,MANAUSDT,1789179300000,testA,1,2.02,0.61,2.63,2.38,0.77,1.81,0.75,0.55,0.77,0.99,0,0.21,neutral,neutral,0,0.353,32,10303,0,
s35739,AXSUSDT,1789179300000,testA,1,2.47,0.757,3.13,2.69,1.02,2.26,1.07,0.69,0.91,1.12,0,0.21,neutral,neutral,0,-0.068,32,10303,0,
s35740,WLDUSDT,1789180200000,val,1,2.04,0.463,2.97,2.4,0.93,1.91,0.64,0.29,0.5,0.68,0,0.14,neutral,neutral,0,-0.33,32,10305,0,
s35741,ENAUSDT,1789180200000,val,1,2.04,0.521,3.32,2.52,0.75,1.9,0.67,0.42,0.83,1.0,0,0.14,neutral,neutral,0,-0.078,32,10305,0,
s35742,INJUSDT,1789180200000,val,1,2.52,0.602,3.48,3.43,0.92,2.38,1.6,0.42,0.64,0.76,0,0.14,neutral,alcista,0,0.332,32,10305,2,
s35743,PENDLEUSDT,1789180200000,val,1,2.37,0.516,3.06,2.84,1.05,2.23,1.17,0.47,0.89,1.21,0,0.14,neutral,alcista,0,1.609,32,10305,2,
s35744,ARUSDT,1789180200000,testA,1,2.24,0.414,3.52,2.35,0.78,2.11,0.61,0.38,0.46,0.64,0,0.14,neutral,neutral,0,-0.661,32,10304,0,
s35745,STXUSDT,1789180200000,testA,1,2.86,0.59,4.09,3.24,2.58,2.72,1.39,0.46,0.72,0.87,0,0.14,neutral,neutral,0,1.488,32,10304,0,
s35746,GRTUSDT,1789180200000,testA,1,2.06,0.643,2.47,2.36,1.16,1.93,1.11,0.26,0.39,0.54,0,0.14,neutral,neutral,0,0.857,32,10304,0,
s35747,SANDUSDT,1789180200000,testA,1,2.04,0.6,3.22,2.56,0.55,1.9,0.68,0.66,0.69,0.78,0,0.14,neutral,neutral,0,0.359,32,10304,0,
s35748,MANAUSDT,1789180200000,testA,1,2.21,0.704,2.63,2.36,0.78,2.07,0.75,0.55,0.77,0.99,0,0.14,neutral,neutral,0,0.442,32,10304,0,
s35749,AXSUSDT,1789180200000,testA,1,2.39,0.746,3.07,2.61,1.04,2.25,1.06,0.69,0.91,1.12,0,0.14,neutral,neutral,0,0.041,32,10304,0,
s35750,APEUSDT,1789180200000,testA,1,2.3,0.714,2.69,2.47,1.05,2.16,0.96,0.49,0.87,1.08,0,0.14,neutral,neutral,0,0.697,32,10304,0,
s35751,WLDUSDT,1789181100000,val,1,2.12,0.488,2.82,2.15,1.25,1.94,0.4,0.29,0.5,0.68,0,0.18,neutral,neutral,0,-0.322,32,10306,0,
s35752,ENAUSDT,1789181100000,val,1,2.15,0.561,3.17,2.25,0.9,1.97,0.45,0.42,0.83,1.0,0,0.18,neutral,neutral,0,0.025,32,10306,0,
s35753,ARBUSDT,1789181100000,val,1,2.29,0.446,3.78,2.28,0.91,2.11,0.22,0.22,0.29,0.35,0,0.18,neutral,neutral,0,0.654,32,10306,0,
s35754,INJUSDT,1789181100000,val,1,3.43,0.933,3.66,3.51,0.93,3.25,1.56,0.42,0.64,0.76,0,0.18,neutral,alcista,0,0.251,32,10306,3,
s35755,PENDLEUSDT,1789181100000,val,1,2.45,0.539,3.37,2.37,1.59,2.27,0.63,0.47,0.89,1.21,0,0.18,neutral,neutral,1,2.0,21,10306,0,
s35756,STXUSDT,1789181100000,testA,1,3.06,0.658,3.94,3.09,2.44,2.88,1.23,0.46,0.72,0.87,0,0.18,neutral,neutral,0,1.587,32,10305,0,
s35757,GRTUSDT,1789181100000,testA,1,2.24,0.684,2.41,2.24,1.34,2.06,1.02,0.26,0.39,0.54,0,0.18,neutral,neutral,0,0.575,32,10305,1,
s35758,SANDUSDT,1789181100000,testA,1,2.3,0.648,2.83,2.36,0.61,2.12,0.76,0.66,0.69,0.78,0,0.18,neutral,neutral,0,0.247,32,10305,1,
s35759,MANAUSDT,1789181100000,testA,1,2.23,0.707,2.46,2.28,0.87,2.05,0.73,0.55,0.77,0.99,0,0.18,neutral,neutral,0,0.247,32,10305,1,
s35760,AXSUSDT,1789181100000,testA,1,2.39,0.746,2.88,2.42,1.19,2.21,0.9,0.69,0.91,1.12,0,0.18,neutral,neutral,0,-0.013,32,10305,0,
s35761,APEUSDT,1789181100000,testA,1,2.37,0.721,2.47,2.39,0.93,2.19,0.91,0.49,0.87,1.08,0,0.18,neutral,neutral,0,0.625,32,10305,1,
s35762,INJUSDT,1789182000000,val,1,3.38,0.906,3.95,3.41,1.27,3.19,1.34,0.43,0.56,0.76,0,0.19,neutral,neutral,0,0.249,32,10307,0,
s35763,PENDLEUSDT,1789182000000,val,1,2.09,0.501,3.24,2.26,1.97,1.9,0.65,0.52,0.77,1.22,0,0.19,neutral,neutral,1,2.0,19,10307,1,
s35764,STXUSDT,1789182000000,testA,1,2.38,0.517,3.6,2.44,1.95,2.19,0.86,0.51,0.65,0.88,0,0.19,neutral,neutral,1,2.0,29,10306,0,
s35765,GRTUSDT,1789182000000,testA,1,2.69,0.723,2.85,2.73,1.79,2.5,1.51,0.33,0.36,0.53,0,0.19,neutral,alcista,0,0.265,32,10306,2,
s35766,SANDUSDT,1789182000000,testA,1,2.07,0.624,2.52,2.08,0.59,1.88,0.75,0.68,0.62,0.78,0,0.19,neutral,neutral,0,0.36,32,10306,0,
s35767,MANAUSDT,1789182000000,testA,1,2.13,0.697,2.3,2.19,0.84,1.94,0.85,0.6,0.66,1.0,0,0.19,neutral,alcista,0,0.187,32,10306,2,
s35768,AXSUSDT,1789182000000,testA,1,2.42,0.748,2.61,2.38,1.04,2.23,1.1,0.72,0.84,1.11,0,0.19,neutral,neutral,0,-0.081,32,10306,1,
s35769,APEUSDT,1789182000000,testA,1,2.29,0.714,2.46,2.32,1.0,2.1,0.98,0.5,0.75,1.05,0,0.19,neutral,alcista,0,0.677,32,10306,2,
s35770,INJUSDT,1789182900000,val,1,4.05,0.943,4.01,3.94,1.38,3.94,1.8,0.43,0.56,0.76,0,0.12,neutral,neutral,0,-0.034,32,10308,1,
s35771,PENDLEUSDT,1789182900000,val,1,2.58,0.579,3.11,2.51,1.84,2.46,0.96,0.52,0.77,1.22,0,0.12,neutral,alcista,1,2.0,24,10308,2,
s35772,STXUSDT,1789182900000,testA,1,2.85,0.571,3.55,2.81,1.05,2.74,1.21,0.51,0.65,0.88,0,0.12,neutral,neutral,0,1.589,32,10307,1,
s35773,GRTUSDT,1789182900000,testA,1,2.81,0.731,3.01,2.73,2.28,2.69,1.55,0.33,0.36,0.53,0,0.12,neutral,alcista,0,0.122,32,10307,3,
s35774,MANAUSDT,1789182900000,testA,1,2.12,0.697,2.26,2.19,1.07,2.01,1.03,0.6,0.66,1.0,0,0.12,neutral,alcista,0,-0.031,32,10307,3,
s35775,AXSUSDT,1789182900000,testA,1,2.43,0.749,2.48,2.35,1.12,2.31,1.07,0.72,0.84,1.11,0,0.12,neutral,alcista,0,-0.114,32,10307,2,
s35776,APEUSDT,1789182900000,testA,1,2.52,0.733,2.6,2.53,1.12,2.4,1.28,0.5,0.75,1.05,0,0.12,neutral,alcista,0,0.471,32,10307,3,
s35777,INJUSDT,1789183800000,val,1,4.47,0.948,4.39,4.29,1.7,4.38,2.23,0.43,0.56,0.76,0,0.09,neutral,alcista,0,-0.051,32,10309,2,
s35778,PENDLEUSDT,1789183800000,val,1,3.03,0.618,3.35,2.96,1.66,2.94,1.57,0.52,0.77,1.22,0,0.09,neutral,alcista,0,1.336,32,10309,3,
s35779,STXUSDT,1789183800000,testA,1,2.85,0.571,3.55,2.85,1.11,2.76,1.16,0.51,0.65,0.88,0,0.09,neutral,alcista,0,1.392,32,10308,2,
s35780,GRTUSDT,1789183800000,testA,1,2.74,0.727,2.84,2.73,2.07,2.65,1.56,0.33,0.36,0.53,0,0.09,neutral,alcista,0,0.224,32,10308,4,
s35781,AXSUSDT,1789183800000,testA,1,2.37,0.745,2.32,2.32,0.98,2.28,1.09,0.72,0.84,1.11,0,0.09,neutral,alcista,0,0.157,32,10308,3,
s35782,APEUSDT,1789183800000,testA,1,2.36,0.721,2.45,2.45,1.04,2.27,1.28,0.5,0.75,1.05,0,0.09,neutral,alcista,0,0.727,32,10308,4,
s35783,INJUSDT,1789184700000,val,1,3.56,0.745,4.26,3.69,1.63,3.5,1.59,0.43,0.56,0.76,0,0.06,neutral,neutral,0,0.082,32,10310,0,
s35784,PENDLEUSDT,1789184700000,val,1,3.13,0.627,3.35,3.29,1.4,3.07,1.93,0.52,0.77,1.22,0,0.06,neutral,alcista,0,0.912,32,10310,4,
s35785,STXUSDT,1789184700000,testA,1,3.01,0.585,3.38,2.96,1.09,2.95,1.24,0.51,0.65,0.88,0,0.06,neutral,alcista,0,1.494,32,10309,3,
s35786,GRTUSDT,1789184700000,testA,1,2.97,0.743,2.94,2.94,2.09,2.91,1.7,0.33,0.36,0.53,0,0.06,neutral,alcista,0,0.057,32,10309,5,
s35787,APEUSDT,1789184700000,testA,1,2.5,0.733,2.89,2.81,0.89,2.44,1.48,0.5,0.75,1.05,0,0.06,neutral,alcista,0,0.579,32,10309,5,
s35788,PENDLEUSDT,1789185600000,val,1,3.24,0.662,3.79,3.13,1.28,3.24,1.74,0.52,0.69,1.23,0,-0.0,neutral,neutral,0,1.179,32,10311,0,
s35789,STXUSDT,1789185600000,testA,1,2.44,0.525,3.0,2.54,1.0,2.44,1.09,0.52,0.58,0.87,0,-0.0,neutral,neutral,0,1.591,32,10310,0,
s35790,APEUSDT,1789185600000,testA,1,2.66,0.814,2.81,2.66,0.64,2.66,1.32,0.45,0.68,1.05,0,-0.0,neutral,alcista,0,0.556,32,10310,6,
s35791,PENDLEUSDT,1789186500000,val,1,3.22,0.661,3.57,3.25,1.53,3.24,1.85,0.52,0.69,1.23,0,-0.03,neutral,neutral,0,1.022,32,10312,1,
s35792,STXUSDT,1789186500000,testA,1,2.88,0.575,3.22,2.91,1.24,2.9,1.33,0.52,0.58,0.87,0,-0.03,neutral,neutral,0,1.289,32,10311,1,
s35793,AXSUSDT,1789186500000,testA,1,2.27,0.706,2.44,2.25,0.59,2.29,0.81,0.72,0.76,1.11,0,-0.03,neutral,alcista,0,0.19,32,10311,2,
s35794,APEUSDT,1789186500000,testA,1,2.57,0.81,2.73,2.66,0.87,2.6,1.42,0.45,0.68,1.05,0,-0.03,neutral,alcista,0,0.361,32,10311,7,
s35795,0GUSDT,1789187400000,val,-1,-2.2,0.544,3.04,2.57,0.35,-2.16,0.62,0.53,0.44,1.05,0,-0.05,neutral,neutral,0,-0.408,32,10313,0,
s35796,PENDLEUSDT,1789187400000,val,1,2.82,0.599,3.29,2.76,1.3,2.87,1.49,0.52,0.69,1.23,0,-0.05,neutral,neutral,0,1.539,32,10313,0,
s35797,STXUSDT,1789187400000,testA,1,2.91,0.578,2.98,2.9,0.71,2.96,1.4,0.52,0.58,0.87,0,-0.05,neutral,alcista,0,1.171,32,10312,2,
s35798,APEUSDT,1789187400000,testA,1,2.11,0.737,2.58,2.29,1.09,2.16,1.18,0.45,0.68,1.05,0,-0.05,neutral,neutral,0,0.161,32,10312,0,
s35799,PUMPUSDT,1789188300000,val,-1,-2.19,0.401,3.74,3.23,0.54,-2.1,0.72,0.34,0.52,0.79,0,-0.08,neutral,neutral,0,-0.579,32,10314,0,
s35800,PENDLEUSDT,1789188300000,val,1,2.19,0.475,3.0,2.21,1.19,2.27,1.12,0.52,0.69,1.23,0,-0.08,neutral,neutral,1,2.0,31,10314,0,
s35801,STXUSDT,1789188300000,testA,1,2.59,0.516,2.95,2.64,0.72,2.68,1.06,0.52,0.58,0.87,0,-0.08,neutral,neutral,0,1.391,32,10313,0,
s35802,APEUSDT,1789188300000,testA,1,2.42,0.889,2.58,2.36,1.05,2.5,1.16,0.45,0.68,1.05,0,-0.08,neutral,neutral,0,0.094,32,10313,1,
s35803,PUMPUSDT,1789189200000,val,-1,-2.48,0.484,3.47,2.74,0.56,-2.29,0.49,0.3,0.44,0.78,0,-0.19,neutral,neutral,0,-0.464,32,10315,0,
s35804,ARUSDT,1789189200000,testA,-1,-2.36,0.677,2.41,2.41,0.84,-2.17,0.7,0.37,0.39,0.62,0,-0.19,neutral,bajista,0,0.143,32,10314,4,
s35805,STXUSDT,1789189200000,testA,1,2.54,0.512,2.74,2.59,1.0,2.73,1.34,0.63,0.6,0.88,0,-0.19,neutral,neutral,0,1.103,32,10314,1,
s35806,PUMPUSDT,1789190100000,val,-1,-2.65,0.5,3.06,2.81,0.53,-2.48,0.89,0.3,0.44,0.78,0,-0.17,neutral,neutral,0,-1.0,29,10316,1,
s35807,PENDLEUSDT,1789190100000,val,1,2.09,0.502,2.95,2.34,0.86,2.26,1.0,0.54,0.66,1.22,0,-0.17,neutral,alcista,1,2.0,30,10316,2,
s35808,STXUSDT,1789190100000,testA,1,2.34,0.462,2.75,2.44,0.94,2.51,1.05,0.63,0.6,0.88,0,-0.17,neutral,neutral,0,1.234,32,10315,0,
s35809,STXUSDT,1789191000000,testA,1,2.15,0.433,2.48,2.14,1.17,2.2,0.89,0.63,0.6,0.88,0,-0.05,neutral,neutral,0,0.982,32,10316,0,
s35810,STXUSDT,1789191900000,testA,1,2.53,0.474,2.58,2.51,1.33,2.61,1.26,0.63,0.6,0.88,0,-0.08,neutral,neutral,0,0.803,32,10317,1,
s35811,PENDLEUSDT,1789192800000,val,1,2.62,0.623,2.97,2.85,0.5,2.73,1.12,0.6,0.6,1.24,0,-0.11,neutral,neutral,1,2.0,29,10319,1,
s35812,PENDLEUSDT,1789193700000,val,1,2.81,0.64,3.36,3.16,0.64,2.87,1.26,0.6,0.6,1.24,0,-0.06,neutral,alcista,0,1.177,32,10320,2,
s35813,PENDLEUSDT,1789194600000,val,1,3.24,0.673,4.09,3.99,1.0,3.12,1.94,0.6,0.6,1.24,0,0.12,neutral,alcista,0,0.797,32,10321,3,
s35814,STXUSDT,1789194600000,testA,1,2.47,0.604,3.13,2.82,2.35,2.35,1.53,0.8,0.62,0.93,0,0.12,neutral,neutral,0,0.28,32,10320,0,
s35815,PENDLEUSDT,1789195500000,val,1,3.87,0.812,4.29,4.24,1.42,3.85,2.02,0.6,0.6,1.24,0,0.02,neutral,alcista,0,0.64,32,10322,4,
s35816,STXUSDT,1789195500000,testA,1,2.47,0.604,3.13,2.82,2.23,2.45,1.3,0.8,0.62,0.93,0,0.02,neutral,neutral,0,0.6,32,10321,1,
s35817,PENDLEUSDT,1789196400000,val,1,3.7,0.759,3.96,3.74,1.61,3.63,1.68,0.67,0.57,1.25,0,0.08,neutral,neutral,0,0.823,32,10323,0,
s35818,STXUSDT,1789196400000,testA,1,2.44,0.589,3.14,2.49,2.1,2.36,0.74,0.87,0.6,0.94,0,0.08,neutral,neutral,0,0.712,32,10322,0,
s35819,ARBUSDT,1789197300000,val,1,2.08,0.407,2.93,2.58,2.83,2.06,1.69,0.22,0.22,0.35,0,0.03,neutral,alcista,0,-0.075,32,10324,6,
s35820,PENDLEUSDT,1789197300000,val,1,3.58,0.753,3.65,3.62,1.68,3.55,1.69,0.67,0.57,1.25,0,0.03,neutral,neutral,0,0.845,32,10324,1,
s35821,STXUSDT,1789197300000,testA,1,2.24,0.569,3.13,2.71,1.53,2.21,0.97,0.87,0.6,0.94,0,0.03,neutral,neutral,0,0.458,32,10323,1,
s35822,ARBUSDT,1789198200000,val,1,3.06,0.528,4.05,3.36,2.36,3.02,2.27,0.22,0.22,0.35,0,0.04,neutral,alcista,0,-0.219,32,10325,7,
s35823,PENDLEUSDT,1789198200000,val,1,3.16,0.731,3.42,3.2,1.36,3.12,1.85,0.67,0.57,1.25,0,0.04,neutral,alcista,0,0.882,32,10325,2,
s35824,FETUSDT,1789198200000,val,1,2.09,0.493,2.39,2.16,1.42,2.05,1.31,0.32,0.33,0.79,0,0.04,neutral,alcista,0,-0.243,32,10324,3,
s35825,STXUSDT,1789198200000,testA,1,2.35,0.581,2.71,2.45,0.7,2.31,1.01,0.87,0.6,0.94,0,0.04,neutral,alcista,0,0.446,32,10324,2,
s35826,XPLUSDT,1789199100000,val,1,2.0,0.673,2.53,2.42,1.06,2.0,1.07,0.32,0.4,0.74,0,0.0,neutral,neutral,0,-0.858,32,10326,1,
s35827,ARBUSDT,1789199100000,val,1,2.36,0.376,4.07,2.81,2.03,2.36,1.54,0.22,0.22,0.35,0,0.0,neutral,neutral,0,-0.173,32,10326,0,
s35828,PENDLEUSDT,1789199100000,val,1,2.54,0.687,3.25,3.0,1.17,2.54,1.68,0.67,0.57,1.25,0,0.0,neutral,alcista,0,0.933,32,10326,3,
s35829,FETUSDT,1789199100000,val,1,2.15,0.5,2.39,2.22,1.34,2.15,1.25,0.32,0.33,0.79,0,0.0,neutral,alcista,0,-0.395,32,10325,4,
s35830,STXUSDT,1789199100000,testA,1,2.23,0.569,2.59,2.37,0.81,2.23,1.09,0.87,0.6,0.94,0,0.0,neutral,alcista,0,0.222,32,10325,3,
s35831,XPLUSDT,1789200000000,val,1,2.47,0.796,2.81,2.7,1.09,2.46,1.25,0.36,0.36,0.74,0,0.01,neutral,alcista,0,-1.0,32,10327,2,
s35832,INJUSDT,1789200000000,val,1,2.95,0.555,3.45,2.9,0.66,2.94,1.22,0.6,0.51,0.8,0,0.01,neutral,neutral,0,-0.264,32,10327,1,
s35833,PENDLEUSDT,1789200000000,val,1,3.07,0.734,3.51,3.47,1.14,3.06,1.91,0.72,0.59,1.28,0,0.01,neutral,alcista,0,0.656,32,10327,4,
s35834,STXUSDT,1789200000000,testA,1,2.58,0.615,2.59,2.55,0.78,2.57,1.21,0.92,0.66,0.97,0,0.01,neutral,alcista,0,0.176,32,10326,4,
s35835,PUMPUSDT,1789200900000,val,1,2.01,0.477,2.86,2.45,1.01,1.95,1.08,0.26,0.3,0.73,0,0.06,neutral,neutral,0,0.886,32,10328,1,
s35836,ARBUSDT,1789200900000,val,1,2.14,0.367,4.09,2.45,1.74,2.08,0.91,0.22,0.22,0.35,0,0.06,neutral,neutral,0,-0.031,32,10328,0,
s35837,PENDLEUSDT,1789200900000,val,1,2.87,0.722,3.76,3.61,1.28,2.81,1.77,0.72,0.59,1.28,0,0.06,neutral,alcista,0,0.913,32,10328,5,
s35838,STXUSDT,1789200900000,testA,1,2.14,0.56,2.47,2.17,0.76,2.08,1.05,0.92,0.66,0.97,0,0.06,neutral,neutral,0,0.138,32,10327,0,
s35839,PENDLEUSDT,1789201800000,val,1,3.09,0.781,4.0,3.7,1.41,2.96,1.6,0.72,0.59,1.28,0,0.13,neutral,alcista,0,0.715,32,10329,6,
s35840,FETUSDT,1789201800000,val,1,2.15,0.621,2.63,2.28,1.61,2.02,0.96,0.36,0.34,0.78,0,0.13,neutral,neutral,0,-0.615,32,10328,0,
s35841,STXUSDT,1789201800000,testA,1,2.41,0.589,2.91,2.57,1.24,2.28,1.36,0.92,0.66,0.97,0,0.13,neutral,neutral,0,-0.29,32,10328,1,
s35842,STBLUSDT,1789202700000,val,1,2.03,0.574,3.01,2.61,3.67,1.85,1.19,0.59,0.51,0.76,0,0.18,neutral,alcista,0,-0.042,32,10330,2,
s35843,PENDLEUSDT,1789202700000,val,1,3.18,0.816,4.01,3.53,1.52,3.0,1.29,0.72,0.59,1.28,0,0.18,neutral,neutral,0,0.743,32,10330,0,
s35844,STXUSDT,1789202700000,testA,1,2.22,0.518,2.92,2.25,1.25,2.04,0.92,0.92,0.66,0.97,0,0.18,neutral,neutral,0,-0.217,32,10329,0,
s35845,STBLUSDT,1789203600000,val,1,2.63,0.714,3.11,2.97,2.98,2.44,1.4,0.7,0.54,0.75,0,0.19,neutral,alcista,0,-0.111,32,10331,3,
s35846,PENDLEUSDT,1789203600000,val,1,2.95,0.775,3.58,3.04,1.45,2.77,1.05,0.78,0.64,1.31,0,0.19,neutral,neutral,0,1.023,32,10331,0,
s35847,STXUSDT,1789203600000,testA,1,2.13,0.509,2.91,2.57,1.26,1.94,1.09,0.98,0.72,0.98,0,0.19,neutral,neutral,0,-0.275,32,10330,1,
s35848,STBLUSDT,1789204500000,val,1,3.16,0.792,3.36,3.36,1.14,2.93,1.65,0.7,0.54,0.75,0,0.23,neutral,alcista,0,-0.174,32,10332,4,
s35849,PENDLEUSDT,1789204500000,val,1,3.09,0.783,3.6,3.05,1.55,2.86,1.13,0.78,0.64,1.31,0,0.23,neutral,neutral,0,1.138,32,10332,1,
s35850,STXUSDT,1789204500000,testA,1,2.4,0.578,2.98,2.68,1.3,2.17,1.06,0.98,0.72,0.98,0,0.23,neutral,alcista,0,-0.569,32,10331,2,
s35851,STBLUSDT,1789205400000,val,1,3.19,0.794,3.68,3.53,1.17,3.06,1.64,0.7,0.54,0.75,0,0.14,neutral,alcista,0,-0.268,32,10333,5,
s35852,PENDLEUSDT,1789205400000,val,1,2.97,0.776,3.6,3.1,1.22,2.84,1.1,0.78,0.64,1.31,0,0.14,neutral,alcista,0,0.888,32,10333,2,
s35853,STXUSDT,1789205400000,testA,1,2.33,0.55,2.65,2.24,0.84,2.19,0.87,0.98,0.72,0.98,0,0.14,neutral,neutral,0,-0.467,32,10332,0,
s35854,STBLUSDT,1789206300000,val,1,3.16,0.778,3.76,3.43,1.03,2.97,1.41,0.7,0.54,0.75,0,0.18,neutral,neutral,0,-0.404,32,10334,0,
s35855,PENDLEUSDT,1789206300000,val,1,3.19,0.801,3.6,3.26,1.25,3.0,1.14,0.78,0.64,1.31,0,0.18,neutral,alcista,0,0.721,32,10334,3,
s35856,STXUSDT,1789206300000,testA,1,2.39,0.558,2.6,2.56,0.88,2.21,1.31,0.98,0.72,0.98,0,0.18,neutral,neutral,0,-0.565,32,10333,1,
s35857,STBLUSDT,1789207200000,val,1,2.63,0.574,3.74,2.86,1.29,2.39,0.79,0.9,0.63,0.74,0,0.24,neutral,neutral,0,-0.128,32,10335,0,
s35858,PENDLEUSDT,1789207200000,val,1,2.82,0.782,3.1,2.8,1.27,2.58,1.05,0.75,0.63,1.32,0,0.24,neutral,alcista,0,0.805,32,10335,4,
s35859,STXUSDT,1789207200000,testA,1,2.7,0.587,2.77,2.66,1.07,2.45,1.48,1.13,0.8,1.02,0,0.24,neutral,alcista,0,-0.764,32,10334,2,
s35860,PENDLEUSDT,1789208100000,val,1,2.31,0.666,2.88,2.4,0.94,2.13,0.76,0.75,0.63,1.32,0,0.18,neutral,neutral,0,0.973,32,10336,0,
s35861,STXUSDT,1789208100000,testA,1,2.07,0.524,3.13,2.65,1.18,1.89,1.61,1.13,0.8,1.02,0,0.18,neutral,alcista,0,-1.0,29,10335,3,
s35862,STXUSDT,1789209000000,testA,1,2.3,0.581,3.13,2.76,1.38,2.24,1.48,1.13,0.8,1.02,0,0.06,neutral,alcista,0,-1.0,28,10336,4,
s35863,GRTUSDT,1789209000000,testA,1,2.02,0.474,2.2,2.2,1.05,1.96,1.3,0.27,0.31,0.5,0,0.06,neutral,alcista,0,0.025,32,10336,4,
s35864,STXUSDT,1789209900000,testA,1,2.37,0.589,3.13,2.83,1.35,2.32,1.4,1.13,0.8,1.02,0,0.05,neutral,alcista,0,-1.0,27,10337,5,
s35865,STXUSDT,1789210800000,testA,1,2.65,0.7,3.06,2.69,1.05,2.65,1.08,1.13,0.86,1.01,0,-0.01,neutral,neutral,0,-1.0,25,10338,0,
s35866,STXUSDT,1789211700000,testA,1,2.19,0.58,2.8,2.21,0.96,2.2,0.79,1.13,0.86,1.01,0,-0.01,neutral,neutral,0,-1.0,24,10339,0,
s35867,STXUSDT,1789213500000,testA,1,2.14,0.463,2.54,2.21,0.77,2.03,0.96,1.13,0.86,1.01,0,0.12,neutral,neutral,0,-1.0,20,10341,1,
s35868,PENDLEUSDT,1789218000000,val,1,2.45,0.494,3.09,2.92,1.81,2.52,1.77,1.0,0.83,1.01,0,-0.07,neutral,alcista,0,-0.022,32,10347,3,
s35869,STBLUSDT,1789218900000,val,-1,-2.04,0.475,2.64,2.5,0.77,-1.95,0.67,1.01,0.68,0.69,0,-0.09,neutral,bajista,0,-1.0,7,10348,2,
s35870,0GUSDT,1789218900000,val,1,2.32,0.564,2.37,2.32,1.87,2.41,1.15,0.33,0.31,0.42,0,-0.09,neutral,neutral,0,0.311,32,10348,1,
s35871,PENDLEUSDT,1789218900000,val,1,3.13,0.555,3.85,3.73,2.36,3.21,2.36,1.0,0.83,1.01,0,-0.09,neutral,alcista,0,-0.225,32,10348,4,
s35872,PENDLEUSDT,1789219800000,val,1,2.58,0.425,3.91,3.27,2.23,2.63,1.71,1.0,0.83,1.01,0,-0.05,neutral,neutral,0,-0.182,32,10349,0,
s35873,STBLUSDT,1789221600000,val,-1,-2.05,0.406,2.77,2.25,2.2,-2.01,1.12,1.07,0.83,0.71,1,-0.04,neutral,bajista,0,-1.0,3,10351,2,
s35874,PUMPUSDT,1789224300000,val,1,3.01,0.43,3.85,3.65,1.96,2.83,1.99,0.31,0.28,0.48,0,0.17,neutral,alcista,1,2.0,12,10354,3,
s35875,PUMPUSDT,1789225200000,val,1,2.73,0.375,3.87,3.13,2.31,2.6,1.33,0.36,0.29,0.45,0,0.13,neutral,neutral,1,2.0,10,10355,0,
s35876,GRTUSDT,1789225200000,testA,1,2.27,0.532,2.6,2.44,1.53,2.14,1.42,0.38,0.34,0.35,0,0.13,neutral,alcista,0,-1.0,32,10354,4,
s35877,PUMPUSDT,1789226100000,val,1,3.24,0.415,3.98,3.52,1.83,3.04,1.71,0.36,0.29,0.45,0,0.2,neutral,neutral,1,2.0,10,10356,1,
s35878,GRTUSDT,1789226100000,testA,1,2.17,0.494,2.66,2.12,1.59,1.97,0.94,0.38,0.34,0.35,0,0.2,neutral,neutral,0,-1.0,31,10355,0,
s35879,PUMPUSDT,1789227000000,val,1,2.87,0.362,3.99,3.28,1.88,2.8,1.31,0.36,0.29,0.45,0,0.07,neutral,neutral,1,2.0,8,10357,0,
s35880,GRTUSDT,1789227000000,testA,1,2.16,0.494,2.49,2.38,1.53,2.09,1.33,0.38,0.34,0.35,0,0.07,neutral,neutral,0,-1.0,16,10356,1,
s35881,PENDLEUSDT,1789227900000,val,1,2.34,0.354,3.62,2.49,0.57,2.32,0.64,0.85,0.81,0.79,1,0.02,neutral,neutral,0,0.103,32,10358,0,
s35882,GRTUSDT,1789227900000,testA,1,2.1,0.475,2.55,2.22,1.47,2.08,1.05,0.38,0.34,0.35,0,0.02,neutral,neutral,0,-1.0,15,10357,0,
s35883,PUMPUSDT,1789228800000,val,1,3.81,0.487,4.29,3.91,1.28,3.76,1.7,0.42,0.32,0.42,0,0.05,neutral,alcista,0,0.736,32,10359,2,
s35884,PUMPUSDT,1789229700000,val,1,3.06,0.414,3.51,2.97,1.17,2.99,1.37,0.42,0.32,0.42,0,0.07,neutral,neutral,1,2.0,5,10360,0,
s35885,WLDUSDT,1789229700000,val,1,2.32,0.578,3.04,2.87,1.4,2.25,1.53,0.39,0.33,0.35,0,0.07,neutral,neutral,0,-1.0,22,10360,1,
s35886,PENDLEUSDT,1789229700000,val,1,2.85,0.401,3.12,2.77,0.95,2.78,1.52,0.91,0.82,0.75,1,0.07,neutral,neutral,0,-0.123,32,10360,1,
s35887,PUMPUSDT,1789231500000,val,1,2.06,0.385,3.32,2.64,1.43,2.02,1.14,0.42,0.32,0.42,0,0.04,neutral,neutral,1,2.0,3,10362,1,
s35888,PUMPUSDT,1789232400000,val,1,4.1,0.615,4.88,4.21,2.16,4.05,2.44,0.86,0.54,0.48,1,0.05,neutral,alcista,0,0.567,32,10363,2,
s35889,PUMPUSDT,1789233300000,val,1,6.92,0.734,7.02,6.6,3.69,6.93,4.46,0.86,0.54,0.48,1,-0.01,neutral,alcista,0,-0.095,32,10364,3,
s35890,ARBUSDT,1789233300000,val,-1,-2.18,0.45,2.94,2.7,2.84,-2.17,1.66,0.22,0.23,0.21,0,-0.01,neutral,bajista,0,-0.024,32,10364,5,
s35891,STXUSDT,1789233300000,testA,-1,-2.11,0.358,2.5,2.5,1.04,-2.1,1.33,0.75,0.94,0.73,0,-0.01,neutral,neutral,0,-0.333,32,10363,1,
s35892,PUMPUSDT,1789234200000,val,1,7.75,0.756,8.58,7.65,5,7.83,5.27,0.86,0.54,0.48,1,-0.08,neutral,alcista,0,-0.189,32,10365,4,
s35893,INJUSDT,1789235100000,val,1,2.21,0.413,2.56,2.25,1.93,2.41,1.46,0.35,0.36,0.45,0,-0.2,neutral,alcista,0,-1.0,31,10366,2,
s35894,PUMPUSDT,1789236000000,val,1,7.99,0.709,8.99,7.47,3.75,8.25,4.27,1.1,0.67,0.5,1,-0.26,neutral,neutral,0,-0.138,32,10367,0,
s35895,ARBUSDT,1789236000000,val,-1,-2.29,0.502,3.1,2.79,1.25,-2.03,1.37,0.22,0.21,0.2,1,-0.26,neutral,bajista,0,0.196,32,10367,2,
s35896,INJUSDT,1789236000000,val,1,2.48,0.441,2.6,2.56,2.09,2.74,1.75,0.52,0.43,0.47,0,-0.26,neutral,alcista,0,-1.0,30,10367,3,
s35897,PUMPUSDT,1789236900000,val,1,8.43,0.72,9.28,7.87,2.75,8.72,4.53,1.1,0.67,0.5,1,-0.29,neutral,neutral,0,-0.224,32,10368,1,
s35898,ARBUSDT,1789236900000,val,-1,-2.25,0.491,3.1,2.66,0.95,-1.96,1.08,0.22,0.21,0.2,1,-0.29,neutral,neutral,0,0.309,32,10368,0,
s35899,INJUSDT,1789236900000,val,1,3.21,0.507,3.53,3.5,2.43,3.5,2.43,0.52,0.43,0.47,0,-0.29,neutral,alcista,0,-1.0,29,10368,4,
s35900,PUMPUSDT,1789237800000,val,1,6.91,0.551,8.99,6.46,1.74,7.24,3.07,1.1,0.67,0.5,1,-0.34,neutral,neutral,0,-0.14,32,10369,0,
s35901,INJUSDT,1789237800000,val,1,3.35,0.528,4.16,3.56,2.64,3.68,2.28,0.52,0.43,0.47,0,-0.34,neutral,alcista,0,-1.0,28,10369,5,
s35902,PUMPUSDT,1789238700000,val,1,6.46,0.537,8.43,6.81,1.46,6.88,3.61,1.1,0.67,0.5,1,-0.42,neutral,neutral,0,-0.316,32,10370,1,
s35903,0GUSDT,1789238700000,val,1,2.07,0.5,2.69,2.38,1.77,2.49,1.08,0.39,0.32,0.36,0,-0.42,neutral,alcista,0,-1.0,26,10370,2,
s35904,STXUSDT,1789238700000,testA,-1,-2.0,0.482,2.65,2.34,0.51,-1.58,0.61,0.73,0.84,0.7,0,-0.42,neutral,bajista,0,-1.0,28,10369,2,
s35905,XPLUSDT,1789239600000,val,-1,-2.04,0.772,2.31,2.07,2.05,-1.71,0.92,0.83,0.59,0.46,1,-0.33,neutral,bajista,0,0.673,32,10371,6,
s35906,PUMPUSDT,1789239600000,val,1,7.29,0.619,8.41,7.03,1.13,7.62,3.42,1.27,0.75,0.52,1,-0.33,neutral,alcista,0,-0.418,32,10371,2,
s35907,0GUSDT,1789239600000,val,1,2.38,0.561,2.58,2.48,1.26,2.71,1.14,0.37,0.34,0.37,0,-0.33,neutral,alcista,0,-1.0,25,10371,3,
s35908,ARBUSDT,1789239600000,val,-1,-2.05,0.531,3.19,2.74,0.46,-1.72,0.91,0.22,0.2,0.2,0,-0.33,neutral,neutral,0,0.255,32,10371,0,
s35909,INJUSDT,1789239600000,val,1,2.85,0.351,4.18,3.25,2.43,3.18,1.6,0.6,0.45,0.47,0,-0.33,neutral,neutral,0,-1.0,26,10371,1,
s35910,FETUSDT,1789239600000,val,-1,-2.23,0.704,2.4,2.28,0.74,-1.9,0.83,0.41,0.37,0.34,1,-0.33,neutral,neutral,0,0.158,32,10370,0,
s35911,STXUSDT,1789239600000,testA,-1,-2.04,0.487,2.43,2.31,0.51,-1.71,0.85,0.7,0.85,0.7,0,-0.33,neutral,bajista,0,-1.0,26,10370,3,
s35912,XPLUSDT,1789240500000,val,-1,-2.28,0.79,2.88,2.63,2.04,-1.86,1.31,0.83,0.59,0.46,1,-0.42,neutral,bajista,0,0.368,32,10372,7,
s35913,PUMPUSDT,1789240500000,val,1,5.68,0.46,8.44,6.02,0.74,6.1,2.09,1.27,0.75,0.52,1,-0.42,neutral,neutral,0,-0.262,32,10372,0,
s35914,0GUSDT,1789240500000,val,1,2.74,0.596,3.23,2.82,1.65,3.17,1.38,0.37,0.34,0.37,0,-0.42,neutral,alcista,0,-1.0,24,10372,4,
s35915,ARBUSDT,1789240500000,val,-1,-2.42,0.588,3.2,3.07,0.4,-2.0,1.04,0.22,0.2,0.2,0,-0.42,neutral,neutral,0,0.016,32,10372,1,
s35916,FETUSDT,1789240500000,val,-1,-2.12,0.692,3.0,2.46,1.44,-1.7,0.99,0.41,0.37,0.34,1,-0.42,neutral,neutral,0,-0.073,32,10371,1,
s35917,XPLUSDT,1789241400000,val,-1,-3.09,0.836,3.79,3.5,2.33,-2.67,1.93,0.83,0.59,0.46,1,-0.42,neutral,bajista,0,-0.046,32,10373,8,
s35918,PUMPUSDT,1789241400000,val,1,5.28,0.413,8.39,5.33,0.62,5.7,1.15,1.27,0.75,0.52,1,-0.42,neutral,neutral,0,-0.312,32,10373,0,
s35919,WLDUSDT,1789241400000,val,-1,-2.04,0.426,3.18,3.03,1.0,-1.61,1.06,0.44,0.35,0.31,1,-0.42,neutral,bajista,0,0.289,32,10373,2,
s35920,ENAUSDT,1789241400000,val,-1,-2.11,0.767,2.48,2.3,1.05,-1.69,1.06,0.37,0.36,0.37,0,-0.42,neutral,bajista,0,-0.043,32,10373,5,
s35921,ARBUSDT,1789241400000,val,-1,-3.48,0.747,4.33,3.85,0.81,-3.06,1.71,0.22,0.2,0.2,0,-0.42,neutral,bajista,0,-0.224,32,10373,2,
s35922,FETUSDT,1789241400000,val,-1,-2.06,0.66,3.0,2.28,1.47,-1.63,0.73,0.41,0.37,0.34,1,-0.42,neutral,neutral,0,-0.079,32,10372,0,
s35923,GRTUSDT,1789241400000,testA,-1,-2.22,0.672,2.71,2.43,0.8,-1.8,0.86,0.34,0.32,0.31,1,-0.42,neutral,bajista,0,-1.0,18,10372,2,
s35924,XPLUSDT,1789242300000,val,-1,-4.09,0.871,5.62,4.64,3.46,-3.75,2.76,0.83,0.59,0.46,1,-0.34,neutral,bajista,0,-0.243,32,10374,8,
s35925,PUMPUSDT,1789242300000,val,1,6.48,0.464,8.16,6.34,0.75,6.81,2.22,1.27,0.75,0.52,1,-0.34,neutral,neutral,0,-0.595,32,10374,1,
s35926,ARBUSDT,1789242300000,val,-1,-3.05,0.68,4.19,3.58,0.86,-2.71,1.45,0.22,0.2,0.2,0,-0.34,neutral,neutral,0,-0.46,32,10374,0,
s35927,GRTUSDT,1789242300000,testA,-1,-2.01,0.627,2.65,2.32,0.81,-1.67,0.82,0.34,0.32,0.31,1,-0.34,neutral,neutral,0,-1.0,17,10373,0,
s35928,XPLUSDT,1789243200000,val,-1,-3.67,0.782,5.03,3.84,3.81,-3.43,2.28,0.94,0.63,0.46,1,-0.25,neutral,neutral,0,-0.25,32,10375,0,
s35929,ARBUSDT,1789243200000,val,-1,-2.78,0.587,3.98,2.95,0.93,-2.53,0.94,0.21,0.19,0.2,0,-0.25,neutral,neutral,0,-0.323,32,10375,0,
s35930,XPLUSDT,1789244100000,val,-1,-3.03,0.612,5.0,3.36,3.72,-2.79,1.65,0.94,0.63,0.46,1,-0.25,neutral,neutral,0,-0.176,32,10376,0,
s35931,WLDUSDT,1789244100000,val,-1,-2.19,0.556,3.16,2.49,0.99,-1.94,0.46,0.38,0.34,0.3,1,-0.25,neutral,neutral,0,0.53,32,10376,0,
s35932,ARBUSDT,1789244100000,val,-1,-2.66,0.572,3.89,2.84,0.94,-2.42,0.87,0.21,0.19,0.2,0,-0.25,neutral,neutral,0,-0.474,32,10376,0,
s35933,XPLUSDT,1789245000000,val,-1,-2.67,0.525,4.9,3.01,2.3,-2.43,1.26,0.94,0.63,0.46,1,-0.24,neutral,neutral,0,-0.008,32,10377,0,
s35934,ARBUSDT,1789245000000,val,-1,-2.29,0.532,3.57,2.51,0.37,-2.05,0.74,0.21,0.19,0.2,0,-0.24,neutral,neutral,0,-0.373,32,10377,0,
s35935,XPLUSDT,1789245900000,val,-1,-2.4,0.497,4.91,3.13,0.81,-2.15,1.21,0.94,0.63,0.46,1,-0.25,neutral,neutral,0,-0.064,32,10378,1,
s35936,JUPUSDT,1789245900000,val,-1,-2.1,0.481,2.52,2.35,0.65,-1.85,0.95,0.27,0.3,0.4,0,-0.25,neutral,neutral,0,0.614,32,10378,1,
s35937,XPLUSDT,1789246800000,val,-1,-2.74,0.596,4.91,3.19,0.42,-2.48,1.13,0.95,0.62,0.46,1,-0.25,neutral,bajista,0,-0.051,32,10379,2,
s35938,XPLUSDT,1789247700000,val,-1,-2.51,0.532,4.75,2.86,0.3,-2.39,0.85,0.95,0.62,0.46,1,-0.12,neutral,neutral,0,-0.031,32,10380,0,
s35939,XPLUSDT,1789248600000,val,-1,-2.59,0.546,4.57,2.73,0.26,-2.59,0.77,0.95,0.62,0.46,1,-0.0,neutral,neutral,0,-0.22,32,10381,1,
s35940,XPLUSDT,1789249500000,val,-1,-2.17,0.493,4.34,2.47,0.24,-2.23,0.7,0.95,0.62,0.46,1,0.06,neutral,neutral,0,-0.244,32,10382,0,
s35941,XPLUSDT,1789250400000,val,-1,-2.32,0.509,4.35,2.65,0.26,-2.44,0.79,0.91,0.64,0.45,1,0.12,neutral,neutral,0,-0.209,32,10383,1,
s35942,XPLUSDT,1789251300000,val,-1,-2.22,0.497,3.84,2.34,0.27,-2.21,0.9,0.91,0.64,0.45,1,-0.0,neutral,bajista,0,-0.473,32,10384,2,
s35943,INJUSDT,1789251300000,val,-1,-2.26,0.371,3.23,3.0,0.39,-2.26,0.64,0.56,0.42,0.44,0,-0.0,neutral,neutral,0,0.394,32,10384,1,
s35944,XPLUSDT,1789252200000,val,-1,-2.02,0.434,3.81,2.11,0.33,-2.02,0.58,0.91,0.64,0.45,1,0.0,neutral,neutral,0,-0.333,32,10385,0,
s35945,INJUSDT,1789252200000,val,-1,-2.39,0.392,2.9,2.68,0.5,-2.4,0.7,0.56,0.42,0.44,0,0.0,neutral,bajista,0,0.559,32,10385,2,
s35946,INJUSDT,1789254000000,val,-1,-2.58,0.545,2.75,2.7,0.68,-2.71,1.2,0.5,0.42,0.44,0,0.13,neutral,bajista,0,-1.0,5,10387,4,
s35947,PUMPUSDT,1789256700000,val,-1,-3.11,0.384,4.37,3.55,0.91,-3.31,1.15,0.83,0.84,0.54,0,0.21,neutral,neutral,0,0.433,32,10390,0,
s35948,MANAUSDT,1789262100000,testA,1,2.47,0.797,2.73,2.65,2.07,2.41,1.61,0.99,0.86,0.73,1,0.06,neutral,alcista,0,0.744,32,10395,8,
s35949,AXSUSDT,1789262100000,testA,1,2.21,0.779,2.57,2.48,2.23,2.14,1.41,0.88,0.8,0.75,1,0.06,neutral,neutral,0,-0.235,32,10395,1,
s35950,GRTUSDT,1789263000000,testA,1,2.04,0.446,3.36,2.92,0.76,1.97,1.56,0.76,0.55,0.43,1,0.08,neutral,alcista,0,-0.5,32,10396,4,
s35951,MANAUSDT,1789263000000,testA,1,2.5,0.813,2.89,2.62,1.98,2.42,1.47,0.99,0.86,0.73,1,0.08,neutral,neutral,0,0.751,32,10396,0,
s35952,AXSUSDT,1789263000000,testA,1,2.6,0.876,3.28,2.72,3.51,2.52,1.53,0.88,0.8,0.75,1,0.08,neutral,alcista,0,-0.306,32,10396,2,
s35953,MANAUSDT,1789263900000,testA,1,2.13,0.629,2.9,2.3,1.91,2.04,1.02,0.99,0.86,0.73,1,0.09,neutral,neutral,1,2.0,18,10397,0,
s35954,AXSUSDT,1789263900000,testA,1,2.7,0.88,3.28,2.94,3.98,2.62,1.6,0.88,0.8,0.75,1,0.09,neutral,alcista,0,-0.208,32,10397,3,
s35955,APEUSDT,1789263900000,testA,1,2.22,0.652,2.32,2.25,2.7,2.14,1.28,0.46,0.47,0.52,0,0.09,neutral,neutral,0,-1.0,27,10397,1,
s35956,STXUSDT,1789264800000,testA,1,3.31,0.5,4.18,3.64,2.98,3.27,2.46,1.01,0.82,0.87,0,0.04,neutral,alcista,0,-0.08,32,10398,3,
s35957,MANAUSDT,1789264800000,testA,1,2.74,0.686,2.97,2.96,1.74,2.7,1.55,1.32,1.05,0.82,1,0.04,neutral,neutral,0,0.812,32,10398,1,
s35958,AXSUSDT,1789264800000,testA,1,2.68,0.867,4.01,2.89,5,2.65,1.41,1.35,0.98,0.86,1,0.04,neutral,neutral,0,-0.128,32,10398,0,
s35959,STXUSDT,1789265700000,testA,1,3.34,0.503,4.47,3.71,3.77,3.25,2.27,1.01,0.82,0.87,0,0.09,neutral,alcista,0,-0.157,32,10399,4,
s35960,GRTUSDT,1789265700000,testA,1,2.82,0.526,3.55,3.45,0.6,2.74,1.69,0.83,0.55,0.45,1,0.09,neutral,alcista,0,-0.5,32,10399,2,
s35961,MANAUSDT,1789265700000,testA,1,3.26,0.779,3.45,3.29,1.94,3.18,1.73,1.32,1.05,0.82,1,0.09,neutral,alcista,0,0.663,32,10399,2,
s35962,AXSUSDT,1789265700000,testA,1,2.89,0.95,4.01,2.96,5,2.8,1.36,1.35,0.98,0.86,1,0.09,neutral,neutral,0,-0.157,32,10399,1,
s35963,STXUSDT,1789266600000,testA,1,3.35,0.503,4.47,3.64,3.75,3.2,1.96,1.01,0.82,0.87,0,0.14,neutral,neutral,0,-0.16,32,10400,0,
s35964,GRTUSDT,1789266600000,testA,1,3.16,0.553,3.86,3.76,0.55,3.01,1.83,0.83,0.55,0.45,1,0.14,neutral,alcista,0,-0.629,32,10400,3,
s35965,MANAUSDT,1789266600000,testA,1,3.43,0.792,3.63,3.37,2.14,3.28,1.69,1.32,1.05,0.82,1,0.14,neutral,alcista,0,0.38,32,10400,3,
s35966,AXSUSDT,1789266600000,testA,1,2.82,0.935,3.82,2.75,3.5,2.67,1.19,1.35,0.98,0.86,1,0.14,neutral,neutral,0,-0.284,32,10400,0,
s35967,0GUSDT,1789267500000,val,-1,-2.09,0.35,3.49,3.17,0.6,-2.18,1.14,0.55,0.43,0.35,1,0.09,neutral,neutral,0,-1.0,9,10402,1,
s35968,STXUSDT,1789267500000,testA,1,2.93,0.415,4.49,3.25,2.15,2.84,1.48,1.01,0.82,0.87,0,0.09,neutral,neutral,0,-0.225,32,10401,0,
s35969,GRTUSDT,1789267500000,testA,1,3.16,0.553,4.19,3.65,0.53,3.07,1.55,0.83,0.55,0.45,1,0.09,neutral,neutral,0,-0.588,32,10401,0,
s35970,MANAUSDT,1789267500000,testA,1,3.66,0.812,3.98,3.53,1.96,3.57,1.7,1.32,1.05,0.82,1,0.09,neutral,alcista,0,0.269,32,10401,4,
s35971,AXSUSDT,1789267500000,testA,1,2.73,0.933,3.82,2.75,3.01,2.64,1.08,1.35,0.98,0.86,1,0.09,neutral,neutral,0,-0.364,32,10401,0,
s35972,0GUSDT,1789268400000,val,-1,-2.08,0.35,3.47,2.64,0.55,-2.09,0.52,0.71,0.49,0.38,1,0.01,neutral,neutral,0,-1.0,8,10403,0,
s35973,STXUSDT,1789268400000,testA,1,3.88,0.498,4.46,4.02,1.42,3.86,2.07,1.22,0.89,0.91,0,0.01,neutral,neutral,0,-0.532,32,10402,1,
s35974,GRTUSDT,1789268400000,testA,1,4.16,0.63,4.21,4.1,0.6,4.15,2.26,1.0,0.61,0.47,1,0.01,neutral,neutral,0,-0.779,32,10402,1,
s35975,MANAUSDT,1789268400000,testA,1,4.06,0.828,4.19,3.96,1.76,4.05,2.09,1.87,1.31,0.94,1,0.01,neutral,alcista,0,0.043,32,10402,5,
s35976,AXSUSDT,1789268400000,testA,1,2.43,0.926,3.42,2.41,0.94,2.41,1.05,1.69,1.12,0.92,1,0.01,neutral,neutral,0,-0.559,32,10402,1,
s35977,STXUSDT,1789269300000,testA,1,3.73,0.469,4.54,3.85,1.06,3.72,1.71,1.22,0.89,0.91,0,0.01,neutral,neutral,0,-0.547,32,10403,0,
s35978,GRTUSDT,1789269300000,testA,1,4.1,0.627,4.73,4.2,0.74,4.09,2.14,1.0,0.61,0.47,1,0.01,neutral,alcista,0,-0.658,32,10403,2,
s35979,MANAUSDT,1789269300000,testA,1,4.03,0.813,4.28,3.84,1.57,4.02,1.8,1.87,1.31,0.94,1,0.01,neutral,neutral,0,0.051,32,10403,0,
s35980,AXSUSDT,1789269300000,testA,1,2.52,0.929,3.28,2.46,0.88,2.51,1.12,1.69,1.12,0.92,1,0.01,neutral,alcista,0,-0.449,32,10403,2,
s35981,STXUSDT,1789270200000,testA,1,3.41,0.448,4.24,3.63,0.96,3.45,1.61,1.22,0.89,0.91,0,-0.04,neutral,neutral,0,-0.4,32,10404,1,
s35982,GRTUSDT,1789270200000,testA,1,4.38,0.653,4.78,4.41,0.78,4.42,2.14,1.0,0.61,0.47,1,-0.04,neutral,alcista,0,-0.627,32,10404,3,
s35983,MANAUSDT,1789270200000,testA,1,4.63,0.834,4.71,4.46,1.35,4.67,2.62,1.87,1.31,0.94,1,-0.04,neutral,neutral,0,-0.163,32,10404,1,
s35984,AXSUSDT,1789270200000,testA,1,2.83,0.936,3.19,2.76,0.94,2.87,1.35,1.69,1.12,0.92,1,-0.04,neutral,alcista,0,-0.538,32,10404,3,
s35985,STXUSDT,1789271100000,testA,1,2.73,0.371,4.25,3.42,0.98,2.83,1.27,1.22,0.89,0.91,0,-0.1,neutral,neutral,0,-0.479,32,10405,0,
s35986,GRTUSDT,1789271100000,testA,1,3.25,0.513,4.79,4.05,1.01,3.35,1.6,1.0,0.61,0.47,1,-0.1,neutral,neutral,0,-0.605,32,10405,0,
s35987,MANAUSDT,1789271100000,testA,1,4.46,0.829,4.94,4.54,1.78,4.56,2.41,1.87,1.31,0.94,1,-0.1,neutral,neutral,0,-0.271,32,10405,0,
s35988,AXSUSDT,1789271100000,testA,1,2.16,0.663,3.05,2.18,1.05,2.26,0.77,1.69,1.12,0.92,1,-0.1,neutral,neutral,0,-0.522,32,10405,0,
s35989,INJUSDT,1789272000000,val,-1,-2.31,0.355,4.86,4.36,0.82,-2.23,0.72,0.53,0.55,0.45,0,-0.08,neutral,neutral,0,0.253,32,10407,0,
s35990,STXUSDT,1789272000000,testA,1,3.23,0.462,4.25,3.45,0.88,3.31,1.19,1.36,0.93,0.94,0,-0.08,neutral,neutral,0,-0.389,32,10406,1,
s35991,GRTUSDT,1789272000000,testA,1,3.77,0.642,4.48,3.58,1.0,3.85,1.28,1.06,0.63,0.48,1,-0.08,neutral,neutral,0,-1.0,21,10406,0,
s35992,MANAUSDT,1789272000000,testA,1,4.47,0.829,4.63,4.29,1.77,4.55,2.24,2.19,1.45,1.0,1,-0.08,neutral,neutral,0,-0.414,32,10406,1,
s35993,INJUSDT,1789272900000,val,-1,-3.41,0.646,4.24,3.56,0.75,-3.36,0.48,0.53,0.55,0.45,0,-0.05,neutral,neutral,0,0.21,32,10408,0,
s35994,PENDLEUSDT,1789272900000,val,-1,-2.18,0.529,2.43,2.26,1.2,-2.12,0.82,0.72,0.66,0.74,0,-0.05,neutral,neutral,0,0.556,32,10408,1,
s35995,STXUSDT,1789272900000,testA,1,2.8,0.429,4.25,3.49,0.62,2.85,1.06,1.36,0.93,0.94,0,-0.05,neutral,alcista,0,-0.208,32,10407,2,
s35996,GRTUSDT,1789272900000,testA,1,2.26,0.363,4.2,2.37,1.84,2.31,0.33,1.06,0.63,0.48,1,-0.05,neutral,neutral,0,-1.0,17,10407,0,
s35997,MANAUSDT,1789272900000,testA,1,3.77,0.689,4.38,3.67,1.45,3.82,1.61,2.19,1.45,1.0,1,-0.05,neutral,neutral,0,-0.206,32,10407,0,
s35998,INJUSDT,1789273800000,val,-1,-2.72,0.591,3.5,2.92,0.74,-2.72,0.56,0.53,0.55,0.45,0,0.0,neutral,neutral,0,0.256,32,10409,1,
s35999,PENDLEUSDT,1789273800000,val,-1,-2.14,0.525,2.9,2.56,1.34,-2.14,1.09,0.72,0.66,0.74,0,0.0,neutral,bajista,0,0.404,32,10409,2,
s36000,STXUSDT,1789273800000,testA,1,2.61,0.398,4.25,3.38,0.61,2.61,0.8,1.36,0.93,0.94,0,0.0,neutral,neutral,0,-0.301,32,10408,0,
s36001,GRTUSDT,1789273800000,testA,1,2.26,0.363,4.2,2.26,1.47,2.26,0.11,1.06,0.63,0.48,1,0.0,neutral,neutral,0,-1.0,16,10408,0,
s36002,MANAUSDT,1789273800000,testA,1,2.72,0.441,4.42,2.85,1.45,2.72,0.65,2.19,1.45,1.0,1,0.0,neutral,neutral,0,0.101,32,10408,0,
s36003,INJUSDT,1789274700000,val,-1,-2.23,0.491,3.1,2.3,0.58,-2.16,0.4,0.53,0.55,0.45,0,-0.08,neutral,neutral,0,0.287,32,10410,0,
s36004,STXUSDT,1789274700000,testA,1,2.45,0.384,4.25,3.59,0.63,2.53,0.98,1.36,0.93,0.94,0,-0.08,neutral,neutral,0,-0.333,32,10409,1,
s36005,MANAUSDT,1789274700000,testA,1,2.8,0.449,3.98,2.96,0.85,2.88,1.08,2.19,1.45,1.0,1,-0.08,neutral,neutral,0,-0.26,32,10409,1,
s36006,STXUSDT,1789275600000,testA,1,3.44,0.541,4.23,4.01,0.59,3.49,1.22,1.46,0.96,0.94,1,-0.05,neutral,alcista,0,-0.423,32,10410,2,
s36007,MANAUSDT,1789275600000,testA,1,2.31,0.38,3.66,2.47,0.61,2.36,0.78,2.23,1.51,1.02,1,-0.05,neutral,neutral,0,-0.275,32,10410,0,
s36008,STXUSDT,1789276500000,testA,1,4.24,0.677,4.65,4.32,0.63,4.21,1.39,1.46,0.96,0.94,1,0.04,neutral,alcista,0,-0.733,32,10411,3,
s36009,0GUSDT,1789277400000,val,1,2.54,0.353,3.69,3.04,1.22,2.53,0.96,0.81,0.58,0.43,1,0.01,neutral,neutral,0,1.067,32,10413,1,
s36010,STXUSDT,1789277400000,testA,1,3.08,0.606,3.45,2.95,0.62,3.06,1.27,1.46,0.96,0.94,1,0.01,neutral,alcista,0,-1.0,22,10412,4,
s36011,MANAUSDT,1789277400000,testA,1,2.18,0.371,3.58,2.67,0.37,2.17,0.79,2.23,1.51,1.02,1,0.01,neutral,alcista,0,-0.38,32,10412,2,
s36012,0GUSDT,1789278300000,val,1,2.64,0.362,3.88,3.43,1.12,2.64,1.3,0.81,0.58,0.43,1,-0.01,neutral,alcista,0,1.132,32,10414,2,
s36013,STXUSDT,1789278300000,testA,1,2.99,0.6,3.19,2.98,0.58,3.0,1.48,1.46,0.96,0.94,1,-0.01,neutral,alcista,0,-1.0,14,10413,5,
s36014,MANAUSDT,1789278300000,testA,1,2.54,0.455,3.58,2.68,0.36,2.54,0.69,2.23,1.51,1.02,1,-0.01,neutral,neutral,0,-0.102,32,10413,0,
s36015,0GUSDT,1789279200000,val,1,2.85,0.401,3.88,3.38,0.86,2.84,1.23,0.79,0.59,0.43,1,0.01,neutral,neutral,0,1.313,32,10415,0,
s36016,MANAUSDT,1789279200000,testA,1,2.91,0.49,3.13,3.1,0.49,2.89,1.51,2.76,1.83,1.2,1,0.01,neutral,neutral,0,-0.475,32,10414,1,
s36017,0GUSDT,1789280100000,val,1,2.74,0.393,3.88,3.43,0.68,2.71,1.19,0.79,0.59,0.43,1,0.04,neutral,neutral,0,1.235,32,10416,1,
s36018,MANAUSDT,1789280100000,testA,1,3.99,0.57,4.32,4.2,1.14,3.96,2.66,2.76,1.83,1.2,1,0.04,neutral,alcista,0,-0.764,32,10415,2,
s36019,0GUSDT,1789281000000,val,1,3.46,0.45,4.35,4.25,0.85,3.48,1.81,0.79,0.59,0.43,1,-0.01,neutral,alcista,0,0.812,32,10417,2,
s36020,MANAUSDT,1789281000000,testA,1,3.51,0.489,4.1,3.43,1.85,3.52,2.15,2.76,1.83,1.2,1,-0.01,neutral,neutral,0,-1.0,22,10416,0,
s36021,0GUSDT,1789281900000,val,1,3.95,0.543,4.2,3.85,0.7,4.19,1.54,0.79,0.59,0.43,1,-0.24,neutral,neutral,0,1.143,32,10418,0,
s36022,MANAUSDT,1789281900000,testA,1,2.97,0.405,3.85,2.85,2.15,3.2,1.54,2.76,1.83,1.2,1,-0.24,neutral,neutral,0,-1.0,21,10417,0,
s36023,0GUSDT,1789282800000,val,1,3.26,0.474,3.71,3.21,0.93,3.42,1.23,0.81,0.61,0.45,1,-0.16,neutral,neutral,0,1.219,32,10419,0,
s36024,MANAUSDT,1789283700000,testA,1,2.56,0.376,3.52,2.61,1.31,2.71,1.28,2.84,1.87,1.27,1,-0.16,neutral,neutral,0,-1.0,9,10419,1,
s36025,0GUSDT,1789284600000,val,1,2.42,0.359,3.26,2.56,0.89,2.5,0.92,0.81,0.61,0.45,1,-0.08,neutral,neutral,1,2.0,29,10421,1,
s36026,PUMPUSDT,1789287300000,val,-1,-2.65,0.43,4.29,4.02,1.29,-2.39,1.39,0.52,0.47,0.62,0,-0.27,neutral,bajista,0,0.49,32,10424,5,
s36027,ARBUSDT,1789287300000,val,-1,-2.76,0.441,4.01,3.91,1.73,-2.5,1.64,0.34,0.23,0.2,1,-0.27,neutral,bajista,0,-0.258,32,10424,5,
s36028,PUMPUSDT,1789288200000,val,-1,-3.01,0.46,5.23,5.04,1.58,-2.51,2.0,0.52,0.47,0.62,0,-0.5,neutral,bajista,0,0.162,32,10425,6,
s36029,ENAUSDT,1789288200000,val,-1,-2.03,0.506,2.87,2.74,2.08,-1.53,1.24,0.43,0.32,0.32,0,-0.5,neutral,neutral,0,-0.201,32,10425,1,
s36030,ARBUSDT,1789288200000,val,-1,-4.89,0.582,7.01,6.66,3.75,-4.39,3.91,0.34,0.23,0.2,1,-0.5,neutral,bajista,0,-0.576,32,10425,6,
s36031,SUIUSDT,1789288200000,val,-1,-2.08,0.62,2.94,2.59,4.08,-1.57,1.57,0.66,0.55,0.51,1,-0.5,neutral,bajista,0,-0.393,32,10425,5,
s36032,JUPUSDT,1789288200000,val,-1,-2.05,0.69,2.39,2.31,3.42,-1.55,1.28,0.47,0.35,0.33,1,-0.5,neutral,bajista,0,-0.074,32,10425,2,
s36033,FETUSDT,1789288200000,val,-1,-2.02,0.362,3.4,3.28,2.43,-1.52,1.92,0.66,0.47,0.41,1,-0.5,neutral,bajista,0,-0.593,32,10424,2,
s36034,GRTUSDT,1789288200000,testA,-1,-2.37,0.564,3.53,3.42,1.32,-1.87,2.21,0.62,0.73,0.51,0,-0.5,neutral,bajista,0,-1.0,22,10424,2,
s36035,PUMPUSDT,1789289100000,val,-1,-3.13,0.49,5.38,4.87,1.78,-2.6,1.68,0.52,0.47,0.62,0,-0.53,neutral,neutral,0,0.184,32,10426,0,
s36036,ARBUSDT,1789289100000,val,-1,-4.28,0.48,6.96,6.03,4.47,-3.75,3.0,0.34,0.23,0.2,1,-0.53,neutral,neutral,0,-0.683,32,10426,0,
s36037,INJUSDT,1789289100000,val,-1,-2.2,0.485,3.83,3.62,2.27,-1.67,1.44,0.43,0.44,0.43,0,-0.53,neutral,neutral,0,-1.0,20,10426,0,
s36038,PUMPUSDT,1789290000000,val,-1,-2.98,0.469,5.38,4.81,1.44,-2.42,1.68,0.57,0.5,0.65,0,-0.56,neutral,neutral,0,0.141,32,10427,0,
s36039,ARBUSDT,1789290000000,val,-1,-4.22,0.478,6.89,4.82,4.84,-3.66,1.76,0.34,0.26,0.21,1,-0.56,neutral,neutral,0,-0.543,32,10427,0,
s36040,JUPUSDT,1789290000000,val,-1,-2.05,0.731,2.48,2.18,1.31,-1.49,0.99,0.37,0.38,0.33,0,-0.56,neutral,neutral,0,-0.235,32,10427,0,
s36041,PENDLEUSDT,1789290000000,val,-1,-2.03,0.516,2.99,2.27,1.47,-1.48,0.64,0.67,0.65,0.72,0,-0.56,neutral,neutral,0,-1.0,22,10427,0,
s36042,FETUSDT,1789290000000,val,-1,-2.31,0.459,3.51,2.97,2.36,-1.75,1.36,0.57,0.5,0.42,1,-0.56,neutral,neutral,0,-1.0,32,10426,0,
s36043,PUMPUSDT,1789290900000,val,-1,-3.87,0.572,5.91,5.53,1.66,-3.03,2.04,0.57,0.5,0.65,0,-0.84,neutral,neutral,0,0.213,32,10428,1,
s36044,WLDUSDT,1789290900000,val,-1,-2.09,0.509,2.89,2.63,1.47,-1.26,1.12,0.41,0.38,0.35,1,-0.84,neutral,neutral,0,-1.0,21,10428,1,
s36045,ENAUSDT,1789290900000,val,-1,-2.07,0.424,2.87,2.66,1.55,-1.24,0.97,0.44,0.36,0.32,1,-0.84,neutral,neutral,0,-0.58,32,10428,1,
s36046,ARBUSDT,1789290900000,val,-1,-3.84,0.445,6.88,4.74,4.69,-3.0,1.47,0.34,0.26,0.21,1,-0.84,neutral,neutral,0,-0.451,32,10428,0,
s36047,SUIUSDT,1789290900000,val,-1,-2.14,0.589,2.93,2.41,2.03,-1.3,1.07,0.61,0.58,0.51,1,-0.84,neutral,neutral,0,-0.661,32,10428,1,
s36048,JUPUSDT,1789290900000,val,-1,-2.1,0.735,2.57,2.4,1.6,-1.26,1.17,0.37,0.38,0.33,0,-0.84,neutral,neutral,0,-0.321,32,10428,1,
s36049,PENDLEUSDT,1789290900000,val,-1,-2.46,0.562,3.16,2.98,1.54,-1.63,1.16,0.67,0.65,0.72,0,-0.84,neutral,neutral,0,-1.0,21,10428,1,
s36050,FETUSDT,1789290900000,val,-1,-2.13,0.409,3.51,2.78,2.17,-1.3,1.08,0.57,0.5,0.42,1,-0.84,neutral,neutral,0,-1.0,31,10427,0,
s36051,STXUSDT,1789290900000,testA,-1,-2.09,0.403,3.68,2.91,1.55,-1.25,0.99,1.33,1.27,0.99,1,-0.84,neutral,neutral,0,-0.329,32,10427,1,
s36052,GRTUSDT,1789290900000,testA,-1,-2.48,0.561,3.75,3.42,1.67,-1.64,1.54,0.52,0.76,0.53,0,-0.84,neutral,neutral,0,-1.0,19,10427,1,
s36053,ARBUSDT,1789291800000,val,-1,-3.77,0.435,6.86,4.46,1.56,-3.01,1.09,0.34,0.26,0.21,1,-0.76,neutral,neutral,0,-0.34,32,10429,0,
s36054,INJUSDT,1789291800000,val,-1,-2.02,0.432,3.8,2.99,0.91,-1.26,0.62,0.38,0.45,0.43,0,-0.76,neutral,neutral,0,-1.0,17,10429,0,
s36055,PENDLEUSDT,1789291800000,val,-1,-2.12,0.487,3.53,2.81,1.27,-1.36,0.93,0.67,0.65,0.72,0,-0.76,neutral,neutral,0,-1.0,20,10429,0,
s36056,GRTUSDT,1789291800000,testA,-1,-2.52,0.58,3.52,2.69,1.52,-1.76,0.92,0.52,0.76,0.53,0,-0.76,neutral,neutral,0,-1.0,17,10428,0,
s36057,PUMPUSDT,1789292700000,val,-1,-3.99,0.489,6.03,4.34,1.34,-3.32,1.11,0.57,0.5,0.65,0,-0.67,neutral,neutral,0,0.394,32,10430,1,
s36058,ARBUSDT,1789292700000,val,-1,-3.75,0.434,6.57,3.9,1.1,-3.09,0.89,0.34,0.26,0.21,1,-0.67,neutral,neutral,0,-0.358,32,10430,0,
s36059,INJUSDT,1789292700000,val,-1,-2.43,0.573,3.8,2.85,0.71,-1.77,0.47,0.38,0.45,0.43,0,-0.67,neutral,neutral,0,-1.0,16,10430,0,
s36060,PENDLEUSDT,1789292700000,val,-1,-2.29,0.553,3.39,2.48,1.22,-1.63,0.77,0.67,0.65,0.72,0,-0.67,neutral,neutral,0,-1.0,18,10430,0,
s36061,FETUSDT,1789292700000,val,-1,-2.13,0.429,3.5,2.53,0.86,-1.46,0.77,0.57,0.5,0.42,1,-0.67,neutral,neutral,0,-1.0,29,10429,0,
s36062,GRTUSDT,1789292700000,testA,-1,-2.25,0.5,3.51,2.47,1.51,-1.59,0.66,0.52,0.76,0.53,0,-0.67,neutral,neutral,0,-1.0,16,10429,0,
s36063,ARBUSDT,1789293600000,val,-1,-2.94,0.369,5.76,3.05,0.65,-2.29,0.73,0.34,0.26,0.22,1,-0.65,neutral,neutral,0,-0.488,32,10431,0,
s36064,PENDLEUSDT,1789293600000,val,-1,-2.23,0.546,3.16,2.29,1.08,-1.58,0.7,0.65,0.68,0.72,0,-0.65,neutral,neutral,0,-1.0,17,10431,1,
s36065,FETUSDT,1789293600000,val,-1,-2.19,0.435,3.5,2.66,0.68,-1.54,0.81,0.55,0.51,0.42,1,-0.65,neutral,neutral,0,-1.0,28,10430,1,
s36066,GRTUSDT,1789293600000,testA,-1,-2.36,0.512,3.46,2.52,0.88,-1.71,0.72,0.47,0.77,0.53,0,-0.65,neutral,neutral,0,-1.0,15,10430,1,
s36067,PENDLEUSDT,1789294500000,val,-1,-2.03,0.522,2.85,2.06,0.74,-1.35,0.68,0.65,0.68,0.72,0,-0.69,neutral,bajista,0,-1.0,16,10432,2,
s36068,FETUSDT,1789294500000,val,-1,-2.54,0.506,3.51,2.84,0.49,-1.85,0.88,0.55,0.51,0.42,1,-0.69,neutral,bajista,0,-1.0,27,10431,2,
s36069,GRTUSDT,1789294500000,testA,-1,-2.04,0.442,3.45,2.36,0.68,-1.35,0.58,0.47,0.77,0.53,0,-0.69,neutral,neutral,0,-1.0,14,10431,0,
s36070,PENDLEUSDT,1789295400000,val,-1,-2.02,0.519,2.6,2.09,0.79,-1.25,0.92,0.65,0.68,0.72,0,-0.77,neutral,bajista,0,-1.0,13,10433,3,
s36071,FETUSDT,1789295400000,val,-1,-2.6,0.512,3.52,3.22,0.38,-1.83,1.17,0.55,0.51,0.42,1,-0.77,neutral,bajista,0,-1.0,26,10432,3,
s36072,GRTUSDT,1789295400000,testA,-1,-2.2,0.461,3.46,2.69,0.41,-1.43,0.81,0.47,0.77,0.53,0,-0.77,neutral,neutral,0,-1.0,13,10432,1,
s36073,JUPUSDT,1789296300000,val,-1,-2.03,0.545,2.71,2.54,0.85,-1.46,1.2,0.4,0.41,0.34,0,-0.57,neutral,bajista,0,-0.542,32,10434,4,
s36074,FETUSDT,1789296300000,val,-1,-2.43,0.494,3.53,3.34,0.5,-1.86,1.16,0.55,0.51,0.42,1,-0.57,neutral,bajista,0,-1.0,25,10433,4,
s36075,GRTUSDT,1789296300000,testA,-1,-2.1,0.429,3.08,2.2,0.63,-1.53,0.64,0.47,0.77,0.53,0,-0.57,neutral,neutral,0,-1.0,11,10433,0,
s36076,JUPUSDT,1789297200000,val,-1,-2.15,0.586,2.5,2.37,0.89,-1.32,1.11,0.43,0.42,0.34,1,-0.83,neutral,bajista,0,-0.418,32,10435,5,
s36077,FETUSDT,1789297200000,val,-1,-2.95,0.676,3.28,3.1,0.55,-2.12,1.08,0.55,0.53,0.42,1,-0.83,neutral,neutral,0,-1.0,24,10434,0,
s36078,STXUSDT,1789297200000,testA,-1,-2.6,0.468,2.92,2.78,0.67,-1.77,1.34,1.3,1.39,0.98,0,-0.83,neutral,bajista,0,-0.427,32,10434,4,
s36079,STBLUSDT,1789298100000,val,-1,-2.0,0.397,2.99,2.04,1.2,-1.39,0.96,0.85,0.71,0.65,1,-0.61,neutral,bajista,0,0.63,32,10436,5,
s36080,JUPUSDT,1789298100000,val,-1,-2.06,0.551,2.45,2.11,0.85,-1.45,0.81,0.43,0.42,0.34,1,-0.61,neutral,neutral,0,-0.163,32,10436,0,
s36081,FETUSDT,1789298100000,val,-1,-2.49,0.583,2.91,2.55,0.57,-1.87,0.77,0.55,0.53,0.42,1,-0.61,neutral,neutral,0,-1.0,23,10435,0,
s36082,STXUSDT,1789298100000,testA,-1,-2.6,0.468,2.89,2.82,0.63,-1.99,1.36,1.3,1.39,0.98,0,-0.61,neutral,bajista,0,-0.329,32,10435,5,
s36083,MANAUSDT,1789298100000,testA,-1,-2.3,0.37,3.9,3.26,0.37,-1.69,1.09,2.82,2.59,1.6,1,-0.61,neutral,bajista,0,0.173,32,10435,4,
s36084,FETUSDT,1789299000000,val,-1,-2.07,0.479,2.66,2.06,0.6,-1.58,0.44,0.55,0.53,0.42,1,-0.49,neutral,neutral,0,-1.0,22,10436,0,
s36085,MANAUSDT,1789300800000,testA,-1,-3.34,0.546,4.56,4.06,0.64,-3.0,1.47,2.38,2.63,1.68,0,-0.34,neutral,bajista,0,-0.097,32,10438,2,
s36086,0GUSDT,1789301700000,val,1,3.04,0.508,3.84,3.1,1.0,3.29,0.81,1.61,1.13,0.71,1,-0.24,neutral,neutral,0,-0.032,32,10440,1,
s36087,TIAUSDT,1789301700000,val,1,2.11,0.386,3.31,3.23,1.25,2.36,1.18,0.7,0.58,0.5,1,-0.24,neutral,neutral,0,0.518,32,10440,1,
s36088,MANAUSDT,1789301700000,testA,-1,-2.23,0.354,3.49,2.33,0.74,-1.99,0.73,2.38,2.63,1.68,0,-0.24,neutral,neutral,0,0.067,32,10439,0,
s36089,XPLUSDT,1789302600000,val,1,3.56,0.503,4.07,3.42,0.64,3.68,0.86,0.67,0.56,0.58,0,-0.12,neutral,neutral,0,-0.259,32,10441,0,
s36090,TIAUSDT,1789302600000,val,1,2.38,0.456,2.9,2.47,1.29,2.51,0.88,0.7,0.58,0.5,1,-0.12,neutral,neutral,0,0.839,32,10441,0,
s36091,XPLUSDT,1789303500000,val,1,3.49,0.499,3.58,3.38,0.91,3.54,1.19,0.67,0.56,0.58,0,-0.05,neutral,neutral,0,-0.337,32,10442,1,
s36092,0GUSDT,1789303500000,val,1,2.51,0.391,3.28,3.13,1.03,2.56,1.23,1.61,1.13,0.71,1,-0.05,neutral,neutral,0,-0.156,32,10442,1,
s36093,TIAUSDT,1789303500000,val,1,2.76,0.492,2.71,2.71,1.35,2.81,1.26,0.7,0.58,0.5,1,-0.05,neutral,neutral,0,0.667,32,10442,1,
s36094,0GUSDT,1789304400000,val,1,2.15,0.355,3.62,3.13,1.12,2.22,1.27,1.76,1.25,0.74,1,-0.07,neutral,neutral,0,-0.188,32,10443,0,
s36095,TIAUSDT,1789304400000,val,1,2.08,0.404,2.6,2.46,1.21,2.14,1.1,0.72,0.57,0.5,1,-0.07,neutral,neutral,0,0.621,32,10443,0,
s36096,INJUSDT,1789306200000,val,1,2.46,0.429,3.31,2.99,2.67,2.39,1.94,0.46,0.42,0.47,0,0.07,neutral,neutral,0,0.904,32,10445,1,
s36097,ARUSDT,1789306200000,testA,1,3.0,0.594,4.06,3.91,4.33,2.93,2.59,0.77,0.65,0.43,1,0.07,neutral,alcista,1,2.0,14,10444,3,
s36098,GRTUSDT,1789306200000,testA,1,2.25,0.451,2.69,2.53,2.13,2.19,1.5,0.59,0.62,0.58,0,0.07,neutral,neutral,0,0.085,32,10444,1,
s36099,INJUSDT,1789307100000,val,1,3.42,0.512,4.87,4.02,4.71,3.36,2.68,0.46,0.42,0.47,0,0.06,neutral,alcista,0,0.298,32,10446,2,
s36100,ARUSDT,1789307100000,testA,1,5.28,0.72,6.29,5.99,5,5.22,4.35,0.77,0.65,0.43,1,0.06,neutral,alcista,0,0.75,32,10445,4,
s36101,GRTUSDT,1789307100000,testA,1,2.25,0.451,3.06,2.73,2.16,2.19,1.51,0.59,0.62,0.58,0,0.06,neutral,alcista,0,-0.118,32,10445,2,
s36102,0GUSDT,1789308000000,val,1,2.68,0.397,3.81,3.77,0.98,2.41,1.82,1.74,1.4,0.8,1,0.27,neutral,alcista,0,-1.0,32,10447,2,
s36103,INJUSDT,1789308000000,val,1,4.78,0.595,5.78,5.45,5,4.51,3.84,0.67,0.55,0.54,1,0.27,neutral,alcista,0,-0.324,32,10447,3,
s36104,TIAUSDT,1789308000000,val,1,3.07,0.395,4.15,3.82,2.16,2.8,2.15,0.75,0.64,0.54,1,0.27,neutral,alcista,0,-0.569,32,10447,3,
s36105,ARUSDT,1789308000000,testA,1,7.34,0.788,7.9,7.75,5,7.07,5.72,1.32,0.93,0.57,1,0.27,neutral,alcista,0,0.171,32,10446,5,
s36106,GRTUSDT,1789308000000,testA,1,2.52,0.5,3.21,2.89,1.85,2.25,1.57,0.57,0.6,0.57,0,0.27,neutral,alcista,0,-0.704,32,10446,3,
s36107,0GUSDT,1789308900000,val,1,2.73,0.407,4.35,3.63,1.06,2.29,1.44,1.74,1.4,0.8,1,0.44,neutral,neutral,0,-1.0,31,10448,0,
s36108,INJUSDT,1789308900000,val,1,4.44,0.536,5.79,5.19,5,4.0,3.16,0.67,0.55,0.54,1,0.44,neutral,neutral,0,-0.601,32,10448,0,
s36109,TIAUSDT,1789308900000,val,1,3.19,0.416,4.16,3.76,2.17,2.75,1.82,0.75,0.64,0.54,1,0.44,neutral,neutral,0,-0.556,32,10448,0,
s36110,SEIUSDT,1789308900000,val,1,2.03,0.446,2.76,2.47,2.27,1.59,1.49,0.68,0.66,0.54,1,0.44,neutral,alcista,0,-1.0,32,10448,4,
s36111,PENDLEUSDT,1789308900000,val,1,2.48,0.412,3.24,3.07,1.23,2.04,1.69,0.73,0.73,0.67,0,0.44,neutral,alcista,0,-1.0,32,10448,4,
s36112,ARUSDT,1789308900000,testA,1,6.59,0.655,8.59,7.11,5,6.15,4.44,1.32,0.93,0.57,1,0.44,neutral,neutral,0,0.198,32,10447,0,
s36113,GRTUSDT,1789308900000,testA,1,2.19,0.435,3.22,2.73,1.73,1.75,1.2,0.57,0.6,0.57,0,0.44,neutral,neutral,0,-1.0,32,10447,0,
s36114,0GUSDT,1789309800000,val,1,3.66,0.603,4.54,3.57,1.13,3.02,1.4,1.74,1.4,0.8,1,0.63,neutral,neutral,0,-1.0,30,10449,1,
s36115,WLDUSDT,1789309800000,val,1,2.18,0.395,2.97,2.71,2.84,1.55,1.48,0.37,0.4,0.36,0,0.63,neutral,neutral,0,-1.0,20,10449,1,
s36116,OPUSDT,1789309800000,val,1,2.66,0.381,3.32,3.06,2.94,2.02,1.59,0.44,0.49,0.38,0,0.63,neutral,neutral,0,-1.0,31,10449,1,
s36117,INJUSDT,1789309800000,val,1,5.19,0.606,5.95,5.64,5,4.55,3.27,0.67,0.55,0.54,1,0.63,neutral,neutral,0,-0.661,32,10449,1,
s36118,TIAUSDT,1789309800000,val,1,3.08,0.395,4.17,3.5,2.31,2.45,1.38,0.75,0.64,0.54,1,0.63,neutral,neutral,0,-0.696,32,10449,0,
s36119,SEIUSDT,1789309800000,val,1,2.69,0.564,2.93,2.88,2.59,2.05,1.68,0.68,0.66,0.54,1,0.63,neutral,alcista,0,-1.0,31,10449,5,
s36120,PENDLEUSDT,1789309800000,val,1,3.02,0.502,3.61,3.31,1.37,2.39,1.72,0.73,0.73,0.67,0,0.63,neutral,alcista,0,-1.0,31,10449,5,
s36121,ARUSDT,1789309800000,testA,1,6.85,0.695,8.6,7.0,5,6.21,3.9,1.32,0.93,0.57,1,0.63,neutral,neutral,0,0.169,32,10448,0,
s36122,GRTUSDT,1789309800000,testA,1,3.13,0.588,3.3,3.3,0.69,2.5,1.6,0.57,0.6,0.57,0,0.63,neutral,neutral,0,-1.0,31,10448,1,
s36123,0GUSDT,1789310700000,val,1,3.94,0.622,4.51,4.07,1.29,3.24,1.97,1.74,1.4,0.8,1,0.69,neutral,alcista,0,-1.0,29,10450,2,
s36124,WLDUSDT,1789310700000,val,1,2.14,0.382,2.97,2.42,2.37,1.44,1.06,0.37,0.4,0.36,0,0.69,neutral,neutral,0,-1.0,19,10450,0,
s36125,OPUSDT,1789310700000,val,1,2.71,0.391,3.32,2.94,2.36,2.02,1.33,0.44,0.49,0.38,0,0.69,neutral,neutral,0,-1.0,30,10450,0,
s36126,INJUSDT,1789310700000,val,1,6.62,0.741,6.79,6.4,3.88,5.92,3.68,0.67,0.55,0.54,1,0.69,neutral,alcista,0,-0.701,32,10450,2,
s36127,TIAUSDT,1789310700000,val,1,3.44,0.446,4.08,3.52,1.93,2.74,1.34,0.75,0.64,0.54,1,0.69,neutral,neutral,0,-0.778,32,10450,1,
s36128,SEIUSDT,1789310700000,val,1,2.42,0.48,3.04,2.58,2.13,1.72,1.28,0.68,0.66,0.54,1,0.69,neutral,neutral,0,-1.0,30,10450,0,
s36129,PENDLEUSDT,1789310700000,val,1,3.4,0.532,4.06,3.68,1.54,2.71,1.91,0.73,0.73,0.67,0,0.69,neutral,alcista,0,-1.0,30,10450,6,
s36130,ARUSDT,1789310700000,testA,1,7.15,0.744,8.3,6.71,3.61,6.45,3.52,1.32,0.93,0.57,1,0.69,neutral,neutral,0,0.21,32,10449,0,
s36131,GRTUSDT,1789310700000,testA,1,2.64,0.471,3.42,2.73,0.63,1.94,1.11,0.57,0.6,0.57,0,0.69,neutral,neutral,0,-1.0,30,10449,0,
s36132,0GUSDT,1789311600000,val,1,2.47,0.403,4.25,3.14,1.61,1.69,1.23,1.81,1.51,0.88,1,0.78,neutral,neutral,0,-1.0,28,10451,0,
s36133,OPUSDT,1789311600000,val,1,2.54,0.356,3.33,2.48,1.49,1.76,0.75,0.44,0.49,0.39,0,0.78,neutral,neutral,0,-1.0,29,10451,0,
s36134,INJUSDT,1789311600000,val,1,5.67,0.615,6.47,5.49,1.75,4.89,2.77,0.77,0.58,0.57,1,0.78,neutral,neutral,0,-0.766,32,10451,0,
s36135,ARUSDT,1789311600000,testA,1,7.81,0.761,8.24,7.36,2.37,7.04,3.83,1.89,1.11,0.7,1,0.78,neutral,neutral,0,0.07,32,10450,1,
s36136,0GUSDT,1789312500000,val,1,2.86,0.439,3.84,3.22,1.56,2.38,1.66,1.81,1.51,0.88,1,0.49,neutral,neutral,0,-1.0,16,10452,1,
s36137,INJUSDT,1789312500000,val,1,5.49,0.59,6.36,5.25,1.48,5.01,2.41,0.77,0.58,0.57,1,0.49,neutral,neutral,0,-0.683,32,10452,0,
s36138,PENDLEUSDT,1789312500000,val,1,2.48,0.361,3.76,2.45,1.4,2.0,0.84,0.7,0.69,0.67,1,0.49,neutral,neutral,0,-1.0,27,10452,0,
s36139,ARUSDT,1789312500000,testA,1,5.22,0.431,8.11,5.11,1.57,4.73,1.57,1.89,1.11,0.7,1,0.49,neutral,neutral,0,0.64,32,10451,0,
s36140,INJUSDT,1789313400000,val,1,5.06,0.553,6.34,5.1,1.3,4.56,2.13,0.77,0.58,0.57,1,0.5,neutral,neutral,0,-0.638,32,10453,0,
s36141,ARUSDT,1789313400000,testA,1,6.77,0.497,7.78,6.71,1.48,6.27,3.21,1.89,1.11,0.7,1,0.5,neutral,neutral,0,0.159,32,10452,1,
s36142,PUMPUSDT,1789314300000,val,-1,-4.19,0.538,4.85,4.48,2.81,-4.64,2.85,0.39,0.48,0.66,0,0.45,neutral,neutral,0,0.613,32,10454,1,
s36143,INJUSDT,1789314300000,val,1,5.09,0.556,6.35,4.94,0.91,4.64,1.73,0.77,0.58,0.57,1,0.45,neutral,neutral,0,-0.695,32,10454,0,
s36144,ARUSDT,1789314300000,testA,1,6.35,0.451,7.82,6.19,1.72,5.9,2.37,1.89,1.11,0.7,1,0.45,neutral,neutral,0,0.24,32,10453,0,
s36145,INJUSDT,1789315200000,val,1,4.84,0.536,6.09,4.62,0.81,4.32,1.5,0.85,0.61,0.58,1,0.52,neutral,neutral,0,-0.624,32,10455,0,
s36146,ARUSDT,1789315200000,testA,1,6.5,0.457,7.55,6.1,1.54,5.98,2.26,2.25,1.27,0.79,1,0.52,neutral,neutral,0,0.315,32,10454,1,
s36147,STBLUSDT,1789316100000,val,-1,-2.14,0.399,4.07,3.22,1.56,-2.67,1.39,0.93,0.78,0.56,1,0.53,neutral,neutral,0,0.679,32,10456,1,
s36148,INJUSDT,1789316100000,val,1,4.32,0.509,5.83,4.4,0.66,3.79,1.36,0.85,0.61,0.58,1,0.53,neutral,neutral,0,-0.959,32,10456,1,
s36149,ARUSDT,1789316100000,testA,1,5.91,0.435,7.46,6.17,1.32,5.37,2.12,2.25,1.27,0.79,1,0.53,neutral,alcista,0,0.251,32,10455,2,
s36150,STBLUSDT,1789317000000,val,-1,-2.91,0.609,4.07,3.34,1.34,-3.67,1.39,0.93,0.78,0.56,1,0.76,neutral,bajista,0,0.322,32,10457,2,
s36151,0GUSDT,1789317000000,val,1,2.67,0.429,3.71,2.7,1.0,1.91,0.61,1.91,1.59,0.93,1,0.76,neutral,alcista,0,-1.0,8,10457,2,
s36152,INJUSDT,1789317000000,val,1,4.14,0.476,5.78,4.07,0.6,3.37,1.0,0.85,0.61,0.58,1,0.76,neutral,neutral,0,-1.0,31,10457,0,
s36153,ARUSDT,1789317000000,testA,1,5.72,0.415,7.48,5.89,1.13,4.96,1.67,2.25,1.27,0.79,1,0.76,neutral,neutral,0,0.453,32,10456,0,
s36154,STBLUSDT,1789317900000,val,-1,-3.09,0.675,4.03,3.3,0.33,-3.78,1.23,0.93,0.78,0.56,1,0.69,neutral,neutral,0,0.326,32,10458,0,
s36155,ARBUSDT,1789317900000,val,1,2.6,0.352,3.71,3.38,0.77,1.91,1.43,0.22,0.28,0.22,0,0.69,neutral,alcista,0,-1.0,21,10458,2,
s36156,INJUSDT,1789317900000,val,1,4.35,0.489,5.67,4.47,0.59,3.66,1.34,0.85,0.61,0.58,1,0.69,neutral,neutral,0,-1.0,30,10458,1,
s36157,ARUSDT,1789317900000,testA,1,6.12,0.436,7.46,6.17,0.77,5.43,1.77,2.25,1.27,0.79,1,0.69,neutral,neutral,0,0.395,32,10457,1,
s36158,STBLUSDT,1789318800000,val,-1,-2.69,0.643,3.69,3.08,0.66,-3.49,1.26,0.69,0.77,0.58,0,0.8,neutral,neutral,0,0.412,32,10459,1,
s36159,INJUSDT,1789318800000,val,1,3.93,0.466,5.66,4.55,0.35,3.14,1.22,0.91,0.63,0.57,1,0.8,neutral,alcista,0,-1.0,29,10459,2,
s36160,FETUSDT,1789318800000,val,1,3.74,0.463,4.36,4.3,1.9,2.94,2.87,0.78,0.67,0.53,1,0.8,neutral,alcista,0,-0.581,32,10458,3,
s36161,STBLUSDT,1789319700000,val,-1,-2.03,0.551,3.69,3.0,0.76,-2.97,1.17,0.69,0.77,0.58,0,0.94,neutral,bajista,0,0.551,32,10460,2,
s36162,WLDUSDT,1789319700000,val,1,2.14,0.382,2.91,2.12,0.58,1.2,0.72,0.39,0.41,0.35,0,0.94,neutral,alcista,0,-1.0,9,10460,4,
s36163,ENAUSDT,1789319700000,val,1,2.31,0.378,2.72,2.27,0.68,1.37,0.81,0.43,0.45,0.34,0,0.94,neutral,neutral,0,-1.0,19,10460,0,
s36164,ARBUSDT,1789319700000,val,1,2.68,0.364,3.64,2.61,0.71,1.74,0.57,0.22,0.28,0.21,0,0.94,neutral,neutral,0,-1.0,19,10460,0,
s36165,OPUSDT,1789319700000,val,1,3.29,0.515,3.66,3.22,0.89,2.35,1.27,0.54,0.53,0.41,1,0.94,neutral,alcista,0,-1.0,20,10460,6,
s36166,INJUSDT,1789319700000,val,1,4.95,0.592,5.43,4.73,0.36,4.01,1.49,0.91,0.63,0.57,1,0.94,neutral,alcista,0,-1.0,24,10460,3,
s36167,TIAUSDT,1789319700000,val,1,2.54,0.366,2.87,2.51,0.63,1.6,0.92,0.79,0.7,0.58,1,0.94,neutral,neutral,0,-1.0,20,10460,0,
s36168,SEIUSDT,1789319700000,val,1,2.43,0.462,2.62,2.4,0.43,1.49,0.92,0.79,0.69,0.56,1,0.94,neutral,neutral,0,-1.0,19,10460,0,
s36169,FETUSDT,1789319700000,val,1,5.4,0.64,5.65,5.18,4.29,4.46,3.48,0.78,0.67,0.53,1,0.94,neutral,alcista,0,-0.633,32,10459,4,
s36170,STXUSDT,1789319700000,testA,1,2.08,0.475,2.73,2.08,0.61,1.14,0.5,1.13,1.23,1.08,0,0.94,neutral,neutral,0,-1.0,19,10459,0,
s36171,GRTUSDT,1789319700000,testA,1,3.65,0.456,3.94,3.52,1.16,2.71,2.12,0.74,0.6,0.63,0,0.94,neutral,alcista,0,-1.0,19,10459,3,
s36172,OPUSDT,1789320600000,val,1,2.48,0.435,2.92,2.41,1.2,1.83,1.05,0.54,0.53,0.41,1,0.66,neutral,neutral,0,-1.0,19,10461,0,
s36173,INJUSDT,1789320600000,val,1,3.56,0.515,4.17,3.49,0.44,2.9,1.51,0.91,0.63,0.57,1,0.66,neutral,alcista,0,-1.0,19,10461,4,
s36174,FETUSDT,1789320600000,val,1,3.32,0.359,5.14,3.27,4.82,2.66,1.83,0.78,0.67,0.53,1,0.66,neutral,neutral,0,-1.0,19,10460,0,
s36175,ARUSDT,1789320600000,testA,1,7.47,0.392,9.08,7.05,2.48,6.81,3.75,3.88,2.05,1.16,1,0.66,neutral,neutral,0,-0.01,32,10460,0,
s36176,STBLUSDT,1789321500000,val,-1,-2.1,0.483,3.67,2.52,0.98,-2.72,0.57,0.69,0.77,0.58,0,0.63,neutral,neutral,0,0.5,32,10462,1,
s36177,INJUSDT,1789321500000,val,1,2.29,0.385,3.44,2.6,0.44,1.67,1.15,0.91,0.63,0.57,1,0.63,neutral,neutral,0,-1.0,17,10462,0,
s36178,PUMPUSDT,1789322400000,val,-1,-3.13,0.374,4.51,3.59,1.46,-3.6,1.27,0.5,0.5,0.5,0,0.47,neutral,neutral,0,0.054,32,10463,1,
s36179,STBLUSDT,1789322400000,val,-1,-2.36,0.529,3.37,2.41,0.37,-2.82,0.6,0.58,0.77,0.58,0,0.47,neutral,bajista,0,0.016,32,10463,2,
s36180,PUMPUSDT,1789323300000,val,-1,-3.08,0.37,4.02,3.27,1.06,-3.38,1.46,0.5,0.5,0.5,0,0.3,neutral,bajista,0,-0.402,32,10464,2,
s36181,ARUSDT,1789323300000,testA,1,6.25,0.359,9.51,7.66,1.63,5.96,4.21,4.82,2.46,1.36,1,0.3,neutral,neutral,0,0.105,32,10463,0,
s36182,0GUSDT,1789325100000,val,-1,-2.73,0.523,3.79,3.3,0.35,-2.91,1.19,1.58,1.58,0.97,0,0.18,neutral,neutral,0,0.567,32,10466,0,
s36183,0GUSDT,1789326000000,val,-1,-2.22,0.469,3.75,3.35,0.36,-2.42,1.15,1.4,1.58,0.97,0,0.2,neutral,neutral,0,0.588,32,10467,1,
s36184,GRTUSDT,1789326000000,testA,1,2.05,0.388,3.8,2.59,0.48,1.85,0.5,0.6,0.6,0.65,0,0.2,neutral,neutral,0,-1.0,12,10466,0,
s36185,0GUSDT,1789326900000,val,-1,-3.02,0.663,4.21,3.71,0.62,-3.33,1.36,1.4,1.58,0.97,0,0.31,neutral,bajista,0,0.427,32,10468,2,
s36186,FETUSDT,1789326900000,val,1,3.2,0.371,5.15,3.16,0.42,2.89,0.71,0.86,0.69,0.55,1,0.31,neutral,neutral,0,-1.0,12,10467,1,
s36187,GRTUSDT,1789326900000,testA,1,2.11,0.402,3.77,2.12,0.49,1.81,-0.01,0.6,0.6,0.65,0,0.31,neutral,neutral,0,-1.0,11,10467,0,
s36188,0GUSDT,1789327800000,val,-1,-2.03,0.447,3.94,2.96,0.58,-2.14,0.9,1.4,1.58,0.97,0,0.11,neutral,neutral,0,0.817,32,10469,0,
s36189,0GUSDT,1789330500000,val,-1,-2.17,0.464,3.94,3.01,0.39,-2.27,0.66,1.11,1.43,0.98,0,0.1,neutral,bajista,0,0.574,32,10472,2,
s36190,FETUSDT,1789330500000,val,1,3.12,0.361,4.59,3.25,0.44,3.02,1.09,0.87,0.64,0.55,1,0.1,neutral,neutral,0,-1.0,8,10471,1,
s36191,0GUSDT,1789331400000,val,-1,-2.22,0.479,3.25,2.32,0.43,-2.23,0.6,1.11,1.43,0.98,0,0.02,neutral,neutral,1,2.0,15,10473,0,
s36192,GRTUSDT,1789334100000,testA,-1,-2.05,0.796,2.73,2.68,0.37,-2.19,0.65,0.51,0.54,0.66,0,0.15,neutral,bajista,0,-0.02,32,10475,2,
s36193,GRTUSDT,1789335900000,testA,-1,-2.16,0.837,2.74,2.64,0.55,-2.13,1.0,0.51,0.54,0.66,0,-0.02,neutral,bajista,0,-1.0,21,10477,4,
s36194,0GUSDT,1789336800000,val,-1,-2.55,0.52,3.32,2.77,2.43,-1.98,2.23,0.96,1.45,1.12,0,-0.57,neutral,bajista,0,-0.182,32,10479,2,
s36195,WLDUSDT,1789336800000,val,-1,-3.12,0.618,3.66,3.38,1.84,-2.55,2.09,0.4,0.39,0.39,1,-0.57,neutral,bajista,0,-0.326,32,10479,2,
s36196,ENAUSDT,1789336800000,val,-1,-2.56,0.57,3.57,2.92,3.58,-1.99,1.75,0.45,0.44,0.4,1,-0.57,neutral,bajista,0,-1.0,17,10479,5,
s36197,ARBUSDT,1789336800000,val,-1,-3.48,0.736,4.1,3.83,2.64,-2.91,2.29,0.19,0.21,0.23,0,-0.57,neutral,bajista,0,-1.0,17,10479,3,
s36198,OPUSDT,1789336800000,val,-1,-2.99,0.762,3.59,3.49,1.56,-2.42,2.0,0.58,0.51,0.47,1,-0.57,neutral,bajista,0,-0.159,32,10479,4,
s36199,INJUSDT,1789336800000,val,-1,-3.19,0.589,3.73,3.62,1.35,-2.62,1.74,0.66,0.76,0.61,0,-0.57,neutral,bajista,0,-0.899,32,10479,2,
s36200,TIAUSDT,1789336800000,val,-1,-2.74,0.524,3.33,3.08,2.1,-2.17,2.05,0.62,0.7,0.6,0,-0.57,neutral,bajista,0,-0.694,32,10479,2,
s36201,SEIUSDT,1789336800000,val,-1,-2.52,0.657,2.93,2.84,2.73,-1.95,1.72,0.58,0.66,0.59,0,-0.57,neutral,bajista,0,-0.5,32,10479,2,
s36202,ARUSDT,1789336800000,testA,-1,-4.6,0.675,5.04,4.86,0.64,-4.03,2.17,3.51,2.86,1.58,1,-0.57,neutral,bajista,0,-1.0,16,10478,2,
s36203,STXUSDT,1789336800000,testA,-1,-2.59,0.664,3.03,2.81,2.61,-2.02,1.67,0.78,0.98,1.17,0,-0.57,neutral,bajista,0,0.04,32,10478,2,
s36204,GRTUSDT,1789336800000,testA,-1,-3.63,0.896,4.43,4.26,1.58,-3.06,2.45,0.6,0.6,0.69,0,-0.57,neutral,bajista,0,-1.0,20,10478,5,
s36205,LDOUSDT,1789336800000,testA,-1,-2.23,0.55,2.67,2.48,2.33,-1.66,1.55,0.49,0.47,0.45,1,-0.57,neutral,bajista,0,-1.0,32,10478,3,
s36206,MANAUSDT,1789336800000,testA,-1,-2.81,0.697,3.14,3.02,1.16,-2.24,1.81,0.95,1.15,1.91,0,-0.57,neutral,bajista,0,-0.562,32,10478,2,
s36207,XPLUSDT,1789337700000,val,-1,-4.92,0.738,5.44,5.39,5,-4.29,3.76,0.64,0.63,0.58,1,-0.63,neutral,bajista,0,-0.692,32,10480,3,
s36208,0GUSDT,1789337700000,val,-1,-3.25,0.579,4.38,3.82,4.26,-2.62,2.89,0.96,1.45,1.12,0,-0.63,neutral,bajista,0,-0.307,32,10480,3,
s36209,WLDUSDT,1789337700000,val,-1,-3.6,0.651,4.68,3.92,2.88,-2.97,2.31,0.4,0.39,0.39,1,-0.63,neutral,bajista,0,-0.302,32,10480,3,
s36210,ENAUSDT,1789337700000,val,-1,-3.14,0.619,4.47,3.61,5,-2.51,2.18,0.45,0.44,0.4,1,-0.63,neutral,bajista,0,-1.0,16,10480,6,
s36211,ARBUSDT,1789337700000,val,-1,-4.22,0.772,5.31,4.56,4.21,-3.59,2.91,0.19,0.21,0.23,0,-0.63,neutral,bajista,0,-1.0,16,10480,4,
s36212,OPUSDT,1789337700000,val,-1,-3.92,0.808,5.09,4.45,2.77,-3.29,2.76,0.58,0.51,0.47,1,-0.63,neutral,bajista,0,-0.257,32,10480,5,
s36213,INJUSDT,1789337700000,val,-1,-4.5,0.668,5.25,4.95,2.27,-3.87,3.08,0.66,0.76,0.61,0,-0.63,neutral,bajista,0,-1.0,22,10480,3,
s36214,SUIUSDT,1789337700000,val,-1,-3.02,0.752,3.92,3.38,5,-2.38,2.2,0.64,0.52,0.54,0,-0.63,neutral,bajista,0,-1.0,31,10480,6,
s36215,TIAUSDT,1789337700000,val,-1,-2.47,0.492,3.59,3.05,2.95,-1.84,1.83,0.62,0.7,0.6,0,-0.63,neutral,neutral,0,-0.626,32,10480,0,
s36216,SEIUSDT,1789337700000,val,-1,-3.2,0.768,3.89,3.37,3.09,-2.57,1.98,0.58,0.66,0.59,0,-0.63,neutral,bajista,0,-0.51,32,10480,3,
s36217,JUPUSDT,1789337700000,val,-1,-2.34,0.455,3.13,2.74,2.55,-1.71,1.51,0.33,0.31,0.36,0,-0.63,neutral,bajista,0,-1.0,16,10480,2,
s36218,PENDLEUSDT,1789337700000,val,-1,-2.6,0.513,3.75,3.27,3.89,-1.97,2.2,0.59,0.62,0.65,0,-0.63,neutral,bajista,0,-1.0,15,10480,4,
s36219,FETUSDT,1789337700000,val,-1,-2.92,0.379,4.7,4.09,2.59,-2.29,2.62,1.02,0.71,0.61,1,-0.63,neutral,bajista,0,-0.647,32,10479,3,
s36220,ARUSDT,1789337700000,testA,-1,-4.56,0.672,5.44,4.89,1.02,-3.93,2.28,3.51,2.86,1.58,1,-0.63,neutral,bajista,0,-1.0,15,10479,3,
s36221,STXUSDT,1789337700000,testA,-1,-2.89,0.687,4.14,3.5,2.77,-2.26,2.12,0.78,0.98,1.17,0,-0.63,neutral,bajista,0,-0.14,32,10479,3,
s36222,GRTUSDT,1789337700000,testA,-1,-4.37,0.933,5.34,4.73,2.45,-3.74,2.81,0.6,0.6,0.69,0,-0.63,neutral,bajista,0,-1.0,19,10479,6,
s36223,LDOUSDT,1789337700000,testA,-1,-2.93,0.616,3.85,3.22,4.65,-2.3,2.03,0.49,0.47,0.45,1,-0.63,neutral,bajista,0,-1.0,31,10479,4,
s36224,SANDUSDT,1789337700000,testA,-1,-2.78,0.649,3.94,3.2,5,-2.15,2.25,0.66,0.63,0.66,0,-0.63,neutral,bajista,0,-0.545,32,10479,3,
s36225,MANAUSDT,1789337700000,testA,-1,-3.02,0.712,3.58,3.14,2.05,-2.39,1.95,0.95,1.15,1.91,0,-0.63,neutral,bajista,0,-0.846,32,10479,3,
s36226,APEUSDT,1789337700000,testA,-1,-2.73,0.822,3.64,2.95,5,-2.09,1.9,0.65,0.61,0.61,0,-0.63,neutral,bajista,0,-0.821,32,10479,4,
s36227,ASTERUSDT,1789338600000,val,-1,-2.02,0.825,2.29,2.26,5,-1.2,1.48,0.29,0.29,0.27,0,-0.81,neutral,bajista,0,-1.0,28,10481,7,
s36228,XPLUSDT,1789338600000,val,-1,-5.1,0.745,5.87,5.57,5,-4.29,3.66,0.64,0.63,0.58,1,-0.81,neutral,bajista,0,-0.779,32,10481,4,
s36229,0GUSDT,1789338600000,val,-1,-3.55,0.6,4.5,4.24,5,-2.73,2.93,0.96,1.45,1.12,0,-0.81,neutral,bajista,0,-0.361,32,10481,4,
s36230,WLDUSDT,1789338600000,val,-1,-3.5,0.645,4.68,3.95,3.22,-2.69,2.13,0.4,0.39,0.39,1,-0.81,neutral,bajista,0,-0.387,32,10481,4,
s36231,ENAUSDT,1789338600000,val,-1,-3.22,0.644,4.47,3.6,5,-2.4,1.99,0.45,0.44,0.4,1,-0.81,neutral,neutral,0,-1.0,15,10481,0,
s36232,ARBUSDT,1789338600000,val,-1,-3.98,0.761,5.07,4.44,5,-3.17,2.77,0.19,0.21,0.23,0,-0.81,neutral,bajista,0,-1.0,15,10481,5,
s36233,OPUSDT,1789338600000,val,-1,-3.97,0.82,5.01,4.39,3.35,-3.16,2.58,0.58,0.51,0.47,1,-0.81,neutral,bajista,0,-0.398,32,10481,6,
s36234,INJUSDT,1789338600000,val,-1,-4.47,0.667,5.19,5.04,2.79,-3.66,2.91,0.66,0.76,0.61,0,-0.81,neutral,bajista,0,-1.0,21,10481,4,
s36235,SUIUSDT,1789338600000,val,-1,-3.27,0.766,3.93,3.69,5,-2.45,2.28,0.64,0.52,0.54,0,-0.81,neutral,bajista,0,-1.0,30,10481,7,
s36236,TIAUSDT,1789338600000,val,-1,-3.11,0.554,3.73,3.7,3.41,-2.3,2.28,0.62,0.7,0.6,0,-0.81,neutral,neutral,0,-0.721,32,10481,1,
s36237,SEIUSDT,1789338600000,val,-1,-3.14,0.765,3.65,3.38,3.36,-2.33,2.04,0.58,0.66,0.59,0,-0.81,neutral,bajista,0,-0.631,32,10481,4,
s36238,JUPUSDT,1789338600000,val,-1,-2.59,0.53,3.09,2.7,2.61,-1.77,1.38,0.33,0.31,0.36,0,-0.81,neutral,neutral,0,-1.0,15,10481,0,
s36239,PENDLEUSDT,1789338600000,val,-1,-2.75,0.526,3.8,3.64,4.57,-1.94,2.33,0.59,0.62,0.65,0,-0.81,neutral,bajista,0,-1.0,14,10481,5,
s36240,FETUSDT,1789338600000,val,-1,-3.1,0.393,4.71,4.35,2.91,-2.29,2.58,1.02,0.71,0.61,1,-0.81,neutral,bajista,0,-0.819,32,10480,4,
s36241,ARUSDT,1789338600000,testA,-1,-4.58,0.672,5.24,5.02,1.31,-3.76,2.46,3.51,2.86,1.58,1,-0.81,neutral,bajista,0,-1.0,14,10480,4,
s36242,STXUSDT,1789338600000,testA,-1,-2.67,0.603,4.13,3.27,3.01,-1.86,1.72,0.78,0.98,1.17,0,-0.81,neutral,neutral,0,0.057,32,10480,0,
s36243,GRTUSDT,1789338600000,testA,-1,-4.48,0.934,5.36,5.08,3.38,-3.67,2.85,0.6,0.6,0.69,0,-0.81,neutral,bajista,0,-1.0,18,10480,7,
s36244,LDOUSDT,1789338600000,testA,-1,-3.15,0.632,3.86,3.45,5,-2.34,2.05,0.49,0.47,0.45,1,-0.81,neutral,bajista,0,-1.0,30,10480,5,
s36245,SANDUSDT,1789338600000,testA,-1,-3.08,0.681,3.96,3.5,5,-2.27,2.31,0.66,0.63,0.66,0,-0.81,neutral,bajista,0,-0.607,32,10480,4,
s36246,MANAUSDT,1789338600000,testA,-1,-2.89,0.698,3.49,3.03,2.35,-2.08,1.75,0.95,1.15,1.91,0,-0.81,neutral,neutral,0,-0.81,32,10480,0,
s36247,APEUSDT,1789338600000,testA,-1,-2.8,0.864,3.64,2.95,5,-1.98,1.71,0.65,0.61,0.61,0,-0.81,neutral,bajista,0,-0.897,32,10480,5,
s36248,ASTERUSDT,1789339500000,val,-1,-2.17,0.835,2.47,2.43,5,-1.36,1.5,0.29,0.29,0.27,0,-0.81,neutral,bajista,0,-1.0,27,10482,8,
s36249,XPLUSDT,1789339500000,val,-1,-4.5,0.603,6.23,4.87,5,-3.69,2.67,0.64,0.63,0.58,1,-0.81,neutral,neutral,0,-0.714,32,10482,0,
s36250,STBLUSDT,1789339500000,val,-1,-2.32,0.53,3.63,3.36,3.59,-1.52,1.67,0.46,0.7,0.65,0,-0.81,neutral,bajista,0,-0.477,32,10482,8,
s36251,0GUSDT,1789339500000,val,-1,-3.7,0.61,5.02,4.4,5,-2.89,2.74,0.96,1.45,1.12,0,-0.81,neutral,bajista,0,-0.244,32,10482,5,
s36252,WLDUSDT,1789339500000,val,-1,-3.65,0.667,4.58,3.95,3.56,-2.85,2.02,0.4,0.39,0.39,1,-0.81,neutral,bajista,0,-0.253,32,10482,5,
s36253,ENAUSDT,1789339500000,val,-1,-2.8,0.535,4.31,3.1,5,-1.99,1.49,0.45,0.44,0.4,1,-0.81,neutral,neutral,0,-1.0,14,10482,0,
s36254,ARBUSDT,1789339500000,val,-1,-4.55,0.79,5.21,5.03,5,-3.74,3.03,0.19,0.21,0.23,0,-0.81,neutral,bajista,0,-1.0,14,10482,6,
s36255,OPUSDT,1789339500000,val,-1,-3.94,0.808,4.94,4.26,3.62,-3.13,2.33,0.58,0.51,0.47,1,-0.81,neutral,neutral,0,-0.275,32,10482,0,
s36256,INJUSDT,1789339500000,val,-1,-4.38,0.659,5.31,4.94,3.14,-3.57,2.72,0.66,0.76,0.61,0,-0.81,neutral,neutral,0,-1.0,20,10482,0,
s36257,SUIUSDT,1789339500000,val,-1,-3.21,0.744,3.83,3.47,5,-2.4,1.97,0.64,0.52,0.54,0,-0.81,neutral,neutral,0,-1.0,29,10482,0,
s36258,TIAUSDT,1789339500000,val,-1,-3.36,0.585,4.05,3.91,3.67,-2.55,2.25,0.62,0.7,0.6,0,-0.81,neutral,bajista,0,-0.721,32,10482,2,
s36259,SEIUSDT,1789339500000,val,-1,-2.79,0.665,3.4,2.9,3.46,-1.99,1.68,0.58,0.66,0.59,0,-0.81,neutral,neutral,0,-0.539,32,10482,0,
s36260,JUPUSDT,1789339500000,val,-1,-2.68,0.538,3.14,2.97,3.27,-1.87,1.47,0.33,0.31,0.36,0,-0.81,neutral,neutral,0,-1.0,14,10482,1,
s36261,PENDLEUSDT,1789339500000,val,-1,-2.59,0.481,3.79,3.37,5,-1.78,1.85,0.59,0.62,0.65,0,-0.81,neutral,neutral,0,-1.0,13,10482,0,
s36262,ONDOUSDT,1789339500000,val,-1,-2.73,0.64,3.15,2.98,3.75,-1.92,1.67,0.65,0.68,0.59,0,-0.81,neutral,bajista,0,-1.0,20,10481,5,
s36263,FETUSDT,1789339500000,val,-1,-3.67,0.481,4.84,4.53,3.08,-2.86,2.48,1.02,0.71,0.61,1,-0.81,neutral,bajista,0,-0.72,32,10481,5,
s36264,ARUSDT,1789339500000,testA,-1,-3.66,0.578,5.08,4.64,1.59,-2.85,2.33,3.51,2.86,1.58,1,-0.81,neutral,neutral,0,-1.0,13,10481,0,
s36265,STXUSDT,1789339500000,testA,-1,-2.67,0.603,4.13,3.08,3.38,-1.86,1.38,0.78,0.98,1.17,0,-0.81,neutral,neutral,0,0.244,32,10481,0,
s36266,GRTUSDT,1789339500000,testA,-1,-4.48,0.934,5.36,5.08,3.56,-3.67,2.58,0.6,0.6,0.69,0,-0.81,neutral,bajista,0,-1.0,17,10481,8,
s36267,LDOUSDT,1789339500000,testA,-1,-3.02,0.602,3.83,3.33,5,-2.21,1.81,0.49,0.47,0.45,1,-0.81,neutral,neutral,0,-1.0,29,10481,0,
s36268,SANDUSDT,1789339500000,testA,-1,-3.38,0.772,3.96,3.59,5,-2.57,2.18,0.66,0.63,0.66,0,-0.81,neutral,bajista,0,-0.52,32,10481,5,
s36269,MANAUSDT,1789339500000,testA,-1,-2.77,0.684,3.46,2.99,2.94,-1.96,1.58,0.95,1.15,1.91,0,-0.81,neutral,neutral,0,-0.655,32,10481,0,
s36270,APEUSDT,1789339500000,testA,-1,-2.65,0.818,3.56,2.8,5,-1.84,1.49,0.65,0.61,0.61,0,-0.81,neutral,neutral,0,-1.0,29,10481,0,
s36271,XPLUSDT,1789340400000,val,-1,-3.48,0.502,5.49,3.9,5,-2.76,2.27,0.69,0.65,0.6,1,-0.71,neutral,neutral,0,-1.0,17,10483,0,
s36272,STBLUSDT,1789340400000,val,-1,-2.14,0.509,3.64,3.56,3.02,-1.43,1.71,0.41,0.55,0.64,0,-0.71,neutral,bajista,0,-1.0,32,10483,8,
s36273,0GUSDT,1789340400000,val,-1,-2.52,0.357,4.96,3.24,2.76,-1.8,1.46,0.93,1.37,1.13,0,-0.71,neutral,neutral,0,-0.063,32,10483,0,
s36274,WLDUSDT,1789340400000,val,-1,-3.49,0.656,4.09,3.7,1.78,-2.78,2.04,0.44,0.41,0.4,1,-0.71,neutral,bajista,0,-0.35,32,10483,6,
s36275,ENAUSDT,1789340400000,val,-1,-2.24,0.466,3.75,2.49,2.66,-1.52,1.29,0.48,0.45,0.42,1,-0.71,neutral,neutral,0,-1.0,12,10483,0,
s36276,ARBUSDT,1789340400000,val,-1,-3.83,0.669,4.79,4.26,3.48,-3.11,2.4,0.22,0.22,0.24,0,-0.71,neutral,neutral,0,-1.0,13,10483,0,
s36277,OPUSDT,1789340400000,val,-1,-3.48,0.788,4.32,3.66,1.83,-2.76,2.11,0.52,0.53,0.48,0,-0.71,neutral,neutral,0,-0.376,32,10483,1,
s36278,INJUSDT,1789340400000,val,-1,-4.44,0.661,4.9,4.81,1.67,-3.73,2.68,0.66,0.79,0.62,0,-0.71,neutral,neutral,0,-1.0,18,10483,1,
s36279,SUIUSDT,1789340400000,val,-1,-2.9,0.713,3.51,3.13,3.99,-2.19,1.81,0.7,0.56,0.57,0,-0.71,neutral,neutral,0,-1.0,28,10483,0,
s36280,TIAUSDT,1789340400000,val,-1,-2.81,0.488,3.87,3.44,1.38,-2.1,1.75,0.57,0.68,0.61,0,-0.71,neutral,neutral,0,-0.825,32,10483,0,
s36281,SEIUSDT,1789340400000,val,-1,-2.32,0.58,3.14,2.51,1.57,-1.61,1.42,0.57,0.68,0.61,0,-0.71,neutral,neutral,0,-0.613,32,10483,0,
s36282,JUPUSDT,1789340400000,val,-1,-2.09,0.441,2.75,2.4,1.64,-1.38,1.19,0.3,0.3,0.36,0,-0.71,neutral,neutral,0,-1.0,12,10483,0,
s36283,PENDLEUSDT,1789340400000,val,-1,-2.23,0.444,3.79,3.4,2.96,-1.52,1.68,0.61,0.61,0.66,0,-0.71,neutral,neutral,0,-1.0,12,10483,1,
s36284,ONDOUSDT,1789340400000,val,-1,-2.28,0.597,2.86,2.72,2.33,-1.57,1.55,0.7,0.71,0.62,0,-0.71,neutral,neutral,0,-1.0,16,10482,0,
s36285,FETUSDT,1789340400000,val,-1,-3.04,0.419,4.83,4.41,1.59,-2.33,2.17,0.7,0.73,0.63,0,-0.71,neutral,neutral,0,-0.781,32,10482,0,
s36286,ARUSDT,1789340400000,testA,-1,-3.6,0.573,4.21,3.95,1.18,-2.89,2.18,2.03,2.95,1.65,0,-0.71,neutral,neutral,0,-1.0,12,10482,1,
s36287,STXUSDT,1789340400000,testA,-1,-2.85,0.619,3.58,2.94,2.09,-2.14,1.57,0.74,0.95,1.19,0,-0.71,neutral,neutral,0,0.013,32,10482,1,
s36288,GRTUSDT,1789340400000,testA,-1,-4.07,0.828,4.74,4.19,1.88,-3.35,2.1,0.48,0.61,0.69,0,-0.71,neutral,neutral,0,-1.0,13,10482,0,
s36289,LDOUSDT,1789340400000,testA,-1,-2.49,0.517,3.35,2.69,3.01,-1.77,1.5,0.56,0.48,0.46,1,-0.71,neutral,neutral,0,-1.0,17,10482,0,
s36290,SANDUSDT,1789340400000,testA,-1,-2.92,0.669,3.69,3.09,3.33,-2.2,1.76,0.7,0.66,0.67,0,-0.71,neutral,neutral,0,-0.565,32,10482,0,
s36291,MANAUSDT,1789340400000,testA,-1,-2.1,0.62,2.98,2.56,1.8,-1.39,1.46,0.96,1.15,1.94,0,-0.71,neutral,neutral,0,-1.0,29,10482,0,
s36292,APEUSDT,1789340400000,testA,-1,-2.44,0.805,3.03,2.43,3.19,-1.73,1.51,0.65,0.64,0.64,1,-0.71,neutral,neutral,0,-1.0,28,10482,1,
s36293,XPLUSDT,1789341300000,val,-1,-3.14,0.446,5.48,3.66,2.34,-2.45,1.84,0.69,0.65,0.6,1,-0.69,neutral,neutral,0,-1.0,16,10484,0,
s36294,0GUSDT,1789341300000,val,-1,-2.57,0.361,4.98,3.66,1.42,-1.88,1.67,0.93,1.37,1.13,0,-0.69,neutral,neutral,0,-0.042,32,10484,1,
s36295,WLDUSDT,1789341300000,val,-1,-2.9,0.611,3.62,3.33,1.05,-2.21,1.97,0.44,0.41,0.4,1,-0.69,neutral,bajista,0,-0.397,32,10484,7,
s36296,ARBUSDT,1789341300000,val,-1,-3.15,0.572,4.78,4.01,1.79,-2.45,1.92,0.22,0.22,0.24,0,-0.69,neutral,neutral,0,-1.0,12,10484,0,
s36297,OPUSDT,1789341300000,val,-1,-3.04,0.709,4.27,3.45,0.93,-2.34,1.78,0.52,0.53,0.48,0,-0.69,neutral,neutral,0,-0.318,32,10484,0,
s36298,INJUSDT,1789341300000,val,-1,-3.16,0.491,5.08,4.28,1.05,-2.47,1.96,0.66,0.79,0.62,0,-0.69,neutral,neutral,0,-1.0,17,10484,0,
s36299,SUIUSDT,1789341300000,val,-1,-2.67,0.667,3.53,3.04,1.42,-1.97,1.56,0.7,0.56,0.57,0,-0.69,neutral,neutral,0,-1.0,27,10484,0,
s36300,TIAUSDT,1789341300000,val,-1,-2.53,0.419,3.85,2.96,0.9,-1.83,1.19,0.57,0.68,0.61,0,-0.69,neutral,neutral,0,-0.702,32,10484,0,
s36301,ONDOUSDT,1789341300000,val,-1,-2.03,0.497,2.88,2.45,1.59,-1.33,1.2,0.7,0.71,0.62,0,-0.69,neutral,neutral,0,-1.0,15,10483,0,
s36302,FETUSDT,1789341300000,val,-1,-3.04,0.419,4.83,4.28,0.91,-2.35,1.85,0.7,0.73,0.63,0,-0.69,neutral,neutral,0,-0.704,32,10483,0,
s36303,ARUSDT,1789341300000,testA,-1,-2.48,0.389,4.26,3.31,0.91,-1.79,1.38,2.03,2.95,1.65,0,-0.69,neutral,neutral,0,-1.0,11,10483,0,
s36304,STXUSDT,1789341300000,testA,-1,-2.46,0.583,3.5,2.86,0.98,-1.77,1.43,0.74,0.95,1.19,0,-0.69,neutral,neutral,0,-0.053,32,10483,0,
s36305,GRTUSDT,1789341300000,testA,-1,-3.18,0.638,4.33,3.29,1.29,-2.49,1.43,0.48,0.61,0.69,0,-0.69,neutral,neutral,0,-1.0,11,10483,0,
s36306,SANDUSDT,1789341300000,testA,-1,-2.2,0.503,3.68,2.71,1.16,-1.51,1.27,0.7,0.66,0.67,0,-0.69,neutral,neutral,0,-0.4,32,10483,0,
s36307,APEUSDT,1789341300000,testA,-1,-2.29,0.756,3.03,2.35,1.04,-1.6,1.31,0.65,0.64,0.64,1,-0.69,neutral,neutral,0,-1.0,27,10483,0,
s36308,XPLUSDT,1789342200000,val,-1,-2.97,0.431,5.48,3.74,1.26,-2.43,1.74,0.69,0.65,0.6,1,-0.54,neutral,neutral,0,-1.0,15,10485,1,
s36309,STBLUSDT,1789342200000,val,-1,-2.1,0.534,3.63,3.52,0.77,-1.57,1.42,0.41,0.55,0.64,0,-0.54,neutral,neutral,0,-1.0,30,10485,0,
s36310,ARBUSDT,1789342200000,val,-1,-2.8,0.51,4.77,3.83,1.38,-2.27,1.59,0.22,0.22,0.24,0,-0.54,neutral,neutral,0,-1.0,11,10485,0,
s36311,OPUSDT,1789342200000,val,-1,-2.58,0.62,4.27,3.28,0.88,-2.04,1.47,0.52,0.53,0.48,0,-0.54,neutral,neutral,0,-0.299,32,10485,0,
s36312,INJUSDT,1789342200000,val,-1,-2.5,0.402,5.07,4.05,0.85,-1.97,1.57,0.66,0.79,0.62,0,-0.54,neutral,neutral,0,-1.0,16,10485,0,
s36313,SUIUSDT,1789342200000,val,-1,-2.32,0.578,3.52,2.85,1.14,-1.79,1.26,0.7,0.56,0.57,0,-0.54,neutral,neutral,0,-1.0,26,10485,0,
s36314,PENDLEUSDT,1789342200000,val,-1,-2.15,0.433,3.78,3.19,0.86,-1.62,1.21,0.61,0.61,0.66,0,-0.54,neutral,neutral,0,-1.0,10,10485,1,
s36315,FETUSDT,1789342200000,val,-1,-2.52,0.355,4.82,4.09,0.86,-1.99,1.57,0.7,0.73,0.63,0,-0.54,neutral,neutral,0,-0.765,32,10484,0,
s36316,ARUSDT,1789342200000,testA,-1,-2.9,0.451,4.27,3.57,0.9,-2.37,1.38,2.03,2.95,1.65,0,-0.54,neutral,neutral,0,-1.0,10,10484,1,
s36317,STXUSDT,1789342200000,testA,-1,-2.31,0.529,3.49,2.59,0.83,-1.78,1.08,0.74,0.95,1.19,0,-0.54,neutral,neutral,0,-0.014,32,10484,0,
s36318,GRTUSDT,1789342200000,testA,-1,-2.82,0.582,4.16,3.01,0.99,-2.28,1.2,0.48,0.61,0.69,0,-0.54,neutral,neutral,0,-1.0,10,10484,0,
s36319,APEUSDT,1789342200000,testA,-1,-2.08,0.7,3.03,2.27,1.12,-1.54,1.11,0.65,0.64,0.64,1,-0.54,neutral,neutral,0,-1.0,26,10484,0,
s36320,XPLUSDT,1789343100000,val,-1,-3.25,0.474,5.49,3.88,0.76,-2.67,1.59,0.69,0.65,0.6,1,-0.58,neutral,bajista,0,-1.0,14,10486,2,
s36321,PUMPUSDT,1789343100000,val,-1,-2.77,0.36,5.39,5.07,1.43,-2.19,2.15,0.5,0.48,0.48,0,-0.58,neutral,bajista,0,-1.0,11,10486,2,
s36322,STBLUSDT,1789343100000,val,-1,-2.22,0.547,3.76,3.64,0.69,-1.64,1.34,0.41,0.55,0.64,0,-0.58,neutral,neutral,0,-1.0,29,10486,1,
s36323,0GUSDT,1789343100000,val,-1,-3.24,0.446,4.97,3.45,0.62,-2.66,1.23,0.93,1.37,1.13,0,-0.58,neutral,neutral,0,0.044,32,10486,1,
s36324,WLDUSDT,1789343100000,val,-1,-2.4,0.503,3.62,3.25,1.12,-1.82,1.54,0.44,0.41,0.4,1,-0.58,neutral,neutral,0,-0.317,32,10486,1,
s36325,ENAUSDT,1789343100000,val,-1,-2.04,0.441,3.77,3.07,0.92,-1.46,1.37,0.48,0.45,0.42,1,-0.58,neutral,bajista,0,-1.0,9,10486,2,
s36326,ARBUSDT,1789343100000,val,-1,-3.37,0.586,4.79,4.29,1.18,-2.79,1.78,0.22,0.22,0.24,0,-0.58,neutral,neutral,0,-1.0,10,10486,1,
s36327,OPUSDT,1789343100000,val,-1,-2.94,0.678,4.28,3.57,0.8,-2.36,1.51,0.52,0.53,0.48,0,-0.58,neutral,neutral,0,-0.296,32,10486,1,
s36328,INJUSDT,1789343100000,val,-1,-2.94,0.455,5.08,4.42,0.79,-2.36,1.71,0.66,0.79,0.62,0,-0.58,neutral,neutral,0,-1.0,15,10486,1,
s36329,SUIUSDT,1789343100000,val,-1,-2.39,0.585,3.52,2.94,0.99,-1.81,1.18,0.7,0.56,0.57,0,-0.58,neutral,neutral,0,-1.0,25,10486,1,
s36330,TIAUSDT,1789343100000,val,-1,-2.5,0.433,3.85,2.91,0.73,-1.92,0.91,0.57,0.68,0.61,0,-0.58,neutral,neutral,0,-0.667,32,10486,1,
s36331,ONDOUSDT,1789343100000,val,-1,-2.09,0.518,2.89,2.66,1.06,-1.51,1.16,0.7,0.71,0.62,0,-0.58,neutral,neutral,0,-1.0,13,10485,1,
s36332,FETUSDT,1789343100000,val,-1,-3.15,0.466,4.83,4.28,0.72,-2.57,1.51,0.7,0.73,0.63,0,-0.58,neutral,neutral,0,-0.662,32,10485,1,
s36333,ARUSDT,1789343100000,testA,-1,-3.25,0.511,4.27,3.73,0.89,-2.67,1.35,2.03,2.95,1.65,0,-0.58,neutral,bajista,0,-1.0,9,10485,2,
s36334,STXUSDT,1789343100000,testA,-1,-2.57,0.556,3.51,2.94,0.73,-1.99,1.25,0.74,0.95,1.19,0,-0.58,neutral,neutral,0,-0.115,32,10485,1,
s36335,GRTUSDT,1789343100000,testA,-1,-2.55,0.511,4.1,2.73,0.87,-1.97,0.87,0.48,0.61,0.69,0,-0.58,neutral,neutral,0,-1.0,9,10485,0,
s36336,SANDUSDT,1789343100000,testA,-1,-2.04,0.448,3.67,2.56,0.82,-1.45,0.93,0.7,0.66,0.67,0,-0.58,neutral,neutral,0,-0.256,32,10485,1,
s36337,APEUSDT,1789343100000,testA,-1,-2.0,0.659,3.03,2.19,0.9,-1.42,0.88,0.65,0.64,0.64,1,-0.58,neutral,neutral,0,-1.0,25,10485,0,
s36338,XPLUSDT,1789344000000,val,-1,-3.45,0.521,5.49,3.86,0.83,-2.93,1.4,0.81,0.69,0.62,1,-0.52,neutral,neutral,0,-1.0,13,10487,0,
s36339,STBLUSDT,1789344000000,val,-1,-2.74,0.783,3.28,3.01,0.58,-2.22,1.05,0.44,0.51,0.62,0,-0.52,neutral,neutral,0,-1.0,28,10487,0,
s36340,0GUSDT,1789344000000,val,-1,-2.95,0.423,4.77,3.3,0.59,-2.44,1.11,1.1,1.35,1.18,0,-0.52,neutral,bajista,0,-0.046,32,10487,2,
s36341,WLDUSDT,1789344000000,val,-1,-2.16,0.433,3.6,2.82,1.09,-1.65,0.91,0.53,0.45,0.42,1,-0.52,neutral,neutral,0,-0.206,32,10487,0,
s36342,ARBUSDT,1789344000000,val,-1,-2.43,0.364,4.75,3.28,1.24,-1.92,0.68,0.26,0.23,0.25,0,-0.52,neutral,neutral,0,-1.0,9,10487,0,
s36343,OPUSDT,1789344000000,val,-1,-2.92,0.671,4.26,3.47,1.1,-2.4,1.26,0.62,0.59,0.51,1,-0.52,neutral,neutral,0,-0.179,32,10487,0,
s36344,SUIUSDT,1789344000000,val,-1,-2.21,0.518,3.52,2.72,1.08,-1.7,0.85,0.85,0.66,0.61,1,-0.52,neutral,neutral,0,-1.0,24,10487,0,
s36345,TIAUSDT,1789344000000,val,-1,-2.12,0.38,3.84,2.82,0.82,-1.6,0.77,0.62,0.67,0.63,0,-0.52,neutral,neutral,0,-0.636,32,10487,0,
s36346,ONDOUSDT,1789344000000,val,-1,-2.22,0.574,2.89,2.48,1.09,-1.71,0.89,0.84,0.81,0.67,1,-0.52,neutral,neutral,0,-1.0,12,10486,0,
s36347,ARUSDT,1789344000000,testA,-1,-2.58,0.374,4.25,3.09,0.93,-2.06,0.59,1.38,3.15,1.7,0,-0.52,neutral,neutral,0,-1.0,8,10486,0,
s36348,STXUSDT,1789344000000,testA,-1,-2.79,0.603,3.51,3.06,0.91,-2.27,1.18,0.91,0.98,1.21,0,-0.52,neutral,bajista,0,-0.222,32,10486,2,
s36349,GRTUSDT,1789344000000,testA,-1,-2.56,0.511,3.94,2.79,1.18,-2.04,0.93,0.56,0.62,0.62,0,-0.52,neutral,neutral,0,-1.0,8,10486,1,
s36350,MANAUSDT,1789344000000,testA,-1,-2.04,0.548,2.98,2.49,1.26,-1.52,0.88,1.16,1.14,1.95,0,-0.52,neutral,bajista,0,-1.0,25,10486,2,
s36351,ASTERUSDT,1789344900000,val,-1,-2.15,0.581,2.67,2.49,1.19,-1.06,1.16,0.41,0.34,0.29,1,-1.09,neutral,neutral,0,-1.0,8,10488,1,
s36352,XPLUSDT,1789344900000,val,-1,-3.79,0.544,5.52,4.39,0.91,-2.7,1.7,0.81,0.69,0.62,1,-1.09,neutral,neutral,0,-1.0,12,10488,1,
s36353,PUMPUSDT,1789344900000,val,-1,-3.18,0.368,5.59,5.01,1.52,-2.09,1.76,0.49,0.49,0.49,0,-1.09,neutral,neutral,0,-1.0,9,10488,1,
s36354,STBLUSDT,1789344900000,val,-1,-3.26,0.878,3.69,3.37,1.05,-2.17,1.32,0.44,0.51,0.62,0,-1.09,neutral,neutral,0,-1.0,27,10488,1,
s36355,0GUSDT,1789344900000,val,-1,-4.44,0.523,5.26,5.0,1.02,-3.34,2.53,1.1,1.35,1.18,0,-1.09,neutral,bajista,0,-0.32,32,10488,3,
s36356,WLDUSDT,1789344900000,val,-1,-3.52,0.614,4.36,3.94,1.42,-2.42,1.71,0.53,0.45,0.42,1,-1.09,neutral,neutral,0,-0.466,32,10488,1,
s36357,ENAUSDT,1789344900000,val,-1,-3.1,0.597,4.19,3.74,1.31,-2.01,1.63,0.6,0.5,0.45,1,-1.09,neutral,neutral,0,-1.0,7,10488,1,
s36358,ARBUSDT,1789344900000,val,-1,-3.28,0.448,4.78,4.07,1.27,-2.19,1.27,0.26,0.23,0.25,0,-1.09,neutral,neutral,0,-1.0,8,10488,1,
s36359,OPUSDT,1789344900000,val,-1,-3.63,0.717,4.65,4.28,1.56,-2.54,1.79,0.62,0.59,0.51,1,-1.09,neutral,neutral,0,-0.276,32,10488,1,
s36360,INJUSDT,1789344900000,val,-1,-3.8,0.472,5.47,5.3,1.17,-2.71,2.02,0.75,0.87,0.64,0,-1.09,neutral,neutral,0,-1.0,13,10488,1,
s36361,SUIUSDT,1789344900000,val,-1,-3.39,0.652,4.29,3.84,1.42,-2.3,1.72,0.85,0.66,0.61,1,-1.09,neutral,neutral,0,-1.0,23,10488,1,
s36362,TIAUSDT,1789344900000,val,-1,-2.65,0.438,3.86,3.35,0.92,-1.55,1.12,0.62,0.67,0.63,0,-1.09,neutral,neutral,0,-0.667,32,10488,1,
s36363,SEIUSDT,1789344900000,val,-1,-2.19,0.404,3.14,2.56,1.12,-1.1,0.92,0.63,0.7,0.62,0,-1.09,neutral,neutral,0,-0.425,32,10488,1,
s36364,PENDLEUSDT,1789344900000,val,-1,-2.32,0.421,3.79,3.24,0.88,-1.23,0.96,0.68,0.63,0.66,0,-1.09,neutral,neutral,0,-1.0,7,10488,1,
s36365,ONDOUSDT,1789344900000,val,-1,-3.14,0.655,3.83,3.56,1.8,-2.05,1.72,0.84,0.81,0.67,1,-1.09,neutral,neutral,0,-1.0,11,10487,1,
s36366,FETUSDT,1789344900000,val,-1,-3.54,0.48,4.82,4.16,0.76,-2.45,1.17,0.66,0.74,0.64,0,-1.09,neutral,neutral,0,-0.493,32,10487,1,
s36367,ARUSDT,1789344900000,testA,-1,-2.41,0.358,4.07,3.13,1.02,-1.32,0.76,1.38,3.15,1.7,0,-1.09,neutral,neutral,0,-1.0,7,10487,1,
s36368,STXUSDT,1789344900000,testA,-1,-3.37,0.676,4.02,3.56,1.19,-2.28,1.53,0.91,0.98,1.21,0,-1.09,neutral,bajista,0,-0.319,32,10487,3,
s36369,GRTUSDT,1789344900000,testA,-1,-3.35,0.612,3.97,3.47,1.27,-2.26,1.39,0.56,0.62,0.62,0,-1.09,neutral,bajista,0,-1.0,7,10487,2,
s36370,LDOUSDT,1789344900000,testA,-1,-2.47,0.467,3.37,3.12,0.83,-1.38,1.25,0.67,0.53,0.49,1,-1.09,neutral,neutral,0,-1.0,12,10487,1,
s36371,SANDUSDT,1789344900000,testA,-1,-2.59,0.514,3.69,2.91,2.33,-1.5,1.03,1.07,0.83,0.75,1,-1.09,neutral,neutral,0,-0.392,32,10487,1,
s36372,MANAUSDT,1789344900000,testA,-1,-2.3,0.61,2.98,2.66,1.65,-1.2,0.96,1.16,1.14,1.95,0,-1.09,neutral,bajista,0,-1.0,24,10487,3,
s36373,AXSUSDT,1789344900000,testA,-1,-2.62,0.557,3.48,3.19,1.27,-1.52,1.4,1.25,1.06,1.36,0,-1.09,neutral,bajista,0,-0.659,32,10487,2,
s36374,APEUSDT,1789344900000,testA,-1,-2.23,0.625,3.03,2.5,1.03,-1.13,0.99,0.72,0.68,0.66,1,-1.09,neutral,neutral,0,-1.0,23,10487,1,
s36375,XPLUSDT,1789345800000,val,-1,-3.01,0.388,5.47,3.41,0.94,-2.33,0.71,0.81,0.69,0.62,1,-0.67,neutral,neutral,0,-1.0,11,10489,0,
s36376,STBLUSDT,1789345800000,val,-1,-2.09,0.462,3.61,2.29,1.17,-1.42,0.29,0.44,0.51,0.62,0,-0.67,neutral,neutral,0,-1.0,26,10489,0,
s36377,0GUSDT,1789345800000,val,-1,-4.29,0.497,5.25,4.84,1.31,-3.62,2.21,1.1,1.35,1.18,0,-0.67,neutral,neutral,0,-0.266,32,10489,0,
s36378,WLDUSDT,1789345800000,val,-1,-2.72,0.417,4.32,3.06,1.38,-2.05,0.82,0.53,0.45,0.42,1,-0.67,neutral,neutral,0,-0.353,32,10489,0,
s36379,OPUSDT,1789345800000,val,-1,-2.62,0.432,4.59,3.02,1.6,-1.95,0.54,0.62,0.59,0.51,1,-0.67,neutral,neutral,0,-0.073,32,10489,0,
s36380,SUIUSDT,1789345800000,val,-1,-2.43,0.395,4.24,2.67,1.55,-1.76,0.55,0.85,0.66,0.61,1,-0.67,neutral,neutral,0,-1.0,22,10489,0,
s36381,ONDOUSDT,1789345800000,val,-1,-2.19,0.383,3.79,2.45,1.79,-1.52,0.6,0.84,0.81,0.67,1,-0.67,neutral,neutral,0,-1.0,10,10488,0,
s36382,STXUSDT,1789345800000,testA,-1,-2.6,0.464,3.88,2.71,1.26,-1.93,0.73,0.91,0.98,1.21,0,-0.67,neutral,neutral,0,-0.194,32,10488,0,
s36383,XPLUSDT,1789346700000,val,-1,-3.16,0.417,5.41,3.31,1.01,-2.46,0.64,0.81,0.69,0.62,1,-0.7,neutral,neutral,0,-1.0,10,10490,0,
s36384,PUMPUSDT,1789346700000,val,-1,-3.34,0.382,5.54,4.17,0.64,-2.64,0.87,0.49,0.49,0.49,0,-0.7,neutral,neutral,0,-1.0,7,10490,1,
s36385,STBLUSDT,1789346700000,val,-1,-2.09,0.462,3.61,2.29,0.84,-1.39,0.35,0.44,0.51,0.62,0,-0.7,neutral,neutral,0,-1.0,25,10490,1,
s36386,0GUSDT,1789346700000,val,-1,-3.98,0.448,5.23,4.3,1.29,-3.29,1.5,1.1,1.35,1.18,0,-0.7,neutral,neutral,0,-0.202,32,10490,0,
s36387,WLDUSDT,1789346700000,val,-1,-2.74,0.423,4.32,2.9,1.38,-2.04,0.62,0.53,0.45,0.42,1,-0.7,neutral,neutral,0,-0.291,32,10490,0,
s36388,ENAUSDT,1789346700000,val,-1,-2.14,0.35,4.13,2.27,1.3,-1.44,0.18,0.6,0.5,0.45,1,-0.7,neutral,neutral,0,-1.0,5,10490,0,
s36389,OPUSDT,1789346700000,val,-1,-2.79,0.453,4.6,3.17,1.66,-2.09,0.63,0.62,0.59,0.51,1,-0.7,neutral,neutral,0,-0.05,32,10490,1,
s36390,SUIUSDT,1789346700000,val,-1,-2.56,0.427,4.24,2.66,1.56,-1.86,0.49,0.85,0.66,0.61,1,-0.7,neutral,neutral,0,-1.0,21,10490,0,
s36391,ONDOUSDT,1789346700000,val,-1,-2.42,0.423,3.79,2.57,1.8,-1.72,0.69,0.84,0.81,0.67,1,-0.7,neutral,neutral,0,-1.0,9,10489,1,
s36392,FETUSDT,1789346700000,val,-1,-2.84,0.358,4.6,3.04,0.77,-2.14,0.27,0.66,0.74,0.64,0,-0.7,neutral,neutral,0,-0.294,32,10489,0,
s36393,STXUSDT,1789346700000,testA,-1,-2.13,0.358,3.79,2.21,1.48,-1.43,0.3,0.91,0.98,1.21,0,-0.7,neutral,neutral,0,-0.034,32,10489,0,
s36394,LDOUSDT,1789346700000,testA,-1,-2.27,0.382,3.35,2.41,1.13,-1.57,0.51,0.67,0.53,0.49,1,-0.7,neutral,neutral,0,-1.0,10,10489,1,
s36395,XPLUSDT,1789347600000,val,-1,-2.68,0.354,5.32,2.99,0.8,-1.9,0.34,0.84,0.66,0.62,1,-0.78,neutral,neutral,0,-1.0,9,10491,0,
s36396,PUMPUSDT,1789347600000,val,-1,-3.85,0.464,5.54,4.23,0.44,-3.06,0.86,0.5,0.5,0.48,0,-0.78,neutral,bajista,0,-1.0,6,10491,2,
s36397,STBLUSDT,1789347600000,val,-1,-2.32,0.488,3.58,2.57,0.8,-1.54,0.62,0.5,0.51,0.61,0,-0.78,neutral,bajista,0,-1.0,24,10491,2,
s36398,WLDUSDT,1789347600000,val,-1,-2.72,0.421,4.32,2.95,1.23,-1.93,0.65,0.49,0.46,0.42,1,-0.78,neutral,neutral,0,-0.223,32,10491,1,
s36399,ENAUSDT,1789347600000,val,-1,-2.15,0.351,4.07,2.38,1.12,-1.37,0.36,0.64,0.47,0.46,1,-0.78,neutral,neutral,0,-1.0,4,10491,1,
s36400,OPUSDT,1789347600000,val,-1,-3.26,0.499,4.53,3.53,1.12,-2.48,0.96,0.67,0.61,0.53,1,-0.78,neutral,bajista,0,-0.084,32,10491,2,
s36401,SUIUSDT,1789347600000,val,-1,-2.55,0.426,4.19,2.71,1.31,-1.77,0.55,0.93,0.68,0.61,1,-0.78,neutral,neutral,0,-1.0,20,10491,1,
s36402,ONDOUSDT,1789347600000,val,-1,-2.33,0.406,3.79,2.51,1.6,-1.55,0.56,0.86,0.71,0.65,1,-0.78,neutral,neutral,0,-1.0,8,10490,0,
s36403,LDOUSDT,1789347600000,testA,-1,-2.33,0.387,3.35,2.6,1.01,-1.54,0.64,0.75,0.56,0.5,1,-0.78,neutral,bajista,0,-1.0,9,10490,2,
s36404,STBLUSDT,1789348500000,val,-1,-2.66,0.53,3.59,2.89,0.83,-1.95,0.82,0.5,0.51,0.61,0,-0.71,neutral,bajista,0,-1.0,23,10492,3,
s36405,0GUSDT,1789348500000,val,-1,-3.49,0.368,5.15,3.72,0.72,-2.78,0.82,1.13,1.28,1.24,0,-0.71,neutral,neutral,0,0.041,32,10492,1,
s36406,WLDUSDT,1789348500000,val,-1,-2.46,0.378,4.21,2.68,0.64,-1.75,0.45,0.49,0.46,0.42,1,-0.71,neutral,neutral,0,-0.167,32,10492,0,
s36407,OPUSDT,1789348500000,val,-1,-3.16,0.49,4.53,3.52,0.81,-2.45,0.88,0.67,0.61,0.53,1,-0.71,neutral,neutral,0,-0.126,32,10492,0,
s36408,SUIUSDT,1789348500000,val,-1,-2.2,0.369,3.91,2.27,0.77,-1.48,0.37,0.93,0.68,0.61,1,-0.71,neutral,neutral,0,-1.0,12,10492,0,
s36409,ONDOUSDT,1789348500000,val,-1,-2.17,0.38,3.79,2.45,0.62,-1.45,0.47,0.86,0.71,0.65,1,-0.71,neutral,neutral,0,-1.0,7,10491,0,
s36410,LDOUSDT,1789348500000,testA,-1,-2.43,0.413,3.27,2.52,0.89,-1.72,0.63,0.75,0.56,0.5,1,-0.71,neutral,neutral,0,-1.0,7,10491,0,
s36411,SANDUSDT,1789348500000,testA,-1,-2.17,0.355,3.64,2.36,0.48,-1.46,0.44,1.14,0.84,0.76,1,-0.71,neutral,bajista,0,-0.229,32,10491,3,
s36412,XPLUSDT,1789349400000,val,-1,-2.83,0.356,5.21,2.93,0.51,-2.11,0.39,0.84,0.66,0.62,1,-0.72,neutral,neutral,0,-1.0,7,10493,1,
s36413,STBLUSDT,1789349400000,val,-1,-2.66,0.53,3.44,2.81,0.67,-1.95,0.81,0.5,0.51,0.61,0,-0.72,neutral,bajista,0,-1.0,22,10493,4,
s36414,0GUSDT,1789349400000,val,-1,-3.44,0.365,5.15,3.72,0.48,-2.73,0.77,1.13,1.28,1.24,0,-0.72,neutral,neutral,0,0.11,32,10493,0,
s36415,WLDUSDT,1789349400000,val,-1,-2.36,0.357,4.15,2.5,0.49,-1.64,0.32,0.49,0.46,0.42,1,-0.72,neutral,neutral,0,-0.168,32,10493,0,
s36416,OPUSDT,1789349400000,val,-1,-3.19,0.492,4.26,3.35,0.7,-2.48,0.9,0.67,0.61,0.53,1,-0.72,neutral,neutral,0,-0.107,32,10493,1,
s36417,SUIUSDT,1789349400000,val,-1,-2.49,0.399,3.87,2.57,0.51,-1.77,0.67,0.93,0.68,0.61,1,-0.72,neutral,neutral,0,-1.0,11,10493,1,
s36418,ONDOUSDT,1789349400000,val,-1,-2.53,0.438,3.71,2.6,0.45,-1.82,0.65,0.86,0.71,0.65,1,-0.72,neutral,neutral,0,-1.0,6,10492,1,
s36419,FETUSDT,1789349400000,val,-1,-2.85,0.386,4.42,2.99,0.59,-2.13,0.43,0.66,0.75,0.65,0,-0.72,neutral,neutral,0,-0.3,32,10492,1,
s36420,LDOUSDT,1789349400000,testA,-1,-2.41,0.41,3.11,2.44,0.89,-1.69,0.66,0.75,0.56,0.5,1,-0.72,neutral,neutral,0,-1.0,5,10492,1,
s36421,SANDUSDT,1789349400000,testA,-1,-2.33,0.378,3.56,2.39,0.39,-1.62,0.52,1.14,0.84,0.76,1,-0.72,neutral,bajista,0,-0.25,32,10492,4,
s36422,TIAUSDT,1789351200000,val,1,2.14,0.366,3.04,3.01,0.79,1.53,1.3,0.68,0.61,0.63,0,0.6,neutral,alcista,0,0.028,32,10495,2,
s36423,JUPUSDT,1789351200000,val,1,2.13,0.405,2.8,2.8,0.68,1.52,1.28,0.51,0.37,0.4,0,0.6,neutral,alcista,0,0.379,32,10495,2,
s36424,ARUSDT,1789351200000,testA,1,5.19,0.57,6.24,6.1,2.18,4.58,4.06,2.08,3.21,1.97,0,0.6,neutral,alcista,0,-0.395,32,10494,4,
s36425,GRTUSDT,1789351200000,testA,1,3.17,0.453,4.4,4.34,0.63,2.57,2.22,0.62,0.6,0.6,0,0.6,neutral,alcista,0,-0.366,32,10494,5,
s36426,XPLUSDT,1789352100000,val,1,3.47,0.57,4.57,4.28,0.55,2.56,1.37,0.97,0.69,0.63,1,0.91,neutral,alcista,0,0.427,32,10496,3,
s36427,ENAUSDT,1789352100000,val,1,3.37,0.45,4.87,4.47,1.12,2.46,2.08,0.78,0.52,0.49,1,0.91,neutral,alcista,0,0.107,32,10496,3,
s36428,ARBUSDT,1789352100000,val,1,4.66,0.463,5.51,5.28,1.28,3.75,2.95,0.34,0.24,0.27,0,0.91,neutral,alcista,0,-0.507,32,10496,3,
s36429,OPUSDT,1789352100000,val,1,2.1,0.371,3.43,3.03,0.96,1.19,1.07,0.71,0.59,0.54,1,0.91,neutral,alcista,0,-0.488,32,10496,3,
s36430,INJUSDT,1789352100000,val,1,3.49,0.417,4.78,4.39,0.93,2.58,1.69,0.82,0.73,0.64,1,0.91,neutral,neutral,0,-0.168,32,10496,0,
s36431,TIAUSDT,1789352100000,val,1,2.36,0.39,3.56,3.26,1.06,1.45,1.36,0.68,0.61,0.63,0,0.91,neutral,alcista,0,-0.094,32,10496,3,
s36432,JUPUSDT,1789352100000,val,1,2.83,0.528,3.3,3.18,1.03,1.92,1.49,0.51,0.37,0.4,0,0.91,neutral,alcista,0,0.093,32,10496,3,
s36433,PENDLEUSDT,1789352100000,val,1,5.66,0.648,6.07,5.85,2.5,4.75,3.6,1.26,0.84,0.79,1,0.91,neutral,alcista,0,0.849,32,10496,3,
s36434,FETUSDT,1789352100000,val,1,3.19,0.495,4.08,3.79,1.03,2.28,1.61,0.73,0.8,0.66,0,0.91,neutral,alcista,0,-0.338,32,10495,3,
s36435,ARUSDT,1789352100000,testA,1,5.62,0.642,6.43,5.91,2.73,4.71,3.37,2.08,3.21,1.97,0,0.91,neutral,neutral,0,-0.421,32,10495,0,
s36436,GRTUSDT,1789352100000,testA,1,3.74,0.576,4.56,4.03,1.05,2.83,1.87,0.62,0.6,0.6,0,0.91,neutral,neutral,0,-0.342,32,10495,0,
s36437,LDOUSDT,1789352100000,testA,1,2.16,0.382,2.88,2.66,1.16,1.25,1.21,0.83,0.59,0.52,1,0.91,neutral,alcista,0,0.02,32,10495,3,
s36438,XPLUSDT,1789353000000,val,1,3.43,0.557,4.58,3.99,0.82,2.46,0.99,0.97,0.69,0.63,1,0.97,neutral,neutral,0,0.522,32,10497,0,
s36439,ENAUSDT,1789353000000,val,1,3.22,0.424,4.88,4.34,1.58,2.25,1.78,0.78,0.52,0.49,1,0.97,neutral,neutral,0,0.268,32,10497,0,
s36440,ARBUSDT,1789353000000,val,1,4.34,0.417,5.54,4.87,1.82,3.37,2.34,0.34,0.24,0.27,0,0.97,neutral,neutral,0,-0.452,32,10497,0,
s36441,INJUSDT,1789353000000,val,1,4.0,0.466,4.86,4.71,0.95,3.03,1.9,0.82,0.73,0.64,1,0.97,neutral,neutral,0,-0.208,32,10497,1,
s36442,TIAUSDT,1789353000000,val,1,2.78,0.487,3.57,3.04,1.19,1.81,1.08,0.68,0.61,0.63,0,0.97,neutral,neutral,0,-0.009,32,10497,0,
s36443,JUPUSDT,1789353000000,val,1,3.22,0.561,4.81,3.54,2.93,2.25,1.68,0.51,0.37,0.4,0,0.97,neutral,alcista,0,0.119,32,10497,4,
s36444,PENDLEUSDT,1789353000000,val,1,6.78,0.74,6.82,6.38,4.54,5.81,3.9,1.26,0.84,0.79,1,0.97,neutral,alcista,0,0.641,32,10497,4,
s36445,FETUSDT,1789353000000,val,1,3.38,0.538,4.2,3.74,1.44,2.41,1.49,0.73,0.8,0.66,0,0.97,neutral,neutral,0,-0.312,32,10496,0,
s36446,ARUSDT,1789353000000,testA,1,5.13,0.551,6.48,5.15,2.97,4.16,2.39,2.08,3.21,1.97,0,0.97,neutral,neutral,0,-0.223,32,10496,0,
s36447,GRTUSDT,1789353000000,testA,1,4.25,0.67,4.56,4.18,1.14,3.28,1.88,0.62,0.6,0.6,0,0.97,neutral,neutral,0,-0.304,32,10496,1,
s36448,LDOUSDT,1789353000000,testA,1,2.33,0.424,2.88,2.61,1.09,1.36,1.11,0.83,0.59,0.52,1,0.97,neutral,neutral,0,0.021,32,10496,0,
s36449,MANAUSDT,1789353000000,testA,1,2.17,0.57,2.6,2.46,1.4,1.2,1.15,1.26,1.1,1.86,0,0.97,neutral,alcista,0,-0.406,32,10496,4,
s36450,XPLUSDT,1789353900000,val,1,3.16,0.538,3.96,3.62,1.2,1.99,1.43,0.97,0.69,0.63,1,1.17,neutral,neutral,0,0.476,32,10498,1,
s36451,PUMPUSDT,1789353900000,val,1,3.38,0.366,5.53,5.09,1.74,2.22,2.4,0.6,0.55,0.51,1,1.17,neutral,neutral,0,-0.146,32,10498,0,
s36452,ARBUSDT,1789353900000,val,1,5.17,0.51,5.41,4.97,1.76,4.0,2.56,0.34,0.24,0.27,0,1.17,neutral,neutral,0,-0.595,32,10498,1,
s36453,INJUSDT,1789353900000,val,1,4.04,0.469,5.09,4.76,0.78,2.87,1.97,0.82,0.73,0.64,1,1.17,neutral,alcista,0,-0.264,32,10498,2,
s36454,TIAUSDT,1789353900000,val,1,2.81,0.495,3.49,2.79,1.09,1.65,1.08,0.68,0.61,0.63,0,1.17,neutral,neutral,0,-0.09,32,10498,0,
s36455,JUPUSDT,1789353900000,val,1,3.93,0.662,4.7,3.86,3.11,2.76,2.15,0.51,0.37,0.4,0,1.17,neutral,alcista,0,0.043,32,10498,5,
s36456,PENDLEUSDT,1789353900000,val,1,6.2,0.676,6.86,5.94,4.93,5.04,3.47,1.26,0.84,0.79,1,1.17,neutral,neutral,0,0.792,32,10498,0,
s36457,FETUSDT,1789353900000,val,1,3.51,0.569,4.03,3.5,1.6,2.34,1.61,0.73,0.8,0.66,0,1.17,neutral,neutral,0,-0.433,32,10497,0,
s36458,ARUSDT,1789353900000,testA,1,4.17,0.425,6.52,4.49,3.15,3.0,1.68,2.08,3.21,1.97,0,1.17,neutral,neutral,0,-0.266,32,10497,0,
s36459,GRTUSDT,1789353900000,testA,1,4.58,0.686,4.7,4.38,1.45,3.42,2.2,0.62,0.6,0.6,0,1.17,neutral,alcista,0,-0.458,32,10497,2,
s36460,LDOUSDT,1789353900000,testA,1,2.39,0.43,3.09,2.74,1.28,1.22,1.3,0.83,0.59,0.52,1,1.17,neutral,neutral,0,-0.109,32,10497,1,
s36461,SANDUSDT,1789353900000,testA,1,2.15,0.439,2.58,2.11,0.62,0.99,0.79,1.23,0.83,0.76,1,1.17,neutral,neutral,0,-0.267,32,10497,1,
s36462,MANAUSDT,1789353900000,testA,1,2.25,0.579,2.72,2.55,1.29,1.09,1.32,1.26,1.1,1.86,0,1.17,neutral,alcista,0,-0.557,32,10497,5,
s36463,XPLUSDT,1789354800000,val,1,3.16,0.539,3.89,3.78,0.95,1.77,1.91,1.05,0.69,0.63,1,1.39,neutral,alcista,0,0.634,32,10499,2,
s36464,PUMPUSDT,1789354800000,val,1,4.3,0.44,6.33,5.73,1.56,2.9,2.84,0.63,0.53,0.51,1,1.39,neutral,neutral,0,-0.257,32,10499,1,
s36465,WLDUSDT,1789354800000,val,1,2.32,0.373,3.56,3.41,0.72,0.93,1.3,0.58,0.43,0.41,1,1.39,neutral,neutral,0,-0.28,32,10499,1,
s36466,ENAUSDT,1789354800000,val,1,3.03,0.382,4.87,4.54,1.21,1.63,1.95,0.84,0.54,0.48,1,1.39,neutral,neutral,0,0.097,32,10499,1,
s36467,ARBUSDT,1789354800000,val,1,5.61,0.531,5.54,5.49,1.28,4.21,3.16,0.36,0.24,0.26,0,1.39,neutral,alcista,0,-0.792,32,10499,2,
s36468,INJUSDT,1789354800000,val,1,4.51,0.529,5.08,4.92,0.64,3.11,2.15,0.85,0.71,0.65,1,1.39,neutral,alcista,0,-0.252,32,10499,3,
s36469,SUIUSDT,1789354800000,val,1,2.46,0.386,3.54,3.5,0.95,1.06,1.46,1.13,0.72,0.62,1,1.39,neutral,alcista,0,0.191,32,10499,2,
s36470,TIAUSDT,1789354800000,val,1,2.98,0.51,3.31,3.06,0.98,1.58,1.38,0.71,0.58,0.62,0,1.39,neutral,neutral,0,-0.327,32,10499,1,
s36471,SEIUSDT,1789354800000,val,1,2.01,0.355,2.22,2.17,1.17,0.62,1.08,0.76,0.58,0.62,0,1.39,neutral,alcista,0,-0.439,32,10499,2,
s36472,JUPUSDT,1789354800000,val,1,3.97,0.664,4.53,3.9,3.55,2.57,2.17,0.52,0.38,0.37,1,1.39,neutral,alcista,0,-0.183,32,10499,6,
s36473,PENDLEUSDT,1789354800000,val,1,6.97,0.705,6.81,6.59,5,5.57,3.91,1.52,0.93,0.82,1,1.39,neutral,neutral,0,0.519,32,10499,1,
s36474,ONDOUSDT,1789354800000,val,1,2.66,0.427,3.76,3.64,1.04,1.26,1.69,1.17,0.8,0.7,1,1.39,neutral,alcista,0,0.25,32,10498,2,
s36475,FETUSDT,1789354800000,val,1,3.44,0.564,4.03,3.56,1.53,2.05,1.6,0.76,0.81,0.64,0,1.39,neutral,neutral,0,-0.475,32,10498,1,
s36476,ARUSDT,1789354800000,testA,1,5.38,0.505,6.46,5.42,1.68,3.99,2.5,2.42,3.1,2.03,0,1.39,neutral,neutral,0,-0.404,32,10498,1,
s36477,GRTUSDT,1789354800000,testA,1,4.9,0.701,5.3,4.93,1.43,3.51,2.62,0.7,0.6,0.58,1,1.39,neutral,alcista,0,-0.596,32,10498,3,
s36478,LDOUSDT,1789354800000,testA,1,2.61,0.452,3.16,3.11,0.93,1.21,1.62,0.88,0.58,0.53,1,1.39,neutral,alcista,0,-0.287,32,10498,2,
s36479,MANAUSDT,1789354800000,testA,1,2.36,0.607,2.71,2.6,1.31,0.97,1.29,1.34,1.08,1.73,0,1.39,neutral,alcista,0,-0.672,32,10498,6,
s36480,APEUSDT,1789354800000,testA,1,2.05,0.529,2.53,2.38,0.74,0.65,1.06,0.91,0.66,0.64,1,1.39,neutral,alcista,0,-0.625,32,10498,2,
s36481,XPLUSDT,1789355700000,val,1,3.4,0.558,4.6,4.22,1.02,2.0,2.18,1.05,0.69,0.63,1,1.4,neutral,alcista,0,0.597,32,10500,3,
s36482,WLDUSDT,1789355700000,val,1,2.35,0.379,3.59,3.28,0.59,0.95,1.06,0.58,0.43,0.41,1,1.4,neutral,neutral,0,-0.11,32,10500,0,
s36483,ENAUSDT,1789355700000,val,1,3.17,0.394,5.06,4.67,1.05,1.77,1.88,0.84,0.54,0.48,1,1.4,neutral,alcista,0,0.103,32,10500,2,
s36484,ARBUSDT,1789355700000,val,1,5.02,0.471,5.52,5.14,0.93,3.61,2.56,0.36,0.24,0.26,0,1.4,neutral,neutral,0,-0.705,32,10500,0,
s36485,INJUSDT,1789355700000,val,1,3.81,0.468,5.1,4.76,0.62,2.4,1.81,0.85,0.71,0.65,1,1.4,neutral,neutral,0,-0.236,32,10500,0,
s36486,SUIUSDT,1789355700000,val,1,2.41,0.381,3.71,3.54,0.64,1.01,1.4,1.13,0.72,0.62,1,1.4,neutral,alcista,0,0.331,32,10500,3,
s36487,TIAUSDT,1789355700000,val,1,2.54,0.471,3.31,3.09,0.8,1.13,1.35,0.71,0.58,0.62,0,1.4,neutral,alcista,0,-0.252,32,10500,2,
s36488,JUPUSDT,1789355700000,val,1,3.39,0.574,4.37,3.49,3.14,1.98,1.73,0.52,0.38,0.37,1,1.4,neutral,neutral,0,-0.036,32,10500,0,
s36489,PENDLEUSDT,1789355700000,val,1,6.42,0.647,6.83,6.32,2.04,5.02,3.31,1.52,0.93,0.82,1,1.4,neutral,neutral,0,0.657,32,10500,0,
s36490,ONDOUSDT,1789355700000,val,1,2.27,0.375,3.82,3.53,0.94,0.87,1.44,1.17,0.8,0.7,1,1.4,neutral,neutral,0,0.419,32,10499,0,
s36491,FETUSDT,1789355700000,val,1,3.08,0.495,3.92,3.22,1.13,1.67,1.26,0.76,0.81,0.64,0,1.4,neutral,neutral,0,-0.327,32,10499,0,
s36492,GRTUSDT,1789355700000,testA,1,3.95,0.571,5.32,4.53,1.13,2.54,2.02,0.7,0.6,0.58,1,1.4,neutral,neutral,0,-0.535,32,10499,0,
s36493,LDOUSDT,1789355700000,testA,1,2.27,0.387,3.25,2.9,0.75,0.87,1.3,0.88,0.58,0.53,1,1.4,neutral,neutral,0,-0.168,32,10499,0,
s36494,XPLUSDT,1789356600000,val,1,2.79,0.415,4.64,3.57,1.0,1.86,1.26,1.05,0.69,0.63,1,0.93,neutral,neutral,0,0.927,32,10501,0,
s36495,ARBUSDT,1789356600000,val,1,4.18,0.376,5.55,4.54,0.72,3.25,1.81,0.36,0.24,0.26,0,0.93,neutral,neutral,0,-0.7,32,10501,0,
s36496,INJUSDT,1789356600000,val,1,4.14,0.489,5.48,5.27,0.8,3.21,2.13,0.85,0.71,0.65,1,0.93,neutral,neutral,0,-0.428,32,10501,1,
s36497,JUPUSDT,1789356600000,val,1,3.09,0.497,4.38,3.16,0.66,2.16,1.29,0.52,0.38,0.37,1,0.93,neutral,neutral,0,-0.107,32,10501,0,
s36498,PENDLEUSDT,1789356600000,val,1,7.87,0.695,7.58,7.56,1.43,6.95,4.19,1.52,0.93,0.82,1,0.93,neutral,neutral,0,0.329,32,10501,1,
s36499,GRTUSDT,1789356600000,testA,1,4.11,0.581,5.31,4.78,1.19,3.18,2.07,0.7,0.6,0.58,1,0.93,neutral,neutral,0,-0.593,32,10500,1,
s36500,XPLUSDT,1789357500000,val,1,3.14,0.462,4.63,3.77,0.72,2.16,1.29,1.05,0.69,0.63,1,0.98,neutral,neutral,0,0.805,32,10502,1,
s36501,PUMPUSDT,1789357500000,val,1,5.01,0.512,6.36,5.27,0.88,4.03,1.87,0.63,0.53,0.51,1,0.98,neutral,neutral,0,-0.151,32,10502,1,
s36502,ENAUSDT,1789357500000,val,1,3.27,0.398,5.08,4.23,0.65,2.29,1.11,0.84,0.54,0.48,1,0.98,neutral,neutral,0,0.133,32,10502,1,
s36503,ARBUSDT,1789357500000,val,1,4.3,0.388,5.57,4.23,0.73,3.31,1.29,0.36,0.24,0.26,0,0.98,neutral,neutral,0,-0.645,32,10502,0,
s36504,INJUSDT,1789357500000,val,1,4.85,0.572,5.77,5.58,0.81,3.87,2.26,0.85,0.71,0.65,1,0.98,neutral,alcista,0,-0.391,32,10502,2,
s36505,TIAUSDT,1789357500000,val,1,2.28,0.404,3.31,2.9,0.85,1.3,0.95,0.71,0.58,0.62,0,0.98,neutral,neutral,0,-0.269,32,10502,1,
s36506,JUPUSDT,1789357500000,val,1,3.13,0.5,4.38,3.24,0.62,2.15,1.22,0.52,0.38,0.37,1,0.98,neutral,neutral,0,-0.104,32,10502,1,
s36507,PENDLEUSDT,1789357500000,val,1,7.74,0.683,7.88,7.5,1.11,6.76,3.72,1.52,0.93,0.82,1,0.98,neutral,neutral,0,0.337,32,10502,0,
s36508,ONDOUSDT,1789357500000,val,1,2.98,0.425,4.37,4.0,1.41,2.0,1.7,1.17,0.8,0.7,1,0.98,neutral,neutral,0,0.092,32,10501,1,
s36509,FETUSDT,1789357500000,val,1,2.71,0.385,3.93,2.88,0.91,1.73,0.78,0.76,0.81,0.64,0,0.98,neutral,neutral,0,-0.286,32,10501,1,
s36510,GRTUSDT,1789357500000,testA,1,4.04,0.578,5.3,4.93,1.1,3.06,1.97,0.7,0.6,0.58,1,0.98,neutral,alcista,0,-0.553,32,10501,2,
s36511,XPLUSDT,1789358400000,val,1,2.98,0.433,4.63,3.65,0.68,2.11,1.02,0.74,0.69,0.65,1,0.87,neutral,neutral,0,0.805,32,10503,0,
s36512,PUMPUSDT,1789358400000,val,1,3.89,0.42,6.38,4.98,0.67,3.02,1.34,0.54,0.51,0.5,1,0.87,neutral,neutral,0,-0.011,32,10503,0,
s36513,ENAUSDT,1789358400000,val,1,3.09,0.384,5.08,4.26,0.61,2.22,1.03,0.65,0.54,0.49,1,0.87,neutral,alcista,0,0.199,32,10503,2,
s36514,INJUSDT,1789358400000,val,1,3.98,0.482,5.79,5.27,0.85,3.11,1.67,0.68,0.67,0.64,1,0.87,neutral,neutral,0,-0.409,32,10503,0,
s36515,JUPUSDT,1789358400000,val,1,2.98,0.489,4.37,3.57,0.45,2.11,1.37,0.45,0.39,0.37,1,0.87,neutral,alcista,0,-0.141,32,10503,2,
s36516,PENDLEUSDT,1789358400000,val,1,6.15,0.514,8.03,6.52,0.98,5.28,2.35,1.4,0.99,0.83,1,0.87,neutral,neutral,0,0.583,32,10503,0,
s36517,ONDOUSDT,1789358400000,val,1,2.77,0.404,4.45,3.97,1.29,1.9,1.47,1.05,0.85,0.72,1,0.87,neutral,neutral,0,0.143,32,10502,0,
s36518,XPLUSDT,1789359300000,val,1,3.76,0.565,4.48,3.74,0.93,2.24,1.15,0.74,0.69,0.65,1,1.52,neutral,neutral,0,0.807,32,10504,1,
s36519,PUMPUSDT,1789359300000,val,1,4.49,0.513,5.87,4.33,0.6,2.97,1.13,0.54,0.51,0.5,1,1.52,neutral,neutral,0,0.07,32,10504,0,
s36520,0GUSDT,1789359300000,val,1,2.84,0.495,3.66,2.96,0.58,1.32,0.59,0.99,0.97,1.28,0,1.52,neutral,alcista,0,0.237,32,10504,2,
s36521,WLDUSDT,1789359300000,val,1,2.45,0.5,3.27,2.47,0.56,0.93,0.33,0.45,0.42,0.41,1,1.52,neutral,neutral,0,0.116,32,10504,0,
s36522,ENAUSDT,1789359300000,val,1,4.11,0.557,4.72,4.03,0.51,2.59,1.08,0.65,0.54,0.49,1,1.52,neutral,alcista,0,0.168,32,10504,3,
s36523,ARBUSDT,1789359300000,val,1,3.48,0.352,5.36,3.44,0.77,1.96,0.52,0.29,0.24,0.26,0,1.52,neutral,neutral,0,-0.483,32,10504,0,
s36524,INJUSDT,1789359300000,val,1,5.43,0.768,5.66,5.19,0.9,3.91,1.53,0.68,0.67,0.64,1,1.52,neutral,neutral,0,-0.5,32,10504,1,
s36525,SUIUSDT,1789359300000,val,1,3.11,0.574,3.57,3.08,0.58,1.59,0.84,0.88,0.75,0.63,1,1.52,neutral,alcista,0,0.403,32,10504,3,
s36526,TIAUSDT,1789359300000,val,1,2.46,0.462,3.1,2.43,0.67,0.94,0.48,0.54,0.58,0.62,0,1.52,neutral,neutral,0,-0.195,32,10504,0,
s36527,JUPUSDT,1789359300000,val,1,3.3,0.567,4.16,3.2,0.49,1.78,1.09,0.45,0.39,0.37,1,1.52,neutral,neutral,0,-0.118,32,10504,0,
s36528,PENDLEUSDT,1789359300000,val,1,7.39,0.608,7.8,6.91,1.08,5.87,2.69,1.4,0.99,0.83,1,1.52,neutral,neutral,0,0.497,32,10504,1,
s36529,ONDOUSDT,1789359300000,val,1,3.83,0.65,4.31,3.8,1.25,2.31,1.3,1.05,0.85,0.72,1,1.52,neutral,neutral,0,0.097,32,10503,0,
s36530,FETUSDT,1789359300000,val,1,2.53,0.412,3.7,2.59,0.76,1.01,0.57,0.59,0.8,0.64,0,1.52,neutral,neutral,0,-0.341,32,10503,1,
s36531,GRTUSDT,1789359300000,testA,1,3.58,0.436,5.16,3.46,1.52,2.06,0.47,0.66,0.63,0.59,1,1.52,neutral,neutral,0,-0.431,32,10503,1,
s36532,LDOUSDT,1789359300000,testA,1,2.64,0.525,3.25,2.74,0.59,1.12,0.73,0.67,0.58,0.53,1,1.52,neutral,neutral,0,-0.069,32,10503,0,
s36533,XPLUSDT,1789360200000,val,1,2.8,0.494,3.81,3.09,0.86,1.73,1.08,0.74,0.69,0.65,1,1.07,neutral,alcista,0,0.915,32,10505,2,
s36534,PUMPUSDT,1789360200000,val,1,3.28,0.418,5.58,3.86,0.51,2.2,1.05,0.54,0.51,0.5,1,1.07,neutral,neutral,0,-0.007,32,10505,0,
s36535,0GUSDT,1789360200000,val,1,2.21,0.368,3.58,2.42,0.71,1.14,0.18,0.99,0.97,1.28,0,1.07,neutral,neutral,0,0.375,32,10505,0,
s36536,ENAUSDT,1789360200000,val,1,2.9,0.473,3.99,3.37,0.52,1.83,1.09,0.65,0.54,0.49,1,1.07,neutral,alcista,0,0.069,32,10505,4,
s36537,INJUSDT,1789360200000,val,1,4.07,0.703,4.56,4.04,0.66,2.99,1.38,0.68,0.67,0.64,1,1.07,neutral,neutral,0,-0.651,32,10505,0,
s36538,SUIUSDT,1789360200000,val,1,2.08,0.477,3.04,2.68,0.63,1.0,0.88,0.88,0.75,0.63,1,1.07,neutral,alcista,0,0.349,32,10505,4,
s36539,PENDLEUSDT,1789360200000,val,1,5.54,0.494,7.19,5.83,0.65,4.47,2.0,1.4,0.99,0.83,1,1.07,neutral,neutral,0,0.75,32,10505,0,
s36540,ONDOUSDT,1789360200000,val,1,2.59,0.533,3.72,3.1,1.4,1.52,1.1,1.05,0.85,0.72,1,1.07,neutral,neutral,0,0.046,32,10504,0,
s36541,XPLUSDT,1789361100000,val,1,2.7,0.474,3.81,3.03,0.92,1.56,0.92,0.74,0.69,0.65,1,1.14,neutral,neutral,0,0.794,32,10506,0,
s36542,PUMPUSDT,1789361100000,val,1,3.54,0.459,5.57,3.92,0.38,2.41,0.9,0.54,0.51,0.5,1,1.14,neutral,neutral,0,-0.183,32,10506,1,
s36543,0GUSDT,1789361100000,val,1,2.05,0.351,2.96,2.16,0.86,0.91,0.49,0.99,0.97,1.28,0,1.14,neutral,neutral,0,-1.0,18,10506,1,
s36544,ENAUSDT,1789361100000,val,1,2.64,0.439,3.99,3.31,0.57,1.5,0.9,0.65,0.54,0.49,1,1.14,neutral,neutral,0,-0.157,32,10506,0,
s36545,INJUSDT,1789361100000,val,1,3.82,0.69,4.39,4.0,0.51,2.68,1.3,0.68,0.67,0.64,1,1.14,neutral,neutral,0,-0.785,32,10506,1,
s36546,SUIUSDT,1789361100000,val,1,2.1,0.481,3.04,2.72,0.79,0.97,0.81,0.88,0.75,0.63,1,1.14,neutral,alcista,0,0.154,32,10506,5,
s36547,PENDLEUSDT,1789361100000,val,1,4.9,0.456,7.19,5.75,0.55,3.76,1.66,1.4,0.99,0.83,1,1.14,neutral,neutral,0,0.515,32,10506,0,
s36548,ONDOUSDT,1789361100000,val,1,2.63,0.542,3.72,3.01,0.89,1.49,0.89,1.05,0.85,0.72,1,1.14,neutral,neutral,0,-0.094,32,10505,0,
s36549,LDOUSDT,1789361100000,testA,1,2.07,0.524,3.25,2.87,0.49,0.94,0.67,0.67,0.58,0.53,1,1.14,neutral,alcista,0,-0.453,32,10505,2,
s36550,XPLUSDT,1789362000000,val,1,2.2,0.386,3.82,2.79,0.98,1.04,0.67,0.68,0.69,0.65,0,1.15,neutral,neutral,0,0.673,32,10507,0,
s36551,PUMPUSDT,1789362000000,val,1,4.06,0.5,5.55,4.34,0.33,2.91,1.31,0.45,0.48,0.49,0,1.15,neutral,alcista,0,-0.304,32,10507,2,
s36552,ENAUSDT,1789362000000,val,1,2.72,0.457,4.0,3.21,0.51,1.57,0.83,0.6,0.53,0.49,1,1.15,neutral,neutral,0,-0.392,32,10507,0,
s36553,INJUSDT,1789362000000,val,1,3.39,0.616,4.35,3.77,0.39,2.24,1.17,0.66,0.66,0.65,0,1.15,neutral,neutral,0,-0.728,32,10507,0,
s36554,SUIUSDT,1789362000000,val,1,2.19,0.51,3.04,2.7,0.6,1.04,0.86,0.81,0.75,0.64,1,1.15,neutral,neutral,0,0.041,32,10507,0,
s36555,PENDLEUSDT,1789362000000,val,1,5.2,0.487,7.19,5.83,0.4,4.05,1.66,1.41,1.01,0.84,1,1.15,neutral,neutral,0,0.498,32,10507,1,
s36556,ONDOUSDT,1789362000000,val,1,2.83,0.561,3.71,3.26,0.72,1.68,1.18,0.99,0.84,0.73,1,1.15,neutral,neutral,0,-0.191,32,10506,1,
s36557,LDOUSDT,1789362000000,testA,1,2.11,0.535,3.26,2.71,0.47,0.95,0.59,0.65,0.6,0.53,1,1.15,neutral,neutral,0,-0.63,32,10506,0,
s36558,PUMPUSDT,1789362900000,val,1,3.16,0.381,5.58,3.84,0.32,2.3,0.57,0.45,0.48,0.49,0,0.86,neutral,neutral,0,-0.201,32,10508,0,
s36559,ENAUSDT,1789362900000,val,1,2.19,0.372,4.01,2.98,0.35,1.33,0.37,0.6,0.53,0.49,1,0.86,neutral,neutral,0,-0.354,32,10508,0,
s36560,INJUSDT,1789362900000,val,1,2.46,0.412,4.38,3.1,0.43,1.6,0.27,0.66,0.66,0.65,0,0.86,neutral,neutral,0,-0.089,32,10508,0,
s36561,PENDLEUSDT,1789362900000,val,1,5.3,0.499,7.2,5.66,0.37,4.44,1.16,1.41,1.01,0.84,1,0.86,neutral,neutral,0,0.584,32,10508,0,
s36562,ONDOUSDT,1789362900000,val,1,2.3,0.422,3.73,2.82,0.59,1.44,0.51,0.99,0.84,0.73,1,0.86,neutral,neutral,0,0.0,32,10507,0,
s36563,LDOUSDT,1789362900000,testA,1,2.02,0.503,3.26,2.63,0.55,1.16,0.33,0.65,0.6,0.53,1,0.86,neutral,neutral,0,-0.464,32,10507,0,
s36564,PUMPUSDT,1789363800000,val,1,3.3,0.395,4.85,3.23,0.32,2.35,0.64,0.45,0.48,0.49,0,0.95,neutral,neutral,0,-0.085,32,10509,1,
s36565,ENAUSDT,1789363800000,val,1,2.86,0.505,3.7,2.86,0.3,1.9,0.48,0.6,0.53,0.49,1,0.95,neutral,neutral,0,-0.157,32,10509,1,
s36566,INJUSDT,1789363800000,val,1,2.83,0.446,3.66,2.86,0.5,1.87,0.63,0.66,0.66,0.65,0,0.95,neutral,neutral,0,-1.0,29,10509,1,
s36567,SUIUSDT,1789363800000,val,1,2.27,0.554,2.72,2.27,0.55,1.31,0.48,0.81,0.75,0.64,1,0.95,neutral,neutral,0,0.374,32,10509,1,
s36568,PENDLEUSDT,1789363800000,val,1,5.24,0.49,6.73,5.03,0.34,4.28,0.84,1.41,1.01,0.84,1,0.95,neutral,neutral,0,0.596,32,10509,0,
s36569,ONDOUSDT,1789363800000,val,1,2.72,0.503,3.47,2.73,0.52,1.76,0.63,0.99,0.84,0.73,1,0.95,neutral,neutral,0,0.104,32,10508,1,
s36570,LDOUSDT,1789363800000,testA,1,2.27,0.554,2.76,2.3,0.54,1.32,0.48,0.65,0.6,0.53,1,0.95,neutral,neutral,0,-0.447,32,10508,1,
s36571,PENDLEUSDT,1789364700000,val,1,3.15,0.359,5.47,3.62,0.33,2.52,0.65,1.41,1.01,0.84,1,0.63,neutral,neutral,0,0.824,32,10510,0,
s36572,ONDOUSDT,1789364700000,val,1,2.06,0.436,2.92,2.41,0.41,1.42,0.77,0.99,0.84,0.73,1,0.63,neutral,alcista,0,-0.129,32,10509,2,
s36573,PENDLEUSDT,1789365600000,val,1,3.47,0.382,4.8,3.59,0.38,2.97,1.2,1.49,1.09,0.87,1,0.5,neutral,neutral,0,0.938,32,10511,1,
s36574,ONDOUSDT,1789365600000,val,1,2.01,0.432,2.45,2.23,0.59,1.51,1.2,0.93,0.88,0.76,1,0.5,neutral,alcista,0,0.025,32,10510,3,
s36575,ONDOUSDT,1789367400000,val,1,2.07,0.468,2.19,2.05,1.07,1.75,1.12,0.93,0.88,0.76,1,0.32,neutral,alcista,0,-0.575,32,10512,5,
s36576,ARBUSDT,1789369200000,val,-1,-2.6,0.426,3.75,2.68,1.1,-2.42,0.7,0.27,0.27,0.26,1,-0.18,neutral,neutral,0,0.52,32,10515,0,
s36577,ARBUSDT,1789370100000,val,-1,-2.61,0.426,3.47,2.74,1.23,-2.46,0.88,0.27,0.27,0.26,1,-0.14,neutral,neutral,0,0.295,32,10516,1,
s36578,ONDOUSDT,1789371000000,val,1,2.0,0.583,2.33,1.99,0.84,1.6,0.93,0.96,0.91,0.78,1,0.4,neutral,neutral,0,-1.0,22,10516,1,
s36579,GRTUSDT,1789371000000,testA,-1,-2.1,0.426,2.74,2.52,0.78,-2.5,0.8,0.55,0.54,0.57,0,0.4,neutral,neutral,0,0.064,32,10516,0,
s36580,GRTUSDT,1789371900000,testA,-1,-2.26,0.473,2.52,2.31,0.83,-2.64,0.8,0.55,0.54,0.57,0,0.38,neutral,neutral,0,0.163,32,10517,0,
s36581,PENDLEUSDT,1789379100000,val,1,3.14,0.415,4.22,3.89,2.06,2.46,2.27,1.22,1.38,0.96,0,0.68,neutral,neutral,0,0.622,32,10526,1,
s36582,INJUSDT,1789380000000,val,-1,-2.03,0.404,3.85,3.28,0.96,-2.36,0.47,0.64,0.66,0.72,0,0.33,neutral,neutral,0,-1.0,25,10527,1,
s36583,INJUSDT,1789380900000,val,-1,-2.21,0.435,2.87,2.41,0.73,-2.74,0.6,0.64,0.66,0.72,0,0.53,neutral,bajista,0,-1.0,14,10528,2,
s36584,PENDLEUSDT,1789380900000,val,1,3.67,0.397,4.99,4.9,3.28,3.14,2.93,1.57,1.5,1.07,1,0.53,neutral,neutral,0,0.263,32,10528,1,
s36585,PENDLEUSDT,1789381800000,val,1,3.67,0.395,4.86,4.21,3.71,3.39,2.53,1.57,1.5,1.07,1,0.28,neutral,neutral,0,0.446,32,10529,0,
s36586,STXUSDT,1789381800000,testA,1,2.3,0.656,3.2,2.8,2.69,2.02,1.38,0.67,0.79,0.89,0,0.28,neutral,neutral,0,-0.395,32,10528,0,
s36587,PENDLEUSDT,1789382700000,val,1,4.49,0.49,4.85,4.5,2.22,4.09,2.48,1.57,1.5,1.07,1,0.4,neutral,neutral,0,0.5,32,10530,1,
s36588,STXUSDT,1789382700000,testA,1,2.27,0.638,3.22,2.4,2.06,1.87,0.84,0.67,0.79,0.89,0,0.4,neutral,neutral,0,-0.231,32,10529,0,
s36589,XPLUSDT,1789383600000,val,1,2.08,0.66,3.0,2.5,2.13,1.95,1.51,0.71,0.7,0.67,1,0.13,neutral,alcista,0,1.068,32,10531,2,
s36590,STXUSDT,1789383600000,testA,1,2.07,0.618,2.77,2.07,1.21,1.95,0.87,0.7,0.77,0.87,0,0.13,neutral,neutral,0,-1.0,8,10530,1,
s36591,APEUSDT,1789383600000,testA,-1,-2.14,0.707,2.26,2.19,0.68,-2.27,1.04,0.68,0.65,0.64,1,0.13,neutral,bajista,0,0.414,32,10530,2,
s36592,XPLUSDT,1789384500000,val,1,2.57,0.706,3.9,3.06,3.15,2.31,1.86,0.71,0.7,0.67,1,0.26,neutral,alcista,0,0.775,32,10532,3,
s36593,STXUSDT,1789384500000,testA,1,2.48,0.66,2.68,2.57,0.92,2.22,1.39,0.7,0.77,0.87,0,0.26,neutral,alcista,0,-1.0,7,10531,2,
s36594,XPLUSDT,1789385400000,val,1,2.84,0.792,3.89,3.16,3.67,2.87,1.79,0.71,0.7,0.67,1,-0.03,neutral,alcista,0,1.111,32,10533,4,
s36595,STXUSDT,1789385400000,testA,1,2.25,0.612,2.68,2.5,0.82,2.29,1.24,0.7,0.77,0.87,0,-0.03,neutral,neutral,0,-1.0,6,10532,0,
s36596,XPLUSDT,1789386300000,val,1,2.72,0.753,3.9,3.09,3.87,2.86,1.52,0.71,0.7,0.67,1,-0.14,neutral,neutral,0,1.004,32,10534,0,
s36597,STXUSDT,1789386300000,testA,1,2.14,0.564,2.68,2.35,0.58,2.28,0.94,0.7,0.77,0.87,0,-0.14,neutral,neutral,0,-1.0,5,10533,0,
s36598,XPLUSDT,1789387200000,val,1,2.19,0.621,3.91,2.87,1.72,2.11,1.16,0.76,0.68,0.68,0,0.08,neutral,neutral,0,1.03,32,10535,0,
s36599,STXUSDT,1789387200000,testA,1,2.1,0.56,2.53,2.39,0.63,2.02,0.99,0.82,0.76,0.88,0,0.08,neutral,neutral,0,-1.0,4,10534,1,
s36600,MANAUSDT,1789387200000,testA,-1,-2.05,0.609,2.63,2.57,1.34,-2.14,1.26,1.01,1.03,1.1,0,0.08,neutral,bajista,0,-0.215,32,10534,3,
s36601,APEUSDT,1789387200000,testA,-1,-2.0,0.551,2.27,2.27,0.92,-2.08,1.01,0.74,0.65,0.66,0,0.08,neutral,neutral,0,0.1,32,10534,1,
s36602,XPLUSDT,1789388100000,val,1,2.59,0.685,3.89,3.18,0.96,2.27,1.36,0.76,0.68,0.68,0,0.32,neutral,neutral,0,1.186,32,10536,1,
s36603,PENDLEUSDT,1789388100000,val,1,3.64,0.417,4.73,4.4,0.56,3.32,1.43,1.78,1.65,1.15,1,0.32,neutral,alcista,0,0.498,32,10536,2,
s36604,STXUSDT,1789388100000,testA,1,2.06,0.545,2.57,2.31,0.87,1.74,0.81,0.82,0.76,0.88,0,0.32,neutral,neutral,0,-1.0,3,10535,0,
s36605,MANAUSDT,1789388100000,testA,-1,-2.05,0.609,2.53,2.25,1.33,-2.37,0.93,1.01,1.03,1.1,0,0.32,neutral,neutral,0,-0.387,32,10535,0,
s36606,XPLUSDT,1789389000000,val,1,2.55,0.663,3.9,3.03,0.76,2.34,1.08,0.76,0.68,0.68,0,0.21,neutral,neutral,0,1.192,32,10537,0,
s36607,PENDLEUSDT,1789389000000,val,1,3.84,0.431,5.34,4.82,0.81,3.63,1.71,1.78,1.65,1.15,1,0.21,neutral,alcista,0,0.741,32,10537,3,
s36608,MANAUSDT,1789389000000,testA,-1,-2.32,0.658,2.7,2.39,1.71,-2.53,1.02,1.01,1.03,1.1,0,0.21,neutral,neutral,0,-0.309,32,10536,1,
s36609,MANAUSDT,1789389900000,testA,-1,-2.45,0.669,2.82,2.64,1.97,-2.4,1.29,1.01,1.03,1.1,0,-0.05,neutral,bajista,0,-0.337,32,10537,2,
s36610,STBLUSDT,1789390800000,val,-1,-2.43,0.438,2.73,2.53,0.92,-2.45,1.45,0.76,0.64,0.57,1,0.02,neutral,bajista,0,-1.0,3,10539,2,
s36611,MANAUSDT,1789390800000,testA,-1,-2.23,0.648,3.25,2.71,1.75,-2.25,1.26,1.16,1.09,1.1,0,0.02,neutral,bajista,0,-0.03,32,10538,3,
s36612,STBLUSDT,1789391700000,val,-1,-2.21,0.408,2.65,2.42,0.92,-2.32,1.24,0.76,0.64,0.57,1,0.11,neutral,neutral,0,-1.0,2,10540,0,
s36613,STXUSDT,1789395300000,testA,-1,-2.13,0.354,3.08,2.59,1.14,-2.68,0.86,1.13,0.81,0.89,0,0.55,neutral,neutral,0,0.174,32,10543,1,
s36614,STXUSDT,1789396200000,testA,-1,-2.54,0.394,3.25,3.06,1.26,-3.15,1.32,1.13,0.81,0.89,0,0.61,neutral,bajista,0,-0.0,32,10544,2,
s36615,APEUSDT,1789397100000,testA,-1,-2.33,0.525,2.62,2.62,1.21,-3.12,1.44,1.07,0.81,0.73,1,0.79,neutral,bajista,0,-0.235,32,10545,3,
s36616,OPUSDT,1789398000000,val,1,2.55,0.407,3.14,3.09,0.83,1.6,1.25,1.08,0.76,0.67,1,0.95,neutral,alcista,1,2.0,9,10547,2,
s36617,OPUSDT,1789398900000,val,1,2.76,0.429,4.28,3.88,1.07,2.13,1.84,1.08,0.76,0.67,1,0.64,neutral,alcista,0,1.218,32,10548,3,
s36618,STXUSDT,1789398900000,testA,-1,-2.79,0.452,3.25,3.02,0.89,-3.43,1.08,1.14,0.83,0.88,0,0.64,neutral,bajista,0,0.125,32,10547,2,
s36619,APEUSDT,1789398900000,testA,-1,-2.25,0.556,2.92,2.38,1.57,-2.89,1.06,1.2,0.91,0.78,1,0.64,neutral,neutral,0,-1.0,22,10547,1,
s36620,OPUSDT,1789399800000,val,1,3.19,0.464,4.64,4.34,1.55,2.26,2.16,1.08,0.76,0.67,1,0.93,neutral,alcista,0,0.86,32,10549,4,
s36621,INJUSDT,1789399800000,val,1,3.12,0.423,4.79,4.49,0.61,2.19,1.68,0.98,0.81,0.76,1,0.93,neutral,alcista,0,0.283,32,10549,3,
s36622,OPUSDT,1789400700000,val,1,2.88,0.409,4.65,4.12,1.55,1.85,1.76,1.08,0.76,0.67,1,1.03,neutral,neutral,0,0.936,32,10550,0,
s36623,INJUSDT,1789400700000,val,1,2.81,0.399,5.21,4.58,0.77,1.78,1.58,0.98,0.81,0.76,1,1.03,neutral,alcista,0,0.207,32,10550,4,
s36624,INJUSDT,1789401600000,val,1,3.22,0.469,5.2,4.67,0.83,2.44,1.52,1.05,0.84,0.76,1,0.77,neutral,alcista,0,0.175,32,10551,5,
s36625,OPUSDT,1789402500000,val,1,3.34,0.43,5.32,5.15,1.37,2.49,2.36,1.61,1.0,0.79,1,0.84,neutral,neutral,0,0.586,32,10552,1,
s36626,INJUSDT,1789402500000,val,1,3.89,0.576,5.69,4.92,0.86,3.05,1.69,1.05,0.84,0.76,1,0.84,neutral,alcista,0,0.01,32,10552,6,
s36627,OPUSDT,1789403400000,val,1,4.44,0.501,6.55,6.39,1.93,3.5,3.34,1.61,1.0,0.79,1,0.93,neutral,alcista,0,0.349,32,10553,2,
s36628,INJUSDT,1789403400000,val,1,4.25,0.612,5.67,5.16,0.75,3.31,1.71,1.05,0.84,0.76,1,0.93,neutral,alcista,0,-0.065,32,10553,7,
s36629,PUMPUSDT,1789404300000,val,1,3.61,0.546,6.62,4.29,3.18,2.24,2.51,0.56,0.42,0.46,0,1.37,neutral,alcista,0,-0.262,32,10554,3,
s36630,STBLUSDT,1789404300000,val,1,3.41,0.423,4.53,4.15,0.49,2.04,1.76,0.83,0.76,0.58,1,1.37,neutral,neutral,0,-0.054,32,10554,1,
s36631,OPUSDT,1789404300000,val,1,6.68,0.73,7.58,7.45,2.33,5.31,4.01,1.61,1.0,0.79,1,1.37,neutral,alcista,0,0.249,32,10554,3,
s36632,INJUSDT,1789404300000,val,1,4.62,0.697,5.67,5.12,0.56,3.25,1.54,1.05,0.84,0.76,1,1.37,neutral,neutral,0,-0.072,32,10554,0,
s36633,JUPUSDT,1789404300000,val,1,2.21,0.388,3.96,3.08,1.78,0.85,1.01,0.51,0.43,0.41,1,1.37,neutral,neutral,0,-0.405,32,10554,1,
s36634,PUMPUSDT,1789405200000,val,1,3.87,0.591,6.24,3.99,3.77,2.45,2.31,0.64,0.46,0.46,0,1.41,neutral,alcista,0,-0.45,32,10555,4,
s36635,STBLUSDT,1789405200000,val,1,4.25,0.565,4.41,4.15,0.35,2.83,1.63,0.75,0.76,0.57,0,1.41,neutral,alcista,0,-0.288,32,10555,2,
s36636,ENAUSDT,1789405200000,val,1,2.48,0.402,3.26,2.5,0.75,1.07,0.77,1.07,0.85,0.68,1,1.41,neutral,alcista,0,0.248,32,10555,2,
s36637,ARBUSDT,1789405200000,val,1,3.08,0.561,3.93,3.43,1.22,1.66,2.16,0.47,0.33,0.28,1,1.41,neutral,alcista,0,-1.0,24,10555,4,
s36638,OPUSDT,1789405200000,val,1,7.85,0.837,7.7,7.29,3.05,6.44,4.17,2.15,1.28,0.89,1,1.41,neutral,alcista,0,-0.064,32,10555,4,
s36639,INJUSDT,1789405200000,val,1,4.74,0.703,4.86,4.52,0.57,3.33,1.75,1.16,0.9,0.79,1,1.41,neutral,neutral,0,-0.246,32,10555,1,
s36640,JUPUSDT,1789405200000,val,1,2.94,0.469,3.19,2.94,1.75,1.53,1.49,0.54,0.45,0.41,1,1.41,neutral,alcista,0,-0.493,32,10555,2,
s36641,SANDUSDT,1789405200000,testA,1,2.08,0.51,2.96,2.37,1.16,0.67,1.01,0.69,0.59,0.68,0,1.41,neutral,neutral,0,-0.565,32,10554,0,
s36642,XPLUSDT,1789406100000,val,1,2.39,0.367,3.97,3.86,0.9,1.09,1.8,0.78,0.74,0.71,1,1.31,neutral,alcista,0,0.491,32,10556,3,
s36643,PUMPUSDT,1789406100000,val,1,3.81,0.583,6.24,3.97,3.82,2.5,2.13,0.64,0.46,0.46,0,1.31,neutral,neutral,0,-0.426,32,10556,0,
s36644,STBLUSDT,1789406100000,val,1,4.36,0.571,4.33,4.14,0.4,3.05,1.59,0.75,0.76,0.57,0,1.31,neutral,alcista,0,-0.342,32,10556,3,
s36645,WLDUSDT,1789406100000,val,1,2.04,0.361,3.18,2.79,1.2,0.73,1.42,0.62,0.49,0.45,1,1.31,neutral,alcista,0,-0.651,32,10556,3,
s36646,ENAUSDT,1789406100000,val,1,2.44,0.394,3.23,2.4,0.59,1.14,0.68,1.07,0.85,0.68,1,1.31,neutral,neutral,0,0.578,32,10556,0,
s36647,ARBUSDT,1789406100000,val,1,4.15,0.633,4.69,4.44,1.63,2.84,2.99,0.47,0.33,0.28,1,1.31,neutral,alcista,0,-1.0,23,10556,5,
s36648,OPUSDT,1789406100000,val,1,7.88,0.838,8.01,7.88,3.16,6.57,4.47,2.15,1.28,0.89,1,1.31,neutral,alcista,0,-0.087,32,10556,5,
s36649,INJUSDT,1789406100000,val,1,3.49,0.64,3.88,3.72,0.57,2.18,2.16,1.16,0.9,0.79,1,1.31,neutral,alcista,0,-0.472,32,10556,2,
s36650,JUPUSDT,1789406100000,val,1,3.06,0.48,3.71,3.34,1.37,1.75,1.77,0.54,0.45,0.41,1,1.31,neutral,alcista,0,-0.556,32,10556,3,
s36651,PUMPUSDT,1789407000000,val,1,2.9,0.471,5.94,3.39,3.62,2.02,1.76,0.64,0.46,0.46,0,0.89,neutral,neutral,0,-0.302,32,10557,0,
s36652,STBLUSDT,1789407000000,val,1,3.9,0.546,3.9,3.76,0.45,3.01,1.85,0.75,0.76,0.57,0,0.89,neutral,alcista,0,-0.426,32,10557,4,
s36653,WLDUSDT,1789407000000,val,1,2.12,0.37,3.17,3.02,1.17,1.23,1.59,0.62,0.49,0.45,1,0.89,neutral,alcista,0,-0.627,32,10557,4,
s36654,ARBUSDT,1789407000000,val,1,4.37,0.645,4.91,4.7,2.1,3.48,3.1,0.47,0.33,0.28,1,0.89,neutral,alcista,0,-1.0,20,10557,6,
s36655,INJUSDT,1789407000000,val,1,3.01,0.607,3.79,3.59,0.63,2.12,2.17,1.16,0.9,0.79,1,0.89,neutral,alcista,0,-0.52,32,10557,3,
s36656,PUMPUSDT,1789407900000,val,1,2.54,0.43,5.94,3.33,0.94,1.55,1.56,0.64,0.46,0.46,0,0.99,neutral,neutral,0,0.008,32,10558,0,
s36657,STBLUSDT,1789407900000,val,1,2.44,0.432,3.35,3.01,0.32,1.45,1.76,0.75,0.76,0.57,0,0.99,neutral,alcista,0,-0.506,32,10558,5,
s36658,WLDUSDT,1789407900000,val,1,2.38,0.408,3.47,3.19,1.12,1.39,1.62,0.62,0.49,0.45,1,0.99,neutral,alcista,0,-0.744,32,10558,5,
s36659,ENAUSDT,1789407900000,val,1,2.46,0.383,3.46,3.05,0.83,1.48,1.68,1.07,0.85,0.68,1,0.99,neutral,neutral,0,-0.084,32,10558,1,
s36660,ARBUSDT,1789407900000,val,1,4.39,0.647,5.39,4.45,2.39,3.4,2.54,0.47,0.33,0.28,1,0.99,neutral,neutral,0,-1.0,19,10558,0,
s36661,OPUSDT,1789407900000,val,1,8.07,0.722,8.59,7.54,1.7,7.08,3.99,2.15,1.28,0.89,1,0.99,neutral,neutral,0,-0.21,32,10558,0,
s36662,INJUSDT,1789407900000,val,1,3.43,0.637,4.35,4.21,1.07,2.44,2.52,1.16,0.9,0.79,1,0.99,neutral,alcista,0,-0.653,32,10558,4,
s36663,JUPUSDT,1789407900000,val,1,2.63,0.388,3.56,2.77,0.95,1.65,1.19,0.54,0.45,0.41,1,0.99,neutral,neutral,0,-0.552,32,10558,1,
s36664,SANDUSDT,1789407900000,testA,1,2.02,0.518,2.96,2.45,0.73,1.03,0.96,0.69,0.59,0.68,0,0.99,neutral,neutral,0,-0.602,32,10557,1,
s36665,PUMPUSDT,1789408800000,val,1,2.33,0.411,5.93,3.57,0.71,1.9,1.63,0.71,0.49,0.47,1,0.43,neutral,neutral,0,-0.023,32,10559,1,
s36666,ARBUSDT,1789408800000,val,1,3.4,0.576,5.39,4.39,1.95,2.97,2.23,0.5,0.33,0.29,1,0.43,neutral,neutral,0,-1.0,18,10559,0,
s36667,OPUSDT,1789408800000,val,1,6.84,0.66,8.6,7.33,1.13,6.42,3.3,2.34,1.38,0.95,1,0.43,neutral,neutral,0,-0.152,32,10559,0,
s36668,INJUSDT,1789408800000,val,1,3.13,0.618,4.98,4.49,1.4,2.7,2.31,1.2,0.89,0.8,1,0.43,neutral,alcista,0,-0.826,32,10559,5,
s36669,XPLUSDT,1789409700000,val,1,3.25,0.449,4.91,4.48,1.19,2.3,2.01,0.84,0.8,0.75,1,0.95,neutral,alcista,0,-0.114,32,10560,3,
s36670,PUMPUSDT,1789409700000,val,1,3.4,0.651,5.91,3.83,0.7,2.46,1.64,0.71,0.49,0.47,1,0.95,neutral,alcista,0,-0.147,32,10560,2,
s36671,STBLUSDT,1789409700000,val,1,2.05,0.474,3.35,2.87,0.66,1.11,1.21,0.68,0.76,0.57,0,0.95,neutral,neutral,0,-0.364,32,10560,1,
s36672,WLDUSDT,1789409700000,val,1,2.45,0.448,3.97,3.54,1.03,1.5,1.62,0.66,0.51,0.47,1,0.95,neutral,neutral,0,-0.842,32,10560,1,
s36673,ENAUSDT,1789409700000,val,1,3.13,0.449,3.8,3.67,1.63,2.18,1.92,1.26,0.92,0.74,1,0.95,neutral,neutral,0,-0.413,32,10560,1,
s36674,ARBUSDT,1789409700000,val,1,3.73,0.648,5.39,4.45,1.37,2.78,2.06,0.5,0.33,0.29,1,0.95,neutral,neutral,0,-1.0,17,10560,1,
s36675,OPUSDT,1789409700000,val,1,8.18,0.718,7.99,7.81,1.06,7.23,3.93,2.34,1.38,0.95,1,0.95,neutral,neutral,0,-0.321,32,10560,1,
s36676,INJUSDT,1789409700000,val,1,3.71,0.814,4.85,4.13,1.64,2.77,1.78,1.2,0.89,0.8,1,0.95,neutral,neutral,0,-0.92,32,10560,0,
s36677,SUIUSDT,1789409700000,val,1,2.22,0.597,3.08,2.87,1.18,1.27,1.17,1.01,0.86,0.82,1,0.95,neutral,alcista,0,-0.807,32,10560,4,
s36678,JUPUSDT,1789409700000,val,1,3.01,0.483,3.46,3.25,0.85,2.06,1.48,0.6,0.48,0.43,1,0.95,neutral,alcista,0,-0.215,32,10560,3,
s36679,PENDLEUSDT,1789409700000,val,1,2.45,0.354,4.22,3.7,0.78,1.5,1.19,1.89,1.85,1.49,1,0.95,neutral,neutral,0,0.809,32,10560,0,
s36680,ONDOUSDT,1789409700000,val,1,2.11,0.587,2.84,2.7,0.93,1.16,1.21,1.38,1.22,1.06,1,0.95,neutral,neutral,0,-0.526,32,10559,1,
s36681,FETUSDT,1789409700000,val,1,2.13,0.375,3.48,3.48,0.82,1.19,1.76,1.01,0.82,0.7,1,0.95,neutral,neutral,0,-1.0,19,10559,1,
s36682,AXSUSDT,1789409700000,testA,1,2.01,0.511,2.85,2.62,1.9,1.06,1.14,1.23,1.09,1.04,1,0.95,neutral,alcista,0,-0.593,32,10559,3,
s36683,XPLUSDT,1789410600000,val,1,4.4,0.603,5.38,5.01,1.5,3.45,2.34,0.84,0.8,0.75,1,0.95,neutral,alcista,0,-0.262,32,10561,4,
s36684,PUMPUSDT,1789410600000,val,1,3.35,0.634,5.92,3.67,0.93,2.4,1.29,0.71,0.49,0.47,1,0.95,neutral,neutral,0,-0.139,32,10561,0,
s36685,STBLUSDT,1789410600000,val,1,2.75,0.632,3.08,2.93,0.52,1.79,1.21,0.68,0.76,0.57,0,0.95,neutral,alcista,0,-0.481,32,10561,2,
s36686,WLDUSDT,1789410600000,val,1,3.09,0.59,3.96,3.71,1.05,2.14,1.64,0.66,0.51,0.47,1,0.95,neutral,alcista,0,-0.863,32,10561,2,
s36687,ENAUSDT,1789410600000,val,1,4.58,0.605,4.73,4.54,2.19,3.63,2.61,1.26,0.92,0.74,1,0.95,neutral,alcista,0,-0.486,32,10561,2,
s36688,ARBUSDT,1789410600000,val,1,4.26,0.752,5.38,4.65,1.04,3.31,2.09,0.5,0.33,0.29,1,0.95,neutral,alcista,0,-1.0,16,10561,2,
s36689,OPUSDT,1789410600000,val,1,8.37,0.724,8.3,7.96,0.97,7.41,3.72,2.34,1.38,0.95,1,0.95,neutral,alcista,0,-0.463,32,10561,2,
s36690,INJUSDT,1789410600000,val,1,4.09,0.851,4.83,4.41,1.63,3.13,1.85,1.2,0.89,0.8,1,0.95,neutral,neutral,0,-0.94,32,10561,1,
s36691,SUIUSDT,1789410600000,val,1,2.93,0.74,3.4,3.32,1.21,1.98,1.51,1.01,0.86,0.82,1,0.95,neutral,alcista,0,-0.833,32,10561,5,
s36692,TIAUSDT,1789410600000,val,1,2.19,0.5,2.96,2.91,1.08,1.23,1.22,0.75,0.61,0.57,1,0.95,neutral,alcista,0,-1.0,30,10561,2,
s36693,JUPUSDT,1789410600000,val,1,3.22,0.514,3.37,3.29,0.98,2.27,1.47,0.6,0.48,0.43,1,0.95,neutral,alcista,0,-0.45,32,10561,4,
s36694,PENDLEUSDT,1789410600000,val,1,3.68,0.555,4.61,4.12,0.77,2.73,1.49,1.89,1.85,1.49,1,0.95,neutral,neutral,0,0.431,32,10561,1,
s36695,ONDOUSDT,1789410600000,val,1,2.28,0.635,3.06,2.78,1.09,1.32,1.22,1.38,1.22,1.06,1,0.95,neutral,alcista,0,-0.57,32,10560,2,
s36696,FETUSDT,1789410600000,val,1,2.2,0.389,3.49,3.14,1.57,1.25,1.33,1.01,0.82,0.7,1,0.95,neutral,neutral,0,-1.0,18,10560,0,
s36697,LDOUSDT,1789410600000,testA,1,2.12,0.531,2.56,2.37,1.37,1.16,1.28,0.83,0.7,0.66,1,0.95,neutral,alcista,0,-0.614,32,10560,2,
s36698,AXSUSDT,1789410600000,testA,1,2.17,0.574,2.85,2.47,2.04,1.22,0.93,1.23,1.09,1.04,1,0.95,neutral,neutral,0,-0.597,32,10560,0,
s36699,XPLUSDT,1789411500000,val,1,4.14,0.565,5.38,4.87,1.57,3.24,1.91,0.84,0.8,0.75,1,0.9,neutral,neutral,0,-0.253,32,10562,0,
s36700,PUMPUSDT,1789411500000,val,1,3.1,0.566,5.93,3.46,0.89,2.2,0.91,0.71,0.49,0.47,1,0.9,neutral,neutral,0,-0.124,32,10562,0,
s36701,STBLUSDT,1789411500000,val,1,2.86,0.641,3.19,3.08,0.51,1.96,1.1,0.68,0.76,0.57,0,0.9,neutral,alcista,0,-0.193,32,10562,3,
s36702,WLDUSDT,1789411500000,val,1,3.59,0.675,4.13,3.98,0.98,2.69,1.64,0.66,0.51,0.47,1,0.9,neutral,alcista,0,-0.885,32,10562,3,
s36703,ENAUSDT,1789411500000,val,1,4.05,0.516,4.73,4.15,1.93,3.15,1.91,1.26,0.92,0.74,1,0.9,neutral,neutral,0,-0.302,32,10562,0,
s36704,ARBUSDT,1789411500000,val,1,3.99,0.699,5.39,4.51,0.8,3.09,1.63,0.5,0.33,0.29,1,0.9,neutral,neutral,0,-1.0,15,10562,0,
s36705,INJUSDT,1789411500000,val,1,3.9,0.779,4.85,4.17,1.2,3.0,1.36,1.2,0.89,0.8,1,0.9,neutral,neutral,0,-0.91,32,10562,0,
s36706,SUIUSDT,1789411500000,val,1,3.14,0.774,3.83,3.46,1.29,2.24,1.42,1.01,0.86,0.82,1,0.9,neutral,alcista,0,-0.833,32,10562,6,
s36707,TIAUSDT,1789411500000,val,1,2.66,0.556,3.39,3.33,1.47,1.77,1.41,0.75,0.61,0.57,1,0.9,neutral,alcista,0,-1.0,29,10562,3,
s36708,JUPUSDT,1789411500000,val,1,2.45,0.372,3.55,2.77,1.08,1.56,0.74,0.6,0.48,0.43,1,0.9,neutral,neutral,0,-0.358,32,10562,0,
s36709,PENDLEUSDT,1789411500000,val,1,4.44,0.61,4.92,4.76,0.82,3.54,1.82,1.89,1.85,1.49,1,0.9,neutral,alcista,0,0.279,32,10562,2,
s36710,ONDOUSDT,1789411500000,val,1,2.36,0.643,3.23,2.87,1.05,1.46,1.05,1.38,1.22,1.06,1,0.9,neutral,alcista,0,-0.583,32,10561,3,
s36711,FETUSDT,1789411500000,val,1,2.27,0.404,3.5,2.8,1.52,1.37,0.74,1.01,0.82,0.7,1,0.9,neutral,neutral,0,-1.0,17,10561,0,
s36712,LDOUSDT,1789411500000,testA,1,2.09,0.528,2.66,2.42,1.16,1.19,1.09,0.83,0.7,0.66,1,0.9,neutral,alcista,0,-0.678,32,10561,3,
s36713,AXSUSDT,1789411500000,testA,1,2.06,0.527,2.86,2.34,2.11,1.16,0.69,1.23,1.09,1.04,1,0.9,neutral,neutral,0,-0.493,32,10561,0,
s36714,XPLUSDT,1789412400000,val,1,4.29,0.597,4.66,4.14,1.46,3.55,1.81,0.91,0.87,0.79,1,0.74,neutral,neutral,0,-0.499,32,10563,0,
s36715,STBLUSDT,1789412400000,val,1,2.83,0.627,3.05,2.71,0.61,2.09,0.89,0.56,0.66,0.58,0,0.74,neutral,neutral,0,0.986,32,10563,0,
s36716,WLDUSDT,1789412400000,val,1,3.18,0.553,3.87,3.16,0.87,2.44,1.03,0.61,0.53,0.46,1,0.74,neutral,neutral,0,-1.0,30,10563,0,
s36717,ENAUSDT,1789412400000,val,1,3.9,0.508,4.32,4.08,1.48,3.16,2.12,1.17,1.0,0.78,1,0.74,neutral,neutral,0,-0.745,32,10563,1,
s36718,ARBUSDT,1789412400000,val,1,4.57,0.748,4.94,4.54,0.76,3.83,1.93,0.48,0.35,0.3,1,0.74,neutral,neutral,0,-1.0,12,10563,1,
s36719,OPUSDT,1789412400000,val,1,7.09,0.596,7.72,6.77,0.67,6.35,2.45,2.3,1.48,0.99,1,0.74,neutral,neutral,0,-0.555,32,10563,0,
s36720,INJUSDT,1789412400000,val,1,4.22,0.792,4.59,4.16,1.19,3.48,1.68,0.97,0.93,0.82,1,0.74,neutral,neutral,0,-1.0,29,10563,1,
s36721,SUIUSDT,1789412400000,val,1,2.36,0.528,3.32,2.37,1.07,1.62,0.82,0.97,0.88,0.84,1,0.74,neutral,neutral,0,-1.0,19,10563,0,
s36722,TIAUSDT,1789412400000,val,1,2.31,0.446,3.0,2.26,1.42,1.57,0.7,0.63,0.62,0.57,1,0.74,neutral,neutral,0,-1.0,15,10563,0,
s36723,PENDLEUSDT,1789412400000,val,1,4.25,0.574,4.73,4.13,1.15,3.51,1.63,1.71,1.88,1.54,0,0.74,neutral,neutral,0,-0.327,32,10563,0,
s36724,ONDOUSDT,1789412400000,val,1,2.4,0.656,3.12,2.46,1.08,1.66,0.8,1.16,1.22,1.08,0,0.74,neutral,neutral,0,-0.841,32,10562,0,
s36725,LDOUSDT,1789412400000,testA,1,2.45,0.614,2.63,2.53,1.32,1.71,1.25,0.81,0.76,0.68,1,0.74,neutral,alcista,0,-1.0,32,10562,4,
s36726,XPLUSDT,1789413300000,val,1,4.19,0.592,4.52,4.27,1.28,3.26,1.98,0.91,0.87,0.79,1,0.93,neutral,neutral,0,-0.551,32,10564,1,
s36727,STBLUSDT,1789413300000,val,1,2.55,0.604,2.89,2.74,0.61,1.61,1.05,0.56,0.66,0.58,0,0.93,neutral,neutral,0,0.622,32,10564,1,
s36728,WLDUSDT,1789413300000,val,1,2.83,0.486,3.75,2.83,0.7,1.9,0.8,0.61,0.53,0.46,1,0.93,neutral,neutral,0,-1.0,29,10564,0,
s36729,ENAUSDT,1789413300000,val,1,3.48,0.428,4.35,3.54,1.4,2.54,1.46,1.17,1.0,0.78,1,0.93,neutral,neutral,0,-0.635,32,10564,0,
s36730,ARBUSDT,1789413300000,val,1,4.62,0.75,5.05,4.83,0.82,3.69,2.08,0.48,0.35,0.3,1,0.93,neutral,alcista,0,-1.0,11,10564,2,
s36731,OPUSDT,1789413300000,val,1,5.53,0.474,7.36,5.75,0.68,4.6,1.62,2.3,1.48,0.99,1,0.93,neutral,neutral,0,-0.416,32,10564,0,
s36732,INJUSDT,1789413300000,val,1,3.44,0.662,4.11,3.35,0.82,2.5,1.24,0.97,0.93,0.82,1,0.93,neutral,neutral,0,-1.0,27,10564,0,
s36733,SUIUSDT,1789413300000,val,1,2.33,0.525,3.25,2.32,0.94,1.4,0.79,0.97,0.88,0.84,1,0.93,neutral,neutral,0,-1.0,18,10564,1,
s36734,TIAUSDT,1789413300000,val,1,2.25,0.44,2.97,2.23,1.3,1.32,0.67,0.63,0.62,0.57,1,0.93,neutral,neutral,0,-1.0,14,10564,0,
s36735,JUPUSDT,1789413300000,val,1,2.53,0.37,3.01,2.55,1.05,1.6,0.98,0.61,0.51,0.45,1,0.93,neutral,neutral,0,-1.0,21,10564,1,
s36736,PENDLEUSDT,1789413300000,val,1,3.64,0.537,4.17,3.69,1.25,2.71,1.69,1.71,1.88,1.54,0,0.93,neutral,neutral,0,-0.465,32,10564,1,
s36737,ONDOUSDT,1789413300000,val,1,2.4,0.656,3.12,2.51,1.03,1.47,0.78,1.16,1.22,1.08,0,0.93,neutral,neutral,0,-0.767,32,10563,1,
s36738,LDOUSDT,1789413300000,testA,1,2.64,0.632,2.95,2.73,1.25,1.71,1.36,0.81,0.76,0.68,1,0.93,neutral,alcista,0,-1.0,31,10563,5,
s36739,XPLUSDT,1789414200000,val,1,4.94,0.633,5.66,5.41,1.32,4.2,2.88,0.91,0.87,0.79,1,0.74,neutral,alcista,0,-0.529,32,10565,2,
s36740,STBLUSDT,1789414200000,val,1,2.7,0.664,2.89,2.71,0.64,1.97,0.91,0.56,0.66,0.58,0,0.74,neutral,neutral,0,1.068,32,10565,0,
s36741,ENAUSDT,1789414200000,val,1,2.48,0.351,3.69,2.96,1.01,1.74,1.37,1.17,1.0,0.78,1,0.74,neutral,neutral,0,-1.0,30,10565,1,
s36742,ARBUSDT,1789414200000,val,1,4.06,0.616,5.08,4.38,0.76,3.32,1.42,0.48,0.35,0.3,1,0.74,neutral,neutral,0,-1.0,10,10565,0,
s36743,OPUSDT,1789414200000,val,1,4.97,0.444,7.36,5.7,0.54,4.23,1.37,2.3,1.48,0.99,1,0.74,neutral,neutral,0,-0.205,32,10565,0,
s36744,ONDOUSDT,1789414200000,val,1,2.22,0.639,2.83,2.58,0.88,1.48,1.04,1.16,1.22,1.08,0,0.74,neutral,alcista,0,-1.0,31,10564,2,
s36745,LDOUSDT,1789414200000,testA,1,2.33,0.603,2.91,2.89,1.15,1.59,1.47,0.81,0.76,0.68,1,0.74,neutral,alcista,0,-1.0,30,10564,6,
s36746,XPLUSDT,1789415100000,val,1,4.54,0.552,5.68,4.97,1.39,4.02,2.19,0.91,0.87,0.79,1,0.52,neutral,neutral,0,-0.66,32,10566,0,
s36747,ENAUSDT,1789415100000,val,1,2.63,0.364,4.09,3.14,1.12,2.11,1.34,1.17,1.0,0.78,1,0.52,neutral,alcista,0,-1.0,29,10566,2,
s36748,ARBUSDT,1789415100000,val,1,3.45,0.504,4.75,3.63,0.74,2.93,0.91,0.48,0.35,0.3,1,0.52,neutral,neutral,0,-1.0,9,10566,0,
s36749,OPUSDT,1789415100000,val,1,5.13,0.464,7.37,5.63,0.48,4.61,1.12,2.3,1.48,0.99,1,0.52,neutral,neutral,0,-0.29,32,10566,0,
s36750,JUPUSDT,1789415100000,val,1,2.06,0.353,2.84,2.31,0.92,1.54,0.67,0.61,0.51,0.45,1,0.52,neutral,neutral,0,-1.0,19,10566,0,
s36751,PENDLEUSDT,1789415100000,val,1,2.69,0.402,4.07,2.65,0.96,2.17,0.6,1.71,1.88,1.54,0,0.52,neutral,neutral,0,-0.5,32,10566,0,
s36752,LDOUSDT,1789415100000,testA,1,2.53,0.687,2.95,2.71,1.1,2.01,1.18,0.81,0.76,0.68,1,0.52,neutral,neutral,0,-1.0,29,10565,0,
s36753,XPLUSDT,1789416000000,val,1,4.67,0.573,5.54,4.47,1.66,3.73,1.6,0.99,0.94,0.83,1,0.95,neutral,neutral,0,-0.633,32,10567,0,
s36754,PUMPUSDT,1789416000000,val,1,2.32,0.362,5.21,2.24,0.52,1.37,0.47,0.72,0.55,0.49,1,0.95,neutral,neutral,0,-0.687,32,10567,1,
s36755,STBLUSDT,1789416000000,val,1,2.26,0.638,2.55,2.44,0.69,1.32,1.12,0.35,0.62,0.56,0,0.95,neutral,alcista,0,-1.0,20,10567,2,
s36756,WLDUSDT,1789416000000,val,1,2.82,0.458,3.07,2.71,0.64,1.87,1.23,0.62,0.55,0.49,1,0.95,neutral,neutral,0,-1.0,20,10567,1,
s36757,ENAUSDT,1789416000000,val,1,2.93,0.408,4.09,3.26,1.23,1.98,1.34,1.28,1.1,0.84,1,0.95,neutral,alcista,0,-1.0,28,10567,3,
s36758,ARBUSDT,1789416000000,val,1,4.03,0.585,4.9,3.87,0.87,3.09,1.05,0.51,0.38,0.31,1,0.95,neutral,neutral,0,-1.0,8,10567,1,
s36759,OPUSDT,1789416000000,val,1,6.51,0.535,6.73,6.16,0.42,5.57,1.97,2.3,1.52,1.01,1,0.95,neutral,neutral,0,-0.384,32,10567,1,
s36760,INJUSDT,1789416000000,val,1,2.2,0.371,3.32,2.33,0.73,1.25,0.79,0.93,0.93,0.83,0,0.95,neutral,neutral,0,-1.0,20,10567,1,
s36761,SUIUSDT,1789416000000,val,1,2.38,0.524,2.82,2.31,0.72,1.43,0.99,1.0,0.9,0.87,1,0.95,neutral,neutral,0,-1.0,11,10567,1,
s36762,TIAUSDT,1789416000000,val,1,2.35,0.433,2.63,2.27,0.8,1.41,1.12,0.65,0.64,0.59,1,0.95,neutral,neutral,0,-1.0,9,10567,1,
s36763,JUPUSDT,1789416000000,val,1,3.5,0.509,3.91,3.38,1.21,2.55,1.69,0.67,0.54,0.48,1,0.95,neutral,neutral,0,-1.0,17,10567,1,
s36764,PENDLEUSDT,1789416000000,val,1,3.16,0.442,3.79,3.06,0.81,2.22,1.21,2.09,2.1,1.68,0,0.95,neutral,neutral,0,-0.629,32,10567,1,
s36765,ONDOUSDT,1789416000000,val,1,2.93,0.632,3.12,2.82,1.11,1.98,1.46,1.27,1.31,1.14,0,0.95,neutral,neutral,0,-1.0,28,10566,1,
s36766,LDOUSDT,1789416000000,testA,1,3.47,0.818,3.62,3.32,1.0,2.52,1.72,0.95,0.85,0.73,1,0.95,neutral,neutral,0,-1.0,28,10566,1,
s36767,XPLUSDT,1789416900000,val,1,4.88,0.586,5.05,4.77,1.72,3.88,2.4,0.99,0.94,0.83,1,0.99,neutral,neutral,0,-0.826,32,10568,1,
s36768,STBLUSDT,1789416900000,val,1,2.53,0.663,2.87,2.72,0.86,1.53,1.31,0.35,0.62,0.56,0,0.99,neutral,alcista,0,-1.0,19,10568,3,
s36769,WLDUSDT,1789416900000,val,1,3.3,0.498,3.92,3.5,0.98,2.3,1.78,0.62,0.55,0.49,1,0.99,neutral,alcista,0,-1.0,19,10568,2,
s36770,ENAUSDT,1789416900000,val,1,3.61,0.461,5.02,4.35,1.36,2.62,2.11,1.28,1.1,0.84,1,0.99,neutral,alcista,0,-1.0,27,10568,4,
s36771,ARBUSDT,1789416900000,val,1,4.57,0.617,4.82,4.76,0.99,3.58,1.84,0.51,0.38,0.31,1,0.99,neutral,alcista,0,-1.0,7,10568,2,
s36772,OPUSDT,1789416900000,val,1,5.64,0.502,5.97,5.66,0.35,4.65,2.08,2.3,1.52,1.01,1,0.99,neutral,alcista,0,-0.622,32,10568,2,
s36773,SUIUSDT,1789416900000,val,1,2.29,0.517,2.79,2.48,0.97,1.3,1.33,1.0,0.9,0.87,1,0.99,neutral,alcista,0,-1.0,8,10568,2,
s36774,TIAUSDT,1789416900000,val,1,2.74,0.471,3.02,2.77,1.1,1.74,1.38,0.65,0.64,0.59,1,0.99,neutral,alcista,0,-1.0,8,10568,2,
s36775,SEIUSDT,1789416900000,val,1,2.11,0.48,2.09,2.07,1.4,1.12,1.23,0.95,0.94,0.77,1,0.99,neutral,alcista,0,-1.0,8,10568,2,
s36776,PENDLEUSDT,1789416900000,val,1,2.51,0.388,3.62,3.0,1.09,1.52,1.12,2.09,2.1,1.68,0,0.99,neutral,alcista,0,-0.587,32,10568,2,
s36777,ONDOUSDT,1789416900000,val,1,3.29,0.659,3.29,3.18,1.42,2.29,1.86,1.27,1.31,1.14,0,0.99,neutral,alcista,0,-1.0,16,10567,2,
s36778,LDOUSDT,1789416900000,testA,1,3.62,0.825,3.91,3.6,1.28,2.62,1.99,0.95,0.85,0.73,1,0.99,neutral,alcista,0,-1.0,27,10567,2,
s36779,XPLUSDT,1789417800000,val,1,4.55,0.525,5.23,4.35,1.38,3.66,1.88,0.99,0.94,0.83,1,0.89,neutral,neutral,0,-0.78,32,10569,0,
s36780,STBLUSDT,1789417800000,val,1,2.3,0.57,2.77,2.25,1.01,1.42,0.72,0.35,0.62,0.56,0,0.89,neutral,neutral,0,-1.0,18,10569,0,
s36781,WLDUSDT,1789417800000,val,1,2.86,0.404,3.92,2.83,1.01,1.98,1.04,0.62,0.55,0.49,1,0.89,neutral,neutral,0,-1.0,18,10569,0,
s36782,ENAUSDT,1789417800000,val,1,4.6,0.57,5.05,4.58,1.48,3.71,2.43,1.28,1.1,0.84,1,0.89,neutral,alcista,0,-1.0,26,10569,5,
s36783,ARBUSDT,1789417800000,val,1,3.84,0.472,4.57,3.78,1.1,2.95,1.01,0.51,0.38,0.31,1,0.89,neutral,neutral,0,-1.0,6,10569,0,
s36784,SUIUSDT,1789417800000,val,1,2.11,0.458,2.62,2.08,1.05,1.23,1.04,1.0,0.9,0.87,1,0.89,neutral,neutral,0,-1.0,7,10569,0,
s36785,TIAUSDT,1789417800000,val,1,2.23,0.364,2.9,2.21,1.12,1.35,0.91,0.65,0.64,0.59,1,0.89,neutral,neutral,0,-1.0,4,10569,0,
s36786,PENDLEUSDT,1789417800000,val,1,3.7,0.484,5.02,4.72,1.47,2.81,2.73,2.09,2.1,1.68,0,0.89,neutral,alcista,0,-0.506,32,10569,3,
s36787,ONDOUSDT,1789417800000,val,1,2.8,0.535,3.22,2.73,1.69,1.92,1.36,1.27,1.31,1.14,0,0.89,neutral,neutral,0,-1.0,14,10568,0,
s36788,LDOUSDT,1789417800000,testA,1,3.48,0.77,3.92,3.34,1.44,2.6,1.7,0.95,0.85,0.73,1,0.89,neutral,neutral,0,-1.0,25,10568,0,
s36789,XPLUSDT,1789418700000,val,1,3.46,0.39,4.88,3.36,1.23,3.03,1.18,0.99,0.94,0.83,1,0.43,neutral,neutral,0,-0.864,32,10570,0,
s36790,ENAUSDT,1789418700000,val,1,3.29,0.373,5.1,3.63,1.46,2.86,1.3,1.28,1.1,0.84,1,0.43,neutral,neutral,0,-1.0,25,10570,0,
s36791,ARBUSDT,1789418700000,val,1,3.02,0.397,4.05,3.09,1.09,2.59,0.8,0.51,0.38,0.31,1,0.43,neutral,neutral,0,-1.0,3,10570,0,
s36792,PENDLEUSDT,1789418700000,val,1,4.2,0.582,5.28,4.74,1.98,3.77,2.43,2.09,2.1,1.68,0,0.43,neutral,alcista,0,-0.582,32,10570,4,
s36793,LDOUSDT,1789418700000,testA,1,3.03,0.689,3.9,3.16,1.81,2.6,1.42,0.95,0.85,0.73,1,0.43,neutral,neutral,0,-1.0,24,10569,0,
s36794,PENDLEUSDT,1789419600000,val,1,3.75,0.488,4.84,3.81,2.13,3.67,1.65,2.38,2.25,1.85,1,0.08,neutral,neutral,0,-0.498,32,10571,0,
s36795,LDOUSDT,1789419600000,testA,1,2.37,0.509,3.78,2.59,1.85,2.29,0.81,0.96,0.84,0.75,1,0.08,neutral,neutral,0,-1.0,22,10570,0,
s36796,PENDLEUSDT,1789420500000,val,1,2.75,0.415,4.05,3.52,1.85,2.72,1.85,2.38,2.25,1.85,1,0.03,neutral,neutral,0,-1.0,24,10572,1,
s36797,LDOUSDT,1789420500000,testA,1,2.42,0.514,3.72,2.77,1.41,2.39,0.96,0.96,0.84,0.75,1,0.03,neutral,neutral,0,-1.0,21,10571,1,
s36798,ARBUSDT,1789421400000,val,-1,-3.01,0.361,4.26,4.19,1.3,-2.97,2.01,0.59,0.42,0.33,1,-0.04,neutral,neutral,0,0.552,32,10573,1,
s36799,ARBUSDT,1789422300000,val,-1,-3.08,0.365,4.62,4.55,1.42,-2.85,2.31,0.59,0.42,0.33,1,-0.23,neutral,bajista,0,0.285,32,10574,2,
s36800,PENDLEUSDT,1789422300000,val,1,2.72,0.392,5.3,2.97,1.83,2.96,1.49,2.38,2.25,1.85,1,-0.23,neutral,neutral,0,-1.0,21,10574,1,
s36801,STXUSDT,1789422300000,testA,-1,-2.11,0.429,2.65,2.57,1.75,-1.88,1.28,0.6,0.87,0.85,0,-0.23,neutral,bajista,0,0.324,32,10573,2,
s36802,GRTUSDT,1789422300000,testA,-1,-2.34,0.489,2.72,2.66,0.6,-2.11,0.95,0.58,0.49,0.53,0,-0.23,neutral,neutral,0,0.898,32,10573,1,
s36803,ARBUSDT,1789423200000,val,-1,-3.15,0.37,5.91,4.68,1.06,-3.13,2.35,0.62,0.45,0.32,1,-0.02,neutral,bajista,0,0.299,32,10575,3,
s36804,PENDLEUSDT,1789423200000,val,1,2.88,0.406,5.29,3.22,1.48,2.9,1.39,2.41,2.13,1.85,1,-0.02,neutral,alcista,0,-1.0,20,10575,2,
s36805,GRTUSDT,1789423200000,testA,-1,-2.02,0.404,2.82,2.39,0.51,-2.0,0.63,0.64,0.47,0.5,0,-0.02,neutral,neutral,0,1.182,32,10574,0,
s36806,LDOUSDT,1789423200000,testA,1,2.09,0.403,3.25,2.13,0.55,2.11,0.56,0.95,0.85,0.72,1,-0.02,neutral,neutral,0,-1.0,12,10574,1,
s36807,ARBUSDT,1789424100000,val,-1,-3.96,0.432,5.95,5.49,0.87,-3.26,2.87,0.62,0.45,0.32,1,-0.69,neutral,bajista,0,0.216,32,10576,4,
s36808,PENDLEUSDT,1789424100000,val,1,2.93,0.416,5.3,3.11,1.36,3.63,1.14,2.41,2.13,1.85,1,-0.69,neutral,neutral,0,-1.0,19,10576,0,
s36809,FETUSDT,1789424100000,val,-1,-3.19,0.505,3.35,3.23,0.62,-2.5,1.33,0.89,0.88,0.72,1,-0.69,neutral,neutral,0,1.111,32,10575,1,
s36810,GRTUSDT,1789424100000,testA,-1,-2.55,0.49,2.94,2.78,0.56,-1.86,0.89,0.64,0.47,0.5,0,-0.69,neutral,neutral,0,0.98,32,10575,1,
s36811,ARBUSDT,1789425000000,val,-1,-4.48,0.484,6.05,5.85,0.78,-3.83,2.87,0.62,0.45,0.32,1,-0.65,neutral,bajista,0,0.074,32,10577,5,
s36812,FETUSDT,1789425000000,val,-1,-2.68,0.434,3.29,2.99,0.67,-2.03,1.06,0.89,0.88,0.72,1,-0.65,neutral,neutral,0,1.26,32,10576,0,
s36813,GRTUSDT,1789425000000,testA,-1,-2.39,0.474,3.0,2.89,0.57,-1.74,1.01,0.64,0.47,0.5,0,-0.65,neutral,bajista,0,0.811,32,10576,2,
s36814,ARBUSDT,1789425900000,val,-1,-4.48,0.483,6.15,6.01,0.81,-3.64,2.72,0.62,0.45,0.32,1,-0.84,neutral,bajista,0,0.093,32,10578,6,
s36815,SUIUSDT,1789425900000,val,-1,-2.28,0.39,3.34,3.1,0.82,-1.43,1.14,0.94,0.92,0.86,1,-0.84,neutral,bajista,0,0.764,32,10578,3,
s36816,TIAUSDT,1789425900000,val,-1,-2.62,0.436,3.73,3.39,0.87,-1.78,1.23,0.68,0.67,0.57,1,-0.84,neutral,bajista,0,0.603,32,10578,4,
s36817,FETUSDT,1789425900000,val,-1,-2.57,0.423,2.76,2.7,0.73,-1.73,1.18,0.89,0.88,0.72,1,-0.84,neutral,neutral,0,1.467,32,10577,1,
s36818,GRTUSDT,1789425900000,testA,-1,-2.34,0.468,2.67,2.45,0.65,-1.5,0.91,0.64,0.47,0.5,0,-0.84,neutral,neutral,0,1.089,32,10577,0,
s36819,ARBUSDT,1789426800000,val,-1,-5.37,0.584,6.51,6.51,0.58,-4.55,2.9,0.54,0.47,0.32,1,-0.83,neutral,bajista,0,0.037,32,10579,7,
s36820,SUIUSDT,1789426800000,val,-1,-2.01,0.359,3.57,3.42,0.79,-1.18,1.35,0.86,0.89,0.84,0,-0.83,neutral,bajista,0,0.632,32,10579,4,
s36821,TIAUSDT,1789426800000,val,-1,-2.09,0.38,3.79,3.54,0.87,-1.26,1.26,0.63,0.67,0.56,0,-0.83,neutral,bajista,0,0.548,32,10579,5,
s36822,FETUSDT,1789426800000,val,-1,-3.58,0.504,4.81,4.32,1.63,-2.75,2.6,1.13,1.03,0.79,1,-0.83,neutral,bajista,0,0.606,32,10578,2,
s36823,ARBUSDT,1789427700000,val,-1,-5.12,0.544,6.48,5.89,0.59,-4.18,2.14,0.54,0.47,0.32,1,-0.94,neutral,neutral,0,0.076,32,10580,0,
s36824,SUIUSDT,1789427700000,val,-1,-2.07,0.369,3.57,3.47,0.61,-1.13,1.34,0.86,0.89,0.84,0,-0.94,neutral,bajista,0,0.51,32,10580,5,
s36825,FETUSDT,1789427700000,val,-1,-3.77,0.516,5.15,5.02,2.1,-2.83,2.91,1.13,1.03,0.79,1,-0.94,neutral,bajista,0,0.366,32,10579,3,
s36826,ARBUSDT,1789428600000,val,-1,-5.18,0.546,7.0,6.47,0.64,-4.16,2.4,0.54,0.47,0.32,1,-1.03,neutral,neutral,0,0.087,32,10581,1,
s36827,SUIUSDT,1789428600000,val,-1,-2.05,0.366,3.68,3.59,0.49,-1.02,1.33,0.86,0.89,0.84,0,-1.03,neutral,bajista,0,0.606,32,10581,6,
s36828,FETUSDT,1789428600000,val,-1,-3.66,0.492,5.2,4.9,2.39,-2.63,2.48,1.13,1.03,0.79,1,-1.03,neutral,neutral,0,0.525,32,10580,0,
s36829,ARBUSDT,1789429500000,val,-1,-4.71,0.512,7.0,6.38,0.66,-3.7,2.17,0.54,0.47,0.32,1,-1.01,neutral,neutral,0,0.106,32,10582,0,
s36830,FETUSDT,1789429500000,val,-1,-3.44,0.475,5.4,5.22,2.59,-2.43,2.45,1.13,1.03,0.79,1,-1.01,neutral,neutral,0,0.518,32,10581,1,
s36831,ARBUSDT,1789430400000,val,-1,-5.14,0.568,7.01,6.57,0.58,-3.81,2.16,0.55,0.49,0.32,1,-1.33,neutral,neutral,0,0.059,32,10583,1,
s36832,SUIUSDT,1789430400000,val,-1,-3.0,0.607,4.03,4.02,0.44,-1.66,1.38,0.76,0.89,0.8,0,-1.33,neutral,bajista,0,0.481,32,10583,8,
s36833,TIAUSDT,1789430400000,val,-1,-2.63,0.6,3.79,3.51,0.52,-1.29,0.86,0.55,0.65,0.55,0,-1.33,neutral,bajista,0,0.816,32,10583,2,
s36834,JUPUSDT,1789430400000,val,-1,-3.05,0.532,3.82,3.7,0.51,-1.72,1.16,0.52,0.55,0.47,0,-1.33,neutral,bajista,0,0.534,32,10583,6,
s36835,ONDOUSDT,1789430400000,val,-1,-2.29,0.444,3.34,3.17,0.43,-0.96,0.96,1.02,1.21,1.11,0,-1.33,neutral,bajista,0,0.616,32,10582,8,
s36836,FETUSDT,1789430400000,val,-1,-3.71,0.538,5.39,4.96,1.32,-2.38,1.94,1.05,1.03,0.8,1,-1.33,neutral,neutral,0,0.63,32,10582,0,
s36837,LDOUSDT,1789430400000,testA,-1,-2.02,0.458,3.07,3.07,0.58,-0.69,1.13,0.85,0.84,0.7,1,-1.33,neutral,bajista,0,1.248,32,10582,8,
s36838,XPLUSDT,1789431300000,val,-1,-2.34,0.408,3.51,2.97,0.71,-0.55,0.79,0.85,0.85,0.76,1,-1.79,neutral,neutral,0,1.024,32,10584,1,
s36839,STBLUSDT,1789431300000,val,-1,-2.06,0.718,2.33,2.22,0.42,-0.27,0.77,0.29,0.48,0.54,0,-1.79,neutral,bajista,0,-1.0,11,10584,2,
s36840,WLDUSDT,1789431300000,val,-1,-2.94,0.494,3.6,3.13,0.62,-1.15,0.56,0.45,0.55,0.45,0,-1.79,neutral,neutral,0,1.017,32,10584,0,
s36841,ARBUSDT,1789431300000,val,-1,-6.51,0.773,7.24,7.07,0.63,-4.73,2.32,0.55,0.49,0.32,1,-1.79,neutral,bajista,0,-0.028,32,10584,2,
s36842,OPUSDT,1789431300000,val,-1,-2.48,0.411,3.21,2.68,1.2,-0.7,0.43,1.17,1.76,1.06,0,-1.79,neutral,neutral,0,1.265,32,10584,1,
s36843,SUIUSDT,1789431300000,val,-1,-3.53,0.809,4.18,3.85,0.61,-1.74,1.19,0.76,0.89,0.8,0,-1.79,neutral,neutral,0,0.509,32,10584,0,
s36844,TIAUSDT,1789431300000,val,-1,-3.32,0.824,3.8,3.71,0.52,-1.53,0.91,0.55,0.65,0.55,0,-1.79,neutral,bajista,0,0.75,32,10584,3,
s36845,JUPUSDT,1789431300000,val,-1,-2.98,0.525,3.79,3.58,0.82,-1.19,1.2,0.52,0.55,0.47,0,-1.79,neutral,bajista,0,0.635,32,10584,7,
s36846,ONDOUSDT,1789431300000,val,-1,-3.05,0.665,3.45,3.28,0.5,-1.26,1.02,1.02,1.21,1.11,0,-1.79,neutral,bajista,0,0.483,32,10583,8,
s36847,FETUSDT,1789431300000,val,-1,-4.27,0.682,5.38,4.77,0.83,-2.48,1.6,1.05,1.03,0.8,1,-1.79,neutral,neutral,0,0.692,32,10583,0,
s36848,STXUSDT,1789431300000,testA,-1,-2.07,0.5,2.88,2.16,1.12,-0.29,0.35,0.7,0.8,0.77,0,-1.79,neutral,neutral,0,0.825,32,10583,0,
s36849,LDOUSDT,1789431300000,testA,-1,-2.64,0.676,3.23,3.15,0.6,-0.86,1.13,0.85,0.84,0.7,1,-1.79,neutral,bajista,0,1.155,32,10583,8,
s36850,SANDUSDT,1789431300000,testA,-1,-2.26,0.651,2.49,2.34,3.0,-0.48,0.78,0.78,0.71,0.62,1,-1.79,neutral,bajista,0,0.711,32,10583,3,
s36851,WLDUSDT,1789432200000,val,-1,-2.46,0.447,3.19,2.88,0.79,-0.74,0.62,0.45,0.55,0.45,0,-1.72,neutral,neutral,0,1.09,32,10585,1,
s36852,ENAUSDT,1789432200000,val,-1,-2.46,0.408,4.16,2.82,0.59,-0.74,-0.07,1.13,1.19,0.85,0,-1.72,neutral,neutral,0,0.74,32,10585,0,
s36853,ARBUSDT,1789432200000,val,-1,-5.98,0.756,6.64,6.5,0.67,-4.27,2.16,0.55,0.49,0.32,1,-1.72,neutral,bajista,0,-0.019,32,10585,3,
s36854,SUIUSDT,1789432200000,val,-1,-3.29,0.793,3.92,3.57,0.81,-1.58,1.04,0.76,0.89,0.8,0,-1.72,neutral,neutral,0,0.502,32,10585,0,
s36855,TIAUSDT,1789432200000,val,-1,-2.92,0.805,3.4,3.32,0.62,-1.2,0.81,0.55,0.65,0.55,0,-1.72,neutral,neutral,0,0.797,32,10585,0,
s36856,JUPUSDT,1789432200000,val,-1,-3.15,0.538,3.67,3.42,1.11,-1.43,1.34,0.52,0.55,0.47,0,-1.72,neutral,bajista,0,0.506,32,10585,8,
s36857,ONDOUSDT,1789432200000,val,-1,-2.53,0.575,3.14,2.8,0.61,-0.81,0.73,1.02,1.21,1.11,0,-1.72,neutral,neutral,0,0.667,32,10584,0,
s36858,FETUSDT,1789432200000,val,-1,-4.28,0.682,5.14,4.65,0.67,-2.56,1.48,1.05,1.03,0.8,1,-1.72,neutral,neutral,0,0.645,32,10584,1,
s36859,LDOUSDT,1789432200000,testA,-1,-2.33,0.595,3.09,2.85,0.66,-0.61,0.85,0.85,0.84,0.7,1,-1.72,neutral,neutral,0,1.219,32,10584,0,
s36860,0GUSDT,1789433100000,val,-1,-2.6,0.448,2.77,2.77,2.75,-1.16,1.65,0.52,0.5,0.61,0,-1.44,neutral,bajista,0,0.352,32,10586,2,
s36861,WLDUSDT,1789433100000,val,-1,-2.03,0.385,2.57,2.15,0.74,-0.59,0.61,0.45,0.55,0.45,0,-1.44,neutral,neutral,0,1.277,32,10586,0,
s36862,ARBUSDT,1789433100000,val,-1,-5.63,0.707,6.91,6.01,0.87,-4.19,1.81,0.55,0.49,0.32,1,-1.44,neutral,neutral,0,-0.033,32,10586,0,
s36863,SUIUSDT,1789433100000,val,-1,-3.0,0.776,3.42,3.13,0.93,-1.56,1.1,0.76,0.89,0.8,0,-1.44,neutral,neutral,0,0.458,32,10586,1,
s36864,TIAUSDT,1789433100000,val,-1,-2.68,0.766,3.15,2.81,0.68,-1.24,0.82,0.55,0.65,0.55,0,-1.44,neutral,neutral,0,0.83,32,10586,0,
s36865,JUPUSDT,1789433100000,val,-1,-2.71,0.493,3.12,2.83,1.37,-1.27,1.34,0.52,0.55,0.47,0,-1.44,neutral,neutral,0,0.507,32,10586,0,
s36866,ONDOUSDT,1789433100000,val,-1,-2.05,0.521,2.35,2.12,0.68,-0.61,0.88,1.02,1.21,1.11,0,-1.44,neutral,neutral,0,0.68,32,10585,1,
s36867,FETUSDT,1789433100000,val,-1,-3.66,0.646,4.23,3.86,0.7,-2.22,1.53,1.05,1.03,0.8,1,-1.44,neutral,bajista,0,0.667,32,10585,2,
s36868,LDOUSDT,1789433100000,testA,-1,-2.15,0.566,2.85,2.58,0.63,-0.71,0.85,0.85,0.84,0.7,1,-1.44,neutral,neutral,0,1.274,32,10585,0,
s36869,STBLUSDT,1789434000000,val,-1,-2.11,0.722,2.99,2.31,2.55,-0.77,1.33,0.4,0.47,0.55,0,-1.34,neutral,neutral,0,-1.0,8,10587,1,
s36870,0GUSDT,1789434000000,val,-1,-2.22,0.407,3.5,3.3,2.84,-0.88,2.01,0.67,0.52,0.62,0,-1.34,neutral,bajista,0,0.391,32,10587,3,
s36871,ARBUSDT,1789434000000,val,-1,-3.25,0.565,5.16,4.2,0.84,-1.91,1.72,0.55,0.48,0.32,1,-1.34,neutral,neutral,0,-0.057,32,10587,0,
s36872,SUIUSDT,1789434000000,val,-1,-2.18,0.714,2.73,2.59,0.91,-0.84,1.24,0.71,0.84,0.79,0,-1.34,neutral,bajista,0,0.5,32,10587,2,
s36873,FETUSDT,1789434000000,val,-1,-3.03,0.6,3.92,3.55,0.59,-1.69,1.49,1.05,0.98,0.81,1,-1.34,neutral,neutral,0,0.845,32,10586,0,
s36874,STBLUSDT,1789434900000,val,-1,-2.26,0.772,2.92,2.31,3.19,-0.93,1.22,0.4,0.47,0.55,0,-1.33,neutral,bajista,0,-1.0,7,10588,2,
s36875,0GUSDT,1789434900000,val,-1,-2.32,0.418,3.83,3.67,3.08,-1.0,2.14,0.67,0.52,0.62,0,-1.33,neutral,bajista,0,0.197,32,10588,4,
s36876,ARBUSDT,1789434900000,val,-1,-2.89,0.476,4.92,3.26,1.15,-1.57,0.82,0.55,0.48,0.32,1,-1.33,neutral,neutral,0,0.064,32,10588,0,
s36877,SUIUSDT,1789434900000,val,-1,-2.29,0.778,2.69,2.51,0.91,-0.96,1.05,0.71,0.84,0.79,0,-1.33,neutral,neutral,0,0.456,32,10588,0,
s36878,FETUSDT,1789434900000,val,-1,-2.91,0.563,3.79,3.3,0.62,-1.59,1.22,1.05,0.98,0.81,1,-1.33,neutral,neutral,0,0.926,32,10587,0,
s36879,LDOUSDT,1789434900000,testA,-1,-2.21,0.654,2.64,2.53,1.07,-0.88,0.97,0.82,0.82,0.69,1,-1.33,neutral,bajista,0,1.376,32,10587,2,
s36880,0GUSDT,1789435800000,val,-1,-2.41,0.444,4.07,3.24,3.99,-1.4,1.51,0.67,0.52,0.62,0,-1.02,neutral,neutral,0,0.349,32,10589,0,
s36881,INJUSDT,1789435800000,val,-1,-2.27,0.558,3.8,3.61,0.75,-1.25,1.1,0.7,0.84,0.8,0,-1.02,neutral,neutral,0,0.857,32,10589,0,
s36882,FETUSDT,1789435800000,val,-1,-2.5,0.477,3.66,2.93,0.57,-1.48,0.78,1.05,0.98,0.81,1,-1.02,neutral,neutral,0,1.062,32,10588,0,
s36883,0GUSDT,1789436700000,val,-1,-2.41,0.444,4.07,3.3,1.91,-1.35,1.29,0.67,0.52,0.62,0,-1.07,neutral,neutral,0,0.422,32,10590,1,
s36884,INJUSDT,1789436700000,val,-1,-2.78,0.689,4.07,3.88,0.89,-1.71,1.09,0.7,0.84,0.8,0,-1.07,neutral,neutral,0,0.787,32,10590,1,
s36885,FETUSDT,1789436700000,val,-1,-2.8,0.505,3.68,3.31,0.56,-1.73,0.95,1.05,0.98,0.81,1,-1.07,neutral,neutral,0,0.889,32,10589,1,
s36886,0GUSDT,1789437600000,val,-1,-2.7,0.529,3.65,2.73,1.51,-1.64,1.0,0.65,0.49,0.57,0,-1.06,neutral,neutral,0,0.774,32,10591,0,
s36887,INJUSDT,1789437600000,val,-1,-3.88,0.912,4.1,4.03,0.93,-2.82,1.69,0.68,0.81,0.8,0,-1.06,neutral,bajista,0,0.633,32,10591,2,
s36888,FETUSDT,1789437600000,val,-1,-3.15,0.596,3.62,3.31,0.58,-2.09,0.91,0.99,0.96,0.8,1,-1.06,neutral,bajista,0,0.981,32,10590,2,
s36889,LDOUSDT,1789437600000,testA,-1,-2.16,0.835,2.42,2.23,0.87,-1.1,0.77,0.65,0.8,0.67,0,-1.06,neutral,bajista,0,1.329,32,10590,2,
s36890,0GUSDT,1789438500000,val,-1,-2.36,0.495,3.4,2.57,1.01,-1.55,1.07,0.65,0.49,0.57,0,-0.81,neutral,neutral,0,0.98,32,10592,1,
s36891,INJUSDT,1789438500000,val,-1,-3.14,0.892,3.54,3.54,0.8,-2.33,1.88,0.68,0.81,0.8,0,-0.81,neutral,bajista,0,0.682,32,10592,3,
s36892,FETUSDT,1789438500000,val,-1,-2.4,0.526,3.07,2.82,0.52,-1.58,0.86,0.99,0.96,0.8,1,-0.81,neutral,bajista,0,1.174,32,10591,3,
s36893,0GUSDT,1789439400000,val,-1,-2.22,0.478,3.4,2.57,0.52,-1.22,0.96,0.65,0.49,0.57,0,-0.99,neutral,bajista,0,1.0,32,10593,2,
s36894,INJUSDT,1789439400000,val,-1,-3.33,0.963,3.62,3.54,0.89,-2.34,1.8,0.68,0.81,0.8,0,-0.99,neutral,bajista,0,0.599,32,10593,4,
s36895,FETUSDT,1789439400000,val,-1,-2.81,0.61,3.01,2.95,0.58,-1.82,0.99,0.99,0.96,0.8,1,-0.99,neutral,bajista,0,1.021,32,10592,4,
s36896,ARUSDT,1789439400000,testA,-1,-2.06,0.492,3.66,2.79,3.65,-1.07,1.81,1.01,1.06,1.43,0,-0.99,neutral,bajista,0,0.299,32,10592,5,
s36897,LDOUSDT,1789439400000,testA,-1,-2.03,0.826,2.24,2.05,0.88,-1.04,0.91,0.65,0.8,0.67,0,-0.99,neutral,bajista,0,1.187,32,10592,4,
s36898,0GUSDT,1789440300000,val,-1,-2.37,0.495,3.41,3.0,0.37,-1.56,1.3,0.65,0.49,0.57,0,-0.81,neutral,bajista,0,0.81,32,10594,3,
s36899,INJUSDT,1789440300000,val,-1,-2.91,0.893,3.46,3.16,0.9,-2.1,1.59,0.68,0.81,0.8,0,-0.81,neutral,neutral,0,0.716,32,10594,0,
s36900,FETUSDT,1789440300000,val,-1,-2.52,0.568,2.95,2.77,0.57,-1.7,0.88,0.99,0.96,0.8,1,-0.81,neutral,neutral,0,1.067,32,10593,0,
s36901,ARUSDT,1789440300000,testA,-1,-2.23,0.512,3.66,2.97,4.02,-1.42,1.79,1.01,1.06,1.43,0,-0.81,neutral,bajista,0,0.146,32,10593,6,
s36902,STBLUSDT,1789441200000,val,1,3.33,0.509,5.68,5.03,5,4.21,3.41,0.91,0.6,0.68,0,-0.88,neutral,alcista,0,-0.712,32,10595,2,
s36903,0GUSDT,1789441200000,val,-1,-3.14,0.564,4.65,4.18,1.08,-2.26,2.14,0.71,0.54,0.59,0,-0.88,neutral,bajista,0,0.325,32,10595,4,
s36904,WLDUSDT,1789441200000,val,-1,-2.25,0.554,2.78,2.76,1.48,-1.37,1.57,0.4,0.51,0.46,0,-0.88,neutral,bajista,0,0.212,32,10595,6,
s36905,INJUSDT,1789441200000,val,-1,-3.47,0.909,4.02,3.77,0.97,-2.58,1.82,0.64,0.77,0.79,0,-0.88,neutral,neutral,0,0.448,32,10595,1,
s36906,ARUSDT,1789441200000,testA,-1,-2.92,0.577,4.32,3.95,4.72,-2.03,2.39,1.25,1.11,1.36,0,-0.88,neutral,bajista,0,0.074,32,10594,7,
s36907,LDOUSDT,1789441200000,testA,-1,-2.58,0.857,2.85,2.79,1.09,-1.7,1.68,0.66,0.81,0.69,0,-0.88,neutral,bajista,0,0.455,32,10594,6,
s36908,STBLUSDT,1789442100000,val,1,2.69,0.375,5.72,4.34,5,3.39,2.44,0.91,0.6,0.68,0,-0.69,neutral,neutral,0,-0.748,32,10596,0,
s36909,0GUSDT,1789442100000,val,-1,-3.14,0.564,4.65,4.13,1.25,-2.45,1.87,0.71,0.54,0.59,0,-0.69,neutral,neutral,0,0.392,32,10596,0,
s36910,WLDUSDT,1789442100000,val,-1,-2.17,0.525,2.88,2.38,1.74,-1.48,1.11,0.4,0.51,0.46,0,-0.69,neutral,neutral,0,0.644,32,10596,0,
s36911,INJUSDT,1789442100000,val,-1,-3.29,0.832,3.98,3.54,0.97,-2.6,1.52,0.64,0.77,0.79,0,-0.69,neutral,neutral,0,0.787,32,10596,0,
s36912,ARUSDT,1789442100000,testA,-1,-3.65,0.73,5.33,4.34,5,-2.96,2.5,1.25,1.11,1.36,0,-0.69,neutral,bajista,0,0.178,32,10595,8,
s36913,GRTUSDT,1789442100000,testA,-1,-2.02,0.552,2.67,2.67,1.95,-1.33,1.59,0.84,0.6,0.49,1,-0.69,neutral,bajista,0,0.396,32,10595,3,
s36914,LDOUSDT,1789442100000,testA,-1,-2.58,0.857,2.82,2.65,1.39,-1.89,1.56,0.66,0.81,0.69,0,-0.69,neutral,bajista,0,0.667,32,10595,7,
s36915,APEUSDT,1789442100000,testA,-1,-2.29,0.625,3.6,3.13,2.3,-1.6,1.53,1.11,1.04,0.98,1,-0.69,neutral,bajista,0,0.425,32,10595,3,
s36916,STBLUSDT,1789443000000,val,1,3.93,0.475,6.74,5.41,5,4.59,3.25,0.91,0.6,0.68,0,-0.66,neutral,neutral,0,-0.847,32,10597,1,
s36917,0GUSDT,1789443000000,val,-1,-3.24,0.582,4.65,4.18,1.32,-2.58,1.71,0.71,0.54,0.59,0,-0.66,neutral,neutral,0,0.45,32,10597,1,
s36918,INJUSDT,1789443000000,val,-1,-2.54,0.625,3.55,2.67,1.02,-1.88,0.94,0.64,0.77,0.79,0,-0.66,neutral,neutral,0,1.36,32,10597,0,
s36919,ARUSDT,1789443000000,testA,-1,-3.33,0.644,5.32,4.07,1.68,-2.67,2.04,1.25,1.11,1.36,0,-0.66,neutral,neutral,0,0.243,32,10596,0,
s36920,LDOUSDT,1789443000000,testA,-1,-2.27,0.84,2.46,2.32,1.26,-1.61,1.41,0.66,0.81,0.69,0,-0.66,neutral,bajista,0,0.69,32,10596,8,
s36921,STBLUSDT,1789443900000,val,1,3.48,0.406,6.76,5.06,5,4.11,2.59,0.91,0.6,0.68,0,-0.63,neutral,neutral,0,-0.793,32,10598,0,
s36922,0GUSDT,1789443900000,val,-1,-3.49,0.622,4.66,4.35,1.27,-2.86,1.64,0.71,0.54,0.59,0,-0.63,neutral,bajista,0,0.229,32,10598,2,
s36923,INJUSDT,1789443900000,val,-1,-2.64,0.634,3.53,2.98,0.96,-2.01,1.14,0.64,0.77,0.79,0,-0.63,neutral,neutral,0,1.077,32,10598,1,
s36924,ARUSDT,1789443900000,testA,-1,-3.58,0.66,5.33,4.34,1.42,-2.95,2.05,1.25,1.11,1.36,0,-0.63,neutral,neutral,0,0.169,32,10597,1,
s36925,LDOUSDT,1789443900000,testA,-1,-2.57,0.856,2.95,2.84,1.48,-1.94,1.76,0.66,0.81,0.69,0,-0.63,neutral,bajista,0,0.324,32,10597,8,
s36926,APEUSDT,1789443900000,testA,-1,-2.14,0.5,3.6,3.05,2.8,-1.51,1.22,1.11,1.04,0.98,1,-0.63,neutral,neutral,0,0.359,32,10597,1,
s36927,STBLUSDT,1789444800000,val,1,4.42,0.484,6.71,5.75,2.29,5.03,3.02,1.2,0.73,0.74,0,-0.6,neutral,neutral,0,-0.781,32,10599,1,
s36928,0GUSDT,1789444800000,val,-1,-3.48,0.622,4.76,4.13,0.56,-2.88,1.3,0.8,0.57,0.6,0,-0.6,neutral,neutral,0,0.253,32,10599,0,
s36929,INJUSDT,1789444800000,val,-1,-2.44,0.565,3.23,2.5,0.58,-1.83,0.87,0.53,0.74,0.79,0,-0.6,neutral,neutral,0,1.425,32,10599,0,
s36930,ARUSDT,1789444800000,testA,-1,-3.85,0.732,5.33,4.41,0.92,-3.25,1.97,1.33,1.03,1.36,0,-0.6,neutral,bajista,0,0.217,32,10598,2,
s36931,LDOUSDT,1789444800000,testA,-1,-2.33,0.811,3.03,2.75,1.11,-1.73,1.54,0.71,0.82,0.71,0,-0.6,neutral,neutral,0,0.253,32,10598,0,
s36932,APEUSDT,1789444800000,testA,-1,-2.44,0.615,3.6,3.05,2.55,-1.84,1.11,1.12,1.01,0.99,1,-0.6,neutral,neutral,0,0.385,32,10598,0,
s36933,STBLUSDT,1789445700000,val,1,4.09,0.431,6.75,5.27,1.75,4.6,2.27,1.2,0.73,0.74,0,-0.5,neutral,neutral,0,-0.836,32,10600,0,
s36934,0GUSDT,1789445700000,val,-1,-3.22,0.552,4.52,3.38,0.74,-2.72,0.72,0.8,0.57,0.6,0,-0.5,neutral,neutral,0,0.4,32,10600,0,
s36935,WLDUSDT,1789445700000,val,-1,-2.1,0.479,2.86,2.57,0.9,-1.59,0.93,0.39,0.47,0.46,0,-0.5,neutral,neutral,0,0.206,32,10600,1,
s36936,INJUSDT,1789445700000,val,-1,-2.43,0.563,3.17,2.94,0.7,-1.93,1.2,0.53,0.74,0.79,0,-0.5,neutral,neutral,0,1.0,32,10600,1,
s36937,ARUSDT,1789445700000,testA,-1,-3.76,0.726,5.35,4.76,0.49,-3.26,2.07,1.33,1.03,1.36,0,-0.5,neutral,bajista,0,0.109,32,10599,3,
s36938,LDOUSDT,1789445700000,testA,-1,-2.42,0.817,3.03,2.92,1.02,-1.91,1.49,0.71,0.82,0.71,0,-0.5,neutral,neutral,0,0.324,32,10599,1,
s36939,APEUSDT,1789445700000,testA,-1,-2.59,0.68,3.6,3.05,0.8,-2.09,0.99,1.12,1.01,0.99,1,-0.5,neutral,neutral,0,0.282,32,10599,0,
s36940,STBLUSDT,1789446600000,val,1,4.05,0.429,6.75,5.3,1.04,4.47,2.07,1.2,0.73,0.74,0,-0.41,neutral,neutral,0,-0.748,32,10601,0,
s36941,INJUSDT,1789446600000,val,-1,-2.02,0.45,2.83,2.31,0.57,-1.6,0.79,0.53,0.74,0.79,0,-0.41,neutral,neutral,0,1.362,32,10601,0,
s36942,ARUSDT,1789446600000,testA,-1,-3.44,0.626,5.33,4.34,0.45,-3.03,1.52,1.33,1.03,1.36,0,-0.41,neutral,neutral,0,0.297,32,10600,0,
s36943,LDOUSDT,1789446600000,testA,-1,-2.39,0.8,3.31,2.67,1.53,-1.97,1.14,0.71,0.82,0.71,0,-0.41,neutral,neutral,0,0.406,32,10600,0,
s36944,APEUSDT,1789446600000,testA,-1,-2.51,0.647,3.28,2.66,0.5,-2.1,0.83,1.12,1.01,0.99,1,-0.41,neutral,neutral,0,0.294,32,10600,0,
s36945,XPLUSDT,1789447500000,val,-1,-2.35,0.426,3.84,3.42,0.93,-1.85,0.81,0.6,0.8,0.75,0,-0.5,neutral,neutral,0,-0.064,32,10602,1,
s36946,INJUSDT,1789447500000,val,-1,-2.09,0.458,2.51,2.13,0.6,-1.58,0.84,0.53,0.74,0.79,0,-0.5,neutral,neutral,0,1.3,32,10602,1,
s36947,ARUSDT,1789447500000,testA,-1,-3.17,0.605,5.33,4.34,0.46,-2.66,1.41,1.33,1.03,1.36,0,-0.5,neutral,neutral,0,0.246,32,10601,0,
s36948,LDOUSDT,1789447500000,testA,-1,-2.36,0.784,3.3,2.61,1.46,-1.86,0.96,0.71,0.82,0.71,0,-0.5,neutral,neutral,0,0.447,32,10601,0,
s36949,APEUSDT,1789447500000,testA,-1,-2.37,0.633,2.97,2.5,0.48,-1.87,0.93,1.12,1.01,0.99,1,-0.5,neutral,neutral,0,0.219,32,10601,1,
s36950,XPLUSDT,1789448400000,val,-1,-3.86,0.638,4.84,4.53,1.17,-3.33,1.68,0.64,0.8,0.77,0,-0.54,neutral,bajista,0,-0.308,32,10603,2,
s36951,STBLUSDT,1789448400000,val,1,3.63,0.369,6.32,3.65,1.75,4.17,0.73,1.58,0.89,0.82,1,-0.54,neutral,neutral,0,-1.0,16,10603,0,
s36952,INJUSDT,1789448400000,val,-1,-2.05,0.452,2.62,2.52,0.67,-1.51,1.03,0.54,0.7,0.8,0,-0.54,neutral,bajista,0,0.908,32,10603,2,
s36953,ARUSDT,1789448400000,testA,-1,-4.11,0.753,5.03,4.66,0.55,-3.58,1.77,1.47,1.03,1.35,0,-0.54,neutral,neutral,0,0.087,32,10602,1,
s36954,GRTUSDT,1789448400000,testA,-1,-2.4,0.449,3.3,2.96,0.64,-1.86,1.3,0.97,0.73,0.49,1,-0.54,neutral,bajista,0,-0.113,32,10602,2,
s36955,LDOUSDT,1789448400000,testA,-1,-2.47,0.791,3.32,2.95,1.64,-1.94,1.16,0.86,0.87,0.75,0,-0.54,neutral,neutral,0,0.208,32,10602,1,
s36956,APEUSDT,1789448400000,testA,-1,-2.15,0.609,2.75,2.44,0.35,-1.62,1.29,1.19,0.98,1.0,0,-0.54,neutral,bajista,0,-0.129,32,10602,2,
s36957,XPLUSDT,1789449300000,val,-1,-3.91,0.651,4.79,4.44,1.31,-3.39,1.55,0.64,0.8,0.77,0,-0.51,neutral,neutral,0,-0.259,32,10604,0,
s36958,INJUSDT,1789449300000,val,-1,-2.11,0.46,2.73,2.42,0.68,-1.6,1.01,0.54,0.7,0.8,0,-0.51,neutral,bajista,0,1.122,32,10604,3,
s36959,TIAUSDT,1789449300000,val,-1,-2.13,0.422,2.98,2.75,0.75,-1.62,0.96,0.6,0.6,0.58,0,-0.51,neutral,bajista,0,0.448,32,10604,3,
s36960,ARUSDT,1789449300000,testA,-1,-5.18,0.802,5.91,5.76,0.81,-4.66,2.57,1.47,1.03,1.35,0,-0.51,neutral,bajista,0,-0.091,32,10603,2,
s36961,GRTUSDT,1789449300000,testA,-1,-2.56,0.465,3.13,2.91,0.69,-2.05,1.36,0.97,0.73,0.49,1,-0.51,neutral,bajista,0,-0.231,32,10603,3,
s36962,LDOUSDT,1789449300000,testA,-1,-2.72,0.806,3.3,3.05,2.37,-2.21,1.34,0.86,0.87,0.75,0,-0.51,neutral,bajista,0,0.193,32,10603,2,
s36963,APEUSDT,1789449300000,testA,-1,-2.0,0.565,2.67,2.28,0.5,-1.49,1.09,1.19,0.98,1.0,0,-0.51,neutral,neutral,0,-0.138,32,10603,0,
s36964,XPLUSDT,1789450200000,val,-1,-3.6,0.588,4.31,3.75,1.32,-2.9,1.26,0.64,0.8,0.77,0,-0.7,neutral,neutral,0,0.091,32,10605,0,
s36965,WLDUSDT,1789450200000,val,-1,-2.01,0.497,2.63,2.13,1.14,-1.3,0.95,0.42,0.46,0.47,0,-0.7,neutral,neutral,0,0.075,32,10605,0,
s36966,TIAUSDT,1789450200000,val,-1,-2.32,0.48,2.98,2.64,0.75,-1.62,0.77,0.6,0.6,0.58,0,-0.7,neutral,neutral,0,0.674,32,10605,0,
s36967,ARUSDT,1789450200000,testA,-1,-4.9,0.784,5.53,5.34,0.76,-4.2,2.26,1.47,1.03,1.35,0,-0.7,neutral,neutral,0,-0.007,32,10604,0,
s36968,GRTUSDT,1789450200000,testA,-1,-2.35,0.417,3.13,2.74,0.61,-1.64,1.11,0.97,0.73,0.49,1,-0.7,neutral,neutral,0,0.184,32,10604,0,
s36969,LDOUSDT,1789450200000,testA,-1,-2.45,0.672,3.23,2.67,1.9,-1.74,0.95,0.86,0.87,0.75,0,-0.7,neutral,neutral,0,0.625,32,10604,0,
s36970,APEUSDT,1789450200000,testA,-1,-2.08,0.574,2.44,2.2,0.53,-1.38,1.09,1.19,0.98,1.0,0,-0.7,neutral,neutral,0,-0.036,32,10604,1,
s36971,XPLUSDT,1789451100000,val,-1,-2.34,0.39,3.58,2.45,1.1,-1.95,0.69,0.64,0.8,0.77,0,-0.38,neutral,neutral,0,0.059,32,10606,0,
s36972,PUMPUSDT,1789451100000,val,-1,-2.1,0.415,3.9,2.64,0.77,-1.71,0.35,0.41,0.45,0.45,0,-0.38,neutral,neutral,0,0.354,32,10606,0,
s36973,ARUSDT,1789451100000,testA,-1,-4.66,0.749,5.34,5.04,0.73,-4.28,2.0,1.47,1.03,1.35,0,-0.38,neutral,neutral,0,-0.037,32,10605,0,
s36974,LDOUSDT,1789451100000,testA,-1,-2.37,0.654,3.12,2.53,1.77,-1.98,0.8,0.86,0.87,0.75,0,-0.38,neutral,neutral,0,0.451,32,10605,0,
s36975,PUMPUSDT,1789452000000,val,-1,-2.79,0.51,3.67,2.98,0.63,-2.25,0.84,0.38,0.41,0.45,0,-0.54,neutral,neutral,0,0.481,32,10607,1,
s36976,ARUSDT,1789452000000,testA,-1,-4.31,0.691,5.14,4.66,0.61,-3.78,1.65,1.41,1.02,1.31,0,-0.54,neutral,neutral,0,-0.0,32,10606,0,
s36977,LDOUSDT,1789452000000,testA,-1,-2.07,0.551,3.0,2.2,1.28,-1.53,0.52,0.91,0.85,0.76,1,-0.54,neutral,neutral,0,0.785,32,10606,0,
s36978,XPLUSDT,1789452900000,val,-1,-2.2,0.374,2.68,2.33,0.99,-1.5,1.26,0.66,0.76,0.78,0,-0.7,neutral,bajista,0,-1.0,15,10608,2,
s36979,PUMPUSDT,1789452900000,val,-1,-3.15,0.539,3.58,3.36,0.5,-2.44,1.34,0.38,0.41,0.45,0,-0.7,neutral,bajista,0,0.306,32,10608,2,
s36980,ARUSDT,1789452900000,testA,-1,-4.14,0.667,4.99,4.43,0.26,-3.44,1.4,1.41,1.02,1.31,0,-0.7,neutral,neutral,0,0.042,32,10607,0,
s36981,LDOUSDT,1789452900000,testA,-1,-2.05,0.547,2.79,2.2,0.76,-1.34,0.67,0.91,0.85,0.76,1,-0.7,neutral,neutral,0,0.835,32,10607,1,
s36982,PUMPUSDT,1789453800000,val,-1,-3.04,0.531,3.72,3.28,0.57,-2.49,1.35,0.38,0.41,0.45,0,-0.55,neutral,neutral,0,0.644,32,10609,0,
s36983,ARUSDT,1789453800000,testA,-1,-2.79,0.57,3.54,3.02,0.24,-2.24,1.28,1.41,1.02,1.31,0,-0.55,neutral,neutral,1,2.0,32,10608,1,
s36984,PUMPUSDT,1789454700000,val,-1,-3.21,0.543,3.68,3.29,0.62,-2.4,1.51,0.38,0.41,0.45,0,-0.8,neutral,neutral,0,0.449,32,10610,1,
s36985,WLDUSDT,1789454700000,val,-1,-2.02,0.497,2.33,2.06,1.06,-1.22,1.02,0.45,0.44,0.48,0,-0.8,neutral,bajista,0,0.468,32,10610,5,
s36986,ARUSDT,1789454700000,testA,-1,-2.5,0.519,3.2,2.57,0.39,-1.7,1.03,1.41,1.02,1.31,0,-0.8,neutral,neutral,1,2.0,31,10609,0,
s36987,LDOUSDT,1789454700000,testA,-1,-2.05,0.547,2.37,2.1,0.69,-1.25,0.81,0.91,0.85,0.76,1,-0.8,neutral,bajista,0,1.067,32,10609,3,
s36988,PUMPUSDT,1789457400000,val,-1,-2.47,0.536,3.31,3.2,0.93,-1.46,1.78,0.36,0.4,0.45,0,-1.01,neutral,bajista,0,-1.0,19,10613,2,
s36989,STBLUSDT,1789457400000,val,-1,-2.13,0.48,4.16,3.39,0.18,-1.12,0.35,1.69,1.0,0.82,1,-1.01,neutral,neutral,0,-1.0,25,10613,1,
s36990,OPUSDT,1789457400000,val,-1,-2.91,0.49,3.56,3.15,0.77,-1.91,1.07,1.1,1.15,1.28,0,-1.01,neutral,bajista,0,-0.444,32,10613,2,
s36991,FETUSDT,1789457400000,val,-1,-2.21,0.529,2.51,2.32,1.38,-1.2,1.17,0.82,0.93,0.87,0,-1.01,neutral,neutral,0,0.838,32,10612,1,
s36992,PUMPUSDT,1789458300000,val,-1,-2.06,0.429,3.39,2.88,1.03,-1.07,1.14,0.36,0.4,0.45,0,-0.98,neutral,neutral,0,-1.0,18,10614,0,
s36993,STBLUSDT,1789458300000,val,-1,-3.0,0.565,5.18,4.7,0.85,-2.02,1.85,1.69,1.0,0.82,1,-0.98,neutral,bajista,0,-1.0,24,10614,2,
s36994,OPUSDT,1789458300000,val,-1,-2.6,0.461,3.68,3.39,0.72,-1.62,1.07,1.1,1.15,1.28,0,-0.98,neutral,bajista,0,-0.571,32,10614,3,
s36995,FETUSDT,1789458300000,val,-1,-2.16,0.522,2.65,2.52,1.79,-1.18,1.4,0.82,0.93,0.87,0,-0.98,neutral,bajista,0,0.7,32,10613,2,
s36996,PUMPUSDT,1789459200000,val,-1,-2.06,0.429,3.39,2.83,1.0,-0.98,0.92,0.36,0.37,0.45,0,-1.08,neutral,neutral,0,-1.0,17,10615,0,
s36997,STBLUSDT,1789459200000,val,-1,-3.95,0.821,4.93,4.56,0.88,-2.87,1.81,1.74,1.05,0.82,1,-1.08,neutral,bajista,0,-1.0,23,10615,3,
s36998,OPUSDT,1789459200000,val,-1,-3.14,0.587,4.01,3.54,1.05,-2.06,1.2,1.18,1.18,1.33,0,-1.08,neutral,bajista,0,-0.131,32,10615,4,
s36999,INJUSDT,1789459200000,val,-1,-2.14,0.401,3.47,3.09,1.78,-1.06,1.31,0.61,0.65,0.79,0,-1.08,neutral,bajista,1,2.0,27,10615,3,
s37000,FETUSDT,1789459200000,val,-1,-2.16,0.522,3.1,2.72,2.06,-1.08,1.45,0.86,0.92,0.88,0,-1.08,neutral,bajista,0,0.86,32,10614,3,
s37001,SANDUSDT,1789459200000,testA,-1,-2.11,0.434,2.65,2.16,1.35,-1.03,0.82,0.81,0.79,0.71,1,-1.08,neutral,neutral,0,0.693,32,10614,0,
s37002,AXSUSDT,1789459200000,testA,-1,-2.04,0.486,2.58,2.29,2.26,-0.96,1.47,0.89,0.78,0.97,0,-1.08,neutral,bajista,0,0.439,32,10614,3,
s37003,STBLUSDT,1789460100000,val,-1,-3.83,0.815,5.63,4.95,1.18,-2.84,2.12,1.74,1.05,0.82,1,-0.99,neutral,bajista,0,-1.0,22,10616,4,
s37004,OPUSDT,1789460100000,val,-1,-2.36,0.51,3.9,3.4,1.04,-1.37,1.23,1.18,1.18,1.33,0,-0.99,neutral,neutral,0,-0.436,32,10616,0,
s37005,INJUSDT,1789460100000,val,-1,-2.05,0.389,3.57,3.52,1.88,-1.07,1.62,0.61,0.65,0.79,0,-0.99,neutral,bajista,0,1.552,32,10616,4,
s37006,FETUSDT,1789460100000,val,-1,-2.1,0.515,2.97,2.59,1.73,-1.12,1.36,0.86,0.92,0.88,0,-0.99,neutral,bajista,0,0.61,32,10615,4,
s37007,STBLUSDT,1789461000000,val,-1,-3.82,0.815,5.63,4.91,1.29,-2.79,1.84,1.74,1.05,0.82,1,-1.04,neutral,neutral,0,-1.0,21,10617,0,
s37008,OPUSDT,1789461000000,val,-1,-2.2,0.46,3.89,3.13,1.26,-1.16,0.8,1.18,1.18,1.33,0,-1.04,neutral,neutral,0,-0.286,32,10617,0,
s37009,INJUSDT,1789461000000,val,-1,-2.23,0.439,3.56,3.4,1.27,-1.19,1.32,0.61,0.65,0.79,0,-1.04,neutral,neutral,1,2.0,32,10617,0,
s37010,STBLUSDT,1789461900000,val,-1,-2.88,0.767,5.63,4.95,0.57,-2.14,1.8,1.74,1.05,0.82,1,-0.74,neutral,neutral,0,-1.0,20,10618,1,
s37011,OPUSDT,1789461900000,val,-1,-2.26,0.481,3.88,2.86,1.29,-1.52,0.55,1.18,1.18,1.33,0,-0.74,neutral,neutral,0,-0.407,32,10618,0,
s37012,STBLUSDT,1789462800000,val,-1,-2.99,0.774,4.4,3.61,0.69,-2.38,1.83,1.37,1.12,0.83,1,-0.62,neutral,bajista,0,-1.0,19,10619,2,
s37013,OPUSDT,1789462800000,val,-1,-2.56,0.512,3.18,2.86,1.02,-1.95,1.02,1.19,1.12,1.36,0,-0.62,neutral,neutral,0,-1.0,25,10619,1,
s37014,STBLUSDT,1789463700000,val,-1,-2.57,0.714,4.4,3.54,0.72,-1.86,1.6,1.37,1.12,0.83,1,-0.71,neutral,neutral,0,-1.0,18,10620,0,
s37015,STBLUSDT,1789464600000,val,-1,-2.12,0.527,3.96,2.47,0.89,-1.51,0.74,1.37,1.12,0.83,1,-0.61,neutral,neutral,0,-1.0,17,10621,0,
s37016,STBLUSDT,1789465500000,val,-1,-2.27,0.564,3.96,2.54,1.3,-1.44,0.71,1.37,1.12,0.83,1,-0.83,neutral,neutral,0,-1.0,16,10622,1,
s37017,INJUSDT,1789465500000,val,-1,-2.12,0.451,3.61,2.91,0.49,-1.29,0.39,0.58,0.61,0.78,0,-0.83,neutral,neutral,1,2.0,20,10622,1,
s37018,JUPUSDT,1789465500000,val,-1,-2.14,0.415,3.09,2.53,0.9,-1.31,0.46,0.41,0.52,0.48,0,-0.83,neutral,neutral,0,0.763,32,10622,1,
s37019,FETUSDT,1789465500000,val,-1,-2.16,0.556,2.9,2.4,0.78,-1.33,0.59,0.85,0.9,0.88,0,-0.83,neutral,neutral,0,0.895,32,10621,1,
s37020,ARUSDT,1789465500000,testA,1,2.46,0.471,3.24,3.13,1.64,3.29,1.68,0.88,1.06,1.18,0,-0.83,neutral,alcista,0,-1.0,15,10621,3,
s37021,STBLUSDT,1789466400000,val,-1,-2.78,0.613,3.83,2.93,0.99,-2.04,1.06,1.05,1.13,0.82,0,-0.73,neutral,bajista,0,-1.0,15,10623,2,
s37022,0GUSDT,1789466400000,val,-1,-3.4,0.511,4.2,4.2,0.39,-2.67,1.42,0.96,0.88,0.71,1,-0.73,neutral,bajista,0,-0.15,32,10623,2,
s37023,INJUSDT,1789466400000,val,-1,-2.2,0.461,3.14,2.62,0.56,-1.47,0.5,0.56,0.55,0.78,0,-0.73,neutral,bajista,1,2.0,19,10623,2,
s37024,JUPUSDT,1789466400000,val,-1,-2.4,0.442,2.76,2.54,0.95,-1.66,0.75,0.39,0.52,0.47,0,-0.73,neutral,bajista,0,0.661,32,10623,2,
s37025,FETUSDT,1789466400000,val,-1,-2.11,0.548,2.41,2.28,0.9,-1.37,0.85,0.87,0.91,0.89,0,-0.73,neutral,bajista,0,0.667,32,10622,2,
s37026,STBLUSDT,1789467300000,val,-1,-2.61,0.597,3.5,2.83,0.85,-1.94,1.19,1.05,1.13,0.82,0,-0.66,neutral,bajista,0,-1.0,14,10624,3,
s37027,0GUSDT,1789467300000,val,-1,-3.76,0.536,5.44,4.75,1.33,-3.1,1.79,0.96,0.88,0.71,1,-0.66,neutral,bajista,0,-0.189,32,10624,3,
s37028,JUPUSDT,1789467300000,val,-1,-2.12,0.41,2.46,2.38,0.67,-1.45,1.04,0.39,0.52,0.47,0,-0.66,neutral,bajista,0,0.673,32,10624,3,
s37029,FETUSDT,1789467300000,val,-1,-2.11,0.548,2.41,2.35,0.92,-1.45,0.92,0.87,0.91,0.89,0,-0.66,neutral,bajista,0,0.351,32,10623,3,
s37030,STBLUSDT,1789468200000,val,-1,-2.87,0.619,3.52,3.21,0.84,-2.37,1.43,1.05,1.13,0.82,0,-0.5,neutral,bajista,0,-1.0,13,10625,4,
s37031,0GUSDT,1789468200000,val,-1,-4.44,0.698,5.34,4.7,1.52,-3.95,1.7,0.96,0.88,0.71,1,-0.5,neutral,neutral,0,0.326,32,10625,0,
s37032,FETUSDT,1789468200000,val,-1,-2.05,0.524,2.22,2.09,0.7,-1.55,0.86,0.87,0.91,0.89,0,-0.5,neutral,neutral,0,1.727,32,10624,0,
s37033,STBLUSDT,1789469100000,val,-1,-2.54,0.543,3.51,3.02,0.3,-2.24,1.12,1.05,1.13,0.82,0,-0.29,neutral,neutral,0,-1.0,12,10626,0,
s37034,0GUSDT,1789469100000,val,-1,-3.63,0.651,4.35,3.97,1.67,-3.33,1.97,0.96,0.88,0.71,1,-0.29,neutral,neutral,0,0.187,32,10626,1,
s37035,0GUSDT,1789470000000,val,-1,-3.18,0.62,4.24,3.92,2.24,-2.96,1.81,1.01,0.92,0.7,1,-0.22,neutral,bajista,0,0.203,32,10627,2,
s37036,STBLUSDT,1789470900000,val,-1,-2.43,0.446,3.47,2.75,1.0,-2.06,0.7,0.84,1.22,0.83,0,-0.37,neutral,neutral,0,-1.0,10,10628,1,
s37037,0GUSDT,1789470900000,val,-1,-3.93,0.828,4.2,4.04,0.65,-3.56,1.92,1.01,0.92,0.7,1,-0.37,neutral,bajista,0,0.105,32,10628,3,
s37038,INJUSDT,1789470900000,val,-1,-2.4,0.5,2.61,2.51,0.81,-2.03,1.18,0.61,0.57,0.8,0,-0.37,neutral,bajista,1,2.0,14,10628,3,
s37039,TIAUSDT,1789470900000,val,-1,-2.74,0.608,3.55,2.82,1.93,-2.37,1.61,0.74,0.66,0.65,1,-0.37,neutral,bajista,1,2.0,30,10628,2,
s37040,JUPUSDT,1789470900000,val,-1,-2.37,0.509,2.61,2.48,0.69,-2.01,1.17,0.4,0.53,0.47,0,-0.37,neutral,bajista,1,2.0,30,10628,3,
s37041,STBLUSDT,1789471800000,val,-1,-2.5,0.453,2.98,2.53,0.94,-2.38,0.86,0.84,1.22,0.83,0,-0.12,neutral,bajista,0,-1.0,9,10629,2,
s37042,0GUSDT,1789471800000,val,-1,-3.79,0.822,4.8,4.05,0.71,-3.68,1.87,1.01,0.92,0.7,1,-0.12,neutral,bajista,0,0.053,32,10629,4,
s37043,0GUSDT,1789472700000,val,-1,-2.58,0.532,4.18,2.7,0.7,-2.58,0.96,1.01,0.92,0.7,1,0.01,neutral,neutral,0,0.137,32,10630,0,
s37044,ARBUSDT,1789472700000,val,1,3.35,0.628,3.78,3.66,1.47,3.35,1.98,0.34,0.34,0.36,0,0.01,neutral,neutral,1,2.0,16,10630,1,
s37045,ARBUSDT,1789473600000,val,1,2.91,0.525,4.3,3.15,2.97,2.76,1.45,0.59,0.45,0.42,1,0.15,neutral,neutral,1,2.0,13,10631,0,
s37046,ARBUSDT,1789474500000,val,1,3.83,0.593,4.26,3.95,3.82,3.72,2.31,0.59,0.45,0.42,1,0.11,neutral,neutral,1,2.0,14,10632,1,
s37047,ARBUSDT,1789475400000,val,1,5.37,0.707,5.25,5.17,4.7,5.24,3.27,0.59,0.45,0.42,1,0.13,neutral,alcista,1,2.0,15,10633,2,
s37048,ARBUSDT,1789476300000,val,1,5.74,0.721,6.63,5.63,5,5.8,3.53,0.59,0.45,0.42,1,-0.06,neutral,alcista,0,0.685,32,10634,3,
s37049,ARBUSDT,1789477200000,val,1,7.31,0.767,7.53,6.86,4.06,7.24,4.64,0.89,0.59,0.48,1,0.07,neutral,alcista,0,0.204,32,10635,4,
s37050,ARBUSDT,1789478100000,val,1,6.61,0.684,7.34,6.27,3.65,6.57,3.84,0.89,0.59,0.48,1,0.04,neutral,neutral,0,0.228,32,10636,0,
s37051,ARBUSDT,1789479000000,val,1,4.69,0.447,7.09,4.69,4.17,5.42,2.21,0.89,0.59,0.48,1,-0.73,neutral,neutral,1,2.0,11,10637,0,
s37052,INJUSDT,1789479000000,val,-1,-2.64,0.591,3.38,2.92,2.05,-1.92,1.39,0.62,0.6,0.73,0,-0.73,neutral,bajista,1,2.0,14,10637,2,
s37053,ARBUSDT,1789479900000,val,1,4.69,0.446,7.08,4.62,2.59,5.15,1.93,0.89,0.59,0.48,1,-0.47,neutral,neutral,1,2.0,10,10638,0,
s37054,PENDLEUSDT,1789479900000,val,-1,-3.99,0.421,5.14,4.43,2.56,-3.53,1.72,1.51,1.58,1.84,0,-0.47,neutral,neutral,0,0.532,32,10638,1,
s37055,ARUSDT,1789479900000,testA,-1,-2.22,0.452,3.5,2.31,0.97,-1.76,0.55,0.85,1.15,1.05,0,-0.47,neutral,neutral,1,2.0,3,10637,0,
s37056,PENDLEUSDT,1789480800000,val,-1,-3.32,0.375,4.44,4.01,2.59,-2.56,1.83,1.87,1.64,1.92,0,-0.77,neutral,bajista,0,0.521,32,10639,2,
s37057,PUMPUSDT,1789482600000,val,-1,-2.52,0.371,4.82,4.28,2.16,-1.02,2.16,0.48,0.42,0.48,0,-1.49,neutral,bajista,0,0.172,32,10641,5,
s37058,INJUSDT,1789482600000,val,-1,-2.75,0.495,3.24,3.07,1.17,-1.26,1.51,0.97,0.78,0.8,0,-1.49,neutral,neutral,1,2.0,16,10641,1,
s37059,TIAUSDT,1789482600000,val,-1,-2.9,0.463,3.52,3.28,1.48,-1.4,2.28,1.18,0.9,0.72,1,-1.49,neutral,neutral,0,0.864,32,10641,1,
s37060,JUPUSDT,1789482600000,val,-1,-2.67,0.47,3.5,3.19,1.44,-1.18,2.06,0.58,0.57,0.49,1,-1.49,neutral,bajista,0,1.306,32,10641,3,
s37061,PENDLEUSDT,1789482600000,val,-1,-3.9,0.421,5.77,5.42,1.44,-2.41,2.89,1.87,1.64,1.92,0,-1.49,neutral,bajista,0,0.06,32,10641,4,
s37062,ARUSDT,1789482600000,testA,-1,-6.57,0.789,8.87,7.31,3.6,-5.08,4.82,1.5,1.29,1.16,1,-1.49,neutral,bajista,0,0.273,32,10640,2,
s37063,LDOUSDT,1789482600000,testA,-1,-2.1,0.414,3.32,2.55,2.44,-0.61,1.48,1.19,1.28,0.98,0,-1.49,neutral,bajista,0,1.472,32,10640,3,
s37064,INJUSDT,1789483500000,val,-1,-5.24,0.651,7.34,5.81,3.75,-3.79,3.66,0.97,0.78,0.8,0,-1.45,neutral,bajista,0,0.767,32,10642,2,
s37065,SUIUSDT,1789483500000,val,-1,-2.03,0.421,4.37,2.96,3.29,-0.58,1.61,1.05,0.89,0.84,1,-1.45,neutral,bajista,0,0.539,32,10642,4,
s37066,TIAUSDT,1789483500000,val,-1,-3.71,0.529,5.41,4.12,2.65,-2.26,2.75,1.18,0.9,0.72,1,-1.45,neutral,bajista,0,0.482,32,10642,2,
s37067,JUPUSDT,1789483500000,val,-1,-2.29,0.405,4.33,3.01,2.17,-0.84,1.66,0.58,0.57,0.49,1,-1.45,neutral,neutral,0,1.368,32,10642,0,
s37068,PENDLEUSDT,1789483500000,val,-1,-3.41,0.351,6.53,4.91,1.64,-1.96,2.06,1.87,1.64,1.92,0,-1.45,neutral,neutral,0,0.144,32,10642,0,
s37069,ONDOUSDT,1789483500000,val,-1,-2.69,0.431,4.74,3.86,2.8,-1.24,1.94,1.09,0.89,0.94,0,-1.45,neutral,bajista,0,0.847,32,10641,4,
s37070,ARUSDT,1789483500000,testA,-1,-7.18,0.845,8.99,7.73,5,-5.73,4.7,1.5,1.29,1.16,1,-1.45,neutral,bajista,0,0.193,32,10641,3,
s37071,STXUSDT,1789483500000,testA,-1,-2.16,0.389,3.19,2.64,2.12,-0.71,1.53,0.67,0.58,0.62,0,-1.45,neutral,bajista,1,2.0,28,10641,2,
s37072,LDOUSDT,1789483500000,testA,-1,-2.04,0.399,3.83,2.43,2.77,-0.59,1.25,1.19,1.28,0.98,0,-1.45,neutral,neutral,1,2.0,28,10641,0,
s37073,INJUSDT,1789484400000,val,-1,-5.61,0.667,7.19,6.04,3.57,-4.28,3.64,1.11,0.83,0.81,1,-1.33,neutral,bajista,0,0.55,32,10643,3,
s37074,TIAUSDT,1789484400000,val,-1,-3.36,0.472,5.34,3.81,2.57,-2.03,2.23,1.37,0.87,0.73,1,-1.33,neutral,neutral,0,0.465,32,10643,0,
s37075,ARUSDT,1789484400000,testA,-1,-5.8,0.693,8.11,6.2,5,-4.47,3.66,1.56,1.22,1.16,1,-1.33,neutral,neutral,0,0.214,32,10642,0,
s37076,ARBUSDT,1789485300000,val,1,8.15,0.472,8.36,7.99,1.7,8.99,5.09,1.84,1.05,0.66,1,-0.85,neutral,alcista,0,0.498,32,10644,2,
s37077,INJUSDT,1789485300000,val,-1,-3.76,0.443,6.41,4.29,3.84,-2.91,2.47,1.11,0.83,0.81,1,-0.85,neutral,neutral,0,1.037,32,10644,0,
s37078,ARUSDT,1789485300000,testA,-1,-4.26,0.511,7.31,4.64,5,-3.41,2.7,1.56,1.22,1.16,1,-0.85,neutral,neutral,0,0.475,32,10643,0,
s37079,ARBUSDT,1789486200000,val,1,8.16,0.473,8.2,7.81,1.83,8.81,4.47,1.84,1.05,0.66,1,-0.65,neutral,neutral,0,0.481,32,10645,0,
s37080,INJUSDT,1789486200000,val,-1,-3.82,0.447,6.44,4.82,3.6,-3.18,2.68,1.11,0.83,0.81,1,-0.65,neutral,neutral,0,0.887,32,10645,1,
s37081,ARUSDT,1789486200000,testA,-1,-4.48,0.528,7.33,4.84,1.65,-3.83,2.65,1.56,1.22,1.16,1,-0.65,neutral,neutral,0,0.504,32,10644,1,
s37082,INJUSDT,1789487100000,val,-1,-3.97,0.469,6.44,4.86,0.81,-3.42,2.47,1.11,0.83,0.81,1,-0.55,neutral,bajista,0,0.906,32,10646,2,
s37083,ARUSDT,1789487100000,testA,-1,-4.89,0.55,7.36,5.29,0.66,-4.33,2.67,1.56,1.22,1.16,1,-0.55,neutral,bajista,0,0.493,32,10645,2,
s37084,PUMPUSDT,1789488000000,val,-1,-3.28,0.42,5.84,4.76,0.8,-2.45,1.84,0.62,0.43,0.45,0,-0.84,neutral,bajista,0,-0.012,32,10647,3,
s37085,INJUSDT,1789488000000,val,-1,-4.96,0.524,6.52,6.15,0.74,-4.12,3.19,1.25,0.89,0.82,1,-0.84,neutral,bajista,0,0.409,32,10647,3,
s37086,TIAUSDT,1789488000000,val,-1,-2.6,0.376,5.34,3.75,0.53,-1.76,1.44,1.46,0.89,0.72,1,-0.84,neutral,bajista,0,0.64,32,10647,2,
s37087,ARUSDT,1789488000000,testA,-1,-5.05,0.557,7.31,5.71,0.45,-4.21,2.72,1.59,1.22,1.12,1,-0.84,neutral,bajista,0,0.308,32,10646,3,
s37088,LDOUSDT,1789488000000,testA,-1,-2.21,0.351,3.84,2.58,0.67,-1.38,1.07,1.36,1.3,1.0,1,-0.84,neutral,bajista,0,1.467,32,10646,3,
s37089,PUMPUSDT,1789488900000,val,-1,-2.99,0.372,5.54,3.53,0.83,-2.38,0.86,0.62,0.43,0.45,0,-0.61,neutral,neutral,0,0.04,32,10648,0,
s37090,INJUSDT,1789488900000,val,-1,-4.6,0.469,6.49,5.6,0.63,-3.99,2.38,1.25,0.89,0.82,1,-0.61,neutral,neutral,0,0.557,32,10648,0,
s37091,ARUSDT,1789488900000,testA,-1,-4.75,0.508,7.13,5.1,0.31,-4.14,2.1,1.59,1.22,1.12,1,-0.61,neutral,neutral,0,0.42,32,10647,0,
s37092,PUMPUSDT,1789489800000,val,-1,-3.16,0.385,5.56,4.03,0.85,-2.42,1.31,0.62,0.43,0.45,0,-0.74,neutral,neutral,0,0.049,32,10649,1,
s37093,INJUSDT,1789489800000,val,-1,-6.17,0.551,7.29,7.27,0.68,-5.43,3.56,1.25,0.89,0.82,1,-0.74,neutral,neutral,0,0.262,32,10649,1,
s37094,PUMPUSDT,1789490700000,val,-1,-3.13,0.38,5.56,3.94,0.83,-2.4,1.17,0.62,0.43,0.45,0,-0.73,neutral,neutral,0,0.144,32,10650,0,
s37095,INJUSDT,1789490700000,val,-1,-6.34,0.577,7.66,7.14,0.68,-5.6,3.16,1.25,0.89,0.82,1,-0.73,neutral,neutral,0,0.35,32,10650,0,
s37096,PUMPUSDT,1789491600000,val,-1,-3.57,0.411,5.13,3.99,0.39,-2.63,1.58,0.66,0.44,0.44,1,-0.94,neutral,neutral,0,-0.014,32,10651,1,
s37097,INJUSDT,1789491600000,val,-1,-7.04,0.615,8.0,7.73,0.67,-6.1,3.44,1.32,0.94,0.82,1,-0.94,neutral,neutral,0,0.192,32,10651,1,
s37098,JUPUSDT,1789491600000,val,-1,-2.54,0.376,4.15,2.69,0.51,-1.6,0.84,0.69,0.52,0.47,1,-0.94,neutral,bajista,1,2.0,7,10651,3,
s37099,ONDOUSDT,1789491600000,val,-1,-3.03,0.398,4.12,3.24,0.4,-2.09,1.18,1.42,1.0,0.93,1,-0.94,neutral,bajista,0,1.136,32,10650,3,
s37100,ARUSDT,1789491600000,testA,-1,-4.49,0.425,6.96,4.78,0.44,-3.55,1.56,1.59,1.17,1.1,1,-0.94,neutral,bajista,0,0.634,32,10650,2,
s37101,INJUSDT,1789492500000,val,-1,-5.62,0.473,7.26,6.02,0.69,-5.06,2.27,1.32,0.94,0.82,1,-0.56,neutral,neutral,0,0.411,32,10652,0,
s37102,ARUSDT,1789492500000,testA,-1,-4.2,0.396,6.91,4.58,0.38,-3.64,1.22,1.59,1.17,1.1,1,-0.56,neutral,neutral,0,0.627,32,10651,0,
s37103,SANDUSDT,1789492500000,testA,-1,-2.14,0.369,2.86,2.19,0.4,-1.58,0.74,1.2,1.0,0.86,1,-0.56,neutral,bajista,1,2.0,6,10651,3,
s37104,INJUSDT,1789493400000,val,-1,-4.57,0.404,7.12,5.65,0.74,-5.02,1.89,1.32,0.94,0.82,1,0.44,neutral,neutral,0,0.585,32,10653,0,
s37105,INJUSDT,1789494300000,val,-1,-5.15,0.484,7.11,5.56,0.71,-5.6,1.65,1.32,0.94,0.82,1,0.45,neutral,neutral,0,0.685,32,10654,0,
s37106,FETUSDT,1789494300000,val,-1,-2.45,0.371,3.55,2.84,0.72,-2.9,0.73,1.19,1.01,0.95,1,0.45,neutral,neutral,0,1.341,32,10653,1,
s37107,STBLUSDT,1789495200000,val,-1,-5.44,0.456,7.69,5.84,0.39,-6.04,1.58,5.67,3.44,2.14,1,0.59,neutral,bajista,0,0.75,32,10655,2,
s37108,INJUSDT,1789495200000,val,-1,-5.07,0.479,7.0,5.62,0.67,-5.66,1.58,1.55,1.04,0.86,1,0.59,neutral,neutral,0,0.637,32,10655,1,
s37109,INJUSDT,1789496100000,val,-1,-4.64,0.422,6.81,4.95,0.68,-5.38,0.88,1.55,1.04,0.86,1,0.74,neutral,neutral,0,0.683,32,10656,0,
s37110,ARUSDT,1789496100000,testA,-1,-4.36,0.371,6.47,4.6,0.45,-5.11,1.29,2.15,1.47,1.25,1,0.74,neutral,bajista,0,0.441,32,10655,3,
s37111,STBLUSDT,1789497000000,val,-1,-4.25,0.377,6.3,4.6,1.3,-4.07,4.24,5.67,3.44,2.14,1,-0.18,neutral,neutral,0,0.395,32,10657,1,
s37112,INJUSDT,1789497000000,val,-1,-6.04,0.485,6.9,6.52,0.88,-5.86,3.02,1.55,1.04,0.86,1,-0.18,neutral,neutral,0,0.101,32,10657,1,
s37113,STXUSDT,1789497000000,testA,-1,-2.9,0.451,6.67,4.4,4.27,-2.72,2.96,1.35,0.86,0.73,1,-0.18,neutral,bajista,0,0.798,32,10656,3,
s37114,SANDUSDT,1789497000000,testA,-1,-2.67,0.426,4.36,3.55,2.28,-2.49,2.67,2.34,1.55,1.16,1,-0.18,neutral,bajista,0,0.067,32,10656,3,
s37115,APEUSDT,1789497000000,testA,-1,-2.3,0.387,3.9,3.5,3.49,-2.13,2.4,2.44,1.55,1.23,1,-0.18,neutral,neutral,0,-0.163,32,10656,1,
s37116,STXUSDT,1789497900000,testA,-1,-2.21,0.354,6.65,4.15,5,-2.27,2.46,1.35,0.86,0.73,1,0.06,neutral,neutral,0,0.913,32,10657,0,
s37117,APEUSDT,1789497900000,testA,-1,-2.3,0.387,5.52,3.24,5,-2.36,1.92,2.44,1.55,1.23,1,0.06,neutral,neutral,0,-0.05,32,10657,0,
s37118,JUPUSDT,1789498800000,val,-1,-3.73,0.503,7.76,5.11,5,-3.67,2.98,1.36,0.83,0.58,1,-0.06,neutral,bajista,0,0.491,32,10659,5,
s37119,STXUSDT,1789498800000,testA,-1,-2.98,0.5,6.67,4.45,5,-2.92,2.56,1.37,0.92,0.76,1,-0.06,neutral,neutral,0,0.791,32,10658,1,
s37120,APEUSDT,1789498800000,testA,-1,-2.45,0.425,5.52,3.24,5,-2.39,1.69,2.53,1.62,1.26,1,-0.06,neutral,neutral,0,-0.1,32,10658,0,
s37121,ASTERUSDT,1789499700000,val,-1,-2.15,0.397,5.38,2.65,5,-1.58,1.1,1.59,1.03,0.75,1,-0.57,neutral,bajista,0,0.083,32,10660,2,
s37122,STBLUSDT,1789499700000,val,-1,-4.81,0.422,6.47,5.33,2.25,-4.23,2.77,3.48,3.44,2.2,1,-0.57,neutral,bajista,0,0.198,32,10660,2,
s37123,OPUSDT,1789499700000,val,-1,-4.53,0.422,8.05,5.23,2.88,-3.96,2.02,2.87,1.95,1.54,1,-0.57,neutral,neutral,0,0.69,32,10660,0,
s37124,INJUSDT,1789499700000,val,-1,-3.96,0.367,5.79,4.39,1.9,-3.38,2.05,1.52,1.05,0.84,1,-0.57,neutral,neutral,0,0.087,32,10660,0,
s37125,SEIUSDT,1789499700000,val,-1,-2.58,0.406,5.18,3.03,5,-2.01,1.41,1.55,1.1,0.84,1,-0.57,neutral,bajista,0,0.18,32,10660,2,
s37126,JUPUSDT,1789499700000,val,-1,-4.08,0.557,7.77,5.25,5,-3.5,2.62,1.36,0.83,0.58,1,-0.57,neutral,bajista,0,0.426,32,10660,6,
s37127,ARUSDT,1789499700000,testA,-1,-3.64,0.362,7.79,5.26,4.92,-3.07,2.17,2.19,1.5,1.25,1,-0.57,neutral,neutral,0,-0.168,32,10659,1,
s37128,STXUSDT,1789499700000,testA,-1,-4.21,0.73,6.71,5.04,5,-3.63,2.64,1.37,0.92,0.76,1,-0.57,neutral,bajista,0,0.573,32,10659,2,
s37129,LDOUSDT,1789499700000,testA,-1,-3.28,0.426,5.52,3.71,5,-2.71,1.73,2.29,1.6,1.21,1,-0.57,neutral,bajista,0,0.504,32,10659,2,
s37130,APEUSDT,1789499700000,testA,-1,-3.07,0.565,5.52,3.41,5,-2.5,1.56,2.53,1.62,1.26,1,-0.57,neutral,neutral,0,-0.119,32,10659,1,
s37131,ASTERUSDT,1789500600000,val,-1,-2.32,0.416,5.39,2.85,4.48,-1.61,1.2,1.59,1.03,0.75,1,-0.71,neutral,bajista,0,0.041,32,10661,3,
s37132,STBLUSDT,1789500600000,val,-1,-4.61,0.401,6.46,5.16,1.04,-3.9,2.3,3.48,3.44,2.2,1,-0.71,neutral,neutral,0,0.283,32,10661,0,
s37133,OPUSDT,1789500600000,val,-1,-4.2,0.402,8.09,5.75,1.51,-3.49,2.22,2.87,1.95,1.54,1,-0.71,neutral,neutral,0,0.623,32,10661,1,
s37134,SEIUSDT,1789500600000,val,-1,-2.36,0.383,5.18,3.07,3.04,-1.64,1.3,1.55,1.1,0.84,1,-0.71,neutral,bajista,0,0.269,32,10661,3,
s37135,JUPUSDT,1789500600000,val,-1,-3.86,0.524,7.76,5.11,3.7,-3.15,2.28,1.36,0.83,0.58,1,-0.71,neutral,neutral,0,0.5,32,10661,0,
s37136,STXUSDT,1789500600000,testA,-1,-4.11,0.724,6.73,5.47,2.09,-3.4,2.69,1.37,0.92,0.76,1,-0.71,neutral,bajista,0,0.463,32,10660,3,
s37137,LDOUSDT,1789500600000,testA,-1,-3.4,0.435,5.54,4.08,2.91,-2.69,1.9,2.29,1.6,1.21,1,-0.71,neutral,bajista,0,0.381,32,10660,3,
s37138,APEUSDT,1789500600000,testA,-1,-2.69,0.531,5.53,3.5,2.27,-1.98,1.52,2.53,1.62,1.26,1,-0.71,neutral,bajista,0,-0.093,32,10660,2,
s37139,STXUSDT,1789501500000,testA,-1,-4.11,0.724,6.73,5.43,0.85,-3.68,2.47,1.37,0.92,0.76,1,-0.42,neutral,neutral,0,0.451,32,10661,0,
s37140,JUPUSDT,1789502400000,val,-1,-4.14,0.5,7.82,5.98,0.5,-3.82,2.74,1.31,0.87,0.62,1,-0.32,neutral,neutral,0,0.215,32,10663,1,
s37141,STXUSDT,1789502400000,testA,-1,-4.47,0.74,6.77,6.03,0.74,-4.15,2.84,1.4,1.02,0.81,1,-0.32,neutral,neutral,0,0.17,32,10662,1,
s37142,APEUSDT,1789502400000,testA,-1,-2.23,0.389,5.54,3.75,0.38,-1.91,1.6,2.24,1.65,1.27,1,-0.32,neutral,neutral,0,-0.348,32,10662,1,
s37143,ASTERUSDT,1789503300000,val,-1,-2.59,0.427,5.42,3.43,0.29,-1.62,1.59,1.46,1.04,0.75,1,-0.97,neutral,bajista,0,-0.251,32,10664,2,
s37144,ENAUSDT,1789503300000,val,-1,-4.3,0.403,8.49,6.54,0.45,-3.33,2.61,2.0,1.53,1.1,1,-0.97,neutral,bajista,0,-0.38,32,10664,2,
s37145,OPUSDT,1789503300000,val,-1,-4.99,0.489,8.18,6.92,0.46,-4.02,2.92,2.72,1.95,1.56,1,-0.97,neutral,bajista,0,0.209,32,10664,2,
s37146,INJUSDT,1789503300000,val,-1,-3.56,0.352,4.43,3.86,0.38,-2.59,1.87,1.14,1.04,0.84,1,-0.97,neutral,bajista,0,-0.019,32,10664,2,
s37147,TIAUSDT,1789503300000,val,-1,-3.11,0.418,6.26,3.88,0.39,-2.14,1.43,1.48,1.22,0.85,1,-0.97,neutral,bajista,0,-0.039,32,10664,2,
s37148,SEIUSDT,1789503300000,val,-1,-3.12,0.491,5.22,3.98,0.49,-2.15,1.85,1.41,1.11,0.83,1,-0.97,neutral,bajista,0,-0.222,32,10664,2,
s37149,JUPUSDT,1789503300000,val,-1,-5.52,0.67,7.88,6.77,0.49,-4.55,3.13,1.31,0.87,0.62,1,-0.97,neutral,bajista,0,-0.0,32,10664,2,
s37150,PENDLEUSDT,1789503300000,val,-1,-3.81,0.365,5.22,4.06,0.53,-2.84,1.78,1.45,1.68,1.79,0,-0.97,neutral,bajista,0,-0.129,32,10664,2,
s37151,ONDOUSDT,1789503300000,val,-1,-3.85,0.413,5.89,5.25,0.52,-2.88,2.42,2.24,1.64,1.15,1,-0.97,neutral,bajista,0,-0.006,32,10663,2,
s37152,STXUSDT,1789503300000,testA,-1,-5.37,0.792,7.0,6.95,0.85,-4.4,3.27,1.4,1.02,0.81,1,-0.97,neutral,bajista,0,-0.089,32,10663,2,
s37153,LDOUSDT,1789503300000,testA,-1,-3.76,0.465,5.59,4.91,0.71,-2.78,2.24,2.07,1.6,1.2,1,-0.97,neutral,bajista,0,0.018,32,10663,2,
s37154,SANDUSDT,1789503300000,testA,-1,-3.88,0.609,6.87,4.37,0.47,-2.91,2.05,2.15,1.65,1.23,1,-0.97,neutral,bajista,0,-0.166,32,10663,2,
s37155,AXSUSDT,1789503300000,testA,-1,-2.38,0.381,4.21,2.94,0.33,-1.41,1.34,1.81,1.47,1.12,1,-0.97,neutral,bajista,0,-0.291,32,10663,2,
s37156,APEUSDT,1789503300000,testA,-1,-3.17,0.541,5.57,4.34,0.33,-2.2,1.89,2.24,1.65,1.27,1,-0.97,neutral,bajista,0,-0.472,32,10663,2,
s37157,ASTERUSDT,1789504200000,val,-1,-2.32,0.381,5.42,3.28,0.31,-1.65,1.28,1.46,1.04,0.75,1,-0.67,neutral,neutral,0,-0.24,32,10665,0,
s37158,OPUSDT,1789504200000,val,-1,-4.41,0.433,8.16,6.61,0.45,-3.75,2.44,2.72,1.95,1.56,1,-0.67,neutral,neutral,0,0.24,32,10665,0,
s37159,SEIUSDT,1789504200000,val,-1,-2.92,0.467,5.22,3.93,0.5,-2.25,1.59,1.41,1.11,0.83,1,-0.67,neutral,neutral,0,-0.206,32,10665,0,
s37160,JUPUSDT,1789504200000,val,-1,-4.75,0.568,7.84,6.27,0.5,-4.08,2.43,1.31,0.87,0.62,1,-0.67,neutral,neutral,0,0.125,32,10665,0,
s37161,ONDOUSDT,1789504200000,val,-1,-3.4,0.369,5.88,5.09,0.49,-2.73,2.02,2.24,1.64,1.15,1,-0.67,neutral,neutral,0,0.03,32,10664,0,
s37162,STXUSDT,1789504200000,testA,-1,-5.29,0.789,7.33,6.95,0.89,-4.62,2.98,1.4,1.02,0.81,1,-0.67,neutral,neutral,0,-0.024,32,10664,0,
s37163,LDOUSDT,1789504200000,testA,-1,-3.17,0.413,5.58,4.81,0.55,-2.51,1.92,2.07,1.6,1.2,1,-0.67,neutral,neutral,0,0.025,32,10664,0,
s37164,APEUSDT,1789504200000,testA,-1,-2.86,0.462,5.56,4.0,0.32,-2.19,1.37,2.24,1.65,1.27,1,-0.67,neutral,neutral,0,-0.286,32,10664,0,
s37165,STBLUSDT,1789505100000,val,-1,-3.35,0.392,6.41,5.47,0.28,-2.76,1.25,1.67,3.4,2.24,0,-0.59,neutral,neutral,0,0.112,32,10666,0,
s37166,OPUSDT,1789505100000,val,-1,-4.43,0.439,7.84,5.79,0.46,-3.84,1.54,2.72,1.95,1.56,1,-0.59,neutral,neutral,0,0.517,32,10666,0,
s37167,SEIUSDT,1789505100000,val,-1,-2.59,0.403,5.21,3.66,0.47,-2.0,1.14,1.41,1.11,0.83,1,-0.59,neutral,neutral,0,-0.097,32,10666,0,
s37168,JUPUSDT,1789505100000,val,-1,-4.05,0.465,7.8,5.69,0.51,-3.46,1.64,1.31,0.87,0.62,1,-0.59,neutral,neutral,0,0.266,32,10666,0,
s37169,STXUSDT,1789505100000,testA,-1,-5.25,0.779,7.32,6.91,0.9,-4.66,2.64,1.4,1.02,0.81,1,-0.59,neutral,neutral,0,0.06,32,10665,0,
s37170,LDOUSDT,1789505100000,testA,-1,-2.98,0.385,5.58,4.69,0.56,-2.38,1.53,2.07,1.6,1.2,1,-0.59,neutral,neutral,0,0.075,32,10665,0,
s37171,APEUSDT,1789505100000,testA,-1,-2.62,0.407,5.54,3.66,0.31,-2.02,0.91,2.24,1.65,1.27,1,-0.59,neutral,neutral,0,-0.222,32,10665,0,
s37172,STBLUSDT,1789506000000,val,-1,-3.17,0.377,6.42,5.64,0.2,-2.64,1.38,1.42,3.33,2.26,0,-0.52,neutral,neutral,0,0.159,32,10667,1,
s37173,OPUSDT,1789506000000,val,-1,-4.43,0.438,7.87,6.18,0.39,-3.9,1.86,2.53,1.98,1.54,1,-0.52,neutral,neutral,0,0.453,32,10667,1,
s37174,SEIUSDT,1789506000000,val,-1,-2.56,0.399,5.22,3.98,0.45,-2.03,1.41,1.33,1.12,0.82,1,-0.52,neutral,neutral,0,-0.06,32,10667,1,
s37175,JUPUSDT,1789506000000,val,-1,-3.84,0.451,7.81,5.83,0.46,-3.32,1.71,1.32,0.91,0.65,1,-0.52,neutral,neutral,0,0.228,32,10667,1,
s37176,STXUSDT,1789506000000,testA,-1,-5.21,0.769,7.32,6.82,0.78,-4.69,2.33,1.47,1.09,0.81,1,-0.52,neutral,neutral,0,0.042,32,10666,0,
s37177,LDOUSDT,1789506000000,testA,-1,-3.29,0.409,5.6,5.12,0.47,-2.77,1.84,2.04,1.63,1.22,1,-0.52,neutral,neutral,0,0.046,32,10666,1,
s37178,APEUSDT,1789506000000,testA,-1,-2.38,0.385,5.54,3.66,0.27,-1.86,0.87,2.2,1.68,1.28,1,-0.52,neutral,neutral,0,-0.178,32,10666,0,
s37179,ASTERUSDT,1789506900000,val,-1,-2.14,0.379,5.39,2.87,0.35,-1.05,0.66,1.38,1.07,0.76,1,-1.09,neutral,bajista,0,-0.026,32,10668,2,
s37180,STBLUSDT,1789506900000,val,-1,-3.63,0.442,6.43,5.81,0.13,-2.54,1.36,1.42,3.33,2.26,0,-1.09,neutral,bajista,0,0.155,32,10668,2,
s37181,ENAUSDT,1789506900000,val,-1,-4.29,0.408,8.47,6.28,0.37,-3.19,1.74,1.74,1.54,1.07,1,-1.09,neutral,bajista,0,-0.208,32,10668,2,
s37182,OPUSDT,1789506900000,val,-1,-5.41,0.487,7.95,7.32,0.39,-4.31,2.59,2.53,1.98,1.54,1,-1.09,neutral,bajista,0,0.203,32,10668,2,
s37183,TIAUSDT,1789506900000,val,-1,-3.0,0.352,6.28,4.2,0.37,-1.91,1.4,1.41,1.33,0.84,1,-1.09,neutral,bajista,0,-0.058,32,10668,2,
s37184,SEIUSDT,1789506900000,val,-1,-3.15,0.486,5.24,4.36,0.42,-2.06,1.57,1.33,1.12,0.82,1,-1.09,neutral,bajista,0,-0.137,32,10668,2,
s37185,JUPUSDT,1789506900000,val,-1,-4.76,0.519,7.87,6.72,0.43,-3.67,2.24,1.32,0.91,0.65,1,-1.09,neutral,bajista,0,0.055,32,10668,2,
s37186,ONDOUSDT,1789506900000,val,-1,-3.58,0.367,5.9,5.41,0.35,-2.48,1.81,2.16,1.7,1.14,1,-1.09,neutral,bajista,0,0.006,32,10667,2,
s37187,STXUSDT,1789506900000,testA,-1,-5.86,0.843,7.43,7.31,0.54,-4.77,2.51,1.47,1.09,0.81,1,-1.09,neutral,neutral,0,0.04,32,10667,1,
s37188,LDOUSDT,1789506900000,testA,-1,-4.23,0.507,5.9,5.81,0.45,-3.13,2.18,2.04,1.63,1.22,1,-1.09,neutral,bajista,0,-0.118,32,10667,2,
s37189,SANDUSDT,1789506900000,testA,-1,-3.12,0.423,6.86,4.24,0.34,-2.03,1.46,2.13,1.72,1.25,1,-1.09,neutral,neutral,0,-0.043,32,10667,1,
s37190,APEUSDT,1789506900000,testA,-1,-2.86,0.439,5.56,4.09,0.26,-1.77,1.16,2.2,1.68,1.28,1,-1.09,neutral,neutral,0,-0.26,32,10667,1,
s37191,STBLUSDT,1789507800000,val,-1,-4.64,0.657,5.84,5.07,0.14,-3.3,1.18,1.42,3.33,2.26,0,-1.33,neutral,neutral,0,0.194,32,10669,0,
s37192,0GUSDT,1789507800000,val,-1,-3.29,0.391,6.15,4.16,0.31,-1.95,1.43,0.81,0.9,0.84,0,-1.33,neutral,bajista,0,0.026,32,10669,3,
s37193,ENAUSDT,1789507800000,val,-1,-3.86,0.354,7.78,5.03,0.32,-2.52,1.06,1.74,1.54,1.07,1,-1.33,neutral,neutral,0,-0.164,32,10669,0,
s37194,OPUSDT,1789507800000,val,-1,-5.81,0.54,7.53,6.98,0.33,-4.48,2.49,2.53,1.98,1.54,1,-1.33,neutral,bajista,0,0.207,32,10669,3,
s37195,INJUSDT,1789507800000,val,-1,-3.24,0.407,4.42,4.34,0.39,-1.9,1.43,1.02,1.06,0.82,0,-1.33,neutral,bajista,0,-0.077,32,10669,3,
s37196,TIAUSDT,1789507800000,val,-1,-3.34,0.411,6.0,3.8,0.31,-2.01,1.14,1.41,1.33,0.84,1,-1.33,neutral,neutral,0,-0.113,32,10669,0,
s37197,SEIUSDT,1789507800000,val,-1,-3.34,0.535,5.18,3.99,0.32,-2.01,1.14,1.33,1.12,0.82,1,-1.33,neutral,neutral,0,-0.15,32,10669,0,
s37198,JUPUSDT,1789507800000,val,-1,-5.0,0.564,7.7,6.13,0.38,-3.66,1.63,1.32,0.91,0.65,1,-1.33,neutral,neutral,0,0.158,32,10669,0,
s37199,ONDOUSDT,1789507800000,val,-1,-3.76,0.397,5.64,4.88,0.3,-2.43,1.37,2.16,1.7,1.14,1,-1.33,neutral,neutral,0,0.081,32,10668,0,
s37200,STXUSDT,1789507800000,testA,-1,-5.71,0.802,6.97,6.67,0.36,-4.37,2.13,1.47,1.09,0.81,1,-1.33,neutral,neutral,0,-0.031,32,10668,0,
s37201,GRTUSDT,1789507800000,testA,-1,-3.31,0.413,4.63,3.82,0.3,-1.97,1.15,1.6,1.2,0.91,1,-1.33,neutral,neutral,0,-0.0,32,10668,0,
s37202,LDOUSDT,1789507800000,testA,-1,-4.6,0.583,5.87,5.39,0.39,-3.27,1.88,2.04,1.63,1.22,1,-1.33,neutral,neutral,0,-0.116,32,10668,0,
s37203,SANDUSDT,1789507800000,testA,-1,-3.11,0.423,6.81,3.9,0.28,-1.77,1.04,2.13,1.72,1.25,1,-1.33,neutral,neutral,0,0.008,32,10668,0,
s37204,AXSUSDT,1789507800000,testA,-1,-2.27,0.354,4.13,2.78,0.32,-0.94,0.85,1.66,1.46,1.11,1,-1.33,neutral,neutral,0,-0.092,32,10668,0,
s37205,APEUSDT,1789507800000,testA,-1,-2.69,0.405,5.21,3.25,0.23,-1.36,0.62,2.2,1.68,1.28,1,-1.33,neutral,neutral,0,-0.225,32,10668,0,
s37206,ASTERUSDT,1789508700000,val,-1,-2.61,0.4,5.32,3.07,0.28,-0.64,0.78,1.38,1.07,0.76,1,-1.97,neutral,neutral,0,-0.193,32,10670,1,
s37207,STBLUSDT,1789508700000,val,-1,-4.3,0.64,5.36,4.62,0.15,-2.33,1.06,1.42,3.33,2.26,0,-1.97,neutral,neutral,0,0.416,32,10670,1,
s37208,0GUSDT,1789508700000,val,-1,-4.63,0.509,5.84,4.91,0.37,-2.66,2.22,0.81,0.9,0.84,0,-1.97,neutral,bajista,0,-0.178,32,10670,4,
s37209,WLDUSDT,1789508700000,val,-1,-3.61,0.401,5.75,4.56,0.32,-1.64,1.66,0.64,0.64,0.52,0,-1.97,neutral,neutral,0,-0.189,32,10670,1,
s37210,ENAUSDT,1789508700000,val,-1,-5.07,0.418,7.4,5.94,0.28,-3.1,2.18,1.74,1.54,1.07,1,-1.97,neutral,neutral,0,-0.321,32,10670,1,
s37211,OPUSDT,1789508700000,val,-1,-6.83,0.588,7.81,7.62,0.36,-4.86,3.1,2.53,1.98,1.54,1,-1.97,neutral,bajista,0,0.102,32,10670,4,
s37212,INJUSDT,1789508700000,val,-1,-3.57,0.441,4.78,4.62,0.45,-1.6,1.44,1.02,1.06,0.82,0,-1.97,neutral,bajista,0,-0.104,32,10670,4,
s37213,SUIUSDT,1789508700000,val,-1,-4.47,0.45,5.97,4.87,0.31,-2.49,1.71,1.49,1.31,0.96,1,-1.97,neutral,neutral,0,-0.394,32,10670,1,
s37214,TIAUSDT,1789508700000,val,-1,-3.74,0.438,5.64,4.07,0.31,-1.76,1.6,1.41,1.33,0.84,1,-1.97,neutral,neutral,0,-0.227,32,10670,1,
s37215,SEIUSDT,1789508700000,val,-1,-4.01,0.588,4.88,4.32,0.33,-2.04,1.56,1.33,1.12,0.82,1,-1.97,neutral,neutral,0,-0.267,32,10670,1,
s37216,JUPUSDT,1789508700000,val,-1,-5.95,0.624,7.4,6.7,0.38,-3.98,2.22,1.32,0.91,0.65,1,-1.97,neutral,neutral,0,0.028,32,10670,1,
s37217,ONDOUSDT,1789508700000,val,-1,-4.8,0.478,5.72,5.6,0.33,-2.83,1.95,2.16,1.7,1.14,1,-1.97,neutral,neutral,0,-0.033,32,10669,1,
s37218,ARUSDT,1789508700000,testA,-1,-3.87,0.36,6.4,4.15,0.24,-1.9,1.42,1.38,1.48,1.27,0,-1.97,neutral,neutral,0,-0.33,32,10669,1,
s37219,STXUSDT,1789508700000,testA,-1,-6.91,0.863,7.59,7.51,0.45,-4.94,2.93,1.47,1.09,0.81,1,-1.97,neutral,neutral,0,-0.156,32,10669,1,
s37220,GRTUSDT,1789508700000,testA,-1,-3.77,0.444,4.86,4.86,0.29,-1.8,1.8,1.6,1.2,0.91,1,-1.97,neutral,neutral,0,-0.181,32,10669,1,
s37221,LDOUSDT,1789508700000,testA,-1,-5.23,0.613,6.18,6.0,0.41,-3.26,2.28,2.04,1.63,1.22,1,-1.97,neutral,neutral,0,-0.19,32,10669,1,
s37222,SANDUSDT,1789508700000,testA,-1,-3.98,0.502,6.62,4.44,0.31,-2.0,1.54,2.13,1.72,1.25,1,-1.97,neutral,neutral,0,-0.156,32,10669,1,
s37223,MANAUSDT,1789508700000,testA,-1,-2.62,0.371,4.87,3.17,0.36,-0.65,0.93,1.52,1.34,1.08,1,-1.97,neutral,neutral,0,-0.52,32,10669,1,
s37224,AXSUSDT,1789508700000,testA,-1,-2.94,0.425,4.03,3.27,0.3,-0.97,1.25,1.66,1.46,1.11,1,-1.97,neutral,neutral,0,-0.238,32,10669,1,
s37225,APEUSDT,1789508700000,testA,-1,-2.86,0.419,4.82,3.27,0.25,-0.88,0.89,2.2,1.68,1.28,1,-1.97,neutral,neutral,0,-0.325,32,10669,1,
s37226,ASTERUSDT,1789509600000,val,-1,-2.56,0.394,5.32,3.07,0.22,-0.62,0.78,1.36,1.08,0.76,1,-1.94,neutral,neutral,0,-0.208,32,10671,0,
s37227,STBLUSDT,1789509600000,val,-1,-3.43,0.561,4.78,3.92,0.24,-1.49,0.89,1.17,3.35,2.3,0,-1.94,neutral,neutral,0,0.51,32,10671,0,
s37228,0GUSDT,1789509600000,val,-1,-4.13,0.462,5.5,4.41,0.56,-2.19,1.9,0.83,0.83,0.86,0,-1.94,neutral,neutral,0,-0.16,32,10671,0,
s37229,WLDUSDT,1789509600000,val,-1,-3.69,0.406,5.75,4.64,0.42,-1.76,1.64,0.67,0.65,0.53,1,-1.94,neutral,bajista,0,-0.192,32,10671,2,
s37230,ENAUSDT,1789509600000,val,-1,-4.84,0.406,7.23,5.95,0.3,-2.9,2.24,1.68,1.58,1.06,1,-1.94,neutral,bajista,0,-0.278,32,10671,2,
s37231,OPUSDT,1789509600000,val,-1,-6.58,0.578,7.61,7.51,0.41,-4.64,3.0,2.26,2.05,1.56,1,-1.94,neutral,bajista,0,0.148,32,10671,5,
s37232,INJUSDT,1789509600000,val,-1,-3.22,0.396,4.87,4.42,0.51,-1.28,1.27,0.92,1.09,0.8,0,-1.94,neutral,neutral,0,-0.0,32,10671,0,
s37233,SUIUSDT,1789509600000,val,-1,-4.0,0.399,5.96,4.57,0.41,-2.06,1.37,1.57,1.36,0.97,1,-1.94,neutral,neutral,0,-0.334,32,10671,0,
s37234,TIAUSDT,1789509600000,val,-1,-3.31,0.407,5.46,3.95,0.35,-1.37,1.52,1.41,1.4,0.84,1,-1.94,neutral,bajista,0,-0.195,32,10671,2,
s37235,SEIUSDT,1789509600000,val,-1,-3.52,0.521,4.87,4.1,0.94,-1.58,1.26,1.82,1.38,0.94,1,-1.94,neutral,neutral,0,-0.216,32,10671,0,
s37236,JUPUSDT,1789509600000,val,-1,-5.48,0.556,7.37,6.26,0.31,-3.54,1.66,1.35,0.94,0.67,1,-1.94,neutral,neutral,0,0.133,32,10671,0,
s37237,ONDOUSDT,1789509600000,val,-1,-4.64,0.469,5.78,5.63,0.37,-2.7,1.86,2.23,1.77,1.15,1,-1.94,neutral,bajista,0,0.027,32,10670,2,
s37238,STXUSDT,1789509600000,testA,-1,-6.96,0.864,7.94,7.73,0.49,-5.02,2.87,1.88,1.3,0.88,1,-1.94,neutral,bajista,0,-0.147,32,10670,2,
s37239,GRTUSDT,1789509600000,testA,-1,-3.28,0.392,4.96,4.67,0.27,-1.34,1.53,1.6,1.21,0.92,1,-1.94,neutral,neutral,0,-0.125,32,10670,0,
s37240,LDOUSDT,1789509600000,testA,-1,-5.07,0.601,6.24,5.97,0.44,-3.13,2.08,2.07,1.71,1.24,1,-1.94,neutral,neutral,0,-0.146,32,10670,0,
s37241,SANDUSDT,1789509600000,testA,-1,-3.69,0.472,6.61,4.35,0.23,-1.75,1.31,2.17,1.75,1.26,1,-1.94,neutral,neutral,0,-0.167,32,10670,0,
s37242,STBLUSDT,1789510500000,val,-1,-3.82,0.618,4.54,3.93,0.28,-1.97,1.2,1.17,3.35,2.3,0,-1.85,neutral,neutral,0,0.49,32,10672,1,
s37243,WLDUSDT,1789510500000,val,-1,-3.46,0.381,4.86,3.64,0.46,-1.61,1.43,0.67,0.65,0.53,1,-1.85,neutral,neutral,0,-0.145,32,10672,0,
s37244,OPUSDT,1789510500000,val,-1,-6.32,0.567,7.72,6.74,0.48,-4.46,2.77,2.26,2.05,1.56,1,-1.85,neutral,bajista,0,0.185,32,10672,6,
s37245,INJUSDT,1789510500000,val,-1,-3.42,0.434,4.28,3.52,0.58,-1.57,0.94,0.92,1.09,0.8,0,-1.85,neutral,neutral,0,0.084,32,10672,0,
s37246,SUIUSDT,1789510500000,val,-1,-3.68,0.365,5.45,3.88,0.49,-1.83,1.1,1.57,1.36,0.97,1,-1.85,neutral,neutral,0,-0.284,32,10672,0,
s37247,SEIUSDT,1789510500000,val,-1,-3.19,0.457,4.35,3.3,0.93,-1.34,0.95,1.82,1.38,0.94,1,-1.85,neutral,neutral,0,-0.174,32,10672,0,
s37248,JUPUSDT,1789510500000,val,-1,-5.05,0.516,6.61,5.32,0.3,-3.2,1.43,1.35,0.94,0.67,1,-1.85,neutral,neutral,0,0.287,32,10672,0,
s37249,ONDOUSDT,1789510500000,val,-1,-4.69,0.478,5.53,4.92,0.44,-2.84,1.64,2.23,1.77,1.15,1,-1.85,neutral,neutral,0,0.037,32,10671,0,
s37250,FETUSDT,1789510500000,val,-1,-4.09,0.432,4.67,4.27,0.49,-2.24,1.63,1.64,1.4,1.12,1,-1.85,neutral,bajista,0,-0.125,32,10671,6,
s37251,GRTUSDT,1789510500000,testA,-1,-3.65,0.461,4.48,3.84,0.25,-1.8,1.24,1.6,1.21,0.92,1,-1.85,neutral,neutral,0,-0.076,32,10671,0,
s37252,LDOUSDT,1789510500000,testA,-1,-4.38,0.484,5.51,4.55,0.42,-2.53,1.34,2.07,1.71,1.24,1,-1.85,neutral,neutral,0,-0.072,32,10671,0,
s37253,SANDUSDT,1789510500000,testA,-1,-3.29,0.402,5.98,3.34,0.25,-1.44,0.88,2.17,1.75,1.26,1,-1.85,neutral,neutral,0,-0.09,32,10671,0,
s37254,ARBUSDT,1789511400000,val,1,5.71,0.399,7.78,7.36,0.58,5.93,2.37,2.42,2.54,1.26,0,-0.22,neutral,alcista,0,0.027,32,10673,4,
s37255,STXUSDT,1789511400000,testA,-1,-5.13,0.77,7.07,5.88,1.22,-4.91,3.45,1.88,1.3,0.88,1,-0.22,neutral,neutral,0,-0.406,32,10672,0,
s37256,OPUSDT,1789512300000,val,-1,-2.89,0.38,5.85,4.16,0.63,-2.47,1.59,2.26,2.05,1.56,1,-0.43,neutral,neutral,0,0.406,32,10674,0,
s37257,INJUSDT,1789512300000,val,-1,-2.08,0.455,3.48,2.6,0.65,-1.65,0.64,0.92,1.09,0.8,0,-0.43,neutral,neutral,0,-0.17,32,10674,0,
s37258,ONDOUSDT,1789512300000,val,-1,-2.75,0.429,4.11,3.14,0.47,-2.33,1.03,2.23,1.77,1.15,1,-0.43,neutral,neutral,0,-0.019,32,10673,0,
s37259,FETUSDT,1789512300000,val,-1,-2.53,0.448,3.46,3.13,0.65,-2.1,1.16,1.64,1.4,1.12,1,-0.43,neutral,neutral,0,-0.149,32,10673,0,
s37260,STXUSDT,1789512300000,testA,-1,-5.0,0.738,7.0,5.43,1.67,-4.57,2.78,1.88,1.3,0.88,1,-0.43,neutral,neutral,0,-0.461,32,10673,0,
s37261,LDOUSDT,1789512300000,testA,-1,-2.72,0.448,4.1,3.06,0.5,-2.29,1.01,2.07,1.71,1.24,1,-0.43,neutral,neutral,0,-0.126,32,10673,1,
s37262,STXUSDT,1789513200000,testA,-1,-4.2,0.598,6.96,4.85,2.19,-4.09,2.0,1.98,1.36,0.9,1,-0.11,neutral,neutral,0,-0.287,32,10674,0,
s37263,STXUSDT,1789514100000,testA,-1,-3.9,0.578,6.3,4.44,0.91,-3.67,1.61,1.98,1.36,0.9,1,-0.24,neutral,neutral,0,-0.324,32,10675,1,
s37264,STXUSDT,1789515000000,testA,-1,-4.12,0.591,5.75,4.51,0.85,-3.84,2.06,1.98,1.36,0.9,1,-0.28,neutral,bajista,0,-0.358,32,10676,2,
s37265,OPUSDT,1789515900000,val,-1,-3.79,0.471,5.31,4.33,0.74,-3.07,1.38,2.11,2.06,1.58,1,-0.72,neutral,bajista,0,0.321,32,10678,3,
s37266,STXUSDT,1789515900000,testA,-1,-4.24,0.605,5.67,4.52,0.58,-3.52,1.9,1.98,1.36,0.9,1,-0.72,neutral,bajista,0,-0.33,32,10677,3,
s37267,LDOUSDT,1789515900000,testA,-1,-2.07,0.397,3.39,2.47,0.76,-1.35,0.55,2.03,1.74,1.28,1,-0.72,neutral,bajista,0,0.217,32,10677,3,
s37268,STXUSDT,1789516800000,testA,-1,-3.49,0.521,5.1,3.74,0.6,-3.04,1.46,1.56,1.45,0.93,1,-0.45,neutral,neutral,0,-0.148,32,10678,0,
s37269,ARBUSDT,1789517700000,val,1,3.7,0.435,6.83,5.45,1.88,3.54,1.57,1.7,2.72,1.43,0,0.16,neutral,neutral,0,0.417,32,10680,1,
s37270,OPUSDT,1789519500000,val,-1,-2.69,0.412,3.88,2.88,0.85,-2.47,0.95,1.34,2.07,1.57,0,-0.22,neutral,bajista,0,0.678,32,10682,2,
s37271,ARBUSDT,1789520400000,val,1,3.74,0.4,6.88,4.77,1.11,3.86,0.83,1.51,2.68,1.48,0,-0.12,neutral,neutral,0,0.55,32,10683,1,
s37272,OPUSDT,1789520400000,val,-1,-2.37,0.38,3.62,2.66,0.89,-2.25,0.74,1.14,2.03,1.55,0,-0.12,neutral,bajista,0,0.586,32,10683,3,
s37273,ARBUSDT,1789521300000,val,1,3.78,0.403,6.9,4.46,1.06,3.54,0.43,1.51,2.68,1.48,0,0.24,neutral,neutral,0,0.777,32,10684,0,
s37274,ARBUSDT,1789522200000,val,1,3.62,0.379,6.93,4.03,0.85,3.74,-0.0,1.51,2.68,1.48,0,-0.11,neutral,neutral,0,1.512,32,10685,0,
s37275,JUPUSDT,1789522200000,val,-1,-2.26,0.426,3.21,2.97,1.62,-2.15,1.8,0.66,1.01,0.7,0,-0.11,neutral,bajista,0,0.206,32,10685,5,
s37276,0GUSDT,1789523100000,val,1,2.18,0.37,3.26,2.19,0.93,2.11,-0.03,0.51,0.8,0.82,0,0.07,neutral,neutral,0,-1.0,21,10686,0,
s37277,ARBUSDT,1789523100000,val,1,3.37,0.36,6.43,3.5,0.76,3.31,0.08,1.51,2.68,1.48,0,0.07,neutral,neutral,0,1.791,32,10686,0,
s37278,0GUSDT,1789524000000,val,1,2.4,0.393,3.19,2.5,1.02,2.02,0.42,0.54,0.74,0.83,0,0.37,neutral,neutral,0,-1.0,18,10687,1,
s37279,0GUSDT,1789524900000,val,1,2.32,0.387,2.32,2.32,1.16,1.71,1.1,0.54,0.74,0.83,0,0.61,neutral,alcista,0,-1.0,12,10688,2,
s37280,STXUSDT,1789531200000,testA,1,2.55,0.484,2.99,2.69,0.64,2.29,1.24,1.16,1.5,1.01,0,0.26,neutral,alcista,0,-0.477,32,10694,2,
s37281,ARBUSDT,1789532100000,val,1,3.72,0.369,6.29,5.76,1.51,3.7,3.23,2.38,2.39,1.83,0,0.02,neutral,alcista,0,0.902,32,10696,3,
s37282,STXUSDT,1789532100000,testA,1,2.79,0.508,3.17,2.96,1.01,2.77,1.93,1.16,1.5,1.01,0,0.02,neutral,alcista,0,-1.0,16,10695,3,
s37283,ARBUSDT,1789533000000,val,1,5.68,0.572,6.88,6.49,1.96,5.51,3.64,2.38,2.39,1.83,0,0.17,neutral,alcista,0,0.696,32,10697,4,
s37284,PUMPUSDT,1789537500000,val,1,3.29,0.389,3.98,3.36,1.03,2.68,0.73,0.66,0.67,0.55,0,0.61,neutral,neutral,0,0.958,32,10702,0,
s37285,0GUSDT,1789539300000,val,-1,-3.12,0.711,3.43,3.38,1.1,-3.07,1.43,0.48,0.5,0.73,0,-0.04,neutral,neutral,0,-0.065,32,10704,1,
s37286,0GUSDT,1789540200000,val,-1,-2.34,0.564,3.32,2.93,0.81,-2.29,1.02,0.48,0.5,0.73,0,-0.05,neutral,neutral,0,0.093,32,10705,0,
s37287,PENDLEUSDT,1789540200000,val,-1,-2.27,0.672,3.08,2.77,0.82,-2.22,0.87,0.57,0.8,1.22,0,-0.05,neutral,bajista,0,0.935,32,10705,5,
s37288,PUMPUSDT,1789541100000,val,1,2.7,0.396,2.83,2.74,0.45,2.51,1.21,0.64,0.52,0.55,0,0.19,neutral,alcista,0,0.392,32,10706,3,
s37289,0GUSDT,1789541100000,val,-1,-2.44,0.605,3.32,2.93,0.86,-2.63,0.98,0.48,0.5,0.73,0,0.19,neutral,neutral,0,0.185,32,10706,0,
s37290,0GUSDT,1789542000000,val,-1,-3.33,0.797,3.61,3.5,0.88,-3.22,1.47,0.46,0.48,0.72,0,-0.1,neutral,neutral,0,-0.266,32,10707,1,
s37291,PENDLEUSDT,1789542000000,val,-1,-2.46,0.584,2.91,2.77,1.2,-2.36,1.17,0.56,0.73,1.22,0,-0.1,neutral,neutral,0,0.858,32,10707,1,
s37292,0GUSDT,1789542900000,val,-1,-2.66,0.758,2.84,2.73,0.8,-2.61,1.26,0.46,0.48,0.72,0,-0.05,neutral,bajista,0,-0.2,32,10708,2,
s37293,PENDLEUSDT,1789542900000,val,-1,-2.22,0.558,2.61,2.59,1.44,-2.17,1.42,0.56,0.73,1.22,0,-0.05,neutral,bajista,0,0.953,32,10708,2,
s37294,0GUSDT,1789543800000,val,-1,-2.14,0.667,2.62,2.24,0.85,-2.17,1.06,0.46,0.48,0.72,0,0.03,neutral,neutral,0,-0.22,32,10709,0,
s37295,0GUSDT,1789544700000,val,-1,-2.36,0.687,2.69,2.58,0.9,-2.27,1.4,0.46,0.48,0.72,0,-0.08,neutral,neutral,0,-0.298,32,10710,1,
s37296,PENDLEUSDT,1789544700000,val,-1,-2.02,0.558,2.93,2.66,1.59,-1.93,1.19,0.56,0.73,1.22,0,-0.08,neutral,neutral,0,0.978,32,10710,0,
s37297,STBLUSDT,1789545600000,val,-1,-3.27,0.645,3.93,3.55,1.31,-2.77,1.48,0.57,0.51,2.0,0,-0.5,neutral,bajista,0,0.071,32,10711,2,
s37298,0GUSDT,1789545600000,val,-1,-2.41,0.692,3.19,2.8,0.96,-1.92,1.37,0.46,0.5,0.7,0,-0.5,neutral,bajista,0,-0.51,32,10711,2,
s37299,JUPUSDT,1789545600000,val,-1,-2.0,0.434,3.04,2.71,1.44,-1.51,1.42,0.53,0.56,0.68,0,-0.5,neutral,bajista,0,-0.333,32,10711,5,
s37300,PENDLEUSDT,1789545600000,val,-1,-2.02,0.562,2.91,2.59,1.33,-1.53,0.96,0.51,0.69,1.2,0,-0.5,neutral,neutral,0,0.883,32,10711,0,
s37301,ARUSDT,1789545600000,testA,-1,-2.68,0.586,4.01,3.68,1.02,-2.18,1.31,0.55,0.53,1.03,0,-0.5,neutral,bajista,0,-0.121,32,10710,2,
s37302,STBLUSDT,1789546500000,val,-1,-2.88,0.614,3.55,3.38,1.28,-2.29,1.5,0.57,0.51,2.0,0,-0.58,neutral,bajista,0,-1.0,7,10712,3,
s37303,0GUSDT,1789546500000,val,-1,-2.25,0.656,2.91,2.47,1.53,-1.67,1.14,0.46,0.5,0.7,0,-0.58,neutral,neutral,0,-0.578,32,10712,0,
s37304,OPUSDT,1789546500000,val,-1,-2.38,0.633,3.13,2.86,0.5,-1.8,0.92,1.23,1.14,1.56,0,-0.58,neutral,bajista,0,-1.0,18,10712,4,
s37305,JUPUSDT,1789546500000,val,-1,-3.01,0.67,3.2,3.11,1.69,-2.43,1.69,0.53,0.56,0.68,0,-0.58,neutral,bajista,0,-0.431,32,10712,6,
s37306,PENDLEUSDT,1789546500000,val,-1,-2.17,0.578,2.95,2.87,1.28,-1.59,1.06,0.51,0.69,1.2,0,-0.58,neutral,neutral,0,0.684,32,10712,1,
s37307,ARUSDT,1789546500000,testA,-1,-3.26,0.709,3.49,3.41,1.05,-2.68,1.45,0.55,0.53,1.03,0,-0.58,neutral,bajista,0,-0.333,32,10711,3,
s37308,STXUSDT,1789546500000,testA,-1,-3.29,0.548,3.36,3.36,1.55,-2.71,1.73,0.85,1.13,1.06,0,-0.58,neutral,bajista,0,0.291,32,10711,6,
s37309,APEUSDT,1789546500000,testA,-1,-2.17,0.771,2.3,2.22,1.4,-1.59,0.98,0.62,0.69,1.18,0,-0.58,neutral,bajista,0,0.222,32,10711,3,
s37310,STBLUSDT,1789547400000,val,-1,-2.5,0.496,3.49,2.78,0.97,-2.01,0.86,0.57,0.51,2.0,0,-0.5,neutral,neutral,0,-1.0,6,10713,0,
s37311,0GUSDT,1789547400000,val,-1,-2.09,0.6,2.85,2.3,1.34,-1.6,0.9,0.46,0.5,0.7,0,-0.5,neutral,neutral,0,-0.5,32,10713,0,
s37312,OPUSDT,1789547400000,val,-1,-2.63,0.705,3.03,2.81,1.0,-2.14,0.95,1.23,1.14,1.56,0,-0.5,neutral,bajista,0,-1.0,14,10713,5,
s37313,JUPUSDT,1789547400000,val,-1,-2.42,0.542,3.05,2.67,1.94,-1.92,1.28,0.53,0.56,0.68,0,-0.5,neutral,neutral,0,-0.143,32,10713,0,
s37314,PENDLEUSDT,1789547400000,val,-1,-2.42,0.688,2.72,2.65,0.85,-1.92,1.0,0.51,0.69,1.2,0,-0.5,neutral,bajista,0,0.868,32,10713,2,
s37315,ARUSDT,1789547400000,testA,-1,-2.34,0.634,3.01,2.84,1.39,-1.84,1.41,0.55,0.53,1.03,0,-0.5,neutral,bajista,0,-0.229,32,10712,4,
s37316,STXUSDT,1789547400000,testA,-1,-2.27,0.369,3.0,2.37,1.45,-1.78,1.05,0.85,1.13,1.06,0,-0.5,neutral,neutral,0,0.875,32,10712,0,
s37317,MANAUSDT,1789547400000,testA,-1,-2.14,0.574,2.34,2.29,0.95,-1.65,0.83,0.78,0.78,1.06,0,-0.5,neutral,bajista,0,-0.049,32,10712,4,
s37318,STBLUSDT,1789548300000,val,-1,-2.42,0.488,3.37,2.65,1.01,-2.25,0.92,0.57,0.51,2.0,0,-0.17,neutral,neutral,0,-1.0,5,10714,0,
s37319,JUPUSDT,1789548300000,val,-1,-2.52,0.551,3.01,2.91,1.96,-2.35,1.47,0.53,0.56,0.68,0,-0.17,neutral,neutral,0,-0.164,32,10714,1,
s37320,ARUSDT,1789548300000,testA,-1,-2.22,0.609,3.09,2.8,1.92,-2.05,1.34,0.55,0.53,1.03,0,-0.17,neutral,neutral,0,-0.333,32,10713,0,
s37321,STXUSDT,1789548300000,testA,-1,-2.24,0.365,3.1,2.89,1.63,-2.07,1.52,0.85,1.13,1.06,0,-0.17,neutral,neutral,0,0.529,32,10713,1,
s37322,JUPUSDT,1789549200000,val,-1,-2.19,0.448,3.0,2.52,1.22,-2.18,1.07,0.6,0.56,0.71,0,-0.01,neutral,neutral,0,-0.057,32,10715,0,
s37323,ARUSDT,1789549200000,testA,-1,-2.61,0.786,3.09,2.84,1.14,-2.6,1.29,0.59,0.54,1.01,0,-0.01,neutral,neutral,0,-0.314,32,10714,1,
s37324,STXUSDT,1789549200000,testA,-1,-2.4,0.403,3.1,2.85,1.27,-2.4,1.45,0.89,1.11,1.08,0,-0.01,neutral,neutral,0,0.627,32,10714,0,
s37325,JUPUSDT,1789550100000,val,-1,-2.23,0.462,2.9,2.33,1.4,-2.16,0.84,0.6,0.56,0.71,0,-0.07,neutral,neutral,0,-1.0,10,10716,0,
s37326,ARUSDT,1789550100000,testA,-1,-2.26,0.687,2.76,2.35,1.12,-2.19,0.89,0.59,0.54,1.01,0,-0.07,neutral,neutral,0,-0.224,32,10715,0,
s37327,ARBUSDT,1789551000000,val,1,3.78,0.387,5.65,5.52,1.18,3.83,2.67,2.52,2.1,2.19,0,-0.05,neutral,alcista,0,-0.087,32,10717,4,
s37328,ARUSDT,1789551000000,testA,-1,-2.02,0.63,2.59,2.11,1.01,-1.98,0.72,0.59,0.54,1.01,0,-0.05,neutral,neutral,0,0.192,32,10716,0,
s37329,PUMPUSDT,1789551900000,val,1,3.13,0.466,4.96,4.71,2.56,3.08,2.92,0.64,0.6,0.6,0,0.05,neutral,alcista,0,0.181,32,10718,6,
s37330,ENAUSDT,1789551900000,val,1,2.73,0.441,4.3,3.87,2.42,2.68,2.32,0.65,0.63,1.09,0,0.05,neutral,alcista,0,-0.172,32,10718,5,
s37331,ARUSDT,1789551900000,testA,-1,-2.07,0.634,2.6,2.19,0.94,-2.11,0.78,0.59,0.54,1.01,0,0.05,neutral,neutral,0,-0.093,32,10717,1,
s37332,PUMPUSDT,1789552800000,val,1,2.68,0.373,5.05,4.08,2.88,2.74,1.83,0.61,0.62,0.61,0,-0.06,neutral,neutral,0,0.85,32,10719,0,
s37333,ENAUSDT,1789552800000,val,1,2.45,0.376,4.33,3.19,2.31,2.5,1.43,0.71,0.65,1.12,0,-0.06,neutral,neutral,0,0.627,32,10719,0,
s37334,ARBUSDT,1789552800000,val,1,3.0,0.362,6.9,5.1,1.66,3.06,1.84,2.09,2.21,2.3,0,-0.06,neutral,neutral,1,2.0,13,10719,0,
s37335,PUMPUSDT,1789553700000,val,1,2.78,0.383,5.03,4.53,2.2,2.7,2.04,0.61,0.62,0.61,0,0.08,neutral,neutral,0,0.445,32,10720,1,
s37336,ENAUSDT,1789553700000,val,1,2.94,0.421,4.31,3.65,1.81,2.86,1.71,0.71,0.65,1.12,0,0.08,neutral,neutral,0,0.817,32,10720,1,
s37337,ARBUSDT,1789553700000,val,1,4.44,0.534,6.85,5.73,1.64,4.36,2.24,2.09,2.21,2.3,0,0.08,neutral,neutral,0,0.278,32,10720,1,
s37338,PUMPUSDT,1789554600000,val,1,2.52,0.357,5.03,4.5,1.18,2.44,1.88,0.61,0.62,0.61,0,0.08,neutral,neutral,0,0.423,32,10721,0,
s37339,ENAUSDT,1789554600000,val,1,3.42,0.459,4.51,4.28,1.84,3.34,2.19,0.71,0.65,1.12,0,0.08,neutral,alcista,0,0.989,32,10721,2,
s37340,ARBUSDT,1789554600000,val,1,6.38,0.72,6.59,6.52,1.51,6.3,2.9,2.09,2.21,2.3,0,0.08,neutral,alcista,0,0.255,32,10721,2,
s37341,PUMPUSDT,1789555500000,val,1,2.69,0.373,5.01,4.82,0.66,2.74,2.03,0.61,0.62,0.61,0,-0.05,neutral,neutral,0,-0.023,32,10722,1,
s37342,ARBUSDT,1789555500000,val,1,4.93,0.567,6.12,4.98,1.45,4.98,2.17,2.09,2.21,2.3,0,-0.05,neutral,neutral,0,0.472,32,10722,0,
s37343,PUMPUSDT,1789556400000,val,1,2.7,0.373,5.04,4.32,0.51,2.66,1.3,0.55,0.6,0.62,0,0.05,neutral,neutral,0,0.269,32,10723,0,
s37344,ARBUSDT,1789556400000,val,1,3.47,0.42,5.68,4.01,0.9,3.42,1.58,2.2,2.32,2.43,0,0.05,neutral,neutral,1,2.0,8,10723,0,
s37345,PUMPUSDT,1789557300000,val,1,3.56,0.451,5.14,5.0,0.35,3.34,1.8,0.55,0.6,0.62,0,0.21,neutral,neutral,0,-0.181,32,10724,1,
s37346,ENAUSDT,1789557300000,val,1,2.66,0.376,4.62,3.88,1.06,2.45,1.32,0.81,0.68,1.13,0,0.21,neutral,neutral,0,0.174,32,10724,1,
s37347,ARBUSDT,1789557300000,val,1,3.67,0.435,5.65,4.63,0.88,3.46,2.12,2.2,2.32,2.43,0,0.21,neutral,neutral,0,-0.209,32,10724,1,
s37348,PUMPUSDT,1789558200000,val,1,4.57,0.567,5.82,5.52,0.47,4.02,2.11,0.55,0.6,0.62,0,0.56,neutral,alcista,0,-0.099,32,10725,2,
s37349,ENAUSDT,1789558200000,val,1,3.24,0.445,4.61,4.22,1.11,2.68,1.43,0.81,0.68,1.13,0,0.56,neutral,alcista,0,0.13,32,10725,2,
s37350,ARBUSDT,1789558200000,val,1,6.59,0.58,7.78,7.37,1.31,6.03,4.52,2.2,2.32,2.43,0,0.56,neutral,alcista,0,-0.349,32,10725,2,
s37351,TIAUSDT,1789558200000,val,1,2.06,0.573,3.17,2.93,0.83,1.51,1.29,0.55,0.79,1.03,0,0.56,neutral,alcista,0,-0.021,32,10725,6,
s37352,GRTUSDT,1789558200000,testA,1,2.15,0.381,3.13,3.08,1.43,1.59,1.45,0.64,0.65,0.92,0,0.56,neutral,alcista,0,-1.0,24,10724,4,
s37353,PUMPUSDT,1789559100000,val,1,4.2,0.498,5.85,5.16,0.5,3.56,1.63,0.55,0.6,0.62,0,0.64,neutral,neutral,0,0.112,32,10726,0,
s37354,ENAUSDT,1789559100000,val,1,2.93,0.387,4.85,3.87,1.17,2.29,0.96,0.81,0.68,1.13,0,0.64,neutral,neutral,0,0.46,32,10726,0,
s37355,ARBUSDT,1789559100000,val,1,6.22,0.54,7.99,7.13,1.38,5.58,3.71,2.2,2.32,2.43,0,0.64,neutral,neutral,0,-0.276,32,10726,0,
s37356,FETUSDT,1789559100000,val,1,2.21,0.6,3.21,2.88,1.35,1.57,1.31,0.63,0.67,1.02,0,0.64,neutral,alcista,0,-1.0,24,10725,3,
s37357,STBLUSDT,1789560000000,val,1,2.24,0.461,3.47,2.52,1.08,1.44,0.72,0.7,0.64,1.95,0,0.8,neutral,neutral,0,-1.0,10,10727,0,
s37358,ARBUSDT,1789560000000,val,1,6.68,0.568,9.02,6.78,1.88,5.87,3.58,2.79,2.61,2.59,1,0.8,neutral,neutral,0,-0.307,32,10727,1,
s37359,FETUSDT,1789560000000,val,1,2.08,0.544,3.16,2.37,1.71,1.28,0.82,0.67,0.7,1.01,0,0.8,neutral,neutral,0,-1.0,23,10726,0,
s37360,STBLUSDT,1789560900000,val,1,2.12,0.424,3.36,2.07,1.1,1.43,0.29,0.7,0.64,1.95,0,0.68,neutral,neutral,0,-1.0,9,10728,0,
s37361,ARBUSDT,1789560900000,val,1,6.69,0.569,8.98,7.2,2.24,6.0,3.63,2.79,2.61,2.59,1,0.68,neutral,alcista,0,-0.223,32,10728,2,
s37362,OPUSDT,1789560900000,val,1,2.3,0.47,3.03,2.58,1.74,1.61,1.11,0.7,1.03,1.56,0,0.68,neutral,neutral,0,-1.0,14,10728,1,
s37363,ARBUSDT,1789561800000,val,1,7.36,0.643,8.97,7.33,1.61,6.83,3.39,2.79,2.61,2.59,1,0.53,neutral,alcista,0,-0.269,32,10729,3,
s37364,OPUSDT,1789561800000,val,1,2.44,0.509,3.01,2.58,1.74,1.91,1.03,0.7,1.03,1.56,0,0.53,neutral,alcista,0,-1.0,13,10729,2,
s37365,OPUSDT,1789562700000,val,1,2.78,0.541,3.18,2.74,1.88,2.47,1.36,0.7,1.03,1.56,0,0.31,neutral,alcista,0,-1.0,11,10730,3,
s37366,OPUSDT,1789563600000,val,1,3.17,0.575,3.16,3.1,2.25,3.16,1.93,0.86,1.07,1.56,0,0.01,neutral,alcista,0,-1.0,9,10731,4,
s37367,OPUSDT,1789564500000,val,1,2.33,0.399,3.2,2.33,2.62,2.42,1.23,0.86,1.07,1.56,0,-0.09,neutral,neutral,0,-1.0,7,10732,0,
s37368,ARBUSDT,1789565400000,val,1,6.95,0.493,9.75,7.1,2.07,7.14,3.62,3.49,3.01,2.78,1,-0.2,neutral,neutral,0,-1.0,9,10733,0,
s37369,OPUSDT,1789565400000,val,1,2.41,0.409,3.18,2.84,2.42,2.61,1.59,0.86,1.07,1.56,0,-0.2,neutral,neutral,0,-1.0,6,10733,1,
s37370,STBLUSDT,1789569900000,val,-1,-2.2,0.393,3.81,3.43,1.11,-1.8,1.41,0.76,0.67,0.9,0,-0.39,neutral,bajista,0,-1.0,26,10738,4,
s37371,PENDLEUSDT,1789569900000,val,-1,-2.49,0.358,4.42,4.29,1.4,-2.09,1.54,0.71,0.6,0.89,0,-0.39,neutral,bajista,0,-1.0,15,10738,2,
s37372,STBLUSDT,1789570800000,val,-1,-2.03,0.368,3.81,3.39,0.98,-1.83,1.27,0.64,0.64,0.82,0,-0.2,neutral,bajista,0,-1.0,25,10739,5,
s37373,STBLUSDT,1789571700000,val,-1,-2.68,0.528,3.82,3.52,0.85,-2.24,1.24,0.64,0.64,0.82,0,-0.44,neutral,bajista,0,-1.0,24,10740,6,
s37374,STBLUSDT,1789572600000,val,-1,-2.31,0.444,3.64,3.09,0.47,-1.64,0.92,0.64,0.64,0.82,0,-0.67,neutral,neutral,0,-1.0,20,10741,0,
s37375,WLDUSDT,1789572600000,val,-1,-2.41,0.452,2.83,2.61,0.84,-1.74,1.11,0.55,0.45,0.44,1,-0.67,neutral,bajista,0,-1.0,10,10741,2,
s37376,TIAUSDT,1789572600000,val,-1,-2.17,0.439,2.44,2.28,0.98,-1.5,0.82,0.75,0.68,0.91,0,-0.67,neutral,bajista,0,-1.0,10,10741,2,
s37377,PENDLEUSDT,1789572600000,val,-1,-3.9,0.732,4.55,4.47,0.85,-3.23,1.38,0.73,0.6,0.84,0,-0.67,neutral,bajista,0,-1.0,12,10741,2,
s37378,STXUSDT,1789572600000,testA,-1,-2.42,0.492,2.87,2.57,0.91,-1.75,1.02,0.76,0.82,1.09,0,-0.67,neutral,neutral,0,-1.0,25,10740,0,
s37379,XPLUSDT,1789573500000,val,-1,-3.15,0.355,3.47,3.25,0.71,-2.55,1.17,0.73,0.63,0.76,0,-0.6,neutral,neutral,0,-1.0,9,10742,1,
s37380,STBLUSDT,1789573500000,val,-1,-2.8,0.586,3.43,2.92,0.4,-2.2,0.85,0.64,0.64,0.82,0,-0.6,neutral,neutral,0,-1.0,19,10742,1,
s37381,WLDUSDT,1789573500000,val,-1,-2.8,0.488,3.21,3.07,1.08,-2.2,1.48,0.55,0.45,0.44,1,-0.6,neutral,bajista,0,-1.0,9,10742,3,
s37382,TIAUSDT,1789573500000,val,-1,-2.18,0.439,2.6,2.54,1.07,-1.58,1.14,0.75,0.68,0.91,0,-0.6,neutral,bajista,0,-1.0,9,10742,3,
s37383,PENDLEUSDT,1789573500000,val,-1,-3.94,0.734,4.46,4.37,0.78,-3.34,1.31,0.73,0.6,0.84,0,-0.6,neutral,bajista,0,-1.0,11,10742,3,
s37384,FETUSDT,1789573500000,val,-1,-2.03,0.413,2.74,2.14,0.69,-1.43,0.44,0.82,0.73,0.93,0,-0.6,neutral,neutral,0,-1.0,9,10741,0,
s37385,STXUSDT,1789573500000,testA,-1,-2.43,0.492,3.05,2.92,0.83,-1.83,1.21,0.76,0.82,1.09,0,-0.6,neutral,neutral,0,-1.0,24,10741,1,
s37386,STBLUSDT,1789574400000,val,-1,-2.44,0.551,3.13,2.67,0.5,-2.07,0.88,0.63,0.67,0.76,0,-0.36,neutral,neutral,0,-1.0,18,10743,0,
s37387,PENDLEUSDT,1789574400000,val,-1,-2.04,0.481,2.89,2.41,0.73,-1.68,0.86,0.75,0.61,0.83,0,-0.36,neutral,neutral,0,-1.0,8,10743,0,
s37388,STXUSDT,1789574400000,testA,-1,-2.44,0.492,3.57,3.06,0.84,-2.07,1.26,0.8,0.76,1.11,0,-0.36,neutral,bajista,0,-1.0,23,10742,2,
s37389,PENDLEUSDT,1789576200000,val,-1,-2.2,0.491,2.9,2.74,0.75,-1.85,1.19,0.75,0.61,0.83,0,-0.35,neutral,neutral,0,-1.0,6,10745,1,
s37390,STXUSDT,1789576200000,testA,-1,-2.65,0.512,3.15,2.94,1.06,-2.3,1.35,0.8,0.76,1.11,0,-0.35,neutral,neutral,0,-1.0,21,10744,1,
s37391,PENDLEUSDT,1789577100000,val,-1,-2.47,0.587,3.06,2.7,0.85,-2.2,0.82,0.75,0.61,0.83,0,-0.26,neutral,neutral,0,-1.0,5,10746,0,
s37392,STXUSDT,1789577100000,testA,-1,-2.61,0.5,3.02,2.76,0.82,-2.34,1.17,0.8,0.76,1.11,0,-0.26,neutral,neutral,0,-1.0,20,10745,0,
s37393,OPUSDT,1789578000000,val,-1,-3.01,0.396,5.16,4.11,0.62,-2.91,0.74,1.28,0.97,1.37,0,-0.1,neutral,neutral,0,-1.0,25,10747,1,
s37394,STXUSDT,1789578000000,testA,-1,-2.2,0.456,3.2,2.98,0.69,-2.1,1.21,0.89,0.81,1.14,0,-0.1,neutral,neutral,0,-1.0,19,10746,1,
s37395,OPUSDT,1789578900000,val,-1,-2.81,0.379,5.18,4.5,0.53,-2.76,1.0,1.28,0.97,1.37,0,-0.06,neutral,bajista,0,-1.0,24,10748,2,
s37396,STXUSDT,1789578900000,testA,-1,-2.79,0.532,3.87,3.52,0.99,-2.73,1.59,0.89,0.81,1.14,0,-0.06,neutral,bajista,0,-1.0,18,10747,2,
s37397,WLDUSDT,1789579800000,val,-1,-2.46,0.409,3.42,3.08,1.07,-2.05,1.0,0.66,0.51,0.49,1,-0.4,neutral,bajista,0,-1.0,2,10749,2,
s37398,OPUSDT,1789579800000,val,-1,-4.21,0.543,5.8,5.46,0.9,-3.81,1.79,1.28,0.97,1.37,0,-0.4,neutral,bajista,0,-1.0,23,10749,3,
s37399,JUPUSDT,1789579800000,val,-1,-2.21,0.439,2.98,2.98,1.02,-1.81,1.58,0.83,0.74,0.83,0,-0.4,neutral,bajista,0,-1.0,2,10749,2,
s37400,STXUSDT,1789579800000,testA,-1,-3.37,0.625,4.19,3.93,1.14,-2.97,1.79,0.89,0.81,1.14,0,-0.4,neutral,bajista,0,-1.0,17,10748,3,
s37401,ARBUSDT,1789580700000,val,-1,-6.11,0.526,7.52,6.82,0.5,-6.29,2.71,3.67,2.96,2.66,1,0.17,neutral,neutral,0,-1.0,22,10750,1,
s37402,OPUSDT,1789580700000,val,-1,-2.81,0.384,4.04,2.99,1.15,-2.98,1.29,1.28,0.97,1.37,0,0.17,neutral,neutral,0,-1.0,3,10750,0,
s37403,STXUSDT,1789580700000,testA,-1,-2.62,0.437,3.77,2.73,1.41,-2.79,0.92,0.89,0.81,1.14,0,0.17,neutral,neutral,0,-1.0,12,10749,0,
s37404,0GUSDT,1789581600000,val,1,2.23,0.414,4.42,2.82,3.04,1.91,1.51,0.68,0.56,0.53,1,0.32,neutral,alcista,0,-1.0,2,10751,2,
s37405,LDOUSDT,1789581600000,testA,1,3.29,0.415,4.4,3.31,2.63,2.97,1.88,1.59,1.19,1.14,1,0.32,neutral,alcista,0,1.134,32,10750,2,
s37406,LDOUSDT,1789582500000,testA,1,2.97,0.392,4.39,3.59,2.93,2.73,1.93,1.59,1.19,1.14,1,0.24,neutral,alcista,0,0.902,32,10751,3,
s37407,ENAUSDT,1789583400000,val,1,4.68,0.39,7.64,6.57,4.35,4.39,4.24,1.84,1.37,1.04,1,0.29,neutral,alcista,0,0.111,32,10753,4,
s37408,PENDLEUSDT,1789583400000,val,1,3.67,0.562,5.32,4.53,5,3.38,2.99,1.25,0.93,0.85,1,0.29,neutral,alcista,0,0.466,32,10753,5,
s37409,LDOUSDT,1789583400000,testA,1,3.47,0.463,4.38,3.76,3.17,3.18,1.94,1.59,1.19,1.14,1,0.29,neutral,alcista,0,0.992,32,10752,4,
s37410,PENDLEUSDT,1789585200000,val,1,4.02,0.42,5.31,4.75,2.51,3.76,2.86,1.62,1.11,0.89,1,0.26,neutral,neutral,0,0.332,32,10755,1,
s37411,LDOUSDT,1789587000000,testA,1,3.86,0.366,4.21,4.07,0.84,3.53,2.0,1.71,1.28,1.1,1,0.33,neutral,neutral,0,0.763,32,10756,1,
s37412,SUIUSDT,1789587900000,val,1,3.5,0.372,4.33,4.26,0.9,3.11,2.03,1.42,1.04,0.86,1,0.38,neutral,alcista,0,0.435,32,10758,2,
s37413,TIAUSDT,1789587900000,val,1,3.04,0.419,3.31,2.98,0.78,2.65,1.35,1.36,0.98,0.85,1,0.38,neutral,alcista,0,1.525,32,10758,2,
s37414,PENDLEUSDT,1789587900000,val,1,5.67,0.404,5.72,5.67,1.68,5.29,3.34,1.62,1.11,0.89,1,0.38,neutral,alcista,0,0.031,32,10758,2,
s37415,LDOUSDT,1789587900000,testA,1,4.2,0.401,4.76,4.0,0.9,3.82,1.82,1.71,1.28,1.1,1,0.38,neutral,alcista,0,0.774,32,10757,2,
s37416,APEUSDT,1789587900000,testA,1,2.57,0.477,3.55,2.91,1.64,2.18,1.31,1.8,1.22,0.95,1,0.38,neutral,alcista,0,0.639,32,10757,2,
s37417,SUIUSDT,1789588800000,val,1,3.93,0.401,5.38,5.03,0.93,3.45,2.67,1.47,1.09,0.87,1,0.49,neutral,alcista,0,0.131,32,10759,3,
s37418,PENDLEUSDT,1789588800000,val,1,5.85,0.412,7.01,6.19,1.59,5.36,3.58,1.84,1.26,0.94,1,0.49,neutral,alcista,0,-0.142,32,10759,3,
s37419,APEUSDT,1789588800000,testA,1,2.72,0.493,3.69,3.37,1.68,2.24,1.65,1.81,1.25,0.94,1,0.49,neutral,alcista,0,0.262,32,10758,3,
s37420,SUIUSDT,1789589700000,val,1,3.72,0.387,5.74,5.02,0.96,3.17,2.38,1.47,1.09,0.87,1,0.55,neutral,neutral,0,0.07,32,10760,0,
s37421,SEIUSDT,1789589700000,val,1,2.5,0.374,3.52,3.43,0.87,1.95,1.77,0.94,0.71,0.75,0,0.55,neutral,alcista,0,0.274,32,10760,4,
s37422,APEUSDT,1789589700000,testA,1,2.81,0.5,3.69,3.45,1.58,2.25,1.57,1.81,1.25,0.94,1,0.55,neutral,alcista,0,0.186,32,10759,4,
s37423,WLDUSDT,1789590600000,val,1,3.22,0.372,4.83,3.44,0.52,2.64,1.17,1.22,0.8,0.53,1,0.58,neutral,neutral,0,0.22,32,10761,0,
s37424,SUIUSDT,1789590600000,val,1,3.83,0.399,5.76,4.58,0.93,3.26,1.74,1.47,1.09,0.87,1,0.58,neutral,neutral,0,0.274,32,10761,0,
s37425,TIAUSDT,1789590600000,val,1,2.18,0.372,3.64,2.98,0.69,1.61,1.12,1.33,1.0,0.86,1,0.58,neutral,neutral,0,1.475,32,10761,0,
s37426,SEIUSDT,1789590600000,val,1,2.97,0.451,3.63,3.59,0.89,2.39,1.77,0.94,0.71,0.75,0,0.58,neutral,alcista,0,0.327,32,10761,5,
s37427,PENDLEUSDT,1789590600000,val,1,5.3,0.36,7.07,5.4,1.31,4.72,2.21,1.84,1.26,0.94,1,0.58,neutral,neutral,0,-0.055,32,10761,0,
s37428,APEUSDT,1789590600000,testA,1,2.3,0.412,3.7,3.22,0.58,1.73,1.27,1.81,1.25,0.94,1,0.58,neutral,neutral,0,0.325,32,10760,0,
s37429,WLDUSDT,1789591500000,val,1,3.21,0.372,4.81,3.81,0.5,2.67,1.36,1.22,0.8,0.53,1,0.54,neutral,neutral,0,0.184,32,10762,1,
s37430,SUIUSDT,1789591500000,val,1,3.54,0.381,5.75,4.77,0.76,3.0,1.7,1.47,1.09,0.87,1,0.54,neutral,neutral,0,0.336,32,10762,1,
s37431,TIAUSDT,1789591500000,val,1,2.73,0.426,3.79,3.62,0.65,2.19,1.52,1.33,1.0,0.86,1,0.54,neutral,neutral,0,1.025,32,10762,1,
s37432,SEIUSDT,1789591500000,val,1,3.13,0.464,3.99,3.97,0.9,2.59,1.9,0.94,0.71,0.75,0,0.54,neutral,alcista,0,0.2,32,10762,6,
s37433,PENDLEUSDT,1789591500000,val,1,5.7,0.377,7.04,5.8,0.94,5.16,2.34,1.84,1.26,0.94,1,0.54,neutral,neutral,0,-0.062,32,10762,1,
s37434,FETUSDT,1789591500000,val,1,3.4,0.367,4.7,4.45,0.75,2.86,2.21,1.52,1.13,0.86,1,0.54,neutral,neutral,0,0.261,32,10761,1,
s37435,STXUSDT,1789591500000,testA,1,2.42,0.35,4.05,3.79,0.78,1.88,1.67,1.2,0.97,1.03,0,0.54,neutral,alcista,0,0.356,32,10761,6,
s37436,GRTUSDT,1789591500000,testA,1,2.8,0.393,4.65,4.25,1.38,2.26,1.81,1.37,1.04,0.81,1,0.54,neutral,alcista,0,0.613,32,10761,6,
s37437,APEUSDT,1789591500000,testA,1,2.38,0.42,3.69,3.45,0.41,1.84,1.32,1.81,1.25,0.94,1,0.54,neutral,neutral,0,0.349,32,10761,1,
s37438,ARBUSDT,1789592400000,val,1,5.76,0.382,6.85,6.65,0.35,5.23,2.84,2.09,3.14,2.61,0,0.52,neutral,alcista,0,0.609,32,10763,2,
s37439,TIAUSDT,1789592400000,val,1,2.45,0.37,3.8,3.38,0.42,1.93,1.1,1.3,1.02,0.87,1,0.52,neutral,neutral,0,1.239,32,10763,0,
s37440,SEIUSDT,1789592400000,val,1,3.06,0.449,4.12,3.84,0.73,2.54,1.57,1.12,0.8,0.78,1,0.52,neutral,neutral,0,0.232,32,10763,0,
s37441,PENDLEUSDT,1789592400000,val,1,5.78,0.38,7.03,5.96,0.52,5.25,2.27,1.9,1.3,0.97,1,0.52,neutral,alcista,0,-0.09,32,10763,2,
s37442,APEUSDT,1789592400000,testA,1,2.72,0.478,3.77,3.61,0.31,2.19,1.34,1.72,1.27,0.94,1,0.52,neutral,alcista,0,0.222,32,10762,2,
s37443,STBLUSDT,1789593300000,val,1,4.12,0.544,5.24,5.16,0.88,3.65,2.93,0.82,0.73,0.65,1,0.47,neutral,alcista,0,-0.133,32,10764,5,
s37444,ARBUSDT,1789593300000,val,1,5.77,0.383,7.2,6.94,0.33,5.3,2.89,2.09,3.14,2.61,0,0.47,neutral,alcista,0,0.487,32,10764,3,
s37445,TIAUSDT,1789593300000,val,1,2.83,0.418,3.79,3.62,0.43,2.36,1.25,1.3,1.02,0.87,1,0.47,neutral,neutral,0,0.95,32,10764,1,
s37446,SEIUSDT,1789593300000,val,1,3.24,0.486,4.12,3.84,0.6,2.77,1.46,1.12,0.8,0.78,1,0.47,neutral,neutral,0,0.268,32,10764,0,
s37447,PENDLEUSDT,1789593300000,val,1,5.88,0.388,7.03,5.99,0.46,5.42,2.12,1.9,1.3,0.97,1,0.47,neutral,alcista,0,-0.13,32,10764,3,
s37448,STXUSDT,1789593300000,testA,1,3.17,0.471,4.05,3.79,0.76,2.71,1.43,1.21,0.98,1.02,0,0.47,neutral,neutral,0,0.311,32,10763,1,
s37449,GRTUSDT,1789593300000,testA,1,2.81,0.387,4.66,3.92,0.97,2.34,1.3,1.41,1.07,0.81,1,0.47,neutral,neutral,0,0.652,32,10763,1,
s37450,SANDUSDT,1789593300000,testA,1,2.89,0.391,3.93,3.81,0.59,2.42,1.58,1.08,0.87,0.79,1,0.47,neutral,neutral,0,0.279,32,10763,1,
s37451,MANAUSDT,1789593300000,testA,1,2.25,0.366,3.11,2.78,0.43,1.78,0.82,1.16,0.91,0.83,1,0.47,neutral,neutral,0,0.254,32,10763,1,
s37452,AXSUSDT,1789593300000,testA,1,2.2,0.38,3.65,3.37,0.49,1.73,1.26,1.3,1.1,0.83,1,0.47,neutral,alcista,0,0.329,32,10763,8,
s37453,APEUSDT,1789593300000,testA,1,3.56,0.642,3.99,3.91,0.3,3.09,1.47,1.72,1.27,0.94,1,0.47,neutral,alcista,0,0.184,32,10763,3,
s37454,ASTERUSDT,1789594200000,val,1,2.31,0.542,2.95,2.73,0.26,1.64,0.55,1.15,0.85,0.68,1,0.66,neutral,neutral,1,2.0,30,10765,1,
s37455,SUIUSDT,1789594200000,val,1,3.53,0.375,5.81,3.78,0.32,2.87,0.4,1.44,1.09,0.87,1,0.66,neutral,neutral,0,0.59,32,10765,0,
s37456,TIAUSDT,1789594200000,val,1,3.15,0.486,3.99,3.33,0.39,2.49,0.84,1.3,1.02,0.87,1,0.66,neutral,neutral,0,1.027,32,10765,0,
s37457,SEIUSDT,1789594200000,val,1,3.37,0.513,4.13,3.47,0.53,2.71,0.94,1.12,0.8,0.78,1,0.66,neutral,neutral,0,0.365,32,10765,0,
s37458,ONDOUSDT,1789594200000,val,1,3.61,0.399,4.49,3.6,0.23,2.94,0.71,1.73,1.54,1.17,1,0.66,neutral,neutral,0,0.811,32,10764,0,
s37459,FETUSDT,1789594200000,val,1,3.62,0.422,4.73,3.95,0.47,2.96,1.19,1.55,1.16,0.87,1,0.66,neutral,neutral,0,0.164,32,10764,0,
s37460,STXUSDT,1789594200000,testA,1,3.27,0.49,4.06,3.51,0.67,2.61,1.01,1.21,0.98,1.02,0,0.66,neutral,neutral,0,0.386,32,10764,0,
s37461,GRTUSDT,1789594200000,testA,1,3.35,0.496,4.67,3.82,0.86,2.69,1.04,1.41,1.07,0.81,1,0.66,neutral,neutral,0,0.672,32,10764,0,
s37462,SANDUSDT,1789594200000,testA,1,3.52,0.516,4.11,3.76,0.67,2.86,1.33,1.08,0.87,0.79,1,0.66,neutral,neutral,0,0.331,32,10764,0,
s37463,MANAUSDT,1789594200000,testA,1,2.39,0.394,3.12,2.54,0.41,1.72,0.56,1.16,0.91,0.83,1,0.66,neutral,neutral,0,0.426,32,10764,0,
s37464,AXSUSDT,1789594200000,testA,1,2.61,0.48,3.66,3.09,0.41,1.95,0.82,1.3,1.1,0.83,1,0.66,neutral,neutral,0,0.521,32,10764,0,
s37465,APEUSDT,1789594200000,testA,1,3.65,0.667,4.08,3.68,0.28,2.99,1.09,1.72,1.27,0.94,1,0.66,neutral,neutral,0,0.283,32,10764,0,
s37466,ASTERUSDT,1789595100000,val,1,2.37,0.549,2.95,2.91,0.28,2.12,0.8,1.15,0.85,0.68,1,0.25,neutral,alcista,0,1.515,32,10766,2,
s37467,STBLUSDT,1789595100000,val,1,3.34,0.351,5.32,3.84,0.89,3.09,1.28,0.82,0.73,0.65,1,0.25,neutral,neutral,0,0.266,32,10766,1,
s37468,TIAUSDT,1789595100000,val,1,2.98,0.473,3.97,3.82,0.4,2.73,1.22,1.3,1.02,0.87,1,0.25,neutral,neutral,0,0.711,32,10766,1,
s37469,SEIUSDT,1789595100000,val,1,2.97,0.482,3.79,3.37,0.99,2.71,1.07,1.12,0.8,0.78,1,0.25,neutral,neutral,0,0.299,32,10766,1,
s37470,PENDLEUSDT,1789595100000,val,1,6.12,0.386,6.48,6.19,0.34,5.87,2.41,1.9,1.3,0.97,1,0.25,neutral,neutral,0,-0.31,32,10766,1,
s37471,ONDOUSDT,1789595100000,val,1,3.0,0.357,4.18,3.65,0.23,2.75,0.95,1.73,1.54,1.17,1,0.25,neutral,neutral,0,0.774,32,10765,1,
s37472,FETUSDT,1789595100000,val,1,3.2,0.393,4.52,3.94,0.4,2.95,1.2,1.55,1.16,0.87,1,0.25,neutral,neutral,0,0.115,32,10765,1,
s37473,STXUSDT,1789595100000,testA,1,3.6,0.516,4.39,4.14,0.53,3.35,1.87,1.21,0.98,1.02,0,0.25,neutral,neutral,0,0.01,32,10765,1,
s37474,GRTUSDT,1789595100000,testA,1,3.45,0.504,4.07,3.85,0.4,3.2,1.53,1.41,1.07,0.81,1,0.25,neutral,neutral,0,0.485,32,10765,1,
s37475,SANDUSDT,1789595100000,testA,1,3.1,0.486,3.89,3.74,0.68,2.85,1.52,1.08,0.87,0.79,1,0.25,neutral,neutral,0,0.228,32,10765,1,
s37476,MANAUSDT,1789595100000,testA,1,2.2,0.377,2.72,2.64,0.39,1.95,1.04,1.16,0.91,0.83,1,0.25,neutral,neutral,0,0.204,32,10765,1,
s37477,AXSUSDT,1789595100000,testA,1,2.91,0.508,3.46,3.38,0.36,2.65,1.32,1.3,1.1,0.83,1,0.25,neutral,neutral,0,0.272,32,10765,1,
s37478,APEUSDT,1789595100000,testA,1,3.71,0.672,4.13,3.97,0.25,3.46,1.66,1.72,1.27,0.94,1,0.25,neutral,neutral,0,0.12,32,10765,1,
s37479,FETUSDT,1789596000000,val,1,2.78,0.362,4.51,4.25,0.47,2.68,1.42,1.59,1.2,0.87,1,0.1,neutral,alcista,0,0.045,32,10766,2,
s37480,STXUSDT,1789596000000,testA,1,2.79,0.455,4.5,4.46,0.66,2.69,2.07,1.32,1.06,0.98,1,0.1,neutral,alcista,0,0.037,32,10766,2,
s37481,APEUSDT,1789596000000,testA,1,2.21,0.403,4.08,3.2,0.3,2.11,0.91,1.71,1.3,0.93,1,0.1,neutral,neutral,0,0.425,32,10766,0,
s37482,STXUSDT,1789596900000,testA,1,2.31,0.36,4.69,4.1,1.01,2.66,1.57,1.32,1.06,0.98,1,-0.35,neutral,neutral,0,0.133,32,10767,0,
s37483,STBLUSDT,1789597800000,val,1,3.58,0.403,5.04,4.23,0.73,3.79,1.58,0.81,0.72,0.66,1,-0.22,neutral,neutral,0,0.125,32,10769,1,
s37484,STXUSDT,1789597800000,testA,1,2.43,0.373,4.17,3.96,1.17,2.65,1.67,1.32,1.06,0.98,1,-0.22,neutral,neutral,0,0.021,32,10768,1,
s37485,STBLUSDT,1789598700000,val,1,3.51,0.39,4.78,3.47,0.99,3.45,0.83,0.81,0.72,0.66,1,0.06,neutral,neutral,0,0.282,32,10770,0,
s37486,AXSUSDT,1789598700000,testA,1,2.44,0.426,3.19,3.12,0.94,2.38,1.14,1.29,1.12,0.84,1,0.06,neutral,alcista,0,0.671,32,10769,2,
s37487,SANDUSDT,1789599600000,testA,1,2.08,0.365,3.64,3.13,0.46,2.22,0.65,1.09,0.93,0.81,1,-0.13,neutral,neutral,0,0.443,32,10770,1,
s37488,ASTERUSDT,1789600500000,val,1,2.32,0.546,2.61,2.54,1.51,1.61,1.13,1.15,0.93,0.73,1,0.71,neutral,alcista,1,2.0,32,10772,2,
s37489,0GUSDT,1789600500000,val,1,2.52,0.426,4.37,2.61,1.57,1.81,0.37,0.83,0.63,0.54,1,0.71,neutral,neutral,0,1.714,32,10772,0,
s37490,ARBUSDT,1789600500000,val,1,5.84,0.534,6.03,5.58,0.84,5.13,2.25,1.9,2.84,2.61,0,0.71,neutral,alcista,0,-0.293,32,10772,2,
s37491,OPUSDT,1789600500000,val,1,4.18,0.455,4.13,4.11,0.82,3.47,2.46,1.35,1.32,1.16,1,0.71,neutral,alcista,0,0.288,32,10772,2,
s37492,INJUSDT,1789600500000,val,1,3.82,0.468,5.19,4.95,0.34,3.11,0.81,1.62,1.08,0.65,1,0.71,neutral,alcista,0,0.429,32,10772,2,
s37493,TIAUSDT,1789600500000,val,1,3.33,0.495,3.61,3.55,1.68,2.63,2.15,1.48,1.15,0.94,1,0.71,neutral,alcista,0,0.76,32,10772,2,
s37494,SEIUSDT,1789600500000,val,1,2.95,0.567,3.0,2.86,0.41,2.24,1.08,1.31,0.89,0.7,1,0.71,neutral,alcista,0,0.26,32,10772,2,
s37495,PENDLEUSDT,1789600500000,val,1,5.37,0.557,5.46,5.34,0.37,4.66,2.11,1.88,1.32,0.91,1,0.71,neutral,alcista,0,-0.509,32,10772,2,
s37496,ONDOUSDT,1789600500000,val,1,3.06,0.418,3.29,3.09,0.94,2.35,1.41,1.96,1.66,1.22,1,0.71,neutral,alcista,0,0.877,32,10771,2,
s37497,FETUSDT,1789600500000,val,1,4.74,0.607,4.78,4.59,0.64,4.03,1.88,1.61,1.25,0.92,1,0.71,neutral,alcista,0,-0.069,32,10771,2,
s37498,ARUSDT,1789600500000,testA,1,2.34,0.367,3.11,2.87,0.4,1.63,0.97,0.96,0.78,0.65,1,0.71,neutral,alcista,0,0.603,32,10771,2,
s37499,STXUSDT,1789600500000,testA,1,3.89,0.484,3.99,3.83,0.75,3.18,1.48,1.27,1.08,0.97,1,0.71,neutral,alcista,0,-0.098,32,10771,2,
s37500,GRTUSDT,1789600500000,testA,1,5.24,0.616,5.2,5.15,0.75,4.54,2.85,1.55,1.18,0.88,1,0.71,neutral,alcista,0,-0.032,32,10771,2,
s37501,LDOUSDT,1789600500000,testA,1,2.55,0.377,2.89,2.6,0.67,1.85,1.23,1.49,1.35,1.05,1,0.71,neutral,alcista,0,0.933,32,10771,2,
s37502,SANDUSDT,1789600500000,testA,1,3.68,0.608,3.72,3.66,0.72,2.97,1.45,1.09,0.93,0.81,1,0.71,neutral,alcista,0,0.12,32,10771,2,
s37503,MANAUSDT,1789600500000,testA,1,2.61,0.52,2.83,2.72,1.01,1.91,1.27,1.0,0.98,0.85,1,0.71,neutral,alcista,0,0.085,32,10771,4,
s37504,AXSUSDT,1789600500000,testA,1,3.33,0.526,3.38,3.31,1.34,2.63,1.39,1.28,1.18,0.87,1,0.71,neutral,neutral,0,0.364,32,10771,1,
s37505,APEUSDT,1789600500000,testA,1,2.77,0.447,2.78,2.7,0.48,2.06,1.22,1.67,1.33,0.94,1,0.71,neutral,neutral,0,0.265,32,10771,1,
s37506,XPLUSDT,1789601400000,val,1,2.84,0.38,2.88,2.8,0.82,2.53,1.37,1.24,1.05,0.77,1,0.32,neutral,alcista,1,2.0,27,10773,3,
s37507,0GUSDT,1789601400000,val,1,2.22,0.398,3.5,2.23,1.65,1.91,0.74,0.83,0.63,0.54,1,0.32,neutral,neutral,1,2.0,32,10773,1,
s37508,ARBUSDT,1789601400000,val,1,5.39,0.517,5.93,5.6,1.12,5.07,2.81,1.9,2.84,2.61,0,0.32,neutral,alcista,0,-0.343,32,10773,3,
s37509,OPUSDT,1789601400000,val,1,2.99,0.363,4.08,3.75,1.54,2.67,2.26,1.35,1.32,1.16,1,0.32,neutral,neutral,0,0.269,32,10773,0,
s37510,INJUSDT,1789601400000,val,1,3.18,0.425,3.67,3.25,0.48,2.86,0.96,1.62,1.08,0.65,1,0.32,neutral,alcista,0,0.818,32,10773,3,
s37511,TIAUSDT,1789601400000,val,1,2.99,0.469,3.43,2.93,2.3,2.67,2.04,1.48,1.15,0.94,1,0.32,neutral,neutral,0,0.87,32,10773,0,
s37512,SEIUSDT,1789601400000,val,1,2.83,0.559,2.85,2.8,0.68,2.52,1.51,1.31,0.89,0.7,1,0.32,neutral,alcista,0,0.066,32,10773,3,
s37513,PENDLEUSDT,1789601400000,val,1,4.65,0.523,4.7,4.59,0.5,4.33,2.18,1.88,1.32,0.91,1,0.32,neutral,alcista,0,-0.598,32,10773,3,
s37514,ONDOUSDT,1789601400000,val,1,3.12,0.425,3.68,3.31,1.82,2.8,2.36,1.96,1.66,1.22,1,0.32,neutral,alcista,0,0.417,32,10772,3,
s37515,FETUSDT,1789601400000,val,1,3.89,0.562,3.93,3.81,0.99,3.57,2.12,1.61,1.25,0.92,1,0.32,neutral,alcista,0,-0.2,32,10772,3,
s37516,ARUSDT,1789601400000,testA,1,2.58,0.39,2.63,2.59,0.64,2.26,1.19,0.96,0.78,0.65,1,0.32,neutral,alcista,0,0.712,32,10772,3,
s37517,STXUSDT,1789601400000,testA,1,4.3,0.51,4.24,4.12,0.93,3.98,2.29,1.27,1.08,0.97,1,0.32,neutral,alcista,0,-0.31,32,10772,3,
s37518,GRTUSDT,1789601400000,testA,1,5.22,0.616,5.24,4.96,1.5,4.91,2.9,1.55,1.18,0.88,1,0.32,neutral,alcista,0,-0.111,32,10772,3,
s37519,LDOUSDT,1789601400000,testA,1,2.31,0.357,3.2,3.17,1.1,1.99,2.41,1.49,1.35,1.05,1,0.32,neutral,alcista,0,0.432,32,10772,3,
s37520,SANDUSDT,1789601400000,testA,1,3.62,0.606,3.58,3.49,1.07,3.3,2.03,1.09,0.93,0.81,1,0.32,neutral,alcista,0,-0.092,32,10772,3,
s37521,MANAUSDT,1789601400000,testA,1,2.62,0.521,2.68,2.54,1.77,2.3,1.46,1.0,0.98,0.85,1,0.32,neutral,alcista,0,-0.011,32,10772,5,
s37522,AXSUSDT,1789601400000,testA,1,3.03,0.504,3.15,3.04,1.79,2.72,1.64,1.28,1.18,0.87,1,0.32,neutral,alcista,0,0.331,32,10772,2,
s37523,APEUSDT,1789601400000,testA,1,2.59,0.432,2.68,2.52,0.6,2.27,1.66,1.67,1.33,0.94,1,0.32,neutral,alcista,0,0.031,32,10772,2,
s37524,0GUSDT,1789602300000,val,1,2.33,0.41,3.17,2.33,1.86,2.15,1.13,0.83,0.63,0.54,1,0.17,neutral,alcista,1,2.0,32,10774,2,
s37525,ARBUSDT,1789602300000,val,1,4.47,0.424,6.12,5.11,1.33,4.3,2.33,1.9,2.84,2.61,0,0.17,neutral,neutral,0,-0.373,32,10774,0,
s37526,TIAUSDT,1789602300000,val,1,2.74,0.448,3.4,3.07,2.34,2.56,1.85,1.48,1.15,0.94,1,0.17,neutral,neutral,0,0.762,32,10774,1,
s37527,SEIUSDT,1789602300000,val,1,2.37,0.495,2.62,2.43,0.81,2.2,1.24,1.31,0.89,0.7,1,0.17,neutral,neutral,0,0.133,32,10774,0,
s37528,PENDLEUSDT,1789602300000,val,1,2.52,0.378,3.41,2.9,0.69,2.35,1.82,1.88,1.32,0.91,1,0.17,neutral,alcista,0,-1.0,18,10774,4,
s37529,ONDOUSDT,1789602300000,val,1,2.78,0.398,3.8,3.31,2.54,2.61,2.05,1.96,1.66,1.22,1,0.17,neutral,neutral,0,0.4,32,10773,0,
s37530,FETUSDT,1789602300000,val,1,3.61,0.545,4.05,3.74,1.23,3.44,2.04,1.61,1.25,0.92,1,0.17,neutral,alcista,0,-0.186,32,10773,4,
s37531,ARUSDT,1789602300000,testA,1,2.45,0.365,2.71,2.44,0.78,2.28,0.93,0.96,0.78,0.65,1,0.17,neutral,neutral,0,0.758,32,10773,0,
s37532,STXUSDT,1789602300000,testA,1,4.08,0.487,4.2,3.96,0.89,3.9,1.99,1.27,1.08,0.97,1,0.17,neutral,neutral,0,-0.344,32,10773,0,
s37533,GRTUSDT,1789602300000,testA,1,4.97,0.606,5.07,4.96,1.49,4.8,2.76,1.55,1.18,0.88,1,0.17,neutral,alcista,0,-0.167,32,10773,4,
s37534,SANDUSDT,1789602300000,testA,1,3.54,0.602,4.0,3.6,1.6,3.37,2.09,1.09,0.93,0.81,1,0.17,neutral,alcista,0,-0.194,32,10773,4,
s37535,MANAUSDT,1789602300000,testA,1,2.47,0.507,2.93,2.59,1.89,2.3,1.46,1.0,0.98,0.85,1,0.17,neutral,alcista,0,-0.132,32,10773,6,
s37536,AXSUSDT,1789602300000,testA,1,3.17,0.515,3.28,3.28,1.67,3.0,1.68,1.28,1.18,0.87,1,0.17,neutral,alcista,0,0.082,32,10773,3,
s37537,APEUSDT,1789602300000,testA,1,2.42,0.417,2.68,2.44,1.04,2.25,1.56,1.67,1.33,0.94,1,0.17,neutral,neutral,0,-0.032,32,10773,0,
s37538,ASTERUSDT,1789603200000,val,1,2.05,0.526,2.76,2.47,2.66,1.9,1.44,0.93,1.05,0.81,0,0.15,neutral,alcista,1,2.0,30,10775,5,
s37539,0GUSDT,1789603200000,val,1,2.91,0.466,3.35,3.04,1.63,2.76,1.97,0.72,0.69,0.57,1,0.15,neutral,alcista,0,1.328,32,10775,3,
s37540,ARBUSDT,1789603200000,val,1,4.21,0.405,5.85,4.79,1.57,4.06,2.21,1.39,2.56,2.64,0,0.15,neutral,neutral,0,-0.427,32,10775,0,
s37541,TIAUSDT,1789603200000,val,1,3.25,0.495,3.55,3.53,2.32,3.1,2.14,1.11,1.18,0.88,0,0.15,neutral,alcista,0,0.521,32,10775,2,
s37542,ONDOUSDT,1789603200000,val,1,3.36,0.445,4.73,4.22,3.06,3.21,2.93,1.6,1.74,1.29,0,0.15,neutral,neutral,0,0.095,32,10774,1,
s37543,FETUSDT,1789603200000,val,1,2.94,0.474,3.68,3.23,1.32,2.79,1.9,1.16,1.25,0.94,0,0.15,neutral,neutral,0,-0.294,32,10774,0,
s37544,STXUSDT,1789603200000,testA,1,4.1,0.49,4.39,4.1,1.52,3.95,2.33,1.12,1.15,0.98,0,0.15,neutral,neutral,0,-0.49,32,10774,1,
s37545,GRTUSDT,1789603200000,testA,1,4.78,0.597,5.39,4.73,1.9,4.63,2.78,1.35,1.23,0.9,1,0.15,neutral,alcista,0,-0.209,32,10774,5,
s37546,LDOUSDT,1789603200000,testA,1,2.53,0.406,3.36,2.84,1.85,2.38,1.65,1.09,1.34,1.07,0,0.15,neutral,neutral,0,0.485,32,10774,1,
s37547,SANDUSDT,1789603200000,testA,1,2.63,0.468,3.52,2.79,1.82,2.48,1.68,0.86,0.96,0.76,0,0.15,neutral,neutral,0,-0.177,32,10774,0,
s37548,MANAUSDT,1789603200000,testA,1,2.23,0.444,2.89,2.35,1.72,2.08,1.2,0.74,0.97,0.85,0,0.15,neutral,neutral,0,-0.058,32,10774,0,
s37549,AXSUSDT,1789603200000,testA,1,2.82,0.458,3.22,2.89,1.18,2.67,1.44,0.93,1.15,0.88,0,0.15,neutral,neutral,0,0.225,32,10774,0,
s37550,ASTERUSDT,1789604100000,val,1,3.1,0.645,3.5,3.38,2.14,2.84,2.09,0.93,1.05,0.81,0,0.26,neutral,alcista,0,1.224,32,10776,6,
s37551,0GUSDT,1789604100000,val,1,2.58,0.429,3.62,2.67,1.65,2.32,1.63,0.72,0.69,0.57,1,0.26,neutral,neutral,0,1.471,32,10776,0,
s37552,INJUSDT,1789604100000,val,1,3.0,0.394,3.49,3.4,2.13,2.75,2.64,1.59,1.18,0.68,1,0.26,neutral,alcista,0,0.106,32,10776,2,
s37553,TIAUSDT,1789604100000,val,1,3.43,0.509,4.1,3.6,1.4,3.17,2.13,1.11,1.18,0.88,0,0.26,neutral,alcista,0,0.5,32,10776,3,
s37554,ONDOUSDT,1789604100000,val,1,3.12,0.402,5.14,4.0,3.08,2.87,2.29,1.6,1.74,1.29,0,0.26,neutral,neutral,0,0.129,32,10775,0,
s37555,STXUSDT,1789604100000,testA,1,3.49,0.423,4.11,3.58,1.52,3.23,1.8,1.12,1.15,0.98,0,0.26,neutral,neutral,0,-0.483,32,10775,0,
s37556,GRTUSDT,1789604100000,testA,1,3.55,0.443,5.03,3.76,1.61,3.29,1.91,1.35,1.23,0.9,1,0.26,neutral,neutral,0,-0.059,32,10775,0,
s37557,LDOUSDT,1789604100000,testA,1,2.26,0.362,3.3,2.64,1.8,2.0,1.16,1.09,1.34,1.07,0,0.26,neutral,neutral,0,0.587,32,10775,0,
s37558,SANDUSDT,1789604100000,testA,1,2.41,0.443,3.43,2.68,1.59,2.16,1.39,0.86,0.96,0.76,0,0.26,neutral,neutral,0,-0.109,32,10775,0,
s37559,AXSUSDT,1789604100000,testA,1,2.17,0.367,2.83,2.29,1.3,1.91,1.03,0.93,1.15,0.88,0,0.26,neutral,neutral,0,0.464,32,10775,0,
s37560,ASTERUSDT,1789605000000,val,1,3.6,0.747,3.67,3.56,2.28,3.2,2.11,0.93,1.05,0.81,0,0.4,neutral,alcista,0,1.106,32,10777,7,
s37561,0GUSDT,1789605000000,val,1,2.53,0.416,3.51,2.52,1.7,2.13,1.38,0.72,0.69,0.57,1,0.4,neutral,neutral,1,2.0,32,10777,0,
s37562,ARBUSDT,1789605000000,val,1,3.35,0.356,5.16,3.97,1.79,2.96,1.51,1.39,2.56,2.64,0,0.4,neutral,neutral,0,-0.101,32,10777,1,
s37563,TIAUSDT,1789605000000,val,1,3.64,0.533,4.06,3.71,0.92,3.24,2.0,1.11,1.18,0.88,0,0.4,neutral,alcista,0,0.609,32,10777,4,
s37564,ONDOUSDT,1789605000000,val,1,3.66,0.443,5.12,4.47,2.3,3.26,2.47,1.6,1.74,1.29,0,0.4,neutral,neutral,0,0.045,32,10776,1,
s37565,FETUSDT,1789605000000,val,1,2.93,0.429,3.35,3.28,0.91,2.53,1.72,1.16,1.25,0.94,0,0.4,neutral,neutral,0,-0.115,32,10776,1,
s37566,GRTUSDT,1789605000000,testA,1,3.54,0.443,4.64,3.59,1.11,3.15,1.87,1.35,1.23,0.9,1,0.4,neutral,neutral,0,-0.062,32,10776,1,
s37567,LDOUSDT,1789605000000,testA,1,2.53,0.387,3.3,2.89,1.55,2.13,1.27,1.09,1.34,1.07,0,0.4,neutral,neutral,0,0.574,32,10776,1,
s37568,SANDUSDT,1789605000000,testA,1,3.13,0.528,3.24,3.07,1.52,2.74,1.73,0.86,0.96,0.76,0,0.4,neutral,neutral,0,-0.198,32,10776,1,
s37569,MANAUSDT,1789605000000,testA,1,2.06,0.468,2.53,1.99,0.75,1.67,0.92,0.74,0.97,0.85,0,0.4,neutral,neutral,0,0.041,32,10776,1,
s37570,APEUSDT,1789605000000,testA,1,2.01,0.397,2.52,2.05,1.44,1.62,0.97,1.28,1.35,0.97,0,0.4,neutral,neutral,0,0.423,32,10776,0,
s37571,ASTERUSDT,1789605900000,val,1,2.96,0.647,3.34,3.03,2.57,2.76,1.68,0.93,1.05,0.81,0,0.21,neutral,neutral,0,1.222,32,10778,0,
s37572,0GUSDT,1789605900000,val,1,2.41,0.405,3.46,2.62,1.67,2.21,1.35,0.72,0.69,0.57,1,0.21,neutral,neutral,0,1.84,32,10778,1,
s37573,TIAUSDT,1789605900000,val,1,3.14,0.498,4.06,3.88,1.0,2.93,1.97,1.11,1.18,0.88,0,0.21,neutral,alcista,0,0.53,32,10778,5,
s37574,ONDOUSDT,1789605900000,val,1,3.17,0.397,5.13,4.36,1.84,2.97,2.07,1.6,1.74,1.29,0,0.21,neutral,neutral,0,0.124,32,10777,0,
s37575,GRTUSDT,1789605900000,testA,1,2.66,0.37,4.64,3.53,1.02,2.46,1.59,1.35,1.23,0.9,1,0.21,neutral,neutral,0,-0.016,32,10777,0,
s37576,SANDUSDT,1789605900000,testA,1,2.31,0.424,2.93,2.55,1.18,2.11,1.33,0.86,0.96,0.76,0,0.21,neutral,neutral,0,-0.227,32,10777,0,
s37577,ASTERUSDT,1789606800000,val,1,2.61,0.547,3.35,2.77,1.46,2.37,1.29,0.94,1.08,0.82,0,0.25,neutral,neutral,0,1.508,32,10779,0,
s37578,0GUSDT,1789606800000,val,1,2.52,0.431,3.35,2.46,0.9,2.28,1.13,0.71,0.7,0.57,1,0.25,neutral,neutral,1,2.0,30,10779,0,
s37579,ENAUSDT,1789606800000,val,1,5.32,0.404,6.4,6.28,1.84,5.07,3.28,1.2,1.56,1.19,0,0.25,neutral,neutral,0,-0.063,32,10779,1,
s37580,TIAUSDT,1789606800000,val,1,3.05,0.477,4.07,3.57,0.87,2.81,1.48,1.04,1.2,0.88,0,0.25,neutral,neutral,0,0.634,32,10779,0,
s37581,ONDOUSDT,1789606800000,val,1,3.57,0.467,5.13,4.3,1.36,3.32,1.82,1.41,1.73,1.32,0,0.25,neutral,neutral,0,0.192,32,10778,0,
s37582,GRTUSDT,1789606800000,testA,1,2.68,0.37,4.66,3.16,0.8,2.43,1.01,1.3,1.22,0.91,1,0.25,neutral,neutral,0,0.105,32,10778,0,
s37583,SANDUSDT,1789606800000,testA,1,2.76,0.477,3.21,2.92,1.04,2.51,1.52,0.9,0.99,0.76,0,0.25,neutral,neutral,0,-0.337,32,10778,1,
s37584,ASTERUSDT,1789607700000,val,1,3.01,0.608,3.34,3.03,1.25,2.28,1.44,0.94,1.08,0.82,0,0.73,neutral,neutral,0,0.944,32,10780,1,
s37585,XPLUSDT,1789607700000,val,1,2.65,0.357,3.32,3.31,0.96,1.92,1.47,0.67,1.03,0.79,0,0.73,neutral,neutral,0,1.426,32,10780,1,
s37586,PUMPUSDT,1789607700000,val,1,2.52,0.371,3.94,3.94,0.61,1.79,1.64,0.69,0.9,0.73,0,0.73,neutral,neutral,0,1.411,32,10780,1,
s37587,0GUSDT,1789607700000,val,1,2.19,0.398,3.09,2.35,0.58,1.46,1.17,0.71,0.7,0.57,1,0.73,neutral,neutral,1,2.0,29,10780,1,
s37588,ENAUSDT,1789607700000,val,1,4.58,0.36,6.41,6.12,1.32,3.85,2.85,1.2,1.56,1.19,0,0.73,neutral,neutral,0,-0.082,32,10780,0,
s37589,TIAUSDT,1789607700000,val,1,3.29,0.495,4.08,4.02,0.74,2.56,1.77,1.04,1.2,0.88,0,0.73,neutral,neutral,0,0.266,32,10780,1,
s37590,PENDLEUSDT,1789607700000,val,1,3.01,0.366,3.42,3.42,1.38,2.28,1.97,1.2,1.41,0.96,0,0.73,neutral,alcista,0,-1.0,11,10780,2,
s37591,ONDOUSDT,1789607700000,val,1,3.8,0.483,5.1,4.76,1.18,3.07,2.09,1.41,1.73,1.32,0,0.73,neutral,neutral,0,-0.018,32,10779,1,
s37592,FETUSDT,1789607700000,val,1,2.33,0.36,3.35,3.22,0.86,1.6,1.2,1.06,1.25,0.93,0,0.73,neutral,neutral,0,0.0,32,10779,1,
s37593,GRTUSDT,1789607700000,testA,1,3.07,0.403,4.64,3.59,0.68,2.34,1.28,1.3,1.22,0.91,1,0.73,neutral,neutral,0,-0.2,32,10779,1,
s37594,LDOUSDT,1789607700000,testA,1,3.19,0.476,4.0,3.89,1.32,2.46,1.92,1.01,1.37,1.09,0,0.73,neutral,alcista,0,0.153,32,10779,4,
s37595,SANDUSDT,1789607700000,testA,1,2.75,0.477,3.39,3.28,1.18,2.02,1.73,0.9,0.99,0.76,0,0.73,neutral,alcista,0,-0.439,32,10779,2,
s37596,ASTERUSDT,1789608600000,val,1,3.06,0.613,3.39,3.13,1.13,2.23,1.33,0.94,1.08,0.82,0,0.83,neutral,alcista,0,0.906,32,10781,2,
s37597,XPLUSDT,1789608600000,val,1,3.13,0.42,3.73,3.52,0.95,2.29,1.49,0.67,1.03,0.79,0,0.83,neutral,alcista,0,1.194,32,10781,2,
s37598,PUMPUSDT,1789608600000,val,1,3.84,0.552,5.03,4.61,0.76,3.01,2.06,0.69,0.9,0.73,0,0.83,neutral,alcista,0,1.035,32,10781,2,
s37599,STBLUSDT,1789608600000,val,1,2.47,0.545,3.09,2.49,0.88,1.63,1.3,0.53,0.64,0.65,0,0.83,neutral,alcista,0,0.226,32,10781,3,
s37600,0GUSDT,1789608600000,val,1,2.62,0.441,3.07,2.76,0.48,1.79,1.4,0.71,0.7,0.57,1,0.83,neutral,alcista,1,2.0,30,10781,2,
s37601,ENAUSDT,1789608600000,val,1,5.79,0.494,6.76,6.11,1.15,4.96,2.51,1.2,1.56,1.19,0,0.83,neutral,neutral,0,-0.17,32,10781,0,
s37602,SUIUSDT,1789608600000,val,1,2.26,0.379,3.43,2.93,1.2,1.43,1.17,0.91,1.16,0.91,0,0.83,neutral,alcista,0,0.062,32,10781,3,
s37603,TIAUSDT,1789608600000,val,1,3.99,0.591,4.64,4.38,0.84,3.15,1.85,1.04,1.2,0.88,0,0.83,neutral,alcista,0,0.099,32,10781,2,
s37604,JUPUSDT,1789608600000,val,1,3.25,0.432,5.18,4.68,0.97,2.42,1.71,0.8,0.99,0.81,0,0.83,neutral,neutral,0,0.394,32,10781,0,
s37605,ONDOUSDT,1789608600000,val,1,4.69,0.57,5.64,5.33,1.14,3.86,2.39,1.41,1.73,1.32,0,0.83,neutral,alcista,0,-0.116,32,10780,2,
s37606,FETUSDT,1789608600000,val,1,2.4,0.374,3.67,3.16,0.98,1.56,0.9,1.06,1.25,0.93,0,0.83,neutral,neutral,0,0.04,32,10780,0,
s37607,GRTUSDT,1789608600000,testA,1,3.19,0.424,4.64,3.59,0.6,2.36,1.05,1.3,1.22,0.91,1,0.83,neutral,neutral,0,-0.138,32,10780,0,
s37608,LDOUSDT,1789608600000,testA,1,3.72,0.531,4.75,4.27,1.48,2.89,2.02,1.01,1.37,1.09,0,0.83,neutral,alcista,0,0.033,32,10780,5,
s37609,SANDUSDT,1789608600000,testA,1,2.81,0.492,3.71,3.28,1.34,1.98,1.48,0.9,0.99,0.76,0,0.83,neutral,alcista,0,-0.439,32,10780,3,
s37610,ASTERUSDT,1789609500000,val,1,2.84,0.595,3.46,3.25,1.01,2.32,1.31,0.94,1.08,0.82,0,0.52,neutral,alcista,0,0.845,32,10782,3,
s37611,PUMPUSDT,1789609500000,val,1,3.62,0.539,5.23,4.99,0.89,3.1,2.37,0.69,0.9,0.73,0,0.52,neutral,alcista,0,0.626,32,10782,3,
s37612,TIAUSDT,1789609500000,val,1,3.4,0.543,4.64,4.33,0.7,2.88,1.65,1.04,1.2,0.88,0,0.52,neutral,neutral,0,0.107,32,10782,0,
s37613,ONDOUSDT,1789609500000,val,1,3.76,0.448,5.67,4.82,1.04,3.24,1.72,1.41,1.73,1.32,0,0.52,neutral,neutral,0,-0.141,32,10781,0,
s37614,LDOUSDT,1789609500000,testA,1,2.86,0.395,4.77,3.75,1.55,2.34,1.33,1.01,1.37,1.09,0,0.52,neutral,neutral,0,0.136,32,10781,0,
s37615,SANDUSDT,1789609500000,testA,1,2.09,0.372,3.72,2.97,1.34,1.57,1.06,0.9,0.99,0.76,0,0.52,neutral,neutral,0,-0.398,32,10781,0,
s37616,ASTERUSDT,1789610400000,val,1,2.87,0.605,3.34,2.95,0.92,2.44,1.06,0.97,1.08,0.8,0,0.43,neutral,neutral,0,1.09,32,10783,0,
s37617,PUMPUSDT,1789610400000,val,1,3.47,0.502,4.88,4.15,1.0,3.03,1.8,0.85,0.98,0.78,0,0.43,neutral,neutral,0,0.813,32,10783,0,
s37618,TIAUSDT,1789610400000,val,1,2.93,0.434,4.59,3.63,0.77,2.49,0.88,0.98,1.15,0.89,0,0.43,neutral,neutral,0,0.184,32,10783,0,
s37619,ONDOUSDT,1789610400000,val,1,3.6,0.418,5.7,4.25,1.18,3.17,0.97,1.5,1.69,1.35,0,0.43,neutral,neutral,0,0.013,32,10782,0,
s37620,LDOUSDT,1789610400000,testA,1,3.02,0.424,4.72,3.5,1.59,2.59,1.05,0.93,1.32,1.08,0,0.43,neutral,neutral,0,0.106,32,10782,0,
s37621,SANDUSDT,1789610400000,testA,1,2.04,0.358,3.73,2.66,1.11,1.61,0.61,0.92,0.98,0.77,0,0.43,neutral,neutral,0,-0.337,32,10782,0,
s37622,ASTERUSDT,1789611300000,val,1,2.75,0.595,3.25,2.9,0.86,2.19,0.99,0.97,1.08,0.8,0,0.56,neutral,neutral,0,0.836,32,10784,1,
s37623,PUMPUSDT,1789611300000,val,1,4.4,0.632,4.86,4.59,1.67,3.84,2.12,0.85,0.98,0.78,0,0.56,neutral,neutral,0,0.744,32,10784,1,
s37624,0GUSDT,1789611300000,val,1,2.83,0.654,3.07,2.91,0.64,2.27,1.15,0.75,0.71,0.57,1,0.56,neutral,alcista,1,2.0,27,10784,2,
s37625,SUIUSDT,1789611300000,val,1,2.16,0.377,3.41,2.32,1.22,1.59,0.51,0.79,1.13,0.91,0,0.56,neutral,neutral,0,0.036,32,10784,0,
s37626,TIAUSDT,1789611300000,val,1,3.27,0.507,4.59,3.57,0.69,2.7,0.78,0.98,1.15,0.89,0,0.56,neutral,neutral,0,0.098,32,10784,0,
s37627,ONDOUSDT,1789611300000,val,1,4.15,0.504,5.7,4.3,1.06,3.59,0.97,1.5,1.69,1.35,0,0.56,neutral,neutral,0,-0.073,32,10783,1,
s37628,GRTUSDT,1789611300000,testA,1,2.51,0.361,4.51,2.56,0.57,1.95,0.14,1.01,1.19,0.89,0,0.56,neutral,neutral,0,-0.043,32,10783,1,
s37629,LDOUSDT,1789611300000,testA,1,3.09,0.436,4.53,3.11,1.15,2.52,0.78,0.93,1.32,1.08,0,0.56,neutral,neutral,0,0.22,32,10783,0,
s37630,SANDUSDT,1789611300000,testA,1,2.46,0.464,3.74,2.58,0.9,1.9,0.48,0.92,0.98,0.77,0,0.56,neutral,neutral,0,-0.247,32,10783,0,
s37631,ASTERUSDT,1789612200000,val,1,2.77,0.598,3.2,3.2,0.7,1.97,1.26,0.97,1.08,0.8,0,0.8,neutral,alcista,0,0.755,32,10785,2,
s37632,PUMPUSDT,1789612200000,val,1,6.18,0.708,7.07,6.63,2.19,5.38,3.89,0.85,0.98,0.78,0,0.8,neutral,alcista,0,0.185,32,10785,2,
s37633,0GUSDT,1789612200000,val,1,2.13,0.556,3.07,2.81,0.7,1.33,0.79,0.75,0.71,0.57,1,0.8,neutral,neutral,1,2.0,26,10785,0,
s37634,SUIUSDT,1789612200000,val,1,2.38,0.4,3.39,2.84,0.91,1.58,0.92,0.79,1.13,0.91,0,0.8,neutral,neutral,0,-0.127,32,10785,1,
s37635,TIAUSDT,1789612200000,val,1,3.53,0.527,4.57,3.99,0.59,2.73,1.03,0.98,1.15,0.89,0,0.8,neutral,neutral,0,-0.007,32,10785,1,
s37636,ONDOUSDT,1789612200000,val,1,4.56,0.527,5.66,4.95,0.86,3.76,1.45,1.5,1.69,1.35,0,0.8,neutral,alcista,0,-0.246,32,10784,2,
s37637,LDOUSDT,1789612200000,testA,1,3.25,0.449,4.48,3.71,0.76,2.45,1.26,0.93,1.32,1.08,0,0.8,neutral,neutral,0,-0.015,32,10784,1,
s37638,SANDUSDT,1789612200000,testA,1,2.9,0.505,3.71,3.2,0.93,2.11,0.96,0.92,0.98,0.77,0,0.8,neutral,neutral,0,-0.315,32,10784,1,
s37639,ASTERUSDT,1789613100000,val,1,2.82,0.613,3.27,2.95,0.58,1.9,0.93,0.97,1.08,0.8,0,0.92,neutral,neutral,0,0.853,32,10786,0,
s37640,PUMPUSDT,1789613100000,val,1,6.11,0.687,7.13,5.92,2.12,5.19,2.84,0.85,0.98,0.78,0,0.92,neutral,neutral,0,0.413,32,10786,0,
s37641,0GUSDT,1789613100000,val,1,2.61,0.69,3.64,3.01,0.65,1.69,0.91,0.75,0.71,0.57,1,0.92,neutral,neutral,1,2.0,25,10786,1,
s37642,INJUSDT,1789613100000,val,1,3.18,0.394,3.99,3.3,0.69,2.26,1.09,0.79,1.18,0.7,0,0.92,neutral,alcista,0,0.214,32,10786,3,
s37643,SUIUSDT,1789613100000,val,1,2.46,0.417,3.4,2.59,0.83,1.54,0.62,0.79,1.13,0.91,0,0.92,neutral,neutral,0,0.059,32,10786,0,
s37644,TIAUSDT,1789613100000,val,1,3.4,0.493,4.6,3.4,0.63,2.48,0.4,0.98,1.15,0.89,0,0.92,neutral,neutral,0,0.188,32,10786,0,
s37645,ONDOUSDT,1789613100000,val,1,4.34,0.487,5.7,4.33,0.92,3.42,0.77,1.5,1.69,1.35,0,0.92,neutral,neutral,0,-0.092,32,10785,0,
s37646,LDOUSDT,1789613100000,testA,1,3.26,0.449,4.5,3.3,0.65,2.34,0.8,0.93,1.32,1.08,0,0.92,neutral,neutral,0,0.172,32,10785,0,
s37647,SANDUSDT,1789613100000,testA,1,2.26,0.352,3.74,2.44,0.96,1.33,0.2,0.92,0.98,0.77,0,0.92,neutral,neutral,0,0.012,32,10785,0,
s37648,ASTERUSDT,1789614000000,val,1,3.01,0.629,2.98,2.98,0.62,2.23,1.38,1.09,1.12,0.83,0,0.77,neutral,neutral,0,0.794,32,10787,1,
s37649,PUMPUSDT,1789614000000,val,1,5.8,0.676,7.11,6.09,1.85,5.03,2.8,0.86,0.99,0.78,0,0.77,neutral,neutral,0,0.461,32,10787,1,
s37650,0GUSDT,1789614000000,val,1,2.83,0.726,3.63,3.16,0.72,2.05,1.12,0.83,0.74,0.59,1,0.77,neutral,alcista,1,2.0,24,10787,2,
s37651,SUIUSDT,1789614000000,val,1,2.19,0.391,2.88,2.13,0.71,1.42,0.69,0.77,1.11,0.9,0,0.77,neutral,neutral,0,0.183,32,10787,1,
s37652,TIAUSDT,1789614000000,val,1,2.55,0.426,3.24,2.52,0.53,1.78,0.84,0.96,1.13,0.89,0,0.77,neutral,neutral,0,0.172,32,10787,1,
s37653,ONDOUSDT,1789614000000,val,1,3.28,0.387,4.86,3.17,0.66,2.5,0.47,1.53,1.64,1.35,0,0.77,neutral,neutral,0,0.063,32,10786,0,
s37654,LDOUSDT,1789614000000,testA,1,2.52,0.355,3.94,2.45,0.59,1.74,0.5,0.95,1.31,1.08,0,0.77,neutral,neutral,0,0.616,32,10786,0,
s37655,ASTERUSDT,1789614900000,val,1,2.58,0.593,2.66,2.57,0.65,2.03,1.2,1.09,1.12,0.83,0,0.55,neutral,alcista,0,0.903,32,10788,2,
s37656,PUMPUSDT,1789614900000,val,1,6.32,0.695,7.07,6.68,1.23,5.77,3.03,0.86,0.99,0.78,0,0.55,neutral,alcista,0,0.254,32,10788,2,
s37657,0GUSDT,1789614900000,val,1,3.15,0.747,3.26,3.05,0.81,2.59,1.22,0.83,0.74,0.59,1,0.55,neutral,alcista,1,2.0,23,10788,3,
s37658,ASTERUSDT,1789615800000,val,1,2.85,0.617,2.83,2.81,0.74,2.5,1.5,1.09,1.12,0.83,0,0.35,neutral,alcista,0,0.69,32,10789,3,
s37659,PUMPUSDT,1789615800000,val,1,6.49,0.701,6.23,6.2,0.62,6.14,3.34,0.86,0.99,0.78,0,0.35,neutral,alcista,0,0.067,32,10789,3,
s37660,0GUSDT,1789615800000,val,1,2.81,0.726,2.94,2.84,1.12,2.46,1.28,0.83,0.74,0.59,1,0.35,neutral,alcista,1,2.0,22,10789,4,
s37661,ASTERUSDT,1789616700000,val,1,3.1,0.637,3.29,3.01,1.02,2.81,1.54,1.09,1.12,0.83,0,0.3,neutral,alcista,0,0.633,32,10790,4,
s37662,PUMPUSDT,1789616700000,val,1,5.8,0.583,6.37,5.59,0.56,5.5,2.35,0.86,0.99,0.78,0,0.3,neutral,neutral,0,0.327,32,10790,0,
s37663,0GUSDT,1789616700000,val,1,2.17,0.594,2.9,2.38,1.13,1.87,0.97,0.83,0.74,0.59,1,0.3,neutral,neutral,1,2.0,21,10790,0,
s37664,ASTERUSDT,1789617600000,val,1,2.18,0.453,2.87,2.16,0.9,2.2,0.94,1.18,1.14,0.84,1,-0.01,neutral,neutral,0,1.295,32,10791,0,
s37665,PUMPUSDT,1789617600000,val,1,4.83,0.506,5.73,4.66,0.58,4.85,1.83,0.81,0.97,0.78,0,-0.01,neutral,neutral,0,0.567,32,10791,0,
s37666,PUMPUSDT,1789618500000,val,1,4.22,0.44,5.7,4.31,0.67,4.48,1.32,0.81,0.97,0.78,0,-0.26,neutral,neutral,0,0.963,32,10792,0,
s37667,JUPUSDT,1789618500000,val,-1,-3.14,0.404,4.84,4.84,1.15,-2.88,2.26,0.93,1.05,0.86,0,-0.26,neutral,bajista,0,-1.0,11,10792,4,
s37668,PUMPUSDT,1789619400000,val,1,4.09,0.434,5.37,4.22,0.62,4.17,1.41,0.81,0.97,0.78,0,-0.08,neutral,neutral,0,0.882,32,10793,1,
s37669,PUMPUSDT,1789620300000,val,1,4.1,0.435,5.09,4.38,0.57,3.84,1.59,0.81,0.97,0.78,0,0.27,neutral,alcista,0,0.69,32,10794,2,
s37670,ASTERUSDT,1789621200000,val,1,3.15,0.605,3.27,3.21,1.2,2.94,1.87,1.26,1.18,0.88,1,0.21,neutral,alcista,0,0.289,32,10795,3,
s37671,PUMPUSDT,1789621200000,val,1,3.94,0.411,5.05,4.11,0.55,3.73,1.19,0.69,0.92,0.76,0,0.21,neutral,neutral,0,0.904,32,10795,0,
s37672,ASTERUSDT,1789622100000,val,1,2.46,0.459,3.15,2.58,1.54,2.63,1.28,1.26,1.18,0.88,1,-0.18,neutral,neutral,0,0.388,32,10796,0,
s37673,PUMPUSDT,1789622100000,val,1,3.16,0.36,4.47,3.56,0.44,3.33,1.05,0.69,0.92,0.76,0,-0.18,neutral,neutral,0,1.044,32,10796,1,
s37674,PENDLEUSDT,1789622100000,val,-1,-3.68,0.533,4.71,4.09,0.6,-3.5,0.82,0.89,1.39,1.01,0,-0.18,neutral,bajista,0,-1.0,27,10796,2,
s37675,XPLUSDT,1789623000000,val,1,3.88,0.373,6.72,6.11,3.52,4.2,3.48,1.01,1.1,0.86,0,-0.32,neutral,alcista,0,0.004,32,10797,5,
s37676,ENAUSDT,1789623000000,val,-1,-2.38,0.36,3.08,2.55,0.74,-2.06,0.72,1.07,1.46,1.23,0,-0.32,neutral,bajista,0,-1.0,11,10797,2,
s37677,PENDLEUSDT,1789623000000,val,-1,-2.79,0.46,3.52,2.88,0.6,-2.47,0.69,0.89,1.39,1.01,0,-0.32,neutral,neutral,0,-1.0,23,10797,0,
s37678,XPLUSDT,1789623900000,val,1,4.66,0.48,6.72,6.06,3.59,4.71,3.11,1.01,1.1,0.86,0,-0.05,neutral,neutral,0,0.19,32,10798,0,
s37679,XPLUSDT,1789624800000,val,1,5.15,0.548,6.77,5.46,3.62,4.82,2.09,1.22,1.02,0.92,1,0.33,neutral,neutral,0,0.408,32,10799,0,
s37680,PUMPUSDT,1789624800000,val,1,3.35,0.399,4.95,4.33,0.62,3.02,1.4,0.78,0.79,0.79,0,0.33,neutral,alcista,0,1.18,32,10799,2,
s37681,XPLUSDT,1789625700000,val,1,7.1,0.626,6.97,6.85,3.22,6.74,3.58,1.22,1.02,0.92,1,0.36,neutral,neutral,0,-0.012,32,10800,1,
s37682,PUMPUSDT,1789625700000,val,1,3.84,0.434,4.16,4.06,1.15,3.49,2.02,0.78,0.79,0.79,0,0.36,neutral,alcista,0,0.835,32,10800,3,
s37683,PENDLEUSDT,1789625700000,val,-1,-2.22,0.599,2.76,2.27,0.9,-2.57,0.93,0.83,1.14,1.02,0,0.36,neutral,neutral,0,-1.0,12,10800,0,
s37684,AXSUSDT,1789625700000,testA,1,2.13,0.644,2.62,2.17,5,1.78,1.22,0.92,0.92,0.96,0,0.36,neutral,alcista,0,0.236,32,10799,2,
s37685,ASTERUSDT,1789626600000,val,1,2.25,0.362,2.77,2.51,0.81,2.07,1.23,1.13,1.01,0.9,1,0.18,neutral,alcista,0,0.38,32,10801,3,
s37686,XPLUSDT,1789626600000,val,1,5.32,0.517,7.09,5.85,1.97,5.14,2.99,1.22,1.02,0.92,1,0.18,neutral,neutral,0,-0.11,32,10801,0,
s37687,ARUSDT,1789626600000,testA,1,2.17,0.374,2.77,2.7,0.67,1.98,1.37,0.59,0.65,0.68,0,0.18,neutral,alcista,0,-0.057,32,10800,2,
s37688,AXSUSDT,1789626600000,testA,1,2.21,0.653,2.32,2.29,5,2.03,1.57,0.92,0.92,0.96,0,0.18,neutral,alcista,0,-0.07,32,10800,3,
s37689,ASTERUSDT,1789627500000,val,1,2.34,0.38,2.75,2.32,0.85,2.2,0.98,1.13,1.01,0.9,1,0.14,neutral,neutral,0,0.335,32,10802,0,
s37690,XPLUSDT,1789627500000,val,1,5.99,0.614,7.09,5.67,1.61,5.85,2.69,1.22,1.02,0.92,1,0.14,neutral,neutral,0,-0.124,32,10802,0,
s37691,ASTERUSDT,1789628400000,val,1,2.07,0.354,2.26,2.19,0.86,1.94,1.21,1.3,1.09,0.95,1,0.13,neutral,neutral,0,0.335,32,10803,1,
s37692,XPLUSDT,1789628400000,val,1,5.32,0.581,6.63,5.17,1.32,5.19,2.38,1.29,0.95,0.94,1,0.13,neutral,neutral,0,-0.267,32,10803,0,
s37693,ARUSDT,1789628400000,testA,1,2.76,0.417,3.0,2.84,1.07,2.63,1.51,0.66,0.65,0.71,0,0.13,neutral,neutral,0,-0.216,32,10802,1,
s37694,ASTERUSDT,1789629300000,val,1,2.85,0.43,2.96,2.95,1.41,2.82,1.74,1.3,1.09,0.95,1,0.03,neutral,alcista,0,0.147,32,10804,2,
s37695,XPLUSDT,1789629300000,val,1,5.4,0.585,6.44,5.41,0.88,5.37,2.36,1.29,0.95,0.94,1,0.03,neutral,neutral,0,-0.216,32,10804,1,
s37696,ASTERUSDT,1789630200000,val,1,2.67,0.415,3.43,3.17,1.64,2.65,1.82,1.3,1.09,0.95,1,0.03,neutral,alcista,0,0.217,32,10805,3,
s37697,XPLUSDT,1789630200000,val,1,4.8,0.548,6.45,5.34,0.49,4.78,2.17,1.29,0.95,0.94,1,0.03,neutral,neutral,0,-0.015,32,10805,0,
s37698,XPLUSDT,1789631100000,val,1,4.44,0.486,6.48,4.86,0.63,4.4,1.42,1.29,0.95,0.94,1,0.04,neutral,neutral,0,0.051,32,10806,0,
s37699,0GUSDT,1789631100000,val,1,2.43,0.475,3.48,3.38,2.55,2.39,1.84,0.77,0.72,0.64,1,0.04,neutral,alcista,1,2.0,6,10806,3,
s37700,ASTERUSDT,1789632000000,val,1,3.22,0.453,3.53,3.52,2.14,3.09,1.78,1.43,1.17,0.98,1,0.13,neutral,neutral,0,0.137,32,10807,1,
s37701,XPLUSDT,1789632000000,val,1,4.27,0.459,6.49,4.71,0.66,4.14,1.09,1.34,0.97,0.96,1,0.13,neutral,neutral,0,0.007,32,10807,0,
s37702,0GUSDT,1789632000000,val,1,3.17,0.629,3.93,3.68,3.37,3.04,1.89,1.0,0.86,0.69,1,0.13,neutral,alcista,1,2.0,5,10807,4,
s37703,JUPUSDT,1789632000000,val,1,3.96,0.548,5.6,4.62,0.77,3.83,1.08,0.83,0.78,0.89,0,0.13,neutral,neutral,0,0.505,32,10807,0,
s37704,ASTERUSDT,1789632900000,val,1,3.07,0.423,3.47,3.07,1.54,2.75,1.26,1.43,1.17,0.98,1,0.32,neutral,neutral,0,0.096,32,10808,0,
s37705,XPLUSDT,1789632900000,val,1,4.67,0.521,6.39,4.57,0.67,4.35,0.89,1.34,0.97,0.96,1,0.32,neutral,neutral,0,0.077,32,10808,0,
s37706,0GUSDT,1789632900000,val,1,2.96,0.576,4.19,3.53,4.0,2.64,1.55,1.0,0.86,0.69,1,0.32,neutral,neutral,1,2.0,4,10808,0,
s37707,ENAUSDT,1789632900000,val,1,2.83,0.513,3.39,3.22,1.52,2.51,1.59,0.82,1.0,1.29,0,0.32,neutral,alcista,0,-1.0,15,10808,3,
s37708,OPUSDT,1789632900000,val,1,2.73,0.537,3.23,2.76,1.02,2.41,1.0,0.69,0.78,1.01,0,0.32,neutral,neutral,0,0.911,32,10808,1,
s37709,JUPUSDT,1789632900000,val,1,5.12,0.752,5.59,4.92,0.75,4.8,1.32,0.83,0.78,0.89,0,0.32,neutral,neutral,0,0.373,32,10808,1,
s37710,ASTERUSDT,1789633800000,val,1,2.56,0.38,2.91,2.56,1.14,2.39,1.14,1.43,1.17,0.98,1,0.17,neutral,neutral,0,-0.079,32,10809,1,
s37711,XPLUSDT,1789633800000,val,1,3.86,0.476,5.27,3.87,0.82,3.7,1.2,1.34,0.97,0.96,1,0.17,neutral,neutral,0,-0.079,32,10809,1,
s37712,0GUSDT,1789633800000,val,1,3.68,0.628,4.65,4.4,4.24,3.51,2.26,1.0,0.86,0.69,1,0.17,neutral,neutral,1,2.0,3,10809,1,
s37713,ENAUSDT,1789633800000,val,1,2.75,0.506,3.31,2.98,1.59,2.59,1.67,0.82,1.0,1.29,0,0.17,neutral,alcista,0,-1.0,7,10809,4,
s37714,OPUSDT,1789633800000,val,1,2.54,0.52,2.76,2.72,1.03,2.37,1.3,0.69,0.78,1.01,0,0.17,neutral,alcista,0,0.846,32,10809,2,
s37715,JUPUSDT,1789633800000,val,1,4.35,0.723,4.57,4.26,0.79,4.19,1.82,0.83,0.78,0.89,0,0.17,neutral,alcista,0,0.313,32,10809,2,
s37716,XPLUSDT,1789634700000,val,1,3.32,0.44,4.75,3.36,0.64,3.27,1.09,1.34,0.97,0.96,1,0.05,neutral,alcista,0,-0.014,32,10810,2,
s37717,0GUSDT,1789634700000,val,1,3.68,0.628,4.75,4.45,2.37,3.63,2.14,1.0,0.86,0.69,1,0.05,neutral,alcista,1,2.0,2,10810,2,
s37718,OPUSDT,1789634700000,val,1,2.29,0.471,3.12,2.61,1.11,2.23,1.16,0.69,0.78,1.01,0,0.05,neutral,neutral,0,1.047,32,10810,0,
s37719,JUPUSDT,1789634700000,val,1,3.63,0.687,4.03,3.63,1.25,3.57,2.04,0.83,0.78,0.89,0,0.05,neutral,alcista,0,0.378,32,10810,3,
s37720,XPLUSDT,1789635600000,val,1,3.39,0.445,4.71,3.54,0.52,3.1,1.24,1.42,1.01,0.98,1,0.29,neutral,alcista,0,-0.129,32,10811,3,
s37721,0GUSDT,1789635600000,val,1,7.01,0.808,7.18,7.18,2.65,6.72,4.63,5.53,3.09,1.76,1,0.29,neutral,alcista,0,-0.128,32,10811,3,
s37722,JUPUSDT,1789635600000,val,1,3.19,0.66,3.62,3.45,1.27,2.9,2.19,0.88,0.82,0.89,0,0.29,neutral,alcista,0,0.487,32,10811,4,
s37723,APEUSDT,1789635600000,testA,1,2.15,0.692,2.49,2.1,2.64,1.86,1.25,0.94,0.85,1.06,0,0.29,neutral,alcista,0,0.37,32,10810,5,
s37724,PUMPUSDT,1789636500000,val,1,2.33,0.406,3.12,2.68,0.7,2.08,1.15,0.75,0.8,0.81,0,0.25,neutral,alcista,0,0.495,32,10812,3,
s37725,JUPUSDT,1789636500000,val,1,3.42,0.701,3.62,3.53,1.37,3.17,1.91,0.88,0.82,0.89,0,0.25,neutral,alcista,0,1.087,32,10812,5,
s37726,PUMPUSDT,1789637400000,val,1,2.49,0.446,3.55,2.63,0.9,2.17,0.93,0.75,0.8,0.81,0,0.32,neutral,neutral,0,0.33,32,10813,0,
s37727,ARBUSDT,1789637400000,val,-1,-4.13,0.404,5.67,4.82,0.6,-4.45,0.62,1.27,1.26,2.25,0,0.32,neutral,bajista,0,-1.0,27,10813,2,
s37728,INJUSDT,1789637400000,val,1,2.45,0.495,3.49,3.19,1.59,2.13,1.59,0.65,0.71,0.82,0,0.32,neutral,neutral,0,-0.061,32,10813,1,
s37729,JUPUSDT,1789637400000,val,1,3.33,0.67,3.63,3.32,1.37,3.01,1.4,0.88,0.82,0.89,0,0.32,neutral,neutral,0,1.093,32,10813,0,
s37730,PENDLEUSDT,1789637400000,val,1,2.22,0.468,3.39,3.03,1.2,1.89,1.52,0.78,0.83,1.07,0,0.32,neutral,alcista,0,0.37,32,10813,2,
s37731,APEUSDT,1789637400000,testA,1,2.14,0.628,2.25,2.09,2.8,1.82,1.24,0.94,0.85,1.06,0,0.32,neutral,neutral,0,0.148,32,10812,1,
s37732,JUPUSDT,1789638300000,val,1,3.52,0.681,3.88,3.44,1.62,3.33,1.34,0.88,0.82,0.89,0,0.19,neutral,neutral,0,0.833,32,10814,1,
s37733,PENDLEUSDT,1789638300000,val,1,2.25,0.475,3.41,2.64,1.03,2.06,1.0,0.78,0.83,1.07,0,0.19,neutral,neutral,0,0.619,32,10814,0,
s37734,INJUSDT,1789639200000,val,1,2.2,0.387,3.53,2.29,1.66,2.29,0.56,0.67,0.71,0.83,0,-0.09,neutral,neutral,0,0.234,32,10815,1,
s37735,JUPUSDT,1789639200000,val,1,2.96,0.607,3.62,3.05,2.33,3.05,1.1,1.06,0.99,0.98,1,-0.09,neutral,neutral,0,1.13,32,10815,0,
s37736,PENDLEUSDT,1789639200000,val,1,2.75,0.525,3.39,3.15,1.23,2.84,1.42,0.73,0.83,1.08,0,-0.09,neutral,neutral,0,0.133,32,10815,1,
s37737,JUPUSDT,1789640100000,val,1,2.32,0.459,3.28,2.31,2.75,2.46,0.65,1.06,0.99,0.98,1,-0.14,neutral,neutral,1,2.0,28,10816,0,
s37738,PENDLEUSDT,1789640100000,val,1,2.49,0.454,3.31,2.82,0.87,2.63,1.05,0.73,0.83,1.08,0,-0.14,neutral,neutral,0,0.106,32,10816,0,
s37739,JUPUSDT,1789641000000,val,1,2.17,0.444,2.96,2.34,3.34,2.48,0.91,1.06,0.99,0.98,1,-0.31,neutral,neutral,1,2.0,27,10817,1,
s37740,PENDLEUSDT,1789641000000,val,1,2.27,0.404,3.31,2.66,0.73,2.58,0.85,0.73,0.83,1.08,0,-0.31,neutral,neutral,0,0.142,32,10817,0,
s37741,PENDLEUSDT,1789641900000,val,1,2.86,0.526,3.31,2.84,0.75,2.96,0.94,0.73,0.83,1.08,0,-0.1,neutral,neutral,0,-0.024,32,10818,1,
s37742,PENDLEUSDT,1789642800000,val,1,2.49,0.494,2.97,2.91,0.69,2.62,1.32,0.81,0.85,1.09,0,-0.13,neutral,alcista,0,-0.216,32,10819,2,
s37743,PENDLEUSDT,1789643700000,val,1,3.02,0.57,3.54,3.28,0.97,3.19,1.53,0.81,0.85,1.09,0,-0.16,neutral,alcista,0,-0.284,32,10820,3,
s37744,PENDLEUSDT,1789644600000,val,1,2.38,0.403,3.76,2.7,1.24,2.79,0.89,0.81,0.85,1.09,0,-0.41,neutral,neutral,0,-0.186,32,10821,0,
s37745,PENDLEUSDT,1789645500000,val,1,3.12,0.493,3.64,3.15,1.35,3.1,1.2,0.81,0.85,1.09,0,0.02,neutral,neutral,0,-0.355,32,10822,1,
s37746,PENDLEUSDT,1789646400000,val,1,4.51,0.585,4.7,4.38,1.72,3.98,2.36,1.01,0.92,1.13,0,0.54,neutral,alcista,0,-0.515,32,10823,2,
s37747,PENDLEUSDT,1789647300000,val,1,3.33,0.466,3.95,3.32,1.64,2.61,1.85,1.01,0.92,1.13,0,0.72,neutral,neutral,0,-0.252,32,10824,0,
s37748,FETUSDT,1789647300000,val,1,2.29,0.474,2.86,2.67,1.57,1.57,2.0,1.22,1.02,1.12,0,0.72,neutral,alcista,1,2.0,19,10823,3,
s37749,PENDLEUSDT,1789648200000,val,1,3.12,0.452,3.83,3.42,2.01,2.63,2.16,1.01,0.92,1.13,0,0.49,neutral,neutral,0,-0.46,32,10825,1,
s37750,FETUSDT,1789648200000,val,1,2.35,0.481,3.47,3.04,2.93,1.85,2.11,1.22,1.02,1.12,0,0.49,neutral,alcista,0,1.735,32,10824,4,
s37751,PENDLEUSDT,1789649100000,val,1,2.93,0.421,3.84,3.3,2.04,2.72,1.83,1.01,0.92,1.13,0,0.2,neutral,neutral,0,-0.324,32,10826,0,
s37752,ONDOUSDT,1789649100000,val,1,3.4,0.38,7.48,4.85,5,3.2,3.52,2.39,1.81,1.78,1,0.2,neutral,neutral,0,0.525,32,10825,1,
s37753,FETUSDT,1789649100000,val,1,2.53,0.5,3.58,3.28,3.78,2.33,2.19,1.22,1.02,1.12,0,0.2,neutral,alcista,0,1.321,32,10825,5,
s37754,STXUSDT,1789649100000,testA,1,2.63,0.496,3.05,2.97,3.17,2.43,2.1,0.63,0.62,0.89,0,0.2,neutral,alcista,0,0.699,32,10825,5,
s37755,PENDLEUSDT,1789650000000,val,1,3.58,0.488,4.21,3.78,1.68,3.63,2.0,1.16,0.94,1.18,0,-0.04,neutral,neutral,0,-0.552,32,10827,1,
s37756,ONDOUSDT,1789650000000,val,1,4.49,0.448,7.38,6.06,5,4.54,4.38,3.84,2.47,2.11,1,-0.04,neutral,alcista,0,0.089,32,10826,2,
s37757,FETUSDT,1789650000000,val,1,2.15,0.436,3.65,3.16,3.75,2.19,1.77,1.34,1.07,1.14,0,-0.04,neutral,neutral,0,1.196,32,10826,0,
s37758,STXUSDT,1789650000000,testA,1,3.27,0.6,4.22,3.33,3.59,3.31,2.23,0.91,0.73,0.95,0,-0.04,neutral,alcista,0,0.378,32,10826,6,
s37759,STXUSDT,1789650900000,testA,1,2.63,0.467,4.12,2.81,3.73,2.91,1.62,0.91,0.73,0.95,0,-0.27,neutral,neutral,0,0.638,32,10827,0,
s37760,ONDOUSDT,1789651800000,val,1,4.79,0.4,7.39,5.98,5,5.37,3.54,3.84,2.47,2.11,1,-0.57,neutral,neutral,0,0.109,32,10828,1,
s37761,STXUSDT,1789651800000,testA,1,3.3,0.523,4.09,3.44,3.75,3.88,2.07,0.91,0.73,0.95,0,-0.57,neutral,neutral,0,0.341,32,10828,1,
s37762,PUMPUSDT,1789652700000,val,1,4.97,0.575,6.23,5.64,1.74,4.66,3.01,0.96,0.91,0.89,1,0.31,neutral,alcista,0,-0.454,32,10830,4,
s37763,ONDOUSDT,1789652700000,val,1,5.73,0.487,7.37,6.26,2.64,5.43,3.44,3.84,2.47,2.11,1,0.31,neutral,alcista,0,-0.069,32,10829,2,
s37764,FETUSDT,1789652700000,val,1,3.18,0.463,3.63,3.63,1.07,2.87,1.83,1.34,1.07,1.14,0,0.31,neutral,neutral,0,0.831,32,10829,1,
s37765,STXUSDT,1789652700000,testA,1,3.67,0.55,4.35,3.95,2.78,3.37,2.39,0.91,0.73,0.95,0,0.31,neutral,alcista,0,0.02,32,10829,2,
s37766,PUMPUSDT,1789653600000,val,1,5.08,0.594,5.95,5.23,1.79,4.32,2.55,1.12,0.9,0.92,0,0.76,neutral,neutral,0,-0.363,32,10831,0,
s37767,STBLUSDT,1789653600000,val,1,2.52,0.534,3.21,3.13,0.9,1.76,0.92,0.73,0.57,0.6,0,0.76,neutral,neutral,0,0.152,32,10831,1,
s37768,WLDUSDT,1789653600000,val,1,2.55,0.473,3.09,2.96,3.68,1.79,1.74,1.4,1.04,0.97,1,0.76,neutral,neutral,0,-0.496,32,10831,1,
s37769,OPUSDT,1789653600000,val,1,2.77,0.389,3.5,3.46,1.41,2.02,1.85,0.82,0.75,0.98,0,0.76,neutral,alcista,0,0.017,32,10831,2,
s37770,INJUSDT,1789653600000,val,1,2.83,0.444,3.52,3.5,1.96,2.07,2.24,0.89,0.72,0.92,0,0.76,neutral,alcista,0,-1.0,4,10831,2,
s37771,ONDOUSDT,1789653600000,val,1,6.38,0.514,7.31,6.96,1.28,5.62,3.86,4.63,2.81,2.26,1,0.76,neutral,alcista,0,-0.154,32,10830,3,
s37772,FETUSDT,1789653600000,val,1,4.19,0.532,4.63,4.57,1.28,3.44,2.56,1.52,1.16,1.18,0,0.76,neutral,alcista,0,0.413,32,10830,2,
s37773,STXUSDT,1789653600000,testA,1,5.35,0.66,6.31,5.36,2.8,4.59,3.5,1.2,0.83,0.99,0,0.76,neutral,alcista,0,-0.326,32,10830,3,
s37774,SANDUSDT,1789653600000,testA,1,2.31,0.422,2.51,2.46,1.12,1.55,1.4,0.62,0.57,0.77,0,0.76,neutral,alcista,1,2.0,30,10830,2,
s37775,PUMPUSDT,1789654500000,val,1,3.82,0.435,5.47,4.03,1.91,3.02,1.65,1.12,0.9,0.92,0,0.8,neutral,neutral,0,-0.352,32,10832,0,
s37776,STBLUSDT,1789654500000,val,1,2.8,0.59,3.36,3.28,0.75,2.0,0.98,0.73,0.57,0.6,0,0.8,neutral,alcista,0,0.12,32,10832,2,
s37777,WLDUSDT,1789654500000,val,1,2.69,0.5,3.35,3.01,4.35,1.88,1.66,1.4,1.04,0.97,1,0.8,neutral,alcista,0,-0.6,32,10832,2,
s37778,OPUSDT,1789654500000,val,1,2.99,0.431,3.74,3.39,1.96,2.19,1.64,0.82,0.75,0.98,0,0.8,neutral,neutral,0,0.003,32,10832,0,
s37779,INJUSDT,1789654500000,val,1,2.97,0.473,3.57,3.15,2.32,2.17,1.61,0.89,0.72,0.92,0,0.8,neutral,neutral,0,-1.0,3,10832,0,
s37780,SUIUSDT,1789654500000,val,1,2.44,0.42,2.64,2.45,1.62,1.64,1.2,0.86,0.73,0.92,0,0.8,neutral,alcista,0,-0.239,32,10832,3,
s37781,ONDOUSDT,1789654500000,val,1,7.89,0.592,8.19,7.97,0.95,7.09,4.5,4.63,2.81,2.26,1,0.8,neutral,alcista,0,-0.342,32,10831,4,
s37782,FETUSDT,1789654500000,val,1,3.88,0.473,4.83,4.22,1.54,3.08,1.96,1.52,1.16,1.18,0,0.8,neutral,neutral,0,0.609,32,10831,0,
s37783,STXUSDT,1789654500000,testA,1,5.4,0.668,6.31,5.28,2.92,4.6,3.08,1.2,0.83,0.99,0,0.8,neutral,neutral,0,-0.361,32,10831,0,
s37784,SANDUSDT,1789654500000,testA,1,2.04,0.38,2.37,2.23,1.12,1.24,1.19,0.62,0.57,0.77,0,0.8,neutral,neutral,1,2.0,29,10831,0,
s37785,STBLUSDT,1789655400000,val,1,2.07,0.378,3.42,2.59,0.92,1.68,0.42,0.73,0.57,0.6,0,0.39,neutral,neutral,0,0.785,32,10833,0,
s37786,ONDOUSDT,1789655400000,val,1,7.16,0.508,8.47,7.14,0.95,6.77,3.29,4.63,2.81,2.26,1,0.39,neutral,neutral,0,-0.086,32,10832,0,
s37787,FETUSDT,1789655400000,val,1,3.25,0.367,4.88,3.4,1.43,2.86,1.06,1.52,1.16,1.18,0,0.39,neutral,neutral,0,1.364,32,10832,0,
s37788,STXUSDT,1789655400000,testA,1,4.51,0.545,6.35,4.79,2.3,4.12,2.28,1.2,0.83,0.99,0,0.39,neutral,neutral,0,-0.2,32,10832,0,
s37789,FETUSDT,1789656300000,val,1,3.19,0.357,4.76,3.21,1.34,3.06,0.9,1.52,1.16,1.18,0,0.12,neutral,neutral,0,1.731,32,10833,0,
s37790,STXUSDT,1789656300000,testA,1,4.2,0.523,6.35,4.75,1.74,4.08,2.04,1.2,0.83,0.99,0,0.12,neutral,neutral,0,-0.084,32,10833,0,
s37791,XPLUSDT,1789657200000,val,-1,-3.3,0.393,3.77,3.45,0.79,-3.19,1.51,1.49,1.45,1.14,1,-0.11,neutral,bajista,0,-1.0,24,10835,4,
s37792,ARBUSDT,1789657200000,val,-1,-3.09,0.358,4.3,3.2,0.96,-2.98,0.62,1.21,1.25,1.48,0,-0.11,neutral,neutral,0,-1.0,3,10835,1,
s37793,ONDOUSDT,1789657200000,val,1,5.7,0.353,8.55,6.29,0.9,5.82,2.01,4.89,2.95,2.31,1,-0.11,neutral,neutral,0,0.039,32,10834,1,
s37794,STXUSDT,1789657200000,testA,1,3.82,0.474,6.36,4.56,0.77,3.94,1.67,1.22,0.84,0.99,0,-0.11,neutral,neutral,0,-0.018,32,10834,0,
s37795,ONDOUSDT,1789658100000,val,1,6.7,0.411,8.51,6.76,0.7,6.61,2.31,4.89,2.95,2.31,1,0.1,neutral,alcista,0,-0.032,32,10835,2,
s37796,STXUSDT,1789658100000,testA,1,3.83,0.474,6.38,4.33,0.54,3.74,1.25,1.22,0.84,0.99,0,0.1,neutral,neutral,0,0.213,32,10835,0,
s37797,ONDOUSDT,1789659000000,val,1,7.45,0.46,8.41,6.91,0.48,6.7,2.29,4.89,2.95,2.31,1,0.75,neutral,alcista,0,-0.07,32,10836,3,
s37798,FETUSDT,1789659000000,val,1,4.15,0.425,4.65,3.98,0.66,3.39,1.51,1.57,1.22,1.21,1,0.75,neutral,alcista,0,1.508,32,10836,2,
s37799,STXUSDT,1789659000000,testA,1,4.78,0.606,6.32,4.6,0.47,4.02,1.39,1.22,0.84,0.99,0,0.75,neutral,neutral,0,0.148,32,10836,1,
s37800,ONDOUSDT,1789659900000,val,1,6.51,0.419,7.94,6.28,0.31,6.12,1.88,4.89,2.95,2.31,1,0.4,neutral,neutral,0,-0.021,32,10837,0,
s37801,FETUSDT,1789659900000,val,1,3.87,0.409,4.27,3.91,0.64,3.47,1.61,1.57,1.22,1.21,1,0.4,neutral,alcista,0,1.625,32,10837,3,
s37802,STXUSDT,1789659900000,testA,1,4.16,0.575,5.92,4.2,0.4,3.77,1.23,1.22,0.84,0.99,0,0.4,neutral,neutral,0,0.095,32,10837,0,
s37803,FETUSDT,1789660800000,val,1,3.72,0.401,3.95,3.65,0.86,3.82,1.85,1.97,1.42,1.31,1,-0.1,neutral,alcista,0,1.65,32,10838,4,
s37804,STXUSDT,1789660800000,testA,1,4.74,0.606,5.64,4.64,0.39,4.84,1.8,1.34,0.89,1.0,0,-0.1,neutral,neutral,0,-0.034,32,10838,1,
s37805,ARBUSDT,1789661700000,val,1,4.34,0.378,9.15,6.97,2.53,4.72,4.15,1.54,1.43,1.53,0,-0.37,neutral,alcista,0,0.471,32,10840,5,
s37806,FETUSDT,1789661700000,val,1,3.11,0.362,4.83,3.92,1.04,3.48,2.44,1.97,1.42,1.31,1,-0.37,neutral,alcista,0,0.954,32,10839,5,
s37807,STXUSDT,1789661700000,testA,1,3.9,0.49,5.31,3.83,0.45,4.27,1.27,1.34,0.89,1.0,0,-0.37,neutral,neutral,0,-0.094,32,10839,0,
s37808,ARBUSDT,1789662600000,val,1,4.64,0.409,9.21,6.44,2.52,4.83,3.06,1.54,1.43,1.53,0,-0.2,neutral,neutral,0,0.57,32,10841,0,
s37809,PENDLEUSDT,1789662600000,val,-1,-2.74,0.395,4.1,3.74,0.62,-2.54,1.37,1.33,1.04,1.24,0,-0.2,neutral,bajista,0,-0.494,32,10841,3,
s37810,FETUSDT,1789662600000,val,1,3.22,0.371,4.8,4.38,1.36,3.42,2.57,1.97,1.42,1.31,1,-0.2,neutral,alcista,0,1.205,32,10840,6,
s37811,STXUSDT,1789662600000,testA,1,2.93,0.353,4.98,2.85,0.56,3.13,0.48,1.34,0.89,1.0,0,-0.2,neutral,neutral,0,0.239,32,10840,0,
s37812,SANDUSDT,1789662600000,testA,1,2.11,0.363,2.74,2.74,1.83,2.31,1.41,0.8,0.65,0.81,0,-0.2,neutral,alcista,0,1.742,32,10840,6,
s37813,ARBUSDT,1789663500000,val,1,6.0,0.521,9.14,7.08,2.06,5.96,3.4,1.54,1.43,1.53,0,0.04,neutral,neutral,0,0.783,32,10842,1,
s37814,FETUSDT,1789663500000,val,1,3.46,0.389,4.9,4.84,1.73,3.42,2.69,1.97,1.42,1.31,1,0.04,neutral,alcista,0,1.284,32,10841,7,
s37815,GRTUSDT,1789663500000,testA,1,2.83,0.408,3.83,3.78,1.52,2.79,1.96,0.96,0.74,0.95,0,0.04,neutral,alcista,0,0.529,32,10841,7,
s37816,SANDUSDT,1789663500000,testA,1,2.72,0.443,3.18,3.18,2.49,2.67,1.62,0.8,0.65,0.81,0,0.04,neutral,alcista,0,1.425,32,10841,7,
s37817,MANAUSDT,1789663500000,testA,1,2.17,0.429,2.89,2.84,1.71,2.13,1.55,0.95,0.73,0.84,0,0.04,neutral,alcista,0,0.226,32,10841,7,
s37818,ARBUSDT,1789664400000,val,1,6.61,0.58,9.12,7.26,1.67,6.39,3.27,1.81,1.41,1.56,0,0.22,neutral,alcista,0,0.745,32,10843,2,
s37819,FETUSDT,1789664400000,val,1,4.39,0.458,6.34,5.57,1.77,4.17,2.95,2.21,1.52,1.35,1,0.22,neutral,alcista,0,0.936,32,10842,8,
s37820,SANDUSDT,1789664400000,testA,1,2.94,0.464,3.9,3.59,2.81,2.72,1.84,0.88,0.69,0.81,0,0.22,neutral,alcista,0,1.219,32,10842,8,
s37821,ARBUSDT,1789665300000,val,1,6.05,0.504,8.89,6.23,0.86,5.45,2.34,1.81,1.41,1.56,0,0.6,neutral,neutral,0,1.038,32,10844,0,
s37822,OPUSDT,1789665300000,val,1,3.19,0.36,4.54,4.05,1.26,2.6,1.78,1.04,0.89,0.97,0,0.6,neutral,alcista,0,0.456,32,10844,8,
s37823,JUPUSDT,1789665300000,val,1,5.0,0.514,5.9,5.23,2.41,4.4,3.29,1.07,1.06,1.05,1,0.6,neutral,alcista,0,0.407,32,10844,4,
s37824,FETUSDT,1789665300000,val,1,5.11,0.569,6.35,5.52,1.55,4.51,2.56,2.21,1.52,1.35,1,0.6,neutral,neutral,0,1.0,32,10843,0,
s37825,SANDUSDT,1789665300000,testA,1,2.86,0.444,3.91,3.29,2.2,2.27,1.4,0.88,0.69,0.81,0,0.6,neutral,neutral,0,1.427,32,10843,0,
s37826,OPUSDT,1789666200000,val,1,3.74,0.445,4.75,3.99,1.22,3.0,1.54,1.04,0.89,0.97,0,0.73,neutral,neutral,0,0.672,32,10845,0,
s37827,TIAUSDT,1789666200000,val,1,2.69,0.362,3.97,3.55,1.64,1.96,1.5,1.03,0.9,1.0,0,0.73,neutral,alcista,0,0.968,32,10845,2,
s37828,JUPUSDT,1789666200000,val,1,4.6,0.454,5.84,4.69,2.57,3.86,2.6,1.07,1.06,1.05,1,0.73,neutral,neutral,0,0.536,32,10845,0,
s37829,FETUSDT,1789666200000,val,1,5.0,0.548,6.13,4.94,1.18,4.27,1.95,2.21,1.52,1.35,1,0.73,neutral,neutral,0,1.108,32,10844,0,
s37830,GRTUSDT,1789666200000,testA,1,3.42,0.445,3.79,3.41,1.12,2.69,1.32,1.1,0.81,0.94,0,0.73,neutral,neutral,0,0.73,32,10844,1,
s37831,SANDUSDT,1789666200000,testA,1,2.73,0.412,3.81,2.82,1.83,1.99,0.95,0.88,0.69,0.81,0,0.73,neutral,neutral,0,1.75,32,10844,0,
s37832,MANAUSDT,1789666200000,testA,1,2.05,0.404,3.12,2.14,1.59,1.32,0.59,0.99,0.78,0.82,0,0.73,neutral,neutral,0,0.906,32,10844,0,
s37833,PUMPUSDT,1789667100000,val,-1,-2.69,0.382,3.8,2.96,0.32,-2.65,0.38,1.04,0.93,0.91,1,-0.04,neutral,neutral,0,-1.0,22,10846,0,
s37834,OPUSDT,1789667100000,val,1,3.23,0.412,4.73,4.4,1.02,3.27,1.77,1.04,0.89,0.97,0,-0.04,neutral,neutral,0,0.85,32,10846,1,
s37835,FETUSDT,1789667100000,val,1,3.33,0.435,5.72,4.41,0.99,3.36,1.67,2.21,1.52,1.35,1,-0.04,neutral,neutral,0,1.446,32,10845,0,
s37836,GRTUSDT,1789667100000,testA,1,2.9,0.406,3.57,3.25,0.94,2.94,1.25,1.1,0.81,0.94,0,-0.04,neutral,alcista,0,0.867,32,10845,2,
s37837,SANDUSDT,1789667100000,testA,1,2.25,0.368,3.55,2.79,1.24,2.29,1.04,0.88,0.69,0.81,0,-0.04,neutral,neutral,0,1.657,32,10845,1,
s37838,PUMPUSDT,1789668000000,val,-1,-2.74,0.387,3.81,3.15,0.34,-2.42,0.5,0.83,0.86,0.82,0,-0.32,neutral,neutral,0,-1.0,21,10847,1,
s37839,JUPUSDT,1789669800000,val,1,3.18,0.383,5.87,4.28,0.75,3.18,1.36,1.06,1.1,0.96,0,0.0,neutral,neutral,0,0.72,32,10849,1,
s37840,FETUSDT,1789669800000,val,1,2.72,0.431,5.77,3.61,0.6,2.71,0.49,1.95,1.59,1.26,1,0.0,neutral,neutral,1,2.0,27,10848,0,
s37841,SANDUSDT,1789669800000,testA,1,2.41,0.42,3.53,3.17,0.8,2.41,1.13,0.98,0.77,0.77,1,0.0,neutral,alcista,0,1.354,32,10848,2,
s37842,OPUSDT,1789670700000,val,1,2.99,0.505,4.77,3.6,0.7,2.9,0.37,1.05,0.89,0.87,1,0.09,neutral,neutral,0,1.517,32,10850,1,
s37843,TIAUSDT,1789670700000,val,1,2.28,0.385,4.07,3.36,0.57,2.19,0.65,0.96,0.92,0.89,1,0.09,neutral,neutral,0,1.336,32,10850,1,
s37844,FETUSDT,1789670700000,val,1,3.15,0.477,5.75,3.95,0.64,3.06,0.64,1.95,1.59,1.26,1,0.09,neutral,neutral,0,1.939,32,10849,1,
s37845,GRTUSDT,1789670700000,testA,1,2.44,0.373,3.58,3.09,0.5,2.35,0.67,1.11,0.85,0.86,0,0.09,neutral,neutral,0,0.965,32,10849,0,
s37846,SANDUSDT,1789670700000,testA,1,3.0,0.542,3.84,3.33,1.29,2.91,1.07,0.98,0.77,0.77,1,0.09,neutral,alcista,0,1.126,32,10849,3,
s37847,OPUSDT,1789671600000,val,1,3.61,0.601,4.47,3.63,0.7,3.34,0.65,1.0,0.87,0.82,1,0.27,neutral,alcista,1,2.0,32,10851,2,
s37848,TIAUSDT,1789671600000,val,1,3.06,0.587,3.93,3.11,0.59,2.79,0.47,0.96,0.86,0.86,0,0.27,neutral,neutral,0,1.809,32,10851,0,
s37849,JUPUSDT,1789671600000,val,1,3.39,0.413,5.87,3.58,0.57,3.12,0.41,1.02,1.08,0.93,0,0.27,neutral,neutral,0,1.554,32,10851,0,
s37850,FETUSDT,1789671600000,val,1,4.03,0.586,5.72,4.47,0.64,3.76,1.12,1.86,1.61,1.23,1,0.27,neutral,alcista,0,1.88,32,10850,2,
s37851,GRTUSDT,1789671600000,testA,1,2.96,0.477,3.63,2.87,0.6,2.69,0.61,1.17,0.89,0.85,1,0.27,neutral,neutral,0,1.377,32,10850,1,
s37852,SANDUSDT,1789671600000,testA,1,2.57,0.43,3.75,2.59,1.5,2.3,0.39,1.1,0.84,0.78,1,0.27,neutral,neutral,1,2.0,26,10850,0,
s37853,OPUSDT,1789672500000,val,1,3.22,0.574,3.89,3.16,0.63,3.06,0.82,1.0,0.87,0.82,1,0.15,neutral,alcista,1,2.0,31,10852,3,
s37854,TIAUSDT,1789672500000,val,1,2.03,0.412,3.21,2.01,0.75,1.87,0.18,0.96,0.86,0.86,0,0.15,neutral,neutral,1,2.0,25,10852,0,
s37855,JUPUSDT,1789672500000,val,1,3.38,0.413,5.33,3.4,0.54,3.22,0.85,1.02,1.08,0.93,0,0.15,neutral,neutral,0,1.734,32,10852,1,
s37856,FETUSDT,1789672500000,val,1,3.52,0.523,4.89,3.46,0.66,3.37,0.96,1.86,1.61,1.23,1,0.15,neutral,neutral,1,2.0,28,10851,0,
s37857,GRTUSDT,1789672500000,testA,1,2.56,0.442,3.25,2.55,0.77,2.4,0.65,1.17,0.89,0.85,1,0.15,neutral,alcista,0,1.617,32,10851,2,
s37858,SANDUSDT,1789672500000,testA,1,2.62,0.435,3.31,2.58,1.59,2.47,0.8,1.1,0.84,0.78,1,0.15,neutral,neutral,1,2.0,31,10851,1,
s37859,OPUSDT,1789673400000,val,1,2.4,0.503,3.09,2.49,0.49,2.6,0.97,1.0,0.87,0.82,1,-0.21,neutral,alcista,1,2.0,29,10853,4,
s37860,FETUSDT,1789673400000,val,1,2.69,0.458,4.29,2.92,0.57,2.9,0.93,1.86,1.61,1.23,1,-0.21,neutral,neutral,1,2.0,21,10852,0,
s37861,FETUSDT,1789674300000,val,1,2.44,0.435,3.99,2.68,0.53,2.69,0.94,1.86,1.61,1.23,1,-0.25,neutral,neutral,1,2.0,20,10853,1,
s37862,SANDUSDT,1789674300000,testA,1,2.14,0.385,2.49,2.1,0.99,2.39,1.04,1.1,0.84,0.78,1,-0.25,neutral,neutral,1,2.0,19,10853,1,
s37863,FETUSDT,1789675200000,val,1,2.19,0.409,3.45,2.32,0.48,2.33,0.97,1.73,1.64,1.23,1,-0.14,neutral,alcista,1,2.0,19,10854,2,
s37864,SANDUSDT,1789675200000,testA,1,2.3,0.403,3.13,2.63,1.57,2.44,1.71,1.31,0.96,0.83,1,-0.14,neutral,alcista,0,1.253,32,10854,2,
s37865,INJUSDT,1789676100000,val,1,2.73,0.408,3.49,3.4,1.21,2.73,2.0,0.89,0.88,0.73,1,-0.01,neutral,alcista,0,0.378,32,10856,5,
s37866,FETUSDT,1789676100000,val,1,2.11,0.402,3.19,2.78,0.58,2.12,1.41,1.73,1.64,1.23,1,-0.01,neutral,alcista,1,2.0,20,10855,3,
s37867,INJUSDT,1789677000000,val,1,2.54,0.368,3.48,2.78,1.28,2.78,1.26,0.89,0.88,0.73,1,-0.24,neutral,neutral,0,1.019,32,10857,0,
s37868,GRTUSDT,1789679700000,testA,1,2.18,0.526,2.29,2.19,1.06,2.67,1.17,1.19,0.97,0.83,1,-0.49,neutral,neutral,0,1.634,32,10859,1,
s37869,SANDUSDT,1789680600000,testA,1,3.33,0.541,4.04,3.61,0.91,3.59,2.04,1.46,1.04,0.85,1,-0.26,neutral,alcista,0,0.455,32,10860,3,
s37870,ENAUSDT,1789681500000,val,-1,-3.91,0.507,4.72,4.51,0.56,-3.57,1.51,1.1,1.39,1.21,0,-0.35,neutral,neutral,0,-1.0,15,10862,1,
s37871,ARBUSDT,1789681500000,val,-1,-5.48,0.374,6.53,6.15,0.49,-5.14,1.33,1.78,1.5,1.39,1,-0.35,neutral,bajista,0,-1.0,15,10862,2,
s37872,SANDUSDT,1789681500000,testA,1,2.82,0.455,4.14,3.34,0.95,3.16,1.54,1.46,1.04,0.85,1,-0.35,neutral,neutral,0,0.541,32,10861,0,
s37873,ENAUSDT,1789682400000,val,-1,-3.44,0.473,4.28,3.86,0.94,-2.96,1.72,0.97,1.36,1.23,0,-0.48,neutral,bajista,0,-1.0,13,10863,2,
s37874,ARBUSDT,1789682400000,val,-1,-6.01,0.394,6.8,6.54,0.53,-5.53,1.97,1.48,1.52,1.42,0,-0.48,neutral,bajista,0,-1.0,12,10863,3,
s37875,ONDOUSDT,1789682400000,val,-1,-2.09,0.436,3.03,2.57,1.12,-1.62,1.08,1.1,3.21,2.25,0,-0.48,neutral,neutral,0,-1.0,10,10862,0,
s37876,SANDUSDT,1789682400000,testA,1,3.36,0.553,4.13,3.53,1.01,3.84,1.61,1.42,1.11,0.89,1,-0.48,neutral,neutral,0,0.512,32,10862,1,
s37877,ENAUSDT,1789683300000,val,-1,-3.23,0.457,3.96,3.61,1.13,-2.61,1.69,0.97,1.36,1.23,0,-0.62,neutral,bajista,0,-1.0,11,10864,3,
s37878,TIAUSDT,1789683300000,val,-1,-2.53,0.616,2.77,2.68,1.17,-1.91,1.39,0.77,0.82,0.84,0,-0.62,neutral,bajista,0,-1.0,9,10864,6,
s37879,ONDOUSDT,1789683300000,val,-1,-2.75,0.52,3.35,3.19,1.32,-2.13,1.5,1.1,3.21,2.25,0,-0.62,neutral,neutral,0,-1.0,9,10863,1,
s37880,SANDUSDT,1789683300000,testA,1,3.33,0.551,4.12,3.61,0.94,3.95,1.58,1.42,1.11,0.89,1,-0.62,neutral,alcista,0,0.47,32,10863,2,
s37881,PUMPUSDT,1789685100000,val,1,2.73,0.401,3.16,2.93,2.09,2.93,1.62,0.37,0.71,0.75,0,-0.2,neutral,neutral,1,2.0,24,10866,0,
s37882,STBLUSDT,1789685100000,val,1,2.1,0.424,2.99,2.52,1.29,2.3,1.2,0.44,0.58,0.53,0,-0.2,neutral,alcista,0,0.246,32,10866,3,
s37883,SANDUSDT,1789685100000,testA,1,2.58,0.393,3.93,3.47,0.8,2.78,1.41,1.42,1.11,0.89,1,-0.2,neutral,neutral,0,0.52,32,10865,1,
s37884,XPLUSDT,1789686000000,val,1,3.16,0.375,4.27,4.02,1.23,3.25,1.75,0.95,1.14,1.13,0,-0.09,neutral,alcista,0,0.286,32,10867,3,
s37885,PUMPUSDT,1789686000000,val,1,3.47,0.459,3.77,3.63,2.08,3.56,2.06,0.48,0.76,0.75,0,-0.09,neutral,neutral,0,1.912,32,10867,1,
s37886,JUPUSDT,1789686000000,val,1,2.29,0.477,2.83,2.45,1.98,2.37,1.26,0.74,0.9,0.94,0,-0.09,neutral,neutral,1,2.0,19,10867,1,
s37887,GRTUSDT,1789686000000,testA,1,2.22,0.519,2.92,2.6,1.1,2.31,1.19,1.11,1.11,0.83,0,-0.09,neutral,neutral,0,1.245,32,10866,1,
s37888,SANDUSDT,1789686000000,testA,1,2.82,0.442,3.95,3.07,0.78,2.9,0.88,1.4,1.14,0.89,1,-0.09,neutral,neutral,0,0.705,32,10866,0,
s37889,XPLUSDT,1789686900000,val,1,3.43,0.417,3.88,3.37,1.32,3.56,1.38,0.95,1.14,1.13,0,-0.13,neutral,neutral,0,0.62,32,10868,0,
s37890,PUMPUSDT,1789686900000,val,1,4.3,0.514,5.37,4.61,3.58,4.43,2.9,0.48,0.76,0.75,0,-0.13,neutral,alcista,0,0.995,32,10868,2,
s37891,JUPUSDT,1789686900000,val,1,2.36,0.487,2.94,2.86,1.54,2.5,1.5,0.74,0.9,0.94,0,-0.13,neutral,alcista,1,2.0,19,10868,2,
s37892,FETUSDT,1789686900000,val,1,3.88,0.481,4.31,4.25,1.89,4.01,3.04,1.44,1.84,1.32,0,-0.13,neutral,alcista,0,0.919,32,10867,5,
s37893,GRTUSDT,1789686900000,testA,1,2.22,0.519,2.91,2.65,1.32,2.35,1.09,1.11,1.11,0.83,0,-0.13,neutral,neutral,0,1.24,32,10867,0,
s37894,SANDUSDT,1789686900000,testA,1,2.55,0.419,3.48,2.76,0.77,2.68,0.87,1.4,1.14,0.89,1,-0.13,neutral,neutral,0,0.802,32,10867,1,
s37895,PUMPUSDT,1789687800000,val,1,4.34,0.518,5.38,4.47,2.51,4.56,2.56,0.48,0.76,0.75,0,-0.22,neutral,neutral,0,1.235,32,10869,0,
s37896,JUPUSDT,1789687800000,val,1,2.63,0.57,2.94,2.82,1.37,2.86,1.41,0.74,0.9,0.94,0,-0.22,neutral,neutral,1,2.0,18,10869,0,
s37897,FETUSDT,1789687800000,val,1,3.22,0.375,4.33,3.7,1.96,3.44,2.17,1.44,1.84,1.32,0,-0.22,neutral,neutral,0,1.25,32,10868,0,
s37898,ARUSDT,1789687800000,testA,1,2.11,0.462,2.67,2.37,1.23,2.34,1.32,0.37,0.49,0.54,0,-0.22,neutral,alcista,1,2.0,27,10868,6,
s37899,GRTUSDT,1789687800000,testA,1,2.88,0.671,3.06,2.96,0.96,3.11,1.3,1.11,1.11,0.83,0,-0.22,neutral,neutral,0,1.232,32,10868,1,
s37900,SANDUSDT,1789687800000,testA,1,3.51,0.502,3.58,3.55,0.78,3.73,1.58,1.4,1.14,0.89,1,-0.22,neutral,alcista,0,0.397,32,10868,2,
s37901,PUMPUSDT,1789688700000,val,1,4.48,0.542,5.34,4.31,2.37,4.7,2.2,0.48,0.76,0.75,0,-0.23,neutral,neutral,0,0.858,32,10870,0,
s37902,0GUSDT,1789688700000,val,1,2.28,0.742,2.61,2.32,1.76,2.5,1.07,0.93,1.47,3.69,0,-0.23,neutral,neutral,0,0.271,32,10870,1,
s37903,JUPUSDT,1789688700000,val,1,2.37,0.545,2.94,2.56,0.9,2.59,1.27,0.74,0.9,0.94,0,-0.23,neutral,neutral,1,2.0,16,10870,1,
s37904,FETUSDT,1789688700000,val,1,3.81,0.416,4.59,4.31,1.86,4.04,2.47,1.44,1.84,1.32,0,-0.23,neutral,neutral,0,0.947,32,10869,1,
s37905,GRTUSDT,1789688700000,testA,1,2.43,0.634,2.69,2.53,0.92,2.66,1.21,1.11,1.11,0.83,0,-0.23,neutral,alcista,0,1.333,32,10869,2,
s37906,SANDUSDT,1789688700000,testA,1,2.77,0.398,3.18,2.8,0.69,3.0,1.19,1.4,1.14,0.89,1,-0.23,neutral,neutral,0,0.699,32,10869,0,
s37907,PUMPUSDT,1789689600000,val,1,3.12,0.383,5.34,3.69,2.35,3.35,1.39,0.55,0.69,0.76,0,-0.22,neutral,neutral,0,1.32,32,10871,0,
s37908,JUPUSDT,1789689600000,val,1,2.06,0.511,2.94,2.56,1.01,2.28,1.1,0.74,0.89,0.94,0,-0.22,neutral,alcista,1,2.0,15,10871,2,
s37909,FETUSDT,1789689600000,val,1,3.75,0.412,4.59,4.42,1.7,3.97,2.36,1.6,1.8,1.39,0,-0.22,neutral,alcista,0,0.779,32,10870,2,
s37910,GRTUSDT,1789689600000,testA,1,2.26,0.618,2.79,2.63,0.85,2.48,1.38,1.22,1.17,0.82,1,-0.22,neutral,alcista,0,1.04,32,10870,3,
s37911,SANDUSDT,1789689600000,testA,1,2.66,0.39,3.48,3.21,1.43,2.88,1.74,1.61,1.3,0.96,1,-0.22,neutral,neutral,0,0.294,32,10870,1,
s37912,GRTUSDT,1789690500000,testA,1,2.15,0.606,2.58,2.42,0.84,2.59,1.29,1.22,1.17,0.82,1,-0.43,neutral,neutral,0,1.283,32,10871,0,
s37913,SANDUSDT,1789690500000,testA,1,3.09,0.464,3.61,3.32,2.05,3.52,1.68,1.61,1.3,0.96,1,-0.43,neutral,alcista,0,0.366,32,10871,2,
s37914,AXSUSDT,1789690500000,testA,1,3.17,0.793,4.05,3.39,5,3.61,2.54,2.45,1.61,1.21,1,-0.43,neutral,alcista,0,0.696,32,10871,3,
s37915,SANDUSDT,1789691400000,testA,1,2.86,0.438,3.59,3.05,2.12,3.0,1.42,1.61,1.3,0.96,1,-0.14,neutral,neutral,0,0.522,32,10872,0,
s37916,AXSUSDT,1789691400000,testA,1,3.64,0.835,5.32,3.77,5,3.78,2.67,2.45,1.61,1.21,1,-0.14,neutral,alcista,0,0.639,32,10872,4,
s37917,JUPUSDT,1789692300000,val,1,2.06,0.436,2.73,2.27,1.14,2.03,0.81,0.74,0.89,0.94,0,0.03,neutral,alcista,1,2.0,12,10874,2,
s37918,FETUSDT,1789692300000,val,1,5.33,0.437,6.36,6.24,1.42,5.3,3.54,1.6,1.8,1.39,0,0.03,neutral,alcista,0,0.712,32,10873,2,
s37919,SANDUSDT,1789692300000,testA,1,3.17,0.475,3.58,3.26,2.08,3.14,1.36,1.61,1.3,0.96,1,0.03,neutral,neutral,0,0.537,32,10873,1,
s37920,AXSUSDT,1789692300000,testA,1,3.77,0.839,5.31,3.96,5,3.74,2.56,2.45,1.61,1.21,1,0.03,neutral,alcista,0,0.602,32,10873,5,
s37921,STBLUSDT,1789693200000,val,1,2.71,0.511,3.37,3.1,0.92,2.65,1.73,0.39,0.5,0.54,0,0.06,neutral,alcista,0,-0.235,32,10875,6,
s37922,WLDUSDT,1789693200000,val,1,3.15,0.515,3.7,3.7,1.17,3.09,1.85,0.91,1.01,0.94,0,0.06,neutral,alcista,1,2.0,11,10875,3,
s37923,OPUSDT,1789693200000,val,1,2.02,0.394,3.46,3.02,1.47,1.96,1.35,0.74,0.87,0.79,0,0.06,neutral,neutral,1,2.0,8,10875,0,
s37924,SUIUSDT,1789693200000,val,1,2.46,0.493,3.65,3.21,1.78,2.4,1.85,0.95,0.85,0.76,1,0.06,neutral,alcista,0,1.376,32,10875,3,
s37925,JUPUSDT,1789693200000,val,1,3.91,0.611,4.05,3.93,1.33,3.85,2.27,0.89,0.95,0.96,0,0.06,neutral,alcista,0,1.389,32,10875,3,
s37926,ONDOUSDT,1789693200000,val,1,3.39,0.46,4.76,4.63,1.85,3.33,2.28,1.34,1.92,2.25,0,0.06,neutral,alcista,0,0.112,32,10874,3,
s37927,FETUSDT,1789693200000,val,1,5.84,0.495,6.42,6.08,1.51,5.78,2.94,1.77,1.84,1.45,0,0.06,neutral,neutral,0,0.722,32,10874,0,
s37928,ARUSDT,1789693200000,testA,1,2.75,0.439,3.86,3.57,2.63,2.69,1.87,0.58,0.57,0.57,0,0.06,neutral,alcista,1,2.0,27,10874,3,
s37929,LDOUSDT,1789693200000,testA,1,2.2,0.406,2.92,2.64,0.92,2.13,1.13,0.87,0.76,0.75,1,0.06,neutral,alcista,1,2.0,25,10874,3,
s37930,SANDUSDT,1789693200000,testA,1,3.02,0.464,3.55,3.36,0.94,2.95,1.51,1.59,1.34,0.96,1,0.06,neutral,alcista,0,0.608,32,10874,2,
s37931,MANAUSDT,1789693200000,testA,1,2.13,0.606,2.68,2.33,1.65,2.06,1.13,0.88,0.83,0.75,1,0.06,neutral,alcista,0,0.858,32,10874,5,
s37932,AXSUSDT,1789693200000,testA,1,5.57,0.923,6.87,5.48,5,5.51,3.77,4.14,2.43,1.62,1,0.06,neutral,alcista,0,0.127,32,10874,6,
s37933,STBLUSDT,1789694100000,val,1,3.18,0.551,3.92,3.62,1.14,3.13,2.05,0.39,0.5,0.54,0,0.05,neutral,alcista,0,-0.358,32,10876,7,
s37934,WLDUSDT,1789694100000,val,1,3.66,0.57,4.37,4.07,1.33,3.61,2.11,0.91,1.01,0.94,0,0.05,neutral,alcista,1,2.0,11,10876,4,
s37935,OPUSDT,1789694100000,val,1,2.71,0.493,3.61,3.51,1.54,2.66,1.73,0.74,0.87,0.79,0,0.05,neutral,neutral,1,2.0,7,10876,1,
s37936,SUIUSDT,1789694100000,val,1,2.38,0.469,3.65,3.11,1.79,2.33,1.57,0.95,0.85,0.76,1,0.05,neutral,neutral,0,1.526,32,10876,0,
s37937,TIAUSDT,1789694100000,val,1,2.88,0.449,4.07,4.02,1.08,2.83,1.91,0.78,0.87,0.8,0,0.05,neutral,alcista,1,2.0,14,10876,4,
s37938,SEIUSDT,1789694100000,val,1,2.15,0.511,2.97,2.84,1.08,2.1,1.41,1.03,0.79,0.66,1,0.05,neutral,alcista,0,1.787,32,10876,4,
s37939,JUPUSDT,1789694100000,val,1,2.87,0.432,3.87,3.12,1.25,2.82,1.55,0.89,0.95,0.96,0,0.05,neutral,neutral,1,2.0,12,10876,0,
s37940,ONDOUSDT,1789694100000,val,1,4.78,0.592,5.87,5.56,1.99,4.73,3.01,1.34,1.92,2.25,0,0.05,neutral,alcista,0,-0.046,32,10875,4,
s37941,FETUSDT,1789694100000,val,1,6.15,0.512,6.97,6.3,1.51,6.1,2.82,1.77,1.84,1.45,0,0.05,neutral,neutral,0,0.679,32,10875,1,
s37942,LDOUSDT,1789694100000,testA,1,2.7,0.457,3.21,3.15,1.19,2.65,1.59,0.87,0.76,0.75,1,0.05,neutral,alcista,1,2.0,24,10875,4,
s37943,SANDUSDT,1789694100000,testA,1,2.73,0.44,2.9,2.71,0.78,2.68,1.35,1.59,1.34,0.96,1,0.05,neutral,alcista,0,0.96,32,10875,3,
s37944,AXSUSDT,1789694100000,testA,1,5.61,0.923,6.86,5.52,5,5.56,3.45,4.14,2.43,1.62,1,0.05,neutral,alcista,0,0.107,32,10875,7,
s37945,STBLUSDT,1789695000000,val,1,3.12,0.53,3.94,3.17,1.33,2.89,1.5,0.39,0.5,0.54,0,0.22,neutral,neutral,0,-0.229,32,10877,0,
s37946,WLDUSDT,1789695000000,val,1,3.86,0.584,4.58,4.46,1.2,3.64,2.26,0.91,1.01,0.94,0,0.22,neutral,alcista,1,2.0,21,10877,5,
s37947,ENAUSDT,1789695000000,val,1,3.52,0.361,5.58,5.23,1.56,3.3,2.66,0.95,1.23,1.19,0,0.22,neutral,alcista,0,0.919,32,10877,4,
s37948,OPUSDT,1789695000000,val,1,3.53,0.567,4.31,4.23,1.46,3.31,2.22,0.74,0.87,0.79,0,0.22,neutral,alcista,1,2.0,7,10877,2,
s37949,SUIUSDT,1789695000000,val,1,2.82,0.514,3.65,3.51,1.96,2.59,1.77,0.95,0.85,0.76,1,0.22,neutral,neutral,0,1.404,32,10877,1,
s37950,TIAUSDT,1789695000000,val,1,4.74,0.589,5.78,5.61,1.66,4.51,3.22,0.78,0.87,0.8,0,0.22,neutral,alcista,0,1.461,32,10877,5,
s37951,SEIUSDT,1789695000000,val,1,2.37,0.536,3.25,3.21,1.53,2.15,1.61,1.03,0.79,0.66,1,0.22,neutral,alcista,0,1.542,32,10877,5,
s37952,JUPUSDT,1789695000000,val,1,2.6,0.404,3.83,3.04,1.36,2.38,1.33,0.89,0.95,0.96,0,0.22,neutral,neutral,1,2.0,11,10877,0,
s37953,ONDOUSDT,1789695000000,val,1,4.54,0.581,6.02,5.71,1.76,4.32,2.85,1.34,1.92,2.25,0,0.22,neutral,alcista,0,-0.018,32,10876,5,
s37954,FETUSDT,1789695000000,val,1,5.29,0.443,7.0,5.93,1.29,5.07,2.26,1.77,1.84,1.45,0,0.22,neutral,neutral,0,0.819,32,10876,0,
s37955,ARUSDT,1789695000000,testA,1,2.82,0.411,4.11,3.89,3.08,2.59,1.87,0.58,0.57,0.57,0,0.22,neutral,neutral,1,2.0,27,10876,1,
s37956,STXUSDT,1789695000000,testA,1,2.88,0.404,4.55,3.97,2.66,2.66,2.16,0.9,0.97,0.85,0,0.22,neutral,alcista,0,1.833,32,10876,5,
s37957,LDOUSDT,1789695000000,testA,1,2.41,0.43,3.5,3.36,1.25,2.18,1.66,0.87,0.76,0.75,1,0.22,neutral,alcista,0,1.821,32,10876,5,
s37958,MANAUSDT,1789695000000,testA,1,2.08,0.507,2.67,2.6,1.12,1.85,1.32,0.88,0.83,0.75,1,0.22,neutral,neutral,0,0.802,32,10876,1,
s37959,AXSUSDT,1789695000000,testA,1,5.79,0.925,6.84,5.84,2.6,5.57,3.41,4.14,2.43,1.62,1,0.22,neutral,alcista,0,0.065,32,10876,8,
s37960,STBLUSDT,1789695900000,val,1,3.15,0.533,3.93,3.47,1.41,2.72,1.66,0.39,0.5,0.54,0,0.43,neutral,neutral,0,0.011,32,10878,1,
s37961,WLDUSDT,1789695900000,val,1,5.9,0.76,5.9,5.87,1.38,5.47,3.5,0.91,1.01,0.94,0,0.43,neutral,alcista,0,1.679,32,10878,6,
s37962,ENAUSDT,1789695900000,val,1,6.42,0.608,7.04,6.81,1.88,5.99,3.98,0.95,1.23,1.19,0,0.43,neutral,alcista,0,0.516,32,10878,5,
s37963,OPUSDT,1789695900000,val,1,5.55,0.759,5.69,5.62,1.6,5.12,3.43,0.74,0.87,0.79,0,0.43,neutral,alcista,0,0.904,32,10878,3,
s37964,SUIUSDT,1789695900000,val,1,4.03,0.681,4.77,4.25,1.66,3.6,2.33,0.95,0.85,0.76,1,0.43,neutral,alcista,0,1.102,32,10878,2,
s37965,TIAUSDT,1789695900000,val,1,5.36,0.675,5.98,5.82,1.76,4.93,3.16,0.78,0.87,0.8,0,0.43,neutral,alcista,0,1.416,32,10878,6,
s37966,SEIUSDT,1789695900000,val,1,2.84,0.689,3.29,3.27,1.41,2.41,1.53,1.03,0.79,0.66,1,0.43,neutral,alcista,0,1.51,32,10878,6,
s37967,JUPUSDT,1789695900000,val,1,3.25,0.469,3.93,3.56,1.56,2.82,1.71,0.89,0.95,0.96,0,0.43,neutral,neutral,1,2.0,13,10878,1,
s37968,ONDOUSDT,1789695900000,val,1,4.55,0.575,6.07,4.98,1.71,4.12,1.95,1.34,1.92,2.25,0,0.43,neutral,neutral,0,0.188,32,10877,0,
s37969,FETUSDT,1789695900000,val,1,6.69,0.549,6.95,6.61,1.05,6.26,2.81,1.77,1.84,1.45,0,0.43,neutral,neutral,0,0.763,32,10877,1,
s37970,ARUSDT,1789695900000,testA,1,3.75,0.563,4.5,4.21,3.97,3.32,1.99,0.58,0.57,0.57,0,0.43,neutral,alcista,1,2.0,28,10877,2,
s37971,STXUSDT,1789695900000,testA,1,3.54,0.53,4.55,4.04,2.89,3.11,2.08,0.9,0.97,0.85,0,0.43,neutral,alcista,0,1.788,32,10877,6,
s37972,LDOUSDT,1789695900000,testA,1,3.99,0.628,4.76,4.43,2.18,3.56,2.61,0.87,0.76,0.75,1,0.43,neutral,alcista,0,1.116,32,10877,6,
s37973,MANAUSDT,1789695900000,testA,1,2.92,0.663,3.19,3.14,1.13,2.49,1.72,0.88,0.83,0.75,1,0.43,neutral,alcista,0,0.519,32,10877,2,
s37974,AXSUSDT,1789695900000,testA,1,6.64,1.0,6.74,6.3,2.56,6.21,3.62,4.14,2.43,1.62,1,0.43,neutral,alcista,0,-0.021,32,10877,8,
s37975,STBLUSDT,1789696800000,val,1,3.27,0.565,3.66,3.17,0.56,2.74,1.45,0.4,0.49,0.53,0,0.52,neutral,neutral,0,-0.012,32,10879,0,
s37976,WLDUSDT,1789696800000,val,1,7.14,0.794,7.06,7.01,2.08,6.62,4.31,1.54,1.18,1.08,1,0.52,neutral,alcista,0,1.322,32,10879,7,
s37977,ENAUSDT,1789696800000,val,1,6.19,0.57,7.07,6.19,1.9,5.67,2.99,1.18,1.22,1.22,0,0.52,neutral,neutral,0,0.675,32,10879,0,
s37978,OPUSDT,1789696800000,val,1,4.38,0.516,6.0,4.53,1.88,3.86,2.05,0.95,0.9,0.82,1,0.52,neutral,neutral,1,2.0,5,10879,0,
s37979,INJUSDT,1789696800000,val,1,2.75,0.381,3.87,2.88,1.85,2.22,0.88,0.7,0.79,0.74,0,0.52,neutral,neutral,1,2.0,22,10879,0,
s37980,SUIUSDT,1789696800000,val,1,4.63,0.717,4.94,4.78,1.53,4.11,2.62,1.16,0.89,0.8,1,0.52,neutral,alcista,0,0.891,32,10879,3,
s37981,TIAUSDT,1789696800000,val,1,4.83,0.568,6.42,5.02,1.74,4.3,2.11,0.93,0.9,0.82,1,0.52,neutral,neutral,1,2.0,26,10879,0,
s37982,SEIUSDT,1789696800000,val,1,2.87,0.698,3.43,3.1,1.24,2.34,1.22,1.19,0.83,0.68,1,0.52,neutral,neutral,0,1.662,32,10879,0,
s37983,JUPUSDT,1789696800000,val,1,3.34,0.487,3.64,3.23,1.12,2.81,1.45,0.92,0.92,0.97,0,0.52,neutral,neutral,1,2.0,12,10879,0,
s37984,PENDLEUSDT,1789696800000,val,1,3.22,0.396,3.97,3.65,1.73,2.7,2.28,0.78,0.82,0.91,0,0.52,neutral,alcista,1,2.0,13,10879,4,
s37985,ONDOUSDT,1789696800000,val,1,4.25,0.532,6.08,4.8,1.76,3.73,1.64,1.48,1.53,2.25,0,0.52,neutral,neutral,0,0.335,32,10878,0,
s37986,FETUSDT,1789696800000,val,1,6.82,0.564,6.95,6.61,1.0,6.3,2.54,1.83,1.8,1.48,1,0.52,neutral,neutral,0,0.737,32,10878,0,
s37987,ARUSDT,1789696800000,testA,1,5.22,0.68,5.43,5.32,2.22,4.69,2.84,0.76,0.62,0.61,1,0.52,neutral,alcista,1,2.0,27,10878,3,
s37988,STXUSDT,1789696800000,testA,1,4.08,0.627,4.93,4.19,2.06,3.55,2.0,1.01,0.91,0.87,1,0.52,neutral,alcista,0,1.639,32,10878,7,
s37989,LDOUSDT,1789696800000,testA,1,3.92,0.607,4.78,4.02,1.86,3.4,1.95,0.93,0.74,0.75,0,0.52,neutral,neutral,0,1.378,32,10878,0,
s37990,MANAUSDT,1789696800000,testA,1,3.58,0.763,3.7,3.53,1.14,3.05,1.94,1.03,0.86,0.77,1,0.52,neutral,alcista,0,0.363,32,10878,3,
s37991,AXSUSDT,1789696800000,testA,1,7.17,1.0,7.28,6.77,1.86,6.65,3.79,5.11,2.85,1.85,1,0.52,neutral,alcista,0,-0.086,32,10878,8,
s37992,XPLUSDT,1789697700000,val,1,3.31,0.416,3.48,3.32,0.87,2.44,1.27,1.16,1.11,1.22,0,0.87,neutral,neutral,0,0.286,32,10880,1,
s37993,STBLUSDT,1789697700000,val,1,3.19,0.559,3.62,3.13,0.35,2.32,1.37,0.4,0.49,0.53,0,0.87,neutral,neutral,0,0.11,32,10880,0,
s37994,ENAUSDT,1789697700000,val,1,7.02,0.607,7.15,6.59,2.37,6.15,3.36,1.18,1.22,1.22,0,0.87,neutral,neutral,0,0.59,32,10880,1,
s37995,OPUSDT,1789697700000,val,1,5.05,0.566,5.81,4.86,2.0,4.18,2.34,0.95,0.9,0.82,1,0.87,neutral,neutral,1,2.0,4,10880,1,
s37996,INJUSDT,1789697700000,val,1,2.87,0.392,3.68,2.81,2.06,2.0,0.92,0.7,0.79,0.74,0,0.87,neutral,neutral,1,2.0,21,10880,1,
s37997,SUIUSDT,1789697700000,val,1,4.96,0.804,5.58,4.74,1.95,4.09,2.33,1.16,0.89,0.8,1,0.87,neutral,neutral,0,0.981,32,10880,0,
s37998,TIAUSDT,1789697700000,val,1,5.8,0.659,6.32,5.51,2.08,4.93,2.45,0.93,0.9,0.82,1,0.87,neutral,neutral,0,1.658,32,10880,1,
s37999,SEIUSDT,1789697700000,val,1,3.33,0.81,3.52,3.25,1.51,2.46,1.28,1.19,0.83,0.68,1,0.87,neutral,neutral,0,1.589,32,10880,1,
s38000,JUPUSDT,1789697700000,val,1,2.55,0.395,3.2,2.57,1.06,1.68,1.1,0.92,0.92,0.97,0,0.87,neutral,neutral,1,2.0,7,10880,0,
s38001,PENDLEUSDT,1789697700000,val,1,3.05,0.367,3.98,3.36,2.08,2.18,1.78,0.78,0.82,0.91,0,0.87,neutral,neutral,1,2.0,8,10880,0,
s38002,ONDOUSDT,1789697700000,val,1,5.09,0.665,5.96,4.9,1.55,4.22,1.63,1.48,1.53,2.25,0,0.87,neutral,neutral,0,0.344,32,10879,1,
s38003,FETUSDT,1789697700000,val,1,6.8,0.564,6.54,6.42,0.88,5.93,2.5,1.83,1.8,1.48,1,0.87,neutral,neutral,0,0.687,32,10879,1,
s38004,ARUSDT,1789697700000,testA,1,5.18,0.672,5.15,4.93,2.43,4.31,2.5,0.76,0.62,0.61,1,0.87,neutral,neutral,1,2.0,26,10879,0,
s38005,STXUSDT,1789697700000,testA,1,4.25,0.669,4.93,4.12,2.23,3.38,1.73,1.01,0.91,0.87,1,0.87,neutral,neutral,0,1.84,32,10879,0,
s38006,GRTUSDT,1789697700000,testA,1,2.09,0.481,2.21,2.21,0.9,1.22,0.76,1.13,1.2,0.85,0,0.87,neutral,neutral,0,1.762,32,10879,1,
s38007,LDOUSDT,1789697700000,testA,1,4.01,0.628,4.67,3.88,1.77,3.14,1.67,0.93,0.74,0.75,0,0.87,neutral,neutral,0,1.413,32,10879,0,
s38008,MANAUSDT,1789697700000,testA,1,2.98,0.66,3.54,2.91,1.19,2.11,1.53,1.03,0.86,0.77,1,0.87,neutral,neutral,0,0.631,32,10879,0,
s38009,AXSUSDT,1789697700000,testA,1,6.51,0.862,7.12,6.12,1.59,5.63,2.94,5.11,2.85,1.85,1,0.87,neutral,neutral,0,0.005,32,10879,0,
s38010,STBLUSDT,1789698600000,val,1,2.38,0.488,3.2,2.82,0.38,1.7,1.3,0.4,0.49,0.53,0,0.68,neutral,neutral,0,0.405,32,10881,1,
s38011,ENAUSDT,1789698600000,val,1,5.98,0.571,6.43,6.0,2.07,5.3,3.29,1.18,1.22,1.22,0,0.68,neutral,alcista,0,0.667,32,10881,2,
s38012,OPUSDT,1789698600000,val,1,4.52,0.54,5.17,4.54,2.1,3.84,2.45,0.95,0.9,0.82,1,0.68,neutral,alcista,1,2.0,3,10881,2,
s38013,SUIUSDT,1789698600000,val,1,4.77,0.799,5.24,4.83,2.0,4.09,2.54,1.16,0.89,0.8,1,0.68,neutral,neutral,0,0.86,32,10881,1,
s38014,TIAUSDT,1789698600000,val,1,5.85,0.662,5.9,5.58,1.46,5.17,2.87,0.93,0.9,0.82,1,0.68,neutral,alcista,0,1.626,32,10881,2,
s38015,SEIUSDT,1789698600000,val,1,2.79,0.782,3.12,2.85,1.61,2.11,1.21,1.19,0.83,0.68,1,0.68,neutral,neutral,0,1.891,32,10881,0,
s38016,ONDOUSDT,1789698600000,val,1,4.14,0.621,5.22,4.49,1.06,3.46,1.88,1.48,1.53,2.25,0,0.68,neutral,alcista,0,0.351,32,10880,2,
s38017,FETUSDT,1789698600000,val,1,6.02,0.537,5.9,5.79,0.84,5.34,2.69,1.83,1.8,1.48,1,0.68,neutral,alcista,0,0.663,32,10880,2,
s38018,ARUSDT,1789698600000,testA,1,3.66,0.475,4.82,3.57,2.44,2.98,1.66,0.76,0.62,0.61,1,0.68,neutral,neutral,1,2.0,23,10880,0,
s38019,STXUSDT,1789698600000,testA,1,3.91,0.651,4.58,3.88,1.39,3.23,1.75,1.01,0.91,0.87,1,0.68,neutral,neutral,1,2.0,32,10880,1,
s38020,LDOUSDT,1789698600000,testA,1,3.51,0.598,4.31,3.64,1.74,2.83,1.66,0.93,0.74,0.75,0,0.68,neutral,neutral,0,1.448,32,10880,1,
s38021,SANDUSDT,1789698600000,testA,1,2.2,0.476,2.8,2.31,0.51,1.52,0.57,1.39,1.34,0.95,1,0.68,neutral,neutral,0,1.547,32,10880,0,
s38022,MANAUSDT,1789698600000,testA,1,2.57,0.584,3.45,2.68,1.38,1.89,1.29,1.03,0.86,0.77,1,0.68,neutral,neutral,0,0.966,32,10880,0,
s38023,AXSUSDT,1789698600000,testA,1,4.8,0.55,7.01,4.63,1.23,4.11,1.43,5.11,2.85,1.85,1,0.68,neutral,neutral,0,0.179,32,10880,0,
s38024,WLDUSDT,1789699500000,val,1,7.72,0.777,8.36,7.36,3.5,6.98,4.16,1.54,1.18,1.08,1,0.73,neutral,neutral,0,0.811,32,10882,0,
s38025,ENAUSDT,1789699500000,val,1,6.63,0.597,7.02,6.52,1.76,5.9,3.74,1.18,1.22,1.22,0,0.73,neutral,alcista,0,0.184,32,10882,3,
s38026,OPUSDT,1789699500000,val,1,5.49,0.588,5.98,5.45,1.85,4.75,3.25,0.95,0.9,0.82,1,0.73,neutral,alcista,0,0.58,32,10882,3,
s38027,SUIUSDT,1789699500000,val,1,4.3,0.702,4.94,4.23,1.38,3.57,2.02,1.16,0.89,0.8,1,0.73,neutral,neutral,0,0.833,32,10882,0,
s38028,TIAUSDT,1789699500000,val,1,5.62,0.654,5.76,5.43,1.31,4.89,2.83,0.93,0.9,0.82,1,0.73,neutral,alcista,0,1.388,32,10882,3,
s38029,SEIUSDT,1789699500000,val,1,2.95,0.791,3.02,2.95,1.44,2.21,1.37,1.19,0.83,0.68,1,0.73,neutral,neutral,0,1.489,32,10882,1,
s38030,ONDOUSDT,1789699500000,val,1,4.31,0.661,5.01,4.21,0.87,3.58,1.61,1.48,1.53,2.25,0,0.73,neutral,neutral,0,0.16,32,10881,0,
s38031,FETUSDT,1789699500000,val,1,5.21,0.503,5.45,5.28,0.81,4.47,2.5,1.83,1.8,1.48,1,0.73,neutral,alcista,0,0.663,32,10881,3,
s38032,ARUSDT,1789699500000,testA,1,3.81,0.485,4.77,3.74,1.82,3.07,1.73,0.76,0.62,0.61,1,0.73,neutral,neutral,1,2.0,24,10881,1,
s38033,STXUSDT,1789699500000,testA,1,4.01,0.658,4.12,3.97,1.23,3.27,2.2,1.01,0.91,0.87,1,0.73,neutral,alcista,1,2.0,31,10881,2,
s38034,LDOUSDT,1789699500000,testA,1,3.71,0.611,4.14,3.68,0.75,2.97,1.75,0.93,0.74,0.75,0,0.73,neutral,alcista,0,1.154,32,10881,2,
s38035,MANAUSDT,1789699500000,testA,1,2.34,0.509,3.3,2.31,1.22,1.61,0.99,1.03,0.86,0.77,1,0.73,neutral,neutral,0,0.938,32,10881,0,
s38036,AXSUSDT,1789699500000,testA,1,4.35,0.505,6.85,4.29,0.85,3.62,1.12,5.11,2.85,1.85,1,0.73,neutral,neutral,0,0.134,32,10881,0,
s38037,WLDUSDT,1789700400000,val,1,7.13,0.756,8.03,6.97,2.59,6.04,3.74,2.04,1.35,1.2,1,1.09,neutral,neutral,0,0.6,32,10883,0,
s38038,ENAUSDT,1789700400000,val,1,7.46,0.632,7.61,7.17,1.66,6.37,4.04,1.42,1.26,1.28,0,1.09,neutral,alcista,0,-0.252,32,10883,4,
s38039,SUIUSDT,1789700400000,val,1,4.91,0.73,4.81,4.75,1.16,3.82,2.69,1.44,1.0,0.87,1,1.09,neutral,neutral,0,0.319,32,10883,1,
s38040,TIAUSDT,1789700400000,val,1,6.14,0.675,5.89,5.84,1.23,5.05,3.5,1.17,0.97,0.88,1,1.09,neutral,alcista,0,0.72,32,10883,4,
s38041,SEIUSDT,1789700400000,val,1,3.6,0.823,3.65,3.52,2.94,2.51,2.14,1.55,1.14,0.84,1,1.09,neutral,alcista,0,0.662,32,10883,2,
s38042,JUPUSDT,1789700400000,val,1,3.21,0.442,3.84,3.76,0.84,2.12,2.17,1.12,1.02,1.01,1,1.09,neutral,alcista,0,1.011,32,10883,2,
s38043,PENDLEUSDT,1789700400000,val,1,4.66,0.532,5.27,5.13,1.78,3.57,3.07,1.33,1.03,1.05,0,1.09,neutral,alcista,0,0.259,32,10883,2,
s38044,ONDOUSDT,1789700400000,val,1,5.65,0.719,5.63,5.6,1.03,4.56,2.89,1.89,1.6,2.37,0,1.09,neutral,neutral,0,-0.282,32,10882,1,
s38045,FETUSDT,1789700400000,val,1,6.0,0.539,5.77,5.77,0.84,4.91,3.34,2.2,1.93,1.59,1,1.09,neutral,alcista,0,0.076,32,10882,4,
s38046,ARUSDT,1789700400000,testA,1,4.71,0.539,4.57,4.53,1.4,3.62,2.68,0.89,0.68,0.65,1,1.09,neutral,alcista,1,2.0,23,10882,2,
s38047,STXUSDT,1789700400000,testA,1,5.61,0.729,6.03,5.54,1.58,4.52,3.54,1.35,1.03,0.93,1,1.09,neutral,alcista,0,0.705,32,10882,3,
s38048,LDOUSDT,1789700400000,testA,1,4.71,0.667,4.66,4.6,0.68,3.62,2.66,1.11,0.81,0.79,1,1.09,neutral,alcista,0,0.43,32,10882,3,
s38049,SANDUSDT,1789700400000,testA,1,2.66,0.536,2.91,2.8,0.59,1.57,1.12,1.4,1.41,0.99,0,1.09,neutral,neutral,0,0.295,32,10882,1,
s38050,MANAUSDT,1789700400000,testA,1,2.91,0.564,3.03,2.88,0.87,1.82,1.62,1.18,0.97,0.82,1,1.09,neutral,neutral,0,0.262,32,10882,1,
s38051,AXSUSDT,1789700400000,testA,1,5.28,0.554,6.68,5.15,0.51,4.2,1.92,5.57,3.05,1.96,1,1.09,neutral,neutral,0,-0.191,32,10882,1,
s38052,APEUSDT,1789700400000,testA,1,2.08,0.403,2.95,2.95,1.53,0.99,1.67,0.95,0.77,0.9,0,1.09,neutral,alcista,0,-0.154,32,10882,4,
s38053,WLDUSDT,1789701300000,val,1,7.45,0.764,7.98,7.54,1.77,6.22,3.82,2.04,1.35,1.2,1,1.23,neutral,neutral,0,0.635,32,10884,1,
s38054,ENAUSDT,1789701300000,val,1,6.68,0.608,7.82,7.31,1.38,5.45,3.64,1.42,1.26,1.28,0,1.23,neutral,alcista,0,-0.182,32,10884,5,
s38055,SUIUSDT,1789701300000,val,1,5.87,0.764,5.97,5.84,1.29,4.65,3.42,1.44,1.0,0.87,1,1.23,neutral,alcista,0,0.103,32,10884,2,
s38056,TIAUSDT,1789701300000,val,1,7.43,0.717,7.42,7.36,1.54,6.2,4.72,1.17,0.97,0.88,1,1.23,neutral,alcista,0,0.296,32,10884,5,
s38057,SEIUSDT,1789701300000,val,1,3.9,0.835,4.11,3.98,2.93,2.68,2.44,1.55,1.14,0.84,1,1.23,neutral,alcista,0,0.467,32,10884,3,
s38058,JUPUSDT,1789701300000,val,1,3.44,0.461,4.51,4.38,1.08,2.22,2.49,1.12,1.02,1.01,1,1.23,neutral,alcista,0,0.75,32,10884,3,
s38059,PENDLEUSDT,1789701300000,val,1,5.93,0.592,7.39,6.62,3.51,4.7,4.14,1.33,1.03,1.05,0,1.23,neutral,alcista,0,0.366,32,10884,3,
s38060,ONDOUSDT,1789701300000,val,1,5.41,0.677,6.61,5.44,1.53,4.18,2.27,1.89,1.6,2.37,0,1.23,neutral,neutral,0,-0.272,32,10883,0,
s38061,FETUSDT,1789701300000,val,1,5.46,0.519,7.03,6.54,1.02,4.23,3.68,2.2,1.93,1.59,1,1.23,neutral,alcista,0,-0.117,32,10883,5,
s38062,ARUSDT,1789701300000,testA,1,3.35,0.392,4.74,3.9,1.34,2.13,1.79,0.89,0.68,0.65,1,1.23,neutral,neutral,1,2.0,22,10883,0,
s38063,STXUSDT,1789701300000,testA,1,5.17,0.714,6.01,5.86,1.75,3.94,3.45,1.35,1.03,0.93,1,1.23,neutral,alcista,0,0.574,32,10883,4,
s38064,LDOUSDT,1789701300000,testA,1,5.09,0.685,5.53,5.5,0.82,3.86,3.36,1.11,0.81,0.79,1,1.23,neutral,alcista,0,0.212,32,10883,4,
s38065,SANDUSDT,1789701300000,testA,1,2.38,0.486,2.75,2.51,0.83,1.15,1.0,1.4,1.41,0.99,0,1.23,neutral,neutral,0,0.468,32,10883,0,
s38066,MANAUSDT,1789701300000,testA,1,2.52,0.514,3.17,2.82,1.08,1.29,1.37,1.18,0.97,0.82,1,1.23,neutral,neutral,0,0.435,32,10883,0,
s38067,AXSUSDT,1789701300000,testA,1,5.06,0.53,6.61,4.96,0.46,3.83,1.6,5.57,3.05,1.96,1,1.23,neutral,neutral,0,-0.176,32,10883,0,
s38068,ENAUSDT,1789702200000,val,1,6.0,0.52,7.86,6.78,1.46,4.81,2.72,1.42,1.26,1.28,0,1.18,neutral,neutral,0,-0.034,32,10885,0,
s38069,SUIUSDT,1789702200000,val,1,5.43,0.7,6.19,5.61,1.33,4.25,2.84,1.44,1.0,0.87,1,1.18,neutral,neutral,0,0.176,32,10885,0,
s38070,TIAUSDT,1789702200000,val,1,7.96,0.77,8.08,7.56,1.73,6.78,4.39,1.17,0.97,0.88,1,1.18,neutral,alcista,0,0.472,32,10885,6,
s38071,SEIUSDT,1789702200000,val,1,4.68,0.873,4.58,4.56,3.19,3.49,2.84,1.55,1.14,0.84,1,1.18,neutral,alcista,0,0.319,32,10885,4,
s38072,JUPUSDT,1789702200000,val,1,3.74,0.486,4.62,4.62,1.22,2.55,2.48,1.12,1.02,1.01,1,1.18,neutral,alcista,0,0.746,32,10885,4,
s38073,PENDLEUSDT,1789702200000,val,1,6.07,0.599,7.37,6.91,3.87,4.89,3.99,1.33,1.03,1.05,0,1.18,neutral,alcista,0,0.599,32,10885,4,
s38074,ONDOUSDT,1789702200000,val,1,5.3,0.654,6.49,5.19,1.7,4.12,1.97,1.89,1.6,2.37,0,1.18,neutral,neutral,0,-0.281,32,10884,0,
s38075,FETUSDT,1789702200000,val,1,5.95,0.589,7.03,6.43,1.35,4.77,3.11,2.2,1.93,1.59,1,1.18,neutral,neutral,0,0.034,32,10884,0,
s38076,ARUSDT,1789702200000,testA,1,3.08,0.366,4.74,3.83,0.99,1.9,1.54,0.89,0.68,0.65,1,1.18,neutral,neutral,1,2.0,21,10884,0,
s38077,STXUSDT,1789702200000,testA,1,5.24,0.717,6.23,6.0,1.63,4.06,3.18,1.35,1.03,0.93,1,1.18,neutral,alcista,0,0.522,32,10884,5,
s38078,LDOUSDT,1789702200000,testA,1,5.74,0.736,6.06,5.95,1.57,4.55,3.47,1.11,0.81,0.79,1,1.18,neutral,alcista,0,0.168,32,10884,5,
s38079,MANAUSDT,1789702200000,testA,1,2.52,0.514,3.17,2.72,0.96,1.33,1.14,1.18,0.97,0.82,1,1.18,neutral,neutral,0,0.51,32,10884,0,
s38080,AXSUSDT,1789702200000,testA,1,5.15,0.534,6.54,5.01,0.36,3.97,1.51,5.57,3.05,1.96,1,1.18,neutral,neutral,0,-0.024,32,10884,1,
s38081,APEUSDT,1789702200000,testA,1,2.39,0.544,3.47,3.17,2.72,1.21,1.52,0.95,0.77,0.9,0,1.18,neutral,alcista,0,-0.143,32,10884,6,
s38082,STBLUSDT,1789703100000,val,1,2.3,0.413,2.78,2.36,1.5,1.04,0.92,0.45,0.47,0.55,0,1.26,neutral,neutral,0,-0.21,32,10886,1,
s38083,ENAUSDT,1789703100000,val,1,6.55,0.542,7.81,7.38,1.29,5.29,3.07,1.42,1.26,1.28,0,1.26,neutral,neutral,0,-0.06,32,10886,1,
s38084,SUIUSDT,1789703100000,val,1,6.38,0.733,6.6,6.57,1.47,5.12,3.47,1.44,1.0,0.87,1,1.26,neutral,neutral,0,0.071,32,10886,1,
s38085,TIAUSDT,1789703100000,val,1,7.62,0.717,8.11,7.29,1.8,6.36,3.62,1.17,0.97,0.88,1,1.26,neutral,neutral,0,0.505,32,10886,0,
s38086,SEIUSDT,1789703100000,val,1,4.77,0.875,4.92,4.66,3.82,3.51,2.62,1.55,1.14,0.84,1,1.26,neutral,alcista,0,0.395,32,10886,5,
s38087,JUPUSDT,1789703100000,val,1,4.58,0.537,5.95,5.38,1.65,3.32,2.92,1.12,1.02,1.01,1,1.26,neutral,alcista,0,0.56,32,10886,5,
s38088,PENDLEUSDT,1789703100000,val,1,6.69,0.622,7.75,7.68,3.75,5.43,4.47,1.33,1.03,1.05,0,1.26,neutral,alcista,0,0.605,32,10886,5,
s38089,ONDOUSDT,1789703100000,val,1,4.43,0.517,6.25,4.29,1.76,3.17,1.16,1.89,1.6,2.37,0,1.26,neutral,neutral,0,0.132,32,10885,0,
s38090,FETUSDT,1789703100000,val,1,4.82,0.488,7.06,6.02,1.45,3.56,2.34,2.2,1.93,1.59,1,1.26,neutral,neutral,0,0.173,32,10885,0,
s38091,ARUSDT,1789703100000,testA,1,3.09,0.366,4.75,3.58,1.06,1.83,1.11,0.89,0.68,0.65,1,1.26,neutral,neutral,1,2.0,20,10885,0,
s38092,STXUSDT,1789703100000,testA,1,6.37,0.808,7.04,6.74,1.73,5.11,3.59,1.35,1.03,0.93,1,1.26,neutral,alcista,0,0.361,32,10885,6,
s38093,GRTUSDT,1789703100000,testA,1,2.32,0.489,3.1,2.99,1.61,1.06,1.75,1.19,1.19,0.91,1,1.26,neutral,alcista,0,0.345,32,10885,4,
s38094,LDOUSDT,1789703100000,testA,1,5.33,0.696,6.25,5.83,1.68,4.07,2.98,1.11,0.81,0.79,1,1.26,neutral,neutral,0,0.195,32,10885,0,
s38095,MANAUSDT,1789703100000,testA,1,2.86,0.571,3.17,2.92,1.41,1.6,1.18,1.18,0.97,0.82,1,1.26,neutral,neutral,0,0.433,32,10885,1,
s38096,AXSUSDT,1789703100000,testA,1,5.75,0.562,6.39,5.44,0.34,4.49,1.88,5.57,3.05,1.96,1,1.26,neutral,alcista,0,-0.097,32,10885,2,
s38097,APEUSDT,1789703100000,testA,1,2.71,0.66,3.47,3.17,2.55,1.45,1.36,0.95,0.77,0.9,0,1.26,neutral,alcista,0,-0.119,32,10885,7,
s38098,ENAUSDT,1789704000000,val,1,4.95,0.396,7.89,6.47,1.21,3.87,1.75,1.59,1.27,1.33,0,1.09,neutral,neutral,0,-0.036,32,10887,0,
s38099,SUIUSDT,1789704000000,val,1,5.04,0.511,6.84,5.46,1.58,3.96,2.0,1.57,1.07,0.91,1,1.09,neutral,neutral,0,0.275,32,10887,0,
s38100,SEIUSDT,1789704000000,val,1,4.8,0.876,5.01,4.82,2.27,3.72,2.55,1.91,1.33,0.94,1,1.09,neutral,alcista,0,0.283,32,10887,6,
s38101,JUPUSDT,1789704000000,val,1,5.88,0.598,7.1,6.55,2.52,4.8,3.73,1.48,1.22,1.08,1,1.09,neutral,alcista,0,0.139,32,10887,6,
s38102,ONDOUSDT,1789704000000,val,1,3.0,0.408,5.48,3.4,1.46,1.91,0.93,2.02,1.57,2.41,0,1.09,neutral,neutral,0,0.205,32,10886,0,
s38103,FETUSDT,1789704000000,val,1,4.19,0.408,7.1,5.56,1.45,3.1,1.47,2.4,1.91,1.69,1,1.09,neutral,neutral,0,0.218,32,10886,0,
s38104,STXUSDT,1789704000000,testA,1,7.0,0.822,7.58,7.43,1.17,5.91,3.83,1.61,1.13,1.01,1,1.09,neutral,alcista,0,0.165,32,10886,7,
s38105,LDOUSDT,1789704000000,testA,1,5.15,0.654,6.27,5.45,1.65,4.06,2.22,1.15,0.84,0.8,1,1.09,neutral,neutral,0,0.316,32,10886,0,
s38106,MANAUSDT,1789704000000,testA,1,2.36,0.456,2.96,2.38,1.68,1.27,0.73,1.37,1.02,0.87,1,1.09,neutral,neutral,0,0.544,32,10886,0,
s38107,AXSUSDT,1789704000000,testA,1,5.15,0.536,5.7,4.97,0.4,4.07,1.89,6.16,3.3,2.11,1,1.09,neutral,alcista,0,-0.118,32,10886,3,
s38108,APEUSDT,1789704000000,testA,1,2.64,0.63,3.47,2.95,2.39,1.55,0.96,1.07,0.8,0.91,0,1.09,neutral,neutral,0,0.0,32,10886,0,
s38109,ENAUSDT,1789704900000,val,1,5.32,0.43,7.96,5.6,1.28,4.13,0.73,1.59,1.27,1.33,0,1.18,neutral,neutral,0,0.082,32,10888,0,
s38110,INJUSDT,1789704900000,val,1,2.82,0.423,3.34,2.85,1.32,1.64,0.97,0.89,0.8,0.8,0,1.18,neutral,neutral,1,2.0,15,10888,1,
s38111,SUIUSDT,1789704900000,val,1,5.32,0.551,6.66,5.09,1.18,4.14,1.61,1.57,1.07,0.91,1,1.18,neutral,neutral,0,0.402,32,10888,0,
s38112,SEIUSDT,1789704900000,val,1,5.22,0.935,5.2,4.96,2.02,4.03,2.53,1.91,1.33,0.94,1,1.18,neutral,alcista,0,0.287,32,10888,7,
s38113,JUPUSDT,1789704900000,val,1,7.84,0.781,7.86,7.27,2.7,6.66,4.26,1.48,1.22,1.08,1,1.18,neutral,alcista,0,-0.032,32,10888,7,
s38114,FETUSDT,1789704900000,val,1,4.94,0.509,6.98,4.76,1.37,3.76,0.8,2.4,1.91,1.69,1,1.18,neutral,neutral,0,0.326,32,10887,0,
s38115,STXUSDT,1789704900000,testA,1,8.01,0.98,7.82,7.41,1.14,6.82,3.68,1.61,1.13,1.01,1,1.18,neutral,alcista,0,0.17,32,10887,8,
s38116,LDOUSDT,1789704900000,testA,1,5.31,0.683,6.05,5.04,1.41,4.12,1.85,1.15,0.84,0.8,1,1.18,neutral,neutral,0,0.479,32,10887,0,
s38117,AXSUSDT,1789704900000,testA,1,3.92,0.472,4.3,3.94,0.4,2.74,2.04,6.16,3.3,2.11,1,1.18,neutral,alcista,0,-0.153,32,10887,4,
s38118,APEUSDT,1789704900000,testA,1,2.72,0.66,3.48,2.87,1.67,1.53,0.87,1.07,0.8,0.91,0,1.18,neutral,neutral,0,0.053,32,10887,0,
s38119,ENAUSDT,1789705800000,val,1,6.22,0.485,7.9,6.18,1.1,4.9,1.21,1.59,1.27,1.33,0,1.33,neutral,neutral,0,0.042,32,10889,1,
s38120,INJUSDT,1789705800000,val,1,3.37,0.468,3.55,3.5,1.33,2.04,1.74,0.89,0.8,0.8,0,1.33,neutral,alcista,1,2.0,17,10889,2,
s38121,SUIUSDT,1789705800000,val,1,5.14,0.544,6.36,5.04,1.08,3.81,1.67,1.57,1.07,0.91,1,1.33,neutral,neutral,0,0.443,32,10889,1,
s38122,TIAUSDT,1789705800000,val,1,8.34,0.752,8.92,7.91,3.51,7.01,3.78,1.97,1.35,1.09,1,1.33,neutral,neutral,0,0.472,32,10889,1,
s38123,SEIUSDT,1789705800000,val,1,4.65,0.888,4.92,4.58,1.68,3.33,2.18,1.91,1.33,0.94,1,1.33,neutral,neutral,0,0.448,32,10889,0,
s38124,JUPUSDT,1789705800000,val,1,7.6,0.776,8.0,7.38,3.06,6.27,4.02,1.48,1.22,1.08,1,1.33,neutral,alcista,0,0.08,32,10889,8,
s38125,FETUSDT,1789705800000,val,1,2.74,0.353,5.16,2.77,1.17,1.41,0.49,2.4,1.91,1.69,1,1.33,neutral,neutral,0,1.1,32,10888,0,
s38126,STXUSDT,1789705800000,testA,1,7.58,0.979,7.56,7.15,1.33,6.25,3.36,1.61,1.13,1.01,1,1.33,neutral,neutral,0,0.233,32,10888,0,
s38127,LDOUSDT,1789705800000,testA,1,5.51,0.692,5.67,5.22,0.9,4.18,2.15,1.15,0.84,0.8,1,1.33,neutral,neutral,0,0.485,32,10888,1,
s38128,AXSUSDT,1789705800000,testA,1,3.92,0.473,4.57,4.32,0.5,2.59,2.21,6.16,3.3,2.11,1,1.33,neutral,alcista,0,-0.226,32,10888,5,
s38129,APEUSDT,1789705800000,testA,1,2.8,0.667,3.47,2.95,1.25,1.47,0.9,1.07,0.8,0.91,0,1.33,neutral,neutral,0,0.128,32,10888,1,
s38130,PUMPUSDT,1789706700000,val,1,5.57,0.522,6.83,6.22,2.28,4.28,3.93,1.08,0.7,0.81,0,1.3,neutral,alcista,0,-0.162,32,10890,2,
s38131,ENAUSDT,1789706700000,val,1,4.88,0.43,5.92,4.81,1.07,3.59,1.58,1.59,1.27,1.33,0,1.3,neutral,alcista,0,-0.085,32,10890,2,
s38132,INJUSDT,1789706700000,val,1,3.17,0.455,4.19,3.96,1.48,1.88,2.02,0.89,0.8,0.8,0,1.3,neutral,alcista,1,2.0,18,10890,3,
s38133,SUIUSDT,1789706700000,val,1,4.46,0.511,5.33,4.58,0.9,3.17,2.01,1.57,1.07,0.91,1,1.3,neutral,alcista,0,0.448,32,10890,2,
s38134,TIAUSDT,1789706700000,val,1,8.25,0.751,8.42,7.67,3.7,6.96,3.96,1.97,1.35,1.09,1,1.3,neutral,alcista,0,0.466,32,10890,2,
s38135,SEIUSDT,1789706700000,val,1,4.63,0.888,4.55,4.43,1.3,3.33,2.38,1.91,1.33,0.94,1,1.3,neutral,neutral,0,0.364,32,10890,1,
s38136,JUPUSDT,1789706700000,val,1,7.61,0.777,7.39,7.15,2.67,6.32,3.99,1.48,1.22,1.08,1,1.3,neutral,alcista,0,0.093,32,10890,8,
s38137,STXUSDT,1789706700000,testA,1,7.37,0.979,7.49,7.24,1.26,6.08,3.39,1.61,1.13,1.01,1,1.3,neutral,neutral,0,0.092,32,10889,1,
s38138,GRTUSDT,1789706700000,testA,1,2.28,0.374,3.11,2.59,1.71,0.98,1.02,1.3,1.21,0.97,1,1.3,neutral,alcista,0,0.78,32,10889,2,
s38139,LDOUSDT,1789706700000,testA,1,4.61,0.655,5.01,4.56,0.73,3.31,1.97,1.15,0.84,0.8,1,1.3,neutral,neutral,0,0.468,32,10889,0,
s38140,AXSUSDT,1789706700000,testA,1,3.75,0.463,4.31,3.79,0.61,2.46,1.92,6.16,3.3,2.11,1,1.3,neutral,alcista,0,-0.367,32,10889,6,
s38141,APEUSDT,1789706700000,testA,1,2.23,0.617,2.86,2.64,1.04,0.94,1.11,1.07,0.8,0.91,0,1.3,neutral,alcista,0,0.0,32,10889,2,
s38142,PUMPUSDT,1789707600000,val,1,5.2,0.468,6.97,5.58,2.45,3.92,3.03,1.2,0.81,0.87,0,1.27,neutral,neutral,0,-0.081,32,10891,0,
s38143,WLDUSDT,1789707600000,val,1,8.03,0.552,8.93,7.65,1.03,6.76,3.05,2.73,1.65,1.41,1,1.27,neutral,neutral,0,0.543,32,10891,0,
s38144,INJUSDT,1789707600000,val,1,3.71,0.527,4.54,4.22,1.61,2.43,2.17,0.97,0.83,0.83,1,1.27,neutral,alcista,1,2.0,19,10891,4,
s38145,SUIUSDT,1789707600000,val,1,3.45,0.388,4.95,3.62,0.86,2.18,1.35,1.64,1.1,0.93,1,1.27,neutral,neutral,0,0.535,32,10891,0,
s38146,TIAUSDT,1789707600000,val,1,7.38,0.635,8.43,6.98,1.34,6.11,2.96,2.19,1.38,1.14,1,1.27,neutral,neutral,0,0.587,32,10891,0,
s38147,SEIUSDT,1789707600000,val,1,3.83,0.698,4.41,3.76,0.9,2.56,1.69,2.14,1.44,1.0,1,1.27,neutral,neutral,0,0.563,32,10891,0,
s38148,JUPUSDT,1789707600000,val,1,6.9,0.763,7.46,7.31,1.91,5.63,4.7,1.9,1.3,1.18,1,1.27,neutral,alcista,0,-0.063,32,10891,8,
s38149,STXUSDT,1789707600000,testA,1,6.77,0.977,6.6,6.49,0.97,5.5,3.28,1.75,1.19,1.06,1,1.27,neutral,alcista,0,0.08,32,10890,2,
s38150,GRTUSDT,1789707600000,testA,1,3.29,0.5,3.55,3.24,2.01,2.02,1.58,1.48,1.29,1.05,1,1.27,neutral,alcista,0,0.333,32,10890,3,
s38151,LDOUSDT,1789707600000,testA,1,4.35,0.632,4.83,4.33,0.67,3.08,1.78,1.24,0.93,0.84,1,1.27,neutral,neutral,0,0.451,32,10890,0,
s38152,APEUSDT,1789707600000,testA,1,2.78,0.818,2.93,2.78,0.62,1.51,1.16,1.07,0.8,0.91,0,1.27,neutral,alcista,0,-0.162,32,10890,3,
s38153,PUMPUSDT,1789708500000,val,1,5.28,0.474,6.98,5.06,2.59,3.96,2.26,1.2,0.81,0.87,0,1.31,neutral,neutral,0,0.038,32,10892,0,
s38154,WLDUSDT,1789708500000,val,1,7.26,0.502,8.41,6.79,0.79,5.95,2.29,2.73,1.65,1.41,1,1.31,neutral,neutral,0,0.6,32,10892,0,
s38155,INJUSDT,1789708500000,val,1,4.0,0.591,4.32,3.91,1.36,2.69,1.83,0.97,0.83,0.83,1,1.31,neutral,neutral,1,2.0,16,10892,0,
s38156,SUIUSDT,1789708500000,val,1,3.31,0.366,4.96,3.38,0.86,1.99,0.94,1.64,1.1,0.93,1,1.31,neutral,neutral,0,0.833,32,10892,0,
s38157,TIAUSDT,1789708500000,val,1,6.82,0.615,7.86,6.38,1.16,5.5,2.54,2.19,1.38,1.14,1,1.31,neutral,neutral,0,0.764,32,10892,0,
s38158,SEIUSDT,1789708500000,val,1,3.53,0.675,4.19,3.52,0.76,2.22,1.45,2.14,1.44,1.0,1,1.31,neutral,neutral,0,0.626,32,10892,0,
s38159,JUPUSDT,1789708500000,val,1,7.28,0.829,7.75,6.9,1.9,5.96,3.92,1.9,1.3,1.18,1,1.31,neutral,neutral,0,0.191,32,10892,0,
s38160,PENDLEUSDT,1789708500000,val,1,7.16,0.568,9.45,6.81,0.95,5.85,1.91,1.88,1.24,1.17,1,1.31,neutral,neutral,0,0.95,32,10892,0,
s38161,STXUSDT,1789708500000,testA,1,7.08,0.978,6.64,6.61,0.95,5.76,3.28,1.75,1.19,1.06,1,1.31,neutral,alcista,0,-0.011,32,10891,3,
s38162,GRTUSDT,1789708500000,testA,1,2.97,0.444,3.4,2.88,1.24,1.65,1.31,1.48,1.29,1.05,1,1.31,neutral,neutral,0,0.518,32,10891,0,
s38163,LDOUSDT,1789708500000,testA,1,3.78,0.595,4.38,3.85,0.76,2.47,1.53,1.24,0.93,0.84,1,1.31,neutral,neutral,0,0.603,32,10891,0,
s38164,APEUSDT,1789708500000,testA,1,2.16,0.667,2.64,2.26,0.68,0.84,0.84,1.07,0.8,0.91,0,1.31,neutral,neutral,0,-0.033,32,10891,0,
s38165,PUMPUSDT,1789709400000,val,1,5.47,0.485,6.34,5.21,2.67,4.3,2.72,1.2,0.81,0.87,0,1.16,neutral,neutral,0,0.231,32,10893,1,
s38166,WLDUSDT,1789709400000,val,1,5.96,0.401,8.15,5.7,0.63,4.79,1.27,2.73,1.65,1.41,1,1.16,neutral,neutral,0,1.008,32,10893,0,
s38167,INJUSDT,1789709400000,val,1,2.81,0.506,3.74,3.49,1.01,1.64,1.7,0.97,0.83,0.83,1,1.16,neutral,neutral,1,2.0,13,10893,1,
s38168,TIAUSDT,1789709400000,val,1,4.85,0.514,6.99,5.33,0.88,3.69,2.03,2.19,1.38,1.14,1,1.16,neutral,neutral,0,0.873,32,10893,0,
s38169,SEIUSDT,1789709400000,val,1,2.76,0.53,3.97,2.93,0.82,1.6,0.91,2.14,1.44,1.0,1,1.16,neutral,neutral,0,0.993,32,10893,0,
s38170,JUPUSDT,1789709400000,val,1,7.49,0.841,7.78,7.05,1.55,6.33,3.63,1.9,1.3,1.18,1,1.16,neutral,neutral,0,0.236,32,10893,1,
s38171,PENDLEUSDT,1789709400000,val,1,7.94,0.594,8.85,7.46,0.82,6.77,2.85,1.88,1.24,1.17,1,1.16,neutral,neutral,0,0.79,32,10893,1,
s38172,STXUSDT,1789709400000,testA,1,6.15,0.975,6.01,5.94,0.81,4.98,3.05,1.75,1.19,1.06,1,1.16,neutral,alcista,0,0.185,32,10892,4,
s38173,GRTUSDT,1789709400000,testA,1,2.91,0.44,3.29,2.93,1.29,1.74,1.43,1.48,1.29,1.05,1,1.16,neutral,neutral,0,0.614,32,10892,1,
s38174,LDOUSDT,1789709400000,testA,1,3.42,0.546,4.04,3.38,0.67,2.25,1.15,1.24,0.93,0.84,1,1.16,neutral,neutral,0,1.125,32,10892,0,
s38175,PUMPUSDT,1789710300000,val,1,5.36,0.481,5.89,5.28,1.32,4.38,2.97,1.2,0.81,0.87,0,0.98,neutral,alcista,0,0.009,32,10894,2,
s38176,INJUSDT,1789710300000,val,1,2.74,0.488,3.95,3.28,1.0,1.76,1.37,0.97,0.83,0.83,1,0.98,neutral,neutral,1,2.0,12,10894,0,
s38177,TIAUSDT,1789710300000,val,1,5.33,0.538,6.94,5.96,0.69,4.35,2.44,2.19,1.38,1.14,1,0.98,neutral,neutral,0,0.468,32,10894,1,
s38178,SEIUSDT,1789710300000,val,1,2.56,0.485,3.97,2.8,0.71,1.58,0.67,2.14,1.44,1.0,1,0.98,neutral,neutral,0,0.907,32,10894,0,
s38179,JUPUSDT,1789710300000,val,1,5.05,0.496,7.92,5.4,1.74,4.07,1.42,1.9,1.3,1.18,1,0.98,neutral,neutral,0,0.474,32,10894,0,
s38180,PENDLEUSDT,1789710300000,val,1,7.67,0.582,8.65,7.21,0.78,6.68,2.58,1.88,1.24,1.17,1,0.98,neutral,neutral,0,0.606,32,10894,0,
s38181,STXUSDT,1789710300000,testA,1,5.99,0.951,5.83,5.68,0.8,5.0,2.59,1.75,1.19,1.06,1,0.98,neutral,neutral,0,0.052,32,10893,0,
s38182,PUMPUSDT,1789711200000,val,1,4.81,0.423,5.88,4.9,0.88,3.85,2.42,1.24,0.86,0.86,0,0.96,neutral,neutral,0,0.173,32,10895,0,
s38183,INJUSDT,1789711200000,val,1,2.76,0.492,3.95,3.23,0.98,1.8,1.24,1.04,0.86,0.85,1,0.96,neutral,neutral,1,2.0,11,10895,0,
s38184,TIAUSDT,1789711200000,val,1,7.27,0.714,7.08,6.83,0.83,6.3,3.04,2.53,1.56,1.24,1,0.96,neutral,alcista,0,0.296,32,10895,2,
s38185,SEIUSDT,1789711200000,val,1,4.17,0.638,4.26,4.0,0.87,3.21,1.83,2.47,1.65,1.1,1,0.96,neutral,neutral,0,0.348,32,10895,1,
s38186,JUPUSDT,1789711200000,val,1,5.18,0.506,7.91,5.47,1.26,4.21,1.44,2.03,1.35,1.23,1,0.96,neutral,neutral,0,0.482,32,10895,1,
s38187,PENDLEUSDT,1789711200000,val,1,6.48,0.545,7.67,6.83,0.63,5.52,2.83,2.18,1.4,1.26,1,0.96,neutral,neutral,0,0.513,32,10895,1,
s38188,STXUSDT,1789711200000,testA,1,5.7,0.913,5.87,5.58,0.82,4.74,2.22,1.87,1.26,1.1,1,0.96,neutral,neutral,0,0.118,32,10894,0,
s38189,LDOUSDT,1789711200000,testA,1,2.04,0.381,3.57,2.24,2.08,1.07,0.28,1.47,1.05,0.89,1,0.96,neutral,neutral,1,2.0,30,10894,0,
s38190,PUMPUSDT,1789712100000,val,1,5.38,0.452,6.04,5.34,0.85,4.6,2.92,1.24,0.86,0.86,0,0.78,neutral,neutral,0,0.109,32,10896,1,
s38191,INJUSDT,1789712100000,val,1,2.98,0.512,3.97,3.55,0.98,2.2,1.26,1.04,0.86,0.85,1,0.78,neutral,neutral,1,2.0,10,10896,1,
s38192,TIAUSDT,1789712100000,val,1,6.57,0.683,6.52,6.19,0.86,5.79,2.45,2.53,1.56,1.24,1,0.78,neutral,neutral,0,0.318,32,10896,0,
s38193,SEIUSDT,1789712100000,val,1,3.34,0.484,4.18,3.32,0.87,2.56,1.07,2.47,1.65,1.1,1,0.78,neutral,neutral,0,0.604,32,10896,0,
s38194,JUPUSDT,1789712100000,val,1,5.64,0.548,7.89,5.7,0.96,4.86,1.52,2.03,1.35,1.23,1,0.78,neutral,alcista,0,0.524,32,10896,2,
s38195,STXUSDT,1789712100000,testA,1,5.59,0.878,5.88,5.33,0.81,4.81,1.7,1.87,1.26,1.1,1,0.78,neutral,neutral,0,0.228,32,10895,0,
s38196,LDOUSDT,1789712100000,testA,1,2.09,0.391,3.46,2.15,2.08,1.31,0.25,1.47,1.05,0.89,1,0.78,neutral,neutral,1,2.0,29,10895,1,
s38197,PUMPUSDT,1789713000000,val,1,4.43,0.375,6.07,4.94,0.73,3.67,2.17,1.24,0.86,0.86,0,0.76,neutral,neutral,0,0.427,32,10897,0,
s38198,INJUSDT,1789713000000,val,1,3.92,0.684,3.99,3.84,0.92,3.16,1.51,1.04,0.86,0.85,1,0.76,neutral,alcista,1,2.0,13,10897,2,
s38199,TIAUSDT,1789713000000,val,1,6.23,0.673,6.27,6.02,0.86,5.47,2.49,2.53,1.56,1.24,1,0.76,neutral,neutral,0,0.271,32,10897,1,
s38200,SEIUSDT,1789713000000,val,1,4.14,0.538,4.17,4.06,0.84,3.38,1.67,2.47,1.65,1.1,1,0.76,neutral,neutral,0,0.289,32,10897,1,
s38201,JUPUSDT,1789713000000,val,1,6.19,0.589,7.83,5.99,0.88,5.43,1.63,2.03,1.35,1.23,1,0.76,neutral,alcista,0,0.556,32,10897,3,
s38202,PENDLEUSDT,1789713000000,val,1,8.16,0.564,8.82,7.79,0.92,7.41,3.14,2.18,1.4,1.26,1,0.76,neutral,neutral,0,0.174,32,10897,0,
s38203,ARUSDT,1789713000000,testA,1,3.42,0.413,4.69,4.69,1.47,2.66,2.72,1.34,0.85,0.72,1,0.76,neutral,alcista,1,2.0,11,10896,3,
s38204,STXUSDT,1789713000000,testA,1,5.2,0.798,5.79,4.98,0.72,4.44,1.29,1.87,1.26,1.1,1,0.76,neutral,neutral,0,0.274,32,10896,0,
s38205,LDOUSDT,1789713000000,testA,1,2.28,0.412,3.45,2.44,2.11,1.52,0.34,1.47,1.05,0.89,1,0.76,neutral,alcista,1,2.0,29,10896,2,
s38206,INJUSDT,1789713900000,val,1,4.19,0.699,4.24,4.14,0.84,3.39,1.83,1.04,0.86,0.85,1,0.8,neutral,alcista,1,2.0,13,10898,3,
s38207,TIAUSDT,1789713900000,val,1,5.78,0.626,6.13,5.67,0.93,4.99,2.17,2.53,1.56,1.24,1,0.8,neutral,neutral,0,0.378,32,10898,0,
s38208,SEIUSDT,1789713900000,val,1,3.53,0.456,3.92,3.41,0.99,2.73,1.24,2.47,1.65,1.1,1,0.8,neutral,neutral,0,0.547,32,10898,0,
s38209,JUPUSDT,1789713900000,val,1,5.68,0.537,7.5,5.38,0.6,4.88,1.23,2.03,1.35,1.23,1,0.8,neutral,neutral,0,0.774,32,10898,0,
s38210,PENDLEUSDT,1789713900000,val,1,6.84,0.46,8.33,6.49,1.0,6.04,1.87,2.18,1.4,1.26,1,0.8,neutral,neutral,0,0.248,32,10898,0,
s38211,STXUSDT,1789713900000,testA,1,4.7,0.782,5.3,4.64,0.68,3.91,1.28,1.87,1.26,1.1,1,0.8,neutral,neutral,0,0.214,32,10897,1,
s38212,LDOUSDT,1789713900000,testA,1,2.41,0.426,3.17,2.51,1.22,1.61,0.68,1.47,1.05,0.89,1,0.8,neutral,alcista,0,1.474,32,10897,3,
s38213,PUMPUSDT,1789714800000,val,1,5.19,0.408,6.48,6.37,0.68,4.81,3.11,1.38,0.95,0.87,1,0.38,neutral,neutral,0,-0.022,32,10899,1,
s38214,0GUSDT,1789714800000,val,-1,-2.34,0.485,3.17,2.78,1.45,-2.72,1.15,1.14,1.14,4.06,0,0.38,neutral,bajista,0,-1.0,8,10899,6,
s38215,WLDUSDT,1789714800000,val,1,5.19,0.372,6.42,5.12,1.15,4.8,2.71,3.4,2.06,1.57,1,0.38,neutral,alcista,0,-0.223,32,10899,5,
s38216,INJUSDT,1789714800000,val,1,3.29,0.649,4.58,4.08,1.04,2.91,2.16,1.22,0.95,0.89,1,0.38,neutral,alcista,1,2.0,12,10899,4,
s38217,TIAUSDT,1789714800000,val,1,4.28,0.494,5.29,4.36,0.78,3.9,1.46,2.71,1.71,1.28,1,0.38,neutral,neutral,0,0.376,32,10899,0,
s38218,SEIUSDT,1789714800000,val,1,2.44,0.357,3.09,2.47,0.67,2.06,0.99,2.53,1.73,1.14,1,0.38,neutral,neutral,0,0.522,32,10899,0,
s38219,JUPUSDT,1789714800000,val,1,4.78,0.498,6.12,4.64,0.58,4.4,1.71,2.12,1.47,1.28,1,0.38,neutral,neutral,0,0.445,32,10899,1,
s38220,STXUSDT,1789714800000,testA,1,3.41,0.726,3.89,3.52,0.69,3.03,1.54,1.78,1.32,1.14,1,0.38,neutral,alcista,0,0.031,32,10898,2,
s38221,WLDUSDT,1789715700000,val,1,5.08,0.369,6.09,5.3,1.13,4.6,2.85,3.4,2.06,1.57,1,0.49,neutral,alcista,0,-0.205,32,10900,6,
s38222,ENAUSDT,1789715700000,val,1,3.82,0.358,6.37,6.25,1.47,3.34,3.74,1.88,1.38,1.44,0,0.49,neutral,alcista,0,-0.551,32,10900,8,
s38223,OPUSDT,1789715700000,val,-1,-5.35,0.658,6.03,5.85,0.37,-5.84,0.39,2.9,1.77,1.32,1,0.49,neutral,bajista,0,-0.406,32,10900,3,
s38224,INJUSDT,1789715700000,val,1,3.93,0.736,4.73,4.49,1.21,3.45,2.42,1.22,0.95,0.89,1,0.49,neutral,alcista,1,2.0,12,10900,5,
s38225,JUPUSDT,1789715700000,val,1,3.61,0.385,5.72,3.76,0.59,3.13,1.13,2.12,1.47,1.28,1,0.49,neutral,neutral,0,0.656,32,10900,0,
s38226,ARUSDT,1789715700000,testA,1,3.14,0.374,5.34,5.23,0.96,2.65,2.59,1.35,0.95,0.75,1,0.49,neutral,alcista,1,2.0,8,10899,2,
s38227,STXUSDT,1789715700000,testA,1,3.02,0.69,3.45,3.04,0.77,2.54,1.34,1.78,1.32,1.14,1,0.49,neutral,neutral,0,0.157,32,10899,0,
s38228,PUMPUSDT,1789716600000,val,1,4.99,0.35,6.51,5.98,0.53,4.35,2.13,1.38,0.95,0.87,1,0.63,neutral,neutral,0,-0.151,32,10901,1,
s38229,ENAUSDT,1789716600000,val,1,4.16,0.399,6.71,6.01,1.5,3.52,3.03,1.88,1.38,1.44,0,0.63,neutral,neutral,0,-0.635,32,10901,0,
s38230,OPUSDT,1789716600000,val,-1,-3.96,0.503,5.16,4.41,0.48,-4.59,-0.02,2.9,1.77,1.32,1,0.63,neutral,neutral,0,-0.197,32,10901,0,
s38231,INJUSDT,1789716600000,val,1,4.96,0.787,5.16,4.94,1.59,4.33,3.03,1.22,0.95,0.89,1,0.63,neutral,alcista,1,2.0,12,10901,6,
s38232,ARUSDT,1789716600000,testA,1,4.89,0.489,6.78,6.75,1.35,4.26,3.81,1.35,0.95,0.75,1,0.63,neutral,alcista,0,1.165,32,10900,3,
s38233,STXUSDT,1789716600000,testA,1,3.43,0.717,3.5,3.32,0.76,2.8,1.63,1.78,1.32,1.14,1,0.63,neutral,neutral,0,-0.242,32,10900,1,
s38234,OPUSDT,1789717500000,val,-1,-2.52,0.385,4.3,3.52,0.59,-3.08,0.47,2.9,1.77,1.32,1,0.55,neutral,neutral,0,-0.337,32,10902,0,
s38235,INJUSDT,1789717500000,val,1,5.35,0.8,5.76,5.51,1.76,4.79,3.1,1.22,0.95,0.89,1,0.55,neutral,alcista,1,2.0,11,10902,7,
s38236,TIAUSDT,1789717500000,val,1,4.37,0.509,4.26,4.21,0.73,3.82,2.49,2.71,1.71,1.28,1,0.55,neutral,alcista,0,0.323,32,10902,2,
s38237,ARUSDT,1789717500000,testA,1,5.52,0.545,7.42,7.07,1.29,4.97,3.59,1.35,0.95,0.75,1,0.55,neutral,alcista,0,1.314,32,10901,4,
s38238,ENAUSDT,1789718400000,val,1,3.94,0.415,6.75,5.5,1.53,3.33,1.91,1.84,1.48,1.46,1,0.61,neutral,neutral,0,-0.304,32,10903,1,
s38239,INJUSDT,1789718400000,val,1,5.67,0.887,5.95,5.43,1.53,5.06,2.82,1.47,1.07,0.96,1,0.61,neutral,neutral,1,2.0,10,10903,0,
s38240,ARUSDT,1789718400000,testA,1,6.0,0.615,7.85,6.88,1.78,5.39,3.13,1.91,1.33,0.93,1,0.61,neutral,neutral,0,1.333,32,10902,0,
s38241,ENAUSDT,1789719300000,val,1,4.59,0.512,6.77,5.22,1.12,3.73,1.53,1.84,1.48,1.46,1,0.86,neutral,neutral,0,-0.228,32,10904,0,
s38242,ARBUSDT,1789719300000,val,-1,-4.25,0.375,7.79,6.19,0.66,-5.11,2.51,5.36,3.7,2.65,1,0.86,neutral,bajista,0,-0.826,32,10904,4,
s38243,INJUSDT,1789719300000,val,1,5.79,0.889,6.06,5.82,1.45,4.93,2.93,1.47,1.07,0.96,1,0.86,neutral,neutral,1,2.0,10,10904,1,
s38244,ARUSDT,1789719300000,testA,1,7.6,0.762,8.55,7.62,2.03,6.74,3.57,1.91,1.33,0.93,1,0.86,neutral,neutral,0,1.199,32,10903,1,
s38245,GRTUSDT,1789719300000,testA,1,2.35,0.36,2.71,2.45,0.68,1.49,0.76,1.55,1.34,1.15,1,0.86,neutral,neutral,0,0.521,32,10903,1,
s38246,ENAUSDT,1789720200000,val,1,3.17,0.35,6.16,3.85,1.14,2.49,0.62,1.84,1.48,1.46,1,0.68,neutral,neutral,0,-1.0,10,10905,0,
s38247,ARBUSDT,1789720200000,val,-1,-5.12,0.441,7.84,6.85,0.8,-5.79,3.03,5.36,3.7,2.65,1,0.68,neutral,bajista,0,-0.548,32,10905,5,
s38248,INJUSDT,1789720200000,val,1,5.11,0.878,4.98,4.91,1.23,4.44,2.85,1.47,1.07,0.96,1,0.68,neutral,alcista,1,2.0,8,10905,2,
s38249,TIAUSDT,1789720200000,val,1,3.68,0.353,4.95,4.15,2.56,3.0,2.66,3.49,2.17,1.49,1,0.68,neutral,neutral,0,0.313,32,10905,1,
s38250,ARUSDT,1789720200000,testA,1,6.97,0.73,7.66,6.62,1.57,6.3,3.16,1.91,1.33,0.93,1,0.68,neutral,neutral,0,1.286,32,10904,0,
s38251,GRTUSDT,1789720200000,testA,1,2.5,0.375,2.54,2.39,0.99,1.82,1.09,1.55,1.34,1.15,1,0.68,neutral,alcista,0,0.277,32,10904,2,
s38252,LDOUSDT,1789720200000,testA,1,2.06,0.513,3.46,3.1,0.69,1.38,1.64,1.7,1.29,0.99,1,0.68,neutral,alcista,0,0.492,32,10904,2,
s38253,INJUSDT,1789721100000,val,1,7.25,0.911,7.52,7.24,1.7,6.37,4.94,1.47,1.07,0.96,1,0.88,neutral,alcista,0,0.556,32,10906,3,
s38254,LDOUSDT,1789721100000,testA,1,2.32,0.543,3.58,3.35,0.85,1.44,1.77,1.7,1.29,0.99,1,0.88,neutral,alcista,0,0.354,32,10905,3,
s38255,INJUSDT,1789722000000,val,1,6.91,0.895,7.57,7.19,1.68,5.83,4.37,1.76,1.24,1.03,1,1.08,neutral,neutral,0,0.599,32,10907,0,
s38256,FETUSDT,1789722000000,val,1,2.83,0.402,4.37,3.99,2.26,1.75,1.98,2.53,2.37,2.03,1,1.08,neutral,neutral,0,-0.284,32,10906,0,
s38257,LDOUSDT,1789722000000,testA,1,2.27,0.524,3.59,3.25,0.79,1.19,1.53,1.58,1.33,1.0,1,1.08,neutral,neutral,0,0.214,32,10906,0,
s38258,WLDUSDT,1789722900000,val,1,3.48,0.401,5.41,4.93,0.67,2.76,1.57,2.72,2.34,1.68,1,0.72,neutral,neutral,0,-1.0,31,10908,1,
s38259,ENAUSDT,1789722900000,val,1,3.67,0.412,5.98,3.79,0.92,2.96,0.68,1.71,1.55,1.48,1,0.72,neutral,neutral,0,-1.0,7,10908,1,
s38260,INJUSDT,1789722900000,val,1,7.24,0.919,8.12,7.4,1.93,6.52,4.02,1.76,1.24,1.03,1,0.72,neutral,neutral,0,0.709,32,10908,1,
s38261,FETUSDT,1789722900000,val,1,3.98,0.64,4.58,4.04,2.78,3.26,1.91,2.53,2.37,2.03,1,0.72,neutral,neutral,0,-0.347,32,10907,1,
s38262,LDOUSDT,1789722900000,testA,1,2.3,0.534,3.59,3.25,0.78,1.58,1.31,1.58,1.33,1.0,1,0.72,neutral,neutral,0,0.421,32,10907,0,
s38263,SANDUSDT,1789722900000,testA,1,2.3,0.597,2.85,2.85,2.79,1.59,1.83,0.97,1.16,1.09,0,0.72,neutral,alcista,0,0.257,32,10907,5,
s38264,WLDUSDT,1789723800000,val,1,4.69,0.565,5.39,5.26,0.66,4.09,1.5,2.72,2.34,1.68,1,0.59,neutral,alcista,0,-1.0,30,10909,2,
s38265,INJUSDT,1789723800000,val,1,6.91,0.876,8.13,7.25,2.26,6.32,3.41,1.76,1.24,1.03,1,0.59,neutral,neutral,0,0.752,32,10909,0,
s38266,SUIUSDT,1789723800000,val,1,2.07,0.528,2.55,2.48,1.31,1.48,1.23,1.3,1.35,1.02,0,0.59,neutral,alcista,0,0.396,32,10909,6,
s38267,SEIUSDT,1789723800000,val,1,2.12,0.402,2.36,2.33,0.87,1.53,0.78,2.01,1.76,1.19,1,0.59,neutral,alcista,0,0.555,32,10909,6,
s38268,FETUSDT,1789723800000,val,1,3.97,0.64,4.57,4.2,1.71,3.38,1.78,2.53,2.37,2.03,1,0.59,neutral,alcista,0,-0.244,32,10908,2,
s38269,LDOUSDT,1789723800000,testA,1,2.62,0.6,3.58,3.43,0.63,2.02,1.35,1.58,1.33,1.0,1,0.59,neutral,neutral,0,0.481,32,10908,1,
s38270,SANDUSDT,1789723800000,testA,1,2.9,0.771,3.11,3.08,1.98,2.31,1.83,0.97,1.16,1.09,0,0.59,neutral,alcista,0,0.153,32,10908,6,
s38271,WLDUSDT,1789724700000,val,1,5.85,0.703,5.91,5.5,0.7,4.93,1.97,2.72,2.34,1.68,1,0.92,neutral,alcista,0,-1.0,28,10910,3,
s38272,SUIUSDT,1789724700000,val,1,2.98,0.715,3.03,2.96,1.42,2.07,1.69,1.3,1.35,1.02,0,0.92,neutral,alcista,0,0.309,32,10910,7,
s38273,SEIUSDT,1789724700000,val,1,2.32,0.444,2.48,2.31,1.03,1.4,0.83,2.01,1.76,1.19,1,0.92,neutral,alcista,0,0.468,32,10910,7,
s38274,FETUSDT,1789724700000,val,1,5.1,0.728,4.85,4.85,1.29,4.18,2.54,2.53,2.37,2.03,1,0.92,neutral,alcista,0,-0.407,32,10909,3,
s38275,GRTUSDT,1789724700000,testA,1,2.33,0.506,2.43,2.28,0.89,1.41,0.82,1.46,1.32,1.15,1,0.92,neutral,neutral,0,0.289,32,10909,0,
s38276,LDOUSDT,1789724700000,testA,1,3.03,0.76,3.58,3.43,0.49,2.11,1.22,1.58,1.33,1.0,1,0.92,neutral,neutral,0,0.504,32,10909,0,
s38277,SANDUSDT,1789724700000,testA,1,3.01,0.824,3.16,2.98,1.86,2.1,1.64,0.97,1.16,1.09,0,0.92,neutral,neutral,0,0.175,32,10909,0,
s38278,WLDUSDT,1789725600000,val,1,5.99,0.709,6.53,5.87,1.0,5.09,2.46,2.51,2.51,1.76,0,0.89,neutral,alcista,0,-1.0,27,10911,4,
s38279,SUIUSDT,1789725600000,val,1,3.02,0.718,3.23,3.09,1.4,2.13,1.69,1.29,1.42,1.06,0,0.89,neutral,alcista,0,0.109,32,10911,8,
s38280,FETUSDT,1789725600000,val,1,4.52,0.669,5.18,4.38,1.24,3.63,2.28,2.43,2.43,2.1,0,0.89,neutral,neutral,0,-0.512,32,10910,0,
s38281,GRTUSDT,1789725600000,testA,1,2.11,0.482,2.42,2.37,0.77,1.22,0.95,1.38,1.33,1.19,1,0.89,neutral,neutral,0,0.106,32,10910,1,
s38282,LDOUSDT,1789725600000,testA,1,3.43,0.89,3.63,3.55,0.48,2.54,1.23,1.59,1.36,1.02,1,0.89,neutral,neutral,0,0.486,32,10910,1,
s38283,SANDUSDT,1789725600000,testA,1,3.3,0.837,3.46,3.43,1.42,2.41,1.91,1.1,1.21,1.13,0,0.89,neutral,neutral,0,0.068,32,10910,1,
s38284,WLDUSDT,1789726500000,val,1,4.31,0.534,5.64,4.34,1.03,3.35,1.74,2.51,2.51,1.76,0,0.96,neutral,neutral,0,-1.0,25,10912,0,
s38285,SUIUSDT,1789726500000,val,1,3.31,0.736,3.32,3.23,1.65,2.35,1.85,1.29,1.42,1.06,0,0.96,neutral,alcista,0,0.05,32,10912,8,
s38286,PENDLEUSDT,1789726500000,val,-1,-3.54,0.474,5.05,3.94,0.61,-4.5,0.61,1.57,1.63,1.33,0,0.96,neutral,neutral,0,-1.0,6,10912,0,
s38287,ONDOUSDT,1789726500000,val,1,2.19,0.424,2.5,2.45,0.88,1.22,1.49,1.8,1.92,2.69,0,0.96,neutral,alcista,0,0.479,32,10911,5,
s38288,FETUSDT,1789726500000,val,1,3.95,0.607,5.19,4.23,0.96,2.98,1.89,2.43,2.43,2.1,0,0.96,neutral,neutral,0,-0.532,32,10911,0,
s38289,LDOUSDT,1789726500000,testA,1,3.33,0.85,3.81,3.22,0.66,2.36,1.06,1.59,1.36,1.02,1,0.96,neutral,neutral,0,0.688,32,10911,0,
s38290,SANDUSDT,1789726500000,testA,1,3.09,0.742,3.28,3.02,1.22,2.12,1.55,1.1,1.21,1.13,0,0.96,neutral,neutral,0,0.155,32,10911,0,
s38291,WLDUSDT,1789727400000,val,1,4.44,0.542,5.18,4.38,1.01,3.53,2.11,2.51,2.51,1.76,0,0.91,neutral,neutral,0,-1.0,24,10913,1,
s38292,ARBUSDT,1789727400000,val,-1,-3.68,0.587,6.91,4.41,1.09,-4.59,1.05,2.6,3.88,2.75,0,0.91,neutral,bajista,0,-1.0,23,10913,3,
s38293,SUIUSDT,1789727400000,val,1,2.81,0.682,3.18,3.01,1.53,1.9,1.66,1.29,1.42,1.06,0,0.91,neutral,neutral,0,0.062,32,10913,0,
s38294,ONDOUSDT,1789727400000,val,1,2.08,0.412,2.75,2.67,0.91,1.17,1.38,1.8,1.92,2.69,0,0.91,neutral,alcista,0,0.248,32,10912,6,
s38295,FETUSDT,1789727400000,val,1,3.04,0.514,5.2,4.07,0.95,2.13,1.58,2.43,2.43,2.1,0,0.91,neutral,neutral,0,-0.526,32,10912,0,
s38296,STXUSDT,1789727400000,testA,1,2.62,0.483,3.38,2.73,0.92,1.71,1.26,1.69,1.65,1.32,1,0.91,neutral,alcista,0,-0.474,32,10912,2,
s38297,GRTUSDT,1789727400000,testA,1,2.27,0.595,3.18,2.52,1.09,1.36,1.01,1.38,1.33,1.19,1,0.91,neutral,neutral,0,0.16,32,10912,1,
s38298,LDOUSDT,1789727400000,testA,1,2.92,0.786,3.61,2.91,0.61,2.01,0.91,1.59,1.36,1.02,1,0.91,neutral,neutral,0,0.77,32,10912,0,
s38299,SANDUSDT,1789727400000,testA,1,3.24,0.752,3.4,3.3,1.14,2.34,1.73,1.1,1.21,1.13,0,0.91,neutral,neutral,0,0.055,32,10912,1,
s38300,MANAUSDT,1789727400000,testA,1,2.24,0.64,2.46,2.33,1.09,1.33,1.56,0.99,1.19,0.99,0,0.91,neutral,alcista,0,-0.181,32,10912,8,
s38301,ARBUSDT,1789728300000,val,-1,-2.77,0.514,6.91,4.47,1.1,-3.65,0.93,2.6,3.88,2.75,0,0.88,neutral,bajista,0,-1.0,22,10914,4,
s38302,FETUSDT,1789728300000,val,1,2.87,0.473,5.21,3.82,0.86,1.99,1.13,2.43,2.43,2.1,0,0.88,neutral,neutral,0,-0.479,32,10913,0,
s38303,STXUSDT,1789728300000,testA,1,2.47,0.469,3.38,2.73,1.1,1.58,1.15,1.69,1.65,1.32,1,0.88,neutral,neutral,0,-0.342,32,10913,0,
s38304,SANDUSDT,1789728300000,testA,1,2.65,0.541,3.71,2.72,1.45,1.77,0.99,1.1,1.21,1.13,0,0.88,neutral,neutral,0,0.308,32,10913,0,
s38305,ENAUSDT,1789729200000,val,-1,-4.55,0.435,6.52,6.37,1.39,-5.18,3.12,1.86,1.74,1.55,1,0.63,neutral,bajista,0,-0.551,32,10915,2,
s38306,ARBUSDT,1789729200000,val,-1,-3.74,0.657,6.96,5.18,1.24,-4.37,1.56,2.23,4.02,2.8,0,0.63,neutral,bajista,0,-1.0,21,10915,5,
s38307,PENDLEUSDT,1789729200000,val,-1,-2.72,0.353,3.95,3.4,1.33,-3.35,2.37,2.25,2.09,1.55,1,0.63,neutral,bajista,0,-1.0,1,10915,2,
s38308,ENAUSDT,1789730100000,val,-1,-4.96,0.501,6.48,5.69,1.62,-5.27,2.47,1.86,1.74,1.55,1,0.31,neutral,neutral,0,-0.499,32,10916,0,
s38309,ARBUSDT,1789730100000,val,-1,-3.52,0.594,6.82,4.78,0.83,-3.83,1.34,2.23,4.02,2.8,0,0.31,neutral,neutral,0,-1.0,20,10916,0,
s38310,PUMPUSDT,1789731000000,val,-1,-3.01,0.369,4.09,3.58,1.07,-3.27,1.3,1.06,1.08,0.89,0,0.26,neutral,neutral,0,-1.0,12,10917,0,
s38311,ENAUSDT,1789731000000,val,-1,-4.21,0.414,5.74,4.43,2.03,-4.47,1.81,1.86,1.74,1.55,1,0.26,neutral,neutral,0,-0.725,32,10917,0,
s38312,ARBUSDT,1789731000000,val,-1,-4.26,0.638,5.8,5.1,0.87,-4.52,2.29,2.23,4.02,2.8,0,0.26,neutral,neutral,0,-1.0,6,10917,1,
s38313,ARBUSDT,1789731900000,val,-1,-3.05,0.473,5.77,4.58,0.83,-3.38,1.67,2.23,4.02,2.8,0,0.33,neutral,neutral,0,-1.0,5,10918,0,
s38314,ENAUSDT,1789732800000,val,-1,-4.01,0.373,5.67,4.68,0.89,-4.43,2.12,1.77,1.77,1.47,0,0.42,neutral,neutral,0,-0.722,32,10919,1,
s38315,ARBUSDT,1789732800000,val,-1,-3.54,0.509,4.5,4.06,0.7,-3.96,2.38,2.19,4.22,2.88,0,0.42,neutral,neutral,0,-1.0,3,10919,1,
s38316,ENAUSDT,1789733700000,val,-1,-3.95,0.369,5.2,4.45,0.68,-4.04,2.09,1.77,1.77,1.47,0,0.09,neutral,bajista,0,-0.896,32,10920,2,
s38317,ONDOUSDT,1789734600000,val,1,2.8,0.353,4.26,3.45,1.43,2.62,1.89,1.94,2.16,2.5,0,0.18,neutral,alcista,0,0.19,32,10920,2,
s38318,ONDOUSDT,1789738200000,val,1,3.27,0.368,4.74,4.51,1.43,1.66,2.23,2.46,2.32,2.21,1,1.61,neutral,alcista,0,0.039,32,10924,2,
s38319,PENDLEUSDT,1789739100000,val,1,5.93,0.36,10.08,7.38,0.76,3.53,1.8,2.58,2.52,1.66,1,2.4,bull,neutral,0,-0.154,32,10926,0,
s38320,ARUSDT,1789739100000,testA,-1,-4.77,0.378,7.96,6.58,0.67,-7.17,1.11,6.85,4.15,2.32,1,2.4,bull,bajista,0,-1.0,16,10925,3,testA
s38321,JUPUSDT,1789742700000,val,1,3.47,0.369,4.86,4.63,0.97,0.07,2.24,1.77,2.04,1.43,0,3.4,bull,alcista,0,-0.098,32,10930,4,
s38322,XPLUSDT,1789743600000,val,1,4.31,0.635,5.68,4.56,2.49,0.9,1.88,2.12,1.85,1.46,1,3.41,bull,neutral,0,0.94,32,10931,1,
s38323,PUMPUSDT,1789743600000,val,1,3.39,0.444,5.24,4.23,0.82,-0.01,1.31,1.21,1.24,0.85,0,3.41,bull,neutral,0,-0.279,32,10931,0,
s38324,OPUSDT,1789743600000,val,1,2.61,0.352,4.61,2.94,0.8,-0.8,0.24,1.59,1.81,1.6,0,3.41,bull,neutral,1,2.0,19,10931,0,
s38325,LDOUSDT,1789743600000,testA,1,2.6,0.448,3.94,2.56,1.19,-0.81,0.5,1.41,1.5,1.13,0,3.41,bull,neutral,0,0.07,32,10930,0,
s38326,XPLUSDT,1789744500000,val,1,4.67,0.653,5.29,4.53,2.34,0.93,2.0,2.12,1.85,1.46,1,3.74,bull,alcista,0,0.683,32,10932,2,
s38327,PUMPUSDT,1789744500000,val,1,3.44,0.447,5.24,4.29,0.84,-0.3,1.18,1.21,1.24,0.85,0,3.74,bull,neutral,0,-0.285,32,10932,1,
s38328,STBLUSDT,1789744500000,val,1,2.53,0.508,3.11,2.77,2.98,-1.21,1.24,0.85,0.58,0.49,1,3.74,bull,alcista,0,-0.338,32,10932,3,
s38329,OPUSDT,1789744500000,val,1,2.78,0.367,3.99,2.81,0.95,-0.96,0.66,1.59,1.81,1.6,0,3.74,bull,neutral,1,2.0,18,10932,1,
s38330,LDOUSDT,1789744500000,testA,1,2.67,0.455,3.67,2.68,1.01,-1.07,0.82,1.41,1.5,1.13,0,3.74,bull,neutral,0,-0.181,32,10931,1,
s38331,XPLUSDT,1789745400000,val,1,4.97,0.669,5.76,5.15,1.51,1.62,3.03,2.12,1.85,1.46,1,3.36,bull,alcista,0,0.251,32,10933,3,
s38332,STBLUSDT,1789745400000,val,1,2.53,0.508,2.73,2.51,3.27,-0.83,1.3,0.85,0.58,0.49,1,3.36,bull,alcista,0,-0.478,32,10933,4,
s38333,LDOUSDT,1789745400000,testA,1,2.76,0.465,3.43,2.84,1.02,-0.59,1.21,1.41,1.5,1.13,0,3.36,bull,alcista,0,-0.295,32,10932,2,testA
s38334,APEUSDT,1789745400000,testA,1,2.27,0.556,2.44,2.44,1.68,-1.09,1.24,1.76,1.34,1.03,1,3.36,bull,alcista,0,0.939,32,10932,2,testA
s38335,XPLUSDT,1789746300000,val,1,5.76,0.701,6.17,6.04,1.51,2.35,3.86,2.12,1.85,1.46,1,3.41,bull,alcista,0,0.125,32,10934,4,
s38336,STBLUSDT,1789746300000,val,1,2.45,0.5,2.73,2.5,3.28,-0.95,1.38,0.85,0.58,0.49,1,3.41,bull,alcista,0,-0.478,32,10934,5,
s38337,LDOUSDT,1789746300000,testA,1,3.18,0.5,3.59,3.23,1.0,-0.22,1.61,1.41,1.5,1.13,0,3.41,bull,alcista,0,-0.367,32,10933,3,testA
s38338,APEUSDT,1789746300000,testA,1,2.72,0.6,3.09,2.95,2.14,-0.68,1.68,1.76,1.34,1.03,1,3.41,bull,alcista,0,0.625,32,10933,3,testA
s38339,XPLUSDT,1789747200000,val,1,6.04,0.757,6.44,6.0,1.01,2.36,3.44,2.32,1.93,1.5,1,3.68,bull,neutral,0,0.22,32,10935,0,
s38340,PUMPUSDT,1789747200000,val,1,3.91,0.391,4.73,3.76,0.8,0.23,1.32,1.21,1.15,0.86,1,3.68,bull,alcista,0,-0.558,32,10935,2,
s38341,LDOUSDT,1789747200000,testA,1,2.79,0.437,3.62,2.79,1.01,-0.9,1.23,1.56,1.58,1.18,0,3.68,bull,neutral,0,-0.273,32,10934,0,
s38342,APEUSDT,1789747200000,testA,1,2.79,0.607,3.82,3.16,3.3,-0.89,1.7,2.21,1.57,1.15,1,3.68,bull,alcista,0,0.721,32,10934,4,testA
s38343,XPLUSDT,1789748100000,val,1,5.97,0.755,6.06,5.63,0.98,2.07,2.99,2.32,1.93,1.5,1,3.89,bull,neutral,0,0.176,32,10936,1,
s38344,STBLUSDT,1789748100000,val,1,2.96,0.488,4.02,3.62,2.54,-0.93,2.35,1.16,0.79,0.55,1,3.89,bull,neutral,0,-0.776,32,10936,1,
s38345,ARBUSDT,1789748100000,val,1,6.86,0.37,7.61,7.2,0.98,2.97,4.77,2.71,2.76,3.12,0,3.89,bull,alcista,0,0.076,32,10936,5,
s38346,LDOUSDT,1789748100000,testA,1,2.51,0.413,3.13,2.53,1.05,-1.38,1.27,1.56,1.58,1.18,0,3.89,bull,neutral,0,-0.21,32,10935,1,
s38347,APEUSDT,1789748100000,testA,1,2.79,0.607,3.67,3.08,3.03,-1.1,1.59,2.21,1.57,1.15,1,3.89,bull,alcista,0,0.69,32,10935,5,
s38348,XPLUSDT,1789749000000,val,1,5.21,0.678,6.26,5.25,0.81,1.52,2.44,2.32,1.93,1.5,1,3.7,bull,neutral,0,0.238,32,10937,0,
s38349,WLDUSDT,1789749000000,val,-1,-5.43,0.414,7.45,6.12,1.52,-9.13,2.87,3.7,3.14,2.26,1,3.7,bull,neutral,0,-0.291,32,10937,1,
s38350,APEUSDT,1789749000000,testA,1,2.56,0.586,3.67,3.15,2.41,-1.14,1.49,2.21,1.57,1.15,1,3.7,bull,neutral,0,0.651,32,10936,0,
s38351,XPLUSDT,1789749900000,val,1,5.96,0.707,6.29,6.1,0.75,2.37,3.07,2.32,1.93,1.5,1,3.6,bull,neutral,0,-0.002,32,10938,1,
s38352,WLDUSDT,1789749900000,val,-1,-5.56,0.417,6.94,6.27,2.15,-9.15,3.6,3.7,3.14,2.26,1,3.6,bull,bajista,0,-0.429,32,10938,2,val
s38353,XPLUSDT,1789750800000,val,1,5.89,0.689,6.33,5.78,0.62,2.22,2.45,2.18,1.87,1.5,1,3.67,bull,neutral,0,-0.03,32,10939,0,
s38354,WLDUSDT,1789750800000,val,-1,-5.43,0.41,7.12,6.54,2.29,-9.1,3.6,3.51,3.12,2.32,1,3.67,bull,bajista,0,-0.38,32,10939,3,val
s38355,APEUSDT,1789750800000,testA,1,2.27,0.429,3.47,2.29,0.88,-1.4,0.67,2.05,1.58,1.16,1,3.67,bull,neutral,0,1.0,32,10938,1,
s38356,XPLUSDT,1789751700000,val,1,5.85,0.68,6.34,5.67,0.52,2.55,2.05,2.18,1.87,1.5,1,3.29,bull,neutral,0,-0.161,32,10940,0,
s38357,XPLUSDT,1789752600000,val,1,5.83,0.682,6.32,6.24,0.35,3.98,2.8,2.18,1.87,1.5,1,1.85,neutral,neutral,0,-0.209,32,10941,1,
s38358,WLDUSDT,1789752600000,val,-1,-4.98,0.376,6.94,5.52,1.17,-6.83,2.34,3.51,3.12,2.32,1,1.85,neutral,neutral,0,-0.433,32,10941,1,
s38359,XPLUSDT,1789753500000,val,1,6.29,0.716,6.73,6.54,0.33,5.12,2.86,2.18,1.87,1.5,1,1.16,neutral,alcista,0,-0.35,32,10942,2,
s38360,OPUSDT,1789753500000,val,1,2.46,0.364,2.9,2.65,0.64,1.3,1.02,1.58,1.55,1.62,0,1.16,neutral,alcista,1,2.0,13,10942,3,
s38361,ARUSDT,1789753500000,testA,1,7.53,0.511,7.43,7.07,1.55,6.37,3.94,3.48,4.85,2.78,0,1.16,neutral,alcista,1,2.0,17,10941,4,
s38362,AXSUSDT,1789753500000,testA,1,2.55,0.488,3.11,2.55,0.63,1.39,0.93,2.07,1.84,2.79,0,1.16,neutral,neutral,0,-0.123,32,10941,0,
s38363,XPLUSDT,1789754400000,val,1,6.75,0.806,6.61,6.35,0.32,6.07,2.58,2.19,1.9,1.51,1,0.68,neutral,neutral,0,-0.322,32,10943,0,
s38364,OPUSDT,1789754400000,val,1,3.23,0.431,3.56,3.36,0.67,2.55,1.54,1.6,1.57,1.65,0,0.68,neutral,alcista,1,2.0,23,10943,4,
s38365,INJUSDT,1789754400000,val,1,4.38,0.361,5.56,5.2,0.91,3.7,1.98,2.29,3.4,2.09,0,0.68,neutral,neutral,0,0.248,32,10943,1,
s38366,APEUSDT,1789754400000,testA,1,2.11,0.483,2.95,2.06,0.28,1.42,0.72,2.0,1.59,1.18,1,0.68,neutral,neutral,0,1.179,32,10942,1,
s38367,XPLUSDT,1789755300000,val,1,6.52,0.801,6.6,6.39,0.35,6.16,2.36,2.19,1.9,1.51,1,0.37,neutral,neutral,0,-0.39,32,10944,1,
s38368,XPLUSDT,1789756200000,val,1,2.75,0.353,5.12,3.23,0.41,2.55,0.62,2.19,1.9,1.51,1,0.2,neutral,neutral,0,-0.292,32,10945,0,
s38369,XPLUSDT,1789757100000,val,1,3.34,0.4,5.08,3.77,0.53,3.34,1.14,2.19,1.9,1.51,1,-0.0,neutral,neutral,0,-0.561,32,10946,1,
s38370,XPLUSDT,1789758000000,val,1,4.37,0.467,4.48,4.38,0.53,3.85,2.08,1.96,1.84,1.51,1,0.53,neutral,alcista,0,-0.701,32,10947,2,
s38371,ARBUSDT,1789758000000,val,1,6.5,0.357,8.32,6.27,0.76,5.97,1.61,2.23,2.42,3.12,0,0.53,neutral,neutral,0,-0.089,32,10947,1,
s38372,OPUSDT,1789758000000,val,1,4.32,0.537,5.31,4.88,1.2,3.8,2.65,1.62,1.67,1.74,0,0.53,neutral,alcista,0,1.223,32,10947,3,
s38373,LDOUSDT,1789758000000,testA,1,2.15,0.368,2.73,2.65,0.62,1.62,1.25,1.6,1.46,1.31,1,0.53,neutral,neutral,0,-1.0,25,10946,1,
s38374,XPLUSDT,1789758900000,val,1,3.5,0.37,4.75,3.92,0.7,3.13,1.18,1.96,1.84,1.51,1,0.37,neutral,neutral,0,-1.0,32,10948,0,
s38375,OPUSDT,1789758900000,val,1,4.11,0.525,6.07,5.14,1.57,3.74,2.6,1.62,1.67,1.74,0,0.37,neutral,alcista,0,1.193,32,10948,4,
s38376,PUMPUSDT,1789759800000,val,1,3.65,0.431,4.51,4.4,1.38,2.9,2.11,1.06,1.05,0.92,1,0.75,neutral,alcista,0,-1.0,13,10949,3,
s38377,ENAUSDT,1789759800000,val,1,2.78,0.353,3.55,3.13,0.97,2.04,1.6,1.4,1.63,1.49,0,0.75,neutral,neutral,1,2.0,30,10949,1,
s38378,OPUSDT,1789759800000,val,1,5.55,0.743,6.04,5.58,1.46,4.8,2.63,1.62,1.67,1.74,0,0.75,neutral,alcista,0,1.235,32,10949,5,
s38379,JUPUSDT,1789759800000,val,1,3.04,0.385,4.33,4.18,0.88,2.29,1.38,1.56,1.68,1.55,0,0.75,neutral,alcista,0,0.643,32,10949,4,
s38380,STXUSDT,1789759800000,testA,1,2.43,0.471,2.51,2.48,1.28,1.68,1.12,0.97,1.38,1.35,0,0.75,neutral,alcista,0,1.116,32,10948,5,
s38381,OPUSDT,1789760700000,val,1,6.19,0.764,6.43,6.2,1.62,5.6,3.39,1.62,1.67,1.74,0,0.6,neutral,alcista,0,1.363,32,10950,6,
s38382,WLDUSDT,1789761600000,val,-1,-3.6,0.402,6.07,4.21,0.44,-3.73,0.25,2.48,2.73,2.46,0,0.13,neutral,neutral,0,-0.548,32,10951,0,
s38383,OPUSDT,1789761600000,val,1,4.99,0.661,5.58,5.02,1.41,4.86,2.7,1.69,1.68,1.8,0,0.13,neutral,neutral,0,1.534,32,10951,0,
s38384,JUPUSDT,1789761600000,val,1,2.84,0.398,4.92,4.36,1.12,2.71,1.46,1.68,1.75,1.65,0,0.13,neutral,neutral,0,0.803,32,10951,0,
s38385,STBLUSDT,1789762500000,val,-1,-2.44,0.673,2.91,2.57,0.56,-2.4,0.64,1.09,0.86,0.55,1,-0.04,neutral,bajista,0,0.206,32,10952,5,
s38386,WLDUSDT,1789762500000,val,-1,-3.55,0.394,5.98,3.8,0.38,-3.51,-0.09,2.48,2.73,2.46,0,-0.04,neutral,neutral,0,-0.2,32,10952,0,
s38387,OPUSDT,1789762500000,val,1,5.01,0.664,5.77,5.69,1.21,5.04,3.21,1.69,1.68,1.8,0,-0.04,neutral,neutral,0,1.554,32,10952,1,
s38388,STXUSDT,1789762500000,testA,1,2.86,0.516,3.91,3.88,1.73,2.9,2.61,1.07,1.32,1.4,0,-0.04,neutral,alcista,0,0.109,32,10951,8,
s38389,ENAUSDT,1789763400000,val,1,3.29,0.485,4.54,4.26,1.24,3.08,2.06,1.34,1.58,1.52,0,0.21,neutral,alcista,1,2.0,30,10953,3,
s38390,ARBUSDT,1789763400000,val,1,5.47,0.391,6.45,6.24,0.84,5.26,3.71,2.3,2.39,3.19,0,0.21,neutral,alcista,0,-1.0,21,10953,3,
s38391,OPUSDT,1789763400000,val,1,5.7,0.715,6.4,6.18,1.36,5.49,3.34,1.69,1.68,1.8,0,0.21,neutral,alcista,0,0.691,32,10953,2,
s38392,JUPUSDT,1789763400000,val,1,2.87,0.472,5.95,4.5,1.87,2.66,1.3,1.68,1.75,1.65,0,0.21,neutral,alcista,0,0.331,32,10953,2,
s38393,STXUSDT,1789763400000,testA,1,2.77,0.487,4.47,3.19,2.08,2.56,1.6,1.07,1.32,1.4,0,0.21,neutral,neutral,0,0.0,32,10952,0,
s38394,GRTUSDT,1789763400000,testA,1,3.03,0.652,3.82,3.72,1.84,2.82,2.12,1.32,1.33,1.34,0,0.21,neutral,alcista,0,-0.289,32,10952,2,
s38395,ENAUSDT,1789764300000,val,1,2.82,0.388,4.57,3.64,1.26,2.48,1.25,1.34,1.58,1.52,0,0.34,neutral,neutral,1,2.0,27,10954,0,
s38396,OPUSDT,1789764300000,val,1,5.5,0.672,6.42,5.97,1.12,5.16,2.69,1.69,1.68,1.8,0,0.34,neutral,neutral,0,0.84,32,10954,0,
s38397,JUPUSDT,1789764300000,val,1,2.62,0.41,6.0,3.71,1.76,2.28,0.47,1.68,1.75,1.65,0,0.34,neutral,neutral,0,0.515,32,10954,0,
s38398,STXUSDT,1789764300000,testA,1,2.99,0.506,4.46,3.43,2.07,2.65,1.62,1.07,1.32,1.4,0,0.34,neutral,neutral,0,0.041,32,10953,1,
s38399,GRTUSDT,1789764300000,testA,1,3.49,0.775,4.4,3.86,2.54,3.15,2.02,1.32,1.33,1.34,0,0.34,neutral,alcista,0,-0.329,32,10953,3,
s38400,PUMPUSDT,1789765200000,val,1,2.83,0.387,4.83,3.51,0.46,2.36,0.75,0.72,0.96,0.95,0,0.48,neutral,neutral,0,-1.0,7,10955,1,
s38401,WLDUSDT,1789765200000,val,1,2.87,0.529,3.0,2.95,0.69,2.4,0.78,2.09,2.64,2.48,0,0.48,neutral,neutral,0,-0.421,32,10955,1,
s38402,ENAUSDT,1789765200000,val,1,3.73,0.52,4.55,4.0,1.05,3.26,1.45,1.17,1.52,1.53,0,0.48,neutral,neutral,1,2.0,27,10955,1,
s38403,OPUSDT,1789765200000,val,1,5.76,0.709,5.98,5.57,0.95,5.29,2.42,1.83,1.73,1.89,0,0.48,neutral,neutral,0,0.95,32,10955,1,
s38404,SUIUSDT,1789765200000,val,1,2.47,0.453,2.92,2.77,1.12,1.99,1.23,1.1,1.63,1.48,0,0.48,neutral,neutral,0,0.374,32,10955,1,
s38405,STXUSDT,1789765200000,testA,1,3.61,0.553,4.12,3.73,2.08,3.13,2.01,1.18,1.37,1.47,0,0.48,neutral,alcista,0,-0.189,32,10954,2,
s38406,GRTUSDT,1789765200000,testA,1,2.73,0.551,3.84,2.71,2.61,2.25,1.32,1.27,1.34,1.34,0,0.48,neutral,neutral,0,-0.2,32,10954,0,
s38407,APEUSDT,1789765200000,testA,1,2.36,0.571,2.81,2.67,1.06,1.89,1.42,1.71,1.73,1.28,0,0.48,neutral,neutral,0,0.162,32,10954,1,
s38408,PUMPUSDT,1789766100000,val,1,3.12,0.428,4.82,3.62,0.43,2.57,0.8,0.72,0.96,0.95,0,0.55,neutral,alcista,0,-1.0,6,10956,2,
s38409,ENAUSDT,1789766100000,val,1,3.73,0.518,4.7,3.9,1.02,3.18,1.36,1.17,1.52,1.53,0,0.55,neutral,neutral,1,2.0,26,10956,0,
s38410,OPUSDT,1789766100000,val,1,5.55,0.701,6.32,5.49,0.94,5.0,2.38,1.83,1.73,1.89,0,0.55,neutral,alcista,0,0.885,32,10956,2,
s38411,SUIUSDT,1789766100000,val,1,2.08,0.366,2.64,2.18,1.06,1.53,0.9,1.1,1.63,1.48,0,0.55,neutral,neutral,0,0.478,32,10956,0,
s38412,STXUSDT,1789766100000,testA,1,4.34,0.598,4.47,4.4,1.3,3.79,2.55,1.18,1.37,1.47,0,0.55,neutral,alcista,0,-0.397,32,10955,3,
s38413,GRTUSDT,1789766100000,testA,1,3.08,0.581,3.82,3.18,2.91,2.53,1.66,1.27,1.34,1.34,0,0.55,neutral,neutral,0,-0.338,32,10955,1,
s38414,APEUSDT,1789766100000,testA,1,2.81,0.655,3.02,2.88,1.35,2.26,1.54,1.71,1.73,1.28,0,0.55,neutral,alcista,0,0.0,32,10955,2,
s38415,PUMPUSDT,1789767000000,val,1,2.4,0.364,3.82,2.59,0.4,1.85,0.72,0.72,0.96,0.95,0,0.55,neutral,neutral,0,-1.0,5,10957,0,
s38416,ENAUSDT,1789767000000,val,1,3.04,0.469,3.98,3.27,0.74,2.48,1.34,1.17,1.52,1.53,0,0.55,neutral,neutral,1,2.0,24,10957,1,
s38417,OPUSDT,1789767000000,val,1,4.1,0.481,6.1,4.26,0.85,3.55,1.25,1.83,1.73,1.89,0,0.55,neutral,neutral,1,2.0,25,10957,0,
s38418,STXUSDT,1789767000000,testA,1,4.94,0.63,5.43,5.33,1.3,4.39,3.2,1.18,1.37,1.47,0,0.55,neutral,alcista,0,-0.597,32,10956,4,
s38419,GRTUSDT,1789767000000,testA,1,3.47,0.611,4.08,3.93,1.99,2.92,2.25,1.27,1.34,1.34,0,0.55,neutral,alcista,0,-0.617,32,10956,2,
s38420,APEUSDT,1789767000000,testA,1,3.1,0.677,3.22,3.15,1.29,2.55,1.92,1.71,1.73,1.28,0,0.55,neutral,alcista,0,-0.455,32,10956,3,
s38421,ENAUSDT,1789767900000,val,1,2.55,0.389,3.99,3.0,0.56,2.28,1.02,1.17,1.52,1.53,0,0.28,neutral,neutral,1,2.0,21,10958,0,
s38422,OPUSDT,1789767900000,val,1,3.35,0.363,6.14,3.58,1.3,3.07,0.5,1.83,1.73,1.89,0,0.28,neutral,neutral,1,2.0,24,10958,0,
s38423,STXUSDT,1789767900000,testA,1,4.09,0.502,5.98,4.8,1.53,3.82,2.36,1.18,1.37,1.47,0,0.28,neutral,neutral,0,-0.601,32,10957,0,
s38424,GRTUSDT,1789767900000,testA,1,3.12,0.517,4.1,3.56,0.97,2.84,1.66,1.27,1.34,1.34,0,0.28,neutral,neutral,0,-0.63,32,10957,0,
s38425,APEUSDT,1789767900000,testA,1,2.51,0.486,3.24,2.59,1.4,2.23,1.16,1.71,1.73,1.28,0,0.28,neutral,neutral,0,-0.306,32,10957,0,
s38426,ASTERUSDT,1789768800000,val,1,2.54,0.736,2.58,2.55,1.35,2.06,1.61,1.43,1.59,1.35,0,0.48,neutral,alcista,0,0.112,32,10959,3,
s38427,ENAUSDT,1789768800000,val,1,2.7,0.421,4.0,2.9,0.56,2.23,0.84,1.07,1.52,1.55,0,0.48,neutral,neutral,1,2.0,20,10959,0,
s38428,SUIUSDT,1789768800000,val,1,2.27,0.421,2.79,2.51,0.96,1.79,1.06,1.02,1.59,1.49,0,0.48,neutral,neutral,0,-0.248,32,10959,0,
s38429,STXUSDT,1789768800000,testA,1,4.17,0.511,5.98,4.83,1.72,3.69,2.17,1.32,1.37,1.53,0,0.48,neutral,neutral,0,-0.64,32,10958,1,
s38430,GRTUSDT,1789768800000,testA,1,3.48,0.58,4.09,3.7,0.85,3.0,1.61,1.36,1.41,1.38,0,0.48,neutral,neutral,0,-0.763,32,10958,1,
s38431,ASTERUSDT,1789769700000,val,1,2.98,0.766,3.36,3.01,2.69,2.65,1.86,1.43,1.59,1.35,0,0.33,neutral,alcista,0,-0.353,32,10960,4,
s38432,STXUSDT,1789769700000,testA,1,5.03,0.657,5.97,4.97,1.83,4.71,2.03,1.32,1.37,1.53,0,0.33,neutral,alcista,0,-0.671,32,10959,2,
s38433,GRTUSDT,1789769700000,testA,1,3.23,0.516,4.1,3.37,1.05,2.9,1.09,1.36,1.41,1.38,0,0.33,neutral,neutral,0,-0.725,32,10959,0,
s38434,ASTERUSDT,1789770600000,val,1,3.09,0.773,3.42,3.26,3.36,2.87,1.99,1.43,1.59,1.35,0,0.22,neutral,alcista,0,-0.516,32,10961,5,
s38435,OPUSDT,1789770600000,val,1,3.13,0.351,5.55,3.09,1.12,2.91,0.45,1.68,1.72,1.92,0,0.22,neutral,neutral,1,2.0,20,10961,1,
s38436,STXUSDT,1789770600000,testA,1,4.4,0.563,5.68,4.29,1.33,4.19,1.45,1.32,1.37,1.53,0,0.22,neutral,neutral,0,-0.504,32,10960,0,
s38437,GRTUSDT,1789770600000,testA,1,3.11,0.508,3.7,3.26,1.57,2.89,1.26,1.36,1.41,1.38,0,0.22,neutral,neutral,0,-0.597,32,10960,1,
s38438,APEUSDT,1789770600000,testA,1,2.29,0.437,3.1,2.24,0.77,2.07,0.73,1.18,1.7,1.3,0,0.22,neutral,neutral,0,0.032,32,10960,1,
s38439,ASTERUSDT,1789771500000,val,1,3.94,0.875,3.84,3.8,4.23,3.69,2.42,1.43,1.59,1.35,0,0.25,neutral,alcista,0,-0.726,32,10962,6,
s38440,SUIUSDT,1789771500000,val,1,2.01,0.367,2.72,2.02,1.07,1.76,0.56,1.02,1.59,1.49,0,0.25,neutral,neutral,0,-0.036,32,10962,1,
s38441,STXUSDT,1789771500000,testA,1,3.88,0.512,5.34,3.81,1.16,3.63,1.19,1.32,1.37,1.53,0,0.25,neutral,neutral,0,-0.523,32,10961,0,
s38442,GRTUSDT,1789771500000,testA,1,3.27,0.528,3.45,3.11,1.61,3.02,1.25,1.36,1.41,1.38,0,0.25,neutral,alcista,0,-1.0,30,10961,2,
s38443,APEUSDT,1789771500000,testA,1,2.06,0.412,2.81,2.02,0.7,1.82,0.68,1.18,1.7,1.3,0,0.25,neutral,alcista,0,-0.071,32,10961,2,
s38444,ASTERUSDT,1789772400000,val,1,3.44,0.86,3.71,3.4,3.53,3.46,2.18,2.07,1.89,1.55,1,-0.03,neutral,neutral,0,-0.679,32,10963,0,
s38445,PUMPUSDT,1789772400000,val,-1,-2.55,0.406,5.26,4.04,2.09,-2.53,1.78,0.83,0.98,0.97,0,-0.03,neutral,neutral,0,0.942,32,10963,0,
s38446,STXUSDT,1789772400000,testA,1,2.85,0.367,4.95,2.81,0.91,2.88,0.62,1.39,1.26,1.55,0,-0.03,neutral,neutral,0,-1.0,29,10962,0,
s38447,GRTUSDT,1789772400000,testA,1,2.61,0.419,3.27,2.59,1.42,2.63,0.83,1.37,1.37,1.37,1,-0.03,neutral,neutral,0,-1.0,28,10962,0,
s38448,ASTERUSDT,1789773300000,val,1,3.5,0.863,3.97,3.66,2.32,3.83,2.18,2.07,1.89,1.55,1,-0.33,neutral,neutral,0,-0.724,32,10964,1,
s38449,PUMPUSDT,1789773300000,val,-1,-3.34,0.617,5.26,4.02,2.57,-3.01,1.55,0.83,0.98,0.97,0,-0.33,neutral,neutral,0,0.948,32,10964,0,
s38450,GRTUSDT,1789773300000,testA,1,2.55,0.415,3.17,2.54,1.13,2.88,0.74,1.37,1.37,1.37,1,-0.33,neutral,neutral,0,-1.0,27,10963,0,
s38451,ASTERUSDT,1789774200000,val,1,2.48,0.488,3.97,2.66,2.49,2.91,1.08,2.07,1.89,1.55,1,-0.43,neutral,neutral,0,-0.801,32,10965,0,
s38452,PUMPUSDT,1789774200000,val,-1,-3.2,0.577,5.24,3.71,1.81,-2.77,1.08,0.83,0.98,0.97,0,-0.43,neutral,neutral,0,1.245,32,10965,0,
s38453,OPUSDT,1789774200000,val,1,3.44,0.368,4.4,4.23,0.8,3.87,2.71,1.86,1.75,1.99,0,-0.43,neutral,neutral,0,0.344,32,10965,1,
s38454,GRTUSDT,1789774200000,testA,1,2.49,0.41,2.82,2.72,0.39,2.92,1.17,1.37,1.37,1.37,1,-0.43,neutral,neutral,0,-1.0,25,10964,1,
s38455,PUMPUSDT,1789775100000,val,-1,-3.59,0.603,4.41,4.01,0.94,-3.21,2.23,0.83,0.98,0.97,0,-0.38,neutral,neutral,0,0.788,32,10966,1,
s38456,ASTERUSDT,1789776000000,val,1,2.21,0.353,3.98,2.39,2.08,2.32,0.61,2.26,1.92,1.61,1,-0.11,neutral,neutral,0,-1.0,32,10967,1,
s38457,PUMPUSDT,1789776000000,val,-1,-3.41,0.586,5.14,3.98,1.39,-3.3,2.11,0.92,0.99,0.99,0,-0.11,neutral,neutral,0,0.615,32,10967,0,
s38458,OPUSDT,1789776000000,val,1,3.08,0.361,5.57,4.53,1.61,3.19,2.36,2.34,2.0,2.18,0,-0.11,neutral,neutral,0,0.429,32,10967,1,
s38459,GRTUSDT,1789776000000,testA,1,3.19,0.421,3.33,3.23,0.73,3.3,1.48,1.77,1.57,1.47,1,-0.11,neutral,neutral,0,-1.0,23,10966,1,
s38460,APEUSDT,1789776000000,testA,1,2.05,0.378,2.44,2.08,0.87,2.16,0.86,1.3,1.66,1.37,0,-0.11,neutral,alcista,0,0.0,32,10966,3,
s38461,ASTERUSDT,1789776900000,val,1,3.12,0.444,3.86,3.07,1.72,3.02,1.28,2.26,1.92,1.61,1,0.1,neutral,alcista,0,-1.0,26,10968,2,
s38462,PUMPUSDT,1789776900000,val,-1,-3.48,0.605,5.14,3.96,1.61,-3.58,1.92,0.92,0.99,0.99,0,0.1,neutral,neutral,0,0.619,32,10968,0,
s38463,SUIUSDT,1789776900000,val,1,2.04,0.403,2.25,2.01,1.34,1.94,1.15,1.16,1.53,1.55,0,0.1,neutral,alcista,0,-1.0,4,10968,2,
s38464,GRTUSDT,1789776900000,testA,1,2.83,0.393,3.38,2.8,1.19,2.73,1.26,1.77,1.57,1.47,1,0.1,neutral,neutral,0,-1.0,4,10967,0,
s38465,ASTERUSDT,1789777800000,val,1,3.24,0.455,3.75,3.26,1.14,3.05,1.42,2.26,1.92,1.61,1,0.19,neutral,alcista,0,-1.0,25,10969,3,
s38466,PUMPUSDT,1789777800000,val,-1,-4.01,0.638,5.18,4.85,1.56,-4.21,2.39,0.92,0.99,0.99,0,0.19,neutral,neutral,0,0.338,32,10969,1,
s38467,0GUSDT,1789777800000,val,1,2.23,0.511,3.87,2.69,2.84,2.04,1.62,1.07,1.13,1.18,0,0.19,neutral,alcista,0,-1.0,4,10969,4,
s38468,ASTERUSDT,1789778700000,val,1,3.11,0.438,3.55,3.02,0.51,2.42,1.25,2.26,1.92,1.61,1,0.68,neutral,neutral,0,-1.0,24,10970,0,
s38469,PUMPUSDT,1789778700000,val,-1,-3.67,0.565,5.17,4.55,1.45,-4.36,1.89,0.92,0.99,0.99,0,0.68,neutral,neutral,0,0.51,32,10970,0,
s38470,0GUSDT,1789778700000,val,1,3.73,0.656,4.22,4.0,3.27,3.04,2.71,1.07,1.13,1.18,0,0.68,neutral,alcista,0,-1.0,3,10970,5,
s38471,ASTERUSDT,1789779600000,val,1,3.15,0.442,3.36,3.21,0.48,3.14,1.51,2.84,2.13,1.75,1,0.01,neutral,neutral,0,-1.0,23,10971,1,
s38472,PUMPUSDT,1789779600000,val,-1,-4.26,0.647,5.18,4.92,0.91,-4.27,2.05,0.76,0.91,1.0,0,0.01,neutral,neutral,0,0.425,32,10971,1,
s38473,ASTERUSDT,1789780500000,val,1,3.17,0.444,4.36,3.15,0.86,3.09,1.29,2.84,2.13,1.75,1,0.08,neutral,neutral,0,-1.0,22,10972,0,
s38474,PUMPUSDT,1789780500000,val,-1,-4.21,0.636,5.39,4.75,0.79,-4.28,1.67,0.76,0.91,1.0,0,0.08,neutral,neutral,0,0.5,32,10972,0,
s38475,PUMPUSDT,1789781400000,val,-1,-4.0,0.591,5.21,4.38,0.68,-3.95,1.33,0.76,0.91,1.0,0,-0.06,neutral,neutral,0,0.573,32,10973,0,
s38476,PUMPUSDT,1789782300000,val,-1,-3.71,0.549,5.21,4.24,0.53,-3.78,1.11,0.76,0.91,1.0,0,0.06,neutral,neutral,0,0.441,32,10974,0,
s38477,MANAUSDT,1789782300000,testA,1,2.01,0.497,4.77,2.3,0.42,1.95,1.15,2.65,1.95,1.7,1,0.06,neutral,alcista,0,0.587,32,10973,4,
s38478,PUMPUSDT,1789783200000,val,-1,-3.28,0.465,5.19,3.84,0.48,-3.44,0.68,0.79,0.82,0.99,0,0.16,neutral,neutral,0,0.356,32,10975,0,
s38479,OPUSDT,1789783200000,val,1,4.52,0.422,6.02,5.0,1.1,4.36,2.04,2.52,2.14,2.31,0,0.16,neutral,alcista,0,0.278,32,10975,3,
s38480,ONDOUSDT,1789783200000,val,1,2.78,0.362,3.93,3.81,1.78,2.62,2.1,1.48,1.44,2.02,0,0.16,neutral,alcista,0,-1.0,17,10974,3,
s38481,MANAUSDT,1789783200000,testA,1,2.34,0.535,4.75,2.65,0.42,2.18,1.38,2.73,1.97,1.72,1,0.16,neutral,alcista,0,0.441,32,10974,5,
s38482,PUMPUSDT,1789784100000,val,-1,-3.28,0.465,4.8,3.37,0.42,-3.38,0.53,0.79,0.82,0.99,0,0.1,neutral,neutral,0,0.469,32,10976,0,
s38483,ENAUSDT,1789784100000,val,1,4.41,0.353,5.58,5.5,0.86,4.31,2.69,1.69,1.53,1.72,0,0.1,neutral,alcista,1,2.0,32,10976,4,
s38484,OPUSDT,1789784100000,val,1,4.97,0.451,5.54,4.88,0.96,4.87,2.31,2.52,2.14,2.31,0,0.1,neutral,alcista,0,0.307,32,10976,4,
s38485,INJUSDT,1789784100000,val,1,3.81,0.457,5.1,4.58,0.78,3.71,1.68,1.31,1.52,2.36,0,0.1,neutral,alcista,1,2.0,18,10976,2,
s38486,ONDOUSDT,1789784100000,val,1,3.64,0.438,5.11,4.48,2.25,3.54,2.5,1.48,1.44,2.02,0,0.1,neutral,alcista,0,-1.0,16,10975,4,
s38487,MANAUSDT,1789784100000,testA,1,3.09,0.603,4.71,3.42,0.32,2.99,1.94,2.73,1.97,1.72,1,0.1,neutral,alcista,0,0.191,32,10975,6,
s38488,OPUSDT,1789785000000,val,1,4.21,0.405,5.5,4.42,1.06,3.97,2.11,2.52,2.14,2.31,0,0.24,neutral,neutral,0,0.501,32,10977,0,
s38489,INJUSDT,1789785000000,val,1,5.6,0.647,5.4,5.29,0.83,5.36,2.37,1.31,1.52,2.36,0,0.24,neutral,alcista,1,2.0,19,10977,3,
s38490,JUPUSDT,1789785000000,val,1,3.15,0.675,3.5,3.17,1.06,2.91,1.25,0.94,1.32,1.71,0,0.24,neutral,neutral,0,0.953,32,10977,1,
s38491,PENDLEUSDT,1789785000000,val,1,3.19,0.457,5.05,4.37,1.67,2.95,2.49,1.04,1.23,1.97,0,0.24,neutral,neutral,0,0.39,32,10977,1,
s38492,ONDOUSDT,1789785000000,val,1,3.23,0.368,4.94,3.37,2.32,2.99,1.46,1.48,1.44,2.02,0,0.24,neutral,neutral,0,-1.0,15,10976,0,
s38493,MANAUSDT,1789785000000,testA,1,2.61,0.465,4.7,2.89,0.41,2.37,1.32,2.73,1.97,1.72,1,0.24,neutral,neutral,0,0.382,32,10976,0,
s38494,OPUSDT,1789785900000,val,1,5.17,0.456,6.06,5.66,1.12,4.97,3.18,2.52,2.14,2.31,0,0.2,neutral,neutral,0,0.084,32,10978,1,
s38495,INJUSDT,1789785900000,val,1,4.04,0.424,5.24,3.96,0.87,3.84,1.06,1.31,1.52,2.36,0,0.2,neutral,neutral,1,2.0,15,10978,0,
s38496,JUPUSDT,1789785900000,val,1,4.28,0.739,4.43,4.25,1.48,4.08,2.46,0.94,1.32,1.71,0,0.2,neutral,alcista,0,0.077,32,10978,2,
s38497,PENDLEUSDT,1789785900000,val,1,4.25,0.576,5.2,5.03,1.66,4.05,2.93,1.04,1.23,1.97,0,0.2,neutral,alcista,0,0.257,32,10978,2,
s38498,SANDUSDT,1789785900000,testA,1,3.89,0.694,7.0,4.0,0.35,3.7,2.14,3.18,2.06,1.66,1,0.2,neutral,alcista,0,-1.0,14,10977,7,
s38499,MANAUSDT,1789785900000,testA,1,3.38,0.549,4.67,3.5,0.44,3.18,1.77,2.73,1.97,1.72,1,0.2,neutral,neutral,0,0.208,32,10977,1,
s38500,XPLUSDT,1789786800000,val,-1,-2.99,0.427,3.9,3.2,1.66,-3.12,1.13,1.14,1.1,1.48,0,0.13,neutral,neutral,0,0.19,32,10979,0,
s38501,ENAUSDT,1789786800000,val,1,6.57,0.423,7.11,6.99,1.38,6.44,4.34,2.22,1.7,1.79,0,0.13,neutral,alcista,0,0.895,32,10979,2,
s38502,INJUSDT,1789786800000,val,1,4.06,0.428,4.74,4.45,1.04,3.93,1.98,1.47,1.39,2.38,0,0.13,neutral,neutral,1,2.0,16,10979,1,
s38503,JUPUSDT,1789786800000,val,1,4.64,0.755,5.12,4.83,1.88,4.51,2.85,1.18,1.34,1.72,0,0.13,neutral,alcista,0,-0.067,32,10979,3,
s38504,PENDLEUSDT,1789786800000,val,1,4.43,0.586,5.66,5.37,1.81,4.29,2.95,1.14,1.07,1.87,0,0.13,neutral,alcista,0,0.208,32,10979,3,
s38505,LDOUSDT,1789786800000,testA,1,2.25,0.506,3.35,3.27,0.88,2.11,1.55,1.13,1.21,1.37,0,0.13,neutral,neutral,0,0.084,32,10978,1,
s38506,MANAUSDT,1789786800000,testA,1,3.15,0.493,4.68,3.26,0.55,3.01,1.36,3.0,2.06,1.74,1,0.13,neutral,neutral,0,0.269,32,10978,0,
s38507,XPLUSDT,1789787700000,val,-1,-4.08,0.502,5.1,4.95,1.87,-4.25,2.64,1.14,1.1,1.48,0,0.18,neutral,neutral,0,-0.226,32,10980,1,
s38508,ENAUSDT,1789787700000,val,1,5.46,0.363,7.22,6.69,1.36,5.28,3.72,2.22,1.7,1.79,0,0.18,neutral,neutral,0,0.859,32,10980,0,
s38509,OPUSDT,1789787700000,val,1,4.25,0.366,6.08,5.4,0.82,4.07,2.31,2.75,2.32,2.15,1,0.18,neutral,neutral,0,0.257,32,10980,1,
s38510,INJUSDT,1789787700000,val,1,3.86,0.397,4.47,3.74,0.83,3.68,1.48,1.47,1.39,2.38,0,0.18,neutral,neutral,1,2.0,13,10980,0,
s38511,JUPUSDT,1789787700000,val,1,3.93,0.571,5.17,4.04,2.18,3.75,1.91,1.18,1.34,1.72,0,0.18,neutral,neutral,0,0.126,32,10980,0,
s38512,PENDLEUSDT,1789787700000,val,1,3.98,0.493,5.71,4.44,2.09,3.8,1.8,1.14,1.07,1.87,0,0.18,neutral,neutral,0,0.475,32,10980,0,
s38513,FETUSDT,1789787700000,val,-1,-2.05,0.365,3.02,2.64,0.58,-2.23,1.04,1.12,1.16,1.86,0,0.18,neutral,bajista,0,-0.292,32,10979,2,
s38514,MANAUSDT,1789787700000,testA,1,2.59,0.372,4.61,2.55,0.6,2.41,0.66,3.0,2.06,1.74,1,0.18,neutral,neutral,0,0.639,32,10979,0,
s38515,ENAUSDT,1789788600000,val,1,7.56,0.484,8.42,7.78,1.32,7.22,4.39,2.22,1.7,1.79,0,0.34,neutral,neutral,0,0.718,32,10981,1,
s38516,JUPUSDT,1789788600000,val,1,3.62,0.552,5.05,4.0,2.02,3.27,1.74,1.18,1.34,1.72,0,0.34,neutral,neutral,0,0.355,32,10981,0,
s38517,PENDLEUSDT,1789788600000,val,1,3.86,0.478,5.72,4.38,1.34,3.52,1.62,1.14,1.07,1.87,0,0.34,neutral,neutral,0,0.589,32,10981,0,
s38518,MANAUSDT,1789788600000,testA,1,2.53,0.368,4.35,2.58,0.56,2.19,0.87,3.0,2.06,1.74,1,0.34,neutral,neutral,0,0.774,32,10980,1,
s38519,XPLUSDT,1789789500000,val,-1,-3.71,0.394,5.09,4.76,2.11,-4.0,2.33,1.14,1.1,1.48,0,0.29,neutral,neutral,0,-0.2,32,10982,1,
s38520,JUPUSDT,1789789500000,val,1,4.75,0.624,5.5,5.0,1.73,4.45,2.5,1.18,1.34,1.72,0,0.29,neutral,neutral,0,0.072,32,10982,1,
s38521,PENDLEUSDT,1789789500000,val,1,3.38,0.393,5.76,3.61,1.17,3.09,0.71,1.14,1.07,1.87,0,0.29,neutral,neutral,0,0.875,32,10982,0,
s38522,FETUSDT,1789789500000,val,-1,-2.05,0.404,3.03,2.75,0.59,-2.34,0.94,1.12,1.16,1.86,0,0.29,neutral,bajista,0,-0.42,32,10981,4,
s38523,XPLUSDT,1789790400000,val,-1,-4.06,0.451,5.09,4.6,1.92,-4.35,1.87,1.2,1.02,1.49,0,0.28,neutral,neutral,0,-0.173,32,10983,0,
s38524,ENAUSDT,1789790400000,val,1,7.63,0.424,9.42,7.16,1.47,7.35,3.11,2.59,1.82,1.84,0,0.28,neutral,neutral,0,1.103,32,10983,0,
s38525,ARBUSDT,1789790400000,val,-1,-4.18,0.357,9.71,7.96,0.92,-4.47,1.44,1.42,1.67,2.34,0,0.28,neutral,neutral,0,0.16,32,10983,1,
s38526,JUPUSDT,1789790400000,val,1,4.55,0.602,5.0,4.43,1.32,4.27,2.21,1.26,1.34,1.64,0,0.28,neutral,neutral,0,-1.0,7,10983,0,
s38527,PENDLEUSDT,1789790400000,val,1,3.24,0.384,5.23,3.42,0.9,2.96,1.01,1.25,1.06,1.8,0,0.28,neutral,neutral,0,0.763,32,10983,1,
s38528,FETUSDT,1789790400000,val,-1,-2.69,0.5,3.54,3.26,0.83,-2.98,1.39,1.3,1.21,1.82,0,0.28,neutral,bajista,0,-0.61,32,10982,5,
s38529,LDOUSDT,1789790400000,testA,1,2.17,0.392,3.47,3.25,0.86,1.88,1.25,1.27,1.23,1.42,0,0.28,neutral,alcista,0,0.354,32,10982,3,
s38530,XPLUSDT,1789791300000,val,-1,-4.41,0.47,5.37,5.31,1.21,-4.44,2.21,1.2,1.02,1.49,0,0.04,neutral,neutral,0,-0.327,32,10984,1,
s38531,JUPUSDT,1789791300000,val,1,2.64,0.364,4.93,3.56,1.17,2.61,1.22,1.26,1.34,1.64,0,0.04,neutral,neutral,0,-1.0,6,10984,0,
s38532,PENDLEUSDT,1789791300000,val,1,2.81,0.353,5.09,3.48,0.81,2.77,1.09,1.25,1.06,1.8,0,0.04,neutral,alcista,0,0.736,32,10984,2,
s38533,FETUSDT,1789791300000,val,-1,-3.82,0.617,4.47,4.3,1.06,-3.85,2.1,1.3,1.21,1.82,0,0.04,neutral,bajista,0,-0.571,32,10983,6,
s38534,XPLUSDT,1789792200000,val,-1,-4.99,0.502,5.8,5.56,1.0,-4.55,2.61,1.2,1.02,1.49,0,-0.44,neutral,bajista,0,-0.425,32,10985,2,
s38535,ARBUSDT,1789792200000,val,-1,-4.31,0.36,6.5,5.89,0.99,-3.87,2.6,1.42,1.67,2.34,0,-0.44,neutral,bajista,0,0.155,32,10985,3,
s38536,FETUSDT,1789792200000,val,-1,-3.83,0.617,4.21,4.1,1.37,-3.39,2.34,1.3,1.21,1.82,0,-0.44,neutral,bajista,0,-0.63,32,10984,7,
s38537,XPLUSDT,1789793100000,val,-1,-4.67,0.484,5.52,5.22,0.85,-3.88,2.44,1.2,1.02,1.49,0,-0.79,neutral,neutral,0,-0.444,32,10986,0,
s38538,FETUSDT,1789793100000,val,-1,-2.82,0.433,4.35,3.23,1.9,-2.03,1.54,1.3,1.21,1.82,0,-0.79,neutral,neutral,0,-0.638,32,10985,0,
s38539,XPLUSDT,1789794000000,val,-1,-3.96,0.421,4.83,4.29,0.8,-3.66,1.96,1.22,1.0,1.46,0,-0.3,neutral,neutral,0,-0.388,32,10987,0,
s38540,0GUSDT,1789794000000,val,-1,-4.2,0.417,5.66,4.81,0.44,-3.9,1.51,2.24,1.46,1.36,1,-0.3,neutral,neutral,0,-1.0,30,10987,0,
s38541,XPLUSDT,1789794900000,val,-1,-3.07,0.353,4.7,4.1,0.73,-2.84,1.72,1.22,1.0,1.46,0,-0.23,neutral,neutral,0,-0.36,32,10988,0,
s38542,XPLUSDT,1789795800000,val,-1,-4.15,0.492,4.81,4.58,0.57,-3.98,1.92,1.22,1.0,1.46,0,-0.17,neutral,neutral,0,-0.424,32,10989,1,
s38543,PUMPUSDT,1789795800000,val,-1,-3.13,0.373,6.12,5.45,1.37,-2.96,2.66,0.94,0.87,0.96,0,-0.17,neutral,bajista,0,-0.152,32,10989,2,
s38544,FETUSDT,1789795800000,val,-1,-3.63,0.663,4.39,4.16,1.25,-3.46,1.87,1.35,1.18,1.79,0,-0.17,neutral,bajista,0,-0.486,32,10988,2,
s38545,AXSUSDT,1789795800000,testA,-1,-2.23,0.524,2.74,2.68,0.94,-2.06,1.59,2.45,1.82,1.87,0,-0.17,neutral,bajista,0,-1.0,24,10988,3,
s38546,XPLUSDT,1789796700000,val,-1,-3.92,0.476,5.06,4.76,0.59,-3.63,2.06,1.22,1.0,1.46,0,-0.29,neutral,bajista,0,-0.514,32,10990,2,
s38547,PUMPUSDT,1789796700000,val,-1,-3.5,0.413,6.13,5.71,1.36,-3.21,2.58,0.94,0.87,0.96,0,-0.29,neutral,bajista,0,-0.275,32,10990,3,
s38548,STBLUSDT,1789796700000,val,-1,-2.04,0.415,3.36,3.28,0.55,-1.75,1.41,0.62,0.47,0.62,0,-0.29,neutral,bajista,0,-1.0,2,10990,3,
s38549,0GUSDT,1789796700000,val,-1,-2.6,0.394,4.77,4.67,0.74,-2.31,2.26,2.24,1.46,1.36,1,-0.29,neutral,bajista,0,-1.0,25,10990,3,
s38550,INJUSDT,1789796700000,val,1,3.93,0.373,4.42,4.09,2.15,4.22,2.27,1.82,1.39,2.47,0,-0.29,neutral,neutral,1,2.0,6,10990,1,
s38551,FETUSDT,1789796700000,val,-1,-3.2,0.573,4.09,3.59,0.99,-2.91,1.29,1.35,1.18,1.79,0,-0.29,neutral,neutral,0,-1.0,25,10989,0,
s38552,AXSUSDT,1789796700000,testA,-1,-2.39,0.552,3.03,2.69,1.09,-2.1,1.53,2.45,1.82,1.87,0,-0.29,neutral,bajista,0,-1.0,23,10989,4,
s38553,XPLUSDT,1789797600000,val,-1,-4.21,0.524,4.91,4.65,0.61,-3.75,1.81,1.28,1.02,1.48,0,-0.46,neutral,bajista,0,-0.541,32,10991,3,
s38554,PUMPUSDT,1789797600000,val,-1,-4.29,0.506,6.77,6.18,1.52,-3.83,2.75,0.91,0.9,0.97,0,-0.46,neutral,bajista,0,-0.299,32,10991,4,
s38555,0GUSDT,1789797600000,val,-1,-3.18,0.535,5.05,4.52,1.05,-2.72,1.6,1.93,1.5,1.36,1,-0.46,neutral,neutral,0,-1.0,24,10991,0,
s38556,WLDUSDT,1789797600000,val,-1,-3.06,0.44,3.92,3.61,0.69,-2.6,1.27,1.26,1.17,2.14,0,-0.46,neutral,bajista,0,-0.715,32,10991,3,
s38557,ONDOUSDT,1789797600000,val,-1,-3.07,0.45,4.76,4.56,0.8,-2.61,1.42,1.8,1.4,1.84,0,-0.46,neutral,neutral,0,-1.0,21,10990,1,
s38558,FETUSDT,1789797600000,val,-1,-3.48,0.593,3.94,3.83,1.01,-3.02,1.58,1.29,1.18,1.77,0,-0.46,neutral,neutral,0,-1.0,22,10990,1,
s38559,STXUSDT,1789797600000,testA,-1,-2.31,0.355,3.41,3.34,0.93,-1.85,1.34,1.04,1.33,1.4,0,-0.46,neutral,bajista,0,-1.0,6,10990,5,
s38560,GRTUSDT,1789797600000,testA,-1,-2.35,0.511,3.46,3.41,0.69,-1.89,1.41,1.07,1.42,1.36,0,-0.46,neutral,bajista,0,-1.0,20,10990,3,
s38561,XPLUSDT,1789798500000,val,-1,-4.91,0.561,5.77,5.67,0.69,-4.46,2.62,1.28,1.02,1.48,0,-0.45,neutral,bajista,0,-0.699,32,10992,4,
s38562,PUMPUSDT,1789798500000,val,-1,-3.98,0.453,6.75,5.74,1.46,-3.53,2.15,0.91,0.9,0.97,0,-0.45,neutral,neutral,0,-0.282,32,10992,0,
s38563,0GUSDT,1789798500000,val,-1,-3.54,0.588,5.06,4.77,1.36,-3.09,1.47,1.93,1.5,1.36,1,-0.45,neutral,neutral,0,-1.0,23,10992,1,
s38564,WLDUSDT,1789798500000,val,-1,-2.94,0.431,4.44,3.66,0.93,-2.5,1.3,1.26,1.17,2.14,0,-0.45,neutral,bajista,0,-0.915,32,10992,4,
s38565,INJUSDT,1789798500000,val,1,4.25,0.394,5.47,5.33,2.75,4.7,3.1,2.64,1.88,2.78,0,-0.45,neutral,alcista,0,1.005,32,10992,3,
s38566,ONDOUSDT,1789798500000,val,-1,-4.19,0.643,5.79,5.01,1.26,-3.74,1.7,1.8,1.4,1.84,0,-0.45,neutral,bajista,0,-1.0,20,10991,2,
s38567,FETUSDT,1789798500000,val,-1,-3.49,0.593,4.36,4.13,1.1,-3.04,1.92,1.29,1.18,1.77,0,-0.45,neutral,bajista,0,-1.0,21,10991,2,
s38568,STXUSDT,1789798500000,testA,-1,-2.32,0.355,4.02,3.45,1.24,-1.87,1.33,1.04,1.33,1.4,0,-0.45,neutral,bajista,0,-1.0,5,10991,6,
s38569,GRTUSDT,1789798500000,testA,-1,-2.2,0.484,3.66,3.36,0.85,-1.75,1.29,1.07,1.42,1.36,0,-0.45,neutral,neutral,0,-1.0,19,10991,0,
s38570,SANDUSDT,1789798500000,testA,-1,-2.43,0.364,4.57,4.31,1.15,-1.98,1.72,1.52,2.13,1.73,0,-0.45,neutral,bajista,0,-1.0,32,10991,5,
s38571,MANAUSDT,1789798500000,testA,-1,-2.22,0.388,3.24,2.85,0.41,-1.77,0.73,2.04,2.27,1.85,0,-0.45,neutral,neutral,0,-1.0,16,10991,0,
s38572,AXSUSDT,1789798500000,testA,-1,-2.14,0.445,3.03,2.51,1.53,-1.69,1.12,1.3,1.8,1.82,0,-0.45,neutral,neutral,0,-1.0,21,10991,1,
s38573,PUMPUSDT,1789799400000,val,-1,-4.4,0.531,6.73,5.43,0.98,-4.1,1.71,0.91,0.9,0.97,0,-0.3,neutral,neutral,0,-0.207,32,10993,0,
s38574,0GUSDT,1789799400000,val,-1,-3.48,0.576,4.98,4.03,1.35,-3.18,0.87,1.93,1.5,1.36,1,-0.3,neutral,neutral,0,-1.0,22,10993,0,
s38575,WLDUSDT,1789799400000,val,-1,-2.73,0.388,4.42,3.14,0.98,-2.43,0.77,1.26,1.17,2.14,0,-0.3,neutral,neutral,0,-0.78,32,10993,0,
s38576,INJUSDT,1789799400000,val,1,5.62,0.464,8.9,7.44,3.98,5.92,4.95,2.64,1.88,2.78,0,-0.3,neutral,alcista,0,0.331,32,10993,4,
s38577,ONDOUSDT,1789799400000,val,-1,-2.76,0.447,4.68,3.34,1.22,-2.46,1.19,1.8,1.4,1.84,0,-0.3,neutral,neutral,0,-1.0,18,10992,0,
s38578,SANDUSDT,1789799400000,testA,-1,-2.44,0.369,4.54,3.69,1.3,-2.14,1.03,1.52,2.13,1.73,0,-0.3,neutral,neutral,0,-1.0,31,10992,0,
s38579,ASTERUSDT,1789800300000,val,-1,-3.55,0.548,4.63,4.05,1.64,-3.26,1.83,2.43,2.35,1.87,1,-0.29,neutral,bajista,0,-0.362,32,10994,7,
s38580,PUMPUSDT,1789800300000,val,-1,-4.17,0.493,6.69,4.92,0.89,-3.88,1.16,0.91,0.9,0.97,0,-0.29,neutral,neutral,0,-0.074,32,10994,0,
s38581,0GUSDT,1789800300000,val,-1,-2.89,0.467,4.91,3.59,1.15,-2.6,0.55,1.93,1.5,1.36,1,-0.29,neutral,neutral,0,-1.0,21,10994,0,
s38582,ONDOUSDT,1789800300000,val,-1,-2.33,0.375,4.67,3.11,1.26,-2.03,1.08,1.8,1.4,1.84,0,-0.29,neutral,neutral,0,-1.0,17,10993,0,
s38583,FETUSDT,1789800300000,val,-1,-2.89,0.381,4.04,3.09,1.03,-2.6,0.99,1.29,1.18,1.77,0,-0.29,neutral,neutral,0,-1.0,19,10993,1,
s38584,GRTUSDT,1789800300000,testA,-1,-2.48,0.505,3.64,2.89,0.96,-2.19,0.81,1.07,1.42,1.36,0,-0.29,neutral,neutral,0,-1.0,17,10993,1,
s38585,SANDUSDT,1789800300000,testA,-1,-3.05,0.513,4.54,3.51,1.17,-2.76,0.8,1.52,2.13,1.73,0,-0.29,neutral,neutral,0,-1.0,30,10993,0,
s38586,ASTERUSDT,1789801200000,val,-1,-3.43,0.521,4.6,3.56,1.75,-3.29,1.17,1.92,2.39,1.91,0,-0.14,neutral,neutral,0,-0.177,32,10995,0,
s38587,PUMPUSDT,1789801200000,val,-1,-4.24,0.506,6.32,4.42,0.67,-4.1,0.96,0.91,0.82,0.93,0,-0.14,neutral,neutral,0,-0.066,32,10995,0,
s38588,WLDUSDT,1789801200000,val,-1,-2.92,0.504,4.1,3.1,0.96,-2.78,0.92,1.24,1.16,2.07,0,-0.14,neutral,bajista,0,-1.0,20,10995,2,
s38589,ONDOUSDT,1789801200000,val,-1,-2.9,0.502,4.67,3.21,0.99,-2.76,1.16,1.67,1.37,1.83,0,-0.14,neutral,neutral,0,-1.0,16,10994,1,
s38590,FETUSDT,1789801200000,val,-1,-2.9,0.381,3.83,3.1,0.94,-2.76,1.05,1.24,1.2,1.78,0,-0.14,neutral,bajista,0,-1.0,11,10994,2,
s38591,GRTUSDT,1789801200000,testA,-1,-2.72,0.538,3.35,2.8,0.79,-2.58,0.9,0.94,1.4,1.35,0,-0.14,neutral,bajista,0,-1.0,15,10994,2,
s38592,SANDUSDT,1789801200000,testA,-1,-2.31,0.397,4.03,2.7,0.91,-2.17,0.48,1.3,2.17,1.79,0,-0.14,neutral,neutral,0,-1.0,28,10994,0,
s38593,AXSUSDT,1789801200000,testA,-1,-2.05,0.417,2.95,2.14,0.62,-1.91,0.61,1.09,1.78,1.84,0,-0.14,neutral,neutral,0,-1.0,18,10994,0,
s38594,ASTERUSDT,1789802100000,val,-1,-2.76,0.466,4.05,3.09,1.44,-2.73,1.21,1.92,2.39,1.91,0,-0.03,neutral,neutral,0,-0.119,32,10996,1,
s38595,PUMPUSDT,1789802100000,val,-1,-3.56,0.458,6.22,4.3,0.6,-3.53,0.95,0.91,0.82,0.93,0,-0.03,neutral,neutral,0,0.028,32,10996,0,
s38596,WLDUSDT,1789802100000,val,-1,-2.61,0.475,3.85,3.06,0.7,-2.58,1.06,1.24,1.16,2.07,0,-0.03,neutral,bajista,0,-1.0,19,10996,3,
s38597,ONDOUSDT,1789802100000,val,-1,-2.52,0.466,4.68,3.34,0.52,-2.5,1.04,1.67,1.37,1.83,0,-0.03,neutral,bajista,0,-1.0,15,10995,2,
s38598,GRTUSDT,1789802100000,testA,-1,-2.25,0.489,3.05,2.7,0.77,-2.22,1.06,0.94,1.4,1.35,0,-0.03,neutral,bajista,0,-1.0,13,10995,3,
s38599,ASTERUSDT,1789803000000,val,-1,-2.9,0.477,3.96,3.46,1.09,-2.77,1.61,1.92,2.39,1.91,0,-0.13,neutral,bajista,0,-0.378,32,10997,2,
s38600,PUMPUSDT,1789803000000,val,-1,-4.41,0.558,6.25,4.86,0.52,-4.28,1.37,0.91,0.82,0.93,0,-0.13,neutral,neutral,0,-0.141,32,10997,1,
s38601,WLDUSDT,1789803000000,val,-1,-2.96,0.506,3.86,3.55,0.74,-2.83,1.28,1.24,1.16,2.07,0,-0.13,neutral,bajista,0,-1.0,18,10997,4,
s38602,ONDOUSDT,1789803000000,val,-1,-2.65,0.478,4.7,3.79,0.49,-2.52,1.29,1.67,1.37,1.83,0,-0.13,neutral,bajista,0,-1.0,14,10996,3,
s38603,FETUSDT,1789803000000,val,-1,-2.97,0.386,3.23,3.23,0.95,-2.84,1.58,1.24,1.2,1.78,0,-0.13,neutral,neutral,0,-1.0,7,10996,1,
s38604,GRTUSDT,1789803000000,testA,-1,-2.64,0.574,3.06,2.91,0.67,-2.5,1.17,0.94,1.4,1.35,0,-0.13,neutral,bajista,0,-1.0,12,10996,4,
s38605,SANDUSDT,1789803000000,testA,-1,-2.07,0.373,4.04,2.83,0.43,-1.93,0.69,1.3,2.17,1.79,0,-0.13,neutral,bajista,0,-1.0,26,10996,2,
s38606,ASTERUSDT,1789803900000,val,-1,-2.98,0.483,3.98,3.85,0.44,-2.96,1.84,1.92,2.39,1.91,0,-0.03,neutral,bajista,0,-0.341,32,10998,3,
s38607,PUMPUSDT,1789803900000,val,-1,-3.75,0.471,5.89,4.14,0.47,-3.72,0.94,0.91,0.82,0.93,0,-0.03,neutral,neutral,0,-0.035,32,10998,0,
s38608,WLDUSDT,1789803900000,val,-1,-3.24,0.529,4.24,3.88,1.02,-3.21,1.54,1.24,1.16,2.07,0,-0.03,neutral,bajista,0,-1.0,17,10998,5,
s38609,SUIUSDT,1789803900000,val,-1,-2.52,0.448,3.36,3.15,0.85,-2.49,1.25,1.1,1.14,1.44,0,-0.03,neutral,bajista,0,-1.0,8,10998,3,
s38610,SEIUSDT,1789803900000,val,-1,-2.41,0.525,2.93,2.85,0.63,-2.38,1.08,1.05,1.07,1.41,0,-0.03,neutral,bajista,0,-1.0,12,10998,5,
s38611,ONDOUSDT,1789803900000,val,-1,-3.21,0.572,4.71,4.13,0.51,-3.18,1.53,1.67,1.37,1.83,0,-0.03,neutral,bajista,0,-1.0,13,10997,4,
s38612,GRTUSDT,1789803900000,testA,-1,-2.59,0.57,3.06,2.91,0.63,-2.56,1.07,0.94,1.4,1.35,0,-0.03,neutral,bajista,0,-1.0,11,10997,5,
s38613,SANDUSDT,1789803900000,testA,-1,-2.09,0.379,4.04,2.78,0.61,-2.06,0.51,1.3,2.17,1.79,0,-0.03,neutral,neutral,0,-1.0,25,10997,0,
s38614,ASTERUSDT,1789804800000,val,-1,-2.43,0.376,4.05,3.39,0.5,-2.48,1.17,1.69,2.4,1.89,0,0.05,neutral,neutral,0,-0.187,32,10999,0,
s38615,WLDUSDT,1789804800000,val,-1,-2.49,0.363,3.89,2.6,1.26,-2.54,0.52,1.3,1.19,2.02,0,0.05,neutral,neutral,0,-1.0,16,10999,0,
s38616,ONDOUSDT,1789804800000,val,-1,-2.64,0.429,4.25,2.94,0.59,-2.69,0.66,1.34,1.4,1.8,0,0.05,neutral,neutral,0,-1.0,10,10998,0,
s38617,ASTERUSDT,1789805700000,val,-1,-2.45,0.377,4.06,3.67,0.5,-2.66,1.25,1.69,2.4,1.89,0,0.21,neutral,neutral,0,-0.199,32,11000,1,
s38618,ENAUSDT,1789805700000,val,1,5.38,0.356,8.14,7.39,1.51,5.17,3.75,3.28,2.48,2.09,1,0.21,neutral,alcista,0,1.172,32,11000,2,
s38619,OPUSDT,1789805700000,val,-1,-4.75,0.385,6.7,5.42,0.6,-4.95,0.67,2.97,2.78,2.3,1,0.21,neutral,neutral,0,0.006,32,11000,1,
s38620,STXUSDT,1789806600000,testA,1,2.88,0.42,4.59,4.52,0.91,2.45,1.72,1.29,1.38,1.38,0,0.43,neutral,alcista,1,2.0,12,11000,2,
s38621,XPLUSDT,1789807500000,val,1,2.26,0.356,4.28,3.92,0.86,1.9,1.3,1.21,1.01,1.42,0,0.36,neutral,alcista,0,0.5,32,11002,2,
s38622,MANAUSDT,1789807500000,testA,1,2.09,0.379,2.82,2.82,2.3,1.73,1.58,1.81,2.32,1.9,0,0.36,neutral,alcista,0,1.192,32,11001,5,
s38623,ASTERUSDT,1789808400000,val,-1,-2.32,0.462,4.05,3.2,0.44,-2.8,0.47,1.54,2.39,1.87,0,0.49,neutral,neutral,0,-0.342,32,11003,0,
s38624,ASTERUSDT,1789809300000,val,-1,-2.23,0.452,3.38,2.71,0.44,-2.67,0.47,1.54,2.39,1.87,0,0.43,neutral,neutral,0,-0.234,32,11004,1,
s38625,JUPUSDT,1789809300000,val,1,3.94,0.442,5.54,5.39,1.2,3.5,2.45,1.03,1.11,1.4,0,0.43,neutral,neutral,0,-0.258,32,11004,1,
s38626,STXUSDT,1789809300000,testA,1,2.38,0.362,4.9,3.89,0.97,1.95,0.92,1.37,1.36,1.38,0,0.43,neutral,neutral,1,2.0,9,11003,0,
s38627,JUPUSDT,1789810200000,val,1,4.49,0.531,5.69,5.19,1.61,4.2,2.07,1.03,1.11,1.4,0,0.29,neutral,neutral,0,-0.303,32,11005,0,
s38628,STXUSDT,1789810200000,testA,1,3.29,0.505,4.88,4.26,1.0,2.99,1.12,1.37,1.36,1.38,0,0.29,neutral,neutral,1,2.0,8,11004,1,
s38629,MANAUSDT,1789810200000,testA,1,2.86,0.465,3.11,3.03,2.21,2.56,1.66,1.7,2.4,1.94,0,0.29,neutral,alcista,0,1.19,32,11004,2,
s38630,XPLUSDT,1789811100000,val,1,2.55,0.402,4.3,3.62,0.75,2.19,0.77,0.98,1.06,1.35,0,0.35,neutral,neutral,0,0.413,32,11006,0,
s38631,SUIUSDT,1789811100000,val,1,2.34,0.384,3.54,3.53,1.58,1.98,1.61,1.28,1.26,1.47,0,0.35,neutral,alcista,0,0.786,32,11006,2,
s38632,JUPUSDT,1789811100000,val,1,6.02,0.672,5.96,5.78,2.09,5.66,2.69,1.03,1.11,1.4,0,0.35,neutral,neutral,0,-0.233,32,11006,1,
s38633,STXUSDT,1789811100000,testA,1,4.08,0.6,4.92,4.75,0.94,3.73,1.52,1.37,1.36,1.38,0,0.35,neutral,alcista,1,2.0,7,11005,2,
s38634,MANAUSDT,1789811100000,testA,1,2.77,0.444,3.09,2.72,1.31,2.42,1.25,1.7,2.4,1.94,0,0.35,neutral,neutral,0,1.285,32,11005,0,
s38635,XPLUSDT,1789812000000,val,1,2.79,0.433,4.29,3.77,0.67,2.41,0.84,0.89,1.05,1.34,0,0.38,neutral,neutral,0,0.247,32,11007,1,
s38636,PUMPUSDT,1789812000000,val,1,3.05,0.554,3.44,3.11,1.48,2.68,1.41,0.97,0.91,0.95,0,0.38,neutral,alcista,0,-0.3,32,11007,3,
s38637,0GUSDT,1789812000000,val,1,2.38,0.357,3.16,2.84,0.41,2.0,0.86,0.72,1.48,1.26,0,0.38,neutral,alcista,1,2.0,17,11007,3,
s38638,SUIUSDT,1789812000000,val,1,2.68,0.464,3.67,3.46,1.48,2.3,1.43,1.53,1.41,1.52,0,0.38,neutral,neutral,0,0.889,32,11007,0,
s38639,JUPUSDT,1789812000000,val,1,7.44,0.717,7.31,7.1,3.39,7.06,3.96,1.27,1.27,1.45,0,0.38,neutral,alcista,0,-0.458,32,11007,2,
s38640,ONDOUSDT,1789812000000,val,1,2.29,0.378,3.59,3.44,0.96,1.91,1.2,1.31,1.52,1.77,0,0.38,neutral,alcista,1,2.0,17,11006,3,
s38641,FETUSDT,1789812000000,val,1,2.59,0.371,3.79,3.19,1.2,2.21,1.24,1.5,1.41,1.57,0,0.38,neutral,alcista,0,-0.31,32,11006,2,
s38642,STXUSDT,1789812000000,testA,1,5.56,0.701,6.32,5.92,1.51,5.19,2.55,1.77,1.54,1.48,1,0.38,neutral,alcista,0,0.511,32,11006,3,
s38643,MANAUSDT,1789812000000,testA,1,2.92,0.457,3.05,2.86,1.15,2.54,1.29,1.1,2.43,1.93,0,0.38,neutral,neutral,0,1.146,32,11006,1,
s38644,XPLUSDT,1789812900000,val,1,3.95,0.701,4.17,3.79,0.66,3.57,0.94,0.89,1.05,1.34,0,0.38,neutral,alcista,0,0.162,32,11008,2,
s38645,PUMPUSDT,1789812900000,val,1,2.5,0.481,3.45,2.49,2.07,2.12,1.31,0.97,0.91,0.95,0,0.38,neutral,neutral,0,-0.433,32,11008,0,
s38646,0GUSDT,1789812900000,val,1,2.86,0.429,3.06,2.83,0.53,2.48,1.03,0.72,1.48,1.26,0,0.38,neutral,alcista,1,2.0,16,11008,4,
s38647,SUIUSDT,1789812900000,val,1,3.78,0.55,4.57,4.53,1.65,3.4,2.37,1.53,1.41,1.52,0,0.38,neutral,neutral,0,0.339,32,11008,1,
s38648,JUPUSDT,1789812900000,val,1,6.82,0.655,7.15,6.42,2.89,6.43,3.38,1.27,1.27,1.45,0,0.38,neutral,neutral,0,-0.481,32,11008,0,
s38649,ONDOUSDT,1789812900000,val,1,2.96,0.506,3.44,3.39,0.94,2.57,1.35,1.31,1.52,1.77,0,0.38,neutral,alcista,1,2.0,16,11007,4,
s38650,FETUSDT,1789812900000,val,1,3.0,0.453,3.79,3.19,0.78,2.61,1.24,1.5,1.41,1.57,0,0.38,neutral,alcista,0,-0.466,32,11007,3,
s38651,STXUSDT,1789812900000,testA,1,6.43,0.749,6.75,6.08,2.06,6.05,3.03,1.77,1.54,1.48,1,0.38,neutral,alcista,0,0.55,32,11007,4,
s38652,GRTUSDT,1789812900000,testA,1,2.25,0.421,2.45,2.45,1.6,1.87,1.19,0.85,1.21,1.32,0,0.38,neutral,alcista,0,0.3,32,11007,4,
s38653,LDOUSDT,1789812900000,testA,1,2.21,0.429,3.43,2.79,2.28,1.83,1.16,1.18,1.22,1.31,0,0.38,neutral,alcista,0,0.643,32,11007,3,
s38654,SANDUSDT,1789812900000,testA,1,2.05,0.603,2.14,2.01,0.51,1.67,0.65,0.93,2.27,1.71,0,0.38,neutral,alcista,0,1.013,32,11007,2,
s38655,MANAUSDT,1789812900000,testA,1,2.94,0.46,3.14,3.14,1.14,2.56,1.52,1.1,2.43,1.93,0,0.38,neutral,alcista,0,1.125,32,11007,2,
s38656,ENAUSDT,1789813800000,val,1,7.21,0.382,9.31,7.58,0.59,6.98,3.08,3.13,2.91,2.25,1,0.24,neutral,neutral,0,0.476,32,11009,0,
s38657,SUIUSDT,1789813800000,val,1,3.97,0.564,5.73,5.37,2.26,3.74,3.02,1.53,1.41,1.52,0,0.24,neutral,alcista,0,0.166,32,11009,2,
s38658,ONDOUSDT,1789813800000,val,1,3.02,0.513,4.03,3.98,1.1,2.78,1.77,1.31,1.52,1.77,0,0.24,neutral,alcista,1,2.0,19,11008,5,
s38659,STXUSDT,1789813800000,testA,1,5.81,0.731,6.13,5.69,2.18,5.57,2.99,1.77,1.54,1.48,1,0.24,neutral,alcista,0,0.769,32,11008,5,
s38660,MANAUSDT,1789813800000,testA,1,2.59,0.42,3.24,3.08,0.76,2.36,1.34,1.1,2.43,1.93,0,0.24,neutral,alcista,0,1.143,32,11008,3,
s38661,SUIUSDT,1789814700000,val,1,4.57,0.682,5.88,5.46,2.12,4.36,2.87,1.53,1.41,1.52,0,0.2,neutral,alcista,0,0.18,32,11010,3,
s38662,STXUSDT,1789814700000,testA,1,6.84,0.762,6.6,6.54,2.49,6.64,3.65,1.77,1.54,1.48,1,0.2,neutral,alcista,0,0.541,32,11009,6,
s38663,GRTUSDT,1789814700000,testA,1,2.34,0.495,3.31,2.97,1.3,2.14,1.5,0.85,1.21,1.32,0,0.2,neutral,neutral,0,0.115,32,11009,0,
s38664,MANAUSDT,1789814700000,testA,1,2.71,0.432,3.45,3.33,0.82,2.51,1.44,1.1,2.43,1.93,0,0.2,neutral,alcista,0,0.919,32,11009,4,
s38665,SUIUSDT,1789815600000,val,1,5.04,0.703,7.28,5.92,2.67,4.86,3.03,1.88,1.62,1.57,1,0.18,neutral,alcista,0,0.073,32,11011,4,
s38666,SEIUSDT,1789815600000,val,1,2.94,0.619,4.26,3.77,2.49,2.76,2.1,1.29,1.28,1.42,0,0.18,neutral,alcista,0,-0.011,32,11011,4,
s38667,ONDOUSDT,1789815600000,val,1,3.21,0.398,4.94,4.28,1.83,3.04,1.96,1.45,1.64,1.77,0,0.18,neutral,neutral,0,1.011,32,11010,1,
s38668,FETUSDT,1789815600000,val,1,2.36,0.412,3.79,3.08,0.62,2.18,0.96,1.58,1.48,1.52,0,0.18,neutral,neutral,0,-0.607,32,11010,1,
s38669,STXUSDT,1789815600000,testA,1,6.76,0.762,6.82,6.46,1.99,6.58,4.4,3.06,2.18,1.75,1,0.18,neutral,alcista,0,0.306,32,11010,7,
s38670,GRTUSDT,1789815600000,testA,1,3.15,0.612,3.54,3.54,1.44,2.97,1.89,1.07,1.29,1.34,0,0.18,neutral,neutral,0,-0.247,32,11010,1,
s38671,LDOUSDT,1789815600000,testA,1,2.01,0.401,3.44,2.74,1.21,1.83,0.93,1.18,1.22,1.3,0,0.18,neutral,neutral,0,0.709,32,11010,1,
s38672,MANAUSDT,1789815600000,testA,1,2.37,0.387,3.48,3.23,0.77,2.19,1.18,1.48,2.66,1.98,0,0.18,neutral,neutral,0,0.788,32,11010,0,
s38673,SUIUSDT,1789816500000,val,1,5.98,0.8,7.24,6.45,2.52,5.78,3.17,1.88,1.62,1.57,1,0.2,neutral,alcista,0,0.088,32,11012,5,
s38674,SEIUSDT,1789816500000,val,1,2.69,0.538,4.27,3.39,2.96,2.49,1.44,1.29,1.28,1.42,0,0.2,neutral,neutral,0,0.241,32,11012,0,
s38675,ONDOUSDT,1789816500000,val,1,3.62,0.439,5.36,4.54,2.13,3.42,1.94,1.45,1.64,1.77,0,0.2,neutral,alcista,0,1.102,32,11011,2,
s38676,FETUSDT,1789816500000,val,1,3.15,0.483,3.93,3.82,0.7,2.95,1.4,1.58,1.48,1.52,0,0.2,neutral,alcista,0,-0.629,32,11011,2,
s38677,STXUSDT,1789816500000,testA,1,7.42,0.779,7.27,7.1,2.02,7.22,4.93,3.06,2.18,1.75,1,0.2,neutral,alcista,0,0.055,32,11011,8,
s38678,GRTUSDT,1789816500000,testA,1,3.95,0.712,4.57,4.09,1.9,3.75,2.13,1.07,1.29,1.34,0,0.2,neutral,alcista,0,-0.235,32,11011,2,
s38679,LDOUSDT,1789816500000,testA,1,2.55,0.526,3.43,2.91,0.6,2.35,0.94,1.18,1.22,1.3,0,0.2,neutral,alcista,0,0.897,32,11011,2,
s38680,MANAUSDT,1789816500000,testA,1,3.0,0.52,3.49,3.34,0.85,2.8,1.13,1.48,2.66,1.98,0,0.2,neutral,neutral,0,0.773,32,11011,1,
s38681,WLDUSDT,1789817400000,val,1,2.66,0.398,3.6,3.3,0.89,2.38,1.15,1.2,1.27,1.83,0,0.28,neutral,alcista,0,0.532,32,11013,3,
s38682,SUIUSDT,1789817400000,val,1,6.84,0.945,7.2,6.67,1.68,6.56,3.16,1.88,1.62,1.57,1,0.28,neutral,alcista,0,0.217,32,11013,6,
s38683,SEIUSDT,1789817400000,val,1,3.82,0.727,4.25,4.02,2.52,3.54,1.93,1.29,1.28,1.42,0,0.28,neutral,neutral,0,0.056,32,11013,1,
s38684,PENDLEUSDT,1789817400000,val,1,4.59,0.585,5.02,4.78,1.06,4.31,1.53,1.14,1.2,1.46,0,0.28,neutral,alcista,0,-0.763,32,11013,7,
s38685,ONDOUSDT,1789817400000,val,1,3.94,0.494,5.37,4.42,2.06,3.66,1.61,1.45,1.64,1.77,0,0.28,neutral,neutral,0,1.016,32,11012,0,
s38686,FETUSDT,1789817400000,val,1,4.25,0.701,4.41,4.03,0.96,3.97,1.59,1.58,1.48,1.52,0,0.28,neutral,alcista,0,-0.649,32,11012,3,
s38687,GRTUSDT,1789817400000,testA,1,4.51,0.789,4.51,4.37,1.45,4.23,2.28,1.07,1.29,1.34,0,0.28,neutral,alcista,0,-0.22,32,11012,3,
s38688,LDOUSDT,1789817400000,testA,1,3.17,0.614,3.41,3.34,0.55,2.88,1.3,1.18,1.22,1.3,0,0.28,neutral,alcista,0,0.733,32,11012,3,
s38689,MANAUSDT,1789817400000,testA,1,4.01,0.654,4.1,3.86,1.36,3.73,1.59,1.48,2.66,1.98,0,0.28,neutral,alcista,0,0.538,32,11012,2,
s38690,AXSUSDT,1789817400000,testA,1,2.42,0.684,2.83,2.61,2.7,2.14,1.45,1.08,1.79,1.76,0,0.28,neutral,alcista,0,-0.026,32,11012,4,
s38691,APEUSDT,1789817400000,testA,1,3.04,0.568,3.09,3.09,1.18,2.76,1.6,1.43,1.61,1.63,0,0.28,neutral,alcista,0,0.091,32,11012,5,
s38692,0GUSDT,1789818300000,val,1,2.34,0.463,2.66,2.61,0.92,2.1,1.5,0.64,1.46,1.22,0,0.24,neutral,alcista,1,2.0,13,11014,4,
s38693,WLDUSDT,1789818300000,val,1,3.03,0.47,3.74,3.34,0.87,2.79,1.09,1.2,1.27,1.83,0,0.24,neutral,alcista,0,0.455,32,11014,4,
s38694,OPUSDT,1789818300000,val,1,2.72,0.382,4.21,4.12,0.71,2.47,1.42,1.41,2.66,2.27,0,0.24,neutral,alcista,0,-0.302,32,11014,2,
s38695,SUIUSDT,1789818300000,val,1,6.73,0.913,7.19,6.45,1.62,6.48,2.65,1.88,1.62,1.57,1,0.24,neutral,neutral,0,0.208,32,11014,0,
s38696,TIAUSDT,1789818300000,val,1,2.33,0.37,2.84,2.43,1.45,2.09,0.56,0.94,1.06,1.48,0,0.24,neutral,neutral,0,0.75,32,11014,0,
s38697,SEIUSDT,1789818300000,val,1,3.95,0.763,4.33,4.04,2.44,3.7,1.77,1.29,1.28,1.42,0,0.24,neutral,alcista,0,0.322,32,11014,2,
s38698,PENDLEUSDT,1789818300000,val,1,4.37,0.543,4.65,4.19,0.99,4.13,1.19,1.14,1.2,1.46,0,0.24,neutral,neutral,0,-0.858,32,11014,0,
s38699,ONDOUSDT,1789818300000,val,1,3.72,0.452,5.4,3.91,1.73,3.48,0.98,1.45,1.64,1.77,0,0.24,neutral,neutral,1,2.0,14,11013,0,
s38700,FETUSDT,1789818300000,val,1,4.02,0.689,4.41,4.03,1.01,3.77,1.47,1.58,1.48,1.52,0,0.24,neutral,neutral,0,-0.662,32,11013,0,
s38701,GRTUSDT,1789818300000,testA,1,4.26,0.714,4.62,4.14,1.88,4.02,1.86,1.07,1.29,1.34,0,0.24,neutral,neutral,0,-0.291,32,11013,0,
s38702,LDOUSDT,1789818300000,testA,1,3.52,0.639,4.39,3.67,0.73,3.28,1.49,1.18,1.22,1.3,0,0.24,neutral,alcista,0,0.644,32,11013,4,
s38703,MANAUSDT,1789818300000,testA,1,5.21,0.71,5.31,4.96,2.39,4.96,2.5,1.48,2.66,1.98,0,0.24,neutral,alcista,0,0.085,32,11013,3,
s38704,AXSUSDT,1789818300000,testA,1,2.38,0.66,2.84,2.43,2.23,2.13,1.13,1.08,1.79,1.76,0,0.24,neutral,neutral,0,0.0,32,11013,0,
s38705,APEUSDT,1789818300000,testA,1,3.77,0.634,3.77,3.63,2.35,3.53,1.99,1.43,1.61,1.63,0,0.24,neutral,alcista,0,-0.077,32,11013,6,
s38706,0GUSDT,1789819200000,val,1,2.89,0.517,3.45,3.45,1.63,2.76,2.41,0.74,1.35,1.25,0,0.14,neutral,alcista,0,0.868,32,11015,5,
s38707,WLDUSDT,1789819200000,val,1,2.86,0.458,3.43,3.06,1.22,2.73,1.68,1.27,1.28,1.74,0,0.14,neutral,alcista,0,0.447,32,11015,5,
s38708,SUIUSDT,1789819200000,val,1,5.26,0.704,6.51,5.02,1.12,5.12,1.75,2.14,1.68,1.62,1,0.14,neutral,neutral,0,0.34,32,11015,0,
s38709,SEIUSDT,1789819200000,val,1,3.21,0.674,3.64,3.17,1.47,3.08,1.47,1.53,1.34,1.45,0,0.14,neutral,neutral,0,0.603,32,11015,0,
s38710,PENDLEUSDT,1789819200000,val,1,3.35,0.45,3.98,3.3,0.93,3.21,0.95,1.19,1.23,1.33,0,0.14,neutral,neutral,0,-1.0,28,11015,0,
s38711,ONDOUSDT,1789819200000,val,1,4.25,0.487,4.34,4.1,1.15,4.12,2.04,1.65,1.75,1.77,0,0.14,neutral,neutral,0,0.594,32,11014,1,
s38712,FETUSDT,1789819200000,val,1,3.54,0.663,3.8,3.52,0.99,3.4,1.62,1.64,1.48,1.49,0,0.14,neutral,neutral,0,-1.0,26,11014,1,
s38713,GRTUSDT,1789819200000,testA,1,3.08,0.585,3.76,3.04,2.05,2.95,1.49,1.21,1.15,1.37,0,0.14,neutral,neutral,0,-0.365,32,11014,0,
s38714,LDOUSDT,1789819200000,testA,1,2.56,0.534,3.38,2.54,0.78,2.42,1.28,1.33,1.27,1.33,0,0.14,neutral,neutral,0,0.951,32,11014,0,
s38715,MANAUSDT,1789819200000,testA,1,2.85,0.389,4.56,3.05,3.02,2.71,1.27,1.82,2.01,2.04,0,0.14,neutral,neutral,0,0.371,32,11014,0,
s38716,0GUSDT,1789820100000,val,1,3.79,0.638,4.06,4.01,2.95,3.89,2.73,0.74,1.35,1.25,0,-0.1,neutral,alcista,0,0.697,32,11016,6,
s38717,WLDUSDT,1789820100000,val,1,2.55,0.423,3.44,3.02,1.33,2.64,1.54,1.27,1.28,1.74,0,-0.1,neutral,neutral,0,0.262,32,11016,0,
s38718,SUIUSDT,1789820100000,val,1,4.34,0.551,6.32,4.18,1.1,4.44,1.08,2.14,1.68,1.62,1,-0.1,neutral,neutral,0,0.593,32,11016,0,
s38719,SEIUSDT,1789820100000,val,1,3.27,0.678,3.58,3.21,1.28,3.37,1.48,1.53,1.34,1.45,0,-0.1,neutral,neutral,0,0.576,32,11016,1,
s38720,ONDOUSDT,1789820100000,val,1,3.78,0.459,4.24,3.66,0.99,3.87,1.99,1.65,1.75,1.77,0,-0.1,neutral,alcista,0,0.52,32,11015,2,
s38721,FETUSDT,1789820100000,val,1,2.92,0.5,3.71,2.89,1.13,3.02,1.07,1.64,1.48,1.49,0,-0.1,neutral,neutral,0,-1.0,25,11015,0,
s38722,GRTUSDT,1789820100000,testA,1,2.63,0.525,3.62,2.8,1.72,2.72,1.28,1.21,1.15,1.37,0,-0.1,neutral,neutral,0,-0.431,32,11015,0,
s38723,LDOUSDT,1789820100000,testA,1,2.03,0.479,2.95,2.58,0.82,2.13,1.6,1.33,1.27,1.33,0,-0.1,neutral,neutral,0,0.781,32,11015,1,
s38724,0GUSDT,1789821000000,val,1,3.17,0.523,4.48,3.67,4.17,3.21,2.08,0.74,1.35,1.25,0,-0.04,neutral,neutral,0,0.642,32,11017,0,
s38725,ARBUSDT,1789821000000,val,-1,-2.63,0.517,3.73,3.48,1.77,-2.59,1.6,0.77,0.93,1.66,0,-0.04,neutral,bajista,0,0.263,32,11017,3,
s38726,SUIUSDT,1789821000000,val,1,3.23,0.46,5.54,3.26,1.03,3.27,0.86,2.14,1.68,1.62,1,-0.04,neutral,neutral,0,0.809,32,11017,0,
s38727,SEIUSDT,1789821000000,val,1,3.24,0.677,3.22,3.14,1.23,3.28,1.65,1.53,1.34,1.45,0,-0.04,neutral,alcista,0,0.677,32,11017,2,
s38728,PENDLEUSDT,1789821000000,val,1,2.83,0.447,3.54,3.28,0.91,2.87,1.6,1.19,1.23,1.33,0,-0.04,neutral,alcista,0,-1.0,20,11017,2,
s38729,ONDOUSDT,1789821000000,val,1,5.29,0.545,5.75,5.49,1.36,5.33,3.87,1.65,1.75,1.77,0,-0.04,neutral,alcista,0,-0.129,32,11016,3,
s38730,GRTUSDT,1789821000000,testA,1,2.22,0.474,3.62,2.75,1.81,2.26,1.12,1.21,1.15,1.37,0,-0.04,neutral,neutral,0,-0.404,32,11016,0,
s38731,LDOUSDT,1789821000000,testA,1,2.57,0.671,2.95,2.63,0.89,2.61,1.49,1.33,1.27,1.33,0,-0.04,neutral,alcista,0,0.72,32,11016,2,
s38732,0GUSDT,1789821900000,val,1,3.74,0.597,4.46,4.01,4.06,3.72,2.15,0.74,1.35,1.25,0,0.02,neutral,neutral,0,0.551,32,11018,1,
s38733,WLDUSDT,1789821900000,val,1,2.42,0.408,3.48,3.17,1.52,2.4,1.34,1.27,1.28,1.74,0,0.02,neutral,neutral,0,0.139,32,11018,1,
s38734,SUIUSDT,1789821900000,val,1,3.23,0.46,5.31,3.13,0.99,3.2,0.78,2.14,1.68,1.62,1,0.02,neutral,neutral,0,0.774,32,11018,1,
s38735,SEIUSDT,1789821900000,val,1,2.96,0.645,3.61,2.92,1.28,2.94,1.38,1.53,1.34,1.45,0,0.02,neutral,neutral,0,0.528,32,11018,0,
s38736,ONDOUSDT,1789821900000,val,1,6.08,0.613,6.27,5.92,1.89,6.05,3.81,1.65,1.75,1.77,0,0.02,neutral,alcista,0,-0.349,32,11017,4,
s38737,GRTUSDT,1789821900000,testA,1,2.32,0.485,3.62,2.89,1.35,2.3,1.02,1.21,1.15,1.37,0,0.02,neutral,neutral,0,-0.533,32,11017,1,
s38738,LDOUSDT,1789821900000,testA,1,3.34,0.727,3.74,3.57,1.33,3.32,2.21,1.33,1.27,1.33,0,0.02,neutral,alcista,0,-0.007,32,11017,3,
s38739,0GUSDT,1789822800000,val,1,3.51,0.54,4.48,3.71,3.06,3.75,1.69,0.73,0.92,1.23,0,-0.24,neutral,neutral,0,0.732,32,11019,0,
s38740,SUIUSDT,1789822800000,val,1,2.45,0.37,5.24,2.85,0.96,2.68,0.49,2.33,1.73,1.58,1,-0.24,neutral,neutral,0,0.471,32,11019,0,
s38741,SEIUSDT,1789822800000,val,1,2.5,0.526,3.56,2.56,1.06,2.74,0.96,1.75,1.41,1.44,0,-0.24,neutral,neutral,0,0.238,32,11019,0,
s38742,LDOUSDT,1789822800000,testA,1,3.24,0.713,3.99,3.55,1.53,3.47,1.84,1.62,1.36,1.35,1,-0.24,neutral,neutral,0,-0.171,32,11018,0,
s38743,0GUSDT,1789823700000,val,1,4.22,0.625,4.32,4.01,1.56,4.45,1.91,0.73,0.92,1.23,0,-0.23,neutral,neutral,0,0.607,32,11020,1,
s38744,WLDUSDT,1789823700000,val,1,2.25,0.364,3.53,2.2,0.95,2.47,0.24,1.23,1.25,1.63,0,-0.23,neutral,neutral,0,-0.074,32,11020,0,
s38745,SEIUSDT,1789823700000,val,1,2.16,0.452,3.5,2.32,1.14,2.39,0.65,1.75,1.41,1.44,0,-0.23,neutral,neutral,0,0.289,32,11020,0,
s38746,ONDOUSDT,1789823700000,val,1,5.01,0.417,6.03,4.96,2.4,5.24,2.42,2.03,1.89,1.72,1,-0.23,neutral,neutral,0,-0.229,32,11019,1,
s38747,LDOUSDT,1789823700000,testA,1,3.77,0.758,4.11,3.99,1.71,3.99,2.15,1.62,1.36,1.35,1,-0.23,neutral,neutral,0,-0.297,32,11019,1,
s38748,0GUSDT,1789824600000,val,1,3.97,0.612,4.58,3.82,1.02,3.98,1.91,0.73,0.92,1.23,0,-0.01,neutral,alcista,0,0.494,32,11021,2,
s38749,ARBUSDT,1789824600000,val,-1,-2.92,0.489,4.34,3.75,1.87,-2.91,1.57,0.8,0.91,1.53,0,-0.01,neutral,bajista,0,0.438,32,11021,3,
s38750,SEIUSDT,1789824600000,val,1,2.06,0.44,3.46,2.28,1.11,2.06,0.56,1.75,1.41,1.44,0,-0.01,neutral,neutral,0,0.134,32,11021,0,
s38751,LDOUSDT,1789824600000,testA,1,4.3,0.81,4.77,4.12,2.03,4.31,2.28,1.62,1.36,1.35,1,-0.01,neutral,alcista,0,-0.415,32,11020,2,
s38752,0GUSDT,1789825500000,val,1,3.54,0.559,4.5,3.6,1.24,3.52,1.62,0.73,0.92,1.23,0,0.02,neutral,neutral,0,0.75,32,11022,0,
s38753,ARBUSDT,1789825500000,val,-1,-2.46,0.383,3.68,2.63,1.33,-2.48,0.93,0.8,0.91,1.53,0,0.02,neutral,neutral,0,0.749,32,11022,0,
s38754,TIAUSDT,1789825500000,val,1,2.08,0.431,2.33,2.18,0.75,2.06,1.08,0.99,1.13,1.37,0,0.02,neutral,alcista,0,-0.11,32,11022,3,
s38755,ONDOUSDT,1789825500000,val,1,4.85,0.387,5.57,5.12,1.47,4.83,2.55,2.03,1.89,1.72,1,0.02,neutral,neutral,0,-0.495,32,11021,1,
s38756,LDOUSDT,1789825500000,testA,1,4.81,0.828,4.95,4.83,1.45,4.79,2.76,1.62,1.36,1.35,1,0.02,neutral,alcista,0,-0.47,32,11021,3,
s38757,0GUSDT,1789826400000,val,1,4.79,0.632,5.24,4.97,1.21,4.7,2.81,0.9,0.91,1.23,0,0.09,neutral,neutral,0,0.196,32,11023,1,
s38758,ARBUSDT,1789826400000,val,-1,-2.71,0.407,3.65,2.91,1.06,-2.81,1.11,0.74,0.89,1.46,0,0.09,neutral,neutral,0,0.794,32,11023,1,
s38759,TIAUSDT,1789826400000,val,1,2.57,0.484,3.31,2.74,0.93,2.47,1.58,1.11,1.17,1.37,0,0.09,neutral,alcista,0,-0.174,32,11023,4,
s38760,SEIUSDT,1789826400000,val,1,2.62,0.543,3.24,2.63,0.82,2.53,0.93,1.84,1.47,1.4,1,0.09,neutral,alcista,0,-0.177,32,11023,2,
s38761,ONDOUSDT,1789826400000,val,1,4.82,0.386,5.73,5.21,1.19,4.73,2.41,2.53,1.97,1.74,1,0.09,neutral,alcista,0,-0.532,32,11022,2,
s38762,LDOUSDT,1789826400000,testA,1,3.89,0.716,4.89,4.15,1.59,3.79,2.25,1.62,1.43,1.34,1,0.09,neutral,neutral,0,-0.526,32,11022,0,
s38763,SANDUSDT,1789826400000,testA,1,2.25,0.698,2.5,2.37,2.37,2.15,1.37,1.06,1.12,1.59,0,0.09,neutral,alcista,0,-0.695,32,11022,4,
s38764,0GUSDT,1789827300000,val,1,5.66,0.67,6.01,5.97,1.43,5.29,3.46,0.9,0.91,1.23,0,0.37,neutral,alcista,0,-0.066,32,11024,2,
s38765,SEIUSDT,1789827300000,val,1,2.34,0.516,2.83,2.27,0.75,1.97,0.86,1.84,1.47,1.4,1,0.37,neutral,alcista,0,-0.214,32,11024,3,
s38766,ONDOUSDT,1789827300000,val,1,6.46,0.457,7.06,6.6,1.23,6.09,3.73,2.53,1.97,1.74,1,0.37,neutral,alcista,0,-0.605,32,11023,3,
s38767,LDOUSDT,1789827300000,testA,1,3.96,0.719,4.88,4.31,1.54,3.59,2.2,1.62,1.43,1.34,1,0.37,neutral,neutral,0,-0.417,32,11023,1,
s38768,SANDUSDT,1789827300000,testA,1,2.52,0.723,2.83,2.63,2.49,2.15,1.66,1.06,1.12,1.59,0,0.37,neutral,alcista,0,-0.651,32,11023,5,
s38769,0GUSDT,1789828200000,val,1,5.03,0.551,6.26,4.97,1.53,4.69,2.1,0.9,0.91,1.23,0,0.34,neutral,neutral,0,0.179,32,11025,0,
s38770,ONDOUSDT,1789828200000,val,1,6.66,0.467,7.94,7.35,1.39,6.32,4.08,2.53,1.97,1.74,1,0.34,neutral,alcista,0,-0.52,32,11024,4,
s38771,LDOUSDT,1789828200000,testA,1,4.41,0.76,4.84,4.63,1.37,4.07,2.28,1.62,1.43,1.34,1,0.34,neutral,alcista,0,-0.381,32,11024,2,
s38772,SANDUSDT,1789828200000,testA,1,2.42,0.714,2.88,2.63,2.32,2.08,1.51,1.06,1.12,1.59,0,0.34,neutral,neutral,0,-0.34,32,11024,0,
s38773,0GUSDT,1789829100000,val,1,6.53,0.625,6.39,6.17,1.69,6.09,3.09,0.9,0.91,1.23,0,0.44,neutral,neutral,0,-0.135,32,11026,1,
s38774,ONDOUSDT,1789829100000,val,1,7.65,0.566,7.88,7.13,1.54,7.21,3.51,2.53,1.97,1.74,1,0.44,neutral,neutral,0,-0.479,32,11025,0,
s38775,LDOUSDT,1789829100000,testA,1,3.77,0.583,4.74,3.63,1.06,3.34,1.16,1.62,1.43,1.34,1,0.44,neutral,neutral,0,-0.245,32,11025,0,
s38776,SANDUSDT,1789829100000,testA,1,2.59,0.75,3.17,2.75,2.27,2.16,1.47,1.06,1.12,1.59,0,0.44,neutral,neutral,0,-0.297,32,11025,1,
s38777,0GUSDT,1789830000000,val,1,6.83,0.636,6.79,6.44,1.81,6.36,3.37,1.14,1.0,1.22,0,0.47,neutral,alcista,0,-0.236,32,11027,2,
s38778,ONDOUSDT,1789830000000,val,1,6.93,0.545,7.12,7.01,1.46,6.46,3.82,2.9,2.15,1.79,1,0.47,neutral,neutral,0,-0.594,32,11026,1,
s38779,LDOUSDT,1789830000000,testA,1,3.09,0.473,4.61,3.14,0.74,2.62,0.71,1.76,1.5,1.35,1,0.47,neutral,neutral,0,-0.077,32,11026,0,
s38780,SANDUSDT,1789830000000,testA,1,2.26,0.597,3.16,2.39,1.72,1.79,0.98,1.19,1.13,1.57,0,0.47,neutral,neutral,0,-0.229,32,11026,0,
s38781,0GUSDT,1789830900000,val,1,5.15,0.432,6.7,4.94,1.9,4.78,1.84,1.14,1.0,1.22,0,0.37,neutral,neutral,0,0.054,32,11028,0,
s38782,SUIUSDT,1789830900000,val,-1,-2.57,0.485,3.27,3.07,0.82,-2.94,1.07,2.34,1.82,1.49,1,0.37,neutral,bajista,0,-1.0,8,11028,4,
s38783,ONDOUSDT,1789830900000,val,1,6.58,0.526,7.92,6.94,1.38,6.21,3.3,2.9,2.15,1.79,1,0.37,neutral,neutral,0,-0.58,32,11027,0,
s38784,GRTUSDT,1789830900000,testA,-1,-2.17,0.529,3.1,2.81,0.69,-2.53,0.99,1.39,1.12,1.32,0,0.37,neutral,bajista,0,-0.211,32,11027,5,
s38785,LDOUSDT,1789830900000,testA,1,2.73,0.42,4.48,2.83,0.92,2.37,0.49,1.76,1.5,1.35,1,0.37,neutral,neutral,0,-0.085,32,11027,0,
s38786,SANDUSDT,1789830900000,testA,1,2.8,0.647,2.99,2.84,1.22,2.43,1.44,1.19,1.13,1.57,0,0.37,neutral,neutral,0,-1.0,27,11027,1,
s38787,SUIUSDT,1789831800000,val,-1,-2.73,0.532,3.34,2.92,0.92,-3.5,0.9,2.34,1.82,1.49,1,0.77,neutral,neutral,0,-1.0,7,11029,0,
s38788,ONDOUSDT,1789831800000,val,1,5.83,0.44,7.99,6.18,1.25,5.06,2.35,2.9,2.15,1.79,1,0.77,neutral,neutral,0,-0.569,32,11028,0,
s38789,GRTUSDT,1789831800000,testA,-1,-2.35,0.605,3.1,2.65,0.61,-3.12,0.76,1.39,1.12,1.32,0,0.77,neutral,neutral,0,-0.259,32,11028,0,
s38790,LDOUSDT,1789831800000,testA,1,3.32,0.469,3.93,3.31,0.98,2.55,1.41,1.76,1.5,1.35,1,0.77,neutral,neutral,0,-0.37,32,11028,1,
s38791,SANDUSDT,1789831800000,testA,1,2.25,0.597,2.79,2.57,1.39,1.48,1.35,1.19,1.13,1.57,0,0.77,neutral,alcista,0,-1.0,23,11028,2,
s38792,SUIUSDT,1789832700000,val,-1,-2.29,0.444,3.28,2.63,0.87,-2.7,0.67,2.34,1.82,1.49,1,0.41,neutral,neutral,0,-1.0,5,11030,0,
s38793,ONDOUSDT,1789832700000,val,1,6.25,0.483,7.93,5.98,1.17,5.84,1.81,2.9,2.15,1.79,1,0.41,neutral,neutral,0,-0.569,32,11029,0,
s38794,LDOUSDT,1789832700000,testA,1,2.61,0.371,3.77,2.81,0.95,2.2,0.92,1.76,1.5,1.35,1,0.41,neutral,neutral,0,-1.0,22,11029,0,
s38795,SANDUSDT,1789832700000,testA,1,2.43,0.658,2.79,2.62,1.2,2.02,1.27,1.19,1.13,1.57,0,0.41,neutral,alcista,0,-1.0,22,11029,3,
s38796,ONDOUSDT,1789833600000,val,1,4.41,0.365,7.09,4.62,1.19,3.92,1.14,3.13,2.25,1.83,1,0.49,neutral,neutral,0,-1.0,24,11030,0,
s38797,STXUSDT,1789833600000,testA,-1,-4.5,0.438,7.21,4.84,0.83,-4.99,0.38,4.48,3.16,2.27,1,0.49,neutral,neutral,0,-0.329,32,11030,0,
s38798,LDOUSDT,1789833600000,testA,1,3.06,0.422,3.71,3.07,0.97,2.57,1.1,1.72,1.46,1.34,1,0.49,neutral,neutral,0,-1.0,21,11030,1,
s38799,SANDUSDT,1789833600000,testA,1,2.1,0.522,3.2,2.23,1.23,1.61,0.77,1.35,1.13,1.58,0,0.49,neutral,neutral,0,-1.0,21,11030,0,
s38800,XPLUSDT,1789834500000,val,1,2.32,0.4,4.37,4.06,2.67,1.59,2.06,1.12,1.01,1.01,0,0.73,neutral,alcista,0,0.216,32,11032,5,
s38801,STXUSDT,1789834500000,testA,-1,-4.07,0.411,6.68,4.63,0.56,-4.79,1.04,4.48,3.16,2.27,1,0.73,neutral,neutral,0,-0.62,32,11031,1,
s38802,XPLUSDT,1789835400000,val,1,2.57,0.425,4.36,4.3,1.23,1.87,2.11,1.12,1.01,1.01,0,0.7,neutral,alcista,0,0.248,32,11033,6,
s38803,MANAUSDT,1789836300000,testA,1,2.63,0.458,3.23,3.14,1.76,2.03,1.5,2.04,1.59,2.0,0,0.6,neutral,neutral,0,-0.254,32,11033,1,
s38804,ONDOUSDT,1789837200000,val,1,4.46,0.426,5.67,4.34,0.62,3.9,1.57,3.14,2.33,1.86,1,0.57,neutral,neutral,0,-1.0,15,11034,0,
s38805,MANAUSDT,1789837200000,testA,1,3.61,0.6,3.75,3.5,1.99,3.04,1.95,1.85,1.67,2.04,0,0.57,neutral,alcista,0,-1.0,18,11034,2,
s38806,MANAUSDT,1789838100000,testA,1,3.33,0.581,3.66,3.41,2.31,2.96,1.81,1.85,1.67,2.04,0,0.37,neutral,alcista,0,-1.0,16,11035,3,
s38807,MANAUSDT,1789839000000,testA,1,3.33,0.581,3.56,3.17,2.21,3.05,1.5,1.85,1.67,2.04,0,0.28,neutral,neutral,0,-1.0,15,11036,0,
s38808,MANAUSDT,1789839900000,testA,1,2.69,0.46,3.44,2.68,1.26,2.56,1.07,1.85,1.67,2.04,0,0.13,neutral,neutral,0,-1.0,14,11037,0,
s38809,OPUSDT,1789840800000,val,-1,-3.53,0.497,4.52,4.26,0.77,-3.53,1.15,1.22,1.29,2.16,0,0.0,neutral,neutral,0,-0.422,32,11039,1,
s38810,ARBUSDT,1789841700000,val,-1,-2.67,0.477,4.62,3.77,1.42,-2.5,1.55,0.79,0.78,1.12,0,-0.17,neutral,bajista,0,-0.532,32,11040,3,
s38811,OPUSDT,1789841700000,val,-1,-2.24,0.38,3.97,3.47,0.61,-2.08,1.02,1.22,1.29,2.16,0,-0.17,neutral,neutral,0,-0.307,32,11040,0,
s38812,JUPUSDT,1789841700000,val,-1,-3.73,0.41,4.99,4.02,0.6,-3.56,0.72,1.29,1.32,1.29,0,-0.17,neutral,bajista,0,-0.324,32,11040,2,
s38813,LDOUSDT,1789841700000,testA,-1,-2.08,0.352,2.67,2.59,0.66,-1.92,1.16,1.55,1.45,1.28,1,-0.17,neutral,bajista,0,-1.0,28,11039,2,
s38814,MANAUSDT,1789841700000,testA,1,2.36,0.436,3.17,2.91,0.55,2.53,1.32,1.48,1.67,2.05,0,-0.17,neutral,neutral,0,-1.0,11,11039,1,
s38815,ARBUSDT,1789842600000,val,-1,-2.16,0.354,4.59,3.16,1.45,-2.1,0.95,0.79,0.78,1.12,0,-0.06,neutral,neutral,0,0.489,32,11041,0,
s38816,LDOUSDT,1789842600000,testA,-1,-2.48,0.444,3.06,2.64,0.49,-2.42,1.2,1.55,1.45,1.28,1,-0.06,neutral,bajista,0,-1.0,27,11040,3,
s38817,MANAUSDT,1789842600000,testA,1,2.02,0.387,3.19,2.84,0.47,2.08,1.09,1.48,1.67,2.05,0,-0.06,neutral,neutral,0,-1.0,10,11040,0,
s38818,ARBUSDT,1789843500000,val,-1,-2.38,0.407,4.57,2.78,1.55,-2.2,0.48,0.79,0.78,1.12,0,-0.18,neutral,neutral,0,0.565,32,11042,0,
s38819,ARBUSDT,1789844400000,val,-1,-2.49,0.416,4.26,3.36,1.38,-2.1,1.36,0.72,0.76,1.1,0,-0.39,neutral,neutral,0,-1.0,28,11043,1,
s38820,INJUSDT,1789844400000,val,1,6.62,0.504,7.16,6.82,1.39,7.01,3.28,2.31,2.95,2.82,0,-0.39,neutral,alcista,0,-0.651,32,11043,4,
s38821,INJUSDT,1789845300000,val,1,7.38,0.544,7.47,6.97,1.59,7.59,3.52,2.31,2.95,2.82,0,-0.21,neutral,alcista,0,-1.0,32,11044,5,
s38822,SUIUSDT,1789845300000,val,1,3.22,0.503,3.92,3.56,0.65,3.43,1.28,1.96,2.18,1.66,0,-0.21,neutral,neutral,0,-1.0,29,11044,1,
s38823,INJUSDT,1789846200000,val,1,6.61,0.521,7.31,7.22,1.37,7.33,3.82,2.31,2.95,2.82,0,-0.73,neutral,alcista,0,-1.0,31,11045,6,
s38824,SUIUSDT,1789846200000,val,1,4.29,0.574,4.73,4.64,0.82,5.02,2.23,1.96,2.18,1.66,0,-0.73,neutral,alcista,0,-1.0,28,11045,2,
s38825,INJUSDT,1789847100000,val,1,6.99,0.562,7.2,6.6,1.41,7.34,3.22,2.31,2.95,2.82,0,-0.34,neutral,neutral,0,-1.0,30,11046,0,
s38826,SUIUSDT,1789847100000,val,1,3.72,0.494,5.78,4.34,1.3,4.06,1.75,1.96,2.18,1.66,0,-0.34,neutral,neutral,0,-1.0,27,11046,0,
s38827,SUIUSDT,1789848000000,val,1,2.69,0.369,4.84,3.01,1.42,3.1,1.28,2.1,2.27,1.72,0,-0.42,neutral,neutral,0,-1.0,26,11047,0,
s38828,SUIUSDT,1789848900000,val,1,2.96,0.407,4.76,3.05,1.72,3.64,1.26,2.1,2.27,1.72,0,-0.68,neutral,neutral,0,-1.0,25,11048,1,
s38829,SEIUSDT,1789848900000,val,1,2.08,0.44,3.11,2.37,3.06,2.76,1.44,1.88,1.89,1.47,0,-0.68,neutral,alcista,0,-1.0,25,11048,5,
s38830,PENDLEUSDT,1789848900000,val,-1,-2.39,0.629,4.04,3.5,0.43,-1.71,0.96,0.84,1.01,1.06,0,-0.68,neutral,neutral,0,0.843,32,11048,1,
s38831,INJUSDT,1789849800000,val,1,4.83,0.426,7.1,5.29,0.9,5.5,1.45,2.54,2.61,2.91,0,-0.68,neutral,neutral,0,-1.0,27,11049,1,
s38832,SEIUSDT,1789849800000,val,1,2.38,0.474,3.17,2.96,3.07,3.05,1.83,1.88,1.89,1.47,0,-0.68,neutral,alcista,0,-1.0,24,11049,6,
s38833,PENDLEUSDT,1789849800000,val,-1,-2.5,0.675,3.19,2.67,0.52,-1.82,0.88,0.84,1.01,1.06,0,-0.68,neutral,bajista,0,0.996,32,11049,2,
s38834,ONDOUSDT,1789849800000,val,-1,-3.11,0.368,4.84,4.63,0.97,-2.43,2.04,2.11,2.37,1.91,0,-0.68,neutral,bajista,0,0.733,32,11048,5,
s38835,FETUSDT,1789849800000,val,-1,-2.04,0.507,3.15,2.81,1.12,-1.36,0.93,1.32,1.43,1.38,0,-0.68,neutral,neutral,0,1.44,32,11048,0,
s38836,ARUSDT,1789849800000,testA,-1,-6.9,0.387,9.34,7.96,0.39,-6.23,2.09,6.33,11.35,21.94,0,-0.68,neutral,bajista,0,0.147,32,11048,2,
s38837,PENDLEUSDT,1789850700000,val,-1,-3.19,0.726,3.68,3.31,0.91,-2.38,1.46,0.84,1.01,1.06,0,-0.81,neutral,bajista,0,0.674,32,11050,3,
s38838,ONDOUSDT,1789850700000,val,-1,-5.01,0.611,6.06,5.61,1.01,-4.2,2.61,2.11,2.37,1.91,0,-0.81,neutral,bajista,0,0.389,32,11049,6,
s38839,FETUSDT,1789850700000,val,-1,-2.69,0.671,3.5,3.16,1.22,-1.88,1.22,1.32,1.43,1.38,0,-0.81,neutral,neutral,0,1.071,32,11049,1,
s38840,PENDLEUSDT,1789851600000,val,-1,-3.37,0.736,3.91,3.83,1.27,-2.52,1.98,0.93,1.02,1.09,0,-0.85,neutral,bajista,0,0.355,32,11051,4,
s38841,ONDOUSDT,1789851600000,val,-1,-4.77,0.599,6.07,5.71,0.97,-3.92,2.38,1.73,2.37,1.97,0,-0.85,neutral,bajista,0,0.378,32,11050,7,
s38842,FETUSDT,1789851600000,val,-1,-3.79,0.758,4.34,4.28,1.52,-2.94,1.97,1.34,1.41,1.43,0,-0.85,neutral,bajista,0,0.56,32,11050,2,
s38843,MANAUSDT,1789851600000,testA,-1,-2.76,0.625,3.28,3.12,1.51,-1.91,1.63,1.47,1.68,2.12,0,-0.85,neutral,bajista,0,-1.0,26,11050,6,
s38844,PENDLEUSDT,1789852500000,val,-1,-3.75,0.755,4.75,4.33,1.8,-3.17,2.41,0.93,1.02,1.09,0,-0.58,neutral,bajista,0,0.341,32,11052,5,
s38845,ONDOUSDT,1789852500000,val,-1,-3.77,0.494,6.1,5.36,1.28,-3.2,1.99,1.73,2.37,1.97,0,-0.58,neutral,neutral,0,0.545,32,11051,0,
s38846,FETUSDT,1789852500000,val,-1,-3.25,0.663,4.27,3.59,1.32,-2.68,1.66,1.34,1.41,1.43,0,-0.58,neutral,neutral,0,0.968,32,11051,0,
s38847,MANAUSDT,1789852500000,testA,-1,-2.88,0.638,3.86,3.23,1.87,-2.3,1.52,1.47,1.68,2.12,0,-0.58,neutral,bajista,0,-1.0,25,11051,7,
s38848,PENDLEUSDT,1789853400000,val,-1,-3.97,0.77,4.76,4.55,1.75,-3.4,2.38,0.93,1.02,1.09,0,-0.57,neutral,bajista,0,0.212,32,11053,6,
s38849,ONDOUSDT,1789853400000,val,-1,-4.66,0.572,6.29,6.14,1.27,-4.09,2.6,1.73,2.37,1.97,0,-0.57,neutral,neutral,0,0.322,32,11052,1,
s38850,FETUSDT,1789853400000,val,-1,-2.33,0.5,3.86,2.84,1.41,-1.76,1.24,1.34,1.41,1.43,0,-0.57,neutral,neutral,0,1.18,32,11052,0,
s38851,MANAUSDT,1789853400000,testA,-1,-3.05,0.651,3.96,3.56,2.4,-2.48,1.79,1.47,1.68,2.12,0,-0.57,neutral,bajista,0,-1.0,24,11052,8,
s38852,PENDLEUSDT,1789854300000,val,-1,-3.28,0.569,4.56,3.68,1.55,-2.84,1.49,0.93,1.02,1.09,0,-0.44,neutral,neutral,0,0.207,32,11054,0,
s38853,ONDOUSDT,1789854300000,val,-1,-4.69,0.573,5.54,5.3,1.04,-4.25,2.38,1.73,2.37,1.97,0,-0.44,neutral,bajista,0,0.259,32,11053,2,
s38854,FETUSDT,1789854300000,val,-1,-2.49,0.542,3.86,2.9,1.29,-2.05,1.18,1.34,1.41,1.43,0,-0.44,neutral,neutral,0,1.02,32,11053,1,
s38855,MANAUSDT,1789854300000,testA,-1,-2.45,0.536,3.95,3.31,2.81,-2.01,1.49,1.47,1.68,2.12,0,-0.44,neutral,neutral,0,-1.0,23,11053,0,
s38856,PENDLEUSDT,1789855200000,val,-1,-3.55,0.588,4.52,3.99,1.23,-3.08,1.62,0.92,0.99,1.09,0,-0.46,neutral,neutral,0,0.256,32,11055,1,
s38857,ONDOUSDT,1789855200000,val,-1,-3.96,0.529,5.63,4.93,1.06,-3.5,2.19,1.52,2.38,2.0,0,-0.46,neutral,bajista,0,0.245,32,11054,3,
s38858,FETUSDT,1789855200000,val,-1,-2.77,0.568,3.59,3.08,0.97,-2.31,1.44,1.42,1.45,1.46,0,-0.46,neutral,bajista,0,0.926,32,11054,2,
s38859,MANAUSDT,1789855200000,testA,-1,-2.61,0.552,4.0,3.5,1.39,-2.14,1.51,1.24,1.66,2.13,0,-0.46,neutral,neutral,0,-1.0,22,11054,1,
s38860,PENDLEUSDT,1789856100000,val,-1,-2.8,0.523,4.05,3.37,0.93,-2.34,1.45,0.92,0.99,1.09,0,-0.46,neutral,neutral,0,0.085,32,11056,0,
s38861,ONDOUSDT,1789856100000,val,-1,-3.99,0.539,5.57,4.4,0.94,-3.53,1.58,1.52,2.38,2.0,0,-0.46,neutral,neutral,0,0.355,32,11055,0,
s38862,FETUSDT,1789856100000,val,-1,-2.01,0.429,3.36,2.56,0.77,-1.54,0.96,1.42,1.45,1.46,0,-0.46,neutral,neutral,0,1.222,32,11055,0,
s38863,MANAUSDT,1789856100000,testA,-1,-3.05,0.721,3.99,3.43,0.92,-2.59,1.3,1.24,1.66,2.13,0,-0.46,neutral,neutral,0,-1.0,21,11055,0,
s38864,PENDLEUSDT,1789857000000,val,-1,-2.7,0.496,3.72,2.82,0.84,-2.41,1.1,0.92,0.99,1.09,0,-0.29,neutral,neutral,0,0.457,32,11057,0,
s38865,MANAUSDT,1789857000000,testA,-1,-2.63,0.581,3.66,2.74,0.87,-2.34,0.8,1.24,1.66,2.13,0,-0.29,neutral,neutral,0,-1.0,20,11056,0,
s38866,INJUSDT,1789857900000,val,1,5.12,0.383,6.59,6.38,1.09,5.32,4.07,2.78,2.62,3.17,0,-0.2,neutral,alcista,0,-1.0,17,11058,8,
s38867,PENDLEUSDT,1789857900000,val,-1,-2.21,0.414,3.4,2.32,0.7,-2.01,0.81,0.92,0.99,1.09,0,-0.2,neutral,neutral,0,0.665,32,11058,0,
s38868,MANAUSDT,1789857900000,testA,-1,-2.24,0.493,3.64,2.51,0.73,-2.04,0.53,1.24,1.66,2.13,0,-0.2,neutral,neutral,0,-1.0,19,11057,0,
s38869,INJUSDT,1789858800000,val,1,4.93,0.377,8.24,7.3,1.58,5.05,4.54,3.35,2.95,3.43,0,-0.11,neutral,alcista,0,-1.0,16,11059,8,
s38870,ONDOUSDT,1789859700000,val,-1,-2.59,0.386,5.15,2.73,0.97,-2.47,0.08,1.32,2.28,2.02,0,-0.12,neutral,neutral,0,0.991,32,11059,0,
s38871,ONDOUSDT,1789860600000,val,-1,-2.28,0.355,4.5,2.36,0.79,-2.22,0.33,1.32,2.28,2.02,0,-0.05,neutral,neutral,0,1.141,32,11060,1,
s38872,TIAUSDT,1789864200000,val,1,2.11,0.393,5.22,3.53,0.43,2.07,1.22,1.38,1.34,1.24,1,0.04,neutral,alcista,0,-0.5,32,11065,2,
s38873,INJUSDT,1789865100000,val,1,6.73,0.389,8.26,6.42,1.22,6.58,2.72,3.67,3.11,3.56,0,0.15,neutral,alcista,0,-1.0,9,11066,2,
s38874,TIAUSDT,1789865100000,val,1,2.13,0.393,5.25,2.91,0.43,1.98,0.56,1.38,1.34,1.24,1,0.15,neutral,neutral,0,-0.236,32,11066,0,
s38875,STXUSDT,1789865100000,testA,1,3.74,0.418,4.27,3.99,1.47,3.59,1.72,1.77,2.24,2.54,0,0.15,neutral,alcista,0,0.102,32,11065,3,
s38876,ENAUSDT,1789866000000,val,1,4.06,0.385,5.91,4.97,1.39,3.91,1.57,2.37,2.45,3.01,0,0.15,neutral,neutral,0,-1.0,7,11067,0,
s38877,STXUSDT,1789866000000,testA,1,3.81,0.425,4.33,4.02,1.05,3.66,1.74,1.83,2.26,2.65,0,0.15,neutral,alcista,0,-0.023,32,11066,4,
s38878,GRTUSDT,1789866000000,testA,1,2.22,0.36,3.38,2.84,1.02,2.07,0.86,1.23,1.13,1.15,0,0.15,neutral,neutral,0,-1.0,7,11066,0,
s38879,LDOUSDT,1789866000000,testA,1,2.4,0.671,3.58,3.51,1.32,2.25,1.07,0.97,1.21,1.3,0,0.15,neutral,alcista,0,-0.844,32,11066,7,
s38880,ENAUSDT,1789866900000,val,1,4.8,0.43,7.1,5.57,1.74,4.73,2.13,2.37,2.45,3.01,0,0.06,neutral,neutral,0,-1.0,6,11068,1,
s38881,STXUSDT,1789866900000,testA,1,3.7,0.419,4.82,4.17,1.03,3.64,1.69,1.83,2.26,2.65,0,0.06,neutral,alcista,0,-0.158,32,11067,5,
s38882,GRTUSDT,1789866900000,testA,1,2.27,0.365,3.37,2.94,1.23,2.2,0.86,1.23,1.13,1.15,0,0.06,neutral,neutral,0,-1.0,6,11067,1,
s38883,LDOUSDT,1789866900000,testA,1,2.18,0.574,3.55,2.78,1.7,2.12,0.67,0.97,1.21,1.3,0,0.06,neutral,neutral,0,-1.0,7,11067,0,
s38884,ENAUSDT,1789867800000,val,1,4.58,0.399,6.89,4.53,1.85,4.52,1.36,2.37,2.45,3.01,0,0.06,neutral,neutral,0,-1.0,5,11069,0,
s38885,TIAUSDT,1789867800000,val,1,2.33,0.369,4.64,2.23,0.67,2.27,0.6,1.43,1.35,1.26,1,0.06,neutral,neutral,0,-1.0,5,11069,1,
s38886,PENDLEUSDT,1789867800000,val,1,2.4,0.542,2.92,2.66,1.0,2.35,1.16,0.77,0.83,1.05,0,0.06,neutral,alcista,0,-1.0,5,11069,3,
s38887,STXUSDT,1789867800000,testA,1,6.21,0.605,6.12,5.88,1.49,6.15,3.29,1.83,2.26,2.65,0,0.06,neutral,alcista,0,-0.424,32,11068,6,
s38888,GRTUSDT,1789867800000,testA,1,2.87,0.509,3.13,2.7,0.99,2.82,0.81,1.23,1.13,1.15,0,0.06,neutral,alcista,0,-1.0,5,11068,2,
s38889,SANDUSDT,1789867800000,testA,1,2.36,0.383,3.81,2.85,2.68,2.3,0.61,1.37,1.39,1.24,0,0.06,neutral,alcista,0,-1.0,5,11068,2,
s38890,ENAUSDT,1789868700000,val,1,5.87,0.463,7.67,6.79,2.09,5.87,3.62,2.37,2.45,3.01,0,-0.01,neutral,neutral,0,-1.0,4,11070,1,
s38891,JUPUSDT,1789868700000,val,1,3.25,0.398,4.06,3.85,1.66,3.26,1.8,0.95,1.11,1.21,0,-0.01,neutral,alcista,0,-1.0,3,11070,3,
s38892,STXUSDT,1789868700000,testA,1,7.07,0.638,7.41,7.2,2.04,7.07,4.89,1.83,2.26,2.65,0,-0.01,neutral,alcista,0,-1.0,6,11069,7,
s38893,GRTUSDT,1789868700000,testA,1,2.66,0.491,2.98,2.93,0.91,2.67,1.17,1.23,1.13,1.15,0,-0.01,neutral,alcista,0,-1.0,4,11069,3,
s38894,LDOUSDT,1789868700000,testA,1,2.28,0.531,3.45,2.85,2.12,2.28,0.92,0.97,1.21,1.3,0,-0.01,neutral,neutral,0,-1.0,5,11069,1,
s38895,OPUSDT,1789869600000,val,1,4.12,0.498,4.77,4.48,1.15,3.94,1.82,1.04,1.09,1.71,0,0.18,neutral,alcista,0,-0.226,32,11071,4,
s38896,TIAUSDT,1789869600000,val,1,2.42,0.381,3.48,2.41,0.72,2.24,1.66,1.65,1.38,1.3,1,0.18,neutral,alcista,0,-1.0,3,11071,3,
s38897,JUPUSDT,1789869600000,val,1,3.15,0.38,3.44,3.05,1.42,2.97,1.47,1.39,1.19,1.29,0,0.18,neutral,neutral,0,-1.0,2,11071,0,
s38898,PENDLEUSDT,1789869600000,val,1,2.17,0.563,2.91,2.75,1.01,1.99,1.22,0.87,0.87,1.04,0,0.18,neutral,neutral,0,-1.0,3,11071,1,
s38899,STXUSDT,1789869600000,testA,1,7.35,0.678,7.33,6.82,2.51,7.18,4.25,2.59,2.59,2.9,0,0.18,neutral,neutral,0,-1.0,5,11070,0,
s38900,GRTUSDT,1789869600000,testA,1,2.3,0.456,2.92,2.59,1.07,2.13,1.23,1.56,1.25,1.21,1,0.18,neutral,alcista,0,-1.0,2,11070,4,
s38901,LDOUSDT,1789869600000,testA,1,4.17,0.714,4.12,4.0,2.76,3.99,2.37,1.4,1.35,1.41,0,0.18,neutral,alcista,0,-1.0,3,11070,2,
s38902,SANDUSDT,1789869600000,testA,1,2.74,0.383,3.46,2.67,3.06,2.56,0.88,1.77,1.48,1.3,1,0.18,neutral,neutral,0,-1.0,3,11070,1,
s38903,STXUSDT,1789870500000,testA,1,5.71,0.493,7.17,5.52,2.58,5.82,2.86,2.59,2.59,2.9,0,-0.11,neutral,neutral,0,-1.0,3,11071,0,
s38904,LDOUSDT,1789870500000,testA,1,3.44,0.638,3.84,3.49,2.25,3.55,2.02,1.4,1.35,1.41,0,-0.11,neutral,neutral,0,-1.0,2,11071,0,
s38905,ASTERUSDT,1789871400000,val,-1,-2.24,0.568,3.24,2.84,2.02,-1.4,1.63,1.34,1.56,1.41,0,-0.84,neutral,bajista,0,0.689,32,11073,2,
s38906,PUMPUSDT,1789871400000,val,-1,-4.68,0.475,6.63,6.53,2.22,-3.84,3.48,0.99,0.82,0.82,1,-0.84,neutral,bajista,0,-0.0,32,11073,2,
s38907,SEIUSDT,1789871400000,val,-1,-2.06,0.425,2.87,2.58,1.83,-1.22,1.59,1.63,1.76,1.64,0,-0.84,neutral,bajista,0,0.952,32,11073,2,
s38908,ONDOUSDT,1789871400000,val,-1,-3.38,0.455,4.63,4.36,1.4,-2.54,2.23,1.72,1.97,2.05,0,-0.84,neutral,bajista,0,-0.175,32,11072,2,
s38909,ASTERUSDT,1789872300000,val,-1,-4.02,0.766,4.9,4.5,4.6,-2.89,2.85,1.34,1.56,1.41,0,-1.13,neutral,bajista,0,0.112,32,11074,3,
s38910,SUIUSDT,1789872300000,val,-1,-5.06,0.41,7.06,6.28,2.98,-3.93,3.82,2.02,2.09,1.98,0,-1.13,neutral,bajista,0,0.128,32,11074,3,
s38911,SEIUSDT,1789872300000,val,-1,-3.43,0.599,3.94,3.78,3.38,-2.29,2.43,1.63,1.76,1.64,0,-1.13,neutral,bajista,0,0.387,32,11074,3,
s38912,JUPUSDT,1789872300000,val,-1,-5.08,0.401,7.52,7.11,2.94,-3.94,4.13,1.39,1.19,1.29,0,-1.13,neutral,bajista,0,-0.116,32,11074,4,
s38913,ONDOUSDT,1789872300000,val,-1,-4.67,0.571,5.78,5.5,2.23,-3.54,2.97,1.72,1.97,2.05,0,-1.13,neutral,bajista,0,-0.385,32,11073,3,
s38914,APEUSDT,1789872300000,testA,-1,-2.48,0.538,3.63,3.12,5,-1.34,1.86,1.28,1.19,1.37,0,-1.13,neutral,bajista,0,0.674,32,11073,3,
s38915,ASTERUSDT,1789873200000,val,-1,-4.15,0.772,4.77,4.47,5,-2.89,2.78,1.48,1.64,1.42,0,-1.27,neutral,bajista,0,0.067,32,11075,4,
s38916,SUIUSDT,1789873200000,val,-1,-5.57,0.467,7.07,6.39,3.49,-4.3,3.57,2.12,2.18,2.07,0,-1.27,neutral,bajista,0,0.084,32,11075,4,
s38917,SEIUSDT,1789873200000,val,-1,-3.79,0.627,4.08,4.08,4.37,-2.52,2.52,1.61,1.83,1.66,0,-1.27,neutral,bajista,0,0.241,32,11075,4,
s38918,JUPUSDT,1789873200000,val,-1,-4.67,0.38,7.6,7.15,3.28,-3.41,3.86,1.56,1.19,1.27,0,-1.27,neutral,bajista,0,-0.099,32,11075,5,
s38919,PENDLEUSDT,1789873200000,val,-1,-2.56,0.358,4.33,4.29,3.03,-1.29,2.31,0.95,0.94,1.04,0,-1.27,neutral,bajista,0,-0.286,32,11075,4,
s38920,ONDOUSDT,1789873200000,val,-1,-4.39,0.524,5.69,5.17,2.46,-3.13,2.54,1.73,1.76,2.03,0,-1.27,neutral,neutral,0,-0.452,32,11074,0,
s38921,APEUSDT,1789873200000,testA,-1,-2.55,0.545,3.63,3.2,5,-1.28,1.76,1.28,1.21,1.39,0,-1.27,neutral,bajista,0,0.591,32,11074,4,
s38922,ASTERUSDT,1789874100000,val,-1,-3.46,0.611,4.6,3.69,5,-2.33,2.12,1.48,1.64,1.42,0,-1.12,neutral,neutral,0,0.195,32,11076,0,
s38923,PUMPUSDT,1789874100000,val,-1,-5.46,0.516,9.19,7.36,4.67,-4.34,3.15,1.22,0.93,0.88,1,-1.12,neutral,neutral,0,-0.191,32,11076,0,
s38924,SUIUSDT,1789874100000,val,-1,-4.29,0.359,7.11,5.68,3.99,-3.17,2.76,2.12,2.18,2.07,0,-1.12,neutral,neutral,0,0.158,32,11076,0,
s38925,SEIUSDT,1789874100000,val,-1,-2.79,0.434,4.24,3.35,4.29,-1.66,1.75,1.61,1.83,1.66,0,-1.12,neutral,neutral,0,0.509,32,11076,0,
s38926,ONDOUSDT,1789874100000,val,-1,-3.77,0.42,5.52,4.29,2.35,-2.65,1.79,1.73,1.76,2.03,0,-1.12,neutral,neutral,0,-0.299,32,11075,0,
s38927,ASTERUSDT,1789875000000,val,-1,-3.29,0.58,4.59,3.59,3.65,-2.21,1.87,1.48,1.64,1.42,0,-1.08,neutral,neutral,0,0.14,32,11077,0,
s38928,PUMPUSDT,1789875000000,val,-1,-6.33,0.604,9.23,7.84,2.65,-5.25,3.2,1.22,0.93,0.88,1,-1.08,neutral,neutral,0,-0.267,32,11077,1,
s38929,SUIUSDT,1789875000000,val,-1,-4.53,0.381,7.11,5.77,2.54,-3.45,2.67,2.12,2.18,2.07,0,-1.08,neutral,neutral,0,0.122,32,11077,1,
s38930,SEIUSDT,1789875000000,val,-1,-2.91,0.453,4.24,3.41,2.71,-1.83,1.67,1.61,1.83,1.66,0,-1.08,neutral,neutral,0,0.409,32,11077,1,
s38931,ONDOUSDT,1789875000000,val,-1,-3.52,0.402,5.52,4.32,1.59,-2.44,1.68,1.73,1.76,2.03,0,-1.08,neutral,neutral,0,-0.337,32,11076,0,
s38932,ASTERUSDT,1789875900000,val,-1,-2.95,0.49,4.49,3.09,1.25,-2.01,1.33,1.48,1.64,1.42,0,-0.93,neutral,neutral,0,0.253,32,11078,0,
s38933,PUMPUSDT,1789875900000,val,-1,-6.63,0.656,8.96,7.43,1.5,-5.7,2.91,1.22,0.93,0.88,1,-0.93,neutral,neutral,0,-0.268,32,11078,0,
s38934,SEIUSDT,1789875900000,val,-1,-2.59,0.388,4.23,3.11,1.07,-1.65,1.26,1.61,1.83,1.66,0,-0.93,neutral,neutral,0,0.44,32,11078,0,
s38935,ONDOUSDT,1789875900000,val,-1,-3.21,0.356,5.51,4.01,0.67,-2.28,1.26,1.73,1.76,2.03,0,-0.93,neutral,neutral,0,-0.417,32,11077,0,
s38936,ASTERUSDT,1789876800000,val,-1,-2.35,0.41,4.3,2.73,0.59,-1.32,1.03,1.36,1.6,1.36,0,-1.04,neutral,neutral,0,0.32,32,11079,0,
s38937,PUMPUSDT,1789876800000,val,-1,-6.34,0.644,8.48,7.17,1.04,-5.3,2.77,1.26,0.94,0.84,1,-1.04,neutral,neutral,0,-0.349,32,11079,1,
s38938,SEIUSDT,1789876800000,val,-1,-2.81,0.408,4.25,3.5,0.46,-1.77,1.43,1.56,1.78,1.62,0,-1.04,neutral,neutral,0,0.065,32,11079,1,
s38939,APEUSDT,1789876800000,testA,-1,-2.34,0.44,3.92,3.05,1.4,-1.3,1.18,1.52,1.34,1.44,0,-1.04,neutral,neutral,0,0.548,32,11078,1,
s38940,ASTERUSDT,1789877700000,val,-1,-2.42,0.416,4.3,2.83,0.41,-1.34,1.0,1.36,1.6,1.36,0,-1.08,neutral,neutral,0,0.467,32,11080,1,
s38941,PUMPUSDT,1789877700000,val,-1,-6.27,0.642,8.15,6.87,0.65,-5.19,2.6,1.26,0.94,0.84,1,-1.08,neutral,bajista,0,-0.199,32,11080,2,
s38942,SEIUSDT,1789877700000,val,-1,-2.84,0.409,4.26,3.69,0.39,-1.76,1.47,1.56,1.78,1.62,0,-1.08,neutral,bajista,0,0.203,32,11080,2,
s38943,ONDOUSDT,1789877700000,val,-1,-3.51,0.413,5.5,3.88,0.35,-2.43,0.88,1.64,1.59,2.0,0,-1.08,neutral,neutral,0,-0.152,32,11079,0,
s38944,APEUSDT,1789877700000,testA,-1,-2.48,0.467,3.92,3.12,1.22,-1.4,1.1,1.52,1.34,1.44,0,-1.08,neutral,bajista,0,0.628,32,11079,2,
s38945,ASTERUSDT,1789878600000,val,-1,-2.57,0.456,4.3,2.79,0.28,-1.42,0.88,1.36,1.6,1.36,0,-1.15,neutral,neutral,0,0.57,32,11081,0,
s38946,XPLUSDT,1789878600000,val,-1,-4.13,0.366,6.79,4.43,0.45,-2.98,0.57,1.28,1.01,1.02,0,-1.15,neutral,neutral,0,0.662,32,11081,0,
s38947,PUMPUSDT,1789878600000,val,-1,-5.9,0.597,7.93,6.4,0.55,-4.75,2.2,1.26,0.94,0.84,1,-1.15,neutral,neutral,0,-0.276,32,11081,0,
s38948,SUIUSDT,1789878600000,val,-1,-5.28,0.497,7.02,5.58,0.31,-4.13,1.68,2.04,2.08,2.05,0,-1.15,neutral,neutral,0,0.083,32,11081,1,
s38949,SEIUSDT,1789878600000,val,-1,-3.39,0.519,4.26,3.8,0.32,-2.24,1.42,1.56,1.78,1.62,0,-1.15,neutral,bajista,0,0.264,32,11081,3,
s38950,ONDOUSDT,1789878600000,val,-1,-3.65,0.428,5.51,3.98,0.35,-2.5,0.88,1.64,1.59,2.0,0,-1.15,neutral,neutral,0,-0.272,32,11080,1,
s38951,FETUSDT,1789878600000,val,-1,-4.21,0.401,5.22,4.93,0.77,-3.06,1.86,1.5,1.46,1.52,0,-1.15,neutral,bajista,0,0.06,32,11080,3,
s38952,APEUSDT,1789878600000,testA,-1,-2.48,0.467,3.92,3.05,1.22,-1.32,0.95,1.52,1.34,1.44,0,-1.15,neutral,neutral,0,0.738,32,11080,0,
s38953,ASTERUSDT,1789879500000,val,-1,-2.58,0.456,4.31,3.0,0.28,-1.54,0.92,1.36,1.6,1.36,0,-1.03,neutral,neutral,0,0.387,32,11082,1,
s38954,PUMPUSDT,1789879500000,val,-1,-5.45,0.528,7.79,5.76,0.42,-4.41,1.47,1.26,0.94,0.84,1,-1.03,neutral,neutral,0,-0.352,32,11082,0,
s38955,SUIUSDT,1789879500000,val,-1,-4.64,0.456,6.76,5.23,0.29,-3.61,1.47,2.04,2.08,2.05,0,-1.03,neutral,neutral,0,0.049,32,11082,0,
s38956,SEIUSDT,1789879500000,val,-1,-3.46,0.538,4.26,3.71,0.35,-2.43,1.19,1.56,1.78,1.62,0,-1.03,neutral,neutral,0,0.281,32,11082,0,
s38957,APEUSDT,1789879500000,testA,-1,-2.55,0.474,3.48,2.69,1.38,-1.51,0.95,1.52,1.34,1.44,0,-1.03,neutral,neutral,0,0.757,32,11081,0,
s38958,ASTERUSDT,1789880400000,val,-1,-2.8,0.479,4.32,3.22,0.29,-2.14,1.02,1.3,1.27,1.29,0,-0.66,neutral,bajista,0,0.353,32,11083,2,
s38959,PUMPUSDT,1789880400000,val,-1,-4.46,0.451,7.05,4.75,0.42,-3.8,1.07,1.22,0.9,0.81,1,-0.66,neutral,neutral,0,-0.342,32,11083,0,
s38960,INJUSDT,1789880400000,val,-1,-6.08,0.476,10.18,7.74,0.23,-5.42,2.29,2.97,3.22,3.84,0,-0.66,neutral,neutral,0,-0.472,32,11083,1,
s38961,SUIUSDT,1789880400000,val,-1,-3.9,0.41,6.78,5.5,0.36,-3.24,1.61,2.06,1.96,2.05,0,-0.66,neutral,neutral,0,0.104,32,11083,1,
s38962,SEIUSDT,1789880400000,val,-1,-2.52,0.419,4.0,3.2,0.37,-1.86,0.83,1.58,1.7,1.62,0,-0.66,neutral,neutral,0,0.487,32,11083,0,
s38963,ASTERUSDT,1789881300000,val,-1,-2.57,0.442,4.18,2.99,0.33,-1.86,0.87,1.3,1.27,1.29,0,-0.71,neutral,neutral,0,0.548,32,11084,0,
s38964,PUMPUSDT,1789881300000,val,-1,-3.74,0.405,6.11,4.03,0.46,-3.03,1.15,1.22,0.9,0.81,1,-0.71,neutral,neutral,0,-0.354,32,11084,1,
s38965,SUIUSDT,1789881300000,val,-1,-4.03,0.417,6.81,6.06,0.46,-3.33,2.07,2.06,1.96,2.05,0,-0.71,neutral,bajista,0,0.004,32,11084,2,
s38966,SEIUSDT,1789881300000,val,-1,-3.05,0.466,3.94,3.75,0.38,-2.34,1.36,1.58,1.7,1.62,0,-0.71,neutral,neutral,0,0.324,32,11084,1,
s38967,PENDLEUSDT,1789881300000,val,-1,-3.26,0.423,5.58,3.98,0.3,-2.56,1.13,0.93,0.87,1.0,0,-0.71,neutral,neutral,0,0.186,32,11084,1,
s38968,ASTERUSDT,1789882200000,val,-1,-2.67,0.458,4.18,3.06,0.36,-2.01,0.82,1.3,1.27,1.29,0,-0.66,neutral,neutral,0,0.473,32,11085,1,
s38969,PUMPUSDT,1789882200000,val,-1,-3.52,0.384,6.11,3.95,0.43,-2.87,0.98,1.22,0.9,0.81,1,-0.66,neutral,neutral,0,-0.152,32,11085,0,
s38970,SUIUSDT,1789882200000,val,-1,-4.23,0.449,6.81,5.94,0.48,-3.57,1.69,2.06,1.96,2.05,0,-0.66,neutral,neutral,0,0.037,32,11085,0,
s38971,SEIUSDT,1789882200000,val,-1,-2.82,0.425,3.93,3.57,0.45,-2.16,1.11,1.58,1.7,1.62,0,-0.66,neutral,neutral,0,0.38,32,11085,0,
s38972,JUPUSDT,1789882200000,val,-1,-4.74,0.374,7.8,6.31,0.29,-4.08,1.67,1.49,1.11,1.2,0,-0.66,neutral,bajista,0,0.071,32,11085,2,
s38973,PENDLEUSDT,1789882200000,val,-1,-3.29,0.43,5.54,3.65,0.28,-2.63,0.75,0.93,0.87,1.0,0,-0.66,neutral,neutral,0,0.312,32,11085,0,
s38974,FETUSDT,1789882200000,val,-1,-3.35,0.353,5.75,5.05,0.81,-2.69,1.38,1.6,1.48,1.52,0,-0.66,neutral,neutral,0,-0.081,32,11084,0,
s38975,ASTERUSDT,1789883100000,val,-1,-2.46,0.42,4.17,2.93,0.33,-1.72,0.63,1.3,1.27,1.29,0,-0.75,neutral,neutral,0,0.599,32,11086,0,
s38976,SUIUSDT,1789883100000,val,-1,-4.19,0.446,6.77,5.39,0.47,-3.44,0.92,2.06,1.96,2.05,0,-0.75,neutral,neutral,0,0.083,32,11086,0,
s38977,SEIUSDT,1789883100000,val,-1,-2.64,0.387,3.92,3.38,0.43,-1.89,0.73,1.58,1.7,1.62,0,-0.75,neutral,neutral,0,0.432,32,11086,0,
s38978,JUPUSDT,1789883100000,val,-1,-5.32,0.447,7.76,5.84,0.27,-4.57,0.96,1.49,1.11,1.2,0,-0.75,neutral,neutral,0,0.19,32,11086,0,
s38979,FETUSDT,1789883100000,val,-1,-3.34,0.353,5.73,4.68,0.75,-2.59,0.72,1.6,1.48,1.52,0,-0.75,neutral,neutral,0,0.012,32,11085,0,
s38980,ASTERUSDT,1789884000000,val,-1,-2.89,0.512,4.14,3.02,0.31,-2.11,0.66,1.34,1.12,1.2,0,-0.78,neutral,neutral,0,0.471,32,11087,1,
s38981,PUMPUSDT,1789884000000,val,-1,-3.66,0.425,6.1,3.85,0.39,-2.88,0.5,1.29,0.93,0.8,1,-0.78,neutral,neutral,0,-0.091,32,11087,1,
s38982,STBLUSDT,1789884000000,val,-1,-2.31,0.53,3.03,2.4,0.57,-1.53,0.76,0.52,0.55,0.72,0,-0.78,neutral,bajista,1,2.0,18,11087,2,
s38983,SUIUSDT,1789884000000,val,-1,-4.92,0.568,6.6,5.27,0.39,-4.14,0.83,1.92,1.89,2.03,0,-0.78,neutral,neutral,0,0.065,32,11087,1,
s38984,SEIUSDT,1789884000000,val,-1,-3.17,0.492,3.72,3.28,0.44,-2.4,0.75,1.6,1.73,1.64,0,-0.78,neutral,neutral,0,0.389,32,11087,1,
s38985,JUPUSDT,1789884000000,val,-1,-5.33,0.447,7.37,5.63,0.34,-4.55,1.11,1.46,1.09,1.2,0,-0.78,neutral,neutral,0,0.184,32,11087,1,
s38986,PENDLEUSDT,1789884000000,val,-1,-3.12,0.361,5.41,3.25,0.41,-2.34,0.56,0.92,0.85,0.98,0,-0.78,neutral,neutral,0,0.416,32,11087,1,
s38987,FETUSDT,1789884000000,val,-1,-4.49,0.506,5.4,4.7,0.79,-3.71,1.0,1.6,1.43,1.5,0,-0.78,neutral,neutral,0,0.037,32,11086,1,
s38988,APEUSDT,1789884000000,testA,-1,-2.41,0.447,3.41,2.54,0.32,-1.63,0.49,1.57,1.26,1.37,0,-0.78,neutral,neutral,0,1.171,32,11086,1,
s38989,ASTERUSDT,1789884900000,val,-1,-2.7,0.493,3.43,2.83,0.29,-2.06,1.08,1.34,1.12,1.2,0,-0.64,neutral,bajista,0,0.375,32,11088,2,
s38990,PUMPUSDT,1789884900000,val,-1,-2.73,0.352,4.96,2.93,0.39,-2.09,0.64,1.29,0.93,0.8,1,-0.64,neutral,bajista,0,-1.0,17,11088,2,
s38991,STBLUSDT,1789884900000,val,-1,-2.02,0.495,2.68,2.1,0.75,-1.38,0.73,0.52,0.55,0.72,0,-0.64,neutral,bajista,1,2.0,17,11088,3,
s38992,SUIUSDT,1789884900000,val,-1,-3.54,0.47,5.2,3.76,0.3,-2.91,0.69,1.92,1.89,2.03,0,-0.64,neutral,neutral,0,0.145,32,11088,0,
s38993,SEIUSDT,1789884900000,val,-1,-2.59,0.439,3.03,2.72,0.43,-1.95,0.78,1.6,1.73,1.64,0,-0.64,neutral,bajista,0,0.4,32,11088,2,
s38994,JUPUSDT,1789884900000,val,-1,-3.79,0.361,5.68,4.16,0.35,-3.15,1.32,1.46,1.09,1.2,0,-0.64,neutral,bajista,0,0.259,32,11088,2,
s38995,FETUSDT,1789884900000,val,-1,-3.35,0.431,4.35,3.64,0.51,-2.71,1.0,1.6,1.43,1.5,0,-0.64,neutral,bajista,0,0.097,32,11087,2,
s38996,STBLUSDT,1789889400000,val,-1,-2.31,0.536,3.35,2.64,1.46,-2.23,1.43,0.65,0.64,0.66,0,-0.08,neutral,bajista,0,-1.0,20,11093,2,
s38997,0GUSDT,1789889400000,val,-1,-2.65,0.401,5.13,4.9,1.1,-2.57,1.95,1.07,1.15,1.05,0,-0.08,neutral,bajista,0,-0.123,32,11093,5,
s38998,SANDUSDT,1789889400000,testA,-1,-3.33,0.613,4.25,3.44,1.09,-3.25,0.39,2.01,1.67,1.4,1,-0.08,neutral,neutral,0,-0.419,32,11092,1,
s38999,MANAUSDT,1789889400000,testA,-1,-3.68,0.701,4.17,3.91,0.19,-3.61,0.66,2.52,1.86,1.83,1,-0.08,neutral,neutral,0,-0.158,32,11092,1,
s39000,STBLUSDT,1789890300000,val,-1,-2.43,0.548,3.8,3.13,2.43,-2.21,1.7,0.65,0.64,0.66,0,-0.23,neutral,bajista,0,-1.0,19,11094,3,
s39001,0GUSDT,1789890300000,val,-1,-3.81,0.541,5.78,5.78,1.94,-3.58,2.6,1.07,1.15,1.05,0,-0.23,neutral,bajista,0,-0.411,32,11094,6,
s39002,FETUSDT,1789890300000,val,-1,-2.95,0.515,3.16,3.16,0.95,-2.72,1.33,1.56,1.43,1.49,0,-0.23,neutral,bajista,0,-0.925,32,11093,2,
s39003,SANDUSDT,1789890300000,testA,-1,-2.71,0.556,4.17,3.34,1.2,-2.48,0.37,2.01,1.67,1.4,1,-0.23,neutral,neutral,0,-0.477,32,11093,0,
s39004,MANAUSDT,1789890300000,testA,-1,-3.57,0.694,4.03,4.01,0.35,-3.34,0.89,2.52,1.86,1.83,1,-0.23,neutral,bajista,0,-0.315,32,11093,2,
s39005,0GUSDT,1789891200000,val,-1,-2.87,0.372,6.42,4.9,2.82,-2.84,1.79,1.01,1.25,1.09,0,-0.03,neutral,neutral,0,-0.396,32,11095,0,
s39006,SANDUSDT,1789891200000,testA,-1,-2.03,0.436,3.15,2.09,1.43,-2.0,0.48,1.7,1.73,1.43,0,-0.03,neutral,neutral,0,-0.675,32,11094,0,
s39007,MANAUSDT,1789891200000,testA,-1,-2.78,0.537,3.4,2.92,0.36,-2.75,0.56,2.31,1.9,1.82,1,-0.03,neutral,neutral,0,-0.346,32,11094,0,
s39008,STBLUSDT,1789892100000,val,-1,-2.09,0.491,3.8,3.17,2.4,-2.03,1.47,0.65,0.65,0.64,0,-0.07,neutral,neutral,0,-1.0,17,11096,1,
s39009,0GUSDT,1789892100000,val,-1,-3.36,0.41,6.45,5.43,2.89,-3.3,2.09,1.01,1.25,1.09,0,-0.07,neutral,neutral,0,-0.556,32,11096,1,
s39010,ARUSDT,1789892100000,testA,1,4.03,0.352,5.85,4.2,0.61,4.1,1.43,1.33,1.63,7.13,0,-0.07,neutral,neutral,0,1.37,32,11095,0,
s39011,SANDUSDT,1789892100000,testA,-1,-2.04,0.436,2.88,2.67,1.39,-1.98,1.35,1.7,1.73,1.43,0,-0.07,neutral,neutral,0,-1.0,32,11095,1,
s39012,STBLUSDT,1789893000000,val,-1,-2.79,0.6,3.86,3.54,1.79,-2.62,1.78,0.65,0.65,0.64,0,-0.16,neutral,bajista,0,-1.0,16,11097,2,
s39013,0GUSDT,1789893000000,val,-1,-4.15,0.52,6.47,5.78,2.57,-3.99,2.23,1.01,1.25,1.09,0,-0.16,neutral,bajista,0,-0.758,32,11097,2,
s39014,INJUSDT,1789893000000,val,1,3.21,0.469,4.34,3.65,1.18,3.37,1.76,1.71,2.71,2.85,0,-0.16,neutral,alcista,0,0.845,32,11097,4,
s39015,GRTUSDT,1789893000000,testA,-1,-2.78,0.358,3.7,3.7,0.52,-2.62,1.44,1.51,1.53,1.36,0,-0.16,neutral,bajista,0,-1.0,27,11096,2,
s39016,SANDUSDT,1789893000000,testA,-1,-2.44,0.5,3.12,2.99,0.89,-2.28,1.41,1.7,1.73,1.43,0,-0.16,neutral,bajista,0,-1.0,31,11096,2,
s39017,MANAUSDT,1789893000000,testA,-1,-2.43,0.5,2.78,2.73,1.31,-2.27,1.76,2.31,1.9,1.82,1,-0.16,neutral,bajista,0,-1.0,31,11096,2,
s39018,STBLUSDT,1789893900000,val,-1,-2.9,0.641,3.94,3.54,1.0,-2.68,1.54,0.65,0.65,0.64,0,-0.22,neutral,neutral,0,-1.0,15,11098,0,
s39019,0GUSDT,1789893900000,val,-1,-5.31,0.714,6.97,6.17,1.66,-5.09,2.34,1.01,1.25,1.09,0,-0.22,neutral,bajista,0,-0.811,32,11098,3,
s39020,FETUSDT,1789893900000,val,-1,-2.1,0.367,2.63,2.39,1.28,-1.88,1.16,1.38,1.42,1.46,0,-0.22,neutral,neutral,0,-1.0,6,11097,0,
s39021,GRTUSDT,1789893900000,testA,-1,-2.96,0.392,3.79,3.39,0.59,-2.74,1.11,1.51,1.53,1.36,0,-0.22,neutral,neutral,0,-1.0,26,11097,0,
s39022,SANDUSDT,1789893900000,testA,-1,-2.59,0.547,3.01,2.71,1.3,-2.37,1.17,1.7,1.73,1.43,0,-0.22,neutral,neutral,0,-1.0,29,11097,0,
s39023,MANAUSDT,1789893900000,testA,-1,-2.21,0.465,2.92,2.68,1.51,-1.99,1.5,2.31,1.9,1.82,1,-0.22,neutral,neutral,0,-1.0,30,11097,0,
s39024,STBLUSDT,1789894800000,val,-1,-3.35,0.784,3.83,3.55,0.86,-2.95,1.52,0.64,0.61,0.64,0,-0.4,neutral,neutral,0,-1.0,14,11099,1,
s39025,0GUSDT,1789894800000,val,-1,-5.44,0.745,6.78,5.93,0.79,-5.04,2.08,0.96,1.28,1.1,0,-0.4,neutral,neutral,0,-0.685,32,11099,0,
s39026,ENAUSDT,1789894800000,val,1,5.05,0.479,6.88,6.42,1.87,5.45,4.0,1.84,2.85,2.91,0,-0.4,neutral,alcista,0,1.403,32,11099,5,
s39027,STBLUSDT,1789895700000,val,-1,-2.9,0.676,3.78,3.26,0.94,-2.7,1.19,0.64,0.61,0.64,0,-0.2,neutral,neutral,0,-1.0,13,11100,0,
s39028,0GUSDT,1789895700000,val,-1,-4.83,0.637,6.65,5.35,0.63,-4.63,1.54,0.96,1.28,1.1,0,-0.2,neutral,neutral,0,-0.539,32,11100,0,
s39029,ENAUSDT,1789895700000,val,1,6.01,0.572,6.99,6.79,1.6,6.2,4.1,1.84,2.85,2.91,0,-0.2,neutral,alcista,0,0.969,32,11100,6,
s39030,INJUSDT,1789895700000,val,1,3.63,0.472,4.0,3.51,1.36,3.82,1.68,1.08,2.64,2.74,0,-0.2,neutral,alcista,0,0.077,32,11100,2,
s39031,STBLUSDT,1789896600000,val,-1,-3.12,0.743,3.62,3.18,0.62,-3.14,1.16,0.64,0.61,0.64,0,0.02,neutral,neutral,0,-1.0,12,11101,1,
s39032,0GUSDT,1789896600000,val,-1,-4.33,0.61,5.55,4.52,0.8,-4.35,1.76,0.96,1.28,1.1,0,0.02,neutral,neutral,0,-1.0,28,11101,1,
s39033,ENAUSDT,1789896600000,val,1,5.86,0.548,7.22,6.49,1.72,5.84,3.32,1.84,2.85,2.91,0,0.02,neutral,neutral,0,1.281,32,11101,0,
s39034,INJUSDT,1789896600000,val,1,2.39,0.374,4.27,3.87,1.09,2.37,1.91,1.08,2.64,2.74,0,0.02,neutral,alcista,0,0.168,32,11101,3,
s39035,STBLUSDT,1789897500000,val,-1,-3.2,0.748,3.63,3.39,0.48,-3.18,1.28,0.64,0.61,0.64,0,-0.03,neutral,bajista,0,-1.0,11,11102,2,
s39036,0GUSDT,1789897500000,val,-1,-4.03,0.592,5.41,4.38,0.56,-4.0,1.62,0.96,1.28,1.1,0,-0.03,neutral,neutral,0,-1.0,27,11102,0,
s39037,INJUSDT,1789897500000,val,1,2.91,0.448,4.83,4.15,1.38,2.93,2.03,1.08,2.64,2.74,0,-0.03,neutral,alcista,0,-0.012,32,11102,4,
s39038,STXUSDT,1789897500000,testA,-1,-2.76,0.391,4.55,3.54,0.5,-2.74,0.81,2.39,2.83,3.41,0,-0.03,neutral,neutral,0,-0.027,32,11101,1,
s39039,STBLUSDT,1789898400000,val,-1,-3.57,0.767,4.38,3.9,1.23,-3.44,1.91,0.77,0.68,0.67,1,-0.13,neutral,bajista,0,-1.0,8,11103,3,
s39040,0GUSDT,1789898400000,val,-1,-4.44,0.615,5.5,5.12,0.8,-4.31,2.07,1.04,1.36,1.13,0,-0.13,neutral,neutral,0,-1.0,26,11103,1,
s39041,ENAUSDT,1789898400000,val,1,4.28,0.37,7.37,4.53,1.24,4.41,1.1,1.85,2.9,2.86,0,-0.13,neutral,neutral,1,2.0,26,11103,0,
s39042,INJUSDT,1789898400000,val,1,2.72,0.408,4.84,3.93,1.55,2.86,1.67,1.08,2.49,2.68,0,-0.13,neutral,neutral,0,0.065,32,11103,0,
s39043,STXUSDT,1789898400000,testA,-1,-3.63,0.457,4.97,4.49,0.7,-3.49,1.4,2.34,2.92,3.34,0,-0.13,neutral,bajista,0,-0.333,32,11102,2,
s39044,LDOUSDT,1789898400000,testA,-1,-2.9,0.526,3.59,3.34,1.17,-2.77,1.63,1.09,1.4,1.38,0,-0.13,neutral,bajista,0,-1.0,26,11102,2,
s39045,STBLUSDT,1789899300000,val,-1,-3.8,0.778,4.2,3.95,1.53,-3.71,2.01,0.77,0.68,0.67,1,-0.09,neutral,bajista,0,-1.0,7,11104,4,
s39046,0GUSDT,1789899300000,val,-1,-4.75,0.646,5.51,5.18,0.85,-4.66,1.97,1.04,1.36,1.13,0,-0.09,neutral,bajista,0,-1.0,25,11104,2,
s39047,ENAUSDT,1789899300000,val,1,4.28,0.371,7.33,5.02,1.24,4.37,1.49,1.85,2.9,2.86,0,-0.09,neutral,neutral,1,2.0,26,11104,1,
s39048,INJUSDT,1789899300000,val,1,3.26,0.502,4.44,3.68,1.45,3.35,1.42,1.08,2.49,2.68,0,-0.09,neutral,neutral,0,0.031,32,11104,1,
s39049,LDOUSDT,1789899300000,testA,-1,-2.71,0.509,3.19,2.94,1.27,-2.62,1.63,1.09,1.4,1.38,0,-0.09,neutral,neutral,0,-1.0,25,11103,0,
s39050,STBLUSDT,1789900200000,val,-1,-3.75,0.774,4.9,4.34,2.09,-3.72,2.23,0.77,0.68,0.67,1,-0.03,neutral,bajista,0,-1.0,6,11105,5,
s39051,0GUSDT,1789900200000,val,-1,-4.07,0.608,5.51,4.29,1.08,-4.04,1.83,1.04,1.36,1.13,0,-0.03,neutral,bajista,0,-1.0,23,11105,3,
s39052,ENAUSDT,1789900200000,val,1,5.0,0.43,7.08,5.13,1.15,5.03,1.62,1.85,2.9,2.86,0,-0.03,neutral,alcista,1,2.0,25,11105,2,
s39053,INJUSDT,1789900200000,val,1,2.83,0.408,4.16,2.83,1.49,2.86,0.8,1.08,2.49,2.68,0,-0.03,neutral,neutral,0,0.113,32,11105,0,
s39054,LDOUSDT,1789900200000,testA,-1,-2.1,0.43,3.53,2.86,1.61,-2.07,1.34,1.09,1.4,1.38,0,-0.03,neutral,neutral,0,-1.0,24,11104,0,
s39055,STBLUSDT,1789901100000,val,-1,-3.67,0.77,4.9,4.34,2.26,-3.68,1.96,0.77,0.68,0.67,1,0.01,neutral,neutral,0,-1.0,5,11106,0,
s39056,0GUSDT,1789901100000,val,-1,-3.91,0.597,5.34,4.4,1.09,-3.91,1.87,1.04,1.36,1.13,0,0.01,neutral,bajista,0,-1.0,22,11106,4,
s39057,ENAUSDT,1789901100000,val,1,4.39,0.359,7.13,4.54,0.92,4.38,1.02,1.85,2.9,2.86,0,0.01,neutral,neutral,1,2.0,23,11106,0,
s39058,LDOUSDT,1789901100000,testA,-1,-2.15,0.436,3.54,3.12,1.69,-2.16,1.47,1.09,1.4,1.38,0,0.01,neutral,neutral,0,-1.0,23,11105,1,
s39059,STBLUSDT,1789902000000,val,-1,-3.39,0.674,4.48,3.51,1.21,-3.42,1.41,0.97,0.74,0.72,1,0.03,neutral,neutral,0,-1.0,4,11107,0,
s39060,ENAUSDT,1789902000000,val,1,5.28,0.409,7.07,5.26,0.82,5.25,1.54,1.92,2.95,2.86,0,0.03,neutral,neutral,1,2.0,23,11107,1,
s39061,TIAUSDT,1789902000000,val,-1,-2.58,0.355,3.62,3.11,0.51,-2.61,1.39,1.61,1.42,1.42,0,0.03,neutral,bajista,0,-1.0,26,11107,7,
s39062,LDOUSDT,1789902000000,testA,-1,-2.19,0.45,3.53,2.91,1.04,-2.22,1.13,1.07,1.44,1.37,0,0.03,neutral,neutral,0,-1.0,22,11106,0,
s39063,STBLUSDT,1789902900000,val,-1,-2.94,0.641,4.16,3.23,1.28,-2.9,1.24,0.97,0.74,0.72,1,-0.04,neutral,neutral,0,-1.0,3,11108,1,
s39064,LDOUSDT,1789902900000,testA,-1,-2.8,0.545,3.33,3.08,1.06,-2.76,1.35,1.07,1.44,1.37,0,-0.04,neutral,neutral,0,-1.0,21,11107,1,
s39065,TIAUSDT,1789903800000,val,-1,-2.53,0.358,3.57,3.04,0.39,-2.68,1.08,1.61,1.42,1.42,0,0.15,neutral,neutral,0,-1.0,24,11109,0,
s39066,LDOUSDT,1789903800000,testA,-1,-2.75,0.541,3.35,3.08,0.9,-2.9,1.19,1.07,1.44,1.37,0,0.15,neutral,bajista,0,-1.0,20,11108,2,
s39067,ENAUSDT,1789904700000,val,1,6.51,0.479,6.98,6.13,0.85,6.31,2.83,1.92,2.95,2.86,0,0.2,neutral,alcista,0,1.082,32,11110,2,
s39068,LDOUSDT,1789904700000,testA,-1,-2.39,0.5,3.35,3.05,0.88,-2.59,1.09,1.07,1.44,1.37,0,0.2,neutral,neutral,0,-1.0,19,11109,0,
s39069,ENAUSDT,1789905600000,val,1,4.78,0.407,7.03,5.27,1.06,4.7,2.73,2.05,2.98,2.8,0,0.08,neutral,alcista,1,2.0,25,11111,3,
s39070,TIAUSDT,1789905600000,val,-1,-2.6,0.5,4.12,2.89,0.79,-2.68,0.81,1.72,1.51,1.42,1,0.08,neutral,neutral,0,-1.0,22,11111,1,
s39071,LDOUSDT,1789905600000,testA,-1,-2.44,0.515,2.85,2.5,0.93,-2.52,0.97,1.08,1.47,1.35,0,0.08,neutral,neutral,0,-1.0,17,11110,0,
s39072,STXUSDT,1789906500000,testA,-1,-2.4,0.362,3.29,3.0,0.5,-2.38,0.85,1.51,2.77,2.63,0,-0.02,neutral,bajista,0,-1.0,32,11111,2,
s39073,LDOUSDT,1789906500000,testA,-1,-2.57,0.528,3.06,2.86,0.95,-2.55,1.25,1.08,1.47,1.35,0,-0.02,neutral,neutral,0,-1.0,16,11111,1,
s39074,STBLUSDT,1789907400000,val,1,3.42,0.422,6.0,5.58,3.42,3.31,3.06,1.52,1.01,0.87,1,0.11,neutral,neutral,0,-0.29,32,11113,1,
s39075,STBLUSDT,1789908300000,val,1,3.07,0.362,6.03,5.25,3.35,2.79,2.41,1.52,1.01,0.87,1,0.28,neutral,neutral,0,-0.243,32,11114,0,
s39076,TIAUSDT,1789908300000,val,-1,-2.19,0.511,3.95,3.17,0.96,-2.47,1.0,1.72,1.51,1.42,1,0.28,neutral,neutral,0,-1.0,18,11114,0,
s39077,XPLUSDT,1789909200000,val,-1,-2.89,0.369,5.21,4.34,3.84,-3.24,2.28,1.45,1.24,1.12,1,0.35,neutral,neutral,0,-1.0,15,11115,1,
s39078,TIAUSDT,1789909200000,val,-1,-2.17,0.503,3.95,3.14,0.54,-2.52,0.74,1.53,1.47,1.41,1,0.35,neutral,neutral,0,-1.0,17,11115,0,
s39079,STXUSDT,1789909200000,testA,-1,-2.42,0.362,2.9,2.83,0.73,-2.77,1.51,1.42,2.6,2.5,0,0.35,neutral,neutral,0,-1.0,21,11114,1,
s39080,XPLUSDT,1789910100000,val,-1,-4.65,0.552,6.52,5.67,2.24,-4.81,3.2,1.45,1.24,1.12,1,0.15,neutral,bajista,0,-1.0,14,11116,2,
s39081,TIAUSDT,1789910100000,val,-1,-2.87,0.733,3.86,3.22,0.52,-3.02,0.78,1.53,1.47,1.41,1,0.15,neutral,neutral,0,-1.0,16,11116,1,
s39082,STXUSDT,1789910100000,testA,-1,-2.59,0.376,3.33,3.2,0.88,-2.74,1.82,1.42,2.6,2.5,0,0.15,neutral,bajista,0,-1.0,15,11115,2,
s39083,LDOUSDT,1789910100000,testA,-1,-2.4,0.476,3.07,3.02,0.8,-2.55,0.92,1.08,1.4,1.28,0,0.15,neutral,bajista,0,-1.0,12,11115,2,
s39084,APEUSDT,1789910100000,testA,-1,-2.12,0.547,2.61,2.46,1.34,-2.27,0.99,1.11,1.38,1.19,0,0.15,neutral,bajista,0,-1.0,13,11115,2,
s39085,XPLUSDT,1789911000000,val,-1,-4.69,0.564,6.48,5.06,2.33,-4.71,2.44,1.45,1.24,1.12,1,0.02,neutral,neutral,0,-1.0,13,11117,0,
s39086,TIAUSDT,1789911000000,val,-1,-2.92,0.737,3.57,3.0,0.47,-2.93,0.84,1.53,1.47,1.41,1,0.02,neutral,bajista,0,-1.0,12,11117,2,
s39087,STXUSDT,1789911000000,testA,-1,-3.15,0.424,4.14,3.81,0.87,-3.17,2.23,1.42,2.6,2.5,0,0.02,neutral,bajista,0,-1.0,14,11116,3,
s39088,LDOUSDT,1789911000000,testA,-1,-3.03,0.633,3.42,3.2,0.9,-3.04,1.0,1.08,1.4,1.28,0,0.02,neutral,bajista,0,-1.0,11,11116,3,
s39089,XPLUSDT,1789911900000,val,-1,-3.77,0.504,6.41,4.97,2.22,-3.89,2.2,1.45,1.24,1.12,1,0.12,neutral,neutral,0,-1.0,12,11118,0,
s39090,LDOUSDT,1789911900000,testA,-1,-2.13,0.544,2.4,2.25,0.7,-2.24,1.12,1.08,1.4,1.28,0,0.12,neutral,bajista,0,-1.0,9,11117,4,
s39091,XPLUSDT,1789912800000,val,-1,-4.58,0.62,6.43,5.39,2.06,-4.79,2.43,1.45,1.14,1.12,1,0.21,neutral,neutral,0,-1.0,11,11119,1,
s39092,ARBUSDT,1789912800000,val,-1,-4.47,0.42,6.09,5.77,1.21,-4.68,3.13,0.97,1.2,0.96,0,0.21,neutral,bajista,0,-1.0,31,11119,2,
s39093,XPLUSDT,1789913700000,val,-1,-4.52,0.611,6.35,5.28,0.68,-4.7,2.26,1.45,1.14,1.12,1,0.18,neutral,neutral,0,-1.0,9,11120,0,
s39094,ARBUSDT,1789913700000,val,-1,-5.14,0.503,5.63,5.48,1.33,-5.32,2.98,0.97,1.2,0.96,0,0.18,neutral,bajista,0,-1.0,28,11120,3,
s39095,XPLUSDT,1789914600000,val,-1,-3.9,0.54,6.34,5.03,0.48,-4.24,1.71,1.45,1.14,1.12,1,0.34,neutral,neutral,0,-1.0,8,11121,0,
s39096,STBLUSDT,1789914600000,val,1,3.45,0.362,5.84,3.57,0.17,3.11,0.51,1.87,1.26,1.02,1,0.34,neutral,neutral,0,-0.121,32,11121,0,
s39097,XPLUSDT,1789915500000,val,-1,-3.99,0.545,6.34,5.14,0.41,-4.44,1.71,1.45,1.14,1.12,1,0.45,neutral,neutral,0,-1.0,7,11122,1,
s39098,STBLUSDT,1789915500000,val,1,3.81,0.385,5.74,3.83,0.2,3.36,0.9,1.87,1.26,1.02,1,0.45,neutral,neutral,0,-0.184,32,11122,1,
s39099,XPLUSDT,1789916400000,val,-1,-3.55,0.459,6.3,4.36,0.32,-4.03,0.87,1.49,1.11,1.07,1,0.48,neutral,neutral,0,-1.0,6,11123,0,
s39100,ARBUSDT,1789916400000,val,-1,-6.37,0.591,9.66,7.86,3.07,-6.85,3.89,1.17,1.11,1.01,1,0.48,neutral,neutral,0,-1.0,25,11123,0,
s39101,GRTUSDT,1789916400000,testA,1,3.26,0.5,3.35,3.26,1.66,2.78,2.17,2.82,2.17,1.73,1,0.48,neutral,neutral,1,2.0,14,11122,1,
s39102,XPLUSDT,1789917300000,val,-1,-3.95,0.486,6.33,4.86,0.38,-4.31,1.17,1.49,1.11,1.07,1,0.36,neutral,neutral,0,-1.0,5,11124,1,
s39103,ARBUSDT,1789917300000,val,-1,-5.59,0.525,9.63,7.5,3.03,-5.95,2.99,1.17,1.11,1.01,1,0.36,neutral,neutral,0,-1.0,24,11124,0,
s39104,GRTUSDT,1789917300000,testA,1,5.13,0.612,5.3,5.11,4.97,4.77,3.81,2.82,2.17,1.73,1,0.36,neutral,alcista,0,0.954,32,11123,2,
s39105,XPLUSDT,1789918200000,val,-1,-3.29,0.409,5.88,4.14,0.39,-3.76,0.8,1.49,1.11,1.07,1,0.48,neutral,neutral,0,-1.0,4,11125,0,
s39106,0GUSDT,1789918200000,val,1,2.01,0.41,3.12,3.03,1.72,1.54,1.68,0.73,0.85,0.99,0,0.48,neutral,neutral,0,1.061,32,11125,1,
s39107,ARBUSDT,1789918200000,val,-1,-6.35,0.631,9.64,7.65,2.0,-6.83,2.9,1.17,1.11,1.01,1,0.48,neutral,neutral,0,-1.0,23,11125,1,
s39108,INJUSDT,1789918200000,val,1,2.71,0.398,3.87,2.98,1.18,2.24,1.43,1.43,1.28,2.45,0,0.48,neutral,alcista,0,-1.0,19,11125,2,
s39109,GRTUSDT,1789918200000,testA,1,5.86,0.643,7.26,5.87,5,5.39,4.19,2.82,2.17,1.73,1,0.48,neutral,alcista,0,0.532,32,11124,3,
s39110,SANDUSDT,1789918200000,testA,1,2.37,0.449,3.04,3.02,1.45,1.9,1.9,0.91,1.08,1.38,0,0.48,neutral,alcista,0,0.174,32,11124,3,
s39111,XPLUSDT,1789919100000,val,-1,-3.15,0.386,5.39,3.25,0.44,-3.67,0.4,1.49,1.11,1.07,1,0.53,neutral,neutral,0,-1.0,3,11126,0,
s39112,0GUSDT,1789919100000,val,1,2.76,0.488,3.96,3.91,1.9,2.23,2.2,0.73,0.85,0.99,0,0.53,neutral,alcista,0,0.581,32,11126,2,
s39113,INJUSDT,1789919100000,val,1,3.62,0.488,4.61,3.68,1.79,3.09,1.94,1.43,1.28,2.45,0,0.53,neutral,alcista,0,-1.0,18,11126,3,
s39114,GRTUSDT,1789919100000,testA,1,6.38,0.663,7.43,6.73,5,5.85,4.65,2.82,2.17,1.73,1,0.53,neutral,alcista,0,0.329,32,11125,4,
s39115,SANDUSDT,1789919100000,testA,1,2.16,0.427,3.21,3.19,1.42,1.64,1.81,0.91,1.08,1.38,0,0.53,neutral,alcista,0,0.141,32,11125,4,
s39116,MANAUSDT,1789919100000,testA,1,2.06,0.465,2.76,2.63,2.94,1.53,1.58,0.84,1.05,1.51,0,0.53,neutral,neutral,0,0.084,32,11125,1,
s39117,0GUSDT,1789920000000,val,1,3.32,0.559,4.3,4.3,1.37,2.49,2.37,0.68,0.86,0.96,0,0.83,neutral,alcista,0,0.642,32,11127,3,
s39118,WLDUSDT,1789920000000,val,1,2.74,0.389,4.6,4.46,2.18,1.91,2.63,1.7,1.37,1.37,0,0.83,neutral,alcista,0,0.196,32,11127,5,
s39119,INJUSDT,1789920000000,val,1,4.74,0.557,5.85,5.32,1.81,3.91,3.46,1.94,1.53,2.56,0,0.83,neutral,alcista,0,-1.0,17,11127,4,
s39120,SUIUSDT,1789920000000,val,1,3.04,0.362,4.76,4.44,1.92,2.21,2.84,2.48,1.77,1.94,0,0.83,neutral,alcista,0,1.767,32,11127,3,
s39121,GRTUSDT,1789920000000,testA,1,5.31,0.495,7.51,5.65,5,4.48,3.07,3.81,2.53,1.99,1,0.83,neutral,neutral,0,0.661,32,11126,0,
s39122,SANDUSDT,1789920000000,testA,1,2.16,0.427,3.43,3.24,1.29,1.33,1.68,1.06,1.08,1.39,0,0.83,neutral,alcista,0,0.469,32,11126,5,
s39123,MANAUSDT,1789920000000,testA,1,2.12,0.472,2.88,2.79,2.79,1.29,1.58,1.02,0.96,1.5,0,0.83,neutral,alcista,0,0.603,32,11126,2,
s39124,PUMPUSDT,1789920900000,val,1,3.19,0.512,3.67,3.52,1.48,2.19,1.91,0.82,0.96,0.92,0,1.0,neutral,alcista,0,1.281,32,11128,4,
s39125,0GUSDT,1789920900000,val,1,4.67,0.805,5.0,4.82,1.57,3.67,2.67,0.68,0.86,0.96,0,1.0,neutral,alcista,0,0.579,32,11128,4,
s39126,WLDUSDT,1789920900000,val,1,4.6,0.641,5.45,5.33,2.48,3.6,3.24,1.7,1.37,1.37,0,1.0,neutral,alcista,0,0.252,32,11128,6,
s39127,INJUSDT,1789920900000,val,1,6.54,0.703,6.49,6.43,2.29,5.53,4.24,1.94,1.53,2.56,0,1.0,neutral,alcista,0,-1.0,16,11128,5,
s39128,SUIUSDT,1789920900000,val,1,4.37,0.542,5.04,4.85,2.07,3.37,2.95,2.48,1.77,1.94,0,1.0,neutral,alcista,1,2.0,32,11128,4,
s39129,SEIUSDT,1789920900000,val,1,2.06,0.476,3.19,3.13,1.51,1.06,1.86,2.63,1.88,1.84,1,1.0,neutral,alcista,1,2.0,8,11128,4,
s39130,JUPUSDT,1789920900000,val,1,2.57,0.413,3.66,3.59,1.71,1.57,2.0,0.85,0.76,0.94,0,1.0,neutral,alcista,1,2.0,29,11128,6,
s39131,ONDOUSDT,1789920900000,val,1,3.37,0.511,4.87,4.25,2.61,2.37,2.43,1.46,1.3,1.47,0,1.0,neutral,alcista,0,1.256,32,11127,6,
s39132,FETUSDT,1789920900000,val,1,3.6,0.54,4.22,3.82,1.59,2.6,2.33,1.72,1.72,1.59,1,1.0,neutral,alcista,0,0.343,32,11127,6,
s39133,GRTUSDT,1789920900000,testA,1,6.13,0.59,7.5,5.82,5,5.13,2.93,3.81,2.53,1.99,1,1.0,neutral,neutral,0,0.752,32,11127,1,
s39134,LDOUSDT,1789920900000,testA,1,2.79,0.425,3.91,3.76,1.5,1.78,2.13,1.3,1.2,1.24,0,1.0,neutral,alcista,0,0.942,32,11127,6,
s39135,SANDUSDT,1789920900000,testA,1,3.18,0.697,3.68,3.45,1.21,2.18,1.76,1.06,1.08,1.39,0,1.0,neutral,alcista,0,0.353,32,11127,6,
s39136,MANAUSDT,1789920900000,testA,1,3.08,0.687,3.63,3.23,2.03,2.08,1.83,1.02,0.96,1.5,0,1.0,neutral,alcista,0,0.417,32,11127,3,
s39137,0GUSDT,1789921800000,val,1,5.91,0.887,6.07,5.67,1.6,4.64,3.3,0.68,0.86,0.96,0,1.27,neutral,alcista,0,0.252,32,11129,5,
s39138,WLDUSDT,1789921800000,val,1,6.51,0.732,7.23,6.94,3.7,5.24,4.46,1.7,1.37,1.37,0,1.27,neutral,alcista,0,-0.135,32,11129,7,
s39139,INJUSDT,1789921800000,val,1,4.29,0.372,6.44,4.11,2.72,3.02,1.84,1.94,1.53,2.56,0,1.27,neutral,neutral,0,-1.0,15,11129,0,
s39140,TIAUSDT,1789921800000,val,1,2.91,0.486,3.82,3.53,2.12,1.64,2.05,1.16,1.4,1.35,0,1.27,neutral,alcista,0,0.302,32,11129,5,
s39141,SEIUSDT,1789921800000,val,1,3.92,0.715,4.71,4.53,2.32,2.66,2.98,2.63,1.88,1.84,1,1.27,neutral,alcista,1,2.0,20,11129,5,
s39142,JUPUSDT,1789921800000,val,1,2.94,0.451,4.63,3.91,1.9,1.67,2.05,0.85,0.76,0.94,0,1.27,neutral,alcista,1,2.0,28,11129,7,
s39143,PENDLEUSDT,1789921800000,val,1,3.15,0.477,4.71,4.0,1.92,1.88,2.14,0.87,0.66,0.78,0,1.27,neutral,alcista,0,1.266,32,11129,8,
s39144,ONDOUSDT,1789921800000,val,1,4.55,0.586,5.77,5.7,3.26,3.28,3.54,1.46,1.3,1.47,0,1.27,neutral,alcista,0,0.531,32,11128,7,
s39145,FETUSDT,1789921800000,val,1,5.0,0.62,5.6,5.43,2.3,3.73,3.66,1.72,1.72,1.59,1,1.27,neutral,alcista,0,-0.062,32,11128,7,
s39146,GRTUSDT,1789921800000,testA,1,6.23,0.594,7.44,5.91,2.33,4.96,2.72,3.81,2.53,1.99,1,1.27,neutral,alcista,0,0.835,32,11128,2,
s39147,LDOUSDT,1789921800000,testA,1,3.94,0.511,5.28,4.9,1.89,2.67,3.02,1.3,1.2,1.24,0,1.27,neutral,alcista,0,0.956,32,11128,7,
s39148,SANDUSDT,1789921800000,testA,1,4.85,0.848,5.17,4.68,1.62,3.59,2.78,1.06,1.08,1.39,0,1.27,neutral,alcista,0,-0.052,32,11128,7,
s39149,MANAUSDT,1789921800000,testA,1,3.99,0.74,4.58,4.18,1.96,2.72,2.55,1.02,0.96,1.5,0,1.27,neutral,alcista,0,-0.055,32,11128,4,
s39150,AXSUSDT,1789921800000,testA,1,2.52,0.562,3.88,3.7,2.15,1.25,2.07,1.17,0.95,1.05,0,1.27,neutral,alcista,0,0.123,32,11128,7,
s39151,APEUSDT,1789921800000,testA,1,2.52,0.459,3.76,3.55,1.35,1.25,2.24,1.19,1.1,1.2,0,1.27,neutral,alcista,0,0.122,32,11128,5,
s39152,PUMPUSDT,1789922700000,val,1,2.46,0.379,4.31,4.19,2.32,1.41,2.2,0.82,0.96,0.92,0,1.05,neutral,neutral,0,1.234,32,11130,1,
s39153,0GUSDT,1789922700000,val,1,5.64,0.882,6.06,5.88,1.36,4.6,3.2,0.68,0.86,0.96,0,1.05,neutral,alcista,0,0.091,32,11130,6,
s39154,OPUSDT,1789922700000,val,1,4.31,0.439,6.9,6.88,2.44,3.27,3.97,1.27,1.17,1.15,1,1.05,neutral,alcista,0,-0.264,32,11130,2,
s39155,TIAUSDT,1789922700000,val,1,2.83,0.479,3.82,3.65,2.15,1.78,1.97,1.16,1.4,1.35,0,1.05,neutral,alcista,0,0.149,32,11130,6,
s39156,JUPUSDT,1789922700000,val,1,2.77,0.439,4.6,4.42,1.74,1.73,2.34,0.85,0.76,0.94,0,1.05,neutral,alcista,1,2.0,30,11130,8,
s39157,PENDLEUSDT,1789922700000,val,1,2.36,0.4,4.71,3.94,2.45,1.32,1.95,0.87,0.66,0.78,0,1.05,neutral,neutral,0,1.27,32,11130,0,
s39158,ONDOUSDT,1789922700000,val,1,4.09,0.561,6.63,5.72,3.42,3.05,3.2,1.46,1.3,1.47,0,1.05,neutral,alcista,0,0.524,32,11129,8,
s39159,FETUSDT,1789922700000,val,1,4.85,0.615,6.19,5.91,2.84,3.81,3.77,1.72,1.72,1.59,1,1.05,neutral,alcista,0,-0.057,32,11129,8,
s39160,GRTUSDT,1789922700000,testA,1,6.35,0.6,7.13,6.06,1.54,5.31,2.9,3.81,2.53,1.99,1,1.05,neutral,alcista,0,0.756,32,11129,3,
s39161,LDOUSDT,1789922700000,testA,1,3.44,0.479,5.28,4.9,2.09,2.4,2.72,1.3,1.2,1.24,0,1.05,neutral,neutral,0,1.709,32,11129,0,
s39162,SANDUSDT,1789922700000,testA,1,4.8,0.846,5.14,4.75,1.79,3.75,2.6,1.06,1.08,1.39,0,1.05,neutral,alcista,0,-0.134,32,11129,8,
s39163,MANAUSDT,1789922700000,testA,1,3.84,0.733,4.57,4.35,2.03,2.79,2.44,1.02,0.96,1.5,0,1.05,neutral,alcista,0,-0.133,32,11129,5,
s39164,AXSUSDT,1789922700000,testA,1,2.37,0.547,3.91,3.7,2.49,1.32,1.84,1.17,0.95,1.05,0,1.05,neutral,neutral,0,0.08,32,11129,0,
s39165,APEUSDT,1789922700000,testA,1,2.59,0.467,3.75,3.75,1.61,1.55,2.2,1.19,1.1,1.2,0,1.05,neutral,alcista,0,0.077,32,11129,6,
s39166,XPLUSDT,1789923600000,val,1,4.32,0.432,6.85,6.15,1.53,3.48,3.03,1.86,1.3,1.1,1,0.83,neutral,neutral,0,-0.068,32,11131,0,
s39167,0GUSDT,1789923600000,val,1,4.95,0.695,6.11,5.07,1.39,4.11,2.2,0.63,0.82,0.94,0,0.83,neutral,neutral,0,0.221,32,11131,0,
s39168,WLDUSDT,1789923600000,val,1,5.61,0.499,8.68,6.08,3.19,4.78,2.75,2.03,1.54,1.4,1,0.83,neutral,neutral,0,-0.011,32,11131,0,
s39169,OPUSDT,1789923600000,val,1,5.01,0.476,7.77,7.56,2.74,4.18,4.36,1.77,1.44,1.26,1,0.83,neutral,alcista,0,-0.287,32,11131,3,
s39170,TIAUSDT,1789923600000,val,1,2.56,0.418,3.82,3.42,1.66,1.72,1.61,1.26,1.45,1.37,0,0.83,neutral,neutral,0,0.313,32,11131,0,
s39171,SEIUSDT,1789923600000,val,1,7.08,0.663,8.83,7.13,5,6.25,4.63,3.83,2.49,2.11,1,0.83,neutral,neutral,0,1.316,32,11131,0,
s39172,JUPUSDT,1789923600000,val,1,2.89,0.459,5.11,4.46,1.86,2.05,2.28,1.06,0.87,0.95,0,0.83,neutral,alcista,1,2.0,29,11131,8,
s39173,ONDOUSDT,1789923600000,val,1,3.86,0.506,6.7,4.72,2.52,3.02,2.06,1.66,1.45,1.47,0,0.83,neutral,neutral,0,0.761,32,11130,0,
s39174,FETUSDT,1789923600000,val,1,3.9,0.489,6.78,5.43,3.05,3.07,3.04,1.89,1.8,1.65,1,0.83,neutral,neutral,0,0.289,32,11130,0,
s39175,GRTUSDT,1789923600000,testA,1,4.48,0.438,6.95,5.13,1.0,3.65,2.01,4.35,2.69,2.14,1,0.83,neutral,neutral,0,1.109,32,11130,0,
s39176,LDOUSDT,1789923600000,testA,1,4.05,0.555,5.53,5.22,2.17,3.22,2.82,1.53,1.31,1.29,1,0.83,neutral,neutral,0,1.313,32,11130,1,
s39177,SANDUSDT,1789923600000,testA,1,3.69,0.567,5.19,3.85,1.71,2.86,1.59,1.16,1.12,1.37,0,0.83,neutral,neutral,0,0.173,32,11130,0,
s39178,MANAUSDT,1789923600000,testA,1,3.41,0.6,4.6,3.87,1.77,2.57,1.82,1.06,0.97,1.44,0,0.83,neutral,neutral,0,0.05,32,11130,0,
s39179,AXSUSDT,1789923600000,testA,1,2.29,0.518,4.18,3.58,2.07,1.45,1.6,1.29,1.03,1.08,0,0.83,neutral,neutral,0,0.157,32,11130,0,
s39180,XPLUSDT,1789924500000,val,1,4.58,0.462,6.38,4.65,1.53,3.78,1.81,1.86,1.3,1.1,1,0.8,neutral,neutral,0,0.599,32,11132,0,
s39181,0GUSDT,1789924500000,val,1,4.19,0.539,6.06,4.34,1.02,3.39,1.39,0.63,0.82,0.94,0,0.8,neutral,neutral,0,0.292,32,11132,0,
s39182,OPUSDT,1789924500000,val,1,4.94,0.463,7.81,7.09,2.84,4.14,3.5,1.77,1.44,1.26,1,0.8,neutral,neutral,0,-0.35,32,11132,0,
s39183,TIAUSDT,1789924500000,val,1,2.42,0.385,4.1,3.12,1.59,1.62,1.21,1.26,1.45,1.37,0,0.8,neutral,neutral,0,0.198,32,11132,0,
s39184,SEIUSDT,1789924500000,val,1,7.46,0.707,8.82,7.22,5,6.66,4.32,3.83,2.49,2.11,1,0.8,neutral,neutral,0,1.317,32,11132,1,
s39185,PENDLEUSDT,1789924500000,val,1,2.59,0.462,4.75,3.13,2.24,1.79,1.08,0.92,0.69,0.77,0,0.8,neutral,neutral,1,2.0,29,11132,0,
s39186,STXUSDT,1789924500000,testA,1,2.3,0.384,4.27,3.2,1.72,1.5,0.97,1.32,1.71,2.32,0,0.8,neutral,neutral,1,2.0,26,11131,0,
s39187,GRTUSDT,1789924500000,testA,1,5.24,0.527,6.94,5.31,0.68,4.44,1.98,4.35,2.69,2.14,1,0.8,neutral,neutral,0,1.07,32,11131,1,
s39188,LDOUSDT,1789924500000,testA,1,3.97,0.534,5.92,4.71,2.2,3.17,2.05,1.53,1.31,1.29,1,0.8,neutral,neutral,0,1.81,32,11131,0,
s39189,SANDUSDT,1789924500000,testA,1,2.73,0.395,5.22,3.21,1.55,1.93,0.86,1.16,1.12,1.37,0,0.8,neutral,neutral,0,0.333,32,11131,0,
s39190,MANAUSDT,1789924500000,testA,1,2.9,0.468,4.63,3.25,1.47,2.1,1.04,1.06,0.97,1.44,0,0.8,neutral,neutral,0,0.138,32,11131,0,
s39191,APEUSDT,1789924500000,testA,1,2.16,0.358,3.8,2.63,1.37,1.36,0.85,1.27,1.14,1.2,0,0.8,neutral,neutral,0,0.417,32,11131,0,
s39192,XPLUSDT,1789925400000,val,1,4.47,0.458,6.3,5.05,1.47,3.45,2.03,1.86,1.3,1.1,1,1.02,neutral,neutral,0,0.967,32,11133,1,
s39193,PUMPUSDT,1789925400000,val,1,3.78,0.503,4.75,4.05,1.49,2.76,1.74,0.9,1.0,0.92,0,1.02,neutral,alcista,0,0.728,32,11133,2,
s39194,0GUSDT,1789925400000,val,1,4.95,0.58,5.7,4.71,0.79,3.92,1.86,0.63,0.82,0.94,0,1.02,neutral,neutral,0,0.152,32,11133,1,
s39195,WLDUSDT,1789925400000,val,1,5.48,0.414,8.39,5.44,1.8,4.46,1.97,2.03,1.54,1.4,1,1.02,neutral,neutral,0,-0.038,32,11133,1,
s39196,TIAUSDT,1789925400000,val,1,3.93,0.514,4.84,4.46,1.23,2.91,2.35,1.26,1.45,1.37,0,1.02,neutral,neutral,0,-0.084,32,11133,1,
s39197,SEIUSDT,1789925400000,val,1,8.26,0.728,8.65,7.83,5,7.24,4.6,3.83,2.49,2.11,1,1.02,neutral,alcista,0,1.11,32,11133,2,
s39198,JUPUSDT,1789925400000,val,1,4.55,0.57,5.42,5.21,1.61,3.53,2.57,1.06,0.87,0.95,0,1.02,neutral,neutral,1,2.0,28,11133,1,
s39199,PENDLEUSDT,1789925400000,val,1,2.88,0.507,4.74,3.3,1.13,1.86,1.04,0.92,0.69,0.77,0,1.02,neutral,neutral,1,2.0,28,11133,1,
s39200,ONDOUSDT,1789925400000,val,1,4.27,0.46,6.57,4.38,1.85,3.25,1.48,1.66,1.45,1.47,0,1.02,neutral,neutral,0,0.559,32,11132,1,
s39201,FETUSDT,1789925400000,val,1,4.56,0.481,6.77,5.59,1.91,3.54,2.58,1.89,1.8,1.65,1,1.02,neutral,neutral,0,0.04,32,11132,1,
s39202,STXUSDT,1789925400000,testA,1,3.55,0.589,4.25,3.77,1.08,2.53,1.41,1.32,1.71,2.32,0,1.02,neutral,neutral,1,2.0,26,11132,1,
s39203,GRTUSDT,1789925400000,testA,1,6.66,0.586,6.94,6.48,0.64,5.64,2.98,4.35,2.69,2.14,1,1.02,neutral,alcista,0,0.525,32,11132,2,
s39204,LDOUSDT,1789925400000,testA,1,4.89,0.614,5.88,5.35,1.43,3.86,2.41,1.53,1.31,1.29,1,1.02,neutral,neutral,0,1.103,32,11132,1,
s39205,SANDUSDT,1789925400000,testA,1,3.41,0.477,5.13,3.54,0.86,2.38,1.14,1.16,1.12,1.37,0,1.02,neutral,neutral,0,0.035,32,11132,1,
s39206,MANAUSDT,1789925400000,testA,1,3.59,0.54,4.59,3.77,0.89,2.57,1.4,1.06,0.97,1.44,0,1.02,neutral,neutral,0,-0.013,32,11132,1,
s39207,AXSUSDT,1789925400000,testA,1,2.97,0.575,4.18,3.72,1.03,1.95,1.47,1.29,1.03,1.08,0,1.02,neutral,neutral,0,0.037,32,11132,1,
s39208,APEUSDT,1789925400000,testA,1,2.75,0.416,3.76,3.55,1.3,1.73,1.62,1.27,1.14,1.2,0,1.02,neutral,neutral,0,0.02,32,11132,1,
s39209,PUMPUSDT,1789926300000,val,1,3.11,0.385,4.77,3.47,1.25,2.38,1.03,0.9,1.0,0.92,0,0.72,neutral,neutral,0,0.66,32,11134,0,
s39210,0GUSDT,1789926300000,val,1,4.83,0.575,5.55,4.92,0.6,4.11,2.03,0.63,0.82,0.94,0,0.72,neutral,alcista,0,-0.364,32,11134,2,
s39211,TIAUSDT,1789926300000,val,1,3.57,0.445,4.86,4.01,1.13,2.85,1.69,1.26,1.45,1.37,0,0.72,neutral,neutral,0,-0.382,32,11134,0,
s39212,SEIUSDT,1789926300000,val,1,8.07,0.709,8.5,7.58,2.32,7.34,4.09,3.83,2.49,2.11,1,0.72,neutral,neutral,0,0.904,32,11134,0,
s39213,JUPUSDT,1789926300000,val,1,4.52,0.563,5.44,4.97,1.75,3.8,2.1,1.06,0.87,0.95,0,0.72,neutral,neutral,1,2.0,27,11134,0,
s39214,PENDLEUSDT,1789926300000,val,1,2.54,0.447,4.75,3.13,0.79,1.82,0.77,0.92,0.69,0.77,0,0.72,neutral,neutral,1,2.0,27,11134,0,
s39215,ONDOUSDT,1789926300000,val,1,3.53,0.358,6.33,3.48,1.39,2.81,0.86,1.66,1.45,1.47,0,0.72,neutral,neutral,0,0.136,32,11133,0,
s39216,FETUSDT,1789926300000,val,1,3.92,0.387,6.82,4.9,1.17,3.2,1.6,1.89,1.8,1.65,1,0.72,neutral,neutral,0,-0.299,32,11133,0,
s39217,STXUSDT,1789926300000,testA,1,2.29,0.425,3.63,2.84,0.98,1.57,1.12,1.32,1.71,2.32,0,0.72,neutral,neutral,1,2.0,24,11133,0,
s39218,GRTUSDT,1789926300000,testA,1,6.24,0.571,7.3,6.29,0.65,5.52,2.59,4.35,2.69,2.14,1,0.72,neutral,neutral,0,0.241,32,11133,0,
s39219,LDOUSDT,1789926300000,testA,1,4.92,0.619,5.9,5.15,1.57,4.2,2.01,1.53,1.31,1.29,1,0.72,neutral,neutral,0,0.794,32,11133,0,
s39220,SANDUSDT,1789926300000,testA,1,3.31,0.456,5.06,3.3,0.99,2.58,0.85,1.16,1.12,1.37,0,0.72,neutral,neutral,0,-0.256,32,11133,0,
s39221,MANAUSDT,1789926300000,testA,1,3.65,0.552,4.57,3.6,0.72,2.92,1.14,1.06,0.97,1.44,0,0.72,neutral,neutral,0,-0.379,32,11133,0,
s39222,AXSUSDT,1789926300000,testA,1,2.47,0.436,4.2,3.24,0.88,1.75,0.88,1.29,1.03,1.08,0,0.72,neutral,neutral,0,-0.193,32,11133,0,
s39223,APEUSDT,1789926300000,testA,1,2.69,0.4,3.78,3.12,1.01,1.96,1.06,1.27,1.14,1.2,0,0.72,neutral,neutral,0,-0.326,32,11133,0,
s39224,PUMPUSDT,1789927200000,val,1,3.54,0.436,4.76,3.68,1.04,2.89,1.19,0.85,0.97,0.92,0,0.65,neutral,neutral,0,0.673,32,11135,1,
s39225,0GUSDT,1789927200000,val,1,4.74,0.558,5.56,4.66,0.41,4.1,1.58,0.66,0.83,0.94,0,0.65,neutral,neutral,0,-0.394,32,11135,0,
s39226,TIAUSDT,1789927200000,val,1,3.06,0.358,4.9,3.28,1.26,2.42,0.85,1.2,1.48,1.38,0,0.65,neutral,neutral,0,-0.036,32,11135,0,
s39227,JUPUSDT,1789927200000,val,1,4.3,0.52,5.45,4.66,1.27,3.66,1.64,1.07,0.86,0.94,0,0.65,neutral,neutral,1,2.0,25,11135,0,
s39228,PENDLEUSDT,1789927200000,val,1,3.37,0.534,4.71,3.82,0.62,2.73,1.5,0.89,0.69,0.76,0,0.65,neutral,neutral,0,0.532,32,11135,1,
s39229,ONDOUSDT,1789927200000,val,1,3.43,0.352,6.32,3.62,0.99,2.78,0.93,1.71,1.48,1.46,1,0.65,neutral,neutral,0,0.229,32,11134,1,
s39230,FETUSDT,1789927200000,val,1,4.24,0.429,6.83,4.74,0.63,3.59,1.29,2.08,1.91,1.68,1,0.65,neutral,neutral,0,-0.119,32,11134,0,
s39231,STXUSDT,1789927200000,testA,1,2.78,0.473,3.61,3.3,0.66,2.13,1.52,1.36,1.46,2.22,0,0.65,neutral,neutral,1,2.0,24,11134,1,
s39232,GRTUSDT,1789927200000,testA,1,5.71,0.498,7.34,5.73,0.57,5.07,1.86,4.9,2.92,2.3,1,0.65,neutral,neutral,0,0.476,32,11134,0,
s39233,LDOUSDT,1789927200000,testA,1,5.75,0.707,6.28,5.58,1.41,5.1,2.29,1.73,1.42,1.35,1,0.65,neutral,neutral,0,0.708,32,11134,1,
s39234,SANDUSDT,1789927200000,testA,1,2.91,0.41,5.07,3.18,0.8,2.27,0.62,1.12,1.1,1.36,0,0.65,neutral,neutral,0,-0.18,32,11134,0,
s39235,MANAUSDT,1789927200000,testA,1,2.98,0.462,4.5,3.27,0.52,2.34,0.82,1.06,0.95,1.43,0,0.65,neutral,neutral,0,-0.33,32,11134,0,
s39236,AXSUSDT,1789927200000,testA,1,2.5,0.444,4.2,3.21,0.45,1.86,0.79,1.31,1.05,1.09,0,0.65,neutral,neutral,0,-0.046,32,11134,0,
s39237,APEUSDT,1789927200000,testA,1,2.69,0.4,3.78,2.98,0.79,2.05,0.93,1.21,1.13,1.18,0,0.65,neutral,neutral,0,-0.171,32,11134,0,
s39238,PUMPUSDT,1789928100000,val,1,3.35,0.423,4.34,3.53,0.99,2.44,1.42,0.85,0.97,0.92,0,0.91,neutral,alcista,0,0.81,32,11136,2,
s39239,0GUSDT,1789928100000,val,1,4.57,0.551,4.82,4.42,0.3,3.66,1.88,0.66,0.83,0.94,0,0.91,neutral,neutral,0,-0.566,32,11136,1,
s39240,TIAUSDT,1789928100000,val,1,3.59,0.412,4.88,3.58,0.94,2.68,1.06,1.2,1.48,1.38,0,0.91,neutral,neutral,0,-0.02,32,11136,1,
s39241,SEIUSDT,1789928100000,val,1,7.74,0.596,8.59,7.26,0.69,6.83,3.14,3.96,2.69,2.22,1,0.91,neutral,neutral,0,1.141,32,11136,0,
s39242,JUPUSDT,1789928100000,val,1,5.14,0.598,5.42,5.14,0.99,4.23,2.04,1.07,0.86,0.94,0,0.91,neutral,neutral,1,2.0,25,11136,1,
s39243,PENDLEUSDT,1789928100000,val,1,3.37,0.533,4.72,3.79,0.55,2.46,1.34,0.89,0.69,0.76,0,0.91,neutral,alcista,0,0.683,32,11136,2,
s39244,ONDOUSDT,1789928100000,val,1,3.65,0.366,6.07,3.59,0.84,2.74,1.1,1.71,1.48,1.46,1,0.91,neutral,alcista,0,0.237,32,11135,2,
s39245,FETUSDT,1789928100000,val,1,4.42,0.455,6.43,4.35,0.47,3.51,1.23,2.08,1.91,1.68,1,0.91,neutral,neutral,0,-0.039,32,11135,0,
s39246,STXUSDT,1789928100000,testA,1,3.43,0.552,3.94,3.66,1.09,2.52,1.89,1.36,1.46,2.22,0,0.91,neutral,alcista,0,0.333,32,11135,2,
s39247,GRTUSDT,1789928100000,testA,1,7.2,0.576,7.21,6.76,0.53,6.28,2.74,4.9,2.92,2.3,1,0.91,neutral,neutral,0,0.345,32,11135,1,
s39248,LDOUSDT,1789928100000,testA,1,5.02,0.624,5.91,4.9,1.44,4.11,1.81,1.73,1.42,1.35,1,0.91,neutral,neutral,0,0.863,32,11135,0,
s39249,SANDUSDT,1789928100000,testA,1,3.17,0.437,4.88,3.2,0.81,2.26,0.78,1.12,1.1,1.36,0,0.91,neutral,neutral,0,-0.264,32,11135,1,
s39250,MANAUSDT,1789928100000,testA,1,3.41,0.503,4.14,3.29,0.41,2.5,1.09,1.06,0.95,1.43,0,0.91,neutral,neutral,0,-0.349,32,11135,1,
s39251,AXSUSDT,1789928100000,testA,1,3.04,0.521,3.72,3.08,0.41,2.13,1.07,1.31,1.05,1.09,0,0.91,neutral,neutral,0,-0.132,32,11135,1,
s39252,APEUSDT,1789928100000,testA,1,3.22,0.462,3.63,3.19,0.68,2.31,1.12,1.21,1.13,1.18,0,0.91,neutral,neutral,0,-0.205,32,11135,1,
s39253,PUMPUSDT,1789929000000,val,1,3.27,0.418,4.2,3.38,0.64,2.55,1.27,0.85,0.97,0.92,0,0.72,neutral,neutral,0,0.73,32,11137,0,
s39254,0GUSDT,1789929000000,val,1,3.67,0.441,4.71,3.85,0.6,2.95,1.23,0.66,0.83,0.94,0,0.72,neutral,neutral,0,-0.779,32,11137,0,
s39255,ARBUSDT,1789929000000,val,1,5.8,0.377,8.86,6.67,0.48,5.08,0.7,1.49,1.14,1.08,1,0.72,neutral,neutral,0,0.451,32,11137,0,
s39256,SEIUSDT,1789929000000,val,1,6.16,0.441,8.54,5.98,0.65,5.44,1.71,3.96,2.69,2.22,1,0.72,neutral,neutral,0,1.435,32,11137,0,
s39257,JUPUSDT,1789929000000,val,1,4.34,0.483,5.46,4.59,0.74,3.62,1.35,1.07,0.86,0.94,0,0.72,neutral,neutral,1,2.0,23,11137,0,
s39258,PENDLEUSDT,1789929000000,val,1,3.39,0.535,4.73,3.49,0.59,2.67,0.91,0.89,0.69,0.76,0,0.72,neutral,neutral,0,0.572,32,11137,0,
s39259,STXUSDT,1789929000000,testA,1,2.91,0.433,3.96,3.11,1.07,2.19,1.07,1.36,1.46,2.22,0,0.72,neutral,neutral,1,2.0,22,11136,0,
s39260,GRTUSDT,1789929000000,testA,1,7.86,0.6,7.74,7.47,0.53,7.14,3.76,4.9,2.92,2.3,1,0.72,neutral,alcista,0,0.217,32,11136,2,
s39261,LDOUSDT,1789929000000,testA,1,4.12,0.503,5.89,4.37,1.45,3.4,1.2,1.73,1.42,1.35,1,0.72,neutral,neutral,1,2.0,25,11136,0,
s39262,SANDUSDT,1789929000000,testA,1,2.82,0.41,4.28,2.84,0.8,2.1,0.94,1.12,1.1,1.36,0,0.72,neutral,alcista,0,-0.391,32,11136,2,
s39263,MANAUSDT,1789929000000,testA,1,2.93,0.466,3.8,2.95,0.43,2.21,1.01,1.06,0.95,1.43,0,0.72,neutral,neutral,0,-0.344,32,11136,0,
s39264,AXSUSDT,1789929000000,testA,1,2.23,0.361,3.61,2.4,0.67,1.51,0.45,1.31,1.05,1.09,0,0.72,neutral,neutral,0,0.058,32,11136,0,
s39265,APEUSDT,1789929000000,testA,1,2.91,0.419,3.49,2.9,0.51,2.19,0.93,1.21,1.13,1.18,0,0.72,neutral,neutral,0,-0.2,32,11136,0,
s39266,PUMPUSDT,1789929900000,val,1,2.82,0.363,3.75,2.74,0.54,2.38,1.0,0.85,0.97,0.92,0,0.44,neutral,neutral,1,2.0,23,11138,0,
s39267,SEIUSDT,1789929900000,val,1,5.89,0.413,8.51,5.56,0.63,5.45,1.19,3.96,2.69,2.22,1,0.44,neutral,neutral,1,2.0,26,11138,0,
s39268,JUPUSDT,1789929900000,val,1,4.28,0.471,5.3,4.07,0.49,3.85,0.9,1.07,0.86,0.94,0,0.44,neutral,neutral,1,2.0,21,11138,0,
s39269,PENDLEUSDT,1789929900000,val,1,2.9,0.475,4.16,2.79,0.64,2.46,0.71,0.89,0.69,0.76,0,0.44,neutral,neutral,1,2.0,22,11138,0,
s39270,STXUSDT,1789929900000,testA,1,2.92,0.433,3.97,2.9,1.02,2.48,0.76,1.36,1.46,2.22,0,0.44,neutral,neutral,1,2.0,20,11137,0,
s39271,GRTUSDT,1789929900000,testA,1,7.18,0.521,8.06,6.75,0.59,6.75,2.82,4.9,2.92,2.3,1,0.44,neutral,neutral,0,0.376,32,11137,0,
s39272,LDOUSDT,1789929900000,testA,1,4.82,0.595,5.83,4.58,1.22,4.39,1.37,1.73,1.42,1.35,1,0.44,neutral,neutral,0,0.858,32,11137,1,
s39273,PUMPUSDT,1789930800000,val,1,3.11,0.387,3.64,3.09,0.47,2.7,1.26,0.87,1.0,0.93,0,0.41,neutral,neutral,0,1.039,32,11139,1,
s39274,SEIUSDT,1789930800000,val,1,5.65,0.405,8.17,5.49,0.59,5.24,1.3,4.15,2.82,2.22,1,0.41,neutral,neutral,1,2.0,25,11139,1,
s39275,JUPUSDT,1789930800000,val,1,3.8,0.443,4.56,3.66,0.44,3.39,1.15,1.09,0.87,0.94,0,0.41,neutral,neutral,1,2.0,18,11139,1,
s39276,PENDLEUSDT,1789930800000,val,1,2.42,0.432,4.02,2.79,0.58,2.02,0.78,0.8,0.69,0.73,0,0.41,neutral,neutral,1,2.0,21,11139,1,
s39277,STXUSDT,1789930800000,testA,1,2.68,0.413,3.96,3.08,0.96,2.27,0.88,1.19,1.32,2.09,0,0.41,neutral,neutral,1,2.0,20,11138,1,
s39278,GRTUSDT,1789930800000,testA,1,6.41,0.496,6.7,6.07,0.64,6.01,3.2,5.38,3.16,2.38,1,0.41,neutral,neutral,0,0.296,32,11138,1,
s39279,LDOUSDT,1789930800000,testA,1,4.9,0.6,5.29,4.64,0.68,4.49,1.74,1.82,1.47,1.34,1,0.41,neutral,alcista,0,0.644,32,11138,2,
s39280,PUMPUSDT,1789931700000,val,1,3.23,0.398,3.63,3.18,0.48,2.66,1.22,0.87,1.0,0.93,0,0.57,neutral,alcista,0,1.353,32,11140,2,
s39281,SEIUSDT,1789931700000,val,1,5.38,0.378,8.16,5.09,0.45,4.81,0.79,4.15,2.82,2.22,1,0.57,neutral,neutral,1,2.0,20,11140,0,
s39282,JUPUSDT,1789931700000,val,1,3.04,0.36,4.25,3.03,0.53,2.47,0.72,1.09,0.87,0.94,0,0.57,neutral,neutral,1,2.0,17,11140,0,
s39283,STXUSDT,1789931700000,testA,1,2.59,0.392,3.97,2.78,0.36,2.02,0.52,1.19,1.32,2.09,0,0.57,neutral,neutral,1,2.0,18,11139,0,
s39284,LDOUSDT,1789931700000,testA,1,4.14,0.561,4.74,4.16,0.48,3.56,1.59,1.82,1.47,1.34,1,0.57,neutral,alcista,0,0.816,32,11139,3,
s39285,PUMPUSDT,1789932600000,val,1,3.69,0.431,4.06,3.68,0.53,3.21,1.77,0.87,1.0,0.93,0,0.48,neutral,alcista,0,0.865,32,11141,3,
s39286,SEIUSDT,1789932600000,val,1,5.85,0.399,7.62,5.65,0.41,5.37,1.71,4.15,2.82,2.22,1,0.48,neutral,neutral,0,1.497,32,11141,1,
s39287,JUPUSDT,1789932600000,val,1,3.67,0.404,3.97,3.54,0.51,3.18,1.41,1.09,0.87,0.94,0,0.48,neutral,neutral,1,2.0,16,11141,1,
s39288,PENDLEUSDT,1789932600000,val,1,2.36,0.412,4.0,3.12,0.42,1.88,0.95,0.8,0.69,0.73,0,0.48,neutral,neutral,1,2.0,32,11141,1,
s39289,LDOUSDT,1789932600000,testA,1,4.68,0.591,5.25,4.56,0.67,4.19,2.11,1.82,1.47,1.34,1,0.48,neutral,alcista,0,0.609,32,11140,4,
s39290,PUMPUSDT,1789933500000,val,1,3.41,0.414,4.91,3.99,0.76,3.08,2.14,0.87,1.0,0.93,0,0.34,neutral,alcista,0,0.964,32,11142,4,
s39291,SEIUSDT,1789933500000,val,1,6.18,0.413,7.23,6.02,0.36,5.84,2.17,4.15,2.82,2.22,1,0.34,neutral,alcista,0,1.264,32,11142,2,
s39292,JUPUSDT,1789933500000,val,1,3.12,0.368,4.05,3.63,0.58,2.78,1.63,1.09,0.87,0.94,0,0.34,neutral,alcista,1,2.0,17,11142,2,
s39293,PENDLEUSDT,1789933500000,val,1,2.22,0.377,4.01,2.97,0.31,1.88,0.63,0.8,0.69,0.73,0,0.34,neutral,neutral,1,2.0,19,11142,0,
s39294,LDOUSDT,1789933500000,testA,1,3.59,0.463,4.92,3.77,0.62,3.25,1.42,1.82,1.47,1.34,1,0.34,neutral,neutral,1,2.0,20,11141,0,
s39295,PUMPUSDT,1789934400000,val,1,5.11,0.516,6.43,5.74,2.01,5.12,4.06,1.19,1.16,1.0,1,-0.01,neutral,alcista,0,0.064,32,11143,5,
s39296,INJUSDT,1789934400000,val,-1,-4.59,0.496,6.52,6.21,0.38,-4.58,1.2,1.83,1.56,2.22,0,-0.01,neutral,neutral,0,0.221,32,11143,1,
s39297,SEIUSDT,1789934400000,val,1,7.5,0.462,7.3,7.05,0.51,7.5,3.58,5.13,3.3,2.35,1,-0.01,neutral,alcista,0,0.967,32,11143,3,
s39298,STXUSDT,1789934400000,testA,1,2.51,0.39,3.14,2.54,0.24,2.52,0.9,1.35,1.36,2.12,0,-0.01,neutral,alcista,1,2.0,15,11142,3,
s39299,GRTUSDT,1789934400000,testA,1,4.76,0.411,5.84,4.9,0.79,4.77,2.47,5.62,3.34,2.47,1,-0.01,neutral,neutral,0,0.018,32,11142,0,
s39300,LDOUSDT,1789934400000,testA,1,2.75,0.4,3.94,2.86,0.61,2.75,1.24,1.79,1.43,1.35,1,-0.01,neutral,neutral,1,2.0,19,11142,1,
s39301,PUMPUSDT,1789935300000,val,1,3.74,0.358,6.49,4.86,2.35,3.74,2.75,1.19,1.16,1.0,1,0.0,neutral,neutral,0,0.483,32,11144,0,
s39302,INJUSDT,1789935300000,val,-1,-5.93,0.723,7.25,6.46,0.55,-5.93,1.45,1.83,1.56,2.22,0,0.0,neutral,bajista,0,0.165,32,11144,2,
s39303,SEIUSDT,1789935300000,val,1,8.55,0.496,8.06,7.87,0.77,8.54,4.58,5.13,3.3,2.35,1,0.0,neutral,alcista,0,0.752,32,11144,4,
s39304,STXUSDT,1789935300000,testA,1,2.84,0.422,3.23,2.86,0.39,2.84,1.64,1.35,1.36,2.12,0,0.0,neutral,alcista,1,2.0,15,11143,4,
s39305,LDOUSDT,1789935300000,testA,1,2.81,0.406,3.37,2.75,0.69,2.8,1.51,1.79,1.43,1.35,1,0.0,neutral,alcista,1,2.0,18,11143,2,
s39306,PUMPUSDT,1789936200000,val,1,4.42,0.435,5.92,4.44,2.6,4.71,2.49,1.19,1.16,1.0,1,-0.29,neutral,neutral,0,1.031,32,11145,1,
s39307,INJUSDT,1789936200000,val,-1,-4.16,0.642,5.15,4.65,0.45,-3.87,1.68,1.83,1.56,2.22,0,-0.29,neutral,bajista,0,0.05,32,11145,3,
s39308,SEIUSDT,1789936200000,val,1,7.18,0.456,7.52,6.87,1.01,7.48,4.24,5.13,3.3,2.35,1,-0.29,neutral,alcista,0,1.281,32,11145,5,
s39309,INJUSDT,1789937100000,val,-1,-2.56,0.442,3.66,2.72,0.77,-2.26,1.35,1.83,1.56,2.22,0,-0.3,neutral,neutral,0,0.324,32,11146,0,
s39310,STXUSDT,1789937100000,testA,1,2.77,0.389,5.55,3.43,2.16,3.08,2.58,1.35,1.36,2.12,0,-0.3,neutral,neutral,0,-0.437,32,11145,1,
s39311,XPLUSDT,1789938000000,val,-1,-3.2,0.384,3.99,3.47,0.75,-2.63,1.08,1.05,1.29,1.13,0,-0.57,neutral,bajista,0,-1.0,15,11147,2,
s39312,SEIUSDT,1789938000000,val,1,4.11,0.357,6.47,5.42,1.42,4.68,3.12,5.9,3.75,2.52,1,-0.57,neutral,neutral,0,1.08,32,11147,0,
s39313,SEIUSDT,1789938900000,val,1,4.46,0.377,6.44,5.83,1.37,4.79,3.03,5.9,3.75,2.52,1,-0.33,neutral,neutral,0,1.162,32,11148,1,
s39314,STXUSDT,1789938900000,testA,1,2.78,0.373,5.57,2.96,3.27,3.12,1.48,1.46,1.36,2.17,0,-0.33,neutral,neutral,0,-0.271,32,11147,1,
s39315,OPUSDT,1789939800000,val,-1,-6.07,0.565,7.45,6.46,0.56,-5.34,1.46,2.0,1.58,1.31,1,-0.74,neutral,neutral,0,-0.162,32,11149,1,
s39316,INJUSDT,1789939800000,val,-1,-2.8,0.609,3.36,2.93,1.32,-2.07,1.29,1.55,1.5,2.15,0,-0.74,neutral,neutral,0,-0.191,32,11149,1,
s39317,SEIUSDT,1789939800000,val,1,4.05,0.356,7.98,6.19,1.32,4.79,2.55,5.9,3.75,2.52,1,-0.74,neutral,alcista,0,1.243,32,11149,2,
s39318,OPUSDT,1789940700000,val,-1,-3.81,0.361,6.2,4.17,0.65,-3.54,0.48,2.0,1.58,1.31,1,-0.27,neutral,neutral,0,-0.072,32,11150,0,
s39319,SEIUSDT,1789940700000,val,1,5.17,0.42,7.9,7.1,1.47,5.44,3.37,5.9,3.75,2.52,1,-0.27,neutral,alcista,0,0.848,32,11150,3,
s39320,PENDLEUSDT,1789940700000,val,1,3.03,0.436,3.81,3.39,2.18,3.3,2.03,0.89,0.79,0.73,1,-0.27,neutral,alcista,0,-0.408,32,11150,3,
s39321,STXUSDT,1789940700000,testA,1,2.78,0.404,5.25,2.92,1.15,3.05,1.41,1.46,1.36,2.17,0,-0.27,neutral,alcista,0,-0.474,32,11149,3,
s39322,ARBUSDT,1789941600000,val,1,4.58,0.375,5.16,4.63,1.57,4.35,2.32,0.86,1.12,1.15,0,0.23,neutral,alcista,0,-0.343,32,11151,2,
s39323,SEIUSDT,1789941600000,val,1,4.98,0.413,8.45,7.61,1.26,4.75,3.54,4.97,3.88,2.63,1,0.23,neutral,alcista,0,0.822,32,11151,4,
s39324,PENDLEUSDT,1789941600000,val,1,4.03,0.509,5.14,5.0,2.75,3.8,3.45,0.8,0.84,0.76,0,0.23,neutral,alcista,0,-0.52,32,11151,4,
s39325,STXUSDT,1789941600000,testA,1,4.46,0.522,5.14,4.93,0.92,4.23,3.26,1.39,1.34,2.21,0,0.23,neutral,alcista,0,-0.659,32,11150,4,
s39326,ARBUSDT,1789942500000,val,1,5.65,0.43,7.21,7.18,2.19,5.78,5.0,0.86,1.12,1.15,0,-0.13,neutral,alcista,0,-0.552,32,11152,3,
s39327,SEIUSDT,1789942500000,val,1,5.36,0.453,8.49,7.11,1.32,5.49,2.59,4.97,3.88,2.63,1,-0.13,neutral,neutral,0,1.013,32,11152,0,
s39328,PENDLEUSDT,1789942500000,val,1,3.75,0.458,5.25,4.72,2.98,3.88,2.82,0.8,0.84,0.76,0,-0.13,neutral,neutral,0,-0.311,32,11152,0,
s39329,LDOUSDT,1789942500000,testA,1,3.17,0.437,4.42,4.38,0.97,3.3,2.13,1.74,1.54,1.47,1,-0.13,neutral,alcista,0,0.378,32,11151,5,
s39330,ARBUSDT,1789943400000,val,1,6.27,0.493,7.5,6.71,2.57,6.4,3.93,0.86,1.12,1.15,0,-0.13,neutral,neutral,0,-0.69,32,11153,0,
s39331,SEIUSDT,1789943400000,val,1,6.36,0.576,8.52,6.87,0.97,6.48,2.11,4.97,3.88,2.63,1,-0.13,neutral,neutral,0,1.09,32,11153,0,
s39332,JUPUSDT,1789943400000,val,1,3.7,0.442,5.75,4.26,2.92,3.83,2.19,1.35,1.1,1.07,1,-0.13,neutral,alcista,1,2.0,10,11153,6,
s39333,PENDLEUSDT,1789943400000,val,1,4.02,0.506,5.25,4.67,2.17,4.15,2.52,0.8,0.84,0.76,0,-0.13,neutral,neutral,0,-0.453,32,11153,0,
s39334,ONDOUSDT,1789943400000,val,1,3.78,0.379,5.5,4.81,1.13,3.91,2.14,1.67,1.59,1.51,1,-0.13,neutral,alcista,0,-0.333,32,11152,4,
s39335,SEIUSDT,1789944300000,val,1,6.16,0.545,8.51,6.29,0.7,5.93,1.29,4.97,3.88,2.63,1,0.23,neutral,neutral,0,0.985,32,11154,0,
s39336,JUPUSDT,1789944300000,val,1,4.11,0.509,5.74,4.29,3.21,3.88,2.05,1.35,1.1,1.07,1,0.23,neutral,alcista,1,2.0,9,11154,7,
s39337,PENDLEUSDT,1789944300000,val,1,3.88,0.479,5.26,4.42,1.79,3.66,1.93,0.8,0.84,0.76,0,0.23,neutral,neutral,0,-0.322,32,11154,0,
s39338,ONDOUSDT,1789944300000,val,1,3.83,0.383,5.05,3.73,1.21,3.6,1.35,1.67,1.59,1.51,1,0.23,neutral,neutral,0,-0.086,32,11153,0,
s39339,SEIUSDT,1789945200000,val,1,5.23,0.448,8.56,5.71,0.57,5.15,0.72,3.95,4.02,2.73,0,0.08,neutral,neutral,0,1.172,32,11155,0,
s39340,JUPUSDT,1789945200000,val,1,4.31,0.522,5.71,4.78,3.41,4.23,2.26,1.58,1.33,1.19,1,0.08,neutral,alcista,1,2.0,9,11155,8,
s39341,SEIUSDT,1789946100000,val,1,6.47,0.531,8.12,6.07,0.56,6.43,1.53,3.95,4.02,2.73,0,0.04,neutral,neutral,0,0.907,32,11156,1,
s39342,JUPUSDT,1789946100000,val,1,5.48,0.623,5.57,5.23,2.98,5.44,2.84,1.58,1.33,1.19,1,0.04,neutral,alcista,0,0.575,32,11156,8,
s39343,SEIUSDT,1789947000000,val,1,6.0,0.515,7.08,5.68,0.51,5.96,2.01,3.95,4.02,2.73,0,0.05,neutral,alcista,0,1.085,32,11157,2,
s39344,JUPUSDT,1789947000000,val,1,6.36,0.659,7.39,6.59,2.26,6.32,4.13,1.58,1.33,1.19,1,0.05,neutral,alcista,0,0.148,32,11157,8,
s39345,STXUSDT,1789947000000,testA,1,4.38,0.389,4.8,4.2,0.72,4.33,2.15,1.52,1.43,2.24,0,0.05,neutral,neutral,0,-1.0,31,11156,1,
s39346,SEIUSDT,1789947900000,val,1,4.55,0.396,6.52,4.48,0.53,4.55,1.2,3.95,4.02,2.73,0,-0.0,neutral,neutral,1,2.0,27,11158,0,
s39347,JUPUSDT,1789947900000,val,1,6.37,0.661,7.36,7.05,2.04,6.37,4.15,1.58,1.33,1.19,1,-0.0,neutral,alcista,0,0.147,32,11158,8,
s39348,STXUSDT,1789947900000,testA,1,5.67,0.452,5.57,5.36,1.29,5.67,3.13,1.52,1.43,2.24,0,-0.0,neutral,alcista,0,-1.0,30,11157,2,
s39349,0GUSDT,1789948800000,val,1,2.02,0.405,2.65,2.56,1.33,1.37,1.1,0.49,0.58,0.83,0,0.65,neutral,neutral,0,-1.0,7,11159,1,
s39350,SUIUSDT,1789948800000,val,1,3.84,0.351,5.3,5.24,1.25,3.19,3.08,2.02,2.82,2.24,0,0.65,neutral,alcista,0,0.888,32,11159,4,
s39351,SEIUSDT,1789948800000,val,1,4.24,0.383,5.71,4.66,0.85,3.59,2.45,4.34,4.38,3.0,0,0.65,neutral,neutral,0,0.964,32,11159,1,
s39352,JUPUSDT,1789948800000,val,1,7.15,0.752,7.94,7.3,2.42,6.49,4.03,2.42,1.76,1.4,1,0.65,neutral,alcista,0,0.119,32,11159,8,
s39353,PENDLEUSDT,1789948800000,val,1,4.48,0.421,5.39,5.15,0.77,3.82,2.06,0.95,0.92,0.82,1,0.65,neutral,neutral,0,-0.434,32,11159,1,
s39354,ARUSDT,1789948800000,testA,1,4.99,0.402,5.7,5.15,1.2,4.33,3.39,1.12,2.48,2.0,0,0.65,neutral,alcista,0,-1.0,10,11158,3,
s39355,STXUSDT,1789948800000,testA,1,5.64,0.452,7.12,5.55,1.79,4.99,3.2,1.77,1.58,2.28,0,0.65,neutral,alcista,0,-1.0,29,11158,3,
s39356,SUIUSDT,1789949700000,val,1,6.69,0.489,7.92,7.71,2.2,5.99,5.2,2.02,2.82,2.24,0,0.69,neutral,alcista,0,0.378,32,11160,5,
s39357,SEIUSDT,1789949700000,val,1,4.0,0.373,5.86,4.89,1.18,3.31,3.28,4.34,4.38,3.0,0,0.69,neutral,alcista,0,0.854,32,11160,2,
s39358,PENDLEUSDT,1789949700000,val,1,5.5,0.473,6.29,6.28,0.97,4.81,2.91,0.95,0.92,0.82,1,0.69,neutral,alcista,0,-0.436,32,11160,2,
s39359,SUIUSDT,1789950600000,val,1,5.36,0.386,8.44,7.03,2.76,4.66,3.96,2.02,2.82,2.24,0,0.7,neutral,neutral,0,0.649,32,11161,0,
s39360,PENDLEUSDT,1789950600000,val,1,4.68,0.419,6.87,6.11,1.14,3.99,2.47,0.95,0.92,0.82,1,0.7,neutral,neutral,0,-0.362,32,11161,0,
s39361,PUMPUSDT,1789951500000,val,1,3.61,0.399,5.4,4.42,2.54,2.97,2.29,1.15,1.01,1.09,0,0.65,neutral,neutral,0,0.294,32,11162,0,
s39362,PENDLEUSDT,1789951500000,val,1,4.96,0.453,6.88,6.0,1.33,4.32,2.14,0.95,0.92,0.82,1,0.65,neutral,neutral,0,-0.268,32,11162,0,
s39363,LDOUSDT,1789951500000,testA,1,6.7,0.491,7.95,7.59,3.81,6.05,5.67,2.0,1.9,1.71,1,0.65,neutral,alcista,0,-0.276,32,11161,4,
s39364,XPLUSDT,1789952400000,val,1,2.88,0.364,4.31,3.06,2.28,1.6,1.04,1.32,1.26,1.27,0,1.28,neutral,neutral,1,2.0,7,11163,0,
s39365,SUIUSDT,1789952400000,val,1,7.23,0.525,7.92,6.87,2.33,5.94,3.54,2.43,3.09,2.36,0,1.28,neutral,neutral,0,0.913,32,11163,1,
s39366,SEIUSDT,1789952400000,val,1,5.06,0.447,5.25,5.09,1.26,3.78,2.94,4.87,4.77,3.22,1,1.28,neutral,alcista,0,0.762,32,11163,2,
s39367,PENDLEUSDT,1789952400000,val,1,5.98,0.566,6.27,5.65,1.2,4.7,2.14,1.07,0.94,0.84,1,1.28,neutral,neutral,0,-0.353,32,11163,1,
s39368,ONDOUSDT,1789952400000,val,1,4.04,0.357,5.35,4.08,1.67,2.75,1.15,1.83,1.88,1.65,0,1.28,neutral,neutral,0,-1.0,3,11162,0,
s39369,FETUSDT,1789952400000,val,1,4.26,0.544,4.14,4.14,2.06,2.97,2.32,1.48,1.82,1.81,0,1.28,neutral,alcista,0,1.24,32,11162,5,
s39370,LDOUSDT,1789952400000,testA,1,6.47,0.461,7.85,6.41,4.67,5.19,4.02,2.7,2.31,1.9,1,1.28,neutral,neutral,0,-0.189,32,11162,0,
s39371,XPLUSDT,1789953300000,val,1,4.51,0.474,5.91,4.62,3.33,3.63,2.9,1.32,1.26,1.27,0,0.88,neutral,neutral,0,1.129,32,11164,1,
s39372,SUIUSDT,1789953300000,val,1,6.82,0.513,8.15,6.89,1.68,5.95,3.41,2.43,3.09,2.36,0,0.88,neutral,alcista,0,1.043,32,11164,2,
s39373,SEIUSDT,1789953300000,val,1,4.83,0.437,5.87,5.12,1.03,3.96,2.83,4.87,4.77,3.22,1,0.88,neutral,alcista,0,1.014,32,11164,3,
s39374,FETUSDT,1789953300000,val,1,3.09,0.38,4.5,3.11,2.9,2.21,1.4,1.48,1.82,1.81,0,0.88,neutral,neutral,0,-1.0,2,11163,0,
s39375,GRTUSDT,1789953300000,testA,1,3.75,0.441,5.02,4.41,0.94,2.87,1.72,2.53,4.12,2.85,0,0.88,neutral,alcista,0,0.82,32,11163,7,
s39376,LDOUSDT,1789953300000,testA,1,7.47,0.497,7.77,6.99,5,6.59,4.62,2.7,2.31,1.9,1,0.88,neutral,neutral,0,-0.162,32,11163,1,
s39377,XPLUSDT,1789954200000,val,1,7.49,0.629,7.24,6.96,3.34,6.65,5.04,1.32,1.26,1.27,0,0.83,neutral,alcista,0,0.464,32,11165,2,
s39378,SUIUSDT,1789954200000,val,1,8.04,0.593,8.1,7.48,1.4,7.21,3.65,2.43,3.09,2.36,0,0.83,neutral,alcista,0,0.784,32,11165,3,
s39379,SEIUSDT,1789954200000,val,1,4.46,0.418,5.56,4.83,1.15,3.63,2.49,4.87,4.77,3.22,1,0.83,neutral,alcista,0,0.94,32,11165,4,
s39380,GRTUSDT,1789954200000,testA,1,3.49,0.396,5.06,3.6,1.0,2.66,0.88,2.53,4.12,2.85,0,0.83,neutral,neutral,0,0.827,32,11164,0,
s39381,0GUSDT,1789956000000,val,-1,-2.97,0.411,5.12,4.71,3.29,-3.08,2.26,0.97,0.79,0.83,0,0.11,neutral,bajista,0,-1.0,25,11167,2,
s39382,0GUSDT,1789956900000,val,-1,-3.23,0.442,5.13,4.9,3.38,-3.56,2.24,0.97,0.79,0.83,0,0.33,neutral,bajista,0,-1.0,24,11168,3,
s39383,ARBUSDT,1789956900000,val,-1,-4.37,0.379,7.22,4.87,1.34,-4.7,0.96,1.1,1.13,1.19,0,0.33,neutral,neutral,0,-1.0,6,11168,0,
s39384,XPLUSDT,1789957800000,val,1,4.78,0.357,7.21,5.84,1.22,4.6,2.77,1.67,1.39,1.29,1,0.18,neutral,neutral,0,0.769,32,11169,1,
s39385,0GUSDT,1789957800000,val,-1,-3.82,0.483,5.96,5.91,3.13,-4.01,2.95,0.97,0.79,0.83,0,0.18,neutral,bajista,0,-1.0,23,11169,4,
s39386,XPLUSDT,1789958700000,val,1,7.83,0.519,8.5,7.87,1.29,7.71,4.42,1.67,1.39,1.29,1,0.12,neutral,alcista,0,0.385,32,11170,2,
s39387,0GUSDT,1789958700000,val,-1,-4.01,0.495,6.5,6.36,2.81,-4.13,3.07,0.97,0.79,0.83,0,0.12,neutral,bajista,0,-1.0,22,11170,5,
s39388,XPLUSDT,1789959600000,val,1,8.31,0.564,10.37,7.8,1.99,8.1,3.93,2.27,1.68,1.42,1,0.22,neutral,neutral,0,0.805,32,11171,0,
s39389,SUIUSDT,1789960500000,val,1,5.61,0.352,6.86,5.34,0.54,5.25,1.66,2.84,3.29,2.29,0,0.36,neutral,alcista,0,1.665,32,11172,2,
s39390,JUPUSDT,1789960500000,val,1,6.73,0.396,8.32,6.3,0.57,6.37,3.08,3.74,2.46,1.55,1,0.36,neutral,alcista,0,-0.386,32,11172,3,
s39391,STBLUSDT,1789961400000,val,1,2.13,0.375,3.04,2.89,0.45,1.86,1.52,0.87,0.62,0.96,0,0.26,neutral,alcista,0,1.64,32,11173,3,
s39392,SUIUSDT,1789961400000,val,1,5.66,0.355,6.55,5.76,0.53,5.4,2.21,2.84,3.29,2.29,0,0.26,neutral,alcista,0,1.483,32,11173,3,
s39393,JUPUSDT,1789961400000,val,1,5.78,0.364,7.12,5.84,0.58,5.52,3.46,3.74,2.46,1.55,1,0.26,neutral,alcista,0,-0.56,32,11173,4,
s39394,GRTUSDT,1789961400000,testA,1,3.12,0.365,4.16,3.72,0.88,2.85,1.63,2.34,3.39,2.85,0,0.26,neutral,alcista,0,0.541,32,11172,2,
s39395,XPLUSDT,1789962300000,val,1,8.0,0.512,9.8,7.52,1.69,7.68,3.19,2.27,1.68,1.42,1,0.32,neutral,neutral,0,0.543,32,11174,0,
s39396,STBLUSDT,1789962300000,val,1,2.84,0.462,3.45,3.45,0.5,2.52,1.93,0.87,0.62,0.96,0,0.32,neutral,alcista,0,1.1,32,11174,4,
s39397,SUIUSDT,1789962300000,val,1,5.84,0.363,6.19,5.68,0.52,5.52,2.36,2.84,3.29,2.29,0,0.32,neutral,alcista,0,1.226,32,11174,4,
s39398,GRTUSDT,1789962300000,testA,1,3.11,0.365,4.25,3.76,0.82,2.79,1.47,2.34,3.39,2.85,0,0.32,neutral,neutral,0,0.581,32,11173,0,
s39399,STXUSDT,1789963200000,testA,-1,-4.3,0.452,5.24,4.5,0.41,-3.82,1.05,1.68,1.55,1.76,0,-0.48,neutral,bajista,0,-1.0,21,11174,3,
s39400,ONDOUSDT,1789964100000,val,-1,-4.35,0.527,5.74,4.55,0.39,-3.82,1.06,1.6,1.67,1.52,0,-0.53,neutral,bajista,0,-1.0,24,11175,4,
s39401,STXUSDT,1789964100000,testA,-1,-3.59,0.405,4.47,3.85,0.55,-3.06,1.3,1.68,1.55,1.76,0,-0.53,neutral,bajista,0,-1.0,19,11175,4,
s39402,SEIUSDT,1789965000000,val,1,5.3,0.487,6.13,5.88,1.33,5.63,4.42,4.85,5.3,3.7,0,-0.33,neutral,alcista,1,2.0,26,11177,3,
s39403,ONDOUSDT,1789965000000,val,-1,-3.25,0.404,5.34,3.71,0.48,-2.92,0.48,1.6,1.67,1.52,0,-0.33,neutral,neutral,0,-1.0,20,11176,0,
s39404,SEIUSDT,1789965900000,val,1,4.09,0.359,6.77,5.09,1.93,4.35,3.0,4.85,5.3,3.7,0,-0.25,neutral,neutral,1,2.0,24,11178,0,
s39405,ONDOUSDT,1789965900000,val,-1,-3.82,0.444,5.38,4.32,0.5,-3.56,1.11,1.6,1.67,1.52,0,-0.25,neutral,neutral,0,-1.0,19,11177,1,
s39406,LDOUSDT,1789965900000,testA,-1,-4.52,0.435,6.18,5.5,0.39,-4.26,0.57,2.91,2.38,1.83,1,-0.25,neutral,neutral,0,-0.504,32,11177,1,
s39407,ENAUSDT,1789966800000,val,-1,-4.72,0.426,7.42,5.97,0.43,-4.15,1.21,1.47,1.7,2.18,0,-0.57,neutral,bajista,0,-1.0,21,11179,2,
s39408,ONDOUSDT,1789966800000,val,-1,-3.74,0.438,5.4,4.74,0.5,-3.17,1.63,1.49,1.51,1.52,0,-0.57,neutral,bajista,0,-1.0,18,11178,2,
s39409,STXUSDT,1789966800000,testA,-1,-2.67,0.396,4.05,3.8,0.52,-2.1,1.38,1.46,1.5,1.66,0,-0.57,neutral,bajista,0,-1.0,16,11178,2,
s39410,LDOUSDT,1789966800000,testA,-1,-3.76,0.387,6.2,5.8,0.36,-3.19,0.83,2.94,2.27,1.83,1,-0.57,neutral,bajista,0,-0.46,32,11178,2,
s39411,LDOUSDT,1789967700000,testA,-1,-4.23,0.466,5.47,4.53,0.43,-4.22,0.57,2.94,2.27,1.83,1,-0.01,neutral,neutral,0,-0.277,32,11179,0,
s39412,LDOUSDT,1789968600000,testA,-1,-2.74,0.357,3.66,2.96,0.55,-2.94,1.2,2.94,2.27,1.83,1,0.2,neutral,neutral,0,-1.0,13,11180,1,
s39413,STBLUSDT,1789969500000,val,1,2.29,0.377,3.86,2.7,0.41,1.6,0.37,0.95,0.61,0.95,0,0.69,neutral,alcista,1,2.0,21,11182,3,
s39414,WLDUSDT,1789969500000,val,1,2.92,0.377,4.55,3.76,0.94,2.24,0.73,1.36,1.26,1.43,0,0.69,neutral,neutral,0,0.198,32,11182,0,
s39415,FETUSDT,1789969500000,val,1,3.66,0.356,4.91,3.97,0.89,2.97,0.45,1.75,1.59,1.76,0,0.69,neutral,neutral,1,2.0,22,11181,0,
s39416,MANAUSDT,1789969500000,testA,1,2.33,0.638,2.94,2.58,0.73,1.64,0.6,0.92,0.72,0.85,0,0.69,neutral,neutral,0,1.098,32,11181,1,
s39417,APEUSDT,1789969500000,testA,1,2.13,0.433,3.24,2.52,0.69,1.44,0.31,1.24,0.98,1.07,0,0.69,neutral,neutral,1,2.0,26,11181,1,
s39418,MANAUSDT,1789970400000,testA,1,2.19,0.591,2.94,2.48,0.83,1.83,0.51,0.92,0.74,0.85,0,0.37,neutral,neutral,0,1.039,32,11182,0,
s39419,STBLUSDT,1789971300000,val,1,2.21,0.418,3.51,2.54,0.68,1.72,0.5,0.95,0.61,0.95,0,0.48,neutral,alcista,1,2.0,19,11184,5,
s39420,WLDUSDT,1789971300000,val,1,3.34,0.408,4.74,3.94,1.8,2.86,1.72,1.44,1.28,1.47,0,0.48,neutral,neutral,0,-0.316,32,11184,1,
s39421,SUIUSDT,1789971300000,val,1,3.89,0.366,5.9,5.16,2.14,3.4,2.79,3.24,2.69,2.63,1,0.48,neutral,alcista,0,1.467,32,11184,3,
s39422,FETUSDT,1789971300000,val,1,3.73,0.363,4.36,4.14,0.91,3.25,1.62,1.74,1.55,1.79,0,0.48,neutral,neutral,1,2.0,27,11183,1,
s39423,MANAUSDT,1789971300000,testA,1,2.08,0.578,2.93,2.66,0.86,1.6,0.62,0.92,0.74,0.85,0,0.48,neutral,neutral,0,1.117,32,11183,1,
s39424,APEUSDT,1789971300000,testA,1,2.77,0.5,3.76,3.69,1.2,2.29,1.4,1.25,1.03,1.1,0,0.48,neutral,alcista,0,0.981,32,11183,3,
s39425,SEIUSDT,1789972200000,val,1,5.29,0.419,6.39,5.18,1.45,5.13,2.4,5.79,5.36,4.35,1,0.16,neutral,neutral,1,2.0,17,11185,0,
s39426,ARUSDT,1789972200000,testA,1,6.84,0.533,8.53,7.02,2.14,6.68,3.22,1.13,1.15,1.81,0,0.16,neutral,alcista,0,-1.0,22,11184,4,
s39427,APEUSDT,1789972200000,testA,1,2.48,0.425,2.85,2.35,1.3,2.32,1.14,1.25,1.03,1.1,0,0.16,neutral,neutral,0,1.515,32,11184,0,
s39428,0GUSDT,1789973100000,val,1,4.55,0.445,5.5,4.53,0.43,4.14,1.05,1.29,0.89,0.87,1,0.4,neutral,neutral,0,0.696,32,11186,1,
s39429,ARUSDT,1789973100000,testA,1,6.36,0.491,7.85,6.06,2.74,5.95,2.83,1.13,1.15,1.81,0,0.4,neutral,neutral,0,-1.0,17,11185,0,
s39430,APEUSDT,1789973100000,testA,1,2.4,0.418,2.56,2.35,1.55,2.0,1.24,1.25,1.03,1.1,0,0.4,neutral,neutral,0,1.485,32,11185,1,
s39431,0GUSDT,1789974000000,val,1,3.53,0.387,4.43,3.59,0.57,3.24,1.1,1.18,0.92,0.84,1,0.3,neutral,alcista,0,0.852,32,11187,2,
s39432,ARUSDT,1789974000000,testA,1,4.8,0.429,8.64,6.85,2.71,4.5,3.95,1.3,1.2,1.89,0,0.3,neutral,neutral,0,-1.0,14,11186,1,
s39433,STBLUSDT,1789974900000,val,1,3.14,0.479,5.04,3.23,5,2.93,2.61,1.69,0.99,1.1,0,0.21,neutral,alcista,0,-0.105,32,11188,3,
s39434,0GUSDT,1789974900000,val,1,3.38,0.378,3.8,3.23,0.63,3.17,1.36,1.18,0.92,0.84,1,0.21,neutral,alcista,0,0.753,32,11188,3,
s39435,JUPUSDT,1789974900000,val,-1,-3.49,0.394,6.33,5.24,0.51,-3.7,0.4,1.8,2.52,1.7,0,0.21,neutral,neutral,0,0.152,32,11188,0,
s39436,PENDLEUSDT,1789974900000,val,-1,-4.1,0.463,5.51,4.97,0.54,-4.31,0.7,1.12,1.1,0.9,1,0.21,neutral,neutral,0,0.358,32,11188,1,
s39437,ARUSDT,1789974900000,testA,1,5.93,0.494,9.15,7.7,1.82,5.72,4.66,1.3,1.2,1.89,0,0.21,neutral,alcista,0,-1.0,13,11187,2,
s39438,STXUSDT,1789974900000,testA,-1,-2.63,0.518,3.02,2.83,1.68,-2.85,1.19,1.03,1.53,1.46,0,0.21,neutral,bajista,0,-1.0,5,11187,4,
s39439,STBLUSDT,1789975800000,val,1,3.16,0.482,5.01,3.85,5,3.13,2.94,1.69,0.99,1.1,0,0.03,neutral,alcista,0,-0.165,32,11189,4,
s39440,JUPUSDT,1789975800000,val,-1,-4.54,0.54,5.69,4.96,0.54,-4.58,0.87,1.8,2.52,1.7,0,0.03,neutral,neutral,0,-0.356,32,11189,1,
s39441,PENDLEUSDT,1789975800000,val,-1,-3.32,0.408,3.77,3.63,0.62,-3.36,1.08,1.12,1.1,0.9,1,0.03,neutral,bajista,0,-1.0,7,11189,2,
s39442,STXUSDT,1789975800000,testA,-1,-2.12,0.434,3.17,2.67,1.77,-2.16,0.98,1.03,1.53,1.46,0,0.03,neutral,neutral,0,-1.0,4,11188,0,
s39443,GRTUSDT,1789975800000,testA,-1,-2.76,0.391,3.6,3.38,0.58,-2.79,1.12,1.56,2.09,2.77,0,0.03,neutral,bajista,0,-1.0,5,11188,5,
s39444,ARBUSDT,1789976700000,val,-1,-3.61,0.407,5.0,4.04,0.94,-3.97,0.73,0.81,0.9,1.03,0,0.36,neutral,neutral,0,-1.0,6,11190,0,
s39445,STBLUSDT,1789977600000,val,1,2.5,0.404,5.03,3.34,5,1.75,1.83,1.43,1.11,1.15,0,0.75,neutral,neutral,0,0.169,32,11191,1,
s39446,ARUSDT,1789977600000,testA,1,8.05,0.465,8.94,7.41,1.58,7.29,3.54,1.41,1.28,1.94,0,0.75,neutral,neutral,0,-1.0,8,11190,1,
s39447,STBLUSDT,1789978500000,val,1,2.61,0.415,5.01,3.67,2.37,1.46,1.88,1.43,1.11,1.15,0,1.15,neutral,alcista,0,0.102,32,11192,2,
s39448,SANDUSDT,1789979400000,testA,1,2.5,0.472,3.02,2.7,2.34,-0.09,1.42,1.13,1.24,1.1,0,2.59,bull,alcista,0,0.595,32,11192,4,
s39449,APEUSDT,1789979400000,testA,1,2.3,0.372,3.09,3.09,1.39,-0.29,1.64,1.14,1.18,1.15,0,2.59,bull,alcista,0,0.727,32,11192,2,
s39450,ASTERUSDT,1789980300000,val,1,2.44,0.395,2.89,2.8,2.06,-0.45,1.77,1.4,1.29,1.14,1,2.89,bull,alcista,0,-0.502,32,11194,3,
s39451,STBLUSDT,1789980300000,val,1,3.36,0.527,5.0,3.96,0.98,0.46,1.83,1.43,1.11,1.15,0,2.89,bull,neutral,0,-0.085,32,11194,1,
s39452,0GUSDT,1789980300000,val,1,4.29,0.505,5.1,4.33,2.93,1.4,2.79,1.14,1.06,0.86,1,2.89,bull,alcista,0,-0.386,32,11194,3,
s39453,SUIUSDT,1789980300000,val,1,6.58,0.435,7.29,6.75,1.6,3.69,3.64,3.22,3.09,2.94,1,2.89,bull,alcista,0,0.294,32,11194,3,
s39454,ONDOUSDT,1789980300000,val,1,3.5,0.364,4.15,3.88,2.39,0.61,2.01,1.26,1.59,1.68,0,2.89,bull,alcista,0,0.345,32,11193,5,
s39455,FETUSDT,1789980300000,val,1,5.81,0.471,6.9,6.17,2.36,2.92,4.27,2.08,1.82,1.98,0,2.89,bull,alcista,0,1.169,32,11193,3,
s39456,STXUSDT,1789980300000,testA,1,2.52,0.37,3.97,3.91,2.14,-0.37,2.24,1.15,1.51,1.46,0,2.89,bull,alcista,0,0.078,32,11193,6,
s39457,SANDUSDT,1789980300000,testA,1,3.16,0.531,3.84,3.62,3.41,0.27,2.28,1.13,1.24,1.1,0,2.89,bull,alcista,0,0.133,32,11193,5,
s39458,AXSUSDT,1789980300000,testA,1,2.07,0.513,2.85,2.78,2.43,-0.82,1.63,0.84,0.93,0.98,0,2.89,bull,alcista,0,0.744,32,11193,5,
s39459,APEUSDT,1789980300000,testA,1,2.74,0.452,3.5,3.22,2.01,-0.15,1.65,1.14,1.18,1.15,0,2.89,bull,alcista,0,0.565,32,11193,3,
s39460,ASTERUSDT,1789981200000,val,1,2.76,0.458,3.36,2.69,2.74,-0.43,1.66,2.1,1.62,1.29,1,3.19,bull,alcista,0,-1.0,26,11195,4,
s39461,STBLUSDT,1789981200000,val,1,3.91,0.627,4.73,3.87,0.76,0.72,1.79,1.61,1.23,1.21,1,3.19,bull,alcista,0,-0.231,32,11195,2,
s39462,0GUSDT,1789981200000,val,1,4.13,0.497,5.08,4.78,3.23,0.94,2.88,1.25,1.18,0.92,1,3.19,bull,alcista,0,-0.455,32,11195,4,
s39463,ENAUSDT,1789981200000,val,1,4.29,0.391,4.19,4.16,2.48,1.1,2.46,1.27,1.51,2.12,0,3.19,bull,alcista,0,-1.0,28,11195,4,
s39464,SUIUSDT,1789981200000,val,1,7.14,0.463,7.0,6.73,1.8,3.95,3.66,3.88,3.49,3.18,1,3.19,bull,alcista,0,0.225,32,11195,4,
s39465,TIAUSDT,1789981200000,val,1,2.12,0.363,2.49,2.31,2.65,-1.07,1.09,1.12,1.08,1.15,0,3.19,bull,neutral,0,0.2,32,11195,0,
s39466,ONDOUSDT,1789981200000,val,1,3.75,0.398,4.07,3.63,2.12,0.56,1.69,1.51,1.68,1.73,0,3.19,bull,neutral,0,0.281,32,11194,0,
s39467,FETUSDT,1789981200000,val,1,6.01,0.491,6.93,5.88,2.65,2.82,3.57,2.51,2.06,2.1,0,3.19,bull,neutral,0,1.063,32,11194,0,
s39468,STXUSDT,1789981200000,testA,1,3.9,0.502,5.31,4.98,2.23,0.71,3.07,1.41,1.64,1.53,0,3.19,bull,alcista,0,-0.09,32,11194,7,
s39469,GRTUSDT,1789981200000,testA,1,4.74,0.546,5.72,5.34,3.32,1.55,3.63,1.88,2.16,3.0,0,3.19,bull,alcista,0,-0.096,32,11194,4,
s39470,LDOUSDT,1789981200000,testA,1,2.64,0.361,3.94,2.67,2.54,-0.55,1.23,1.73,2.43,2.03,0,3.19,bull,neutral,0,-1.0,25,11194,0,
s39471,SANDUSDT,1789981200000,testA,1,3.3,0.564,3.7,3.22,3.72,0.11,1.93,1.36,1.37,1.17,0,3.19,bull,neutral,0,0.03,32,11194,0,
s39472,AXSUSDT,1789981200000,testA,1,2.89,0.603,4.24,3.53,5,-0.29,2.23,1.32,1.14,1.09,1,3.19,bull,alcista,0,0.376,32,11194,6,
s39473,APEUSDT,1789981200000,testA,1,2.39,0.371,3.47,2.26,2.61,-0.8,0.67,1.4,1.28,1.22,1,3.19,bull,neutral,0,1.187,32,11194,0,
s39474,ASTERUSDT,1789982100000,val,1,2.93,0.475,3.82,3.44,3.18,-0.58,2.32,2.1,1.62,1.29,1,3.51,bull,alcista,0,-1.0,24,11196,5,
s39475,STBLUSDT,1789982100000,val,1,3.29,0.491,4.75,3.37,0.92,-0.23,1.1,1.61,1.23,1.21,1,3.51,bull,neutral,0,-0.233,32,11196,0,
s39476,OPUSDT,1789982100000,val,1,2.31,0.362,3.26,3.08,2.69,-1.21,1.81,1.06,1.09,1.37,0,3.51,bull,alcista,0,-1.0,24,11196,5,
s39477,SUIUSDT,1789982100000,val,1,7.4,0.475,8.03,7.81,2.09,3.89,4.39,3.88,3.49,3.18,1,3.51,bull,alcista,0,-0.047,32,11196,5,
s39478,TIAUSDT,1789982100000,val,1,2.56,0.408,3.39,3.2,3.1,-0.96,1.79,1.12,1.08,1.15,0,3.51,bull,neutral,0,-0.107,32,11196,1,
s39479,ONDOUSDT,1789982100000,val,1,3.13,0.358,3.53,3.4,2.07,-0.38,1.74,1.51,1.68,1.73,0,3.51,bull,neutral,0,0.187,32,11195,1,
s39480,FETUSDT,1789982100000,val,1,6.59,0.515,6.8,6.44,2.97,3.07,4.0,2.51,2.06,2.1,0,3.51,bull,neutral,0,0.766,32,11195,1,
s39481,STXUSDT,1789982100000,testA,1,4.87,0.559,6.33,6.27,2.75,1.36,4.01,1.41,1.64,1.53,0,3.51,bull,alcista,0,-0.325,32,11195,8,
s39482,GRTUSDT,1789982100000,testA,1,4.81,0.551,5.91,5.78,4.48,1.3,3.59,1.88,2.16,3.0,0,3.51,bull,alcista,0,-0.162,32,11195,5,
s39483,LDOUSDT,1789982100000,testA,1,3.23,0.41,3.9,3.74,2.81,-0.28,2.09,1.73,2.43,2.03,0,3.51,bull,neutral,0,-1.0,24,11195,1,
s39484,SANDUSDT,1789982100000,testA,1,3.66,0.59,3.77,3.67,3.68,0.15,2.41,1.36,1.37,1.17,0,3.51,bull,neutral,0,-0.229,32,11195,1,
s39485,MANAUSDT,1789982100000,testA,1,2.03,0.508,2.76,2.62,2.75,-1.49,1.58,1.15,0.93,0.92,1,3.51,bull,alcista,0,-0.139,32,11195,7,
s39486,AXSUSDT,1789982100000,testA,1,2.78,0.594,4.24,3.67,5,-0.73,2.11,1.32,1.14,1.09,1,3.51,bull,alcista,0,0.242,32,11195,7,
s39487,APEUSDT,1789982100000,testA,1,2.88,0.417,3.08,2.94,3.04,-0.63,1.56,1.4,1.28,1.22,1,3.51,bull,neutral,0,0.548,32,11195,1,
s39488,ASTERUSDT,1789983000000,val,1,3.24,0.549,4.23,3.43,2.9,-0.93,2.11,2.1,1.62,1.29,1,4.17,bull,neutral,0,-1.0,23,11197,0,
s39489,XPLUSDT,1789983000000,val,1,4.05,0.354,5.97,5.7,1.97,-0.12,3.04,2.28,2.31,1.86,0,4.17,bull,neutral,0,0.188,32,11197,1,
s39490,STBLUSDT,1789983000000,val,1,3.17,0.477,4.64,3.22,0.88,-1.0,1.06,1.61,1.23,1.21,1,4.17,bull,neutral,0,-0.256,32,11197,0,
s39491,OPUSDT,1789983000000,val,1,2.46,0.395,3.56,2.92,2.37,-1.7,1.63,1.06,1.09,1.37,0,4.17,bull,neutral,0,-1.0,23,11197,0,
s39492,SUIUSDT,1789983000000,val,1,7.37,0.468,8.93,7.2,1.78,3.2,3.53,3.88,3.49,3.18,1,4.17,bull,neutral,0,0.036,32,11197,0,
s39493,TIAUSDT,1789983000000,val,1,2.63,0.424,3.64,3.09,2.2,-1.54,1.58,1.12,1.08,1.15,0,4.17,bull,neutral,0,-0.385,32,11197,0,
s39494,FETUSDT,1789983000000,val,1,5.51,0.424,6.84,5.85,2.41,1.34,3.11,2.51,2.06,2.1,0,4.17,bull,neutral,0,0.839,32,11196,0,
s39495,STXUSDT,1789983000000,testA,1,4.96,0.57,6.68,5.94,2.26,0.79,3.34,1.41,1.64,1.53,0,4.17,bull,neutral,0,-0.355,32,11196,0,
s39496,SANDUSDT,1789983000000,testA,1,3.58,0.576,4.2,3.63,2.43,-0.59,2.09,1.36,1.37,1.17,0,4.17,bull,neutral,0,-0.192,32,11196,0,
s39497,MANAUSDT,1789983000000,testA,1,2.46,0.591,3.35,2.9,2.49,-1.71,1.7,1.15,0.93,0.92,1,4.17,bull,alcista,0,-0.27,32,11196,8,
s39498,AXSUSDT,1789983000000,testA,1,2.65,0.559,4.24,3.57,3.65,-1.52,1.84,1.32,1.14,1.09,1,4.17,bull,neutral,0,0.184,32,11196,0,
s39499,APEUSDT,1789983000000,testA,1,2.59,0.36,3.23,2.53,2.21,-1.58,1.19,1.4,1.28,1.22,1,4.17,bull,neutral,0,0.528,32,11196,0,
s39500,STBLUSDT,1789983900000,val,1,3.28,0.486,4.64,3.4,0.84,-0.53,1.17,1.61,1.23,1.21,1,3.81,bull,neutral,0,-0.429,32,11198,1,
s39501,SANDUSDT,1789983900000,testA,1,2.56,0.369,4.19,2.76,2.3,-1.25,1.17,1.36,1.37,1.17,0,3.81,bull,neutral,0,-0.044,32,11197,0,
s39502,AXSUSDT,1789983900000,testA,1,2.17,0.413,4.27,2.84,3.66,-1.64,0.97,1.32,1.14,1.09,1,3.81,bull,neutral,0,0.355,32,11197,0,
s39503,ASTERUSDT,1789984800000,val,1,2.83,0.391,4.18,2.88,2.03,-0.72,1.27,2.22,1.68,1.33,1,3.56,bull,neutral,0,-1.0,21,11199,1,
s39504,STBLUSDT,1789984800000,val,1,3.43,0.497,4.51,3.47,0.66,-0.12,1.22,1.72,1.32,1.19,1,3.56,bull,alcista,0,-0.183,32,11199,2,
s39505,ENAUSDT,1789984800000,val,1,5.34,0.411,5.47,5.31,1.78,1.78,3.09,1.49,1.57,2.13,0,3.56,bull,neutral,0,-1.0,24,11199,1,
s39506,SANDUSDT,1789984800000,testA,1,2.93,0.401,4.12,3.25,1.79,-0.63,1.51,1.22,1.43,1.17,0,3.56,bull,neutral,0,-0.074,32,11198,1,
s39507,MANAUSDT,1789984800000,testA,1,2.27,0.39,3.35,2.79,2.28,-1.29,1.34,1.25,1.05,0.95,1,3.56,bull,neutral,0,-0.13,32,11198,1,
s39508,AXSUSDT,1789984800000,testA,1,3.03,0.515,4.24,3.54,1.36,-0.53,1.5,1.89,1.41,1.24,1,3.56,bull,neutral,0,0.329,32,11198,1,
s39509,ASTERUSDT,1789985700000,val,1,2.47,0.355,4.18,2.84,1.56,-0.65,1.16,2.22,1.68,1.33,1,3.12,bull,neutral,0,-1.0,20,11200,0,
s39510,STBLUSDT,1789985700000,val,1,3.55,0.505,4.39,3.61,0.46,0.42,1.33,1.72,1.32,1.19,1,3.12,bull,alcista,0,-0.351,32,11200,3,
s39511,SANDUSDT,1789985700000,testA,1,2.59,0.374,4.12,3.35,1.65,-0.53,1.45,1.22,1.43,1.17,0,3.12,bull,alcista,0,-0.108,32,11199,2,
s39512,MANAUSDT,1789985700000,testA,1,2.78,0.439,3.7,3.45,1.6,-0.34,1.85,1.25,1.05,0.95,1,3.12,bull,alcista,0,-0.348,32,11199,2,
s39513,AXSUSDT,1789985700000,testA,1,4.67,0.623,5.82,5.04,2.47,1.55,2.8,1.89,1.41,1.24,1,3.12,bull,alcista,0,-0.114,32,11199,2,
s39514,ASTERUSDT,1789986600000,val,1,3.04,0.45,4.18,2.99,0.93,-0.49,1.2,2.22,1.68,1.33,1,3.53,bull,neutral,0,-1.0,19,11201,1,
s39515,XPLUSDT,1789986600000,val,1,5.62,0.478,6.04,5.43,1.33,2.09,2.56,2.23,2.44,1.92,0,3.53,bull,neutral,0,0.227,32,11201,1,
s39516,STBLUSDT,1789986600000,val,1,3.55,0.505,4.4,3.43,0.59,0.02,1.02,1.72,1.32,1.19,1,3.53,bull,neutral,0,-0.348,32,11201,0,
s39517,ENAUSDT,1789986600000,val,1,4.35,0.389,6.14,5.26,1.55,0.82,2.5,1.49,1.57,2.13,0,3.53,bull,neutral,0,-1.0,22,11201,1,
s39518,OPUSDT,1789986600000,val,1,3.22,0.378,3.55,3.4,1.93,-0.31,1.8,1.14,1.09,1.35,0,3.53,bull,alcista,0,-1.0,19,11201,3,
s39519,ONDOUSDT,1789986600000,val,1,4.21,0.451,4.47,4.44,1.58,0.68,2.4,1.98,1.83,1.78,1,3.53,bull,alcista,0,-0.412,32,11200,3,
s39520,STXUSDT,1789986600000,testA,1,3.89,0.38,6.74,5.07,0.94,0.36,1.73,1.44,1.59,1.49,0,3.53,bull,alcista,0,-0.136,32,11200,2,
s39521,SANDUSDT,1789986600000,testA,1,2.97,0.438,4.11,3.44,1.16,-0.56,1.38,1.22,1.43,1.17,0,3.53,bull,alcista,0,-0.126,32,11200,3,
s39522,MANAUSDT,1789986600000,testA,1,2.7,0.421,3.71,3.21,1.45,-0.83,1.42,1.25,1.05,0.95,1,3.53,bull,neutral,0,-0.327,32,11200,0,
s39523,AXSUSDT,1789986600000,testA,1,4.66,0.62,5.82,5.01,2.53,1.13,2.53,1.89,1.41,1.24,1,3.53,bull,neutral,0,-0.081,32,11200,0,
s39524,ASTERUSDT,1789987500000,val,1,2.96,0.444,4.01,3.1,0.57,-0.46,1.34,2.22,1.68,1.33,1,3.42,bull,alcista,0,-1.0,18,11202,2,
s39525,XPLUSDT,1789987500000,val,1,5.54,0.476,6.26,6.15,1.06,2.12,3.16,2.23,2.44,1.92,0,3.42,bull,alcista,0,-0.028,32,11202,2,
s39526,STBLUSDT,1789987500000,val,1,3.89,0.529,4.38,3.93,0.44,0.47,1.39,1.72,1.32,1.19,1,3.42,bull,neutral,0,-0.434,32,11202,1,
s39527,ENAUSDT,1789987500000,val,1,4.42,0.395,6.63,6.39,1.35,1.0,3.44,1.49,1.57,2.13,0,3.42,bull,alcista,0,-1.0,21,11202,2,
s39528,OPUSDT,1789987500000,val,1,3.22,0.378,3.79,3.59,0.88,-0.2,1.84,1.14,1.09,1.35,0,3.42,bull,alcista,0,-1.0,18,11202,4,
s39529,ONDOUSDT,1789987500000,val,1,3.93,0.436,6.38,4.83,1.9,0.51,2.47,1.98,1.83,1.78,1,3.42,bull,alcista,0,-0.41,32,11201,4,
s39530,STXUSDT,1789987500000,testA,1,3.93,0.384,6.75,5.04,0.49,0.51,1.51,1.44,1.59,1.49,0,3.42,bull,neutral,0,-0.071,32,11201,0,
s39531,SANDUSDT,1789987500000,testA,1,3.11,0.45,4.1,3.79,0.67,-0.31,1.55,1.22,1.43,1.17,0,3.42,bull,alcista,0,-0.222,32,11201,4,
s39532,MANAUSDT,1789987500000,testA,1,2.86,0.435,3.7,3.65,1.23,-0.56,1.71,1.25,1.05,0.95,1,3.42,bull,neutral,0,-0.389,32,11201,1,
s39533,AXSUSDT,1789987500000,testA,1,4.45,0.61,5.82,5.11,2.19,1.03,2.4,1.89,1.41,1.24,1,3.42,bull,neutral,0,-0.106,32,11201,1,
s39534,ASTERUSDT,1789988400000,val,1,3.01,0.449,4.0,3.29,0.43,-0.7,1.35,2.26,1.76,1.38,1,3.71,bull,alcista,0,-1.0,17,11203,3,
s39535,STBLUSDT,1789988400000,val,1,4.43,0.561,5.57,4.35,0.74,0.72,1.75,1.87,1.42,1.18,1,3.71,bull,alcista,0,-0.534,32,11203,2,
s39536,0GUSDT,1789988400000,val,1,3.59,0.351,4.19,3.59,0.46,-0.12,1.69,1.12,1.24,0.9,0,3.71,bull,alcista,0,-0.381,32,11203,2,
s39537,ENAUSDT,1789988400000,val,1,4.98,0.462,6.68,5.72,1.17,1.27,2.24,1.62,1.58,2.1,0,3.71,bull,neutral,0,-1.0,20,11203,0,
s39538,SUIUSDT,1789988400000,val,1,7.01,0.448,7.73,7.65,0.69,3.3,3.64,4.22,3.82,3.4,1,3.71,bull,alcista,0,-0.148,32,11203,5,
s39539,ONDOUSDT,1789988400000,val,1,5.27,0.544,6.32,5.71,1.97,1.55,2.93,2.22,1.89,1.82,1,3.71,bull,alcista,0,-0.413,32,11202,5,
s39540,STXUSDT,1789988400000,testA,1,4.45,0.455,6.75,4.95,0.42,0.74,1.25,1.44,1.48,1.48,0,3.71,bull,neutral,0,-0.097,32,11202,0,
s39541,GRTUSDT,1789988400000,testA,1,4.17,0.368,6.11,4.69,0.73,0.46,1.52,1.83,2.03,3.07,0,3.71,bull,alcista,0,-0.064,32,11202,3,
s39542,SANDUSDT,1789988400000,testA,1,3.97,0.58,4.2,4.13,0.71,0.26,1.67,1.27,1.46,1.19,0,3.71,bull,alcista,0,-0.347,32,11202,5,
s39543,MANAUSDT,1789988400000,testA,1,3.35,0.507,4.0,3.9,1.08,-0.36,1.76,1.28,1.11,0.96,1,3.71,bull,alcista,0,-0.44,32,11202,2,
s39544,AXSUSDT,1789988400000,testA,1,5.07,0.705,5.8,5.33,2.04,1.36,2.39,2.04,1.48,1.27,1,3.71,bull,alcista,0,-0.216,32,11202,2,
s39545,APEUSDT,1789988400000,testA,1,2.56,0.375,4.16,3.33,1.87,-1.15,1.39,2.03,1.66,1.34,1,3.71,bull,alcista,0,-0.104,32,11202,2,
s39546,ASTERUSDT,1789989300000,val,1,2.67,0.421,3.99,3.54,0.52,-1.07,1.51,2.26,1.76,1.38,1,3.74,bull,alcista,0,-1.0,16,11204,4,
s39547,STBLUSDT,1789989300000,val,1,2.14,0.388,4.49,3.5,0.74,-1.6,1.81,1.87,1.42,1.18,1,3.74,bull,alcista,0,-0.747,32,11204,3,
s39548,0GUSDT,1789989300000,val,1,3.63,0.353,4.18,3.88,0.58,-0.11,1.9,1.12,1.24,0.9,0,3.74,bull,alcista,0,-0.549,32,11204,3,
s39549,ENAUSDT,1789989300000,val,1,4.41,0.387,6.52,4.84,0.96,0.67,1.44,1.62,1.58,2.1,0,3.74,bull,neutral,0,-1.0,19,11204,0,
s39550,SUIUSDT,1789989300000,val,1,7.16,0.46,8.18,7.57,0.76,3.42,3.4,4.22,3.82,3.4,1,3.74,bull,neutral,0,-0.097,32,11204,0,
s39551,ONDOUSDT,1789989300000,val,1,5.74,0.584,6.48,5.98,1.76,2.0,3.12,2.22,1.89,1.82,1,3.74,bull,alcista,0,-0.511,32,11203,6,
s39552,FETUSDT,1789989300000,val,1,6.72,0.401,7.68,6.97,1.38,2.99,3.26,3.32,2.59,2.23,1,3.74,bull,alcista,0,0.397,32,11203,3,
s39553,STXUSDT,1789989300000,testA,1,4.37,0.441,6.78,4.52,0.37,0.63,0.78,1.44,1.48,1.48,0,3.74,bull,neutral,0,0.033,32,11203,0,
s39554,GRTUSDT,1789989300000,testA,1,4.21,0.373,6.11,4.69,0.75,0.47,1.49,1.83,2.03,3.07,0,3.74,bull,alcista,0,-0.138,32,11203,4,
s39555,SANDUSDT,1789989300000,testA,1,4.07,0.586,4.36,4.34,0.65,0.33,1.74,1.27,1.46,1.19,0,3.74,bull,alcista,0,-0.401,32,11203,6,
s39556,MANAUSDT,1789989300000,testA,1,3.6,0.536,4.11,4.05,0.71,-0.14,1.76,1.28,1.11,0.96,1,3.74,bull,alcista,0,-0.54,32,11203,3,
s39557,AXSUSDT,1789989300000,testA,1,4.86,0.685,5.81,5.28,0.78,1.12,2.11,2.04,1.48,1.27,1,3.74,bull,neutral,0,-0.213,32,11203,0,
s39558,APEUSDT,1789989300000,testA,1,2.78,0.419,4.16,3.26,2.08,-0.96,1.24,2.03,1.66,1.34,1,3.74,bull,neutral,0,-0.106,32,11203,0,
s39559,ASTERUSDT,1789990200000,val,1,3.12,0.524,3.99,3.43,0.51,-0.95,1.21,2.26,1.76,1.38,1,4.07,bull,neutral,0,-1.0,15,11205,0,
s39560,ENAUSDT,1789990200000,val,1,4.9,0.428,6.21,4.76,0.87,0.83,1.36,1.62,1.58,2.1,0,4.07,bull,neutral,0,-1.0,18,11205,1,
s39561,SUIUSDT,1789990200000,val,1,8.47,0.554,8.56,7.9,0.81,4.4,3.36,4.22,3.82,3.4,1,4.07,bull,neutral,0,-0.112,32,11205,1,
s39562,TIAUSDT,1789990200000,val,1,2.68,0.38,3.46,2.71,0.86,-1.38,0.88,1.28,1.11,1.14,0,4.07,bull,neutral,0,-0.424,32,11205,1,
s39563,ONDOUSDT,1789990200000,val,1,5.74,0.58,6.49,5.5,1.6,1.68,2.27,2.22,1.89,1.82,1,4.07,bull,neutral,0,-0.494,32,11204,0,
s39564,FETUSDT,1789990200000,val,1,7.25,0.443,7.53,6.81,1.39,3.19,2.74,3.32,2.59,2.23,1,4.07,bull,alcista,0,0.391,32,11204,4,
s39565,STXUSDT,1789990200000,testA,1,4.81,0.465,6.32,4.65,0.4,0.74,1.23,1.44,1.48,1.48,0,4.07,bull,neutral,0,0.103,32,11204,1,
s39566,GRTUSDT,1789990200000,testA,1,4.91,0.441,5.92,4.72,0.7,0.84,1.54,1.83,2.03,3.07,0,4.07,bull,alcista,0,-0.036,32,11204,5,
s39567,SANDUSDT,1789990200000,testA,1,4.2,0.615,4.22,4.08,0.65,0.13,1.43,1.27,1.46,1.19,0,4.07,bull,neutral,0,-0.31,32,11204,0,
s39568,MANAUSDT,1789990200000,testA,1,3.98,0.61,4.06,3.92,0.61,-0.09,1.62,1.28,1.11,0.96,1,4.07,bull,alcista,0,-0.463,32,11204,4,
s39569,AXSUSDT,1789990200000,testA,1,4.92,0.696,5.31,4.69,0.7,0.85,1.77,2.04,1.48,1.27,1,4.07,bull,neutral,0,-0.152,32,11204,0,
s39570,APEUSDT,1789990200000,testA,1,3.65,0.526,3.93,3.59,2.15,-0.42,1.59,2.03,1.66,1.34,1,4.07,bull,neutral,0,-0.173,32,11204,1,
s39571,ASTERUSDT,1789991100000,val,1,2.5,0.38,4.02,2.77,0.59,-1.36,0.45,2.26,1.76,1.38,1,3.86,bull,neutral,0,-1.0,14,11206,0,
s39572,INJUSDT,1789991100000,val,1,2.7,0.359,3.73,3.14,0.86,-1.16,1.51,1.23,1.1,1.31,0,3.86,bull,alcista,0,-1.0,14,11206,3,
s39573,SUIUSDT,1789991100000,val,1,5.09,0.357,7.49,5.63,0.94,1.24,1.99,4.22,3.82,3.4,1,3.86,bull,neutral,0,0.362,32,11206,0,
s39574,ONDOUSDT,1789991100000,val,1,4.54,0.492,5.69,4.43,0.81,0.68,1.85,2.22,1.89,1.82,1,3.86,bull,neutral,0,-0.37,32,11205,0,
s39575,FETUSDT,1789991100000,val,1,6.49,0.418,7.37,6.61,1.43,2.63,2.59,3.32,2.59,2.23,1,3.86,bull,alcista,0,0.535,32,11205,5,
s39576,STXUSDT,1789991100000,testA,1,3.95,0.375,6.06,3.86,0.45,0.09,0.73,1.44,1.48,1.48,0,3.86,bull,neutral,0,0.273,32,11205,0,
s39577,GRTUSDT,1789991100000,testA,1,4.43,0.418,5.35,4.37,0.68,0.57,1.65,1.83,2.03,3.07,0,3.86,bull,alcista,0,-0.01,32,11205,6,
s39578,SANDUSDT,1789991100000,testA,1,3.49,0.513,3.92,3.45,0.58,-0.36,1.05,1.27,1.46,1.19,0,3.86,bull,neutral,0,-0.16,32,11205,0,
s39579,MANAUSDT,1789991100000,testA,1,3.28,0.46,4.05,3.28,0.61,-0.57,0.92,1.28,1.11,0.96,1,3.86,bull,neutral,0,-0.23,32,11205,0,
s39580,AXSUSDT,1789991100000,testA,1,3.98,0.566,4.97,3.91,0.51,0.13,1.25,2.04,1.48,1.27,1,3.86,bull,neutral,0,0.022,32,11205,0,
s39581,APEUSDT,1789991100000,testA,1,3.0,0.429,3.74,3.05,1.79,-0.86,1.13,2.03,1.66,1.34,1,3.86,bull,neutral,0,0.068,32,11205,0,
s39582,ASTERUSDT,1789992000000,val,1,2.87,0.434,3.93,2.87,0.74,-0.91,0.5,2.46,1.77,1.43,1,3.78,bull,neutral,0,-1.0,13,11207,1,
s39583,XPLUSDT,1789992000000,val,1,8.19,0.468,10.52,7.77,1.96,4.41,3.23,3.69,3.41,2.39,1,3.78,bull,neutral,0,-0.213,32,11207,1,
s39584,SUIUSDT,1789992000000,val,1,6.02,0.424,7.44,5.94,0.81,2.24,2.15,3.91,3.73,3.5,1,3.78,bull,neutral,0,0.117,32,11207,1,
s39585,ONDOUSDT,1789992000000,val,1,5.22,0.528,5.81,5.29,0.7,1.44,2.55,2.27,1.87,1.87,0,3.78,bull,neutral,0,-0.44,32,11206,1,
s39586,FETUSDT,1789992000000,val,1,6.46,0.413,7.4,6.27,1.08,2.67,2.1,3.52,2.7,2.31,1,3.78,bull,neutral,0,0.705,32,11206,0,
s39587,GRTUSDT,1789992000000,testA,1,4.7,0.436,5.26,4.49,0.52,0.92,1.69,2.23,2.11,3.22,0,3.78,bull,alcista,0,-0.095,32,11206,7,
s39588,SANDUSDT,1789992000000,testA,1,3.01,0.462,3.62,3.04,0.59,-0.77,0.85,1.53,1.41,1.24,1,3.78,bull,neutral,0,-0.228,32,11206,0,
s39589,MANAUSDT,1789992000000,testA,1,3.16,0.442,3.95,3.11,0.79,-0.62,0.78,1.56,1.25,1.04,1,3.78,bull,neutral,0,-0.311,32,11206,0,
s39590,AXSUSDT,1789992000000,testA,1,4.33,0.587,4.89,4.33,0.48,0.55,1.56,2.21,1.52,1.33,1,3.78,bull,neutral,0,-0.162,32,11206,1,
s39591,APEUSDT,1789992000000,testA,1,4.07,0.514,4.05,3.98,1.29,0.29,1.94,2.28,1.79,1.42,1,3.78,bull,neutral,0,-0.19,32,11206,1,
s39592,ASTERUSDT,1789992900000,val,1,2.43,0.385,3.62,2.48,0.66,-1.03,0.45,2.46,1.77,1.43,1,3.46,bull,neutral,0,-1.0,12,11208,0,
s39593,STBLUSDT,1789992900000,val,1,2.02,0.375,3.6,2.93,0.56,-1.43,1.17,2.04,1.52,1.08,1,3.46,bull,neutral,0,-1.0,12,11208,1,
s39594,SUIUSDT,1789992900000,val,1,5.27,0.394,6.46,5.22,0.75,1.81,2.29,3.91,3.73,3.5,1,3.46,bull,alcista,0,0.054,32,11208,2,
s39595,ONDOUSDT,1789992900000,val,1,4.38,0.462,5.56,4.68,0.75,0.93,2.16,2.27,1.87,1.87,0,3.46,bull,neutral,0,-0.197,32,11207,0,
s39596,FETUSDT,1789992900000,val,1,5.98,0.396,6.82,5.85,0.8,2.53,2.1,3.52,2.7,2.31,1,3.46,bull,neutral,0,0.789,32,11207,1,
s39597,ARUSDT,1789992900000,testA,-1,-6.03,0.47,9.05,7.59,0.65,-9.49,2.27,1.29,1.23,1.94,0,3.46,bull,neutral,0,0.442,32,11207,0,
s39598,GRTUSDT,1789992900000,testA,1,5.41,0.473,5.72,5.26,0.83,1.96,3.0,2.23,2.11,3.22,0,3.46,bull,alcista,0,-0.144,32,11207,8,
s39599,SANDUSDT,1789992900000,testA,1,2.63,0.43,3.35,2.68,0.85,-0.83,0.84,1.53,1.41,1.24,1,3.46,bull,neutral,0,0.036,32,11207,1,
s39600,MANAUSDT,1789992900000,testA,1,2.42,0.379,3.3,2.57,1.06,-1.04,0.84,1.56,1.25,1.04,1,3.46,bull,neutral,0,-0.122,32,11207,1,
s39601,AXSUSDT,1789992900000,testA,1,4.14,0.577,4.4,4.08,0.51,0.68,1.65,2.21,1.52,1.33,1,3.46,bull,alcista,0,-0.066,32,11207,2,
s39602,APEUSDT,1789992900000,testA,1,3.26,0.442,3.71,3.23,1.21,-0.19,1.67,2.28,1.79,1.42,1,3.46,bull,neutral,0,0.064,32,11207,0,
s39603,STBLUSDT,1789993800000,val,1,2.93,0.52,3.68,3.28,0.87,0.84,1.64,2.04,1.52,1.08,1,2.09,bull,alcista,0,-1.0,11,11209,2,
s39604,SUIUSDT,1789993800000,val,1,6.38,0.443,6.43,6.39,0.75,4.28,3.56,3.91,3.73,3.5,1,2.09,bull,alcista,0,-0.337,32,11209,3,
s39605,ONDOUSDT,1789993800000,val,1,3.28,0.375,5.57,4.49,0.77,1.18,1.65,2.27,1.87,1.87,0,2.09,bull,neutral,0,-0.348,32,11208,0,
s39606,FETUSDT,1789993800000,val,1,5.46,0.378,5.68,5.48,0.67,3.36,2.83,3.52,2.7,2.31,1,2.09,bull,alcista,0,0.352,32,11208,2,
s39607,ARUSDT,1789993800000,testA,-1,-4.24,0.353,7.9,5.98,0.69,-6.33,1.63,1.29,1.23,1.94,0,2.09,bull,neutral,0,0.754,32,11208,0,
s39608,GRTUSDT,1789993800000,testA,1,4.12,0.405,5.52,4.25,1.23,2.03,2.57,2.23,2.11,3.22,0,2.09,bull,neutral,0,-0.386,32,11208,0,
s39609,SANDUSDT,1789993800000,testA,1,2.65,0.434,2.85,2.85,1.09,0.56,1.54,1.53,1.41,1.24,1,2.09,bull,alcista,0,-0.517,32,11208,2,
s39610,MANAUSDT,1789993800000,testA,1,2.38,0.376,3.1,2.61,1.23,0.28,0.98,1.56,1.25,1.04,1,2.09,bull,alcista,0,-0.609,32,11208,2,
s39611,AXSUSDT,1789993800000,testA,1,4.16,0.58,4.31,4.2,0.53,2.06,2.06,2.21,1.52,1.33,1,2.09,bull,alcista,0,-0.342,32,11208,3,
s39612,STBLUSDT,1789994700000,val,1,2.2,0.437,3.91,3.21,0.93,0.34,1.41,2.04,1.52,1.08,1,1.86,neutral,neutral,0,-1.0,10,11210,0,
s39613,ONDOUSDT,1789994700000,val,1,3.18,0.368,5.56,4.68,0.85,1.31,1.64,2.27,1.87,1.87,0,1.86,neutral,neutral,0,-0.075,32,11209,1,
s39614,AXSUSDT,1789994700000,testA,1,3.21,0.465,3.64,3.2,0.65,1.35,1.53,2.21,1.52,1.33,1,1.86,neutral,neutral,0,-0.358,32,11209,0,
s39615,SUIUSDT,1789995600000,val,1,5.24,0.374,7.4,7.05,0.95,3.77,3.71,4.33,3.82,3.72,1,1.47,neutral,neutral,0,-0.498,32,11211,1,
s39616,APEUSDT,1789995600000,testA,1,2.62,0.468,3.45,2.62,0.55,1.15,0.86,2.44,1.79,1.44,1,1.47,neutral,neutral,0,0.053,32,11210,0,
s39617,STBLUSDT,1789996500000,val,1,2.32,0.5,3.66,2.56,1.21,1.76,0.98,1.46,1.59,0.97,0,0.56,neutral,neutral,0,-1.0,8,11212,0,
s39618,PENDLEUSDT,1789996500000,val,-1,-3.89,0.494,4.38,4.05,1.31,-4.46,1.97,1.39,1.27,1.11,1,0.56,neutral,bajista,0,1.29,32,11212,3,
s39619,ARUSDT,1789996500000,testA,-1,-5.78,0.451,7.59,6.35,0.73,-6.34,1.81,1.03,1.18,1.95,0,0.56,neutral,bajista,0,0.611,32,11211,2,
s39620,STXUSDT,1789996500000,testA,-1,-2.75,0.433,3.38,3.23,0.71,-3.32,0.74,1.5,1.28,1.47,0,0.56,neutral,bajista,0,-1.0,28,11211,2,
s39621,STBLUSDT,1789997400000,val,1,2.02,0.409,3.6,2.17,1.05,1.97,0.5,1.46,1.59,0.97,0,0.05,neutral,neutral,0,-1.0,7,11213,0,
s39622,PENDLEUSDT,1789997400000,val,-1,-3.01,0.425,3.69,3.3,1.72,-3.06,1.83,1.39,1.27,1.11,1,0.05,neutral,neutral,0,1.723,32,11213,0,
s39623,ARUSDT,1789997400000,testA,-1,-4.09,0.364,5.74,4.5,0.85,-4.14,1.72,1.03,1.18,1.95,0,0.05,neutral,bajista,0,0.929,32,11212,3,
s39624,STXUSDT,1789997400000,testA,-1,-2.61,0.419,3.14,2.93,0.87,-2.67,0.95,1.5,1.28,1.47,0,0.05,neutral,bajista,0,-1.0,4,11212,3,
s39625,SUIUSDT,1789998300000,val,1,5.44,0.43,7.73,5.85,1.51,4.49,1.31,4.33,3.82,3.72,1,0.95,neutral,neutral,0,-0.323,32,11214,0,
s39626,TIAUSDT,1789998300000,val,1,2.89,0.413,4.5,3.46,1.1,1.94,1.24,2.03,1.38,1.28,1,0.95,neutral,alcista,0,-1.0,16,11214,2,
s39627,ONDOUSDT,1789998300000,val,1,3.88,0.368,5.35,3.91,1.0,2.93,0.7,2.58,1.86,1.95,0,0.95,neutral,neutral,0,-0.107,32,11213,1,
s39628,AXSUSDT,1789998300000,testA,1,2.66,0.382,3.65,2.74,0.82,1.71,0.52,2.45,1.6,1.4,1,0.95,neutral,neutral,0,-0.334,32,11213,1,
s39629,APEUSDT,1789998300000,testA,1,2.11,0.395,3.17,2.34,0.69,1.16,0.74,2.44,1.79,1.44,1,0.95,neutral,alcista,0,0.118,32,11213,2,
s39630,PENDLEUSDT,1789999200000,val,-1,-3.49,0.424,4.95,4.38,3.44,-4.35,2.71,1.46,1.26,1.17,1,0.86,neutral,neutral,0,1.158,32,11215,1,
s39631,FETUSDT,1789999200000,val,1,7.42,0.472,9.6,7.3,2.39,6.56,3.81,4.57,3.42,2.79,1,0.86,neutral,neutral,0,-0.141,32,11214,0,
s39632,XPLUSDT,1790000100000,val,1,7.28,0.369,8.34,7.15,0.65,5.69,2.31,4.19,3.39,2.47,1,1.59,neutral,neutral,0,-0.885,32,11216,1,
s39633,SUIUSDT,1790000100000,val,1,4.77,0.369,6.13,4.91,1.36,3.18,1.65,4.2,3.86,3.89,0,1.59,neutral,neutral,0,-1.0,14,11216,1,
s39634,PENDLEUSDT,1790001000000,val,-1,-3.53,0.439,4.95,4.31,1.73,-5.34,2.01,1.46,1.26,1.17,1,1.81,neutral,neutral,0,1.298,32,11217,1,
s39635,FETUSDT,1790001000000,val,1,6.78,0.429,9.59,6.84,2.46,4.96,2.97,4.57,3.42,2.79,1,1.81,neutral,neutral,0,-0.072,32,11216,0,
s39636,PENDLEUSDT,1790001900000,val,-1,-3.57,0.449,4.93,3.86,1.62,-5.24,1.44,1.46,1.26,1.17,1,1.67,neutral,neutral,0,1.409,32,11218,0,
s39637,PENDLEUSDT,1790002800000,val,-1,-3.17,0.404,4.63,3.42,0.71,-5.16,1.12,1.4,1.27,1.22,1,1.99,neutral,neutral,0,1.393,32,11219,0,
s39638,ASTERUSDT,1790003700000,val,-1,-3.75,0.437,4.08,3.97,2.21,-5.15,2.66,3.02,2.6,1.89,1,1.39,neutral,neutral,0,-0.356,32,11220,1,
s39639,STBLUSDT,1790003700000,val,-1,-2.43,0.367,4.87,4.22,1.72,-3.82,2.09,1.44,1.55,1.06,0,1.39,neutral,neutral,0,-0.036,32,11220,1,
s39640,PENDLEUSDT,1790003700000,val,-1,-3.99,0.459,4.85,4.64,0.83,-5.38,2.3,1.4,1.27,1.22,1,1.39,neutral,neutral,0,0.784,32,11220,1,
s39641,LDOUSDT,1790003700000,testA,-1,-3.4,0.41,4.46,4.02,1.03,-4.79,2.04,2.02,1.91,2.3,0,1.39,neutral,bajista,0,-0.468,32,11219,2,
s39642,PENDLEUSDT,1790004600000,val,-1,-3.71,0.441,5.24,4.69,0.93,-5.23,2.18,1.4,1.27,1.22,1,1.52,neutral,bajista,0,0.776,32,11221,2,
s39643,ARUSDT,1790004600000,testA,-1,-4.13,0.403,5.51,4.85,1.19,-5.65,2.2,0.78,1.17,1.92,0,1.52,neutral,bajista,0,-0.339,32,11220,4,
s39644,PENDLEUSDT,1790005500000,val,-1,-4.27,0.474,6.06,5.61,1.14,-5.48,2.72,1.4,1.27,1.22,1,1.21,neutral,bajista,0,0.515,32,11222,3,
s39645,ARUSDT,1790005500000,testA,-1,-3.74,0.374,5.31,4.59,1.18,-4.95,1.79,0.78,1.17,1.92,0,1.21,neutral,neutral,0,-0.373,32,11221,0,
s39646,PENDLEUSDT,1790006400000,val,-1,-4.22,0.467,6.71,5.56,1.39,-5.07,2.35,1.7,1.42,1.26,1,0.86,neutral,neutral,0,0.381,32,11223,0,
s39647,PENDLEUSDT,1790007300000,val,-1,-4.82,0.524,6.73,5.99,1.21,-5.71,2.45,1.7,1.42,1.26,1,0.89,neutral,neutral,0,0.321,32,11224,1,
s39648,STBLUSDT,1790008200000,val,-1,-2.55,0.422,4.83,3.44,0.38,-3.22,0.91,1.32,1.54,1.05,0,0.66,neutral,neutral,0,-0.163,32,11225,1,
s39649,OPUSDT,1790008200000,val,-1,-3.48,0.357,6.03,3.7,0.55,-4.14,0.41,1.92,1.55,1.54,1,0.66,neutral,neutral,0,-0.226,32,11225,1,
s39650,PENDLEUSDT,1790008200000,val,-1,-6.51,0.707,7.31,7.01,1.39,-7.17,3.03,1.7,1.42,1.26,1,0.66,neutral,bajista,0,0.159,32,11225,2,
s39651,ARUSDT,1790008200000,testA,-1,-4.34,0.402,6.21,6.08,0.88,-5.01,2.83,0.79,1.17,1.78,0,0.66,neutral,neutral,0,-0.374,32,11224,1,
s39652,STBLUSDT,1790009100000,val,-1,-2.48,0.415,4.83,3.44,0.25,-3.22,0.79,1.32,1.54,1.05,0,0.74,neutral,neutral,0,0.261,32,11226,0,
s39653,OPUSDT,1790009100000,val,-1,-3.62,0.365,6.06,4.08,0.54,-4.36,0.77,1.92,1.55,1.54,1,0.74,neutral,bajista,0,-0.014,32,11226,2,
s39654,PENDLEUSDT,1790009100000,val,-1,-6.45,0.705,7.37,7.03,1.47,-7.19,2.96,1.7,1.42,1.26,1,0.74,neutral,bajista,0,0.206,32,11226,3,
s39655,ARUSDT,1790009100000,testA,-1,-5.16,0.525,6.46,5.86,0.98,-5.9,2.18,0.79,1.17,1.78,0,0.74,neutral,neutral,0,-0.136,32,11225,0,
s39656,STBLUSDT,1790010000000,val,-1,-2.6,0.425,4.85,3.83,0.2,-3.52,1.17,1.18,1.54,1.06,0,0.92,neutral,neutral,0,0.098,32,11227,1,
s39657,ENAUSDT,1790010000000,val,-1,-7.28,0.543,8.58,7.98,0.88,-8.2,3.25,1.95,1.83,1.86,0,0.92,neutral,bajista,0,-0.071,32,11227,6,
s39658,ARBUSDT,1790010000000,val,-1,-7.05,0.497,9.09,7.99,0.72,-7.97,2.64,1.95,1.64,1.3,1,0.92,neutral,neutral,0,0.329,32,11227,0,
s39659,OPUSDT,1790010000000,val,-1,-3.88,0.38,4.98,4.24,0.47,-4.8,1.93,2.25,1.76,1.51,1,0.92,neutral,bajista,0,-0.115,32,11227,3,
s39660,PENDLEUSDT,1790010000000,val,-1,-5.8,0.681,6.51,6.19,1.21,-6.72,2.73,1.87,1.52,1.31,1,0.92,neutral,bajista,0,0.255,32,11227,4,
s39661,ARUSDT,1790010000000,testA,-1,-5.29,0.529,6.48,6.21,1.05,-6.21,2.87,0.8,1.17,1.35,0,0.92,neutral,neutral,0,-0.09,32,11226,1,
s39662,STBLUSDT,1790010900000,val,-1,-3.04,0.469,3.92,3.32,0.22,-4.15,1.51,1.18,1.54,1.06,0,1.11,neutral,bajista,0,-0.102,32,11228,2,
s39663,ENAUSDT,1790010900000,val,-1,-6.28,0.503,8.42,7.96,0.87,-7.39,3.46,1.95,1.83,1.86,0,1.11,neutral,bajista,0,-0.367,32,11228,7,
s39664,ARBUSDT,1790010900000,val,-1,-5.31,0.42,7.8,7.43,0.75,-6.42,3.27,1.95,1.64,1.3,1,1.11,neutral,neutral,0,0.27,32,11228,1,
s39665,PENDLEUSDT,1790010900000,val,-1,-3.98,0.563,6.2,5.4,1.3,-5.09,2.45,1.87,1.52,1.31,1,1.11,neutral,neutral,0,0.247,32,11228,0,
s39666,ARUSDT,1790010900000,testA,-1,-5.36,0.53,7.54,7.27,1.06,-6.47,3.54,0.8,1.17,1.35,0,1.11,neutral,bajista,0,-0.371,32,11227,2,
s39667,STBLUSDT,1790011800000,val,-1,-2.79,0.447,3.7,3.17,0.39,-3.75,1.42,1.18,1.54,1.06,0,0.96,neutral,bajista,0,-0.071,32,11229,3,
s39668,ENAUSDT,1790011800000,val,-1,-5.26,0.424,8.38,7.44,0.82,-6.22,2.91,1.95,1.83,1.86,0,0.96,neutral,neutral,0,-0.157,32,11229,0,
s39669,ARBUSDT,1790011800000,val,-1,-4.98,0.403,7.95,7.23,0.54,-5.94,3.28,1.95,1.64,1.3,1,0.96,neutral,bajista,0,0.183,32,11229,2,
s39670,PENDLEUSDT,1790011800000,val,-1,-4.6,0.603,6.24,6.07,1.21,-5.56,2.73,1.87,1.52,1.31,1,0.96,neutral,neutral,0,0.175,32,11229,1,
s39671,ARUSDT,1790011800000,testA,-1,-5.27,0.517,6.86,6.49,0.91,-6.23,3.28,0.8,1.17,1.35,0,0.96,neutral,neutral,0,-0.509,32,11228,0,
s39672,STBLUSDT,1790012700000,val,-1,-3.16,0.478,3.95,3.64,0.47,-3.66,1.66,1.18,1.54,1.06,0,0.5,neutral,bajista,0,-0.26,32,11230,4,
s39673,WLDUSDT,1790012700000,val,-1,-3.65,0.423,4.71,3.88,0.85,-4.14,2.15,2.1,2.29,1.83,0,0.5,neutral,neutral,0,-1.0,10,11230,1,
s39674,ARBUSDT,1790012700000,val,-1,-5.76,0.505,7.22,6.45,0.55,-6.26,2.95,1.95,1.64,1.3,1,0.5,neutral,neutral,0,0.134,32,11230,0,
s39675,OPUSDT,1790012700000,val,-1,-4.13,0.475,6.75,4.42,1.58,-4.63,2.11,2.25,1.76,1.51,1,0.5,neutral,bajista,0,-0.534,32,11230,6,
s39676,TIAUSDT,1790012700000,val,-1,-3.46,0.419,4.03,3.68,1.22,-3.96,2.23,2.37,1.84,1.43,1,0.5,neutral,bajista,0,-1.0,32,11230,2,
s39677,PENDLEUSDT,1790012700000,val,-1,-4.22,0.529,5.63,4.72,0.97,-4.71,1.72,1.87,1.52,1.31,1,0.5,neutral,neutral,0,0.457,32,11230,0,
s39678,ARUSDT,1790012700000,testA,-1,-6.09,0.595,7.34,6.71,1.09,-6.58,3.28,0.8,1.17,1.35,0,0.5,neutral,neutral,0,-1.0,26,11229,1,
s39679,ARBUSDT,1790013600000,val,-1,-4.57,0.389,7.17,5.61,0.54,-5.37,1.62,1.46,1.64,1.29,0,0.79,neutral,neutral,0,0.39,32,11231,0,
s39680,PENDLEUSDT,1790013600000,val,-1,-2.65,0.382,5.12,3.97,0.88,-3.44,1.1,1.89,1.55,1.33,1,0.79,neutral,neutral,0,0.808,32,11231,0,
s39681,ARUSDT,1790013600000,testA,-1,-4.24,0.43,7.29,5.91,0.99,-5.03,2.19,0.76,1.04,1.13,0,0.79,neutral,neutral,0,-1.0,25,11230,0,
s39682,STBLUSDT,1790014500000,val,-1,-2.78,0.384,3.81,2.86,0.72,-3.02,0.83,1.04,1.56,1.08,0,0.23,neutral,neutral,0,-0.079,32,11232,1,
s39683,ENAUSDT,1790014500000,val,-1,-4.91,0.472,8.25,6.41,0.75,-5.14,1.44,1.8,1.82,1.74,0,0.23,neutral,neutral,0,-0.007,32,11232,1,
s39684,ARBUSDT,1790014500000,val,-1,-5.29,0.448,6.81,5.68,0.52,-5.53,1.76,1.46,1.64,1.29,0,0.23,neutral,neutral,0,0.277,32,11232,1,
s39685,OPUSDT,1790014500000,val,-1,-3.12,0.424,6.38,4.02,1.49,-3.36,1.54,2.08,1.77,1.45,1,0.23,neutral,neutral,0,-1.0,18,11232,1,
s39686,PENDLEUSDT,1790014500000,val,-1,-3.57,0.506,5.15,4.55,0.72,-3.8,1.5,1.89,1.55,1.33,1,0.23,neutral,neutral,0,0.595,32,11232,1,
s39687,ARUSDT,1790014500000,testA,-1,-5.02,0.544,7.3,6.06,0.82,-5.26,2.11,0.76,1.04,1.13,0,0.23,neutral,neutral,0,-1.0,24,11231,1,
s39688,ENAUSDT,1790015400000,val,-1,-4.87,0.467,8.24,6.29,0.7,-5.02,1.35,1.8,1.82,1.74,0,0.15,neutral,neutral,0,-0.032,32,11233,0,
s39689,ARBUSDT,1790015400000,val,-1,-4.34,0.396,6.66,6.1,0.39,-4.49,2.22,1.46,1.64,1.29,0,0.15,neutral,bajista,0,0.115,32,11233,2,
s39690,OPUSDT,1790015400000,val,-1,-2.54,0.373,6.4,4.23,1.36,-2.69,1.71,2.08,1.77,1.45,1,0.15,neutral,bajista,0,-1.0,17,11233,2,
s39691,PENDLEUSDT,1790015400000,val,-1,-3.29,0.485,5.35,4.59,0.66,-3.44,1.44,1.89,1.55,1.33,1,0.15,neutral,bajista,0,0.427,32,11233,2,
s39692,ARUSDT,1790015400000,testA,-1,-5.57,0.588,7.33,6.51,0.77,-5.72,2.35,0.76,1.04,1.13,0,0.15,neutral,bajista,0,-1.0,23,11232,2,
s39693,ENAUSDT,1790016300000,val,-1,-5.24,0.507,7.95,6.14,0.58,-5.49,1.08,1.8,1.82,1.74,0,0.25,neutral,neutral,0,-0.015,32,11234,1,
s39694,OPUSDT,1790016300000,val,-1,-2.82,0.434,5.7,3.32,0.33,-3.07,1.12,2.08,1.77,1.45,1,0.25,neutral,neutral,0,-1.0,15,11234,0,
s39695,PENDLEUSDT,1790016300000,val,-1,-3.65,0.572,5.35,4.52,0.5,-3.9,1.05,1.89,1.55,1.33,1,0.25,neutral,neutral,0,0.718,32,11234,0,
s39696,ARUSDT,1790016300000,testA,-1,-4.42,0.476,6.46,5.15,0.6,-4.67,1.52,0.76,1.04,1.13,0,0.25,neutral,neutral,0,-1.0,22,11233,0,
s39697,STBLUSDT,1790017200000,val,-1,-2.4,0.359,3.74,2.98,0.36,-2.13,0.8,0.98,1.24,1.11,0,-0.27,neutral,neutral,0,-0.076,32,11235,1,
s39698,ENAUSDT,1790017200000,val,-1,-3.85,0.41,6.07,4.07,0.44,-3.58,0.94,1.62,1.82,1.69,0,-0.27,neutral,neutral,0,0.187,32,11235,0,
s39699,OPUSDT,1790017200000,val,-1,-2.6,0.414,5.27,2.9,0.29,-2.34,1.12,1.75,1.78,1.42,0,-0.27,neutral,neutral,0,-1.0,14,11235,1,
s39700,PENDLEUSDT,1790017200000,val,-1,-3.92,0.617,4.78,4.09,0.45,-3.66,1.13,1.71,1.56,1.35,1,-0.27,neutral,neutral,0,0.764,32,11235,1,
s39701,ARUSDT,1790017200000,testA,-1,-4.04,0.42,6.08,4.41,0.54,-3.77,1.15,0.74,0.9,1.08,0,-0.27,neutral,neutral,0,-1.0,18,11234,0,
s39702,PENDLEUSDT,1790018100000,val,-1,-2.73,0.525,3.6,3.03,0.55,-3.33,1.1,1.71,1.56,1.35,1,0.6,neutral,bajista,0,0.891,32,11236,2,
s39703,JUPUSDT,1790019000000,val,-1,-3.01,0.368,6.1,4.01,0.57,-3.54,0.49,1.78,2.04,2.4,0,0.53,neutral,neutral,0,0.143,32,11237,0,
s39704,PENDLEUSDT,1790019000000,val,-1,-2.62,0.5,3.5,2.86,0.44,-3.15,0.99,1.71,1.56,1.35,1,0.53,neutral,neutral,0,1.126,32,11237,0,
s39705,STXUSDT,1790019900000,testA,1,2.19,0.396,2.89,2.62,1.05,1.52,0.97,1.25,1.38,1.49,0,0.67,neutral,alcista,0,0.886,32,11237,3,
s39706,ARBUSDT,1790020800000,val,-1,-4.99,0.454,6.41,5.93,0.89,-6.19,2.22,1.03,1.64,1.33,0,1.19,neutral,bajista,0,0.259,32,11239,3,
s39707,JUPUSDT,1790020800000,val,-1,-2.72,0.35,5.35,3.13,0.71,-3.91,0.06,1.44,1.86,2.4,0,1.19,neutral,neutral,0,0.118,32,11239,1,
s39708,PENDLEUSDT,1790020800000,val,-1,-2.28,0.474,2.91,2.75,0.54,-3.48,1.07,1.65,1.58,1.4,1,1.19,neutral,bajista,0,1.191,32,11239,2,
s39709,STXUSDT,1790020800000,testA,1,2.16,0.392,2.83,2.65,0.82,0.97,1.17,1.38,1.44,1.52,0,1.19,neutral,alcista,0,1.0,32,11238,4,
s39710,WLDUSDT,1790021700000,val,1,3.64,0.374,6.9,6.75,2.36,1.97,4.24,2.16,2.44,1.99,0,1.67,neutral,alcista,0,-0.026,32,11240,4,
s39711,STXUSDT,1790021700000,testA,1,3.75,0.53,4.84,4.72,1.57,2.08,2.99,1.38,1.44,1.52,0,1.67,neutral,alcista,0,0.136,32,11239,5,
s39712,WLDUSDT,1790022600000,val,1,3.81,0.396,8.22,6.58,3.9,2.53,3.64,2.16,2.44,1.99,0,1.28,neutral,neutral,0,-0.123,32,11241,0,
s39713,STXUSDT,1790022600000,testA,1,4.0,0.574,5.18,4.78,2.02,2.72,2.89,1.38,1.44,1.52,0,1.28,neutral,alcista,0,0.085,32,11240,6,
s39714,WLDUSDT,1790023500000,val,1,5.68,0.533,8.52,7.83,4.65,4.45,4.51,2.16,2.44,1.99,0,1.22,neutral,neutral,0,-0.397,32,11242,1,
s39715,STXUSDT,1790023500000,testA,1,5.11,0.633,6.36,5.9,2.92,3.89,3.68,1.38,1.44,1.52,0,1.22,neutral,alcista,0,-0.2,32,11241,7,
s39716,STXUSDT,1790024400000,testA,1,3.77,0.436,6.42,5.02,3.03,3.01,2.38,1.23,1.27,1.49,0,0.75,neutral,neutral,0,0.116,32,11242,0,
s39717,WLDUSDT,1790025300000,val,1,4.8,0.375,8.66,6.38,2.39,3.92,2.44,2.03,2.18,2.01,0,0.88,neutral,neutral,0,-0.268,32,11244,1,
s39718,STXUSDT,1790025300000,testA,1,3.69,0.421,6.44,4.72,2.31,2.8,1.88,1.23,1.27,1.49,0,0.88,neutral,neutral,0,0.346,32,11243,0,
s39719,STXUSDT,1790026200000,testA,1,3.43,0.378,6.48,4.08,1.56,2.38,1.06,1.23,1.27,1.49,0,1.05,neutral,neutral,0,0.496,32,11244,0,
s39720,PUMPUSDT,1790027100000,val,1,2.79,0.384,3.99,3.08,0.38,1.98,0.36,1.14,1.23,1.2,0,0.8,neutral,neutral,1,2.0,32,11246,0,
s39721,PENDLEUSDT,1790027100000,val,-1,-2.17,0.367,2.96,2.62,1.66,-2.97,1.27,1.69,1.57,1.45,1,0.8,neutral,bajista,0,0.715,32,11246,2,
s39722,STXUSDT,1790027100000,testA,1,4.79,0.508,6.29,4.69,0.67,3.98,1.64,1.23,1.27,1.49,0,0.8,neutral,neutral,0,0.335,32,11245,1,
s39723,WLDUSDT,1790028000000,val,1,5.59,0.408,7.71,6.01,0.54,4.85,2.61,2.04,2.11,2.03,0,0.74,neutral,neutral,0,-0.141,32,11247,1,
s39724,PENDLEUSDT,1790028000000,val,-1,-2.5,0.435,3.32,2.67,1.75,-3.24,1.25,1.69,1.72,1.51,0,0.74,neutral,bajista,0,0.749,32,11247,3,
s39725,STXUSDT,1790028000000,testA,1,4.72,0.506,5.98,5.06,0.6,3.98,2.12,1.21,1.25,1.46,0,0.74,neutral,alcista,0,0.114,32,11246,2,
s39726,XPLUSDT,1790028900000,val,-1,-2.73,0.364,4.69,4.04,1.1,-3.33,1.35,1.43,3.01,2.86,0,0.59,neutral,neutral,0,0.352,32,11248,1,
s39727,WLDUSDT,1790028900000,val,1,5.57,0.404,7.74,5.64,0.63,4.97,1.99,2.04,2.11,2.03,0,0.59,neutral,neutral,0,-0.194,32,11248,0,
s39728,OPUSDT,1790028900000,val,1,2.63,0.404,3.28,3.15,0.76,2.04,1.6,1.12,1.55,1.36,0,0.59,neutral,alcista,0,-0.413,32,11248,2,
s39729,PENDLEUSDT,1790028900000,val,-1,-2.24,0.406,3.22,2.86,1.91,-2.83,1.31,1.69,1.72,1.51,0,0.59,neutral,bajista,0,0.644,32,11248,4,
s39730,ONDOUSDT,1790028900000,val,1,3.24,0.388,5.6,3.91,1.82,2.65,1.5,1.38,1.95,1.97,0,0.59,neutral,neutral,0,-1.0,15,11247,0,
s39731,STXUSDT,1790028900000,testA,1,4.13,0.455,5.99,4.89,0.48,3.54,1.81,1.21,1.25,1.46,0,0.59,neutral,neutral,0,0.077,32,11247,0,
s39732,WLDUSDT,1790029800000,val,1,5.73,0.411,7.49,5.55,0.58,5.14,2.08,2.04,2.11,2.03,0,0.59,neutral,neutral,0,-0.185,32,11249,1,
s39733,OPUSDT,1790029800000,val,1,3.63,0.511,3.91,3.82,0.71,3.04,2.17,1.12,1.55,1.36,0,0.59,neutral,alcista,0,-0.501,32,11249,3,
s39734,PENDLEUSDT,1790029800000,val,-1,-2.38,0.421,3.23,3.05,1.97,-2.97,1.45,1.69,1.72,1.51,0,0.59,neutral,bajista,0,0.513,32,11249,5,
s39735,ONDOUSDT,1790029800000,val,1,4.12,0.475,5.35,4.22,2.09,3.53,1.98,1.38,1.95,1.97,0,0.59,neutral,neutral,0,-1.0,11,11248,1,
s39736,ARUSDT,1790029800000,testA,1,3.38,0.442,3.6,3.27,1.05,2.79,1.85,0.51,0.65,1.01,0,0.59,neutral,alcista,0,-1.0,23,11248,3,
s39737,STXUSDT,1790029800000,testA,1,4.26,0.472,5.99,4.92,0.59,3.67,1.73,1.21,1.25,1.46,0,0.59,neutral,neutral,0,0.076,32,11248,0,
s39738,PUMPUSDT,1790030700000,val,1,3.05,0.414,3.37,3.3,0.89,2.59,1.89,0.87,1.18,1.2,0,0.46,neutral,alcista,0,0.614,32,11250,4,
s39739,WLDUSDT,1790030700000,val,1,6.1,0.427,7.44,6.16,0.6,5.64,2.36,2.04,2.11,2.03,0,0.46,neutral,alcista,0,-0.299,32,11250,2,
s39740,OPUSDT,1790030700000,val,1,3.92,0.531,4.49,4.31,0.9,3.46,2.36,1.12,1.55,1.36,0,0.46,neutral,alcista,0,-0.704,32,11250,4,
s39741,ONDOUSDT,1790030700000,val,1,4.02,0.469,5.34,4.36,2.28,3.55,1.87,1.38,1.95,1.97,0,0.46,neutral,alcista,0,-1.0,10,11249,2,
s39742,ARUSDT,1790030700000,testA,1,3.21,0.43,3.96,3.57,1.26,2.74,1.87,0.51,0.65,1.01,0,0.46,neutral,alcista,0,-1.0,21,11249,4,
s39743,STXUSDT,1790030700000,testA,1,3.64,0.405,6.01,4.65,0.57,3.18,1.2,1.21,1.25,1.46,0,0.46,neutral,neutral,0,0.013,32,11249,0,
s39744,PUMPUSDT,1790031600000,val,1,3.13,0.428,3.78,3.12,1.19,2.43,1.62,0.67,1.19,1.21,0,0.7,neutral,neutral,0,0.818,32,11251,0,
s39745,WLDUSDT,1790031600000,val,1,6.02,0.424,7.43,6.33,0.58,5.32,2.34,2.0,2.09,2.07,0,0.7,neutral,alcista,0,-0.247,32,11251,3,
s39746,OPUSDT,1790031600000,val,1,3.58,0.464,4.51,3.84,0.96,2.88,1.87,0.73,1.5,1.36,0,0.7,neutral,neutral,0,-0.669,32,11251,0,
s39747,ARUSDT,1790031600000,testA,1,2.97,0.413,3.93,3.06,1.54,2.27,1.83,0.45,0.63,1.0,0,0.7,neutral,alcista,0,-1.0,20,11250,5,
s39748,STXUSDT,1790031600000,testA,1,3.56,0.391,5.24,3.58,0.68,2.86,0.77,1.32,1.3,1.43,0,0.7,neutral,neutral,0,0.228,32,11250,0,
s39749,AXSUSDT,1790031600000,testA,1,2.52,0.448,3.22,2.83,3.17,1.82,1.68,0.74,1.26,1.39,0,0.7,neutral,alcista,0,-0.389,32,11250,3,
s39750,APEUSDT,1790031600000,testA,1,2.02,0.433,2.52,2.32,0.82,1.32,0.76,0.82,1.49,1.61,0,0.7,neutral,neutral,0,0.412,32,11250,1,
s39751,WLDUSDT,1790032500000,val,1,5.27,0.352,7.1,5.13,0.48,5.12,1.34,2.0,2.09,2.07,0,0.15,neutral,neutral,0,-0.323,32,11252,0,
s39752,OPUSDT,1790032500000,val,1,3.37,0.426,4.35,3.49,1.0,3.22,1.54,0.73,1.5,1.36,0,0.15,neutral,neutral,0,-0.836,32,11252,0,
s39753,ONDOUSDT,1790032500000,val,1,3.01,0.357,5.06,3.21,1.03,2.86,0.86,1.36,1.83,1.94,0,0.15,neutral,neutral,0,-1.0,8,11251,0,
s39754,ARUSDT,1790032500000,testA,1,2.32,0.356,3.92,3.27,1.55,2.17,1.91,0.45,0.63,1.0,0,0.15,neutral,alcista,0,-1.0,19,11251,6,
s39755,AXSUSDT,1790032500000,testA,1,2.37,0.41,3.01,2.43,3.27,2.22,1.34,0.74,1.26,1.39,0,0.15,neutral,neutral,0,-1.0,25,11251,0,
s39756,XPLUSDT,1790033400000,val,-1,-2.76,0.445,4.68,3.98,0.91,-2.64,0.84,1.38,2.36,2.9,0,-0.12,neutral,bajista,0,0.398,32,11253,3,
s39757,WLDUSDT,1790033400000,val,1,5.56,0.364,6.97,5.38,0.56,5.68,1.51,2.0,2.09,2.07,0,-0.12,neutral,neutral,0,-0.308,32,11253,1,
s39758,OPUSDT,1790033400000,val,1,2.85,0.358,4.37,3.21,1.1,2.98,1.1,0.73,1.5,1.36,0,-0.12,neutral,neutral,0,-0.707,32,11253,0,
s39759,ONDOUSDT,1790033400000,val,1,3.77,0.421,4.99,3.74,0.68,3.89,1.28,1.36,1.83,1.94,0,-0.12,neutral,neutral,0,-1.0,7,11252,1,
s39760,ARUSDT,1790033400000,testA,1,3.28,0.439,4.52,4.17,1.59,3.4,2.52,0.45,0.63,1.0,0,-0.12,neutral,alcista,0,-1.0,18,11252,7,
s39761,XPLUSDT,1790034300000,val,-1,-2.6,0.411,4.33,2.82,0.86,-2.74,0.07,1.38,2.36,2.9,0,0.14,neutral,neutral,0,0.866,32,11254,0,
s39762,ONDOUSDT,1790034300000,val,1,3.06,0.374,4.21,3.12,0.53,2.92,1.23,1.36,1.83,1.94,0,0.14,neutral,alcista,0,-1.0,5,11253,2,
s39763,ARUSDT,1790034300000,testA,1,3.14,0.429,4.51,4.29,1.41,2.99,2.35,0.45,0.63,1.0,0,0.14,neutral,alcista,0,-1.0,17,11253,8,
s39764,XPLUSDT,1790035200000,val,-1,-2.38,0.389,4.02,3.04,0.83,-2.08,0.5,1.44,2.09,2.9,0,-0.3,neutral,neutral,0,0.672,32,11255,1,
s39765,ONDOUSDT,1790035200000,val,1,2.85,0.358,3.95,2.88,0.53,3.16,1.18,1.51,1.79,1.91,0,-0.3,neutral,alcista,0,-1.0,4,11254,3,
s39766,SUIUSDT,1790036100000,val,1,2.9,0.388,4.17,4.03,2.17,3.9,2.28,1.65,2.61,3.43,0,-1.0,neutral,neutral,0,-1.0,20,11256,1,
s39767,ARUSDT,1790036100000,testA,1,2.83,0.356,5.79,4.52,1.66,3.84,2.08,0.51,0.64,0.96,0,-1.0,neutral,neutral,0,-1.0,15,11255,1,
s39768,PUMPUSDT,1790037000000,val,1,4.07,0.522,4.6,4.33,2.09,4.75,2.66,0.78,1.19,1.21,0,-0.69,neutral,alcista,0,0.536,32,11257,2,
s39769,SUIUSDT,1790037000000,val,1,5.17,0.598,5.78,5.58,3.11,5.86,3.33,1.65,2.61,3.43,0,-0.69,neutral,alcista,0,-1.0,19,11257,2,
s39770,TIAUSDT,1790037000000,val,1,2.53,0.577,2.92,2.9,0.57,3.22,1.31,1.19,1.6,1.45,0,-0.69,neutral,neutral,0,0.906,32,11257,1,
s39771,ONDOUSDT,1790037000000,val,1,3.36,0.497,3.92,3.42,0.68,4.04,1.61,1.51,1.79,1.91,0,-0.69,neutral,alcista,0,-1.0,2,11256,5,
s39772,STXUSDT,1790037900000,testA,-1,-2.91,0.381,3.85,3.41,0.82,-1.63,1.05,1.34,1.3,1.35,0,-1.27,neutral,bajista,0,-1.0,18,11257,2,
s39773,STXUSDT,1790038800000,testA,-1,-2.93,0.381,4.73,4.25,1.13,-2.0,2.09,1.35,1.31,1.32,0,-0.93,neutral,bajista,0,-1.0,17,11258,3,
s39774,PUMPUSDT,1790039700000,val,1,3.58,0.379,4.35,3.88,2.85,4.57,2.22,0.99,1.26,1.23,0,-0.98,neutral,neutral,0,0.23,32,11260,1,
s39775,PUMPUSDT,1790040600000,val,1,3.51,0.371,5.25,3.84,2.98,4.78,1.89,0.99,1.26,1.23,0,-1.27,neutral,neutral,0,0.308,32,11261,0,
s39776,GRTUSDT,1790040600000,testA,1,3.11,0.444,3.6,3.48,2.19,4.38,1.7,1.22,1.26,1.79,0,-1.27,neutral,alcista,0,-0.361,32,11260,2,
s39777,PUMPUSDT,1790041500000,val,1,3.82,0.409,5.24,3.91,2.07,4.93,1.88,0.99,1.26,1.23,0,-1.1,neutral,neutral,0,0.434,32,11262,1,
s39778,TIAUSDT,1790041500000,val,1,2.79,0.458,2.89,2.8,1.21,3.89,1.31,1.28,1.51,1.48,0,-1.1,neutral,alcista,0,-1.0,15,11262,4,
s39779,GRTUSDT,1790041500000,testA,1,3.51,0.529,3.6,3.48,2.08,4.62,1.58,1.22,1.26,1.79,0,-1.1,neutral,neutral,0,-0.506,32,11261,0,
s39780,PUMPUSDT,1790042400000,val,1,4.12,0.428,5.23,4.2,1.81,5.29,1.88,1.12,1.27,1.28,0,-1.17,neutral,alcista,0,0.037,32,11263,2,
s39781,ONDOUSDT,1790042400000,val,-1,-3.4,0.42,6.21,5.55,1.1,-2.23,2.23,1.73,1.71,1.9,0,-1.17,neutral,neutral,0,0.393,32,11262,1,
s39782,STXUSDT,1790042400000,testA,-1,-3.32,0.466,4.99,4.19,0.73,-2.15,1.5,1.03,1.21,1.29,0,-1.17,neutral,bajista,0,-1.0,13,11262,2,
s39783,PUMPUSDT,1790043300000,val,1,3.54,0.36,4.91,3.51,1.4,4.33,1.35,1.12,1.27,1.28,0,-0.79,neutral,neutral,0,0.248,32,11264,0,
s39784,TIAUSDT,1790043300000,val,1,2.7,0.408,3.01,2.79,0.75,3.49,1.52,1.2,1.34,1.48,0,-0.79,neutral,neutral,0,-1.0,12,11264,1,
s39785,SEIUSDT,1790043300000,val,1,4.53,0.463,4.97,4.86,1.05,5.32,2.84,2.53,3.01,7.21,0,-0.79,neutral,alcista,0,-0.07,32,11264,5,
s39786,GRTUSDT,1790043300000,testA,1,3.25,0.444,3.74,3.27,1.29,4.04,1.2,1.27,1.24,1.74,0,-0.79,neutral,neutral,0,-0.718,32,11263,1,
s39787,SEIUSDT,1790044200000,val,1,4.61,0.468,5.43,5.09,1.26,5.32,2.87,2.53,3.01,7.21,0,-0.71,neutral,alcista,0,-0.045,32,11265,6,
s39788,ONDOUSDT,1790044200000,val,-1,-3.34,0.404,6.17,4.93,0.69,-2.63,1.32,1.73,1.71,1.9,0,-0.71,neutral,neutral,0,0.573,32,11264,1,
s39789,GRTUSDT,1790044200000,testA,1,2.48,0.382,3.34,3.01,0.88,3.19,1.63,1.27,1.24,1.74,0,-0.71,neutral,alcista,0,-1.0,10,11264,2,
s39790,SEIUSDT,1790045100000,val,1,3.56,0.355,5.66,4.52,1.43,4.41,2.02,2.53,3.01,7.21,0,-0.85,neutral,neutral,0,-0.098,32,11266,0,
s39791,ONDOUSDT,1790045100000,val,-1,-4.41,0.488,6.23,5.93,0.71,-3.56,2.19,1.73,1.71,1.9,0,-0.85,neutral,bajista,0,0.312,32,11265,2,
s39792,ASTERUSDT,1790046000000,val,-1,-3.07,0.59,3.86,3.26,1.96,-1.8,1.51,1.82,1.71,2.24,0,-1.27,neutral,bajista,0,0.215,32,11267,5,
s39793,ARBUSDT,1790046000000,val,-1,-3.41,0.456,4.32,3.7,0.52,-2.14,1.29,0.69,0.77,1.2,0,-1.27,neutral,bajista,0,0.452,32,11267,2,
s39794,PENDLEUSDT,1790046000000,val,-1,-2.27,0.366,3.4,3.17,0.98,-1.0,1.22,1.78,1.77,1.56,1,-1.27,neutral,bajista,0,0.72,32,11267,2,
s39795,ONDOUSDT,1790046000000,val,-1,-4.03,0.465,6.78,6.03,0.82,-2.76,2.06,1.78,1.61,1.92,0,-1.27,neutral,bajista,0,0.303,32,11266,3,
s39796,ASTERUSDT,1790046900000,val,-1,-2.02,0.36,3.79,2.26,2.44,-1.01,0.75,1.82,1.71,2.24,0,-1.02,neutral,neutral,0,0.479,32,11268,0,
s39797,ARBUSDT,1790046900000,val,-1,-3.13,0.404,4.79,3.3,0.72,-2.12,0.85,0.69,0.77,1.2,0,-1.02,neutral,neutral,0,0.57,32,11268,0,
s39798,INJUSDT,1790046900000,val,-1,-3.72,0.425,5.62,3.99,3.81,-2.71,2.57,0.93,0.99,1.17,0,-1.02,neutral,bajista,0,-0.758,32,11268,3,
s39799,ASTERUSDT,1790047800000,val,-1,-2.69,0.427,3.82,3.19,2.83,-1.57,1.52,1.82,1.71,2.24,0,-1.12,neutral,neutral,0,-0.078,32,11269,1,
s39800,ARBUSDT,1790047800000,val,-1,-2.92,0.386,4.79,3.4,0.69,-1.8,0.95,0.69,0.77,1.2,0,-1.12,neutral,neutral,0,0.425,32,11269,1,
s39801,INJUSDT,1790047800000,val,-1,-3.39,0.395,5.62,3.9,4.07,-2.27,2.45,0.93,0.99,1.17,0,-1.12,neutral,neutral,0,-0.794,32,11269,0,
s39802,ONDOUSDT,1790047800000,val,-1,-4.22,0.479,6.85,6.01,0.89,-3.1,1.81,1.78,1.61,1.92,0,-1.12,neutral,neutral,0,0.278,32,11268,1,
s39803,ASTERUSDT,1790048700000,val,-1,-2.46,0.377,3.81,2.89,2.74,-1.39,1.22,1.82,1.71,2.24,0,-1.07,neutral,neutral,0,0.09,32,11270,0,
s39804,INJUSDT,1790048700000,val,-1,-3.44,0.403,5.62,3.88,4.08,-2.37,2.2,0.93,0.99,1.17,0,-1.07,neutral,neutral,0,-0.847,32,11270,0,
s39805,ONDOUSDT,1790048700000,val,-1,-3.89,0.426,6.82,5.48,0.79,-2.82,1.13,1.78,1.61,1.92,0,-1.07,neutral,neutral,0,0.444,32,11269,0,
s39806,ARBUSDT,1790049600000,val,-1,-2.73,0.368,4.83,4.21,0.62,-1.74,1.59,0.73,0.7,1.19,0,-0.99,neutral,bajista,0,0.23,32,11271,3,
s39807,INJUSDT,1790049600000,val,-1,-3.19,0.364,5.6,3.55,3.23,-2.21,1.64,0.97,0.92,1.17,0,-0.99,neutral,neutral,0,-1.0,32,11271,0,
s39808,PENDLEUSDT,1790049600000,val,-1,-3.44,0.53,4.07,3.89,0.74,-2.45,1.57,1.58,1.66,1.58,0,-0.99,neutral,neutral,0,0.473,32,11271,1,
s39809,ONDOUSDT,1790049600000,val,-1,-4.24,0.449,6.84,5.84,0.5,-3.25,1.28,1.54,1.48,1.94,0,-0.99,neutral,neutral,0,0.445,32,11270,1,
s39810,PENDLEUSDT,1790050500000,val,-1,-3.02,0.464,4.21,3.66,0.71,-2.05,1.23,1.58,1.66,1.58,0,-0.97,neutral,neutral,0,0.506,32,11272,0,
s39811,ONDOUSDT,1790050500000,val,-1,-4.72,0.518,6.69,5.8,0.35,-3.75,1.34,1.54,1.48,1.94,0,-0.97,neutral,bajista,0,0.354,32,11271,2,
s39812,ARUSDT,1790050500000,testA,-1,-5.6,0.48,8.37,6.43,1.23,-4.62,2.84,0.61,0.56,0.89,0,-0.97,neutral,bajista,0,-0.007,32,11271,4,
s39813,MANAUSDT,1790050500000,testA,1,2.21,0.398,3.55,3.05,1.27,3.18,1.34,1.52,1.11,1.35,0,-0.97,neutral,alcista,0,-1.0,24,11271,5,
s39814,WLDUSDT,1790051400000,val,-1,-4.89,0.612,5.64,5.18,0.54,-3.91,1.36,1.95,2.04,2.24,0,-0.97,neutral,bajista,0,0.009,32,11273,2,
s39815,ARBUSDT,1790051400000,val,-1,-3.33,0.463,4.61,3.97,0.56,-2.36,1.16,0.73,0.7,1.19,0,-0.97,neutral,neutral,0,-0.02,32,11273,1,
s39816,SUIUSDT,1790051400000,val,-1,-4.37,0.428,6.09,5.52,0.66,-3.4,1.5,2.31,1.91,3.23,0,-0.97,neutral,bajista,0,0.145,32,11273,5,
s39817,PENDLEUSDT,1790051400000,val,-1,-3.16,0.475,4.22,3.96,0.81,-2.19,1.35,1.58,1.66,1.58,0,-0.97,neutral,neutral,0,0.163,32,11273,1,
s39818,ONDOUSDT,1790051400000,val,-1,-5.78,0.625,6.73,6.5,0.39,-4.81,1.83,1.54,1.48,1.94,0,-0.97,neutral,bajista,0,0.177,32,11272,3,
s39819,ARUSDT,1790051400000,testA,-1,-4.53,0.423,7.55,5.58,1.4,-3.56,2.57,0.61,0.56,0.89,0,-0.97,neutral,neutral,0,-0.147,32,11272,0,
s39820,WLDUSDT,1790052300000,val,-1,-4.39,0.582,5.97,5.46,0.85,-3.88,2.18,1.95,2.04,2.24,0,-0.5,neutral,bajista,0,-0.294,32,11274,3,
s39821,ARBUSDT,1790052300000,val,-1,-2.45,0.385,3.5,2.78,0.94,-1.95,1.37,0.73,0.7,1.19,0,-0.5,neutral,bajista,0,-0.528,32,11274,2,
s39822,PENDLEUSDT,1790052300000,val,-1,-2.63,0.428,3.66,3.21,0.85,-2.13,1.36,1.58,1.66,1.58,0,-0.5,neutral,bajista,0,-0.653,32,11274,2,
s39823,ONDOUSDT,1790052300000,val,-1,-3.6,0.503,4.66,4.15,0.64,-3.1,2.05,1.54,1.48,1.94,0,-0.5,neutral,bajista,0,-0.05,32,11273,4,
s39824,ARUSDT,1790052300000,testA,-1,-3.94,0.387,6.77,5.44,1.59,-3.44,2.82,0.61,0.56,0.89,0,-0.5,neutral,neutral,0,-0.43,32,11273,1,
s39825,WLDUSDT,1790053200000,val,-1,-3.37,0.474,5.62,4.82,0.95,-2.93,1.88,1.98,2.03,2.26,0,-0.44,neutral,neutral,0,-0.47,32,11275,0,
s39826,PENDLEUSDT,1790053200000,val,-1,-2.52,0.418,3.66,3.25,0.74,-2.08,1.24,1.5,1.58,1.6,0,-0.44,neutral,bajista,0,-0.582,32,11275,3,
s39827,ONDOUSDT,1790053200000,val,-1,-2.41,0.401,3.26,2.94,0.72,-1.98,2.07,1.6,1.5,1.98,0,-0.44,neutral,bajista,0,-0.181,32,11274,5,
s39828,STXUSDT,1790053200000,testA,1,3.62,0.502,4.65,4.22,1.03,4.06,1.45,1.14,1.24,1.32,0,-0.44,neutral,neutral,0,0.062,32,11274,1,
s39829,WLDUSDT,1790054100000,val,-1,-3.78,0.503,5.64,5.26,1.21,-3.12,2.41,1.98,2.03,2.26,0,-0.66,neutral,neutral,0,-0.288,32,11276,1,
s39830,INJUSDT,1790054100000,val,-1,-3.57,0.432,5.5,4.7,0.66,-2.91,1.96,1.02,0.87,1.18,0,-0.66,neutral,neutral,0,-1.0,27,11276,1,
s39831,PENDLEUSDT,1790054100000,val,-1,-2.97,0.525,3.96,3.3,0.6,-2.31,1.15,1.5,1.58,1.6,0,-0.66,neutral,bajista,0,-0.787,32,11276,4,
s39832,ONDOUSDT,1790054100000,val,-1,-2.67,0.424,3.51,3.32,1.07,-2.01,2.4,1.6,1.5,1.98,0,-0.66,neutral,bajista,0,-0.112,32,11275,6,
s39833,STXUSDT,1790054100000,testA,1,3.87,0.52,4.82,4.59,1.47,4.53,1.99,1.14,1.24,1.32,0,-0.66,neutral,alcista,0,-0.2,32,11275,2,
s39834,LDOUSDT,1790054100000,testA,-1,-2.26,0.35,3.26,3.05,1.59,-1.6,1.64,1.21,1.07,1.57,0,-0.66,neutral,bajista,0,0.492,32,11275,6,
s39835,STXUSDT,1790055000000,testA,1,3.02,0.421,5.2,4.31,1.84,3.31,1.69,1.14,1.24,1.32,0,-0.29,neutral,neutral,0,-0.2,32,11276,0,
s39836,STXUSDT,1790055900000,testA,1,3.68,0.508,5.19,4.64,1.93,3.93,1.97,1.14,1.24,1.32,0,-0.25,neutral,neutral,0,-0.253,32,11277,1,
s39837,ARUSDT,1790056800000,testA,-1,-6.14,0.53,9.65,7.69,3.59,-5.85,3.25,0.81,0.66,0.87,0,-0.29,neutral,neutral,0,-0.383,32,11278,0,
s39838,STXUSDT,1790056800000,testA,1,4.04,0.579,4.92,3.91,1.83,4.33,1.43,1.21,1.29,1.35,0,-0.29,neutral,neutral,0,-0.213,32,11278,0,
s39839,SUIUSDT,1790057700000,val,-1,-4.01,0.426,6.77,5.01,0.93,-3.58,1.11,2.06,1.88,3.07,0,-0.43,neutral,bajista,0,0.185,32,11280,2,
s39840,ONDOUSDT,1790057700000,val,-1,-2.42,0.375,3.68,2.87,0.89,-1.99,0.92,1.45,1.5,1.93,0,-0.43,neutral,bajista,0,0.339,32,11279,2,
s39841,STXUSDT,1790057700000,testA,1,2.88,0.439,4.82,3.43,1.44,3.31,0.87,1.21,1.29,1.35,0,-0.43,neutral,neutral,0,-0.21,32,11279,0,
s39842,GRTUSDT,1790057700000,testA,-1,-2.81,0.396,4.19,3.8,0.82,-2.39,1.35,1.3,1.18,1.63,0,-0.43,neutral,neutral,0,-1.0,27,11279,0,
s39843,SUIUSDT,1790058600000,val,-1,-3.43,0.36,6.19,4.09,0.7,-3.05,0.69,2.06,1.88,3.07,0,-0.38,neutral,neutral,0,0.647,32,11281,0,
s39844,STXUSDT,1790058600000,testA,1,2.82,0.434,4.96,3.46,1.27,3.2,0.86,1.21,1.29,1.35,0,-0.38,neutral,neutral,0,-0.392,32,11280,1,
s39845,GRTUSDT,1790058600000,testA,-1,-3.01,0.439,3.96,3.23,0.8,-2.62,0.91,1.3,1.18,1.63,0,-0.38,neutral,neutral,0,-1.0,9,11280,0,
s39846,ARUSDT,1790059500000,testA,-1,-5.84,0.45,9.1,6.32,0.72,-5.45,1.81,0.81,0.66,0.87,0,-0.39,neutral,bajista,0,-0.211,32,11281,2,
s39847,GRTUSDT,1790059500000,testA,-1,-2.24,0.366,3.41,2.98,0.69,-1.85,0.99,1.3,1.18,1.63,0,-0.39,neutral,neutral,0,-1.0,7,11281,1,
s39848,0GUSDT,1790060400000,val,1,3.87,0.379,3.89,3.81,0.62,3.98,1.75,0.99,0.82,0.87,0,-0.12,neutral,alcista,0,-1.0,13,11283,4,
s39849,ARUSDT,1790060400000,testA,-1,-4.25,0.365,8.28,5.42,0.59,-4.14,1.61,0.74,0.64,0.79,0,-0.12,neutral,neutral,0,-1.0,24,11282,0,
s39850,STXUSDT,1790060400000,testA,1,2.91,0.395,4.56,2.92,1.32,3.03,0.6,1.23,1.3,1.36,0,-0.12,neutral,neutral,0,-1.0,30,11282,1,
s39851,OPUSDT,1790061300000,val,-1,-2.61,0.381,3.48,3.2,0.71,-2.27,1.21,1.21,1.02,1.44,0,-0.34,neutral,neutral,0,-1.0,32,11284,1,
s39852,SUIUSDT,1790061300000,val,-1,-3.81,0.452,5.14,4.0,0.52,-3.48,1.57,1.73,1.82,2.95,0,-0.34,neutral,neutral,0,-0.007,32,11284,1,
s39853,PENDLEUSDT,1790061300000,val,-1,-2.27,0.445,3.09,2.85,0.96,-1.93,1.52,1.36,1.61,1.64,0,-0.34,neutral,neutral,0,-1.0,22,11284,1,
s39854,ARUSDT,1790061300000,testA,-1,-5.54,0.478,8.05,5.89,0.4,-5.2,2.15,0.74,0.64,0.79,0,-0.34,neutral,neutral,0,-1.0,23,11283,1,
s39855,PUMPUSDT,1790062200000,val,1,3.87,0.431,4.03,3.92,0.77,4.15,2.23,1.4,1.2,1.33,0,-0.28,neutral,alcista,0,-1.0,28,11285,3,
s39856,MANAUSDT,1790064900000,testA,-1,-2.24,0.364,2.89,2.3,0.58,-2.07,1.01,1.32,1.26,1.37,0,-0.17,neutral,bajista,0,-0.665,32,11287,2,
s39857,TIAUSDT,1790065800000,val,1,3.33,0.392,5.24,5.24,1.08,2.59,2.29,1.57,1.4,1.7,0,0.74,neutral,neutral,0,-1.0,7,11289,1,
s39858,FETUSDT,1790065800000,val,1,5.07,0.409,6.35,6.21,1.8,4.32,3.5,1.54,1.58,2.72,0,0.74,neutral,neutral,0,-0.438,32,11288,1,
s39859,TIAUSDT,1790066700000,val,1,3.31,0.385,5.32,4.48,1.22,2.43,1.35,1.57,1.4,1.7,0,0.88,neutral,neutral,0,-1.0,6,11290,0,
s39860,SEIUSDT,1790066700000,val,1,3.94,0.361,5.08,4.77,0.75,3.06,2.14,2.04,2.34,5.81,0,0.88,neutral,alcista,0,-0.284,32,11290,2,
s39861,FETUSDT,1790066700000,val,1,7.35,0.582,7.09,6.94,2.87,6.47,4.28,1.54,1.58,2.72,0,0.88,neutral,alcista,0,-0.517,32,11289,2,
s39862,GRTUSDT,1790066700000,testA,1,2.83,0.363,3.88,3.72,1.07,1.95,1.91,1.02,1.15,1.58,0,0.88,neutral,alcista,0,0.584,32,11289,2,
s39863,FETUSDT,1790068500000,val,1,5.36,0.421,7.44,5.38,4.32,4.57,2.23,1.8,1.76,2.67,0,0.79,neutral,neutral,0,-0.321,32,11291,1,
s39864,FETUSDT,1790069400000,val,1,4.84,0.399,6.47,5.28,3.24,4.14,2.95,1.8,1.76,2.67,0,0.7,neutral,alcista,0,-0.55,32,11292,2,
s39865,FETUSDT,1790070300000,val,1,4.27,0.371,6.47,5.33,2.08,3.29,2.57,1.8,1.76,2.67,0,0.98,neutral,alcista,0,-0.446,32,11293,3,
s39866,XPLUSDT,1790073000000,val,-1,-2.82,0.364,4.92,2.98,2.15,-3.23,1.43,1.6,1.58,2.41,0,0.41,neutral,neutral,0,0.171,32,11297,0,
s39867,XPLUSDT,1790074800000,val,-1,-2.92,0.37,4.85,3.63,2.0,-3.53,1.7,1.67,1.6,2.09,0,0.61,neutral,bajista,0,-0.053,32,11299,2,
s39868,STBLUSDT,1790074800000,val,-1,-2.68,0.439,4.43,3.1,1.54,-3.29,1.26,0.62,0.59,0.72,0,0.61,neutral,bajista,0,-1.0,17,11299,2,
s39869,0GUSDT,1790074800000,val,-1,-4.27,0.408,5.99,4.81,2.01,-4.88,1.94,0.83,0.96,0.77,0,0.61,neutral,neutral,0,-1.0,27,11299,0,
s39870,STBLUSDT,1790075700000,val,-1,-2.28,0.389,4.09,2.67,1.36,-2.97,1.06,0.62,0.59,0.72,0,0.7,neutral,neutral,0,-1.0,16,11300,0,
s39871,0GUSDT,1790075700000,val,-1,-3.46,0.357,6.0,4.99,1.17,-4.16,1.93,0.83,0.96,0.77,0,0.7,neutral,neutral,0,-1.0,26,11300,1,
s39872,ARUSDT,1790075700000,testA,1,3.25,0.375,3.99,3.17,1.01,2.55,1.35,0.51,0.67,0.66,0,0.7,neutral,neutral,0,-0.165,32,11299,0,
s39873,STBLUSDT,1790077500000,val,-1,-2.05,0.35,4.08,2.56,1.66,-2.79,0.92,0.62,0.59,0.72,0,0.73,neutral,neutral,0,-1.0,14,11302,1,
s39874,SANDUSDT,1790078400000,testA,-1,-2.45,0.382,4.56,3.69,0.55,-2.94,1.06,1.45,1.57,1.31,0,0.49,neutral,neutral,0,-0.706,32,11302,1,
s39875,XPLUSDT,1790080200000,val,-1,-2.9,0.406,4.84,3.43,0.75,-2.7,0.69,1.82,1.62,1.94,0,-0.21,neutral,neutral,0,-0.031,32,11305,0,
s39876,SANDUSDT,1790080200000,testA,-1,-2.51,0.459,4.54,3.15,0.85,-2.3,0.48,1.45,1.57,1.31,0,-0.21,neutral,neutral,0,-1.0,31,11304,0,
s39877,ARUSDT,1790081100000,testA,1,2.88,0.358,4.03,4.03,0.78,3.1,2.11,0.45,0.63,0.64,0,-0.22,neutral,alcista,0,-1.0,13,11305,2,
s39878,SANDUSDT,1790081100000,testA,-1,-2.22,0.388,4.23,2.37,1.03,-2.01,0.03,1.45,1.57,1.31,0,-0.22,neutral,neutral,0,-1.0,19,11305,0,
s39879,WLDUSDT,1790082000000,val,1,2.79,0.479,4.91,4.41,1.49,2.65,2.22,1.61,1.52,1.95,0,0.14,neutral,alcista,0,0.044,32,11307,4,
s39880,OPUSDT,1790082000000,val,1,2.48,0.389,4.56,4.32,1.61,2.34,2.23,1.14,1.19,1.29,0,0.14,neutral,alcista,0,0.631,32,11307,4,
s39881,INJUSDT,1790082000000,val,1,3.4,0.39,4.59,3.76,1.79,3.26,1.77,0.8,1.05,1.07,0,0.14,neutral,alcista,0,-1.0,6,11307,2,
s39882,TIAUSDT,1790082000000,val,1,3.58,0.371,5.94,5.76,0.7,3.43,2.73,1.98,1.7,1.65,1,0.14,neutral,alcista,1,2.0,28,11307,4,
s39883,ARUSDT,1790082000000,testA,1,3.43,0.435,5.01,4.05,1.06,3.28,2.13,0.48,0.61,0.64,0,0.14,neutral,alcista,0,-1.0,12,11306,3,
s39884,GRTUSDT,1790084700000,testA,1,3.16,0.378,4.22,4.22,2.57,3.04,2.02,1.13,1.11,1.21,0,0.11,neutral,alcista,0,1.206,32,11309,2,
s39885,OPUSDT,1790085600000,val,1,2.84,0.394,4.74,3.99,0.98,2.47,1.24,1.21,1.27,1.27,0,0.37,neutral,neutral,0,0.884,32,11311,0,
s39886,GRTUSDT,1790085600000,testA,1,4.59,0.517,5.61,5.08,2.5,4.21,2.69,1.37,1.2,1.23,0,0.37,neutral,alcista,0,0.758,32,11310,3,
s39887,APEUSDT,1790085600000,testA,1,2.12,0.449,3.49,2.95,2.3,1.75,1.2,1.58,1.61,1.56,0,0.37,neutral,neutral,1,2.0,8,11310,0,
s39888,OPUSDT,1790086500000,val,1,3.11,0.444,4.55,3.58,0.86,3.04,0.91,1.21,1.27,1.27,0,0.07,neutral,neutral,0,1.422,32,11312,0,
s39889,GRTUSDT,1790086500000,testA,1,3.91,0.408,5.54,4.05,2.24,3.84,1.54,1.37,1.2,1.23,0,0.07,neutral,neutral,0,1.214,32,11311,0,
s39890,PUMPUSDT,1790087400000,val,-1,-4.52,0.388,8.56,7.81,1.67,-4.58,3.51,2.02,1.71,1.51,1,0.06,neutral,bajista,0,-0.457,32,11313,3,
s39891,0GUSDT,1790088300000,val,1,2.67,0.357,4.18,3.5,1.35,2.26,0.75,0.83,0.93,0.78,0,0.41,neutral,neutral,0,1.098,32,11314,1,
s39892,0GUSDT,1790089200000,val,1,2.97,0.382,3.78,3.05,1.68,2.58,1.47,0.84,0.83,0.77,1,0.39,neutral,alcista,0,1.347,32,11315,2,
s39893,STBLUSDT,1790090100000,val,1,2.98,0.506,3.74,3.45,2.76,2.57,1.87,0.61,0.55,0.55,1,0.41,neutral,alcista,0,0.667,32,11316,3,
s39894,0GUSDT,1790090100000,val,1,3.11,0.406,3.78,3.01,2.0,2.7,1.29,0.84,0.83,0.77,1,0.41,neutral,neutral,0,1.324,32,11316,0,
s39895,OPUSDT,1790090100000,val,1,3.85,0.381,4.04,3.78,1.79,3.43,1.86,1.24,1.33,1.21,0,0.41,neutral,alcista,1,2.0,32,11316,3,
s39896,AXSUSDT,1790090100000,testA,1,2.56,0.368,3.0,2.92,1.94,2.15,1.43,1.27,1.07,1.11,0,0.41,neutral,alcista,0,1.467,32,11315,3,
s39897,APEUSDT,1790090100000,testA,1,2.82,0.363,3.35,3.01,1.29,2.41,1.32,1.75,1.71,1.55,1,0.41,neutral,alcista,1,2.0,3,11315,3,
s39898,PUMPUSDT,1790091000000,val,-1,-4.06,0.387,7.55,4.64,0.59,-4.59,0.84,2.01,1.7,1.47,1,0.53,neutral,neutral,0,-0.034,32,11317,0,
s39899,0GUSDT,1790091000000,val,1,2.87,0.388,3.47,3.13,1.45,2.34,1.55,0.84,0.83,0.77,1,0.53,neutral,neutral,0,1.095,32,11317,1,
s39900,OPUSDT,1790091000000,val,1,3.48,0.359,4.63,3.99,1.1,2.96,1.87,1.24,1.33,1.21,0,0.53,neutral,alcista,0,1.473,32,11317,4,
s39901,PUMPUSDT,1790091900000,val,-1,-4.06,0.385,6.78,4.46,0.5,-4.55,1.24,2.01,1.7,1.47,1,0.49,neutral,neutral,0,-0.232,32,11318,1,
s39902,OPUSDT,1790091900000,val,1,4.25,0.417,4.83,4.56,1.04,3.76,2.24,1.24,1.33,1.21,0,0.49,neutral,alcista,0,1.056,32,11318,5,
s39903,APEUSDT,1790091900000,testA,1,4.19,0.452,4.55,4.48,1.35,3.7,2.49,1.75,1.71,1.55,1,0.49,neutral,neutral,0,1.25,32,11317,1,
s39904,PUMPUSDT,1790092800000,val,-1,-3.88,0.372,6.78,5.1,0.52,-4.19,1.68,1.99,1.74,1.44,1,0.31,neutral,bajista,0,-0.391,32,11319,2,
s39905,PUMPUSDT,1790093700000,val,-1,-3.86,0.372,6.5,4.4,0.53,-3.82,1.47,1.99,1.74,1.44,1,-0.04,neutral,neutral,0,-0.215,32,11320,0,
s39906,STBLUSDT,1790093700000,val,1,3.88,0.402,4.62,4.32,2.47,3.92,2.71,0.91,0.73,0.62,1,-0.04,neutral,neutral,0,0.449,32,11320,1,
s39907,FETUSDT,1790093700000,val,-1,-4.15,0.361,5.47,5.07,0.56,-4.11,1.74,1.91,1.92,1.89,0,-0.04,neutral,neutral,0,-0.524,32,11319,0,
s39908,STBLUSDT,1790094600000,val,1,3.29,0.364,5.01,4.53,2.68,3.0,2.65,0.91,0.73,0.62,1,0.29,neutral,alcista,0,0.347,32,11321,2,
s39909,STBLUSDT,1790095500000,val,1,4.0,0.414,5.99,5.16,4.06,3.56,3.0,0.91,0.73,0.62,1,0.45,neutral,alcista,0,0.127,32,11322,3,
s39910,ENAUSDT,1790095500000,val,-1,-4.16,0.418,5.56,4.52,0.71,-4.61,1.03,0.94,1.07,1.03,0,0.45,neutral,neutral,0,-1.0,24,11322,1,
s39911,ARBUSDT,1790095500000,val,-1,-2.98,0.386,5.41,3.64,0.48,-3.43,0.14,0.84,0.69,0.71,0,0.45,neutral,neutral,0,-1.0,23,11322,0,
s39912,PENDLEUSDT,1790095500000,val,-1,-3.74,0.373,5.37,4.75,0.55,-4.18,0.76,2.08,1.73,1.76,0,0.45,neutral,neutral,0,-1.0,26,11322,1,
s39913,FETUSDT,1790095500000,val,-1,-4.09,0.416,5.34,4.41,0.63,-4.54,1.05,1.91,1.92,1.89,0,0.45,neutral,neutral,0,-0.478,32,11321,0,
s39914,ARUSDT,1790095500000,testA,-1,-2.62,0.353,5.62,3.84,1.0,-3.07,0.16,0.41,0.59,0.58,0,0.45,neutral,neutral,0,-1.0,27,11321,0,
s39915,ENAUSDT,1790096400000,val,-1,-3.86,0.399,4.73,4.02,0.69,-4.29,1.34,0.91,0.99,0.98,0,0.43,neutral,bajista,0,-1.0,22,11323,2,
s39916,INJUSDT,1790096400000,val,-1,-3.53,0.372,5.05,4.01,0.54,-3.96,1.14,1.11,1.01,0.95,1,0.43,neutral,bajista,0,-1.0,21,11323,2,
s39917,PENDLEUSDT,1790096400000,val,-1,-3.67,0.368,5.38,4.92,0.48,-4.1,0.86,2.09,1.71,1.71,0,0.43,neutral,bajista,0,-1.0,25,11323,2,
s39918,FETUSDT,1790096400000,val,-1,-3.6,0.384,4.37,3.68,0.47,-4.03,1.36,1.78,1.88,1.82,0,0.43,neutral,neutral,0,-1.0,24,11322,1,
s39919,ARUSDT,1790096400000,testA,-1,-3.07,0.407,4.8,3.32,0.53,-3.49,0.41,0.38,0.44,0.55,0,0.43,neutral,neutral,0,-1.0,24,11322,1,
s39920,STXUSDT,1790096400000,testA,-1,-2.42,0.356,3.72,2.69,0.68,-2.85,1.26,1.27,1.26,1.27,0,0.43,neutral,neutral,0,-0.011,32,11322,1,
s39921,PENDLEUSDT,1790097300000,val,-1,-4.15,0.441,5.37,4.78,0.42,-5.13,0.78,2.09,1.71,1.71,0,0.99,neutral,neutral,0,-1.0,24,11324,0,
s39922,AXSUSDT,1790097300000,testA,1,4.14,0.524,5.24,5.09,2.54,3.15,3.18,1.93,1.34,1.25,1,0.99,neutral,alcista,0,0.187,32,11323,4,
s39923,ENAUSDT,1790099100000,val,-1,-3.46,0.455,4.17,3.6,0.58,-3.71,1.27,0.91,0.99,0.98,0,0.25,neutral,neutral,0,-1.0,18,11326,0,
s39924,ENAUSDT,1790100000000,val,-1,-2.71,0.375,3.66,2.92,0.52,-2.89,0.82,0.88,0.95,0.95,0,0.19,neutral,neutral,0,-1.0,17,11327,0,
s39925,0GUSDT,1790100900000,val,1,2.62,0.421,5.32,3.82,1.0,2.21,0.69,0.78,0.78,0.78,0,0.41,neutral,neutral,0,0.593,32,11328,0,
s39926,ENAUSDT,1790100900000,val,-1,-2.67,0.37,3.39,3.19,0.55,-3.08,1.21,0.88,0.95,0.95,0,0.41,neutral,neutral,0,-1.0,16,11328,1,
s39927,OPUSDT,1790100900000,val,1,3.93,0.375,5.86,5.54,0.89,3.52,2.36,1.36,1.22,1.14,1,0.41,neutral,alcista,0,0.263,32,11328,3,
s39928,STBLUSDT,1790101800000,val,1,3.85,0.37,5.73,3.71,0.17,3.27,0.77,0.9,0.75,0.63,1,0.58,neutral,neutral,0,0.416,32,11329,0,
s39929,0GUSDT,1790101800000,val,1,3.2,0.561,4.57,3.06,0.97,2.62,0.59,0.78,0.78,0.78,0,0.58,neutral,neutral,0,0.603,32,11329,1,
s39930,OPUSDT,1790101800000,val,1,4.4,0.431,5.95,4.26,1.16,3.82,1.31,1.36,1.22,1.14,1,0.58,neutral,neutral,0,1.05,32,11329,0,
s39931,TIAUSDT,1790101800000,val,1,2.61,0.377,4.08,2.59,1.29,2.03,0.26,1.28,1.54,1.47,0,0.58,neutral,neutral,1,2.0,3,11329,0,
s39932,JUPUSDT,1790101800000,val,1,2.11,0.374,3.49,2.2,1.23,1.53,0.39,1.08,1.16,1.02,0,0.58,neutral,neutral,0,0.585,32,11329,0,
s39933,GRTUSDT,1790101800000,testA,1,2.91,0.381,4.09,2.95,0.54,2.33,0.26,1.75,1.32,1.27,1,0.58,neutral,neutral,1,2.0,19,11328,0,
s39934,LDOUSDT,1790101800000,testA,1,4.32,0.574,5.06,4.16,0.51,3.74,1.22,2.26,2.0,1.58,1,0.58,neutral,neutral,0,0.494,32,11328,0,
s39935,SANDUSDT,1790101800000,testA,1,2.93,0.413,3.67,2.92,0.58,2.35,0.46,1.31,1.39,1.35,0,0.58,neutral,neutral,0,0.944,32,11328,0,
s39936,AXSUSDT,1790101800000,testA,1,3.4,0.393,4.78,3.29,0.49,2.82,1.03,1.97,1.35,1.27,1,0.58,neutral,neutral,0,0.486,32,11328,1,
s39937,ENAUSDT,1790102700000,val,-1,-2.15,0.49,3.31,3.16,0.69,-2.37,0.99,0.88,0.95,0.95,0,0.23,neutral,neutral,0,-1.0,14,11330,0,
s39938,STXUSDT,1790102700000,testA,-1,-2.48,0.368,3.97,3.88,0.61,-2.7,1.48,1.1,1.19,1.26,0,0.23,neutral,bajista,0,-0.115,32,11329,4,
s39939,LDOUSDT,1790102700000,testA,1,3.33,0.472,4.58,3.42,0.73,3.11,0.94,2.26,2.0,1.58,1,0.23,neutral,neutral,0,0.903,32,11329,0,
s39940,STXUSDT,1790103600000,testA,-1,-3.4,0.596,4.05,3.67,0.63,-3.59,1.12,1.06,1.14,1.24,0,0.19,neutral,neutral,0,-0.024,32,11330,0,
s39941,LDOUSDT,1790103600000,testA,1,3.27,0.469,4.25,3.61,0.61,3.07,1.45,2.08,2.01,1.6,1,0.19,neutral,neutral,0,0.83,32,11330,1,
s39942,TIAUSDT,1790104500000,val,1,6.83,0.569,8.09,7.36,3.73,6.55,5.94,2.53,2.3,1.86,1,0.29,neutral,alcista,0,0.852,32,11332,2,
s39943,STXUSDT,1790104500000,testA,-1,-2.52,0.47,3.66,3.0,0.58,-2.81,0.69,1.06,1.14,1.24,0,0.29,neutral,neutral,0,-0.02,32,11331,0,
s39944,LDOUSDT,1790104500000,testA,1,4.24,0.534,4.58,4.46,0.73,3.95,2.43,2.08,2.01,1.6,1,0.29,neutral,alcista,0,0.492,32,11331,2,
s39945,STXUSDT,1790105400000,testA,-1,-3.33,0.567,3.74,3.71,0.65,-3.11,1.3,1.06,1.14,1.24,0,-0.22,neutral,neutral,0,-0.363,32,11332,1,
s39946,LDOUSDT,1790105400000,testA,1,3.19,0.367,4.62,3.63,0.88,3.4,1.31,2.08,2.01,1.6,1,-0.22,neutral,neutral,0,1.104,32,11332,0,
s39947,STBLUSDT,1790106300000,val,1,2.48,0.384,4.47,2.67,0.29,2.73,0.51,0.91,0.74,0.61,1,-0.26,neutral,alcista,0,0.74,32,11334,2,
s39948,STXUSDT,1790106300000,testA,-1,-2.73,0.456,3.46,2.83,0.76,-2.47,1.01,1.06,1.14,1.24,0,-0.26,neutral,neutral,0,-0.211,32,11333,0,
s39949,STBLUSDT,1790107200000,val,1,2.48,0.384,4.37,2.35,0.27,2.45,0.11,0.86,0.71,0.61,1,0.04,neutral,neutral,0,1.109,32,11335,0,
s39950,WLDUSDT,1790107200000,val,1,3.15,0.368,4.24,3.31,1.03,3.11,0.94,1.26,1.53,1.7,0,0.04,neutral,neutral,0,0.255,32,11335,0,
s39951,ARBUSDT,1790107200000,val,1,2.12,0.379,3.06,2.34,0.91,2.09,0.49,0.48,0.65,0.65,0,0.04,neutral,neutral,1,2.0,12,11335,0,
s39952,INJUSDT,1790107200000,val,1,2.18,0.419,3.21,2.27,0.85,2.14,0.22,0.79,0.88,0.93,0,0.04,neutral,neutral,1,2.0,13,11335,0,
s39953,JUPUSDT,1790107200000,val,1,2.13,0.437,2.9,2.16,0.77,2.1,0.56,0.97,1.1,1.03,0,0.04,neutral,neutral,0,1.031,32,11335,0,
s39954,ONDOUSDT,1790107200000,val,1,2.07,0.373,2.99,2.14,0.91,2.03,0.44,0.79,1.1,1.32,0,0.04,neutral,neutral,0,0.731,32,11334,0,
s39955,LDOUSDT,1790107200000,testA,1,3.71,0.494,4.59,3.65,0.91,3.68,1.02,1.16,1.91,1.6,0,0.04,neutral,neutral,0,0.729,32,11334,0,
s39956,XPLUSDT,1790108100000,val,1,2.09,0.36,3.1,2.07,0.65,1.79,0.31,1.21,1.78,1.66,0,0.29,neutral,neutral,1,2.0,12,11336,1,
s39957,WLDUSDT,1790108100000,val,1,4.62,0.461,4.61,4.48,1.16,4.32,2.2,1.26,1.53,1.7,0,0.29,neutral,neutral,0,-0.067,32,11336,1,
s39958,ARBUSDT,1790108100000,val,1,2.26,0.394,2.76,2.55,1.02,1.96,0.92,0.48,0.65,0.65,0,0.29,neutral,neutral,1,2.0,11,11336,1,
s39959,INJUSDT,1790108100000,val,1,2.22,0.425,3.13,2.65,0.95,1.93,0.66,0.79,0.88,0.93,0,0.29,neutral,neutral,1,2.0,16,11336,1,
s39960,JUPUSDT,1790108100000,val,1,2.68,0.494,3.04,2.98,0.91,2.38,1.26,0.97,1.1,1.03,0,0.29,neutral,neutral,0,0.708,32,11336,1,
s39961,ONDOUSDT,1790108100000,val,1,2.27,0.396,2.63,2.38,0.87,1.97,0.91,0.79,1.1,1.32,0,0.29,neutral,neutral,0,0.625,32,11335,1,
s39962,FETUSDT,1790108100000,val,1,3.05,0.397,3.39,3.11,1.61,2.76,1.68,1.02,1.74,1.71,0,0.29,neutral,neutral,0,0.323,32,11335,1,
s39963,LDOUSDT,1790108100000,testA,1,3.35,0.469,4.09,3.34,1.0,3.06,1.08,1.16,1.91,1.6,0,0.29,neutral,neutral,0,0.852,32,11335,1,
s39964,INJUSDT,1790109000000,val,1,2.27,0.431,3.12,2.86,0.96,2.16,0.87,0.79,0.88,0.93,0,0.1,neutral,alcista,1,2.0,15,11337,2,
s39965,JUPUSDT,1790109000000,val,1,2.99,0.521,3.9,3.27,1.13,2.88,1.46,0.97,1.1,1.03,0,0.1,neutral,alcista,0,0.408,32,11337,2,
s39966,LDOUSDT,1790109000000,testA,1,3.02,0.445,3.65,3.28,0.86,2.91,1.26,1.16,1.91,1.6,0,0.1,neutral,alcista,0,0.671,32,11336,2,
s39967,AXSUSDT,1790109000000,testA,1,3.21,0.36,3.6,3.3,0.55,3.11,1.45,1.77,1.42,1.32,1,0.1,neutral,alcista,0,0.671,32,11336,2,
s39968,INJUSDT,1790109900000,val,1,2.21,0.413,3.35,2.58,1.06,2.38,0.7,0.79,0.88,0.93,0,-0.17,neutral,neutral,1,2.0,10,11338,0,
s39969,JUPUSDT,1790109900000,val,1,3.21,0.54,3.48,3.41,1.27,3.39,1.96,0.97,1.1,1.03,0,-0.17,neutral,alcista,0,0.126,32,11338,3,
s39970,LDOUSDT,1790109900000,testA,1,2.8,0.411,3.33,2.84,0.85,2.97,1.15,1.16,1.91,1.6,0,-0.17,neutral,neutral,0,0.727,32,11337,0,
s39971,JUPUSDT,1790110800000,val,1,2.46,0.375,3.8,2.77,1.37,2.65,1.12,0.9,1.01,1.03,0,-0.19,neutral,neutral,0,0.41,32,11339,0,
s39972,GRTUSDT,1790111700000,testA,1,3.54,0.38,4.95,4.91,1.59,3.93,2.92,1.64,1.58,1.38,1,-0.39,neutral,alcista,0,0.696,32,11339,4,
s39973,AXSUSDT,1790112600000,testA,1,3.53,0.555,4.14,3.8,1.83,3.84,2.61,1.93,1.62,1.41,1,-0.31,neutral,neutral,0,0.164,32,11340,1,
s39974,AXSUSDT,1790113500000,testA,1,3.03,0.441,3.95,3.08,2.68,3.47,1.79,1.93,1.62,1.41,1,-0.44,neutral,neutral,0,0.009,32,11341,0,
s39975,SEIUSDT,1790114400000,val,-1,-2.11,0.381,2.84,2.59,2.69,-1.57,0.93,0.87,1.31,1.94,0,-0.54,neutral,neutral,0,-1.0,5,11343,1,
s39976,GRTUSDT,1790114400000,testA,1,3.68,0.363,5.21,4.42,1.28,4.22,1.56,1.64,1.67,1.42,0,-0.54,neutral,neutral,0,1.036,32,11342,0,
s39977,ENAUSDT,1790115300000,val,1,3.65,0.572,4.05,3.63,1.15,3.77,1.85,0.62,0.79,0.93,0,-0.12,neutral,alcista,0,1.013,32,11344,4,
s39978,PENDLEUSDT,1790115300000,val,1,3.08,0.391,3.12,2.99,0.48,3.21,1.23,1.1,1.61,1.6,0,-0.12,neutral,alcista,0,-0.098,32,11344,4,
s39979,AXSUSDT,1790115300000,testA,1,2.48,0.362,3.96,2.78,3.16,2.61,1.21,2.1,1.74,1.48,1,-0.12,neutral,neutral,0,0.268,32,11343,1,
s39980,0GUSDT,1790116200000,val,1,2.56,0.379,3.23,2.98,1.17,2.75,1.63,0.58,0.66,0.81,0,-0.2,neutral,alcista,0,1.411,32,11345,4,
s39981,ENAUSDT,1790116200000,val,1,5.05,0.657,4.89,4.87,1.63,5.25,2.87,0.62,0.79,0.93,0,-0.2,neutral,alcista,0,0.488,32,11345,5,
s39982,ARBUSDT,1790116200000,val,1,3.49,0.435,3.7,3.64,1.47,3.69,2.53,0.52,0.68,0.67,0,-0.2,neutral,alcista,1,2.0,6,11345,2,
s39983,OPUSDT,1790116200000,val,1,2.78,0.394,4.18,4.16,1.27,2.97,2.3,1.16,1.23,1.2,0,-0.2,neutral,alcista,0,0.978,32,11345,2,
s39984,JUPUSDT,1790116200000,val,1,2.98,0.411,3.29,3.16,0.97,3.18,1.75,0.95,0.96,1.06,0,-0.2,neutral,alcista,0,0.167,32,11345,2,
s39985,PENDLEUSDT,1790116200000,val,1,3.64,0.431,4.05,3.65,0.66,3.83,1.78,1.1,1.61,1.6,0,-0.2,neutral,alcista,0,-0.249,32,11345,5,
s39986,FETUSDT,1790116200000,val,1,2.69,0.369,3.19,3.1,0.99,2.89,1.34,0.9,1.42,1.69,0,-0.2,neutral,alcista,0,0.908,32,11344,5,
s39987,ARUSDT,1790116200000,testA,1,2.1,0.351,3.07,2.84,1.22,2.29,1.73,0.17,0.29,0.49,0,-0.2,neutral,alcista,0,1.349,32,11344,2,
s39988,GRTUSDT,1790116200000,testA,1,3.89,0.411,5.2,4.57,0.82,4.08,1.44,1.64,1.67,1.42,0,-0.2,neutral,alcista,0,1.138,32,11344,2,
s39989,AXSUSDT,1790116200000,testA,1,3.75,0.461,4.5,4.08,2.14,3.95,2.34,2.1,1.74,1.48,1,-0.2,neutral,alcista,0,-0.004,32,11344,2,
s39990,0GUSDT,1790117100000,val,1,2.57,0.379,3.29,2.51,1.9,2.94,1.0,0.58,0.66,0.81,0,-0.37,neutral,neutral,1,2.0,32,11346,0,
s39991,ENAUSDT,1790117100000,val,1,6.05,0.696,6.36,5.76,2.59,6.42,3.51,0.62,0.79,0.93,0,-0.37,neutral,alcista,0,0.118,32,11346,6,
s39992,ARBUSDT,1790117100000,val,1,4.19,0.48,4.55,4.44,2.37,4.57,3.02,0.52,0.68,0.67,0,-0.37,neutral,alcista,1,2.0,6,11346,3,
s39993,OPUSDT,1790117100000,val,1,2.82,0.4,4.84,3.81,1.55,3.19,1.59,1.16,1.23,1.2,0,-0.37,neutral,neutral,0,1.132,32,11346,0,
s39994,INJUSDT,1790117100000,val,1,2.2,0.363,4.13,3.64,1.33,2.57,1.4,0.77,0.94,0.96,0,-0.37,neutral,alcista,0,-1.0,12,11346,5,
s39995,JUPUSDT,1790117100000,val,1,2.75,0.367,3.2,2.68,1.4,3.12,1.26,0.95,0.96,1.06,0,-0.37,neutral,neutral,0,0.037,32,11346,0,
s39996,PENDLEUSDT,1790117100000,val,1,3.58,0.422,4.05,3.47,0.7,3.96,1.44,1.1,1.61,1.6,0,-0.37,neutral,neutral,0,-0.338,32,11346,0,
s39997,FETUSDT,1790117100000,val,1,2.65,0.36,3.2,2.58,1.12,3.02,0.92,0.9,1.42,1.69,0,-0.37,neutral,neutral,0,1.019,32,11345,0,
s39998,GRTUSDT,1790117100000,testA,1,4.65,0.507,5.19,4.52,0.92,5.02,1.54,1.64,1.67,1.42,0,-0.37,neutral,alcista,0,1.2,32,11345,3,
s39999,SANDUSDT,1790117100000,testA,1,2.47,0.422,2.97,2.6,1.63,2.85,1.46,1.13,1.31,1.45,0,-0.37,neutral,alcista,0,1.69,32,11345,3,
s40000,MANAUSDT,1790117100000,testA,1,2.77,0.543,3.43,3.2,3.13,3.14,1.98,1.15,1.25,1.26,0,-0.37,neutral,alcista,0,0.126,32,11345,2,
s40001,AXSUSDT,1790117100000,testA,1,3.59,0.431,4.43,3.48,1.79,3.97,1.57,2.1,1.74,1.48,1,-0.37,neutral,neutral,0,0.104,32,11345,0,
s40002,APEUSDT,1790117100000,testA,1,2.97,0.359,3.94,3.13,1.01,3.34,0.95,7.39,7.62,4.84,0,-0.37,neutral,neutral,0,0.7,32,11345,0,
s40003,XPLUSDT,1790118000000,val,1,3.65,0.386,4.98,4.53,1.98,3.75,2.95,1.02,1.52,1.6,0,-0.09,neutral,neutral,0,0.276,32,11347,1,
s40004,ENAUSDT,1790118000000,val,1,6.47,0.712,6.74,6.12,3.33,6.57,4.23,0.74,0.84,0.96,0,-0.09,neutral,alcista,0,-0.155,32,11347,7,
s40005,ARBUSDT,1790118000000,val,1,6.49,0.591,7.3,6.49,4.01,6.59,4.8,0.79,0.84,0.73,0,-0.09,neutral,alcista,0,1.008,32,11347,4,
s40006,OPUSDT,1790118000000,val,1,5.18,0.551,6.42,6.15,1.97,5.27,3.64,1.29,1.31,1.25,0,-0.09,neutral,neutral,0,0.146,32,11347,1,
s40007,INJUSDT,1790118000000,val,1,3.35,0.466,5.35,5.29,2.3,3.45,2.86,1.04,1.09,1.04,0,-0.09,neutral,alcista,0,-1.0,11,11347,6,
s40008,JUPUSDT,1790118000000,val,1,2.81,0.372,3.22,2.93,1.43,2.9,1.49,0.95,0.99,1.07,0,-0.09,neutral,neutral,0,-1.0,12,11347,1,
s40009,PENDLEUSDT,1790118000000,val,1,3.48,0.417,3.98,3.81,0.76,3.57,2.22,1.15,1.64,1.58,0,-0.09,neutral,neutral,0,-0.649,32,11347,1,
s40010,FETUSDT,1790118000000,val,1,2.82,0.377,3.31,3.26,0.89,2.92,1.9,0.95,1.39,1.69,0,-0.09,neutral,neutral,0,0.203,32,11346,1,
s40011,ARUSDT,1790118000000,testA,1,2.47,0.36,3.98,3.76,2.07,2.57,2.36,0.23,0.3,0.49,0,-0.09,neutral,neutral,0,0.393,32,11346,1,
s40012,GRTUSDT,1790118000000,testA,1,4.51,0.502,5.06,4.47,0.77,4.61,2.34,1.8,1.82,1.49,0,-0.09,neutral,alcista,0,0.817,32,11346,4,
s40013,LDOUSDT,1790118000000,testA,1,3.12,0.407,3.46,3.39,1.77,3.21,2.25,1.07,1.78,1.61,0,-0.09,neutral,neutral,0,-0.243,32,11346,1,
s40014,SANDUSDT,1790118000000,testA,1,2.96,0.467,3.51,3.46,2.07,3.05,2.19,1.22,1.33,1.5,0,-0.09,neutral,alcista,0,0.868,32,11346,4,
s40015,MANAUSDT,1790118000000,testA,1,2.58,0.526,3.42,3.27,4.01,2.67,1.89,1.3,1.35,1.31,0,-0.09,neutral,alcista,0,-0.038,32,11346,3,
s40016,AXSUSDT,1790118000000,testA,1,3.58,0.432,4.29,4.01,1.67,3.67,2.06,1.79,1.88,1.53,0,-0.09,neutral,neutral,0,-0.098,32,11346,1,
s40017,XPLUSDT,1790118900000,val,1,3.29,0.362,5.34,4.55,2.44,3.63,2.68,1.02,1.52,1.6,0,-0.34,neutral,alcista,0,0.209,32,11348,2,
s40018,ENAUSDT,1790118900000,val,1,5.9,0.694,7.39,6.59,3.03,6.24,4.3,0.74,0.84,0.96,0,-0.34,neutral,alcista,0,-0.16,32,11348,8,
s40019,ARBUSDT,1790118900000,val,1,7.56,0.628,8.09,7.74,4.62,7.9,5.62,0.79,0.84,0.73,0,-0.34,neutral,alcista,0,0.589,32,11348,5,
s40020,OPUSDT,1790118900000,val,1,5.09,0.536,6.93,5.99,1.94,5.43,3.23,1.29,1.31,1.25,0,-0.34,neutral,neutral,0,0.363,32,11348,0,
s40021,GRTUSDT,1790118900000,testA,1,4.29,0.491,5.28,4.7,0.77,4.63,2.39,1.8,1.82,1.49,0,-0.34,neutral,alcista,0,0.793,32,11347,5,
s40022,MANAUSDT,1790118900000,testA,1,2.04,0.396,3.57,2.9,3.04,2.38,1.33,1.3,1.35,1.31,0,-0.34,neutral,neutral,0,0.265,32,11347,0,
s40023,APEUSDT,1790118900000,testA,1,3.27,0.383,3.6,3.48,0.85,3.61,1.84,3.77,7.74,4.92,0,-0.34,neutral,alcista,0,0.393,32,11347,2,
s40024,XPLUSDT,1790119800000,val,1,3.73,0.426,5.38,3.92,2.77,3.98,1.82,1.02,1.52,1.6,0,-0.25,neutral,neutral,0,0.196,32,11349,0,
s40025,STBLUSDT,1790119800000,val,1,2.05,0.467,3.45,2.37,2.11,2.3,1.37,0.51,0.72,0.65,0,-0.25,neutral,neutral,0,0.152,32,11349,1,
s40026,0GUSDT,1790119800000,val,1,2.69,0.464,3.84,2.86,3.29,2.93,1.22,0.65,0.71,0.84,0,-0.25,neutral,neutral,1,2.0,31,11349,0,
s40027,ENAUSDT,1790119800000,val,1,4.79,0.498,7.09,5.08,2.95,5.04,2.75,0.74,0.84,0.96,0,-0.25,neutral,neutral,0,-0.098,32,11349,0,
s40028,ARBUSDT,1790119800000,val,1,7.82,0.659,7.98,7.45,4.57,8.07,4.86,0.79,0.84,0.73,0,-0.25,neutral,neutral,0,0.396,32,11349,0,
s40029,OPUSDT,1790119800000,val,1,5.2,0.547,6.85,5.15,1.85,5.45,2.27,1.29,1.31,1.25,0,-0.25,neutral,neutral,0,0.38,32,11349,0,
s40030,PENDLEUSDT,1790119800000,val,1,3.26,0.491,4.72,4.17,1.31,3.5,2.09,1.15,1.64,1.58,0,-0.25,neutral,neutral,0,-0.78,32,11349,0,
s40031,ARUSDT,1790119800000,testA,1,5.26,0.682,5.55,5.22,3.07,5.51,3.32,0.23,0.3,0.49,0,-0.25,neutral,neutral,0,0.0,32,11348,1,
s40032,LDOUSDT,1790119800000,testA,1,2.29,0.355,4.29,2.74,2.08,2.53,1.3,1.07,1.78,1.61,0,-0.25,neutral,neutral,0,-0.639,32,11348,0,
s40033,MANAUSDT,1790119800000,testA,1,2.05,0.399,3.58,2.61,2.31,2.3,0.95,1.3,1.35,1.31,0,-0.25,neutral,neutral,0,0.017,32,11348,0,
s40034,XPLUSDT,1790120700000,val,1,3.61,0.419,5.27,4.01,2.44,3.6,1.82,1.02,1.52,1.6,0,0.01,neutral,neutral,0,0.088,32,11350,1,
s40035,STBLUSDT,1790120700000,val,1,2.27,0.492,3.44,2.58,2.72,2.26,1.41,0.51,0.72,0.65,0,0.01,neutral,alcista,0,0.014,32,11350,2,
s40036,0GUSDT,1790120700000,val,1,2.46,0.444,3.63,2.97,3.12,2.45,1.23,0.65,0.71,0.84,0,0.01,neutral,neutral,1,2.0,30,11350,1,
s40037,ENAUSDT,1790120700000,val,1,4.19,0.445,7.1,4.89,2.11,4.18,2.21,0.74,0.84,0.96,0,0.01,neutral,neutral,0,-0.111,32,11350,0,
s40038,OPUSDT,1790120700000,val,1,4.21,0.449,6.53,4.41,1.69,4.2,1.64,1.29,1.31,1.25,0,0.01,neutral,neutral,0,0.48,32,11350,0,
s40039,PENDLEUSDT,1790120700000,val,1,3.12,0.465,4.72,4.07,1.47,3.1,1.67,1.15,1.64,1.58,0,0.01,neutral,neutral,0,-0.721,32,11350,0,
s40040,ARUSDT,1790120700000,testA,1,4.41,0.57,5.62,4.82,3.07,4.4,2.53,0.23,0.3,0.49,0,0.01,neutral,neutral,0,0.151,32,11349,0,
s40041,XPLUSDT,1790121600000,val,1,5.06,0.555,5.21,4.85,1.75,4.89,2.42,1.0,1.44,1.57,0,0.17,neutral,alcista,0,-0.246,32,11351,2,
s40042,STBLUSDT,1790121600000,val,1,2.09,0.435,3.38,2.12,4.88,1.92,0.91,0.71,0.81,0.68,0,0.17,neutral,neutral,0,0.305,32,11351,0,
s40043,0GUSDT,1790121600000,val,1,2.39,0.422,3.39,2.33,2.31,2.22,0.76,0.69,0.74,0.84,0,0.17,neutral,neutral,1,2.0,28,11351,0,
s40044,ENAUSDT,1790121600000,val,1,5.86,0.604,6.89,5.58,1.51,5.69,2.67,0.85,0.87,0.96,0,0.17,neutral,neutral,0,-0.377,32,11351,1,
s40045,OPUSDT,1790121600000,val,1,5.57,0.525,6.45,5.58,1.35,5.4,2.63,1.25,1.32,1.27,0,0.17,neutral,neutral,0,-0.048,32,11351,1,
s40046,SUIUSDT,1790121600000,val,1,2.68,0.42,3.32,2.64,1.29,2.51,1.02,1.01,1.23,1.44,0,0.17,neutral,neutral,0,-0.279,32,11351,1,
s40047,SEIUSDT,1790121600000,val,1,2.32,0.391,3.5,3.11,1.16,2.15,1.22,0.88,1.23,1.72,0,0.17,neutral,alcista,0,-0.422,32,11351,2,
s40048,PENDLEUSDT,1790121600000,val,1,4.28,0.573,5.11,4.95,1.62,4.11,2.17,1.13,1.54,1.55,0,0.17,neutral,neutral,0,-0.704,32,11351,1,
s40049,ARUSDT,1790121600000,testA,1,5.78,0.713,5.66,5.44,3.51,5.61,3.03,0.28,0.31,0.47,0,0.17,neutral,neutral,0,-0.052,32,11350,1,
s40050,GRTUSDT,1790121600000,testA,1,4.33,0.463,5.04,4.5,1.64,4.16,1.88,1.96,1.89,1.52,1,0.17,neutral,alcista,0,0.707,32,11350,2,
s40051,LDOUSDT,1790121600000,testA,1,2.69,0.385,4.18,3.07,1.52,2.52,1.27,1.03,1.67,1.58,0,0.17,neutral,neutral,0,-0.47,32,11350,1,
s40052,SANDUSDT,1790121600000,testA,1,2.78,0.353,3.82,2.68,1.76,2.61,1.27,1.44,1.39,1.52,0,0.17,neutral,neutral,0,0.479,32,11350,1,
s40053,MANAUSDT,1790121600000,testA,1,3.02,0.588,3.48,2.88,1.21,2.85,1.08,1.55,1.46,1.37,1,0.17,neutral,neutral,0,-0.129,32,11350,1,
s40054,APEUSDT,1790121600000,testA,1,2.88,0.391,3.61,3.12,0.89,2.71,1.11,2.32,7.88,4.95,0,0.17,neutral,neutral,0,-0.02,32,11350,1,
s40055,ENAUSDT,1790122500000,val,1,4.56,0.486,6.6,4.8,1.42,4.42,1.99,0.85,0.87,0.96,0,0.14,neutral,neutral,0,-0.244,32,11352,0,
s40056,OPUSDT,1790122500000,val,1,3.84,0.371,5.73,4.12,1.26,3.7,1.82,1.25,1.32,1.27,0,0.14,neutral,neutral,0,0.323,32,11352,0,
s40057,INJUSDT,1790122500000,val,1,3.9,0.371,8.93,5.87,1.93,3.76,2.74,1.31,1.19,1.13,1,0.14,neutral,alcista,0,-1.0,6,11352,2,
s40058,PENDLEUSDT,1790122500000,val,1,3.08,0.431,5.52,4.53,1.53,2.94,1.66,1.13,1.54,1.55,0,0.14,neutral,neutral,0,-0.588,32,11352,0,
s40059,ARUSDT,1790122500000,testA,1,4.24,0.526,5.66,4.6,3.27,4.1,2.21,0.28,0.31,0.47,0,0.14,neutral,neutral,0,0.058,32,11351,0,
s40060,GRTUSDT,1790122500000,testA,1,3.64,0.366,4.8,3.63,1.75,3.5,1.17,1.96,1.89,1.52,1,0.14,neutral,neutral,0,1.215,32,11351,0,
s40061,ENAUSDT,1790123400000,val,1,3.81,0.385,6.64,4.22,1.37,3.66,1.18,0.85,0.87,0.96,0,0.16,neutral,neutral,0,-0.081,32,11353,0,
s40062,ARUSDT,1790123400000,testA,1,4.06,0.492,5.68,4.3,1.98,3.9,1.66,0.28,0.31,0.47,0,0.16,neutral,neutral,0,0.253,32,11352,0,
s40063,ENAUSDT,1790124300000,val,1,3.97,0.395,6.61,4.57,1.3,3.74,1.5,0.85,0.87,0.96,0,0.22,neutral,neutral,0,-0.41,32,11354,1,
s40064,ARUSDT,1790124300000,testA,1,4.09,0.496,5.57,4.08,1.51,3.86,1.46,0.28,0.31,0.47,0,0.22,neutral,neutral,0,-0.033,32,11353,0,
s40065,ENAUSDT,1790125200000,val,1,5.09,0.473,6.55,5.39,1.28,4.55,2.05,0.91,0.88,0.94,0,0.54,neutral,alcista,0,-0.283,32,11355,2,
s40066,SUIUSDT,1790125200000,val,1,2.44,0.366,3.28,2.64,0.8,1.9,0.93,1.03,1.14,1.35,0,0.54,neutral,alcista,0,-0.437,32,11355,2,
s40067,SEIUSDT,1790125200000,val,1,3.35,0.469,3.72,3.71,0.62,2.81,1.66,0.91,1.16,1.64,0,0.54,neutral,neutral,0,-0.339,32,11355,1,
s40068,PENDLEUSDT,1790125200000,val,1,2.74,0.359,5.53,4.37,1.22,2.2,1.11,1.01,1.33,1.53,0,0.54,neutral,alcista,0,-1.0,31,11355,2,
s40069,ARUSDT,1790125200000,testA,1,3.09,0.353,5.5,3.26,1.28,2.55,0.55,0.34,0.31,0.46,0,0.54,neutral,neutral,0,0.397,32,11354,0,
s40070,LDOUSDT,1790125200000,testA,1,3.02,0.41,4.17,3.23,0.66,2.48,1.2,1.04,1.58,1.55,0,0.54,neutral,alcista,0,-1.0,31,11354,2,
s40071,ENAUSDT,1790126100000,val,1,4.94,0.451,6.33,4.78,1.05,4.48,1.49,0.91,0.88,0.94,0,0.46,neutral,neutral,0,-0.406,32,11356,0,
s40072,SUIUSDT,1790126100000,val,1,2.44,0.366,3.29,2.52,0.67,1.98,0.76,1.03,1.14,1.35,0,0.46,neutral,neutral,0,-0.255,32,11356,0,
s40073,SEIUSDT,1790126100000,val,1,2.76,0.367,3.79,3.25,0.57,2.3,1.16,0.91,1.16,1.64,0,0.46,neutral,neutral,0,-0.229,32,11356,0,
s40074,PENDLEUSDT,1790126100000,val,1,3.34,0.469,4.79,3.37,0.82,2.88,0.75,1.01,1.33,1.53,0,0.46,neutral,neutral,0,-1.0,25,11356,0,
s40075,ENAUSDT,1790127000000,val,1,4.36,0.385,6.31,4.3,0.93,4.28,0.9,0.91,0.88,0.94,0,0.08,neutral,neutral,0,-0.412,32,11357,0,
s40076,GRTUSDT,1790127000000,testA,1,3.83,0.383,4.64,4.15,1.19,3.76,2.55,2.05,1.92,1.53,1,0.08,neutral,alcista,0,0.743,32,11356,4,
s40077,GRTUSDT,1790128800000,testA,1,4.42,0.397,4.61,4.54,1.23,4.04,2.58,2.35,2.0,1.62,1,0.38,neutral,neutral,0,0.667,32,11358,1,
s40078,PUMPUSDT,1790129700000,val,-1,-3.21,0.371,5.33,4.09,1.96,-3.69,1.38,0.79,0.87,1.31,0,0.48,neutral,neutral,0,0.48,32,11360,0,
s40079,GRTUSDT,1790129700000,testA,1,4.73,0.414,5.2,4.89,1.54,4.25,2.77,2.35,2.0,1.62,1,0.48,neutral,alcista,0,0.469,32,11359,2,
s40080,PUMPUSDT,1790130600000,val,-1,-3.27,0.381,5.28,3.95,1.96,-3.57,1.16,0.79,0.87,1.31,0,0.29,neutral,neutral,0,0.462,32,11361,0,
s40081,GRTUSDT,1790130600000,testA,1,5.16,0.435,5.7,5.28,1.45,4.87,2.89,2.35,2.0,1.62,1,0.29,neutral,alcista,0,0.418,32,11360,3,
s40082,GRTUSDT,1790131500000,testA,1,4.68,0.393,5.71,5.03,1.52,4.19,2.41,2.35,2.0,1.62,1,0.49,neutral,neutral,0,0.507,32,11361,0,
s40083,XPLUSDT,1790134200000,val,1,3.41,0.374,4.49,4.43,1.9,2.56,2.96,1.33,1.22,1.52,0,0.85,neutral,alcista,0,-1.0,31,11365,2,
s40084,ARBUSDT,1790134200000,val,1,7.67,0.557,9.0,7.18,1.06,6.82,3.47,1.86,1.16,0.95,1,0.85,neutral,neutral,0,-1.0,32,11365,0,
s40085,GRTUSDT,1790134200000,testA,1,3.98,0.359,5.53,4.02,0.85,3.13,1.12,2.31,2.01,1.65,1,0.85,neutral,neutral,0,0.321,32,11364,1,
s40086,ARBUSDT,1790135100000,val,1,5.85,0.426,8.78,6.08,1.03,5.27,2.05,1.86,1.16,0.95,1,0.59,neutral,neutral,0,-1.0,31,11366,0,
s40087,APEUSDT,1790135100000,testA,1,3.06,0.38,6.06,5.69,1.68,2.47,2.8,2.16,7.85,5.03,0,0.59,neutral,neutral,0,-0.447,32,11365,0,
s40088,GRTUSDT,1790137800000,testA,1,3.46,0.361,5.13,3.34,0.7,2.66,0.65,2.34,2.03,1.7,1,0.79,neutral,alcista,0,1.091,32,11368,2,
s40089,0GUSDT,1790139600000,val,1,3.04,0.398,5.42,4.59,1.16,2.81,1.78,0.95,0.8,0.8,1,0.23,neutral,neutral,0,0.843,32,11371,1,
s40090,0GUSDT,1790140500000,val,1,3.92,0.508,5.48,5.0,0.93,3.77,2.01,0.95,0.8,0.8,1,0.15,neutral,alcista,0,0.611,32,11372,2,
s40091,0GUSDT,1790141400000,val,1,5.03,0.676,5.42,5.3,0.82,4.48,2.18,0.95,0.8,0.8,1,0.55,neutral,alcista,0,0.5,32,11373,3,
s40092,ARBUSDT,1790141400000,val,1,3.98,0.374,5.54,4.14,0.62,3.43,2.39,1.86,1.33,1.03,1,0.55,neutral,alcista,0,-1.0,8,11373,3,
s40093,FETUSDT,1790141400000,val,1,3.42,0.441,4.19,4.01,1.65,2.87,1.79,0.9,0.93,1.44,0,0.55,neutral,neutral,0,-1.0,10,11372,1,
s40094,ARUSDT,1790141400000,testA,1,3.09,0.382,5.26,3.94,0.59,2.54,0.8,0.41,0.32,0.39,0,0.55,neutral,neutral,0,-0.218,32,11372,0,
s40095,SANDUSDT,1790141400000,testA,1,2.62,0.361,3.88,3.47,0.88,2.07,1.01,1.68,1.47,1.49,0,0.55,neutral,neutral,0,-0.639,32,11372,1,
s40096,AXSUSDT,1790141400000,testA,1,2.18,0.39,3.64,3.04,0.78,1.63,0.77,1.34,1.59,1.49,0,0.55,neutral,neutral,0,-0.397,32,11372,0,
s40097,0GUSDT,1790142300000,val,1,4.7,0.604,5.09,4.49,1.06,4.55,1.54,0.95,0.8,0.8,1,0.15,neutral,neutral,0,0.602,32,11374,0,
s40098,ARUSDT,1790142300000,testA,1,3.13,0.386,5.29,3.43,0.95,2.98,0.34,0.41,0.32,0.39,0,0.15,neutral,neutral,0,0.09,32,11373,0,
s40099,APEUSDT,1790142300000,testA,1,3.5,0.374,5.78,3.87,1.09,3.35,0.57,2.26,3.2,5.07,0,0.15,neutral,neutral,0,-0.381,32,11373,0,
s40100,PUMPUSDT,1790143200000,val,1,2.49,0.375,3.69,2.43,1.23,2.23,0.41,0.82,0.75,1.19,0,0.26,neutral,neutral,0,-1.0,6,11375,1,
s40101,0GUSDT,1790143200000,val,1,4.34,0.587,4.48,4.16,0.85,4.09,1.7,1.02,0.86,0.82,1,0.26,neutral,neutral,0,0.029,32,11375,1,
s40102,OPUSDT,1790143200000,val,1,4.38,0.394,5.45,4.18,0.66,4.12,1.67,1.24,1.26,1.27,0,0.26,neutral,neutral,0,-1.0,31,11375,1,
s40103,ARUSDT,1790143200000,testA,1,4.44,0.472,4.77,4.25,1.52,4.18,1.78,0.45,0.37,0.38,0,0.26,neutral,neutral,0,-1.0,32,11374,1,
s40104,MANAUSDT,1790143200000,testA,1,2.33,0.483,2.75,2.4,0.78,2.07,0.66,1.1,1.33,1.21,0,0.26,neutral,neutral,0,-1.0,32,11374,1,
s40105,APEUSDT,1790143200000,testA,1,3.44,0.37,5.17,3.26,1.19,3.18,0.47,2.18,2.34,5.08,0,0.26,neutral,neutral,0,-1.0,32,11374,0,
s40106,0GUSDT,1790144100000,val,1,4.35,0.589,5.11,4.79,0.94,4.54,2.43,1.02,0.86,0.82,1,-0.19,neutral,alcista,0,-0.59,32,11376,2,
s40107,ARUSDT,1790144100000,testA,1,4.61,0.483,4.94,4.58,1.81,4.8,2.56,0.45,0.37,0.38,0,-0.19,neutral,alcista,0,-1.0,31,11375,2,
s40108,MANAUSDT,1790144100000,testA,1,2.01,0.448,2.75,2.41,0.82,2.2,0.69,1.1,1.33,1.21,0,-0.19,neutral,alcista,0,-1.0,31,11375,2,
s40109,STBLUSDT,1790145000000,val,1,2.13,0.621,2.9,2.44,1.16,2.03,1.21,0.79,0.75,0.75,0,0.11,neutral,alcista,0,-1.0,6,11377,3,
s40110,0GUSDT,1790145000000,val,1,4.94,0.69,5.1,4.94,1.15,4.83,2.36,1.02,0.86,0.82,1,0.11,neutral,alcista,0,-0.095,32,11377,3,
s40111,FETUSDT,1790145000000,val,1,3.65,0.355,3.62,3.57,1.45,3.55,1.94,0.98,0.98,1.46,0,0.11,neutral,alcista,0,-1.0,6,11376,3,
s40112,ARUSDT,1790145000000,testA,1,3.49,0.356,4.98,3.93,2.06,3.38,1.77,0.45,0.37,0.38,0,0.11,neutral,neutral,0,-1.0,30,11376,0,
s40113,SANDUSDT,1790145000000,testA,1,3.39,0.389,3.54,3.48,1.15,3.28,1.8,1.67,1.57,1.51,1,0.11,neutral,alcista,0,-1.0,20,11376,3,
s40114,MANAUSDT,1790145000000,testA,1,2.0,0.448,3.01,2.7,1.05,1.9,0.95,1.1,1.33,1.21,0,0.11,neutral,alcista,0,-1.0,30,11376,3,
s40115,STBLUSDT,1790145900000,val,1,2.1,0.604,2.83,2.3,2.7,2.19,1.03,0.79,0.75,0.75,0,-0.09,neutral,neutral,0,-1.0,5,11378,0,
s40116,0GUSDT,1790145900000,val,1,4.59,0.675,4.9,4.63,1.21,4.69,2.09,1.02,0.86,0.82,1,-0.09,neutral,neutral,0,-0.161,32,11378,0,
s40117,SANDUSDT,1790145900000,testA,1,3.35,0.388,3.55,3.37,1.26,3.44,2.0,1.67,1.57,1.51,1,-0.09,neutral,alcista,0,-1.0,18,11377,4,
s40118,MANAUSDT,1790145900000,testA,1,2.42,0.526,2.59,2.43,1.14,2.51,1.11,1.1,1.33,1.21,0,-0.09,neutral,alcista,0,-1.0,19,11377,4,
s40119,0GUSDT,1790146800000,val,1,4.65,0.679,5.03,4.83,1.35,4.86,2.34,1.37,1.05,0.91,1,-0.21,neutral,neutral,0,-0.105,32,11379,1,
s40120,WLDUSDT,1790146800000,val,-1,-2.48,0.352,3.68,3.46,1.78,-2.27,1.24,1.21,1.29,1.45,0,-0.21,neutral,bajista,1,2.0,28,11379,2,
s40121,0GUSDT,1790147700000,val,1,5.68,0.751,6.3,5.6,1.61,6.01,2.93,1.37,1.05,0.91,1,-0.33,neutral,alcista,0,-0.324,32,11380,2,
s40122,PUMPUSDT,1790148600000,val,-1,-2.6,0.358,4.1,3.73,1.34,-1.66,1.64,0.82,0.79,1.18,0,-0.95,neutral,neutral,1,2.0,26,11381,1,
s40123,0GUSDT,1790148600000,val,1,4.78,0.72,5.53,4.87,1.96,5.73,2.63,1.37,1.05,0.91,1,-0.95,neutral,alcista,0,-1.0,27,11381,3,
s40124,WLDUSDT,1790148600000,val,-1,-3.62,0.526,4.29,3.76,1.76,-2.67,1.48,1.21,1.29,1.45,0,-0.95,neutral,neutral,1,2.0,26,11381,1,
s40125,ARBUSDT,1790148600000,val,-1,-4.39,0.359,6.35,6.0,0.9,-3.44,2.78,1.57,1.47,1.09,1,-0.95,neutral,bajista,0,1.246,32,11381,4,
s40126,SEIUSDT,1790148600000,val,-1,-2.96,0.412,3.65,3.05,0.54,-2.01,0.84,1.05,0.99,1.25,0,-0.95,neutral,neutral,0,1.355,32,11381,1,
s40127,PENDLEUSDT,1790148600000,val,-1,-4.13,0.543,5.07,4.71,0.75,-3.18,1.46,0.98,0.99,1.42,0,-0.95,neutral,neutral,0,0.109,32,11381,1,
s40128,ONDOUSDT,1790148600000,val,-1,-2.89,0.449,3.25,3.02,1.3,-1.94,1.41,0.81,0.81,1.01,0,-0.95,neutral,neutral,1,2.0,26,11380,1,
s40129,STXUSDT,1790148600000,testA,-1,-2.86,0.492,3.62,2.98,2.2,-1.92,1.63,0.62,0.74,0.95,0,-0.95,neutral,bajista,1,2.0,26,11380,2,
s40130,LDOUSDT,1790148600000,testA,-1,-3.38,0.427,3.73,3.52,1.36,-2.43,1.87,0.88,0.96,1.53,0,-0.95,neutral,neutral,1,2.0,26,11380,1,
s40131,0GUSDT,1790149500000,val,1,4.59,0.712,5.32,4.89,1.97,5.25,2.54,1.37,1.05,0.91,1,-0.65,neutral,alcista,0,-1.0,26,11382,4,
s40132,WLDUSDT,1790149500000,val,-1,-3.09,0.485,3.94,3.54,1.65,-2.44,1.5,1.21,1.29,1.45,0,-0.65,neutral,bajista,1,2.0,25,11382,2,
s40133,PENDLEUSDT,1790149500000,val,-1,-3.19,0.448,4.02,3.43,0.85,-2.54,1.09,0.98,0.99,1.42,0,-0.65,neutral,neutral,0,0.624,32,11382,0,
s40134,STXUSDT,1790149500000,testA,-1,-2.37,0.426,3.19,2.43,2.37,-1.72,1.35,0.62,0.74,0.95,0,-0.65,neutral,neutral,1,2.0,25,11381,0,
s40135,0GUSDT,1790150400000,val,1,5.29,0.742,5.9,5.71,2.8,6.04,3.53,2.14,1.45,1.09,1,-0.75,neutral,alcista,0,-1.0,24,11383,5,
s40136,WLDUSDT,1790150400000,val,-1,-2.79,0.458,4.5,3.89,1.54,-2.04,1.65,1.37,1.33,1.48,0,-0.75,neutral,bajista,1,2.0,24,11383,3,
s40137,SEIUSDT,1790150400000,val,-1,-2.4,0.389,3.32,2.58,0.96,-1.65,1.01,1.15,1.03,1.22,0,-0.75,neutral,neutral,1,2.0,32,11383,0,
s40138,0GUSDT,1790151300000,val,1,6.73,0.785,7.31,7.01,2.54,7.7,4.36,2.14,1.45,1.09,1,-0.98,neutral,alcista,0,-1.0,23,11384,6,
s40139,WLDUSDT,1790151300000,val,-1,-2.7,0.438,4.0,2.95,1.6,-1.72,1.22,1.37,1.33,1.48,0,-0.98,neutral,neutral,1,2.0,23,11384,0,
s40140,TIAUSDT,1790151300000,val,1,3.72,0.353,6.61,5.76,2.31,4.7,3.46,2.54,3.48,3.35,0,-0.98,neutral,neutral,0,-1.0,15,11384,1,
s40141,STXUSDT,1790151300000,testA,-1,-2.05,0.429,3.19,2.43,2.61,-1.07,1.22,0.73,0.78,0.96,0,-0.98,neutral,neutral,1,2.0,23,11383,1,
s40142,STXUSDT,1790152200000,testA,-1,-2.11,0.447,3.09,2.15,1.09,-0.92,0.89,0.73,0.78,0.96,0,-1.19,neutral,neutral,1,2.0,22,11384,0,
s40143,WLDUSDT,1790153100000,val,-1,-2.6,0.394,3.6,2.81,1.31,-1.18,1.32,1.37,1.33,1.48,0,-1.42,neutral,neutral,1,2.0,21,11386,1,
s40144,TIAUSDT,1790153100000,val,1,3.93,0.373,6.69,4.56,3.07,5.35,1.87,2.54,3.48,3.35,0,-1.42,neutral,neutral,0,-1.0,13,11386,0,
s40145,JUPUSDT,1790153100000,val,-1,-2.67,0.37,4.17,3.73,1.87,-1.25,1.96,0.87,0.81,0.97,0,-1.42,neutral,neutral,0,1.0,32,11386,1,
s40146,STXUSDT,1790153100000,testA,-1,-2.36,0.473,3.73,3.03,1.86,-0.94,1.57,0.73,0.78,0.96,0,-1.42,neutral,neutral,1,2.0,21,11385,1,
s40147,APEUSDT,1790153100000,testA,-1,-2.88,0.382,3.98,3.6,1.64,-1.46,2.06,2.39,2.2,5.26,0,-1.42,neutral,bajista,0,-1.0,15,11385,2,
s40148,0GUSDT,1790154000000,val,1,5.1,0.374,6.53,5.08,2.72,6.21,2.54,2.45,1.72,1.21,1,-1.11,neutral,alcista,0,-1.0,20,11387,2,
s40149,TIAUSDT,1790154000000,val,1,4.05,0.382,6.53,4.5,2.61,5.16,1.64,2.64,3.4,3.42,0,-1.11,neutral,neutral,0,-1.0,12,11387,1,
s40150,0GUSDT,1790154900000,val,1,5.99,0.414,6.4,6.25,2.14,7.0,3.52,2.45,1.72,1.21,1,-1.0,neutral,alcista,0,-1.0,19,11388,3,
s40151,TIAUSDT,1790154900000,val,1,5.02,0.438,6.46,5.31,1.62,6.03,2.42,2.64,3.4,3.42,0,-1.0,neutral,alcista,0,-1.0,11,11388,2,
s40152,PUMPUSDT,1790155800000,val,-1,-3.15,0.372,4.39,3.47,1.06,-2.07,1.09,1.03,0.94,1.2,0,-1.08,neutral,bajista,1,2.0,18,11389,2,
s40153,0GUSDT,1790155800000,val,1,5.62,0.399,7.34,6.25,1.15,6.7,3.2,2.45,1.72,1.21,1,-1.08,neutral,neutral,0,-1.0,18,11389,0,
s40154,ARBUSDT,1790155800000,val,-1,-4.6,0.541,7.12,5.8,0.56,-3.52,0.85,1.12,1.51,1.1,0,-1.08,neutral,neutral,0,1.043,32,11389,1,
s40155,TIAUSDT,1790155800000,val,1,4.28,0.401,6.45,5.38,1.45,5.36,2.32,2.64,3.4,3.42,0,-1.08,neutral,alcista,0,-1.0,10,11389,3,
s40156,ARBUSDT,1790156700000,val,-1,-4.56,0.536,6.04,5.57,0.44,-3.83,1.7,1.12,1.51,1.1,0,-0.73,neutral,bajista,0,0.861,32,11390,2,
s40157,INJUSDT,1790156700000,val,1,3.85,0.441,4.13,3.9,1.46,4.58,2.02,0.85,1.33,1.13,0,-0.73,neutral,neutral,0,-1.0,17,11390,1,
s40158,TIAUSDT,1790156700000,val,1,4.86,0.477,6.18,4.79,1.12,5.59,1.92,2.64,3.4,3.42,0,-0.73,neutral,neutral,0,-1.0,9,11390,0,
s40159,PUMPUSDT,1790157600000,val,-1,-3.02,0.376,3.97,3.48,0.88,-2.15,1.38,1.2,1.02,1.21,0,-0.86,neutral,bajista,1,2.0,16,11391,4,
s40160,ARBUSDT,1790157600000,val,-1,-4.19,0.48,6.02,5.25,0.48,-3.32,1.33,0.95,1.49,1.1,0,-0.86,neutral,neutral,0,1.169,32,11391,0,
s40161,INJUSDT,1790157600000,val,1,3.63,0.411,3.92,3.49,1.52,4.5,1.69,0.91,1.36,1.16,0,-0.86,neutral,neutral,0,-1.0,16,11391,0,
s40162,TIAUSDT,1790157600000,val,1,3.82,0.411,5.6,4.11,1.3,4.68,1.66,2.98,3.49,3.45,0,-0.86,neutral,neutral,0,-1.0,8,11391,0,
s40163,STXUSDT,1790157600000,testA,-1,-2.87,0.565,3.81,3.5,0.83,-2.0,1.42,0.94,0.89,0.99,0,-0.86,neutral,bajista,0,1.018,32,11390,3,
s40164,PUMPUSDT,1790158500000,val,-1,-3.12,0.383,5.27,4.06,1.42,-2.42,1.82,1.2,1.02,1.21,0,-0.7,neutral,bajista,0,1.908,32,11392,5,
s40165,ARBUSDT,1790158500000,val,-1,-4.08,0.472,5.46,4.81,0.6,-3.37,1.91,0.95,1.49,1.1,0,-0.7,neutral,neutral,0,1.497,32,11392,1,
s40166,TIAUSDT,1790158500000,val,1,4.91,0.496,5.56,4.87,1.27,5.61,2.12,2.98,3.49,3.45,0,-0.7,neutral,neutral,0,-1.0,7,11392,1,
s40167,STXUSDT,1790158500000,testA,-1,-3.1,0.598,4.0,3.33,1.11,-2.4,1.51,0.94,0.89,0.99,0,-0.7,neutral,bajista,0,1.139,32,11391,4,
s40168,PUMPUSDT,1790159400000,val,-1,-3.22,0.403,5.26,3.82,1.41,-2.43,1.33,1.2,1.02,1.21,0,-0.79,neutral,neutral,1,2.0,14,11393,0,
s40169,ARBUSDT,1790159400000,val,-1,-3.87,0.44,5.21,4.03,0.67,-3.08,1.13,0.95,1.49,1.1,0,-0.79,neutral,neutral,1,2.0,14,11393,0,
s40170,TIAUSDT,1790159400000,val,1,3.73,0.414,5.18,4.31,1.28,4.53,1.86,2.98,3.49,3.45,0,-0.79,neutral,neutral,0,-1.0,6,11393,0,
s40171,STXUSDT,1790159400000,testA,-1,-2.69,0.495,3.9,2.88,1.18,-1.89,0.99,0.94,0.89,0.99,0,-0.79,neutral,neutral,1,2.0,14,11392,0,
s40172,PUMPUSDT,1790160300000,val,-1,-2.78,0.352,4.46,2.86,1.33,-2.15,1.09,1.2,1.02,1.21,0,-0.63,neutral,neutral,1,2.0,13,11394,0,
s40173,ARBUSDT,1790160300000,val,-1,-3.09,0.371,4.82,3.51,0.75,-2.45,0.89,0.95,1.49,1.1,0,-0.63,neutral,neutral,1,2.0,13,11394,0,
s40174,STXUSDT,1790160300000,testA,-1,-2.25,0.424,3.77,2.6,1.1,-1.62,0.82,0.94,0.89,0.99,0,-0.63,neutral,neutral,1,2.0,13,11393,0,
s40175,PUMPUSDT,1790161200000,val,-1,-2.87,0.358,4.15,3.4,1.26,-2.15,1.7,1.6,1.21,1.27,0,-0.72,neutral,neutral,1,2.0,12,11395,1,
s40176,ARBUSDT,1790161200000,val,-1,-3.72,0.414,5.16,4.82,0.99,-3.0,1.93,0.9,1.4,1.14,0,-0.72,neutral,neutral,0,1.461,32,11395,1,
s40177,STXUSDT,1790161200000,testA,-1,-2.6,0.465,3.78,2.95,1.0,-1.89,1.05,1.05,0.92,0.96,0,-0.72,neutral,neutral,1,2.0,12,11394,1,
s40178,ASTERUSDT,1790162100000,val,-1,-2.1,0.544,2.61,2.32,0.85,-1.05,1.38,1.3,1.54,1.47,0,-1.05,neutral,bajista,1,2.0,11,11396,3,
s40179,PUMPUSDT,1790162100000,val,-1,-4.18,0.469,5.15,4.41,1.83,-3.13,2.61,1.6,1.21,1.27,0,-1.05,neutral,bajista,0,1.113,32,11396,2,
s40180,ENAUSDT,1790162100000,val,-1,-3.49,0.362,4.26,3.64,1.03,-2.45,2.07,0.73,0.76,0.8,0,-1.05,neutral,bajista,0,0.228,32,11396,2,
s40181,ARBUSDT,1790162100000,val,-1,-3.76,0.415,5.81,5.41,1.1,-2.72,2.29,0.9,1.4,1.14,0,-1.05,neutral,bajista,0,1.226,32,11396,2,
s40182,FETUSDT,1790162100000,val,-1,-3.6,0.372,4.36,3.88,0.69,-2.55,1.62,1.37,1.14,1.3,0,-1.05,neutral,bajista,0,1.325,32,11395,2,
s40183,STXUSDT,1790162100000,testA,-1,-3.24,0.519,3.66,3.51,0.92,-2.2,1.8,1.05,0.92,0.96,0,-1.05,neutral,bajista,0,1.221,32,11395,2,
s40184,SANDUSDT,1790162100000,testA,-1,-2.92,0.353,3.81,3.4,0.67,-1.88,1.59,2.22,1.99,1.71,1,-1.05,neutral,bajista,1,2.0,19,11395,3,
s40185,MANAUSDT,1790162100000,testA,-1,-2.07,0.365,2.57,2.2,0.77,-1.02,1.34,1.32,1.32,1.35,0,-1.05,neutral,bajista,1,2.0,11,11395,2,
s40186,PUMPUSDT,1790163000000,val,-1,-3.23,0.402,4.76,4.41,2.01,-2.59,2.72,1.6,1.21,1.27,0,-0.64,neutral,bajista,0,1.038,32,11397,3,
s40187,PUMPUSDT,1790163900000,val,-1,-3.36,0.427,4.76,4.23,2.25,-2.8,2.22,1.6,1.21,1.27,0,-0.55,neutral,neutral,0,1.101,32,11398,0,
s40188,PUMPUSDT,1790164800000,val,-1,-3.08,0.404,5.06,4.63,2.56,-2.24,2.38,1.9,1.35,1.3,1,-0.83,neutral,neutral,0,1.031,32,11399,1,
s40189,PUMPUSDT,1790165700000,val,-1,-3.7,0.521,5.07,4.73,0.99,-2.91,2.05,1.9,1.35,1.3,1,-0.8,neutral,bajista,0,0.985,32,11400,2,
s40190,TIAUSDT,1790165700000,val,-1,-4.69,0.461,7.39,5.95,1.13,-3.9,2.59,3.72,3.2,3.73,0,-0.8,neutral,bajista,0,1.599,32,11400,3,
s40191,SANDUSDT,1790165700000,testA,-1,-2.15,0.366,3.46,2.96,1.22,-1.36,1.23,2.11,1.93,1.71,1,-0.8,neutral,bajista,1,2.0,14,11399,7,
s40192,PUMPUSDT,1790166600000,val,-1,-3.71,0.526,5.77,4.11,1.21,-2.95,1.37,1.9,1.35,1.3,1,-0.75,neutral,neutral,0,1.185,32,11401,0,
s40193,ARBUSDT,1790166600000,val,-1,-2.61,0.353,4.42,3.61,1.08,-1.85,1.42,0.89,1.28,1.14,0,-0.75,neutral,neutral,1,2.0,6,11401,1,
s40194,STXUSDT,1790166600000,testA,-1,-2.21,0.399,2.73,2.32,0.65,-1.46,0.87,1.08,0.81,0.91,0,-0.75,neutral,bajista,1,2.0,6,11400,3,
s40195,SANDUSDT,1790166600000,testA,-1,-2.45,0.444,3.36,2.53,1.0,-1.7,0.8,2.11,1.93,1.71,1,-0.75,neutral,neutral,1,2.0,6,11400,0,
s40196,PUMPUSDT,1790167500000,val,-1,-3.45,0.507,5.8,4.56,1.16,-2.97,1.53,1.9,1.35,1.3,1,-0.48,neutral,neutral,0,1.0,32,11402,1,
s40197,ARBUSDT,1790167500000,val,-1,-2.73,0.362,4.92,4.38,1.19,-2.25,1.88,0.89,1.28,1.14,0,-0.48,neutral,bajista,0,1.465,32,11402,2,
s40198,INJUSDT,1790167500000,val,1,3.63,0.354,3.79,3.72,0.93,4.11,1.99,1.19,1.19,1.2,0,-0.48,neutral,alcista,0,-1.0,5,11402,2,
s40199,JUPUSDT,1790167500000,val,1,2.78,0.38,3.5,2.9,1.6,3.26,1.1,1.03,0.89,0.95,0,-0.48,neutral,neutral,0,-1.0,5,11402,0,
s40200,ASTERUSDT,1790168400000,val,-1,-2.19,0.574,2.81,2.53,1.71,-1.5,1.18,1.49,1.41,1.4,1,-0.69,neutral,bajista,1,2.0,4,11403,2,
s40201,XPLUSDT,1790168400000,val,-1,-3.17,0.42,4.56,4.18,1.17,-2.48,1.95,1.48,1.49,1.43,0,-0.69,neutral,neutral,1,2.0,4,11403,1,
s40202,PUMPUSDT,1790168400000,val,-1,-4.63,0.673,5.57,5.0,0.89,-3.93,2.06,1.95,1.38,1.25,1,-0.69,neutral,bajista,0,0.721,32,11403,2,
s40203,ARBUSDT,1790168400000,val,-1,-5.02,0.589,6.97,6.22,1.9,-4.33,3.22,0.88,1.24,1.16,0,-0.69,neutral,bajista,0,0.736,32,11403,3,
s40204,TIAUSDT,1790168400000,val,-1,-5.01,0.415,8.14,7.56,0.91,-4.32,3.81,3.93,3.18,3.8,0,-0.69,neutral,bajista,0,1.037,32,11403,2,
s40205,FETUSDT,1790168400000,val,-1,-2.73,0.399,3.59,3.49,1.0,-2.03,1.75,1.26,1.21,1.16,1,-0.69,neutral,bajista,0,1.0,32,11402,2,
s40206,STXUSDT,1790168400000,testA,-1,-2.96,0.497,4.4,3.77,1.22,-2.27,1.98,1.18,0.9,0.94,0,-0.69,neutral,neutral,0,0.867,32,11402,1,
s40207,LDOUSDT,1790168400000,testA,-1,-2.3,0.358,3.34,2.98,1.0,-1.61,1.8,1.41,1.15,1.4,0,-0.69,neutral,bajista,1,2.0,6,11402,2,
s40208,ASTERUSDT,1790169300000,val,-1,-2.09,0.535,2.8,2.29,1.72,-1.69,0.88,1.49,1.41,1.4,1,-0.41,neutral,neutral,1,2.0,3,11404,0,
s40209,XPLUSDT,1790169300000,val,-1,-2.95,0.38,4.35,3.63,1.12,-2.54,1.52,1.48,1.49,1.43,0,-0.41,neutral,neutral,1,2.0,3,11404,0,
s40210,PUMPUSDT,1790169300000,val,-1,-3.5,0.49,5.17,3.89,1.04,-3.09,1.31,1.95,1.38,1.25,1,-0.41,neutral,neutral,0,1.135,32,11404,0,
s40211,ARBUSDT,1790169300000,val,-1,-4.94,0.576,6.51,5.58,1.64,-4.53,2.84,0.88,1.24,1.16,0,-0.41,neutral,neutral,0,0.8,32,11404,0,
s40212,TIAUSDT,1790169300000,val,-1,-5.57,0.49,8.12,7.26,0.76,-5.16,3.08,3.93,3.18,3.8,0,-0.41,neutral,neutral,0,1.066,32,11404,0,
s40213,STXUSDT,1790169300000,testA,-1,-2.79,0.46,4.19,3.0,1.52,-2.39,1.32,1.18,0.9,0.94,0,-0.41,neutral,neutral,0,1.115,32,11403,0,
s40214,PUMPUSDT,1790170200000,val,-1,-2.75,0.385,4.94,3.28,0.61,-2.78,0.75,1.95,1.38,1.25,1,0.03,neutral,neutral,1,2.0,20,11405,0,
s40215,ARBUSDT,1790170200000,val,-1,-4.56,0.526,6.28,5.11,1.64,-4.59,2.27,0.88,1.24,1.16,0,0.03,neutral,neutral,0,0.884,32,11405,0,
s40216,TIAUSDT,1790170200000,val,-1,-5.42,0.471,8.12,7.0,0.86,-5.45,2.55,3.93,3.18,3.8,0,0.03,neutral,neutral,0,1.088,32,11405,0,
s40217,XPLUSDT,1790171100000,val,-1,-2.99,0.398,4.35,3.6,1.18,-2.92,1.21,1.48,1.49,1.43,0,-0.07,neutral,neutral,1,2.0,1,11406,1,
s40218,PUMPUSDT,1790171100000,val,-1,-2.96,0.403,4.72,3.36,0.6,-2.88,1.03,1.95,1.38,1.25,1,-0.07,neutral,neutral,0,1.291,32,11406,1,
s40219,ARBUSDT,1790171100000,val,-1,-4.08,0.496,6.15,5.33,1.46,-4.01,2.47,0.88,1.24,1.16,0,-0.07,neutral,neutral,0,0.79,32,11406,1,
s40220,OPUSDT,1790171100000,val,-1,-2.92,0.41,4.39,3.94,1.47,-2.84,1.61,1.3,1.31,1.34,0,-0.07,neutral,bajista,1,2.0,8,11406,5,
s40221,TIAUSDT,1790171100000,val,-1,-5.79,0.487,8.12,7.58,0.82,-5.71,2.84,3.93,3.18,3.8,0,-0.07,neutral,neutral,0,1.003,32,11406,1,
s40222,SEIUSDT,1790172000000,val,-1,-3.49,0.414,6.63,4.63,3.46,-2.35,2.98,1.33,1.25,1.15,1,-1.14,neutral,bajista,0,-0.051,32,11407,3,
s40223,PENDLEUSDT,1790172000000,val,-1,-3.74,0.361,7.28,5.03,2.92,-2.6,2.85,1.54,1.27,1.22,1,-1.14,neutral,bajista,0,-1.0,13,11407,2,
s40224,FETUSDT,1790172000000,val,-1,-4.72,0.462,8.59,6.01,2.19,-3.58,3.83,1.78,1.59,1.28,1,-1.14,neutral,bajista,0,0.05,32,11406,2,
s40225,STXUSDT,1790172000000,testA,-1,-4.09,0.47,7.4,4.74,1.9,-2.95,3.28,1.52,1.13,1.0,1,-1.14,neutral,bajista,0,0.041,32,11406,2,
s40226,LDOUSDT,1790172000000,testA,-1,-4.85,0.488,8.02,6.04,2.17,-3.71,4.02,1.9,1.55,1.38,1,-1.14,neutral,bajista,0,0.725,32,11406,2,
s40227,SANDUSDT,1790172000000,testA,-1,-5.25,0.628,8.39,6.7,2.16,-4.11,3.89,2.13,2.31,1.91,0,-1.14,neutral,bajista,0,0.528,32,11406,2,
s40228,MANAUSDT,1790172000000,testA,-1,-4.78,0.592,7.63,5.75,3.2,-3.64,3.63,1.83,1.56,1.5,1,-1.14,neutral,bajista,0,0.471,32,11406,3,
s40229,APEUSDT,1790172000000,testA,-1,-4.57,0.394,8.28,6.41,2.52,-3.43,3.85,3.92,3.25,6.2,0,-1.14,neutral,bajista,0,0.566,32,11406,3,
s40230,PUMPUSDT,1790172900000,val,-1,-5.34,0.547,8.75,6.19,1.66,-3.28,3.5,2.36,1.69,1.3,1,-2.06,bear,bajista,0,0.275,32,11408,3,
s40231,STBLUSDT,1790172900000,val,-1,-4.97,0.495,8.43,6.1,4.23,-2.91,3.86,1.49,1.24,1.05,1,-2.06,bear,bajista,0,0.031,32,11408,7,
s40232,ENAUSDT,1790172900000,val,-1,-5.06,0.462,8.0,7.06,2.99,-3.0,4.29,1.15,0.89,0.87,1,-2.06,bear,bajista,0,-0.26,32,11408,3,
s40233,SUIUSDT,1790172900000,val,-1,-5.98,0.551,8.4,7.03,4.11,-3.92,4.89,1.84,1.42,1.22,1,-2.06,bear,bajista,0,-0.082,32,11408,3,
s40234,SEIUSDT,1790172900000,val,-1,-5.04,0.51,6.74,6.29,4.84,-2.98,4.03,1.33,1.25,1.15,1,-2.06,bear,bajista,0,-0.208,32,11408,4,
s40235,ONDOUSDT,1790172900000,val,-1,-5.69,0.515,9.85,7.45,4.57,-3.63,4.3,1.78,1.37,1.11,1,-2.06,bear,bajista,0,-0.072,32,11407,3,
s40236,STXUSDT,1790172900000,testA,-1,-4.9,0.515,7.48,5.83,2.4,-2.83,3.86,1.52,1.13,1.0,1,-2.06,bear,bajista,0,-0.067,32,11407,3,testA
s40237,LDOUSDT,1790172900000,testA,-1,-5.93,0.537,8.14,7.58,2.93,-3.87,4.87,1.9,1.55,1.38,1,-2.06,bear,bajista,0,0.427,32,11407,3,testA
s40238,SANDUSDT,1790172900000,testA,-1,-6.32,0.704,8.47,7.68,2.91,-4.25,4.28,2.13,2.31,1.91,0,-2.06,bear,bajista,0,0.403,32,11407,3,testA
s40239,MANAUSDT,1790172900000,testA,-1,-5.82,0.66,7.71,6.76,3.8,-3.76,4.12,1.83,1.56,1.5,1,-2.06,bear,bajista,0,0.309,32,11407,4,testA
s40240,APEUSDT,1790172900000,testA,-1,-6.08,0.508,8.37,7.52,3.95,-4.02,4.35,3.92,3.25,6.2,0,-2.06,bear,bajista,0,0.409,32,11407,4,testA
s40241,SEIUSDT,1790173800000,val,-1,-4.37,0.416,6.66,5.13,4.97,-2.53,2.75,1.33,1.25,1.15,1,-1.84,neutral,neutral,0,0.03,32,11409,0,
s40242,JUPUSDT,1790173800000,val,-1,-5.3,0.376,9.62,7.43,3.61,-3.47,4.0,1.71,1.29,1.09,1,-1.84,neutral,neutral,0,-0.194,32,11409,0,
s40243,FETUSDT,1790173800000,val,-1,-5.79,0.46,8.43,6.35,3.8,-3.95,3.36,1.78,1.59,1.28,1,-1.84,neutral,neutral,0,0.184,32,11408,0,
s40244,STXUSDT,1790173800000,testA,-1,-4.14,0.405,7.39,4.64,2.67,-2.31,2.45,1.52,1.13,1.0,1,-1.84,neutral,neutral,0,0.455,32,11408,0,
s40245,LDOUSDT,1790173800000,testA,-1,-6.2,0.581,9.74,7.31,4.24,-4.37,4.2,1.9,1.55,1.38,1,-1.84,neutral,neutral,0,0.507,32,11408,0,
s40246,SANDUSDT,1790173800000,testA,-1,-6.22,0.692,8.11,6.73,3.05,-4.38,3.37,2.13,2.31,1.91,0,-1.84,neutral,neutral,0,0.571,32,11408,0,
s40247,MANAUSDT,1790173800000,testA,-1,-5.17,0.549,7.53,5.62,4.13,-3.34,2.87,1.83,1.56,1.5,1,-1.84,neutral,neutral,0,0.568,32,11408,0,
s40248,APEUSDT,1790173800000,testA,-1,-6.61,0.568,8.38,7.66,4.4,-4.77,4.15,3.92,3.25,6.2,0,-1.84,neutral,bajista,0,0.479,32,11408,5,
s40249,0GUSDT,1790174700000,val,-1,-5.77,0.387,10.43,7.59,1.35,-4.14,2.11,3.79,3.03,1.88,1,-1.63,neutral,neutral,0,0.25,32,11410,1,
s40250,SEIUSDT,1790174700000,val,-1,-4.49,0.436,6.64,4.81,5,-2.87,2.17,1.33,1.25,1.15,1,-1.63,neutral,neutral,0,-0.0,32,11410,0,
s40251,FETUSDT,1790174700000,val,-1,-5.49,0.428,8.34,5.81,4.05,-3.87,2.63,1.78,1.59,1.28,1,-1.63,neutral,neutral,0,0.261,32,11409,0,
s40252,LDOUSDT,1790174700000,testA,-1,-6.35,0.606,9.72,7.1,4.55,-4.72,3.58,1.9,1.55,1.38,1,-1.63,neutral,neutral,0,0.521,32,11409,0,
s40253,SANDUSDT,1790174700000,testA,-1,-5.65,0.609,7.86,6.03,3.49,-4.02,2.67,2.13,2.31,1.91,0,-1.63,neutral,neutral,0,0.677,32,11409,0,
s40254,MANAUSDT,1790174700000,testA,-1,-4.9,0.506,7.38,5.13,4.28,-3.27,2.28,1.83,1.56,1.5,1,-1.63,neutral,neutral,0,0.653,32,11409,0,
s40255,APEUSDT,1790174700000,testA,-1,-6.22,0.52,8.45,6.89,4.83,-4.59,3.21,3.92,3.25,6.2,0,-1.63,neutral,neutral,0,0.623,32,11409,0,
s40256,FETUSDT,1790175600000,val,-1,-4.77,0.391,7.74,5.21,1.99,-3.47,2.42,1.86,1.65,1.29,1,-1.3,neutral,neutral,0,0.291,32,11410,0,
s40257,LDOUSDT,1790175600000,testA,-1,-6.51,0.618,9.74,7.23,2.15,-5.21,3.32,2.07,1.63,1.35,1,-1.3,neutral,neutral,0,0.474,32,11410,1,
s40258,SANDUSDT,1790175600000,testA,-1,-4.92,0.574,7.06,5.3,1.73,-3.62,2.52,2.36,2.37,1.96,0,-1.3,neutral,neutral,0,0.812,32,11410,1,
s40259,MANAUSDT,1790175600000,testA,-1,-3.87,0.429,6.56,4.13,1.39,-2.57,1.93,1.88,1.64,1.49,1,-1.3,neutral,neutral,0,0.821,32,11410,0,
s40260,APEUSDT,1790175600000,testA,-1,-5.11,0.459,8.44,6.75,1.84,-3.81,2.87,4.41,3.39,6.31,0,-1.3,neutral,neutral,0,0.596,32,11410,0,
s40261,PUMPUSDT,1790176500000,val,-1,-3.65,0.383,6.74,4.04,0.55,-2.46,2.36,2.48,1.77,1.3,1,-1.19,neutral,bajista,0,0.329,32,11412,2,
s40262,STBLUSDT,1790176500000,val,-1,-4.61,0.441,8.45,6.34,0.7,-3.42,3.14,1.6,1.34,1.08,1,-1.19,neutral,bajista,0,-0.06,32,11412,2,
s40263,FETUSDT,1790176500000,val,-1,-4.95,0.398,7.5,5.87,0.97,-3.76,3.05,1.86,1.65,1.29,1,-1.19,neutral,neutral,0,0.139,32,11411,1,
s40264,LDOUSDT,1790176500000,testA,-1,-6.1,0.599,9.04,7.43,1.42,-4.91,3.88,2.07,1.63,1.35,1,-1.19,neutral,bajista,0,0.374,32,11411,2,
s40265,SANDUSDT,1790176500000,testA,-1,-4.74,0.562,6.44,5.43,1.14,-3.56,3.02,2.36,2.37,1.96,0,-1.19,neutral,bajista,0,0.678,32,11411,2,
s40266,MANAUSDT,1790176500000,testA,-1,-3.7,0.415,6.32,4.64,1.0,-2.51,2.46,1.88,1.64,1.49,1,-1.19,neutral,neutral,0,0.56,32,11411,1,
s40267,APEUSDT,1790176500000,testA,-1,-4.6,0.43,8.46,7.03,0.88,-3.41,2.89,4.41,3.39,6.31,0,-1.19,neutral,neutral,0,0.528,32,11411,1,
s40268,STBLUSDT,1790177400000,val,-1,-5.82,0.58,8.49,6.86,0.65,-4.37,3.27,1.6,1.34,1.08,1,-1.45,neutral,bajista,0,-0.061,32,11413,3,
s40269,0GUSDT,1790177400000,val,-1,-6.31,0.407,9.09,7.14,0.98,-4.87,2.71,3.72,3.18,1.99,1,-1.45,neutral,bajista,0,0.302,32,11413,2,
s40270,ARBUSDT,1790177400000,val,-1,-5.32,0.522,9.97,7.66,0.69,-3.87,3.24,1.26,1.21,1.21,0,-1.45,neutral,bajista,0,0.42,32,11413,2,
s40271,FETUSDT,1790177400000,val,-1,-5.01,0.401,7.53,6.25,0.7,-3.56,3.1,1.86,1.65,1.29,1,-1.45,neutral,bajista,0,0.131,32,11412,2,
s40272,SANDUSDT,1790177400000,testA,-1,-5.0,0.575,6.46,5.79,1.04,-3.55,3.02,2.36,2.37,1.96,0,-1.45,neutral,bajista,0,0.647,32,11412,3,
s40273,MANAUSDT,1790177400000,testA,-1,-4.01,0.434,6.36,5.22,0.73,-2.56,2.74,1.88,1.64,1.49,1,-1.45,neutral,bajista,0,0.413,32,11412,2,
s40274,PUMPUSDT,1790178300000,val,-1,-4.07,0.414,6.79,4.78,0.66,-2.13,2.49,2.48,1.77,1.3,1,-1.94,neutral,neutral,0,0.166,32,11414,1,
s40275,STBLUSDT,1790178300000,val,-1,-6.25,0.597,8.0,6.82,0.75,-4.31,3.27,1.6,1.34,1.08,1,-1.94,neutral,bajista,0,-0.201,32,11414,4,
s40276,0GUSDT,1790178300000,val,-1,-6.56,0.416,8.46,7.06,1.0,-4.62,2.8,3.72,3.18,1.99,1,-1.94,neutral,bajista,0,0.21,32,11414,3,
s40277,SUIUSDT,1790178300000,val,-1,-5.87,0.434,8.2,6.65,0.85,-3.93,3.24,2.0,1.51,1.25,1,-1.94,neutral,bajista,0,-0.072,32,11414,4,
s40278,SEIUSDT,1790178300000,val,-1,-4.65,0.475,6.15,5.5,0.75,-2.71,2.56,1.42,1.22,1.12,1,-1.94,neutral,bajista,0,-0.266,32,11414,3,
s40279,ONDOUSDT,1790178300000,val,-1,-5.56,0.478,8.35,5.99,0.56,-3.62,3.02,1.87,1.42,1.11,1,-1.94,neutral,bajista,0,-0.065,32,11413,4,
s40280,FETUSDT,1790178300000,val,-1,-6.34,0.498,7.59,7.18,0.73,-4.4,3.48,1.86,1.65,1.29,1,-1.94,neutral,bajista,0,-0.036,32,11413,3,
s40281,SANDUSDT,1790178300000,testA,-1,-6.08,0.621,7.22,7.03,0.98,-4.14,3.71,2.36,2.37,1.96,0,-1.94,neutral,bajista,0,0.291,32,11413,4,
s40282,MANAUSDT,1790178300000,testA,-1,-5.0,0.517,6.41,6.05,0.81,-3.06,3.05,1.88,1.64,1.49,1,-1.94,neutral,bajista,0,0.161,32,11413,3,
s40283,PUMPUSDT,1790179200000,val,-1,-3.46,0.356,6.78,4.53,0.92,-2.14,1.88,2.5,1.86,1.31,1,-1.33,neutral,neutral,0,0.29,32,11415,0,
s40284,STBLUSDT,1790179200000,val,-1,-4.8,0.424,8.16,5.34,1.37,-3.47,1.85,1.76,1.44,1.07,1,-1.33,neutral,neutral,0,0.049,32,11415,0,
s40285,ARBUSDT,1790179200000,val,-1,-5.65,0.487,10.16,7.3,0.93,-4.32,2.04,1.34,1.16,1.24,0,-1.33,neutral,neutral,0,0.417,32,11415,0,
s40286,SEIUSDT,1790179200000,val,-1,-3.9,0.375,6.86,4.76,1.08,-2.58,1.54,1.58,1.21,1.12,1,-1.33,neutral,neutral,0,-0.061,32,11415,0,
s40287,GRTUSDT,1790179200000,testA,-1,-5.44,0.37,9.74,7.38,0.73,-4.12,2.1,4.37,3.51,2.91,1,-1.33,neutral,neutral,0,0.487,32,11414,0,
s40288,SANDUSDT,1790179200000,testA,-1,-5.28,0.512,8.6,6.09,1.25,-3.96,2.62,2.61,2.46,2.02,1,-1.33,neutral,neutral,0,0.595,32,11414,0,
s40289,MANAUSDT,1790179200000,testA,-1,-4.31,0.416,7.35,5.1,1.01,-2.98,1.84,2.09,1.7,1.54,1,-1.33,neutral,neutral,0,0.444,32,11414,0,
s40290,PUMPUSDT,1790180100000,val,-1,-3.73,0.373,6.8,4.91,0.92,-2.27,1.97,2.5,1.86,1.31,1,-1.46,neutral,neutral,0,0.227,32,11416,1,
s40291,STBLUSDT,1790180100000,val,-1,-4.08,0.383,8.17,5.46,1.2,-2.62,1.89,1.76,1.44,1.07,1,-1.46,neutral,neutral,0,0.014,32,11416,1,
s40292,ARBUSDT,1790180100000,val,-1,-6.15,0.509,9.46,7.12,0.95,-4.7,2.29,1.34,1.16,1.24,0,-1.46,neutral,neutral,0,0.342,32,11416,1,
s40293,FETUSDT,1790180100000,val,-1,-5.28,0.367,8.8,6.14,1.11,-3.82,2.02,2.07,1.75,1.33,1,-1.46,neutral,neutral,0,0.233,32,11415,1,
s40294,GRTUSDT,1790180100000,testA,-1,-5.89,0.415,9.66,7.3,0.76,-4.43,1.88,4.37,3.51,2.91,1,-1.46,neutral,neutral,0,0.492,32,11415,0,
s40295,SANDUSDT,1790180100000,testA,-1,-5.09,0.498,8.59,6.03,1.29,-3.63,2.32,2.61,2.46,2.02,1,-1.46,neutral,neutral,0,0.556,32,11415,0,
s40296,MANAUSDT,1790180100000,testA,-1,-4.12,0.396,7.34,4.97,1.0,-2.66,1.53,2.09,1.7,1.54,1,-1.46,neutral,neutral,0,0.378,32,11415,0,
s40297,PUMPUSDT,1790181000000,val,-1,-4.18,0.442,6.79,4.78,0.81,-2.58,1.7,2.5,1.86,1.31,1,-1.6,neutral,neutral,0,0.321,32,11417,0,
s40298,STBLUSDT,1790181000000,val,-1,-5.33,0.55,8.12,5.62,1.03,-3.73,1.91,1.76,1.44,1.07,1,-1.6,neutral,bajista,0,-0.181,32,11417,2,
s40299,ARBUSDT,1790181000000,val,-1,-5.23,0.452,8.51,5.98,0.83,-3.63,1.98,1.34,1.16,1.24,0,-1.6,neutral,neutral,0,0.445,32,11417,0,
s40300,FETUSDT,1790181000000,val,-1,-5.32,0.372,8.63,5.82,1.08,-3.72,1.77,2.07,1.75,1.33,1,-1.6,neutral,neutral,0,0.254,32,11416,0,
s40301,SANDUSDT,1790181000000,testA,-1,-5.3,0.532,8.51,5.86,1.15,-3.7,2.01,2.61,2.46,2.02,1,-1.6,neutral,neutral,0,0.617,32,11416,0,
s40302,MANAUSDT,1790181000000,testA,-1,-4.25,0.416,7.33,4.8,0.99,-2.66,1.28,2.09,1.7,1.54,1,-1.6,neutral,neutral,0,0.493,32,11416,0,
s40303,PUMPUSDT,1790181900000,val,-1,-3.89,0.423,6.8,4.91,0.76,-2.18,1.6,2.5,1.86,1.31,1,-1.71,neutral,neutral,0,0.288,32,11418,1,
s40304,STBLUSDT,1790181900000,val,-1,-5.4,0.553,8.13,5.86,0.93,-3.7,1.89,1.76,1.44,1.07,1,-1.71,neutral,bajista,0,-0.219,32,11418,3,
s40305,LDOUSDT,1790181900000,testA,-1,-6.65,0.579,10.16,7.48,0.82,-4.94,2.3,2.27,1.76,1.4,1,-1.71,neutral,neutral,0,0.248,32,11417,0,
s40306,SANDUSDT,1790181900000,testA,-1,-5.65,0.569,8.53,6.06,0.93,-3.94,1.97,2.61,2.46,2.02,1,-1.71,neutral,neutral,0,0.55,32,11417,1,
s40307,MANAUSDT,1790181900000,testA,-1,-4.52,0.457,7.28,4.74,0.85,-2.82,1.17,2.09,1.7,1.54,1,-1.71,neutral,neutral,0,0.444,32,11417,0,
s40308,APEUSDT,1790181900000,testA,-1,-6.67,0.509,10.52,7.94,0.74,-4.96,2.04,4.82,3.54,5.08,0,-1.71,neutral,neutral,0,0.283,32,11417,0,
s40309,PUMPUSDT,1790182800000,val,-1,-4.11,0.435,6.86,5.86,0.39,-2.28,2.23,2.07,1.86,1.3,1,-1.83,neutral,bajista,0,0.244,32,11419,2,
s40310,STBLUSDT,1790182800000,val,-1,-4.77,0.477,8.1,5.39,0.51,-2.94,1.19,1.82,1.48,1.06,1,-1.83,neutral,neutral,0,-0.133,32,11419,0,
s40311,0GUSDT,1790182800000,val,-1,-5.87,0.402,7.5,7.18,0.41,-4.05,2.85,2.69,3.23,2.05,0,-1.83,neutral,bajista,0,0.034,32,11419,4,
s40312,JUPUSDT,1790182800000,val,-1,-5.97,0.369,9.94,7.24,0.49,-4.15,2.21,2.2,1.53,1.21,1,-1.83,neutral,neutral,0,-0.103,32,11419,1,
s40313,GRTUSDT,1790182800000,testA,-1,-4.98,0.368,8.83,6.29,0.39,-3.16,1.72,4.17,3.48,2.91,1,-1.83,neutral,neutral,0,0.442,32,11418,1,
s40314,SANDUSDT,1790182800000,testA,-1,-5.61,0.565,8.28,6.65,0.33,-3.78,2.52,2.48,2.41,2.0,1,-1.83,neutral,bajista,0,0.377,32,11418,2,
s40315,MANAUSDT,1790182800000,testA,-1,-4.58,0.458,6.89,5.2,0.49,-2.76,1.82,2.1,1.73,1.53,1,-1.83,neutral,neutral,0,0.26,32,11418,1,
s40316,PUMPUSDT,1790183700000,val,-1,-4.32,0.473,6.68,5.18,0.38,-2.57,1.66,2.07,1.86,1.3,1,-1.74,neutral,neutral,0,0.341,32,11420,0,
s40317,STBLUSDT,1790183700000,val,-1,-4.18,0.43,8.09,5.23,0.51,-2.44,1.09,1.82,1.48,1.06,1,-1.74,neutral,neutral,0,-0.122,32,11420,0,
s40318,INJUSDT,1790183700000,val,-1,-6.45,0.404,9.64,7.01,0.64,-4.71,2.26,1.95,1.53,1.42,1,-1.74,neutral,neutral,0,-0.285,32,11420,0,
s40319,TIAUSDT,1790183700000,val,-1,-6.54,0.439,10.13,7.77,0.39,-4.8,2.45,3.33,3.44,4.25,0,-1.74,neutral,neutral,0,0.198,32,11420,0,
s40320,LDOUSDT,1790183700000,testA,-1,-6.26,0.561,10.14,7.29,0.41,-4.52,1.7,2.17,1.79,1.4,1,-1.74,neutral,neutral,0,0.317,32,11419,0,
s40321,SANDUSDT,1790183700000,testA,-1,-5.3,0.519,8.23,5.98,0.3,-3.56,1.77,2.48,2.41,2.0,1,-1.74,neutral,neutral,0,0.591,32,11419,0,
s40322,MANAUSDT,1790183700000,testA,-1,-3.97,0.375,6.68,4.26,0.49,-2.23,1.02,2.1,1.73,1.53,1,-1.74,neutral,neutral,0,0.589,32,11419,0,
s40323,PUMPUSDT,1790184600000,val,-1,-5.01,0.554,6.53,5.38,0.37,-3.17,1.76,2.07,1.86,1.3,1,-1.84,neutral,neutral,0,0.265,32,11421,1,
s40324,TIAUSDT,1790184600000,val,-1,-7.1,0.474,9.85,7.84,0.38,-5.26,2.5,3.33,3.44,4.25,0,-1.84,neutral,neutral,0,0.15,32,11421,1,
s40325,LDOUSDT,1790184600000,testA,-1,-6.88,0.596,9.68,7.36,0.41,-5.03,1.95,2.17,1.79,1.4,1,-1.84,neutral,neutral,0,0.243,32,11420,1,
s40326,SANDUSDT,1790184600000,testA,-1,-5.23,0.509,8.22,5.85,0.28,-3.38,1.52,2.48,2.41,2.0,1,-1.84,neutral,neutral,0,0.62,32,11420,0,
s40327,APEUSDT,1790184600000,testA,-1,-7.25,0.525,9.42,7.82,0.37,-5.41,2.3,4.88,3.49,3.73,0,-1.84,neutral,neutral,0,0.299,32,11420,0,
s40328,PUMPUSDT,1790185500000,val,-1,-4.88,0.547,6.54,5.56,0.35,-3.16,1.66,2.07,1.86,1.3,1,-1.72,neutral,bajista,0,0.252,32,11422,2,
s40329,STBLUSDT,1790185500000,val,-1,-4.01,0.407,7.48,4.59,0.42,-2.29,0.84,1.82,1.48,1.06,1,-1.72,neutral,neutral,0,-0.107,32,11422,1,
s40330,LDOUSDT,1790185500000,testA,-1,-6.43,0.578,9.64,7.36,0.4,-4.71,1.67,2.17,1.79,1.4,1,-1.72,neutral,bajista,0,0.25,32,11421,2,
s40331,SANDUSDT,1790185500000,testA,-1,-5.24,0.509,8.24,6.11,0.3,-3.52,1.47,2.48,2.41,2.0,1,-1.72,neutral,neutral,0,0.56,32,11421,1,
s40332,APEUSDT,1790185500000,testA,-1,-6.43,0.484,9.14,7.4,0.32,-4.71,1.87,4.88,3.49,3.73,0,-1.72,neutral,neutral,0,0.342,32,11421,0,
s40333,PUMPUSDT,1790186400000,val,-1,-2.77,0.399,4.36,4.19,0.28,-1.97,2.23,1.83,1.89,1.31,0,-0.81,neutral,bajista,0,0.127,32,11423,3,
s40334,WLDUSDT,1790186400000,val,-1,-3.57,0.531,4.93,4.22,0.28,-2.77,2.53,2.6,2.08,1.69,1,-0.81,neutral,bajista,0,0.347,32,11423,2,
s40335,TIAUSDT,1790186400000,val,-1,-4.77,0.369,7.02,5.81,0.35,-3.96,2.53,2.82,3.39,4.26,0,-0.81,neutral,bajista,0,0.078,32,11423,3,
s40336,LDOUSDT,1790186400000,testA,-1,-4.46,0.479,5.7,4.74,0.35,-3.65,2.81,2.2,1.84,1.4,1,-0.81,neutral,bajista,0,0.044,32,11422,3,
s40337,SANDUSDT,1790186400000,testA,-1,-2.83,0.351,4.82,3.6,0.27,-2.02,2.2,2.52,2.37,2.04,1,-0.81,neutral,bajista,0,0.653,32,11422,2,
s40338,APEUSDT,1790186400000,testA,-1,-3.88,0.353,5.59,4.78,0.21,-3.08,2.59,4.38,3.44,3.13,1,-0.81,neutral,neutral,0,0.268,32,11422,1,
s40339,PUMPUSDT,1790187300000,val,-1,-2.54,0.377,4.58,4.45,0.36,-2.66,2.3,1.83,1.89,1.31,0,0.13,neutral,bajista,0,-0.023,32,11424,4,
s40340,WLDUSDT,1790187300000,val,-1,-3.23,0.504,5.2,4.86,0.42,-3.35,2.83,2.6,2.08,1.69,1,0.13,neutral,bajista,0,-0.0,32,11424,3,
s40341,LDOUSDT,1790187300000,testA,-1,-3.44,0.411,5.18,4.6,0.44,-3.57,2.91,2.2,1.84,1.4,1,0.13,neutral,bajista,0,-0.277,32,11423,4,
s40342,SANDUSDT,1790187300000,testA,-1,-2.98,0.36,4.87,4.7,0.49,-3.1,2.93,2.52,2.37,2.04,1,0.13,neutral,bajista,0,0.132,32,11423,3,
s40343,PUMPUSDT,1790188200000,val,-1,-3.26,0.543,5.06,4.48,0.58,-3.16,2.06,1.83,1.89,1.31,0,-0.1,neutral,bajista,0,-0.192,32,11425,5,
s40344,WLDUSDT,1790188200000,val,-1,-3.85,0.629,5.21,4.62,0.56,-3.75,2.71,2.6,2.08,1.69,1,-0.1,neutral,bajista,0,-0.17,32,11425,4,
s40345,INJUSDT,1790188200000,val,-1,-4.64,0.374,8.01,5.76,0.36,-4.54,1.63,1.85,1.54,1.41,1,-0.1,neutral,neutral,0,-0.736,32,11425,0,
s40346,TIAUSDT,1790188200000,val,-1,-5.11,0.473,6.91,6.28,0.43,-5.01,2.49,2.82,3.39,4.26,0,-0.1,neutral,neutral,0,-0.401,32,11425,0,
s40347,SANDUSDT,1790188200000,testA,-1,-3.55,0.467,4.97,4.7,0.67,-3.45,2.63,2.52,2.37,2.04,1,-0.1,neutral,neutral,0,0.037,32,11424,0,
s40348,AXSUSDT,1790188200000,testA,-1,-2.52,0.423,4.73,3.5,0.35,-2.42,1.9,3.07,2.69,2.19,1,-0.1,neutral,neutral,0,0.118,32,11424,0,
s40349,PUMPUSDT,1790189100000,val,-1,-3.39,0.582,5.05,4.19,0.63,-3.15,1.22,1.83,1.89,1.31,0,-0.24,neutral,neutral,0,-0.259,32,11426,0,
s40350,WLDUSDT,1790189100000,val,-1,-4.33,0.656,5.07,5.04,0.74,-4.09,2.25,2.6,2.08,1.69,1,-0.24,neutral,bajista,0,-0.284,32,11426,5,
s40351,INJUSDT,1790189100000,val,-1,-5.16,0.422,7.66,5.61,0.36,-4.92,1.3,1.85,1.54,1.41,1,-0.24,neutral,neutral,0,-1.0,32,11426,1,
s40352,TIAUSDT,1790189100000,val,-1,-5.19,0.479,6.91,6.35,0.47,-4.95,1.94,2.82,3.39,4.26,0,-0.24,neutral,neutral,0,-0.308,32,11426,1,
s40353,LDOUSDT,1790189100000,testA,-1,-3.48,0.379,5.15,4.17,0.63,-3.24,1.55,2.2,1.84,1.4,1,-0.24,neutral,neutral,0,-0.348,32,11425,1,
s40354,SANDUSDT,1790189100000,testA,-1,-4.37,0.582,5.19,5.11,0.78,-4.13,2.27,2.52,2.37,2.04,1,-0.24,neutral,neutral,0,-0.078,32,11425,1,
s40355,AXSUSDT,1790189100000,testA,-1,-2.79,0.493,4.65,3.34,0.33,-2.55,1.0,3.07,2.69,2.19,1,-0.24,neutral,neutral,0,0.086,32,11425,0,
s40356,APEUSDT,1790189100000,testA,-1,-3.9,0.405,5.62,5.28,0.37,-3.66,1.7,4.38,3.44,3.13,1,-0.24,neutral,neutral,0,0.038,32,11425,1,
s40357,PUMPUSDT,1790190000000,val,-1,-3.1,0.559,4.34,3.48,0.6,-2.79,1.04,1.79,1.9,1.34,0,-0.31,neutral,neutral,0,-0.326,32,11427,0,
s40358,0GUSDT,1790190000000,val,-1,-3.29,0.356,4.94,3.93,0.23,-2.98,0.49,1.9,2.95,2.04,0,-0.31,neutral,neutral,0,-0.268,32,11427,0,
s40359,WLDUSDT,1790190000000,val,-1,-4.05,0.592,5.18,4.59,0.88,-3.73,1.67,2.49,2.0,1.68,1,-0.31,neutral,neutral,0,-0.371,32,11427,0,
s40360,TIAUSDT,1790190000000,val,-1,-4.69,0.451,5.93,5.67,0.48,-4.38,2.18,2.45,3.31,3.91,0,-0.31,neutral,bajista,0,-0.556,32,11427,2,
s40361,GRTUSDT,1790190000000,testA,-1,-3.76,0.394,4.7,4.42,0.78,-3.45,1.82,3.29,3.48,2.96,0,-0.31,neutral,bajista,0,0.277,32,11426,2,
s40362,SANDUSDT,1790190000000,testA,-1,-4.68,0.599,5.48,5.31,1.0,-4.37,2.29,2.54,2.11,2.08,1,-0.31,neutral,bajista,0,-0.225,32,11426,2,
s40363,MANAUSDT,1790190000000,testA,-1,-2.66,0.398,3.76,2.99,0.44,-2.35,1.05,1.89,1.63,1.52,1,-0.31,neutral,bajista,0,-0.413,32,11426,6,
s40364,AXSUSDT,1790190000000,testA,-1,-3.15,0.525,4.55,3.58,0.32,-2.83,1.05,2.95,2.59,2.19,1,-0.31,neutral,neutral,0,-0.075,32,11426,1,
s40365,APEUSDT,1790190000000,testA,-1,-3.9,0.405,5.61,5.14,0.28,-3.58,1.28,4.09,3.34,2.89,1,-0.31,neutral,neutral,0,0.092,32,11426,0,
s40366,WLDUSDT,1790190900000,val,-1,-3.21,0.484,4.4,3.49,0.78,-3.11,1.29,2.49,2.0,1.68,1,-0.1,neutral,neutral,0,-0.289,32,11428,0,
s40367,ARUSDT,1790190900000,testA,-1,-5.41,0.372,8.59,6.6,0.18,-5.31,1.29,1.18,0.83,0.61,1,-0.1,neutral,neutral,0,0.305,32,11427,1,
s40368,SANDUSDT,1790190900000,testA,-1,-3.71,0.505,4.35,3.9,1.07,-3.61,1.93,2.54,2.11,2.08,1,-0.1,neutral,neutral,0,-0.057,32,11427,0,
s40369,APEUSDT,1790190900000,testA,-1,-3.45,0.361,4.32,3.64,0.2,-3.35,0.96,4.09,3.34,2.89,1,-0.1,neutral,neutral,0,0.148,32,11427,0,
s40370,WLDUSDT,1790191800000,val,-1,-2.49,0.416,3.71,2.78,0.73,-2.67,1.14,2.49,2.0,1.68,1,0.18,neutral,neutral,0,-0.142,32,11429,0,
s40371,ARUSDT,1790191800000,testA,-1,-5.18,0.359,7.7,6.47,0.21,-5.37,2.1,1.18,0.83,0.61,1,0.18,neutral,bajista,0,0.345,32,11428,2,
s40372,STXUSDT,1790191800000,testA,-1,-3.39,0.425,3.97,3.84,0.8,-3.57,1.65,1.41,1.31,1.03,1,0.18,neutral,bajista,0,-0.339,32,11428,4,
s40373,SANDUSDT,1790191800000,testA,-1,-3.34,0.471,4.13,3.63,0.98,-3.52,1.77,2.54,2.11,2.08,1,0.18,neutral,neutral,0,-0.096,32,11428,0,
s40374,AXSUSDT,1790191800000,testA,-1,-2.45,0.407,3.43,2.79,0.41,-2.64,1.36,2.95,2.59,2.19,1,0.18,neutral,neutral,0,0.069,32,11428,1,
s40375,0GUSDT,1790193600000,val,-1,-2.66,0.379,3.95,3.38,0.42,-2.65,1.03,1.24,2.58,2.07,0,-0.0,neutral,neutral,0,-1.0,31,11431,1,
s40376,ARUSDT,1790193600000,testA,-1,-6.5,0.538,7.61,7.04,0.29,-6.49,2.69,0.98,0.81,0.62,1,-0.0,neutral,neutral,0,0.293,32,11430,1,
s40377,GRTUSDT,1790193600000,testA,-1,-3.05,0.361,5.02,4.94,0.96,-3.05,2.2,2.05,3.38,2.94,0,-0.0,neutral,bajista,0,0.081,32,11430,3,
s40378,SANDUSDT,1790193600000,testA,-1,-3.28,0.523,4.0,3.97,0.83,-3.28,1.79,1.81,1.99,2.06,0,-0.0,neutral,neutral,0,-0.126,32,11430,1,
s40379,XPLUSDT,1790194500000,val,1,2.23,0.499,3.95,3.15,0.71,2.15,0.72,1.84,2.26,1.84,0,0.09,neutral,neutral,0,0.576,32,11432,1,
s40380,0GUSDT,1790194500000,val,-1,-2.79,0.389,3.61,3.37,0.83,-2.88,1.45,1.24,2.58,2.07,0,0.09,neutral,bajista,0,-1.0,28,11432,2,
s40381,WLDUSDT,1790194500000,val,-1,-2.27,0.373,3.27,2.92,0.68,-2.36,1.37,1.49,1.9,1.65,0,0.09,neutral,bajista,0,-0.61,32,11432,2,
s40382,ARUSDT,1790194500000,testA,-1,-4.88,0.462,6.76,6.46,0.42,-4.96,2.55,0.98,0.81,0.62,1,0.09,neutral,bajista,0,0.164,32,11431,2,
s40383,STXUSDT,1790194500000,testA,-1,-2.91,0.474,4.21,4.17,0.69,-3.0,1.69,0.94,1.24,1.02,0,0.09,neutral,bajista,0,-0.328,32,11431,2,
s40384,GRTUSDT,1790194500000,testA,-1,-3.21,0.372,5.27,5.11,0.95,-3.29,1.97,2.05,3.38,2.94,0,0.09,neutral,bajista,0,-0.188,32,11431,4,
s40385,SANDUSDT,1790194500000,testA,-1,-3.38,0.538,4.22,3.87,0.79,-3.47,1.62,1.81,1.99,2.06,0,0.09,neutral,bajista,0,-0.284,32,11431,2,
s40386,MANAUSDT,1790194500000,testA,-1,-2.46,0.506,3.55,2.9,1.61,-2.55,1.37,1.51,1.69,1.61,0,0.09,neutral,bajista,0,-0.735,32,11431,4,
s40387,AXSUSDT,1790194500000,testA,-1,-2.32,0.412,3.4,2.91,1.18,-2.41,1.53,1.44,2.35,2.18,0,0.09,neutral,bajista,0,-0.397,32,11431,2,
s40388,XPLUSDT,1790195400000,val,1,2.75,0.552,4.32,4.04,0.75,2.39,1.6,1.84,2.26,1.84,0,0.37,neutral,alcista,0,0.194,32,11433,2,
s40389,STXUSDT,1790195400000,testA,-1,-3.27,0.571,4.2,3.87,0.71,-3.64,1.08,0.94,1.24,1.02,0,0.37,neutral,neutral,0,-0.244,32,11432,0,
s40390,GRTUSDT,1790195400000,testA,-1,-3.56,0.437,5.24,4.57,0.93,-3.93,1.28,2.05,3.38,2.94,0,0.37,neutral,neutral,0,-0.096,32,11432,0,
s40391,SANDUSDT,1790195400000,testA,-1,-3.01,0.455,4.18,3.36,0.76,-3.38,0.88,1.81,1.99,2.06,0,0.37,neutral,neutral,0,-0.193,32,11432,0,
s40392,MANAUSDT,1790195400000,testA,-1,-2.58,0.544,3.55,2.85,2.43,-2.94,1.09,1.51,1.69,1.61,0,0.37,neutral,neutral,0,-0.726,32,11432,0,
s40393,XPLUSDT,1790196300000,val,1,2.37,0.448,4.33,3.71,0.7,2.14,1.18,1.84,2.26,1.84,0,0.23,neutral,neutral,0,0.43,32,11434,0,
s40394,WLDUSDT,1790196300000,val,-1,-2.32,0.356,3.14,2.72,0.6,-2.55,0.99,1.49,1.9,1.65,0,0.23,neutral,neutral,0,-1.0,32,11434,1,
s40395,STXUSDT,1790196300000,testA,-1,-3.62,0.596,4.47,4.31,0.87,-3.85,1.33,0.94,1.24,1.02,0,0.23,neutral,neutral,0,-0.356,32,11433,1,
s40396,GRTUSDT,1790196300000,testA,-1,-4.09,0.48,5.27,5.07,0.86,-4.33,1.7,2.05,3.38,2.94,0,0.23,neutral,neutral,0,-0.323,32,11433,1,
s40397,LDOUSDT,1790196300000,testA,-1,-2.55,0.355,4.05,3.16,1.73,-2.78,0.95,1.56,1.75,1.45,0,0.23,neutral,neutral,0,-1.0,32,11433,1,
s40398,SANDUSDT,1790196300000,testA,-1,-3.04,0.457,4.16,3.56,0.71,-3.28,1.09,1.81,1.99,2.06,0,0.23,neutral,neutral,0,-0.434,32,11433,1,
s40399,MANAUSDT,1790196300000,testA,-1,-2.78,0.565,3.52,3.02,3.07,-3.01,1.28,1.51,1.69,1.61,0,0.23,neutral,neutral,0,-1.0,32,11433,1,
s40400,APEUSDT,1790196300000,testA,-1,-2.12,0.364,3.24,2.36,0.63,-2.35,0.47,2.25,3.14,2.81,0,0.23,neutral,neutral,0,-0.257,32,11433,1,
s40401,XPLUSDT,1790197200000,val,1,3.04,0.51,3.37,3.27,0.66,2.37,1.77,1.42,2.21,1.85,0,0.67,neutral,neutral,0,0.171,32,11435,1,
s40402,GRTUSDT,1790197200000,testA,-1,-3.36,0.429,5.59,5.07,0.7,-4.03,1.54,1.68,3.18,2.9,0,0.67,neutral,bajista,0,-0.465,32,11434,2,
s40403,XPLUSDT,1790198100000,val,1,3.04,0.512,3.96,3.92,0.76,2.61,2.16,1.42,2.21,1.85,0,0.43,neutral,alcista,0,-0.031,32,11436,2,
s40404,ARBUSDT,1790198100000,val,-1,-2.97,0.394,4.79,4.08,0.61,-3.4,0.78,0.62,0.95,1.26,0,0.43,neutral,neutral,0,0.088,32,11436,0,
s40405,STXUSDT,1790198100000,testA,-1,-2.21,0.432,4.14,2.97,0.75,-2.64,0.41,0.66,1.2,1.01,0,0.43,neutral,neutral,0,-0.435,32,11435,0,
s40406,GRTUSDT,1790198100000,testA,-1,-3.64,0.487,5.29,4.41,0.69,-4.07,1.2,1.68,3.18,2.9,0,0.43,neutral,neutral,0,-0.55,32,11435,0,
s40407,MANAUSDT,1790198100000,testA,-1,-2.08,0.535,3.49,2.39,1.71,-2.51,0.56,1.33,1.63,1.61,0,0.43,neutral,neutral,0,-1.0,30,11435,0,
s40408,XPLUSDT,1790199000000,val,1,3.35,0.556,4.22,4.1,0.75,3.06,2.12,1.42,2.21,1.85,0,0.3,neutral,alcista,0,-0.073,32,11437,3,
s40409,ENAUSDT,1790199000000,val,-1,-3.32,0.49,5.62,4.61,0.7,-3.62,0.78,0.89,1.11,0.97,0,0.3,neutral,neutral,0,-0.662,32,11437,0,
s40410,ARBUSDT,1790199000000,val,-1,-3.0,0.4,4.78,3.88,0.66,-3.29,0.64,0.62,0.95,1.26,0,0.3,neutral,neutral,0,0.161,32,11437,0,
s40411,GRTUSDT,1790199000000,testA,-1,-4.58,0.6,5.32,5.04,0.77,-4.88,1.63,1.68,3.18,2.9,0,0.3,neutral,neutral,0,-0.746,32,11436,1,
s40412,XPLUSDT,1790199900000,val,1,3.85,0.598,4.64,4.51,0.79,3.74,2.3,1.42,2.21,1.85,0,0.11,neutral,alcista,0,-0.213,32,11438,4,
s40413,ENAUSDT,1790199900000,val,-1,-3.35,0.492,4.69,3.75,0.59,-3.46,0.64,0.89,1.11,0.97,0,0.11,neutral,neutral,0,-1.0,29,11438,1,
s40414,ARBUSDT,1790199900000,val,-1,-3.49,0.498,4.51,3.66,0.43,-3.6,0.58,0.62,0.95,1.26,0,0.11,neutral,neutral,0,0.276,32,11438,1,
s40415,PENDLEUSDT,1790199900000,val,-1,-3.18,0.367,4.67,3.5,0.39,-3.29,-0.19,1.65,1.75,1.34,0,0.11,neutral,neutral,0,0.929,32,11438,0,
s40416,ARUSDT,1790199900000,testA,-1,-4.1,0.431,4.9,4.37,0.74,-4.21,1.35,0.63,0.8,0.63,0,0.11,neutral,bajista,0,-0.021,32,11437,2,
s40417,GRTUSDT,1790199900000,testA,-1,-4.68,0.604,5.15,5.07,0.75,-4.79,1.94,1.68,3.18,2.9,0,0.11,neutral,bajista,0,-0.69,32,11437,2,
s40418,MANAUSDT,1790199900000,testA,-1,-2.04,0.487,3.08,2.09,0.75,-2.15,0.47,1.33,1.63,1.61,0,0.11,neutral,neutral,0,-1.0,28,11437,1,
s40419,AXSUSDT,1790199900000,testA,-1,-2.02,0.38,3.02,2.11,0.52,-2.13,0.48,0.97,2.2,2.09,0,0.11,neutral,neutral,0,-1.0,29,11437,1,
s40420,XPLUSDT,1790200800000,val,1,4.59,0.729,5.49,4.76,0.83,4.11,2.23,1.05,2.2,1.84,0,0.48,neutral,alcista,0,-0.199,32,11439,5,
s40421,INJUSDT,1790200800000,val,1,3.02,0.367,4.81,4.49,1.75,2.54,2.7,0.66,1.35,1.38,0,0.48,neutral,alcista,0,-0.031,32,11439,4,
s40422,ARUSDT,1790200800000,testA,-1,-3.01,0.354,3.89,3.41,0.69,-3.49,1.4,0.31,0.77,0.63,0,0.48,neutral,bajista,0,0.108,32,11438,3,
s40423,GRTUSDT,1790200800000,testA,-1,-2.65,0.391,3.6,2.96,0.6,-3.13,1.39,1.46,3.0,2.87,0,0.48,neutral,neutral,0,-1.0,28,11438,0,
s40424,XPLUSDT,1790201700000,val,1,4.3,0.651,5.51,4.41,0.83,3.9,1.68,1.05,2.2,1.84,0,0.39,neutral,neutral,0,-0.083,32,11440,0,
s40425,INJUSDT,1790201700000,val,1,3.34,0.414,4.86,3.56,2.12,2.94,1.41,0.66,1.35,1.38,0,0.39,neutral,neutral,0,0.115,32,11440,0,
s40426,GRTUSDT,1790201700000,testA,-1,-2.9,0.411,3.63,3.63,0.95,-3.29,1.88,1.46,3.0,2.87,0,0.39,neutral,neutral,0,-1.0,27,11439,1,
s40427,XPLUSDT,1790202600000,val,1,3.78,0.623,4.91,3.92,0.86,3.46,1.63,1.05,2.2,1.84,0,0.32,neutral,neutral,0,-0.093,32,11441,1,
s40428,GRTUSDT,1790202600000,testA,-1,-2.9,0.411,4.07,3.59,0.94,-3.21,1.6,1.46,3.0,2.87,0,0.32,neutral,neutral,0,-1.0,26,11440,0,
s40429,XPLUSDT,1790203500000,val,1,3.28,0.543,4.92,3.69,0.91,2.99,1.32,1.05,2.2,1.84,0,0.29,neutral,neutral,0,-0.081,32,11442,0,
s40430,GRTUSDT,1790203500000,testA,-1,-2.51,0.352,3.74,3.01,0.91,-2.8,1.01,1.46,3.0,2.87,0,0.29,neutral,neutral,0,-1.0,25,11441,0,
s40431,XPLUSDT,1790204400000,val,1,2.99,0.5,4.54,3.2,0.93,2.85,1.1,0.86,2.13,1.8,0,0.14,neutral,neutral,0,-0.093,32,11443,0,
s40432,INJUSDT,1790204400000,val,1,2.98,0.351,4.85,3.74,0.96,2.84,1.52,0.53,1.25,1.3,0,0.14,neutral,alcista,0,-0.163,32,11443,2,
s40433,GRTUSDT,1790205300000,testA,-1,-2.2,0.35,3.61,2.61,0.46,-2.28,0.57,1.29,2.8,2.78,0,0.09,neutral,neutral,0,-1.0,23,11443,1,
s40434,GRTUSDT,1790206200000,testA,-1,-2.64,0.392,3.31,3.11,0.37,-2.67,1.22,1.29,2.8,2.78,0,0.03,neutral,bajista,0,-1.0,21,11444,2,
s40435,XPLUSDT,1790208000000,val,1,2.06,0.371,4.03,2.31,0.93,2.03,0.35,0.76,2.04,1.77,0,0.03,neutral,alcista,0,0.245,32,11447,2,
s40436,XPLUSDT,1790208900000,val,1,2.22,0.389,3.58,2.17,0.67,2.17,0.54,0.76,2.04,1.77,0,0.05,neutral,alcista,0,-0.347,32,11448,3,
s40437,PENDLEUSDT,1790211600000,val,-1,-2.82,0.434,4.6,4.58,1.96,-2.72,2.64,0.91,1.78,1.35,0,-0.1,neutral,bajista,0,0.341,32,11451,4,
s40438,PENDLEUSDT,1790212500000,val,-1,-3.85,0.577,5.44,5.26,2.52,-3.62,2.96,0.91,1.78,1.35,0,-0.23,neutral,bajista,0,0.251,32,11452,5,
s40439,APEUSDT,1790212500000,testA,-1,-2.41,0.486,2.95,2.88,1.57,-2.18,1.29,0.73,2.45,2.49,0,-0.23,neutral,bajista,0,-1.0,15,11451,2,
s40440,PENDLEUSDT,1790213400000,val,-1,-3.44,0.518,5.43,5.06,2.94,-3.01,2.52,0.91,1.78,1.35,0,-0.42,neutral,neutral,0,0.213,32,11453,0,
s40441,FETUSDT,1790213400000,val,-1,-2.23,0.512,3.57,2.85,0.9,-1.8,0.41,0.57,1.23,1.25,0,-0.42,neutral,neutral,0,-1.0,13,11452,0,
s40442,SANDUSDT,1790213400000,testA,-1,-2.06,0.42,2.48,2.38,0.91,-1.64,0.64,0.96,1.77,1.92,0,-0.42,neutral,neutral,0,-1.0,14,11452,0,
s40443,APEUSDT,1790213400000,testA,-1,-2.21,0.429,2.8,2.39,1.5,-1.79,0.83,0.73,2.45,2.49,0,-0.42,neutral,neutral,0,-1.0,14,11452,0,
s40444,PENDLEUSDT,1790214300000,val,-1,-3.86,0.627,5.42,4.89,2.52,-3.5,2.11,0.91,1.78,1.35,0,-0.36,neutral,neutral,0,0.168,32,11454,0,
s40445,0GUSDT,1790215200000,val,-1,-2.42,0.455,3.38,2.89,0.85,-1.66,1.09,0.88,1.08,2.12,0,-0.75,neutral,bajista,0,-1.0,3,11455,4,
s40446,JUPUSDT,1790215200000,val,-1,-2.44,0.477,4.62,3.28,1.0,-1.69,0.89,0.6,0.94,1.12,0,-0.75,neutral,neutral,0,-1.0,11,11455,0,
s40447,PENDLEUSDT,1790215200000,val,-1,-3.99,0.668,5.33,4.59,1.73,-3.24,1.87,0.97,1.5,1.37,0,-0.75,neutral,neutral,0,0.194,32,11455,0,
s40448,PENDLEUSDT,1790216100000,val,-1,-2.96,0.431,5.28,3.56,0.94,-2.6,0.77,0.97,1.5,1.37,0,-0.36,neutral,neutral,0,0.577,32,11456,0,
s40449,OPUSDT,1790217000000,val,1,2.82,0.558,3.44,3.41,1.26,3.0,1.99,0.53,0.88,1.27,0,-0.18,neutral,alcista,0,-1.0,25,11457,5,
s40450,PENDLEUSDT,1790217000000,val,-1,-2.97,0.432,5.28,3.6,0.71,-2.79,0.82,0.97,1.5,1.37,0,-0.18,neutral,neutral,0,0.447,32,11457,1,
s40451,STXUSDT,1790217000000,testA,1,2.13,0.496,2.47,2.24,0.8,2.31,1.01,0.56,0.76,0.96,0,-0.18,neutral,alcista,0,-1.0,24,11456,4,
s40452,MANAUSDT,1790217000000,testA,1,2.02,0.418,2.24,2.17,0.88,2.2,1.32,0.65,1.09,1.35,0,-0.18,neutral,alcista,0,-1.0,28,11456,3,
s40453,PENDLEUSDT,1790217900000,val,-1,-3.27,0.455,5.19,3.99,0.73,-3.03,1.21,0.97,1.5,1.37,0,-0.23,neutral,bajista,0,0.061,32,11458,2,
s40454,TIAUSDT,1790218800000,val,1,2.3,0.368,3.76,3.16,1.54,2.47,1.61,0.98,1.15,2.38,0,-0.17,neutral,neutral,0,-1.0,24,11459,1,
s40455,PENDLEUSDT,1790218800000,val,-1,-3.68,0.503,4.87,3.96,0.65,-3.51,1.36,0.96,1.32,1.33,0,-0.17,neutral,bajista,0,-0.141,32,11459,3,
s40456,ONDOUSDT,1790218800000,val,1,2.03,0.382,3.44,3.44,2.1,2.21,1.95,0.57,0.68,1.07,0,-0.17,neutral,alcista,0,0.462,32,11458,5,
s40457,PENDLEUSDT,1790219700000,val,-1,-3.6,0.496,4.67,4.01,0.55,-3.11,1.45,0.96,1.32,1.33,0,-0.49,neutral,bajista,0,-0.198,32,11460,4,
s40458,0GUSDT,1790220600000,val,1,2.57,0.356,4.37,4.17,1.14,3.1,1.94,1.07,0.96,2.14,0,-0.54,neutral,alcista,0,-0.467,32,11461,6,
s40459,PENDLEUSDT,1790220600000,val,-1,-3.09,0.446,4.66,3.92,0.39,-2.56,1.21,0.96,1.32,1.33,0,-0.54,neutral,neutral,0,-0.157,32,11461,0,
s40460,0GUSDT,1790221500000,val,1,3.09,0.4,5.17,4.78,1.52,3.63,2.44,1.07,0.96,2.14,0,-0.54,neutral,alcista,0,-0.438,32,11462,7,
s40461,PENDLEUSDT,1790221500000,val,-1,-3.77,0.494,5.01,4.92,0.41,-3.23,1.97,0.96,1.32,1.33,0,-0.54,neutral,neutral,0,-0.345,32,11462,1,
s40462,0GUSDT,1790222400000,val,1,3.06,0.393,5.19,4.36,1.85,3.69,1.84,1.21,0.93,2.15,0,-0.63,neutral,neutral,0,-0.373,32,11463,0,
s40463,PENDLEUSDT,1790222400000,val,-1,-4.78,0.614,5.68,5.59,0.59,-4.16,2.31,1.04,1.24,1.31,0,-0.63,neutral,bajista,0,-0.585,32,11463,2,
s40464,ONDOUSDT,1790222400000,val,1,2.92,0.417,4.35,3.85,2.19,3.55,1.89,0.72,0.63,1.08,0,-0.63,neutral,alcista,1,2.0,32,11462,3,
s40465,0GUSDT,1790223300000,val,1,2.9,0.364,5.2,4.21,1.8,3.39,1.53,1.21,0.93,2.15,0,-0.49,neutral,neutral,0,-0.264,32,11464,0,
s40466,PENDLEUSDT,1790223300000,val,-1,-3.76,0.45,5.14,4.24,0.77,-3.27,1.3,1.04,1.24,1.31,0,-0.49,neutral,neutral,0,-0.814,32,11464,0,
s40467,ONDOUSDT,1790223300000,val,1,3.43,0.456,4.42,4.37,2.19,3.92,2.25,0.72,0.63,1.08,0,-0.49,neutral,alcista,1,2.0,31,11463,4,
s40468,FETUSDT,1790223300000,val,1,2.23,0.473,2.94,2.79,0.87,2.72,1.08,0.57,0.66,1.23,0,-0.49,neutral,alcista,0,0.255,32,11463,2,
s40469,0GUSDT,1790224200000,val,1,3.01,0.374,5.4,4.89,1.62,3.58,2.02,1.21,0.93,2.15,0,-0.57,neutral,neutral,0,-0.524,32,11465,1,
s40470,ONDOUSDT,1790224200000,val,1,3.49,0.466,4.45,4.17,1.92,4.06,1.82,0.72,0.63,1.08,0,-0.57,neutral,neutral,1,2.0,30,11464,0,
s40471,FETUSDT,1790224200000,val,1,2.28,0.478,3.19,2.94,1.12,2.85,1.09,0.57,0.66,1.23,0,-0.57,neutral,alcista,0,0.293,32,11464,3,
s40472,ASTERUSDT,1790225100000,val,1,2.05,0.478,2.35,2.09,0.45,2.37,0.65,0.66,0.75,1.54,0,-0.33,neutral,alcista,0,-1.0,19,11466,4,
s40473,0GUSDT,1790225100000,val,1,5.21,0.632,6.2,5.93,1.22,5.54,2.9,1.21,0.93,2.15,0,-0.33,neutral,alcista,0,-0.441,32,11466,2,
s40474,WLDUSDT,1790225100000,val,1,2.29,0.386,4.12,4.02,0.64,2.62,1.63,0.77,0.86,1.5,0,-0.33,neutral,alcista,0,-0.263,32,11466,4,
s40475,JUPUSDT,1790225100000,val,1,3.35,0.438,4.84,4.74,0.95,3.67,1.89,0.69,0.69,1.09,0,-0.33,neutral,alcista,0,-1.0,19,11466,4,
s40476,ONDOUSDT,1790225100000,val,1,4.3,0.553,4.83,4.66,1.65,4.63,2.17,0.72,0.63,1.08,0,-0.33,neutral,neutral,1,2.0,29,11465,1,
s40477,FETUSDT,1790225100000,val,1,3.43,0.6,3.96,3.91,1.22,3.75,1.99,0.57,0.66,1.23,0,-0.33,neutral,alcista,0,0.128,32,11465,4,
s40478,LDOUSDT,1790225100000,testA,1,2.57,0.513,3.72,3.62,1.01,2.9,1.58,0.61,0.85,1.32,0,-0.33,neutral,alcista,0,-0.098,32,11465,4,
s40479,MANAUSDT,1790225100000,testA,1,2.38,0.434,3.26,3.25,0.97,2.71,1.58,0.57,0.84,1.29,0,-0.33,neutral,neutral,0,-1.0,19,11465,1,
s40480,ASTERUSDT,1790226000000,val,1,2.27,0.505,2.46,2.39,0.5,2.37,1.09,0.71,0.59,1.5,0,-0.1,neutral,alcista,0,-1.0,18,11467,5,
s40481,0GUSDT,1790226000000,val,1,5.6,0.649,7.39,6.62,1.31,5.7,3.3,1.34,0.95,2.17,0,-0.1,neutral,alcista,0,-0.374,32,11467,3,
s40482,WLDUSDT,1790226000000,val,1,2.96,0.476,5.11,4.46,0.96,3.06,1.81,0.84,0.83,1.49,0,-0.1,neutral,alcista,0,-0.22,32,11467,5,
s40483,ENAUSDT,1790226000000,val,1,4.62,0.458,4.96,4.67,1.34,4.71,2.63,0.45,0.5,0.83,0,-0.1,neutral,alcista,0,-1.0,15,11467,4,
s40484,OPUSDT,1790226000000,val,1,3.3,0.432,4.36,4.08,1.19,3.4,2.42,0.65,0.57,1.19,0,-0.1,neutral,alcista,0,-1.0,14,11467,5,
s40485,TIAUSDT,1790226000000,val,1,4.47,0.472,5.46,5.21,1.17,4.57,3.03,0.9,0.99,2.3,0,-0.1,neutral,alcista,0,-1.0,16,11467,4,
s40486,SEIUSDT,1790226000000,val,1,2.78,0.494,3.48,3.48,1.44,2.88,2.02,0.44,0.42,0.82,0,-0.1,neutral,alcista,0,-1.0,13,11467,2,
s40487,JUPUSDT,1790226000000,val,1,4.02,0.487,5.79,5.32,1.02,4.11,2.34,0.79,0.67,1.12,0,-0.1,neutral,alcista,0,-1.0,18,11467,5,
s40488,ONDOUSDT,1790226000000,val,1,4.32,0.555,5.52,4.91,0.98,4.41,2.19,0.84,0.64,1.09,0,-0.1,neutral,alcista,1,2.0,28,11466,2,
s40489,FETUSDT,1790226000000,val,1,3.78,0.624,4.99,4.54,1.28,3.87,2.41,0.63,0.62,1.2,0,-0.1,neutral,alcista,0,0.462,32,11466,5,
s40490,LDOUSDT,1790226000000,testA,1,3.43,0.606,4.47,4.32,1.11,3.52,2.06,0.69,0.81,1.32,0,-0.1,neutral,alcista,0,0.07,32,11466,5,
s40491,SANDUSDT,1790226000000,testA,1,2.32,0.389,3.96,3.3,0.55,2.42,1.5,0.94,1.01,1.76,0,-0.1,neutral,alcista,0,-1.0,18,11466,2,
s40492,MANAUSDT,1790226000000,testA,1,2.7,0.483,3.97,3.44,1.03,2.79,1.54,0.59,0.78,1.28,0,-0.1,neutral,alcista,0,-1.0,18,11466,2,
s40493,AXSUSDT,1790226000000,testA,1,2.21,0.407,3.92,3.33,0.82,2.31,1.48,0.64,0.62,1.71,0,-0.1,neutral,alcista,0,-1.0,18,11466,2,
s40494,ASTERUSDT,1790226900000,val,1,2.21,0.498,2.39,2.19,0.56,2.26,1.01,0.71,0.59,1.5,0,-0.05,neutral,neutral,0,-1.0,17,11468,0,
s40495,0GUSDT,1790226900000,val,1,5.48,0.626,7.41,6.44,1.27,5.53,2.71,1.34,0.95,2.17,0,-0.05,neutral,neutral,0,-0.38,32,11468,0,
s40496,WLDUSDT,1790226900000,val,1,2.57,0.388,5.13,4.04,0.94,2.61,1.26,0.84,0.83,1.49,0,-0.05,neutral,neutral,0,0.161,32,11468,0,
s40497,ENAUSDT,1790226900000,val,1,3.82,0.378,4.67,3.98,1.61,3.87,2.02,0.45,0.5,0.83,0,-0.05,neutral,neutral,0,-1.0,13,11468,0,
s40498,JUPUSDT,1790226900000,val,1,3.71,0.432,5.83,4.7,1.21,3.76,1.56,0.79,0.67,1.12,0,-0.05,neutral,neutral,0,-1.0,17,11468,0,
s40499,ONDOUSDT,1790226900000,val,1,4.77,0.619,5.51,5.07,0.87,4.82,2.16,0.84,0.64,1.09,0,-0.05,neutral,alcista,1,2.0,32,11467,3,
s40500,FETUSDT,1790226900000,val,1,2.9,0.418,5.03,3.72,1.61,2.94,1.38,0.63,0.62,1.2,0,-0.05,neutral,neutral,0,0.946,32,11467,0,
s40501,LDOUSDT,1790226900000,testA,1,3.49,0.62,4.52,4.2,1.27,3.53,1.75,0.69,0.81,1.32,0,-0.05,neutral,neutral,0,0.461,32,11467,0,
s40502,SANDUSDT,1790226900000,testA,1,2.64,0.463,3.96,3.18,0.62,2.68,1.26,0.94,1.01,1.76,0,-0.05,neutral,neutral,0,-1.0,17,11467,0,
s40503,MANAUSDT,1790226900000,testA,1,2.95,0.55,3.98,3.27,1.04,3.0,1.28,0.59,0.78,1.28,0,-0.05,neutral,neutral,0,-1.0,17,11467,0,
s40504,AXSUSDT,1790226900000,testA,1,2.42,0.459,3.93,3.19,0.96,2.46,1.25,0.64,0.62,1.71,0,-0.05,neutral,neutral,0,-1.0,17,11467,0,
s40505,APEUSDT,1790226900000,testA,1,2.68,0.582,3.81,2.94,1.34,2.72,1.19,0.93,0.79,2.22,0,-0.05,neutral,neutral,0,0.045,32,11467,0,
s40506,0GUSDT,1790227800000,val,1,5.71,0.665,7.42,6.29,1.23,5.64,2.44,1.34,0.95,2.17,0,0.07,neutral,neutral,0,-0.377,32,11469,0,
s40507,WLDUSDT,1790227800000,val,1,2.47,0.368,5.14,3.81,0.94,2.4,0.91,0.84,0.83,1.49,0,0.07,neutral,neutral,0,0.449,32,11469,0,
s40508,ENAUSDT,1790227800000,val,1,3.78,0.376,4.66,4.02,1.84,3.71,2.01,0.45,0.5,0.83,0,0.07,neutral,neutral,0,-1.0,12,11469,1,
s40509,ONDOUSDT,1790227800000,val,1,5.13,0.636,5.93,5.48,1.08,5.06,2.4,0.84,0.64,1.09,0,0.07,neutral,alcista,1,2.0,31,11468,4,
s40510,FETUSDT,1790227800000,val,1,2.9,0.418,5.03,3.72,1.37,2.83,1.26,0.63,0.62,1.2,0,0.07,neutral,neutral,0,0.905,32,11468,0,
s40511,GRTUSDT,1790227800000,testA,1,3.1,0.368,5.28,4.9,1.2,3.03,2.61,1.19,1.26,2.48,0,0.07,neutral,alcista,0,-1.0,16,11468,4,
s40512,LDOUSDT,1790227800000,testA,1,3.17,0.535,4.54,3.91,1.14,3.1,1.33,0.69,0.81,1.32,0,0.07,neutral,neutral,0,0.49,32,11468,0,
s40513,SANDUSDT,1790227800000,testA,1,2.33,0.392,3.97,2.92,0.71,2.26,0.88,0.94,1.01,1.76,0,0.07,neutral,neutral,0,-1.0,16,11468,0,
s40514,MANAUSDT,1790227800000,testA,1,2.49,0.44,4.0,2.91,1.12,2.42,0.78,0.59,0.78,1.28,0,0.07,neutral,neutral,0,-1.0,16,11468,0,
s40515,AXSUSDT,1790227800000,testA,1,2.33,0.443,3.93,3.16,1.05,2.26,1.09,0.64,0.62,1.71,0,0.07,neutral,neutral,0,-1.0,16,11468,0,
s40516,APEUSDT,1790227800000,testA,1,2.53,0.569,3.8,3.14,1.53,2.46,1.25,0.93,0.79,2.22,0,0.07,neutral,neutral,0,-0.191,32,11468,1,
s40517,0GUSDT,1790228700000,val,1,5.93,0.706,7.42,6.29,1.03,6.08,2.15,1.34,0.95,2.17,0,-0.16,neutral,neutral,0,-0.321,32,11470,0,
s40518,ONDOUSDT,1790228700000,val,1,4.82,0.574,5.96,5.02,0.97,4.98,1.68,0.84,0.64,1.09,0,-0.16,neutral,neutral,1,2.0,30,11469,0,
s40519,FETUSDT,1790228700000,val,1,2.75,0.387,5.05,3.33,1.35,2.91,0.73,0.63,0.62,1.2,0,-0.16,neutral,neutral,0,1.152,32,11469,0,
s40520,LDOUSDT,1790228700000,testA,1,2.86,0.458,4.28,3.24,1.04,3.02,0.85,0.69,0.81,1.32,0,-0.16,neutral,neutral,0,1.211,32,11469,0,
s40521,SANDUSDT,1790228700000,testA,1,2.18,0.358,3.98,2.75,0.76,2.34,0.64,0.94,1.01,1.76,0,-0.16,neutral,neutral,0,-1.0,15,11469,0,
s40522,MANAUSDT,1790228700000,testA,1,2.44,0.427,4.0,2.86,1.05,2.6,0.67,0.59,0.78,1.28,0,-0.16,neutral,neutral,0,-1.0,15,11469,0,
s40523,AXSUSDT,1790228700000,testA,1,2.18,0.404,3.94,2.86,1.1,2.34,0.68,0.64,0.62,1.71,0,-0.16,neutral,neutral,0,-1.0,15,11469,0,
s40524,APEUSDT,1790228700000,testA,1,2.4,0.522,3.81,2.94,1.65,2.55,1.01,0.93,0.79,2.22,0,-0.16,neutral,neutral,0,-0.136,32,11469,0,
s40525,0GUSDT,1790229600000,val,1,5.12,0.554,7.18,5.02,0.68,4.91,1.03,1.22,1.01,2.16,0,0.21,neutral,neutral,0,-0.211,32,11471,0,
s40526,WLDUSDT,1790229600000,val,1,2.85,0.377,3.83,2.79,0.49,2.64,1.08,0.84,0.75,1.45,0,0.21,neutral,neutral,0,-1.0,11,11471,1,
s40527,ONDOUSDT,1790229600000,val,1,5.26,0.597,5.44,4.98,0.89,5.06,2.35,0.89,0.66,1.11,0,0.21,neutral,neutral,1,2.0,29,11470,1,
s40528,FETUSDT,1790229600000,val,1,3.1,0.417,4.06,3.01,0.96,2.89,1.26,0.64,0.62,1.17,0,0.21,neutral,neutral,0,-1.0,14,11470,1,
s40529,LDOUSDT,1790229600000,testA,1,2.62,0.437,3.49,2.53,0.83,2.41,0.86,0.67,0.75,1.32,0,0.21,neutral,neutral,0,-1.0,14,11470,1,
s40530,SANDUSDT,1790229600000,testA,1,2.15,0.355,3.19,2.11,0.91,1.95,0.77,0.77,0.93,1.7,0,0.21,neutral,neutral,0,-1.0,13,11470,1,
s40531,MANAUSDT,1790229600000,testA,1,2.53,0.437,3.26,2.43,0.84,2.32,0.94,0.56,0.76,1.26,0,0.21,neutral,neutral,0,-1.0,13,11470,1,
s40532,AXSUSDT,1790229600000,testA,1,2.65,0.478,3.36,2.57,0.78,2.44,0.92,0.58,0.59,1.68,0,0.21,neutral,neutral,0,-1.0,13,11470,1,
s40533,APEUSDT,1790229600000,testA,1,2.25,0.508,2.87,2.2,1.21,2.04,1.23,0.83,0.74,2.15,0,0.21,neutral,neutral,0,-1.0,14,11470,1,
s40534,ONDOUSDT,1790230500000,val,1,4.62,0.567,4.83,4.55,0.91,4.59,2.27,0.89,0.66,1.11,0,0.03,neutral,alcista,1,2.0,28,11471,2,
s40535,FETUSDT,1790230500000,val,1,2.72,0.387,3.44,2.89,0.88,2.69,1.6,0.64,0.62,1.17,0,0.03,neutral,alcista,0,-1.0,12,11471,2,
s40536,AXSUSDT,1790230500000,testA,1,2.01,0.413,2.83,2.31,0.75,1.98,1.07,0.58,0.59,1.68,0,0.03,neutral,alcista,0,-1.0,10,11471,2,
s40537,ONDOUSDT,1790231400000,val,1,4.16,0.542,4.5,4.2,0.71,4.33,2.23,0.89,0.66,1.11,0,-0.17,neutral,alcista,1,2.0,22,11472,3,
s40538,GRTUSDT,1790231400000,testA,1,3.92,0.36,6.6,5.91,3.01,4.09,2.86,1.45,1.36,2.57,0,-0.17,neutral,alcista,0,-1.0,12,11472,2,
s40539,ONDOUSDT,1790232300000,val,1,3.12,0.385,4.53,3.51,0.72,3.42,1.29,0.89,0.66,1.11,0,-0.31,neutral,neutral,1,2.0,21,11473,0,
s40540,GRTUSDT,1790232300000,testA,1,4.58,0.437,6.59,5.98,2.9,4.89,2.63,1.45,1.36,2.57,0,-0.31,neutral,alcista,0,-1.0,11,11473,3,
s40541,STBLUSDT,1790233200000,val,1,3.76,0.558,4.56,4.41,4.0,4.05,3.16,1.19,0.79,1.12,0,-0.29,neutral,alcista,0,-1.0,7,11475,4,
s40542,INJUSDT,1790233200000,val,-1,-3.8,0.453,4.92,4.61,0.52,-3.51,1.51,1.0,0.73,1.14,0,-0.29,neutral,bajista,0,-1.0,24,11475,7,
s40543,STBLUSDT,1790234100000,val,1,3.47,0.492,4.94,4.03,5,3.04,2.46,1.19,0.79,1.12,0,0.43,neutral,neutral,0,-1.0,6,11476,0,
s40544,INJUSDT,1790234100000,val,-1,-3.0,0.373,5.19,4.38,0.51,-3.43,1.27,1.0,0.73,1.14,0,0.43,neutral,neutral,0,-1.0,23,11476,0,
s40545,ONDOUSDT,1790234100000,val,1,3.86,0.569,4.5,4.11,0.88,3.43,1.43,1.11,0.77,1.14,0,0.43,neutral,alcista,1,2.0,19,11475,2,
s40546,GRTUSDT,1790234100000,testA,1,4.24,0.385,6.7,4.45,1.15,3.81,0.73,1.46,1.34,2.53,0,0.43,neutral,neutral,0,-1.0,9,11475,0,
s40547,LDOUSDT,1790234100000,testA,1,2.05,0.385,3.04,2.79,0.54,1.62,0.87,0.64,0.71,1.29,0,0.43,neutral,neutral,0,-1.0,8,11475,1,
s40548,STBLUSDT,1790235000000,val,1,3.29,0.454,4.81,3.51,4.96,2.8,1.77,1.19,0.79,1.12,0,0.49,neutral,neutral,0,-1.0,4,11477,0,
s40549,ONDOUSDT,1790235000000,val,1,5.35,0.646,5.55,5.42,1.29,4.86,2.63,1.11,0.77,1.14,0,0.49,neutral,alcista,1,2.0,24,11476,3,
s40550,GRTUSDT,1790235000000,testA,1,4.8,0.415,6.66,5.01,0.87,4.31,1.27,1.46,1.34,2.53,0,0.49,neutral,neutral,0,-1.0,8,11476,1,
s40551,LDOUSDT,1790235000000,testA,1,2.34,0.435,3.09,2.93,0.64,1.85,0.91,0.64,0.71,1.29,0,0.49,neutral,alcista,0,-1.0,7,11476,2,
s40552,APEUSDT,1790235000000,testA,1,2.32,0.654,2.86,2.4,0.72,1.83,0.74,0.76,0.75,2.11,0,0.49,neutral,neutral,0,-1.0,8,11476,0,
s40553,STBLUSDT,1790235900000,val,1,2.85,0.369,4.84,2.88,2.72,2.17,1.06,1.19,0.79,1.12,0,0.67,neutral,neutral,0,-1.0,3,11478,0,
s40554,PENDLEUSDT,1790235900000,val,1,2.14,0.442,3.16,2.81,0.59,1.47,0.64,0.59,0.74,1.28,0,0.67,neutral,neutral,0,-1.0,6,11478,1,
s40555,ONDOUSDT,1790235900000,val,1,4.75,0.594,5.79,4.81,1.67,4.08,2.1,1.11,0.77,1.14,0,0.67,neutral,neutral,0,-1.0,11,11477,0,
s40556,FETUSDT,1790235900000,val,1,2.97,0.42,3.28,3.18,0.89,2.29,1.34,0.65,0.61,1.12,0,0.67,neutral,alcista,0,-1.0,6,11477,3,
s40557,GRTUSDT,1790235900000,testA,1,5.22,0.453,6.57,5.07,0.77,4.54,1.32,1.46,1.34,2.53,0,0.67,neutral,alcista,0,-1.0,7,11477,2,
s40558,LDOUSDT,1790235900000,testA,1,2.5,0.478,3.09,2.81,0.82,1.82,0.72,0.64,0.71,1.29,0,0.67,neutral,neutral,0,-1.0,6,11477,0,
s40559,APEUSDT,1790235900000,testA,1,2.45,0.667,2.85,2.72,0.77,1.77,0.99,0.76,0.75,2.11,0,0.67,neutral,neutral,0,-1.0,7,11477,1,
s40560,ONDOUSDT,1790236800000,val,1,3.38,0.463,5.01,3.68,1.67,2.72,1.72,1.28,0.87,1.15,0,0.66,neutral,neutral,0,-1.0,6,11478,0,
s40561,FETUSDT,1790236800000,val,1,3.01,0.424,3.76,3.27,1.04,2.35,1.57,0.8,0.68,1.1,0,0.66,neutral,alcista,0,-1.0,4,11478,4,
s40562,LDOUSDT,1790236800000,testA,1,2.36,0.465,2.61,2.43,1.56,1.7,0.79,0.84,0.73,1.26,0,0.66,neutral,neutral,0,-1.0,3,11478,1,
s40563,APEUSDT,1790236800000,testA,1,2.04,0.517,3.2,2.4,0.84,1.38,0.57,0.77,0.75,2.01,0,0.66,neutral,neutral,0,-1.0,6,11478,0,
s40564,ARBUSDT,1790237700000,val,-1,-2.13,0.466,3.47,3.2,1.57,-1.93,1.43,0.47,0.43,0.71,0,-0.2,neutral,bajista,0,-1.0,24,11480,3,
s40565,INJUSDT,1790237700000,val,-1,-3.87,0.455,6.42,6.26,0.81,-3.67,2.53,1.0,0.79,1.14,0,-0.2,neutral,bajista,0,-1.0,19,11480,2,
s40566,INJUSDT,1790238600000,val,-1,-4.24,0.477,7.13,7.01,0.92,-4.06,2.96,1.0,0.79,1.14,0,-0.18,neutral,bajista,0,-1.0,18,11481,3,
s40567,0GUSDT,1790239500000,val,-1,-3.16,0.407,6.04,4.83,1.5,-2.7,1.83,1.36,1.13,1.93,0,-0.46,neutral,neutral,0,-0.517,32,11482,0,
s40568,STXUSDT,1790239500000,testA,-1,-2.16,0.411,3.94,3.58,2.35,-1.69,1.41,0.43,0.5,0.88,0,-0.46,neutral,bajista,0,-1.0,22,11481,3,
s40569,PUMPUSDT,1790240400000,val,-1,-2.44,0.35,4.63,4.22,2.76,-1.56,2.07,1.01,0.8,1.29,0,-0.88,neutral,neutral,0,-0.146,32,11483,1,
s40570,0GUSDT,1790240400000,val,-1,-4.49,0.592,5.67,5.11,1.48,-3.61,2.22,1.23,1.16,1.8,0,-0.88,neutral,neutral,0,-0.651,32,11483,1,
s40571,WLDUSDT,1790240400000,val,-1,-3.0,0.442,3.58,3.26,2.0,-2.12,1.76,0.9,0.84,1.37,0,-0.88,neutral,neutral,0,-1.0,17,11483,1,
s40572,ENAUSDT,1790240400000,val,-1,-5.56,0.631,6.38,6.16,2.11,-4.69,2.95,0.65,0.54,0.83,0,-0.88,neutral,bajista,0,-1.0,17,11483,7,
s40573,ARBUSDT,1790240400000,val,-1,-2.57,0.412,2.98,2.76,2.13,-1.69,1.63,0.51,0.48,0.72,0,-0.88,neutral,neutral,0,-1.0,18,11483,1,
s40574,OPUSDT,1790240400000,val,-1,-4.42,0.584,5.34,4.9,1.84,-3.54,1.79,0.83,0.68,1.08,0,-0.88,neutral,neutral,0,-1.0,18,11483,1,
s40575,INJUSDT,1790240400000,val,-1,-4.67,0.488,7.41,6.0,1.26,-3.79,1.7,0.97,0.81,1.13,0,-0.88,neutral,neutral,0,-1.0,16,11483,1,
s40576,SUIUSDT,1790240400000,val,-1,-2.48,0.481,2.67,2.65,1.66,-1.6,1.39,0.71,0.62,1.07,0,-0.88,neutral,neutral,0,-1.0,17,11483,1,
s40577,TIAUSDT,1790240400000,val,-1,-4.94,0.48,5.81,5.29,3.02,-4.07,2.63,1.37,1.18,2.01,0,-0.88,neutral,neutral,0,-1.0,20,11483,1,
s40578,SEIUSDT,1790240400000,val,-1,-4.06,0.612,4.79,4.34,4.43,-3.19,1.57,0.91,0.64,0.86,0,-0.88,neutral,neutral,0,-1.0,20,11483,1,
s40579,JUPUSDT,1790240400000,val,-1,-3.52,0.464,4.07,3.72,1.02,-2.64,1.3,0.91,0.78,1.13,0,-0.88,neutral,neutral,0,-1.0,18,11483,1,
s40580,PENDLEUSDT,1790240400000,val,-1,-2.14,0.393,3.09,2.95,2.47,-1.26,1.46,0.66,0.81,1.3,0,-0.88,neutral,bajista,0,-1.0,12,11483,2,
s40581,STXUSDT,1790240400000,testA,-1,-3.91,0.815,4.4,4.27,1.82,-3.04,1.98,0.54,0.53,0.88,0,-0.88,neutral,bajista,0,-1.0,21,11482,4,
s40582,LDOUSDT,1790240400000,testA,-1,-2.51,0.455,3.04,2.83,2.75,-1.63,1.57,1.09,0.82,1.3,0,-0.88,neutral,neutral,0,-1.0,16,11482,1,
s40583,SANDUSDT,1790240400000,testA,-1,-2.03,0.557,2.59,2.24,1.76,-1.15,1.1,0.81,0.87,1.46,0,-0.88,neutral,bajista,0,-1.0,17,11482,4,
s40584,MANAUSDT,1790240400000,testA,-1,-2.47,0.549,2.7,2.58,1.17,-1.59,1.44,0.62,0.6,1.13,0,-0.88,neutral,bajista,0,-1.0,18,11482,4,
s40585,AXSUSDT,1790240400000,testA,-1,-2.38,0.489,2.88,2.84,1.89,-1.51,1.52,0.71,0.65,1.46,0,-0.88,neutral,neutral,0,-1.0,20,11482,1,
s40586,XPLUSDT,1790241300000,val,-1,-2.43,0.392,4.13,3.99,2.64,-1.46,2.05,0.79,0.81,1.55,0,-0.97,neutral,bajista,0,-1.0,19,11484,6,
s40587,PUMPUSDT,1790241300000,val,-1,-2.89,0.39,5.38,4.73,3.93,-1.92,2.27,1.01,0.8,1.29,0,-0.97,neutral,bajista,0,-0.311,32,11484,2,
s40588,0GUSDT,1790241300000,val,-1,-4.77,0.606,5.7,5.58,1.25,-3.8,2.54,1.23,1.16,1.8,0,-0.97,neutral,bajista,0,-0.642,32,11484,2,
s40589,WLDUSDT,1790241300000,val,-1,-2.65,0.41,3.64,3.34,2.04,-1.68,1.67,0.9,0.84,1.37,0,-0.97,neutral,bajista,0,-1.0,16,11484,2,
s40590,ENAUSDT,1790241300000,val,-1,-4.95,0.569,6.61,5.76,2.09,-3.98,2.48,0.65,0.54,0.83,0,-0.97,neutral,neutral,0,-1.0,16,11484,0,
s40591,OPUSDT,1790241300000,val,-1,-3.79,0.545,4.4,4.16,1.72,-2.82,1.8,0.83,0.68,1.08,0,-0.97,neutral,bajista,0,-1.0,16,11484,2,
s40592,INJUSDT,1790241300000,val,-1,-4.61,0.48,6.53,4.98,1.14,-3.64,1.37,0.97,0.81,1.13,0,-0.97,neutral,neutral,0,-1.0,15,11484,0,
s40593,SUIUSDT,1790241300000,val,-1,-2.54,0.486,3.16,3.0,1.69,-1.57,1.6,0.71,0.62,1.07,0,-0.97,neutral,bajista,0,-1.0,16,11484,2,
s40594,TIAUSDT,1790241300000,val,-1,-4.84,0.472,6.65,6.1,2.89,-3.87,3.14,1.37,1.18,2.01,0,-0.97,neutral,bajista,0,-1.0,19,11484,2,
s40595,SEIUSDT,1790241300000,val,-1,-4.08,0.611,4.38,4.33,4.47,-3.12,2.27,0.91,0.64,0.86,0,-0.97,neutral,bajista,0,-1.0,18,11484,2,
s40596,JUPUSDT,1790241300000,val,-1,-3.48,0.459,3.74,3.6,0.94,-2.51,1.76,0.91,0.78,1.13,0,-0.97,neutral,bajista,0,-1.0,15,11484,2,
s40597,PENDLEUSDT,1790241300000,val,-1,-2.44,0.425,3.69,3.37,3.13,-1.47,1.71,0.66,0.81,1.3,0,-0.97,neutral,bajista,0,-1.0,11,11484,3,
s40598,STXUSDT,1790241300000,testA,-1,-3.73,0.807,4.38,4.05,2.08,-2.77,1.89,0.54,0.53,0.88,0,-0.97,neutral,bajista,0,-1.0,20,11483,5,
s40599,LDOUSDT,1790241300000,testA,-1,-2.77,0.478,3.36,3.23,2.61,-1.8,1.79,1.09,0.82,1.3,0,-0.97,neutral,bajista,0,-1.0,15,11483,2,
s40600,SANDUSDT,1790241300000,testA,-1,-2.47,0.605,2.71,2.68,1.97,-1.5,1.51,0.81,0.87,1.46,0,-0.97,neutral,bajista,0,-1.0,16,11483,5,
s40601,MANAUSDT,1790241300000,testA,-1,-2.58,0.559,2.85,2.76,1.42,-1.61,1.56,0.62,0.6,1.13,0,-0.97,neutral,bajista,0,-1.0,17,11483,5,
s40602,AXSUSDT,1790241300000,testA,-1,-2.69,0.519,3.41,3.31,1.97,-1.72,1.78,0.71,0.65,1.46,0,-0.97,neutral,bajista,0,-1.0,19,11483,2,
s40603,ASTERUSDT,1790242200000,val,-1,-2.02,0.463,3.84,2.93,1.99,-0.79,1.38,0.94,0.79,1.46,0,-1.24,neutral,bajista,0,-1.0,20,11485,3,
s40604,XPLUSDT,1790242200000,val,-1,-2.9,0.436,5.3,4.47,2.89,-1.66,2.33,0.79,0.81,1.55,0,-1.24,neutral,bajista,0,-1.0,18,11485,7,
s40605,PUMPUSDT,1790242200000,val,-1,-2.8,0.381,5.7,4.95,3.78,-1.56,2.31,1.01,0.8,1.29,0,-1.24,neutral,bajista,0,-0.288,32,11485,3,
s40606,0GUSDT,1790242200000,val,-1,-4.74,0.604,6.85,5.71,1.12,-3.5,2.55,1.23,1.16,1.8,0,-1.24,neutral,bajista,0,-0.586,32,11485,3,
s40607,WLDUSDT,1790242200000,val,-1,-2.85,0.428,4.3,3.8,2.12,-1.61,2.04,0.9,0.84,1.37,0,-1.24,neutral,bajista,0,-1.0,15,11485,3,
s40608,ENAUSDT,1790242200000,val,-1,-4.93,0.567,6.52,5.61,1.93,-3.69,2.34,0.65,0.54,0.83,0,-1.24,neutral,neutral,0,-1.0,14,11485,0,
s40609,ARBUSDT,1790242200000,val,-1,-2.64,0.388,3.15,2.93,1.57,-1.4,1.63,0.51,0.48,0.72,0,-1.24,neutral,neutral,0,-1.0,16,11485,1,
s40610,OPUSDT,1790242200000,val,-1,-3.5,0.523,5.13,3.98,2.19,-2.27,2.12,0.83,0.68,1.08,0,-1.24,neutral,bajista,0,-1.0,14,11485,3,
s40611,SUIUSDT,1790242200000,val,-1,-2.86,0.516,3.88,3.41,1.95,-1.63,1.88,0.71,0.62,1.07,0,-1.24,neutral,bajista,0,-1.0,15,11485,3,
s40612,TIAUSDT,1790242200000,val,-1,-4.49,0.452,6.9,6.24,2.3,-3.25,3.07,1.37,1.18,2.01,0,-1.24,neutral,bajista,0,-1.0,18,11485,3,
s40613,SEIUSDT,1790242200000,val,-1,-4.27,0.62,5.3,4.75,4.58,-3.03,2.61,0.91,0.64,0.86,0,-1.24,neutral,bajista,0,-1.0,16,11485,3,
s40614,JUPUSDT,1790242200000,val,-1,-2.36,0.362,5.08,4.16,1.53,-1.13,2.33,0.91,0.78,1.13,0,-1.24,neutral,bajista,0,-1.0,14,11485,3,
s40615,ARUSDT,1790242200000,testA,-1,-2.8,0.421,3.7,3.09,2.39,-1.56,1.51,0.22,0.23,0.52,0,-1.24,neutral,bajista,0,-1.0,6,11484,8,
s40616,STXUSDT,1790242200000,testA,-1,-3.43,0.793,4.58,3.78,2.66,-2.19,1.8,0.54,0.53,0.88,0,-1.24,neutral,bajista,0,-1.0,19,11484,6,
s40617,GRTUSDT,1790242200000,testA,-1,-4.82,0.424,7.09,6.93,0.87,-3.58,3.1,1.74,1.41,2.41,0,-1.24,neutral,bajista,0,-1.0,28,11484,7,
s40618,LDOUSDT,1790242200000,testA,-1,-2.9,0.489,4.28,3.69,3.26,-1.66,2.12,1.09,0.82,1.3,0,-1.24,neutral,bajista,0,-1.0,14,11484,3,
s40619,SANDUSDT,1790242200000,testA,-1,-2.38,0.595,3.54,2.86,2.23,-1.14,1.62,0.81,0.87,1.46,0,-1.24,neutral,bajista,0,-1.0,15,11484,6,
s40620,MANAUSDT,1790242200000,testA,-1,-2.35,0.535,3.47,2.84,1.44,-1.12,1.64,0.62,0.6,1.13,0,-1.24,neutral,bajista,0,-1.0,16,11484,6,
s40621,AXSUSDT,1790242200000,testA,-1,-2.85,0.534,4.26,3.52,2.42,-1.62,1.89,0.71,0.65,1.46,0,-1.24,neutral,bajista,0,-1.0,18,11484,3,
s40622,APEUSDT,1790242200000,testA,-1,-2.27,0.531,4.03,3.34,2.42,-1.03,1.65,0.95,0.85,2.01,0,-1.24,neutral,bajista,0,-1.0,19,11484,3,
s40623,PUMPUSDT,1790243100000,val,-1,-2.93,0.392,6.06,5.39,2.94,-2.09,2.47,1.01,0.8,1.29,0,-0.84,neutral,bajista,0,-0.3,32,11486,4,
s40624,0GUSDT,1790243100000,val,-1,-4.82,0.608,6.86,5.8,0.79,-3.98,2.49,1.23,1.16,1.8,0,-0.84,neutral,bajista,0,-0.549,32,11486,4,
s40625,WLDUSDT,1790243100000,val,-1,-2.37,0.371,4.29,3.7,1.46,-1.53,1.82,0.9,0.84,1.37,0,-0.84,neutral,neutral,0,-1.0,14,11486,0,
s40626,ENAUSDT,1790243100000,val,-1,-4.71,0.553,6.49,6.41,1.62,-3.87,3.08,0.65,0.54,0.83,0,-0.84,neutral,neutral,0,-1.0,13,11486,1,
s40627,ARBUSDT,1790243100000,val,-1,-2.77,0.398,3.82,3.51,1.67,-1.92,1.96,0.51,0.48,0.72,0,-0.84,neutral,bajista,0,-1.0,15,11486,2,
s40628,OPUSDT,1790243100000,val,-1,-2.65,0.418,4.93,3.54,1.8,-1.81,1.9,0.83,0.68,1.08,0,-0.84,neutral,neutral,0,-1.0,13,11486,0,
s40629,SUIUSDT,1790243100000,val,-1,-2.08,0.41,3.88,3.25,1.75,-1.24,1.67,0.71,0.62,1.07,0,-0.84,neutral,neutral,0,-1.0,14,11486,0,
s40630,TIAUSDT,1790243100000,val,-1,-3.76,0.407,6.91,6.27,2.13,-2.92,3.07,1.37,1.18,2.01,0,-0.84,neutral,neutral,0,-1.0,17,11486,0,
s40631,SEIUSDT,1790243100000,val,-1,-3.82,0.593,5.13,4.73,4.13,-2.98,2.67,0.91,0.64,0.86,0,-0.84,neutral,bajista,0,-1.0,15,11486,4,
s40632,STXUSDT,1790243100000,testA,-1,-2.67,0.606,4.36,3.14,1.91,-1.83,1.39,0.54,0.53,0.88,0,-0.84,neutral,neutral,0,-1.0,18,11485,0,
s40633,LDOUSDT,1790243100000,testA,-1,-2.28,0.395,4.27,3.45,2.04,-1.44,1.81,1.09,0.82,1.3,0,-0.84,neutral,neutral,0,-1.0,13,11485,0,
s40634,SANDUSDT,1790243100000,testA,-1,-2.04,0.509,3.54,2.68,1.9,-1.2,1.37,0.81,0.87,1.46,0,-0.84,neutral,neutral,0,-1.0,14,11485,0,
s40635,MANAUSDT,1790243100000,testA,-1,-2.11,0.465,3.46,2.64,1.29,-1.26,1.34,0.62,0.6,1.13,0,-0.84,neutral,neutral,0,-1.0,15,11485,0,
s40636,AXSUSDT,1790243100000,testA,-1,-2.58,0.508,4.26,3.55,1.95,-1.73,1.79,0.71,0.65,1.46,0,-0.84,neutral,neutral,0,-1.0,17,11485,0,
s40637,STXUSDT,1790244000000,testA,-1,-2.47,0.538,4.18,2.53,2.45,-1.48,0.83,0.67,0.58,0.87,0,-0.99,neutral,neutral,0,-1.0,14,11486,0,
s40638,GRTUSDT,1790244000000,testA,-1,-4.03,0.359,8.07,7.54,0.88,-3.04,3.21,1.76,1.42,2.32,0,-0.99,neutral,neutral,0,-1.0,26,11486,1,
s40639,SANDUSDT,1790244000000,testA,-1,-2.13,0.547,3.53,2.63,1.74,-1.15,1.18,0.85,0.88,1.43,0,-0.99,neutral,neutral,0,-1.0,13,11486,0,
s40640,MANAUSDT,1790244000000,testA,-1,-2.37,0.559,3.46,2.6,1.18,-1.39,1.16,0.62,0.59,1.12,0,-0.99,neutral,neutral,0,-1.0,14,11486,0,
s40641,AXSUSDT,1790244000000,testA,-1,-3.37,0.637,4.4,4.1,2.34,-2.38,2.08,0.8,0.69,1.45,0,-0.99,neutral,neutral,0,-1.0,16,11486,1,
s40642,APEUSDT,1790244000000,testA,-1,-2.27,0.531,4.03,3.34,2.13,-1.28,1.42,0.94,0.86,1.96,0,-0.99,neutral,neutral,0,-1.0,17,11486,1,
